0	0	0	0	0	0	0	0	0	0	0	0	0	0	0	0	0	0
50	1	2	2	2	1	2	2	2	1	1	1	2	1	2	1	3	7
100	4	3	4	3	2	5	4	3	1	5	3	4	3	6	6	4	24
150	5	5	6	5	4	7	5	4	4	6	3	6	3	7	6	6	31
200	7	6	6	6	5	7	6	7	5	7	5	8	4	7	8	6	36
250	8	6	9	7	7	7	7	7	6	7	7	9	5	7	9	8	44
300	10	6	11	7	7	8	8	9	7	9	8	8	6	8	9	8	46
350	10	7	11	7	7	9	8	9	7	9	8	7	7	9	9	8	48
400	12	7	11	7	7	9	9	11	7	9	10	8	7	10	9	9	56
450	13	7	11	7	8	9	10	11	8	9	11	8	9	10	9	12	60
500	14	9	11	7	8	11	11	12	8	10	11	8	10	11	9	14	65
550	14	9	13	8	8	11	12	13	9	10	11	8	10	11	9	14	66
600	15	9	13	8	8	12	12	13	9	11	12	8	12	12	9	15	69
650	15	9	13	8	9	12	13	14	9	11	12	9	13	14	9	15	71
700	15	9	14	9	10	12	13	14	11	11	14	9	13	14	9	16	80
750	15	9	14	9	10	12	13	14	11	11	14	9	13	14	9	17	81
800	15	10	14	9	10	12	13	14	11	11	14	9	13	16	9	17	82
850	15	10	14	9	10	12	13	14	11	11	14	9	13	17	9	17	81
900	15	11	14	9	10	12	13	14	11	11	14	9	13	17	9	17	81
950	15	11	14	9	10	12	13	14	12	11	15	9	13	17	9	17	79
1000	15	11	15	9	10	12	13	14	12	11	15	9	13	17	9	17	80
1050	15	11	15	10	10	12	13	14	13	11	15	9	13	17	9	17	81
1100	15	11	16	10	11	12	13	14	13	11	15	9	13	17	9	17	82
1150	15	11	16	11	11	12	13	14	13	11	15	9	13	17	9	16	80
1200	15	11	16	11	12	12	13	14	13	11	15	10	13	17	9	16	80
1250	15	11	16	11	12	12	13	14	13	11	15	10	13	17	9	16	80
1300	15	11	16	11	12	12	13	14	14	11	15	10	13	17	9	16	81
1350	15	11	16	11	12	11	13	14	14	11	15	10	13	17	9	16	81
1400	16	11	16	11	12	11	13	14	14	11	15	10	13	17	9	16	81
1450	16	11	16	11	12	11	13	14	14	11	15	10	13	17	8	16	79
1500	16	11	16	11	13	11	13	14	14	11	15	10	13	17	8	16	78
1550	16	12	16	11	13	11	13	14	14	11	15	10	13	17	8	16	78
1600	16	12	16	11	14	11	13	14	14	11	15	10	13	17	8	16	77
1650	16	12	16	11	14	11	13	14	14	11	15	10	13	17	8	16	76
1700	16	13	16	11	14	11	13	14	14	11	15	10	13	17	8	16	78
1750	16	13	16	11	14	11	14	14	14	11	15	10	13	17	8	16	78
1800	17	13	16	11	14	11	15	14	14	11	14	10	13	17	8	16	80
1850	17	13	16	11	14	11	15	14	14	11	14	10	13	17	9	16	81
1900	17	13	16	11	14	11	15	14	14	11	14	10	13	17	9	16	80
1950	17	14	16	11	14	11	15	14	14	11	14	10	13	17	9	16	80
2000	17	14	16	11	14	12	15	14	14	11	14	10	13	17	9	16	80
2050	17	14	16	11	14	13	17	14	14	11	14	10	13	17	9	16	82
2100	18	14	16	11	14	14	17	14	14	11	14	10	13	17	9	16	82
2150	19	15	16	11	14	16	17	14	14	11	14	10	13	17	9	16	84
2200	19	15	16	11	14	16	18	14	14	12	14	10	13	17	9	15	83
2250	19	15	16	11	14	16	18	14	14	12	14	10	13	17	9	15	83
2300	19	15	16	11	14	16	18	14	14	12	14	10	13	17	9	15	83
2350	19	16	16	11	14	16	18	15	14	12	14	10	12	17	9	15	84
2400	19	17	16	11	14	16	18	15	14	12	14	10	12	17	9	15	83
2450	19	17	16	11	14	16	18	16	14	13	14	10	12	17	9	15	85
2500	19	17	16	12	14	16	18	16	14	14	14	10	12	17	9	15	84
2550	20	17	16	12	14	16	18	16	14	14	14	11	12	17	10	15	85
2600	20	17	16	12	14	17	18	17	14	14	14	11	13	17	11	15	86
2650	20	17	16	12	14	17	18	19	14	15	14	11	13	17	12	15	90
2700	20	17	16	12	14	17	18	19	14	16	14	12	13	17	12	16	92
2750	20	17	16	12	14	18	18	19	14	16	14	12	13	17	12	16	92
2800	20	17	16	12	14	18	18	20	14	17	14	12	13	17	12	16	95
2850	20	17	16	12	14	18	18	19	14	18	14	12	13	17	12	16	94
2900	20	17	16	12	14	18	18	19	14	18	14	12	13	17	13	16	92
2950	20	17	16	12	14	18	18	19	14	18	14	12	13	17	14	16	93
3000	20	17	16	12	14	18	18	20	14	18	14	12	14	16	14	16	93
3050	20	17	16	12	14	19	18	21	14	18	14	12	14	16	14	16	95
3100	20	17	16	12	14	19	18	21	14	18	14	12	15	16	15	16	96
3150	20	17	16	12	14	19	18	21	14	18	14	12	15	17	14	16	96
3200	20	17	16	12	14	19	18	21	14	18	14	12	15	17	14	16	96
3250	20	17	16	13	14	20	18	21	14	18	14	12	15	17	14	16	97
3300	20	17	16	13	14	21	18	22	14	18	14	12	15	17	16	17	99
3350	20	17	16	13	14	21	18	23	14	19	14	12	15	17	16	17	99
3400	20	17	16	13	14	22	18	23	14	19	14	12	16	17	16	17	100
3450	20	17	16	13	14	22	18	23	15	19	14	12	16	17	17	17	99
3500	20	17	16	13	15	22	18	23	15	19	14	12	17	17	17	17	99
3550	20	17	16	13	15	23	18	24	16	20	14	12	17	17	17	17	102
3600	20	17	16	13	15	24	18	24	16	20	14	12	17	17	17	17	103
3650	20	17	16	13	16	24	18	24	16	20	14	12	17	17	17	17	103
3700	20	17	16	13	16	24	18	24	17	20	14	12	17	17	17	17	104
3750	21	17	16	13	16	24	18	24	18	20	14	12	18	18	17	18	109
3800	21	17	16	13	16	24	18	24	18	20	14	13	18	19	17	17	110
3850	21	17	16	13	16	24	18	25	18	20	14	13	17	20	17	17	113
3900	21	17	16	13	16	24	18	25	19	20	14	13	17	20	17	17	114
3950	21	17	16	13	16	25	18	25	17	20	14	13	17	20	18	18	115
4000	21	17	16	13	16	26	18	25	17	20	14	13	17	20	20	18	116
4050	21	17	16	13	16	27	18	25	17	20	14	13	17	20	20	18	117
4100	21	17	16	13	17	27	18	25	17	20	14	13	17	20	21	19	120
4150	21	17	16	13	17	27	18	25	17	20	14	13	17	20	21	19	121
4200	21	17	16	13	17	27	18	25	18	20	14	13	18	20	21	19	121
4250	21	17	16	13	17	27	18	25	18	20	14	14	18	20	21	19	122
4300	21	17	16	13	17	27	18	25	18	20	14	14	18	20	21	19	122
4350	21	17	16	13	17	27	18	25	19	20	14	14	18	20	21	19	122
4400	21	17	16	13	17	25	18	24	21	21	14	14	18	20	23	20	125
4450	21	16	16	13	17	25	18	24	21	22	14	14	18	20	23	21	126
4500	21	16	16	14	17	25	18	23	21	22	14	14	18	20	23	21	126
4550	21	16	16	14	17	25	18	23	20	22	14	14	18	20	23	21	126
4600	21	17	16	15	17	25	18	23	20	22	14	14	19	21	23	21	127
4650	21	17	16	15	17	25	18	21	22	23	14	15	19	21	23	22	131
4700	21	17	16	16	17	25	18	21	22	23	14	15	19	21	23	22	132
4750	21	17	16	16	17	25	18	21	22	23	14	15	19	21	23	22	132
4800	21	17	16	16	17	25	18	21	22	21	14	15	20	21	23	22	133
4850	21	17	16	17	17	25	18	21	22	22	14	15	20	21	23	22	135
4900	21	16	16	17	17	25	18	21	22	22	14	15	20	21	23	22	135
4950	21	16	16	17	17	25	18	21	22	23	14	16	20	21	23	22	135
5000	21	16	16	17	17	25	18	21	22	23	14	16	20	21	23	22	135
5050	21	16	16	17	17	25	18	21	23	23	14	16	20	21	23	22	136
5100	21	16	16	17	17	25	18	19	23	23	14	16	20	21	23	22	133
5150	21	16	16	17	17	25	18	19	23	24	14	16	20	22	23	22	136
5200	21	17	16	17	17	25	18	19	23	25	14	16	19	21	23	23	136
5250	21	17	16	17	17	25	18	18	23	25	15	16	19	21	23	24	136
5300	21	17	16	17	17	24	18	18	23	25	15	16	19	21	23	24	135
5350	21	17	16	19	17	24	18	18	24	25	15	16	20	21	23	24	137
5400	20	19	16	19	17	24	18	18	24	24	15	16	20	22	23	24	137
5450	20	19	17	19	17	24	18	18	25	24	15	16	20	22	23	24	139
5500	20	19	18	20	17	24	18	18	26	25	15	16	20	21	23	24	140
5550	20	19	18	20	17	24	18	18	26	25	15	16	20	21	23	23	139
5600	20	19	18	22	18	24	18	18	26	26	15	16	20	21	23	23	140
5650	20	19	18	23	18	24	18	18	26	26	15	16	20	22	23	23	140
5700	20	19	18	24	18	24	18	18	26	26	15	16	20	22	23	23	140
5750	20	20	18	24	18	24	17	18	28	26	15	16	20	23	23	23	143
5800	20	20	17	24	18	24	17	18	28	26	15	16	20	23	23	23	142
5850	20	20	17	25	18	24	17	18	28	26	15	16	20	24	23	23	143
5900	20	20	18	25	18	24	17	18	28	26	15	16	19	24	22	23	144
5950	20	20	17	26	18	24	17	18	28	26	15	16	19	24	22	23	143
6000	20	20	18	26	18	24	17	18	29	26	15	16	20	24	22	23	146
6050	20	20	18	27	18	24	17	18	31	27	15	16	20	25	22	23	149
6100	20	20	19	27	18	24	17	18	31	28	15	16	20	25	22	23	150
6150	20	20	19	27	18	24	17	18	31	28	15	16	20	25	22	23	150
6200	20	20	19	27	18	24	17	18	28	28	15	16	20	25	22	23	149
6250	20	20	19	27	17	24	17	18	28	28	15	16	20	25	22	23	150
6300	20	20	19	26	17	23	17	18	28	28	15	16	20	26	22	23	150
6350	20	20	19	26	17	23	17	18	29	28	15	16	20	26	22	23	151
6400	20	20	19	25	18	23	17	17	29	28	15	16	20	26	22	23	151
6450	20	20	19	25	18	23	17	17	29	28	15	16	20	26	22	23	151
6500	20	20	19	25	18	23	17	17	29	28	15	16	20	26	22	23	151
6550	20	20	19	24	18	24	17	17	29	28	15	16	20	26	22	23	149
6600	20	20	19	24	18	24	17	17	29	28	15	16	20	26	22	23	149
6650	20	20	19	24	18	24	17	16	30	28	15	16	20	26	22	23	148
6700	19	20	19	25	18	24	17	16	30	28	15	16	20	26	22	23	149
6750	19	20	19	25	18	24	17	16	30	28	15	16	20	26	22	23	149
6800	19	20	20	25	18	23	16	16	30	28	15	16	20	26	22	23	148
6850	19	20	20	25	18	23	16	16	30	28	15	16	20	26	22	23	148
6900	19	20	20	25	18	23	16	16	30	28	15	16	20	26	22	22	147
6950	19	20	20	25	18	24	16	16	30	28	15	16	20	26	22	21	149
7000	19	20	20	25	18	25	16	16	30	28	15	16	20	26	22	21	149
7050	19	20	20	25	18	25	16	16	30	28	15	16	20	26	22	21	148
7100	19	20	20	25	18	26	15	16	30	28	15	16	20	26	22	21	148
7150	19	20	21	26	18	26	15	16	30	28	15	16	20	26	22	21	151
7200	19	20	21	26	18	26	15	16	30	27	15	16	20	26	22	21	150
7250	19	19	21	25	18	26	15	16	30	27	15	16	19	26	22	21	149
7300	19	20	21	26	18	26	15	16	30	29	15	16	19	26	22	21	149
7350	19	20	21	27	18	26	15	16	29	29	15	16	19	26	22	21	150
7400	19	20	21	27	18	26	15	16	29	29	15	16	19	26	22	21	150
7450	19	19	21	27	18	25	15	16	29	30	15	16	20	26	22	21	150
7500	19	19	21	26	17	25	15	16	29	31	15	16	20	26	22	21	150
7550	19	19	21	27	17	26	15	16	28	31	15	16	20	26	22	21	149
7600	19	19	21	29	17	27	15	16	28	30	15	16	20	26	22	21	151
7650	19	19	21	29	17	27	15	16	28	30	15	16	20	26	22	21	152
7700	20	19	21	29	17	29	15	16	28	30	15	16	20	26	22	22	155
7750	20	19	21	29	17	29	15	16	29	28	15	16	20	26	22	22	156
7800	20	19	21	30	17	28	15	16	29	28	15	16	21	26	22	22	158
7850	20	19	21	30	17	29	15	16	29	29	15	16	21	26	21	22	158
7900	20	19	21	30	17	29	15	16	29	29	15	16	21	26	21	21	158
7950	20	19	20	30	17	29	15	16	29	29	15	16	21	26	21	21	159
8000	20	19	21	30	18	29	15	16	29	29	15	16	21	26	21	22	160
8050	20	19	21	30	18	30	15	16	29	29	15	16	21	26	21	22	160
8100	20	19	21	30	18	30	15	16	29	30	15	16	21	26	21	22	160
8150	20	19	21	30	18	29	15	16	29	31	15	16	20	26	21	23	161
8200	20	19	21	30	18	29	15	16	29	31	15	16	21	26	21	23	161
8250	20	19	21	30	19	29	15	16	30	31	15	16	22	26	21	23	164
8300	19	19	21	30	19	30	15	16	30	31	15	16	22	26	21	23	165
8350	19	19	21	29	19	30	15	16	30	31	15	16	22	26	21	22	164
8400	19	19	22	29	19	30	15	16	29	32	15	16	23	26	21	22	166
8450	19	20	23	29	19	31	15	16	29	32	15	16	23	25	21	22	167
8500	19	20	23	28	19	31	15	16	29	32	16	16	23	25	21	22	166
8550	19	20	23	28	19	31	15	16	28	32	17	16	23	24	21	22	165
8600	19	20	24	28	19	31	15	16	28	33	17	16	23	24	21	22	166
8650	19	20	24	28	19	31	15	15	28	33	18	16	23	24	21	22	166
8700	19	20	24	28	21	31	15	15	28	32	18	16	22	24	21	22	168
8750	19	19	24	28	21	31	15	15	28	32	18	16	22	24	21	22	167
8800	19	19	24	26	21	31	14	16	28	32	18	16	22	24	21	22	164
8850	19	19	24	26	21	31	13	16	28	32	20	16	22	24	21	22	164
8900	19	20	24	26	21	31	13	16	28	32	20	16	23	25	21	22	166
8950	19	20	24	26	21	31	13	16	28	33	21	16	23	25	20	22	169
9000	19	20	24	25	21	31	13	16	28	33	21	16	23	25	20	22	168
9050	19	21	25	25	21	31	13	16	28	33	21	16	23	25	20	22	170
9100	19	22	25	25	21	31	13	16	28	33	22	16	23	25	20	22	172
9150	19	23	25	25	20	31	13	16	28	33	22	16	23	24	20	22	172
9200	19	23	25	25	21	31	13	16	28	33	23	16	23	24	20	22	171
9250	19	23	25	25	21	31	13	16	28	34	24	15	23	24	20	22	172
9300	18	22	25	25	21	32	13	16	28	34	25	15	23	24	20	22	170
9350	18	22	25	25	21	32	13	16	28	34	25	15	23	24	20	22	170
9400	18	22	25	24	21	32	14	16	27	34	25	15	23	24	20	22	168
9450	18	22	25	23	21	32	14	16	27	34	25	15	23	24	20	22	169
9500	18	22	25	22	21	32	14	16	27	34	25	15	23	24	20	22	168
9550	18	22	25	21	21	32	14	16	27	34	25	15	23	24	20	22	167
9600	18	22	25	21	21	32	15	16	27	34	25	15	23	24	20	22	167
9650	18	22	25	21	21	31	15	16	27	35	25	15	23	24	20	22	167
9700	18	22	25	21	21	31	15	16	27	35	25	15	23	25	20	22	168
9750	18	22	26	21	21	31	15	16	27	35	25	15	23	25	20	22	169
9800	18	22	26	21	22	31	15	16	27	35	25	15	23	25	20	22	169
9850	18	22	26	21	22	32	15	16	27	35	25	15	23	25	20	22	170
9900	18	22	26	21	22	31	16	16	27	35	25	15	23	25	20	22	171
9950	18	22	27	21	22	32	19	16	27	35	25	15	23	25	20	22	174
10000	18	22	27	21	22	32	19	16	27	35	25	15	23	25	20	22	171
10050	18	22	27	21	23	32	22	16	27	35	25	15	24	25	20	22	174
10100	18	22	27	21	23	32	23	16	27	35	25	16	24	25	20	22	174
10150	18	22	27	21	23	32	23	16	27	35	25	16	24	25	20	22	174
10200	18	22	27	21	23	30	24	16	27	35	25	18	24	25	20	22	175
10250	18	22	27	21	22	30	24	16	27	35	25	18	24	25	20	22	174
10300	18	22	27	21	22	30	26	16	27	35	25	18	25	26	20	22	175
10350	18	22	27	21	22	30	27	16	27	36	26	18	25	25	20	22	176
10400	18	22	27	21	23	30	27	16	27	36	26	18	25	25	20	22	178
10450	18	22	28	21	23	30	27	16	27	36	26	19	25	25	20	22	179
10500	18	22	29	21	23	30	26	16	26	36	26	19	25	26	20	22	180
10550	18	22	29	21	24	29	27	16	27	36	26	19	25	27	20	22	182
10600	18	23	29	21	24	28	27	16	28	37	26	19	25	27	20	22	185
10650	18	23	29	22	24	28	26	16	28	37	26	19	25	28	20	22	182
10700	18	23	29	22	24	28	26	16	29	37	27	19	25	29	20	22	183
10750	18	23	29	22	24	27	26	16	29	37	27	19	25	30	20	22	184
10800	18	23	29	22	24	27	26	16	31	37	27	19	23	31	20	22	182
10850	18	23	29	22	25	27	27	16	30	37	27	19	23	29	20	22	184
10900	18	23	29	22	25	27	27	16	30	36	27	19	23	28	20	22	181
10950	18	23	29	22	26	27	28	16	30	36	27	19	23	29	20	22	185
11000	18	23	28	23	26	27	26	16	30	36	27	19	23	29	20	22	185
11050	18	23	28	23	26	27	26	16	30	36	27	19	23	28	20	22	184
11100	18	23	28	23	26	27	26	16	30	36	27	18	23	28	20	22	184
11150	18	23	28	23	26	27	25	16	31	34	27	19	23	29	20	22	184
11200	18	23	28	23	26	27	25	16	31	34	27	19	23	29	20	22	183
11250	18	23	27	23	26	27	25	16	31	34	27	19	23	30	20	22	183
11300	19	23	27	24	26	27	25	16	32	34	26	19	23	30	20	22	184
11350	19	23	27	24	26	27	25	16	31	34	26	19	23	30	20	22	182
11400	19	23	27	24	26	27	25	16	31	34	26	19	23	30	20	22	182
11450	19	23	27	24	26	27	27	16	31	33	26	19	23	30	20	22	183
11500	20	23	27	23	27	27	28	16	31	33	25	19	23	31	20	21	184
11550	20	23	27	23	27	27	27	15	31	33	25	19	23	32	20	21	182
11600	20	23	27	25	27	27	27	15	31	33	25	19	23	32	20	20	182
11650	20	23	27	26	27	27	27	15	31	32	26	19	23	32	20	20	183
11700	20	23	27	26	27	27	27	15	31	32	26	19	23	32	20	20	183
11750	20	23	27	26	27	27	27	15	31	32	26	19	23	33	20	20	184
11800	21	23	27	26	27	27	27	15	31	32	26	19	23	33	20	20	185
11850	22	23	27	24	27	27	26	16	31	32	26	19	23	33	20	20	182
11900	22	22	27	24	27	27	26	16	30	32	26	18	23	33	20	20	181
11950	22	22	27	24	27	27	26	16	30	32	26	16	23	33	20	20	180
12000	22	22	27	24	27	27	26	16	30	32	26	16	23	32	20	20	180
12050	22	21	27	24	28	27	25	15	30	32	27	16	23	32	20	20	177
12100	22	21	27	24	28	27	25	15	30	32	27	16	23	30	20	20	177
12150	22	21	27	24	28	27	25	15	30	32	27	16	23	31	20	21	178
12200	22	21	27	24	27	27	25	15	29	32	27	17	23	31	20	21	178
12250	22	21	27	24	27	27	25	15	29	32	27	17	23	30	20	20	178
12300	22	21	27	25	28	27	24	16	29	32	27	17	23	30	20	20	179
12350	22	21	27	25	27	27	25	16	28	33	27	17	23	30	20	20	180
12400	22	21	26	25	28	27	25	16	28	33	27	17	23	31	20	20	180
12450	22	21	26	25	27	27	25	17	28	33	26	17	23	31	20	20	177
12500	22	21	26	25	26	27	25	17	28	33	26	17	23	31	20	20	178
12550	22	21	26	25	28	27	25	17	29	32	26	17	23	31	20	20	177
12600	22	21	27	25	28	27	25	18	29	32	27	17	23	31	20	20	178
12650	22	21	27	25	29	27	25	18	29	32	27	17	23	31	19	19	178
12700	22	21	27	25	29	27	25	18	28	30	27	17	23	31	19	19	177
12750	22	21	27	25	29	27	25	18	28	30	27	17	23	31	19	19	178
12800	22	21	25	24	29	27	25	19	28	31	27	17	23	32	19	19	176
12850	22	21	25	24	28	27	25	19	28	30	27	17	23	33	19	19	178
12900	22	21	25	24	29	27	25	20	28	29	27	17	23	33	19	19	179
12950	22	20	25	24	29	27	25	20	28	29	27	17	23	35	19	19	179
13000	22	20	25	24	30	27	25	20	28	30	27	17	23	35	19	19	181
13050	22	20	25	24	31	27	25	20	28	30	27	17	23	35	19	19	181
13100	22	20	25	23	31	27	25	20	28	30	27	17	23	35	19	19	181
13150	22	20	25	23	31	27	25	20	27	30	27	17	23	36	19	19	180
13200	22	20	25	23	31	27	25	21	27	31	27	17	23	36	19	19	180
13250	22	20	25	23	31	27	25	21	27	31	27	17	23	36	19	19	180
13300	22	20	25	23	31	27	25	21	27	31	27	16	23	36	19	19	181
13350	22	20	26	22	32	27	25	21	27	30	27	17	23	36	19	19	179
13400	21	20	26	21	32	27	25	22	26	30	27	17	23	36	19	19	176
13450	21	20	26	20	32	27	24	22	26	30	27	17	23	36	19	19	175
13500	21	20	26	20	33	27	24	22	26	30	26	17	23	36	19	19	173
13550	21	20	26	19	33	27	24	22	26	30	26	17	23	36	19	19	174
13600	21	20	25	18	33	27	24	22	26	29	26	17	23	36	18	19	172
13650	21	20	25	18	33	27	24	22	25	29	25	18	23	37	18	19	173
13700	21	20	25	18	33	27	24	23	24	30	25	18	23	36	18	19	174
13750	21	20	25	18	33	27	24	23	24	30	25	18	22	35	17	19	173
13800	21	20	25	18	32	27	24	23	24	30	25	19	22	35	17	19	175
13850	21	20	24	18	32	27	24	23	24	30	25	20	22	35	17	19	174
13900	21	19	24	19	31	27	23	23	24	30	25	20	22	36	17	19	170
13950	21	19	24	19	31	27	22	23	24	30	25	22	22	36	17	19	171
14000	21	19	24	19	32	27	22	23	24	30	25	22	22	37	17	19	172
14050	21	19	24	19	32	27	22	23	24	30	25	22	21	37	17	19	172
14100	21	19	24	19	32	27	22	23	24	30	25	22	21	37	17	19	171
14150	21	19	24	19	31	27	22	23	24	30	25	22	21	37	17	19	170
14200	21	19	24	19	31	27	22	23	24	31	25	22	21	37	17	19	171
14250	21	19	24	18	30	27	22	23	24	31	25	22	21	37	17	19	169
14300	21	19	24	18	30	27	21	23	24	30	25	22	21	38	17	19	168
14350	21	20	24	18	30	27	21	23	24	30	25	22	21	39	17	19	170
14400	20	20	24	18	30	27	20	23	23	30	25	22	21	39	17	19	169
14450	19	20	24	18	31	27	20	23	23	30	25	22	21	39	17	19	169
14500	20	20	24	18	32	27	19	23	23	30	25	24	21	40	17	19	171
14550	20	20	24	18	32	27	18	23	23	30	25	24	20	39	17	19	170
14600	20	20	23	18	32	27	18	23	23	30	25	25	20	40	17	19	172
14650	20	20	23	18	32	27	18	23	23	31	25	25	20	40	17	19	174
14700	20	20	23	18	32	27	18	22	23	31	25	25	20	40	17	19	172
14750	20	20	23	18	32	27	18	22	23	31	25	25	20	40	17	19	171
14800	20	20	23	18	31	27	18	22	23	31	25	25	20	40	17	19	172
14850	20	20	23	18	31	27	18	22	23	31	25	25	20	40	17	19	171
14900	20	20	23	18	31	27	18	22	23	31	25	25	20	40	17	19	171
14950	20	20	23	18	31	27	17	22	23	31	25	25	20	40	17	19	172
15000	20	20	23	18	31	27	18	22	23	31	24	24	20	40	17	18	170
15050	20	20	23	18	31	27	16	22	23	31	24	24	20	39	17	18	168
15100	20	20	23	18	30	27	16	22	21	31	24	24	19	38	17	17	166
15150	20	20	23	18	29	27	16	22	21	31	23	24	19	38	17	17	165
15200	20	20	23	18	29	27	17	22	21	31	23	24	19	37	17	17	166
15250	20	20	23	18	29	27	18	22	21	31	23	24	19	35	17	17	164
15300	20	20	23	18	29	27	18	22	21	31	23	24	19	35	17	17	165
15350	20	20	23	18	29	26	18	22	21	29	23	24	18	34	17	17	161
15400	20	20	23	18	29	26	18	23	21	29	23	24	18	34	17	16	162
15450	20	20	23	18	29	26	18	23	21	28	23	23	18	34	17	16	163
15500	20	20	23	18	28	26	18	23	21	28	23	23	18	34	17	16	161
15550	20	20	23	18	29	26	18	22	21	28	23	23	17	34	17	16	161
15600	20	20	23	18	29	26	19	22	21	28	23	23	17	34	17	16	161
15650	20	20	23	18	28	26	20	22	21	28	23	23	17	35	17	16	163
15700	20	20	23	18	28	26	21	22	21	27	22	22	17	34	17	16	161
15750	20	20	23	18	28	26	22	22	21	27	22	22	17	34	17	16	160
15800	20	20	22	18	28	26	22	22	21	27	22	22	17	34	17	16	159
15850	20	20	22	18	28	26	22	22	21	27	22	22	17	34	17	16	159
15900	20	20	22	18	29	26	22	22	21	27	22	21	17	34	17	16	159
15950	20	20	22	18	31	26	23	22	22	27	22	21	16	34	17	16	160
16000	21	20	22	18	31	26	22	22	22	25	22	21	16	34	17	16	158
16050	21	20	22	18	31	26	22	22	21	24	22	21	16	34	17	16	157
16100	21	20	22	18	31	26	22	22	21	24	22	21	16	34	17	15	157
16150	21	19	22	18	31	26	23	22	23	24	22	21	16	34	17	15	158
16200	21	19	22	18	31	26	24	20	23	24	22	21	16	34	17	15	158
16250	21	19	22	18	31	26	24	20	23	24	22	21	16	34	17	15	157
16300	21	19	21	18	31	25	24	20	23	24	22	21	15	34	17	15	156
16350	21	19	21	18	31	25	25	20	23	24	22	21	15	33	17	15	157
16400	21	19	21	18	31	25	25	20	23	24	22	21	15	33	17	15	157
16450	21	19	21	18	31	25	26	20	23	24	22	21	15	33	17	15	155
16500	21	19	21	18	31	25	27	20	23	24	21	21	15	33	17	15	157
16550	21	19	21	18	31	25	27	20	23	24	21	21	15	33	17	15	159
16600	21	19	21	18	31	25	27	20	23	23	21	21	15	33	17	15	158
16650	21	19	21	18	31	25	27	20	23	23	21	21	15	34	17	15	158
16700	21	20	21	18	31	25	27	20	23	23	21	21	15	34	17	15	157
16750	21	21	21	18	31	25	27	20	23	23	21	20	16	33	17	15	156
16800	21	21	21	18	30	25	26	20	23	23	21	19	15	34	17	15	156
16850	21	21	21	18	30	25	26	20	23	23	21	19	16	35	17	15	159
16900	21	21	21	18	30	25	26	20	24	23	21	19	16	36	17	15	161
16950	21	21	21	18	30	25	25	20	24	23	21	19	16	36	17	15	160
17000	21	21	21	18	29	25	25	20	24	23	21	19	16	35	17	15	158
17050	20	21	21	18	29	25	25	20	24	24	21	19	15	34	17	15	157
17100	20	21	21	18	29	25	25	20	24	24	21	19	15	34	17	15	159
17150	20	21	20	18	29	25	25	20	24	25	21	19	15	34	17	15	159
17200	20	21	20	18	29	25	24	20	24	24	21	20	15	34	17	15	158
17250	20	21	20	18	29	25	25	20	24	24	21	20	15	34	17	15	159
17300	20	22	20	18	29	25	25	19	24	25	21	20	15	34	17	15	160
17350	20	22	20	18	29	25	25	19	24	27	21	20	15	34	17	15	161
17400	20	22	20	18	29	25	25	19	24	29	21	20	15	34	17	15	162
17450	20	22	19	18	29	25	25	18	24	30	21	21	15	33	17	15	162
17500	20	22	19	17	28	25	25	18	24	30	21	22	15	33	17	15	163
17550	20	22	19	17	28	25	25	18	24	30	21	22	15	33	17	15	163
17600	20	22	19	17	28	25	24	18	25	30	21	22	15	33	17	15	162
17650	20	22	19	17	28	25	23	18	24	30	21	22	15	33	17	15	161
17700	20	22	19	17	28	25	23	18	24	30	21	21	15	33	17	15	160
17750	20	22	19	17	28	25	23	18	24	31	21	21	15	33	17	15	160
17800	20	22	19	18	28	25	23	18	24	31	21	21	16	33	17	15	161
17850	20	21	19	19	28	25	24	18	24	31	20	21	16	33	18	15	160
17900	20	21	19	19	28	25	24	18	24	31	20	21	16	33	18	15	158
17950	20	21	19	18	28	26	23	18	24	31	20	22	16	33	18	15	158
18000	20	21	19	19	28	26	24	18	23	31	20	22	17	33	18	15	161
18050	20	21	19	19	28	26	24	18	23	31	20	23	17	33	18	15	162
18100	20	20	19	19	28	26	24	18	23	31	20	23	16	33	19	15	162
18150	20	20	19	19	28	26	24	18	23	31	20	23	16	33	20	15	163
18200	20	20	19	19	28	26	25	18	23	31	20	23	16	33	19	15	164
18250	20	20	19	19	28	26	25	17	23	31	20	23	16	32	19	16	162
18300	20	20	19	20	28	26	23	17	23	31	20	23	16	32	19	16	161
18350	20	21	19	20	28	26	24	17	23	31	20	23	16	32	19	16	163
18400	20	22	19	20	28	26	23	17	23	31	20	23	16	32	20	16	162
18450	20	22	18	21	28	26	23	17	22	32	20	23	16	32	21	16	165
18500	20	23	18	21	28	26	23	17	22	32	20	23	16	31	21	16	164
18550	19	23	18	21	28	26	24	17	22	31	20	23	17	31	22	16	165
18600	19	23	18	21	28	26	25	17	22	31	20	23	17	30	23	16	163
18650	19	23	18	21	28	26	25	17	22	30	20	23	17	29	23	16	163
18700	19	23	18	21	28	26	25	17	22	30	20	23	17	29	23	16	163
18750	18	23	18	21	28	25	25	17	22	29	20	23	19	28	23	16	165
18800	18	23	18	21	28	25	26	17	22	29	20	23	19	28	23	16	164
18850	18	23	18	21	28	25	27	17	22	29	20	23	20	28	23	16	164
18900	18	23	17	21	27	25	27	17	22	29	20	23	20	28	23	16	163
18950	18	23	17	21	26	25	27	17	22	29	20	23	20	28	23	16	163
19000	18	23	17	21	26	25	26	17	24	27	20	23	19	28	23	16	161
19050	17	23	18	21	26	25	26	18	24	29	20	23	19	28	23	16	160
19100	17	23	18	21	26	25	26	18	24	29	20	23	19	28	23	16	161
19150	17	23	18	21	26	25	26	19	24	30	20	23	20	28	23	16	163
19200	17	23	18	21	26	25	26	19	24	28	20	23	19	28	24	16	161
19250	17	23	18	21	26	25	26	18	24	28	20	23	19	28	24	16	161
19300	17	23	17	21	26	25	26	18	24	30	20	23	19	28	24	16	161
19350	17	23	17	21	26	25	26	18	25	30	20	23	20	28	27	16	165
19400	17	23	17	21	26	25	25	18	26	29	20	23	20	28	27	16	164
19450	17	23	17	21	26	25	25	18	27	29	20	23	20	29	27	16	165
19500	17	23	17	21	26	25	25	19	27	30	20	23	20	29	26	16	164
19550	17	23	17	21	26	25	25	19	27	30	20	23	21	29	26	16	165
19600	17	23	18	21	26	25	23	20	27	30	20	22	21	29	27	16	166
19650	17	23	18	21	26	25	23	20	27	30	20	22	21	29	27	16	166
19700	17	23	19	21	26	25	23	20	27	30	20	22	20	29	27	16	167
19750	17	23	20	21	26	25	22	20	27	30	20	22	18	29	27	16	167
19800	17	23	20	21	25	26	22	20	27	30	20	22	18	29	27	16	167
19850	17	23	20	21	24	26	22	20	27	30	20	22	17	29	27	16	166
19900	17	23	20	21	24	27	22	20	27	30	20	22	17	29	27	16	166
19950	17	23	21	21	24	27	22	20	27	30	20	22	17	29	27	16	167
20000	17	23	22	21	23	27	21	20	28	30	20	22	17	28	27	16	168
