0	0.0	0.0	0.0	0.0	0.0	0.0	0.0	0.0	0.0	0.0	0.0	0.0	0.0	0.0	0.0	0.0
50	0.666666666667	0.0	0.0	0.0	0.0	0.0	0.0	0.0	0.25	0.2	0.0	0.0	0.0	0.25	0.333333333333	0.0
100	0.833333333333	0.333333333333	0.0	0.0	0.285714285714	0.0	0.0	0.333333333333	0.375	0.428571428571	0.0	0.0	0.0	0.333333333333	0.333333333333	0.2
150	0.94	0.4	0.333333333333	0.0	0.454545454545	0.222222222222	0.25	0.545454545455	0.545454545455	0.375	0.333333333333	0.142857142857	0.2	0.375	0.454545454545	0.444444444444
200	0.96	0.5	0.4	0.25	0.538461538462	0.461538461538	0.25	0.571428571429	0.625	0.454545454545	0.615384615385	0.333333333333	0.444444444444	0.416666666667	0.5	0.444444444444
250	0.98	0.5	0.5	0.363636363636	0.571428571429	0.533333333333	0.4375	0.6	0.619047619048	0.6	0.722222222222	0.384615384615	0.454545454545	0.461538461538	0.6	0.5
300	0.94	0.6	0.571428571429	0.461538461538	0.6	0.631578947368	0.444444444444	0.611111111111	0.619047619048	0.666666666667	0.761904761905	0.466666666667	0.5	0.533333333333	0.625	0.5
350	0.98	0.647058823529	0.647058823529	0.526315789474	0.647058823529	0.681818181818	0.5	0.631578947368	0.619047619048	0.714285714286	0.821428571429	0.529411764706	0.571428571429	0.533333333333	0.631578947368	0.6
400	0.98	0.647058823529	0.647058823529	0.55	0.684210526316	0.708333333333	0.565217391304	0.65	0.652173913043	0.75	0.838709677419	0.652173913043	0.625	0.611111111111	0.666666666667	0.647058823529
450	1.0	0.7	0.684210526316	0.590909090909	0.714285714286	0.730769230769	0.615384615385	0.72	0.692307692308	0.769230769231	0.84375	0.666666666667	0.65	0.631578947368	0.695652173913	0.7
500	0.96	0.714285714286	0.714285714286	0.653846153846	0.714285714286	0.774193548387	0.655172413793	0.75	0.714285714286	0.785714285714	0.848484848485	0.666666666667	0.681818181818	0.666666666667	0.740740740741	0.714285714286
550	0.88	0.714285714286	0.739130434783	0.7	0.714285714286	0.787878787879	0.677419354839	0.78125	0.733333333333	0.787878787879	0.861111111111	0.703703703704	0.695652173913	0.72	0.758620689655	0.727272727273
600	0.92	0.708333333333	0.75	0.71875	0.769230769231	0.787878787879	0.714285714286	0.794117647059	0.733333333333	0.8	0.880952380952	0.714285714286	0.72	0.714285714286	0.787878787879	0.75
650	1.0	0.730769230769	0.769230769231	0.69696969697	0.769230769231	0.805555555556	0.736842105263	0.794117647059	0.741935483871	0.805555555556	0.869565217391	0.75	0.730769230769	0.741935483871	0.805555555556	0.740740740741
700	1.0	0.75	0.8	0.736842105263	0.769230769231	0.815789473684	0.767441860465	0.805555555556	0.757575757576	0.810810810811	0.9	0.757575757576	0.730769230769	0.757575757576	0.805555555556	0.766666666667
750	1.0	0.774193548387	0.78125	0.75	0.769230769231	0.825	0.782608695652	0.820512820513	0.777777777778	0.829268292683	0.92	0.757575757576	0.740740740741	0.764705882353	0.829268292683	0.78125
800	0.98	0.78125	0.78125	0.777777777778	0.8	0.833333333333	0.795918367347	0.837209302326	0.783783783784	0.829268292683	0.94	0.777777777778	0.766666666667	0.771428571429	0.833333333333	0.794117647059
850	0.98	0.787878787879	0.771428571429	0.82	0.8125	0.840909090909	0.8	0.840909090909	0.8	0.837209302326	0.96	0.777777777778	0.735294117647	0.789473684211	0.822222222222	0.8
900	0.98	0.8	0.783783783784	0.86	0.810810810811	0.844444444444	0.8	0.840909090909	0.80487804878	0.840909090909	0.96	0.789473684211	0.735294117647	0.8	0.829787234043	0.829268292683
950	0.96	0.815789473684	0.789473684211	0.86	0.825	0.829787234043	0.84	0.844444444444	0.813953488372	0.847826086957	0.98	0.80487804878	0.75	0.813953488372	0.829787234043	0.844444444444
1000	0.94	0.820512820513	0.813953488372	0.88	0.833333333333	0.84	0.94	0.851063829787	0.822222222222	0.854166666667	0.98	0.818181818182	0.75	0.818181818182	0.833333333333	0.851063829787
1050	0.98	0.833333333333	0.818181818182	0.92	0.840909090909	0.88	0.98	0.854166666667	0.822222222222	0.88	0.98	0.818181818182	0.763157894737	0.822222222222	0.836734693878	0.86
1100	1.0	0.833333333333	0.822222222222	0.92	0.840909090909	0.9	0.98	0.9	0.833333333333	0.9	0.98	0.816326530612	0.763157894737	0.833333333333	0.84	0.9
1150	0.98	0.837209302326	0.836734693878	0.94	0.854166666667	0.92	0.98	0.94	0.84	0.94	0.98	0.86	0.780487804878	0.833333333333	0.86	0.9
1200	0.98	0.844444444444	0.88	0.94	0.857142857143	0.96	1.0	0.94	0.84	0.96	0.98	0.9	0.790697674419	0.833333333333	0.88	0.94
1250	1.0	0.836734693878	0.9	0.94	0.92	0.96	1.0	0.96	0.88	0.98	0.98	0.94	0.804347826087	0.84	0.9	0.96
1300	0.98	0.86	0.94	0.96	0.94	0.96	1.0	0.96	0.9	0.98	0.98	0.94	0.8125	0.86	0.92	0.98
1350	0.94	0.9	0.96	0.96	0.96	0.94	1.0	0.98	0.9	0.96	0.98	0.96	0.816326530612	0.9	0.92	0.98
1400	0.92	0.9	0.96	0.98	0.98	0.94	1.0	0.98	0.94	0.96	0.98	0.98	0.88	0.9	0.96	0.96
1450	0.94	0.9	0.96	0.98	0.98	0.94	0.98	1.0	0.94	0.96	0.98	0.98	0.9	0.94	0.96	0.96
1500	0.98	0.94	0.96	0.98	0.98	0.94	0.98	1.0	0.94	0.96	0.98	0.98	0.9	0.98	0.96	0.96
1550	1.0	0.94	0.96	0.98	0.98	0.94	0.98	1.0	0.94	0.96	0.98	0.98	0.9	0.98	0.96	0.96
1600	1.0	0.94	0.96	0.98	0.98	0.94	0.98	1.0	0.96	0.98	0.98	0.98	0.92	0.98	0.96	0.96
1650	1.0	0.96	0.96	0.98	0.98	0.94	0.98	1.0	0.98	0.98	0.98	0.98	0.94	0.98	0.96	0.96
1700	1.0	0.96	0.96	1.0	0.98	0.94	0.98	1.0	0.98	0.98	0.98	0.98	0.94	0.98	0.98	0.96
1750	1.0	0.96	0.96	1.0	0.96	0.94	0.98	1.0	0.98	0.98	0.98	0.98	0.94	0.98	0.98	0.98
1800	1.0	0.96	0.96	1.0	0.96	0.94	0.98	1.0	1.0	0.98	0.98	0.96	0.96	0.98	0.98	0.98
1850	1.0	0.98	0.96	1.0	0.96	0.94	0.98	1.0	1.0	0.98	0.98	0.96	0.96	0.98	0.98	0.98
1900	1.0	0.98	1.0	1.0	0.96	0.94	0.98	0.98	1.0	0.98	0.96	0.96	0.96	0.98	0.98	0.96
1950	1.0	0.96	1.0	1.0	0.96	0.94	0.98	0.98	1.0	0.98	0.96	0.96	0.96	0.98	0.98	0.94
2000	1.0	0.96	1.0	1.0	0.96	0.94	0.98	0.98	1.0	0.98	0.96	0.96	0.96	0.98	0.98	0.94
2050	1.0	0.96	1.0	1.0	0.96	0.94	0.98	0.98	1.0	0.98	0.98	0.96	0.96	0.98	0.98	0.94
2100	1.0	0.96	1.0	1.0	0.96	0.94	0.98	0.98	1.0	0.98	0.98	0.96	0.96	1.0	0.98	0.94
2150	1.0	0.94	0.98	1.0	0.98	0.94	0.98	0.98	1.0	0.98	0.96	0.96	0.96	1.0	0.98	0.94
2200	1.0	0.94	0.98	1.0	0.98	0.94	0.98	0.98	1.0	0.96	0.96	0.96	0.96	1.0	0.98	0.94
2250	0.98	0.94	0.98	1.0	0.98	0.94	0.98	0.98	1.0	0.96	0.94	0.96	0.96	1.0	0.98	0.94
2300	0.98	0.92	0.98	1.0	0.98	0.96	0.98	0.96	1.0	0.96	0.92	0.98	1.0	1.0	1.0	0.94
2350	1.0	0.92	0.98	1.0	0.98	0.96	0.98	0.96	1.0	0.94	0.92	0.98	1.0	1.0	1.0	0.94
2400	0.94	0.94	0.98	1.0	0.98	0.96	0.98	0.96	1.0	0.94	0.92	0.98	1.0	1.0	1.0	0.94
2450	0.92	0.94	0.98	1.0	0.98	0.96	0.98	0.96	1.0	0.92	0.92	0.96	1.0	1.0	1.0	0.94
2500	0.98	0.94	0.98	1.0	0.98	0.96	0.98	0.96	1.0	0.92	0.9	0.96	1.0	1.0	1.0	0.94
2550	1.0	0.94	0.98	1.0	0.98	0.96	0.98	0.96	1.0	0.92	0.9	0.96	1.0	0.98	1.0	0.94
2600	1.0	0.94	0.98	1.0	0.98	0.98	0.98	0.94	1.0	0.92	0.9	0.94	1.0	0.98	1.0	0.94
2650	1.0	0.92	0.98	1.0	0.98	0.98	0.98	0.94	1.0	0.92	0.9	0.94	1.0	0.98	1.0	0.94
2700	1.0	0.92	0.98	1.0	0.98	0.98	0.96	0.94	1.0	0.92	0.9	0.94	1.0	0.98	1.0	0.94
2750	1.0	0.92	0.98	1.0	0.98	1.0	0.96	0.94	1.0	0.94	0.9	0.92	1.0	0.96	1.0	0.94
2800	1.0	0.92	0.98	1.0	0.98	1.0	0.96	0.94	1.0	0.94	0.9	0.92	1.0	0.96	1.0	0.94
2850	1.0	0.92	0.98	1.0	0.98	0.98	0.98	0.94	1.0	0.94	0.9	0.92	1.0	0.96	1.0	0.96
2900	0.98	0.92	0.98	1.0	0.98	0.98	0.98	0.92	1.0	0.94	0.9	0.92	1.0	0.96	1.0	0.96
2950	0.98	0.92	0.96	1.0	0.98	0.98	0.98	0.92	1.0	0.94	0.9	0.92	1.0	0.96	1.0	0.96
3000	0.98	0.92	0.96	1.0	0.98	0.98	0.98	0.92	1.0	0.94	0.9	0.9	1.0	0.96	1.0	0.96
3050	1.0	0.92	0.96	1.0	0.98	0.98	0.98	0.94	1.0	0.94	0.9	0.9	1.0	0.96	1.0	0.96
3100	1.0	0.92	0.96	1.0	0.98	0.96	0.98	0.9	1.0	0.94	0.92	0.9	1.0	0.96	1.0	0.96
3150	1.0	0.92	0.96	1.0	0.98	0.94	0.98	0.9	1.0	0.94	0.92	0.9	1.0	0.96	1.0	0.96
3200	1.0	0.92	0.96	1.0	0.98	0.94	0.98	0.9	1.0	0.94	0.94	0.9	1.0	0.96	1.0	0.96
3250	1.0	0.92	0.96	1.0	0.98	0.94	0.98	0.88	1.0	0.94	0.98	0.92	1.0	0.96	1.0	0.96
3300	1.0	0.92	0.96	1.0	0.98	0.92	0.98	0.88	1.0	0.94	0.98	0.92	1.0	0.96	1.0	0.96
3350	1.0	0.92	0.96	1.0	1.0	0.92	0.98	0.88	1.0	0.94	0.98	0.92	1.0	0.96	1.0	0.96
3400	1.0	0.92	0.94	1.0	1.0	0.92	0.98	0.88	1.0	0.94	0.98	0.92	1.0	0.96	1.0	0.98
3450	1.0	0.92	0.94	1.0	0.98	0.92	0.98	0.9	1.0	0.94	0.98	0.92	1.0	0.96	1.0	1.0
3500	1.0	0.94	0.94	1.0	0.98	0.9	0.98	0.9	0.98	0.94	1.0	0.92	1.0	0.96	1.0	0.98
3550	1.0	0.94	0.96	1.0	0.98	0.9	0.98	0.9	0.98	0.94	1.0	0.92	1.0	0.96	1.0	0.96
3600	1.0	0.94	0.96	1.0	0.98	0.9	0.98	0.9	0.98	0.94	1.0	0.92	1.0	0.96	1.0	0.96
3650	1.0	0.96	0.96	1.0	0.98	0.9	0.98	0.9	0.98	0.94	1.0	0.92	1.0	0.96	1.0	0.96
3700	1.0	0.96	0.96	1.0	0.98	0.9	0.98	0.9	0.98	0.94	1.0	0.92	1.0	0.94	1.0	0.96
3750	1.0	0.96	0.96	1.0	0.98	0.9	0.98	0.9	0.98	0.94	1.0	0.92	1.0	0.94	1.0	0.96
3800	1.0	0.96	0.96	1.0	0.98	0.9	0.98	0.9	0.98	0.94	1.0	0.92	1.0	0.94	1.0	0.94
3850	1.0	0.96	0.96	1.0	0.98	0.9	0.98	0.92	0.98	0.96	1.0	0.92	1.0	0.94	1.0	0.94
3900	1.0	0.98	0.94	1.0	0.98	0.9	0.98	0.92	0.98	0.96	1.0	0.92	1.0	0.94	1.0	0.94
3950	1.0	0.98	0.94	1.0	0.98	0.9	1.0	0.92	0.96	0.98	1.0	0.92	1.0	0.94	1.0	0.94
4000	0.94	0.98	0.94	1.0	0.98	0.9	1.0	0.92	0.96	0.98	1.0	0.94	1.0	0.94	0.98	0.94
4050	0.94	0.98	0.94	1.0	0.98	0.9	1.0	0.92	0.96	0.98	1.0	0.94	1.0	0.94	0.98	0.94
4100	1.0	0.98	0.94	1.0	0.98	0.9	1.0	0.92	0.96	1.0	1.0	0.94	1.0	0.94	0.98	0.94
4150	1.0	0.98	0.94	1.0	0.98	0.9	1.0	0.92	0.96	1.0	1.0	0.96	1.0	0.96	0.98	0.94
4200	1.0	0.98	0.94	1.0	0.98	0.9	1.0	0.92	0.94	1.0	1.0	0.96	1.0	0.96	0.98	0.94
4250	1.0	1.0	0.96	1.0	0.98	0.9	1.0	0.92	0.94	1.0	1.0	0.96	1.0	0.96	0.98	0.94
4300	1.0	1.0	0.96	1.0	0.98	0.9	1.0	0.92	0.94	1.0	1.0	0.98	1.0	0.96	0.98	0.94
4350	1.0	1.0	0.96	1.0	0.98	0.9	1.0	0.94	0.94	1.0	1.0	0.98	1.0	0.96	0.98	0.94
4400	0.98	1.0	0.96	1.0	0.98	0.9	1.0	0.96	0.94	1.0	1.0	0.98	1.0	0.98	0.98	0.94
4450	0.96	1.0	0.96	1.0	0.98	0.9	1.0	0.96	0.94	1.0	1.0	1.0	1.0	0.98	0.98	0.94
4500	0.96	1.0	0.96	1.0	0.98	0.9	1.0	0.96	0.94	1.0	1.0	1.0	1.0	0.98	0.96	0.94
4550	0.96	1.0	0.98	1.0	0.98	0.9	1.0	0.96	0.94	1.0	1.0	1.0	1.0	0.98	0.96	0.92
4600	0.98	1.0	0.98	1.0	0.98	0.92	1.0	0.96	0.94	1.0	1.0	1.0	1.0	0.98	0.96	0.92
4650	0.96	1.0	0.96	1.0	0.98	0.92	1.0	0.98	0.94	1.0	1.0	1.0	1.0	0.98	0.96	0.92
4700	0.98	1.0	0.96	1.0	0.98	0.92	0.98	0.98	0.94	1.0	1.0	1.0	1.0	0.98	0.96	0.92
4750	0.98	1.0	0.96	1.0	0.98	0.94	0.98	0.98	0.94	1.0	1.0	1.0	1.0	0.98	0.96	0.94
4800	0.94	1.0	0.96	1.0	0.98	0.94	0.98	0.98	0.94	1.0	1.0	1.0	1.0	0.98	0.96	0.96
4850	0.96	1.0	0.96	1.0	0.98	0.94	0.98	0.98	0.94	1.0	1.0	1.0	1.0	0.96	0.96	0.96
4900	0.98	1.0	0.96	1.0	0.98	0.96	0.98	0.98	0.94	1.0	1.0	1.0	1.0	0.96	0.96	0.96
4950	0.96	1.0	0.96	1.0	0.98	0.94	0.98	0.98	0.94	1.0	1.0	1.0	1.0	0.94	0.96	0.96
5000	0.96	1.0	0.96	1.0	0.98	0.94	0.98	0.98	0.96	1.0	1.0	1.0	1.0	0.94	0.96	0.94
5050	0.96	1.0	0.96	1.0	0.98	0.96	0.98	0.98	0.96	1.0	1.0	1.0	1.0	0.94	0.96	0.94
5100	0.96	1.0	0.96	1.0	0.98	0.98	0.98	0.96	0.96	1.0	1.0	1.0	1.0	0.96	0.96	0.94
5150	0.92	1.0	0.98	1.0	0.98	0.98	0.98	0.96	0.96	1.0	1.0	1.0	1.0	0.96	0.96	0.94
5200	0.94	1.0	0.98	1.0	0.98	0.98	0.98	0.96	0.96	1.0	1.0	1.0	1.0	0.94	0.98	0.94
5250	0.98	1.0	0.96	1.0	0.96	0.98	0.98	0.96	0.96	1.0	1.0	1.0	1.0	0.94	0.98	0.96
5300	0.98	1.0	0.96	1.0	0.96	0.98	0.98	0.96	0.98	1.0	1.0	1.0	1.0	0.94	0.98	0.96
5350	1.0	1.0	0.96	1.0	0.96	0.98	0.98	0.96	0.98	1.0	1.0	1.0	1.0	0.94	0.98	0.96
5400	1.0	1.0	0.94	1.0	0.96	0.98	0.98	0.96	0.98	1.0	1.0	1.0	1.0	0.94	0.98	0.94
5450	0.98	1.0	0.94	1.0	0.96	0.98	0.98	0.98	0.98	1.0	1.0	1.0	1.0	0.94	0.98	0.94
5500	0.98	1.0	0.92	1.0	0.96	0.98	0.98	0.98	0.98	1.0	1.0	1.0	1.0	0.94	0.98	0.94
5550	1.0	1.0	0.92	1.0	0.96	0.98	0.96	0.98	1.0	1.0	1.0	1.0	1.0	0.92	0.98	0.94
5600	1.0	1.0	0.92	1.0	0.96	0.98	0.92	0.98	1.0	1.0	1.0	1.0	1.0	0.92	0.98	0.94
5650	1.0	1.0	0.9	1.0	0.96	0.98	0.92	0.98	1.0	1.0	1.0	1.0	1.0	0.92	1.0	0.94
5700	1.0	1.0	0.88	1.0	0.94	0.98	0.92	0.98	1.0	1.0	1.0	1.0	1.0	0.92	1.0	0.94
5750	1.0	1.0	0.88	1.0	0.94	0.98	0.92	0.98	1.0	1.0	1.0	1.0	1.0	0.92	1.0	0.94
5800	1.0	1.0	0.88	1.0	0.94	0.98	0.92	0.96	1.0	1.0	1.0	1.0	1.0	0.92	1.0	0.94
5850	1.0	1.0	0.88	1.0	0.94	0.98	0.92	0.96	1.0	1.0	1.0	1.0	1.0	0.92	1.0	0.94
5900	1.0	0.98	0.9	1.0	0.94	0.98	0.92	0.96	1.0	1.0	1.0	1.0	1.0	0.94	1.0	0.94
5950	0.98	0.98	0.9	1.0	0.94	0.98	0.92	0.96	1.0	1.0	1.0	1.0	1.0	0.94	1.0	0.94
6000	0.98	0.98	0.9	1.0	0.94	0.98	0.92	0.96	1.0	1.0	1.0	1.0	1.0	0.96	1.0	0.94
6050	1.0	0.98	0.9	1.0	0.94	0.98	0.92	0.96	1.0	1.0	1.0	1.0	1.0	0.96	1.0	0.96
6100	1.0	0.98	0.9	1.0	0.94	0.98	0.92	0.96	1.0	1.0	1.0	1.0	1.0	0.96	1.0	0.96
6150	0.98	0.98	0.9	1.0	0.94	1.0	0.92	0.96	1.0	1.0	1.0	1.0	1.0	0.94	1.0	0.96
6200	0.98	0.98	0.92	1.0	0.94	1.0	0.94	0.96	1.0	1.0	1.0	1.0	1.0	0.94	1.0	0.96
6250	1.0	0.98	0.92	1.0	0.92	1.0	0.94	0.96	1.0	1.0	1.0	1.0	1.0	0.94	1.0	0.96
6300	0.98	0.98	0.92	1.0	0.92	1.0	0.94	0.96	1.0	1.0	1.0	1.0	1.0	0.94	1.0	0.96
6350	0.98	0.98	0.92	1.0	0.92	1.0	0.92	0.96	1.0	1.0	1.0	1.0	1.0	0.94	1.0	0.96
6400	1.0	0.98	0.92	1.0	0.92	1.0	0.92	0.96	0.98	1.0	1.0	1.0	1.0	0.96	1.0	0.96
6450	1.0	0.98	0.92	1.0	0.92	1.0	0.92	0.96	0.98	1.0	1.0	1.0	1.0	0.96	1.0	0.96
6500	1.0	0.98	0.94	1.0	0.92	1.0	0.92	0.96	0.98	1.0	1.0	1.0	1.0	0.96	1.0	0.96
6550	1.0	0.98	0.94	1.0	0.94	1.0	0.92	0.96	0.98	0.98	1.0	1.0	1.0	0.96	1.0	0.98
6600	1.0	0.98	0.94	1.0	0.94	1.0	0.92	0.94	0.98	0.98	1.0	1.0	1.0	0.96	1.0	0.98
6650	1.0	0.98	0.94	1.0	0.94	1.0	0.92	0.94	0.98	0.98	1.0	1.0	1.0	0.96	1.0	0.98
6700	1.0	0.98	0.94	1.0	0.94	1.0	0.92	0.94	0.98	0.98	1.0	1.0	1.0	0.96	1.0	0.98
6750	1.0	0.98	0.94	1.0	0.94	1.0	0.92	0.94	0.98	0.98	1.0	1.0	1.0	0.96	1.0	0.98
6800	1.0	0.98	0.94	1.0	0.96	1.0	0.92	0.94	0.98	0.98	1.0	1.0	1.0	0.96	1.0	0.98
6850	0.98	0.98	0.94	1.0	0.96	1.0	0.94	0.96	0.98	0.98	1.0	1.0	1.0	0.98	1.0	0.98
6900	1.0	0.98	0.94	1.0	0.96	1.0	0.96	0.96	0.98	0.98	1.0	1.0	1.0	0.98	1.0	0.98
6950	1.0	0.98	0.94	1.0	0.96	1.0	0.98	0.96	0.98	0.98	0.98	1.0	1.0	0.98	0.98	0.98
7000	1.0	0.98	0.96	1.0	0.96	1.0	0.98	0.96	0.98	0.98	0.98	1.0	1.0	0.98	0.98	1.0
7050	1.0	1.0	0.96	1.0	0.96	1.0	0.98	0.96	0.98	0.98	0.98	1.0	1.0	0.98	0.98	1.0
7100	1.0	0.98	0.96	1.0	0.96	1.0	0.98	0.96	0.98	0.98	0.98	1.0	1.0	0.98	0.96	1.0
7150	1.0	0.98	0.98	1.0	0.96	1.0	0.98	0.96	0.98	0.98	0.98	1.0	1.0	0.98	0.96	1.0
7200	1.0	0.98	1.0	1.0	0.96	1.0	0.96	0.96	0.98	0.98	0.98	1.0	1.0	0.98	0.94	1.0
7250	1.0	0.98	1.0	1.0	0.96	1.0	0.96	0.96	0.98	0.98	0.96	1.0	1.0	0.98	0.94	1.0
7300	1.0	0.98	1.0	1.0	0.96	1.0	0.96	0.96	0.98	0.98	0.96	1.0	1.0	0.98	0.92	1.0
7350	1.0	0.98	1.0	1.0	0.96	1.0	0.96	0.96	0.98	0.98	0.96	1.0	1.0	0.98	0.92	1.0
7400	0.98	0.98	1.0	1.0	0.96	1.0	0.96	0.96	0.98	0.98	0.96	1.0	1.0	0.98	0.92	1.0
7450	0.98	0.98	1.0	1.0	0.96	1.0	0.96	0.96	0.98	0.98	0.96	1.0	1.0	0.98	0.92	1.0
7500	1.0	0.98	1.0	1.0	0.96	1.0	0.96	0.96	0.98	0.96	0.96	1.0	1.0	0.96	0.92	1.0
7550	1.0	0.98	1.0	0.98	0.96	1.0	0.96	0.96	0.98	0.96	0.96	1.0	1.0	0.96	0.9	1.0
7600	0.98	0.98	1.0	0.98	0.96	1.0	0.96	0.96	0.98	0.96	0.96	1.0	1.0	0.98	0.9	1.0
7650	0.98	0.98	1.0	0.98	0.98	1.0	0.96	0.96	0.98	0.96	0.96	1.0	0.98	0.98	0.88	1.0
7700	1.0	0.98	1.0	0.98	0.98	1.0	0.96	0.98	0.98	0.96	0.94	1.0	0.98	0.98	0.88	1.0
7750	0.98	0.98	1.0	0.98	0.98	1.0	0.98	0.98	1.0	0.96	0.94	1.0	0.98	0.98	0.88	1.0
7800	0.98	0.98	1.0	0.98	0.98	1.0	0.96	0.98	1.0	0.96	0.94	1.0	0.98	0.98	0.86	1.0
7850	1.0	0.98	1.0	0.98	0.98	1.0	0.96	0.98	1.0	0.96	0.94	1.0	0.98	0.98	0.86	1.0
7900	0.96	0.98	1.0	0.98	1.0	1.0	0.96	0.98	1.0	0.96	0.94	1.0	0.98	0.98	0.86	1.0
7950	0.98	0.98	1.0	0.98	1.0	1.0	0.96	1.0	1.0	0.96	0.94	1.0	0.98	0.98	0.86	1.0
8000	0.98	0.98	1.0	0.98	1.0	1.0	0.96	1.0	1.0	0.96	0.96	1.0	0.98	0.98	0.86	1.0
8050	0.98	0.98	1.0	0.98	1.0	1.0	0.96	1.0	1.0	0.98	0.96	1.0	0.98	0.98	0.86	1.0
8100	1.0	0.98	1.0	0.98	1.0	1.0	0.96	1.0	1.0	0.98	0.96	1.0	0.98	0.98	0.84	1.0
8150	0.98	0.98	0.98	0.98	1.0	1.0	0.96	1.0	1.0	0.98	0.96	1.0	0.98	0.98	0.84	1.0
8200	0.96	0.98	0.98	0.98	1.0	1.0	0.96	1.0	1.0	0.98	0.96	1.0	0.98	0.98	0.84	1.0
8250	0.98	0.98	0.98	0.98	1.0	1.0	0.96	1.0	1.0	0.98	0.96	1.0	0.98	0.98	0.84	1.0
8300	1.0	0.98	0.98	0.98	1.0	1.0	0.96	1.0	1.0	0.98	0.96	1.0	0.98	0.98	0.82	1.0
8350	1.0	0.98	0.94	0.98	1.0	1.0	0.96	1.0	1.0	0.98	0.96	1.0	0.98	0.98	0.82	1.0
8400	1.0	0.98	0.94	0.98	1.0	1.0	0.96	1.0	1.0	0.98	0.96	1.0	0.98	0.98	0.82	1.0
8450	1.0	0.98	0.94	0.98	1.0	1.0	0.96	1.0	1.0	0.98	0.96	1.0	0.98	0.98	0.84	1.0
8500	1.0	0.96	0.94	0.98	1.0	1.0	0.96	1.0	1.0	0.98	0.96	1.0	0.98	0.98	0.82	1.0
8550	1.0	0.98	0.94	0.98	1.0	1.0	0.96	0.98	1.0	0.98	0.98	1.0	0.98	0.98	0.82	1.0
8600	1.0	0.98	0.94	0.98	1.0	1.0	0.96	0.98	1.0	0.98	0.98	1.0	0.98	0.98	0.84	1.0
8650	1.0	0.98	0.94	0.98	1.0	1.0	0.96	0.98	1.0	0.98	0.98	1.0	0.98	0.98	0.84	1.0
8700	1.0	0.98	0.94	0.98	1.0	1.0	0.96	0.98	1.0	0.98	0.98	1.0	0.98	0.98	0.86	1.0
8750	1.0	0.98	0.94	0.98	1.0	1.0	0.96	0.98	1.0	0.98	0.98	1.0	0.98	0.98	0.86	1.0
8800	1.0	0.98	0.94	0.98	1.0	1.0	0.96	0.98	1.0	0.98	0.98	1.0	0.98	0.98	0.88	1.0
8850	1.0	0.96	0.94	0.98	0.98	1.0	0.96	0.98	1.0	0.98	0.98	1.0	0.98	0.98	0.88	1.0
8900	1.0	0.96	0.94	0.98	0.98	1.0	0.96	0.98	1.0	0.98	1.0	1.0	0.98	0.98	0.88	1.0
8950	1.0	0.96	0.94	0.98	0.98	1.0	0.96	0.98	1.0	0.98	1.0	1.0	0.98	0.98	0.88	1.0
9000	1.0	0.96	0.94	0.98	0.98	1.0	0.98	0.98	1.0	0.98	1.0	1.0	0.98	0.98	0.9	1.0
9050	0.98	0.96	0.94	1.0	0.98	1.0	0.98	0.98	1.0	0.96	1.0	1.0	0.98	0.98	0.9	1.0
9100	0.98	0.96	0.94	1.0	0.98	1.0	0.98	0.98	1.0	0.96	1.0	1.0	0.98	1.0	0.9	1.0
9150	1.0	0.96	0.94	1.0	0.98	1.0	0.98	0.98	1.0	0.96	1.0	1.0	0.98	0.98	0.9	0.98
9200	0.96	0.96	0.94	1.0	0.98	1.0	0.98	0.98	1.0	0.96	1.0	1.0	0.98	0.98	0.92	0.98
9250	0.94	0.96	0.94	1.0	0.98	1.0	0.98	0.98	1.0	0.98	1.0	1.0	0.98	0.98	0.92	0.98
9300	0.96	0.96	0.94	1.0	0.98	1.0	0.96	0.98	1.0	0.98	1.0	0.98	0.98	0.98	0.92	0.96
9350	0.98	0.96	0.94	1.0	0.98	1.0	0.98	0.98	1.0	0.98	1.0	0.98	0.98	0.98	0.94	0.96
9400	0.98	0.96	0.94	1.0	0.98	1.0	0.98	0.98	1.0	0.98	1.0	0.98	1.0	0.98	0.94	0.96
9450	0.96	0.96	0.94	1.0	0.98	1.0	0.98	0.98	1.0	0.98	1.0	0.98	1.0	0.98	0.94	0.96
9500	0.92	0.96	0.94	1.0	0.98	1.0	0.98	0.98	1.0	0.98	1.0	0.98	1.0	0.98	0.94	0.96
9550	0.94	0.96	0.94	1.0	0.98	1.0	0.98	0.98	1.0	0.98	1.0	0.98	1.0	0.98	0.98	0.96
9600	0.96	0.96	0.94	0.98	0.98	1.0	0.98	0.98	1.0	0.98	1.0	0.98	1.0	0.98	0.98	0.96
9650	0.98	0.96	0.96	0.98	0.98	0.98	0.98	0.98	1.0	0.98	1.0	0.98	1.0	0.96	0.98	0.96
9700	0.98	0.96	0.96	0.98	0.98	0.98	0.98	0.98	1.0	0.98	1.0	0.98	1.0	0.96	0.98	0.96
9750	0.98	0.96	0.96	0.98	0.98	0.98	0.98	0.98	1.0	0.98	1.0	0.98	1.0	0.96	0.98	0.96
9800	1.0	0.96	0.96	0.98	0.98	0.98	0.98	0.98	1.0	0.98	1.0	0.98	1.0	0.96	0.98	0.96
9850	1.0	0.96	0.94	0.98	0.98	0.98	0.98	0.98	1.0	0.98	1.0	0.98	1.0	0.94	1.0	0.96
9900	0.98	0.96	0.96	0.96	0.98	0.98	0.98	0.98	1.0	0.98	1.0	0.98	1.0	0.94	1.0	0.96
9950	0.96	0.98	0.96	0.96	0.98	0.98	0.98	0.98	1.0	0.98	1.0	0.98	1.0	0.94	1.0	0.96
10000	0.98	0.98	0.96	0.96	0.98	0.98	0.98	0.98	1.0	0.98	1.0	0.98	1.0	0.94	1.0	0.96
10050	0.98	0.98	0.96	0.96	0.98	0.98	0.98	0.98	1.0	0.98	1.0	0.98	1.0	0.9	1.0	0.96
10100	0.98	0.98	0.96	0.96	0.98	0.98	0.98	0.98	1.0	0.98	1.0	0.98	1.0	0.9	1.0	0.96
10150	0.98	0.98	0.96	0.96	1.0	0.98	0.98	0.98	1.0	0.98	1.0	0.98	1.0	0.86	1.0	0.96
10200	0.98	0.98	0.96	0.94	1.0	0.98	0.98	1.0	1.0	0.98	1.0	0.98	1.0	0.86	1.0	0.96
10250	0.98	0.98	0.96	0.94	1.0	0.98	0.98	1.0	1.0	0.98	1.0	0.98	1.0	0.86	1.0	0.96
10300	1.0	0.98	0.96	0.94	1.0	0.98	0.98	1.0	1.0	0.98	1.0	0.98	1.0	0.86	1.0	0.96
10350	1.0	0.98	0.96	0.94	1.0	0.98	0.98	1.0	1.0	0.98	1.0	0.98	0.98	0.86	1.0	0.96
10400	1.0	0.98	0.96	0.94	1.0	0.98	0.98	1.0	1.0	0.98	1.0	0.98	0.98	0.86	0.98	0.98
10450	0.96	0.98	0.96	0.94	1.0	0.98	0.98	1.0	1.0	0.98	1.0	0.98	0.98	0.86	0.98	0.98
10500	0.94	0.98	0.96	0.94	1.0	0.98	0.98	1.0	1.0	1.0	1.0	0.98	0.98	0.86	0.98	0.98
10550	0.96	0.98	0.96	0.94	1.0	0.98	0.98	1.0	1.0	1.0	1.0	0.98	0.98	0.88	0.98	0.98
10600	0.98	0.98	0.96	0.94	1.0	0.98	0.98	1.0	1.0	1.0	1.0	0.98	0.98	0.88	0.98	0.98
10650	0.98	0.98	0.96	0.94	1.0	0.98	0.98	1.0	1.0	1.0	1.0	0.98	0.98	0.88	0.98	0.98
10700	0.98	0.98	0.96	0.94	1.0	0.98	0.98	1.0	1.0	1.0	1.0	0.98	0.98	0.88	0.98	1.0
10750	1.0	1.0	0.96	0.94	1.0	0.98	0.98	1.0	1.0	1.0	1.0	0.98	0.98	0.88	0.98	1.0
10800	1.0	1.0	0.96	0.94	1.0	0.98	1.0	1.0	1.0	1.0	1.0	0.98	0.98	0.88	0.98	1.0
10850	0.96	0.98	0.96	0.94	1.0	0.98	1.0	1.0	1.0	1.0	1.0	1.0	0.98	0.88	0.98	1.0
10900	0.94	0.98	0.96	0.94	1.0	0.98	1.0	1.0	1.0	1.0	1.0	1.0	0.98	0.86	0.98	1.0
10950	0.98	0.98	0.96	0.94	1.0	0.98	1.0	1.0	1.0	1.0	1.0	1.0	0.98	0.86	0.98	1.0
11000	1.0	0.98	0.96	0.96	1.0	0.98	1.0	1.0	1.0	1.0	1.0	1.0	0.96	0.86	0.98	1.0
11050	1.0	0.98	0.98	0.96	1.0	0.98	1.0	1.0	1.0	1.0	1.0	1.0	0.96	0.88	0.98	1.0
11100	1.0	0.98	1.0	0.96	1.0	0.98	1.0	1.0	1.0	1.0	1.0	1.0	0.96	0.88	0.98	1.0
11150	1.0	0.98	1.0	0.96	1.0	0.98	1.0	1.0	1.0	1.0	1.0	1.0	0.96	0.88	0.98	1.0
11200	0.98	0.98	1.0	0.96	1.0	0.98	1.0	1.0	1.0	1.0	1.0	1.0	0.96	0.88	0.98	1.0
11250	0.98	0.98	1.0	0.96	1.0	1.0	1.0	1.0	1.0	1.0	1.0	1.0	0.96	0.9	0.98	1.0
11300	0.98	0.98	1.0	0.96	0.98	1.0	1.0	1.0	1.0	1.0	1.0	1.0	0.96	0.9	0.98	1.0
11350	0.98	0.98	1.0	0.96	0.98	1.0	1.0	1.0	1.0	1.0	1.0	1.0	0.96	0.9	0.98	1.0
11400	1.0	0.98	1.0	0.98	0.98	1.0	1.0	1.0	1.0	1.0	1.0	1.0	0.96	0.9	0.98	1.0
11450	0.98	0.98	1.0	0.98	0.98	1.0	1.0	1.0	1.0	1.0	1.0	1.0	0.96	0.92	0.98	1.0
11500	0.96	0.98	1.0	0.98	0.98	1.0	1.0	1.0	1.0	1.0	1.0	1.0	0.96	0.94	0.98	1.0
11550	0.98	0.98	1.0	0.98	0.98	1.0	1.0	1.0	1.0	1.0	1.0	1.0	0.96	0.96	0.98	1.0
11600	0.96	0.98	1.0	0.98	0.98	1.0	1.0	1.0	0.98	1.0	0.98	1.0	0.96	0.98	0.98	1.0
11650	0.96	0.98	1.0	0.98	0.98	1.0	1.0	1.0	0.98	1.0	0.98	1.0	0.96	0.98	0.98	1.0
11700	1.0	0.98	1.0	0.98	0.96	1.0	1.0	1.0	0.98	1.0	0.98	1.0	0.96	0.98	0.96	1.0
11750	1.0	0.98	1.0	1.0	0.96	1.0	1.0	1.0	0.98	1.0	0.98	1.0	0.96	0.98	0.96	1.0
11800	0.96	0.98	1.0	1.0	0.96	1.0	1.0	1.0	0.98	1.0	0.98	1.0	0.98	0.98	0.96	0.98
11850	0.94	0.98	0.98	1.0	0.96	1.0	1.0	1.0	0.98	1.0	0.98	1.0	0.98	0.98	0.96	0.98
11900	0.98	0.98	0.96	1.0	0.96	1.0	1.0	1.0	0.98	1.0	0.98	1.0	0.98	0.98	0.96	0.98
11950	0.98	0.98	0.96	1.0	0.96	1.0	1.0	0.98	0.98	1.0	0.98	1.0	0.98	0.98	0.96	0.98
12000	0.98	0.98	0.96	1.0	0.96	1.0	1.0	0.98	0.98	1.0	0.98	1.0	0.98	0.98	0.96	0.98
12050	1.0	0.98	0.96	1.0	0.96	1.0	1.0	0.98	0.98	1.0	0.98	1.0	0.98	0.98	0.96	0.98
12100	1.0	0.98	0.96	1.0	0.96	1.0	1.0	0.98	0.98	1.0	0.98	1.0	0.98	0.98	0.96	0.98
12150	0.98	0.98	0.96	1.0	0.96	1.0	1.0	0.98	0.98	1.0	0.98	0.98	0.98	0.96	0.96	0.98
12200	0.98	0.98	0.96	1.0	0.96	1.0	1.0	0.98	0.98	1.0	0.98	0.98	0.98	0.98	0.96	0.98
12250	1.0	1.0	0.96	1.0	0.96	1.0	1.0	0.98	0.98	1.0	0.98	0.96	0.98	0.98	0.98	0.98
12300	0.98	1.0	0.96	1.0	0.96	1.0	1.0	0.98	0.98	1.0	0.98	0.96	0.98	0.98	0.98	0.98
12350	0.98	1.0	0.96	0.98	0.96	1.0	1.0	0.96	0.98	1.0	0.98	0.94	0.98	0.98	0.98	0.98
12400	1.0	1.0	0.96	0.98	0.96	1.0	1.0	0.96	0.98	1.0	0.98	0.94	0.98	0.98	0.98	0.98
12450	0.98	1.0	0.96	0.98	0.94	1.0	1.0	0.96	0.98	1.0	0.98	0.94	0.98	0.98	0.98	0.98
12500	0.98	1.0	0.96	0.98	0.94	1.0	1.0	0.96	0.96	1.0	0.98	0.92	0.98	0.98	0.98	0.98
12550	1.0	1.0	0.96	0.98	0.94	1.0	1.0	0.96	0.96	1.0	0.98	0.92	0.98	0.98	0.98	0.98
12600	1.0	1.0	0.96	0.98	0.94	1.0	1.0	0.96	0.96	1.0	0.98	0.92	0.98	0.98	0.98	0.98
12650	1.0	1.0	0.96	0.98	0.96	1.0	0.98	0.96	0.96	1.0	0.98	0.92	0.98	0.98	0.98	0.98
12700	1.0	1.0	0.96	0.98	0.96	0.98	0.98	0.96	0.96	1.0	0.98	0.92	1.0	0.98	0.98	0.98
12750	0.98	1.0	0.96	0.98	0.96	0.98	0.98	0.96	0.96	1.0	0.98	0.92	1.0	0.98	0.98	0.98
12800	0.96	1.0	0.96	0.98	0.96	0.96	0.98	0.96	0.96	1.0	0.98	0.92	1.0	0.98	0.98	0.98
12850	0.98	1.0	0.96	0.98	0.96	0.96	0.98	0.96	0.96	1.0	0.98	0.92	1.0	0.98	0.98	0.98
12900	0.98	1.0	0.94	0.98	0.96	0.96	0.98	0.96	0.96	1.0	0.98	0.92	1.0	0.98	0.98	0.98
12950	0.98	1.0	0.94	0.98	0.96	0.96	0.98	0.96	0.96	1.0	0.98	0.9	1.0	0.98	0.98	0.98
13000	1.0	1.0	0.94	0.98	0.94	0.96	0.98	0.96	0.94	1.0	0.98	0.9	1.0	0.98	0.98	0.98
13050	1.0	1.0	0.94	0.98	0.94	0.96	0.98	0.96	0.94	1.0	1.0	0.88	1.0	0.98	0.98	1.0
13100	0.98	1.0	0.94	0.98	0.94	0.96	0.98	0.96	0.94	1.0	1.0	0.88	1.0	0.98	0.98	1.0
13150	0.98	1.0	0.96	0.98	0.92	0.96	0.98	0.96	0.94	1.0	1.0	0.88	1.0	0.98	0.98	1.0
13200	0.98	1.0	0.96	0.98	0.92	0.96	0.98	0.96	0.94	0.98	1.0	0.88	1.0	0.98	0.98	1.0
13250	0.98	1.0	0.98	0.98	0.92	0.96	0.98	0.96	0.94	0.98	1.0	0.88	1.0	0.98	0.98	1.0
13300	0.98	1.0	0.98	0.98	0.92	0.96	0.98	0.96	0.96	0.98	0.98	0.88	1.0	0.98	0.98	1.0
13350	0.98	1.0	0.98	0.98	0.92	0.96	0.98	0.96	0.96	0.98	0.98	0.88	1.0	0.98	0.98	1.0
13400	0.94	1.0	0.98	0.96	0.92	0.96	0.96	0.96	0.96	0.98	0.98	0.88	1.0	0.98	1.0	1.0
13450	0.96	1.0	0.96	0.96	0.92	0.96	0.96	0.98	0.96	0.98	0.98	0.88	1.0	0.98	1.0	1.0
13500	0.98	1.0	0.96	0.96	0.92	0.96	0.96	0.98	0.96	0.98	0.98	0.88	1.0	1.0	1.0	1.0
13550	0.98	1.0	0.96	0.96	0.92	0.96	0.96	0.98	0.96	0.98	0.98	0.88	1.0	1.0	1.0	1.0
13600	0.98	1.0	0.96	0.96	0.92	0.96	0.96	0.98	0.96	0.98	0.98	0.88	1.0	1.0	1.0	1.0
13650	0.96	1.0	0.96	0.96	0.9	0.96	0.96	0.98	0.96	0.96	0.98	0.88	1.0	1.0	1.0	1.0
13700	0.98	1.0	0.96	0.98	0.9	0.96	0.96	0.98	0.96	0.96	0.98	0.92	1.0	1.0	1.0	1.0
13750	0.98	1.0	0.96	0.98	0.9	0.96	0.96	0.98	0.96	0.96	0.98	0.92	1.0	1.0	0.98	1.0
13800	1.0	1.0	0.96	0.98	0.92	0.94	0.96	0.98	0.96	0.96	0.98	0.92	1.0	1.0	0.98	1.0
13850	1.0	1.0	0.96	0.98	0.92	0.94	0.96	0.98	0.96	0.96	0.98	0.92	1.0	1.0	0.98	1.0
13900	0.96	1.0	0.96	0.98	0.92	0.94	0.96	0.98	0.98	0.96	0.98	0.92	1.0	1.0	0.98	1.0
13950	0.96	1.0	0.96	0.98	0.92	0.94	0.96	0.98	0.98	0.96	0.98	0.92	1.0	1.0	0.98	1.0
14000	0.96	1.0	0.96	0.96	0.92	0.92	0.96	0.98	0.98	0.96	0.98	0.94	1.0	1.0	0.98	1.0
14050	0.98	1.0	0.96	0.96	0.92	0.94	0.96	0.98	0.98	0.96	0.98	0.94	1.0	1.0	0.98	1.0
14100	0.98	1.0	0.96	0.96	0.92	0.96	0.96	1.0	0.98	0.96	0.98	0.96	1.0	1.0	0.98	1.0
14150	0.96	1.0	0.96	0.96	0.92	0.96	0.98	1.0	0.98	0.96	0.98	0.96	1.0	1.0	0.98	1.0
14200	0.98	1.0	0.96	0.96	0.92	0.96	0.98	1.0	0.98	0.96	0.98	0.96	0.98	1.0	0.98	1.0
14250	1.0	1.0	0.96	0.96	0.92	0.96	0.98	1.0	0.98	0.96	0.98	0.96	0.98	1.0	0.98	1.0
14300	1.0	1.0	0.96	0.96	0.92	0.96	0.98	1.0	0.98	0.96	0.98	0.98	0.98	1.0	0.98	1.0
14350	1.0	1.0	0.96	0.96	0.94	0.96	0.98	1.0	0.98	0.96	0.98	1.0	0.98	1.0	0.98	1.0
14400	1.0	1.0	0.96	0.96	0.94	0.96	0.98	1.0	0.98	0.96	0.98	1.0	0.98	1.0	0.98	0.98
14450	1.0	1.0	0.96	0.96	0.96	0.96	0.98	0.98	0.98	0.96	0.98	1.0	0.98	1.0	0.98	0.98
14500	1.0	1.0	0.96	0.96	0.96	0.96	0.98	0.98	0.98	0.98	0.98	1.0	0.98	0.98	0.98	0.98
14550	0.98	1.0	0.96	0.96	0.96	0.94	0.98	0.96	0.98	0.98	0.98	1.0	0.98	0.98	0.98	0.98
14600	0.98	0.98	0.96	0.96	0.96	0.94	0.98	0.96	1.0	0.98	0.98	1.0	0.98	0.98	0.98	0.98
14650	1.0	0.98	0.96	0.96	0.98	0.94	0.98	0.94	1.0	0.98	0.98	1.0	0.98	0.98	0.98	0.98
14700	1.0	0.98	0.96	0.96	0.98	0.94	0.98	0.94	1.0	0.98	0.98	1.0	0.98	0.98	0.98	0.98
14750	0.98	0.98	0.96	0.96	0.98	0.94	0.98	0.94	1.0	0.98	0.98	1.0	0.98	0.98	0.98	0.98
14800	0.94	0.98	0.96	0.96	0.98	0.94	0.98	0.94	1.0	0.98	1.0	1.0	0.98	0.98	0.98	0.98
14850	0.96	0.98	0.98	0.94	0.98	0.94	0.98	0.94	0.98	0.98	1.0	1.0	0.96	0.98	0.98	0.98
14900	0.96	0.98	0.98	0.94	0.98	0.94	0.98	0.94	0.96	0.98	1.0	1.0	0.96	0.98	0.98	0.98
14950	1.0	0.98	0.98	0.94	0.98	0.94	1.0	0.94	0.96	0.98	1.0	1.0	0.96	0.98	0.98	0.98
15000	1.0	0.98	0.98	0.96	1.0	0.94	1.0	0.94	0.96	0.98	1.0	1.0	0.96	0.98	0.98	0.98
15050	1.0	0.98	0.98	0.96	1.0	0.94	1.0	0.94	0.96	0.98	1.0	1.0	0.96	0.98	0.98	0.98
15100	0.96	0.98	0.98	0.96	1.0	0.94	1.0	0.94	0.96	0.98	1.0	1.0	0.96	0.98	0.98	0.98
15150	0.98	0.98	0.98	0.96	1.0	0.94	1.0	0.94	0.96	0.98	1.0	1.0	0.96	0.98	0.98	0.98
15200	1.0	0.98	0.98	0.96	1.0	0.94	1.0	0.92	0.96	0.98	1.0	1.0	0.96	0.98	0.98	0.98
15250	0.96	0.98	0.98	0.94	1.0	0.96	1.0	0.92	0.96	0.98	1.0	1.0	0.96	0.98	0.98	0.98
15300	0.96	0.98	0.98	0.94	1.0	0.96	1.0	0.92	0.96	0.98	1.0	1.0	0.96	0.98	0.98	0.98
15350	0.96	0.98	0.98	0.94	1.0	0.96	1.0	0.92	0.96	1.0	1.0	1.0	0.96	0.98	0.98	0.98
15400	0.96	0.98	1.0	0.94	1.0	0.98	1.0	0.92	0.96	1.0	1.0	1.0	0.96	0.98	0.98	0.98
15450	1.0	0.98	1.0	0.92	1.0	0.98	1.0	0.92	0.96	1.0	1.0	1.0	0.98	0.98	0.98	0.98
15500	1.0	0.98	1.0	0.92	1.0	0.98	1.0	0.92	0.96	1.0	1.0	1.0	0.98	0.98	0.98	0.98
15550	0.94	0.98	1.0	0.92	1.0	0.98	1.0	0.92	0.96	1.0	1.0	1.0	0.98	0.98	0.98	0.98
15600	0.94	0.98	1.0	0.92	1.0	0.98	1.0	0.92	0.92	1.0	1.0	1.0	0.98	0.98	0.98	0.98
15650	1.0	0.98	1.0	0.92	1.0	0.98	1.0	0.94	0.92	1.0	1.0	1.0	0.98	1.0	1.0	0.98
15700	1.0	0.96	1.0	0.94	1.0	0.98	1.0	0.96	0.92	1.0	1.0	1.0	0.98	1.0	1.0	0.98
15750	1.0	0.96	0.98	0.94	1.0	0.98	1.0	0.96	0.92	1.0	1.0	1.0	0.98	1.0	1.0	0.98
15800	1.0	0.96	0.98	0.94	1.0	0.98	1.0	0.96	0.92	1.0	1.0	1.0	0.98	1.0	1.0	0.98
15850	1.0	0.98	0.98	0.94	1.0	0.98	1.0	0.96	0.92	1.0	1.0	1.0	0.98	0.98	1.0	0.98
15900	1.0	0.98	0.98	0.94	1.0	0.98	1.0	0.96	0.92	1.0	1.0	1.0	0.98	0.98	0.98	0.98
15950	1.0	0.98	0.98	0.94	1.0	0.98	1.0	0.96	0.92	1.0	1.0	1.0	0.98	0.98	0.98	0.98
16000	1.0	0.98	0.98	0.94	1.0	0.98	1.0	0.96	0.92	1.0	1.0	1.0	0.98	0.98	0.98	1.0
16050	0.98	0.98	0.98	0.94	1.0	0.98	1.0	0.96	0.92	1.0	1.0	1.0	0.98	0.98	0.98	1.0
16100	0.98	0.98	0.98	0.94	1.0	0.98	1.0	0.96	0.92	1.0	1.0	1.0	0.98	0.98	0.98	1.0
16150	0.96	0.96	0.98	0.94	1.0	0.98	1.0	0.96	0.94	1.0	1.0	1.0	0.98	0.98	0.98	1.0
16200	0.98	0.96	0.98	0.94	1.0	0.98	1.0	0.96	0.96	1.0	1.0	1.0	0.98	0.98	0.98	1.0
16250	0.98	0.96	0.98	0.94	1.0	0.98	0.98	0.96	0.96	1.0	1.0	1.0	1.0	0.98	0.98	1.0
16300	0.98	0.96	0.98	0.94	1.0	0.98	0.98	0.96	0.96	1.0	1.0	1.0	1.0	0.98	0.98	1.0
16350	0.98	0.96	0.98	0.94	1.0	0.98	0.98	0.94	0.96	1.0	1.0	1.0	1.0	0.98	0.98	1.0
16400	0.98	0.96	0.98	0.94	1.0	0.98	0.98	0.94	0.96	1.0	1.0	1.0	1.0	0.98	0.98	1.0
16450	0.98	0.96	0.98	0.94	1.0	0.98	0.98	0.94	0.96	1.0	1.0	1.0	1.0	0.96	0.98	1.0
16500	1.0	0.96	0.98	0.94	1.0	0.98	0.96	0.94	0.96	1.0	1.0	1.0	1.0	0.96	0.98	1.0
16550	1.0	0.96	0.98	0.94	1.0	0.98	0.94	0.94	0.96	1.0	1.0	1.0	1.0	0.96	0.96	1.0
16600	0.98	0.96	0.98	0.96	1.0	0.98	0.94	0.94	0.96	1.0	1.0	1.0	1.0	0.96	0.96	1.0
16650	0.98	0.96	0.98	0.96	1.0	0.98	0.94	0.94	0.94	1.0	1.0	1.0	1.0	0.96	0.96	1.0
16700	1.0	0.96	0.98	0.96	1.0	0.98	0.94	0.94	0.94	1.0	1.0	1.0	1.0	0.96	0.96	1.0
16750	0.98	0.96	0.98	0.96	1.0	0.98	0.94	0.94	0.94	1.0	1.0	1.0	1.0	0.96	0.96	1.0
16800	0.96	0.96	0.98	0.96	1.0	0.98	0.94	0.94	0.94	1.0	1.0	1.0	1.0	0.96	0.96	1.0
16850	0.96	0.96	0.98	0.96	1.0	0.98	0.94	0.94	0.98	1.0	1.0	1.0	1.0	0.94	0.96	1.0
16900	0.96	0.96	0.98	0.96	1.0	0.98	0.94	0.94	0.98	1.0	1.0	1.0	1.0	0.94	0.96	1.0
16950	0.96	0.96	0.98	0.96	1.0	0.98	0.94	0.94	0.98	1.0	1.0	1.0	1.0	0.94	0.94	1.0
17000	0.96	0.96	1.0	0.96	1.0	0.98	0.94	0.94	0.98	1.0	1.0	1.0	1.0	0.94	0.92	1.0
17050	0.96	0.96	1.0	1.0	1.0	0.98	0.94	0.94	0.98	1.0	1.0	1.0	1.0	0.94	0.92	1.0
17100	0.96	0.96	1.0	1.0	1.0	0.98	0.94	0.94	0.98	1.0	1.0	1.0	1.0	0.94	0.92	1.0
17150	0.96	0.96	1.0	1.0	1.0	0.98	0.94	0.94	0.98	1.0	1.0	1.0	1.0	0.94	0.92	1.0
17200	0.96	0.96	1.0	1.0	1.0	0.98	0.94	0.94	0.98	1.0	1.0	0.98	1.0	0.94	0.92	1.0
17250	0.98	0.98	1.0	1.0	1.0	0.98	0.94	0.94	0.98	1.0	1.0	0.98	1.0	0.94	0.92	1.0
17300	1.0	0.98	1.0	1.0	1.0	1.0	0.94	0.94	0.98	1.0	1.0	0.98	1.0	0.96	0.92	1.0
17350	1.0	0.98	1.0	1.0	1.0	1.0	0.94	0.94	0.98	1.0	1.0	0.98	1.0	0.96	0.92	1.0
17400	1.0	0.98	1.0	1.0	1.0	1.0	0.94	0.94	0.98	1.0	1.0	0.98	1.0	0.96	0.92	1.0
17450	1.0	0.98	1.0	1.0	1.0	1.0	0.94	0.94	0.98	1.0	1.0	0.98	1.0	0.96	0.92	1.0
17500	1.0	0.98	1.0	1.0	1.0	0.98	0.94	0.94	0.98	1.0	1.0	0.98	1.0	0.96	0.92	1.0
17550	1.0	0.98	1.0	1.0	1.0	0.98	0.94	0.94	0.96	1.0	1.0	0.96	1.0	0.96	0.92	1.0
17600	1.0	0.98	1.0	1.0	1.0	0.96	0.96	0.96	0.96	1.0	1.0	0.94	0.98	0.96	0.94	1.0
17650	0.98	0.98	1.0	1.0	1.0	0.96	0.96	0.96	0.96	1.0	1.0	0.94	0.98	0.96	0.94	1.0
17700	0.96	0.98	1.0	1.0	1.0	0.96	0.96	0.96	0.96	1.0	1.0	0.94	0.98	0.96	0.94	1.0
17750	0.96	0.98	0.98	1.0	1.0	0.96	0.96	0.96	0.96	1.0	1.0	0.94	0.98	0.96	0.94	1.0
17800	0.98	1.0	0.98	1.0	1.0	0.96	0.96	0.96	0.96	1.0	1.0	0.94	0.98	0.98	0.94	1.0
17850	1.0	1.0	0.98	1.0	1.0	0.96	0.98	0.96	0.96	1.0	1.0	0.94	0.98	0.98	0.94	1.0
17900	1.0	1.0	0.98	1.0	1.0	0.96	0.98	0.98	0.96	1.0	1.0	0.92	0.98	0.98	0.94	1.0
17950	0.98	1.0	0.94	1.0	1.0	0.96	0.98	0.98	0.96	1.0	1.0	0.92	0.98	0.98	0.94	1.0
18000	0.98	1.0	0.94	1.0	1.0	0.96	1.0	0.98	0.96	1.0	1.0	0.92	0.98	0.98	0.94	1.0
18050	0.98	0.98	0.94	1.0	1.0	0.96	1.0	0.98	0.96	1.0	1.0	0.92	0.98	0.98	0.94	1.0
18100	0.98	0.98	0.94	1.0	1.0	0.96	1.0	0.98	0.98	1.0	1.0	0.92	0.98	0.98	0.94	1.0
18150	1.0	0.98	0.94	1.0	1.0	0.96	1.0	0.98	0.96	1.0	1.0	0.92	0.98	0.98	0.96	1.0
18200	1.0	0.98	0.94	1.0	1.0	0.96	1.0	0.98	0.96	1.0	1.0	0.92	0.98	0.98	0.96	1.0
18250	0.98	0.98	0.94	1.0	1.0	0.96	1.0	1.0	0.96	1.0	1.0	0.92	0.98	1.0	0.96	1.0
18300	0.96	0.98	0.94	1.0	1.0	0.96	1.0	1.0	0.96	1.0	1.0	0.92	0.98	1.0	0.96	1.0
18350	0.96	0.98	0.94	1.0	1.0	0.96	1.0	1.0	0.96	1.0	1.0	0.92	0.98	1.0	0.96	1.0
18400	0.98	0.98	0.94	1.0	1.0	0.96	1.0	1.0	0.96	1.0	1.0	0.92	0.98	1.0	0.96	1.0
18450	1.0	0.98	0.92	1.0	1.0	0.96	1.0	1.0	0.96	1.0	1.0	0.92	0.98	0.98	1.0	1.0
18500	1.0	0.98	0.92	1.0	1.0	0.96	1.0	1.0	0.96	1.0	1.0	0.92	0.98	0.98	1.0	1.0
18550	1.0	0.96	0.92	1.0	1.0	0.96	1.0	1.0	0.96	1.0	1.0	0.92	0.98	0.98	1.0	1.0
18600	1.0	0.96	0.92	1.0	1.0	0.96	1.0	1.0	0.96	1.0	1.0	0.92	0.98	0.98	0.98	1.0
18650	0.98	0.96	0.92	1.0	1.0	0.96	1.0	1.0	0.96	1.0	1.0	0.92	0.98	0.98	0.98	1.0
18700	0.98	0.96	0.92	1.0	1.0	0.96	1.0	1.0	0.96	1.0	1.0	0.92	0.98	0.98	0.98	1.0
18750	1.0	0.96	0.92	1.0	1.0	0.96	1.0	1.0	0.96	1.0	1.0	0.92	0.98	0.98	0.96	1.0
18800	1.0	0.96	0.92	1.0	1.0	0.96	1.0	1.0	0.98	1.0	1.0	0.94	0.98	0.98	0.96	1.0
18850	0.98	0.96	0.92	1.0	1.0	0.96	1.0	1.0	0.98	0.98	1.0	0.94	1.0	0.98	0.96	1.0
18900	0.98	0.96	0.92	1.0	1.0	0.96	1.0	1.0	0.98	0.98	1.0	0.94	1.0	0.98	0.96	1.0
18950	0.98	0.96	0.92	1.0	1.0	0.96	1.0	1.0	0.98	0.98	1.0	0.94	1.0	0.98	0.96	1.0
19000	0.98	0.96	0.92	1.0	1.0	0.96	1.0	1.0	0.98	0.98	1.0	0.96	1.0	0.98	0.96	1.0
19050	0.98	0.96	0.92	1.0	1.0	0.98	1.0	1.0	0.98	0.98	1.0	0.96	1.0	0.98	0.96	1.0
19100	0.98	0.96	0.92	1.0	1.0	1.0	1.0	1.0	0.98	0.98	1.0	0.96	1.0	0.98	0.96	1.0
19150	0.98	0.96	0.92	1.0	1.0	1.0	1.0	1.0	0.98	0.98	1.0	0.96	1.0	0.98	0.96	0.98
19200	0.96	0.96	0.92	1.0	1.0	1.0	1.0	1.0	0.98	0.98	1.0	0.94	1.0	0.96	0.96	0.98
19250	0.96	0.96	0.96	1.0	1.0	1.0	1.0	1.0	0.98	0.98	1.0	0.94	1.0	0.96	0.96	0.98
19300	1.0	0.96	0.96	1.0	1.0	1.0	1.0	1.0	0.98	0.98	1.0	0.96	1.0	0.96	0.94	0.98
19350	1.0	0.96	0.96	1.0	1.0	1.0	1.0	1.0	0.98	0.98	1.0	0.96	1.0	0.96	0.94	0.98
19400	1.0	0.96	0.96	1.0	1.0	1.0	1.0	1.0	0.98	0.98	1.0	0.96	0.98	0.96	0.94	0.98
19450	0.98	0.96	0.96	1.0	1.0	1.0	1.0	1.0	0.98	0.98	1.0	0.96	0.98	0.96	0.94	0.98
19500	0.98	0.96	0.96	1.0	1.0	1.0	1.0	1.0	0.98	0.98	1.0	0.96	0.98	0.96	0.94	0.98
19550	0.98	0.96	0.96	1.0	1.0	0.98	1.0	1.0	0.98	0.98	1.0	0.96	0.98	0.96	0.94	0.98
19600	0.98	0.96	0.96	1.0	1.0	0.98	1.0	1.0	0.98	0.98	1.0	0.96	0.98	0.96	0.94	0.98
19650	1.0	0.98	0.96	1.0	1.0	0.98	1.0	1.0	1.0	0.98	1.0	0.96	0.98	0.94	0.94	0.98
19700	0.96	0.96	0.96	1.0	1.0	0.98	1.0	1.0	1.0	0.98	1.0	0.96	0.98	0.94	0.94	0.98
19750	0.96	0.96	0.98	1.0	1.0	0.98	1.0	1.0	1.0	0.98	1.0	0.96	0.98	0.94	0.94	0.98
19800	1.0	0.96	0.98	1.0	1.0	0.98	1.0	1.0	1.0	0.98	1.0	0.96	0.98	0.94	0.94	0.98
19850	1.0	0.96	0.96	1.0	1.0	0.98	1.0	1.0	1.0	0.98	1.0	0.96	0.98	0.94	0.94	0.98
19900	0.98	0.96	0.96	1.0	1.0	0.98	1.0	1.0	1.0	0.98	1.0	0.96	0.98	0.94	0.96	0.98
19950	0.98	0.96	0.96	1.0	1.0	0.98	1.0	1.0	1.0	0.98	1.0	0.96	0.96	0.96	0.96	0.98
20000	1.0	0.98	0.96	1.0	1.0	0.98	1.0	1.0	1.0	0.98	1.0	0.96	0.96	0.96	0.96	0.98
