0	0.0	0.0	0.0	0.0	0.0	0.0	0.0	0.0	0.0	0.0	0.0	0.0	0.0	0.0	0.0	0.0
50	0.0	0.0	0.0	0.0	0.0	0.0	0.0	0.0	0.0	0.0	0.0	0.0	0.0	0.0	0.0	0.0
100	0.0	0.0952380952381	0.0909090909091	0.153846153846	0.125	0.0555555555556	0.0909090909091	0.0	0.0	0.0	0.0	0.0	0.111111111111	0.0	0.0	0.0
150	0.0	0.166666666667	0.142857142857	0.217391304348	0.192307692308	0.125	0.133333333333	0.0555555555556	0.0769230769231	0.05	0.181818181818	0.117647058824	0.0833333333333	0.0	0.0	0.0
200	0.0	0.138888888889	0.190476190476	0.28125	0.28125	0.125	0.125	0.115384615385	0.157894736842	0.115384615385	0.272727272727	0.25	0.0714285714286	0.047619047619	0.0434782608696	0.0
250	0.08	0.15	0.259259259259	0.314285714286	0.289473684211	0.172413793103	0.190476190476	0.117647058824	0.166666666667	0.242424242424	0.315789473684	0.305555555556	0.24	0.172413793103	0.142857142857	0.105263157895
300	0.09375	0.159090909091	0.264705882353	0.315789473684	0.357142857143	0.205882352941	0.206896551724	0.131578947368	0.151515151515	0.268292682927	0.347826086957	0.363636363636	0.25	0.181818181818	0.15625	0.136363636364
350	0.157894736842	0.183673469388	0.307692307692	0.311111111111	0.354166666667	0.2	0.210526315789	0.119047619048	0.142857142857	0.291666666667	0.42	0.4	0.272727272727	0.205128205128	0.2	0.16
400	0.19512195122	0.22	0.311111111111	0.32	0.4	0.25	0.238095238095	0.133333333333	0.162790697674	0.36	0.46	0.4	0.285714285714	0.195652173913	0.243902439024	0.18
450	0.170212765957	0.32	0.3	0.4	0.52	0.38	0.282608695652	0.163265306122	0.1875	0.4	0.46	0.42	0.36	0.24	0.212765957447	0.18
500	0.18	0.38	0.38	0.42	0.5	0.48	0.34	0.18	0.24	0.42	0.46	0.46	0.42	0.28	0.22	0.22
550	0.24	0.38	0.4	0.44	0.5	0.52	0.44	0.24	0.26	0.42	0.46	0.48	0.44	0.28	0.26	0.24
600	0.3	0.42	0.42	0.44	0.48	0.52	0.44	0.28	0.34	0.38	0.48	0.46	0.46	0.3	0.3	0.26
650	0.32	0.4	0.42	0.46	0.5	0.54	0.48	0.32	0.44	0.48	0.52	0.4	0.44	0.32	0.34	0.36
700	0.34	0.48	0.42	0.5	0.52	0.62	0.48	0.36	0.52	0.54	0.58	0.48	0.44	0.32	0.38	0.32
750	0.3	0.46	0.4	0.54	0.52	0.66	0.58	0.36	0.58	0.64	0.66	0.54	0.46	0.34	0.36	0.32
800	0.42	0.48	0.42	0.58	0.52	0.6	0.62	0.38	0.6	0.66	0.68	0.6	0.54	0.36	0.38	0.4
850	0.44	0.44	0.48	0.58	0.54	0.56	0.56	0.42	0.64	0.72	0.74	0.62	0.52	0.44	0.38	0.48
900	0.5	0.5	0.5	0.58	0.5	0.56	0.54	0.4	0.7	0.74	0.8	0.62	0.52	0.46	0.42	0.48
950	0.48	0.58	0.52	0.64	0.46	0.54	0.54	0.44	0.74	0.76	0.82	0.6	0.52	0.48	0.46	0.56
1000	0.58	0.64	0.56	0.66	0.48	0.56	0.56	0.52	0.72	0.74	0.86	0.7	0.54	0.54	0.52	0.56
1050	0.66	0.7	0.56	0.68	0.5	0.56	0.58	0.54	0.68	0.74	0.86	0.76	0.58	0.58	0.6	0.62
1100	0.68	0.68	0.56	0.64	0.5	0.64	0.62	0.54	0.64	0.74	0.8	0.66	0.64	0.58	0.62	0.64
1150	0.7	0.72	0.54	0.58	0.5	0.62	0.62	0.6	0.6	0.7	0.76	0.66	0.66	0.64	0.74	0.7
1200	0.74	0.76	0.58	0.6	0.46	0.68	0.72	0.64	0.58	0.7	0.72	0.68	0.64	0.62	0.72	0.66
1250	0.72	0.76	0.6	0.6	0.48	0.74	0.74	0.64	0.52	0.7	0.72	0.68	0.64	0.64	0.74	0.62
1300	0.72	0.76	0.52	0.58	0.5	0.84	0.8	0.68	0.46	0.62	0.64	0.62	0.64	0.66	0.76	0.66
1350	0.74	0.76	0.5	0.56	0.54	0.88	0.74	0.68	0.4	0.58	0.62	0.66	0.62	0.68	0.72	0.66
1400	0.72	0.78	0.5	0.56	0.56	0.86	0.76	0.64	0.42	0.54	0.6	0.6	0.62	0.68	0.72	0.62
1450	0.72	0.78	0.5	0.54	0.56	0.84	0.78	0.64	0.48	0.54	0.56	0.52	0.68	0.72	0.76	0.62
1500	0.7	0.72	0.54	0.54	0.58	0.84	0.82	0.66	0.48	0.54	0.56	0.6	0.72	0.72	0.72	0.62
1550	0.74	0.74	0.54	0.58	0.58	0.82	0.78	0.6	0.46	0.52	0.58	0.58	0.72	0.68	0.74	0.6
1600	0.74	0.74	0.5	0.66	0.58	0.82	0.76	0.62	0.48	0.56	0.6	0.58	0.74	0.7	0.72	0.62
1650	0.72	0.74	0.56	0.66	0.62	0.8	0.76	0.64	0.48	0.58	0.58	0.58	0.7	0.68	0.74	0.62
1700	0.74	0.74	0.54	0.64	0.64	0.8	0.8	0.62	0.54	0.66	0.64	0.58	0.74	0.68	0.78	0.62
1750	0.8	0.74	0.56	0.68	0.64	0.78	0.76	0.62	0.54	0.64	0.64	0.6	0.78	0.66	0.74	0.64
1800	0.84	0.76	0.62	0.7	0.64	0.7	0.74	0.7	0.66	0.64	0.66	0.68	0.82	0.66	0.74	0.66
1850	0.84	0.72	0.66	0.7	0.7	0.7	0.74	0.72	0.72	0.68	0.72	0.68	0.84	0.64	0.72	0.66
1900	0.86	0.68	0.62	0.72	0.68	0.72	0.76	0.74	0.76	0.72	0.74	0.7	0.82	0.62	0.7	0.68
1950	0.82	0.68	0.6	0.72	0.76	0.74	0.78	0.74	0.76	0.66	0.76	0.7	0.82	0.6	0.68	0.66
2000	0.76	0.68	0.64	0.72	0.74	0.74	0.78	0.72	0.74	0.64	0.76	0.66	0.76	0.64	0.72	0.66
2050	0.8	0.7	0.64	0.7	0.76	0.74	0.76	0.74	0.72	0.64	0.76	0.72	0.78	0.6	0.72	0.68
2100	0.84	0.72	0.64	0.72	0.76	0.72	0.82	0.76	0.7	0.64	0.78	0.72	0.8	0.62	0.74	0.66
2150	0.74	0.72	0.74	0.72	0.72	0.76	0.82	0.72	0.68	0.62	0.72	0.66	0.78	0.6	0.72	0.58
2200	0.68	0.72	0.74	0.7	0.72	0.8	0.84	0.74	0.66	0.62	0.7	0.62	0.74	0.62	0.74	0.56
2250	0.7	0.74	0.72	0.68	0.7	0.82	0.82	0.68	0.66	0.56	0.7	0.56	0.72	0.62	0.7	0.56
2300	0.7	0.76	0.78	0.72	0.74	0.86	0.8	0.68	0.68	0.58	0.76	0.6	0.68	0.62	0.72	0.56
2350	0.7	0.82	0.8	0.74	0.74	0.86	0.8	0.66	0.68	0.58	0.76	0.62	0.7	0.64	0.78	0.54
2400	0.7	0.84	0.8	0.74	0.76	0.88	0.8	0.62	0.68	0.58	0.78	0.62	0.74	0.68	0.76	0.5
2450	0.66	0.82	0.86	0.72	0.76	0.86	0.8	0.72	0.68	0.56	0.8	0.64	0.72	0.7	0.8	0.52
2500	0.62	0.8	0.8	0.72	0.74	0.8	0.78	0.72	0.72	0.64	0.84	0.72	0.7	0.7	0.76	0.52
2550	0.6	0.78	0.8	0.76	0.78	0.8	0.8	0.72	0.72	0.64	0.92	0.72	0.72	0.74	0.76	0.58
2600	0.62	0.78	0.8	0.78	0.8	0.78	0.8	0.7	0.7	0.66	0.92	0.76	0.74	0.78	0.74	0.58
2650	0.62	0.78	0.8	0.78	0.76	0.78	0.78	0.72	0.74	0.7	0.88	0.8	0.74	0.76	0.76	0.6
2700	0.64	0.8	0.78	0.72	0.72	0.76	0.78	0.72	0.76	0.72	0.84	0.8	0.76	0.78	0.8	0.62
2750	0.68	0.82	0.78	0.7	0.68	0.74	0.8	0.72	0.76	0.72	0.8	0.74	0.8	0.76	0.76	0.6
2800	0.68	0.82	0.8	0.68	0.66	0.76	0.78	0.72	0.7	0.78	0.78	0.72	0.86	0.76	0.74	0.58
2850	0.76	0.88	0.82	0.7	0.68	0.72	0.76	0.72	0.76	0.76	0.76	0.68	0.86	0.78	0.76	0.62
2900	0.76	0.86	0.76	0.68	0.72	0.76	0.76	0.68	0.76	0.76	0.7	0.64	0.86	0.76	0.76	0.6
2950	0.8	0.84	0.74	0.68	0.72	0.76	0.78	0.7	0.7	0.74	0.66	0.64	0.9	0.78	0.78	0.64
3000	0.8	0.8	0.76	0.6	0.72	0.78	0.78	0.74	0.74	0.72	0.64	0.64	0.84	0.74	0.78	0.66
3050	0.76	0.8	0.78	0.58	0.74	0.82	0.72	0.68	0.72	0.76	0.64	0.6	0.76	0.68	0.74	0.7
3100	0.74	0.78	0.76	0.62	0.76	0.82	0.76	0.74	0.68	0.74	0.64	0.62	0.74	0.66	0.74	0.68
3150	0.8	0.78	0.74	0.6	0.78	0.8	0.74	0.76	0.72	0.7	0.62	0.58	0.72	0.62	0.78	0.64
3200	0.8	0.8	0.72	0.6	0.8	0.82	0.7	0.76	0.68	0.72	0.64	0.64	0.68	0.66	0.8	0.72
3250	0.8	0.8	0.74	0.6	0.82	0.84	0.7	0.68	0.66	0.66	0.68	0.64	0.68	0.68	0.76	0.7
3300	0.8	0.76	0.7	0.58	0.8	0.82	0.68	0.7	0.66	0.66	0.7	0.7	0.68	0.7	0.78	0.7
3350	0.82	0.72	0.72	0.6	0.76	0.82	0.72	0.7	0.66	0.68	0.7	0.7	0.7	0.7	0.74	0.74
3400	0.82	0.72	0.7	0.62	0.72	0.78	0.7	0.76	0.66	0.68	0.72	0.72	0.74	0.74	0.74	0.7
3450	0.84	0.78	0.7	0.64	0.72	0.78	0.7	0.74	0.68	0.7	0.74	0.74	0.74	0.76	0.76	0.72
3500	0.82	0.76	0.7	0.62	0.68	0.8	0.74	0.68	0.66	0.66	0.72	0.72	0.84	0.78	0.74	0.72
3550	0.82	0.76	0.74	0.62	0.72	0.82	0.74	0.7	0.68	0.68	0.76	0.68	0.84	0.78	0.72	0.68
3600	0.78	0.78	0.76	0.62	0.74	0.8	0.74	0.72	0.7	0.58	0.74	0.66	0.84	0.82	0.74	0.68
3650	0.8	0.8	0.76	0.62	0.74	0.82	0.74	0.74	0.68	0.64	0.68	0.7	0.84	0.78	0.74	0.72
3700	0.8	0.88	0.8	0.68	0.76	0.88	0.78	0.74	0.74	0.66	0.7	0.7	0.84	0.76	0.76	0.7
3750	0.84	0.92	0.8	0.7	0.82	0.92	0.78	0.68	0.72	0.66	0.72	0.66	0.8	0.68	0.76	0.74
3800	0.8	0.92	0.8	0.74	0.84	0.86	0.84	0.74	0.7	0.68	0.74	0.7	0.82	0.72	0.74	0.76
3850	0.8	0.92	0.82	0.76	0.86	0.86	0.84	0.76	0.72	0.7	0.72	0.68	0.84	0.72	0.76	0.74
3900	0.8	0.92	0.82	0.78	0.8	0.82	0.8	0.78	0.74	0.78	0.74	0.74	0.82	0.72	0.72	0.8
3950	0.8	0.94	0.82	0.78	0.76	0.8	0.8	0.76	0.76	0.84	0.74	0.74	0.8	0.7	0.7	0.82
4000	0.82	0.9	0.78	0.76	0.72	0.78	0.8	0.72	0.78	0.86	0.74	0.74	0.76	0.68	0.68	0.82
4050	0.84	0.86	0.72	0.76	0.72	0.76	0.8	0.72	0.82	0.88	0.78	0.76	0.8	0.78	0.68	0.8
4100	0.84	0.84	0.72	0.74	0.7	0.76	0.8	0.7	0.82	0.86	0.8	0.76	0.8	0.76	0.66	0.8
4150	0.8	0.84	0.66	0.68	0.72	0.8	0.84	0.76	0.8	0.82	0.82	0.78	0.8	0.74	0.66	0.76
4200	0.76	0.76	0.64	0.68	0.74	0.78	0.84	0.78	0.8	0.86	0.86	0.76	0.8	0.72	0.62	0.76
4250	0.78	0.76	0.66	0.7	0.76	0.82	0.82	0.8	0.8	0.86	0.86	0.76	0.78	0.74	0.64	0.78
4300	0.76	0.74	0.64	0.68	0.76	0.86	0.88	0.8	0.84	0.86	0.9	0.78	0.78	0.74	0.64	0.74
4350	0.74	0.82	0.64	0.68	0.76	0.86	0.88	0.84	0.82	0.84	0.92	0.8	0.76	0.74	0.64	0.72
4400	0.7	0.78	0.64	0.74	0.76	0.82	0.84	0.84	0.78	0.8	0.88	0.8	0.74	0.72	0.6	0.7
4450	0.68	0.78	0.62	0.72	0.76	0.8	0.88	0.88	0.8	0.86	0.84	0.8	0.74	0.72	0.62	0.66
4500	0.66	0.8	0.7	0.76	0.72	0.76	0.88	0.86	0.78	0.88	0.82	0.82	0.72	0.66	0.66	0.64
4550	0.68	0.84	0.72	0.74	0.76	0.78	0.88	0.88	0.76	0.84	0.76	0.82	0.7	0.6	0.64	0.64
4600	0.72	0.84	0.7	0.76	0.78	0.8	0.9	0.88	0.76	0.84	0.78	0.82	0.72	0.64	0.68	0.64
4650	0.74	0.84	0.72	0.74	0.8	0.8	0.9	0.88	0.8	0.86	0.74	0.82	0.68	0.58	0.7	0.62
4700	0.78	0.86	0.72	0.72	0.84	0.82	0.9	0.88	0.84	0.88	0.74	0.82	0.72	0.6	0.7	0.62
4750	0.76	0.84	0.72	0.7	0.82	0.8	0.86	0.92	0.84	0.92	0.74	0.86	0.72	0.62	0.68	0.64
4800	0.76	0.82	0.74	0.76	0.8	0.76	0.84	0.92	0.86	0.94	0.76	0.86	0.66	0.66	0.72	0.6
4850	0.8	0.88	0.74	0.7	0.82	0.82	0.86	0.9	0.82	0.92	0.76	0.86	0.7	0.64	0.76	0.62
4900	0.8	0.82	0.72	0.7	0.82	0.82	0.78	0.88	0.86	0.9	0.78	0.86	0.7	0.66	0.76	0.66
4950	0.76	0.84	0.7	0.68	0.86	0.84	0.78	0.86	0.84	0.88	0.78	0.84	0.7	0.62	0.72	0.62
5000	0.76	0.82	0.72	0.72	0.88	0.84	0.76	0.88	0.82	0.82	0.78	0.84	0.68	0.62	0.64	0.64
5050	0.78	0.84	0.74	0.72	0.88	0.82	0.74	0.8	0.78	0.82	0.8	0.82	0.62	0.6	0.66	0.7
5100	0.78	0.84	0.72	0.7	0.86	0.8	0.7	0.78	0.74	0.82	0.74	0.82	0.58	0.58	0.68	0.66
5150	0.76	0.84	0.78	0.74	0.86	0.8	0.72	0.78	0.72	0.82	0.76	0.8	0.66	0.58	0.64	0.64
5200	0.82	0.86	0.8	0.74	0.86	0.82	0.74	0.78	0.74	0.8	0.76	0.78	0.66	0.68	0.64	0.64
5250	0.8	0.84	0.8	0.7	0.82	0.84	0.72	0.76	0.74	0.78	0.76	0.78	0.68	0.68	0.66	0.64
5300	0.8	0.84	0.82	0.72	0.86	0.86	0.74	0.78	0.76	0.78	0.76	0.76	0.68	0.7	0.66	0.62
5350	0.8	0.84	0.86	0.76	0.84	0.86	0.76	0.78	0.8	0.8	0.82	0.76	0.68	0.72	0.74	0.68
5400	0.84	0.86	0.88	0.76	0.82	0.82	0.76	0.76	0.8	0.78	0.84	0.74	0.72	0.74	0.76	0.66
5450	0.78	0.9	0.88	0.78	0.8	0.82	0.74	0.76	0.84	0.8	0.86	0.78	0.76	0.74	0.76	0.7
5500	0.82	0.92	0.9	0.82	0.8	0.82	0.76	0.78	0.88	0.88	0.88	0.8	0.74	0.72	0.76	0.72
5550	0.82	0.88	0.88	0.84	0.84	0.84	0.78	0.8	0.88	0.86	0.86	0.82	0.74	0.76	0.78	0.8
5600	0.82	0.88	0.82	0.84	0.84	0.84	0.76	0.84	0.9	0.84	0.84	0.8	0.72	0.74	0.8	0.84
5650	0.78	0.9	0.8	0.84	0.84	0.86	0.76	0.82	0.9	0.82	0.84	0.84	0.72	0.74	0.8	0.8
5700	0.82	0.9	0.78	0.84	0.82	0.84	0.74	0.82	0.9	0.84	0.84	0.86	0.78	0.72	0.82	0.8
5750	0.82	0.92	0.8	0.84	0.82	0.82	0.76	0.8	0.86	0.84	0.84	0.86	0.78	0.68	0.84	0.78
5800	0.8	0.9	0.8	0.86	0.82	0.88	0.78	0.8	0.82	0.82	0.8	0.84	0.74	0.68	0.84	0.76
5850	0.86	0.88	0.76	0.88	0.82	0.84	0.72	0.8	0.8	0.8	0.76	0.82	0.74	0.72	0.82	0.72
5900	0.84	0.84	0.72	0.84	0.78	0.84	0.7	0.78	0.78	0.76	0.76	0.76	0.76	0.72	0.78	0.76
5950	0.8	0.82	0.7	0.8	0.8	0.82	0.72	0.76	0.8	0.78	0.8	0.74	0.74	0.7	0.8	0.74
6000	0.8	0.88	0.68	0.78	0.78	0.82	0.72	0.76	0.8	0.8	0.82	0.74	0.72	0.72	0.78	0.7
6050	0.78	0.88	0.66	0.8	0.78	0.82	0.74	0.8	0.82	0.8	0.78	0.74	0.72	0.7	0.72	0.76
6100	0.84	0.88	0.72	0.78	0.84	0.84	0.74	0.78	0.82	0.8	0.78	0.7	0.7	0.72	0.78	0.76
6150	0.82	0.86	0.74	0.78	0.84	0.84	0.76	0.76	0.84	0.76	0.74	0.66	0.72	0.76	0.74	0.76
6200	0.82	0.9	0.72	0.76	0.78	0.88	0.74	0.78	0.9	0.72	0.76	0.64	0.74	0.78	0.74	0.78
6250	0.78	0.92	0.72	0.78	0.78	0.86	0.72	0.76	0.9	0.72	0.8	0.6	0.72	0.78	0.74	0.8
6300	0.72	0.92	0.76	0.78	0.8	0.88	0.74	0.74	0.84	0.7	0.74	0.62	0.72	0.76	0.74	0.8
6350	0.76	0.88	0.76	0.8	0.82	0.88	0.76	0.76	0.84	0.72	0.74	0.62	0.7	0.7	0.72	0.78
6400	0.76	0.86	0.76	0.78	0.82	0.86	0.76	0.78	0.8	0.68	0.7	0.62	0.72	0.72	0.7	0.78
6450	0.74	0.86	0.8	0.8	0.78	0.8	0.76	0.74	0.8	0.64	0.68	0.66	0.74	0.72	0.7	0.8
6500	0.7	0.82	0.8	0.78	0.76	0.78	0.7	0.68	0.76	0.68	0.7	0.68	0.74	0.7	0.66	0.84
6550	0.68	0.82	0.82	0.82	0.84	0.78	0.74	0.72	0.7	0.7	0.68	0.74	0.74	0.7	0.66	0.84
6600	0.66	0.82	0.8	0.8	0.84	0.8	0.8	0.74	0.68	0.74	0.68	0.78	0.72	0.72	0.64	0.84
6650	0.66	0.84	0.82	0.82	0.86	0.84	0.82	0.78	0.74	0.78	0.74	0.8	0.76	0.72	0.66	0.8
6700	0.7	0.78	0.82	0.76	0.82	0.84	0.82	0.74	0.76	0.78	0.74	0.78	0.78	0.66	0.6	0.8
6750	0.74	0.8	0.8	0.76	0.82	0.88	0.8	0.7	0.76	0.8	0.74	0.72	0.8	0.64	0.6	0.78
6800	0.76	0.86	0.8	0.72	0.8	0.9	0.84	0.66	0.76	0.8	0.74	0.68	0.84	0.66	0.56	0.78
6850	0.78	0.8	0.76	0.76	0.78	0.9	0.86	0.66	0.76	0.84	0.76	0.64	0.8	0.68	0.6	0.78
6900	0.78	0.82	0.74	0.74	0.76	0.92	0.86	0.74	0.78	0.82	0.76	0.66	0.84	0.72	0.64	0.78
6950	0.78	0.86	0.72	0.74	0.76	0.94	0.84	0.7	0.82	0.82	0.82	0.66	0.84	0.72	0.66	0.78
7000	0.78	0.84	0.72	0.74	0.76	0.94	0.84	0.68	0.8	0.8	0.8	0.62	0.82	0.74	0.66	0.84
7050	0.72	0.84	0.74	0.78	0.8	0.94	0.84	0.64	0.82	0.78	0.8	0.58	0.82	0.74	0.68	0.78
7100	0.76	0.82	0.76	0.82	0.8	0.94	0.86	0.74	0.8	0.78	0.8	0.58	0.84	0.78	0.76	0.8
7150	0.76	0.84	0.78	0.74	0.82	0.94	0.88	0.72	0.76	0.74	0.8	0.58	0.86	0.82	0.78	0.8
7200	0.76	0.84	0.78	0.78	0.82	0.94	0.92	0.76	0.76	0.74	0.82	0.66	0.88	0.88	0.78	0.84
7250	0.76	0.84	0.8	0.78	0.86	0.94	0.92	0.72	0.8	0.74	0.82	0.66	0.88	0.9	0.78	0.82
7300	0.76	0.86	0.8	0.76	0.84	0.96	0.92	0.74	0.82	0.74	0.8	0.66	0.92	0.9	0.76	0.78
7350	0.76	0.84	0.78	0.74	0.84	0.94	0.9	0.74	0.72	0.72	0.76	0.66	0.9	0.9	0.78	0.78
7400	0.76	0.86	0.82	0.7	0.82	0.94	0.94	0.78	0.68	0.72	0.76	0.68	0.88	0.88	0.78	0.82
7450	0.78	0.86	0.82	0.68	0.8	0.9	0.9	0.78	0.76	0.72	0.72	0.64	0.9	0.86	0.76	0.84
7500	0.78	0.86	0.8	0.64	0.76	0.88	0.9	0.84	0.72	0.72	0.7	0.7	0.88	0.9	0.74	0.84
7550	0.78	0.88	0.82	0.66	0.76	0.88	0.86	0.86	0.7	0.78	0.66	0.72	0.84	0.84	0.7	0.84
7600	0.78	0.88	0.82	0.64	0.72	0.88	0.86	0.84	0.72	0.78	0.66	0.72	0.82	0.78	0.7	0.82
7650	0.8	0.88	0.82	0.62	0.7	0.86	0.88	0.84	0.7	0.8	0.68	0.78	0.8	0.74	0.68	0.82
7700	0.8	0.88	0.84	0.6	0.7	0.86	0.86	0.86	0.72	0.82	0.7	0.76	0.74	0.72	0.72	0.84
7750	0.76	0.9	0.84	0.62	0.72	0.86	0.84	0.82	0.68	0.86	0.66	0.76	0.74	0.72	0.74	0.86
7800	0.72	0.9	0.86	0.64	0.74	0.88	0.84	0.78	0.62	0.82	0.68	0.8	0.74	0.72	0.74	0.78
7850	0.7	0.88	0.82	0.6	0.72	0.88	0.82	0.78	0.6	0.82	0.7	0.84	0.76	0.76	0.76	0.72
7900	0.68	0.86	0.82	0.6	0.74	0.9	0.84	0.7	0.58	0.82	0.68	0.8	0.76	0.76	0.78	0.72
7950	0.7	0.82	0.82	0.62	0.76	0.86	0.88	0.72	0.58	0.8	0.64	0.8	0.78	0.78	0.8	0.72
8000	0.7	0.82	0.82	0.64	0.72	0.84	0.84	0.64	0.56	0.8	0.68	0.76	0.78	0.84	0.82	0.68
8050	0.66	0.82	0.84	0.64	0.76	0.84	0.82	0.66	0.56	0.78	0.68	0.76	0.8	0.84	0.84	0.72
8100	0.66	0.78	0.82	0.68	0.76	0.8	0.82	0.7	0.58	0.78	0.7	0.78	0.82	0.9	0.84	0.76
8150	0.66	0.78	0.84	0.68	0.78	0.82	0.82	0.7	0.62	0.72	0.68	0.76	0.88	0.92	0.86	0.8
8200	0.68	0.78	0.88	0.7	0.82	0.82	0.88	0.7	0.66	0.72	0.66	0.72	0.9	0.88	0.8	0.8
8250	0.7	0.8	0.9	0.74	0.82	0.86	0.88	0.7	0.66	0.72	0.64	0.74	0.92	0.9	0.8	0.82
8300	0.7	0.86	0.9	0.76	0.76	0.84	0.88	0.7	0.68	0.74	0.66	0.7	0.92	0.9	0.78	0.82
8350	0.74	0.78	0.86	0.74	0.74	0.82	0.86	0.7	0.7	0.74	0.68	0.72	0.88	0.88	0.78	0.84
8400	0.74	0.78	0.84	0.78	0.76	0.86	0.86	0.68	0.68	0.7	0.68	0.72	0.88	0.9	0.8	0.84
8450	0.74	0.8	0.84	0.72	0.76	0.88	0.88	0.68	0.64	0.72	0.64	0.66	0.86	0.86	0.78	0.86
8500	0.74	0.8	0.82	0.72	0.8	0.9	0.84	0.68	0.64	0.76	0.66	0.7	0.84	0.86	0.8	0.84
8550	0.74	0.84	0.82	0.74	0.78	0.88	0.84	0.74	0.68	0.76	0.68	0.72	0.82	0.84	0.8	0.84
8600	0.74	0.82	0.84	0.76	0.74	0.8	0.76	0.7	0.68	0.76	0.7	0.72	0.8	0.82	0.82	0.8
8650	0.7	0.84	0.82	0.74	0.74	0.76	0.76	0.74	0.66	0.76	0.7	0.74	0.78	0.84	0.84	0.8
8700	0.74	0.88	0.8	0.78	0.74	0.76	0.76	0.74	0.66	0.74	0.7	0.74	0.76	0.82	0.84	0.74
8750	0.74	0.88	0.8	0.78	0.72	0.78	0.78	0.78	0.62	0.7	0.68	0.74	0.78	0.78	0.82	0.74
8800	0.74	0.92	0.84	0.8	0.68	0.76	0.78	0.78	0.6	0.66	0.7	0.72	0.78	0.78	0.82	0.76
8850	0.74	0.9	0.86	0.78	0.72	0.76	0.78	0.76	0.58	0.74	0.68	0.72	0.84	0.82	0.82	0.76
8900	0.82	0.86	0.86	0.82	0.72	0.8	0.8	0.78	0.68	0.74	0.7	0.82	0.86	0.82	0.82	0.78
8950	0.84	0.84	0.82	0.86	0.76	0.8	0.84	0.82	0.7	0.76	0.74	0.82	0.86	0.8	0.86	0.76
9000	0.86	0.82	0.78	0.84	0.8	0.8	0.88	0.86	0.72	0.74	0.76	0.8	0.92	0.84	0.84	0.72
9050	0.84	0.8	0.76	0.8	0.76	0.8	0.9	0.82	0.68	0.74	0.76	0.78	0.9	0.84	0.84	0.76
9100	0.78	0.78	0.72	0.78	0.8	0.78	0.88	0.82	0.72	0.74	0.8	0.8	0.92	0.84	0.8	0.76
9150	0.82	0.78	0.76	0.78	0.78	0.8	0.88	0.78	0.74	0.76	0.82	0.84	0.92	0.84	0.82	0.8
9200	0.82	0.8	0.78	0.78	0.78	0.8	0.88	0.76	0.78	0.7	0.78	0.8	0.94	0.9	0.84	0.82
9250	0.8	0.8	0.78	0.8	0.78	0.82	0.84	0.78	0.78	0.68	0.74	0.78	0.96	0.86	0.78	0.84
9300	0.82	0.8	0.76	0.78	0.8	0.84	0.84	0.76	0.72	0.7	0.66	0.74	0.96	0.86	0.8	0.8
9350	0.84	0.8	0.78	0.72	0.76	0.82	0.8	0.72	0.68	0.68	0.64	0.78	0.9	0.86	0.8	0.82
9400	0.86	0.82	0.82	0.76	0.74	0.8	0.8	0.74	0.72	0.68	0.64	0.78	0.86	0.86	0.8	0.86
9450	0.86	0.8	0.84	0.78	0.8	0.84	0.74	0.72	0.74	0.68	0.64	0.76	0.84	0.86	0.8	0.84
9500	0.84	0.8	0.82	0.76	0.8	0.84	0.8	0.72	0.68	0.74	0.68	0.76	0.84	0.88	0.84	0.9
9550	0.84	0.8	0.84	0.78	0.78	0.8	0.74	0.72	0.68	0.78	0.68	0.82	0.82	0.84	0.86	0.88
9600	0.84	0.8	0.88	0.8	0.8	0.8	0.72	0.74	0.66	0.78	0.7	0.8	0.78	0.86	0.88	0.86
9650	0.84	0.78	0.9	0.78	0.82	0.76	0.72	0.76	0.68	0.8	0.76	0.86	0.74	0.86	0.92	0.86
9700	0.82	0.78	0.9	0.76	0.82	0.76	0.74	0.8	0.68	0.84	0.82	0.86	0.72	0.82	0.92	0.88
9750	0.82	0.8	0.92	0.78	0.82	0.8	0.74	0.84	0.72	0.84	0.82	0.86	0.72	0.78	0.9	0.88
9800	0.82	0.8	0.92	0.76	0.8	0.78	0.8	0.84	0.74	0.84	0.76	0.82	0.72	0.8	0.84	0.88
9850	0.82	0.8	0.9	0.76	0.8	0.78	0.78	0.84	0.74	0.84	0.76	0.84	0.74	0.78	0.84	0.92
9900	0.84	0.8	0.9	0.76	0.78	0.76	0.78	0.88	0.74	0.78	0.72	0.84	0.72	0.76	0.82	0.88
9950	0.82	0.82	0.9	0.78	0.76	0.8	0.76	0.86	0.8	0.82	0.72	0.82	0.74	0.76	0.82	0.86
10000	0.8	0.84	0.9	0.78	0.78	0.84	0.84	0.84	0.8	0.84	0.74	0.8	0.78	0.74	0.76	0.82
10050	0.8	0.84	0.9	0.8	0.8	0.86	0.86	0.82	0.78	0.78	0.72	0.8	0.8	0.78	0.78	0.82
10100	0.84	0.86	0.86	0.78	0.8	0.84	0.86	0.84	0.76	0.72	0.68	0.8	0.78	0.76	0.82	0.82
10150	0.84	0.86	0.84	0.78	0.82	0.8	0.84	0.8	0.74	0.7	0.68	0.74	0.8	0.8	0.84	0.8
10200	0.84	0.84	0.82	0.82	0.86	0.82	0.82	0.78	0.78	0.74	0.68	0.78	0.82	0.8	0.84	0.8
10250	0.82	0.88	0.78	0.78	0.9	0.82	0.78	0.76	0.74	0.7	0.72	0.76	0.84	0.8	0.82	0.8
10300	0.8	0.86	0.76	0.78	0.88	0.82	0.8	0.82	0.72	0.72	0.72	0.78	0.9	0.76	0.82	0.8
10350	0.8	0.88	0.76	0.78	0.86	0.8	0.8	0.84	0.72	0.64	0.74	0.74	0.88	0.82	0.86	0.82
10400	0.8	0.9	0.78	0.78	0.84	0.78	0.78	0.84	0.72	0.66	0.72	0.74	0.88	0.86	0.88	0.82
10450	0.8	0.88	0.78	0.74	0.84	0.8	0.8	0.8	0.7	0.7	0.76	0.74	0.9	0.82	0.82	0.84
10500	0.78	0.9	0.78	0.74	0.8	0.8	0.8	0.78	0.7	0.64	0.78	0.76	0.9	0.84	0.84	0.84
10550	0.78	0.86	0.8	0.72	0.78	0.82	0.84	0.78	0.66	0.64	0.74	0.72	0.9	0.86	0.84	0.86
10600	0.8	0.82	0.78	0.68	0.8	0.82	0.84	0.72	0.64	0.68	0.78	0.74	0.92	0.86	0.84	0.86
10650	0.82	0.84	0.78	0.66	0.76	0.82	0.86	0.74	0.66	0.72	0.8	0.74	0.9	0.86	0.86	0.86
10700	0.8	0.84	0.8	0.64	0.72	0.84	0.8	0.68	0.64	0.72	0.74	0.74	0.86	0.82	0.84	0.84
10750	0.76	0.84	0.8	0.62	0.68	0.84	0.8	0.7	0.64	0.72	0.72	0.76	0.82	0.8	0.82	0.82
10800	0.78	0.82	0.8	0.62	0.72	0.88	0.78	0.7	0.7	0.78	0.76	0.74	0.8	0.76	0.8	0.82
10850	0.76	0.74	0.8	0.54	0.68	0.88	0.78	0.66	0.74	0.8	0.72	0.74	0.78	0.82	0.82	0.82
10900	0.76	0.74	0.78	0.58	0.72	0.88	0.76	0.7	0.8	0.8	0.72	0.72	0.76	0.78	0.8	0.82
10950	0.76	0.74	0.78	0.6	0.66	0.8	0.76	0.7	0.82	0.82	0.7	0.72	0.76	0.76	0.8	0.76
11000	0.74	0.74	0.8	0.62	0.7	0.82	0.78	0.7	0.82	0.8	0.72	0.68	0.78	0.76	0.82	0.74
11050	0.76	0.74	0.76	0.66	0.7	0.82	0.8	0.74	0.84	0.82	0.78	0.72	0.8	0.78	0.82	0.76
11100	0.78	0.7	0.78	0.66	0.7	0.82	0.84	0.74	0.86	0.82	0.8	0.66	0.8	0.78	0.8	0.78
11150	0.78	0.7	0.72	0.7	0.74	0.8	0.86	0.76	0.88	0.84	0.8	0.68	0.8	0.76	0.84	0.76
11200	0.82	0.74	0.7	0.76	0.76	0.78	0.86	0.72	0.86	0.82	0.82	0.7	0.8	0.76	0.84	0.8
11250	0.84	0.76	0.72	0.74	0.8	0.78	0.88	0.78	0.86	0.78	0.84	0.68	0.84	0.78	0.84	0.82
11300	0.84	0.78	0.68	0.72	0.8	0.8	0.9	0.8	0.8	0.78	0.8	0.7	0.86	0.76	0.8	0.78
11350	0.84	0.78	0.68	0.7	0.82	0.8	0.86	0.76	0.74	0.78	0.8	0.66	0.86	0.76	0.82	0.84
11400	0.78	0.8	0.66	0.72	0.8	0.82	0.9	0.76	0.78	0.76	0.8	0.66	0.84	0.78	0.8	0.84
11450	0.74	0.8	0.66	0.72	0.82	0.86	0.92	0.82	0.78	0.76	0.8	0.7	0.82	0.74	0.76	0.82
11500	0.72	0.82	0.64	0.68	0.74	0.8	0.86	0.82	0.78	0.76	0.8	0.7	0.86	0.76	0.74	0.82
11550	0.72	0.84	0.64	0.7	0.7	0.74	0.86	0.84	0.78	0.76	0.78	0.72	0.86	0.76	0.74	0.8
11600	0.66	0.82	0.72	0.74	0.68	0.64	0.82	0.84	0.76	0.76	0.76	0.74	0.78	0.8	0.74	0.78
11650	0.68	0.82	0.74	0.72	0.66	0.66	0.82	0.84	0.78	0.8	0.72	0.7	0.8	0.82	0.74	0.82
11700	0.68	0.8	0.74	0.78	0.66	0.68	0.82	0.84	0.8	0.82	0.72	0.72	0.76	0.78	0.76	0.78
11750	0.72	0.8	0.74	0.74	0.62	0.64	0.82	0.82	0.8	0.8	0.76	0.68	0.78	0.78	0.7	0.84
11800	0.74	0.78	0.7	0.72	0.6	0.64	0.84	0.78	0.74	0.84	0.76	0.68	0.78	0.76	0.74	0.82
11850	0.72	0.78	0.7	0.74	0.66	0.62	0.86	0.8	0.72	0.84	0.76	0.68	0.8	0.78	0.7	0.82
11900	0.76	0.76	0.74	0.76	0.64	0.58	0.86	0.76	0.7	0.84	0.74	0.68	0.8	0.78	0.74	0.86
11950	0.8	0.76	0.76	0.74	0.62	0.62	0.86	0.74	0.72	0.86	0.76	0.7	0.8	0.76	0.72	0.88
12000	0.78	0.76	0.78	0.72	0.6	0.7	0.86	0.74	0.74	0.88	0.82	0.72	0.84	0.72	0.74	0.86
12050	0.8	0.78	0.8	0.7	0.6	0.7	0.9	0.72	0.74	0.84	0.84	0.72	0.82	0.7	0.76	0.9
12100	0.76	0.76	0.78	0.72	0.62	0.72	0.9	0.76	0.72	0.76	0.8	0.7	0.8	0.74	0.76	0.88
12150	0.76	0.76	0.74	0.68	0.6	0.72	0.88	0.78	0.74	0.76	0.78	0.76	0.72	0.74	0.78	0.9
12200	0.74	0.72	0.82	0.72	0.62	0.68	0.88	0.8	0.72	0.76	0.78	0.74	0.7	0.74	0.8	0.9
12250	0.72	0.74	0.84	0.74	0.62	0.66	0.86	0.76	0.74	0.72	0.74	0.72	0.72	0.72	0.78	0.86
12300	0.7	0.74	0.82	0.74	0.64	0.7	0.84	0.76	0.74	0.7	0.76	0.74	0.68	0.74	0.76	0.8
12350	0.66	0.74	0.82	0.7	0.58	0.66	0.8	0.76	0.76	0.68	0.76	0.7	0.7	0.76	0.76	0.78
12400	0.68	0.72	0.8	0.7	0.62	0.68	0.82	0.74	0.74	0.7	0.7	0.74	0.68	0.74	0.74	0.72
12450	0.64	0.72	0.78	0.74	0.66	0.68	0.82	0.72	0.72	0.7	0.68	0.72	0.72	0.78	0.76	0.7
12500	0.7	0.72	0.78	0.68	0.64	0.68	0.82	0.7	0.72	0.72	0.68	0.7	0.74	0.76	0.78	0.68
12550	0.68	0.72	0.8	0.72	0.66	0.72	0.78	0.68	0.72	0.64	0.68	0.72	0.76	0.74	0.74	0.7
12600	0.72	0.74	0.8	0.76	0.68	0.74	0.8	0.74	0.74	0.64	0.64	0.7	0.82	0.78	0.78	0.74
12650	0.7	0.68	0.76	0.78	0.74	0.72	0.78	0.74	0.8	0.68	0.62	0.66	0.78	0.78	0.76	0.76
12700	0.74	0.74	0.76	0.78	0.74	0.72	0.82	0.76	0.82	0.72	0.66	0.68	0.78	0.76	0.8	0.78
12750	0.74	0.76	0.8	0.74	0.74	0.74	0.84	0.8	0.78	0.72	0.62	0.66	0.78	0.68	0.78	0.8
12800	0.76	0.78	0.84	0.78	0.78	0.8	0.84	0.76	0.8	0.74	0.66	0.66	0.74	0.64	0.72	0.78
12850	0.74	0.8	0.84	0.8	0.82	0.8	0.84	0.76	0.8	0.78	0.66	0.66	0.72	0.64	0.68	0.8
12900	0.76	0.82	0.88	0.82	0.8	0.78	0.76	0.78	0.78	0.8	0.7	0.7	0.68	0.64	0.7	0.8
12950	0.78	0.84	0.88	0.84	0.82	0.78	0.74	0.76	0.76	0.86	0.72	0.68	0.62	0.64	0.64	0.82
13000	0.76	0.86	0.88	0.78	0.86	0.8	0.78	0.76	0.74	0.8	0.76	0.7	0.6	0.62	0.64	0.8
13050	0.72	0.82	0.82	0.7	0.82	0.78	0.8	0.76	0.7	0.8	0.82	0.78	0.6	0.64	0.62	0.76
13100	0.74	0.84	0.8	0.68	0.74	0.74	0.78	0.74	0.66	0.76	0.74	0.7	0.6	0.68	0.62	0.76
13150	0.82	0.84	0.78	0.72	0.72	0.74	0.78	0.74	0.7	0.78	0.74	0.7	0.64	0.68	0.68	0.8
13200	0.8	0.8	0.74	0.7	0.72	0.74	0.76	0.76	0.7	0.78	0.74	0.74	0.62	0.66	0.7	0.82
13250	0.82	0.8	0.74	0.68	0.64	0.68	0.7	0.8	0.68	0.76	0.74	0.78	0.66	0.68	0.68	0.78
13300	0.82	0.78	0.7	0.62	0.62	0.64	0.76	0.82	0.7	0.76	0.76	0.78	0.68	0.7	0.72	0.74
13350	0.8	0.72	0.7	0.64	0.64	0.6	0.72	0.84	0.72	0.78	0.74	0.78	0.7	0.66	0.76	0.74
13400	0.78	0.7	0.74	0.64	0.6	0.6	0.74	0.84	0.7	0.78	0.72	0.8	0.66	0.64	0.74	0.72
13450	0.78	0.76	0.76	0.68	0.58	0.54	0.7	0.84	0.7	0.82	0.7	0.8	0.7	0.66	0.78	0.74
13500	0.72	0.74	0.78	0.72	0.66	0.52	0.72	0.88	0.68	0.86	0.72	0.86	0.7	0.64	0.7	0.72
13550	0.72	0.7	0.74	0.76	0.66	0.56	0.76	0.86	0.7	0.86	0.76	0.86	0.72	0.7	0.74	0.72
13600	0.7	0.74	0.74	0.78	0.64	0.56	0.76	0.82	0.68	0.82	0.8	0.82	0.72	0.66	0.72	0.7
13650	0.68	0.74	0.78	0.78	0.64	0.56	0.82	0.84	0.66	0.82	0.78	0.82	0.8	0.7	0.66	0.7
13700	0.64	0.78	0.76	0.72	0.64	0.6	0.84	0.86	0.68	0.82	0.74	0.84	0.84	0.72	0.64	0.68
13750	0.64	0.8	0.74	0.72	0.68	0.66	0.86	0.84	0.62	0.86	0.72	0.84	0.84	0.74	0.66	0.62
13800	0.66	0.78	0.72	0.7	0.64	0.66	0.84	0.84	0.66	0.84	0.72	0.82	0.8	0.72	0.64	0.6
13850	0.64	0.78	0.7	0.68	0.64	0.66	0.84	0.86	0.68	0.84	0.7	0.82	0.78	0.72	0.62	0.68
13900	0.6	0.8	0.7	0.7	0.6	0.64	0.8	0.82	0.7	0.84	0.72	0.78	0.8	0.72	0.62	0.7
13950	0.56	0.78	0.72	0.66	0.58	0.62	0.8	0.78	0.68	0.82	0.68	0.76	0.78	0.76	0.52	0.68
14000	0.54	0.78	0.7	0.66	0.58	0.64	0.78	0.8	0.72	0.8	0.68	0.78	0.74	0.76	0.52	0.66
14050	0.52	0.78	0.68	0.6	0.66	0.62	0.74	0.8	0.72	0.84	0.74	0.8	0.74	0.76	0.58	0.66
14100	0.56	0.78	0.74	0.62	0.66	0.58	0.7	0.8	0.74	0.84	0.74	0.78	0.7	0.78	0.64	0.7
14150	0.58	0.8	0.78	0.7	0.66	0.56	0.72	0.82	0.74	0.84	0.72	0.76	0.74	0.8	0.66	0.68
14200	0.64	0.8	0.82	0.68	0.72	0.62	0.72	0.78	0.74	0.82	0.72	0.72	0.74	0.78	0.66	0.68
14250	0.66	0.84	0.84	0.7	0.74	0.64	0.7	0.76	0.72	0.82	0.72	0.74	0.74	0.78	0.68	0.66
14300	0.64	0.86	0.84	0.7	0.76	0.68	0.72	0.74	0.74	0.8	0.74	0.68	0.76	0.78	0.66	0.6
14350	0.64	0.84	0.84	0.7	0.74	0.68	0.72	0.72	0.76	0.78	0.76	0.66	0.74	0.76	0.64	0.66
14400	0.72	0.86	0.84	0.74	0.74	0.7	0.74	0.72	0.74	0.76	0.84	0.66	0.78	0.8	0.68	0.7
14450	0.76	0.82	0.88	0.8	0.78	0.66	0.78	0.7	0.7	0.74	0.82	0.66	0.8	0.78	0.72	0.74
14500	0.72	0.8	0.9	0.76	0.76	0.68	0.78	0.7	0.76	0.72	0.84	0.68	0.82	0.8	0.68	0.74
14550	0.74	0.78	0.88	0.8	0.76	0.68	0.8	0.74	0.78	0.72	0.84	0.74	0.82	0.8	0.7	0.78
14600	0.8	0.8	0.86	0.78	0.76	0.68	0.84	0.78	0.8	0.78	0.84	0.74	0.86	0.78	0.7	0.76
14650	0.82	0.84	0.84	0.82	0.72	0.66	0.82	0.8	0.8	0.76	0.82	0.76	0.82	0.8	0.74	0.78
14700	0.78	0.84	0.84	0.86	0.72	0.66	0.86	0.82	0.8	0.76	0.84	0.86	0.8	0.8	0.82	0.84
14750	0.74	0.82	0.8	0.88	0.7	0.64	0.86	0.82	0.8	0.76	0.86	0.84	0.82	0.82	0.78	0.82
14800	0.76	0.78	0.78	0.88	0.7	0.64	0.84	0.86	0.8	0.8	0.8	0.86	0.78	0.78	0.8	0.76
14850	0.78	0.74	0.78	0.86	0.66	0.64	0.8	0.86	0.8	0.8	0.78	0.86	0.76	0.72	0.82	0.74
14900	0.76	0.72	0.72	0.84	0.64	0.66	0.8	0.84	0.82	0.82	0.78	0.84	0.76	0.74	0.78	0.72
14950	0.74	0.7	0.66	0.82	0.66	0.64	0.8	0.82	0.78	0.78	0.82	0.86	0.76	0.72	0.72	0.68
15000	0.74	0.74	0.68	0.82	0.62	0.62	0.8	0.8	0.78	0.82	0.84	0.88	0.72	0.7	0.7	0.72
15050	0.7	0.72	0.72	0.8	0.62	0.6	0.76	0.78	0.76	0.84	0.78	0.88	0.72	0.7	0.66	0.74
15100	0.72	0.7	0.68	0.82	0.62	0.58	0.78	0.8	0.7	0.8	0.78	0.9	0.72	0.68	0.64	0.74
15150	0.72	0.66	0.68	0.78	0.62	0.56	0.78	0.82	0.72	0.8	0.74	0.92	0.74	0.7	0.68	0.76
15200	0.72	0.66	0.68	0.76	0.6	0.56	0.78	0.82	0.72	0.78	0.7	0.9	0.74	0.7	0.72	0.8
15250	0.7	0.76	0.7	0.72	0.6	0.6	0.74	0.84	0.72	0.82	0.68	0.9	0.78	0.7	0.72	0.82
15300	0.72	0.72	0.7	0.68	0.62	0.58	0.82	0.8	0.74	0.8	0.66	0.84	0.84	0.72	0.74	0.8
15350	0.7	0.68	0.74	0.7	0.64	0.56	0.78	0.76	0.7	0.8	0.64	0.84	0.82	0.78	0.76	0.84
15400	0.72	0.72	0.74	0.72	0.64	0.58	0.74	0.76	0.7	0.8	0.7	0.84	0.82	0.82	0.78	0.84
15450	0.72	0.72	0.7	0.7	0.66	0.6	0.72	0.76	0.7	0.8	0.72	0.84	0.84	0.86	0.86	0.86
15500	0.74	0.74	0.66	0.7	0.68	0.6	0.72	0.72	0.72	0.84	0.74	0.8	0.84	0.9	0.86	0.8
15550	0.74	0.72	0.66	0.76	0.64	0.62	0.74	0.7	0.74	0.84	0.78	0.78	0.9	0.94	0.88	0.82
15600	0.74	0.74	0.68	0.8	0.66	0.68	0.74	0.7	0.78	0.84	0.82	0.8	0.9	0.94	0.88	0.8
15650	0.76	0.78	0.64	0.82	0.66	0.7	0.74	0.7	0.76	0.86	0.82	0.8	0.9	0.92	0.88	0.8
15700	0.68	0.78	0.66	0.8	0.68	0.74	0.74	0.74	0.78	0.84	0.82	0.78	0.9	0.9	0.8	0.72
15750	0.66	0.76	0.62	0.82	0.66	0.72	0.74	0.8	0.8	0.84	0.8	0.82	0.88	0.88	0.78	0.72
15800	0.62	0.74	0.6	0.78	0.64	0.72	0.7	0.84	0.86	0.84	0.82	0.82	0.88	0.9	0.76	0.66
15850	0.62	0.74	0.62	0.8	0.66	0.74	0.7	0.86	0.86	0.8	0.84	0.76	0.84	0.88	0.74	0.68
15900	0.7	0.74	0.64	0.78	0.68	0.74	0.76	0.86	0.9	0.82	0.82	0.74	0.86	0.86	0.74	0.66
15950	0.7	0.76	0.64	0.8	0.7	0.7	0.74	0.86	0.86	0.78	0.76	0.74	0.84	0.86	0.74	0.66
16000	0.72	0.74	0.64	0.76	0.66	0.66	0.72	0.88	0.84	0.82	0.76	0.74	0.84	0.86	0.76	0.66
16050	0.74	0.76	0.66	0.76	0.66	0.68	0.7	0.84	0.82	0.8	0.74	0.76	0.82	0.82	0.78	0.72
16100	0.76	0.76	0.64	0.68	0.7	0.72	0.66	0.82	0.84	0.84	0.76	0.72	0.8	0.88	0.84	0.76
16150	0.78	0.78	0.66	0.72	0.72	0.7	0.66	0.82	0.8	0.84	0.76	0.74	0.74	0.86	0.86	0.78
16200	0.78	0.76	0.68	0.72	0.72	0.72	0.68	0.78	0.74	0.84	0.72	0.72	0.76	0.88	0.9	0.82
16250	0.82	0.76	0.66	0.68	0.72	0.74	0.68	0.74	0.72	0.86	0.74	0.74	0.76	0.88	0.86	0.82
16300	0.76	0.72	0.64	0.64	0.7	0.74	0.72	0.78	0.74	0.88	0.74	0.74	0.76	0.86	0.84	0.82
16350	0.78	0.74	0.64	0.64	0.7	0.7	0.66	0.78	0.78	0.84	0.72	0.74	0.76	0.86	0.8	0.82
16400	0.78	0.72	0.64	0.64	0.68	0.72	0.66	0.74	0.76	0.86	0.7	0.72	0.76	0.86	0.8	0.84
16450	0.78	0.74	0.62	0.76	0.7	0.72	0.66	0.76	0.8	0.88	0.7	0.76	0.76	0.88	0.78	0.84
16500	0.76	0.74	0.66	0.76	0.68	0.66	0.62	0.8	0.82	0.88	0.7	0.74	0.76	0.86	0.78	0.82
16550	0.8	0.76	0.68	0.76	0.72	0.7	0.64	0.8	0.82	0.88	0.72	0.74	0.78	0.88	0.8	0.84
16600	0.8	0.78	0.66	0.8	0.72	0.64	0.64	0.8	0.84	0.82	0.68	0.72	0.8	0.86	0.82	0.8
16650	0.8	0.78	0.76	0.82	0.76	0.64	0.6	0.8	0.88	0.82	0.74	0.72	0.8	0.86	0.86	0.76
16700	0.82	0.82	0.7	0.8	0.74	0.64	0.58	0.8	0.9	0.8	0.68	0.76	0.82	0.9	0.8	0.76
16750	0.84	0.86	0.76	0.76	0.74	0.66	0.64	0.82	0.88	0.76	0.66	0.78	0.8	0.82	0.82	0.76
16800	0.82	0.86	0.76	0.76	0.72	0.66	0.64	0.78	0.9	0.8	0.76	0.8	0.8	0.82	0.84	0.74
16850	0.8	0.84	0.74	0.76	0.74	0.66	0.7	0.78	0.88	0.8	0.78	0.76	0.84	0.8	0.84	0.72
16900	0.84	0.84	0.74	0.76	0.72	0.64	0.72	0.76	0.84	0.76	0.78	0.8	0.86	0.8	0.82	0.72
16950	0.84	0.82	0.72	0.74	0.66	0.68	0.72	0.76	0.84	0.76	0.8	0.78	0.84	0.82	0.82	0.72
17000	0.8	0.8	0.66	0.68	0.62	0.68	0.72	0.78	0.88	0.74	0.82	0.8	0.82	0.8	0.82	0.76
17050	0.78	0.78	0.62	0.66	0.56	0.72	0.74	0.8	0.88	0.8	0.82	0.78	0.84	0.78	0.82	0.74
17100	0.78	0.82	0.68	0.66	0.56	0.7	0.76	0.78	0.86	0.78	0.86	0.74	0.8	0.76	0.82	0.76
17150	0.74	0.78	0.64	0.66	0.54	0.7	0.78	0.78	0.88	0.78	0.88	0.74	0.76	0.76	0.84	0.74
17200	0.78	0.78	0.6	0.68	0.52	0.7	0.76	0.76	0.86	0.74	0.88	0.72	0.76	0.84	0.86	0.76
17250	0.76	0.78	0.6	0.68	0.46	0.68	0.76	0.8	0.84	0.76	0.86	0.76	0.8	0.86	0.86	0.78
17300	0.76	0.78	0.68	0.66	0.5	0.7	0.82	0.76	0.82	0.78	0.9	0.76	0.78	0.82	0.88	0.8
17350	0.76	0.78	0.68	0.7	0.58	0.7	0.82	0.78	0.86	0.78	0.88	0.72	0.76	0.82	0.88	0.8
17400	0.76	0.8	0.68	0.7	0.58	0.62	0.76	0.76	0.84	0.74	0.86	0.7	0.78	0.82	0.9	0.78
17450	0.76	0.82	0.7	0.76	0.58	0.66	0.8	0.7	0.82	0.74	0.86	0.72	0.78	0.8	0.86	0.76
17500	0.72	0.78	0.76	0.8	0.62	0.64	0.76	0.72	0.82	0.72	0.84	0.76	0.8	0.82	0.8	0.72
17550	0.74	0.8	0.76	0.82	0.62	0.62	0.76	0.74	0.78	0.68	0.78	0.72	0.78	0.84	0.78	0.76
17600	0.72	0.82	0.78	0.82	0.66	0.64	0.76	0.72	0.78	0.74	0.78	0.72	0.76	0.82	0.78	0.76
17650	0.7	0.82	0.78	0.84	0.7	0.66	0.72	0.76	0.78	0.7	0.7	0.72	0.74	0.82	0.74	0.76
17700	0.68	0.8	0.82	0.86	0.72	0.62	0.68	0.72	0.78	0.68	0.68	0.74	0.74	0.8	0.7	0.74
17750	0.66	0.82	0.8	0.88	0.7	0.64	0.72	0.72	0.76	0.68	0.74	0.72	0.78	0.84	0.66	0.74
17800	0.66	0.8	0.82	0.84	0.7	0.66	0.68	0.78	0.76	0.68	0.74	0.7	0.76	0.82	0.74	0.76
17850	0.68	0.82	0.84	0.82	0.72	0.68	0.7	0.78	0.78	0.72	0.74	0.72	0.76	0.84	0.74	0.74
17900	0.7	0.86	0.82	0.84	0.7	0.72	0.72	0.82	0.76	0.7	0.72	0.74	0.74	0.8	0.72	0.74
17950	0.68	0.78	0.8	0.86	0.78	0.7	0.72	0.76	0.78	0.7	0.72	0.76	0.72	0.8	0.74	0.72
18000	0.72	0.74	0.8	0.82	0.74	0.7	0.72	0.7	0.78	0.74	0.7	0.76	0.76	0.86	0.76	0.74
18050	0.7	0.74	0.8	0.8	0.72	0.66	0.72	0.74	0.8	0.74	0.66	0.78	0.76	0.86	0.8	0.72
18100	0.66	0.72	0.78	0.76	0.66	0.68	0.72	0.74	0.82	0.78	0.72	0.8	0.78	0.86	0.8	0.7
18150	0.7	0.7	0.78	0.76	0.64	0.64	0.7	0.76	0.78	0.76	0.72	0.8	0.76	0.86	0.78	0.72
18200	0.78	0.64	0.74	0.76	0.64	0.6	0.7	0.76	0.74	0.74	0.7	0.8	0.76	0.84	0.8	0.8
18250	0.78	0.64	0.72	0.8	0.6	0.56	0.74	0.78	0.64	0.68	0.62	0.84	0.8	0.86	0.84	0.82
18300	0.78	0.62	0.74	0.86	0.6	0.54	0.72	0.8	0.66	0.7	0.58	0.84	0.82	0.84	0.84	0.76
18350	0.78	0.66	0.74	0.78	0.58	0.56	0.74	0.84	0.66	0.7	0.6	0.8	0.82	0.86	0.88	0.78
18400	0.8	0.7	0.74	0.78	0.58	0.58	0.74	0.82	0.62	0.7	0.6	0.78	0.82	0.8	0.84	0.76
18450	0.82	0.68	0.72	0.82	0.6	0.54	0.76	0.8	0.62	0.7	0.6	0.74	0.84	0.84	0.88	0.78
18500	0.86	0.76	0.74	0.82	0.6	0.54	0.72	0.8	0.66	0.68	0.64	0.74	0.84	0.82	0.92	0.84
18550	0.88	0.72	0.7	0.78	0.62	0.58	0.7	0.82	0.68	0.66	0.64	0.72	0.86	0.84	0.92	0.82
18600	0.94	0.72	0.7	0.76	0.66	0.62	0.64	0.78	0.72	0.68	0.68	0.72	0.82	0.84	0.92	0.84
18650	0.86	0.72	0.7	0.72	0.64	0.6	0.66	0.76	0.8	0.7	0.72	0.68	0.84	0.84	0.9	0.82
18700	0.84	0.72	0.7	0.68	0.68	0.64	0.68	0.72	0.78	0.76	0.78	0.7	0.82	0.84	0.9	0.82
18750	0.82	0.72	0.7	0.66	0.7	0.68	0.7	0.72	0.76	0.74	0.78	0.66	0.76	0.84	0.92	0.88
18800	0.82	0.7	0.68	0.66	0.68	0.72	0.7	0.74	0.76	0.74	0.8	0.68	0.76	0.86	0.94	0.88
18850	0.8	0.7	0.74	0.68	0.74	0.74	0.7	0.72	0.78	0.76	0.8	0.68	0.72	0.84	0.94	0.9
18900	0.8	0.64	0.78	0.66	0.76	0.7	0.68	0.74	0.74	0.76	0.74	0.7	0.7	0.86	0.94	0.88
18950	0.78	0.64	0.76	0.7	0.8	0.7	0.7	0.74	0.66	0.7	0.7	0.68	0.7	0.86	0.9	0.86
19000	0.76	0.64	0.74	0.7	0.8	0.68	0.7	0.72	0.62	0.66	0.64	0.68	0.64	0.86	0.9	0.9
19050	0.74	0.64	0.72	0.68	0.84	0.68	0.74	0.74	0.64	0.6	0.64	0.7	0.68	0.86	0.86	0.9
19100	0.8	0.66	0.7	0.7	0.82	0.68	0.7	0.76	0.62	0.62	0.6	0.72	0.68	0.84	0.86	0.88
19150	0.78	0.68	0.74	0.74	0.82	0.68	0.7	0.76	0.62	0.66	0.62	0.74	0.68	0.86	0.86	0.88
19200	0.78	0.68	0.76	0.7	0.8	0.62	0.66	0.76	0.62	0.68	0.62	0.76	0.7	0.86	0.82	0.86
19250	0.78	0.66	0.74	0.72	0.76	0.6	0.72	0.8	0.66	0.68	0.68	0.78	0.72	0.86	0.82	0.86
19300	0.76	0.68	0.74	0.76	0.74	0.56	0.74	0.8	0.68	0.78	0.74	0.82	0.76	0.88	0.78	0.86
19350	0.74	0.7	0.78	0.78	0.72	0.56	0.74	0.8	0.74	0.84	0.74	0.82	0.78	0.86	0.74	0.9
19400	0.7	0.72	0.8	0.8	0.7	0.56	0.72	0.8	0.76	0.84	0.74	0.82	0.8	0.84	0.76	0.84
19450	0.7	0.76	0.78	0.8	0.74	0.6	0.72	0.8	0.72	0.84	0.74	0.84	0.84	0.84	0.76	0.82
19500	0.74	0.8	0.84	0.8	0.74	0.66	0.76	0.8	0.74	0.8	0.74	0.78	0.82	0.84	0.78	0.82
19550	0.74	0.8	0.84	0.86	0.8	0.62	0.78	0.82	0.78	0.82	0.78	0.84	0.84	0.82	0.78	0.84
19600	0.76	0.8	0.82	0.86	0.84	0.68	0.76	0.78	0.68	0.72	0.76	0.8	0.86	0.78	0.8	0.84
19650	0.78	0.8	0.8	0.82	0.8	0.7	0.78	0.78	0.66	0.66	0.76	0.74	0.86	0.78	0.82	0.84
19700	0.76	0.78	0.86	0.86	0.8	0.68	0.78	0.74	0.66	0.66	0.74	0.74	0.84	0.74	0.8	0.9
19750	0.74	0.8	0.86	0.84	0.82	0.7	0.8	0.74	0.68	0.64	0.66	0.76	0.82	0.74	0.82	0.86
19800	0.76	0.82	0.82	0.84	0.82	0.72	0.8	0.78	0.64	0.66	0.68	0.76	0.8	0.78	0.84	0.86
19850	0.72	0.84	0.8	0.84	0.78	0.72	0.78	0.8	0.68	0.64	0.7	0.74	0.78	0.82	0.88	0.82
19900	0.72	0.82	0.8	0.84	0.78	0.68	0.8	0.8	0.7	0.62	0.68	0.72	0.78	0.82	0.86	0.82
19950	0.72	0.78	0.78	0.82	0.7	0.64	0.78	0.86	0.66	0.62	0.64	0.72	0.76	0.8	0.86	0.82
20000	0.72	0.78	0.76	0.86	0.7	0.64	0.74	0.82	0.72	0.6	0.66	0.64	0.8	0.78	0.84	0.74
