0	0	0	0	0	0	0	0	0	0	0	0	0	0	0	0	0	0
50	6	1	2	1	2	1	2	1	1	1	3	1	2	1	2	1	7
100	9	2	3	2	3	3	4	2	2	2	3	2	2	1	6	1	21
150	12	4	4	4	4	5	4	5	3	2	5	4	3	3	6	2	39
200	18	5	4	6	6	6	5	5	3	5	5	4	3	4	6	5	52
250	20	5	6	6	7	6	5	6	4	6	5	5	4	4	6	5	60
300	20	5	6	7	7	6	5	7	6	7	6	5	7	6	6	6	67
350	19	6	6	8	8	7	6	7	6	7	6	6	8	7	6	7	72
400	19	6	7	8	8	7	7	7	6	8	6	6	9	8	6	7	76
450	19	6	8	8	8	7	7	8	6	8	6	6	9	9	7	7	80
500	18	6	9	8	8	7	8	8	7	8	6	6	9	10	7	7	81
550	18	7	10	8	8	7	8	8	8	8	7	7	9	10	7	7	84
600	17	7	10	9	9	7	8	8	8	8	8	7	9	10	8	7	89
650	15	7	10	10	9	8	8	8	8	8	8	8	9	10	8	7	89
700	15	7	10	10	9	8	8	8	8	9	8	8	9	10	9	7	91
750	13	8	10	10	9	10	8	8	8	9	8	8	9	10	9	7	94
800	13	8	10	10	9	10	8	8	8	9	8	8	9	10	9	7	95
850	12	8	10	10	9	10	8	8	8	9	8	9	9	10	10	7	97
900	12	8	10	10	9	10	8	8	8	9	8	9	9	10	10	7	97
950	11	8	10	10	9	10	8	8	8	9	8	9	9	10	10	7	97
1000	11	8	10	10	9	10	8	8	8	9	10	9	9	10	10	7	96
1050	10	8	10	10	9	11	8	8	9	9	10	9	9	10	10	7	97
1100	10	8	10	10	9	11	8	8	9	9	10	9	9	10	10	7	97
1150	10	8	10	10	9	11	8	8	9	9	10	9	9	10	10	7	96
1200	10	8	10	10	9	11	8	8	9	9	10	9	9	10	10	7	95
1250	10	8	10	10	9	11	8	8	9	9	10	9	9	10	10	7	95
1300	10	8	10	10	9	11	8	8	9	9	11	9	9	10	10	7	94
1350	10	8	10	10	10	11	8	8	9	9	11	9	9	10	10	7	96
1400	9	8	10	10	10	11	8	9	9	9	11	9	9	10	11	8	95
1450	9	8	10	10	10	11	8	9	9	9	11	9	9	10	11	8	97
1500	9	8	10	10	10	11	8	9	9	9	11	9	9	10	11	8	95
1550	9	8	10	10	10	11	8	9	9	9	11	9	9	10	11	8	95
1600	9	8	10	10	10	11	8	9	9	9	11	9	9	10	11	8	96
1650	9	8	10	10	10	11	8	9	9	9	11	9	9	10	11	9	96
1700	9	8	10	10	11	11	8	9	9	9	11	9	10	10	11	9	97
1750	9	8	10	10	11	11	8	9	9	9	11	9	10	10	11	9	97
1800	9	8	10	10	11	11	8	9	9	9	11	9	10	10	11	9	97
1850	9	8	11	10	11	11	8	9	9	9	11	9	10	10	11	10	97
1900	9	8	11	10	11	11	8	9	9	10	11	9	10	10	11	10	97
1950	9	8	11	10	11	11	8	9	9	10	11	9	10	10	11	11	98
2000	9	8	11	10	11	11	8	9	9	10	11	9	10	11	11	12	98
2050	9	8	11	10	11	11	8	9	9	10	11	9	10	11	11	12	98
2100	9	8	11	10	11	11	8	9	9	10	11	9	10	11	11	12	97
2150	10	8	11	10	11	11	8	9	9	11	11	9	10	11	11	12	97
2200	11	8	11	10	11	12	8	9	9	11	11	9	10	11	11	13	100
2250	13	8	11	10	11	12	8	9	9	11	11	9	10	11	11	13	101
2300	16	8	11	10	11	13	8	9	9	11	11	9	10	11	11	13	103
2350	13	8	12	10	11	13	8	9	9	11	11	9	10	11	11	13	102
2400	13	8	12	10	11	13	8	9	9	11	11	9	10	11	11	13	102
2450	10	8	12	10	11	13	8	9	9	11	11	9	10	11	11	13	100
2500	12	8	12	10	11	13	8	9	9	11	11	9	10	11	11	13	103
2550	14	9	12	10	11	13	8	9	9	11	11	9	10	11	11	13	105
2600	14	9	12	10	11	13	8	9	9	11	11	9	9	12	11	13	106
2650	14	9	12	10	11	13	8	9	9	11	11	9	9	12	11	13	107
2700	12	9	13	10	11	13	8	9	9	11	11	9	9	12	11	13	107
2750	14	9	14	10	11	13	8	9	9	11	11	9	9	12	11	14	110
2800	15	10	15	11	11	13	8	9	9	12	11	9	9	12	11	14	111
2850	13	10	15	11	11	13	8	9	9	12	11	9	9	12	11	14	112
2900	12	10	15	11	11	13	8	9	9	12	11	9	9	12	11	14	112
2950	14	10	15	11	11	13	8	9	9	12	11	9	9	12	11	14	114
3000	14	11	15	11	11	13	8	9	9	12	11	9	9	12	11	14	115
3050	14	11	15	11	11	13	8	9	9	12	11	9	9	12	11	14	115
3100	13	11	15	11	11	13	8	9	9	12	11	9	9	12	11	14	114
3150	12	11	16	11	11	13	8	9	9	12	11	9	9	13	11	14	115
3200	12	11	16	11	11	13	8	9	9	12	11	9	9	13	11	14	114
3250	11	11	16	11	11	13	8	9	9	12	11	9	9	13	11	14	113
3300	11	12	16	12	11	13	8	9	9	12	11	9	9	13	11	14	113
3350	11	12	16	12	11	13	8	9	9	12	11	9	9	13	11	14	113
3400	12	12	16	12	11	13	8	9	9	13	11	9	9	13	11	14	113
3450	12	12	16	12	11	13	8	9	9	13	11	9	9	13	11	14	113
3500	13	12	16	12	11	13	8	9	9	13	11	9	9	13	11	14	115
3550	14	12	16	12	11	13	8	9	9	13	11	9	9	13	11	14	116
3600	12	12	16	12	11	13	8	9	9	13	11	9	9	13	11	14	115
3650	12	12	16	12	11	13	8	9	9	13	11	9	9	14	11	14	116
3700	12	12	16	12	11	13	8	10	9	13	11	9	9	14	11	14	117
3750	11	12	16	12	11	13	8	10	9	13	11	9	9	14	11	14	116
3800	10	12	16	12	11	13	8	10	9	13	11	9	9	14	11	14	116
3850	10	12	16	12	11	13	8	10	9	13	11	10	9	14	11	14	116
3900	8	12	16	12	11	13	8	10	9	13	11	10	9	14	11	14	115
3950	10	12	16	12	11	13	8	10	9	13	11	10	9	14	11	14	118
4000	10	12	16	12	11	13	8	10	9	13	11	10	9	14	11	14	117
4050	11	12	16	12	11	13	8	10	9	13	11	10	9	14	11	14	118
4100	10	12	16	12	11	13	8	10	9	13	11	10	9	14	11	14	118
4150	11	12	16	12	11	13	8	11	9	13	11	10	9	14	11	14	118
4200	11	12	16	12	11	13	8	11	9	13	11	10	9	14	11	14	118
4250	11	12	16	13	11	13	8	11	9	13	11	10	9	14	12	14	119
4300	12	12	16	13	11	13	8	11	9	13	11	10	9	14	12	14	120
4350	12	12	16	13	11	13	8	11	9	13	11	10	9	14	12	14	120
4400	11	13	16	14	11	13	8	11	9	13	11	10	9	14	12	14	120
4450	12	13	16	14	11	13	8	11	10	13	11	10	9	14	13	14	120
4500	12	13	16	15	11	13	8	11	10	13	11	10	9	14	13	14	121
4550	11	13	16	15	11	13	8	11	10	13	11	10	9	14	13	14	120
4600	10	13	16	15	11	13	8	11	10	13	11	10	9	14	13	14	120
4650	13	13	16	16	11	13	8	11	10	13	11	10	9	14	13	14	123
4700	14	13	16	16	11	13	8	11	10	13	11	10	9	14	13	14	125
4750	13	13	16	17	11	13	8	11	10	13	11	10	9	14	13	14	124
4800	13	13	16	17	11	13	8	11	11	13	11	10	9	14	13	14	126
4850	13	13	16	17	11	14	8	11	11	13	11	10	9	14	14	14	127
4900	9	13	16	17	11	14	8	11	11	13	11	10	9	14	14	14	125
4950	10	13	16	18	11	14	8	11	11	14	11	10	9	14	14	14	126
5000	15	13	16	18	11	14	8	11	11	14	11	10	9	14	14	14	131
5050	17	13	16	18	11	14	8	11	11	14	11	10	9	14	14	14	133
5100	17	13	16	18	11	14	8	11	11	14	11	10	9	14	14	14	134
5150	17	13	16	18	11	14	8	11	11	14	11	11	9	14	14	14	134
5200	18	13	16	18	11	14	8	11	11	15	11	11	9	14	16	14	137
5250	19	13	16	18	11	14	8	11	11	15	11	11	9	14	16	14	138
5300	20	13	16	18	11	14	8	11	11	15	11	11	10	14	16	14	139
5350	18	13	16	18	11	14	8	11	11	15	11	11	11	14	15	14	137
5400	18	13	16	18	11	14	8	11	11	15	11	11	12	14	15	14	138
5450	19	13	16	19	11	15	9	11	11	15	11	11	12	15	15	14	140
5500	17	13	16	19	11	15	9	11	11	15	11	12	12	16	15	14	141
5550	17	13	16	19	11	15	10	11	11	15	11	12	13	16	15	14	142
5600	16	13	16	19	11	16	10	11	11	15	11	12	13	16	15	14	142
5650	17	13	16	19	11	16	10	11	11	15	11	14	13	16	15	14	144
5700	18	13	16	19	11	16	11	11	11	15	11	14	13	16	15	14	145
5750	16	13	16	19	11	16	11	11	11	15	11	14	13	17	15	14	143
5800	16	13	16	19	11	16	11	11	11	15	11	14	13	17	15	14	143
5850	16	13	16	19	11	16	11	11	11	15	11	14	13	17	15	14	143
5900	16	13	16	19	11	16	11	11	12	15	11	14	13	17	15	14	143
5950	16	13	16	19	11	16	11	11	12	15	11	14	13	17	15	14	143
6000	16	13	16	19	11	16	11	11	13	15	11	14	13	17	15	14	144
6050	16	13	16	19	11	17	11	11	13	15	11	14	13	17	15	14	145
6100	16	13	16	19	11	18	11	11	13	15	11	14	13	17	15	14	145
6150	16	13	16	19	11	18	11	11	14	15	11	14	13	17	15	14	145
6200	15	13	16	19	11	18	11	11	14	15	11	14	14	17	15	14	146
6250	16	13	16	19	11	18	11	11	14	15	11	14	14	17	15	14	146
6300	15	13	16	19	11	18	11	11	15	15	11	14	14	17	15	14	146
6350	17	14	16	19	11	18	11	11	15	15	11	14	14	17	15	14	148
6400	16	14	16	19	11	18	11	11	15	15	11	14	14	17	16	14	149
6450	16	14	16	19	11	18	11	11	15	15	11	14	14	17	16	14	150
6500	16	14	16	19	11	18	11	11	15	15	11	14	14	17	16	14	151
6550	14	14	16	19	11	18	11	11	16	15	11	14	14	17	17	14	149
6600	16	14	16	19	12	18	11	11	16	15	11	14	14	17	17	14	150
6650	16	15	16	19	12	18	11	11	17	15	11	14	14	17	17	14	152
6700	18	15	16	19	12	18	11	11	17	15	11	14	14	17	18	14	154
6750	17	16	16	19	12	18	11	11	17	15	11	14	15	17	18	14	156
6800	17	16	16	19	12	18	11	11	17	15	11	14	15	17	18	14	156
6850	16	16	16	19	12	18	11	11	17	15	11	14	15	17	18	14	156
6900	14	16	16	19	12	18	11	11	17	15	11	14	15	17	18	14	155
6950	13	16	16	19	13	18	11	11	17	15	11	14	16	17	18	14	155
7000	13	16	16	19	13	18	11	11	17	15	11	14	17	17	18	14	155
7050	13	16	16	20	13	18	11	11	17	15	11	14	17	17	18	14	156
7100	13	16	16	20	13	18	11	11	17	15	11	14	17	17	18	14	156
7150	13	16	16	20	13	18	11	11	17	15	11	14	17	17	18	14	157
7200	13	16	16	20	14	18	11	11	17	15	11	14	17	17	18	14	157
7250	13	16	16	20	14	18	11	11	17	15	11	14	17	17	18	14	157
7300	13	16	16	20	14	18	11	11	17	15	11	14	17	17	18	14	157
7350	13	16	16	20	14	18	11	11	18	15	11	14	17	17	18	14	157
7400	14	16	17	20	14	18	11	11	18	16	11	14	17	17	18	14	158
7450	14	16	17	20	14	18	11	11	18	16	11	14	17	17	18	14	158
7500	14	16	17	20	14	18	12	11	18	16	11	14	17	17	18	14	158
7550	14	16	17	20	14	18	12	11	18	16	11	14	17	17	18	14	157
7600	13	16	17	20	14	18	12	11	18	16	11	14	17	17	18	14	156
7650	13	16	17	20	14	18	13	11	18	18	11	14	17	17	18	14	160
7700	13	16	17	20	14	18	14	11	18	18	11	14	17	17	18	15	161
7750	12	16	17	20	14	18	14	11	18	18	11	14	17	17	18	15	161
7800	12	16	17	20	14	18	14	11	18	18	11	14	17	17	18	15	161
7850	13	16	17	20	14	18	14	11	19	19	11	14	17	17	18	15	161
7900	13	16	17	20	14	18	15	11	19	19	11	14	16	17	18	15	162
7950	13	16	17	20	14	18	15	11	19	19	11	14	16	17	18	15	162
8000	14	16	17	20	14	18	15	11	19	19	11	14	16	17	18	16	163
8050	14	16	17	20	14	18	15	11	19	19	11	14	16	17	18	17	163
8100	16	16	17	20	14	18	15	11	19	19	11	14	16	17	18	17	165
8150	14	16	17	20	14	18	15	11	19	19	11	14	16	17	18	18	164
8200	14	16	17	20	14	18	15	11	19	19	11	14	16	17	18	18	164
8250	13	16	17	20	14	18	15	11	19	19	11	14	16	17	18	18	164
8300	14	16	17	20	14	18	15	11	19	19	11	14	16	17	18	18	165
8350	16	16	17	20	14	18	15	11	20	19	11	14	16	17	18	18	168
8400	16	16	17	20	14	18	15	11	20	19	11	14	16	17	18	18	168
8450	16	16	17	20	14	18	15	11	20	19	11	15	16	17	18	18	168
8500	17	16	17	20	14	18	15	11	20	19	11	15	16	17	18	18	169
8550	17	16	17	20	15	19	15	11	20	19	11	15	16	17	18	18	171
8600	17	16	17	20	15	19	15	11	21	19	11	15	16	17	18	18	172
8650	17	16	17	20	15	19	15	11	21	19	11	15	16	17	18	18	171
8700	17	16	17	20	15	19	15	11	21	19	11	16	16	17	18	18	173
8750	17	16	17	20	15	19	15	11	21	19	11	16	16	17	18	18	173
8800	16	16	17	20	15	20	15	11	21	19	11	16	16	17	18	18	172
8850	17	16	17	20	15	21	15	11	21	19	11	17	16	17	18	18	174
8900	16	16	17	20	15	21	15	11	21	19	11	17	16	17	18	18	174
8950	15	16	17	20	15	21	15	11	21	19	11	17	16	17	18	18	174
9000	14	16	17	20	15	21	15	11	21	19	11	17	16	17	18	18	173
9050	14	16	17	20	15	21	15	11	21	19	11	17	16	18	18	18	172
9100	13	16	17	20	15	21	15	11	21	19	11	17	16	18	18	18	171
9150	13	16	17	20	15	21	15	11	21	19	11	17	16	18	18	18	172
9200	13	16	17	20	15	21	15	11	21	19	11	17	16	18	18	18	172
9250	13	16	17	20	15	22	15	11	21	19	11	17	16	18	18	18	173
9300	12	16	17	20	15	22	15	11	21	19	11	17	16	18	18	18	173
9350	12	16	17	20	15	23	15	11	21	19	11	17	16	18	18	18	173
9400	12	16	17	20	15	24	15	11	21	19	11	17	16	18	19	18	173
9450	12	16	17	20	15	24	15	11	21	19	11	17	16	18	19	18	173
9500	11	16	18	20	15	24	15	12	21	19	11	17	16	18	19	18	172
9550	9	16	18	20	15	24	15	12	21	19	11	17	16	19	19	18	172
9600	9	16	18	20	15	24	15	12	21	19	11	17	16	19	19	18	172
9650	9	16	18	20	15	24	15	12	21	19	11	17	16	19	19	18	173
9700	9	16	18	20	15	24	15	12	21	19	11	17	16	20	19	18	174
9750	9	16	18	20	15	24	15	12	21	19	11	17	16	20	19	18	174
9800	9	16	18	20	15	24	15	12	21	19	11	17	16	20	19	18	174
9850	9	16	18	20	15	24	15	12	21	19	11	17	16	20	19	18	174
9900	10	16	18	20	15	24	15	12	21	19	11	17	16	20	19	18	175
9950	11	16	18	20	17	24	15	12	21	19	11	17	16	20	19	18	177
10000	12	16	20	20	17	24	15	12	21	19	11	17	16	20	19	18	179
10050	14	16	20	20	17	24	15	14	21	19	11	18	16	20	19	18	179
10100	15	16	20	20	17	24	15	15	21	20	11	18	16	20	19	18	178
10150	15	16	20	20	17	24	15	15	21	20	11	19	16	20	19	18	178
10200	15	16	20	20	17	25	15	15	21	20	11	19	16	20	19	18	177
10250	17	16	20	20	17	25	15	15	21	20	11	21	16	20	19	18	178
10300	17	16	20	20	17	25	15	15	21	21	11	21	16	20	19	18	178
10350	17	16	20	20	17	26	15	15	21	21	11	21	17	20	19	18	178
10400	17	16	20	20	17	28	15	15	21	21	11	22	17	20	19	18	179
10450	18	16	20	20	17	28	15	15	21	22	11	23	17	20	19	18	180
10500	18	16	20	20	17	28	15	15	21	22	11	23	17	20	19	18	179
10550	18	16	20	20	17	29	15	15	21	22	11	23	17	19	19	18	177
10600	19	16	20	20	17	30	15	15	21	22	11	24	17	20	19	18	178
10650	19	16	20	20	19	31	15	15	21	22	11	25	17	21	19	18	180
10700	19	16	20	20	19	31	15	15	21	22	11	25	17	21	18	18	179
10750	19	16	20	20	19	31	15	15	21	22	11	25	17	22	18	18	179
10800	19	16	20	20	19	31	15	15	21	22	11	25	17	23	18	18	178
10850	21	16	20	20	19	31	15	15	21	22	11	25	17	23	18	18	178
10900	21	16	20	20	19	31	15	15	21	22	11	25	18	23	18	18	178
10950	20	16	20	21	20	31	15	15	21	22	11	25	18	23	18	18	175
11000	20	16	20	21	20	31	15	15	21	22	11	25	18	23	18	17	175
11050	20	16	20	22	20	31	15	15	21	22	11	25	18	23	18	17	176
11100	20	16	20	22	20	31	15	15	21	22	11	25	18	23	18	17	176
11150	20	16	20	22	22	31	15	15	21	22	11	25	18	23	18	17	175
11200	20	16	20	22	22	31	15	15	21	22	11	25	18	24	18	17	175
11250	20	16	20	23	22	31	15	15	21	22	11	25	18	24	18	17	174
11300	20	16	20	23	22	31	15	15	21	22	11	25	18	24	18	17	173
11350	19	16	20	24	22	31	15	15	21	22	11	25	18	24	18	17	171
11400	19	16	20	25	22	31	15	15	21	22	11	25	19	24	18	17	171
11450	19	16	20	24	21	31	15	15	21	22	11	25	19	24	18	17	169
11500	19	16	20	25	22	31	15	15	21	22	11	25	19	24	18	17	168
11550	19	16	20	25	22	29	16	15	21	22	11	25	20	24	17	17	167
11600	20	16	20	26	22	29	17	15	21	22	11	25	21	24	17	17	167
11650	20	16	20	26	22	29	17	15	21	22	11	25	23	23	17	17	170
11700	20	16	20	26	22	28	17	15	21	22	11	25	23	23	18	17	167
11750	20	16	20	26	22	28	17	15	21	22	11	25	23	23	18	17	165
11800	21	16	20	27	23	28	17	15	21	22	11	25	23	23	18	17	167
11850	21	16	20	28	23	26	18	15	21	22	11	25	24	23	18	17	169
11900	21	16	20	28	23	26	18	15	21	22	11	25	24	23	18	17	170
11950	21	16	20	28	23	27	18	15	21	23	11	25	24	23	18	17	170
12000	21	16	20	28	23	28	18	15	21	23	11	25	25	23	18	17	171
12050	21	16	20	28	23	28	17	15	20	23	11	25	25	23	18	17	171
12100	21	16	20	28	23	28	17	15	21	23	11	24	25	23	18	17	168
12150	21	16	20	27	23	27	18	15	21	23	11	24	25	23	18	17	166
12200	21	16	20	28	23	28	18	15	21	23	11	23	25	23	18	17	167
12250	21	16	20	27	23	28	18	15	21	23	11	23	25	23	18	17	164
12300	22	16	20	27	24	29	19	15	21	23	11	23	24	22	17	17	166
12350	22	16	20	27	25	28	19	15	21	24	11	23	24	22	17	17	167
12400	22	16	20	27	24	28	20	15	21	24	11	23	24	22	17	17	167
12450	22	16	20	27	24	28	21	15	21	24	11	23	24	22	17	17	169
12500	22	16	20	28	24	28	21	15	21	24	11	23	24	22	17	17	166
12550	22	16	20	29	24	28	21	15	21	24	11	23	24	23	17	17	166
12600	21	16	20	29	24	27	21	15	22	24	11	23	24	23	17	17	164
12650	21	16	20	28	24	27	22	15	22	24	11	23	24	23	17	17	164
12700	21	16	20	28	26	27	22	15	22	24	11	23	24	23	17	17	165
12750	21	16	20	28	26	27	23	15	21	24	11	22	23	23	17	18	165
12800	22	16	20	28	26	26	23	15	21	24	11	22	23	23	17	18	164
12850	22	16	20	28	26	27	23	15	21	24	11	22	23	23	17	18	165
12900	21	16	20	28	27	26	23	15	21	25	11	22	23	23	17	18	164
12950	21	16	19	28	28	26	24	15	21	25	11	22	23	24	17	18	164
13000	20	16	19	28	29	26	24	15	21	25	11	21	23	24	17	18	163
13050	19	16	19	28	27	26	24	15	21	25	11	21	23	24	17	18	163
13100	20	16	19	28	27	26	24	15	21	25	11	21	23	24	17	18	163
13150	20	16	19	28	27	26	24	15	21	25	11	21	23	23	17	17	161
13200	20	16	19	28	26	27	24	15	21	25	11	22	23	23	17	18	162
13250	19	16	19	28	26	26	24	15	21	25	11	22	23	23	17	18	161
13300	19	16	19	28	27	26	24	15	22	25	11	22	21	24	17	19	163
13350	19	16	20	28	27	26	25	15	22	25	11	22	22	25	17	19	162
13400	19	16	20	28	25	26	25	15	23	25	11	22	22	25	17	19	160
13450	19	16	21	28	24	26	25	15	24	25	11	22	22	25	18	23	162
13500	19	16	22	28	25	27	25	15	24	25	11	22	22	25	18	23	165
13550	19	16	22	28	25	27	25	15	24	25	11	22	22	25	18	23	164
13600	19	16	22	28	24	27	25	15	24	25	11	22	22	25	18	23	163
13650	19	16	22	30	24	27	25	15	24	25	11	22	22	25	18	23	165
13700	19	16	22	30	24	27	25	15	24	25	11	22	22	25	18	24	167
13750	18	16	22	30	24	27	25	15	24	25	11	22	22	25	19	24	166
13800	18	16	22	30	24	27	25	15	24	25	11	22	21	25	20	24	165
13850	18	15	22	30	24	27	25	15	24	25	11	22	21	26	19	24	163
13900	18	15	22	30	25	27	25	15	24	25	11	22	20	26	18	24	162
13950	18	15	22	30	25	26	25	15	24	25	11	22	20	25	19	24	162
14000	18	15	22	31	24	26	25	15	24	25	11	22	20	25	20	24	160
14050	18	15	22	31	23	27	25	14	25	25	11	22	21	25	19	24	162
14100	18	15	22	31	24	27	25	14	25	25	11	22	21	25	20	24	164
14150	18	15	22	32	26	27	25	14	25	25	11	22	21	25	20	24	167
14200	18	15	22	32	26	27	25	14	25	25	11	22	21	25	20	24	166
14250	18	15	22	32	26	27	25	14	25	25	11	22	21	25	21	23	166
14300	18	15	22	32	26	27	25	14	25	25	11	22	21	25	21	22	166
14350	18	15	22	31	25	26	25	14	24	25	11	22	21	25	23	22	165
14400	18	15	22	31	25	26	25	14	24	25	11	22	21	26	25	22	168
14450	18	15	22	31	25	26	25	15	23	25	11	22	21	27	25	22	168
14500	17	14	22	31	26	26	25	16	23	25	11	22	21	28	26	22	169
14550	17	14	22	31	27	26	25	16	23	24	11	22	21	29	26	22	169
14600	17	14	22	31	27	26	25	16	23	24	11	22	21	29	26	22	168
14650	17	14	22	31	27	26	25	16	23	24	11	22	21	29	27	22	168
14700	17	14	22	31	27	25	25	16	23	24	11	22	21	29	28	22	166
14750	17	14	22	31	27	25	25	17	23	24	11	22	20	29	29	22	167
14800	17	14	22	31	27	25	25	17	23	23	11	22	20	30	28	22	164
14850	17	14	22	31	27	25	25	17	23	23	11	22	20	30	28	21	163
14900	16	14	22	31	27	25	25	18	23	23	12	21	20	30	28	21	161
14950	16	14	22	31	26	25	25	18	23	23	12	21	20	29	28	20	163
15000	16	14	22	31	26	25	25	18	23	22	12	21	20	29	27	20	162
15050	16	14	22	31	26	25	25	18	23	23	12	21	19	29	26	20	163
15100	16	14	22	31	25	25	25	18	23	23	12	21	19	29	26	20	162
15150	16	14	22	31	25	25	25	18	23	23	12	21	19	29	27	20	162
15200	16	14	22	31	25	25	25	18	23	23	12	21	19	29	27	20	162
15250	16	14	22	31	25	25	25	18	23	23	12	20	19	29	27	20	162
15300	16	14	22	31	25	25	25	18	23	23	12	20	19	29	27	20	160
15350	16	14	22	32	25	25	25	18	23	23	12	20	19	29	27	20	162
15400	17	14	22	32	25	25	25	17	23	23	12	20	19	29	27	20	163
15450	17	14	22	33	25	25	25	17	23	23	12	20	19	28	27	20	162
15500	17	14	22	33	25	25	25	17	23	23	12	20	19	28	27	20	162
15550	17	14	22	33	25	25	25	17	23	23	13	20	19	28	28	20	163
15600	17	14	22	34	25	25	25	17	23	23	13	20	19	28	28	20	162
15650	17	14	22	34	25	25	25	17	23	23	13	20	19	28	28	20	161
15700	17	14	21	34	25	25	25	17	23	22	13	20	19	28	28	20	157
15750	17	14	21	34	25	25	25	17	23	22	13	20	19	28	29	20	157
15800	17	14	21	35	25	25	25	17	23	22	13	20	19	28	29	20	158
15850	17	14	21	35	25	25	25	17	23	22	13	20	19	27	29	20	158
15900	16	14	22	35	25	25	25	17	23	22	13	20	19	26	29	20	156
15950	16	14	22	35	25	25	25	17	23	22	13	20	19	26	29	20	156
16000	16	14	22	34	25	24	25	17	23	22	13	20	19	26	29	19	154
16050	16	14	22	34	25	24	25	17	23	22	13	20	19	26	29	19	153
16100	16	14	22	34	25	24	25	17	23	22	13	20	19	26	28	19	151
16150	16	14	22	34	24	24	25	17	23	22	13	20	19	26	28	19	151
16200	17	14	22	33	23	24	25	17	23	22	13	20	19	26	28	19	149
16250	17	14	22	32	23	24	25	17	24	22	13	20	19	26	28	19	148
16300	18	14	23	33	23	24	24	17	24	22	13	20	19	26	28	19	150
16350	18	14	23	33	23	24	24	17	24	22	13	20	19	26	28	19	149
16400	19	14	23	33	23	23	24	17	24	22	13	20	19	26	27	19	148
16450	19	14	23	33	23	23	24	16	24	21	13	20	18	26	27	19	148
16500	19	14	23	33	23	23	24	16	24	21	13	20	18	26	27	19	149
16550	18	14	23	33	23	23	24	16	24	21	13	20	18	26	27	19	147
16600	18	14	25	33	23	23	24	16	24	21	13	21	18	26	27	19	149
16650	18	14	25	33	24	22	24	17	24	21	13	21	18	26	27	19	150
16700	18	14	26	33	24	22	23	18	26	21	13	21	18	26	27	19	151
16750	18	14	26	32	24	22	23	18	26	21	13	21	18	26	27	19	150
16800	18	14	26	32	24	22	23	20	26	21	13	20	18	26	27	19	148
16850	19	14	26	32	24	22	23	20	27	21	13	20	18	26	27	19	149
16900	19	14	26	32	24	22	23	20	27	21	13	20	18	26	27	19	149
16950	19	14	26	32	24	22	23	21	27	21	13	20	18	26	27	19	150
17000	18	14	26	32	24	22	23	22	27	20	13	20	18	26	26	19	148
17050	18	14	26	32	24	22	23	22	28	20	13	20	18	26	26	19	149
17100	18	14	26	32	23	22	23	23	27	20	13	20	18	25	26	19	147
17150	18	14	26	32	23	22	22	23	27	19	13	20	18	25	26	18	146
17200	19	14	26	32	23	22	22	23	27	19	13	20	18	25	26	18	147
17250	19	14	27	32	23	22	22	23	27	19	13	20	18	25	26	18	148
17300	19	14	26	32	24	22	22	23	27	19	13	20	18	25	26	18	147
17350	19	14	26	32	24	22	22	23	27	19	13	20	18	25	26	18	147
17400	19	14	26	32	24	22	22	23	27	19	13	20	18	25	25	18	147
17450	19	14	26	32	24	22	22	23	27	19	13	20	18	25	25	18	147
17500	19	14	26	32	24	22	21	23	27	19	13	19	18	25	25	18	147
17550	19	14	26	32	24	22	21	24	27	19	13	19	18	24	25	18	148
17600	18	14	26	32	24	22	21	24	27	19	13	19	18	24	25	18	148
17650	18	13	26	32	24	22	21	24	27	20	13	19	18	24	25	18	147
17700	18	13	26	32	24	22	21	24	27	20	13	19	18	24	25	18	148
17750	18	13	25	32	24	22	21	24	27	20	13	19	18	24	25	18	148
17800	18	13	25	32	24	22	21	24	27	20	13	19	18	24	25	18	149
17850	18	14	25	32	24	22	21	23	27	20	13	19	18	24	25	19	149
17900	18	14	25	32	24	22	21	23	27	20	13	19	18	24	25	19	148
17950	17	14	25	32	24	22	21	23	27	20	12	19	18	25	25	19	149
18000	17	14	25	32	24	21	21	23	27	20	12	19	18	25	25	19	149
18050	17	14	25	32	24	21	21	23	27	20	12	19	18	25	22	19	145
18100	17	15	25	32	24	21	21	23	27	20	12	19	18	25	22	19	146
18150	16	15	25	32	24	21	21	23	27	20	12	19	18	25	22	19	146
18200	16	15	25	32	24	21	21	23	27	20	12	20	18	25	22	19	145
18250	16	14	25	32	24	21	21	23	27	20	12	20	18	26	22	19	146
18300	17	14	25	32	24	21	21	23	27	20	12	20	18	26	22	19	147
18350	17	14	25	33	24	21	21	23	27	20	12	20	18	26	22	19	147
18400	17	14	25	33	24	21	21	23	27	20	12	20	18	26	22	19	147
18450	17	14	25	33	24	21	21	23	27	20	12	20	18	27	22	19	148
18500	18	15	25	33	24	21	21	23	27	20	12	20	18	27	22	19	149
18550	18	15	25	32	24	21	21	23	27	20	12	20	19	27	22	19	150
18600	18	15	25	31	24	21	21	23	27	20	12	20	19	27	22	19	149
18650	18	15	25	31	24	21	21	23	27	20	12	20	19	27	23	19	150
18700	18	15	25	31	23	22	21	23	27	20	12	21	19	28	23	19	152
18750	18	16	25	31	23	22	21	24	27	20	12	21	19	28	23	19	153
18800	17	16	25	31	23	22	21	24	27	20	12	21	19	28	22	19	151
18850	17	16	25	31	23	21	21	24	27	20	12	21	19	28	22	19	151
18900	17	17	25	31	23	21	20	24	27	20	12	21	19	28	22	20	152
18950	16	19	25	31	23	22	20	24	27	20	12	21	19	28	22	20	153
19000	16	20	25	31	22	22	20	24	27	20	12	21	20	28	22	21	155
19050	16	20	25	31	22	22	20	25	27	21	12	22	20	28	22	21	157
19100	16	20	25	31	21	23	20	25	27	21	12	22	20	28	22	21	157
19150	16	21	25	31	21	23	20	25	27	21	12	22	20	28	22	21	158
19200	16	21	25	30	21	23	20	25	27	21	12	22	20	28	22	21	157
19250	16	21	25	30	21	23	20	24	27	21	12	22	20	28	22	21	156
19300	16	21	25	30	21	24	19	25	27	21	12	22	21	28	22	21	159
19350	16	21	25	30	19	24	19	25	27	21	12	22	21	28	23	21	158
19400	16	21	25	29	18	24	19	25	27	21	12	22	21	28	22	21	158
19450	15	21	25	29	18	24	19	25	27	21	12	22	21	28	22	21	156
19500	15	21	24	29	18	24	19	27	27	21	12	22	21	28	22	21	158
19550	15	21	24	29	18	24	19	27	27	21	12	22	21	28	22	21	158
19600	15	21	24	29	18	24	19	28	27	21	12	22	21	28	22	21	159
19650	15	22	24	29	18	24	19	28	27	21	12	22	21	28	22	21	160
19700	15	22	24	29	18	25	18	27	27	21	12	22	21	28	22	21	160
19750	15	22	24	29	18	25	18	27	27	21	12	22	21	28	22	21	160
19800	15	22	24	29	18	26	18	27	27	20	12	22	21	28	22	21	160
19850	16	22	24	29	18	26	18	27	26	20	12	22	21	28	22	21	159
19900	16	22	24	29	18	26	18	27	26	20	12	22	21	28	22	21	158
19950	16	22	24	29	18	26	17	27	26	20	12	22	21	28	22	21	158
20000	15	22	23	29	19	26	17	27	26	20	12	22	21	28	22	21	157
