0	0.0	0.0	0.0	0.0	0.0	0.0	0.0	0.0	0.0	0.0	0.0	0.0	0.0	0.0	0.0	0.0
50	0.333333333333	0.0	0.0	0.333333333333	0.0	0.0	0.25	0.0	0.0	0.285714285714	0.2	0.0	0.0	0.333333333333	0.4	0.0
100	0.545454545455	0.3	0.333333333333	0.285714285714	0.285714285714	0.25	0.375	0.0	0.25	0.4	0.333333333333	0.2	0.375	0.5	0.5	0.454545454545
150	0.6	0.5	0.571428571429	0.454545454545	0.454545454545	0.454545454545	0.454545454545	0.25	0.375	0.611111111111	0.6	0.571428571429	0.538461538462	0.642857142857	0.571428571429	0.571428571429
200	0.647058823529	0.588235294118	0.529411764706	0.538461538462	0.631578947368	0.666666666667	0.6	0.533333333333	0.625	0.72	0.631578947368	0.684210526316	0.466666666667	0.684210526316	0.611111111111	0.625
250	0.727272727273	0.695652173913	0.571428571429	0.647058823529	0.681818181818	0.7	0.714285714286	0.631578947368	0.684210526316	0.774193548387	0.72	0.724137931034	0.6	0.714285714286	0.666666666667	0.7
300	0.708333333333	0.766666666667	0.625	0.727272727273	0.75	0.769230769231	0.76	0.703703703704	0.681818181818	0.794117647059	0.703703703704	0.757575757576	0.652173913043	0.777777777778	0.708333333333	0.75
350	0.692307692308	0.757575757576	0.666666666667	0.777777777778	0.794117647059	0.8125	0.8	0.714285714286	0.692307692308	0.829268292683	0.733333333333	0.777777777778	0.666666666667	0.806451612903	0.758620689655	0.8
400	0.757575757576	0.771428571429	0.71875	0.8	0.820512820513	0.823529411765	0.810810810811	0.764705882353	0.733333333333	0.851063829787	0.783783783784	0.789473684211	0.71875	0.810810810811	0.78125	0.818181818182
450	0.789473684211	0.789473684211	0.742857142857	0.823529411765	0.840909090909	0.846153846154	0.829268292683	0.8	0.757575757576	0.857142857143	0.789473684211	0.80487804878	0.74358974359	0.844444444444	0.805555555556	0.846153846154
500	0.813953488372	0.780487804878	0.763157894737	0.85	0.86	0.863636363636	0.837209302326	0.8	0.777777777778	0.88	0.818181818182	0.822222222222	0.761904761905	0.88	0.833333333333	0.866666666667
550	0.84	0.8	0.780487804878	0.860465116279	0.9	0.869565217391	0.857142857143	0.82	0.794871794872	0.92	0.833333333333	0.826086956522	0.795918367347	0.92	0.847826086957	0.92
600	0.86	0.82	0.804347826087	0.872340425532	0.98	0.854166666667	0.88	0.92	0.809523809524	0.96	0.86	0.86	0.88	0.94	0.9	0.98
650	0.92	0.86	0.8125	0.94	1.0	0.857142857143	0.94	0.94	0.822222222222	0.96	0.9	0.88	0.94	0.94	0.96	1.0
700	0.94	0.94	0.92	0.96	1.0	0.88	0.96	0.96	0.833333333333	0.96	0.94	0.9	0.96	0.94	0.98	1.0
750	0.94	0.96	0.94	0.98	1.0	0.92	0.98	0.96	0.84	0.96	0.94	0.92	0.96	0.96	1.0	1.0
800	0.94	0.96	0.94	0.98	1.0	0.96	0.98	0.96	0.9	0.96	0.96	0.92	0.98	0.96	1.0	1.0
850	0.96	0.96	0.94	0.98	1.0	0.96	0.98	0.98	0.94	0.96	0.96	0.96	0.98	0.96	1.0	1.0
900	0.98	0.96	0.98	0.98	1.0	0.96	0.98	0.98	0.94	0.96	0.96	0.96	0.98	0.98	1.0	1.0
950	0.98	0.96	0.98	0.98	0.98	0.96	0.98	0.98	0.96	0.94	0.96	0.96	1.0	0.98	1.0	1.0
1000	0.98	0.98	1.0	0.98	0.98	0.96	0.98	0.98	0.96	0.92	0.98	0.96	1.0	0.98	1.0	1.0
1050	1.0	0.96	1.0	0.98	0.98	0.94	0.98	1.0	0.98	0.92	0.98	0.96	1.0	0.98	1.0	1.0
1100	1.0	0.98	1.0	0.98	0.98	0.94	1.0	1.0	1.0	0.92	0.98	0.94	1.0	0.98	1.0	1.0
1150	1.0	0.98	1.0	0.98	0.98	0.94	1.0	1.0	1.0	0.92	0.98	0.98	1.0	0.98	1.0	1.0
1200	1.0	0.98	1.0	0.98	0.98	0.94	1.0	1.0	1.0	0.92	0.96	0.98	1.0	0.98	1.0	1.0
1250	1.0	0.98	1.0	0.98	0.98	0.94	1.0	1.0	1.0	0.92	0.96	0.98	0.98	1.0	1.0	1.0
1300	1.0	0.98	1.0	0.98	0.96	0.94	1.0	1.0	1.0	0.94	0.96	0.98	0.98	1.0	0.98	1.0
1350	1.0	0.94	1.0	0.98	0.96	0.94	1.0	1.0	1.0	0.92	0.96	0.98	0.98	1.0	0.96	1.0
1400	1.0	0.94	1.0	0.98	0.96	0.94	1.0	0.98	1.0	0.94	0.98	0.98	0.98	1.0	0.96	1.0
1450	1.0	0.94	1.0	0.98	0.96	0.96	1.0	0.94	1.0	0.96	0.98	0.98	0.98	1.0	0.96	1.0
1500	1.0	0.94	1.0	1.0	0.94	0.96	1.0	0.94	1.0	0.96	0.98	0.98	0.98	1.0	0.94	1.0
1550	1.0	0.94	1.0	1.0	0.94	0.96	1.0	0.94	1.0	0.96	0.98	0.98	0.98	1.0	0.94	0.96
1600	1.0	0.94	1.0	1.0	0.94	0.96	1.0	0.94	1.0	0.96	0.98	0.98	0.98	1.0	0.94	0.96
1650	1.0	0.96	1.0	1.0	0.94	0.96	1.0	0.94	1.0	0.96	0.98	0.98	0.98	1.0	0.94	0.96
1700	1.0	0.96	1.0	1.0	0.96	0.96	1.0	0.94	1.0	0.96	0.98	0.98	0.98	1.0	0.94	0.96
1750	1.0	0.96	1.0	1.0	0.96	0.98	1.0	0.94	1.0	0.96	0.98	0.98	0.98	1.0	0.94	0.96
1800	1.0	0.96	1.0	1.0	0.96	0.98	1.0	0.94	1.0	0.98	0.98	0.98	0.98	1.0	0.92	0.96
1850	1.0	0.96	1.0	1.0	0.96	0.98	1.0	0.94	1.0	0.98	0.98	1.0	0.98	1.0	0.92	0.96
1900	1.0	0.98	1.0	1.0	0.96	1.0	1.0	0.94	1.0	0.98	1.0	1.0	0.96	1.0	0.92	0.96
1950	1.0	1.0	1.0	1.0	0.98	1.0	1.0	0.94	1.0	1.0	1.0	1.0	0.96	1.0	0.92	0.94
2000	1.0	1.0	1.0	1.0	0.98	1.0	0.98	0.94	1.0	1.0	1.0	1.0	0.96	1.0	0.92	0.94
2050	1.0	1.0	1.0	1.0	0.98	1.0	0.98	0.94	1.0	0.98	1.0	1.0	0.98	1.0	0.92	0.92
2100	1.0	1.0	1.0	1.0	1.0	1.0	0.98	0.96	1.0	0.98	1.0	1.0	0.96	1.0	0.94	0.92
2150	1.0	0.98	1.0	0.98	1.0	1.0	0.98	0.96	1.0	0.98	0.98	1.0	0.96	1.0	0.96	0.92
2200	1.0	0.98	1.0	0.98	1.0	1.0	0.98	0.98	1.0	0.98	0.98	1.0	0.94	1.0	0.96	0.94
2250	1.0	0.96	1.0	0.98	1.0	1.0	0.98	1.0	1.0	0.98	0.98	1.0	0.94	1.0	0.96	0.96
2300	1.0	0.96	1.0	0.98	1.0	1.0	0.98	1.0	1.0	0.96	0.98	1.0	0.94	1.0	0.96	0.96
2350	1.0	0.96	1.0	0.98	1.0	1.0	0.98	1.0	1.0	0.96	0.96	1.0	0.94	1.0	0.98	0.96
2400	1.0	0.96	1.0	0.98	1.0	1.0	0.98	1.0	1.0	0.96	0.94	1.0	0.94	1.0	0.98	0.94
2450	1.0	0.96	1.0	0.98	1.0	1.0	0.98	1.0	1.0	0.94	0.94	1.0	0.94	1.0	0.96	0.94
2500	1.0	0.96	0.98	0.98	1.0	1.0	0.98	1.0	1.0	0.94	0.94	1.0	0.94	1.0	0.96	0.94
2550	1.0	0.96	0.98	0.98	1.0	0.98	0.98	1.0	0.98	0.94	0.94	1.0	0.94	1.0	0.96	0.94
2600	1.0	0.96	0.98	0.98	1.0	0.98	0.98	1.0	0.98	0.94	0.94	1.0	0.96	1.0	0.98	0.94
2650	1.0	0.96	0.98	0.98	1.0	0.98	0.98	1.0	0.98	0.94	0.92	1.0	0.96	1.0	0.98	0.94
2700	1.0	0.96	0.98	0.98	1.0	0.98	0.98	1.0	0.98	0.96	0.92	1.0	0.96	1.0	0.98	0.96
2750	1.0	0.96	0.98	0.96	1.0	0.98	1.0	1.0	0.98	0.96	0.9	1.0	0.96	1.0	0.98	0.96
2800	1.0	0.96	0.96	0.96	1.0	0.98	1.0	1.0	0.98	0.96	0.9	0.98	0.96	1.0	0.98	0.98
2850	1.0	0.96	0.96	0.96	0.98	0.98	1.0	1.0	0.98	0.96	0.9	0.98	0.96	1.0	0.96	0.98
2900	1.0	0.96	0.96	0.96	0.98	0.98	1.0	1.0	0.98	0.96	0.92	0.98	0.96	1.0	0.96	0.98
2950	1.0	0.94	0.96	0.98	0.94	0.98	1.0	1.0	0.98	0.96	0.92	0.98	0.96	1.0	0.96	0.98
3000	1.0	0.98	0.98	0.98	0.94	0.98	1.0	1.0	0.98	0.96	0.92	0.98	0.96	1.0	0.96	0.98
3050	1.0	0.96	0.98	0.98	0.94	0.98	1.0	1.0	0.98	0.98	0.92	0.98	0.96	1.0	0.96	0.98
3100	1.0	0.96	0.98	0.98	0.94	0.98	1.0	1.0	0.98	0.98	0.96	0.98	0.94	1.0	0.96	0.98
3150	1.0	0.96	0.98	0.98	0.92	0.98	1.0	1.0	0.98	0.98	0.94	0.98	0.92	1.0	0.98	0.98
3200	1.0	0.96	0.98	0.98	0.92	0.98	1.0	1.0	0.98	0.98	0.94	0.98	0.92	1.0	0.96	1.0
3250	1.0	0.96	0.98	0.98	0.92	0.98	1.0	1.0	0.98	1.0	0.94	0.98	0.92	1.0	0.96	1.0
3300	1.0	0.96	0.98	0.94	0.92	0.98	1.0	1.0	0.98	0.98	0.94	0.96	0.92	1.0	0.96	1.0
3350	1.0	0.96	0.98	0.94	0.92	0.98	1.0	1.0	0.98	0.96	0.94	0.96	0.92	1.0	0.96	1.0
3400	1.0	0.94	0.98	0.94	0.92	1.0	1.0	1.0	0.98	0.94	0.96	0.96	0.92	1.0	0.96	1.0
3450	1.0	0.94	0.98	0.94	0.94	0.98	1.0	1.0	1.0	0.94	0.96	0.94	0.92	1.0	0.96	1.0
3500	1.0	0.94	0.98	0.94	0.94	0.98	1.0	1.0	1.0	0.94	0.98	0.96	0.92	1.0	0.94	1.0
3550	1.0	0.94	0.96	0.96	0.92	0.98	1.0	1.0	1.0	0.92	0.98	0.96	0.92	1.0	0.96	1.0
3600	1.0	0.94	0.96	0.96	0.96	0.98	1.0	1.0	1.0	0.92	0.98	0.96	0.92	1.0	0.96	1.0
3650	1.0	0.94	0.96	0.96	0.96	0.98	1.0	1.0	1.0	0.92	0.98	0.94	0.92	1.0	0.96	1.0
3700	1.0	0.94	0.92	0.96	0.96	0.98	1.0	1.0	1.0	0.92	0.98	0.94	0.92	1.0	0.96	1.0
3750	1.0	0.96	0.92	0.96	0.96	0.98	1.0	1.0	1.0	0.92	0.98	0.94	0.92	1.0	0.94	1.0
3800	1.0	0.96	0.92	0.96	0.98	0.98	1.0	1.0	1.0	0.92	0.98	0.96	0.92	1.0	0.94	1.0
3850	1.0	0.96	0.92	0.96	0.96	0.98	1.0	1.0	1.0	0.92	0.98	0.96	0.98	1.0	0.94	1.0
3900	1.0	0.98	0.92	0.96	0.96	0.98	1.0	1.0	1.0	0.92	0.98	0.94	0.98	1.0	0.94	1.0
3950	1.0	0.98	0.92	0.96	0.96	0.98	1.0	1.0	1.0	0.94	1.0	0.94	0.98	1.0	0.96	1.0
4000	1.0	0.98	0.92	0.98	0.96	0.98	1.0	1.0	1.0	0.96	1.0	0.94	0.98	1.0	0.96	1.0
4050	1.0	0.98	0.92	1.0	0.96	0.98	1.0	1.0	1.0	0.96	1.0	0.94	0.98	1.0	0.96	1.0
4100	1.0	0.98	0.9	1.0	0.96	0.98	1.0	1.0	1.0	0.96	1.0	0.94	0.98	1.0	0.94	1.0
4150	1.0	0.98	0.92	1.0	0.96	0.98	1.0	1.0	1.0	0.96	1.0	0.94	0.98	1.0	0.94	1.0
4200	1.0	0.98	0.9	1.0	0.96	0.98	1.0	1.0	1.0	0.96	1.0	0.94	0.98	1.0	0.94	0.98
4250	1.0	0.98	0.9	1.0	0.96	0.98	1.0	1.0	1.0	0.98	1.0	0.96	0.98	1.0	0.94	0.98
4300	0.98	0.98	0.9	1.0	0.96	0.98	1.0	1.0	1.0	0.98	1.0	0.96	0.98	1.0	0.96	0.98
4350	0.98	0.98	0.92	1.0	0.98	0.98	1.0	1.0	1.0	0.98	1.0	0.96	0.98	1.0	0.96	0.98
4400	0.98	0.98	0.92	0.98	0.98	0.98	0.98	1.0	1.0	0.98	1.0	0.96	0.98	1.0	0.94	0.98
4450	0.98	0.98	0.92	0.98	0.98	0.98	0.98	1.0	1.0	0.98	1.0	0.96	1.0	1.0	0.96	0.98
4500	0.98	0.98	0.92	0.96	0.98	0.98	0.96	1.0	1.0	0.98	1.0	0.94	1.0	1.0	0.96	0.98
4550	0.98	0.98	0.92	0.96	0.98	0.98	0.96	1.0	1.0	0.98	1.0	0.92	1.0	1.0	0.96	0.98
4600	0.98	0.98	0.92	0.96	0.98	0.98	0.96	1.0	1.0	0.98	1.0	0.92	0.98	1.0	0.96	0.98
4650	0.98	0.96	0.92	0.96	1.0	0.98	0.96	1.0	1.0	0.98	1.0	0.92	0.98	1.0	0.96	0.98
4700	0.98	0.96	0.92	0.96	1.0	0.98	0.96	1.0	1.0	1.0	1.0	0.94	0.98	1.0	0.96	0.98
4750	0.98	0.94	0.94	0.94	1.0	1.0	0.96	1.0	1.0	1.0	1.0	0.94	0.96	1.0	0.96	0.96
4800	0.98	0.94	0.94	0.94	1.0	0.98	0.96	1.0	1.0	1.0	1.0	0.94	0.96	1.0	0.96	0.94
4850	0.98	0.94	0.94	0.94	1.0	0.98	0.96	1.0	1.0	0.98	1.0	0.96	0.96	1.0	0.96	0.94
4900	0.98	0.94	0.94	0.94	1.0	0.98	0.96	1.0	1.0	0.98	1.0	0.96	0.94	1.0	0.96	0.94
4950	0.96	0.96	0.96	0.94	0.98	0.98	0.96	1.0	1.0	0.98	1.0	0.96	0.94	1.0	0.98	0.96
5000	0.98	0.96	0.96	0.96	0.98	0.98	0.94	1.0	1.0	0.98	1.0	0.96	0.94	1.0	0.98	0.96
5050	0.98	0.96	0.96	0.96	0.98	0.98	0.94	1.0	1.0	0.98	1.0	0.96	0.94	1.0	0.98	0.96
5100	0.98	0.96	0.98	0.94	0.98	0.96	0.94	1.0	1.0	0.98	1.0	0.96	0.94	1.0	0.98	0.96
5150	0.98	0.96	0.98	0.92	0.98	0.96	0.96	1.0	1.0	0.98	1.0	0.96	0.94	1.0	0.98	0.96
5200	0.98	0.96	0.98	0.94	0.98	0.96	0.96	1.0	1.0	0.98	1.0	1.0	0.94	1.0	1.0	0.96
5250	0.96	0.96	1.0	0.94	0.98	0.96	0.98	1.0	1.0	0.98	1.0	1.0	0.94	1.0	1.0	0.96
5300	0.94	0.94	1.0	0.94	0.98	0.96	0.98	1.0	1.0	0.98	1.0	1.0	0.96	1.0	1.0	0.96
5350	0.94	0.94	1.0	0.94	0.98	0.96	0.98	1.0	1.0	0.98	1.0	1.0	0.96	1.0	1.0	0.96
5400	0.94	0.96	1.0	0.94	0.98	0.96	0.98	1.0	1.0	0.98	1.0	1.0	0.96	1.0	1.0	0.96
5450	0.94	0.96	1.0	0.94	0.96	0.96	0.98	1.0	1.0	0.98	0.98	1.0	0.98	1.0	1.0	0.96
5500	0.94	0.98	1.0	0.96	0.94	0.98	0.98	1.0	1.0	0.98	0.98	1.0	0.98	1.0	1.0	0.96
5550	0.92	0.98	1.0	0.96	0.92	0.98	0.98	1.0	1.0	0.98	0.98	1.0	0.98	1.0	1.0	0.98
5600	0.92	0.98	1.0	0.96	0.92	0.98	0.98	1.0	1.0	1.0	0.98	1.0	0.98	1.0	1.0	0.98
5650	0.94	0.98	1.0	0.96	0.92	0.98	0.98	1.0	1.0	1.0	0.98	1.0	0.98	1.0	1.0	0.98
5700	0.94	0.98	1.0	0.94	0.94	0.98	0.98	1.0	1.0	1.0	0.98	1.0	1.0	1.0	1.0	0.98
5750	0.94	0.98	1.0	0.94	0.94	0.98	1.0	1.0	1.0	1.0	0.98	1.0	1.0	1.0	1.0	0.98
5800	0.94	0.98	1.0	0.94	0.94	0.98	1.0	1.0	1.0	1.0	0.98	1.0	1.0	1.0	1.0	0.98
5850	0.94	0.98	1.0	0.96	0.92	0.98	1.0	1.0	0.98	1.0	0.98	1.0	1.0	1.0	1.0	0.98
5900	0.94	0.98	1.0	0.98	0.92	1.0	1.0	1.0	0.98	1.0	0.98	1.0	1.0	1.0	1.0	0.98
5950	0.94	1.0	1.0	0.98	0.92	1.0	1.0	1.0	0.98	1.0	0.98	1.0	1.0	1.0	1.0	0.98
6000	0.96	1.0	1.0	0.98	0.92	1.0	1.0	1.0	0.96	1.0	0.98	1.0	1.0	1.0	1.0	0.98
6050	0.96	1.0	1.0	0.98	0.92	0.98	1.0	1.0	0.96	1.0	0.98	1.0	1.0	1.0	1.0	0.98
6100	0.96	1.0	1.0	0.98	0.92	0.96	1.0	1.0	0.96	1.0	0.98	1.0	1.0	1.0	1.0	0.98
6150	0.98	1.0	1.0	0.98	0.92	0.94	1.0	1.0	0.96	1.0	0.98	1.0	1.0	1.0	1.0	0.98
6200	0.98	1.0	1.0	0.98	0.92	0.94	1.0	1.0	0.96	1.0	1.0	1.0	1.0	1.0	1.0	0.98
6250	0.98	1.0	1.0	0.98	0.92	0.94	1.0	1.0	0.96	1.0	1.0	1.0	1.0	1.0	1.0	0.98
6300	0.98	1.0	1.0	0.98	0.94	0.94	1.0	1.0	0.96	1.0	1.0	1.0	1.0	1.0	1.0	0.98
6350	0.98	1.0	1.0	1.0	0.98	0.94	1.0	1.0	0.96	1.0	1.0	1.0	1.0	1.0	1.0	0.98
6400	0.98	1.0	1.0	1.0	0.98	0.94	1.0	1.0	0.96	1.0	1.0	1.0	1.0	1.0	1.0	1.0
6450	0.98	0.96	1.0	1.0	0.98	0.94	1.0	1.0	0.96	1.0	1.0	1.0	1.0	1.0	1.0	1.0
6500	1.0	0.96	1.0	1.0	1.0	0.94	1.0	1.0	0.96	1.0	1.0	1.0	1.0	1.0	1.0	1.0
6550	1.0	0.96	1.0	1.0	1.0	0.94	1.0	1.0	0.98	1.0	1.0	1.0	1.0	1.0	1.0	1.0
6600	1.0	0.96	1.0	1.0	1.0	0.94	1.0	1.0	0.98	1.0	1.0	1.0	1.0	1.0	1.0	1.0
6650	1.0	0.96	1.0	1.0	0.98	0.94	1.0	1.0	0.98	1.0	0.98	1.0	1.0	1.0	1.0	1.0
6700	1.0	0.96	1.0	1.0	0.98	0.94	1.0	1.0	0.98	1.0	0.98	1.0	0.98	1.0	1.0	1.0
6750	1.0	0.96	1.0	1.0	0.98	0.96	1.0	1.0	1.0	1.0	0.98	1.0	0.98	1.0	1.0	0.98
6800	1.0	0.96	1.0	1.0	0.98	0.98	1.0	1.0	1.0	1.0	0.98	1.0	0.98	1.0	1.0	0.98
6850	1.0	0.94	1.0	1.0	0.98	0.98	1.0	1.0	1.0	0.98	0.98	1.0	0.98	1.0	1.0	0.98
6900	1.0	0.94	1.0	1.0	0.98	0.98	1.0	1.0	1.0	0.98	0.98	1.0	0.98	1.0	1.0	0.98
6950	1.0	0.94	1.0	1.0	0.98	1.0	1.0	1.0	1.0	0.96	0.98	1.0	0.98	1.0	1.0	0.98
7000	1.0	0.94	1.0	1.0	0.98	1.0	1.0	1.0	1.0	0.96	0.98	1.0	0.98	1.0	1.0	0.98
7050	1.0	0.94	1.0	1.0	0.98	1.0	0.98	1.0	1.0	0.94	0.98	1.0	0.96	1.0	1.0	0.98
7100	1.0	0.94	1.0	1.0	0.98	1.0	0.98	1.0	0.98	0.94	0.98	1.0	0.96	1.0	1.0	0.98
7150	1.0	0.94	1.0	1.0	0.98	1.0	0.98	1.0	0.98	0.92	0.98	1.0	0.96	1.0	1.0	0.98
7200	1.0	0.98	1.0	1.0	1.0	1.0	0.98	1.0	0.98	0.92	0.98	1.0	0.96	1.0	0.98	0.98
7250	1.0	0.98	1.0	1.0	1.0	1.0	0.98	1.0	0.98	0.92	0.98	1.0	0.96	1.0	0.98	0.98
7300	1.0	0.98	1.0	1.0	1.0	1.0	0.98	1.0	0.98	0.92	0.98	1.0	0.98	1.0	0.98	0.98
7350	1.0	0.98	1.0	1.0	1.0	1.0	0.98	0.98	0.98	0.92	0.98	1.0	0.98	1.0	0.98	0.98
7400	1.0	0.98	1.0	1.0	0.98	1.0	0.98	0.98	0.98	0.92	1.0	1.0	0.98	1.0	0.98	0.98
7450	1.0	0.98	1.0	1.0	0.98	1.0	0.98	0.98	0.98	0.92	1.0	1.0	0.98	1.0	0.98	1.0
7500	1.0	1.0	1.0	1.0	0.98	1.0	0.98	0.98	0.98	0.92	1.0	1.0	0.98	1.0	0.98	1.0
7550	1.0	1.0	1.0	1.0	0.98	1.0	0.98	0.98	0.98	0.9	1.0	1.0	0.98	1.0	0.98	1.0
7600	1.0	1.0	1.0	1.0	0.98	1.0	0.98	0.98	0.98	0.9	1.0	1.0	0.98	1.0	0.98	1.0
7650	1.0	1.0	1.0	1.0	0.98	1.0	0.98	0.98	0.98	0.92	1.0	1.0	1.0	1.0	0.96	1.0
7700	1.0	1.0	1.0	1.0	0.98	1.0	0.98	0.98	0.98	0.94	1.0	1.0	1.0	1.0	0.96	1.0
7750	1.0	1.0	1.0	1.0	0.98	1.0	1.0	0.98	0.98	0.94	1.0	1.0	1.0	1.0	0.96	1.0
7800	1.0	1.0	1.0	1.0	0.98	1.0	1.0	0.98	0.98	0.94	0.98	1.0	1.0	1.0	0.96	1.0
7850	1.0	1.0	1.0	1.0	0.98	1.0	1.0	0.98	1.0	0.96	0.98	1.0	1.0	1.0	0.96	1.0
7900	1.0	1.0	1.0	1.0	0.98	1.0	0.98	0.98	1.0	0.96	0.98	1.0	1.0	1.0	0.98	1.0
7950	0.98	1.0	1.0	1.0	0.98	1.0	0.98	0.98	1.0	0.98	0.98	1.0	1.0	1.0	0.98	1.0
8000	0.98	1.0	1.0	1.0	0.98	1.0	0.98	0.98	1.0	0.98	0.98	1.0	1.0	1.0	0.98	1.0
8050	0.98	1.0	1.0	1.0	0.96	1.0	0.98	0.98	1.0	0.98	0.98	1.0	1.0	1.0	0.98	1.0
8100	0.98	1.0	1.0	1.0	0.96	1.0	0.98	0.98	1.0	0.98	0.98	1.0	1.0	1.0	0.98	1.0
8150	0.98	1.0	1.0	1.0	0.96	1.0	0.98	0.98	1.0	0.98	0.98	1.0	1.0	1.0	0.98	1.0
8200	0.98	1.0	1.0	0.98	0.96	1.0	0.98	0.98	1.0	0.98	0.96	1.0	1.0	1.0	0.98	1.0
8250	0.98	1.0	1.0	0.98	0.96	1.0	0.98	1.0	1.0	0.98	0.96	1.0	1.0	1.0	0.98	1.0
8300	0.98	1.0	1.0	0.98	0.96	1.0	0.98	1.0	1.0	0.98	0.96	1.0	1.0	1.0	0.96	0.98
8350	0.98	1.0	1.0	0.98	0.96	1.0	0.98	1.0	1.0	0.98	0.96	1.0	1.0	1.0	0.98	0.98
8400	0.98	1.0	1.0	0.98	0.94	1.0	0.98	0.98	1.0	0.98	0.96	1.0	1.0	1.0	0.98	0.98
8450	0.98	1.0	1.0	0.98	0.94	1.0	0.98	0.96	1.0	0.98	0.98	1.0	0.98	1.0	0.98	0.98
8500	0.98	1.0	1.0	0.98	0.94	1.0	0.98	0.96	1.0	1.0	0.98	1.0	0.98	1.0	0.98	0.98
8550	0.98	1.0	1.0	0.98	0.94	1.0	1.0	0.96	1.0	1.0	0.98	1.0	0.98	1.0	0.98	0.98
8600	0.98	1.0	1.0	0.98	0.94	1.0	0.98	0.96	1.0	1.0	0.98	1.0	0.98	1.0	0.98	0.98
8650	1.0	1.0	1.0	0.98	0.94	0.98	0.98	0.96	1.0	1.0	0.98	1.0	0.98	1.0	0.98	0.98
8700	1.0	1.0	1.0	0.98	0.96	0.98	0.98	0.96	1.0	1.0	0.98	1.0	0.98	1.0	0.98	0.96
8750	1.0	1.0	1.0	0.98	0.96	0.98	0.98	0.96	1.0	1.0	0.98	1.0	0.98	1.0	0.98	0.96
8800	1.0	1.0	1.0	0.98	0.96	0.98	0.98	0.96	1.0	1.0	0.98	1.0	0.98	1.0	0.98	0.94
8850	1.0	1.0	1.0	0.98	0.98	0.98	0.98	0.96	1.0	1.0	0.98	1.0	0.98	1.0	0.98	0.94
8900	1.0	1.0	1.0	0.98	0.98	0.98	0.98	0.96	1.0	1.0	0.98	1.0	0.96	1.0	0.98	0.94
8950	1.0	1.0	1.0	0.98	0.98	0.98	0.98	0.96	1.0	1.0	0.98	1.0	0.96	1.0	1.0	0.96
9000	1.0	1.0	1.0	0.98	0.98	0.98	0.98	0.94	1.0	1.0	0.98	1.0	0.96	1.0	0.98	0.96
9050	1.0	1.0	1.0	1.0	0.98	0.98	0.98	0.96	1.0	1.0	1.0	1.0	0.96	1.0	0.98	0.96
9100	1.0	1.0	1.0	1.0	0.98	0.98	0.98	0.96	1.0	0.98	1.0	1.0	0.96	1.0	0.98	0.96
9150	1.0	1.0	1.0	1.0	0.98	0.98	0.98	0.96	1.0	0.96	1.0	1.0	0.96	1.0	0.98	0.94
9200	1.0	1.0	1.0	1.0	1.0	0.98	0.98	0.98	1.0	0.96	1.0	1.0	0.96	1.0	0.98	0.94
9250	1.0	1.0	1.0	1.0	1.0	0.96	0.98	0.98	1.0	0.96	1.0	1.0	0.98	1.0	0.98	0.94
9300	1.0	1.0	1.0	1.0	1.0	0.98	0.98	0.98	1.0	0.96	1.0	1.0	0.98	1.0	0.98	0.92
9350	1.0	1.0	1.0	1.0	1.0	0.98	1.0	0.98	1.0	0.96	1.0	1.0	0.98	1.0	0.96	0.92
9400	1.0	1.0	1.0	1.0	1.0	0.98	1.0	0.98	1.0	0.96	1.0	1.0	0.98	1.0	0.96	0.92
9450	1.0	1.0	1.0	1.0	1.0	0.98	1.0	0.98	1.0	0.96	1.0	1.0	0.98	1.0	0.96	0.94
9500	1.0	1.0	1.0	1.0	1.0	0.98	1.0	0.98	1.0	0.96	1.0	1.0	0.98	1.0	0.96	0.94
9550	1.0	1.0	1.0	1.0	1.0	0.96	0.98	0.98	1.0	0.96	1.0	1.0	0.98	1.0	0.96	0.94
9600	1.0	1.0	1.0	1.0	1.0	0.96	0.98	0.98	1.0	0.96	1.0	1.0	0.98	1.0	0.96	0.94
9650	1.0	1.0	1.0	1.0	1.0	0.96	0.98	1.0	1.0	0.96	1.0	1.0	0.98	1.0	0.96	0.94
9700	1.0	1.0	1.0	1.0	1.0	0.96	0.98	1.0	1.0	0.96	1.0	1.0	0.98	1.0	0.96	0.96
9750	1.0	1.0	1.0	1.0	1.0	0.96	0.98	1.0	1.0	0.94	1.0	1.0	1.0	1.0	0.96	0.96
9800	1.0	1.0	1.0	1.0	1.0	0.96	0.98	1.0	1.0	0.94	1.0	1.0	1.0	1.0	0.96	0.96
9850	1.0	1.0	1.0	1.0	1.0	0.96	0.98	1.0	1.0	0.96	1.0	1.0	1.0	1.0	0.94	0.96
9900	1.0	1.0	1.0	1.0	1.0	0.96	0.98	1.0	1.0	0.96	1.0	1.0	1.0	1.0	0.94	0.96
9950	0.98	1.0	1.0	1.0	1.0	0.96	0.98	1.0	1.0	0.98	1.0	1.0	1.0	1.0	0.94	0.96
10000	0.98	1.0	1.0	1.0	1.0	0.98	0.98	1.0	1.0	0.98	1.0	1.0	1.0	1.0	0.94	0.96
10050	0.98	1.0	1.0	1.0	0.98	0.98	0.98	1.0	1.0	0.98	1.0	1.0	1.0	1.0	0.94	0.98
10100	0.96	1.0	1.0	1.0	0.98	0.98	0.98	1.0	1.0	0.98	0.98	1.0	1.0	1.0	0.94	0.98
10150	0.96	1.0	1.0	1.0	0.98	0.96	0.98	1.0	0.98	0.98	0.98	1.0	1.0	1.0	0.96	0.98
10200	0.96	1.0	1.0	1.0	0.98	0.94	1.0	1.0	0.98	0.98	0.98	1.0	1.0	1.0	0.96	1.0
10250	0.96	1.0	1.0	1.0	0.98	0.96	1.0	1.0	0.98	0.98	0.98	1.0	1.0	1.0	0.96	1.0
10300	0.96	1.0	1.0	1.0	0.98	0.96	1.0	1.0	0.98	0.98	0.98	1.0	1.0	1.0	0.96	1.0
10350	0.96	1.0	1.0	1.0	0.98	0.96	1.0	1.0	0.98	0.98	0.98	1.0	1.0	1.0	0.96	1.0
10400	0.96	1.0	1.0	1.0	0.98	0.96	1.0	1.0	0.96	0.96	0.98	1.0	0.98	1.0	0.96	1.0
10450	0.96	1.0	1.0	1.0	0.98	0.96	1.0	1.0	0.96	0.98	0.98	1.0	0.96	1.0	0.96	1.0
10500	0.96	1.0	1.0	1.0	0.98	0.96	1.0	1.0	0.96	0.98	0.98	1.0	0.96	1.0	0.96	1.0
10550	0.98	1.0	1.0	1.0	0.98	0.96	1.0	1.0	0.96	0.98	0.98	1.0	0.96	1.0	0.96	1.0
10600	0.98	1.0	1.0	1.0	0.98	0.96	1.0	1.0	0.96	0.98	0.98	1.0	0.94	1.0	0.96	1.0
10650	0.98	1.0	1.0	1.0	0.98	0.96	1.0	1.0	0.96	0.98	0.98	1.0	0.94	1.0	0.96	1.0
10700	0.98	1.0	1.0	1.0	0.98	0.96	1.0	1.0	0.96	0.98	0.98	1.0	0.94	1.0	0.98	1.0
10750	0.98	1.0	1.0	0.98	0.98	0.96	1.0	1.0	0.96	0.98	0.98	1.0	0.94	1.0	0.98	1.0
10800	0.98	1.0	1.0	0.98	0.96	0.96	0.98	0.98	0.96	0.98	1.0	1.0	0.94	1.0	0.98	1.0
10850	1.0	1.0	1.0	0.98	0.98	0.96	0.98	0.98	0.96	0.98	1.0	1.0	0.94	1.0	1.0	1.0
10900	1.0	1.0	1.0	0.98	0.98	0.96	0.98	0.98	0.98	0.98	1.0	1.0	0.94	1.0	1.0	1.0
10950	1.0	1.0	1.0	0.98	0.98	0.98	0.98	0.98	0.98	0.98	1.0	1.0	0.94	1.0	1.0	1.0
11000	1.0	1.0	1.0	0.98	0.98	0.98	0.98	0.98	0.98	0.98	1.0	1.0	0.98	1.0	1.0	1.0
11050	1.0	1.0	1.0	0.98	0.98	0.98	0.98	0.98	0.96	0.98	1.0	1.0	0.96	1.0	1.0	0.98
11100	1.0	1.0	1.0	0.98	0.98	0.98	0.98	0.98	0.96	1.0	1.0	1.0	0.92	1.0	1.0	0.98
11150	1.0	0.98	1.0	0.98	0.98	0.98	0.98	0.98	0.96	1.0	1.0	1.0	0.92	1.0	1.0	0.98
11200	1.0	0.98	1.0	0.98	0.96	0.98	0.98	0.98	0.96	1.0	1.0	1.0	0.94	0.98	0.98	0.98
11250	1.0	0.98	1.0	0.98	0.96	0.98	0.98	0.98	0.98	1.0	1.0	0.98	0.94	0.98	0.98	0.98
11300	1.0	0.98	1.0	0.98	0.96	0.98	0.98	0.98	0.98	1.0	1.0	0.98	0.9	0.98	0.98	0.98
11350	1.0	0.98	1.0	0.96	0.96	0.98	0.98	0.98	0.98	1.0	1.0	0.98	0.9	0.98	0.98	0.98
11400	1.0	0.98	1.0	0.96	0.96	0.98	0.98	0.98	0.98	1.0	1.0	0.98	0.9	0.98	0.98	0.98
11450	1.0	0.98	1.0	0.96	0.98	0.98	0.96	0.98	0.98	1.0	1.0	0.98	0.9	0.98	0.98	0.98
11500	1.0	0.98	1.0	0.96	0.98	0.98	0.98	0.98	0.98	1.0	1.0	0.98	0.9	0.98	0.98	0.98
11550	1.0	0.98	1.0	0.94	0.98	0.98	0.96	0.98	0.98	1.0	1.0	0.98	0.9	0.98	0.98	0.98
11600	1.0	0.98	1.0	0.94	0.98	0.98	0.96	0.98	0.98	1.0	0.98	0.98	0.9	0.98	0.98	0.98
11650	1.0	0.98	1.0	0.94	0.98	0.98	0.96	0.98	0.98	1.0	0.98	0.96	0.92	0.98	0.98	0.98
11700	1.0	0.98	1.0	0.94	0.98	0.96	0.96	1.0	0.98	1.0	0.98	0.96	0.94	0.98	0.98	0.98
11750	1.0	0.98	1.0	0.92	0.98	0.96	0.96	1.0	0.98	1.0	0.98	0.96	0.96	0.98	0.98	0.98
11800	1.0	0.98	1.0	0.92	0.98	0.96	0.96	1.0	0.98	1.0	0.98	0.96	0.96	0.98	0.98	1.0
11850	1.0	0.98	1.0	0.94	0.98	0.96	0.96	1.0	1.0	1.0	0.98	0.96	0.96	0.98	0.98	1.0
11900	0.98	1.0	1.0	0.94	0.98	0.98	0.96	0.98	1.0	1.0	0.98	0.96	0.96	0.96	0.96	1.0
11950	0.98	1.0	1.0	0.92	0.98	0.98	0.96	0.98	1.0	1.0	0.98	0.96	0.96	0.96	0.96	1.0
12000	0.98	1.0	1.0	0.92	1.0	0.98	0.96	0.98	1.0	1.0	0.98	0.96	0.98	0.98	0.98	1.0
12050	0.98	1.0	1.0	0.92	1.0	0.98	0.96	0.98	1.0	1.0	0.98	0.96	0.98	0.98	0.98	1.0
12100	0.98	1.0	1.0	0.92	1.0	0.96	0.96	0.98	1.0	1.0	0.98	0.96	0.98	0.98	0.98	1.0
12150	0.98	1.0	1.0	0.9	1.0	0.96	0.98	0.98	1.0	1.0	0.98	0.98	0.98	0.98	0.98	1.0
12200	0.98	1.0	1.0	0.9	1.0	0.96	0.98	0.98	1.0	1.0	0.98	0.98	0.98	0.98	0.98	1.0
12250	0.98	1.0	1.0	0.92	0.98	0.96	1.0	0.98	1.0	1.0	0.98	0.98	0.98	0.98	0.98	1.0
12300	0.98	1.0	1.0	0.92	0.98	0.94	1.0	0.98	1.0	1.0	0.98	0.98	0.98	0.98	0.98	1.0
12350	0.98	1.0	1.0	0.94	0.98	0.94	1.0	0.98	1.0	1.0	0.98	0.98	0.98	0.98	0.96	1.0
12400	0.98	1.0	1.0	0.92	0.98	0.94	1.0	0.98	1.0	1.0	0.98	0.98	0.98	0.98	0.96	1.0
12450	0.98	1.0	1.0	0.92	0.98	0.94	1.0	0.98	1.0	1.0	0.98	0.98	0.98	1.0	0.96	1.0
12500	0.98	1.0	1.0	0.94	0.98	0.96	1.0	0.98	1.0	1.0	0.98	0.98	0.98	1.0	0.96	1.0
12550	0.98	1.0	1.0	0.94	0.96	0.96	0.98	0.98	1.0	1.0	0.98	0.98	0.98	1.0	0.96	0.98
12600	0.98	1.0	1.0	0.94	0.94	0.96	0.98	1.0	1.0	1.0	0.98	0.98	0.98	1.0	0.96	0.98
12650	0.98	1.0	1.0	0.94	0.94	0.96	0.98	1.0	1.0	1.0	0.98	0.98	0.98	1.0	0.98	0.98
12700	0.96	1.0	1.0	0.96	0.94	0.96	0.98	1.0	1.0	1.0	0.98	0.98	0.98	1.0	0.98	0.98
12750	0.96	1.0	1.0	0.96	0.94	0.96	0.98	1.0	1.0	1.0	0.98	1.0	0.98	1.0	0.98	0.98
12800	0.96	1.0	1.0	0.94	0.94	0.96	0.96	1.0	1.0	1.0	0.98	1.0	1.0	1.0	0.98	0.98
12850	0.96	1.0	1.0	0.96	0.94	0.96	0.96	1.0	1.0	1.0	0.98	1.0	1.0	1.0	0.98	0.98
12900	0.96	1.0	1.0	0.96	0.94	0.98	0.96	1.0	1.0	1.0	0.98	1.0	1.0	1.0	0.96	0.98
12950	0.96	1.0	1.0	0.96	0.94	0.98	0.96	1.0	1.0	1.0	0.98	1.0	1.0	1.0	0.94	0.98
13000	0.96	1.0	1.0	0.96	0.94	1.0	0.96	1.0	1.0	0.98	0.98	1.0	1.0	1.0	0.92	0.98
13050	0.96	1.0	1.0	0.96	0.94	0.98	0.96	1.0	1.0	0.98	0.98	1.0	1.0	1.0	0.92	0.96
13100	0.96	1.0	1.0	0.98	0.96	0.98	0.96	1.0	1.0	0.98	0.98	1.0	1.0	1.0	0.92	0.96
13150	0.96	1.0	1.0	0.98	0.94	0.98	0.96	1.0	1.0	0.98	0.98	1.0	1.0	1.0	0.9	0.96
13200	0.96	1.0	1.0	0.98	0.94	0.96	0.94	1.0	1.0	0.98	1.0	1.0	1.0	1.0	0.92	0.96
13250	0.96	1.0	1.0	0.98	0.92	0.96	0.94	1.0	1.0	0.98	1.0	1.0	1.0	1.0	0.92	0.92
13300	0.96	1.0	1.0	0.98	0.92	0.96	0.92	1.0	1.0	0.98	1.0	1.0	1.0	1.0	0.92	0.9
13350	0.94	0.98	1.0	0.98	0.92	0.96	0.92	1.0	1.0	0.98	1.0	1.0	1.0	1.0	0.92	0.9
13400	0.94	0.98	1.0	0.98	0.96	0.94	0.92	1.0	1.0	0.98	1.0	1.0	1.0	1.0	0.92	0.9
13450	0.94	0.98	1.0	0.96	0.96	0.94	0.92	1.0	1.0	0.98	1.0	1.0	1.0	1.0	0.92	0.9
13500	0.94	0.98	1.0	0.94	0.96	0.94	0.94	1.0	1.0	0.98	1.0	1.0	1.0	1.0	0.92	0.9
13550	0.96	0.98	1.0	0.94	0.96	0.94	0.94	1.0	1.0	0.98	1.0	1.0	1.0	0.98	0.92	0.9
13600	0.96	0.98	1.0	0.96	0.96	0.94	0.94	1.0	1.0	0.98	1.0	1.0	1.0	0.98	0.94	0.92
13650	0.96	0.98	1.0	0.96	0.96	0.94	0.94	1.0	1.0	0.98	0.98	0.98	1.0	0.98	0.96	0.92
13700	0.96	0.98	1.0	0.96	0.96	0.94	0.94	1.0	1.0	0.98	0.98	0.98	1.0	0.98	0.98	0.92
13750	0.96	0.98	1.0	0.96	0.96	0.94	0.94	1.0	1.0	1.0	0.98	0.98	1.0	0.98	0.98	0.92
13800	0.96	0.96	1.0	0.96	0.96	0.94	0.94	1.0	1.0	1.0	0.98	0.98	1.0	0.98	0.98	0.92
13850	0.96	0.96	1.0	0.96	0.92	0.94	0.94	1.0	1.0	1.0	0.98	0.98	0.98	0.98	0.98	0.92
13900	0.94	0.96	1.0	0.96	0.94	0.94	0.94	1.0	1.0	1.0	0.98	0.98	0.98	0.98	0.98	0.92
13950	0.94	0.96	1.0	0.96	0.94	0.94	0.94	1.0	1.0	1.0	0.98	0.98	0.98	0.98	0.98	0.94
14000	0.94	0.96	1.0	0.96	0.96	0.96	0.94	1.0	1.0	1.0	0.98	0.98	0.98	0.98	0.96	0.94
14050	0.96	0.96	1.0	0.96	0.96	0.96	0.96	1.0	0.98	1.0	0.98	0.98	0.98	0.98	0.96	0.94
14100	0.96	0.96	1.0	0.96	0.96	0.96	0.96	1.0	0.98	1.0	0.98	0.98	0.98	0.98	0.96	1.0
14150	0.98	0.96	1.0	0.98	0.96	0.98	0.96	1.0	0.98	1.0	0.98	0.98	0.98	0.98	0.96	1.0
14200	0.98	0.98	1.0	0.98	0.96	0.98	0.98	1.0	0.98	1.0	0.98	0.98	0.96	0.98	0.94	1.0
14250	0.98	0.98	1.0	1.0	0.96	0.98	0.98	1.0	0.98	1.0	0.98	0.98	0.96	0.98	0.94	1.0
14300	0.98	0.98	1.0	1.0	0.96	1.0	0.98	1.0	0.98	1.0	0.98	0.98	0.96	0.98	0.94	1.0
14350	0.98	0.98	1.0	1.0	0.96	1.0	0.98	1.0	0.98	1.0	0.98	0.98	0.96	0.98	0.94	1.0
14400	0.98	0.98	0.98	1.0	0.96	1.0	0.98	1.0	0.98	1.0	0.98	0.96	0.96	0.96	0.94	1.0
14450	0.98	1.0	0.98	1.0	0.96	1.0	0.98	1.0	0.98	1.0	0.98	0.98	0.96	0.96	0.94	1.0
14500	0.98	1.0	0.98	1.0	0.94	1.0	0.98	1.0	0.98	1.0	0.98	0.98	0.96	0.96	0.94	0.96
14550	0.98	1.0	0.98	1.0	0.98	1.0	0.98	1.0	0.98	1.0	0.98	0.98	0.94	0.92	0.94	0.96
14600	0.98	1.0	0.98	1.0	0.98	1.0	1.0	1.0	0.98	1.0	1.0	0.98	0.94	0.9	0.94	0.96
14650	0.98	1.0	0.98	1.0	0.98	1.0	1.0	1.0	0.98	1.0	1.0	0.98	0.94	0.9	0.92	0.96
14700	0.98	1.0	0.98	1.0	0.98	1.0	1.0	1.0	0.98	1.0	1.0	0.98	0.94	0.88	0.92	0.96
14750	0.98	1.0	0.98	1.0	0.98	1.0	0.98	1.0	0.98	1.0	1.0	0.98	0.96	0.88	0.94	0.96
14800	0.98	1.0	0.98	1.0	0.98	1.0	0.98	1.0	0.98	1.0	1.0	0.96	0.96	0.88	0.94	0.96
14850	0.96	1.0	0.98	1.0	0.98	1.0	0.98	1.0	1.0	1.0	0.98	0.96	0.96	0.88	0.96	0.96
14900	0.96	1.0	0.98	1.0	0.98	1.0	0.98	1.0	1.0	1.0	0.98	0.96	0.96	0.88	0.96	0.96
14950	0.96	1.0	0.98	1.0	0.98	1.0	0.98	0.98	1.0	1.0	0.98	0.96	0.96	0.88	0.96	0.96
15000	0.96	1.0	0.98	1.0	0.98	1.0	0.98	0.98	1.0	1.0	0.98	0.96	0.96	0.88	0.96	0.96
15050	0.96	1.0	0.98	1.0	0.98	1.0	0.98	0.98	1.0	1.0	0.98	0.96	0.96	0.88	0.96	0.96
15100	0.96	1.0	0.98	1.0	0.98	1.0	0.98	0.98	1.0	1.0	0.98	0.96	0.96	0.9	0.96	0.96
15150	0.96	1.0	0.98	1.0	0.98	1.0	0.98	0.98	1.0	1.0	0.96	0.96	0.96	0.92	0.96	0.96
15200	0.96	1.0	0.98	1.0	0.98	1.0	0.98	0.98	1.0	1.0	0.96	0.96	0.96	0.94	0.96	0.96
15250	0.96	1.0	0.98	1.0	0.98	1.0	0.98	0.98	1.0	1.0	0.96	0.96	0.96	0.96	0.96	0.96
15300	0.96	1.0	0.98	1.0	0.98	1.0	0.98	0.98	1.0	1.0	0.96	0.96	0.98	0.98	0.96	0.96
15350	0.96	1.0	0.98	1.0	1.0	1.0	0.98	0.98	1.0	1.0	0.96	0.96	0.98	0.98	0.96	0.96
15400	0.96	1.0	0.98	1.0	1.0	1.0	0.98	0.98	1.0	1.0	0.96	0.96	0.98	0.98	0.96	0.98
15450	0.96	1.0	0.98	1.0	1.0	1.0	1.0	0.98	1.0	1.0	0.96	0.96	1.0	0.96	0.94	1.0
15500	0.96	1.0	0.98	1.0	1.0	1.0	1.0	0.98	1.0	1.0	0.96	0.96	1.0	0.96	0.94	1.0
15550	0.98	1.0	0.98	1.0	1.0	1.0	1.0	0.98	1.0	1.0	0.96	0.98	1.0	0.94	0.96	1.0
15600	0.98	1.0	0.98	1.0	1.0	1.0	1.0	0.98	1.0	1.0	0.96	0.98	1.0	0.94	0.96	1.0
15650	0.98	1.0	0.98	1.0	1.0	1.0	1.0	1.0	1.0	1.0	0.96	0.98	1.0	0.94	0.96	1.0
15700	0.98	0.98	0.98	1.0	1.0	1.0	1.0	1.0	1.0	1.0	0.98	0.98	1.0	0.94	0.96	1.0
15750	0.98	0.98	0.98	1.0	1.0	1.0	1.0	1.0	1.0	1.0	0.98	0.98	1.0	0.94	0.96	1.0
15800	1.0	0.98	0.98	1.0	0.98	1.0	1.0	1.0	1.0	1.0	0.98	0.98	1.0	0.94	0.96	1.0
15850	1.0	0.98	0.98	1.0	0.98	1.0	1.0	1.0	1.0	1.0	0.98	1.0	1.0	0.92	0.96	1.0
15900	1.0	0.98	0.98	1.0	0.98	1.0	1.0	1.0	1.0	1.0	1.0	1.0	1.0	0.92	0.96	1.0
15950	1.0	0.98	0.98	1.0	0.98	1.0	1.0	1.0	1.0	0.98	0.98	1.0	1.0	0.92	0.98	1.0
16000	1.0	0.98	0.98	1.0	0.98	1.0	1.0	1.0	1.0	0.98	0.98	1.0	1.0	0.92	0.98	0.98
16050	1.0	0.98	0.98	1.0	0.98	1.0	1.0	1.0	1.0	0.98	0.98	1.0	1.0	0.92	0.98	0.96
16100	1.0	0.98	1.0	1.0	0.98	1.0	1.0	1.0	1.0	0.98	0.98	1.0	1.0	0.92	0.98	0.96
16150	1.0	0.98	1.0	1.0	0.98	1.0	1.0	1.0	1.0	0.98	0.98	1.0	1.0	0.92	0.98	0.94
16200	1.0	0.98	1.0	1.0	0.98	1.0	1.0	1.0	1.0	0.98	0.98	1.0	1.0	0.92	0.98	0.94
16250	1.0	0.98	1.0	1.0	0.98	1.0	1.0	1.0	1.0	0.98	0.98	1.0	1.0	0.92	0.98	0.94
16300	1.0	0.98	1.0	1.0	0.98	1.0	1.0	1.0	1.0	0.98	0.98	1.0	1.0	0.94	1.0	0.94
16350	1.0	0.98	1.0	1.0	0.98	1.0	1.0	1.0	1.0	0.98	0.98	1.0	1.0	0.96	1.0	0.94
16400	1.0	0.98	1.0	1.0	0.98	1.0	1.0	0.98	1.0	0.98	0.98	1.0	1.0	0.96	1.0	0.94
16450	1.0	0.98	1.0	1.0	0.98	1.0	1.0	0.98	1.0	0.98	0.98	1.0	1.0	0.96	1.0	0.94
16500	1.0	0.98	1.0	1.0	0.98	1.0	1.0	0.98	1.0	0.96	0.98	1.0	1.0	0.96	0.98	0.94
16550	1.0	0.98	1.0	1.0	0.98	1.0	1.0	0.98	1.0	0.94	0.98	1.0	1.0	0.96	0.98	0.94
16600	1.0	1.0	1.0	1.0	0.98	1.0	1.0	0.98	1.0	0.94	0.98	1.0	1.0	0.96	0.98	0.94
16650	1.0	1.0	1.0	1.0	1.0	1.0	1.0	0.98	1.0	0.94	0.98	0.98	1.0	0.96	0.98	0.94
16700	1.0	1.0	1.0	1.0	1.0	1.0	1.0	0.98	1.0	0.94	0.98	0.98	1.0	0.96	0.98	0.94
16750	1.0	1.0	0.98	0.98	1.0	1.0	1.0	0.98	1.0	0.96	0.98	0.96	1.0	0.94	0.98	0.94
16800	1.0	1.0	0.98	0.98	1.0	1.0	1.0	0.98	1.0	0.96	0.98	0.96	1.0	0.94	0.98	0.94
16850	1.0	1.0	0.98	0.98	0.98	1.0	1.0	0.98	1.0	0.96	0.98	0.96	1.0	0.94	0.98	0.94
16900	1.0	1.0	0.98	0.98	0.98	1.0	1.0	0.98	1.0	0.96	1.0	0.96	1.0	0.94	0.98	0.96
16950	1.0	1.0	0.98	0.98	0.98	1.0	1.0	0.98	1.0	0.96	1.0	0.96	1.0	0.96	0.98	0.98
17000	1.0	1.0	0.98	0.98	0.98	1.0	1.0	0.98	1.0	0.94	1.0	0.96	1.0	0.96	0.98	0.98
17050	1.0	1.0	0.98	0.96	0.96	1.0	1.0	0.98	1.0	0.96	1.0	0.96	1.0	0.96	0.98	0.96
17100	1.0	1.0	0.98	0.96	0.96	1.0	1.0	0.98	1.0	0.96	0.98	0.96	1.0	0.96	0.98	0.96
17150	1.0	1.0	0.98	0.96	0.96	1.0	1.0	0.98	1.0	0.96	0.98	0.96	1.0	0.96	0.98	0.96
17200	1.0	1.0	0.98	0.96	0.96	1.0	1.0	0.98	1.0	0.94	0.98	0.96	1.0	0.94	0.98	0.98
17250	1.0	1.0	0.98	0.96	0.96	1.0	1.0	0.98	1.0	0.94	0.98	0.96	1.0	0.94	0.98	0.98
17300	1.0	1.0	0.98	0.94	0.96	1.0	1.0	1.0	1.0	0.94	0.98	0.96	1.0	0.94	0.98	0.98
17350	1.0	1.0	0.98	0.94	0.96	1.0	1.0	1.0	1.0	0.94	0.98	0.96	1.0	0.94	0.98	0.98
17400	1.0	1.0	0.98	0.94	0.96	1.0	1.0	1.0	1.0	0.94	0.98	0.96	1.0	0.96	1.0	0.98
17450	1.0	1.0	0.98	0.94	0.96	1.0	1.0	1.0	1.0	0.94	0.98	0.96	1.0	0.96	1.0	0.98
17500	0.98	1.0	0.98	0.94	0.96	1.0	1.0	1.0	1.0	0.94	0.98	0.96	1.0	0.96	1.0	0.98
17550	0.98	1.0	1.0	0.94	0.96	1.0	1.0	1.0	1.0	0.94	0.98	0.98	1.0	0.98	1.0	0.98
17600	0.98	1.0	1.0	0.94	0.98	1.0	1.0	1.0	1.0	0.94	0.98	1.0	1.0	0.98	1.0	0.98
17650	0.98	1.0	1.0	0.96	0.98	1.0	1.0	1.0	1.0	0.94	0.98	1.0	1.0	0.98	1.0	0.98
17700	0.98	1.0	1.0	0.96	1.0	1.0	1.0	1.0	1.0	0.94	0.98	1.0	1.0	0.98	0.98	0.98
17750	0.98	1.0	1.0	0.96	1.0	1.0	1.0	1.0	1.0	0.96	0.98	1.0	1.0	0.98	0.98	0.98
17800	0.96	1.0	0.98	0.96	1.0	1.0	1.0	1.0	1.0	0.96	0.98	1.0	1.0	0.98	0.98	0.98
17850	0.96	1.0	0.98	0.94	1.0	1.0	1.0	1.0	1.0	0.96	1.0	1.0	1.0	1.0	0.98	0.98
17900	0.96	1.0	0.98	0.96	1.0	1.0	1.0	1.0	1.0	1.0	1.0	1.0	1.0	1.0	0.98	0.98
17950	0.96	1.0	0.98	0.96	1.0	1.0	1.0	1.0	0.98	1.0	1.0	1.0	1.0	1.0	0.98	1.0
18000	0.96	1.0	0.98	0.96	1.0	1.0	1.0	1.0	0.98	1.0	1.0	1.0	1.0	1.0	0.98	1.0
18050	0.96	1.0	0.98	0.96	1.0	1.0	1.0	1.0	0.98	1.0	1.0	1.0	1.0	1.0	0.98	1.0
18100	0.96	1.0	0.98	0.96	1.0	1.0	1.0	1.0	0.98	1.0	1.0	1.0	0.98	1.0	0.98	1.0
18150	0.96	1.0	0.96	0.98	1.0	1.0	1.0	1.0	0.98	1.0	1.0	1.0	0.98	1.0	0.98	1.0
18200	0.96	1.0	0.96	0.98	1.0	1.0	1.0	1.0	0.98	1.0	1.0	1.0	0.98	1.0	0.98	1.0
18250	0.96	1.0	0.96	0.98	1.0	1.0	1.0	1.0	0.98	1.0	1.0	1.0	0.98	1.0	0.98	1.0
18300	0.96	1.0	0.96	0.98	1.0	1.0	1.0	1.0	0.98	1.0	1.0	1.0	0.98	1.0	0.98	1.0
18350	0.96	1.0	0.96	0.98	0.98	1.0	1.0	1.0	0.98	1.0	1.0	1.0	0.98	1.0	0.98	1.0
18400	0.96	1.0	0.96	0.98	0.98	1.0	1.0	1.0	0.98	1.0	1.0	1.0	0.98	1.0	0.98	0.98
18450	0.96	1.0	0.98	0.98	0.98	1.0	1.0	1.0	0.98	1.0	1.0	1.0	0.98	1.0	0.98	0.98
18500	0.96	1.0	0.98	0.98	0.98	0.98	1.0	1.0	0.98	0.98	1.0	1.0	0.98	1.0	1.0	0.98
18550	0.98	1.0	0.98	0.96	0.98	0.98	1.0	1.0	0.96	0.98	1.0	1.0	0.98	1.0	1.0	0.98
18600	0.98	1.0	0.98	0.96	0.98	0.98	1.0	1.0	0.96	0.98	1.0	1.0	0.98	1.0	1.0	0.98
18650	0.98	1.0	0.98	0.98	0.98	0.98	1.0	1.0	0.96	0.98	1.0	1.0	0.98	1.0	1.0	0.98
18700	0.98	1.0	0.96	0.98	0.98	0.98	1.0	1.0	0.96	0.98	1.0	1.0	0.96	1.0	1.0	0.98
18750	0.98	1.0	0.96	0.96	0.98	0.98	1.0	1.0	0.98	0.98	0.98	1.0	0.96	1.0	1.0	0.98
18800	0.98	1.0	0.96	0.96	0.98	0.98	1.0	1.0	0.98	0.98	0.98	1.0	0.96	1.0	1.0	0.98
18850	0.98	0.98	0.96	0.96	0.98	0.98	1.0	1.0	0.98	0.98	0.98	1.0	0.98	0.98	1.0	0.98
18900	1.0	0.98	0.98	0.94	0.98	0.98	1.0	1.0	0.98	0.98	0.98	1.0	0.98	0.98	1.0	0.96
18950	0.98	0.98	0.98	0.92	0.98	0.98	1.0	1.0	0.98	0.98	0.98	1.0	0.98	0.98	1.0	0.96
19000	0.98	0.98	0.98	0.92	0.98	0.98	1.0	1.0	0.98	0.96	0.98	1.0	0.98	0.98	1.0	0.96
19050	0.98	0.98	0.98	0.92	0.98	0.96	1.0	1.0	0.98	0.96	0.98	1.0	0.98	0.98	1.0	0.96
19100	0.98	0.98	0.98	0.92	0.98	0.96	1.0	1.0	0.98	0.96	0.98	0.98	0.98	0.98	1.0	0.96
19150	0.98	0.98	0.98	0.94	0.98	0.96	1.0	1.0	0.98	0.96	0.98	0.98	0.98	0.98	1.0	0.98
19200	0.98	0.94	0.98	0.94	0.98	0.96	1.0	1.0	0.98	0.96	0.98	0.98	0.98	0.98	1.0	0.98
19250	0.98	0.94	0.98	0.94	0.98	0.96	1.0	1.0	1.0	0.96	0.98	0.98	0.98	0.98	1.0	0.98
19300	0.98	0.94	0.98	0.94	1.0	0.98	1.0	1.0	1.0	0.96	0.98	0.98	0.98	0.98	1.0	0.98
19350	0.98	0.94	0.98	0.94	1.0	0.98	1.0	1.0	1.0	0.98	0.98	0.98	0.98	0.98	1.0	0.98
19400	0.98	0.94	0.96	0.94	1.0	0.98	1.0	1.0	1.0	0.98	0.98	0.98	0.98	0.98	1.0	0.98
19450	0.98	0.94	0.96	0.96	1.0	0.98	1.0	1.0	0.98	0.98	1.0	0.98	0.98	0.98	1.0	0.98
19500	0.98	0.94	0.96	0.92	1.0	0.98	1.0	1.0	0.98	0.98	1.0	0.98	1.0	0.98	1.0	0.98
19550	0.98	0.94	0.96	0.92	1.0	0.98	1.0	1.0	0.98	0.98	1.0	0.98	1.0	0.98	1.0	0.98
19600	0.98	0.96	0.98	0.94	1.0	0.98	1.0	1.0	0.98	0.98	1.0	0.98	1.0	0.98	1.0	0.98
19650	0.98	0.96	0.98	0.96	1.0	0.98	1.0	1.0	0.98	0.98	1.0	0.98	1.0	0.98	1.0	0.96
19700	0.98	0.96	0.98	0.94	1.0	0.98	1.0	1.0	0.98	0.98	1.0	0.98	1.0	1.0	1.0	0.98
19750	0.98	0.96	0.98	0.94	1.0	0.98	1.0	1.0	0.98	0.98	1.0	0.98	1.0	1.0	1.0	0.98
19800	1.0	0.96	0.98	0.94	1.0	0.98	1.0	1.0	0.98	1.0	1.0	0.98	1.0	1.0	1.0	0.98
19850	1.0	0.94	0.98	0.92	1.0	1.0	1.0	1.0	0.98	1.0	0.98	0.98	1.0	1.0	1.0	0.98
19900	1.0	0.94	0.98	0.92	1.0	1.0	0.98	1.0	0.98	1.0	0.98	0.98	1.0	1.0	1.0	0.98
19950	1.0	0.94	0.98	0.92	1.0	1.0	0.98	1.0	0.96	1.0	0.98	0.98	1.0	1.0	1.0	0.96
20000	1.0	0.98	0.98	0.92	1.0	1.0	0.98	1.0	0.96	1.0	0.98	0.98	1.0	1.0	1.0	0.96
