0	0	0	0	0	0	0	0	0	0	0	0	0	0	0	0	0	0
50	3	2	2	1	1	1	1	1	1	2	2	2	2	2	3	3	7
100	5	5	3	3	1	3	3	3	4	5	4	3	5	4	4	6	17
150	5	8	6	7	4	4	4	5	5	5	6	4	5	6	6	7	29
200	5	8	6	7	6	7	6	7	5	6	7	5	6	6	6	8	34
250	6	9	6	9	7	9	7	8	6	6	7	6	7	7	8	8	40
300	7	9	7	10	8	10	7	10	7	7	8	6	9	8	9	9	45
350	7	9	7	10	8	11	7	10	7	8	8	8	10	8	9	10	47
400	7	10	7	10	9	11	8	10	7	8	8	10	10	8	9	11	44
450	8	10	8	10	9	12	8	10	9	9	9	10	11	8	9	11	50
500	8	10	8	10	10	13	8	11	9	9	9	10	12	8	10	12	56
550	8	11	10	10	10	13	9	11	9	9	9	10	13	9	10	13	54
600	9	12	10	12	10	13	9	11	10	10	9	11	12	10	11	13	56
650	9	12	10	12	12	13	9	13	12	10	9	11	13	11	11	13	60
700	10	12	10	13	12	13	9	13	12	10	10	12	14	12	11	13	63
750	10	12	10	13	13	13	9	13	13	11	11	13	14	12	13	13	68
800	10	12	10	13	13	14	9	15	15	11	11	14	14	12	13	14	73
850	10	12	11	14	13	14	9	15	15	12	12	14	14	12	13	14	75
900	10	12	11	14	13	14	9	15	15	12	14	14	14	12	13	14	76
950	10	12	11	14	13	14	9	15	15	12	14	15	14	12	13	15	78
1000	10	12	11	14	13	14	9	15	15	12	14	15	14	12	13	15	77
1050	10	12	11	14	13	14	9	15	15	12	14	15	14	12	13	15	77
1100	10	12	11	14	13	14	9	15	15	12	14	15	14	12	13	15	75
1150	10	12	11	14	13	14	9	15	15	12	14	15	14	12	13	15	76
1200	10	12	11	14	13	15	9	15	15	12	14	15	14	12	13	15	75
1250	10	12	12	14	13	15	9	15	15	12	15	15	14	12	13	15	76
1300	10	12	13	14	14	15	9	15	15	12	15	15	14	12	13	15	77
1350	10	12	14	14	14	15	10	15	15	12	15	15	14	12	13	15	79
1400	10	12	14	14	14	15	10	15	15	12	15	15	14	12	13	15	79
1450	10	12	14	14	14	15	10	15	15	12	15	15	14	12	13	15	79
1500	10	12	14	14	14	15	10	15	15	12	15	15	14	12	13	15	78
1550	10	12	14	14	14	15	11	15	15	12	15	15	14	12	13	15	81
1600	10	12	14	14	14	15	13	15	15	12	15	15	14	12	13	15	79
1650	10	12	14	14	14	15	14	15	15	12	15	15	14	12	13	15	82
1700	10	12	14	14	14	16	14	15	15	12	15	15	14	12	13	15	80
1750	10	12	13	14	14	16	14	15	15	12	15	15	14	12	13	15	80
1800	10	12	13	14	14	16	15	15	15	12	15	15	14	12	13	15	80
1850	10	12	13	14	14	16	15	15	15	12	15	15	14	12	13	15	79
1900	10	12	13	14	14	17	15	15	15	12	15	15	14	12	13	15	80
1950	10	12	13	14	14	18	15	15	15	12	15	15	14	12	13	15	79
2000	10	12	13	14	14	18	15	15	15	12	15	15	14	12	13	15	79
2050	10	12	13	14	14	19	15	15	15	12	15	15	14	12	13	15	81
2100	11	12	13	14	15	21	15	15	15	12	15	15	14	12	13	15	83
2150	11	12	13	14	16	22	15	15	15	12	15	15	14	12	13	15	85
2200	11	12	13	14	16	22	15	15	15	12	15	15	14	12	13	15	85
2250	12	12	13	14	16	23	16	15	15	12	15	15	14	12	13	15	88
2300	12	12	13	14	16	23	16	15	15	12	15	15	14	12	13	15	89
2350	14	12	13	14	16	23	16	15	15	12	15	15	14	12	14	15	90
2400	14	12	13	14	18	25	16	15	15	12	14	15	14	12	14	15	90
2450	14	12	13	14	19	25	16	15	15	12	14	15	14	12	14	15	91
2500	15	12	13	14	19	25	16	15	15	12	14	15	14	12	14	15	91
2550	15	12	13	14	19	25	16	15	15	12	14	15	14	12	14	15	91
2600	15	12	13	14	21	25	16	15	15	12	14	15	14	12	14	15	93
2650	15	12	13	14	22	25	16	15	15	12	14	15	14	12	14	15	94
2700	15	12	13	14	22	25	16	15	15	12	14	15	14	12	16	15	97
2750	15	12	13	14	22	24	16	15	15	12	14	15	14	12	16	15	96
2800	16	12	13	14	22	24	16	15	15	11	14	15	14	12	17	15	95
2850	15	12	14	14	22	25	16	15	15	11	14	15	14	12	17	15	95
2900	16	12	14	14	23	25	16	15	15	11	14	15	14	12	18	15	96
2950	16	12	14	14	23	25	16	15	15	11	14	15	14	12	18	15	96
3000	17	12	14	14	23	25	16	15	15	11	14	15	14	12	18	15	98
3050	17	12	14	14	23	25	16	15	14	11	14	15	14	12	18	15	98
3100	15	12	14	14	23	25	16	15	14	11	14	15	14	12	18	15	96
3150	17	12	14	14	23	26	16	15	14	11	14	15	14	12	18	15	98
3200	18	12	14	14	23	26	16	15	13	11	14	15	14	12	18	15	98
3250	18	12	14	14	24	26	16	15	13	11	14	15	14	12	18	15	99
3300	18	12	14	14	24	26	16	15	13	11	14	15	14	12	18	15	99
3350	19	12	14	14	24	26	16	15	13	11	14	15	14	12	19	15	101
3400	19	12	14	14	24	26	16	15	13	11	14	15	14	12	19	15	101
3450	20	12	14	14	24	26	16	15	13	11	14	15	14	12	19	15	102
3500	21	12	14	14	24	26	16	15	12	11	14	15	14	12	19	15	102
3550	21	12	14	14	24	26	16	15	12	11	14	15	14	12	19	15	101
3600	22	12	13	14	24	26	16	15	12	11	14	15	14	12	19	15	101
3650	22	12	13	14	24	26	16	15	12	11	14	15	14	12	20	15	102
3700	22	12	13	14	25	26	16	15	12	11	14	15	14	12	20	15	104
3750	22	12	13	14	25	26	16	15	12	11	14	15	14	12	20	15	104
3800	21	12	13	14	26	26	16	15	13	11	14	15	14	12	19	15	104
3850	21	12	13	14	26	26	16	15	14	12	14	15	14	12	19	15	104
3900	21	12	13	14	26	27	16	15	14	12	14	15	14	12	19	15	105
3950	21	12	13	14	26	27	16	15	14	12	14	15	14	13	19	15	105
4000	21	12	13	14	26	27	16	15	14	12	14	15	14	13	19	15	105
4050	20	12	13	14	27	28	16	15	14	12	14	15	14	13	20	15	106
4100	20	12	13	14	27	28	16	15	14	12	15	15	14	13	20	15	105
4150	20	12	13	14	27	28	16	15	14	12	15	15	14	13	20	15	105
4200	20	12	13	14	27	29	16	15	16	12	14	15	14	14	20	15	109
4250	20	12	13	14	28	29	16	15	16	12	15	15	14	14	20	15	110
4300	20	12	13	15	27	30	16	15	16	12	14	15	14	14	20	15	111
4350	21	12	13	15	27	30	16	15	16	12	15	15	14	14	20	15	111
4400	21	12	13	15	27	31	16	15	16	12	15	15	14	16	20	15	112
4450	21	12	13	15	28	31	16	15	16	12	15	15	14	16	20	15	113
4500	21	12	13	15	28	31	16	15	17	12	15	15	14	16	20	15	115
4550	21	12	13	15	28	31	16	15	18	12	15	15	14	16	20	15	116
4600	20	12	13	15	28	31	16	15	18	12	15	15	14	16	20	15	114
4650	20	12	13	15	28	31	16	15	20	12	16	15	14	17	20	15	117
4700	20	12	13	16	29	31	17	15	20	12	15	15	14	16	20	15	119
4750	20	12	13	16	29	31	17	15	21	12	15	15	14	16	20	15	120
4800	20	12	14	17	28	31	17	15	21	12	16	15	15	16	20	15	123
4850	21	12	14	17	28	32	17	15	21	12	17	15	15	16	20	15	126
4900	21	12	14	17	27	32	17	15	22	12	18	15	16	17	20	15	129
4950	20	13	14	17	27	32	17	15	22	13	18	15	16	17	20	15	129
5000	20	13	14	17	27	32	17	15	22	13	20	15	16	17	19	15	129
5050	20	13	14	17	27	32	17	15	22	13	20	15	16	17	19	15	129
5100	20	13	14	18	27	32	18	15	22	14	20	15	16	17	19	15	131
5150	20	13	13	18	27	32	18	15	23	14	22	15	16	18	19	15	133
5200	20	13	13	18	28	31	19	15	23	14	22	15	16	18	19	15	136
5250	20	13	13	20	28	31	20	15	23	14	22	15	16	18	18	15	138
5300	20	13	14	20	28	31	20	15	23	14	23	15	16	18	18	15	140
5350	20	13	14	20	30	32	20	15	24	14	23	15	17	18	18	15	143
5400	20	13	14	20	30	33	20	15	24	14	23	15	17	18	18	15	144
5450	20	13	14	20	30	33	21	15	24	14	23	15	18	18	18	15	147
5500	20	13	14	20	29	33	24	15	24	15	23	15	19	18	18	15	151
5550	20	13	14	20	29	33	24	15	24	15	23	15	20	18	18	15	152
5600	20	13	14	20	29	33	24	15	24	15	23	15	20	18	18	15	152
5650	20	13	14	20	29	33	25	15	24	15	23	15	22	18	18	15	154
5700	20	13	14	20	30	34	24	15	24	15	24	15	22	18	18	15	156
5750	20	13	14	20	31	34	24	15	24	15	24	15	22	18	18	15	157
5800	20	13	14	20	30	34	24	15	24	15	25	15	22	18	18	15	157
5850	20	13	14	20	31	34	24	15	24	15	25	15	23	18	18	15	159
5900	20	13	14	20	31	34	24	15	24	15	25	15	23	18	17	15	159
5950	20	13	14	20	32	34	24	15	24	16	25	15	23	18	17	15	160
6000	20	13	14	20	32	34	25	15	24	16	25	15	23	19	17	15	162
6050	20	13	14	20	30	34	25	15	24	16	25	15	23	19	17	15	158
6100	20	13	14	20	31	34	25	15	24	16	25	15	23	19	17	16	157
6150	20	13	14	20	31	34	25	15	24	16	27	15	23	20	17	18	160
6200	20	13	14	20	32	34	25	15	24	17	27	15	23	20	17	18	161
6250	20	13	14	20	32	34	25	15	24	17	27	15	23	20	17	18	161
6300	20	13	14	20	32	34	25	15	24	17	27	15	23	20	17	18	161
6350	21	13	14	20	34	34	25	15	24	17	27	15	23	20	17	18	164
6400	21	13	14	20	34	34	25	15	24	17	27	15	24	20	17	19	166
6450	21	13	14	20	35	34	25	15	24	17	27	15	24	20	17	21	166
6500	20	13	14	20	35	33	25	15	24	17	27	15	24	20	17	22	165
6550	21	13	14	20	35	33	25	15	24	17	28	15	24	20	17	23	165
6600	21	13	14	20	34	33	25	15	24	18	28	15	24	20	17	24	168
6650	21	13	14	20	36	33	24	15	24	18	28	15	24	20	17	26	167
6700	21	14	14	20	36	33	25	15	24	18	28	15	24	20	17	26	167
6750	21	14	14	20	36	33	25	15	24	18	28	15	24	20	16	25	167
6800	21	14	14	20	36	33	25	15	24	18	28	15	24	20	16	25	167
6850	22	15	14	20	35	33	25	15	24	18	28	15	24	20	16	25	168
6900	22	15	14	20	36	32	25	15	24	19	28	15	25	20	16	26	169
6950	22	15	14	20	36	32	25	15	24	19	28	15	25	20	16	26	168
7000	22	15	14	21	36	32	25	15	24	19	28	15	25	20	16	26	168
7050	22	15	14	21	36	32	25	15	24	19	28	15	25	20	16	26	167
7100	22	16	14	21	36	32	25	15	24	19	28	15	26	20	16	26	170
7150	22	16	14	21	36	32	24	15	24	19	28	15	26	20	16	26	170
7200	22	16	14	21	36	33	24	15	24	19	28	15	26	20	16	26	172
7250	22	17	14	21	36	33	24	15	24	19	28	15	26	20	16	26	170
7300	22	18	14	22	36	33	24	15	24	19	28	15	26	20	16	26	171
7350	22	18	14	22	36	33	24	15	24	19	28	15	26	20	16	27	172
7400	22	20	14	22	36	33	24	15	24	19	28	15	26	20	16	27	173
7450	21	20	14	22	36	33	24	15	24	19	28	15	26	20	16	28	174
7500	21	21	14	23	36	34	24	15	23	19	28	15	26	20	16	28	176
7550	21	21	14	23	36	34	24	15	23	19	28	15	26	20	16	29	176
7600	21	22	14	23	36	34	24	15	23	19	28	15	26	20	16	29	177
7650	21	23	14	23	37	34	24	15	23	19	27	15	26	20	16	29	179
7700	21	23	14	23	37	34	24	15	24	19	27	15	26	20	16	29	179
7750	21	24	14	23	37	34	24	15	24	19	27	14	26	20	16	29	180
7800	21	24	14	23	36	34	24	15	24	19	27	14	26	20	16	29	180
7850	21	24	14	24	36	34	24	15	24	19	27	14	26	20	16	29	181
7900	21	24	14	24	36	35	24	15	25	19	27	14	26	20	16	29	182
7950	21	24	14	24	36	35	24	15	25	19	27	14	26	20	16	29	182
8000	21	24	14	24	36	35	24	15	25	19	27	14	26	20	16	30	183
8050	21	24	14	24	36	35	24	15	25	19	27	14	26	20	15	30	181
8100	21	24	14	24	36	35	24	15	24	19	27	14	26	20	15	30	181
8150	21	24	14	24	36	35	23	15	24	19	27	14	24	20	15	30	178
8200	21	24	14	24	36	35	23	15	24	19	27	14	24	20	15	30	179
8250	21	24	14	24	36	35	23	15	23	19	27	14	24	20	15	30	178
8300	21	25	14	24	36	35	23	15	23	19	26	14	24	20	15	30	179
8350	21	25	14	24	36	35	24	15	23	19	24	14	24	20	15	30	179
8400	21	25	14	25	36	34	24	15	23	18	23	14	24	20	15	30	178
8450	21	25	14	25	36	34	24	15	23	18	23	14	24	20	15	30	178
8500	21	25	14	25	36	34	24	15	23	18	23	14	24	20	15	30	178
8550	21	25	13	26	35	34	23	15	23	18	23	14	24	20	15	30	178
8600	21	25	13	26	35	34	23	15	23	18	23	14	24	20	15	30	178
8650	21	25	13	26	35	33	23	15	23	18	23	14	24	20	15	30	176
8700	21	25	13	27	35	33	22	15	23	18	23	14	24	20	15	30	176
8750	21	26	13	27	35	33	22	15	23	18	23	14	24	20	15	30	176
8800	21	26	13	27	35	33	22	15	23	18	23	14	24	20	15	30	176
8850	20	26	13	29	35	33	21	15	23	18	23	14	24	20	16	30	178
8900	20	26	13	28	35	33	21	15	23	18	23	14	24	20	16	30	177
8950	20	26	13	28	35	33	21	15	23	18	23	14	24	20	17	30	176
9000	20	26	13	29	35	33	21	15	23	18	23	14	24	20	17	30	177
9050	20	26	13	29	35	34	21	15	23	18	23	14	24	19	18	30	178
9100	20	26	13	29	35	34	21	15	23	18	23	14	24	19	18	30	178
9150	20	26	13	29	35	34	21	15	23	18	22	14	24	19	18	30	178
9200	20	26	13	29	35	34	21	15	23	18	22	14	24	19	18	30	178
9250	20	26	13	29	35	34	21	15	22	17	22	14	24	19	19	30	176
9300	20	26	13	30	33	34	21	15	22	17	23	14	24	19	19	30	175
9350	20	26	13	30	33	34	21	15	22	17	23	14	24	19	19	30	175
9400	20	26	13	30	33	34	21	15	22	17	22	14	24	19	19	30	175
9450	20	26	13	30	33	34	21	15	22	17	22	14	24	19	19	30	175
9500	20	26	13	31	33	34	21	15	22	17	22	14	24	19	19	30	174
9550	20	26	13	31	33	34	21	15	22	17	22	14	24	19	18	30	172
9600	20	26	13	32	33	34	21	15	22	17	22	14	24	19	18	30	171
9650	20	26	14	32	33	34	21	15	22	17	22	14	24	19	18	30	172
9700	20	26	14	32	33	34	21	15	22	17	22	14	24	19	18	30	172
9750	20	26	14	32	33	34	21	15	22	17	22	14	24	19	18	30	172
9800	20	26	14	32	33	34	22	15	22	17	22	14	24	19	18	30	172
9850	20	26	14	32	33	34	22	15	24	17	22	14	24	19	18	30	173
9900	20	26	14	33	33	34	21	15	24	17	22	14	24	19	17	29	171
9950	20	26	14	33	33	34	20	15	24	17	22	14	23	19	17	29	171
10000	20	26	14	33	33	35	20	15	24	17	22	14	23	19	17	29	172
10050	20	26	14	32	33	35	20	15	24	17	22	14	24	19	17	29	171
10100	19	26	14	32	33	35	20	15	24	17	22	14	24	19	17	29	171
10150	19	26	14	32	33	35	20	15	24	17	22	14	26	19	17	29	171
10200	21	26	14	33	33	35	20	15	24	17	22	14	26	19	17	29	171
10250	21	25	14	34	33	35	20	15	24	17	22	14	26	19	17	29	172
10300	21	25	14	35	33	35	20	15	24	17	22	14	26	19	17	29	172
10350	22	25	14	35	33	35	20	15	24	17	22	14	26	19	17	28	172
10400	22	25	14	35	33	34	20	15	24	17	22	14	27	19	17	28	172
10450	22	25	15	35	33	34	20	15	24	17	22	14	27	19	18	28	173
10500	23	25	15	34	33	34	20	15	24	17	22	14	27	19	20	28	174
10550	23	25	15	34	31	34	20	15	24	17	22	14	28	19	20	27	170
10600	23	25	15	34	31	34	20	15	24	17	22	14	28	19	20	27	171
10650	23	25	15	34	31	34	20	15	24	17	22	14	28	19	20	27	169
10700	25	25	16	34	31	34	20	15	25	17	22	14	29	19	21	27	173
10750	25	25	15	34	31	34	20	15	24	17	22	14	29	19	21	27	172
10800	26	25	15	33	31	34	19	15	23	17	22	14	30	19	22	26	173
10850	26	25	15	34	31	34	19	15	22	17	21	14	30	19	22	26	172
10900	27	25	15	35	31	34	19	15	23	17	21	14	29	19	22	26	176
10950	27	25	15	34	31	34	19	15	23	17	21	14	28	19	22	26	174
11000	27	25	15	35	31	34	19	15	23	17	21	14	28	19	22	26	173
11050	28	25	15	35	31	34	19	15	23	17	21	14	29	19	23	26	177
11100	28	25	15	35	31	34	20	15	23	18	21	14	29	19	23	26	177
11150	28	25	15	35	31	33	20	15	23	18	21	14	29	19	23	26	178
11200	29	25	15	36	30	32	20	15	23	18	21	14	28	19	23	26	178
11250	28	25	15	35	30	32	20	15	23	18	21	14	28	19	23	26	176
11300	28	25	15	35	30	32	20	15	23	18	21	14	28	19	23	26	175
11350	28	25	15	35	30	32	20	15	23	18	21	14	28	19	23	26	173
11400	28	25	15	35	29	32	21	15	23	19	21	14	27	19	24	26	173
11450	27	25	16	35	28	32	22	15	23	19	21	14	27	18	24	26	174
11500	28	24	17	35	28	32	22	15	23	19	21	14	27	18	24	26	173
11550	28	24	17	35	28	32	22	15	24	20	21	14	27	18	25	26	176
11600	28	24	18	36	28	32	22	15	24	20	21	14	27	18	25	26	178
11650	27	24	18	35	28	32	22	15	24	20	21	14	28	18	27	26	177
11700	26	24	18	35	29	32	22	15	24	21	21	14	28	18	27	26	176
11750	25	24	18	36	29	31	22	15	24	21	21	14	28	18	27	26	174
11800	25	24	18	36	29	33	22	15	24	21	21	14	28	17	27	26	171
11850	25	24	18	36	28	33	23	15	24	21	21	14	28	17	27	26	171
11900	24	23	18	36	28	33	24	15	24	21	21	14	28	17	27	26	168
11950	25	23	18	36	28	33	24	15	24	20	21	14	28	17	27	26	167
12000	25	23	18	36	28	33	24	15	24	20	21	14	28	17	29	26	168
12050	25	23	18	36	27	35	24	15	24	20	21	14	28	17	29	26	169
12100	25	23	18	35	25	35	24	15	24	20	21	14	28	17	28	26	168
12150	25	23	18	35	25	36	23	15	24	21	21	14	26	17	30	26	168
12200	27	22	18	35	25	38	23	15	24	22	21	14	27	17	30	26	171
12250	27	22	18	35	25	38	23	15	24	22	21	14	28	17	31	26	171
12300	27	22	18	35	25	39	23	15	24	21	21	14	28	17	31	26	170
12350	27	22	18	35	25	39	23	15	24	21	21	14	28	17	31	26	170
12400	27	22	18	35	25	40	24	14	24	21	21	14	28	17	31	26	170
12450	27	22	18	35	25	41	24	14	23	21	21	14	28	17	32	26	173
12500	27	22	18	35	24	42	24	14	23	21	21	14	28	17	31	26	172
12550	27	22	18	35	24	42	24	14	24	21	21	14	28	17	31	26	173
12600	27	22	18	35	24	41	24	14	24	21	21	14	29	17	30	26	171
12650	27	22	18	35	25	40	24	14	24	21	21	14	28	17	30	26	172
12700	27	22	18	35	25	40	24	14	25	21	21	14	28	17	30	26	173
12750	27	22	18	35	25	41	24	14	25	21	21	14	28	17	33	26	176
12800	27	22	17	35	25	41	24	14	25	20	21	14	29	17	33	26	176
12850	27	22	17	35	25	41	24	14	25	20	21	14	28	17	33	25	176
12900	27	22	17	35	25	41	24	14	26	20	21	14	28	17	34	25	178
12950	26	22	17	35	25	41	24	14	26	20	21	14	28	17	34	25	177
13000	26	22	17	35	25	41	24	14	26	20	21	14	28	17	36	25	177
13050	26	22	17	35	25	41	24	14	26	20	21	14	27	17	36	25	176
13100	26	22	17	35	25	41	24	14	26	20	21	14	27	17	36	25	176
13150	26	22	17	35	25	41	24	14	26	19	21	14	27	17	36	25	178
13200	26	22	17	35	25	41	24	14	26	19	21	14	27	17	37	25	178
13250	26	22	17	35	25	41	24	14	26	19	21	14	27	17	37	25	178
13300	26	21	17	35	25	41	24	14	25	19	21	14	27	17	36	25	177
13350	26	21	17	35	25	41	23	14	25	19	21	14	27	17	36	25	176
13400	26	21	17	35	25	41	23	14	25	19	21	14	27	17	36	25	176
13450	24	21	17	35	25	41	23	14	25	19	21	14	27	17	36	25	176
13500	24	21	17	35	24	41	23	14	25	19	21	14	27	16	36	25	175
13550	24	21	17	35	24	40	23	14	25	19	21	14	27	16	36	25	172
13600	24	21	17	35	24	40	22	14	25	19	21	14	27	16	36	24	172
13650	24	21	16	35	24	41	21	14	25	19	21	14	27	16	36	24	172
13700	24	21	16	35	24	41	21	14	25	19	21	14	27	16	36	24	172
13750	24	21	16	35	24	40	21	14	24	19	21	14	27	16	36	24	171
13800	24	21	16	35	24	40	21	14	23	20	21	14	27	16	36	24	171
13850	24	21	16	35	24	40	21	14	23	20	21	14	27	16	36	24	172
13900	24	21	15	35	24	39	20	14	23	20	21	14	27	16	36	24	171
13950	24	21	15	35	24	39	20	14	23	20	21	14	26	16	36	24	170
14000	24	21	15	35	24	39	20	14	23	20	21	14	26	16	37	24	168
14050	24	21	14	35	24	39	20	14	24	19	21	14	26	16	37	24	167
14100	24	21	14	35	24	39	20	14	24	19	21	14	26	16	37	24	167
14150	24	21	14	35	25	38	20	14	24	19	20	14	26	16	37	24	165
14200	24	21	14	35	25	38	20	14	23	19	20	14	26	16	37	24	164
14250	24	21	14	35	25	38	21	14	24	19	20	14	26	16	36	24	166
14300	24	21	13	35	26	38	21	14	25	19	20	14	26	16	36	24	165
14350	24	21	13	35	26	38	21	14	25	19	20	14	26	16	36	24	165
14400	24	21	13	34	26	38	21	14	25	20	20	14	26	16	34	24	163
14450	24	21	13	34	26	38	21	14	25	21	20	13	26	16	32	24	165
14500	24	21	13	34	26	38	21	14	25	22	20	13	26	16	32	24	165
14550	24	21	13	34	27	38	21	14	27	22	20	13	26	15	32	24	168
14600	24	21	13	34	29	38	20	14	27	21	20	13	26	15	32	24	169
14650	24	21	13	34	29	38	20	14	27	21	20	13	26	15	32	24	169
14700	24	21	13	34	29	38	20	14	27	22	20	13	26	15	33	24	170
14750	24	21	13	34	29	38	20	14	27	23	20	13	26	15	33	24	170
14800	24	20	13	34	29	38	20	14	27	23	20	13	26	15	33	24	170
14850	24	20	13	34	29	38	20	14	25	22	20	13	26	15	33	24	167
14900	24	20	14	34	29	38	20	14	25	22	20	13	26	15	33	24	168
14950	24	20	14	34	29	38	21	14	25	22	20	13	26	15	33	24	169
15000	24	20	14	34	29	38	21	14	25	22	20	13	25	15	33	24	169
15050	24	20	15	34	29	38	21	14	25	22	20	13	25	15	33	24	169
15100	24	20	15	34	29	38	21	14	26	22	20	13	24	15	33	24	170
15150	24	20	15	34	29	38	21	14	26	22	20	13	24	15	33	24	171
15200	24	20	15	34	29	38	21	14	26	21	20	13	24	15	33	24	171
15250	24	20	15	34	29	38	21	14	27	21	20	13	24	15	33	24	171
15300	24	20	15	34	29	38	21	14	27	21	20	13	24	14	33	24	170
15350	24	20	15	34	29	38	20	14	27	21	20	13	24	14	33	24	169
15400	24	20	15	34	29	37	20	14	27	21	20	13	24	14	33	24	168
15450	24	20	15	33	29	37	20	14	27	20	20	13	25	14	33	24	167
15500	24	20	15	33	29	37	20	14	27	20	20	13	25	14	33	24	167
15550	24	20	15	33	29	37	20	14	26	20	20	13	25	14	33	24	165
15600	24	20	15	33	28	37	20	14	26	20	20	13	26	14	33	24	166
15650	24	20	15	33	28	37	20	14	26	20	20	13	26	14	33	24	164
15700	24	20	15	33	27	37	20	14	26	20	20	13	27	14	33	24	164
15750	24	20	15	33	27	37	20	14	26	20	20	13	27	14	33	24	164
15800	24	20	14	32	27	37	20	14	26	20	20	13	27	14	33	24	163
15850	24	20	14	32	27	37	20	14	24	19	20	13	28	14	33	24	162
15900	24	20	14	32	27	37	20	14	24	20	20	13	28	14	33	24	163
15950	24	20	14	32	27	37	20	14	24	20	20	13	28	14	33	24	163
16000	24	20	14	32	27	37	20	14	24	21	20	13	28	14	33	24	163
16050	24	20	14	32	26	37	19	14	24	21	20	13	28	14	33	24	163
16100	24	20	14	32	26	37	19	14	24	21	20	13	28	14	33	23	162
16150	24	20	14	32	26	37	19	14	24	21	20	13	28	14	33	23	162
16200	24	20	15	32	26	37	19	14	24	21	20	13	29	14	33	23	164
16250	24	20	16	32	26	35	19	14	24	21	19	13	29	14	34	23	165
16300	24	20	16	32	26	35	19	14	24	21	19	13	29	14	34	23	166
16350	24	20	16	32	26	35	19	14	24	21	19	13	29	14	34	23	166
16400	24	20	16	32	26	35	19	14	24	21	19	13	30	14	34	23	167
16450	24	20	16	31	27	35	19	14	24	21	19	13	30	14	34	23	168
16500	24	20	16	31	27	35	19	14	25	21	19	13	30	14	34	23	168
16550	24	20	17	31	27	35	18	14	25	21	19	13	30	14	34	23	166
16600	24	20	17	31	27	35	17	14	25	21	19	13	30	14	34	23	165
16650	24	20	17	31	27	35	17	14	25	21	19	13	29	14	34	23	165
16700	24	20	17	31	28	35	17	14	25	21	19	13	28	15	34	23	167
16750	24	20	17	31	28	35	17	14	25	21	19	13	28	15	33	23	166
16800	24	20	18	31	29	35	17	14	25	21	19	13	29	15	33	23	164
16850	24	20	18	31	28	34	17	14	24	21	19	13	29	15	34	23	164
16900	24	20	17	31	28	34	17	14	22	21	19	13	29	15	34	23	163
16950	24	20	17	31	27	34	17	14	23	21	20	13	29	15	34	23	163
17000	24	20	17	31	27	34	17	14	22	21	20	13	28	15	34	23	163
17050	24	20	17	31	27	34	17	14	24	21	19	13	28	16	34	23	165
17100	24	20	18	31	27	34	17	14	25	21	19	13	28	16	34	23	168
17150	24	19	17	31	28	34	17	14	25	21	19	13	28	16	34	23	169
17200	24	19	19	31	28	34	17	14	27	21	19	13	28	15	34	23	172
17250	24	18	19	31	28	33	17	14	28	21	19	13	28	15	34	23	172
17300	24	18	19	31	28	33	17	14	28	20	19	13	28	15	34	23	171
17350	24	18	19	31	28	33	17	14	28	20	19	13	29	15	34	22	171
17400	24	18	19	31	28	33	17	14	28	20	19	13	29	15	34	22	171
17450	23	18	21	31	28	33	17	14	28	20	19	13	29	15	34	22	170
17500	23	18	21	31	28	33	17	14	29	20	19	13	29	15	35	22	172
17550	23	18	21	30	28	34	17	14	29	22	19	13	29	15	35	22	172
17600	23	18	21	30	28	34	17	14	29	22	19	13	28	15	35	22	171
17650	23	18	21	30	28	34	17	14	30	22	19	13	28	15	35	22	172
17700	23	18	21	30	28	34	17	14	32	22	19	13	28	15	35	22	174
17750	23	18	21	29	28	35	17	14	32	22	21	13	29	15	35	22	177
17800	23	18	21	29	27	35	17	14	32	22	21	13	29	15	35	22	174
17850	23	18	21	30	27	35	17	14	32	22	21	13	29	16	35	22	174
17900	23	18	21	30	26	34	17	14	31	23	21	13	29	16	35	22	173
17950	23	18	22	30	25	34	17	15	31	23	22	13	29	16	35	22	176
18000	22	18	22	30	25	32	17	15	31	23	23	13	29	16	35	22	173
18050	22	18	22	30	25	32	17	15	31	23	23	13	29	17	35	22	174
18100	22	18	22	30	26	32	17	15	31	23	23	13	29	17	35	22	175
18150	22	18	22	31	26	32	17	15	32	23	23	13	29	19	36	22	180
18200	22	18	23	31	27	32	17	15	31	24	23	13	28	19	36	22	181
18250	22	18	23	31	27	32	17	15	30	24	23	13	28	19	37	22	181
18300	22	18	23	31	27	32	17	15	29	24	23	13	28	19	38	22	180
18350	22	18	23	31	27	32	17	15	31	24	24	13	28	19	38	22	182
18400	22	18	23	30	27	32	17	15	31	24	24	13	28	19	38	22	181
18450	22	17	23	30	27	32	17	15	31	24	25	13	29	19	38	21	182
18500	22	17	23	30	27	32	17	15	31	24	25	13	29	19	38	21	182
18550	22	17	24	30	27	32	17	15	31	24	25	13	29	19	38	21	183
18600	24	17	24	31	27	32	17	15	31	24	25	13	29	19	37	21	184
18650	24	17	25	31	26	32	17	15	31	26	25	13	31	19	37	21	189
18700	23	17	25	31	27	32	17	15	31	27	25	13	31	19	37	21	188
18750	23	17	25	31	27	32	17	15	31	27	27	13	31	19	37	21	189
18800	23	17	25	31	27	32	17	15	32	27	27	13	31	19	37	21	190
18850	23	17	25	31	28	32	17	15	32	27	27	13	32	21	37	21	193
18900	23	17	25	30	29	32	17	15	32	27	27	13	34	22	37	21	196
18950	23	17	25	30	30	32	17	15	32	28	27	12	35	22	36	21	196
19000	23	17	25	30	30	32	17	15	33	28	27	12	35	22	36	21	197
19050	25	17	25	30	30	32	17	15	33	28	27	12	35	22	36	21	198
19100	25	17	25	30	31	32	17	15	33	28	27	12	35	22	36	21	200
19150	25	17	25	30	32	32	17	15	32	28	27	12	36	22	36	21	198
19200	25	17	25	29	32	32	17	16	32	28	27	12	36	22	35	21	198
19250	25	17	25	29	32	32	17	16	32	28	27	12	36	23	35	21	198
19300	26	17	25	29	30	32	17	16	31	28	27	12	36	23	35	21	196
19350	26	17	25	29	30	32	17	16	30	27	27	12	35	23	35	21	193
19400	26	17	25	29	30	32	17	16	28	27	27	13	35	23	35	21	192
19450	25	17	26	29	30	32	17	16	28	27	28	13	35	23	34	21	193
19500	25	17	26	29	30	31	17	17	29	27	28	13	35	23	34	21	194
19550	25	17	26	29	30	31	17	17	29	27	28	13	36	23	34	21	195
19600	26	17	26	29	29	31	17	17	29	27	28	14	36	23	34	21	196
19650	26	17	26	29	29	31	17	17	30	27	28	14	36	22	34	21	197
19700	26	17	26	29	29	31	17	17	30	27	28	14	36	21	34	21	197
19750	26	17	26	29	29	31	17	17	31	27	28	14	36	21	34	21	197
19800	26	17	26	29	29	31	17	17	33	27	28	14	35	21	34	21	198
19850	26	17	26	29	29	31	17	17	33	27	28	14	35	21	34	21	197
19900	26	17	25	27	29	31	17	18	33	27	28	14	35	21	34	21	196
19950	27	17	25	27	29	31	17	18	34	27	28	14	35	21	34	21	198
20000	27	17	24	27	29	31	17	18	35	27	28	14	36	21	34	21	201
