0	0.0	0.0	0.0	0.0	0.0	0.0	0.0	0.0	0.0	0.0	0.0	0.0	0.0	0.0	0.0	0.0
50	0.0	0.0	0.0	0.0	0.0	0.0	0.0	0.0	0.0	0.0	0.0	0.0	0.0	0.0	0.0	0.0
100	0.0	0.0	0.0	0.0	0.0	0.0	0.0	0.0	0.0	0.0	0.0	0.0	0.0	0.0625	0.0714285714286	0.0
150	0.0	0.0	0.0	0.0	0.0588235294118	0.047619047619	0.0	0.0	0.0	0.0	0.0416666666667	0.0434782608696	0.0	0.0416666666667	0.0454545454545	0.0
200	0.0	0.0	0.0	0.0	0.0434782608696	0.0333333333333	0.0	0.0	0.0	0.0	0.0625	0.0769230769231	0.0	0.0333333333333	0.0344827586207	0.0
250	0.0	0.0384615384615	0.0	0.037037037037	0.0322580645161	0.0285714285714	0.0	0.0	0.0	0.0	0.0512820512821	0.0833333333333	0.0	0.0285714285714	0.03125	0.0285714285714
300	0.0	0.03125	0.0	0.0333333333333	0.0294117647059	0.0227272727273	0.0	0.0	0.0	0.0294117647059	0.0666666666667	0.111111111111	0.116279069767	0.075	0.0487804878049	0.027027027027
350	0.047619047619	0.0263157894737	0.0	0.030303030303	0.025641025641	0.02	0.0204081632653	0.0	0.0	0.047619047619	0.08	0.14	0.108695652174	0.063829787234	0.0454545454545	0.05
400	0.1	0.0408163265306	0.0204081632653	0.0263157894737	0.0217391304348	0.06	0.06	0.0	0.0	0.0425531914894	0.1	0.14	0.14	0.06	0.0425531914894	0.047619047619
450	0.14	0.08	0.02	0.046511627907	0.04	0.04	0.06	0.02	0.04	0.06	0.18	0.16	0.16	0.08	0.04	0.0625
500	0.16	0.1	0.02	0.0425531914894	0.06	0.04	0.06	0.06	0.06	0.12	0.22	0.22	0.16	0.14	0.06	0.12
550	0.16	0.08	0.02	0.06	0.08	0.08	0.06	0.06	0.08	0.14	0.24	0.18	0.16	0.12	0.06	0.12
600	0.18	0.08	0.08	0.1	0.16	0.16	0.06	0.08	0.08	0.16	0.22	0.16	0.18	0.12	0.08	0.14
650	0.22	0.1	0.12	0.14	0.2	0.18	0.08	0.1	0.12	0.16	0.26	0.16	0.2	0.12	0.1	0.18
700	0.18	0.12	0.16	0.14	0.24	0.18	0.1	0.12	0.16	0.14	0.28	0.16	0.24	0.18	0.12	0.22
750	0.2	0.1	0.22	0.12	0.28	0.18	0.1	0.14	0.16	0.16	0.28	0.14	0.2	0.16	0.14	0.22
800	0.22	0.1	0.2	0.14	0.28	0.2	0.1	0.16	0.16	0.18	0.26	0.2	0.2	0.16	0.16	0.22
850	0.2	0.12	0.2	0.18	0.32	0.2	0.08	0.18	0.14	0.16	0.26	0.22	0.24	0.18	0.16	0.22
900	0.2	0.16	0.2	0.22	0.34	0.22	0.1	0.2	0.22	0.14	0.22	0.22	0.24	0.2	0.16	0.22
950	0.2	0.18	0.22	0.22	0.34	0.14	0.18	0.16	0.22	0.16	0.24	0.2	0.28	0.14	0.14	0.22
1000	0.2	0.22	0.24	0.2	0.3	0.14	0.2	0.16	0.2	0.16	0.24	0.22	0.32	0.14	0.2	0.2
1050	0.2	0.24	0.24	0.22	0.32	0.18	0.22	0.18	0.2	0.16	0.22	0.24	0.3	0.14	0.22	0.16
1100	0.28	0.26	0.2	0.22	0.26	0.2	0.22	0.2	0.2	0.2	0.24	0.3	0.26	0.16	0.24	0.18
1150	0.28	0.28	0.16	0.2	0.28	0.18	0.24	0.2	0.22	0.22	0.28	0.3	0.26	0.18	0.22	0.22
1200	0.26	0.26	0.12	0.2	0.28	0.18	0.24	0.22	0.22	0.26	0.32	0.3	0.26	0.18	0.26	0.18
1250	0.3	0.26	0.12	0.2	0.22	0.2	0.22	0.22	0.12	0.28	0.34	0.28	0.26	0.24	0.36	0.2
1300	0.28	0.24	0.14	0.2	0.18	0.18	0.22	0.16	0.14	0.28	0.34	0.24	0.26	0.24	0.38	0.22
1350	0.28	0.26	0.16	0.18	0.22	0.2	0.26	0.22	0.14	0.32	0.32	0.26	0.22	0.28	0.36	0.22
1400	0.24	0.22	0.14	0.18	0.24	0.22	0.26	0.2	0.12	0.32	0.36	0.26	0.22	0.24	0.36	0.22
1450	0.24	0.22	0.18	0.16	0.14	0.22	0.26	0.18	0.12	0.32	0.36	0.28	0.22	0.24	0.36	0.24
1500	0.22	0.26	0.22	0.22	0.18	0.2	0.24	0.16	0.12	0.32	0.32	0.22	0.2	0.28	0.36	0.26
1550	0.26	0.24	0.24	0.2	0.14	0.2	0.22	0.14	0.12	0.24	0.36	0.22	0.24	0.3	0.34	0.3
1600	0.3	0.22	0.22	0.16	0.14	0.2	0.24	0.14	0.1	0.26	0.36	0.22	0.24	0.28	0.3	0.32
1650	0.3	0.24	0.24	0.16	0.2	0.26	0.34	0.2	0.2	0.28	0.38	0.22	0.26	0.28	0.26	0.3
1700	0.32	0.22	0.22	0.16	0.24	0.24	0.36	0.22	0.2	0.26	0.48	0.26	0.2	0.24	0.26	0.32
1750	0.3	0.24	0.26	0.18	0.24	0.24	0.36	0.18	0.24	0.26	0.44	0.24	0.22	0.26	0.24	0.28
1800	0.32	0.24	0.26	0.18	0.24	0.22	0.34	0.2	0.24	0.22	0.42	0.22	0.2	0.24	0.26	0.26
1850	0.3	0.26	0.26	0.2	0.3	0.24	0.36	0.2	0.22	0.2	0.44	0.22	0.26	0.26	0.24	0.22
1900	0.26	0.24	0.22	0.24	0.32	0.18	0.34	0.22	0.2	0.22	0.42	0.22	0.3	0.22	0.24	0.2
1950	0.24	0.22	0.24	0.24	0.3	0.2	0.36	0.2	0.22	0.18	0.38	0.26	0.34	0.16	0.24	0.16
2000	0.24	0.22	0.22	0.24	0.26	0.2	0.36	0.22	0.22	0.24	0.4	0.28	0.36	0.2	0.28	0.14
2050	0.24	0.22	0.18	0.28	0.24	0.18	0.3	0.16	0.18	0.26	0.38	0.26	0.34	0.2	0.3	0.18
2100	0.22	0.2	0.22	0.26	0.28	0.24	0.3	0.16	0.16	0.24	0.36	0.26	0.34	0.18	0.28	0.18
2150	0.22	0.2	0.18	0.3	0.3	0.24	0.3	0.18	0.16	0.26	0.32	0.28	0.34	0.18	0.26	0.18
2200	0.2	0.18	0.16	0.28	0.28	0.3	0.32	0.16	0.14	0.24	0.32	0.24	0.4	0.18	0.26	0.16
2250	0.2	0.2	0.18	0.3	0.3	0.4	0.34	0.16	0.16	0.26	0.32	0.28	0.34	0.2	0.22	0.18
2300	0.24	0.18	0.2	0.34	0.3	0.36	0.34	0.14	0.16	0.24	0.34	0.32	0.28	0.2	0.22	0.2
2350	0.22	0.16	0.2	0.34	0.36	0.36	0.28	0.16	0.16	0.24	0.32	0.32	0.26	0.24	0.24	0.22
2400	0.3	0.18	0.22	0.32	0.28	0.38	0.3	0.24	0.18	0.26	0.34	0.32	0.24	0.24	0.24	0.26
2450	0.3	0.2	0.24	0.28	0.28	0.42	0.24	0.24	0.18	0.22	0.32	0.3	0.24	0.26	0.24	0.24
2500	0.32	0.22	0.28	0.28	0.32	0.4	0.24	0.26	0.22	0.24	0.3	0.36	0.22	0.26	0.24	0.24
2550	0.34	0.26	0.34	0.3	0.32	0.42	0.22	0.24	0.24	0.22	0.28	0.38	0.22	0.28	0.24	0.2
2600	0.32	0.24	0.36	0.32	0.3	0.4	0.18	0.24	0.24	0.18	0.28	0.38	0.2	0.22	0.26	0.18
2650	0.28	0.22	0.34	0.32	0.3	0.3	0.2	0.22	0.2	0.2	0.28	0.36	0.24	0.24	0.3	0.16
2700	0.26	0.2	0.3	0.3	0.28	0.26	0.14	0.18	0.24	0.18	0.22	0.36	0.24	0.24	0.3	0.18
2750	0.22	0.2	0.28	0.24	0.24	0.22	0.12	0.14	0.24	0.16	0.18	0.4	0.26	0.22	0.26	0.18
2800	0.24	0.2	0.26	0.28	0.3	0.26	0.14	0.14	0.28	0.2	0.14	0.4	0.2	0.22	0.26	0.18
2850	0.22	0.18	0.24	0.3	0.32	0.26	0.14	0.14	0.26	0.22	0.1	0.36	0.22	0.2	0.26	0.16
2900	0.24	0.18	0.24	0.28	0.32	0.28	0.16	0.14	0.28	0.24	0.14	0.32	0.26	0.2	0.24	0.16
2950	0.22	0.2	0.2	0.26	0.34	0.28	0.18	0.12	0.24	0.24	0.12	0.32	0.28	0.22	0.24	0.18
3000	0.22	0.2	0.18	0.26	0.3	0.32	0.18	0.12	0.24	0.22	0.12	0.3	0.28	0.22	0.26	0.22
3050	0.2	0.2	0.14	0.28	0.3	0.36	0.28	0.16	0.3	0.22	0.12	0.3	0.3	0.24	0.24	0.16
3100	0.2	0.2	0.14	0.3	0.3	0.36	0.26	0.18	0.26	0.22	0.12	0.28	0.28	0.28	0.24	0.16
3150	0.24	0.24	0.18	0.3	0.32	0.32	0.34	0.2	0.24	0.22	0.14	0.26	0.32	0.26	0.26	0.18
3200	0.24	0.24	0.18	0.32	0.34	0.3	0.34	0.2	0.22	0.24	0.16	0.22	0.3	0.24	0.26	0.16
3250	0.26	0.28	0.16	0.3	0.28	0.3	0.36	0.22	0.22	0.26	0.18	0.26	0.28	0.22	0.28	0.18
3300	0.26	0.32	0.14	0.28	0.3	0.32	0.34	0.24	0.22	0.22	0.18	0.26	0.26	0.22	0.3	0.22
3350	0.24	0.32	0.14	0.3	0.3	0.4	0.32	0.24	0.24	0.22	0.14	0.28	0.28	0.22	0.26	0.24
3400	0.26	0.36	0.16	0.32	0.3	0.36	0.34	0.26	0.22	0.24	0.18	0.36	0.26	0.22	0.28	0.24
3450	0.26	0.36	0.18	0.36	0.3	0.36	0.32	0.26	0.18	0.26	0.22	0.38	0.28	0.22	0.3	0.28
3500	0.26	0.36	0.2	0.32	0.28	0.34	0.32	0.3	0.22	0.28	0.26	0.32	0.28	0.18	0.28	0.28
3550	0.24	0.28	0.18	0.28	0.28	0.32	0.34	0.36	0.26	0.3	0.3	0.36	0.34	0.18	0.24	0.32
3600	0.22	0.3	0.18	0.22	0.24	0.32	0.34	0.32	0.26	0.26	0.3	0.3	0.28	0.16	0.22	0.32
3650	0.22	0.34	0.22	0.22	0.2	0.28	0.3	0.32	0.3	0.32	0.28	0.24	0.3	0.2	0.22	0.32
3700	0.22	0.3	0.26	0.22	0.18	0.3	0.32	0.34	0.32	0.32	0.28	0.28	0.3	0.2	0.3	0.34
3750	0.24	0.3	0.26	0.22	0.18	0.24	0.32	0.36	0.32	0.36	0.28	0.24	0.28	0.24	0.3	0.34
3800	0.26	0.28	0.26	0.22	0.18	0.2	0.4	0.32	0.28	0.4	0.34	0.24	0.26	0.28	0.34	0.36
3850	0.28	0.28	0.24	0.16	0.2	0.2	0.36	0.24	0.26	0.36	0.34	0.24	0.22	0.24	0.32	0.36
3900	0.3	0.3	0.26	0.18	0.2	0.2	0.36	0.22	0.22	0.34	0.3	0.28	0.18	0.26	0.36	0.34
3950	0.3	0.26	0.28	0.2	0.22	0.18	0.36	0.24	0.22	0.3	0.32	0.34	0.26	0.28	0.34	0.38
4000	0.36	0.26	0.28	0.24	0.2	0.22	0.36	0.24	0.22	0.32	0.32	0.4	0.28	0.3	0.38	0.38
4050	0.36	0.22	0.24	0.26	0.2	0.22	0.38	0.22	0.24	0.32	0.34	0.44	0.32	0.3	0.32	0.36
4100	0.38	0.2	0.2	0.24	0.22	0.24	0.42	0.24	0.2	0.28	0.32	0.42	0.32	0.36	0.3	0.34
4150	0.38	0.26	0.18	0.26	0.2	0.26	0.4	0.3	0.24	0.26	0.36	0.4	0.34	0.36	0.28	0.32
4200	0.34	0.24	0.2	0.22	0.18	0.3	0.36	0.32	0.24	0.28	0.4	0.38	0.4	0.34	0.24	0.3
4250	0.36	0.24	0.18	0.16	0.16	0.3	0.28	0.32	0.26	0.26	0.38	0.4	0.36	0.36	0.2	0.28
4300	0.32	0.28	0.22	0.22	0.16	0.32	0.24	0.32	0.28	0.3	0.36	0.38	0.36	0.34	0.26	0.28
4350	0.3	0.28	0.2	0.2	0.18	0.34	0.24	0.32	0.3	0.32	0.42	0.44	0.26	0.32	0.26	0.26
4400	0.28	0.28	0.2	0.2	0.14	0.3	0.16	0.36	0.36	0.24	0.38	0.46	0.26	0.3	0.24	0.24
4450	0.26	0.28	0.24	0.2	0.22	0.34	0.2	0.38	0.36	0.28	0.38	0.4	0.26	0.28	0.26	0.2
4500	0.24	0.34	0.3	0.16	0.24	0.36	0.16	0.3	0.36	0.28	0.44	0.4	0.24	0.22	0.3	0.2
4550	0.26	0.28	0.28	0.18	0.28	0.32	0.16	0.26	0.34	0.3	0.46	0.4	0.2	0.18	0.26	0.2
4600	0.26	0.22	0.24	0.18	0.26	0.3	0.16	0.24	0.34	0.3	0.44	0.42	0.18	0.18	0.28	0.22
4650	0.28	0.22	0.22	0.12	0.24	0.34	0.14	0.28	0.34	0.38	0.42	0.46	0.2	0.14	0.28	0.22
4700	0.3	0.24	0.22	0.1	0.24	0.38	0.16	0.3	0.3	0.42	0.42	0.38	0.28	0.18	0.3	0.26
4750	0.26	0.24	0.22	0.08	0.26	0.36	0.2	0.28	0.26	0.38	0.42	0.38	0.28	0.16	0.32	0.26
4800	0.22	0.28	0.26	0.08	0.26	0.38	0.24	0.28	0.26	0.36	0.36	0.36	0.3	0.18	0.3	0.28
4850	0.24	0.26	0.26	0.1	0.24	0.32	0.2	0.26	0.24	0.36	0.34	0.3	0.3	0.16	0.3	0.26
4900	0.28	0.24	0.26	0.12	0.24	0.32	0.2	0.3	0.24	0.36	0.26	0.24	0.34	0.22	0.3	0.22
4950	0.32	0.22	0.22	0.16	0.2	0.38	0.28	0.26	0.24	0.36	0.24	0.24	0.3	0.24	0.26	0.26
5000	0.3	0.24	0.2	0.14	0.14	0.32	0.3	0.26	0.26	0.3	0.26	0.24	0.3	0.28	0.24	0.22
5050	0.28	0.24	0.26	0.14	0.18	0.34	0.32	0.28	0.28	0.34	0.28	0.28	0.28	0.3	0.24	0.24
5100	0.24	0.24	0.3	0.18	0.18	0.3	0.32	0.26	0.26	0.32	0.28	0.24	0.28	0.32	0.26	0.24
5150	0.22	0.24	0.3	0.2	0.2	0.24	0.34	0.32	0.26	0.32	0.28	0.28	0.28	0.3	0.24	0.22
5200	0.32	0.26	0.3	0.2	0.22	0.28	0.34	0.36	0.26	0.34	0.36	0.26	0.3	0.3	0.28	0.22
5250	0.32	0.3	0.28	0.2	0.22	0.3	0.4	0.32	0.26	0.38	0.4	0.28	0.32	0.36	0.32	0.2
5300	0.36	0.3	0.24	0.26	0.22	0.32	0.4	0.32	0.28	0.44	0.42	0.28	0.4	0.34	0.32	0.22
5350	0.38	0.32	0.3	0.26	0.28	0.32	0.44	0.32	0.28	0.4	0.4	0.28	0.38	0.36	0.34	0.26
5400	0.4	0.32	0.28	0.2	0.3	0.32	0.42	0.3	0.28	0.38	0.38	0.26	0.38	0.3	0.28	0.22
5450	0.44	0.32	0.26	0.22	0.3	0.32	0.34	0.26	0.24	0.32	0.4	0.24	0.4	0.24	0.34	0.26
5500	0.46	0.26	0.24	0.18	0.3	0.34	0.38	0.32	0.28	0.32	0.4	0.26	0.38	0.26	0.4	0.24
5550	0.46	0.28	0.22	0.18	0.3	0.34	0.38	0.28	0.28	0.32	0.42	0.3	0.4	0.3	0.38	0.22
5600	0.4	0.24	0.18	0.22	0.3	0.4	0.38	0.32	0.34	0.3	0.4	0.32	0.36	0.3	0.32	0.24
5650	0.4	0.18	0.22	0.22	0.34	0.44	0.3	0.32	0.34	0.28	0.4	0.3	0.3	0.26	0.36	0.26
5700	0.32	0.18	0.24	0.22	0.42	0.44	0.28	0.32	0.32	0.28	0.36	0.28	0.24	0.2	0.38	0.28
5750	0.36	0.22	0.22	0.24	0.44	0.42	0.26	0.3	0.34	0.32	0.38	0.32	0.28	0.26	0.42	0.3
5800	0.4	0.26	0.16	0.28	0.44	0.48	0.28	0.36	0.32	0.28	0.38	0.34	0.3	0.28	0.38	0.24
5850	0.4	0.32	0.22	0.28	0.42	0.48	0.26	0.38	0.32	0.3	0.4	0.34	0.34	0.3	0.34	0.24
5900	0.4	0.32	0.2	0.26	0.42	0.44	0.24	0.34	0.34	0.28	0.42	0.4	0.34	0.24	0.34	0.26
5950	0.38	0.32	0.2	0.3	0.38	0.44	0.26	0.34	0.32	0.34	0.4	0.36	0.32	0.26	0.28	0.26
6000	0.38	0.32	0.2	0.3	0.36	0.38	0.3	0.32	0.26	0.32	0.4	0.36	0.32	0.24	0.28	0.24
6050	0.4	0.34	0.26	0.32	0.36	0.34	0.34	0.32	0.3	0.34	0.34	0.4	0.34	0.28	0.32	0.22
6100	0.44	0.34	0.22	0.32	0.32	0.34	0.34	0.36	0.28	0.36	0.3	0.4	0.32	0.28	0.32	0.24
6150	0.38	0.32	0.24	0.28	0.28	0.28	0.36	0.4	0.28	0.38	0.26	0.36	0.32	0.3	0.28	0.22
6200	0.36	0.28	0.28	0.32	0.36	0.22	0.4	0.34	0.3	0.36	0.26	0.38	0.32	0.26	0.26	0.28
6250	0.36	0.3	0.26	0.34	0.36	0.24	0.44	0.38	0.38	0.42	0.28	0.38	0.3	0.26	0.26	0.28
6300	0.38	0.28	0.24	0.36	0.38	0.24	0.46	0.36	0.36	0.44	0.28	0.42	0.34	0.24	0.28	0.32
6350	0.4	0.28	0.26	0.38	0.4	0.26	0.44	0.32	0.38	0.4	0.24	0.36	0.36	0.3	0.3	0.36
6400	0.44	0.26	0.26	0.4	0.4	0.34	0.44	0.4	0.44	0.48	0.26	0.36	0.42	0.32	0.28	0.38
6450	0.44	0.26	0.26	0.38	0.36	0.38	0.44	0.34	0.44	0.48	0.26	0.36	0.46	0.28	0.3	0.38
6500	0.46	0.26	0.24	0.36	0.32	0.38	0.4	0.34	0.42	0.42	0.3	0.36	0.48	0.26	0.34	0.4
6550	0.46	0.24	0.24	0.32	0.38	0.42	0.36	0.32	0.38	0.44	0.36	0.36	0.42	0.3	0.4	0.42
6600	0.46	0.26	0.26	0.3	0.4	0.46	0.3	0.34	0.36	0.4	0.36	0.34	0.44	0.3	0.38	0.42
6650	0.42	0.22	0.3	0.34	0.4	0.52	0.34	0.28	0.32	0.38	0.34	0.38	0.4	0.3	0.36	0.44
6700	0.42	0.22	0.3	0.24	0.38	0.46	0.32	0.3	0.26	0.32	0.34	0.38	0.38	0.2	0.36	0.34
6750	0.4	0.22	0.24	0.24	0.38	0.42	0.3	0.26	0.26	0.26	0.34	0.36	0.32	0.22	0.34	0.34
6800	0.36	0.22	0.26	0.26	0.34	0.36	0.28	0.28	0.22	0.18	0.36	0.34	0.28	0.22	0.38	0.34
6850	0.34	0.2	0.24	0.24	0.32	0.34	0.24	0.3	0.24	0.22	0.36	0.34	0.24	0.2	0.36	0.3
6900	0.3	0.16	0.24	0.3	0.26	0.32	0.24	0.28	0.24	0.16	0.38	0.3	0.28	0.16	0.38	0.28
6950	0.3	0.16	0.24	0.3	0.22	0.28	0.24	0.36	0.28	0.14	0.36	0.3	0.26	0.14	0.32	0.26
7000	0.24	0.12	0.22	0.3	0.24	0.2	0.2	0.4	0.3	0.18	0.34	0.28	0.28	0.22	0.3	0.22
7050	0.24	0.14	0.2	0.32	0.28	0.18	0.24	0.4	0.3	0.2	0.3	0.32	0.34	0.24	0.32	0.16
7100	0.26	0.14	0.2	0.3	0.26	0.16	0.22	0.42	0.3	0.24	0.32	0.24	0.38	0.24	0.3	0.14
7150	0.24	0.18	0.14	0.2	0.26	0.24	0.22	0.4	0.28	0.24	0.3	0.22	0.36	0.26	0.3	0.14
7200	0.3	0.18	0.16	0.2	0.24	0.28	0.26	0.4	0.28	0.28	0.32	0.24	0.34	0.28	0.3	0.16
7250	0.28	0.2	0.18	0.18	0.24	0.3	0.24	0.34	0.24	0.24	0.28	0.26	0.36	0.28	0.2	0.24
7300	0.32	0.22	0.14	0.18	0.28	0.3	0.26	0.38	0.24	0.28	0.32	0.3	0.36	0.34	0.26	0.3
7350	0.32	0.24	0.16	0.16	0.26	0.26	0.26	0.38	0.22	0.32	0.34	0.3	0.36	0.34	0.3	0.28
7400	0.32	0.2	0.16	0.2	0.28	0.3	0.26	0.36	0.26	0.3	0.36	0.3	0.32	0.34	0.24	0.3
7450	0.32	0.24	0.16	0.2	0.28	0.32	0.22	0.3	0.28	0.3	0.36	0.3	0.34	0.38	0.28	0.32
7500	0.32	0.24	0.18	0.22	0.24	0.3	0.26	0.34	0.3	0.26	0.38	0.28	0.3	0.38	0.26	0.34
7550	0.28	0.24	0.14	0.22	0.2	0.28	0.28	0.34	0.28	0.28	0.44	0.34	0.28	0.34	0.32	0.36
7600	0.36	0.26	0.16	0.22	0.24	0.3	0.32	0.34	0.28	0.28	0.44	0.34	0.26	0.36	0.34	0.42
7650	0.34	0.3	0.26	0.28	0.28	0.32	0.3	0.36	0.36	0.28	0.42	0.32	0.26	0.36	0.28	0.42
7700	0.38	0.3	0.28	0.36	0.32	0.34	0.3	0.4	0.32	0.22	0.32	0.36	0.26	0.36	0.28	0.4
7750	0.42	0.28	0.26	0.36	0.3	0.36	0.3	0.38	0.36	0.22	0.34	0.38	0.26	0.38	0.34	0.32
7800	0.42	0.26	0.26	0.36	0.3	0.32	0.3	0.38	0.34	0.22	0.34	0.34	0.28	0.32	0.34	0.32
7850	0.42	0.24	0.26	0.4	0.38	0.3	0.3	0.36	0.32	0.2	0.34	0.38	0.26	0.32	0.38	0.3
7900	0.4	0.26	0.28	0.42	0.36	0.28	0.26	0.34	0.34	0.22	0.32	0.36	0.24	0.36	0.4	0.3
7950	0.38	0.32	0.28	0.42	0.34	0.32	0.24	0.34	0.34	0.2	0.32	0.38	0.28	0.36	0.42	0.3
8000	0.38	0.32	0.24	0.36	0.34	0.32	0.18	0.3	0.38	0.16	0.34	0.34	0.3	0.38	0.44	0.2
8050	0.38	0.28	0.22	0.26	0.3	0.32	0.16	0.32	0.36	0.18	0.38	0.32	0.3	0.4	0.42	0.2
8100	0.34	0.3	0.22	0.28	0.3	0.34	0.18	0.34	0.36	0.22	0.42	0.3	0.34	0.42	0.46	0.24
8150	0.36	0.32	0.2	0.24	0.28	0.3	0.24	0.36	0.38	0.2	0.46	0.3	0.34	0.36	0.46	0.2
8200	0.38	0.34	0.18	0.22	0.26	0.32	0.26	0.34	0.38	0.18	0.46	0.28	0.36	0.4	0.38	0.22
8250	0.36	0.34	0.24	0.24	0.26	0.3	0.26	0.32	0.36	0.2	0.46	0.3	0.36	0.4	0.4	0.2
8300	0.38	0.34	0.26	0.24	0.26	0.24	0.32	0.36	0.4	0.22	0.46	0.3	0.36	0.38	0.36	0.2
8350	0.36	0.28	0.2	0.22	0.26	0.24	0.34	0.36	0.4	0.22	0.4	0.24	0.34	0.36	0.36	0.18
8400	0.36	0.32	0.2	0.22	0.26	0.22	0.32	0.36	0.38	0.28	0.38	0.22	0.32	0.32	0.28	0.24
8450	0.3	0.3	0.2	0.2	0.2	0.2	0.32	0.3	0.34	0.2	0.38	0.24	0.3	0.3	0.28	0.22
8500	0.3	0.3	0.18	0.18	0.22	0.18	0.36	0.32	0.36	0.2	0.36	0.28	0.3	0.24	0.28	0.2
8550	0.3	0.36	0.2	0.22	0.22	0.18	0.34	0.34	0.34	0.26	0.36	0.3	0.32	0.22	0.28	0.22
8600	0.3	0.34	0.2	0.22	0.26	0.2	0.36	0.28	0.24	0.26	0.36	0.28	0.34	0.22	0.32	0.22
8650	0.3	0.3	0.22	0.24	0.26	0.2	0.32	0.28	0.18	0.26	0.4	0.26	0.34	0.18	0.3	0.2
8700	0.3	0.32	0.24	0.24	0.28	0.2	0.3	0.26	0.18	0.28	0.42	0.3	0.34	0.18	0.26	0.24
8750	0.3	0.3	0.26	0.24	0.3	0.28	0.26	0.3	0.18	0.28	0.42	0.32	0.36	0.18	0.28	0.2
8800	0.32	0.26	0.3	0.24	0.3	0.3	0.28	0.28	0.18	0.26	0.42	0.32	0.36	0.2	0.3	0.16
8850	0.34	0.26	0.3	0.26	0.34	0.32	0.28	0.28	0.18	0.26	0.4	0.32	0.38	0.24	0.3	0.2
8900	0.36	0.24	0.28	0.32	0.32	0.3	0.28	0.36	0.2	0.34	0.4	0.32	0.36	0.26	0.26	0.28
8950	0.34	0.22	0.3	0.3	0.32	0.3	0.26	0.4	0.24	0.38	0.44	0.3	0.34	0.26	0.18	0.32
9000	0.34	0.26	0.34	0.32	0.32	0.36	0.24	0.44	0.26	0.36	0.44	0.34	0.42	0.26	0.22	0.32
9050	0.34	0.3	0.38	0.32	0.3	0.36	0.26	0.4	0.26	0.32	0.4	0.36	0.38	0.32	0.24	0.3
9100	0.36	0.28	0.38	0.26	0.26	0.34	0.3	0.42	0.24	0.3	0.38	0.34	0.36	0.28	0.2	0.3
9150	0.38	0.3	0.34	0.26	0.22	0.3	0.32	0.44	0.26	0.28	0.34	0.36	0.4	0.26	0.18	0.3
9200	0.4	0.3	0.34	0.28	0.2	0.3	0.28	0.4	0.24	0.3	0.32	0.32	0.36	0.28	0.18	0.26
9250	0.4	0.3	0.36	0.2	0.2	0.3	0.32	0.38	0.22	0.32	0.34	0.34	0.34	0.24	0.24	0.24
9300	0.34	0.26	0.36	0.2	0.16	0.3	0.3	0.34	0.2	0.32	0.32	0.38	0.34	0.24	0.3	0.26
9350	0.3	0.26	0.3	0.12	0.16	0.34	0.28	0.3	0.2	0.34	0.3	0.38	0.3	0.22	0.32	0.26
9400	0.3	0.22	0.3	0.08	0.14	0.34	0.3	0.28	0.22	0.34	0.3	0.36	0.3	0.24	0.34	0.22
9450	0.3	0.24	0.3	0.1	0.16	0.34	0.28	0.3	0.2	0.32	0.3	0.38	0.32	0.24	0.34	0.24
9500	0.28	0.22	0.28	0.12	0.2	0.34	0.26	0.32	0.24	0.36	0.36	0.4	0.32	0.24	0.34	0.28
9550	0.26	0.28	0.28	0.1	0.2	0.34	0.34	0.28	0.22	0.4	0.38	0.38	0.3	0.26	0.34	0.28
9600	0.26	0.28	0.26	0.1	0.24	0.28	0.4	0.26	0.2	0.4	0.36	0.36	0.28	0.3	0.28	0.26
9650	0.22	0.34	0.26	0.1	0.2	0.28	0.42	0.28	0.22	0.4	0.42	0.36	0.28	0.36	0.28	0.28
9700	0.24	0.32	0.26	0.18	0.22	0.28	0.42	0.3	0.24	0.38	0.42	0.32	0.36	0.34	0.32	0.28
9750	0.24	0.3	0.3	0.2	0.22	0.26	0.4	0.28	0.18	0.36	0.44	0.32	0.4	0.38	0.34	0.26
9800	0.26	0.22	0.28	0.22	0.26	0.28	0.4	0.28	0.2	0.3	0.42	0.26	0.38	0.42	0.32	0.26
9850	0.28	0.22	0.26	0.26	0.24	0.24	0.36	0.26	0.12	0.24	0.38	0.24	0.36	0.4	0.32	0.3
9900	0.26	0.22	0.22	0.28	0.26	0.22	0.3	0.3	0.16	0.24	0.4	0.32	0.36	0.38	0.3	0.32
9950	0.28	0.18	0.26	0.28	0.26	0.26	0.22	0.36	0.22	0.2	0.36	0.36	0.4	0.42	0.3	0.34
10000	0.32	0.16	0.2	0.26	0.26	0.26	0.16	0.36	0.2	0.22	0.34	0.36	0.38	0.4	0.3	0.34
10050	0.32	0.14	0.2	0.2	0.24	0.26	0.16	0.36	0.24	0.2	0.34	0.36	0.38	0.42	0.32	0.36
10100	0.32	0.12	0.2	0.16	0.22	0.3	0.14	0.34	0.24	0.16	0.36	0.38	0.36	0.32	0.28	0.32
10150	0.38	0.14	0.22	0.12	0.24	0.38	0.18	0.3	0.24	0.2	0.32	0.36	0.34	0.36	0.28	0.3
10200	0.38	0.18	0.26	0.18	0.28	0.42	0.24	0.26	0.26	0.2	0.38	0.4	0.34	0.34	0.28	0.3
10250	0.42	0.2	0.28	0.2	0.3	0.44	0.24	0.22	0.3	0.24	0.38	0.44	0.34	0.32	0.34	0.32
10300	0.44	0.18	0.34	0.2	0.38	0.42	0.2	0.22	0.3	0.28	0.38	0.42	0.3	0.3	0.32	0.3
10350	0.42	0.2	0.36	0.18	0.38	0.46	0.26	0.18	0.3	0.28	0.42	0.4	0.26	0.28	0.38	0.24
10400	0.42	0.22	0.4	0.2	0.46	0.48	0.3	0.22	0.32	0.26	0.38	0.44	0.28	0.3	0.34	0.24
10450	0.46	0.22	0.4	0.22	0.48	0.46	0.28	0.2	0.3	0.26	0.44	0.44	0.24	0.24	0.34	0.26
10500	0.46	0.24	0.46	0.26	0.46	0.44	0.32	0.2	0.28	0.3	0.42	0.42	0.26	0.26	0.36	0.3
10550	0.42	0.32	0.42	0.26	0.46	0.38	0.38	0.26	0.3	0.36	0.42	0.42	0.28	0.22	0.38	0.3
10600	0.42	0.36	0.42	0.28	0.46	0.34	0.32	0.3	0.3	0.34	0.4	0.36	0.24	0.24	0.38	0.34
10650	0.4	0.4	0.42	0.28	0.42	0.34	0.32	0.34	0.3	0.32	0.38	0.34	0.32	0.22	0.44	0.36
10700	0.5	0.48	0.44	0.22	0.44	0.32	0.38	0.34	0.26	0.32	0.38	0.38	0.38	0.32	0.42	0.38
10750	0.5	0.44	0.44	0.2	0.4	0.34	0.38	0.38	0.32	0.38	0.44	0.36	0.46	0.38	0.46	0.44
10800	0.44	0.46	0.38	0.2	0.4	0.3	0.4	0.42	0.34	0.42	0.42	0.38	0.48	0.42	0.44	0.46
10850	0.5	0.5	0.4	0.24	0.4	0.32	0.44	0.48	0.4	0.46	0.42	0.38	0.5	0.38	0.44	0.48
10900	0.52	0.56	0.38	0.26	0.36	0.34	0.42	0.5	0.46	0.48	0.44	0.36	0.5	0.5	0.46	0.52
10950	0.5	0.6	0.44	0.24	0.48	0.36	0.42	0.46	0.5	0.48	0.44	0.42	0.54	0.5	0.46	0.5
11000	0.48	0.54	0.44	0.28	0.52	0.38	0.44	0.46	0.5	0.52	0.44	0.46	0.56	0.46	0.5	0.5
11050	0.42	0.5	0.4	0.32	0.54	0.38	0.46	0.42	0.46	0.48	0.44	0.46	0.56	0.46	0.48	0.52
11100	0.48	0.52	0.4	0.34	0.54	0.38	0.46	0.5	0.48	0.54	0.42	0.44	0.54	0.46	0.5	0.46
11150	0.48	0.52	0.38	0.38	0.5	0.4	0.46	0.52	0.46	0.48	0.4	0.44	0.54	0.48	0.46	0.48
11200	0.44	0.52	0.4	0.36	0.5	0.38	0.46	0.48	0.48	0.52	0.38	0.46	0.52	0.52	0.46	0.48
11250	0.42	0.5	0.46	0.4	0.5	0.42	0.46	0.5	0.48	0.5	0.44	0.52	0.52	0.56	0.5	0.46
11300	0.48	0.5	0.5	0.44	0.5	0.42	0.46	0.48	0.54	0.5	0.46	0.52	0.54	0.52	0.5	0.38
11350	0.52	0.5	0.52	0.44	0.54	0.38	0.44	0.46	0.56	0.5	0.5	0.5	0.56	0.54	0.52	0.36
11400	0.48	0.48	0.54	0.44	0.52	0.42	0.44	0.5	0.56	0.54	0.48	0.5	0.52	0.52	0.54	0.34
11450	0.5	0.48	0.52	0.58	0.5	0.42	0.44	0.48	0.46	0.54	0.5	0.5	0.54	0.58	0.58	0.34
11500	0.54	0.52	0.58	0.58	0.52	0.46	0.44	0.44	0.46	0.52	0.5	0.48	0.52	0.5	0.62	0.32
11550	0.54	0.52	0.6	0.6	0.54	0.44	0.5	0.42	0.46	0.5	0.46	0.54	0.56	0.5	0.6	0.36
11600	0.54	0.48	0.6	0.6	0.52	0.46	0.56	0.42	0.46	0.46	0.46	0.48	0.56	0.44	0.56	0.38
11650	0.54	0.54	0.58	0.62	0.52	0.46	0.52	0.48	0.44	0.44	0.5	0.46	0.54	0.42	0.62	0.46
11700	0.5	0.52	0.56	0.58	0.54	0.52	0.58	0.48	0.42	0.46	0.5	0.46	0.5	0.38	0.62	0.48
11750	0.52	0.54	0.52	0.6	0.5	0.58	0.64	0.48	0.44	0.48	0.52	0.46	0.5	0.38	0.58	0.48
11800	0.56	0.6	0.52	0.6	0.52	0.64	0.62	0.5	0.5	0.5	0.56	0.46	0.52	0.42	0.6	0.54
11850	0.6	0.64	0.5	0.58	0.5	0.62	0.6	0.5	0.5	0.52	0.58	0.52	0.5	0.46	0.56	0.58
11900	0.58	0.68	0.5	0.58	0.52	0.6	0.58	0.44	0.52	0.62	0.62	0.54	0.5	0.42	0.52	0.58
11950	0.6	0.74	0.48	0.6	0.54	0.62	0.56	0.48	0.5	0.66	0.66	0.6	0.54	0.48	0.54	0.58
12000	0.64	0.72	0.46	0.62	0.5	0.62	0.48	0.5	0.58	0.64	0.64	0.62	0.58	0.48	0.56	0.58
12050	0.64	0.7	0.46	0.58	0.54	0.66	0.46	0.46	0.56	0.64	0.68	0.6	0.58	0.5	0.64	0.56
12100	0.66	0.68	0.5	0.6	0.56	0.64	0.44	0.54	0.54	0.64	0.68	0.64	0.6	0.54	0.64	0.58
12150	0.6	0.68	0.5	0.62	0.6	0.66	0.52	0.5	0.54	0.64	0.7	0.58	0.66	0.5	0.66	0.6
12200	0.56	0.6	0.52	0.6	0.58	0.66	0.48	0.48	0.6	0.58	0.66	0.52	0.64	0.5	0.62	0.56
12250	0.56	0.58	0.56	0.62	0.62	0.66	0.52	0.46	0.66	0.54	0.66	0.5	0.7	0.46	0.66	0.6
12300	0.56	0.6	0.58	0.62	0.68	0.64	0.5	0.52	0.66	0.58	0.66	0.58	0.72	0.52	0.7	0.62
12350	0.58	0.6	0.54	0.6	0.64	0.64	0.5	0.58	0.66	0.58	0.64	0.54	0.7	0.54	0.68	0.6
12400	0.6	0.64	0.56	0.6	0.64	0.6	0.48	0.6	0.78	0.62	0.7	0.56	0.74	0.52	0.66	0.66
12450	0.56	0.68	0.56	0.58	0.7	0.52	0.48	0.56	0.74	0.6	0.64	0.56	0.72	0.52	0.68	0.68
12500	0.56	0.62	0.54	0.58	0.74	0.46	0.52	0.6	0.7	0.6	0.66	0.56	0.68	0.54	0.66	0.62
12550	0.6	0.62	0.52	0.52	0.72	0.4	0.5	0.62	0.72	0.6	0.66	0.64	0.68	0.5	0.64	0.7
12600	0.64	0.62	0.54	0.52	0.72	0.4	0.48	0.66	0.7	0.64	0.62	0.66	0.64	0.54	0.58	0.72
12650	0.7	0.64	0.52	0.56	0.68	0.38	0.5	0.7	0.72	0.68	0.62	0.72	0.68	0.54	0.56	0.64
12700	0.66	0.62	0.5	0.54	0.62	0.36	0.52	0.7	0.7	0.64	0.56	0.72	0.68	0.56	0.52	0.64
12750	0.62	0.66	0.54	0.58	0.6	0.46	0.58	0.7	0.72	0.66	0.54	0.7	0.66	0.54	0.5	0.64
12800	0.66	0.62	0.58	0.6	0.66	0.5	0.6	0.68	0.7	0.66	0.56	0.74	0.68	0.5	0.48	0.7
12850	0.7	0.62	0.58	0.66	0.66	0.54	0.56	0.72	0.76	0.62	0.58	0.72	0.66	0.54	0.5	0.7
12900	0.72	0.64	0.6	0.64	0.64	0.6	0.56	0.7	0.74	0.64	0.56	0.76	0.7	0.54	0.46	0.72
12950	0.7	0.68	0.64	0.7	0.64	0.66	0.58	0.72	0.76	0.68	0.6	0.72	0.68	0.56	0.48	0.76
13000	0.7	0.7	0.66	0.66	0.66	0.72	0.58	0.74	0.78	0.66	0.6	0.76	0.7	0.6	0.46	0.78
13050	0.72	0.68	0.66	0.64	0.66	0.74	0.58	0.76	0.82	0.64	0.62	0.78	0.68	0.66	0.5	0.76
13100	0.74	0.68	0.68	0.68	0.7	0.76	0.62	0.74	0.8	0.68	0.62	0.76	0.66	0.66	0.56	0.76
13150	0.78	0.7	0.68	0.7	0.72	0.74	0.68	0.7	0.8	0.68	0.66	0.76	0.68	0.68	0.62	0.78
13200	0.82	0.66	0.7	0.68	0.76	0.74	0.7	0.7	0.78	0.66	0.66	0.76	0.6	0.64	0.7	0.76
13250	0.82	0.62	0.72	0.72	0.72	0.7	0.7	0.66	0.76	0.66	0.68	0.78	0.54	0.68	0.68	0.74
13300	0.78	0.64	0.72	0.74	0.72	0.7	0.68	0.62	0.74	0.7	0.64	0.7	0.5	0.66	0.7	0.74
13350	0.76	0.68	0.74	0.76	0.68	0.72	0.68	0.62	0.7	0.7	0.66	0.74	0.52	0.64	0.68	0.7
13400	0.76	0.7	0.74	0.76	0.68	0.66	0.66	0.6	0.68	0.66	0.7	0.7	0.58	0.66	0.72	0.7
13450	0.74	0.68	0.74	0.7	0.68	0.7	0.64	0.6	0.7	0.66	0.7	0.72	0.62	0.68	0.74	0.72
13500	0.72	0.66	0.76	0.72	0.68	0.72	0.62	0.62	0.72	0.6	0.64	0.76	0.62	0.68	0.74	0.7
13550	0.78	0.7	0.76	0.72	0.68	0.72	0.62	0.6	0.72	0.6	0.66	0.78	0.64	0.7	0.72	0.66
13600	0.74	0.72	0.76	0.68	0.68	0.78	0.6	0.62	0.72	0.6	0.66	0.78	0.62	0.78	0.66	0.66
13650	0.7	0.7	0.74	0.72	0.68	0.8	0.6	0.62	0.72	0.58	0.64	0.78	0.64	0.78	0.66	0.7
13700	0.74	0.68	0.74	0.72	0.68	0.8	0.64	0.64	0.72	0.62	0.68	0.76	0.68	0.74	0.64	0.64
13750	0.8	0.68	0.68	0.74	0.7	0.8	0.64	0.64	0.74	0.62	0.64	0.74	0.7	0.84	0.62	0.62
13800	0.84	0.7	0.72	0.72	0.7	0.82	0.7	0.62	0.72	0.64	0.64	0.72	0.76	0.84	0.66	0.68
13850	0.8	0.66	0.74	0.74	0.72	0.8	0.68	0.6	0.72	0.66	0.64	0.6	0.74	0.8	0.66	0.7
13900	0.78	0.66	0.72	0.76	0.7	0.74	0.66	0.56	0.72	0.66	0.62	0.64	0.74	0.76	0.64	0.72
13950	0.76	0.64	0.66	0.78	0.72	0.74	0.64	0.54	0.74	0.62	0.64	0.64	0.72	0.76	0.62	0.72
14000	0.76	0.7	0.66	0.76	0.7	0.7	0.7	0.52	0.72	0.64	0.68	0.66	0.72	0.74	0.64	0.64
14050	0.74	0.68	0.66	0.72	0.66	0.66	0.64	0.44	0.72	0.66	0.68	0.66	0.72	0.72	0.66	0.66
14100	0.74	0.62	0.66	0.74	0.64	0.6	0.7	0.48	0.76	0.6	0.68	0.68	0.74	0.7	0.68	0.68
14150	0.72	0.62	0.62	0.78	0.66	0.56	0.66	0.44	0.78	0.58	0.7	0.68	0.72	0.7	0.72	0.7
14200	0.72	0.62	0.62	0.76	0.66	0.5	0.68	0.48	0.78	0.58	0.72	0.7	0.68	0.64	0.76	0.7
14250	0.7	0.62	0.54	0.74	0.6	0.54	0.68	0.48	0.8	0.56	0.76	0.68	0.68	0.64	0.7	0.7
14300	0.74	0.6	0.6	0.74	0.56	0.54	0.66	0.48	0.8	0.54	0.76	0.62	0.66	0.72	0.74	0.7
14350	0.74	0.62	0.62	0.72	0.54	0.5	0.64	0.54	0.78	0.5	0.74	0.58	0.68	0.68	0.72	0.74
14400	0.76	0.66	0.64	0.76	0.56	0.6	0.68	0.62	0.78	0.56	0.78	0.64	0.68	0.7	0.76	0.78
14450	0.76	0.74	0.64	0.8	0.54	0.62	0.72	0.6	0.76	0.58	0.82	0.58	0.66	0.68	0.74	0.8
14500	0.78	0.74	0.66	0.8	0.58	0.62	0.68	0.64	0.7	0.62	0.8	0.56	0.68	0.7	0.72	0.78
14550	0.8	0.74	0.64	0.78	0.56	0.64	0.68	0.64	0.72	0.68	0.78	0.58	0.68	0.74	0.72	0.78
14600	0.8	0.78	0.66	0.8	0.64	0.66	0.64	0.68	0.72	0.74	0.74	0.54	0.7	0.74	0.7	0.78
14650	0.78	0.76	0.72	0.8	0.72	0.66	0.68	0.64	0.74	0.74	0.76	0.52	0.74	0.72	0.64	0.76
14700	0.8	0.78	0.72	0.74	0.74	0.66	0.68	0.66	0.7	0.74	0.72	0.56	0.72	0.7	0.64	0.72
14750	0.78	0.74	0.72	0.72	0.78	0.66	0.72	0.64	0.68	0.66	0.7	0.54	0.74	0.74	0.66	0.68
14800	0.74	0.74	0.68	0.72	0.78	0.68	0.74	0.6	0.7	0.64	0.66	0.6	0.74	0.78	0.7	0.7
14850	0.7	0.74	0.7	0.72	0.78	0.56	0.76	0.6	0.68	0.66	0.68	0.58	0.72	0.76	0.7	0.68
14900	0.68	0.76	0.68	0.68	0.8	0.62	0.74	0.6	0.76	0.64	0.66	0.6	0.76	0.72	0.68	0.64
14950	0.7	0.78	0.64	0.72	0.74	0.62	0.78	0.58	0.8	0.66	0.6	0.6	0.76	0.78	0.68	0.6
15000	0.72	0.76	0.62	0.66	0.7	0.58	0.8	0.6	0.74	0.66	0.58	0.6	0.74	0.78	0.7	0.58
15050	0.7	0.78	0.62	0.66	0.62	0.6	0.8	0.6	0.8	0.62	0.56	0.66	0.74	0.78	0.76	0.64
15100	0.7	0.78	0.62	0.72	0.6	0.56	0.78	0.58	0.76	0.66	0.6	0.72	0.74	0.76	0.78	0.58
15150	0.7	0.74	0.68	0.74	0.54	0.58	0.74	0.58	0.76	0.64	0.6	0.68	0.8	0.74	0.78	0.58
15200	0.72	0.7	0.7	0.76	0.52	0.6	0.72	0.56	0.72	0.64	0.62	0.74	0.76	0.7	0.82	0.56
15250	0.74	0.66	0.7	0.76	0.52	0.7	0.7	0.56	0.68	0.7	0.62	0.72	0.82	0.68	0.82	0.6
15300	0.78	0.66	0.68	0.76	0.46	0.68	0.68	0.6	0.66	0.66	0.62	0.74	0.76	0.66	0.82	0.62
15350	0.76	0.7	0.7	0.72	0.5	0.72	0.7	0.58	0.68	0.64	0.56	0.66	0.76	0.68	0.8	0.64
15400	0.74	0.68	0.68	0.76	0.48	0.68	0.7	0.56	0.72	0.66	0.58	0.6	0.74	0.66	0.74	0.62
15450	0.72	0.7	0.72	0.72	0.56	0.64	0.7	0.52	0.76	0.66	0.62	0.56	0.76	0.66	0.74	0.64
15500	0.72	0.7	0.68	0.7	0.58	0.56	0.7	0.56	0.78	0.68	0.66	0.56	0.72	0.66	0.74	0.68
15550	0.72	0.72	0.66	0.64	0.62	0.58	0.74	0.56	0.74	0.72	0.68	0.6	0.72	0.66	0.74	0.72
15600	0.7	0.7	0.7	0.66	0.68	0.58	0.72	0.56	0.72	0.74	0.62	0.58	0.78	0.66	0.72	0.78
15650	0.72	0.7	0.7	0.64	0.68	0.64	0.72	0.54	0.76	0.74	0.64	0.64	0.76	0.72	0.7	0.74
15700	0.72	0.7	0.66	0.62	0.64	0.6	0.74	0.54	0.76	0.76	0.66	0.68	0.76	0.76	0.7	0.76
15750	0.72	0.68	0.66	0.62	0.72	0.58	0.7	0.56	0.78	0.76	0.72	0.7	0.78	0.8	0.66	0.76
15800	0.74	0.68	0.68	0.6	0.72	0.56	0.7	0.52	0.8	0.74	0.68	0.7	0.78	0.74	0.7	0.78
15850	0.72	0.7	0.78	0.62	0.72	0.62	0.68	0.58	0.82	0.74	0.64	0.74	0.78	0.76	0.7	0.76
15900	0.72	0.64	0.78	0.62	0.72	0.66	0.66	0.64	0.8	0.76	0.62	0.76	0.72	0.76	0.72	0.78
15950	0.74	0.66	0.78	0.62	0.72	0.7	0.68	0.62	0.78	0.72	0.6	0.74	0.72	0.72	0.76	0.7
16000	0.7	0.7	0.76	0.66	0.72	0.68	0.72	0.64	0.8	0.68	0.62	0.72	0.7	0.72	0.74	0.68
16050	0.7	0.72	0.76	0.66	0.68	0.7	0.72	0.6	0.76	0.68	0.6	0.72	0.64	0.74	0.74	0.7
16100	0.66	0.7	0.78	0.66	0.66	0.62	0.72	0.62	0.74	0.66	0.58	0.7	0.66	0.7	0.74	0.7
16150	0.66	0.72	0.8	0.66	0.66	0.66	0.72	0.6	0.72	0.68	0.62	0.72	0.66	0.7	0.76	0.72
16200	0.68	0.72	0.82	0.7	0.68	0.68	0.76	0.56	0.68	0.7	0.64	0.72	0.64	0.76	0.78	0.72
16250	0.72	0.72	0.86	0.7	0.66	0.68	0.76	0.54	0.7	0.74	0.64	0.78	0.66	0.68	0.76	0.66
16300	0.74	0.72	0.84	0.68	0.62	0.68	0.78	0.54	0.7	0.76	0.64	0.74	0.74	0.66	0.78	0.72
16350	0.72	0.72	0.78	0.66	0.62	0.66	0.76	0.56	0.72	0.82	0.68	0.76	0.74	0.64	0.78	0.72
16400	0.72	0.72	0.76	0.7	0.66	0.62	0.74	0.6	0.72	0.8	0.74	0.78	0.78	0.66	0.76	0.7
16450	0.78	0.74	0.74	0.68	0.72	0.66	0.76	0.6	0.74	0.84	0.74	0.78	0.78	0.68	0.8	0.76
16500	0.78	0.72	0.74	0.66	0.76	0.58	0.72	0.56	0.7	0.82	0.7	0.78	0.82	0.68	0.8	0.76
16550	0.76	0.8	0.76	0.6	0.74	0.6	0.74	0.58	0.74	0.84	0.68	0.8	0.86	0.68	0.78	0.72
16600	0.78	0.8	0.72	0.54	0.76	0.6	0.72	0.54	0.76	0.84	0.66	0.76	0.84	0.68	0.82	0.74
16650	0.76	0.76	0.64	0.52	0.82	0.58	0.72	0.58	0.8	0.82	0.68	0.74	0.8	0.62	0.8	0.76
16700	0.7	0.82	0.64	0.56	0.74	0.54	0.7	0.56	0.8	0.82	0.66	0.72	0.82	0.74	0.78	0.76
16750	0.7	0.84	0.68	0.62	0.7	0.54	0.72	0.52	0.8	0.82	0.66	0.76	0.8	0.72	0.78	0.78
16800	0.7	0.8	0.72	0.62	0.68	0.56	0.76	0.46	0.82	0.78	0.66	0.74	0.78	0.66	0.76	0.78
16850	0.66	0.8	0.7	0.62	0.64	0.62	0.74	0.46	0.82	0.8	0.66	0.76	0.84	0.66	0.72	0.76
16900	0.66	0.84	0.68	0.62	0.66	0.64	0.7	0.5	0.8	0.8	0.66	0.72	0.82	0.68	0.72	0.74
16950	0.64	0.82	0.64	0.64	0.62	0.66	0.72	0.5	0.78	0.84	0.68	0.74	0.82	0.62	0.7	0.76
17000	0.72	0.8	0.68	0.7	0.64	0.7	0.68	0.52	0.76	0.88	0.78	0.84	0.82	0.7	0.68	0.82
17050	0.72	0.78	0.7	0.74	0.66	0.72	0.74	0.56	0.74	0.84	0.82	0.86	0.88	0.7	0.68	0.82
17100	0.72	0.82	0.7	0.78	0.68	0.74	0.76	0.54	0.74	0.84	0.84	0.88	0.84	0.7	0.68	0.8
17150	0.66	0.84	0.7	0.72	0.68	0.76	0.74	0.54	0.74	0.84	0.84	0.84	0.84	0.76	0.68	0.8
17200	0.68	0.82	0.7	0.7	0.7	0.76	0.72	0.58	0.74	0.8	0.84	0.86	0.86	0.74	0.72	0.82
17250	0.66	0.82	0.72	0.72	0.7	0.74	0.7	0.64	0.74	0.78	0.8	0.82	0.84	0.74	0.72	0.84
17300	0.66	0.82	0.78	0.74	0.74	0.7	0.72	0.62	0.78	0.8	0.8	0.84	0.78	0.72	0.66	0.8
17350	0.62	0.8	0.76	0.74	0.76	0.68	0.76	0.62	0.78	0.72	0.8	0.78	0.74	0.72	0.66	0.78
17400	0.62	0.78	0.74	0.72	0.82	0.68	0.76	0.66	0.78	0.6	0.78	0.74	0.72	0.74	0.68	0.76
17450	0.64	0.76	0.76	0.74	0.84	0.7	0.8	0.62	0.86	0.64	0.78	0.74	0.72	0.78	0.7	0.74
17500	0.7	0.74	0.74	0.74	0.84	0.7	0.8	0.62	0.86	0.64	0.78	0.76	0.7	0.78	0.76	0.68
17550	0.7	0.72	0.74	0.72	0.82	0.76	0.8	0.56	0.88	0.66	0.74	0.74	0.7	0.76	0.8	0.72
17600	0.64	0.66	0.74	0.72	0.84	0.72	0.84	0.56	0.88	0.66	0.7	0.76	0.72	0.78	0.8	0.72
17650	0.68	0.68	0.74	0.72	0.82	0.72	0.84	0.56	0.88	0.6	0.8	0.78	0.72	0.76	0.88	0.78
17700	0.7	0.72	0.74	0.68	0.78	0.74	0.82	0.6	0.82	0.56	0.8	0.8	0.7	0.78	0.88	0.76
17750	0.7	0.74	0.74	0.64	0.78	0.7	0.82	0.6	0.82	0.58	0.78	0.82	0.8	0.74	0.84	0.74
17800	0.74	0.76	0.8	0.66	0.74	0.7	0.84	0.64	0.82	0.6	0.82	0.86	0.84	0.7	0.84	0.74
17850	0.72	0.76	0.76	0.66	0.74	0.7	0.84	0.62	0.82	0.62	0.74	0.84	0.82	0.66	0.84	0.78
17900	0.72	0.82	0.78	0.7	0.74	0.66	0.82	0.68	0.8	0.64	0.74	0.84	0.82	0.66	0.84	0.8
17950	0.78	0.84	0.78	0.7	0.74	0.66	0.82	0.62	0.76	0.64	0.78	0.88	0.8	0.68	0.84	0.76
18000	0.78	0.9	0.84	0.72	0.7	0.66	0.8	0.62	0.76	0.6	0.74	0.88	0.8	0.7	0.84	0.78
18050	0.8	0.88	0.84	0.72	0.72	0.68	0.78	0.62	0.78	0.68	0.72	0.88	0.8	0.7	0.82	0.72
18100	0.78	0.88	0.82	0.74	0.74	0.74	0.78	0.68	0.78	0.7	0.72	0.82	0.82	0.72	0.88	0.72
18150	0.8	0.88	0.86	0.74	0.76	0.76	0.76	0.72	0.74	0.72	0.68	0.84	0.76	0.78	0.92	0.76
18200	0.82	0.78	0.9	0.76	0.74	0.78	0.7	0.68	0.72	0.72	0.66	0.76	0.76	0.84	0.92	0.76
18250	0.76	0.72	0.9	0.82	0.74	0.72	0.66	0.7	0.76	0.7	0.7	0.72	0.78	0.86	0.88	0.72
18300	0.72	0.7	0.88	0.8	0.74	0.76	0.66	0.7	0.82	0.68	0.68	0.78	0.78	0.82	0.86	0.72
18350	0.68	0.7	0.84	0.82	0.7	0.76	0.66	0.74	0.76	0.66	0.66	0.76	0.82	0.86	0.82	0.66
18400	0.7	0.7	0.68	0.8	0.7	0.76	0.68	0.72	0.76	0.68	0.6	0.74	0.82	0.8	0.8	0.62
18450	0.7	0.62	0.66	0.76	0.7	0.76	0.64	0.7	0.74	0.66	0.62	0.7	0.84	0.82	0.8	0.64
18500	0.72	0.62	0.6	0.8	0.72	0.76	0.68	0.72	0.76	0.66	0.64	0.72	0.82	0.76	0.8	0.64
18550	0.7	0.62	0.56	0.78	0.74	0.78	0.74	0.74	0.72	0.7	0.66	0.72	0.86	0.74	0.76	0.66
18600	0.7	0.66	0.6	0.76	0.74	0.76	0.76	0.68	0.7	0.72	0.66	0.76	0.84	0.74	0.74	0.68
18650	0.72	0.68	0.62	0.7	0.78	0.78	0.78	0.7	0.72	0.74	0.66	0.8	0.82	0.7	0.72	0.68
18700	0.72	0.72	0.7	0.7	0.84	0.78	0.76	0.72	0.7	0.76	0.7	0.8	0.8	0.74	0.78	0.7
18750	0.7	0.76	0.72	0.72	0.82	0.78	0.74	0.74	0.7	0.78	0.74	0.74	0.8	0.74	0.8	0.74
18800	0.74	0.76	0.76	0.72	0.78	0.76	0.72	0.74	0.68	0.74	0.76	0.72	0.78	0.74	0.8	0.78
18850	0.76	0.8	0.78	0.72	0.78	0.74	0.78	0.76	0.7	0.72	0.82	0.72	0.78	0.74	0.8	0.8
18900	0.74	0.78	0.82	0.72	0.8	0.72	0.72	0.74	0.7	0.72	0.8	0.72	0.74	0.78	0.82	0.78
18950	0.74	0.76	0.7	0.74	0.84	0.74	0.72	0.76	0.72	0.72	0.8	0.7	0.7	0.8	0.78	0.72
19000	0.74	0.72	0.7	0.72	0.82	0.7	0.76	0.76	0.72	0.68	0.8	0.72	0.74	0.78	0.82	0.72
19050	0.74	0.68	0.72	0.76	0.82	0.68	0.72	0.78	0.72	0.66	0.82	0.76	0.74	0.74	0.78	0.72
19100	0.7	0.66	0.74	0.76	0.78	0.72	0.74	0.76	0.72	0.68	0.8	0.74	0.72	0.74	0.82	0.78
19150	0.74	0.7	0.72	0.74	0.74	0.7	0.78	0.78	0.76	0.68	0.82	0.74	0.74	0.74	0.78	0.78
19200	0.74	0.72	0.72	0.74	0.8	0.76	0.74	0.78	0.82	0.7	0.82	0.74	0.76	0.7	0.74	0.76
19250	0.78	0.72	0.7	0.72	0.82	0.76	0.7	0.76	0.84	0.62	0.8	0.74	0.78	0.66	0.74	0.76
19300	0.72	0.78	0.72	0.72	0.84	0.8	0.72	0.76	0.8	0.62	0.8	0.8	0.76	0.7	0.72	0.76
19350	0.72	0.82	0.74	0.68	0.8	0.82	0.72	0.78	0.8	0.64	0.8	0.82	0.78	0.76	0.72	0.74
19400	0.72	0.76	0.8	0.64	0.78	0.78	0.68	0.78	0.78	0.68	0.8	0.82	0.76	0.8	0.7	0.7
19450	0.72	0.82	0.8	0.64	0.76	0.8	0.68	0.8	0.8	0.66	0.82	0.84	0.76	0.78	0.7	0.72
19500	0.74	0.82	0.74	0.6	0.8	0.8	0.68	0.8	0.78	0.66	0.82	0.8	0.74	0.78	0.72	0.76
19550	0.7	0.82	0.76	0.62	0.8	0.8	0.7	0.78	0.76	0.66	0.82	0.82	0.76	0.8	0.7	0.76
19600	0.68	0.82	0.78	0.6	0.78	0.76	0.72	0.76	0.76	0.7	0.8	0.82	0.76	0.84	0.7	0.7
19650	0.66	0.82	0.76	0.58	0.76	0.74	0.7	0.82	0.78	0.76	0.78	0.82	0.74	0.84	0.68	0.68
19700	0.66	0.78	0.76	0.58	0.74	0.72	0.76	0.8	0.82	0.74	0.78	0.82	0.74	0.82	0.7	0.7
19750	0.62	0.74	0.76	0.6	0.74	0.72	0.74	0.8	0.84	0.68	0.74	0.82	0.74	0.78	0.7	0.7
19800	0.66	0.8	0.76	0.64	0.74	0.72	0.78	0.78	0.84	0.72	0.72	0.82	0.74	0.78	0.68	0.78
19850	0.72	0.8	0.78	0.66	0.72	0.72	0.78	0.76	0.86	0.76	0.74	0.82	0.78	0.8	0.68	0.82
19900	0.68	0.76	0.82	0.68	0.68	0.76	0.8	0.78	0.82	0.76	0.76	0.78	0.74	0.78	0.72	0.78
19950	0.7	0.76	0.8	0.66	0.66	0.74	0.82	0.8	0.8	0.72	0.76	0.82	0.76	0.78	0.76	0.78
20000	0.74	0.72	0.78	0.72	0.64	0.74	0.82	0.78	0.8	0.68	0.78	0.8	0.8	0.76	0.72	0.8
