0	0	0	0	0	0	0	0	0	0	0	0	0	0	0	0	0	0
50	2	1	2	2	1	1	1	1	1	1	1	1	1	1	2	1	3
100	3	2	4	4	4	3	3	4	4	3	2	3	2	4	5	4	19
150	5	4	5	4	5	6	4	6	4	5	5	6	5	6	5	4	26
200	6	5	5	5	6	6	6	6	4	6	7	7	6	9	5	5	31
250	7	8	5	5	7	8	6	6	5	6	7	8	7	10	6	6	38
300	8	9	5	6	7	10	8	8	6	7	8	8	8	11	7	7	45
350	8	9	7	7	8	10	8	8	8	9	11	8	9	11	8	9	55
400	8	9	8	8	9	10	9	8	7	9	11	8	9	12	8	9	57
450	11	9	9	8	9	10	9	9	11	10	12	9	11	12	7	9	59
500	11	9	9	9	9	10	9	10	11	11	13	10	13	12	7	10	65
550	12	9	11	9	9	12	9	10	12	11	13	11	15	12	7	10	71
600	12	9	12	9	10	12	9	11	13	11	14	12	16	14	8	10	74
650	12	9	12	9	10	13	9	12	14	11	14	12	16	14	8	10	72
700	13	9	13	9	10	13	9	13	14	12	14	12	16	14	10	10	76
750	13	10	13	10	10	13	10	13	13	12	14	12	15	14	13	10	75
800	14	10	13	10	10	13	10	13	13	13	14	13	15	15	13	10	75
850	14	10	13	10	10	13	10	13	14	13	14	13	15	15	13	11	76
900	14	11	13	11	10	13	10	13	14	14	14	14	16	15	13	11	80
950	14	11	13	11	10	13	10	13	14	14	14	14	16	15	13	12	77
1000	13	11	14	12	10	13	11	14	15	14	14	14	16	15	13	13	78
1050	13	11	14	11	10	13	11	14	15	14	14	14	16	16	13	13	80
1100	13	11	14	11	10	13	12	14	15	14	14	14	16	17	13	13	79
1150	13	11	14	13	10	13	13	14	15	14	14	14	16	17	13	14	82
1200	13	11	14	15	11	13	13	14	15	14	14	14	16	17	13	14	83
1250	13	11	14	16	11	13	13	14	15	14	14	14	16	17	13	14	84
1300	13	11	14	16	11	13	14	14	15	14	14	14	16	17	13	14	84
1350	13	11	14	16	11	13	14	14	15	14	12	14	16	17	13	14	85
1400	13	11	14	17	12	13	14	14	15	14	12	15	16	17	13	14	85
1450	13	11	14	17	12	13	14	14	15	14	12	15	16	18	13	14	83
1500	13	11	14	17	12	13	14	14	15	14	12	16	16	18	13	14	83
1550	13	11	14	17	12	13	14	14	15	14	12	16	16	18	13	14	83
1600	13	11	14	17	12	13	14	14	15	15	12	17	16	18	13	14	85
1650	13	11	14	18	13	13	14	14	15	15	13	17	16	18	13	14	85
1700	13	11	14	19	13	13	14	14	15	16	14	17	16	18	13	14	86
1750	13	11	14	19	14	13	14	14	15	16	14	17	16	18	13	14	86
1800	13	11	14	19	14	13	14	14	15	16	14	17	16	18	13	14	86
1850	13	11	14	20	15	13	14	14	15	16	14	18	16	18	13	14	90
1900	13	11	14	21	15	13	14	14	15	16	14	19	16	18	13	14	92
1950	13	11	14	22	15	13	14	14	15	16	16	19	15	18	13	14	92
2000	13	11	14	22	15	13	14	14	15	16	17	19	15	18	13	14	92
2050	12	11	14	22	15	13	14	14	15	16	17	19	15	18	13	14	92
2100	13	11	14	22	15	13	14	14	15	16	17	19	15	18	13	14	92
2150	13	11	14	22	15	13	14	14	15	16	17	19	15	18	13	14	91
2200	14	11	14	22	15	13	14	14	15	16	17	19	15	18	13	14	92
2250	14	11	14	22	15	13	14	14	15	16	17	22	15	18	13	14	95
2300	14	11	14	22	15	13	14	14	15	16	17	22	15	18	13	14	95
2350	15	11	14	22	15	13	14	14	15	17	17	22	15	19	13	14	97
2400	15	12	14	22	15	13	14	14	15	18	17	22	15	19	13	14	97
2450	15	12	14	22	15	13	15	14	15	19	17	22	15	19	13	14	97
2500	16	12	14	22	15	13	15	14	15	19	17	22	15	20	13	14	99
2550	16	12	14	22	15	13	15	14	15	19	17	22	15	20	13	14	99
2600	16	12	14	21	16	13	15	14	15	19	17	23	15	20	13	14	99
2650	16	12	14	21	15	13	15	14	15	19	17	23	15	20	13	14	99
2700	17	12	14	21	15	13	15	14	15	20	17	23	15	20	12	14	99
2750	17	12	14	21	15	13	15	14	15	20	17	24	15	20	12	14	99
2800	18	13	14	24	17	13	15	14	15	20	17	24	15	19	12	14	103
2850	18	14	14	24	17	13	16	14	15	20	17	24	15	19	12	14	104
2900	18	14	14	24	17	13	16	14	15	20	17	24	15	19	12	14	104
2950	19	14	14	24	17	13	16	14	15	21	17	24	15	19	12	14	107
3000	19	14	14	24	17	13	17	14	15	21	17	24	15	19	12	14	108
3050	19	14	14	24	17	13	17	14	15	21	17	24	15	19	12	14	108
3100	19	14	14	25	19	13	17	13	15	21	17	24	15	19	12	14	111
3150	19	14	14	26	20	13	18	13	15	21	17	24	15	19	12	14	111
3200	19	14	15	26	21	13	18	13	15	21	17	24	16	19	12	14	112
3250	19	14	15	26	22	13	18	13	15	21	17	24	16	20	12	14	114
3300	19	14	15	27	22	13	18	13	15	22	17	24	16	20	12	14	113
3350	19	14	14	27	23	13	18	13	15	22	17	24	16	20	12	14	113
3400	19	15	13	27	23	13	18	13	15	22	17	24	16	20	12	14	114
3450	19	15	13	27	23	13	18	13	15	22	17	24	16	20	12	14	113
3500	19	15	13	27	23	13	18	13	15	22	17	24	16	20	12	14	113
3550	19	15	15	27	24	13	18	13	15	22	17	24	16	20	12	14	115
3600	19	15	15	27	24	13	18	13	15	22	17	24	16	20	12	14	114
3650	19	15	16	27	23	13	18	13	15	22	18	23	16	20	12	14	112
3700	19	15	16	28	25	13	18	13	15	22	20	23	16	20	12	14	116
3750	19	15	18	28	25	13	18	13	15	22	21	23	16	21	12	14	119
3800	20	16	18	28	24	13	18	13	14	21	22	23	16	21	12	14	121
3850	20	16	18	28	24	13	18	13	14	21	24	24	16	21	12	15	125
3900	20	18	19	28	26	13	18	13	14	21	24	24	16	21	12	15	129
3950	20	18	18	29	26	13	18	13	14	21	25	24	16	21	12	15	131
4000	20	18	18	29	26	13	18	13	14	21	25	24	16	21	13	15	133
4050	20	18	18	30	27	13	17	13	14	21	25	24	16	20	14	15	133
4100	22	18	18	29	26	13	17	13	14	21	25	24	16	20	14	15	133
4150	24	18	19	29	26	13	17	13	14	21	25	24	16	20	13	15	132
4200	24	18	19	29	26	13	17	13	14	21	25	24	16	20	13	15	131
4250	24	18	19	29	26	13	17	13	14	21	27	23	16	20	14	17	133
4300	24	18	19	29	26	13	17	13	14	21	27	23	16	20	14	17	132
4350	24	17	20	29	26	13	17	13	14	21	27	23	16	20	14	16	133
4400	24	18	21	29	26	13	17	13	14	21	27	23	16	20	14	16	135
4450	25	18	21	29	26	13	17	13	14	21	27	23	16	20	14	16	136
4500	26	18	21	29	27	13	17	13	14	21	27	22	16	20	14	18	140
4550	26	19	21	29	27	13	17	13	14	21	27	22	16	20	14	18	141
4600	26	19	21	30	27	13	17	13	14	21	27	22	16	20	14	18	142
4650	26	20	21	30	26	13	17	13	14	21	27	22	16	20	14	19	144
4700	26	20	22	30	26	13	17	13	14	21	27	22	16	20	14	19	145
4750	26	21	22	30	26	13	17	13	14	21	28	22	16	20	14	19	147
4800	26	21	22	30	26	13	17	13	14	21	28	22	16	20	14	19	147
4850	26	21	22	30	25	13	17	13	13	21	28	22	16	20	14	19	149
4900	26	22	22	30	25	13	17	13	13	21	28	22	16	20	14	19	150
4950	26	22	22	31	25	13	17	13	13	21	27	21	17	20	14	19	150
5000	26	23	22	30	25	13	17	13	13	21	27	21	17	20	14	19	149
5050	26	23	22	30	25	13	17	13	13	21	27	21	17	20	15	19	149
5100	26	23	22	30	25	13	17	13	13	21	27	21	17	20	15	19	149
5150	26	23	22	30	24	13	17	13	13	21	27	21	17	20	15	19	148
5200	26	23	22	30	24	13	16	13	13	21	27	21	17	20	15	19	147
5250	26	23	22	30	24	13	16	13	13	21	27	21	17	20	15	19	147
5300	26	22	22	30	24	13	16	13	13	21	27	21	17	20	15	19	147
5350	25	23	22	30	23	13	16	13	13	21	27	20	18	20	16	19	147
5400	25	23	22	30	23	13	16	13	13	21	27	20	18	20	17	19	147
5450	26	23	22	30	23	13	16	13	13	21	27	20	19	20	17	19	149
5500	27	23	22	29	23	13	16	13	13	21	27	20	19	20	17	19	149
5550	27	23	22	29	24	13	16	13	13	21	27	20	20	20	17	19	150
5600	27	23	22	29	24	13	16	13	13	21	27	20	20	20	17	19	150
5650	27	23	22	29	24	13	16	13	13	21	27	20	20	20	16	20	151
5700	27	23	22	29	24	13	16	13	13	21	26	21	21	20	16	20	152
5750	27	23	22	29	24	13	16	13	13	21	26	21	22	20	16	21	154
5800	27	23	22	29	24	13	16	13	13	21	26	21	22	20	16	21	154
5850	27	23	22	29	25	13	16	13	14	21	26	21	22	20	16	21	156
5900	27	24	22	29	25	13	16	14	14	21	26	21	22	20	16	21	156
5950	26	24	22	29	25	13	16	14	14	21	26	21	22	20	16	21	156
6000	26	24	22	29	26	13	16	15	14	21	25	21	23	20	16	21	159
6050	26	24	22	29	27	13	16	15	14	21	25	21	23	20	16	21	160
6100	26	25	22	29	27	13	16	15	14	21	25	21	23	20	16	21	161
6150	26	25	22	29	27	13	16	16	14	21	25	21	23	20	16	21	161
6200	26	25	22	28	28	13	16	16	14	21	25	21	23	20	16	21	161
6250	26	26	22	28	29	13	16	16	14	21	25	21	23	20	16	21	162
6300	26	26	22	28	30	13	16	17	14	21	25	21	22	20	15	21	161
6350	26	26	22	28	29	13	16	18	15	21	25	21	21	20	15	21	160
6400	26	25	23	28	29	13	16	18	15	21	25	21	21	20	15	21	160
6450	25	23	24	28	29	13	16	18	16	21	25	21	21	20	15	21	160
6500	25	23	24	27	30	13	16	19	16	20	25	20	21	20	15	21	162
6550	25	23	24	27	30	13	17	19	16	20	25	20	21	20	15	21	163
6600	25	23	25	27	31	13	17	19	17	20	25	20	22	20	15	21	167
6650	25	23	25	27	31	13	17	20	17	20	25	20	22	20	15	21	168
6700	26	23	25	27	31	13	17	20	17	20	25	20	22	19	14	21	167
6750	26	24	25	27	31	13	17	20	17	20	25	20	22	19	14	21	168
6800	26	24	25	27	31	13	17	21	17	20	25	20	24	19	14	21	171
6850	26	27	25	27	31	13	17	21	17	20	25	20	24	19	14	21	173
6900	26	27	25	27	31	13	17	21	17	20	25	20	24	19	14	21	172
6950	26	27	25	27	31	13	17	23	17	20	25	19	23	19	14	21	171
7000	26	27	26	27	31	13	17	23	17	20	25	19	23	19	14	21	171
7050	26	27	26	27	31	13	17	23	18	20	25	19	24	19	14	21	173
7100	26	27	26	27	31	13	16	23	19	20	25	19	24	19	14	21	172
7150	26	28	26	27	31	13	16	23	20	20	25	19	24	19	14	21	171
7200	26	28	26	27	30	13	16	23	21	20	25	19	24	19	14	21	170
7250	26	28	26	27	30	13	16	23	21	20	25	19	23	19	14	21	170
7300	27	28	26	27	30	13	17	23	21	20	25	19	23	19	14	21	172
7350	27	28	26	27	28	13	18	23	21	20	25	19	23	19	14	21	170
7400	27	28	26	27	28	13	18	23	21	20	25	19	23	19	14	21	170
7450	27	27	26	27	28	13	19	23	22	20	25	19	23	19	14	21	172
7500	27	27	26	27	28	13	19	23	22	20	25	19	23	19	14	21	172
7550	27	26	26	27	28	13	19	23	21	20	25	19	23	19	14	21	170
7600	27	26	26	27	28	13	19	23	21	20	25	19	23	19	14	21	169
7650	27	26	26	27	28	13	20	23	21	20	24	19	23	19	14	21	170
7700	27	26	26	27	27	13	20	23	21	20	23	19	23	19	14	21	169
7750	28	26	26	27	26	13	20	23	21	20	23	19	23	19	14	21	169
7800	28	26	27	27	26	13	20	23	21	20	23	19	23	19	14	21	170
7850	28	26	28	27	26	13	20	23	21	20	23	19	23	19	14	21	171
7900	27	26	28	26	25	13	21	23	21	20	23	19	24	19	14	21	172
7950	27	26	29	26	25	13	21	23	21	20	23	19	24	19	14	21	172
8000	27	26	29	28	25	13	21	23	21	20	23	19	24	19	14	21	173
8050	27	26	29	28	23	13	21	23	21	20	23	19	24	19	14	21	172
8100	27	26	30	27	23	13	21	23	21	20	23	19	24	19	14	21	172
8150	27	26	30	27	23	13	21	23	22	20	23	19	24	19	14	21	174
8200	27	26	31	29	23	13	21	23	22	20	23	19	25	19	14	21	176
8250	27	26	31	29	23	13	21	23	22	20	23	19	25	19	14	21	176
8300	27	26	31	29	23	13	21	23	21	20	23	19	25	19	14	21	175
8350	27	26	32	30	23	13	21	23	21	20	23	19	26	19	14	21	178
8400	27	26	33	30	23	13	21	23	21	20	23	19	27	19	14	21	179
8450	27	26	33	30	23	13	21	23	21	20	23	19	27	19	14	21	179
8500	27	26	33	30	23	13	21	23	21	20	23	19	27	19	14	21	179
8550	27	26	33	31	23	13	21	22	21	20	23	19	27	19	14	21	180
8600	27	26	33	31	23	13	21	22	21	20	23	19	27	19	14	21	180
8650	27	26	33	31	23	14	21	21	21	20	23	19	28	19	14	21	181
8700	26	26	33	31	24	14	21	21	21	20	23	19	28	19	14	21	180
8750	26	26	33	31	24	14	21	21	21	20	23	19	28	19	14	21	180
8800	27	26	33	31	23	14	21	21	20	20	23	19	28	19	14	21	180
8850	27	26	33	31	23	14	21	20	20	20	23	19	28	19	14	21	180
8900	27	26	33	31	24	14	21	20	20	20	23	19	28	19	14	21	181
8950	27	26	32	32	24	14	21	20	20	20	23	19	28	19	14	21	180
9000	27	26	32	32	24	14	21	20	20	20	23	19	28	19	14	21	180
9050	27	26	32	32	24	14	21	20	20	20	23	19	27	19	14	21	180
9100	28	27	33	32	24	14	21	20	20	20	23	19	28	19	14	21	182
9150	28	27	33	32	24	14	21	21	20	20	23	19	27	19	14	21	182
9200	28	27	33	32	25	14	22	21	20	20	23	19	28	19	14	21	184
9250	28	27	32	32	25	14	22	21	20	20	23	19	28	19	14	21	183
9300	30	27	32	32	25	14	22	21	20	20	23	19	28	20	14	21	184
9350	30	26	32	32	25	14	22	21	20	20	23	19	28	20	14	21	183
9400	32	26	32	31	24	14	22	21	20	20	24	19	28	20	14	21	184
9450	32	26	33	32	24	14	22	21	20	20	24	19	28	20	14	21	185
9500	34	26	33	32	24	14	22	21	20	20	24	19	28	20	14	21	187
9550	35	26	33	32	24	14	22	21	20	20	24	19	28	20	14	21	188
9600	35	26	33	32	24	14	22	21	20	20	24	19	28	21	14	21	190
9650	35	26	33	32	24	14	22	21	20	20	24	19	27	21	14	21	190
9700	35	26	33	32	24	14	22	21	20	20	24	19	27	22	14	21	191
9750	35	26	33	32	24	14	22	21	20	20	24	19	27	22	14	21	191
9800	35	26	33	32	24	14	22	21	20	20	24	19	27	22	14	21	191
9850	35	26	34	32	24	14	22	21	20	20	24	20	27	22	14	21	192
9900	35	25	34	32	24	14	22	21	20	20	24	21	27	23	14	21	191
9950	35	25	34	32	24	14	22	21	20	20	24	21	27	23	14	21	192
10000	35	25	34	32	24	14	22	21	20	20	24	21	27	23	14	20	191
10050	36	25	35	32	24	14	22	22	20	19	23	21	27	23	14	20	192
10100	35	25	35	32	24	14	22	22	20	19	23	21	27	23	14	20	192
10150	35	25	34	32	24	14	22	22	20	19	23	21	27	23	14	20	191
10200	37	25	34	32	24	14	22	22	20	19	23	23	27	24	14	20	191
10250	37	25	34	32	24	14	22	22	20	19	23	23	27	24	14	20	191
10300	37	25	34	32	24	14	20	23	20	19	23	22	27	24	14	20	191
10350	37	25	33	32	24	14	20	23	20	19	23	22	27	24	14	20	190
10400	37	25	33	32	24	14	20	23	20	19	23	22	27	24	14	20	190
10450	36	25	32	32	24	14	20	23	20	19	23	22	27	24	14	19	188
10500	36	25	32	32	24	14	20	23	19	19	23	22	27	24	14	19	187
10550	34	24	32	32	24	14	20	23	19	19	23	23	27	24	14	19	185
10600	34	24	31	32	23	14	20	23	19	19	23	23	27	24	14	19	181
10650	34	24	31	32	23	14	20	23	19	19	23	23	27	24	14	19	181
10700	34	24	31	32	23	14	21	23	19	19	23	23	27	24	14	19	181
10750	34	24	31	32	22	14	21	23	19	19	23	23	27	24	14	19	179
10800	33	24	31	32	22	14	22	23	19	19	23	23	27	24	14	19	179
10850	32	24	31	32	22	14	22	23	19	19	23	23	26	24	14	19	178
10900	30	24	30	32	22	14	22	24	19	19	22	23	26	24	14	19	174
10950	30	24	30	32	22	14	24	24	19	19	22	23	26	24	14	19	175
11000	30	24	30	32	22	15	24	24	19	19	22	23	26	24	14	19	173
11050	29	24	30	31	22	15	25	24	19	19	22	23	26	24	14	18	172
11100	29	24	30	31	22	16	27	24	19	19	22	23	26	24	14	18	173
11150	29	24	30	31	22	16	27	24	19	19	22	25	26	24	14	18	174
11200	29	25	30	31	22	17	27	23	19	19	22	25	26	24	14	18	172
11250	29	25	30	31	22	17	28	22	18	19	22	26	26	24	14	18	172
11300	29	26	30	31	22	17	28	22	18	19	22	26	26	24	14	18	172
11350	29	26	30	31	21	17	28	22	18	19	22	26	26	24	14	18	170
11400	29	28	30	31	21	17	28	22	18	19	22	26	26	24	14	17	171
11450	29	29	30	31	21	17	28	22	18	19	22	26	26	24	14	17	172
11500	29	29	28	31	21	17	28	22	18	19	22	27	26	24	14	17	171
11550	29	29	28	30	21	17	28	22	18	19	22	27	26	24	14	17	170
11600	29	29	27	31	21	17	28	22	18	19	22	27	25	24	14	17	168
11650	29	29	27	31	20	17	28	22	18	19	22	27	25	25	14	18	168
11700	28	29	27	31	20	17	28	22	18	19	22	27	24	26	14	18	168
11750	28	29	27	31	20	17	28	22	19	19	22	27	24	26	14	18	169
11800	28	27	27	31	20	17	28	22	20	19	22	27	24	25	14	18	169
11850	28	27	27	31	20	17	27	21	20	19	22	27	24	26	14	18	169
11900	28	26	27	31	20	17	27	21	20	19	22	27	24	26	14	18	168
11950	28	28	27	31	20	17	27	21	20	19	21	27	24	25	14	18	169
12000	28	29	27	31	20	17	27	21	20	19	21	27	24	25	14	19	169
12050	27	30	27	31	20	17	27	21	20	19	21	27	24	25	14	19	169
12100	25	29	27	31	19	17	26	21	20	19	21	27	24	25	14	19	165
12150	25	30	27	31	19	17	27	22	20	19	21	27	24	25	14	20	168
12200	25	30	27	31	19	17	28	22	20	19	21	27	24	24	14	21	169
12250	26	32	27	31	19	17	28	22	20	19	20	27	24	26	14	23	175
12300	26	33	27	31	19	17	28	22	20	19	20	27	24	26	14	24	176
12350	27	34	26	31	19	17	28	24	20	19	20	27	24	26	14	24	174
12400	27	34	26	31	19	17	27	24	20	19	20	28	24	26	14	24	174
12450	27	34	26	31	19	17	27	26	20	19	20	28	24	26	14	24	175
12500	27	35	26	31	18	17	27	26	20	19	20	28	24	26	14	24	173
12550	27	35	26	31	17	17	26	27	20	19	20	28	24	26	14	24	171
12600	27	36	26	31	17	17	26	27	20	19	20	28	24	26	14	24	170
12650	27	34	26	31	17	17	25	27	20	19	20	28	24	26	14	24	169
12700	27	34	26	31	17	17	25	27	20	19	20	28	24	26	14	24	170
12750	27	34	26	31	17	17	25	27	20	19	20	28	23	25	14	25	169
12800	27	34	26	31	17	17	25	27	20	19	20	28	23	25	14	25	168
12850	27	34	26	31	17	17	25	28	20	19	20	29	23	25	14	25	170
12900	27	36	25	31	17	17	25	28	20	19	20	30	23	25	14	25	172
12950	27	36	25	31	17	17	24	28	20	19	20	30	23	25	14	25	170
13000	27	35	25	31	17	17	24	28	20	20	20	30	23	23	15	25	168
13050	27	35	25	31	17	17	24	28	20	20	20	30	23	24	15	25	168
13100	26	35	25	31	17	17	23	28	20	20	20	31	23	24	15	24	164
13150	26	35	25	31	17	17	23	29	20	20	20	31	23	24	16	24	164
13200	26	36	25	31	17	17	23	29	20	20	20	31	23	24	16	24	165
13250	26	37	25	30	17	17	23	29	19	20	20	31	23	24	16	24	164
13300	26	37	25	30	17	17	23	29	19	20	20	31	22	24	16	25	164
13350	26	37	25	30	17	17	23	29	19	20	20	31	22	24	16	25	162
13400	26	36	25	30	17	17	23	29	19	20	20	31	22	24	17	25	158
13450	27	36	25	30	17	17	23	28	19	21	20	31	22	24	17	25	158
13500	27	36	25	30	17	17	22	28	19	21	20	31	22	24	17	25	157
13550	27	36	25	30	17	17	23	29	19	21	20	31	22	24	18	25	157
13600	27	36	25	29	17	17	23	29	19	21	20	31	22	25	18	25	157
13650	25	36	25	29	17	17	23	29	19	20	20	31	22	25	18	25	155
13700	25	36	25	28	17	17	24	29	19	21	20	31	22	25	18	25	155
13750	25	36	25	27	17	17	24	30	18	22	20	31	22	25	18	25	156
13800	26	34	25	27	17	17	24	30	18	22	20	31	22	25	18	25	156
13850	26	34	25	27	17	17	24	30	18	23	20	31	22	25	19	24	159
13900	26	34	25	27	17	17	24	29	18	23	20	31	22	25	19	24	159
13950	26	33	25	27	17	17	24	30	18	23	20	31	22	25	19	24	160
14000	25	34	25	27	17	17	24	32	18	23	20	31	22	25	19	24	162
14050	26	35	25	26	17	17	24	33	18	23	19	31	22	25	19	25	165
14100	26	34	25	26	17	17	24	33	18	23	19	32	22	25	19	25	166
14150	26	33	25	26	17	17	24	34	18	23	19	32	22	25	19	24	166
14200	26	33	25	26	17	17	24	36	18	24	19	32	22	25	19	24	168
14250	27	31	25	26	17	17	24	36	18	24	19	32	22	25	19	26	171
14300	27	31	25	26	17	17	24	36	18	24	19	32	22	25	19	26	171
14350	27	32	25	26	17	17	24	36	18	24	19	31	22	26	19	26	170
14400	27	32	25	26	17	17	24	36	18	24	19	31	22	26	19	26	169
14450	27	32	25	26	17	17	24	35	18	24	19	31	22	25	19	26	168
14500	27	31	25	27	17	17	24	36	18	24	19	30	22	25	19	26	168
14550	27	31	25	27	17	17	24	37	18	24	19	30	22	25	19	27	169
14600	27	31	25	27	17	17	24	37	18	24	19	30	22	25	19	27	170
14650	27	32	25	27	17	17	25	37	18	24	19	30	22	25	19	27	171
14700	27	31	25	27	17	17	25	36	18	24	19	30	22	25	19	25	171
14750	26	31	25	27	17	17	25	36	18	24	19	30	22	25	19	23	168
14800	26	32	25	27	17	17	25	36	18	24	19	30	22	25	19	22	169
14850	26	33	25	27	17	17	25	36	18	24	19	30	22	25	19	22	167
14900	26	33	25	27	17	17	25	36	18	24	19	30	22	25	19	22	168
14950	26	32	25	27	17	17	25	37	18	24	19	29	22	25	19	23	167
15000	26	31	24	27	17	17	25	37	18	24	19	29	22	25	19	24	167
15050	26	31	24	26	17	17	25	37	18	24	19	29	22	25	19	23	167
15100	26	31	24	26	17	17	25	37	18	24	19	30	22	25	19	23	167
15150	26	31	24	26	17	17	25	37	18	24	19	30	22	26	19	24	167
15200	26	31	24	26	17	17	25	37	18	24	19	30	22	26	19	25	168
15250	26	31	24	26	17	17	25	38	18	24	19	30	22	26	19	25	169
15300	26	32	24	26	17	17	25	37	18	24	19	30	22	26	19	25	168
15350	26	32	24	26	17	17	25	37	18	24	19	30	22	26	19	25	169
15400	26	33	24	26	17	17	25	36	18	23	19	30	22	27	19	25	170
15450	26	33	24	26	17	17	25	36	18	23	19	30	22	27	19	25	169
15500	25	33	24	26	17	17	25	35	18	23	19	30	22	27	19	25	168
15550	25	33	24	26	17	17	25	35	18	23	19	30	22	27	19	24	167
15600	25	33	24	26	17	17	25	35	18	23	19	30	22	27	19	24	167
15650	25	33	24	26	17	17	25	35	18	23	19	30	22	27	19	24	167
15700	25	33	23	26	17	17	25	34	18	23	19	30	22	26	19	24	167
15750	25	33	23	26	16	17	25	34	18	23	19	30	22	26	19	24	166
15800	25	33	23	26	16	17	25	34	18	23	19	30	22	25	19	24	165
15850	25	33	23	26	16	17	25	34	19	23	19	30	22	25	19	25	167
15900	25	33	23	26	16	17	25	34	19	24	19	30	22	25	19	25	167
15950	25	33	23	26	16	18	25	34	19	24	19	30	22	25	19	24	167
16000	25	31	23	26	16	18	25	34	19	24	19	30	22	25	19	24	167
16050	24	31	23	26	16	18	25	34	19	24	19	29	22	25	19	24	167
16100	23	31	23	26	16	18	25	34	19	24	19	29	22	25	19	24	164
16150	23	30	23	26	16	18	25	32	20	24	19	29	22	25	19	24	162
16200	23	30	23	26	16	18	25	31	20	24	19	29	22	25	19	24	161
16250	23	30	23	26	16	18	25	32	20	24	19	29	22	25	19	24	163
16300	23	30	23	26	16	18	25	32	20	25	19	28	21	25	19	24	164
16350	22	31	23	26	16	18	25	32	20	25	19	28	21	25	19	24	166
16400	22	30	23	26	16	18	25	32	20	25	19	28	21	25	19	24	166
16450	22	31	23	26	17	18	25	31	20	25	19	28	21	25	19	24	167
16500	22	31	23	26	17	19	25	31	20	26	19	28	21	25	19	25	170
16550	22	31	23	26	19	18	25	31	19	26	19	28	21	25	19	25	169
16600	22	31	23	25	19	18	25	31	19	26	19	28	21	25	19	26	168
16650	22	30	23	25	19	18	25	31	19	25	19	28	21	25	19	26	167
16700	22	30	23	25	19	18	25	31	19	25	19	28	21	25	19	26	167
16750	22	30	22	25	19	18	25	31	19	25	19	27	21	25	19	27	166
16800	22	30	22	25	20	18	25	31	19	25	19	27	21	25	19	27	167
16850	21	31	22	25	21	19	25	31	19	25	19	27	21	25	19	27	170
16900	21	31	22	25	21	19	25	31	19	25	19	27	21	25	19	27	169
16950	21	31	22	25	21	20	25	31	19	25	19	27	21	25	19	27	170
17000	21	31	22	25	21	21	24	31	19	25	19	27	21	25	19	27	170
17050	21	31	22	25	21	21	24	30	19	25	19	27	21	25	19	27	169
17100	21	32	22	25	21	21	24	30	19	25	19	27	21	25	19	27	169
17150	21	32	22	24	21	21	24	30	19	25	19	27	21	25	19	27	170
17200	21	32	22	23	21	21	25	30	19	25	19	27	21	25	19	26	170
17250	21	31	22	23	21	21	25	29	18	25	19	27	21	25	19	25	168
17300	21	32	22	23	22	23	25	29	18	25	19	27	21	25	19	27	172
17350	21	32	22	23	22	23	25	30	18	25	19	27	21	25	19	27	172
17400	21	32	22	23	22	24	23	30	19	25	19	27	21	25	19	27	171
17450	21	32	22	23	22	23	22	31	19	24	19	27	20	25	19	27	170
17500	21	31	22	23	22	23	22	31	19	24	19	27	20	25	19	27	169
17550	21	30	22	23	22	23	22	31	20	24	19	27	20	25	19	27	169
17600	21	30	22	22	22	23	22	31	20	24	19	27	20	25	19	27	169
17650	21	30	22	22	22	23	22	31	20	24	19	27	20	25	19	27	169
17700	21	30	22	22	22	23	22	31	20	24	19	27	20	25	19	27	168
17750	21	30	22	22	22	23	22	30	20	24	19	27	20	25	19	26	166
17800	21	29	22	22	22	24	22	30	20	24	19	27	19	25	19	26	165
17850	21	30	22	22	22	24	22	31	20	24	19	27	19	25	19	26	168
17900	21	29	22	22	22	24	22	31	20	25	19	27	19	25	19	26	168
17950	21	29	22	21	22	24	23	32	20	25	19	27	19	25	19	25	169
18000	21	30	22	21	22	24	23	32	20	25	19	27	19	25	19	25	169
18050	20	31	22	21	22	24	23	32	21	26	19	27	19	25	19	24	172
18100	20	32	22	21	21	25	23	30	21	26	19	27	19	25	19	24	173
18150	20	33	22	21	21	25	23	32	21	26	19	27	19	25	19	24	177
18200	20	33	22	21	22	25	23	32	21	26	19	27	19	25	19	24	179
18250	20	34	22	21	22	25	23	32	21	27	19	27	19	25	19	23	181
18300	19	33	21	21	21	24	23	32	21	27	19	27	19	25	19	23	178
18350	19	33	21	21	21	24	23	32	22	27	19	27	19	25	19	23	177
18400	19	32	21	21	21	24	23	32	22	27	19	27	19	25	19	23	176
18450	19	32	21	21	21	24	23	32	22	27	19	27	19	25	19	24	176
18500	19	31	21	21	21	24	23	32	22	26	19	27	19	25	19	24	173
18550	19	29	21	21	21	24	23	32	22	26	19	27	19	25	19	25	173
18600	19	29	21	21	22	23	23	32	22	26	19	27	19	25	19	25	172
18650	19	29	21	21	22	23	23	32	22	26	19	27	19	25	19	25	171
18700	19	27	21	21	23	23	23	32	21	25	19	27	19	25	19	25	170
18750	19	28	20	21	23	23	23	32	21	26	19	27	19	25	19	25	173
18800	19	29	19	21	23	24	23	31	21	26	19	27	19	25	19	25	172
18850	19	29	19	21	23	24	23	31	21	25	19	27	19	25	19	26	171
18900	19	30	19	21	22	24	23	31	21	25	19	27	19	25	19	26	171
18950	19	30	19	21	23	24	23	31	22	25	19	26	19	25	21	26	173
19000	19	30	19	21	23	24	23	31	22	25	19	26	19	25	21	26	171
19050	19	30	19	21	23	24	22	31	22	25	19	26	19	25	21	26	169
19100	19	31	19	21	25	24	22	31	21	25	19	26	19	25	21	26	170
19150	19	31	19	21	25	25	22	31	21	25	18	26	19	25	20	26	170
19200	19	31	19	21	25	25	22	31	21	25	18	26	19	24	20	26	169
19250	19	31	19	21	25	24	22	31	21	25	18	26	19	24	20	26	169
19300	19	31	19	21	25	24	22	30	22	25	18	26	19	23	20	26	167
19350	19	31	19	21	25	24	22	30	22	25	18	26	19	23	20	26	168
19400	19	31	19	21	24	25	22	30	22	25	18	26	19	23	20	27	170
19450	19	31	19	21	24	25	22	30	22	26	18	26	19	23	20	26	171
19500	19	31	19	21	24	26	22	30	22	26	18	26	19	23	20	26	172
19550	19	30	19	21	24	25	22	30	22	26	18	26	20	23	20	25	171
19600	19	31	19	21	23	25	22	30	22	26	18	26	20	23	20	25	170
19650	19	31	19	21	25	25	22	30	21	26	18	26	20	23	20	25	172
19700	19	31	19	21	25	26	22	30	21	24	18	26	20	23	20	25	172
19750	19	30	19	21	26	27	22	30	21	23	18	26	20	24	20	25	173
19800	19	30	19	21	26	27	21	30	20	23	18	25	20	25	20	25	172
19850	19	30	19	21	26	27	21	30	20	24	18	25	20	26	20	25	173
19900	19	30	19	21	26	27	20	30	20	24	18	25	20	26	20	24	172
19950	19	31	19	21	26	27	20	30	20	24	18	25	21	26	20	24	174
20000	19	30	19	21	26	27	20	30	20	24	18	25	22	26	20	25	176
