0	0.0	0.0	0.0	0.0	0.0	0.0	0.0	0.0	0.0	0.0	0.0	0.0	0.0	0.0	0.0	0.0
50	0.5	0.0	0.2	0.0	0.0	0.0	0.0	0.0	0.0	0.333333333333	0.0	0.333333333333	0.2	0.0	0.4	0.571428571429
100	0.615384615385	0.416666666667	0.333333333333	0.285714285714	0.0	0.333333333333	0.0	0.25	0.0	0.538461538462	0.4	0.2	0.454545454545	0.0	0.555555555556	0.5
150	0.666666666667	0.6	0.647058823529	0.588235294118	0.5	0.375	0.3	0.538461538462	0.4	0.571428571429	0.5	0.5	0.571428571429	0.454545454545	0.571428571429	0.571428571429
200	0.75	0.636363636364	0.727272727273	0.65	0.583333333333	0.384615384615	0.5625	0.647058823529	0.5	0.714285714286	0.65	0.615384615385	0.611111111111	0.6	0.611111111111	0.684210526316
250	0.76	0.724137931034	0.785714285714	0.692307692308	0.647058823529	0.470588235294	0.631578947368	0.684210526316	0.588235294118	0.75	0.72	0.6875	0.72	0.666666666667	0.65	0.7
300	0.78125	0.757575757576	0.823529411765	0.7	0.65	0.571428571429	0.708333333333	0.75	0.578947368421	0.714285714286	0.72	0.75	0.78125	0.724137931034	0.724137931034	0.714285714286
350	0.810810810811	0.8	0.828571428571	0.75	0.695652173913	0.666666666667	0.758620689655	0.769230769231	0.6	0.771428571429	0.740740740741	0.769230769231	0.805555555556	0.783783783784	0.764705882353	0.785714285714
400	0.825	0.818181818182	0.846153846154	0.780487804878	0.730769230769	0.7	0.764705882353	0.806451612903	0.666666666667	0.8	0.758620689655	0.766666666667	0.829268292683	0.813953488372	0.783783783784	0.818181818182
450	0.833333333333	0.829787234043	0.869565217391	0.808510638298	0.758620689655	0.75	0.789473684211	0.823529411765	0.714285714286	0.8	0.794117647059	0.8	0.847826086957	0.836734693878	0.794871794872	0.828571428571
500	0.847826086957	0.84	0.88	0.808510638298	0.794117647059	0.769230769231	0.822222222222	0.833333333333	0.75	0.82	0.833333333333	0.820512820513	0.9	0.9	0.809523809524	0.837837837838
550	0.9	0.92	0.94	0.84	0.820512820513	0.8	0.84	0.853658536585	0.783783783784	0.9	0.833333333333	0.825	0.94	0.96	0.829787234043	0.85
600	0.92	0.96	0.94	0.92	0.844444444444	0.8125	0.9	0.860465116279	0.809523809524	0.92	0.847826086957	0.840909090909	0.94	0.94	0.836734693878	0.860465116279
650	0.96	0.96	0.96	0.94	0.86	0.84	0.96	0.872340425532	0.833333333333	0.94	0.86	0.844444444444	0.98	0.92	0.9	0.877551020408
700	0.96	0.98	0.98	0.94	0.92	0.84	0.98	0.9	0.88	0.94	0.9	0.857142857143	1.0	0.92	0.9	0.92
750	0.96	0.98	0.98	0.96	0.94	0.9	0.98	0.96	0.92	0.94	0.96	0.92	1.0	0.96	0.96	0.94
800	0.96	0.98	0.98	0.96	0.94	0.92	0.98	1.0	0.96	0.94	1.0	0.96	1.0	0.96	0.98	0.94
850	0.98	0.98	0.98	0.98	0.96	0.98	0.96	1.0	0.98	0.98	1.0	0.96	1.0	0.96	0.98	1.0
900	1.0	0.98	0.98	0.98	0.96	0.98	0.96	1.0	1.0	0.98	1.0	0.96	1.0	0.96	1.0	1.0
950	1.0	0.98	0.98	1.0	0.98	0.98	0.98	1.0	1.0	0.98	1.0	0.98	1.0	0.96	1.0	1.0
1000	1.0	0.98	0.96	1.0	1.0	0.98	0.98	1.0	1.0	1.0	1.0	1.0	1.0	0.96	1.0	1.0
1050	1.0	0.98	0.96	1.0	1.0	0.98	0.98	1.0	1.0	1.0	1.0	1.0	1.0	0.96	1.0	1.0
1100	1.0	0.98	0.96	1.0	1.0	0.98	0.98	1.0	1.0	1.0	1.0	1.0	1.0	0.96	1.0	1.0
1150	1.0	0.98	0.96	1.0	1.0	0.98	0.98	1.0	1.0	1.0	1.0	1.0	1.0	0.96	1.0	1.0
1200	1.0	1.0	0.96	1.0	1.0	0.98	0.96	1.0	1.0	1.0	1.0	1.0	1.0	0.96	1.0	1.0
1250	1.0	1.0	0.94	1.0	1.0	0.98	0.96	1.0	1.0	0.98	1.0	1.0	1.0	0.96	1.0	1.0
1300	1.0	1.0	0.94	1.0	1.0	0.98	0.96	1.0	1.0	0.98	1.0	1.0	1.0	1.0	1.0	1.0
1350	1.0	1.0	0.96	1.0	1.0	1.0	0.94	1.0	1.0	0.98	1.0	1.0	1.0	1.0	1.0	1.0
1400	1.0	1.0	0.96	1.0	1.0	1.0	0.94	1.0	1.0	0.98	1.0	1.0	1.0	1.0	1.0	1.0
1450	1.0	1.0	0.96	1.0	1.0	1.0	0.94	1.0	1.0	0.98	1.0	1.0	1.0	1.0	1.0	1.0
1500	1.0	1.0	0.96	1.0	1.0	0.98	0.92	1.0	1.0	0.98	1.0	1.0	1.0	1.0	1.0	1.0
1550	0.98	1.0	0.96	1.0	1.0	0.98	0.9	1.0	1.0	0.98	1.0	1.0	1.0	1.0	1.0	1.0
1600	0.96	1.0	0.96	1.0	1.0	0.96	0.92	1.0	1.0	0.98	1.0	1.0	1.0	1.0	1.0	1.0
1650	0.96	1.0	0.98	0.98	0.98	0.96	0.92	1.0	1.0	0.98	1.0	1.0	1.0	1.0	1.0	1.0
1700	0.96	1.0	0.98	0.98	0.96	0.94	0.92	1.0	1.0	0.98	1.0	1.0	1.0	1.0	1.0	1.0
1750	0.96	1.0	0.98	0.98	0.96	0.94	0.92	1.0	1.0	0.98	1.0	1.0	1.0	1.0	1.0	1.0
1800	0.96	1.0	0.98	0.98	0.96	0.94	0.92	1.0	1.0	0.98	1.0	1.0	1.0	1.0	1.0	1.0
1850	0.96	1.0	0.98	0.98	0.94	0.92	0.92	1.0	1.0	0.98	1.0	1.0	1.0	1.0	1.0	1.0
1900	0.96	1.0	1.0	0.98	0.94	0.92	0.94	1.0	1.0	1.0	1.0	1.0	1.0	1.0	0.98	1.0
1950	0.96	1.0	1.0	0.96	0.94	0.92	0.94	1.0	1.0	1.0	1.0	1.0	1.0	1.0	0.98	1.0
2000	0.96	1.0	1.0	0.96	0.92	0.92	0.94	1.0	1.0	1.0	1.0	1.0	1.0	1.0	0.98	1.0
2050	0.96	1.0	1.0	0.96	0.9	0.92	0.94	1.0	1.0	1.0	1.0	1.0	1.0	1.0	0.98	1.0
2100	0.94	1.0	1.0	0.96	0.9	0.94	0.96	1.0	1.0	1.0	1.0	1.0	1.0	1.0	0.98	1.0
2150	0.94	1.0	1.0	0.96	0.88	0.94	0.96	1.0	1.0	1.0	1.0	1.0	1.0	1.0	0.98	1.0
2200	0.94	1.0	1.0	0.96	0.88	0.92	0.96	1.0	1.0	1.0	1.0	1.0	1.0	1.0	0.98	1.0
2250	0.94	1.0	1.0	0.96	0.9	0.94	1.0	1.0	1.0	0.98	1.0	1.0	1.0	1.0	0.98	1.0
2300	0.94	1.0	1.0	0.96	0.9	0.94	1.0	1.0	1.0	0.98	1.0	0.98	1.0	1.0	0.96	1.0
2350	0.94	1.0	1.0	0.96	0.92	0.94	1.0	1.0	1.0	0.98	1.0	0.98	1.0	1.0	0.94	1.0
2400	0.98	1.0	1.0	0.98	0.92	0.94	1.0	1.0	1.0	0.98	1.0	0.98	1.0	1.0	0.94	1.0
2450	0.96	1.0	1.0	0.98	0.92	0.94	0.98	1.0	1.0	0.98	1.0	0.98	1.0	1.0	0.94	1.0
2500	0.96	1.0	1.0	0.98	0.94	0.94	0.98	1.0	1.0	0.98	1.0	0.98	1.0	1.0	0.94	1.0
2550	0.96	1.0	1.0	0.98	0.92	0.94	0.98	1.0	0.98	0.98	1.0	0.98	1.0	1.0	0.94	1.0
2600	0.96	1.0	1.0	0.98	0.92	0.94	0.98	1.0	0.98	0.98	1.0	0.98	1.0	1.0	0.94	1.0
2650	0.96	1.0	1.0	0.98	0.92	0.96	0.98	1.0	0.98	0.98	1.0	0.98	1.0	1.0	0.94	1.0
2700	0.96	1.0	1.0	0.98	0.94	0.96	0.98	1.0	0.98	0.98	1.0	0.98	1.0	1.0	0.94	1.0
2750	0.94	1.0	1.0	1.0	0.96	0.96	0.98	1.0	0.98	0.98	1.0	0.98	1.0	0.98	0.94	1.0
2800	0.92	1.0	1.0	1.0	0.96	0.96	0.98	1.0	0.98	0.98	1.0	0.98	1.0	0.98	0.94	1.0
2850	0.92	1.0	1.0	1.0	0.98	0.96	0.96	1.0	0.98	0.98	1.0	0.98	1.0	0.98	0.94	1.0
2900	0.92	1.0	1.0	1.0	0.98	0.96	0.96	1.0	0.98	0.98	1.0	0.98	1.0	0.98	0.94	1.0
2950	0.92	1.0	1.0	1.0	0.98	0.96	0.96	1.0	0.98	0.96	1.0	0.98	1.0	0.98	0.94	1.0
3000	0.92	1.0	1.0	1.0	0.96	0.96	0.96	1.0	0.98	0.96	1.0	0.98	1.0	0.98	0.94	1.0
3050	0.92	1.0	1.0	1.0	0.96	0.94	0.96	1.0	0.96	0.96	1.0	0.98	1.0	0.98	0.94	1.0
3100	0.94	1.0	1.0	1.0	0.96	0.96	0.96	1.0	0.96	0.96	1.0	0.98	1.0	0.98	0.96	1.0
3150	0.94	1.0	1.0	1.0	0.94	0.96	0.96	1.0	0.96	0.98	1.0	0.98	1.0	0.96	0.98	1.0
3200	0.94	1.0	1.0	1.0	0.94	0.96	0.96	1.0	0.96	0.96	1.0	1.0	1.0	0.96	0.98	1.0
3250	0.94	1.0	1.0	1.0	0.94	0.96	0.96	1.0	0.96	0.96	1.0	1.0	1.0	0.96	0.98	1.0
3300	0.94	1.0	1.0	1.0	0.96	0.96	0.96	1.0	0.96	0.96	1.0	1.0	0.98	0.96	0.98	1.0
3350	0.94	1.0	1.0	1.0	0.96	0.96	0.96	1.0	0.98	0.96	1.0	1.0	0.98	0.96	0.98	1.0
3400	0.96	1.0	1.0	1.0	0.96	0.96	0.96	1.0	0.98	0.96	1.0	1.0	0.98	0.96	1.0	1.0
3450	0.98	1.0	1.0	1.0	0.96	0.96	0.98	1.0	0.98	0.96	1.0	1.0	0.98	0.96	1.0	1.0
3500	0.98	1.0	1.0	1.0	0.96	0.96	0.98	1.0	0.98	0.96	1.0	1.0	0.98	0.96	1.0	1.0
3550	0.98	1.0	1.0	1.0	0.96	0.98	0.98	1.0	0.96	0.98	0.96	1.0	0.98	0.96	1.0	1.0
3600	1.0	1.0	1.0	1.0	0.96	0.96	0.98	1.0	0.96	0.96	0.96	1.0	0.98	0.98	1.0	1.0
3650	1.0	1.0	1.0	1.0	0.96	0.96	0.98	1.0	0.96	0.96	0.96	1.0	0.98	0.98	1.0	1.0
3700	1.0	1.0	1.0	1.0	0.96	0.96	0.98	1.0	0.96	0.96	0.96	1.0	0.98	0.98	0.98	1.0
3750	1.0	1.0	1.0	0.98	0.96	0.96	0.98	1.0	0.96	0.96	0.96	1.0	0.98	0.96	0.98	1.0
3800	1.0	1.0	1.0	0.98	0.96	0.96	0.98	1.0	0.94	0.96	0.96	0.98	0.98	0.98	0.98	1.0
3850	1.0	1.0	1.0	0.98	0.96	0.98	1.0	1.0	0.96	0.94	0.96	0.98	0.98	0.98	0.98	1.0
3900	1.0	1.0	1.0	0.98	0.96	0.98	1.0	1.0	0.96	0.96	0.96	0.98	0.98	0.96	0.98	1.0
3950	1.0	1.0	1.0	0.96	0.94	0.98	1.0	1.0	0.94	0.96	0.96	0.98	0.98	0.94	0.98	1.0
4000	1.0	1.0	0.98	0.96	0.96	0.94	1.0	1.0	0.92	0.96	0.96	0.98	0.98	0.94	0.98	1.0
4050	1.0	1.0	0.98	0.96	0.96	0.94	0.98	1.0	0.92	0.96	0.96	0.98	1.0	0.94	0.98	1.0
4100	1.0	1.0	0.98	0.96	0.96	0.94	0.98	0.98	0.92	0.96	0.94	0.98	1.0	0.94	0.98	1.0
4150	1.0	1.0	0.98	0.96	0.96	0.92	0.98	0.98	0.92	0.94	0.94	0.98	1.0	0.9	0.98	1.0
4200	1.0	0.98	0.98	0.96	0.94	0.92	0.98	0.98	0.92	0.94	0.94	0.96	1.0	0.9	0.98	1.0
4250	1.0	0.98	0.98	0.96	0.94	0.92	0.98	0.98	0.92	0.94	0.94	0.96	1.0	0.9	0.98	1.0
4300	1.0	0.98	0.98	0.94	0.92	0.94	0.98	0.98	0.92	0.94	0.94	0.96	1.0	0.9	0.98	1.0
4350	1.0	0.96	0.98	0.94	0.9	0.94	0.98	0.98	0.92	0.96	0.94	0.96	1.0	0.9	0.98	1.0
4400	1.0	0.96	0.98	0.94	0.9	0.94	0.98	0.98	0.94	0.96	0.98	0.96	1.0	0.9	0.96	1.0
4450	1.0	0.96	0.98	0.92	0.9	0.94	0.98	0.98	0.94	0.96	0.96	0.96	0.98	0.92	0.98	0.98
4500	0.98	0.96	0.98	0.92	0.92	0.94	0.98	0.98	0.92	0.98	0.96	0.96	0.98	0.92	0.98	0.98
4550	0.98	0.96	0.98	0.94	0.92	0.94	0.98	0.98	0.94	0.96	0.96	0.96	0.98	0.92	0.98	0.98
4600	0.96	0.96	0.98	0.94	0.92	0.94	0.98	0.98	0.94	0.96	0.94	0.96	0.98	0.92	0.98	0.98
4650	0.96	0.96	1.0	0.92	0.94	0.96	0.96	0.98	0.94	0.96	0.92	0.96	0.98	0.92	0.98	0.98
4700	0.96	0.96	1.0	0.92	0.94	0.98	0.94	0.98	0.94	0.96	0.9	0.98	0.96	0.92	0.98	0.98
4750	0.96	0.96	1.0	0.94	0.94	0.98	0.92	0.98	0.96	0.96	0.9	0.98	0.96	0.94	0.98	0.98
4800	0.96	0.96	1.0	0.94	0.94	0.98	0.92	1.0	0.98	0.96	0.9	0.98	0.94	0.96	0.98	0.98
4850	0.96	0.96	1.0	0.94	0.96	0.98	0.9	1.0	0.98	0.96	0.92	0.98	0.92	0.96	0.96	0.98
4900	0.96	0.96	1.0	0.94	0.96	1.0	0.9	1.0	0.98	0.94	0.92	1.0	0.92	0.96	0.96	0.98
4950	0.96	0.96	1.0	0.94	0.96	1.0	0.88	1.0	0.98	0.94	0.92	1.0	0.92	0.96	0.96	0.98
5000	0.96	0.96	1.0	0.94	0.96	1.0	0.9	1.0	0.98	0.94	0.92	1.0	0.92	0.96	0.96	0.98
5050	0.96	0.96	1.0	0.94	0.98	1.0	0.88	1.0	0.98	0.94	0.92	1.0	0.92	0.98	0.96	0.98
5100	0.98	0.96	1.0	0.96	0.98	1.0	0.88	1.0	0.98	0.94	0.92	1.0	0.92	1.0	0.96	0.98
5150	0.98	0.96	0.98	0.98	0.98	1.0	0.88	1.0	0.98	0.94	0.94	1.0	0.9	1.0	0.98	0.98
5200	0.98	0.96	0.98	0.98	0.96	1.0	0.88	1.0	0.98	0.94	0.94	1.0	0.92	1.0	0.98	0.98
5250	1.0	0.96	0.98	1.0	0.96	1.0	0.88	1.0	0.98	0.94	0.94	1.0	0.92	1.0	0.98	1.0
5300	1.0	0.96	0.98	1.0	0.96	1.0	0.88	1.0	0.98	0.96	0.96	1.0	0.92	1.0	0.98	1.0
5350	1.0	0.96	0.98	1.0	0.94	1.0	0.92	1.0	1.0	0.96	1.0	1.0	0.92	1.0	0.98	1.0
5400	1.0	0.96	0.98	1.0	0.94	1.0	0.94	1.0	1.0	0.96	1.0	1.0	0.92	1.0	0.98	1.0
5450	1.0	0.96	0.98	1.0	0.94	1.0	0.96	1.0	1.0	0.94	1.0	1.0	0.94	1.0	0.98	1.0
5500	1.0	0.96	0.98	1.0	0.92	1.0	0.96	1.0	1.0	0.94	1.0	1.0	0.98	1.0	0.98	1.0
5550	1.0	0.96	0.98	1.0	0.9	1.0	0.96	1.0	1.0	0.94	1.0	1.0	0.98	1.0	0.98	1.0
5600	1.0	0.96	0.98	0.98	0.9	1.0	0.98	1.0	1.0	0.96	1.0	1.0	0.98	1.0	1.0	1.0
5650	1.0	0.98	0.98	0.98	0.92	1.0	0.98	1.0	1.0	0.96	1.0	1.0	0.98	1.0	1.0	1.0
5700	1.0	0.98	0.98	0.98	0.9	1.0	0.98	1.0	1.0	0.96	1.0	1.0	1.0	1.0	1.0	1.0
5750	1.0	0.98	0.98	0.98	0.9	1.0	0.98	1.0	1.0	0.96	1.0	1.0	1.0	1.0	1.0	1.0
5800	0.96	0.98	0.98	0.96	0.9	1.0	0.94	1.0	1.0	0.96	1.0	1.0	1.0	1.0	0.98	1.0
5850	0.96	0.98	1.0	0.96	0.9	1.0	0.94	1.0	0.98	0.96	1.0	1.0	1.0	1.0	0.98	1.0
5900	0.96	0.98	1.0	0.96	0.92	0.98	0.94	1.0	0.98	0.98	1.0	1.0	1.0	1.0	0.98	1.0
5950	0.96	0.98	1.0	0.96	0.92	0.98	0.94	1.0	0.98	0.98	1.0	0.98	1.0	1.0	0.98	0.98
6000	0.96	0.98	1.0	0.96	0.92	0.98	0.94	1.0	0.96	0.98	1.0	0.98	1.0	1.0	0.98	0.96
6050	0.96	0.98	1.0	0.96	0.92	0.98	0.96	1.0	0.96	0.96	1.0	0.96	1.0	1.0	0.98	0.96
6100	0.96	0.98	1.0	0.96	0.92	0.98	0.96	1.0	0.96	0.96	1.0	0.96	1.0	1.0	0.98	0.94
6150	0.96	0.98	1.0	0.96	0.94	0.98	0.96	1.0	0.96	0.96	1.0	0.96	1.0	1.0	0.98	0.92
6200	0.96	0.98	1.0	0.96	0.94	0.98	0.96	1.0	0.96	0.98	1.0	0.96	1.0	1.0	0.98	0.92
6250	0.96	0.98	1.0	0.96	0.98	0.98	0.96	1.0	0.96	0.98	1.0	0.96	1.0	1.0	0.98	0.9
6300	0.96	0.98	1.0	0.96	0.98	0.98	0.96	1.0	0.96	0.98	1.0	0.96	1.0	1.0	0.98	0.9
6350	0.96	0.98	1.0	0.98	0.98	0.98	0.94	1.0	0.96	0.96	1.0	0.96	0.98	1.0	0.98	0.9
6400	0.98	0.98	1.0	0.98	1.0	0.98	0.94	1.0	0.96	0.96	1.0	0.96	0.98	1.0	0.98	0.9
6450	0.98	0.98	1.0	0.98	1.0	0.98	0.94	1.0	0.98	0.96	1.0	0.96	0.98	1.0	0.98	0.9
6500	0.98	0.96	1.0	0.98	1.0	0.98	0.96	1.0	0.98	0.96	1.0	0.96	0.98	1.0	0.96	0.9
6550	0.98	0.96	1.0	0.98	1.0	0.98	0.98	1.0	0.98	0.96	1.0	0.96	0.96	1.0	0.96	0.9
6600	0.98	0.96	1.0	0.98	1.0	0.98	0.98	1.0	1.0	0.94	1.0	0.96	0.96	1.0	0.96	0.9
6650	0.98	0.96	1.0	0.98	1.0	0.98	0.98	1.0	1.0	0.94	1.0	0.96	0.96	1.0	0.98	0.94
6700	0.98	0.94	1.0	0.98	1.0	0.98	0.98	1.0	1.0	0.94	1.0	0.98	0.96	1.0	0.98	0.94
6750	0.98	0.92	1.0	0.96	1.0	0.98	0.96	1.0	1.0	0.96	1.0	0.98	0.96	1.0	0.96	0.94
6800	0.98	0.9	1.0	0.96	1.0	0.98	0.96	1.0	1.0	0.96	1.0	0.98	0.96	1.0	0.96	0.96
6850	0.98	0.9	1.0	0.96	1.0	0.98	0.96	1.0	1.0	0.96	1.0	0.98	0.96	1.0	0.96	0.96
6900	0.98	0.9	1.0	0.96	1.0	0.98	0.98	1.0	1.0	0.96	0.98	1.0	0.94	1.0	0.96	0.98
6950	0.96	0.9	1.0	0.94	1.0	0.98	0.98	1.0	1.0	0.96	0.98	1.0	0.94	1.0	0.96	1.0
7000	0.96	0.9	1.0	0.92	1.0	0.98	0.96	1.0	1.0	0.96	0.98	1.0	0.94	1.0	0.96	1.0
7050	0.96	0.9	1.0	0.88	1.0	0.98	0.96	1.0	1.0	0.98	0.98	1.0	0.96	1.0	0.96	1.0
7100	0.98	0.92	1.0	0.88	1.0	0.98	0.96	1.0	0.96	0.98	0.98	1.0	0.96	1.0	0.96	1.0
7150	0.98	0.92	1.0	0.9	1.0	0.98	0.96	1.0	0.96	1.0	0.98	1.0	0.96	1.0	0.96	1.0
7200	0.98	0.92	1.0	0.9	1.0	0.98	0.96	1.0	0.96	1.0	0.98	1.0	0.96	1.0	0.98	1.0
7250	0.98	0.9	1.0	0.9	1.0	0.98	0.96	1.0	0.96	1.0	0.98	1.0	0.96	1.0	0.96	1.0
7300	0.98	0.9	1.0	0.88	1.0	0.98	0.96	1.0	0.96	0.98	0.98	1.0	0.96	1.0	0.98	1.0
7350	0.98	0.92	1.0	0.88	1.0	1.0	0.96	1.0	0.96	0.96	0.98	1.0	0.98	1.0	0.98	1.0
7400	0.98	0.9	1.0	0.88	1.0	0.98	0.96	1.0	0.96	0.96	0.98	1.0	0.98	1.0	0.98	1.0
7450	0.98	0.9	1.0	0.88	1.0	0.98	0.96	1.0	0.96	0.96	0.98	1.0	0.98	1.0	0.96	1.0
7500	0.98	0.92	1.0	0.9	1.0	0.94	0.98	1.0	0.96	0.96	0.98	1.0	0.98	0.98	0.96	1.0
7550	0.98	0.94	1.0	0.9	1.0	0.94	0.98	1.0	0.96	0.96	0.98	1.0	0.98	0.96	0.96	1.0
7600	0.98	0.96	1.0	0.9	1.0	0.94	0.98	1.0	0.96	0.96	0.98	1.0	0.98	0.96	0.96	1.0
7650	0.98	0.96	1.0	0.9	1.0	0.94	0.98	1.0	0.96	0.96	0.96	1.0	0.98	0.96	0.96	1.0
7700	0.98	0.96	1.0	0.88	1.0	0.94	0.98	1.0	0.94	0.96	0.96	1.0	0.98	0.96	0.96	1.0
7750	0.98	0.96	1.0	0.9	1.0	0.94	0.98	1.0	0.94	0.96	0.98	1.0	0.98	0.96	0.96	1.0
7800	0.98	0.96	1.0	0.9	1.0	0.94	0.98	1.0	0.94	0.96	0.98	1.0	1.0	0.96	0.96	1.0
7850	0.98	0.96	1.0	0.9	1.0	0.94	0.98	1.0	0.94	0.96	0.98	1.0	1.0	0.96	0.96	1.0
7900	0.98	0.96	1.0	0.94	1.0	0.94	0.98	1.0	0.96	0.96	0.98	1.0	1.0	0.96	0.96	1.0
7950	0.98	0.96	1.0	0.96	1.0	0.94	0.98	1.0	0.98	0.96	0.98	1.0	1.0	0.96	0.98	1.0
8000	0.98	0.96	1.0	0.96	1.0	0.92	0.98	1.0	0.98	0.96	0.98	1.0	1.0	0.96	0.98	1.0
8050	0.98	0.98	1.0	0.94	1.0	0.92	0.98	1.0	0.98	0.96	0.98	1.0	1.0	0.96	0.98	1.0
8100	0.98	1.0	0.98	0.96	1.0	0.92	0.98	1.0	0.98	0.96	0.98	1.0	1.0	0.96	0.98	1.0
8150	0.98	1.0	0.98	0.94	1.0	0.92	0.98	1.0	0.98	0.96	0.98	1.0	1.0	0.98	1.0	1.0
8200	0.98	1.0	0.98	0.94	1.0	0.94	1.0	1.0	0.98	0.98	0.98	1.0	1.0	1.0	1.0	1.0
8250	0.98	1.0	0.98	0.94	1.0	0.96	1.0	1.0	0.98	1.0	0.96	1.0	1.0	1.0	0.98	1.0
8300	0.98	1.0	0.98	0.94	1.0	0.98	1.0	1.0	0.98	1.0	0.96	1.0	1.0	1.0	0.98	1.0
8350	0.98	1.0	0.98	0.94	1.0	0.98	1.0	1.0	0.98	1.0	0.96	1.0	1.0	1.0	0.98	1.0
8400	1.0	1.0	0.98	0.92	1.0	0.96	1.0	1.0	0.96	1.0	0.96	1.0	1.0	1.0	0.98	1.0
8450	0.98	1.0	0.98	0.92	1.0	0.96	1.0	1.0	0.96	1.0	0.96	1.0	1.0	1.0	0.98	1.0
8500	0.98	1.0	0.98	0.9	1.0	0.96	1.0	1.0	0.98	1.0	0.96	1.0	1.0	1.0	0.98	1.0
8550	0.98	1.0	0.98	0.92	1.0	0.96	1.0	1.0	0.98	1.0	0.96	1.0	1.0	1.0	0.98	1.0
8600	0.98	1.0	0.98	0.92	1.0	0.96	1.0	1.0	0.98	1.0	0.96	1.0	1.0	1.0	0.98	1.0
8650	0.98	1.0	0.98	0.92	1.0	0.96	1.0	1.0	0.98	1.0	0.98	1.0	1.0	1.0	0.98	1.0
8700	0.98	1.0	0.98	0.92	1.0	0.98	1.0	1.0	0.98	1.0	0.98	1.0	1.0	1.0	0.98	1.0
8750	0.98	1.0	1.0	0.92	1.0	0.98	1.0	1.0	0.98	1.0	0.98	1.0	1.0	1.0	0.98	1.0
8800	0.98	1.0	1.0	0.92	1.0	0.98	1.0	1.0	0.98	1.0	0.98	1.0	0.98	1.0	0.96	1.0
8850	0.98	1.0	1.0	0.94	1.0	0.98	1.0	1.0	0.98	1.0	0.98	1.0	0.98	1.0	0.94	1.0
8900	0.98	1.0	1.0	0.94	1.0	0.98	1.0	1.0	0.98	1.0	0.98	1.0	0.98	1.0	0.94	1.0
8950	0.98	1.0	1.0	0.96	1.0	0.98	1.0	1.0	0.98	0.98	0.98	0.98	0.98	1.0	0.92	1.0
9000	0.98	1.0	1.0	0.96	1.0	0.98	0.98	1.0	0.98	0.98	0.98	0.98	0.98	1.0	0.92	1.0
9050	0.98	1.0	1.0	0.96	1.0	0.98	0.98	1.0	0.98	0.98	0.98	0.98	0.98	0.98	0.9	1.0
9100	0.98	1.0	1.0	0.96	1.0	0.98	0.98	1.0	0.98	0.98	0.98	0.98	0.96	0.98	0.92	1.0
9150	1.0	0.98	1.0	0.96	1.0	0.98	0.98	1.0	0.98	0.98	1.0	0.98	0.96	0.98	0.92	1.0
9200	1.0	0.98	1.0	0.96	1.0	0.98	0.98	1.0	0.98	0.98	1.0	0.98	0.96	0.98	0.92	1.0
9250	1.0	0.98	1.0	0.96	1.0	0.98	0.98	1.0	1.0	0.98	1.0	0.98	0.96	0.98	0.92	1.0
9300	1.0	0.98	1.0	1.0	1.0	0.98	0.98	1.0	1.0	0.98	1.0	0.98	0.96	0.98	0.92	1.0
9350	1.0	0.98	1.0	1.0	1.0	1.0	0.98	1.0	1.0	0.98	1.0	0.98	0.96	0.98	0.92	1.0
9400	1.0	0.98	0.98	1.0	1.0	1.0	0.98	1.0	1.0	0.96	1.0	0.98	0.96	0.98	0.92	1.0
9450	1.0	0.98	0.98	1.0	1.0	0.98	0.98	1.0	1.0	0.96	1.0	0.98	0.96	0.98	0.92	1.0
9500	0.98	0.98	0.98	1.0	1.0	0.98	1.0	1.0	0.98	0.96	1.0	0.98	0.96	0.98	0.92	1.0
9550	0.98	0.98	0.98	1.0	1.0	0.98	1.0	1.0	0.98	0.96	1.0	0.98	0.96	0.98	0.94	1.0
9600	0.98	0.98	0.98	1.0	1.0	0.98	1.0	1.0	0.96	0.96	1.0	0.98	0.96	0.98	0.96	1.0
9650	0.98	0.98	0.98	1.0	1.0	0.98	1.0	1.0	0.96	0.96	1.0	0.98	0.96	0.98	0.96	1.0
9700	0.98	0.98	0.98	1.0	1.0	0.98	1.0	1.0	0.96	0.96	1.0	0.98	0.96	0.98	0.96	1.0
9750	0.98	0.98	0.98	1.0	1.0	0.98	1.0	1.0	0.96	0.96	1.0	0.98	0.96	0.98	0.94	1.0
9800	0.98	1.0	0.98	1.0	1.0	0.98	1.0	1.0	0.96	0.98	1.0	1.0	0.96	0.98	0.94	1.0
9850	0.98	1.0	0.98	1.0	1.0	0.98	1.0	1.0	0.94	0.96	1.0	1.0	0.96	0.98	0.96	1.0
9900	0.98	1.0	0.98	0.98	1.0	0.98	1.0	1.0	0.94	0.96	1.0	1.0	0.96	1.0	0.96	1.0
9950	0.98	1.0	0.98	0.98	1.0	0.98	1.0	1.0	0.94	0.96	1.0	1.0	0.98	1.0	0.96	1.0
10000	0.98	1.0	0.98	0.98	1.0	0.98	1.0	1.0	0.94	0.96	1.0	1.0	0.98	1.0	0.96	1.0
10050	0.98	1.0	0.98	0.98	1.0	0.98	1.0	1.0	0.94	0.96	1.0	1.0	0.98	1.0	0.96	1.0
10100	0.98	1.0	1.0	0.98	1.0	0.98	0.98	1.0	0.94	0.96	1.0	1.0	0.98	1.0	0.96	1.0
10150	0.98	1.0	1.0	0.98	1.0	0.98	0.98	1.0	0.94	0.96	1.0	1.0	0.98	1.0	0.96	1.0
10200	0.98	1.0	1.0	0.98	1.0	1.0	0.98	1.0	0.94	0.96	1.0	1.0	0.96	1.0	0.96	1.0
10250	0.98	1.0	1.0	0.98	1.0	1.0	0.98	1.0	0.94	0.98	1.0	1.0	0.96	1.0	0.96	1.0
10300	0.98	1.0	1.0	0.98	1.0	1.0	0.98	1.0	0.94	0.98	1.0	1.0	0.96	1.0	0.96	1.0
10350	0.98	1.0	1.0	0.98	1.0	1.0	0.96	1.0	0.94	0.98	1.0	1.0	0.96	1.0	0.96	1.0
10400	0.98	1.0	1.0	0.98	1.0	1.0	0.96	1.0	0.94	0.98	1.0	1.0	0.96	1.0	0.94	1.0
10450	1.0	1.0	1.0	0.98	1.0	1.0	0.94	1.0	0.96	0.98	1.0	1.0	0.98	1.0	0.94	1.0
10500	1.0	1.0	0.98	0.98	1.0	1.0	0.94	1.0	0.96	0.96	1.0	1.0	0.98	1.0	0.94	1.0
10550	1.0	1.0	0.98	0.98	1.0	1.0	0.94	1.0	0.96	0.96	1.0	1.0	0.98	1.0	0.94	1.0
10600	1.0	1.0	0.98	0.98	1.0	1.0	0.94	1.0	0.96	0.96	1.0	1.0	0.98	1.0	0.94	1.0
10650	1.0	1.0	0.98	0.98	1.0	1.0	0.94	1.0	0.96	0.96	1.0	1.0	0.98	1.0	0.98	1.0
10700	1.0	1.0	0.98	0.98	1.0	1.0	0.94	1.0	0.96	0.96	1.0	1.0	0.98	0.98	0.98	1.0
10750	1.0	1.0	0.98	0.98	1.0	1.0	0.94	1.0	0.98	0.96	1.0	1.0	0.98	0.98	0.98	1.0
10800	1.0	1.0	0.98	1.0	1.0	0.98	0.92	1.0	0.98	0.96	1.0	1.0	0.98	0.98	0.98	1.0
10850	1.0	1.0	0.98	1.0	1.0	0.96	0.92	1.0	0.98	0.96	1.0	0.98	0.98	0.98	0.98	1.0
10900	1.0	1.0	0.98	1.0	1.0	0.96	0.92	1.0	0.98	0.96	1.0	0.98	0.98	0.98	0.98	1.0
10950	1.0	1.0	0.98	1.0	1.0	0.96	0.94	1.0	0.98	0.96	1.0	0.98	0.98	0.98	0.98	1.0
11000	1.0	1.0	0.96	1.0	1.0	0.96	0.94	1.0	0.96	0.96	1.0	0.98	0.98	0.98	0.98	1.0
11050	1.0	1.0	0.96	1.0	1.0	0.96	0.94	1.0	0.98	0.94	1.0	0.98	1.0	0.98	0.98	1.0
11100	1.0	1.0	0.96	1.0	1.0	0.96	0.94	1.0	0.98	0.94	1.0	0.98	0.98	0.98	0.98	1.0
11150	1.0	1.0	0.96	1.0	1.0	0.96	0.94	1.0	0.98	0.94	1.0	0.98	0.98	0.98	0.98	1.0
11200	1.0	1.0	0.96	1.0	1.0	0.96	0.94	1.0	0.98	0.94	1.0	0.98	0.98	0.98	1.0	1.0
11250	1.0	1.0	0.96	1.0	1.0	0.94	0.94	1.0	0.98	0.96	1.0	0.98	0.98	0.98	1.0	1.0
11300	1.0	1.0	0.96	1.0	1.0	0.94	0.92	0.98	0.98	0.96	1.0	0.98	0.98	0.98	1.0	1.0
11350	1.0	1.0	0.96	1.0	1.0	0.94	0.92	0.98	0.98	0.98	1.0	0.98	0.98	0.98	1.0	1.0
11400	1.0	1.0	0.96	1.0	1.0	0.94	0.92	0.98	0.98	0.96	1.0	0.98	0.98	0.98	1.0	1.0
11450	1.0	1.0	0.98	1.0	1.0	0.94	0.92	0.98	0.98	0.96	1.0	0.98	0.98	0.98	1.0	1.0
11500	1.0	1.0	0.98	1.0	1.0	0.94	0.94	0.98	0.98	0.94	1.0	1.0	0.98	0.98	1.0	1.0
11550	1.0	1.0	0.98	1.0	1.0	0.96	0.94	0.98	0.98	0.94	1.0	1.0	0.98	0.98	1.0	1.0
11600	1.0	0.98	0.98	1.0	1.0	0.98	0.94	0.98	0.98	0.94	1.0	1.0	0.98	1.0	1.0	1.0
11650	1.0	0.98	0.96	1.0	1.0	0.98	0.94	0.98	0.98	0.92	1.0	1.0	0.98	1.0	1.0	1.0
11700	1.0	0.98	0.96	1.0	1.0	0.96	0.94	0.98	0.98	0.92	1.0	1.0	0.98	1.0	1.0	1.0
11750	1.0	0.98	0.96	1.0	1.0	0.96	0.94	0.98	0.98	0.92	0.98	1.0	0.98	1.0	1.0	1.0
11800	1.0	0.98	0.98	1.0	1.0	0.94	0.96	0.98	0.98	0.94	0.98	1.0	0.98	1.0	1.0	1.0
11850	1.0	0.98	0.98	1.0	1.0	0.92	0.96	0.98	0.98	0.94	0.98	1.0	1.0	1.0	1.0	1.0
11900	1.0	0.98	0.98	1.0	1.0	0.94	0.98	0.98	0.96	0.94	0.98	1.0	1.0	1.0	1.0	1.0
11950	1.0	0.98	0.98	1.0	1.0	0.94	1.0	0.98	0.96	0.94	0.98	1.0	1.0	1.0	1.0	1.0
12000	1.0	0.98	0.98	1.0	1.0	0.92	1.0	0.98	0.98	0.94	0.98	1.0	1.0	1.0	1.0	1.0
12050	1.0	0.98	0.98	1.0	1.0	0.92	1.0	0.98	0.98	0.94	0.98	0.98	1.0	1.0	1.0	1.0
12100	1.0	0.98	0.98	1.0	1.0	0.92	1.0	0.98	0.98	0.94	0.96	0.98	0.98	1.0	1.0	1.0
12150	1.0	0.98	0.98	1.0	1.0	0.92	1.0	0.98	0.98	0.94	0.96	0.98	0.98	1.0	1.0	1.0
12200	1.0	1.0	0.98	1.0	1.0	0.92	1.0	1.0	0.98	0.94	0.96	0.98	0.96	1.0	1.0	1.0
12250	1.0	1.0	0.98	1.0	1.0	0.92	1.0	1.0	0.98	0.94	0.96	0.98	0.96	1.0	1.0	1.0
12300	1.0	1.0	0.98	1.0	1.0	0.94	0.98	1.0	0.98	0.94	0.96	0.98	0.96	1.0	1.0	1.0
12350	1.0	1.0	1.0	1.0	1.0	0.94	0.98	1.0	0.98	0.96	0.96	0.98	0.96	1.0	1.0	1.0
12400	1.0	1.0	1.0	1.0	1.0	0.94	0.98	0.98	0.98	0.96	0.96	0.98	0.96	1.0	1.0	1.0
12450	1.0	1.0	1.0	1.0	1.0	0.98	0.98	0.98	0.98	0.94	0.98	0.98	0.96	1.0	1.0	1.0
12500	1.0	1.0	1.0	1.0	1.0	0.98	0.98	0.98	0.98	0.96	0.98	0.98	0.94	1.0	1.0	1.0
12550	1.0	1.0	1.0	1.0	1.0	0.98	0.98	0.98	0.98	0.96	0.98	0.98	0.94	1.0	1.0	1.0
12600	1.0	1.0	1.0	1.0	1.0	1.0	0.96	0.98	0.98	0.98	0.98	0.98	0.94	1.0	1.0	1.0
12650	1.0	1.0	1.0	1.0	1.0	1.0	0.96	0.98	0.98	0.98	0.96	0.98	0.94	1.0	1.0	1.0
12700	1.0	1.0	1.0	1.0	0.98	1.0	0.96	0.98	0.98	0.98	0.96	0.98	0.94	1.0	0.98	1.0
12750	1.0	1.0	1.0	1.0	0.96	1.0	0.96	0.98	0.98	0.98	0.96	0.98	0.94	1.0	0.98	1.0
12800	1.0	1.0	1.0	1.0	0.96	1.0	0.96	0.98	0.98	0.98	0.96	0.98	0.94	1.0	0.98	1.0
12850	1.0	1.0	1.0	1.0	0.96	1.0	0.96	0.98	0.98	0.98	0.96	0.98	0.94	1.0	0.98	1.0
12900	1.0	1.0	1.0	1.0	0.94	1.0	0.96	0.98	0.98	0.98	0.96	0.98	0.94	1.0	0.98	1.0
12950	1.0	1.0	1.0	1.0	0.94	1.0	0.96	0.98	1.0	0.98	0.96	1.0	0.94	1.0	0.98	1.0
13000	1.0	1.0	1.0	1.0	0.94	1.0	0.96	0.98	1.0	0.96	0.96	1.0	0.96	1.0	0.98	1.0
13050	1.0	1.0	1.0	1.0	0.94	1.0	0.98	1.0	1.0	0.96	0.96	1.0	0.92	1.0	0.98	1.0
13100	1.0	1.0	1.0	1.0	0.94	1.0	0.98	1.0	1.0	0.96	0.96	1.0	0.92	1.0	0.98	1.0
13150	1.0	1.0	1.0	0.98	0.94	1.0	0.98	1.0	1.0	0.96	0.96	1.0	0.94	1.0	0.98	1.0
13200	1.0	1.0	1.0	0.98	0.94	1.0	0.98	1.0	1.0	0.96	0.96	1.0	0.94	1.0	0.98	1.0
13250	1.0	1.0	1.0	0.98	0.94	1.0	1.0	1.0	1.0	0.96	0.94	1.0	0.94	0.98	0.98	1.0
13300	1.0	1.0	0.98	0.98	0.94	1.0	1.0	1.0	1.0	0.96	0.96	1.0	0.94	0.98	0.98	1.0
13350	1.0	0.98	0.98	0.98	0.92	1.0	1.0	1.0	1.0	0.96	0.96	1.0	0.94	0.98	0.98	1.0
13400	1.0	0.98	0.98	0.98	0.92	1.0	0.98	1.0	1.0	0.98	0.96	0.98	0.94	0.98	0.98	1.0
13450	1.0	0.98	0.98	0.98	0.92	1.0	0.98	1.0	1.0	0.98	0.96	0.98	0.94	0.98	0.98	1.0
13500	1.0	0.98	0.98	0.98	0.92	1.0	0.98	1.0	1.0	0.98	0.98	0.98	0.94	0.98	0.98	1.0
13550	1.0	0.98	0.98	0.98	0.92	1.0	0.98	1.0	1.0	0.98	0.98	0.98	0.94	0.98	0.98	1.0
13600	1.0	0.98	0.98	0.98	0.92	1.0	0.98	1.0	1.0	0.98	0.98	0.98	0.94	0.98	1.0	1.0
13650	1.0	0.98	0.98	0.96	0.92	1.0	0.98	1.0	1.0	0.98	0.98	0.98	0.94	0.98	1.0	1.0
13700	1.0	0.98	0.98	0.96	0.94	1.0	0.98	1.0	1.0	0.98	0.98	0.98	0.94	0.98	1.0	1.0
13750	1.0	0.98	0.98	0.96	0.96	1.0	0.98	1.0	1.0	0.98	0.98	0.98	0.94	0.98	1.0	1.0
13800	1.0	0.98	0.98	0.98	0.96	1.0	0.96	1.0	1.0	0.98	0.98	0.98	0.94	0.98	1.0	1.0
13850	1.0	0.98	0.98	0.98	0.96	1.0	0.96	1.0	1.0	0.98	0.98	0.98	0.92	0.98	1.0	1.0
13900	1.0	0.98	1.0	0.98	0.96	1.0	0.94	1.0	1.0	1.0	0.98	0.98	0.94	0.98	1.0	1.0
13950	1.0	0.98	1.0	0.98	0.96	1.0	0.94	1.0	1.0	1.0	0.98	0.98	0.98	0.98	1.0	1.0
14000	1.0	0.98	1.0	0.98	0.96	1.0	0.94	1.0	1.0	1.0	0.98	0.98	0.98	0.98	1.0	1.0
14050	1.0	0.98	0.98	0.98	0.94	1.0	0.92	1.0	0.98	0.98	0.98	0.98	0.98	0.98	1.0	1.0
14100	1.0	0.98	0.96	0.98	0.96	1.0	0.92	1.0	0.98	0.96	0.98	0.98	0.98	1.0	1.0	1.0
14150	1.0	0.98	0.96	0.98	0.96	1.0	0.94	1.0	0.98	0.96	0.98	1.0	0.98	1.0	1.0	1.0
14200	1.0	1.0	0.96	0.98	0.96	1.0	0.94	1.0	0.98	0.96	0.98	1.0	0.96	1.0	1.0	1.0
14250	1.0	1.0	0.96	0.98	0.96	1.0	0.94	1.0	0.98	0.96	0.98	1.0	0.96	1.0	1.0	1.0
14300	1.0	1.0	0.96	0.98	0.96	1.0	0.94	1.0	0.98	0.92	0.98	1.0	0.94	1.0	0.98	1.0
14350	1.0	1.0	0.96	0.98	0.94	1.0	0.94	1.0	0.98	0.92	1.0	1.0	0.94	1.0	0.98	1.0
14400	1.0	1.0	0.96	0.98	0.94	1.0	0.94	1.0	0.98	0.92	1.0	1.0	0.96	1.0	0.98	1.0
14450	1.0	1.0	0.96	0.98	0.94	1.0	0.96	1.0	0.98	0.92	1.0	1.0	0.96	0.98	0.98	1.0
14500	1.0	1.0	0.96	1.0	0.96	1.0	0.96	1.0	0.98	0.92	1.0	1.0	0.96	0.98	0.98	1.0
14550	1.0	1.0	0.96	1.0	0.96	1.0	0.98	1.0	0.98	0.9	1.0	1.0	0.96	0.98	0.98	1.0
14600	1.0	1.0	0.96	0.98	0.96	1.0	0.98	1.0	0.98	0.9	1.0	1.0	0.96	0.98	0.98	1.0
14650	0.98	1.0	0.96	0.98	0.96	1.0	1.0	1.0	0.98	0.9	1.0	1.0	0.96	0.98	0.98	1.0
14700	0.98	1.0	0.96	0.98	0.96	1.0	1.0	1.0	0.98	0.9	1.0	1.0	0.96	0.98	0.98	1.0
14750	0.98	1.0	0.96	0.98	0.96	1.0	1.0	1.0	0.98	0.9	1.0	1.0	0.96	0.98	0.98	1.0
14800	0.98	1.0	0.96	0.98	0.98	1.0	1.0	1.0	0.98	0.92	1.0	1.0	0.96	0.98	0.98	0.98
14850	0.98	1.0	0.98	0.98	0.98	1.0	1.0	1.0	1.0	0.92	1.0	1.0	0.96	0.98	0.98	0.98
14900	0.98	1.0	1.0	0.98	0.98	1.0	1.0	1.0	1.0	0.94	1.0	1.0	0.96	0.98	0.98	0.98
14950	0.98	1.0	1.0	0.98	0.98	1.0	0.98	1.0	1.0	0.94	1.0	1.0	0.96	0.98	0.98	0.98
15000	0.98	1.0	1.0	0.98	0.98	1.0	0.98	1.0	1.0	0.94	1.0	1.0	0.98	0.98	0.98	0.98
15050	0.98	1.0	1.0	0.98	0.98	1.0	0.98	1.0	1.0	0.94	1.0	1.0	0.98	0.98	0.96	0.98
15100	0.98	1.0	1.0	0.98	0.98	1.0	0.98	1.0	1.0	0.94	1.0	1.0	0.98	0.98	0.96	0.98
15150	0.98	1.0	0.98	0.98	0.96	1.0	0.98	1.0	1.0	0.94	0.98	1.0	0.98	1.0	0.96	0.98
15200	0.98	1.0	0.98	0.98	0.96	1.0	0.98	1.0	1.0	0.94	0.98	1.0	1.0	1.0	0.98	0.98
15250	0.98	1.0	0.98	1.0	0.96	1.0	0.98	1.0	1.0	0.94	0.98	1.0	1.0	1.0	0.98	0.98
15300	0.98	1.0	0.98	1.0	0.98	1.0	0.98	1.0	1.0	0.96	0.98	1.0	1.0	1.0	0.98	0.98
15350	0.98	1.0	0.98	1.0	0.98	1.0	0.98	1.0	0.98	0.98	0.98	1.0	1.0	1.0	0.98	0.98
15400	0.98	1.0	0.96	1.0	0.98	1.0	0.98	1.0	0.96	0.98	0.98	1.0	1.0	1.0	0.98	0.98
15450	0.98	1.0	0.96	1.0	0.98	1.0	0.98	1.0	0.94	0.98	0.98	1.0	1.0	1.0	0.98	0.98
15500	0.98	1.0	0.96	1.0	0.98	1.0	0.98	1.0	0.94	0.98	0.98	1.0	1.0	1.0	0.98	1.0
15550	0.98	1.0	0.96	1.0	0.98	1.0	0.96	1.0	0.94	0.98	0.98	1.0	0.98	1.0	0.98	1.0
15600	1.0	1.0	0.96	1.0	0.98	1.0	0.98	1.0	0.94	0.98	0.98	1.0	0.98	1.0	0.98	1.0
15650	1.0	1.0	0.96	1.0	0.98	1.0	0.96	1.0	0.94	0.98	0.98	1.0	0.98	1.0	0.98	1.0
15700	1.0	1.0	0.96	1.0	0.98	0.98	0.92	1.0	0.94	0.96	0.98	1.0	0.98	1.0	0.98	1.0
15750	1.0	1.0	0.96	1.0	0.98	0.98	0.92	1.0	0.94	0.96	0.98	1.0	0.98	1.0	0.98	1.0
15800	1.0	1.0	0.96	1.0	0.98	0.98	0.92	1.0	0.94	0.96	0.98	1.0	0.98	1.0	1.0	1.0
15850	1.0	1.0	0.96	1.0	0.98	0.98	0.92	1.0	0.94	0.96	0.98	1.0	0.98	1.0	1.0	1.0
15900	1.0	1.0	0.96	1.0	0.98	0.98	0.92	1.0	0.92	0.96	0.98	1.0	0.98	1.0	1.0	1.0
15950	1.0	1.0	0.96	1.0	0.98	0.98	0.92	1.0	0.92	0.96	0.98	1.0	0.96	1.0	1.0	1.0
16000	1.0	1.0	0.96	1.0	1.0	0.98	0.92	1.0	0.94	0.96	0.98	1.0	0.96	1.0	1.0	1.0
16050	1.0	1.0	0.96	1.0	1.0	0.98	0.92	1.0	0.94	0.96	0.98	1.0	0.96	1.0	1.0	1.0
16100	1.0	1.0	0.96	1.0	1.0	0.98	0.92	1.0	0.96	0.96	0.98	1.0	0.96	1.0	1.0	1.0
16150	1.0	1.0	0.96	1.0	1.0	0.98	0.92	1.0	0.98	0.96	0.98	1.0	0.96	1.0	1.0	1.0
16200	1.0	1.0	0.98	1.0	1.0	0.98	0.92	1.0	0.98	0.96	0.98	1.0	0.96	1.0	1.0	1.0
16250	1.0	1.0	0.98	1.0	1.0	0.96	0.92	1.0	0.98	0.96	0.98	1.0	0.96	1.0	1.0	1.0
16300	1.0	1.0	0.98	1.0	1.0	0.96	0.94	1.0	0.98	0.96	0.98	1.0	0.96	1.0	0.98	1.0
16350	1.0	1.0	0.98	0.98	1.0	0.96	0.94	1.0	0.98	0.96	0.98	1.0	0.98	1.0	0.98	1.0
16400	1.0	1.0	0.94	0.98	1.0	0.98	0.94	1.0	0.96	0.96	0.98	1.0	0.98	1.0	0.98	1.0
16450	1.0	1.0	0.94	0.98	1.0	0.98	0.94	1.0	0.96	0.96	0.98	1.0	0.98	1.0	0.98	1.0
16500	1.0	1.0	0.94	0.98	1.0	0.98	0.96	1.0	0.96	0.98	0.98	1.0	0.98	1.0	0.98	1.0
16550	1.0	1.0	0.94	0.98	0.98	0.98	1.0	1.0	0.96	0.98	0.98	1.0	0.98	1.0	0.98	0.98
16600	1.0	1.0	0.94	0.98	0.98	0.98	1.0	1.0	0.94	0.98	0.98	1.0	0.98	1.0	0.98	0.98
16650	1.0	1.0	0.94	0.98	0.98	0.98	0.98	1.0	0.94	1.0	0.96	1.0	0.98	1.0	0.98	0.98
16700	1.0	1.0	0.94	0.98	0.98	0.98	0.98	1.0	0.94	0.98	0.96	1.0	1.0	1.0	0.98	0.98
16750	1.0	1.0	0.96	0.98	0.98	0.98	0.98	1.0	0.94	0.98	0.96	1.0	1.0	1.0	0.98	0.98
16800	1.0	1.0	0.96	0.98	0.98	0.98	0.98	1.0	0.94	0.96	0.96	1.0	0.98	1.0	0.98	0.98
16850	1.0	1.0	0.96	0.98	0.98	0.98	0.98	1.0	0.92	0.96	0.96	1.0	0.98	1.0	0.98	0.98
16900	1.0	1.0	0.96	0.98	0.98	1.0	0.98	1.0	0.9	0.96	0.96	1.0	0.98	1.0	0.98	0.98
16950	1.0	1.0	0.96	0.98	0.98	1.0	0.98	1.0	0.9	0.96	0.94	1.0	0.96	0.98	0.98	0.98
17000	1.0	1.0	0.96	0.98	0.98	1.0	0.98	1.0	0.92	0.96	0.94	1.0	0.96	0.98	0.98	0.98
17050	1.0	1.0	0.96	0.98	0.98	1.0	0.98	1.0	0.92	0.96	0.94	1.0	0.96	0.98	0.98	0.98
17100	1.0	1.0	0.96	0.98	0.98	1.0	0.98	1.0	0.92	0.96	0.94	1.0	0.96	0.98	0.98	0.98
17150	1.0	1.0	0.96	1.0	0.98	1.0	0.98	1.0	0.92	0.96	0.94	1.0	0.96	0.98	0.98	0.98
17200	1.0	1.0	0.96	1.0	0.98	1.0	0.98	1.0	0.92	0.96	0.94	1.0	0.94	0.98	1.0	0.98
17250	1.0	1.0	0.96	1.0	0.98	1.0	1.0	1.0	0.94	0.96	0.92	1.0	0.94	0.98	1.0	0.98
17300	1.0	1.0	1.0	1.0	0.98	1.0	1.0	1.0	0.92	0.96	0.92	1.0	0.94	0.98	1.0	0.98
17350	1.0	1.0	1.0	1.0	1.0	1.0	1.0	1.0	0.94	0.96	0.92	0.98	0.94	0.96	1.0	1.0
17400	1.0	1.0	0.98	1.0	1.0	1.0	1.0	1.0	0.94	0.96	0.94	0.98	0.94	0.96	1.0	1.0
17450	1.0	1.0	0.98	1.0	0.98	1.0	1.0	1.0	0.94	0.96	0.94	0.98	0.94	0.94	1.0	1.0
17500	1.0	1.0	0.98	1.0	0.98	1.0	1.0	0.98	0.94	0.96	0.94	0.98	0.94	0.94	1.0	1.0
17550	1.0	1.0	0.98	1.0	0.98	1.0	1.0	0.98	0.94	0.96	0.96	0.98	0.94	0.94	1.0	1.0
17600	1.0	1.0	0.98	1.0	0.98	1.0	1.0	0.98	0.94	0.96	0.96	0.98	0.96	0.94	1.0	1.0
17650	1.0	1.0	0.98	1.0	0.98	1.0	1.0	0.98	0.94	0.98	0.96	0.98	0.96	0.94	1.0	1.0
17700	1.0	1.0	0.98	1.0	0.96	1.0	1.0	0.98	0.94	0.98	0.98	0.98	0.96	0.9	1.0	1.0
17750	1.0	1.0	0.98	1.0	0.96	1.0	1.0	0.98	0.96	1.0	0.98	0.98	0.96	0.92	1.0	1.0
17800	1.0	1.0	0.98	1.0	0.96	0.98	1.0	0.98	0.96	1.0	0.98	0.98	0.96	0.92	1.0	1.0
17850	1.0	1.0	0.98	1.0	0.96	0.98	1.0	0.98	0.96	1.0	0.98	0.98	0.96	0.92	1.0	1.0
17900	1.0	1.0	0.98	1.0	0.94	0.98	1.0	0.96	0.96	0.98	0.98	0.98	0.98	0.92	1.0	1.0
17950	1.0	1.0	0.98	1.0	0.94	0.98	1.0	0.96	0.94	0.98	0.98	0.98	0.98	0.92	1.0	1.0
18000	1.0	1.0	0.98	1.0	0.94	0.98	1.0	0.96	0.94	0.98	1.0	0.98	0.94	0.92	1.0	1.0
18050	1.0	1.0	0.98	1.0	0.94	0.98	1.0	0.96	0.94	0.96	1.0	0.98	0.94	0.92	1.0	1.0
18100	1.0	1.0	0.98	1.0	0.94	0.98	1.0	0.96	0.94	0.96	0.98	0.98	0.94	0.94	1.0	1.0
18150	1.0	1.0	0.98	1.0	0.94	0.98	1.0	0.96	0.94	0.96	0.98	0.98	0.94	0.94	1.0	1.0
18200	1.0	1.0	0.98	1.0	0.92	0.98	1.0	0.96	0.94	0.94	0.98	0.98	0.94	0.96	1.0	1.0
18250	1.0	1.0	1.0	1.0	0.92	0.96	1.0	0.96	0.96	0.94	0.98	0.98	0.94	0.96	1.0	1.0
18300	1.0	1.0	0.98	1.0	0.94	0.96	0.98	0.98	0.96	0.94	0.98	0.98	0.94	0.96	1.0	1.0
18350	1.0	1.0	0.98	1.0	0.96	0.96	0.98	0.98	0.96	0.94	0.98	0.98	0.94	0.96	0.98	1.0
18400	1.0	1.0	0.98	1.0	0.96	0.96	0.98	0.98	0.96	0.94	0.98	1.0	0.96	0.96	0.98	1.0
18450	1.0	1.0	0.96	1.0	0.96	0.96	0.96	0.96	0.96	0.94	0.98	1.0	0.94	0.96	0.98	1.0
18500	1.0	1.0	0.96	1.0	0.98	0.98	0.96	0.96	0.96	0.94	0.98	1.0	0.94	0.98	0.98	1.0
18550	1.0	1.0	0.94	1.0	0.98	0.98	0.96	0.96	0.96	0.94	0.98	1.0	0.94	1.0	0.98	1.0
18600	1.0	1.0	0.94	1.0	0.98	0.98	0.96	0.96	0.96	0.94	0.98	1.0	0.92	1.0	0.98	1.0
18650	1.0	1.0	0.94	1.0	0.98	0.98	0.96	0.96	0.98	0.94	0.98	1.0	0.92	1.0	0.98	1.0
18700	1.0	1.0	0.94	1.0	0.98	0.98	0.96	0.98	1.0	0.94	0.98	1.0	0.92	1.0	0.98	1.0
18750	1.0	1.0	0.94	1.0	0.98	0.98	0.96	0.98	1.0	0.94	0.98	1.0	0.92	1.0	0.98	1.0
18800	1.0	1.0	0.94	1.0	1.0	0.98	0.96	0.98	1.0	0.94	0.98	1.0	0.92	1.0	0.98	1.0
18850	1.0	1.0	0.94	1.0	1.0	0.98	0.96	0.98	1.0	0.96	0.98	1.0	0.92	1.0	0.98	1.0
18900	1.0	1.0	0.96	1.0	1.0	0.98	0.96	0.98	1.0	0.98	1.0	1.0	0.94	1.0	0.98	1.0
18950	1.0	1.0	0.96	1.0	0.98	0.98	0.96	0.98	1.0	0.98	1.0	1.0	0.96	1.0	0.98	1.0
19000	1.0	1.0	0.96	1.0	0.98	0.98	0.98	0.98	1.0	0.98	1.0	0.98	0.96	0.98	0.98	1.0
19050	1.0	1.0	0.98	1.0	0.98	0.98	0.98	0.98	1.0	0.98	1.0	0.98	0.96	0.98	0.98	1.0
19100	1.0	1.0	0.98	1.0	0.98	0.98	0.98	0.98	1.0	0.98	1.0	0.98	0.96	0.98	1.0	1.0
19150	0.98	1.0	0.98	1.0	0.98	1.0	0.98	0.98	1.0	1.0	1.0	0.98	0.96	0.98	1.0	1.0
19200	0.98	1.0	0.98	1.0	0.98	1.0	1.0	0.98	1.0	1.0	1.0	0.98	0.98	0.98	1.0	1.0
19250	0.98	1.0	0.98	1.0	0.98	1.0	0.98	1.0	1.0	0.98	1.0	0.98	0.98	0.96	1.0	1.0
19300	0.98	1.0	0.98	1.0	0.98	1.0	0.98	1.0	0.98	0.98	1.0	0.98	0.98	0.96	1.0	1.0
19350	0.98	1.0	1.0	1.0	0.98	1.0	0.98	1.0	0.98	0.98	1.0	0.98	0.98	0.94	1.0	1.0
19400	0.98	1.0	1.0	1.0	0.98	1.0	0.98	1.0	0.98	0.98	1.0	0.98	1.0	0.94	1.0	1.0
19450	0.98	1.0	1.0	1.0	0.98	1.0	0.98	1.0	0.98	0.98	1.0	0.98	1.0	0.94	1.0	1.0
19500	0.98	1.0	1.0	1.0	0.96	1.0	0.98	1.0	0.98	0.98	1.0	0.98	1.0	0.94	1.0	1.0
19550	0.98	0.98	1.0	1.0	0.96	1.0	0.98	1.0	0.98	0.98	1.0	0.98	1.0	0.94	1.0	1.0
19600	0.98	0.98	1.0	1.0	0.98	1.0	0.98	1.0	0.98	0.98	1.0	0.98	1.0	0.94	1.0	1.0
19650	0.98	0.98	1.0	1.0	0.98	0.98	0.98	1.0	0.98	0.98	1.0	0.98	1.0	0.94	1.0	1.0
19700	0.98	0.98	1.0	1.0	0.98	0.98	0.98	1.0	0.98	0.96	1.0	0.98	1.0	0.94	1.0	1.0
19750	0.98	0.98	1.0	1.0	0.98	0.98	0.98	1.0	0.98	0.94	1.0	0.98	1.0	0.94	1.0	1.0
19800	0.98	0.98	1.0	1.0	0.98	0.98	0.98	1.0	0.98	0.94	0.98	0.98	1.0	0.94	1.0	1.0
19850	0.98	0.98	1.0	1.0	0.98	0.98	0.98	1.0	0.98	0.94	0.98	1.0	1.0	0.92	1.0	1.0
19900	0.98	0.98	1.0	0.98	0.98	0.98	0.98	1.0	0.98	0.94	0.98	1.0	1.0	0.94	1.0	1.0
19950	0.98	0.98	1.0	0.98	0.98	0.98	0.98	1.0	0.98	0.94	0.98	1.0	1.0	0.94	1.0	1.0
20000	0.98	0.98	1.0	0.98	0.98	0.98	0.98	1.0	0.98	0.94	0.98	1.0	1.0	0.94	1.0	1.0
