0	0.0	0.0	0.0	0.0	0.0	0.0	0.0	0.0	0.0	0.0	0.0	0.0	0.0	0.0	0.0	0.0
50	0.0	0.0	0.0	0.0	0.0	0.0	0.0	0.0	0.0	0.0	0.0	0.0	0.0	0.0	0.0	0.0
100	0.0	0.0	0.0	0.0	0.0	0.0	0.0	0.0	0.0	0.0	0.0	0.0	0.0	0.0	0.0	0.0
150	0.0	0.0	0.0	0.1	0.153846153846	0.0	0.0	0.0	0.0	0.0588235294118	0.0	0.0625	0.0	0.0	0.0	0.0
200	0.0333333333333	0.0	0.0	0.0833333333333	0.1	0.0	0.0	0.0434782608696	0.0	0.05	0.0740740740741	0.0714285714286	0.0	0.0	0.0285714285714	0.0
250	0.025641025641	0.0285714285714	0.0	0.0645161290323	0.12	0.0	0.0	0.0333333333333	0.0	0.0769230769231	0.0833333333333	0.0625	0.0	0.0	0.0238095238095	0.0
300	0.047619047619	0.046511627907	0.030303030303	0.0857142857143	0.133333333333	0.0	0.0	0.025	0.0	0.0882352941176	0.0697674418605	0.075	0.0232558139535	0.0	0.0212765957447	0.0
350	0.0425531914894	0.04	0.0512820512821	0.0952380952381	0.105263157895	0.0	0.0	0.0425531914894	0.0	0.0975609756098	0.06	0.1	0.0208333333333	0.0	0.02	0.0
400	0.04	0.06	0.05	0.127659574468	0.0888888888889	0.025	0.0222222222222	0.04	0.025	0.104166666667	0.08	0.12	0.02	0.0	0.02	0.0222222222222
450	0.06	0.14	0.08	0.16	0.12	0.0888888888889	0.0408163265306	0.1	0.0434782608696	0.14	0.12	0.14	0.04	0.02	0.02	0.06
500	0.1	0.14	0.08	0.18	0.1	0.12	0.06	0.08	0.04	0.18	0.12	0.14	0.08	0.02	0.02	0.06
550	0.12	0.16	0.12	0.16	0.1	0.12	0.12	0.1	0.06	0.18	0.1	0.14	0.12	0.06	0.02	0.06
600	0.14	0.16	0.12	0.2	0.14	0.12	0.14	0.12	0.08	0.16	0.08	0.14	0.12	0.1	0.0	0.1
650	0.2	0.18	0.16	0.2	0.1	0.14	0.14	0.12	0.1	0.16	0.1	0.14	0.12	0.18	0.0	0.12
700	0.24	0.2	0.16	0.2	0.14	0.14	0.16	0.1	0.12	0.16	0.12	0.16	0.14	0.2	0.0	0.16
750	0.26	0.22	0.18	0.2	0.2	0.2	0.16	0.1	0.12	0.12	0.12	0.14	0.14	0.22	0.0	0.18
800	0.26	0.22	0.22	0.24	0.2	0.24	0.14	0.14	0.14	0.1	0.12	0.16	0.16	0.24	0.0	0.2
850	0.26	0.18	0.2	0.24	0.2	0.22	0.12	0.1	0.12	0.06	0.1	0.18	0.2	0.24	0.02	0.24
900	0.24	0.2	0.22	0.22	0.22	0.18	0.16	0.1	0.12	0.06	0.12	0.14	0.22	0.28	0.06	0.2
950	0.18	0.22	0.22	0.22	0.22	0.16	0.22	0.1	0.12	0.06	0.12	0.12	0.26	0.3	0.08	0.22
1000	0.14	0.2	0.18	0.18	0.2	0.18	0.22	0.12	0.12	0.12	0.12	0.16	0.24	0.26	0.1	0.22
1050	0.14	0.2	0.18	0.18	0.24	0.18	0.26	0.14	0.12	0.18	0.14	0.18	0.28	0.26	0.14	0.2
1100	0.16	0.2	0.2	0.24	0.24	0.2	0.24	0.16	0.1	0.16	0.14	0.2	0.28	0.26	0.16	0.22
1150	0.14	0.24	0.16	0.22	0.26	0.24	0.24	0.18	0.1	0.18	0.1	0.24	0.3	0.26	0.18	0.24
1200	0.12	0.22	0.2	0.24	0.22	0.24	0.26	0.12	0.1	0.22	0.1	0.22	0.28	0.24	0.2	0.22
1250	0.1	0.22	0.22	0.28	0.2	0.26	0.24	0.14	0.08	0.2	0.12	0.22	0.3	0.26	0.22	0.26
1300	0.12	0.26	0.2	0.28	0.22	0.36	0.26	0.18	0.08	0.24	0.14	0.24	0.3	0.26	0.22	0.26
1350	0.16	0.3	0.2	0.24	0.2	0.42	0.26	0.24	0.12	0.2	0.18	0.26	0.3	0.22	0.24	0.28
1400	0.22	0.26	0.2	0.26	0.24	0.44	0.26	0.24	0.12	0.16	0.16	0.28	0.28	0.24	0.28	0.32
1450	0.22	0.28	0.18	0.28	0.22	0.44	0.3	0.24	0.1	0.14	0.12	0.26	0.32	0.22	0.28	0.32
1500	0.22	0.3	0.18	0.24	0.24	0.4	0.3	0.26	0.18	0.18	0.14	0.24	0.3	0.22	0.3	0.34
1550	0.2	0.28	0.18	0.2	0.24	0.36	0.28	0.26	0.24	0.2	0.22	0.22	0.32	0.22	0.26	0.34
1600	0.22	0.3	0.14	0.22	0.26	0.34	0.32	0.28	0.24	0.22	0.22	0.22	0.3	0.22	0.26	0.34
1650	0.24	0.32	0.14	0.18	0.32	0.3	0.32	0.28	0.2	0.22	0.22	0.24	0.28	0.24	0.24	0.34
1700	0.24	0.3	0.14	0.16	0.3	0.3	0.36	0.38	0.18	0.22	0.2	0.24	0.32	0.22	0.24	0.32
1750	0.22	0.34	0.16	0.14	0.32	0.28	0.38	0.4	0.2	0.2	0.26	0.24	0.32	0.22	0.26	0.3
1800	0.22	0.3	0.16	0.14	0.28	0.26	0.4	0.36	0.22	0.16	0.28	0.22	0.34	0.3	0.24	0.28
1850	0.22	0.32	0.18	0.18	0.3	0.3	0.4	0.36	0.24	0.16	0.24	0.24	0.34	0.34	0.26	0.24
1900	0.24	0.32	0.2	0.18	0.28	0.38	0.5	0.38	0.24	0.14	0.22	0.26	0.38	0.32	0.28	0.22
1950	0.28	0.34	0.24	0.24	0.3	0.4	0.58	0.42	0.24	0.2	0.24	0.28	0.36	0.34	0.26	0.18
2000	0.3	0.34	0.24	0.26	0.28	0.34	0.54	0.4	0.2	0.24	0.24	0.28	0.4	0.4	0.24	0.16
2050	0.26	0.32	0.24	0.3	0.34	0.38	0.52	0.4	0.2	0.26	0.28	0.3	0.42	0.4	0.26	0.12
2100	0.26	0.34	0.24	0.3	0.34	0.38	0.52	0.38	0.22	0.28	0.32	0.28	0.44	0.38	0.26	0.14
2150	0.3	0.28	0.3	0.4	0.34	0.38	0.6	0.34	0.26	0.26	0.28	0.24	0.42	0.38	0.28	0.08
2200	0.32	0.28	0.28	0.4	0.32	0.4	0.62	0.34	0.26	0.24	0.28	0.2	0.4	0.36	0.24	0.1
2250	0.32	0.3	0.28	0.4	0.38	0.38	0.6	0.34	0.24	0.24	0.28	0.2	0.44	0.3	0.26	0.1
2300	0.3	0.36	0.34	0.38	0.36	0.42	0.54	0.32	0.22	0.22	0.26	0.16	0.4	0.3	0.24	0.12
2350	0.26	0.38	0.36	0.38	0.32	0.44	0.58	0.28	0.24	0.2	0.28	0.2	0.42	0.3	0.24	0.12
2400	0.22	0.36	0.34	0.36	0.3	0.44	0.58	0.26	0.2	0.12	0.3	0.28	0.42	0.24	0.24	0.12
2450	0.22	0.4	0.34	0.38	0.22	0.42	0.58	0.3	0.22	0.12	0.32	0.3	0.4	0.3	0.24	0.18
2500	0.18	0.4	0.32	0.34	0.22	0.34	0.58	0.28	0.22	0.1	0.3	0.28	0.38	0.3	0.24	0.16
2550	0.2	0.36	0.34	0.34	0.22	0.3	0.5	0.3	0.16	0.16	0.26	0.28	0.34	0.34	0.24	0.2
2600	0.22	0.34	0.3	0.34	0.24	0.36	0.48	0.3	0.2	0.18	0.26	0.28	0.36	0.36	0.24	0.24
2650	0.22	0.34	0.26	0.3	0.24	0.3	0.48	0.3	0.18	0.16	0.24	0.26	0.34	0.36	0.24	0.22
2700	0.28	0.3	0.3	0.34	0.2	0.32	0.5	0.3	0.22	0.2	0.22	0.24	0.36	0.38	0.24	0.26
2750	0.28	0.28	0.3	0.34	0.2	0.3	0.5	0.3	0.26	0.24	0.14	0.2	0.36	0.36	0.26	0.28
2800	0.26	0.3	0.3	0.3	0.18	0.3	0.46	0.22	0.24	0.22	0.12	0.14	0.42	0.36	0.26	0.26
2850	0.28	0.26	0.3	0.32	0.22	0.32	0.46	0.24	0.3	0.26	0.1	0.12	0.52	0.4	0.24	0.22
2900	0.34	0.28	0.36	0.3	0.24	0.38	0.4	0.24	0.3	0.26	0.1	0.1	0.56	0.4	0.22	0.24
2950	0.36	0.34	0.4	0.32	0.26	0.4	0.42	0.24	0.34	0.22	0.14	0.16	0.58	0.4	0.24	0.22
3000	0.34	0.34	0.44	0.34	0.2	0.38	0.38	0.24	0.38	0.22	0.16	0.18	0.52	0.36	0.22	0.18
3050	0.38	0.42	0.44	0.32	0.22	0.42	0.42	0.28	0.42	0.24	0.22	0.18	0.54	0.38	0.16	0.14
3100	0.38	0.44	0.4	0.34	0.26	0.42	0.42	0.28	0.4	0.26	0.26	0.18	0.54	0.42	0.14	0.2
3150	0.36	0.46	0.4	0.3	0.3	0.42	0.44	0.32	0.4	0.32	0.32	0.18	0.44	0.38	0.14	0.2
3200	0.42	0.52	0.4	0.3	0.3	0.42	0.46	0.32	0.38	0.3	0.32	0.16	0.44	0.42	0.12	0.26
3250	0.46	0.54	0.36	0.32	0.32	0.46	0.46	0.3	0.36	0.26	0.34	0.2	0.44	0.36	0.14	0.24
3300	0.46	0.54	0.38	0.3	0.34	0.4	0.46	0.32	0.36	0.26	0.32	0.16	0.44	0.34	0.14	0.24
3350	0.48	0.56	0.36	0.34	0.36	0.4	0.48	0.34	0.32	0.26	0.3	0.22	0.46	0.36	0.14	0.3
3400	0.46	0.5	0.3	0.34	0.34	0.46	0.48	0.34	0.32	0.3	0.28	0.28	0.46	0.32	0.12	0.32
3450	0.5	0.48	0.36	0.34	0.32	0.4	0.44	0.32	0.24	0.28	0.26	0.28	0.44	0.32	0.1	0.24
3500	0.46	0.48	0.38	0.32	0.26	0.42	0.46	0.3	0.24	0.3	0.26	0.28	0.5	0.34	0.1	0.26
3550	0.46	0.5	0.38	0.36	0.28	0.44	0.52	0.22	0.24	0.3	0.26	0.3	0.5	0.32	0.14	0.24
3600	0.44	0.5	0.32	0.36	0.26	0.44	0.48	0.18	0.26	0.26	0.24	0.34	0.46	0.34	0.12	0.22
3650	0.4	0.44	0.38	0.44	0.26	0.42	0.48	0.22	0.28	0.26	0.26	0.34	0.54	0.38	0.16	0.2
3700	0.38	0.44	0.36	0.48	0.32	0.42	0.46	0.18	0.24	0.28	0.26	0.4	0.54	0.4	0.24	0.22
3750	0.36	0.4	0.34	0.56	0.34	0.4	0.48	0.24	0.26	0.28	0.32	0.32	0.54	0.4	0.26	0.22
3800	0.4	0.38	0.32	0.56	0.4	0.38	0.5	0.26	0.28	0.24	0.32	0.36	0.52	0.34	0.36	0.24
3850	0.5	0.4	0.28	0.56	0.4	0.48	0.44	0.28	0.3	0.24	0.32	0.4	0.54	0.36	0.42	0.26
3900	0.46	0.38	0.32	0.58	0.4	0.52	0.38	0.4	0.3	0.24	0.38	0.46	0.56	0.38	0.46	0.24
3950	0.48	0.4	0.38	0.58	0.4	0.58	0.34	0.42	0.28	0.28	0.32	0.44	0.58	0.42	0.46	0.24
4000	0.52	0.36	0.4	0.58	0.48	0.58	0.34	0.46	0.26	0.26	0.32	0.46	0.58	0.4	0.46	0.32
4050	0.54	0.36	0.44	0.48	0.48	0.56	0.38	0.48	0.28	0.28	0.34	0.46	0.58	0.42	0.38	0.32
4100	0.5	0.32	0.42	0.44	0.46	0.56	0.44	0.48	0.28	0.32	0.3	0.48	0.56	0.38	0.36	0.3
4150	0.38	0.3	0.38	0.36	0.4	0.56	0.44	0.5	0.26	0.32	0.32	0.52	0.5	0.34	0.36	0.34
4200	0.34	0.34	0.38	0.28	0.4	0.52	0.5	0.48	0.32	0.24	0.26	0.5	0.5	0.36	0.38	0.36
4250	0.36	0.38	0.36	0.24	0.4	0.5	0.54	0.48	0.28	0.22	0.24	0.48	0.54	0.46	0.38	0.36
4300	0.38	0.4	0.3	0.22	0.34	0.46	0.56	0.44	0.26	0.18	0.22	0.42	0.44	0.44	0.34	0.36
4350	0.38	0.38	0.34	0.22	0.32	0.4	0.56	0.4	0.26	0.14	0.16	0.44	0.44	0.4	0.38	0.4
4400	0.36	0.36	0.28	0.22	0.26	0.38	0.52	0.36	0.28	0.12	0.16	0.44	0.42	0.36	0.3	0.44
4450	0.34	0.38	0.26	0.22	0.22	0.38	0.48	0.34	0.24	0.14	0.18	0.4	0.36	0.34	0.28	0.46
4500	0.42	0.4	0.3	0.26	0.24	0.38	0.46	0.34	0.24	0.1	0.18	0.38	0.38	0.34	0.3	0.42
4550	0.44	0.46	0.32	0.3	0.28	0.36	0.48	0.32	0.28	0.1	0.24	0.34	0.4	0.32	0.36	0.38
4600	0.38	0.44	0.26	0.36	0.28	0.32	0.44	0.3	0.26	0.12	0.22	0.28	0.36	0.26	0.34	0.34
4650	0.36	0.42	0.26	0.34	0.26	0.3	0.38	0.32	0.16	0.14	0.22	0.3	0.34	0.24	0.32	0.36
4700	0.36	0.36	0.26	0.36	0.24	0.34	0.38	0.32	0.16	0.18	0.24	0.3	0.34	0.28	0.32	0.32
4750	0.38	0.4	0.22	0.34	0.24	0.32	0.32	0.28	0.2	0.22	0.24	0.32	0.3	0.28	0.36	0.3
4800	0.38	0.42	0.24	0.34	0.26	0.38	0.4	0.26	0.24	0.24	0.24	0.36	0.3	0.28	0.36	0.24
4850	0.36	0.42	0.24	0.3	0.26	0.42	0.4	0.28	0.24	0.26	0.24	0.36	0.28	0.36	0.32	0.18
4900	0.36	0.42	0.26	0.3	0.34	0.42	0.42	0.32	0.22	0.34	0.28	0.42	0.28	0.34	0.34	0.18
4950	0.32	0.44	0.28	0.24	0.3	0.48	0.4	0.34	0.26	0.4	0.28	0.42	0.3	0.32	0.34	0.16
5000	0.34	0.46	0.3	0.24	0.3	0.5	0.42	0.34	0.28	0.38	0.3	0.44	0.3	0.36	0.36	0.18
5050	0.34	0.4	0.28	0.22	0.38	0.48	0.34	0.32	0.26	0.38	0.28	0.46	0.32	0.38	0.32	0.2
5100	0.4	0.4	0.3	0.2	0.36	0.42	0.36	0.32	0.22	0.38	0.3	0.46	0.32	0.38	0.3	0.2
5150	0.4	0.4	0.26	0.16	0.32	0.4	0.4	0.28	0.24	0.36	0.28	0.42	0.36	0.36	0.28	0.22
5200	0.36	0.36	0.3	0.16	0.38	0.4	0.4	0.28	0.22	0.28	0.26	0.36	0.36	0.34	0.3	0.22
5250	0.4	0.36	0.3	0.2	0.36	0.38	0.4	0.38	0.24	0.24	0.3	0.28	0.4	0.34	0.28	0.22
5300	0.34	0.3	0.36	0.22	0.34	0.36	0.38	0.34	0.3	0.24	0.28	0.28	0.38	0.28	0.22	0.2
5350	0.36	0.3	0.36	0.24	0.34	0.34	0.42	0.34	0.3	0.2	0.26	0.22	0.42	0.26	0.22	0.24
5400	0.38	0.36	0.38	0.24	0.32	0.34	0.42	0.3	0.34	0.24	0.3	0.18	0.42	0.26	0.22	0.28
5450	0.4	0.36	0.3	0.3	0.34	0.28	0.46	0.32	0.34	0.22	0.32	0.26	0.38	0.24	0.18	0.28
5500	0.42	0.38	0.32	0.32	0.36	0.32	0.48	0.3	0.34	0.22	0.42	0.28	0.36	0.26	0.16	0.24
5550	0.38	0.38	0.32	0.34	0.32	0.34	0.58	0.34	0.36	0.24	0.42	0.28	0.34	0.22	0.18	0.24
5600	0.34	0.42	0.32	0.34	0.34	0.32	0.54	0.34	0.32	0.24	0.4	0.32	0.3	0.26	0.14	0.26
5650	0.38	0.42	0.26	0.3	0.34	0.34	0.58	0.38	0.28	0.2	0.4	0.34	0.26	0.28	0.16	0.26
5700	0.34	0.48	0.28	0.32	0.38	0.38	0.6	0.36	0.26	0.2	0.4	0.4	0.26	0.28	0.18	0.28
5750	0.34	0.42	0.24	0.3	0.32	0.38	0.6	0.36	0.24	0.2	0.38	0.4	0.26	0.28	0.24	0.28
5800	0.3	0.46	0.26	0.26	0.28	0.34	0.6	0.36	0.2	0.14	0.34	0.38	0.26	0.26	0.26	0.24
5850	0.2	0.4	0.26	0.26	0.28	0.38	0.6	0.36	0.24	0.1	0.28	0.38	0.28	0.24	0.26	0.24
5900	0.24	0.52	0.26	0.26	0.3	0.46	0.54	0.34	0.22	0.12	0.24	0.32	0.32	0.28	0.24	0.26
5950	0.36	0.5	0.2	0.26	0.3	0.48	0.6	0.38	0.26	0.12	0.22	0.38	0.38	0.32	0.26	0.32
6000	0.34	0.52	0.2	0.26	0.32	0.5	0.58	0.34	0.3	0.12	0.18	0.32	0.36	0.34	0.26	0.32
6050	0.32	0.46	0.22	0.26	0.34	0.52	0.56	0.34	0.34	0.16	0.2	0.3	0.34	0.3	0.22	0.36
6100	0.28	0.46	0.22	0.22	0.36	0.4	0.52	0.36	0.32	0.18	0.2	0.26	0.34	0.28	0.18	0.34
6150	0.26	0.46	0.22	0.2	0.32	0.4	0.46	0.34	0.3	0.18	0.22	0.28	0.32	0.3	0.18	0.32
6200	0.26	0.48	0.22	0.24	0.32	0.32	0.4	0.36	0.3	0.22	0.18	0.32	0.32	0.3	0.16	0.34
6250	0.32	0.42	0.28	0.2	0.34	0.3	0.44	0.4	0.3	0.22	0.26	0.28	0.3	0.3	0.14	0.32
6300	0.3	0.38	0.3	0.26	0.4	0.3	0.42	0.42	0.28	0.24	0.3	0.28	0.3	0.26	0.14	0.26
6350	0.3	0.32	0.32	0.24	0.38	0.34	0.4	0.42	0.26	0.26	0.3	0.28	0.3	0.28	0.18	0.22
6400	0.26	0.3	0.3	0.3	0.36	0.32	0.42	0.44	0.26	0.26	0.28	0.28	0.3	0.28	0.2	0.14
6450	0.26	0.32	0.38	0.3	0.36	0.34	0.46	0.44	0.3	0.3	0.3	0.32	0.38	0.3	0.26	0.18
6500	0.28	0.36	0.3	0.32	0.32	0.36	0.46	0.48	0.28	0.3	0.28	0.32	0.4	0.36	0.26	0.2
6550	0.3	0.32	0.28	0.34	0.36	0.4	0.44	0.48	0.28	0.24	0.28	0.3	0.44	0.42	0.26	0.16
6600	0.32	0.3	0.26	0.3	0.38	0.4	0.46	0.46	0.34	0.32	0.32	0.38	0.46	0.44	0.32	0.22
6650	0.34	0.34	0.3	0.3	0.4	0.44	0.46	0.44	0.34	0.32	0.28	0.38	0.56	0.42	0.3	0.24
6700	0.34	0.38	0.3	0.32	0.4	0.56	0.52	0.48	0.34	0.3	0.18	0.42	0.54	0.46	0.4	0.26
6750	0.32	0.4	0.28	0.3	0.34	0.54	0.48	0.46	0.3	0.26	0.18	0.38	0.58	0.38	0.4	0.26
6800	0.32	0.42	0.28	0.32	0.34	0.52	0.48	0.4	0.32	0.24	0.14	0.34	0.54	0.46	0.4	0.28
6850	0.3	0.4	0.24	0.34	0.34	0.54	0.52	0.44	0.36	0.22	0.14	0.3	0.52	0.44	0.4	0.3
6900	0.28	0.42	0.26	0.34	0.32	0.54	0.52	0.42	0.34	0.2	0.16	0.22	0.5	0.36	0.44	0.34
6950	0.28	0.46	0.3	0.36	0.32	0.54	0.52	0.4	0.34	0.16	0.16	0.16	0.5	0.34	0.42	0.34
7000	0.28	0.48	0.3	0.36	0.32	0.58	0.52	0.38	0.32	0.14	0.2	0.18	0.48	0.38	0.44	0.3
7050	0.3	0.44	0.3	0.36	0.26	0.48	0.5	0.42	0.32	0.14	0.22	0.2	0.5	0.36	0.44	0.26
7100	0.28	0.36	0.28	0.4	0.26	0.38	0.48	0.36	0.32	0.18	0.22	0.24	0.5	0.38	0.42	0.26
7150	0.3	0.36	0.36	0.36	0.24	0.38	0.54	0.34	0.28	0.2	0.24	0.24	0.48	0.36	0.42	0.28
7200	0.4	0.3	0.36	0.34	0.26	0.44	0.5	0.32	0.24	0.2	0.22	0.24	0.44	0.38	0.38	0.24
7250	0.42	0.34	0.3	0.32	0.26	0.44	0.46	0.3	0.3	0.22	0.24	0.3	0.38	0.34	0.4	0.22
7300	0.38	0.36	0.32	0.36	0.26	0.46	0.48	0.26	0.3	0.24	0.2	0.3	0.4	0.36	0.28	0.2
7350	0.36	0.44	0.3	0.34	0.26	0.48	0.54	0.32	0.32	0.26	0.2	0.4	0.42	0.34	0.28	0.22
7400	0.36	0.38	0.3	0.32	0.28	0.5	0.52	0.32	0.28	0.26	0.26	0.34	0.38	0.3	0.24	0.22
7450	0.34	0.4	0.32	0.3	0.3	0.52	0.54	0.36	0.32	0.24	0.28	0.28	0.4	0.3	0.2	0.24
7500	0.3	0.44	0.32	0.28	0.34	0.52	0.48	0.34	0.36	0.34	0.3	0.26	0.36	0.32	0.2	0.22
7550	0.3	0.48	0.3	0.3	0.3	0.5	0.48	0.36	0.36	0.28	0.3	0.26	0.38	0.28	0.16	0.22
7600	0.16	0.52	0.28	0.26	0.28	0.48	0.46	0.36	0.36	0.24	0.32	0.26	0.42	0.26	0.1	0.24
7650	0.16	0.5	0.38	0.24	0.3	0.46	0.42	0.34	0.36	0.24	0.32	0.2	0.42	0.28	0.12	0.24
7700	0.18	0.46	0.4	0.22	0.38	0.46	0.36	0.36	0.32	0.24	0.28	0.26	0.44	0.28	0.12	0.24
7750	0.2	0.52	0.44	0.22	0.38	0.46	0.36	0.34	0.32	0.26	0.28	0.16	0.5	0.28	0.14	0.24
7800	0.2	0.5	0.46	0.18	0.36	0.44	0.34	0.32	0.26	0.22	0.22	0.16	0.48	0.36	0.14	0.22
7850	0.24	0.52	0.48	0.2	0.36	0.44	0.38	0.3	0.3	0.26	0.24	0.18	0.48	0.38	0.16	0.22
7900	0.26	0.5	0.48	0.2	0.34	0.46	0.4	0.28	0.3	0.22	0.2	0.18	0.42	0.38	0.22	0.26
7950	0.26	0.5	0.44	0.22	0.36	0.44	0.4	0.28	0.3	0.18	0.16	0.2	0.46	0.42	0.22	0.26
8000	0.36	0.5	0.46	0.24	0.4	0.5	0.36	0.28	0.3	0.2	0.14	0.18	0.44	0.48	0.24	0.32
8050	0.36	0.54	0.52	0.3	0.44	0.52	0.44	0.36	0.28	0.26	0.2	0.22	0.44	0.5	0.32	0.34
8100	0.4	0.52	0.5	0.34	0.38	0.5	0.4	0.38	0.3	0.26	0.18	0.22	0.44	0.52	0.32	0.34
8150	0.4	0.46	0.46	0.34	0.3	0.5	0.46	0.42	0.3	0.26	0.2	0.24	0.4	0.48	0.34	0.36
8200	0.38	0.44	0.48	0.34	0.32	0.48	0.44	0.42	0.3	0.28	0.22	0.3	0.42	0.48	0.34	0.38
8250	0.34	0.4	0.44	0.36	0.3	0.46	0.42	0.4	0.32	0.26	0.26	0.28	0.4	0.48	0.32	0.4
8300	0.32	0.4	0.4	0.36	0.32	0.48	0.46	0.38	0.3	0.26	0.28	0.26	0.38	0.48	0.34	0.4
8350	0.34	0.42	0.42	0.36	0.34	0.48	0.42	0.42	0.32	0.28	0.3	0.26	0.44	0.46	0.34	0.36
8400	0.38	0.42	0.38	0.36	0.34	0.5	0.48	0.44	0.34	0.26	0.28	0.32	0.42	0.44	0.4	0.38
8450	0.36	0.44	0.4	0.36	0.3	0.48	0.48	0.42	0.4	0.28	0.32	0.36	0.42	0.42	0.38	0.38
8500	0.36	0.4	0.4	0.34	0.26	0.48	0.46	0.4	0.38	0.28	0.3	0.32	0.44	0.46	0.36	0.34
8550	0.36	0.48	0.4	0.32	0.3	0.56	0.5	0.44	0.42	0.28	0.3	0.28	0.42	0.5	0.32	0.4
8600	0.34	0.48	0.42	0.32	0.3	0.52	0.54	0.44	0.4	0.3	0.26	0.3	0.4	0.48	0.32	0.42
8650	0.32	0.42	0.42	0.3	0.32	0.52	0.56	0.46	0.38	0.26	0.24	0.32	0.54	0.44	0.32	0.42
8700	0.38	0.42	0.42	0.3	0.34	0.6	0.58	0.48	0.4	0.3	0.28	0.3	0.5	0.44	0.38	0.44
8750	0.38	0.4	0.42	0.34	0.34	0.58	0.62	0.44	0.42	0.3	0.3	0.36	0.52	0.44	0.4	0.44
8800	0.34	0.44	0.44	0.34	0.36	0.56	0.6	0.44	0.42	0.3	0.28	0.32	0.48	0.42	0.36	0.4
8850	0.4	0.44	0.38	0.32	0.34	0.52	0.6	0.46	0.44	0.26	0.28	0.32	0.48	0.36	0.34	0.32
8900	0.42	0.4	0.32	0.32	0.36	0.44	0.6	0.38	0.38	0.22	0.22	0.34	0.5	0.36	0.36	0.34
8950	0.44	0.46	0.32	0.3	0.32	0.4	0.54	0.4	0.36	0.22	0.24	0.36	0.46	0.36	0.4	0.32
9000	0.44	0.4	0.3	0.3	0.32	0.42	0.54	0.36	0.36	0.22	0.24	0.4	0.44	0.36	0.4	0.32
9050	0.48	0.5	0.32	0.28	0.34	0.38	0.52	0.32	0.34	0.2	0.18	0.38	0.46	0.38	0.4	0.28
9100	0.42	0.44	0.36	0.26	0.32	0.36	0.52	0.34	0.36	0.2	0.16	0.32	0.44	0.4	0.4	0.26
9150	0.38	0.38	0.34	0.22	0.32	0.36	0.44	0.34	0.28	0.2	0.14	0.26	0.4	0.38	0.36	0.28
9200	0.4	0.36	0.38	0.2	0.32	0.38	0.46	0.36	0.26	0.2	0.18	0.28	0.38	0.36	0.34	0.28
9250	0.36	0.34	0.36	0.2	0.3	0.4	0.48	0.34	0.2	0.16	0.14	0.26	0.38	0.36	0.34	0.28
9300	0.32	0.28	0.36	0.18	0.3	0.4	0.44	0.34	0.22	0.18	0.2	0.26	0.38	0.38	0.34	0.24
9350	0.26	0.3	0.34	0.22	0.34	0.38	0.46	0.38	0.24	0.16	0.26	0.3	0.36	0.36	0.34	0.28
9400	0.28	0.28	0.34	0.2	0.38	0.42	0.44	0.4	0.26	0.26	0.28	0.28	0.36	0.4	0.28	0.24
9450	0.34	0.3	0.3	0.2	0.38	0.42	0.46	0.46	0.22	0.24	0.3	0.28	0.42	0.44	0.28	0.28
9500	0.34	0.28	0.26	0.22	0.34	0.4	0.42	0.46	0.22	0.24	0.32	0.32	0.38	0.42	0.24	0.24
9550	0.34	0.3	0.24	0.22	0.38	0.36	0.42	0.44	0.24	0.26	0.32	0.28	0.32	0.42	0.24	0.24
9600	0.38	0.3	0.24	0.18	0.36	0.32	0.44	0.46	0.24	0.28	0.32	0.3	0.3	0.46	0.28	0.28
9650	0.38	0.28	0.26	0.18	0.38	0.32	0.46	0.48	0.2	0.26	0.32	0.34	0.34	0.44	0.28	0.24
9700	0.4	0.3	0.28	0.2	0.44	0.34	0.44	0.44	0.2	0.24	0.32	0.28	0.32	0.42	0.26	0.26
9750	0.44	0.32	0.26	0.18	0.4	0.36	0.44	0.4	0.2	0.26	0.3	0.28	0.32	0.42	0.26	0.3
9800	0.48	0.3	0.32	0.22	0.36	0.36	0.46	0.4	0.26	0.24	0.3	0.3	0.38	0.42	0.28	0.38
9850	0.48	0.36	0.34	0.22	0.36	0.42	0.52	0.4	0.22	0.18	0.3	0.34	0.42	0.42	0.26	0.42
9900	0.5	0.42	0.34	0.26	0.38	0.44	0.52	0.44	0.28	0.18	0.26	0.32	0.44	0.36	0.3	0.4
9950	0.54	0.4	0.38	0.24	0.36	0.5	0.56	0.42	0.3	0.24	0.22	0.38	0.5	0.38	0.36	0.44
10000	0.52	0.4	0.42	0.28	0.34	0.48	0.56	0.36	0.3	0.24	0.22	0.36	0.46	0.34	0.36	0.4
10050	0.54	0.48	0.4	0.28	0.32	0.48	0.56	0.42	0.36	0.3	0.24	0.34	0.42	0.34	0.32	0.4
10100	0.52	0.48	0.44	0.28	0.3	0.46	0.52	0.46	0.38	0.34	0.26	0.32	0.46	0.42	0.32	0.46
10150	0.52	0.48	0.42	0.28	0.36	0.46	0.52	0.48	0.4	0.4	0.3	0.34	0.42	0.4	0.4	0.42
10200	0.5	0.48	0.5	0.3	0.38	0.5	0.52	0.46	0.38	0.42	0.3	0.36	0.46	0.4	0.4	0.38
10250	0.5	0.46	0.5	0.3	0.4	0.5	0.5	0.48	0.34	0.42	0.28	0.36	0.38	0.44	0.42	0.38
10300	0.54	0.5	0.54	0.3	0.4	0.44	0.54	0.54	0.32	0.38	0.3	0.36	0.38	0.44	0.42	0.44
10350	0.52	0.46	0.56	0.32	0.4	0.44	0.54	0.56	0.34	0.4	0.34	0.36	0.46	0.5	0.42	0.44
10400	0.5	0.4	0.5	0.32	0.46	0.48	0.54	0.54	0.38	0.38	0.42	0.36	0.48	0.5	0.42	0.42
10450	0.46	0.44	0.46	0.3	0.44	0.42	0.5	0.52	0.34	0.38	0.4	0.38	0.48	0.46	0.4	0.4
10500	0.48	0.5	0.44	0.3	0.4	0.48	0.52	0.48	0.32	0.34	0.32	0.38	0.52	0.44	0.42	0.4
10550	0.52	0.52	0.46	0.28	0.44	0.46	0.52	0.5	0.32	0.36	0.28	0.36	0.5	0.42	0.42	0.44
10600	0.48	0.48	0.46	0.26	0.44	0.5	0.52	0.54	0.36	0.34	0.26	0.38	0.58	0.42	0.36	0.42
10650	0.5	0.46	0.4	0.28	0.4	0.5	0.52	0.54	0.4	0.36	0.28	0.42	0.54	0.4	0.36	0.44
10700	0.44	0.46	0.46	0.34	0.38	0.4	0.5	0.54	0.4	0.38	0.28	0.42	0.5	0.38	0.34	0.42
10750	0.46	0.54	0.38	0.3	0.34	0.44	0.5	0.5	0.38	0.34	0.28	0.44	0.52	0.38	0.38	0.42
10800	0.5	0.56	0.44	0.32	0.38	0.54	0.5	0.46	0.38	0.38	0.26	0.44	0.54	0.42	0.4	0.54
10850	0.46	0.62	0.48	0.38	0.42	0.54	0.52	0.52	0.46	0.42	0.3	0.46	0.56	0.42	0.36	0.56
10900	0.52	0.58	0.48	0.42	0.4	0.52	0.52	0.54	0.5	0.44	0.38	0.46	0.56	0.44	0.38	0.56
10950	0.52	0.56	0.48	0.48	0.36	0.52	0.58	0.52	0.48	0.5	0.44	0.54	0.54	0.52	0.46	0.56
11000	0.48	0.56	0.52	0.54	0.34	0.52	0.58	0.48	0.48	0.56	0.44	0.54	0.52	0.56	0.44	0.56
11050	0.46	0.56	0.52	0.6	0.4	0.56	0.6	0.5	0.52	0.6	0.46	0.58	0.5	0.58	0.44	0.58
11100	0.52	0.6	0.54	0.62	0.44	0.64	0.64	0.5	0.56	0.66	0.5	0.58	0.54	0.54	0.48	0.56
11150	0.48	0.6	0.6	0.6	0.46	0.66	0.7	0.5	0.5	0.78	0.5	0.56	0.54	0.56	0.46	0.56
11200	0.5	0.6	0.58	0.66	0.44	0.6	0.68	0.58	0.48	0.74	0.46	0.56	0.5	0.54	0.42	0.56
11250	0.54	0.58	0.56	0.66	0.46	0.56	0.7	0.56	0.5	0.7	0.42	0.58	0.48	0.54	0.46	0.5
11300	0.52	0.62	0.54	0.68	0.48	0.56	0.7	0.6	0.52	0.72	0.44	0.52	0.56	0.52	0.4	0.52
11350	0.52	0.56	0.54	0.66	0.46	0.56	0.72	0.68	0.5	0.76	0.48	0.56	0.52	0.46	0.44	0.48
11400	0.5	0.62	0.58	0.66	0.5	0.6	0.76	0.7	0.48	0.78	0.52	0.56	0.5	0.44	0.44	0.48
11450	0.42	0.64	0.64	0.66	0.48	0.62	0.74	0.74	0.48	0.78	0.58	0.54	0.48	0.5	0.54	0.52
11500	0.46	0.62	0.56	0.64	0.48	0.56	0.72	0.74	0.52	0.72	0.6	0.56	0.46	0.5	0.54	0.52
11550	0.5	0.7	0.6	0.7	0.5	0.52	0.66	0.72	0.5	0.72	0.66	0.6	0.52	0.5	0.62	0.56
11600	0.54	0.62	0.62	0.7	0.52	0.5	0.7	0.72	0.48	0.7	0.62	0.62	0.56	0.54	0.64	0.6
11650	0.54	0.6	0.58	0.66	0.54	0.5	0.7	0.62	0.48	0.72	0.68	0.64	0.54	0.62	0.62	0.58
11700	0.52	0.6	0.6	0.64	0.52	0.52	0.64	0.56	0.48	0.74	0.7	0.66	0.54	0.68	0.64	0.6
11750	0.6	0.6	0.64	0.66	0.52	0.54	0.66	0.58	0.52	0.72	0.68	0.68	0.52	0.7	0.62	0.62
11800	0.58	0.62	0.62	0.64	0.58	0.54	0.68	0.58	0.54	0.64	0.66	0.7	0.52	0.68	0.64	0.58
11850	0.58	0.64	0.64	0.68	0.56	0.54	0.64	0.62	0.54	0.62	0.64	0.7	0.54	0.66	0.64	0.54
11900	0.62	0.62	0.7	0.68	0.58	0.56	0.7	0.6	0.6	0.7	0.56	0.68	0.62	0.68	0.56	0.54
11950	0.62	0.68	0.68	0.68	0.52	0.6	0.7	0.6	0.54	0.66	0.56	0.7	0.64	0.64	0.56	0.54
12000	0.62	0.66	0.68	0.66	0.5	0.62	0.66	0.66	0.58	0.64	0.56	0.7	0.66	0.64	0.56	0.46
12050	0.54	0.74	0.74	0.62	0.56	0.64	0.72	0.72	0.58	0.7	0.58	0.68	0.66	0.64	0.6	0.48
12100	0.52	0.76	0.74	0.64	0.62	0.68	0.74	0.7	0.54	0.68	0.6	0.66	0.7	0.6	0.6	0.52
12150	0.48	0.76	0.74	0.66	0.62	0.62	0.7	0.68	0.58	0.68	0.58	0.62	0.72	0.58	0.62	0.52
12200	0.48	0.76	0.68	0.6	0.58	0.58	0.76	0.7	0.58	0.66	0.66	0.62	0.74	0.56	0.62	0.6
12250	0.48	0.8	0.68	0.6	0.58	0.64	0.76	0.68	0.58	0.72	0.68	0.64	0.74	0.56	0.58	0.62
12300	0.52	0.8	0.66	0.54	0.64	0.68	0.76	0.66	0.58	0.66	0.68	0.66	0.72	0.6	0.62	0.6
12350	0.52	0.8	0.64	0.56	0.66	0.68	0.76	0.66	0.58	0.66	0.66	0.7	0.76	0.6	0.7	0.62
12400	0.5	0.8	0.66	0.56	0.62	0.62	0.76	0.66	0.64	0.64	0.64	0.72	0.74	0.62	0.7	0.66
12450	0.56	0.76	0.64	0.48	0.58	0.54	0.72	0.64	0.68	0.64	0.58	0.72	0.74	0.64	0.7	0.6
12500	0.62	0.82	0.6	0.52	0.56	0.62	0.72	0.66	0.72	0.62	0.56	0.72	0.7	0.6	0.7	0.62
12550	0.62	0.8	0.6	0.52	0.56	0.62	0.74	0.62	0.74	0.62	0.54	0.76	0.7	0.64	0.68	0.58
12600	0.62	0.76	0.6	0.5	0.54	0.6	0.72	0.62	0.72	0.62	0.5	0.76	0.76	0.64	0.72	0.56
12650	0.64	0.76	0.58	0.48	0.5	0.56	0.74	0.64	0.76	0.66	0.5	0.74	0.76	0.66	0.72	0.54
12700	0.64	0.76	0.58	0.48	0.54	0.56	0.76	0.7	0.78	0.62	0.52	0.7	0.7	0.68	0.74	0.56
12750	0.64	0.76	0.58	0.56	0.52	0.64	0.78	0.66	0.7	0.66	0.5	0.74	0.66	0.66	0.64	0.56
12800	0.66	0.72	0.56	0.56	0.52	0.54	0.74	0.68	0.66	0.74	0.52	0.68	0.66	0.6	0.66	0.54
12850	0.62	0.68	0.58	0.56	0.58	0.54	0.76	0.72	0.66	0.72	0.48	0.7	0.68	0.6	0.64	0.54
12900	0.64	0.66	0.56	0.62	0.62	0.54	0.76	0.76	0.68	0.76	0.48	0.7	0.66	0.58	0.6	0.56
12950	0.6	0.68	0.58	0.62	0.62	0.54	0.82	0.8	0.66	0.74	0.52	0.72	0.6	0.52	0.54	0.56
13000	0.62	0.68	0.58	0.68	0.66	0.54	0.8	0.76	0.68	0.78	0.56	0.7	0.58	0.54	0.5	0.56
13050	0.6	0.68	0.66	0.68	0.7	0.54	0.82	0.74	0.66	0.8	0.54	0.72	0.6	0.52	0.54	0.6
13100	0.56	0.68	0.64	0.6	0.72	0.52	0.8	0.7	0.62	0.76	0.58	0.7	0.64	0.48	0.64	0.62
13150	0.54	0.7	0.68	0.58	0.7	0.48	0.8	0.7	0.6	0.7	0.58	0.78	0.68	0.5	0.6	0.58
13200	0.5	0.68	0.68	0.58	0.66	0.48	0.8	0.66	0.56	0.64	0.58	0.8	0.7	0.5	0.66	0.62
13250	0.5	0.66	0.66	0.54	0.66	0.5	0.78	0.68	0.6	0.64	0.6	0.78	0.72	0.48	0.72	0.64
13300	0.48	0.68	0.68	0.58	0.68	0.52	0.78	0.66	0.58	0.62	0.58	0.76	0.72	0.48	0.7	0.64
13350	0.46	0.7	0.66	0.52	0.66	0.52	0.74	0.6	0.56	0.62	0.58	0.72	0.74	0.5	0.7	0.64
13400	0.48	0.66	0.66	0.54	0.66	0.52	0.74	0.64	0.58	0.6	0.54	0.7	0.76	0.56	0.68	0.66
13450	0.56	0.7	0.68	0.54	0.66	0.58	0.74	0.7	0.56	0.58	0.54	0.7	0.78	0.66	0.7	0.68
13500	0.54	0.68	0.66	0.58	0.66	0.56	0.74	0.74	0.58	0.58	0.6	0.7	0.76	0.66	0.66	0.7
13550	0.56	0.76	0.66	0.6	0.68	0.6	0.76	0.76	0.52	0.62	0.56	0.72	0.76	0.68	0.64	0.7
13600	0.54	0.76	0.72	0.66	0.66	0.64	0.74	0.8	0.54	0.62	0.56	0.72	0.72	0.64	0.66	0.72
13650	0.46	0.76	0.74	0.66	0.66	0.6	0.74	0.8	0.54	0.72	0.56	0.7	0.68	0.64	0.7	0.74
13700	0.54	0.78	0.76	0.68	0.7	0.58	0.78	0.82	0.6	0.74	0.56	0.74	0.72	0.7	0.72	0.72
13750	0.5	0.82	0.78	0.7	0.7	0.6	0.78	0.86	0.6	0.76	0.58	0.76	0.76	0.7	0.78	0.7
13800	0.44	0.8	0.82	0.7	0.68	0.58	0.78	0.82	0.62	0.8	0.64	0.72	0.78	0.68	0.82	0.66
13850	0.5	0.78	0.82	0.78	0.62	0.58	0.76	0.8	0.58	0.78	0.66	0.7	0.74	0.7	0.8	0.72
13900	0.54	0.76	0.84	0.78	0.6	0.6	0.78	0.74	0.64	0.76	0.68	0.72	0.84	0.7	0.8	0.72
13950	0.56	0.74	0.9	0.78	0.58	0.64	0.78	0.8	0.62	0.74	0.7	0.66	0.84	0.68	0.82	0.8
14000	0.64	0.74	0.86	0.74	0.56	0.7	0.76	0.78	0.68	0.76	0.68	0.64	0.82	0.68	0.86	0.78
14050	0.7	0.74	0.84	0.76	0.62	0.68	0.78	0.78	0.7	0.78	0.74	0.64	0.82	0.78	0.84	0.76
14100	0.72	0.74	0.84	0.78	0.6	0.68	0.78	0.76	0.72	0.8	0.74	0.64	0.8	0.78	0.82	0.7
14150	0.76	0.76	0.82	0.8	0.64	0.66	0.74	0.76	0.7	0.8	0.74	0.6	0.78	0.76	0.78	0.72
14200	0.76	0.74	0.78	0.76	0.66	0.7	0.72	0.72	0.72	0.78	0.74	0.58	0.76	0.72	0.76	0.72
14250	0.76	0.7	0.8	0.72	0.68	0.68	0.76	0.74	0.7	0.8	0.74	0.58	0.74	0.7	0.72	0.74
14300	0.74	0.7	0.76	0.68	0.72	0.66	0.76	0.7	0.72	0.8	0.76	0.6	0.76	0.66	0.76	0.74
14350	0.72	0.74	0.74	0.66	0.72	0.64	0.7	0.7	0.7	0.84	0.76	0.56	0.76	0.68	0.76	0.72
14400	0.76	0.74	0.74	0.7	0.66	0.66	0.72	0.72	0.68	0.84	0.74	0.6	0.74	0.68	0.78	0.68
14450	0.76	0.78	0.7	0.7	0.62	0.66	0.74	0.72	0.66	0.82	0.76	0.68	0.78	0.7	0.76	0.7
14500	0.76	0.76	0.68	0.72	0.62	0.7	0.8	0.74	0.64	0.8	0.78	0.66	0.84	0.68	0.74	0.76
14550	0.72	0.8	0.7	0.72	0.64	0.74	0.78	0.74	0.62	0.76	0.74	0.68	0.84	0.7	0.76	0.78
14600	0.72	0.8	0.7	0.7	0.66	0.72	0.8	0.76	0.58	0.78	0.72	0.72	0.86	0.74	0.72	0.82
14650	0.72	0.82	0.68	0.7	0.68	0.74	0.82	0.84	0.58	0.74	0.78	0.74	0.9	0.76	0.72	0.78
14700	0.7	0.8	0.66	0.68	0.72	0.7	0.86	0.86	0.6	0.68	0.8	0.74	0.92	0.76	0.7	0.78
14750	0.7	0.72	0.68	0.68	0.74	0.7	0.86	0.84	0.64	0.72	0.78	0.78	0.92	0.84	0.7	0.82
14800	0.66	0.7	0.68	0.72	0.76	0.72	0.84	0.84	0.62	0.7	0.78	0.76	0.9	0.78	0.72	0.82
14850	0.64	0.7	0.7	0.7	0.78	0.76	0.82	0.84	0.7	0.72	0.78	0.78	0.86	0.74	0.66	0.8
14900	0.6	0.72	0.72	0.7	0.82	0.74	0.8	0.76	0.74	0.7	0.8	0.76	0.86	0.76	0.66	0.82
14950	0.62	0.66	0.7	0.68	0.82	0.7	0.82	0.74	0.78	0.76	0.78	0.76	0.82	0.72	0.62	0.76
15000	0.56	0.68	0.68	0.68	0.76	0.72	0.82	0.72	0.74	0.76	0.72	0.74	0.78	0.68	0.64	0.76
15050	0.56	0.68	0.68	0.66	0.72	0.68	0.8	0.68	0.76	0.8	0.7	0.74	0.72	0.64	0.66	0.78
15100	0.56	0.7	0.7	0.68	0.72	0.72	0.8	0.68	0.74	0.84	0.66	0.74	0.72	0.64	0.66	0.76
15150	0.6	0.72	0.72	0.7	0.72	0.74	0.82	0.64	0.7	0.84	0.66	0.74	0.72	0.66	0.64	0.72
15200	0.62	0.7	0.78	0.68	0.72	0.76	0.82	0.66	0.7	0.82	0.64	0.68	0.72	0.64	0.66	0.68
15250	0.6	0.66	0.76	0.66	0.72	0.68	0.82	0.66	0.66	0.82	0.66	0.68	0.72	0.64	0.66	0.62
15300	0.64	0.68	0.78	0.66	0.78	0.68	0.84	0.76	0.66	0.82	0.64	0.64	0.74	0.7	0.66	0.68
15350	0.68	0.66	0.74	0.62	0.78	0.64	0.84	0.76	0.62	0.84	0.66	0.64	0.78	0.7	0.7	0.7
15400	0.72	0.68	0.74	0.66	0.78	0.7	0.82	0.74	0.68	0.84	0.66	0.68	0.84	0.74	0.74	0.68
15450	0.8	0.74	0.72	0.68	0.72	0.7	0.86	0.76	0.68	0.84	0.66	0.64	0.86	0.74	0.74	0.68
15500	0.82	0.74	0.72	0.74	0.72	0.68	0.86	0.76	0.68	0.84	0.7	0.68	0.88	0.78	0.72	0.64
15550	0.76	0.8	0.72	0.78	0.74	0.66	0.84	0.78	0.68	0.82	0.7	0.68	0.92	0.74	0.76	0.66
15600	0.72	0.82	0.74	0.76	0.72	0.64	0.82	0.82	0.72	0.82	0.74	0.74	0.9	0.72	0.74	0.64
15650	0.74	0.84	0.76	0.76	0.72	0.58	0.82	0.82	0.7	0.8	0.7	0.8	0.92	0.7	0.74	0.7
15700	0.72	0.84	0.82	0.66	0.7	0.6	0.76	0.84	0.74	0.78	0.68	0.76	0.9	0.7	0.78	0.72
15750	0.7	0.8	0.82	0.6	0.7	0.66	0.72	0.82	0.74	0.76	0.68	0.74	0.88	0.72	0.76	0.7
15800	0.68	0.78	0.86	0.6	0.7	0.64	0.7	0.8	0.76	0.72	0.72	0.74	0.8	0.72	0.76	0.68
15850	0.68	0.8	0.86	0.58	0.72	0.64	0.66	0.8	0.78	0.7	0.76	0.76	0.78	0.72	0.76	0.68
15900	0.66	0.82	0.82	0.56	0.78	0.72	0.64	0.8	0.78	0.64	0.72	0.78	0.76	0.74	0.82	0.7
15950	0.66	0.78	0.8	0.54	0.76	0.72	0.64	0.84	0.76	0.64	0.72	0.76	0.72	0.78	0.84	0.7
16000	0.66	0.78	0.78	0.62	0.74	0.76	0.64	0.84	0.76	0.68	0.74	0.76	0.68	0.78	0.84	0.7
16050	0.7	0.76	0.78	0.64	0.72	0.72	0.58	0.78	0.76	0.7	0.76	0.78	0.66	0.72	0.8	0.68
16100	0.7	0.78	0.72	0.7	0.74	0.74	0.6	0.78	0.74	0.68	0.78	0.78	0.72	0.74	0.8	0.7
16150	0.74	0.76	0.7	0.7	0.76	0.76	0.62	0.78	0.74	0.74	0.8	0.76	0.72	0.72	0.8	0.68
16200	0.72	0.74	0.72	0.68	0.74	0.72	0.64	0.8	0.72	0.74	0.84	0.76	0.7	0.74	0.82	0.66
16250	0.7	0.7	0.7	0.66	0.68	0.64	0.66	0.76	0.66	0.72	0.82	0.72	0.76	0.7	0.78	0.64
16300	0.74	0.66	0.7	0.64	0.6	0.66	0.66	0.76	0.68	0.76	0.78	0.68	0.76	0.7	0.78	0.6
16350	0.72	0.68	0.72	0.66	0.56	0.68	0.62	0.8	0.66	0.74	0.78	0.7	0.8	0.68	0.76	0.6
16400	0.72	0.7	0.74	0.64	0.54	0.7	0.68	0.84	0.72	0.7	0.76	0.68	0.82	0.72	0.76	0.56
16450	0.76	0.68	0.76	0.56	0.58	0.68	0.7	0.84	0.74	0.66	0.74	0.64	0.84	0.74	0.8	0.56
16500	0.74	0.7	0.8	0.56	0.62	0.68	0.74	0.82	0.78	0.7	0.74	0.66	0.86	0.72	0.82	0.54
16550	0.78	0.72	0.84	0.58	0.62	0.68	0.7	0.82	0.78	0.66	0.78	0.68	0.84	0.74	0.78	0.6
16600	0.76	0.68	0.78	0.66	0.68	0.7	0.72	0.78	0.82	0.62	0.78	0.66	0.86	0.74	0.78	0.62
16650	0.76	0.7	0.82	0.66	0.74	0.72	0.74	0.78	0.8	0.6	0.76	0.66	0.88	0.72	0.82	0.66
16700	0.78	0.74	0.82	0.68	0.76	0.8	0.76	0.76	0.86	0.64	0.74	0.68	0.88	0.74	0.82	0.7
16750	0.74	0.76	0.8	0.74	0.76	0.72	0.72	0.76	0.86	0.66	0.72	0.72	0.88	0.78	0.8	0.78
16800	0.68	0.8	0.8	0.74	0.7	0.72	0.76	0.68	0.84	0.64	0.72	0.76	0.84	0.8	0.78	0.72
16850	0.68	0.8	0.74	0.78	0.72	0.7	0.74	0.68	0.84	0.66	0.76	0.78	0.86	0.8	0.82	0.74
16900	0.64	0.8	0.76	0.8	0.72	0.7	0.74	0.74	0.84	0.7	0.74	0.76	0.84	0.82	0.82	0.72
16950	0.62	0.8	0.76	0.78	0.7	0.62	0.7	0.74	0.88	0.7	0.7	0.74	0.86	0.78	0.82	0.7
17000	0.62	0.8	0.76	0.78	0.7	0.54	0.7	0.72	0.86	0.72	0.68	0.7	0.84	0.8	0.8	0.68
17050	0.64	0.84	0.78	0.82	0.66	0.54	0.68	0.72	0.86	0.74	0.7	0.68	0.84	0.82	0.8	0.72
17100	0.64	0.82	0.8	0.74	0.64	0.5	0.64	0.74	0.88	0.76	0.68	0.7	0.82	0.84	0.82	0.74
17150	0.68	0.82	0.8	0.7	0.58	0.54	0.64	0.76	0.82	0.74	0.68	0.7	0.8	0.86	0.8	0.78
17200	0.7	0.82	0.8	0.72	0.6	0.6	0.64	0.76	0.82	0.78	0.68	0.7	0.84	0.82	0.82	0.8
17250	0.7	0.86	0.84	0.7	0.56	0.56	0.64	0.76	0.82	0.76	0.68	0.7	0.84	0.82	0.82	0.8
17300	0.7	0.86	0.82	0.72	0.6	0.58	0.62	0.74	0.82	0.78	0.72	0.72	0.86	0.84	0.82	0.8
17350	0.72	0.82	0.84	0.74	0.6	0.58	0.58	0.74	0.82	0.76	0.74	0.7	0.9	0.8	0.82	0.84
17400	0.74	0.82	0.84	0.74	0.62	0.58	0.58	0.74	0.82	0.72	0.72	0.7	0.9	0.78	0.68	0.8
17450	0.72	0.86	0.86	0.78	0.54	0.68	0.54	0.74	0.84	0.72	0.74	0.74	0.9	0.8	0.64	0.8
17500	0.74	0.8	0.82	0.78	0.52	0.64	0.54	0.66	0.86	0.7	0.7	0.74	0.9	0.78	0.62	0.78
17550	0.74	0.78	0.82	0.82	0.6	0.64	0.56	0.66	0.84	0.66	0.7	0.7	0.86	0.76	0.6	0.74
17600	0.74	0.78	0.8	0.82	0.6	0.64	0.58	0.66	0.84	0.66	0.72	0.76	0.84	0.74	0.64	0.78
17650	0.82	0.76	0.76	0.84	0.66	0.62	0.56	0.64	0.86	0.72	0.74	0.74	0.82	0.76	0.58	0.76
17700	0.8	0.72	0.74	0.8	0.64	0.6	0.58	0.66	0.86	0.64	0.74	0.72	0.76	0.82	0.62	0.74
17750	0.78	0.72	0.68	0.8	0.7	0.62	0.58	0.68	0.86	0.64	0.7	0.74	0.72	0.82	0.66	0.74
17800	0.78	0.74	0.64	0.8	0.7	0.58	0.66	0.66	0.84	0.68	0.72	0.7	0.7	0.84	0.74	0.74
17850	0.76	0.76	0.62	0.78	0.68	0.58	0.64	0.66	0.86	0.66	0.76	0.7	0.7	0.84	0.74	0.74
17900	0.7	0.78	0.66	0.76	0.72	0.6	0.68	0.66	0.8	0.72	0.72	0.72	0.7	0.84	0.76	0.72
17950	0.68	0.82	0.7	0.78	0.74	0.62	0.64	0.68	0.8	0.72	0.74	0.72	0.68	0.86	0.74	0.76
18000	0.66	0.82	0.68	0.74	0.7	0.64	0.64	0.68	0.76	0.72	0.76	0.74	0.68	0.88	0.72	0.74
18050	0.62	0.82	0.74	0.7	0.66	0.64	0.66	0.7	0.76	0.7	0.8	0.74	0.68	0.92	0.74	0.7
18100	0.64	0.8	0.76	0.72	0.62	0.62	0.66	0.7	0.76	0.72	0.76	0.76	0.74	0.9	0.76	0.72
18150	0.68	0.78	0.82	0.72	0.6	0.62	0.68	0.68	0.78	0.72	0.76	0.74	0.78	0.88	0.76	0.72
18200	0.66	0.74	0.88	0.74	0.54	0.64	0.66	0.68	0.78	0.72	0.72	0.76	0.82	0.86	0.78	0.74
18250	0.68	0.72	0.9	0.74	0.58	0.58	0.66	0.72	0.78	0.7	0.72	0.78	0.8	0.88	0.76	0.68
18300	0.7	0.74	0.86	0.76	0.6	0.58	0.68	0.7	0.76	0.7	0.72	0.76	0.82	0.9	0.76	0.72
18350	0.7	0.72	0.86	0.74	0.6	0.56	0.74	0.72	0.8	0.72	0.68	0.78	0.82	0.88	0.82	0.7
18400	0.72	0.72	0.86	0.74	0.62	0.58	0.78	0.74	0.76	0.7	0.68	0.76	0.82	0.88	0.8	0.7
18450	0.74	0.74	0.86	0.74	0.72	0.62	0.78	0.78	0.76	0.68	0.66	0.74	0.78	0.88	0.78	0.68
18500	0.74	0.76	0.86	0.74	0.7	0.64	0.76	0.76	0.72	0.62	0.68	0.76	0.82	0.9	0.76	0.72
18550	0.72	0.78	0.88	0.72	0.66	0.68	0.74	0.72	0.7	0.68	0.66	0.72	0.8	0.86	0.78	0.72
18600	0.78	0.78	0.82	0.74	0.68	0.76	0.84	0.72	0.66	0.74	0.64	0.7	0.78	0.82	0.76	0.74
18650	0.8	0.82	0.8	0.7	0.68	0.76	0.76	0.7	0.66	0.66	0.62	0.7	0.78	0.78	0.74	0.76
18700	0.78	0.8	0.8	0.68	0.68	0.74	0.72	0.68	0.64	0.68	0.64	0.68	0.78	0.76	0.72	0.76
18750	0.74	0.76	0.8	0.72	0.62	0.78	0.7	0.7	0.64	0.7	0.68	0.7	0.8	0.76	0.74	0.78
18800	0.76	0.72	0.82	0.74	0.54	0.8	0.74	0.74	0.68	0.72	0.66	0.7	0.84	0.76	0.7	0.8
18850	0.74	0.74	0.84	0.76	0.54	0.78	0.7	0.74	0.7	0.74	0.64	0.7	0.88	0.76	0.7	0.8
18900	0.74	0.74	0.84	0.78	0.56	0.76	0.72	0.74	0.74	0.8	0.66	0.76	0.88	0.78	0.76	0.8
18950	0.76	0.78	0.84	0.76	0.62	0.76	0.76	0.74	0.74	0.78	0.68	0.78	0.82	0.8	0.7	0.78
19000	0.76	0.82	0.84	0.76	0.6	0.74	0.82	0.76	0.76	0.78	0.74	0.84	0.84	0.84	0.72	0.78
19050	0.72	0.82	0.86	0.76	0.62	0.7	0.84	0.8	0.76	0.84	0.72	0.82	0.84	0.82	0.72	0.72
19100	0.72	0.8	0.9	0.8	0.64	0.68	0.88	0.84	0.78	0.84	0.78	0.82	0.86	0.8	0.7	0.78
19150	0.74	0.78	0.92	0.78	0.64	0.64	0.84	0.8	0.8	0.88	0.72	0.86	0.86	0.8	0.7	0.8
19200	0.74	0.72	0.9	0.8	0.7	0.66	0.8	0.82	0.82	0.9	0.68	0.84	0.8	0.78	0.7	0.78
19250	0.72	0.7	0.9	0.82	0.72	0.66	0.82	0.82	0.84	0.88	0.66	0.84	0.78	0.78	0.7	0.78
19300	0.7	0.68	0.9	0.82	0.76	0.66	0.84	0.78	0.82	0.88	0.66	0.82	0.78	0.8	0.68	0.78
19350	0.68	0.68	0.9	0.84	0.76	0.66	0.82	0.78	0.8	0.88	0.7	0.84	0.8	0.8	0.74	0.76
19400	0.68	0.68	0.9	0.84	0.76	0.64	0.82	0.74	0.78	0.88	0.72	0.84	0.82	0.8	0.78	0.78
19450	0.7	0.68	0.92	0.88	0.76	0.66	0.82	0.74	0.78	0.76	0.68	0.82	0.82	0.8	0.76	0.74
19500	0.68	0.7	0.88	0.86	0.74	0.7	0.78	0.7	0.82	0.76	0.68	0.78	0.82	0.76	0.76	0.72
19550	0.68	0.76	0.84	0.86	0.7	0.72	0.76	0.7	0.8	0.76	0.72	0.76	0.8	0.8	0.8	0.72
19600	0.66	0.78	0.86	0.84	0.68	0.72	0.8	0.7	0.78	0.78	0.68	0.7	0.78	0.82	0.84	0.72
19650	0.6	0.82	0.82	0.86	0.74	0.7	0.78	0.66	0.74	0.76	0.64	0.66	0.84	0.82	0.84	0.7
19700	0.66	0.86	0.76	0.82	0.74	0.72	0.76	0.64	0.7	0.74	0.58	0.66	0.84	0.8	0.78	0.7
19750	0.68	0.86	0.76	0.84	0.72	0.72	0.72	0.64	0.7	0.8	0.56	0.68	0.78	0.76	0.74	0.74
19800	0.68	0.88	0.72	0.82	0.74	0.76	0.7	0.66	0.74	0.8	0.54	0.7	0.78	0.76	0.72	0.74
19850	0.68	0.92	0.72	0.86	0.74	0.76	0.68	0.66	0.72	0.86	0.54	0.76	0.8	0.76	0.76	0.76
19900	0.64	0.92	0.7	0.74	0.74	0.74	0.68	0.68	0.7	0.86	0.6	0.82	0.74	0.76	0.76	0.78
19950	0.6	0.92	0.74	0.74	0.72	0.76	0.7	0.72	0.7	0.84	0.66	0.86	0.76	0.76	0.74	0.8
20000	0.68	0.92	0.68	0.74	0.72	0.78	0.78	0.72	0.74	0.82	0.66	0.86	0.78	0.74	0.72	0.76
