0	0.0	0.0	0.0	0.0	0.0	0.0	0.0	0.0	0.0	0.0	0.0	0.0	0.0	0.0	0.0	0.0
50	0.0	0.0	0.0	0.0	0.0	0.0	0.0	0.0	0.0	0.0	0.0	0.0	0.0	0.0	0.0	0.0
100	0.12	0.0	0.0	0.0	0.0	0.0	0.0	0.0	0.125	0.0666666666667	0.0	0.166666666667	0.0	0.166666666667	0.0	0.125
150	0.18	0.0	0.0	0.0	0.0	0.0714285714286	0.0	0.0	0.222222222222	0.166666666667	0.0	0.214285714286	0.0	0.125	0.142857142857	0.272727272727
200	0.24	0.0833333333333	0.0	0.0	0.0	0.125	0.2	0.0	0.133333333333	0.2	0.2	0.3125	0.0	0.0909090909091	0.210526315789	0.307692307692
250	0.34	0.210526315789	0.0	0.117647058824	0.2	0.210526315789	0.2	0.0666666666667	0.117647058824	0.208333333333	0.166666666667	0.318181818182	0.0952380952381	0.153846153846	0.181818181818	0.235294117647
300	0.32	0.285714285714	0.0	0.1	0.294117647059	0.25	0.176470588235	0.166666666667	0.157894736842	0.269230769231	0.176470588235	0.291666666667	0.0952380952381	0.142857142857	0.185185185185	0.263157894737
350	0.54	0.333333333333	0.0	0.24	0.294117647059	0.222222222222	0.166666666667	0.259259259259	0.208333333333	0.275862068966	0.25	0.40625	0.222222222222	0.222222222222	0.172413793103	0.285714285714
400	0.46	0.37037037037	0.0666666666667	0.310344827586	0.277777777778	0.25	0.157894736842	0.3	0.233333333333	0.342857142857	0.304347826087	0.388888888889	0.275862068966	0.272727272727	0.172413793103	0.230769230769
450	0.4	0.344827586207	0.0625	0.30303030303	0.272727272727	0.305555555556	0.142857142857	0.333333333333	0.294117647059	0.351351351351	0.346153846154	0.414634146341	0.258064516129	0.307692307692	0.181818181818	0.21875
500	0.44	0.354838709677	0.238095238095	0.27027027027	0.307692307692	0.325	0.166666666667	0.378378378378	0.315789473684	0.375	0.357142857143	0.395348837209	0.258064516129	0.290322580645	0.194444444444	0.243243243243
550	0.56	0.375	0.41935483871	0.307692307692	0.4	0.333333333333	0.178571428571	0.4	0.325	0.365853658537	0.375	0.382978723404	0.25	0.333333333333	0.194444444444	0.243243243243
600	0.56	0.363636363636	0.457142857143	0.341463414634	0.428571428571	0.333333333333	0.2	0.380952380952	0.325	0.409090909091	0.378378378378	0.408163265306	0.268292682927	0.375	0.210526315789	0.309523809524
650	0.52	0.371428571429	0.486486486486	0.311111111111	0.421052631579	0.36	0.236842105263	0.4	0.340909090909	0.44	0.404761904762	0.48	0.261904761905	0.357142857143	0.261904761905	0.295454545455
700	0.46	0.410256410256	0.5	0.285714285714	0.425	0.44	0.25	0.4375	0.333333333333	0.44	0.409090909091	0.52	0.239130434783	0.375	0.288888888889	0.291666666667
750	0.64	0.441860465116	0.5	0.32	0.428571428571	0.5	0.268292682927	0.48	0.333333333333	0.52	0.425531914894	0.54	0.229166666667	0.36	0.3125	0.30612244898
800	0.5	0.425531914894	0.521739130435	0.38	0.395833333333	0.5	0.261904761905	0.56	0.38	0.54	0.44	0.52	0.26	0.36	0.30612244898	0.36
850	0.44	0.428571428571	0.510204081633	0.4	0.4	0.5	0.272727272727	0.62	0.4	0.56	0.48	0.52	0.26	0.42	0.36	0.34
900	0.6	0.44	0.52	0.42	0.48	0.54	0.291666666667	0.6	0.4	0.56	0.5	0.56	0.3	0.5	0.42	0.34
950	0.58	0.46	0.56	0.42	0.5	0.6	0.34	0.58	0.38	0.56	0.56	0.58	0.34	0.5	0.46	0.38
1000	0.62	0.48	0.6	0.4	0.5	0.6	0.36	0.58	0.4	0.62	0.58	0.56	0.34	0.52	0.48	0.44
1050	0.7	0.54	0.64	0.42	0.5	0.58	0.34	0.56	0.46	0.66	0.62	0.56	0.38	0.52	0.54	0.46
1100	0.56	0.54	0.64	0.42	0.5	0.62	0.36	0.56	0.46	0.66	0.66	0.56	0.4	0.54	0.54	0.5
1150	0.52	0.54	0.68	0.38	0.5	0.62	0.38	0.52	0.44	0.64	0.68	0.56	0.4	0.58	0.6	0.56
1200	0.6	0.56	0.68	0.42	0.52	0.66	0.4	0.52	0.44	0.66	0.64	0.56	0.34	0.6	0.58	0.56
1250	0.54	0.56	0.68	0.46	0.54	0.64	0.46	0.54	0.44	0.66	0.64	0.58	0.38	0.62	0.6	0.56
1300	0.64	0.56	0.68	0.46	0.52	0.66	0.5	0.54	0.46	0.66	0.66	0.56	0.4	0.62	0.6	0.54
1350	0.54	0.6	0.68	0.5	0.54	0.64	0.52	0.48	0.44	0.68	0.66	0.58	0.4	0.62	0.54	0.52
1400	0.76	0.58	0.72	0.56	0.58	0.64	0.52	0.48	0.46	0.7	0.64	0.58	0.46	0.66	0.54	0.5
1450	0.6	0.58	0.7	0.56	0.58	0.62	0.5	0.46	0.44	0.68	0.7	0.6	0.46	0.72	0.56	0.52
1500	0.66	0.6	0.7	0.56	0.58	0.6	0.5	0.48	0.48	0.72	0.76	0.62	0.44	0.74	0.52	0.52
1550	0.54	0.64	0.68	0.56	0.54	0.6	0.5	0.42	0.48	0.72	0.78	0.68	0.48	0.74	0.5	0.52
1600	0.6	0.64	0.7	0.56	0.54	0.62	0.48	0.42	0.5	0.72	0.78	0.68	0.5	0.76	0.44	0.6
1650	0.6	0.6	0.72	0.58	0.58	0.6	0.5	0.44	0.48	0.74	0.78	0.7	0.52	0.74	0.4	0.6
1700	0.7	0.56	0.68	0.62	0.6	0.62	0.52	0.48	0.5	0.74	0.78	0.72	0.52	0.8	0.4	0.6
1750	0.66	0.58	0.68	0.62	0.58	0.64	0.5	0.54	0.54	0.76	0.76	0.74	0.54	0.78	0.42	0.56
1800	0.72	0.6	0.68	0.64	0.58	0.6	0.52	0.6	0.6	0.76	0.74	0.72	0.54	0.8	0.44	0.56
1850	0.58	0.6	0.68	0.64	0.58	0.56	0.56	0.62	0.6	0.74	0.74	0.7	0.56	0.8	0.44	0.56
1900	0.54	0.58	0.7	0.62	0.54	0.54	0.54	0.66	0.62	0.74	0.7	0.72	0.54	0.8	0.44	0.54
1950	0.7	0.58	0.7	0.62	0.56	0.54	0.52	0.68	0.6	0.7	0.7	0.72	0.52	0.82	0.46	0.58
2000	0.6	0.58	0.7	0.64	0.56	0.56	0.52	0.68	0.58	0.72	0.72	0.72	0.5	0.8	0.48	0.6
2050	0.64	0.54	0.68	0.66	0.56	0.56	0.52	0.66	0.6	0.74	0.72	0.78	0.54	0.78	0.56	0.62
2100	0.7	0.54	0.66	0.66	0.58	0.58	0.5	0.68	0.62	0.76	0.7	0.78	0.56	0.76	0.54	0.66
2150	0.62	0.52	0.64	0.68	0.6	0.58	0.54	0.7	0.62	0.74	0.68	0.76	0.58	0.76	0.5	0.64
2200	0.62	0.54	0.6	0.7	0.6	0.6	0.56	0.7	0.66	0.76	0.64	0.76	0.54	0.76	0.48	0.62
2250	0.74	0.5	0.6	0.7	0.58	0.62	0.58	0.74	0.66	0.76	0.62	0.74	0.54	0.78	0.52	0.7
2300	0.58	0.52	0.64	0.68	0.6	0.6	0.54	0.7	0.64	0.76	0.62	0.72	0.54	0.8	0.52	0.68
2350	0.66	0.52	0.64	0.66	0.6	0.58	0.6	0.74	0.62	0.8	0.6	0.72	0.52	0.82	0.5	0.68
2400	0.78	0.48	0.64	0.68	0.62	0.58	0.64	0.74	0.64	0.78	0.6	0.72	0.52	0.84	0.52	0.68
2450	0.64	0.46	0.68	0.72	0.66	0.58	0.64	0.72	0.64	0.74	0.6	0.7	0.52	0.84	0.48	0.68
2500	0.62	0.48	0.68	0.74	0.64	0.6	0.66	0.72	0.6	0.76	0.6	0.64	0.5	0.82	0.52	0.68
2550	0.78	0.52	0.64	0.72	0.68	0.62	0.66	0.72	0.6	0.74	0.6	0.64	0.52	0.84	0.52	0.68
2600	0.7	0.54	0.7	0.74	0.64	0.6	0.72	0.72	0.58	0.78	0.62	0.64	0.54	0.86	0.5	0.62
2650	0.82	0.58	0.72	0.72	0.72	0.58	0.72	0.74	0.56	0.8	0.62	0.64	0.54	0.86	0.5	0.62
2700	0.72	0.58	0.7	0.74	0.72	0.68	0.68	0.72	0.56	0.8	0.62	0.64	0.58	0.86	0.56	0.66
2750	0.7	0.58	0.7	0.74	0.72	0.68	0.72	0.72	0.58	0.78	0.64	0.68	0.62	0.88	0.54	0.68
2800	0.72	0.6	0.72	0.76	0.72	0.72	0.72	0.68	0.6	0.78	0.64	0.72	0.62	0.88	0.56	0.68
2850	0.64	0.6	0.72	0.72	0.72	0.72	0.72	0.7	0.6	0.76	0.68	0.72	0.6	0.88	0.56	0.72
2900	0.74	0.58	0.76	0.72	0.7	0.74	0.72	0.72	0.6	0.76	0.7	0.72	0.58	0.88	0.56	0.76
2950	0.6	0.58	0.78	0.7	0.72	0.7	0.72	0.72	0.6	0.74	0.72	0.68	0.62	0.88	0.6	0.7
3000	0.88	0.58	0.74	0.76	0.74	0.74	0.72	0.72	0.6	0.74	0.76	0.68	0.64	0.88	0.6	0.72
3050	0.72	0.58	0.74	0.76	0.78	0.74	0.74	0.74	0.56	0.72	0.76	0.68	0.64	0.88	0.6	0.7
3100	0.72	0.56	0.76	0.78	0.78	0.76	0.7	0.74	0.56	0.72	0.8	0.72	0.68	0.88	0.6	0.72
3150	0.76	0.58	0.74	0.82	0.78	0.78	0.7	0.72	0.54	0.76	0.82	0.74	0.7	0.88	0.6	0.68
3200	0.76	0.6	0.76	0.84	0.78	0.8	0.66	0.7	0.56	0.76	0.82	0.74	0.72	0.86	0.64	0.66
3250	0.84	0.64	0.76	0.84	0.8	0.78	0.66	0.7	0.56	0.74	0.88	0.74	0.72	0.86	0.64	0.64
3300	0.7	0.68	0.8	0.82	0.78	0.8	0.64	0.68	0.58	0.72	0.86	0.72	0.72	0.86	0.62	0.66
3350	0.78	0.62	0.82	0.8	0.78	0.8	0.64	0.66	0.62	0.74	0.9	0.72	0.68	0.82	0.64	0.72
3400	0.76	0.64	0.82	0.8	0.78	0.8	0.66	0.62	0.66	0.7	0.88	0.7	0.7	0.84	0.62	0.74
3450	0.68	0.64	0.82	0.78	0.76	0.8	0.68	0.62	0.66	0.72	0.9	0.68	0.7	0.84	0.6	0.7
3500	0.84	0.64	0.82	0.8	0.8	0.76	0.72	0.64	0.68	0.72	0.92	0.72	0.72	0.86	0.62	0.72
3550	0.78	0.64	0.84	0.84	0.8	0.74	0.72	0.66	0.68	0.74	0.94	0.68	0.72	0.86	0.62	0.68
3600	0.82	0.66	0.84	0.86	0.76	0.76	0.72	0.7	0.7	0.74	0.92	0.7	0.76	0.88	0.62	0.66
3650	0.7	0.62	0.8	0.86	0.76	0.78	0.74	0.68	0.7	0.76	0.92	0.7	0.8	0.88	0.68	0.68
3700	0.7	0.68	0.8	0.86	0.76	0.82	0.74	0.66	0.7	0.74	0.9	0.68	0.76	0.86	0.68	0.68
3750	0.82	0.7	0.78	0.88	0.74	0.82	0.74	0.66	0.7	0.78	0.9	0.64	0.74	0.88	0.7	0.74
3800	0.78	0.74	0.78	0.86	0.76	0.78	0.76	0.66	0.7	0.78	0.92	0.66	0.74	0.86	0.74	0.7
3850	0.8	0.76	0.78	0.86	0.76	0.78	0.8	0.66	0.68	0.78	0.92	0.68	0.78	0.82	0.72	0.68
3900	0.84	0.78	0.78	0.84	0.74	0.78	0.82	0.68	0.68	0.8	0.92	0.66	0.78	0.84	0.74	0.7
3950	0.78	0.8	0.8	0.82	0.76	0.8	0.84	0.62	0.68	0.82	0.92	0.7	0.76	0.84	0.72	0.72
4000	0.72	0.78	0.74	0.86	0.76	0.76	0.84	0.62	0.68	0.82	0.92	0.68	0.76	0.82	0.74	0.76
4050	0.82	0.78	0.74	0.86	0.76	0.74	0.84	0.62	0.72	0.82	0.92	0.7	0.8	0.84	0.7	0.78
4100	0.82	0.8	0.74	0.88	0.76	0.74	0.84	0.62	0.7	0.82	0.9	0.72	0.82	0.84	0.68	0.8
4150	0.8	0.78	0.74	0.86	0.78	0.78	0.82	0.64	0.72	0.84	0.9	0.74	0.82	0.84	0.72	0.8
4200	0.74	0.8	0.74	0.84	0.8	0.8	0.82	0.64	0.72	0.8	0.9	0.78	0.78	0.82	0.72	0.82
4250	0.72	0.8	0.72	0.84	0.8	0.76	0.82	0.62	0.76	0.8	0.88	0.78	0.76	0.8	0.72	0.8
4300	0.76	0.76	0.72	0.82	0.8	0.78	0.82	0.64	0.74	0.78	0.86	0.76	0.78	0.8	0.72	0.82
4350	0.84	0.8	0.72	0.8	0.86	0.78	0.82	0.62	0.76	0.82	0.86	0.8	0.78	0.82	0.72	0.82
4400	0.76	0.8	0.72	0.78	0.88	0.74	0.84	0.62	0.74	0.82	0.82	0.86	0.74	0.84	0.7	0.82
4450	0.76	0.82	0.74	0.78	0.9	0.72	0.82	0.62	0.72	0.82	0.78	0.86	0.76	0.82	0.7	0.8
4500	0.68	0.8	0.74	0.78	0.9	0.7	0.82	0.58	0.68	0.82	0.76	0.84	0.76	0.82	0.7	0.78
4550	0.74	0.8	0.74	0.78	0.92	0.7	0.78	0.56	0.7	0.82	0.74	0.84	0.74	0.84	0.7	0.78
4600	0.74	0.78	0.72	0.78	0.96	0.72	0.76	0.56	0.7	0.8	0.76	0.84	0.76	0.86	0.7	0.8
4650	0.8	0.78	0.74	0.76	0.96	0.7	0.78	0.54	0.7	0.8	0.76	0.84	0.72	0.86	0.7	0.82
4700	0.64	0.72	0.74	0.76	0.96	0.68	0.76	0.54	0.68	0.8	0.76	0.84	0.7	0.86	0.72	0.8
4750	0.76	0.7	0.76	0.74	0.94	0.66	0.76	0.56	0.7	0.8	0.76	0.86	0.66	0.86	0.74	0.8
4800	0.8	0.68	0.76	0.76	0.96	0.66	0.76	0.52	0.66	0.8	0.76	0.86	0.62	0.86	0.74	0.8
4850	0.76	0.64	0.76	0.74	0.96	0.68	0.78	0.56	0.68	0.82	0.74	0.86	0.6	0.88	0.78	0.78
4900	0.76	0.66	0.78	0.74	0.96	0.7	0.76	0.56	0.68	0.86	0.72	0.86	0.58	0.88	0.78	0.78
4950	0.74	0.62	0.78	0.72	0.94	0.68	0.78	0.58	0.66	0.88	0.74	0.84	0.6	0.88	0.78	0.76
5000	0.72	0.66	0.78	0.7	0.94	0.74	0.8	0.6	0.64	0.88	0.72	0.84	0.58	0.88	0.78	0.76
5050	0.84	0.68	0.8	0.72	0.96	0.76	0.78	0.58	0.64	0.9	0.76	0.8	0.6	0.88	0.78	0.72
5100	0.82	0.7	0.82	0.72	0.94	0.72	0.76	0.6	0.64	0.9	0.78	0.76	0.58	0.88	0.82	0.68
5150	0.86	0.66	0.84	0.74	0.94	0.72	0.78	0.62	0.66	0.9	0.82	0.74	0.56	0.88	0.82	0.68
5200	0.86	0.64	0.84	0.74	0.94	0.72	0.78	0.64	0.64	0.9	0.82	0.78	0.58	0.88	0.82	0.68
5250	0.84	0.66	0.86	0.76	0.92	0.7	0.78	0.66	0.68	0.92	0.8	0.76	0.6	0.9	0.88	0.68
5300	0.84	0.68	0.86	0.74	0.9	0.7	0.8	0.7	0.72	0.92	0.78	0.76	0.62	0.9	0.86	0.68
5350	0.78	0.7	0.86	0.7	0.88	0.74	0.8	0.72	0.72	0.94	0.8	0.74	0.64	0.88	0.82	0.68
5400	0.88	0.72	0.84	0.7	0.88	0.78	0.9	0.74	0.82	0.92	0.78	0.74	0.64	0.88	0.82	0.72
5450	0.78	0.74	0.88	0.7	0.86	0.78	0.86	0.74	0.78	0.92	0.78	0.72	0.72	0.88	0.84	0.74
5500	0.76	0.74	0.88	0.7	0.86	0.76	0.86	0.76	0.82	0.92	0.78	0.7	0.72	0.88	0.84	0.72
5550	0.72	0.76	0.9	0.7	0.86	0.78	0.86	0.76	0.8	0.88	0.78	0.74	0.74	0.86	0.86	0.72
5600	0.82	0.76	0.9	0.7	0.86	0.78	0.86	0.8	0.8	0.84	0.74	0.72	0.74	0.86	0.86	0.74
5650	0.74	0.8	0.9	0.7	0.88	0.74	0.84	0.8	0.78	0.82	0.76	0.74	0.76	0.86	0.88	0.76
5700	0.74	0.78	0.86	0.74	0.88	0.76	0.86	0.8	0.82	0.82	0.72	0.76	0.76	0.86	0.9	0.72
5750	0.58	0.7	0.84	0.76	0.82	0.74	0.82	0.82	0.82	0.84	0.72	0.72	0.76	0.84	0.9	0.72
5800	0.72	0.74	0.82	0.76	0.82	0.76	0.82	0.86	0.82	0.84	0.68	0.7	0.72	0.84	0.88	0.74
5850	0.76	0.72	0.82	0.78	0.8	0.72	0.82	0.84	0.8	0.8	0.64	0.72	0.74	0.84	0.86	0.76
5900	0.76	0.72	0.8	0.74	0.8	0.72	0.84	0.84	0.82	0.76	0.62	0.74	0.78	0.86	0.8	0.76
5950	0.72	0.72	0.76	0.74	0.8	0.74	0.8	0.78	0.8	0.76	0.62	0.74	0.78	0.84	0.78	0.78
6000	0.76	0.68	0.76	0.74	0.82	0.74	0.74	0.76	0.8	0.74	0.62	0.72	0.8	0.84	0.78	0.8
6050	0.76	0.64	0.76	0.74	0.84	0.72	0.7	0.72	0.8	0.74	0.62	0.74	0.82	0.8	0.78	0.8
6100	0.82	0.66	0.76	0.7	0.84	0.74	0.72	0.74	0.78	0.74	0.64	0.74	0.82	0.78	0.76	0.8
6150	0.86	0.68	0.78	0.76	0.84	0.74	0.7	0.72	0.8	0.72	0.64	0.74	0.82	0.8	0.78	0.8
6200	0.8	0.68	0.78	0.78	0.84	0.76	0.68	0.72	0.82	0.72	0.62	0.78	0.82	0.8	0.82	0.78
6250	0.9	0.7	0.78	0.78	0.84	0.78	0.68	0.7	0.84	0.72	0.62	0.8	0.8	0.84	0.8	0.78
6300	0.88	0.72	0.78	0.8	0.84	0.78	0.7	0.7	0.88	0.76	0.64	0.82	0.78	0.84	0.8	0.78
6350	0.82	0.68	0.78	0.78	0.84	0.76	0.72	0.7	0.86	0.78	0.64	0.82	0.76	0.86	0.8	0.78
6400	0.74	0.68	0.76	0.76	0.84	0.76	0.74	0.72	0.84	0.78	0.62	0.84	0.78	0.84	0.8	0.82
6450	0.82	0.68	0.78	0.76	0.88	0.78	0.76	0.68	0.84	0.8	0.66	0.86	0.78	0.84	0.82	0.86
6500	0.82	0.7	0.82	0.78	0.88	0.8	0.78	0.68	0.84	0.76	0.72	0.84	0.78	0.86	0.82	0.86
6550	0.78	0.72	0.82	0.82	0.92	0.8	0.74	0.68	0.86	0.76	0.72	0.86	0.82	0.86	0.82	0.84
6600	0.84	0.66	0.82	0.82	0.9	0.82	0.74	0.7	0.84	0.8	0.72	0.9	0.82	0.86	0.82	0.84
6650	0.8	0.66	0.8	0.86	0.9	0.86	0.74	0.74	0.88	0.8	0.76	0.9	0.82	0.86	0.8	0.8
6700	0.8	0.68	0.82	0.88	0.9	0.88	0.76	0.76	0.88	0.82	0.76	0.88	0.8	0.84	0.78	0.8
6750	0.84	0.7	0.8	0.86	0.9	0.88	0.76	0.78	0.88	0.82	0.74	0.88	0.82	0.82	0.78	0.8
6800	0.78	0.64	0.82	0.88	0.9	0.88	0.78	0.78	0.9	0.82	0.74	0.86	0.82	0.84	0.84	0.8
6850	0.78	0.64	0.8	0.88	0.88	0.88	0.82	0.76	0.9	0.8	0.7	0.86	0.82	0.84	0.86	0.78
6900	0.82	0.62	0.82	0.86	0.86	0.88	0.86	0.76	0.9	0.76	0.72	0.86	0.8	0.88	0.86	0.78
6950	0.76	0.62	0.8	0.82	0.82	0.86	0.88	0.8	0.9	0.78	0.74	0.86	0.74	0.88	0.86	0.78
7000	0.8	0.6	0.82	0.82	0.8	0.86	0.88	0.82	0.92	0.76	0.74	0.84	0.74	0.9	0.84	0.78
7050	0.8	0.54	0.82	0.82	0.8	0.9	0.86	0.84	0.92	0.78	0.74	0.8	0.76	0.9	0.84	0.78
7100	0.78	0.54	0.8	0.82	0.78	0.9	0.86	0.84	0.94	0.78	0.74	0.78	0.76	0.88	0.78	0.76
7150	0.86	0.56	0.82	0.84	0.78	0.94	0.84	0.84	0.92	0.74	0.76	0.78	0.76	0.9	0.8	0.78
7200	0.76	0.56	0.84	0.86	0.78	0.96	0.82	0.84	0.92	0.72	0.78	0.78	0.76	0.88	0.74	0.76
7250	0.74	0.56	0.84	0.84	0.78	0.96	0.82	0.84	0.92	0.72	0.72	0.78	0.72	0.86	0.72	0.76
7300	0.72	0.56	0.8	0.8	0.8	0.96	0.82	0.84	0.9	0.72	0.74	0.78	0.7	0.86	0.72	0.76
7350	0.74	0.56	0.82	0.78	0.78	0.92	0.86	0.86	0.88	0.72	0.72	0.78	0.7	0.88	0.74	0.76
7400	0.82	0.58	0.8	0.78	0.8	0.92	0.86	0.8	0.88	0.7	0.74	0.8	0.74	0.88	0.7	0.76
7450	0.72	0.58	0.78	0.78	0.8	0.92	0.84	0.78	0.86	0.72	0.78	0.82	0.74	0.88	0.68	0.74
7500	0.84	0.56	0.8	0.78	0.8	0.92	0.82	0.76	0.86	0.78	0.8	0.82	0.74	0.88	0.68	0.74
7550	0.76	0.54	0.78	0.78	0.88	0.92	0.82	0.74	0.84	0.8	0.8	0.8	0.76	0.88	0.68	0.74
7600	0.8	0.56	0.76	0.78	0.9	0.88	0.82	0.7	0.8	0.8	0.8	0.8	0.8	0.88	0.66	0.76
7650	0.78	0.54	0.76	0.78	0.9	0.86	0.82	0.7	0.8	0.8	0.8	0.8	0.82	0.88	0.68	0.74
7700	0.84	0.56	0.76	0.78	0.9	0.84	0.82	0.7	0.8	0.78	0.82	0.8	0.82	0.88	0.68	0.74
7750	0.88	0.58	0.72	0.78	0.9	0.86	0.84	0.7	0.8	0.8	0.84	0.82	0.82	0.88	0.7	0.74
7800	0.82	0.56	0.74	0.82	0.9	0.86	0.84	0.66	0.8	0.8	0.84	0.78	0.82	0.88	0.7	0.78
7850	0.86	0.6	0.72	0.84	0.88	0.84	0.84	0.66	0.8	0.84	0.84	0.8	0.82	0.9	0.68	0.8
7900	0.78	0.64	0.7	0.82	0.86	0.8	0.82	0.66	0.8	0.88	0.84	0.82	0.82	0.88	0.74	0.78
7950	0.84	0.68	0.72	0.82	0.86	0.78	0.82	0.66	0.8	0.88	0.8	0.82	0.82	0.88	0.74	0.76
8000	0.88	0.72	0.72	0.8	0.86	0.78	0.88	0.66	0.84	0.88	0.86	0.82	0.86	0.9	0.74	0.76
8050	0.78	0.72	0.74	0.82	0.86	0.8	0.86	0.66	0.86	0.88	0.86	0.78	0.88	0.92	0.76	0.76
8100	0.9	0.72	0.74	0.82	0.86	0.82	0.84	0.64	0.86	0.9	0.88	0.8	0.88	0.92	0.78	0.76
8150	0.86	0.72	0.72	0.84	0.9	0.82	0.84	0.7	0.86	0.94	0.88	0.76	0.86	0.94	0.8	0.78
8200	0.76	0.74	0.72	0.84	0.9	0.82	0.84	0.7	0.86	0.9	0.86	0.78	0.86	0.94	0.82	0.78
8250	0.8	0.72	0.7	0.82	0.9	0.8	0.84	0.7	0.9	0.88	0.9	0.78	0.84	0.94	0.8	0.8
8300	0.78	0.72	0.74	0.76	0.9	0.84	0.86	0.74	0.92	0.88	0.9	0.78	0.82	0.94	0.78	0.8
8350	0.72	0.72	0.72	0.72	0.86	0.84	0.88	0.72	0.92	0.86	0.92	0.74	0.84	0.96	0.76	0.84
8400	0.86	0.72	0.76	0.72	0.86	0.84	0.88	0.76	0.92	0.86	0.94	0.78	0.82	0.94	0.74	0.82
8450	0.7	0.72	0.76	0.74	0.88	0.84	0.84	0.76	0.92	0.86	0.92	0.78	0.76	0.94	0.72	0.82
8500	0.76	0.7	0.72	0.74	0.86	0.84	0.82	0.76	0.94	0.88	0.88	0.78	0.78	0.92	0.72	0.82
8550	0.86	0.7	0.74	0.74	0.86	0.84	0.84	0.74	0.94	0.88	0.88	0.8	0.78	0.9	0.72	0.82
8600	0.88	0.72	0.76	0.76	0.82	0.84	0.88	0.74	0.96	0.88	0.88	0.84	0.78	0.9	0.74	0.8
8650	0.82	0.66	0.72	0.78	0.82	0.86	0.88	0.74	0.94	0.88	0.92	0.84	0.76	0.9	0.74	0.82
8700	0.82	0.64	0.72	0.78	0.8	0.86	0.86	0.76	0.94	0.88	0.92	0.84	0.76	0.88	0.72	0.84
8750	0.8	0.62	0.68	0.78	0.82	0.84	0.86	0.8	0.94	0.88	0.92	0.82	0.76	0.88	0.7	0.86
8800	0.72	0.6	0.68	0.78	0.82	0.84	0.88	0.76	0.94	0.88	0.92	0.82	0.72	0.9	0.7	0.8
8850	0.74	0.58	0.7	0.8	0.84	0.84	0.88	0.74	0.92	0.88	0.9	0.82	0.7	0.88	0.72	0.76
8900	0.86	0.56	0.68	0.8	0.84	0.84	0.9	0.74	0.92	0.88	0.92	0.86	0.72	0.86	0.7	0.74
8950	0.8	0.54	0.68	0.82	0.84	0.84	0.9	0.74	0.9	0.86	0.92	0.86	0.7	0.86	0.74	0.7
9000	0.92	0.54	0.7	0.88	0.84	0.86	0.9	0.74	0.9	0.86	0.92	0.88	0.76	0.86	0.72	0.72
9050	0.74	0.58	0.74	0.88	0.82	0.82	0.9	0.74	0.9	0.84	0.9	0.86	0.74	0.88	0.76	0.72
9100	0.76	0.58	0.72	0.9	0.8	0.82	0.9	0.7	0.88	0.8	0.92	0.9	0.76	0.88	0.74	0.72
9150	0.84	0.58	0.74	0.92	0.8	0.8	0.88	0.7	0.88	0.78	0.94	0.94	0.78	0.9	0.72	0.72
9200	0.84	0.58	0.74	0.94	0.8	0.78	0.88	0.72	0.88	0.8	0.94	0.94	0.76	0.92	0.7	0.7
9250	0.84	0.6	0.74	0.92	0.8	0.78	0.84	0.74	0.88	0.78	0.94	0.92	0.78	0.94	0.68	0.7
9300	0.76	0.62	0.76	0.92	0.8	0.78	0.86	0.72	0.86	0.78	0.92	0.94	0.72	0.9	0.7	0.68
9350	0.76	0.62	0.78	0.9	0.8	0.82	0.86	0.72	0.84	0.78	0.92	0.94	0.78	0.9	0.7	0.66
9400	0.74	0.6	0.82	0.86	0.8	0.82	0.86	0.72	0.84	0.8	0.92	0.92	0.78	0.9	0.66	0.7
9450	0.78	0.6	0.84	0.86	0.78	0.8	0.86	0.74	0.84	0.8	0.92	0.9	0.8	0.9	0.66	0.7
9500	0.78	0.66	0.84	0.84	0.8	0.82	0.84	0.74	0.86	0.8	0.88	0.9	0.8	0.88	0.68	0.68
9550	0.88	0.68	0.86	0.86	0.78	0.86	0.84	0.76	0.86	0.78	0.88	0.9	0.78	0.88	0.66	0.68
9600	0.78	0.66	0.9	0.86	0.8	0.86	0.84	0.76	0.9	0.74	0.86	0.9	0.76	0.88	0.64	0.7
9650	0.82	0.64	0.9	0.86	0.82	0.84	0.84	0.8	0.9	0.76	0.86	0.88	0.78	0.86	0.62	0.74
9700	0.78	0.68	0.88	0.86	0.82	0.84	0.84	0.78	0.9	0.72	0.86	0.86	0.74	0.84	0.66	0.74
9750	0.84	0.7	0.88	0.86	0.82	0.82	0.84	0.8	0.9	0.72	0.86	0.86	0.74	0.84	0.62	0.76
9800	0.78	0.7	0.88	0.86	0.78	0.8	0.84	0.8	0.92	0.74	0.84	0.86	0.76	0.82	0.6	0.78
9850	0.72	0.68	0.88	0.84	0.76	0.84	0.84	0.82	0.9	0.78	0.84	0.84	0.74	0.82	0.58	0.78
9900	0.82	0.7	0.88	0.84	0.74	0.84	0.82	0.84	0.88	0.8	0.84	0.82	0.72	0.82	0.56	0.78
9950	0.96	0.72	0.9	0.84	0.76	0.84	0.88	0.86	0.88	0.8	0.84	0.82	0.78	0.8	0.62	0.8
10000	0.74	0.74	0.9	0.86	0.74	0.78	0.9	0.82	0.88	0.82	0.84	0.8	0.78	0.78	0.66	0.74
10050	0.84	0.74	0.88	0.84	0.76	0.78	0.9	0.82	0.88	0.82	0.84	0.82	0.76	0.76	0.7	0.76
10100	0.9	0.74	0.9	0.84	0.76	0.78	0.92	0.84	0.88	0.8	0.84	0.8	0.76	0.82	0.7	0.76
10150	0.82	0.74	0.9	0.88	0.76	0.78	0.92	0.84	0.92	0.78	0.82	0.8	0.76	0.8	0.7	0.78
10200	0.82	0.78	0.9	0.9	0.76	0.8	0.9	0.8	0.92	0.76	0.82	0.8	0.76	0.84	0.72	0.78
10250	0.84	0.8	0.88	0.92	0.76	0.8	0.88	0.8	0.92	0.78	0.82	0.82	0.78	0.84	0.74	0.78
10300	0.86	0.8	0.88	0.92	0.78	0.78	0.88	0.8	0.92	0.78	0.78	0.84	0.78	0.86	0.76	0.8
10350	0.8	0.8	0.86	0.88	0.82	0.78	0.88	0.78	0.92	0.8	0.8	0.88	0.8	0.86	0.74	0.8
10400	0.8	0.8	0.84	0.88	0.84	0.76	0.88	0.78	0.9	0.8	0.8	0.84	0.8	0.86	0.76	0.8
10450	0.8	0.8	0.84	0.84	0.84	0.8	0.88	0.76	0.88	0.78	0.82	0.86	0.78	0.88	0.84	0.82
10500	0.76	0.76	0.8	0.84	0.86	0.8	0.88	0.76	0.88	0.78	0.82	0.86	0.8	0.88	0.84	0.82
10550	0.86	0.78	0.82	0.82	0.88	0.76	0.88	0.76	0.88	0.78	0.82	0.84	0.78	0.88	0.84	0.82
10600	0.88	0.82	0.84	0.8	0.9	0.78	0.88	0.8	0.88	0.78	0.8	0.84	0.8	0.88	0.84	0.82
10650	0.78	0.82	0.84	0.8	0.94	0.8	0.86	0.78	0.88	0.8	0.78	0.86	0.82	0.9	0.82	0.76
10700	0.74	0.8	0.82	0.82	0.94	0.8	0.88	0.76	0.84	0.78	0.78	0.82	0.82	0.9	0.8	0.8
10750	0.84	0.8	0.82	0.82	0.9	0.82	0.88	0.72	0.86	0.78	0.82	0.82	0.82	0.92	0.78	0.78
10800	0.7	0.78	0.82	0.82	0.9	0.82	0.88	0.72	0.8	0.78	0.8	0.8	0.84	0.9	0.74	0.8
10850	0.9	0.82	0.82	0.8	0.92	0.82	0.88	0.76	0.8	0.8	0.8	0.78	0.84	0.9	0.78	0.82
10900	0.74	0.8	0.82	0.8	0.92	0.8	0.88	0.74	0.78	0.8	0.74	0.74	0.82	0.88	0.8	0.86
10950	0.86	0.8	0.82	0.8	0.9	0.82	0.88	0.74	0.78	0.8	0.72	0.68	0.82	0.88	0.8	0.86
11000	0.86	0.8	0.8	0.8	0.88	0.82	0.88	0.76	0.78	0.82	0.74	0.66	0.82	0.88	0.8	0.84
11050	0.72	0.78	0.78	0.8	0.88	0.82	0.9	0.74	0.78	0.84	0.76	0.66	0.78	0.88	0.82	0.82
11100	0.84	0.82	0.8	0.78	0.88	0.84	0.92	0.76	0.78	0.82	0.76	0.68	0.76	0.9	0.8	0.82
11150	0.76	0.8	0.84	0.78	0.88	0.8	0.92	0.74	0.78	0.82	0.76	0.68	0.78	0.9	0.78	0.82
11200	0.84	0.8	0.82	0.78	0.86	0.8	0.9	0.76	0.8	0.82	0.8	0.68	0.76	0.9	0.78	0.8
11250	0.82	0.84	0.84	0.76	0.86	0.84	0.92	0.76	0.8	0.82	0.78	0.72	0.78	0.9	0.76	0.8
11300	0.74	0.84	0.82	0.74	0.84	0.86	0.92	0.74	0.76	0.8	0.8	0.7	0.78	0.9	0.76	0.78
11350	0.7	0.84	0.8	0.76	0.8	0.86	0.92	0.74	0.74	0.8	0.82	0.74	0.76	0.88	0.74	0.7
11400	0.88	0.86	0.8	0.78	0.8	0.86	0.94	0.74	0.76	0.8	0.82	0.72	0.76	0.9	0.74	0.7
11450	0.82	0.86	0.82	0.74	0.74	0.86	0.94	0.74	0.8	0.8	0.84	0.7	0.76	0.88	0.74	0.72
11500	0.82	0.88	0.8	0.72	0.74	0.86	0.94	0.72	0.8	0.82	0.88	0.68	0.76	0.88	0.78	0.74
11550	0.78	0.86	0.8	0.72	0.78	0.8	0.94	0.72	0.78	0.78	0.92	0.7	0.76	0.9	0.74	0.74
11600	0.84	0.86	0.84	0.72	0.78	0.82	0.94	0.74	0.8	0.78	0.92	0.74	0.74	0.9	0.78	0.72
11650	0.78	0.86	0.82	0.68	0.78	0.8	0.92	0.76	0.82	0.76	0.92	0.74	0.76	0.9	0.78	0.72
11700	0.84	0.86	0.8	0.66	0.76	0.78	0.92	0.76	0.84	0.78	0.92	0.78	0.78	0.88	0.82	0.7
11750	0.76	0.86	0.84	0.68	0.72	0.76	0.92	0.72	0.84	0.78	0.9	0.8	0.78	0.86	0.8	0.7
11800	0.72	0.86	0.82	0.68	0.7	0.82	0.9	0.72	0.8	0.74	0.94	0.8	0.78	0.86	0.78	0.7
11850	0.72	0.82	0.82	0.68	0.66	0.84	0.9	0.7	0.82	0.74	0.9	0.78	0.82	0.88	0.8	0.68
11900	0.64	0.78	0.8	0.62	0.66	0.84	0.9	0.74	0.8	0.74	0.9	0.74	0.8	0.88	0.78	0.66
11950	0.8	0.78	0.8	0.64	0.68	0.84	0.9	0.72	0.78	0.72	0.88	0.7	0.78	0.9	0.76	0.68
12000	0.72	0.78	0.78	0.64	0.7	0.8	0.88	0.72	0.76	0.72	0.9	0.68	0.78	0.92	0.78	0.68
12050	0.76	0.74	0.76	0.64	0.7	0.8	0.88	0.72	0.76	0.7	0.88	0.66	0.8	0.92	0.8	0.68
12100	0.66	0.7	0.78	0.64	0.7	0.8	0.88	0.7	0.76	0.72	0.86	0.68	0.78	0.92	0.8	0.66
12150	0.8	0.68	0.76	0.62	0.72	0.8	0.86	0.72	0.78	0.72	0.84	0.68	0.8	0.92	0.82	0.68
12200	0.76	0.68	0.76	0.6	0.72	0.84	0.86	0.7	0.78	0.74	0.78	0.72	0.82	0.92	0.84	0.6
12250	0.7	0.66	0.74	0.58	0.74	0.84	0.84	0.7	0.74	0.72	0.74	0.74	0.82	0.96	0.82	0.6
12300	0.74	0.66	0.7	0.62	0.76	0.88	0.82	0.68	0.7	0.74	0.74	0.74	0.82	0.96	0.82	0.6
12350	0.7	0.6	0.66	0.62	0.74	0.88	0.82	0.66	0.74	0.74	0.74	0.66	0.82	0.98	0.82	0.6
12400	0.78	0.6	0.66	0.6	0.74	0.9	0.82	0.64	0.74	0.72	0.74	0.68	0.84	1.0	0.82	0.6
12450	0.64	0.56	0.66	0.56	0.72	0.92	0.8	0.68	0.74	0.66	0.72	0.66	0.82	1.0	0.84	0.6
12500	0.66	0.56	0.68	0.54	0.68	0.9	0.76	0.68	0.72	0.64	0.72	0.7	0.82	1.0	0.84	0.56
12550	0.74	0.56	0.68	0.54	0.72	0.88	0.72	0.68	0.76	0.64	0.68	0.7	0.84	1.0	0.9	0.54
12600	0.72	0.56	0.68	0.54	0.72	0.88	0.7	0.68	0.76	0.64	0.64	0.76	0.84	1.0	0.92	0.58
12650	0.76	0.54	0.68	0.56	0.72	0.88	0.66	0.7	0.76	0.66	0.64	0.74	0.86	1.0	0.88	0.56
12700	0.74	0.56	0.64	0.56	0.74	0.88	0.64	0.7	0.76	0.66	0.62	0.74	0.86	0.98	0.88	0.58
12750	0.6	0.56	0.64	0.54	0.72	0.88	0.6	0.72	0.74	0.64	0.64	0.72	0.84	0.98	0.88	0.56
12800	0.88	0.56	0.64	0.56	0.7	0.88	0.64	0.72	0.76	0.64	0.66	0.72	0.84	0.96	0.86	0.6
12850	0.82	0.54	0.64	0.58	0.7	0.86	0.66	0.76	0.76	0.64	0.68	0.74	0.84	0.94	0.88	0.6
12900	0.8	0.58	0.64	0.58	0.7	0.86	0.68	0.76	0.78	0.62	0.68	0.74	0.82	0.94	0.86	0.64
12950	0.76	0.62	0.64	0.58	0.7	0.86	0.68	0.76	0.78	0.64	0.7	0.72	0.8	0.94	0.86	0.66
13000	0.74	0.64	0.64	0.6	0.72	0.86	0.66	0.76	0.74	0.64	0.68	0.78	0.78	0.92	0.84	0.66
13050	0.76	0.62	0.62	0.58	0.74	0.86	0.7	0.76	0.82	0.64	0.7	0.72	0.76	0.92	0.84	0.66
13100	0.72	0.58	0.62	0.64	0.72	0.92	0.7	0.76	0.8	0.66	0.7	0.7	0.72	0.9	0.84	0.68
13150	0.8	0.58	0.68	0.66	0.7	0.92	0.72	0.76	0.8	0.66	0.74	0.7	0.74	0.88	0.8	0.74
13200	0.8	0.6	0.7	0.68	0.72	0.9	0.72	0.76	0.82	0.64	0.74	0.72	0.74	0.88	0.8	0.74
13250	0.7	0.6	0.7	0.66	0.7	0.9	0.74	0.78	0.82	0.62	0.74	0.72	0.76	0.88	0.82	0.7
13300	0.72	0.58	0.64	0.7	0.72	0.92	0.74	0.78	0.82	0.64	0.76	0.72	0.74	0.9	0.82	0.72
13350	0.64	0.58	0.56	0.72	0.74	0.92	0.76	0.76	0.8	0.66	0.8	0.68	0.72	0.88	0.8	0.72
13400	0.66	0.6	0.56	0.74	0.72	0.92	0.78	0.74	0.82	0.68	0.82	0.68	0.74	0.84	0.78	0.72
13450	0.68	0.62	0.58	0.7	0.74	0.9	0.8	0.76	0.84	0.7	0.84	0.68	0.74	0.84	0.74	0.68
13500	0.64	0.56	0.56	0.66	0.72	0.92	0.8	0.74	0.8	0.68	0.82	0.68	0.72	0.84	0.74	0.68
13550	0.62	0.56	0.56	0.62	0.72	0.9	0.78	0.74	0.78	0.68	0.82	0.7	0.7	0.82	0.78	0.66
13600	0.76	0.6	0.58	0.6	0.68	0.9	0.78	0.7	0.8	0.68	0.8	0.7	0.72	0.8	0.78	0.7
13650	0.74	0.58	0.58	0.64	0.62	0.92	0.76	0.68	0.82	0.68	0.78	0.7	0.72	0.82	0.76	0.7
13700	0.74	0.6	0.58	0.62	0.6	0.92	0.76	0.68	0.84	0.68	0.76	0.72	0.72	0.82	0.76	0.68
13750	0.68	0.56	0.58	0.6	0.58	0.9	0.8	0.7	0.82	0.66	0.78	0.7	0.72	0.84	0.78	0.66
13800	0.7	0.54	0.56	0.58	0.56	0.9	0.8	0.66	0.84	0.66	0.8	0.64	0.72	0.82	0.78	0.66
13850	0.7	0.54	0.58	0.6	0.58	0.88	0.82	0.62	0.86	0.62	0.76	0.62	0.74	0.82	0.8	0.66
13900	0.72	0.54	0.56	0.58	0.6	0.88	0.84	0.66	0.86	0.62	0.78	0.58	0.72	0.8	0.78	0.64
13950	0.7	0.54	0.58	0.56	0.56	0.86	0.84	0.68	0.84	0.62	0.76	0.6	0.72	0.8	0.76	0.68
14000	0.84	0.58	0.58	0.56	0.56	0.86	0.88	0.68	0.86	0.64	0.72	0.6	0.72	0.82	0.76	0.72
14050	0.62	0.58	0.58	0.54	0.54	0.86	0.86	0.68	0.84	0.66	0.72	0.6	0.74	0.8	0.74	0.72
14100	0.68	0.58	0.6	0.5	0.5	0.78	0.82	0.7	0.88	0.7	0.72	0.62	0.74	0.82	0.76	0.76
14150	0.62	0.62	0.6	0.5	0.52	0.78	0.8	0.68	0.86	0.66	0.7	0.62	0.74	0.8	0.76	0.76
14200	0.66	0.62	0.6	0.52	0.52	0.72	0.8	0.68	0.86	0.6	0.7	0.62	0.76	0.8	0.78	0.76
14250	0.84	0.68	0.6	0.58	0.5	0.74	0.82	0.7	0.9	0.62	0.68	0.62	0.78	0.78	0.78	0.78
14300	0.68	0.68	0.62	0.58	0.54	0.72	0.78	0.7	0.88	0.6	0.7	0.62	0.72	0.76	0.78	0.78
14350	0.66	0.68	0.6	0.58	0.56	0.74	0.8	0.7	0.88	0.58	0.7	0.62	0.74	0.76	0.8	0.76
14400	0.74	0.7	0.6	0.62	0.56	0.72	0.8	0.7	0.9	0.6	0.7	0.6	0.78	0.74	0.8	0.78
14450	0.74	0.7	0.64	0.64	0.56	0.7	0.76	0.72	0.9	0.62	0.66	0.58	0.8	0.72	0.82	0.8
14500	0.62	0.72	0.64	0.66	0.58	0.7	0.76	0.74	0.86	0.66	0.66	0.58	0.78	0.7	0.8	0.8
14550	0.68	0.72	0.62	0.64	0.58	0.7	0.76	0.72	0.84	0.7	0.7	0.56	0.78	0.68	0.8	0.78
14600	0.78	0.72	0.62	0.66	0.6	0.72	0.76	0.7	0.84	0.66	0.7	0.58	0.78	0.64	0.78	0.76
14650	0.7	0.72	0.62	0.66	0.6	0.7	0.76	0.7	0.84	0.64	0.7	0.58	0.78	0.64	0.8	0.74
14700	0.72	0.68	0.62	0.7	0.6	0.74	0.72	0.7	0.82	0.66	0.7	0.6	0.78	0.66	0.82	0.74
14750	0.64	0.62	0.62	0.7	0.6	0.74	0.7	0.7	0.82	0.68	0.7	0.6	0.76	0.64	0.8	0.7
14800	0.68	0.58	0.64	0.74	0.58	0.74	0.68	0.7	0.82	0.68	0.7	0.62	0.72	0.64	0.8	0.7
14850	0.52	0.52	0.64	0.72	0.58	0.76	0.64	0.72	0.82	0.66	0.7	0.64	0.7	0.64	0.82	0.72
14900	0.68	0.44	0.66	0.74	0.6	0.76	0.66	0.7	0.82	0.68	0.74	0.64	0.68	0.68	0.82	0.74
14950	0.78	0.44	0.66	0.74	0.66	0.74	0.62	0.7	0.82	0.68	0.76	0.66	0.68	0.7	0.82	0.74
15000	0.68	0.46	0.62	0.74	0.64	0.74	0.62	0.68	0.8	0.7	0.78	0.64	0.66	0.74	0.82	0.72
15050	0.72	0.42	0.66	0.74	0.64	0.74	0.6	0.7	0.78	0.68	0.78	0.64	0.68	0.76	0.82	0.76
15100	0.64	0.42	0.68	0.74	0.64	0.72	0.58	0.68	0.8	0.7	0.78	0.62	0.7	0.78	0.82	0.72
15150	0.7	0.44	0.68	0.76	0.62	0.72	0.56	0.68	0.82	0.72	0.78	0.66	0.68	0.78	0.78	0.72
15200	0.66	0.38	0.66	0.72	0.64	0.72	0.52	0.68	0.82	0.74	0.76	0.64	0.66	0.84	0.76	0.74
15250	0.62	0.4	0.64	0.74	0.64	0.74	0.48	0.7	0.82	0.72	0.74	0.64	0.66	0.82	0.72	0.7
15300	0.68	0.4	0.66	0.72	0.64	0.74	0.48	0.68	0.82	0.74	0.76	0.64	0.66	0.82	0.68	0.68
15350	0.64	0.42	0.66	0.72	0.64	0.74	0.5	0.7	0.82	0.72	0.74	0.66	0.68	0.86	0.7	0.7
15400	0.62	0.42	0.66	0.72	0.64	0.74	0.46	0.74	0.82	0.68	0.74	0.66	0.66	0.82	0.66	0.7
15450	0.74	0.46	0.64	0.7	0.64	0.76	0.46	0.74	0.82	0.7	0.74	0.66	0.68	0.82	0.68	0.74
15500	0.64	0.48	0.64	0.68	0.56	0.76	0.48	0.72	0.86	0.72	0.7	0.64	0.66	0.82	0.68	0.72
15550	0.64	0.5	0.64	0.7	0.58	0.78	0.42	0.72	0.88	0.7	0.7	0.68	0.66	0.84	0.68	0.68
15600	0.62	0.5	0.66	0.68	0.56	0.76	0.44	0.7	0.86	0.72	0.68	0.68	0.68	0.82	0.66	0.66
15650	0.66	0.48	0.66	0.68	0.56	0.76	0.44	0.72	0.86	0.74	0.62	0.68	0.68	0.8	0.66	0.66
15700	0.8	0.5	0.7	0.7	0.58	0.78	0.46	0.72	0.84	0.76	0.62	0.66	0.68	0.8	0.66	0.66
15750	0.66	0.52	0.72	0.68	0.56	0.78	0.46	0.7	0.88	0.76	0.6	0.64	0.66	0.78	0.66	0.62
15800	0.82	0.56	0.74	0.68	0.56	0.82	0.48	0.72	0.88	0.8	0.64	0.62	0.66	0.78	0.62	0.62
15850	0.66	0.54	0.7	0.68	0.52	0.84	0.5	0.7	0.86	0.76	0.66	0.6	0.68	0.78	0.64	0.62
15900	0.72	0.56	0.68	0.64	0.56	0.86	0.52	0.66	0.86	0.76	0.66	0.6	0.66	0.82	0.66	0.6
15950	0.68	0.56	0.68	0.62	0.54	0.9	0.58	0.64	0.84	0.76	0.68	0.58	0.62	0.82	0.7	0.58
16000	0.6	0.6	0.68	0.64	0.52	0.9	0.58	0.66	0.82	0.76	0.66	0.58	0.62	0.82	0.7	0.56
16050	0.72	0.6	0.68	0.62	0.5	0.88	0.6	0.66	0.84	0.78	0.7	0.56	0.62	0.82	0.7	0.58
16100	0.64	0.6	0.68	0.66	0.52	0.82	0.62	0.64	0.84	0.78	0.68	0.58	0.62	0.82	0.74	0.58
16150	0.76	0.62	0.68	0.68	0.56	0.8	0.62	0.66	0.86	0.76	0.74	0.58	0.62	0.84	0.74	0.58
16200	0.7	0.58	0.7	0.66	0.56	0.8	0.62	0.68	0.86	0.8	0.76	0.56	0.64	0.82	0.74	0.56
16250	0.72	0.6	0.74	0.66	0.56	0.8	0.66	0.68	0.86	0.8	0.76	0.56	0.62	0.84	0.78	0.56
16300	0.58	0.58	0.76	0.64	0.58	0.78	0.7	0.66	0.72	0.8	0.76	0.56	0.6	0.84	0.78	0.56
16350	0.72	0.64	0.78	0.68	0.58	0.78	0.7	0.66	0.72	0.8	0.74	0.56	0.58	0.84	0.78	0.58
16400	0.66	0.62	0.76	0.68	0.58	0.72	0.7	0.68	0.7	0.78	0.76	0.58	0.62	0.82	0.78	0.56
16450	0.68	0.62	0.76	0.62	0.6	0.66	0.7	0.66	0.7	0.78	0.78	0.56	0.64	0.86	0.78	0.54
16500	0.68	0.6	0.76	0.6	0.64	0.62	0.7	0.68	0.66	0.78	0.76	0.58	0.66	0.86	0.8	0.54
16550	0.64	0.6	0.72	0.6	0.62	0.62	0.74	0.62	0.66	0.78	0.76	0.56	0.6	0.9	0.82	0.56
16600	0.6	0.66	0.72	0.6	0.62	0.56	0.72	0.62	0.68	0.72	0.74	0.58	0.56	0.9	0.82	0.62
16650	0.72	0.64	0.74	0.6	0.62	0.56	0.72	0.64	0.66	0.7	0.74	0.6	0.58	0.88	0.82	0.68
16700	0.72	0.68	0.72	0.66	0.62	0.56	0.7	0.64	0.66	0.72	0.72	0.6	0.54	0.88	0.84	0.68
16750	0.8	0.7	0.72	0.66	0.6	0.62	0.7	0.64	0.66	0.72	0.74	0.6	0.56	0.88	0.82	0.68
16800	0.72	0.72	0.72	0.64	0.58	0.58	0.72	0.64	0.66	0.72	0.76	0.64	0.58	0.86	0.82	0.68
16850	0.7	0.7	0.72	0.64	0.6	0.56	0.72	0.6	0.64	0.74	0.76	0.66	0.62	0.88	0.84	0.7
16900	0.58	0.7	0.66	0.66	0.58	0.52	0.68	0.64	0.72	0.74	0.78	0.66	0.58	0.88	0.84	0.72
16950	0.62	0.7	0.66	0.66	0.52	0.52	0.68	0.62	0.7	0.72	0.76	0.72	0.56	0.88	0.82	0.72
17000	0.64	0.72	0.62	0.66	0.54	0.5	0.66	0.62	0.7	0.72	0.78	0.74	0.52	0.88	0.84	0.74
17050	0.58	0.72	0.6	0.66	0.48	0.52	0.66	0.62	0.72	0.74	0.78	0.7	0.5	0.9	0.84	0.74
17100	0.62	0.72	0.58	0.66	0.46	0.54	0.58	0.64	0.72	0.74	0.8	0.72	0.5	0.9	0.86	0.72
17150	0.7	0.7	0.56	0.68	0.42	0.58	0.58	0.64	0.7	0.74	0.82	0.68	0.5	0.92	0.86	0.76
17200	0.8	0.68	0.56	0.68	0.42	0.56	0.56	0.68	0.72	0.72	0.84	0.68	0.46	0.94	0.86	0.76
17250	0.6	0.7	0.54	0.74	0.44	0.6	0.54	0.64	0.72	0.72	0.84	0.7	0.42	0.94	0.84	0.78
17300	0.58	0.76	0.54	0.72	0.44	0.64	0.52	0.66	0.68	0.72	0.82	0.68	0.42	0.94	0.84	0.78
17350	0.7	0.74	0.54	0.72	0.48	0.58	0.52	0.68	0.68	0.72	0.84	0.68	0.44	0.94	0.84	0.8
17400	0.76	0.7	0.54	0.72	0.5	0.6	0.54	0.66	0.66	0.74	0.84	0.7	0.46	0.94	0.84	0.78
17450	0.7	0.7	0.56	0.72	0.5	0.62	0.52	0.62	0.64	0.78	0.82	0.7	0.48	0.94	0.86	0.8
17500	0.62	0.68	0.56	0.74	0.52	0.6	0.52	0.62	0.64	0.78	0.84	0.72	0.5	0.94	0.84	0.78
17550	0.62	0.66	0.58	0.74	0.52	0.62	0.58	0.62	0.62	0.74	0.8	0.74	0.42	0.92	0.84	0.78
17600	0.68	0.58	0.6	0.76	0.52	0.66	0.58	0.6	0.6	0.74	0.82	0.74	0.42	0.88	0.86	0.78
17650	0.58	0.56	0.6	0.74	0.5	0.68	0.58	0.62	0.64	0.68	0.8	0.72	0.46	0.88	0.84	0.74
17700	0.66	0.54	0.56	0.74	0.5	0.68	0.56	0.6	0.64	0.7	0.8	0.7	0.48	0.88	0.78	0.78
17750	0.64	0.56	0.54	0.74	0.48	0.66	0.58	0.62	0.66	0.68	0.76	0.7	0.5	0.88	0.76	0.78
17800	0.8	0.6	0.54	0.74	0.52	0.66	0.58	0.6	0.64	0.7	0.76	0.7	0.52	0.88	0.8	0.84
17850	0.64	0.54	0.56	0.7	0.58	0.66	0.62	0.6	0.64	0.68	0.74	0.76	0.52	0.88	0.78	0.82
17900	0.68	0.54	0.54	0.7	0.62	0.66	0.62	0.6	0.64	0.68	0.72	0.78	0.54	0.88	0.74	0.78
17950	0.74	0.54	0.52	0.72	0.66	0.66	0.68	0.62	0.64	0.66	0.66	0.76	0.56	0.88	0.72	0.76
18000	0.7	0.54	0.5	0.74	0.7	0.66	0.72	0.64	0.64	0.62	0.66	0.82	0.58	0.86	0.72	0.76
18050	0.74	0.52	0.5	0.78	0.7	0.74	0.72	0.64	0.62	0.6	0.68	0.84	0.58	0.86	0.72	0.78
18100	0.72	0.52	0.48	0.76	0.7	0.68	0.72	0.64	0.68	0.62	0.7	0.8	0.58	0.86	0.74	0.82
18150	0.74	0.5	0.48	0.74	0.7	0.68	0.7	0.64	0.7	0.62	0.68	0.82	0.54	0.84	0.76	0.8
18200	0.66	0.46	0.5	0.74	0.64	0.68	0.68	0.68	0.68	0.62	0.66	0.82	0.56	0.84	0.78	0.8
18250	0.64	0.4	0.5	0.78	0.6	0.68	0.68	0.7	0.66	0.62	0.66	0.76	0.58	0.84	0.86	0.8
18300	0.7	0.38	0.52	0.76	0.62	0.66	0.68	0.72	0.66	0.64	0.68	0.72	0.58	0.84	0.84	0.82
18350	0.86	0.4	0.56	0.8	0.62	0.68	0.7	0.74	0.68	0.7	0.7	0.72	0.56	0.84	0.86	0.8
18400	0.66	0.4	0.56	0.8	0.64	0.7	0.7	0.76	0.7	0.7	0.68	0.68	0.52	0.86	0.86	0.76
18450	0.64	0.4	0.56	0.76	0.64	0.7	0.7	0.76	0.7	0.7	0.7	0.72	0.52	0.86	0.88	0.76
18500	0.66	0.4	0.6	0.76	0.66	0.68	0.68	0.76	0.68	0.68	0.72	0.7	0.54	0.88	0.88	0.76
18550	0.7	0.44	0.6	0.74	0.7	0.68	0.72	0.74	0.7	0.66	0.7	0.68	0.54	0.92	0.92	0.8
18600	0.82	0.48	0.62	0.74	0.72	0.68	0.7	0.8	0.7	0.68	0.72	0.66	0.58	0.94	0.9	0.8
18650	0.72	0.5	0.62	0.76	0.66	0.66	0.7	0.8	0.7	0.68	0.72	0.68	0.58	0.92	0.88	0.8
18700	0.7	0.48	0.64	0.76	0.66	0.66	0.7	0.78	0.7	0.68	0.74	0.72	0.6	0.94	0.88	0.8
18750	0.74	0.52	0.66	0.78	0.62	0.64	0.7	0.78	0.76	0.66	0.78	0.68	0.62	0.94	0.86	0.78
18800	0.74	0.54	0.64	0.78	0.64	0.62	0.7	0.78	0.76	0.62	0.78	0.74	0.6	0.92	0.84	0.78
18850	0.7	0.54	0.64	0.76	0.6	0.62	0.72	0.74	0.76	0.66	0.78	0.74	0.62	0.92	0.84	0.76
18900	0.72	0.58	0.66	0.76	0.6	0.62	0.74	0.7	0.8	0.62	0.78	0.8	0.6	0.92	0.84	0.76
18950	0.8	0.62	0.68	0.8	0.64	0.62	0.74	0.68	0.82	0.62	0.76	0.82	0.6	0.94	0.82	0.72
19000	0.68	0.62	0.66	0.78	0.62	0.62	0.76	0.68	0.82	0.58	0.74	0.82	0.56	0.94	0.82	0.76
19050	0.72	0.64	0.66	0.82	0.62	0.68	0.78	0.68	0.84	0.6	0.72	0.8	0.6	0.94	0.8	0.78
19100	0.68	0.64	0.66	0.84	0.6	0.68	0.74	0.68	0.84	0.56	0.74	0.78	0.62	0.92	0.8	0.74
19150	0.76	0.68	0.66	0.88	0.64	0.68	0.76	0.68	0.86	0.56	0.76	0.82	0.6	0.9	0.78	0.68
19200	0.64	0.68	0.66	0.82	0.64	0.66	0.76	0.74	0.88	0.54	0.74	0.8	0.62	0.86	0.78	0.7
19250	0.68	0.68	0.66	0.8	0.6	0.64	0.76	0.72	0.88	0.54	0.74	0.78	0.56	0.86	0.76	0.68
19300	0.68	0.68	0.7	0.8	0.6	0.64	0.76	0.72	0.8	0.56	0.72	0.78	0.6	0.86	0.76	0.68
19350	0.7	0.72	0.72	0.82	0.6	0.58	0.78	0.7	0.78	0.54	0.7	0.76	0.58	0.82	0.78	0.64
19400	0.76	0.7	0.76	0.8	0.6	0.62	0.8	0.7	0.76	0.58	0.7	0.76	0.58	0.8	0.78	0.64
19450	0.8	0.7	0.76	0.78	0.62	0.62	0.8	0.74	0.78	0.56	0.72	0.74	0.6	0.8	0.82	0.64
19500	0.8	0.7	0.78	0.78	0.66	0.62	0.82	0.74	0.8	0.56	0.74	0.72	0.62	0.8	0.82	0.66
19550	0.74	0.7	0.78	0.72	0.72	0.56	0.84	0.78	0.8	0.58	0.76	0.72	0.64	0.8	0.8	0.66
19600	0.78	0.7	0.78	0.72	0.74	0.54	0.82	0.74	0.78	0.58	0.78	0.76	0.66	0.8	0.78	0.68
19650	0.7	0.7	0.8	0.72	0.72	0.56	0.82	0.74	0.76	0.6	0.78	0.76	0.68	0.78	0.8	0.64
19700	0.6	0.7	0.78	0.76	0.66	0.56	0.8	0.74	0.76	0.62	0.82	0.74	0.66	0.78	0.8	0.62
19750	0.74	0.74	0.78	0.76	0.68	0.48	0.78	0.76	0.72	0.62	0.82	0.74	0.68	0.78	0.82	0.6
19800	0.74	0.76	0.78	0.74	0.72	0.44	0.8	0.76	0.62	0.64	0.8	0.74	0.68	0.82	0.84	0.62
19850	0.66	0.74	0.8	0.72	0.76	0.42	0.8	0.76	0.6	0.56	0.8	0.74	0.7	0.84	0.84	0.62
19900	0.76	0.74	0.82	0.72	0.76	0.42	0.8	0.76	0.6	0.6	0.8	0.66	0.7	0.84	0.84	0.66
19950	0.64	0.72	0.82	0.72	0.74	0.38	0.78	0.76	0.58	0.62	0.84	0.7	0.7	0.82	0.82	0.66
20000	0.78	0.72	0.82	0.7	0.74	0.42	0.78	0.78	0.58	0.62	0.84	0.72	0.7	0.82	0.8	0.66
