0	0.0	0.0	0.0	0.0	0.0	0.0	0.0	0.0	0.0	0.0	0.0	0.0	0.0	0.0	0.0	0.0
50	0.0	0.0	0.0	0.0	0.0	0.0	0.0	0.0	0.0	0.0	0.0	0.0	0.0	0.0	0.0	0.0
100	0.0	0.0	0.0	0.0	0.0	0.0	0.0	0.0	0.0	0.0	0.0	0.0	0.0	0.0	0.0	0.0
150	0.0	0.0666666666667	0.0	0.0	0.0	0.0	0.0869565217391	0.04	0.0416666666667	0.0	0.0588235294118	0.12	0.0	0.0625	0.0	0.0
200	0.0	0.142857142857	0.0	0.0	0.0	0.0	0.117647058824	0.0625	0.0333333333333	0.0434782608696	0.04	0.0967741935484	0.0526315789474	0.0434782608696	0.0	0.0454545454545
250	0.0645161290323	0.173913043478	0.0344827586207	0.0	0.0	0.030303030303	0.162162162162	0.0555555555556	0.0526315789474	0.0333333333333	0.03125	0.0882352941176	0.0869565217391	0.0344827586207	0.030303030303	0.0909090909091
300	0.125	0.148148148148	0.105263157895	0.0882352941176	0.0	0.0285714285714	0.173913043478	0.0952380952381	0.0652173913043	0.0555555555556	0.0714285714286	0.131578947368	0.129032258065	0.0294117647059	0.0571428571429	0.125
350	0.125	0.147058823529	0.111111111111	0.0789473684211	0.0243902439024	0.0697674418605	0.2	0.0833333333333	0.08	0.111111111111	0.0666666666667	0.1875	0.171428571429	0.0540540540541	0.116279069767	0.106382978723
400	0.12	0.204545454545	0.142857142857	0.133333333333	0.0652173913043	0.08	0.28	0.14	0.1	0.14	0.1	0.24	0.153846153846	0.155555555556	0.104166666667	0.1
450	0.16	0.18	0.22	0.127659574468	0.16	0.1	0.34	0.22	0.14	0.18	0.12	0.3	0.177777777778	0.22	0.12	0.1
500	0.24	0.22	0.28	0.122448979592	0.16	0.18	0.38	0.32	0.16	0.22	0.12	0.26	0.22	0.28	0.18	0.14
550	0.24	0.24	0.38	0.18	0.18	0.2	0.36	0.34	0.16	0.22	0.12	0.28	0.26	0.28	0.2	0.2
600	0.24	0.26	0.36	0.26	0.2	0.24	0.28	0.36	0.2	0.28	0.14	0.3	0.28	0.28	0.2	0.26
650	0.24	0.24	0.38	0.34	0.2	0.26	0.26	0.34	0.2	0.3	0.2	0.3	0.3	0.34	0.24	0.28
700	0.28	0.32	0.34	0.36	0.24	0.26	0.26	0.34	0.18	0.3	0.26	0.34	0.32	0.38	0.32	0.28
750	0.28	0.34	0.34	0.38	0.28	0.3	0.28	0.36	0.22	0.28	0.32	0.36	0.34	0.44	0.4	0.38
800	0.32	0.36	0.32	0.4	0.34	0.3	0.24	0.38	0.2	0.3	0.3	0.4	0.32	0.32	0.44	0.52
850	0.3	0.4	0.4	0.36	0.38	0.26	0.28	0.42	0.26	0.3	0.34	0.38	0.34	0.32	0.5	0.6
900	0.32	0.42	0.38	0.44	0.36	0.36	0.28	0.38	0.3	0.34	0.38	0.44	0.3	0.32	0.56	0.64
950	0.42	0.48	0.36	0.44	0.4	0.34	0.42	0.42	0.32	0.36	0.44	0.52	0.28	0.3	0.56	0.6
1000	0.42	0.52	0.4	0.54	0.42	0.38	0.46	0.42	0.36	0.42	0.46	0.52	0.3	0.32	0.6	0.56
1050	0.44	0.52	0.44	0.54	0.46	0.38	0.5	0.42	0.38	0.42	0.5	0.5	0.32	0.26	0.6	0.54
1100	0.44	0.54	0.48	0.54	0.52	0.4	0.52	0.4	0.4	0.44	0.48	0.5	0.34	0.24	0.68	0.44
1150	0.46	0.54	0.5	0.54	0.58	0.36	0.48	0.36	0.4	0.44	0.42	0.46	0.38	0.32	0.6	0.38
1200	0.46	0.58	0.5	0.54	0.58	0.4	0.48	0.36	0.42	0.48	0.44	0.48	0.42	0.34	0.6	0.38
1250	0.44	0.5	0.5	0.56	0.56	0.38	0.44	0.36	0.44	0.5	0.4	0.46	0.42	0.34	0.54	0.34
1300	0.4	0.5	0.5	0.6	0.54	0.38	0.44	0.36	0.4	0.54	0.42	0.44	0.4	0.34	0.54	0.44
1350	0.42	0.5	0.52	0.58	0.56	0.42	0.5	0.38	0.4	0.58	0.36	0.42	0.4	0.36	0.54	0.46
1400	0.48	0.5	0.5	0.56	0.56	0.4	0.5	0.42	0.38	0.6	0.4	0.48	0.42	0.42	0.54	0.48
1450	0.5	0.5	0.48	0.54	0.54	0.42	0.5	0.42	0.44	0.54	0.38	0.5	0.38	0.46	0.58	0.5
1500	0.5	0.5	0.36	0.56	0.52	0.4	0.52	0.42	0.44	0.56	0.36	0.52	0.3	0.46	0.58	0.52
1550	0.54	0.44	0.36	0.62	0.52	0.4	0.54	0.46	0.42	0.58	0.38	0.52	0.28	0.44	0.62	0.56
1600	0.7	0.46	0.38	0.64	0.56	0.46	0.58	0.44	0.46	0.62	0.46	0.5	0.3	0.44	0.6	0.58
1650	0.7	0.52	0.46	0.64	0.6	0.46	0.62	0.42	0.46	0.62	0.44	0.5	0.32	0.46	0.58	0.58
1700	0.72	0.58	0.4	0.64	0.62	0.44	0.64	0.42	0.48	0.62	0.42	0.5	0.36	0.48	0.6	0.58
1750	0.7	0.6	0.36	0.68	0.56	0.42	0.66	0.42	0.42	0.6	0.42	0.56	0.4	0.46	0.58	0.54
1800	0.68	0.58	0.42	0.66	0.54	0.44	0.64	0.5	0.42	0.58	0.44	0.52	0.38	0.44	0.56	0.56
1850	0.64	0.56	0.4	0.64	0.58	0.48	0.6	0.48	0.44	0.62	0.44	0.52	0.42	0.46	0.52	0.54
1900	0.62	0.6	0.52	0.66	0.54	0.5	0.56	0.48	0.42	0.62	0.42	0.5	0.48	0.5	0.5	0.54
1950	0.64	0.56	0.56	0.64	0.58	0.52	0.58	0.48	0.44	0.64	0.44	0.52	0.52	0.48	0.52	0.58
2000	0.62	0.54	0.54	0.64	0.56	0.6	0.52	0.48	0.44	0.6	0.48	0.54	0.52	0.46	0.5	0.56
2050	0.54	0.54	0.52	0.62	0.54	0.56	0.5	0.52	0.44	0.56	0.5	0.54	0.52	0.4	0.52	0.58
2100	0.54	0.54	0.5	0.6	0.62	0.58	0.42	0.56	0.44	0.5	0.54	0.56	0.52	0.34	0.58	0.56
2150	0.52	0.6	0.5	0.56	0.6	0.64	0.34	0.58	0.42	0.46	0.5	0.5	0.48	0.3	0.58	0.58
2200	0.5	0.62	0.5	0.56	0.66	0.62	0.38	0.58	0.52	0.46	0.52	0.52	0.44	0.3	0.6	0.6
2250	0.52	0.64	0.5	0.58	0.6	0.62	0.38	0.54	0.52	0.46	0.5	0.54	0.46	0.32	0.58	0.58
2300	0.56	0.6	0.44	0.54	0.56	0.58	0.4	0.52	0.52	0.46	0.46	0.56	0.4	0.32	0.56	0.54
2350	0.54	0.58	0.46	0.62	0.62	0.58	0.42	0.48	0.54	0.46	0.44	0.52	0.38	0.32	0.54	0.56
2400	0.54	0.56	0.46	0.56	0.6	0.58	0.48	0.42	0.58	0.42	0.42	0.52	0.36	0.36	0.54	0.54
2450	0.52	0.54	0.46	0.62	0.58	0.6	0.52	0.46	0.66	0.42	0.42	0.5	0.36	0.4	0.5	0.58
2500	0.54	0.5	0.46	0.56	0.56	0.62	0.56	0.44	0.74	0.5	0.42	0.48	0.46	0.52	0.46	0.62
2550	0.52	0.46	0.46	0.56	0.58	0.62	0.56	0.48	0.66	0.56	0.4	0.48	0.54	0.6	0.44	0.6
2600	0.52	0.48	0.48	0.52	0.54	0.64	0.58	0.5	0.64	0.64	0.38	0.52	0.54	0.64	0.46	0.64
2650	0.56	0.52	0.48	0.54	0.56	0.62	0.6	0.46	0.6	0.64	0.4	0.42	0.56	0.64	0.52	0.58
2700	0.54	0.54	0.5	0.52	0.58	0.62	0.6	0.5	0.6	0.64	0.42	0.42	0.58	0.62	0.48	0.66
2750	0.56	0.58	0.52	0.52	0.58	0.7	0.6	0.48	0.6	0.66	0.46	0.4	0.62	0.58	0.52	0.64
2800	0.56	0.64	0.52	0.5	0.54	0.68	0.56	0.46	0.6	0.64	0.46	0.5	0.64	0.64	0.54	0.64
2850	0.62	0.7	0.58	0.52	0.62	0.7	0.6	0.46	0.6	0.7	0.46	0.46	0.62	0.62	0.6	0.56
2900	0.64	0.74	0.58	0.56	0.62	0.72	0.58	0.44	0.64	0.7	0.54	0.48	0.64	0.58	0.68	0.54
2950	0.64	0.78	0.58	0.64	0.58	0.72	0.58	0.46	0.64	0.7	0.5	0.5	0.64	0.54	0.7	0.58
3000	0.58	0.8	0.58	0.66	0.56	0.72	0.58	0.4	0.66	0.7	0.52	0.48	0.6	0.52	0.68	0.6
3050	0.6	0.8	0.56	0.72	0.64	0.76	0.6	0.46	0.66	0.68	0.56	0.48	0.6	0.52	0.7	0.66
3100	0.6	0.82	0.62	0.7	0.7	0.72	0.62	0.46	0.66	0.68	0.62	0.48	0.62	0.54	0.66	0.64
3150	0.6	0.76	0.62	0.64	0.72	0.7	0.6	0.46	0.7	0.64	0.58	0.48	0.68	0.54	0.68	0.72
3200	0.56	0.7	0.64	0.68	0.7	0.7	0.64	0.48	0.66	0.66	0.6	0.5	0.66	0.56	0.62	0.68
3250	0.56	0.66	0.62	0.66	0.68	0.7	0.58	0.48	0.68	0.66	0.6	0.5	0.68	0.56	0.62	0.72
3300	0.48	0.66	0.58	0.62	0.64	0.7	0.6	0.48	0.7	0.64	0.58	0.46	0.64	0.56	0.6	0.74
3350	0.5	0.64	0.58	0.62	0.68	0.66	0.64	0.52	0.68	0.64	0.62	0.48	0.66	0.62	0.58	0.7
3400	0.56	0.58	0.6	0.58	0.72	0.66	0.58	0.5	0.66	0.66	0.66	0.54	0.66	0.64	0.56	0.7
3450	0.54	0.56	0.66	0.56	0.7	0.62	0.48	0.48	0.68	0.66	0.6	0.52	0.66	0.6	0.52	0.72
3500	0.52	0.56	0.66	0.62	0.6	0.64	0.48	0.5	0.62	0.68	0.58	0.52	0.6	0.6	0.54	0.68
3550	0.52	0.58	0.68	0.62	0.6	0.66	0.44	0.54	0.64	0.7	0.58	0.54	0.6	0.58	0.54	0.66
3600	0.5	0.62	0.68	0.62	0.6	0.68	0.46	0.6	0.64	0.72	0.56	0.56	0.56	0.62	0.56	0.58
3650	0.52	0.64	0.74	0.66	0.64	0.68	0.4	0.64	0.68	0.74	0.56	0.58	0.54	0.6	0.52	0.62
3700	0.52	0.62	0.74	0.66	0.62	0.68	0.4	0.66	0.7	0.8	0.6	0.62	0.5	0.6	0.6	0.66
3750	0.58	0.62	0.66	0.62	0.66	0.7	0.4	0.66	0.66	0.78	0.6	0.64	0.5	0.6	0.66	0.6
3800	0.6	0.62	0.62	0.6	0.66	0.8	0.46	0.68	0.68	0.8	0.6	0.6	0.54	0.6	0.62	0.6
3850	0.64	0.56	0.6	0.58	0.66	0.8	0.44	0.62	0.68	0.76	0.6	0.6	0.54	0.58	0.64	0.56
3900	0.66	0.56	0.52	0.6	0.62	0.8	0.46	0.6	0.68	0.62	0.6	0.64	0.54	0.58	0.62	0.58
3950	0.64	0.54	0.5	0.62	0.64	0.78	0.48	0.62	0.66	0.58	0.62	0.66	0.58	0.54	0.64	0.62
4000	0.64	0.56	0.42	0.56	0.54	0.76	0.48	0.62	0.6	0.58	0.6	0.62	0.62	0.52	0.62	0.62
4050	0.68	0.54	0.48	0.48	0.54	0.8	0.5	0.58	0.54	0.56	0.58	0.62	0.62	0.48	0.6	0.56
4100	0.7	0.56	0.54	0.48	0.56	0.8	0.5	0.58	0.54	0.56	0.56	0.58	0.68	0.48	0.62	0.56
4150	0.68	0.54	0.58	0.56	0.58	0.78	0.52	0.6	0.52	0.54	0.56	0.52	0.64	0.52	0.6	0.52
4200	0.62	0.54	0.58	0.56	0.62	0.72	0.48	0.66	0.52	0.48	0.54	0.54	0.64	0.54	0.58	0.54
4250	0.62	0.6	0.6	0.66	0.62	0.72	0.5	0.68	0.5	0.48	0.46	0.52	0.72	0.54	0.6	0.58
4300	0.62	0.64	0.6	0.66	0.64	0.7	0.48	0.7	0.42	0.56	0.48	0.5	0.7	0.54	0.62	0.62
4350	0.62	0.62	0.58	0.64	0.62	0.66	0.48	0.6	0.44	0.6	0.46	0.46	0.7	0.6	0.62	0.58
4400	0.7	0.6	0.56	0.66	0.62	0.64	0.5	0.58	0.44	0.64	0.48	0.42	0.66	0.62	0.66	0.58
4450	0.66	0.56	0.56	0.66	0.6	0.62	0.52	0.48	0.46	0.66	0.48	0.46	0.72	0.62	0.66	0.6
4500	0.64	0.56	0.58	0.64	0.58	0.64	0.48	0.46	0.52	0.7	0.44	0.52	0.72	0.62	0.54	0.62
4550	0.64	0.56	0.58	0.64	0.62	0.62	0.46	0.46	0.54	0.68	0.46	0.54	0.7	0.6	0.56	0.62
4600	0.68	0.56	0.54	0.66	0.62	0.66	0.54	0.42	0.58	0.7	0.48	0.58	0.72	0.64	0.56	0.6
4650	0.72	0.52	0.52	0.64	0.6	0.66	0.6	0.44	0.6	0.72	0.5	0.58	0.76	0.72	0.58	0.54
4700	0.74	0.54	0.56	0.7	0.6	0.7	0.62	0.46	0.62	0.7	0.54	0.6	0.74	0.74	0.58	0.46
4750	0.7	0.56	0.6	0.74	0.56	0.68	0.58	0.5	0.66	0.7	0.6	0.6	0.76	0.7	0.6	0.5
4800	0.6	0.52	0.58	0.74	0.54	0.7	0.58	0.48	0.66	0.7	0.64	0.68	0.76	0.7	0.6	0.46
4850	0.58	0.58	0.62	0.74	0.56	0.72	0.6	0.46	0.66	0.7	0.56	0.68	0.74	0.66	0.64	0.48
4900	0.62	0.6	0.64	0.74	0.56	0.68	0.6	0.5	0.64	0.68	0.64	0.68	0.74	0.62	0.68	0.58
4950	0.58	0.6	0.66	0.72	0.6	0.66	0.58	0.52	0.62	0.7	0.58	0.64	0.74	0.58	0.68	0.64
5000	0.62	0.56	0.68	0.72	0.6	0.7	0.56	0.52	0.64	0.7	0.56	0.68	0.72	0.54	0.68	0.66
5050	0.64	0.58	0.72	0.7	0.58	0.7	0.56	0.54	0.64	0.7	0.58	0.64	0.7	0.54	0.68	0.74
5100	0.7	0.6	0.64	0.7	0.6	0.64	0.54	0.56	0.6	0.74	0.56	0.62	0.66	0.48	0.68	0.78
5150	0.72	0.62	0.66	0.62	0.68	0.68	0.58	0.6	0.62	0.74	0.52	0.6	0.66	0.46	0.64	0.76
5200	0.74	0.64	0.6	0.58	0.68	0.66	0.56	0.6	0.64	0.68	0.52	0.54	0.58	0.48	0.62	0.76
5250	0.72	0.62	0.58	0.56	0.66	0.68	0.54	0.58	0.64	0.68	0.56	0.6	0.56	0.5	0.62	0.74
5300	0.72	0.6	0.58	0.56	0.68	0.7	0.62	0.62	0.68	0.72	0.56	0.58	0.5	0.52	0.6	0.72
5350	0.72	0.68	0.6	0.58	0.7	0.7	0.64	0.64	0.6	0.72	0.62	0.58	0.5	0.58	0.64	0.7
5400	0.7	0.74	0.62	0.56	0.66	0.76	0.7	0.66	0.62	0.76	0.64	0.6	0.44	0.56	0.72	0.7
5450	0.62	0.76	0.66	0.56	0.68	0.78	0.7	0.68	0.64	0.76	0.66	0.64	0.44	0.58	0.74	0.66
5500	0.58	0.74	0.66	0.58	0.66	0.8	0.66	0.64	0.66	0.68	0.7	0.66	0.46	0.6	0.72	0.62
5550	0.58	0.72	0.66	0.64	0.64	0.82	0.66	0.66	0.64	0.68	0.74	0.7	0.5	0.64	0.64	0.66
5600	0.62	0.68	0.7	0.62	0.64	0.82	0.66	0.66	0.58	0.72	0.74	0.8	0.52	0.64	0.68	0.64
5650	0.68	0.66	0.84	0.64	0.72	0.84	0.68	0.7	0.56	0.78	0.76	0.76	0.54	0.62	0.68	0.62
5700	0.64	0.62	0.8	0.66	0.7	0.74	0.64	0.7	0.56	0.74	0.72	0.74	0.52	0.58	0.6	0.52
5750	0.62	0.62	0.8	0.68	0.66	0.74	0.58	0.66	0.56	0.7	0.7	0.76	0.52	0.58	0.6	0.52
5800	0.64	0.6	0.78	0.68	0.68	0.74	0.58	0.64	0.52	0.64	0.66	0.7	0.58	0.58	0.58	0.46
5850	0.66	0.6	0.76	0.68	0.66	0.72	0.56	0.64	0.54	0.62	0.66	0.66	0.56	0.64	0.6	0.5
5900	0.68	0.64	0.74	0.68	0.66	0.66	0.64	0.6	0.56	0.62	0.68	0.64	0.64	0.66	0.64	0.48
5950	0.7	0.64	0.7	0.72	0.64	0.64	0.58	0.6	0.6	0.6	0.62	0.62	0.66	0.7	0.68	0.48
6000	0.66	0.64	0.66	0.74	0.66	0.62	0.58	0.64	0.64	0.62	0.62	0.6	0.66	0.72	0.62	0.56
6050	0.68	0.68	0.64	0.68	0.6	0.68	0.58	0.64	0.6	0.58	0.6	0.62	0.66	0.7	0.6	0.62
6100	0.66	0.72	0.62	0.68	0.62	0.62	0.62	0.6	0.6	0.56	0.58	0.64	0.68	0.74	0.58	0.68
6150	0.66	0.74	0.64	0.66	0.64	0.62	0.68	0.6	0.62	0.54	0.62	0.64	0.66	0.78	0.6	0.72
6200	0.66	0.8	0.64	0.66	0.64	0.6	0.68	0.62	0.64	0.54	0.68	0.68	0.68	0.74	0.54	0.78
6250	0.64	0.8	0.66	0.62	0.64	0.62	0.68	0.62	0.7	0.62	0.7	0.7	0.74	0.72	0.52	0.82
6300	0.64	0.76	0.62	0.62	0.66	0.62	0.66	0.62	0.72	0.56	0.64	0.7	0.7	0.66	0.58	0.68
6350	0.52	0.76	0.66	0.62	0.7	0.62	0.66	0.58	0.68	0.6	0.62	0.7	0.7	0.6	0.62	0.68
6400	0.5	0.68	0.62	0.68	0.68	0.62	0.64	0.58	0.68	0.6	0.62	0.74	0.7	0.6	0.64	0.64
6450	0.52	0.72	0.64	0.68	0.66	0.64	0.68	0.6	0.66	0.6	0.62	0.72	0.68	0.6	0.6	0.64
6500	0.52	0.72	0.66	0.7	0.66	0.68	0.72	0.62	0.64	0.64	0.6	0.76	0.68	0.6	0.6	0.6
6550	0.58	0.74	0.64	0.7	0.68	0.66	0.66	0.6	0.58	0.64	0.52	0.76	0.72	0.62	0.64	0.6
6600	0.56	0.72	0.64	0.7	0.66	0.68	0.68	0.58	0.62	0.68	0.48	0.72	0.72	0.66	0.7	0.58
6650	0.58	0.7	0.68	0.7	0.66	0.68	0.68	0.58	0.62	0.66	0.48	0.7	0.76	0.7	0.74	0.56
6700	0.56	0.7	0.64	0.72	0.66	0.68	0.66	0.7	0.64	0.66	0.5	0.68	0.76	0.68	0.7	0.7
6750	0.7	0.7	0.64	0.66	0.64	0.68	0.68	0.7	0.62	0.68	0.58	0.68	0.74	0.74	0.72	0.72
6800	0.76	0.72	0.66	0.58	0.6	0.66	0.66	0.66	0.62	0.7	0.56	0.64	0.74	0.74	0.76	0.66
6850	0.8	0.78	0.64	0.62	0.64	0.7	0.68	0.68	0.68	0.7	0.6	0.68	0.72	0.74	0.8	0.66
6900	0.78	0.76	0.6	0.6	0.64	0.7	0.7	0.7	0.68	0.66	0.54	0.68	0.68	0.76	0.78	0.7
6950	0.82	0.78	0.58	0.64	0.6	0.68	0.72	0.74	0.6	0.68	0.64	0.7	0.72	0.76	0.74	0.7
7000	0.74	0.8	0.58	0.6	0.6	0.64	0.72	0.66	0.52	0.64	0.68	0.74	0.72	0.74	0.72	0.74
7050	0.72	0.78	0.6	0.56	0.62	0.68	0.7	0.64	0.5	0.7	0.64	0.76	0.66	0.68	0.7	0.72
7100	0.72	0.8	0.64	0.58	0.56	0.66	0.64	0.64	0.52	0.76	0.6	0.72	0.64	0.68	0.72	0.7
7150	0.66	0.76	0.7	0.62	0.56	0.64	0.6	0.66	0.52	0.76	0.6	0.72	0.7	0.68	0.66	0.72
7200	0.6	0.76	0.7	0.64	0.58	0.62	0.6	0.66	0.48	0.74	0.62	0.66	0.66	0.7	0.68	0.76
7250	0.58	0.74	0.68	0.64	0.56	0.64	0.58	0.64	0.48	0.76	0.58	0.6	0.68	0.68	0.66	0.76
7300	0.58	0.76	0.74	0.6	0.56	0.64	0.64	0.6	0.52	0.78	0.54	0.56	0.68	0.7	0.74	0.78
7350	0.6	0.74	0.74	0.58	0.6	0.66	0.62	0.56	0.56	0.78	0.62	0.56	0.66	0.68	0.66	0.78
7400	0.6	0.68	0.7	0.54	0.62	0.66	0.64	0.56	0.6	0.76	0.58	0.54	0.66	0.66	0.68	0.76
7450	0.66	0.66	0.7	0.52	0.64	0.68	0.66	0.58	0.62	0.74	0.56	0.52	0.66	0.62	0.68	0.76
7500	0.66	0.66	0.68	0.52	0.56	0.72	0.72	0.58	0.62	0.72	0.62	0.5	0.64	0.66	0.68	0.72
7550	0.7	0.62	0.68	0.54	0.56	0.7	0.8	0.58	0.62	0.7	0.6	0.52	0.66	0.64	0.66	0.72
7600	0.72	0.6	0.66	0.5	0.56	0.64	0.8	0.58	0.62	0.74	0.64	0.48	0.64	0.58	0.68	0.68
7650	0.7	0.6	0.66	0.48	0.58	0.62	0.76	0.54	0.58	0.76	0.6	0.52	0.66	0.6	0.66	0.68
7700	0.76	0.6	0.68	0.52	0.6	0.58	0.74	0.56	0.64	0.74	0.68	0.5	0.62	0.58	0.62	0.68
7750	0.78	0.6	0.66	0.58	0.58	0.56	0.74	0.52	0.68	0.74	0.72	0.54	0.6	0.58	0.62	0.7
7800	0.8	0.64	0.66	0.58	0.68	0.56	0.68	0.56	0.72	0.68	0.72	0.54	0.62	0.54	0.62	0.72
7850	0.78	0.6	0.68	0.52	0.7	0.58	0.7	0.52	0.66	0.64	0.66	0.56	0.62	0.58	0.6	0.7
7900	0.8	0.58	0.64	0.5	0.7	0.62	0.64	0.54	0.6	0.64	0.64	0.58	0.62	0.58	0.6	0.72
7950	0.76	0.64	0.6	0.48	0.74	0.62	0.66	0.5	0.62	0.66	0.64	0.6	0.64	0.64	0.64	0.66
8000	0.74	0.64	0.6	0.48	0.72	0.66	0.68	0.54	0.62	0.6	0.64	0.6	0.6	0.68	0.64	0.6
8050	0.72	0.64	0.64	0.46	0.74	0.66	0.7	0.58	0.52	0.54	0.64	0.62	0.58	0.7	0.6	0.6
8100	0.7	0.72	0.6	0.46	0.72	0.74	0.72	0.6	0.5	0.54	0.6	0.64	0.62	0.7	0.6	0.6
8150	0.7	0.72	0.58	0.48	0.7	0.7	0.76	0.58	0.58	0.56	0.58	0.64	0.62	0.7	0.62	0.64
8200	0.7	0.7	0.62	0.46	0.68	0.66	0.76	0.66	0.58	0.6	0.58	0.66	0.62	0.68	0.66	0.6
8250	0.74	0.68	0.66	0.52	0.76	0.7	0.72	0.7	0.58	0.62	0.58	0.66	0.62	0.78	0.62	0.62
8300	0.66	0.64	0.66	0.56	0.72	0.7	0.7	0.62	0.56	0.6	0.58	0.64	0.62	0.78	0.62	0.62
8350	0.66	0.68	0.72	0.56	0.72	0.72	0.7	0.7	0.62	0.6	0.56	0.66	0.64	0.8	0.66	0.66
8400	0.66	0.68	0.72	0.58	0.76	0.66	0.7	0.66	0.66	0.64	0.6	0.7	0.68	0.76	0.66	0.7
8450	0.66	0.68	0.68	0.58	0.72	0.66	0.7	0.62	0.6	0.66	0.62	0.7	0.72	0.68	0.6	0.68
8500	0.66	0.72	0.66	0.52	0.74	0.7	0.68	0.6	0.58	0.72	0.6	0.66	0.68	0.68	0.58	0.66
8550	0.66	0.72	0.66	0.5	0.7	0.66	0.6	0.58	0.58	0.74	0.58	0.62	0.72	0.64	0.54	0.68
8600	0.64	0.72	0.64	0.52	0.7	0.6	0.62	0.56	0.6	0.78	0.62	0.62	0.68	0.62	0.48	0.62
8650	0.62	0.74	0.66	0.52	0.7	0.6	0.62	0.58	0.64	0.78	0.6	0.66	0.7	0.62	0.5	0.64
8700	0.6	0.76	0.66	0.46	0.64	0.58	0.64	0.56	0.64	0.78	0.6	0.66	0.64	0.64	0.48	0.64
8750	0.64	0.76	0.6	0.52	0.64	0.58	0.6	0.58	0.64	0.82	0.62	0.68	0.64	0.66	0.46	0.62
8800	0.62	0.78	0.64	0.58	0.64	0.6	0.64	0.62	0.62	0.82	0.72	0.66	0.66	0.7	0.44	0.68
8850	0.62	0.78	0.7	0.6	0.62	0.66	0.6	0.62	0.56	0.84	0.76	0.68	0.66	0.72	0.46	0.66
8900	0.6	0.78	0.7	0.66	0.62	0.7	0.66	0.66	0.64	0.88	0.74	0.66	0.66	0.68	0.5	0.66
8950	0.6	0.74	0.66	0.64	0.6	0.7	0.62	0.72	0.66	0.84	0.72	0.66	0.64	0.72	0.5	0.7
9000	0.58	0.7	0.68	0.62	0.62	0.66	0.64	0.7	0.64	0.84	0.74	0.58	0.66	0.72	0.52	0.64
9050	0.58	0.7	0.64	0.6	0.64	0.66	0.64	0.64	0.6	0.8	0.78	0.56	0.68	0.7	0.52	0.68
9100	0.58	0.74	0.68	0.6	0.6	0.6	0.62	0.64	0.6	0.78	0.78	0.56	0.7	0.68	0.52	0.66
9150	0.56	0.68	0.64	0.64	0.64	0.62	0.64	0.6	0.62	0.8	0.78	0.5	0.74	0.64	0.52	0.62
9200	0.52	0.66	0.64	0.64	0.62	0.58	0.62	0.56	0.64	0.76	0.78	0.5	0.76	0.64	0.5	0.62
9250	0.5	0.7	0.68	0.62	0.6	0.56	0.58	0.56	0.6	0.74	0.78	0.54	0.76	0.62	0.52	0.68
9300	0.54	0.68	0.68	0.58	0.62	0.58	0.66	0.54	0.56	0.7	0.78	0.54	0.74	0.66	0.56	0.7
9350	0.58	0.66	0.68	0.52	0.64	0.56	0.7	0.52	0.5	0.66	0.72	0.6	0.68	0.62	0.54	0.68
9400	0.64	0.68	0.66	0.5	0.66	0.58	0.72	0.52	0.52	0.64	0.72	0.6	0.7	0.64	0.5	0.68
9450	0.66	0.68	0.72	0.56	0.6	0.58	0.74	0.58	0.54	0.64	0.64	0.58	0.68	0.68	0.5	0.7
9500	0.62	0.66	0.74	0.6	0.62	0.54	0.76	0.58	0.54	0.62	0.64	0.58	0.66	0.62	0.52	0.68
9550	0.7	0.64	0.62	0.58	0.56	0.6	0.78	0.6	0.52	0.58	0.66	0.6	0.62	0.62	0.58	0.62
9600	0.72	0.68	0.62	0.54	0.6	0.6	0.72	0.62	0.48	0.58	0.66	0.58	0.58	0.64	0.54	0.62
9650	0.74	0.66	0.64	0.54	0.6	0.6	0.74	0.62	0.5	0.6	0.68	0.54	0.56	0.6	0.58	0.6
9700	0.68	0.62	0.66	0.54	0.54	0.62	0.7	0.64	0.5	0.6	0.62	0.54	0.56	0.64	0.58	0.62
9750	0.68	0.66	0.64	0.56	0.54	0.64	0.66	0.64	0.52	0.62	0.62	0.58	0.58	0.66	0.56	0.58
9800	0.68	0.68	0.6	0.58	0.6	0.7	0.64	0.66	0.48	0.64	0.7	0.64	0.68	0.64	0.58	0.62
9850	0.66	0.68	0.58	0.54	0.6	0.7	0.62	0.68	0.44	0.62	0.7	0.66	0.64	0.58	0.6	0.6
9900	0.68	0.68	0.7	0.54	0.6	0.7	0.64	0.7	0.48	0.62	0.66	0.66	0.66	0.54	0.6	0.56
9950	0.72	0.7	0.74	0.56	0.64	0.72	0.68	0.7	0.52	0.56	0.64	0.66	0.66	0.58	0.58	0.58
10000	0.72	0.68	0.72	0.62	0.66	0.66	0.68	0.68	0.54	0.54	0.68	0.68	0.64	0.52	0.52	0.56
10050	0.66	0.8	0.74	0.6	0.64	0.64	0.66	0.68	0.56	0.6	0.66	0.74	0.64	0.6	0.58	0.6
10100	0.68	0.8	0.72	0.64	0.72	0.68	0.7	0.68	0.6	0.62	0.68	0.76	0.7	0.56	0.56	0.6
10150	0.66	0.78	0.72	0.64	0.7	0.7	0.78	0.7	0.58	0.64	0.7	0.76	0.7	0.58	0.58	0.62
10200	0.68	0.74	0.82	0.62	0.7	0.66	0.76	0.72	0.6	0.66	0.7	0.72	0.68	0.62	0.56	0.64
10250	0.64	0.72	0.8	0.66	0.68	0.64	0.76	0.72	0.64	0.74	0.78	0.66	0.68	0.68	0.56	0.64
10300	0.66	0.78	0.8	0.64	0.7	0.64	0.78	0.76	0.68	0.76	0.82	0.64	0.68	0.74	0.62	0.66
10350	0.62	0.76	0.82	0.68	0.68	0.66	0.74	0.74	0.7	0.78	0.8	0.68	0.68	0.78	0.66	0.74
10400	0.68	0.74	0.82	0.62	0.6	0.68	0.76	0.74	0.68	0.76	0.78	0.66	0.72	0.78	0.62	0.74
10450	0.66	0.74	0.78	0.68	0.6	0.72	0.76	0.76	0.7	0.76	0.76	0.6	0.74	0.76	0.6	0.74
10500	0.68	0.72	0.8	0.68	0.56	0.74	0.76	0.74	0.62	0.76	0.82	0.66	0.72	0.84	0.58	0.72
10550	0.7	0.74	0.78	0.74	0.54	0.72	0.8	0.74	0.66	0.76	0.78	0.66	0.74	0.84	0.62	0.72
10600	0.7	0.78	0.8	0.8	0.52	0.72	0.82	0.74	0.68	0.74	0.74	0.7	0.72	0.86	0.64	0.7
10650	0.76	0.8	0.76	0.82	0.5	0.76	0.88	0.76	0.64	0.74	0.68	0.72	0.74	0.9	0.64	0.66
10700	0.74	0.78	0.72	0.8	0.54	0.74	0.9	0.76	0.7	0.7	0.6	0.7	0.74	0.88	0.62	0.62
10750	0.7	0.78	0.68	0.8	0.54	0.68	0.9	0.74	0.7	0.72	0.6	0.76	0.7	0.92	0.58	0.6
10800	0.74	0.76	0.74	0.76	0.58	0.62	0.94	0.72	0.68	0.66	0.58	0.76	0.7	0.9	0.58	0.58
10850	0.76	0.76	0.74	0.78	0.66	0.64	0.94	0.68	0.7	0.72	0.56	0.72	0.72	0.86	0.62	0.6
10900	0.74	0.78	0.74	0.74	0.7	0.62	0.92	0.64	0.72	0.7	0.6	0.7	0.68	0.88	0.64	0.6
10950	0.7	0.78	0.72	0.7	0.72	0.58	0.88	0.62	0.64	0.68	0.62	0.72	0.68	0.82	0.62	0.64
11000	0.66	0.76	0.72	0.68	0.74	0.58	0.82	0.64	0.66	0.62	0.62	0.74	0.66	0.8	0.62	0.64
11050	0.66	0.8	0.74	0.7	0.7	0.64	0.74	0.68	0.64	0.62	0.74	0.74	0.72	0.8	0.62	0.68
11100	0.66	0.8	0.78	0.7	0.7	0.7	0.74	0.62	0.62	0.68	0.72	0.78	0.7	0.76	0.66	0.62
11150	0.64	0.8	0.74	0.68	0.7	0.72	0.7	0.66	0.58	0.64	0.74	0.78	0.7	0.74	0.64	0.62
11200	0.64	0.8	0.66	0.68	0.66	0.68	0.66	0.7	0.56	0.7	0.8	0.76	0.7	0.76	0.66	0.64
11250	0.64	0.76	0.66	0.72	0.66	0.7	0.7	0.72	0.6	0.64	0.8	0.76	0.7	0.78	0.7	0.7
11300	0.66	0.74	0.7	0.72	0.66	0.72	0.7	0.74	0.62	0.58	0.74	0.78	0.68	0.78	0.72	0.7
11350	0.68	0.7	0.72	0.72	0.64	0.72	0.72	0.74	0.66	0.54	0.78	0.8	0.7	0.78	0.7	0.64
11400	0.68	0.66	0.72	0.68	0.62	0.7	0.74	0.7	0.72	0.54	0.74	0.8	0.7	0.78	0.64	0.68
11450	0.66	0.64	0.7	0.68	0.62	0.66	0.74	0.68	0.74	0.54	0.76	0.76	0.64	0.78	0.66	0.68
11500	0.66	0.6	0.64	0.66	0.6	0.62	0.72	0.64	0.74	0.56	0.76	0.74	0.64	0.76	0.62	0.72
11550	0.7	0.64	0.7	0.68	0.58	0.7	0.7	0.66	0.82	0.58	0.78	0.76	0.66	0.76	0.6	0.72
11600	0.72	0.58	0.74	0.64	0.58	0.66	0.68	0.64	0.8	0.54	0.78	0.74	0.68	0.78	0.62	0.72
11650	0.72	0.6	0.7	0.64	0.54	0.66	0.66	0.54	0.76	0.62	0.76	0.72	0.66	0.76	0.64	0.72
11700	0.72	0.68	0.7	0.6	0.52	0.62	0.7	0.56	0.76	0.7	0.74	0.7	0.64	0.7	0.66	0.68
11750	0.74	0.7	0.64	0.62	0.54	0.66	0.7	0.62	0.78	0.72	0.72	0.7	0.62	0.68	0.6	0.68
11800	0.7	0.74	0.62	0.66	0.62	0.7	0.72	0.7	0.76	0.72	0.74	0.64	0.66	0.68	0.6	0.64
11850	0.74	0.74	0.62	0.7	0.62	0.76	0.74	0.72	0.72	0.76	0.74	0.6	0.64	0.66	0.64	0.68
11900	0.74	0.8	0.64	0.66	0.58	0.76	0.76	0.72	0.72	0.76	0.76	0.6	0.68	0.68	0.66	0.68
11950	0.72	0.82	0.66	0.64	0.58	0.76	0.82	0.7	0.72	0.76	0.78	0.56	0.72	0.7	0.68	0.68
12000	0.7	0.82	0.62	0.64	0.58	0.76	0.82	0.64	0.66	0.74	0.74	0.58	0.7	0.7	0.76	0.7
12050	0.66	0.8	0.64	0.7	0.64	0.76	0.84	0.72	0.6	0.72	0.72	0.6	0.7	0.7	0.74	0.72
12100	0.62	0.8	0.68	0.7	0.66	0.78	0.84	0.74	0.64	0.72	0.78	0.64	0.74	0.74	0.74	0.72
12150	0.6	0.76	0.72	0.72	0.64	0.74	0.84	0.72	0.6	0.72	0.76	0.7	0.74	0.74	0.76	0.72
12200	0.56	0.7	0.7	0.68	0.64	0.68	0.8	0.68	0.56	0.74	0.72	0.72	0.72	0.74	0.8	0.74
12250	0.56	0.7	0.74	0.68	0.64	0.66	0.76	0.68	0.56	0.74	0.72	0.7	0.64	0.8	0.8	0.72
12300	0.58	0.72	0.72	0.74	0.68	0.58	0.76	0.68	0.56	0.74	0.72	0.76	0.66	0.8	0.72	0.7
12350	0.62	0.7	0.76	0.78	0.68	0.58	0.76	0.66	0.58	0.76	0.7	0.8	0.68	0.76	0.72	0.66
12400	0.66	0.66	0.72	0.82	0.68	0.58	0.76	0.76	0.6	0.74	0.72	0.8	0.66	0.74	0.76	0.66
12450	0.62	0.66	0.72	0.78	0.66	0.6	0.74	0.74	0.66	0.82	0.76	0.8	0.66	0.72	0.78	0.7
12500	0.64	0.64	0.74	0.72	0.66	0.58	0.72	0.68	0.68	0.78	0.8	0.76	0.68	0.82	0.8	0.74
12550	0.68	0.66	0.7	0.7	0.64	0.6	0.64	0.7	0.68	0.76	0.8	0.72	0.68	0.8	0.82	0.78
12600	0.7	0.7	0.74	0.68	0.62	0.6	0.62	0.68	0.66	0.74	0.82	0.7	0.74	0.8	0.82	0.8
12650	0.68	0.74	0.72	0.72	0.66	0.6	0.68	0.68	0.66	0.76	0.82	0.74	0.78	0.8	0.84	0.84
12700	0.66	0.7	0.7	0.68	0.68	0.62	0.62	0.7	0.58	0.74	0.82	0.74	0.72	0.8	0.8	0.86
12750	0.66	0.74	0.76	0.66	0.7	0.66	0.68	0.7	0.52	0.76	0.78	0.72	0.8	0.78	0.86	0.84
12800	0.64	0.76	0.72	0.62	0.74	0.66	0.64	0.66	0.56	0.74	0.8	0.78	0.8	0.78	0.84	0.78
12850	0.68	0.76	0.74	0.7	0.74	0.72	0.66	0.64	0.52	0.78	0.8	0.76	0.84	0.8	0.82	0.74
12900	0.64	0.76	0.76	0.72	0.74	0.7	0.66	0.62	0.48	0.72	0.78	0.76	0.8	0.76	0.78	0.68
12950	0.72	0.78	0.76	0.74	0.78	0.7	0.66	0.58	0.42	0.7	0.76	0.78	0.76	0.74	0.74	0.64
13000	0.66	0.76	0.78	0.68	0.82	0.66	0.66	0.56	0.46	0.72	0.78	0.74	0.72	0.72	0.74	0.66
13050	0.68	0.74	0.84	0.72	0.78	0.7	0.74	0.58	0.48	0.72	0.8	0.72	0.76	0.7	0.74	0.62
13100	0.62	0.76	0.82	0.78	0.74	0.68	0.76	0.58	0.56	0.7	0.74	0.68	0.72	0.74	0.76	0.64
13150	0.64	0.7	0.76	0.8	0.7	0.7	0.78	0.52	0.58	0.68	0.78	0.68	0.72	0.76	0.78	0.72
13200	0.7	0.72	0.8	0.82	0.7	0.7	0.8	0.46	0.6	0.7	0.78	0.7	0.74	0.72	0.8	0.7
13250	0.72	0.74	0.84	0.78	0.74	0.64	0.76	0.44	0.64	0.72	0.82	0.64	0.7	0.72	0.8	0.72
13300	0.7	0.76	0.82	0.76	0.74	0.68	0.76	0.5	0.68	0.72	0.82	0.66	0.66	0.72	0.78	0.72
13350	0.66	0.78	0.84	0.78	0.7	0.72	0.72	0.48	0.64	0.76	0.8	0.7	0.66	0.74	0.74	0.76
13400	0.7	0.76	0.8	0.78	0.7	0.74	0.72	0.52	0.56	0.74	0.72	0.7	0.72	0.7	0.72	0.74
13450	0.68	0.78	0.78	0.76	0.74	0.74	0.72	0.54	0.6	0.74	0.7	0.68	0.76	0.7	0.7	0.7
13500	0.72	0.72	0.82	0.76	0.78	0.76	0.66	0.56	0.62	0.76	0.7	0.76	0.74	0.7	0.72	0.74
13550	0.72	0.68	0.84	0.78	0.74	0.74	0.64	0.56	0.56	0.74	0.72	0.72	0.78	0.68	0.68	0.72
13600	0.7	0.72	0.78	0.8	0.72	0.7	0.66	0.6	0.54	0.72	0.72	0.74	0.8	0.72	0.68	0.72
13650	0.7	0.72	0.76	0.8	0.72	0.74	0.64	0.6	0.56	0.72	0.7	0.76	0.84	0.74	0.68	0.76
13700	0.76	0.66	0.78	0.76	0.7	0.76	0.62	0.66	0.58	0.68	0.7	0.72	0.86	0.72	0.66	0.74
13750	0.76	0.66	0.78	0.78	0.74	0.76	0.62	0.74	0.6	0.68	0.76	0.72	0.78	0.72	0.68	0.7
13800	0.74	0.68	0.76	0.78	0.78	0.78	0.66	0.76	0.58	0.72	0.74	0.74	0.76	0.78	0.72	0.72
13850	0.72	0.66	0.78	0.8	0.76	0.82	0.66	0.72	0.66	0.74	0.76	0.74	0.78	0.8	0.76	0.76
13900	0.7	0.68	0.82	0.76	0.74	0.78	0.66	0.7	0.72	0.74	0.78	0.7	0.76	0.76	0.74	0.74
13950	0.66	0.7	0.82	0.72	0.76	0.8	0.68	0.64	0.7	0.7	0.78	0.72	0.74	0.7	0.74	0.78
14000	0.62	0.72	0.82	0.72	0.76	0.82	0.68	0.66	0.74	0.7	0.76	0.74	0.7	0.68	0.76	0.82
14050	0.62	0.7	0.82	0.74	0.68	0.8	0.7	0.66	0.72	0.7	0.74	0.7	0.7	0.64	0.74	0.76
14100	0.62	0.72	0.84	0.76	0.66	0.84	0.74	0.68	0.76	0.7	0.72	0.72	0.72	0.58	0.76	0.8
14150	0.66	0.7	0.78	0.78	0.68	0.82	0.72	0.6	0.72	0.7	0.74	0.76	0.78	0.5	0.76	0.82
14200	0.7	0.74	0.8	0.76	0.72	0.8	0.78	0.62	0.68	0.7	0.78	0.8	0.82	0.52	0.82	0.84
14250	0.66	0.74	0.76	0.76	0.72	0.8	0.78	0.6	0.66	0.68	0.8	0.78	0.82	0.54	0.8	0.82
14300	0.72	0.76	0.74	0.76	0.7	0.82	0.74	0.62	0.68	0.62	0.78	0.8	0.82	0.54	0.78	0.8
14350	0.72	0.76	0.74	0.78	0.76	0.78	0.74	0.58	0.62	0.64	0.78	0.8	0.84	0.62	0.78	0.74
14400	0.8	0.76	0.72	0.78	0.72	0.8	0.76	0.58	0.64	0.64	0.8	0.84	0.86	0.64	0.78	0.76
14450	0.82	0.72	0.72	0.72	0.72	0.74	0.78	0.56	0.64	0.68	0.82	0.86	0.86	0.7	0.78	0.82
14500	0.78	0.72	0.74	0.74	0.78	0.7	0.76	0.62	0.64	0.66	0.84	0.86	0.88	0.78	0.76	0.82
14550	0.72	0.7	0.76	0.74	0.8	0.7	0.76	0.66	0.68	0.72	0.82	0.84	0.86	0.78	0.74	0.82
14600	0.78	0.68	0.76	0.74	0.8	0.68	0.76	0.72	0.68	0.74	0.8	0.8	0.84	0.8	0.74	0.82
14650	0.8	0.68	0.8	0.78	0.82	0.7	0.8	0.7	0.7	0.72	0.78	0.76	0.84	0.84	0.74	0.82
14700	0.84	0.62	0.78	0.78	0.84	0.72	0.8	0.74	0.7	0.72	0.78	0.76	0.82	0.78	0.72	0.86
14750	0.82	0.64	0.82	0.84	0.82	0.7	0.82	0.8	0.7	0.76	0.8	0.74	0.84	0.78	0.74	0.86
14800	0.84	0.66	0.84	0.88	0.82	0.68	0.78	0.8	0.72	0.76	0.8	0.76	0.84	0.82	0.78	0.82
14850	0.82	0.74	0.82	0.86	0.86	0.66	0.82	0.7	0.72	0.72	0.78	0.74	0.78	0.8	0.72	0.82
14900	0.84	0.74	0.8	0.9	0.84	0.68	0.82	0.68	0.7	0.74	0.76	0.76	0.78	0.78	0.74	0.84
14950	0.88	0.74	0.76	0.9	0.86	0.76	0.82	0.66	0.72	0.72	0.78	0.76	0.78	0.76	0.74	0.82
15000	0.86	0.76	0.76	0.86	0.86	0.78	0.8	0.66	0.72	0.68	0.78	0.82	0.78	0.72	0.7	0.8
15050	0.8	0.76	0.8	0.88	0.86	0.82	0.78	0.66	0.72	0.64	0.78	0.82	0.78	0.76	0.68	0.8
15100	0.72	0.78	0.8	0.82	0.88	0.78	0.76	0.62	0.74	0.68	0.78	0.8	0.76	0.78	0.74	0.8
15150	0.7	0.74	0.82	0.8	0.82	0.8	0.76	0.6	0.76	0.66	0.8	0.82	0.76	0.78	0.68	0.74
15200	0.66	0.76	0.82	0.76	0.86	0.86	0.74	0.54	0.72	0.64	0.76	0.86	0.78	0.8	0.7	0.72
15250	0.68	0.76	0.82	0.74	0.82	0.88	0.78	0.56	0.72	0.56	0.74	0.82	0.78	0.76	0.64	0.7
15300	0.7	0.78	0.88	0.76	0.82	0.88	0.78	0.66	0.7	0.58	0.76	0.8	0.78	0.74	0.62	0.68
15350	0.7	0.74	0.86	0.74	0.78	0.88	0.8	0.68	0.68	0.6	0.76	0.72	0.8	0.72	0.6	0.7
15400	0.7	0.76	0.86	0.72	0.8	0.86	0.78	0.66	0.7	0.58	0.76	0.72	0.78	0.72	0.6	0.68
15450	0.64	0.74	0.8	0.76	0.8	0.84	0.78	0.66	0.68	0.64	0.74	0.72	0.78	0.74	0.64	0.74
15500	0.66	0.74	0.82	0.8	0.78	0.82	0.8	0.7	0.66	0.66	0.78	0.76	0.82	0.74	0.62	0.76
15550	0.72	0.72	0.8	0.84	0.82	0.82	0.82	0.74	0.66	0.66	0.72	0.72	0.82	0.68	0.6	0.76
15600	0.74	0.7	0.76	0.78	0.8	0.8	0.78	0.76	0.66	0.7	0.72	0.72	0.8	0.72	0.62	0.74
15650	0.72	0.68	0.76	0.76	0.8	0.82	0.8	0.74	0.68	0.72	0.78	0.7	0.82	0.68	0.66	0.74
15700	0.7	0.66	0.74	0.74	0.82	0.8	0.72	0.72	0.66	0.72	0.78	0.74	0.82	0.68	0.68	0.74
15750	0.7	0.66	0.78	0.8	0.84	0.76	0.7	0.72	0.64	0.72	0.78	0.78	0.82	0.74	0.7	0.76
15800	0.68	0.68	0.74	0.8	0.86	0.78	0.78	0.74	0.66	0.74	0.8	0.82	0.82	0.72	0.72	0.76
15850	0.66	0.7	0.74	0.72	0.92	0.82	0.76	0.72	0.62	0.76	0.8	0.76	0.82	0.72	0.76	0.76
15900	0.68	0.66	0.78	0.7	0.9	0.84	0.78	0.72	0.68	0.74	0.8	0.74	0.86	0.72	0.76	0.74
15950	0.7	0.66	0.78	0.74	0.86	0.86	0.8	0.74	0.68	0.74	0.8	0.76	0.88	0.72	0.78	0.76
16000	0.7	0.66	0.78	0.74	0.84	0.88	0.72	0.74	0.7	0.72	0.82	0.74	0.8	0.72	0.74	0.76
16050	0.7	0.72	0.78	0.76	0.82	0.88	0.76	0.74	0.68	0.7	0.78	0.72	0.76	0.76	0.78	0.78
16100	0.7	0.76	0.8	0.78	0.82	0.86	0.82	0.74	0.7	0.76	0.76	0.66	0.78	0.78	0.8	0.76
16150	0.76	0.76	0.82	0.74	0.84	0.84	0.76	0.72	0.72	0.74	0.74	0.66	0.8	0.78	0.82	0.74
16200	0.82	0.78	0.82	0.78	0.86	0.82	0.74	0.74	0.74	0.74	0.74	0.72	0.82	0.78	0.82	0.76
16250	0.8	0.76	0.86	0.82	0.8	0.82	0.72	0.74	0.74	0.7	0.72	0.76	0.84	0.8	0.78	0.76
16300	0.78	0.82	0.86	0.84	0.86	0.76	0.7	0.78	0.72	0.74	0.76	0.78	0.84	0.82	0.76	0.76
16350	0.78	0.84	0.84	0.84	0.9	0.78	0.72	0.76	0.74	0.8	0.74	0.8	0.82	0.8	0.74	0.78
16400	0.78	0.84	0.86	0.9	0.9	0.76	0.72	0.74	0.7	0.82	0.74	0.82	0.82	0.8	0.76	0.78
16450	0.72	0.8	0.86	0.86	0.86	0.78	0.76	0.74	0.74	0.84	0.76	0.84	0.88	0.82	0.76	0.82
16500	0.7	0.78	0.9	0.86	0.82	0.82	0.78	0.78	0.7	0.82	0.82	0.86	0.9	0.8	0.74	0.82
16550	0.68	0.78	0.88	0.84	0.82	0.78	0.82	0.78	0.66	0.86	0.82	0.86	0.88	0.84	0.68	0.84
16600	0.66	0.76	0.86	0.84	0.78	0.78	0.82	0.78	0.62	0.86	0.78	0.84	0.88	0.78	0.66	0.82
16650	0.66	0.74	0.84	0.8	0.74	0.76	0.78	0.74	0.6	0.78	0.8	0.82	0.82	0.76	0.66	0.8
16700	0.62	0.7	0.84	0.84	0.74	0.74	0.76	0.7	0.62	0.8	0.8	0.82	0.82	0.82	0.68	0.76
16750	0.64	0.68	0.82	0.8	0.72	0.76	0.78	0.68	0.56	0.8	0.78	0.78	0.78	0.78	0.7	0.8
16800	0.64	0.7	0.8	0.78	0.72	0.76	0.8	0.66	0.56	0.74	0.76	0.82	0.82	0.78	0.68	0.8
16850	0.74	0.7	0.82	0.82	0.74	0.76	0.8	0.66	0.56	0.72	0.78	0.8	0.76	0.8	0.74	0.78
16900	0.74	0.76	0.8	0.74	0.78	0.78	0.8	0.64	0.6	0.7	0.82	0.8	0.76	0.78	0.72	0.78
16950	0.74	0.78	0.78	0.74	0.76	0.8	0.76	0.64	0.58	0.68	0.82	0.8	0.8	0.76	0.7	0.76
17000	0.74	0.74	0.78	0.76	0.72	0.8	0.76	0.68	0.58	0.72	0.78	0.84	0.86	0.78	0.7	0.76
17050	0.78	0.74	0.8	0.76	0.74	0.84	0.72	0.7	0.6	0.72	0.8	0.82	0.84	0.78	0.72	0.76
17100	0.78	0.74	0.86	0.76	0.8	0.86	0.72	0.72	0.58	0.76	0.78	0.78	0.84	0.74	0.72	0.82
17150	0.74	0.74	0.84	0.78	0.78	0.86	0.7	0.68	0.62	0.74	0.8	0.76	0.82	0.76	0.72	0.78
17200	0.7	0.72	0.78	0.8	0.78	0.82	0.64	0.72	0.62	0.72	0.8	0.74	0.82	0.74	0.7	0.72
17250	0.68	0.72	0.8	0.82	0.8	0.82	0.62	0.72	0.62	0.76	0.82	0.72	0.8	0.72	0.72	0.68
17300	0.66	0.72	0.8	0.86	0.78	0.76	0.6	0.72	0.64	0.78	0.82	0.72	0.78	0.74	0.76	0.66
17350	0.66	0.72	0.76	0.84	0.78	0.72	0.6	0.76	0.66	0.82	0.82	0.72	0.74	0.76	0.74	0.7
17400	0.66	0.78	0.76	0.86	0.82	0.68	0.58	0.74	0.74	0.78	0.86	0.68	0.72	0.76	0.76	0.7
17450	0.64	0.8	0.72	0.88	0.82	0.72	0.56	0.74	0.78	0.78	0.86	0.7	0.76	0.72	0.72	0.66
17500	0.64	0.8	0.7	0.88	0.8	0.74	0.58	0.72	0.78	0.78	0.88	0.72	0.74	0.68	0.72	0.7
17550	0.72	0.84	0.72	0.86	0.78	0.74	0.62	0.8	0.82	0.8	0.92	0.72	0.76	0.68	0.68	0.7
17600	0.72	0.84	0.78	0.86	0.76	0.78	0.6	0.78	0.82	0.82	0.88	0.74	0.78	0.7	0.7	0.74
17650	0.7	0.82	0.76	0.84	0.74	0.74	0.66	0.8	0.76	0.82	0.88	0.72	0.78	0.7	0.7	0.74
17700	0.7	0.82	0.72	0.86	0.74	0.76	0.66	0.76	0.74	0.8	0.88	0.7	0.78	0.7	0.72	0.78
17750	0.68	0.8	0.76	0.82	0.72	0.78	0.64	0.74	0.68	0.8	0.86	0.7	0.8	0.7	0.72	0.76
17800	0.68	0.78	0.78	0.82	0.68	0.74	0.66	0.78	0.66	0.82	0.86	0.72	0.82	0.7	0.74	0.74
17850	0.7	0.8	0.8	0.8	0.68	0.72	0.62	0.7	0.64	0.8	0.86	0.76	0.8	0.7	0.68	0.7
17900	0.74	0.76	0.78	0.76	0.7	0.74	0.62	0.74	0.6	0.78	0.86	0.74	0.8	0.72	0.76	0.72
17950	0.76	0.76	0.8	0.7	0.7	0.72	0.56	0.74	0.62	0.78	0.86	0.78	0.8	0.8	0.8	0.74
18000	0.72	0.74	0.7	0.74	0.72	0.7	0.56	0.7	0.58	0.8	0.9	0.82	0.8	0.82	0.76	0.78
18050	0.74	0.74	0.68	0.7	0.68	0.7	0.52	0.74	0.58	0.8	0.84	0.84	0.76	0.78	0.72	0.74
18100	0.68	0.76	0.7	0.74	0.74	0.7	0.52	0.76	0.52	0.82	0.82	0.82	0.74	0.78	0.7	0.74
18150	0.7	0.76	0.68	0.76	0.7	0.72	0.54	0.76	0.56	0.8	0.8	0.84	0.76	0.78	0.72	0.76
18200	0.72	0.76	0.64	0.76	0.74	0.72	0.54	0.76	0.56	0.84	0.72	0.82	0.74	0.68	0.74	0.8
18250	0.74	0.78	0.64	0.76	0.74	0.8	0.5	0.82	0.64	0.84	0.72	0.82	0.8	0.7	0.72	0.78
18300	0.72	0.74	0.66	0.78	0.7	0.76	0.52	0.84	0.66	0.88	0.72	0.8	0.72	0.7	0.72	0.76
18350	0.7	0.82	0.64	0.8	0.7	0.7	0.6	0.84	0.66	0.86	0.68	0.84	0.68	0.7	0.74	0.72
18400	0.72	0.86	0.66	0.84	0.72	0.68	0.68	0.84	0.68	0.88	0.74	0.84	0.74	0.68	0.74	0.72
18450	0.72	0.86	0.72	0.88	0.72	0.72	0.72	0.8	0.64	0.88	0.78	0.82	0.74	0.7	0.78	0.72
18500	0.76	0.8	0.74	0.84	0.74	0.74	0.66	0.78	0.7	0.9	0.76	0.84	0.72	0.64	0.74	0.66
18550	0.74	0.8	0.7	0.82	0.72	0.72	0.7	0.74	0.76	0.9	0.78	0.84	0.74	0.66	0.76	0.7
18600	0.76	0.82	0.74	0.82	0.74	0.7	0.72	0.72	0.78	0.9	0.84	0.8	0.74	0.68	0.78	0.66
18650	0.74	0.84	0.72	0.84	0.76	0.7	0.74	0.68	0.74	0.9	0.86	0.78	0.8	0.7	0.78	0.66
18700	0.74	0.82	0.68	0.86	0.76	0.7	0.74	0.7	0.76	0.86	0.86	0.78	0.82	0.68	0.8	0.68
18750	0.68	0.86	0.72	0.86	0.8	0.72	0.68	0.64	0.72	0.86	0.84	0.74	0.84	0.72	0.82	0.66
18800	0.68	0.84	0.76	0.86	0.8	0.76	0.72	0.62	0.76	0.84	0.84	0.64	0.8	0.76	0.82	0.68
18850	0.68	0.76	0.78	0.84	0.82	0.72	0.7	0.7	0.74	0.8	0.86	0.62	0.72	0.8	0.8	0.68
18900	0.7	0.8	0.82	0.82	0.82	0.74	0.72	0.7	0.72	0.82	0.82	0.56	0.7	0.8	0.82	0.74
18950	0.68	0.78	0.84	0.8	0.78	0.7	0.74	0.72	0.68	0.78	0.78	0.58	0.68	0.78	0.78	0.76
19000	0.66	0.76	0.78	0.82	0.8	0.72	0.7	0.74	0.62	0.74	0.8	0.62	0.66	0.78	0.76	0.68
19050	0.68	0.76	0.82	0.82	0.82	0.74	0.68	0.76	0.6	0.72	0.74	0.64	0.7	0.8	0.76	0.68
19100	0.68	0.72	0.86	0.78	0.78	0.76	0.64	0.72	0.62	0.78	0.74	0.74	0.66	0.78	0.78	0.7
19150	0.66	0.68	0.84	0.78	0.78	0.78	0.68	0.72	0.64	0.78	0.72	0.72	0.66	0.76	0.72	0.72
19200	0.64	0.72	0.82	0.82	0.76	0.78	0.64	0.76	0.6	0.76	0.66	0.7	0.66	0.78	0.74	0.74
19250	0.72	0.7	0.82	0.86	0.78	0.84	0.66	0.72	0.6	0.78	0.64	0.74	0.64	0.8	0.74	0.72
19300	0.62	0.64	0.82	0.86	0.74	0.82	0.66	0.76	0.62	0.78	0.64	0.76	0.64	0.82	0.74	0.8
19350	0.66	0.68	0.84	0.9	0.76	0.86	0.68	0.78	0.62	0.82	0.7	0.76	0.66	0.84	0.74	0.78
19400	0.68	0.66	0.88	0.88	0.8	0.82	0.66	0.74	0.62	0.86	0.74	0.74	0.78	0.86	0.74	0.78
19450	0.66	0.7	0.88	0.88	0.8	0.82	0.66	0.74	0.62	0.86	0.74	0.68	0.78	0.84	0.74	0.76
19500	0.74	0.72	0.88	0.84	0.78	0.8	0.7	0.72	0.66	0.84	0.72	0.68	0.8	0.84	0.74	0.78
19550	0.74	0.74	0.82	0.8	0.78	0.76	0.68	0.72	0.6	0.84	0.76	0.68	0.84	0.8	0.72	0.76
19600	0.7	0.8	0.82	0.78	0.8	0.76	0.74	0.76	0.62	0.86	0.76	0.7	0.88	0.78	0.72	0.78
19650	0.66	0.82	0.8	0.7	0.8	0.74	0.68	0.72	0.6	0.84	0.8	0.64	0.82	0.78	0.64	0.8
19700	0.7	0.84	0.74	0.66	0.78	0.74	0.66	0.7	0.6	0.84	0.82	0.6	0.8	0.8	0.64	0.74
19750	0.7	0.84	0.72	0.68	0.82	0.76	0.64	0.68	0.54	0.84	0.86	0.56	0.74	0.76	0.62	0.76
19800	0.74	0.8	0.7	0.74	0.8	0.74	0.66	0.68	0.52	0.82	0.88	0.56	0.7	0.74	0.62	0.72
19850	0.78	0.78	0.74	0.72	0.82	0.72	0.64	0.66	0.56	0.8	0.86	0.58	0.68	0.76	0.6	0.78
19900	0.76	0.8	0.74	0.72	0.82	0.72	0.6	0.7	0.62	0.78	0.82	0.68	0.66	0.8	0.62	0.78
19950	0.74	0.76	0.74	0.8	0.82	0.74	0.62	0.72	0.6	0.82	0.8	0.72	0.66	0.86	0.68	0.76
20000	0.76	0.72	0.78	0.82	0.8	0.8	0.64	0.7	0.62	0.82	0.8	0.76	0.7	0.88	0.68	0.74
