0	0.0	0.0	0.0	0.0	0.0	0.0	0.0	0.0	0.0	0.0	0.0	0.0	0.0	0.0	0.0	0.0
50	0.0	0.0	0.0	0.0	0.0	0.0	0.0	0.0	0.0	0.0	0.0	0.0	0.0	0.0	0.0	0.0
100	0.0	0.0	0.0	0.0	0.0714285714286	0.0	0.0909090909091	0.0	0.0	0.0	0.0	0.0	0.0833333333333	0.117647058824	0.142857142857	0.0714285714286
150	0.0	0.0	0.0	0.0	0.05	0.0	0.05	0.0	0.0	0.0	0.0	0.0	0.142857142857	0.153846153846	0.111111111111	0.0625
200	0.0869565217391	0.0	0.0322580645161	0.037037037037	0.0416666666667	0.0	0.0689655172414	0.0	0.0357142857143	0.04	0.0357142857143	0.0384615384615	0.115384615385	0.161290322581	0.105263157895	0.0526315789474
250	0.107142857143	0.0689655172414	0.0789473684211	0.0833333333333	0.0384615384615	0.0	0.0571428571429	0.0454545454545	0.0571428571429	0.0357142857143	0.0540540540541	0.0333333333333	0.161290322581	0.166666666667	0.107142857143	0.0344827586207
300	0.133333333333	0.0571428571429	0.0681818181818	0.0714285714286	0.037037037037	0.0	0.075	0.0714285714286	0.0975609756098	0.03125	0.0731707317073	0.075	0.162162162162	0.163265306122	0.131578947368	0.0571428571429
350	0.171428571429	0.0731707317073	0.12	0.14	0.119047619048	0.0	0.0666666666667	0.0666666666667	0.104166666667	0.0540540540541	0.106382978723	0.130434782609	0.15	0.2	0.136363636364	0.102564102564
400	0.214285714286	0.0666666666667	0.12	0.14	0.111111111111	0.02	0.1	0.0857142857143	0.12	0.06	0.18	0.14	0.155555555556	0.2	0.145833333333	0.093023255814
450	0.195652173913	0.06	0.16	0.22	0.145833333333	0.06	0.1	0.116279069767	0.12	0.08	0.2	0.16	0.14	0.2	0.16	0.1
500	0.183673469388	0.12	0.18	0.26	0.16	0.14	0.1	0.1	0.12	0.08	0.2	0.16	0.14	0.14	0.18	0.1
550	0.22	0.14	0.22	0.26	0.22	0.14	0.08	0.1	0.14	0.08	0.2	0.16	0.1	0.12	0.16	0.12
600	0.24	0.16	0.2	0.22	0.2	0.14	0.1	0.1	0.16	0.12	0.18	0.16	0.14	0.14	0.18	0.12
650	0.26	0.22	0.2	0.26	0.26	0.2	0.1	0.1	0.16	0.12	0.2	0.16	0.08	0.14	0.18	0.14
700	0.28	0.18	0.18	0.22	0.26	0.2	0.1	0.1	0.18	0.12	0.18	0.18	0.12	0.1	0.18	0.14
750	0.32	0.18	0.2	0.16	0.22	0.22	0.1	0.12	0.2	0.12	0.2	0.16	0.14	0.14	0.18	0.14
800	0.3	0.2	0.16	0.14	0.24	0.18	0.08	0.1	0.2	0.12	0.22	0.22	0.18	0.14	0.18	0.12
850	0.28	0.18	0.18	0.14	0.22	0.16	0.1	0.1	0.2	0.14	0.18	0.24	0.2	0.12	0.18	0.1
900	0.28	0.14	0.18	0.12	0.22	0.18	0.14	0.12	0.22	0.18	0.22	0.26	0.22	0.16	0.22	0.14
950	0.26	0.08	0.2	0.16	0.22	0.18	0.14	0.12	0.2	0.2	0.24	0.3	0.24	0.16	0.24	0.16
1000	0.28	0.1	0.16	0.2	0.24	0.16	0.16	0.12	0.22	0.22	0.24	0.32	0.28	0.16	0.3	0.16
1050	0.28	0.14	0.14	0.2	0.24	0.14	0.2	0.16	0.2	0.22	0.3	0.28	0.26	0.16	0.3	0.18
1100	0.28	0.18	0.14	0.22	0.26	0.14	0.22	0.14	0.18	0.3	0.34	0.28	0.28	0.14	0.26	0.2
1150	0.24	0.22	0.14	0.22	0.26	0.16	0.24	0.14	0.2	0.26	0.32	0.24	0.32	0.14	0.3	0.22
1200	0.28	0.22	0.18	0.26	0.28	0.18	0.22	0.14	0.22	0.22	0.32	0.2	0.32	0.12	0.28	0.22
1250	0.28	0.22	0.18	0.24	0.28	0.22	0.26	0.14	0.22	0.24	0.3	0.24	0.32	0.12	0.32	0.22
1300	0.32	0.22	0.16	0.24	0.24	0.18	0.26	0.12	0.2	0.24	0.28	0.22	0.3	0.16	0.34	0.28
1350	0.32	0.24	0.18	0.22	0.26	0.24	0.26	0.14	0.2	0.22	0.24	0.26	0.28	0.18	0.32	0.26
1400	0.34	0.24	0.26	0.24	0.28	0.24	0.3	0.16	0.24	0.22	0.3	0.26	0.26	0.2	0.32	0.28
1450	0.34	0.24	0.26	0.24	0.24	0.2	0.28	0.16	0.26	0.24	0.26	0.3	0.3	0.3	0.32	0.28
1500	0.36	0.26	0.28	0.24	0.28	0.22	0.3	0.14	0.3	0.22	0.24	0.3	0.28	0.34	0.32	0.32
1550	0.36	0.26	0.28	0.26	0.28	0.26	0.3	0.22	0.3	0.26	0.26	0.34	0.28	0.34	0.32	0.34
1600	0.36	0.24	0.2	0.28	0.34	0.28	0.28	0.22	0.36	0.26	0.24	0.34	0.28	0.34	0.3	0.36
1650	0.34	0.26	0.22	0.28	0.4	0.28	0.32	0.28	0.34	0.34	0.22	0.32	0.3	0.38	0.32	0.36
1700	0.3	0.26	0.22	0.26	0.4	0.32	0.34	0.28	0.3	0.34	0.2	0.28	0.28	0.36	0.28	0.32
1750	0.34	0.28	0.24	0.24	0.4	0.36	0.34	0.28	0.26	0.28	0.22	0.28	0.36	0.3	0.3	0.34
1800	0.32	0.28	0.28	0.24	0.44	0.32	0.32	0.28	0.24	0.22	0.24	0.22	0.4	0.34	0.26	0.38
1850	0.3	0.3	0.28	0.22	0.4	0.3	0.32	0.26	0.24	0.2	0.24	0.22	0.34	0.32	0.26	0.3
1900	0.28	0.3	0.24	0.2	0.36	0.32	0.34	0.3	0.2	0.24	0.24	0.24	0.36	0.32	0.26	0.32
1950	0.24	0.3	0.28	0.14	0.32	0.32	0.32	0.3	0.2	0.26	0.18	0.22	0.36	0.34	0.28	0.34
2000	0.24	0.28	0.26	0.14	0.32	0.32	0.28	0.24	0.22	0.2	0.2	0.18	0.32	0.34	0.28	0.32
2050	0.28	0.26	0.3	0.12	0.28	0.3	0.3	0.2	0.2	0.14	0.24	0.24	0.38	0.32	0.28	0.34
2100	0.22	0.22	0.3	0.12	0.28	0.26	0.28	0.12	0.24	0.18	0.22	0.26	0.34	0.3	0.32	0.34
2150	0.24	0.22	0.28	0.12	0.26	0.26	0.3	0.16	0.26	0.22	0.2	0.32	0.38	0.26	0.28	0.26
2200	0.3	0.24	0.24	0.12	0.22	0.26	0.28	0.22	0.24	0.22	0.14	0.32	0.3	0.28	0.28	0.26
2250	0.24	0.2	0.18	0.08	0.22	0.22	0.32	0.18	0.26	0.26	0.14	0.28	0.3	0.3	0.28	0.3
2300	0.26	0.12	0.18	0.08	0.22	0.22	0.28	0.16	0.24	0.22	0.12	0.26	0.28	0.22	0.28	0.24
2350	0.26	0.18	0.12	0.1	0.2	0.24	0.28	0.16	0.22	0.22	0.12	0.26	0.28	0.22	0.26	0.2
2400	0.24	0.18	0.12	0.1	0.24	0.26	0.3	0.14	0.22	0.28	0.16	0.24	0.3	0.22	0.3	0.2
2450	0.26	0.2	0.12	0.14	0.22	0.26	0.32	0.16	0.22	0.26	0.12	0.2	0.24	0.22	0.3	0.18
2500	0.24	0.2	0.14	0.16	0.22	0.28	0.32	0.18	0.26	0.22	0.14	0.24	0.24	0.22	0.32	0.2
2550	0.22	0.2	0.12	0.16	0.2	0.32	0.34	0.22	0.26	0.22	0.12	0.22	0.22	0.22	0.28	0.18
2600	0.22	0.26	0.18	0.22	0.3	0.36	0.36	0.24	0.28	0.18	0.14	0.22	0.18	0.22	0.28	0.16
2650	0.22	0.28	0.22	0.24	0.3	0.36	0.38	0.2	0.3	0.18	0.18	0.22	0.16	0.16	0.26	0.18
2700	0.28	0.26	0.22	0.22	0.26	0.36	0.38	0.2	0.28	0.16	0.18	0.2	0.14	0.2	0.26	0.2
2750	0.28	0.22	0.22	0.18	0.26	0.36	0.32	0.24	0.36	0.16	0.18	0.2	0.16	0.14	0.26	0.2
2800	0.28	0.24	0.22	0.16	0.22	0.36	0.36	0.26	0.34	0.18	0.16	0.22	0.18	0.14	0.28	0.22
2850	0.32	0.22	0.22	0.16	0.24	0.34	0.36	0.28	0.34	0.22	0.16	0.26	0.16	0.14	0.3	0.22
2900	0.3	0.26	0.2	0.12	0.26	0.3	0.32	0.28	0.36	0.24	0.2	0.24	0.14	0.16	0.28	0.26
2950	0.34	0.2	0.2	0.1	0.18	0.3	0.3	0.26	0.38	0.26	0.22	0.22	0.16	0.18	0.28	0.3
3000	0.32	0.2	0.22	0.04	0.14	0.28	0.24	0.24	0.34	0.26	0.24	0.22	0.2	0.24	0.3	0.32
3050	0.28	0.24	0.26	0.02	0.16	0.28	0.24	0.28	0.32	0.26	0.24	0.2	0.22	0.28	0.28	0.28
3100	0.24	0.28	0.2	0.06	0.16	0.28	0.24	0.28	0.24	0.28	0.2	0.2	0.3	0.28	0.26	0.32
3150	0.26	0.3	0.2	0.14	0.24	0.3	0.24	0.26	0.26	0.34	0.28	0.26	0.3	0.28	0.26	0.34
3200	0.24	0.28	0.2	0.12	0.2	0.3	0.24	0.28	0.24	0.4	0.32	0.26	0.32	0.32	0.28	0.36
3250	0.22	0.28	0.18	0.12	0.16	0.28	0.24	0.3	0.24	0.38	0.3	0.3	0.4	0.42	0.26	0.32
3300	0.22	0.28	0.18	0.12	0.16	0.3	0.24	0.32	0.2	0.42	0.28	0.28	0.44	0.44	0.28	0.34
3350	0.2	0.26	0.22	0.16	0.16	0.32	0.26	0.36	0.16	0.42	0.28	0.3	0.42	0.46	0.28	0.34
3400	0.2	0.24	0.18	0.18	0.18	0.3	0.24	0.36	0.14	0.44	0.26	0.3	0.4	0.42	0.26	0.3
3450	0.18	0.18	0.2	0.14	0.18	0.34	0.28	0.4	0.14	0.42	0.3	0.28	0.42	0.4	0.3	0.3
3500	0.2	0.14	0.16	0.1	0.18	0.3	0.34	0.42	0.2	0.38	0.26	0.34	0.42	0.4	0.3	0.3
3550	0.16	0.2	0.18	0.12	0.14	0.3	0.32	0.38	0.24	0.38	0.3	0.36	0.42	0.38	0.3	0.28
3600	0.2	0.22	0.22	0.16	0.14	0.3	0.34	0.38	0.26	0.34	0.3	0.34	0.42	0.38	0.34	0.26
3650	0.16	0.22	0.22	0.16	0.16	0.3	0.28	0.42	0.28	0.36	0.24	0.34	0.38	0.38	0.34	0.26
3700	0.16	0.24	0.26	0.18	0.2	0.24	0.28	0.36	0.28	0.3	0.24	0.34	0.4	0.34	0.32	0.26
3750	0.18	0.26	0.24	0.2	0.18	0.3	0.28	0.32	0.24	0.3	0.3	0.36	0.4	0.32	0.32	0.26
3800	0.22	0.26	0.22	0.2	0.2	0.28	0.26	0.2	0.2	0.36	0.26	0.34	0.4	0.32	0.32	0.26
3850	0.26	0.28	0.22	0.2	0.28	0.3	0.24	0.24	0.26	0.36	0.32	0.32	0.38	0.38	0.38	0.28
3900	0.28	0.32	0.24	0.24	0.36	0.28	0.3	0.28	0.24	0.44	0.28	0.3	0.32	0.4	0.36	0.32
3950	0.28	0.26	0.26	0.18	0.36	0.3	0.28	0.26	0.24	0.44	0.28	0.3	0.32	0.4	0.32	0.28
4000	0.26	0.3	0.24	0.16	0.36	0.28	0.34	0.22	0.24	0.44	0.3	0.34	0.34	0.38	0.34	0.3
4050	0.3	0.28	0.22	0.18	0.36	0.26	0.34	0.2	0.28	0.42	0.3	0.34	0.34	0.36	0.34	0.3
4100	0.32	0.3	0.24	0.16	0.4	0.28	0.38	0.22	0.26	0.48	0.28	0.3	0.32	0.36	0.28	0.26
4150	0.32	0.28	0.24	0.12	0.38	0.24	0.36	0.24	0.28	0.44	0.32	0.34	0.38	0.32	0.32	0.28
4200	0.36	0.3	0.22	0.16	0.42	0.28	0.32	0.26	0.3	0.4	0.3	0.36	0.38	0.34	0.32	0.28
4250	0.34	0.3	0.2	0.16	0.44	0.28	0.26	0.24	0.28	0.36	0.26	0.36	0.38	0.3	0.32	0.28
4300	0.28	0.28	0.2	0.16	0.4	0.24	0.28	0.2	0.28	0.36	0.28	0.44	0.4	0.3	0.36	0.26
4350	0.28	0.22	0.2	0.2	0.36	0.22	0.3	0.16	0.26	0.32	0.3	0.4	0.42	0.3	0.32	0.24
4400	0.2	0.24	0.14	0.18	0.34	0.2	0.26	0.22	0.24	0.28	0.32	0.4	0.4	0.32	0.3	0.22
4450	0.22	0.26	0.16	0.22	0.32	0.22	0.24	0.2	0.32	0.28	0.3	0.4	0.4	0.32	0.32	0.28
4500	0.2	0.28	0.18	0.2	0.32	0.26	0.22	0.2	0.34	0.3	0.28	0.42	0.34	0.32	0.34	0.28
4550	0.18	0.24	0.2	0.24	0.32	0.24	0.18	0.22	0.34	0.3	0.28	0.42	0.34	0.38	0.34	0.3
4600	0.22	0.28	0.2	0.22	0.34	0.22	0.28	0.24	0.36	0.22	0.24	0.44	0.32	0.38	0.3	0.32
4650	0.24	0.28	0.2	0.18	0.28	0.22	0.26	0.24	0.4	0.18	0.28	0.44	0.32	0.36	0.26	0.36
4700	0.24	0.26	0.26	0.18	0.26	0.22	0.28	0.3	0.34	0.2	0.3	0.42	0.32	0.32	0.26	0.34
4750	0.2	0.22	0.3	0.2	0.3	0.26	0.24	0.32	0.38	0.22	0.38	0.44	0.36	0.32	0.26	0.34
4800	0.24	0.22	0.28	0.2	0.36	0.2	0.28	0.32	0.36	0.2	0.36	0.44	0.36	0.28	0.24	0.34
4850	0.26	0.22	0.32	0.18	0.34	0.24	0.28	0.3	0.28	0.18	0.42	0.42	0.36	0.32	0.24	0.32
4900	0.26	0.2	0.34	0.18	0.34	0.2	0.28	0.28	0.3	0.16	0.4	0.4	0.34	0.3	0.2	0.34
4950	0.24	0.16	0.32	0.16	0.34	0.2	0.26	0.32	0.28	0.18	0.42	0.4	0.34	0.28	0.2	0.32
5000	0.24	0.16	0.28	0.16	0.32	0.24	0.2	0.34	0.26	0.2	0.46	0.38	0.34	0.24	0.18	0.32
5050	0.24	0.12	0.26	0.14	0.3	0.26	0.18	0.36	0.28	0.2	0.4	0.44	0.38	0.28	0.18	0.32
5100	0.26	0.18	0.26	0.16	0.34	0.28	0.18	0.32	0.32	0.22	0.42	0.44	0.38	0.34	0.16	0.32
5150	0.22	0.2	0.28	0.22	0.34	0.36	0.18	0.36	0.34	0.24	0.4	0.44	0.36	0.36	0.2	0.3
5200	0.26	0.22	0.26	0.22	0.28	0.38	0.2	0.36	0.32	0.22	0.42	0.42	0.36	0.36	0.2	0.28
5250	0.24	0.22	0.26	0.24	0.28	0.36	0.22	0.36	0.34	0.2	0.42	0.46	0.34	0.36	0.24	0.24
5300	0.26	0.26	0.2	0.2	0.3	0.34	0.22	0.32	0.38	0.2	0.38	0.46	0.34	0.34	0.24	0.26
5350	0.2	0.28	0.24	0.22	0.32	0.34	0.24	0.28	0.36	0.16	0.36	0.44	0.32	0.34	0.28	0.28
5400	0.18	0.28	0.22	0.22	0.3	0.32	0.28	0.3	0.38	0.18	0.36	0.44	0.36	0.32	0.3	0.22
5450	0.18	0.28	0.22	0.24	0.28	0.32	0.3	0.34	0.4	0.2	0.34	0.44	0.34	0.34	0.34	0.2
5500	0.24	0.3	0.22	0.26	0.3	0.3	0.34	0.32	0.34	0.16	0.3	0.38	0.3	0.32	0.34	0.2
5550	0.22	0.32	0.2	0.2	0.28	0.28	0.36	0.34	0.32	0.18	0.28	0.32	0.3	0.28	0.3	0.18
5600	0.16	0.32	0.2	0.22	0.2	0.3	0.36	0.32	0.32	0.18	0.22	0.34	0.28	0.28	0.36	0.14
5650	0.16	0.3	0.22	0.2	0.26	0.28	0.34	0.36	0.28	0.26	0.26	0.36	0.28	0.28	0.4	0.14
5700	0.18	0.3	0.24	0.2	0.28	0.26	0.36	0.34	0.3	0.26	0.28	0.38	0.3	0.3	0.36	0.12
5750	0.24	0.28	0.24	0.2	0.28	0.26	0.36	0.3	0.28	0.26	0.28	0.34	0.34	0.32	0.38	0.12
5800	0.28	0.44	0.22	0.28	0.3	0.26	0.38	0.24	0.3	0.24	0.3	0.36	0.32	0.34	0.32	0.16
5850	0.24	0.46	0.26	0.24	0.3	0.24	0.36	0.24	0.28	0.22	0.28	0.34	0.38	0.36	0.32	0.18
5900	0.24	0.48	0.24	0.28	0.36	0.22	0.32	0.28	0.32	0.26	0.32	0.4	0.42	0.36	0.32	0.2
5950	0.26	0.4	0.26	0.32	0.36	0.24	0.32	0.32	0.32	0.26	0.36	0.38	0.42	0.38	0.32	0.18
6000	0.34	0.44	0.22	0.3	0.38	0.26	0.32	0.28	0.26	0.24	0.42	0.36	0.46	0.38	0.34	0.24
6050	0.32	0.42	0.28	0.32	0.38	0.24	0.28	0.34	0.28	0.28	0.42	0.36	0.42	0.36	0.26	0.28
6100	0.3	0.46	0.28	0.32	0.32	0.34	0.28	0.36	0.3	0.22	0.38	0.36	0.4	0.34	0.24	0.24
6150	0.32	0.46	0.28	0.28	0.3	0.34	0.24	0.38	0.3	0.2	0.36	0.36	0.3	0.34	0.2	0.24
6200	0.32	0.42	0.28	0.26	0.28	0.34	0.3	0.32	0.3	0.24	0.34	0.34	0.22	0.34	0.18	0.28
6250	0.32	0.38	0.28	0.24	0.22	0.4	0.34	0.34	0.3	0.26	0.36	0.3	0.28	0.32	0.24	0.26
6300	0.28	0.4	0.32	0.22	0.24	0.4	0.34	0.28	0.22	0.28	0.4	0.28	0.24	0.3	0.18	0.24
6350	0.26	0.28	0.36	0.2	0.22	0.38	0.3	0.32	0.2	0.28	0.3	0.26	0.24	0.3	0.24	0.3
6400	0.24	0.3	0.36	0.18	0.24	0.4	0.26	0.26	0.22	0.26	0.34	0.26	0.28	0.28	0.24	0.3
6450	0.24	0.34	0.36	0.22	0.24	0.4	0.26	0.22	0.2	0.22	0.36	0.22	0.26	0.28	0.26	0.3
6500	0.24	0.34	0.38	0.22	0.24	0.38	0.26	0.26	0.24	0.26	0.3	0.24	0.26	0.28	0.28	0.3
6550	0.22	0.32	0.34	0.26	0.26	0.34	0.28	0.26	0.24	0.28	0.3	0.24	0.26	0.26	0.28	0.3
6600	0.28	0.26	0.26	0.28	0.3	0.28	0.24	0.26	0.24	0.26	0.36	0.26	0.26	0.24	0.22	0.26
6650	0.3	0.26	0.24	0.26	0.36	0.28	0.18	0.22	0.22	0.24	0.36	0.26	0.26	0.26	0.22	0.26
6700	0.3	0.22	0.24	0.28	0.36	0.26	0.2	0.24	0.22	0.24	0.4	0.26	0.26	0.22	0.18	0.3
6750	0.3	0.24	0.22	0.3	0.32	0.26	0.16	0.24	0.22	0.24	0.34	0.24	0.22	0.2	0.12	0.26
6800	0.28	0.2	0.18	0.26	0.3	0.26	0.24	0.26	0.2	0.28	0.36	0.22	0.2	0.2	0.1	0.24
6850	0.26	0.18	0.22	0.24	0.3	0.22	0.26	0.28	0.28	0.3	0.3	0.24	0.18	0.2	0.14	0.24
6900	0.32	0.16	0.22	0.22	0.3	0.26	0.24	0.3	0.28	0.3	0.3	0.34	0.18	0.2	0.18	0.26
6950	0.34	0.18	0.24	0.18	0.24	0.26	0.26	0.32	0.22	0.28	0.34	0.32	0.2	0.22	0.2	0.24
7000	0.32	0.22	0.32	0.2	0.22	0.34	0.26	0.32	0.22	0.34	0.34	0.32	0.22	0.2	0.2	0.18
7050	0.3	0.28	0.3	0.22	0.18	0.34	0.28	0.36	0.28	0.32	0.3	0.34	0.24	0.2	0.18	0.16
7100	0.32	0.32	0.34	0.22	0.22	0.4	0.24	0.36	0.28	0.3	0.3	0.36	0.22	0.18	0.2	0.2
7150	0.38	0.32	0.38	0.22	0.26	0.42	0.24	0.34	0.26	0.28	0.28	0.4	0.22	0.22	0.22	0.26
7200	0.4	0.36	0.42	0.22	0.28	0.4	0.26	0.3	0.26	0.28	0.32	0.46	0.3	0.26	0.28	0.26
7250	0.42	0.38	0.42	0.22	0.26	0.42	0.18	0.32	0.24	0.28	0.36	0.5	0.3	0.28	0.28	0.28
7300	0.4	0.4	0.4	0.22	0.24	0.36	0.18	0.3	0.2	0.28	0.4	0.46	0.32	0.26	0.26	0.3
7350	0.4	0.38	0.4	0.22	0.22	0.34	0.2	0.3	0.22	0.32	0.38	0.4	0.32	0.26	0.28	0.36
7400	0.42	0.34	0.34	0.22	0.2	0.34	0.2	0.3	0.2	0.3	0.34	0.42	0.3	0.24	0.26	0.34
7450	0.38	0.34	0.32	0.18	0.2	0.34	0.24	0.26	0.2	0.3	0.32	0.38	0.28	0.24	0.26	0.34
7500	0.4	0.32	0.32	0.16	0.14	0.26	0.3	0.26	0.26	0.34	0.3	0.34	0.28	0.3	0.26	0.34
7550	0.38	0.28	0.24	0.16	0.18	0.28	0.36	0.28	0.26	0.36	0.36	0.28	0.26	0.3	0.28	0.34
7600	0.4	0.34	0.26	0.2	0.24	0.3	0.38	0.32	0.28	0.34	0.38	0.3	0.24	0.26	0.34	0.32
7650	0.4	0.3	0.22	0.22	0.28	0.32	0.4	0.34	0.3	0.34	0.36	0.24	0.2	0.26	0.36	0.32
7700	0.4	0.32	0.22	0.24	0.3	0.36	0.38	0.32	0.32	0.32	0.36	0.22	0.24	0.26	0.34	0.3
7750	0.4	0.34	0.24	0.28	0.26	0.34	0.34	0.3	0.34	0.3	0.34	0.24	0.22	0.22	0.3	0.26
7800	0.4	0.32	0.24	0.32	0.28	0.38	0.34	0.28	0.34	0.26	0.3	0.2	0.24	0.22	0.26	0.26
7850	0.4	0.3	0.22	0.32	0.26	0.4	0.32	0.28	0.36	0.26	0.34	0.24	0.28	0.2	0.28	0.28
7900	0.34	0.4	0.26	0.32	0.28	0.38	0.3	0.3	0.36	0.26	0.36	0.24	0.28	0.2	0.26	0.26
7950	0.28	0.42	0.26	0.3	0.26	0.4	0.24	0.28	0.4	0.26	0.3	0.24	0.24	0.18	0.26	0.22
8000	0.28	0.4	0.24	0.28	0.24	0.4	0.28	0.26	0.38	0.32	0.26	0.26	0.28	0.2	0.26	0.22
8050	0.28	0.42	0.28	0.24	0.28	0.34	0.28	0.24	0.36	0.34	0.24	0.24	0.26	0.22	0.26	0.26
8100	0.26	0.42	0.28	0.24	0.32	0.32	0.28	0.28	0.36	0.34	0.24	0.26	0.3	0.2	0.26	0.24
8150	0.3	0.4	0.28	0.24	0.34	0.32	0.26	0.24	0.34	0.32	0.24	0.28	0.32	0.28	0.18	0.24
8200	0.28	0.42	0.28	0.22	0.34	0.32	0.3	0.24	0.32	0.38	0.24	0.26	0.3	0.26	0.18	0.22
8250	0.3	0.38	0.3	0.24	0.36	0.32	0.34	0.22	0.34	0.42	0.26	0.26	0.3	0.3	0.24	0.26
8300	0.36	0.3	0.3	0.26	0.28	0.32	0.34	0.22	0.34	0.42	0.28	0.26	0.3	0.32	0.24	0.28
8350	0.4	0.28	0.3	0.28	0.32	0.34	0.3	0.26	0.32	0.4	0.24	0.26	0.32	0.32	0.22	0.24
8400	0.42	0.26	0.28	0.3	0.32	0.34	0.28	0.28	0.3	0.42	0.22	0.24	0.28	0.26	0.22	0.24
8450	0.36	0.2	0.24	0.32	0.32	0.34	0.38	0.32	0.3	0.4	0.26	0.22	0.22	0.26	0.2	0.2
8500	0.42	0.16	0.26	0.28	0.28	0.36	0.42	0.34	0.3	0.38	0.3	0.22	0.26	0.34	0.24	0.24
8550	0.42	0.22	0.3	0.3	0.26	0.4	0.44	0.4	0.34	0.4	0.26	0.24	0.3	0.34	0.24	0.26
8600	0.42	0.24	0.3	0.3	0.3	0.38	0.42	0.44	0.38	0.38	0.28	0.22	0.32	0.32	0.26	0.3
8650	0.42	0.24	0.3	0.32	0.34	0.38	0.38	0.44	0.36	0.34	0.3	0.22	0.3	0.26	0.24	0.3
8700	0.38	0.32	0.32	0.3	0.34	0.38	0.42	0.5	0.36	0.38	0.3	0.2	0.32	0.24	0.24	0.3
8750	0.38	0.36	0.3	0.28	0.36	0.34	0.46	0.5	0.38	0.36	0.32	0.22	0.3	0.26	0.24	0.28
8800	0.4	0.38	0.32	0.26	0.4	0.38	0.42	0.48	0.4	0.34	0.34	0.22	0.3	0.26	0.26	0.26
8850	0.38	0.42	0.34	0.28	0.38	0.42	0.36	0.46	0.38	0.34	0.3	0.24	0.24	0.32	0.26	0.28
8900	0.44	0.48	0.34	0.28	0.3	0.42	0.34	0.46	0.38	0.34	0.34	0.3	0.28	0.26	0.24	0.26
8950	0.46	0.48	0.32	0.24	0.28	0.44	0.34	0.42	0.4	0.38	0.36	0.34	0.28	0.24	0.26	0.28
9000	0.44	0.46	0.32	0.24	0.26	0.44	0.36	0.4	0.4	0.32	0.36	0.32	0.2	0.3	0.26	0.3
9050	0.52	0.52	0.32	0.26	0.24	0.42	0.36	0.38	0.42	0.3	0.4	0.32	0.2	0.34	0.26	0.24
9100	0.5	0.44	0.26	0.26	0.2	0.44	0.36	0.36	0.4	0.32	0.4	0.4	0.22	0.32	0.26	0.24
9150	0.46	0.42	0.28	0.24	0.22	0.38	0.36	0.32	0.36	0.3	0.34	0.4	0.24	0.28	0.28	0.22
9200	0.42	0.38	0.22	0.3	0.22	0.34	0.28	0.3	0.36	0.3	0.36	0.42	0.22	0.28	0.26	0.24
9250	0.36	0.38	0.18	0.26	0.18	0.3	0.34	0.34	0.4	0.28	0.32	0.44	0.24	0.26	0.22	0.26
9300	0.42	0.4	0.2	0.22	0.2	0.28	0.32	0.32	0.4	0.26	0.3	0.46	0.26	0.26	0.24	0.34
9350	0.4	0.38	0.16	0.22	0.22	0.32	0.32	0.3	0.4	0.3	0.38	0.46	0.3	0.26	0.24	0.34
9400	0.36	0.36	0.14	0.22	0.24	0.3	0.36	0.28	0.32	0.34	0.36	0.44	0.34	0.24	0.24	0.32
9450	0.4	0.32	0.16	0.18	0.32	0.32	0.36	0.3	0.3	0.3	0.34	0.42	0.32	0.26	0.22	0.36
9500	0.36	0.26	0.16	0.2	0.3	0.3	0.38	0.26	0.32	0.36	0.34	0.4	0.34	0.22	0.22	0.4
9550	0.34	0.26	0.18	0.16	0.24	0.34	0.4	0.3	0.32	0.36	0.34	0.4	0.4	0.28	0.26	0.44
9600	0.4	0.24	0.16	0.2	0.24	0.38	0.4	0.32	0.34	0.38	0.38	0.36	0.38	0.28	0.22	0.48
9650	0.4	0.22	0.18	0.28	0.22	0.42	0.42	0.34	0.38	0.4	0.38	0.26	0.4	0.28	0.2	0.46
9700	0.4	0.24	0.2	0.28	0.2	0.44	0.44	0.38	0.36	0.48	0.38	0.26	0.32	0.34	0.22	0.34
9750	0.42	0.24	0.18	0.3	0.2	0.44	0.44	0.34	0.36	0.46	0.38	0.28	0.32	0.32	0.2	0.32
9800	0.32	0.26	0.18	0.3	0.18	0.46	0.46	0.32	0.32	0.44	0.34	0.2	0.32	0.3	0.2	0.32
9850	0.34	0.28	0.2	0.3	0.14	0.42	0.46	0.34	0.38	0.42	0.32	0.2	0.34	0.3	0.18	0.32
9900	0.3	0.26	0.18	0.3	0.14	0.42	0.44	0.34	0.38	0.42	0.28	0.26	0.34	0.28	0.2	0.3
9950	0.24	0.24	0.2	0.3	0.18	0.46	0.4	0.3	0.32	0.42	0.26	0.24	0.32	0.3	0.24	0.26
10000	0.24	0.24	0.18	0.28	0.16	0.44	0.44	0.28	0.32	0.4	0.22	0.3	0.26	0.26	0.26	0.28
10050	0.26	0.3	0.18	0.28	0.2	0.44	0.44	0.3	0.28	0.34	0.18	0.3	0.26	0.28	0.24	0.18
10100	0.22	0.32	0.18	0.32	0.3	0.38	0.4	0.28	0.3	0.38	0.2	0.32	0.26	0.28	0.3	0.22
10150	0.3	0.32	0.18	0.32	0.32	0.34	0.36	0.32	0.32	0.34	0.22	0.36	0.28	0.3	0.34	0.24
10200	0.34	0.34	0.2	0.32	0.32	0.36	0.36	0.32	0.32	0.32	0.22	0.42	0.26	0.28	0.32	0.26
10250	0.34	0.34	0.24	0.36	0.34	0.36	0.42	0.36	0.32	0.36	0.26	0.44	0.26	0.28	0.34	0.32
10300	0.34	0.38	0.28	0.4	0.38	0.36	0.52	0.4	0.34	0.36	0.3	0.4	0.2	0.26	0.3	0.34
10350	0.34	0.42	0.28	0.42	0.34	0.44	0.54	0.46	0.4	0.46	0.38	0.42	0.24	0.28	0.32	0.3
10400	0.34	0.42	0.32	0.5	0.42	0.44	0.58	0.52	0.42	0.5	0.44	0.42	0.3	0.32	0.38	0.38
10450	0.36	0.46	0.36	0.52	0.42	0.48	0.58	0.6	0.5	0.48	0.42	0.42	0.3	0.36	0.42	0.48
10500	0.38	0.42	0.34	0.52	0.4	0.5	0.56	0.56	0.48	0.54	0.5	0.4	0.38	0.38	0.36	0.5
10550	0.38	0.42	0.42	0.5	0.38	0.52	0.56	0.56	0.52	0.54	0.52	0.34	0.38	0.44	0.34	0.52
10600	0.34	0.46	0.44	0.5	0.34	0.52	0.58	0.56	0.54	0.5	0.48	0.34	0.38	0.5	0.34	0.52
10650	0.38	0.48	0.48	0.52	0.32	0.54	0.52	0.52	0.58	0.52	0.46	0.34	0.46	0.58	0.34	0.5
10700	0.38	0.52	0.48	0.5	0.34	0.58	0.52	0.54	0.52	0.5	0.46	0.34	0.42	0.52	0.36	0.48
10750	0.44	0.54	0.48	0.52	0.36	0.62	0.52	0.56	0.5	0.5	0.48	0.34	0.44	0.48	0.4	0.46
10800	0.44	0.56	0.5	0.44	0.34	0.58	0.5	0.48	0.54	0.48	0.42	0.34	0.42	0.48	0.38	0.4
10850	0.46	0.56	0.5	0.46	0.32	0.6	0.52	0.46	0.56	0.46	0.48	0.4	0.42	0.48	0.4	0.44
10900	0.46	0.58	0.5	0.5	0.38	0.64	0.58	0.44	0.56	0.5	0.46	0.4	0.42	0.5	0.38	0.44
10950	0.48	0.58	0.48	0.54	0.38	0.6	0.58	0.42	0.54	0.46	0.5	0.42	0.44	0.46	0.44	0.44
11000	0.42	0.56	0.5	0.54	0.4	0.62	0.54	0.4	0.48	0.46	0.48	0.44	0.42	0.46	0.48	0.42
11050	0.4	0.6	0.5	0.58	0.4	0.62	0.52	0.44	0.48	0.44	0.52	0.46	0.48	0.44	0.52	0.42
11100	0.36	0.56	0.52	0.6	0.4	0.54	0.54	0.44	0.5	0.42	0.44	0.44	0.46	0.4	0.52	0.46
11150	0.36	0.6	0.46	0.56	0.4	0.58	0.54	0.4	0.5	0.42	0.42	0.42	0.44	0.38	0.5	0.52
11200	0.38	0.58	0.5	0.54	0.4	0.62	0.54	0.48	0.52	0.46	0.44	0.48	0.52	0.42	0.54	0.48
11250	0.38	0.62	0.48	0.56	0.46	0.64	0.6	0.44	0.54	0.48	0.44	0.44	0.54	0.4	0.52	0.48
11300	0.44	0.6	0.52	0.58	0.42	0.64	0.56	0.5	0.48	0.54	0.44	0.42	0.6	0.4	0.5	0.46
11350	0.46	0.6	0.54	0.56	0.44	0.66	0.58	0.5	0.5	0.58	0.46	0.42	0.62	0.44	0.5	0.48
11400	0.5	0.56	0.48	0.52	0.46	0.64	0.56	0.56	0.44	0.58	0.44	0.44	0.62	0.5	0.5	0.48
11450	0.6	0.58	0.48	0.52	0.48	0.7	0.6	0.58	0.48	0.56	0.44	0.42	0.68	0.56	0.48	0.46
11500	0.66	0.58	0.54	0.54	0.48	0.74	0.6	0.56	0.5	0.58	0.44	0.42	0.76	0.54	0.48	0.5
11550	0.66	0.62	0.54	0.52	0.5	0.68	0.6	0.6	0.58	0.6	0.46	0.48	0.74	0.56	0.54	0.46
11600	0.66	0.62	0.56	0.52	0.6	0.64	0.6	0.62	0.56	0.6	0.46	0.54	0.7	0.52	0.56	0.5
11650	0.68	0.62	0.56	0.54	0.58	0.66	0.6	0.68	0.58	0.62	0.42	0.56	0.72	0.56	0.56	0.54
11700	0.66	0.62	0.52	0.54	0.58	0.66	0.6	0.7	0.58	0.58	0.38	0.5	0.7	0.58	0.58	0.5
11750	0.68	0.62	0.56	0.58	0.58	0.66	0.6	0.66	0.6	0.6	0.4	0.52	0.68	0.54	0.62	0.48
11800	0.7	0.6	0.62	0.62	0.56	0.64	0.58	0.68	0.6	0.6	0.36	0.56	0.64	0.58	0.6	0.5
11850	0.7	0.64	0.54	0.62	0.54	0.64	0.56	0.64	0.66	0.62	0.34	0.54	0.64	0.54	0.62	0.54
11900	0.72	0.62	0.5	0.58	0.58	0.6	0.62	0.66	0.64	0.62	0.34	0.54	0.64	0.52	0.6	0.56
11950	0.68	0.66	0.54	0.56	0.54	0.68	0.66	0.6	0.68	0.62	0.32	0.52	0.64	0.56	0.6	0.62
12000	0.7	0.6	0.54	0.56	0.46	0.66	0.64	0.54	0.7	0.6	0.4	0.48	0.66	0.58	0.54	0.5
12050	0.72	0.56	0.54	0.58	0.46	0.64	0.58	0.54	0.66	0.58	0.42	0.42	0.66	0.56	0.5	0.52
12100	0.7	0.56	0.58	0.54	0.54	0.64	0.58	0.52	0.74	0.62	0.46	0.48	0.7	0.58	0.5	0.5
12150	0.7	0.56	0.56	0.58	0.56	0.68	0.66	0.6	0.76	0.64	0.5	0.4	0.66	0.64	0.5	0.5
12200	0.7	0.64	0.54	0.58	0.56	0.58	0.66	0.56	0.68	0.64	0.48	0.44	0.66	0.66	0.46	0.5
12250	0.68	0.7	0.58	0.56	0.54	0.64	0.64	0.64	0.7	0.64	0.52	0.46	0.7	0.68	0.52	0.54
12300	0.66	0.7	0.64	0.52	0.54	0.64	0.62	0.6	0.74	0.62	0.56	0.5	0.7	0.7	0.54	0.54
12350	0.64	0.64	0.62	0.52	0.56	0.58	0.64	0.58	0.7	0.68	0.54	0.54	0.68	0.68	0.56	0.52
12400	0.6	0.6	0.6	0.56	0.56	0.6	0.64	0.6	0.72	0.66	0.52	0.54	0.68	0.64	0.66	0.56
12450	0.58	0.62	0.58	0.54	0.5	0.6	0.7	0.64	0.7	0.68	0.52	0.52	0.68	0.58	0.66	0.68
12500	0.58	0.62	0.6	0.58	0.5	0.6	0.68	0.62	0.68	0.62	0.5	0.52	0.64	0.6	0.64	0.74
12550	0.64	0.62	0.64	0.7	0.52	0.62	0.7	0.66	0.74	0.58	0.56	0.56	0.68	0.62	0.64	0.74
12600	0.62	0.52	0.58	0.7	0.56	0.64	0.66	0.62	0.74	0.58	0.58	0.6	0.68	0.56	0.68	0.76
12650	0.62	0.46	0.58	0.64	0.52	0.72	0.66	0.64	0.72	0.58	0.54	0.64	0.64	0.58	0.62	0.74
12700	0.66	0.44	0.58	0.62	0.58	0.78	0.68	0.7	0.78	0.6	0.52	0.68	0.62	0.56	0.64	0.76
12750	0.72	0.46	0.62	0.62	0.56	0.76	0.66	0.7	0.74	0.64	0.54	0.66	0.62	0.52	0.62	0.76
12800	0.74	0.48	0.7	0.62	0.64	0.82	0.68	0.72	0.78	0.62	0.54	0.64	0.64	0.6	0.66	0.74
12850	0.74	0.52	0.66	0.56	0.64	0.84	0.7	0.72	0.74	0.6	0.56	0.64	0.64	0.66	0.72	0.74
12900	0.78	0.54	0.68	0.54	0.62	0.82	0.68	0.72	0.74	0.6	0.6	0.64	0.66	0.66	0.74	0.68
12950	0.7	0.54	0.7	0.54	0.62	0.74	0.66	0.68	0.72	0.6	0.6	0.68	0.6	0.58	0.72	0.7
13000	0.7	0.58	0.74	0.56	0.62	0.7	0.64	0.66	0.66	0.66	0.6	0.62	0.64	0.58	0.7	0.7
13050	0.7	0.66	0.72	0.6	0.58	0.72	0.62	0.66	0.66	0.66	0.58	0.64	0.66	0.56	0.74	0.66
13100	0.64	0.66	0.68	0.62	0.58	0.68	0.66	0.7	0.64	0.66	0.58	0.66	0.7	0.58	0.72	0.64
13150	0.66	0.66	0.7	0.64	0.54	0.68	0.66	0.7	0.64	0.64	0.6	0.64	0.72	0.62	0.74	0.66
13200	0.62	0.62	0.68	0.66	0.52	0.68	0.66	0.68	0.68	0.64	0.58	0.66	0.72	0.64	0.68	0.7
13250	0.62	0.62	0.66	0.66	0.48	0.7	0.68	0.68	0.66	0.64	0.56	0.7	0.74	0.62	0.64	0.72
13300	0.58	0.6	0.62	0.66	0.48	0.7	0.68	0.7	0.68	0.66	0.56	0.66	0.74	0.62	0.58	0.72
13350	0.58	0.58	0.64	0.68	0.52	0.7	0.7	0.7	0.7	0.68	0.54	0.72	0.72	0.66	0.64	0.72
13400	0.6	0.56	0.62	0.64	0.56	0.72	0.74	0.74	0.72	0.64	0.54	0.74	0.76	0.74	0.68	0.72
13450	0.62	0.54	0.62	0.62	0.62	0.66	0.72	0.7	0.74	0.6	0.58	0.68	0.78	0.74	0.64	0.7
13500	0.64	0.54	0.6	0.6	0.62	0.68	0.72	0.68	0.72	0.62	0.56	0.66	0.76	0.72	0.62	0.7
13550	0.66	0.56	0.56	0.64	0.62	0.72	0.74	0.62	0.76	0.6	0.64	0.72	0.76	0.72	0.62	0.72
13600	0.68	0.58	0.56	0.6	0.64	0.76	0.74	0.58	0.74	0.6	0.64	0.68	0.74	0.68	0.62	0.72
13650	0.76	0.58	0.64	0.62	0.64	0.76	0.74	0.56	0.76	0.68	0.62	0.66	0.76	0.72	0.66	0.68
13700	0.84	0.6	0.62	0.66	0.68	0.8	0.72	0.54	0.78	0.66	0.64	0.66	0.8	0.74	0.64	0.68
13750	0.8	0.6	0.64	0.72	0.72	0.78	0.7	0.52	0.8	0.64	0.6	0.68	0.84	0.74	0.64	0.72
13800	0.82	0.66	0.66	0.8	0.68	0.8	0.66	0.52	0.76	0.68	0.64	0.68	0.86	0.68	0.66	0.76
13850	0.84	0.66	0.68	0.78	0.64	0.8	0.6	0.54	0.82	0.66	0.6	0.6	0.86	0.68	0.66	0.76
13900	0.86	0.72	0.74	0.76	0.6	0.76	0.6	0.62	0.8	0.64	0.6	0.62	0.88	0.68	0.7	0.78
13950	0.84	0.74	0.78	0.76	0.58	0.76	0.56	0.62	0.82	0.62	0.56	0.66	0.88	0.74	0.68	0.74
14000	0.8	0.76	0.8	0.74	0.58	0.74	0.56	0.7	0.8	0.66	0.58	0.64	0.84	0.72	0.64	0.74
14050	0.78	0.8	0.76	0.78	0.6	0.72	0.58	0.72	0.82	0.64	0.58	0.64	0.82	0.7	0.62	0.74
14100	0.78	0.78	0.8	0.72	0.56	0.64	0.6	0.7	0.88	0.66	0.62	0.64	0.8	0.72	0.64	0.68
14150	0.74	0.74	0.82	0.68	0.58	0.66	0.6	0.74	0.8	0.7	0.62	0.62	0.8	0.78	0.58	0.68
14200	0.72	0.72	0.76	0.66	0.58	0.68	0.66	0.72	0.76	0.72	0.62	0.6	0.76	0.78	0.58	0.68
14250	0.74	0.7	0.72	0.64	0.54	0.68	0.68	0.68	0.78	0.66	0.62	0.58	0.76	0.74	0.56	0.66
14300	0.72	0.72	0.78	0.68	0.58	0.7	0.66	0.68	0.78	0.72	0.7	0.62	0.76	0.66	0.56	0.68
14350	0.7	0.74	0.76	0.72	0.58	0.74	0.72	0.68	0.8	0.72	0.76	0.6	0.76	0.64	0.58	0.64
14400	0.7	0.7	0.74	0.74	0.62	0.8	0.72	0.68	0.78	0.72	0.74	0.56	0.8	0.64	0.62	0.62
14450	0.68	0.7	0.74	0.74	0.64	0.84	0.7	0.72	0.82	0.72	0.72	0.58	0.8	0.66	0.68	0.66
14500	0.7	0.7	0.72	0.74	0.68	0.9	0.7	0.76	0.8	0.7	0.74	0.58	0.82	0.68	0.72	0.66
14550	0.68	0.72	0.76	0.74	0.7	0.88	0.66	0.74	0.82	0.7	0.74	0.62	0.78	0.68	0.7	0.62
14600	0.7	0.74	0.74	0.78	0.7	0.9	0.68	0.78	0.86	0.72	0.74	0.62	0.8	0.66	0.74	0.66
14650	0.76	0.76	0.76	0.74	0.72	0.92	0.66	0.78	0.82	0.68	0.74	0.66	0.82	0.68	0.78	0.64
14700	0.72	0.78	0.74	0.68	0.76	0.92	0.62	0.78	0.82	0.72	0.72	0.66	0.84	0.7	0.8	0.62
14750	0.72	0.74	0.76	0.7	0.76	0.88	0.6	0.78	0.82	0.68	0.72	0.68	0.82	0.72	0.76	0.66
14800	0.72	0.74	0.76	0.72	0.78	0.86	0.6	0.78	0.8	0.68	0.66	0.68	0.82	0.72	0.76	0.64
14850	0.78	0.74	0.76	0.64	0.74	0.86	0.58	0.74	0.78	0.7	0.64	0.62	0.8	0.68	0.76	0.66
14900	0.76	0.76	0.8	0.62	0.74	0.84	0.62	0.72	0.78	0.72	0.66	0.58	0.74	0.64	0.78	0.7
14950	0.74	0.74	0.78	0.66	0.78	0.82	0.66	0.74	0.8	0.7	0.66	0.56	0.78	0.64	0.78	0.68
15000	0.74	0.74	0.78	0.68	0.8	0.76	0.7	0.76	0.82	0.7	0.68	0.6	0.84	0.64	0.76	0.74
15050	0.7	0.76	0.82	0.72	0.78	0.78	0.72	0.76	0.8	0.76	0.68	0.64	0.82	0.64	0.72	0.74
15100	0.72	0.76	0.82	0.76	0.82	0.78	0.7	0.78	0.78	0.78	0.7	0.64	0.8	0.68	0.76	0.8
15150	0.74	0.76	0.8	0.74	0.82	0.78	0.7	0.78	0.78	0.76	0.64	0.62	0.76	0.66	0.74	0.74
15200	0.74	0.76	0.8	0.8	0.82	0.78	0.7	0.74	0.74	0.76	0.64	0.64	0.78	0.68	0.68	0.74
15250	0.72	0.78	0.78	0.86	0.86	0.8	0.74	0.76	0.76	0.72	0.68	0.7	0.78	0.7	0.76	0.8
15300	0.74	0.76	0.78	0.8	0.88	0.8	0.78	0.78	0.74	0.72	0.72	0.74	0.84	0.74	0.72	0.78
15350	0.74	0.78	0.76	0.78	0.86	0.82	0.74	0.8	0.74	0.72	0.7	0.74	0.82	0.78	0.68	0.78
15400	0.8	0.8	0.74	0.76	0.86	0.8	0.74	0.74	0.72	0.68	0.7	0.72	0.86	0.8	0.68	0.78
15450	0.78	0.78	0.72	0.72	0.86	0.82	0.74	0.76	0.78	0.66	0.72	0.72	0.88	0.82	0.64	0.78
15500	0.8	0.78	0.68	0.68	0.88	0.84	0.78	0.76	0.78	0.64	0.74	0.72	0.92	0.8	0.6	0.76
15550	0.82	0.78	0.68	0.66	0.84	0.78	0.78	0.74	0.78	0.72	0.8	0.74	0.92	0.8	0.64	0.72
15600	0.8	0.76	0.72	0.64	0.8	0.76	0.76	0.74	0.82	0.76	0.8	0.7	0.88	0.8	0.58	0.68
15650	0.84	0.78	0.76	0.68	0.82	0.72	0.8	0.84	0.84	0.78	0.8	0.7	0.86	0.8	0.6	0.66
15700	0.82	0.76	0.76	0.7	0.76	0.72	0.78	0.82	0.82	0.8	0.78	0.68	0.84	0.76	0.64	0.64
15750	0.8	0.72	0.78	0.7	0.74	0.72	0.7	0.82	0.82	0.8	0.78	0.68	0.82	0.78	0.66	0.68
15800	0.76	0.66	0.78	0.72	0.68	0.72	0.7	0.8	0.84	0.82	0.74	0.7	0.8	0.78	0.62	0.64
15850	0.78	0.7	0.84	0.74	0.68	0.7	0.68	0.78	0.84	0.86	0.76	0.72	0.74	0.8	0.66	0.64
15900	0.76	0.7	0.84	0.76	0.66	0.68	0.68	0.8	0.82	0.84	0.74	0.7	0.7	0.8	0.72	0.64
15950	0.76	0.74	0.86	0.78	0.62	0.7	0.66	0.84	0.82	0.82	0.74	0.7	0.72	0.84	0.74	0.66
16000	0.72	0.78	0.88	0.8	0.6	0.74	0.68	0.78	0.82	0.82	0.74	0.66	0.72	0.8	0.7	0.62
16050	0.7	0.86	0.86	0.84	0.66	0.76	0.7	0.8	0.82	0.84	0.7	0.68	0.7	0.8	0.7	0.68
16100	0.62	0.86	0.86	0.86	0.7	0.74	0.68	0.8	0.8	0.86	0.7	0.7	0.74	0.78	0.68	0.68
16150	0.64	0.88	0.88	0.88	0.74	0.72	0.68	0.82	0.78	0.86	0.72	0.72	0.8	0.82	0.68	0.68
16200	0.62	0.86	0.92	0.9	0.74	0.74	0.7	0.86	0.78	0.86	0.74	0.74	0.8	0.82	0.68	0.68
16250	0.62	0.9	0.92	0.84	0.74	0.72	0.66	0.86	0.76	0.82	0.74	0.74	0.82	0.84	0.64	0.74
16300	0.66	0.88	0.9	0.84	0.72	0.72	0.66	0.84	0.78	0.82	0.74	0.74	0.8	0.82	0.6	0.74
16350	0.7	0.8	0.86	0.8	0.72	0.74	0.66	0.82	0.76	0.84	0.72	0.72	0.84	0.8	0.58	0.76
16400	0.76	0.76	0.8	0.78	0.7	0.68	0.68	0.8	0.74	0.8	0.68	0.72	0.82	0.78	0.58	0.78
16450	0.74	0.76	0.78	0.74	0.7	0.68	0.66	0.8	0.76	0.8	0.7	0.7	0.84	0.84	0.6	0.86
16500	0.74	0.76	0.78	0.72	0.74	0.64	0.7	0.8	0.76	0.8	0.68	0.74	0.84	0.84	0.58	0.86
16550	0.76	0.8	0.78	0.72	0.78	0.68	0.72	0.8	0.78	0.82	0.7	0.74	0.84	0.84	0.62	0.84
16600	0.78	0.76	0.78	0.74	0.84	0.7	0.76	0.78	0.78	0.82	0.72	0.72	0.84	0.82	0.64	0.84
16650	0.78	0.74	0.76	0.78	0.86	0.74	0.76	0.78	0.76	0.82	0.7	0.72	0.84	0.86	0.68	0.8
16700	0.8	0.74	0.76	0.78	0.88	0.74	0.78	0.8	0.78	0.84	0.74	0.74	0.88	0.84	0.72	0.82
16750	0.78	0.8	0.76	0.78	0.86	0.78	0.74	0.76	0.78	0.84	0.76	0.76	0.86	0.84	0.7	0.76
16800	0.78	0.8	0.7	0.78	0.9	0.82	0.74	0.78	0.76	0.86	0.76	0.8	0.92	0.84	0.76	0.76
16850	0.78	0.8	0.78	0.82	0.9	0.86	0.76	0.82	0.78	0.86	0.8	0.82	0.9	0.8	0.76	0.8
16900	0.78	0.82	0.78	0.84	0.9	0.9	0.72	0.84	0.82	0.84	0.8	0.8	0.9	0.78	0.74	0.8
16950	0.78	0.86	0.74	0.88	0.86	0.88	0.72	0.84	0.8	0.82	0.78	0.76	0.88	0.76	0.72	0.78
17000	0.78	0.84	0.76	0.92	0.8	0.88	0.76	0.84	0.82	0.8	0.78	0.7	0.9	0.76	0.72	0.82
17050	0.74	0.8	0.74	0.9	0.78	0.86	0.78	0.86	0.82	0.78	0.8	0.72	0.9	0.72	0.7	0.78
17100	0.72	0.8	0.76	0.9	0.78	0.82	0.76	0.88	0.8	0.78	0.74	0.72	0.88	0.72	0.66	0.78
17150	0.76	0.82	0.82	0.9	0.8	0.8	0.8	0.9	0.8	0.82	0.78	0.72	0.88	0.72	0.68	0.8
17200	0.8	0.84	0.84	0.88	0.8	0.82	0.8	0.9	0.8	0.8	0.78	0.72	0.9	0.74	0.64	0.84
17250	0.8	0.82	0.84	0.86	0.78	0.76	0.8	0.9	0.82	0.8	0.8	0.72	0.92	0.7	0.66	0.82
17300	0.82	0.8	0.84	0.82	0.76	0.74	0.8	0.86	0.8	0.8	0.74	0.76	0.9	0.7	0.6	0.8
17350	0.84	0.84	0.88	0.82	0.78	0.76	0.82	0.78	0.76	0.84	0.74	0.8	0.86	0.72	0.6	0.8
17400	0.8	0.84	0.86	0.76	0.84	0.74	0.8	0.76	0.78	0.84	0.76	0.8	0.84	0.74	0.64	0.8
17450	0.8	0.86	0.86	0.76	0.84	0.76	0.82	0.74	0.76	0.84	0.76	0.84	0.8	0.8	0.64	0.82
17500	0.74	0.82	0.84	0.76	0.84	0.8	0.8	0.7	0.76	0.84	0.76	0.8	0.8	0.8	0.7	0.84
17550	0.72	0.76	0.82	0.76	0.84	0.8	0.78	0.76	0.76	0.84	0.78	0.82	0.78	0.76	0.7	0.84
17600	0.72	0.76	0.76	0.72	0.84	0.8	0.8	0.76	0.78	0.82	0.8	0.84	0.76	0.76	0.72	0.86
17650	0.72	0.72	0.76	0.74	0.78	0.76	0.78	0.74	0.74	0.82	0.8	0.8	0.72	0.72	0.72	0.84
17700	0.68	0.72	0.74	0.74	0.76	0.78	0.8	0.78	0.78	0.82	0.82	0.78	0.72	0.74	0.7	0.86
17750	0.7	0.72	0.72	0.7	0.74	0.82	0.84	0.78	0.76	0.8	0.84	0.74	0.74	0.72	0.78	0.82
17800	0.72	0.72	0.74	0.7	0.74	0.84	0.8	0.76	0.78	0.8	0.82	0.72	0.76	0.74	0.76	0.88
17850	0.74	0.74	0.72	0.72	0.74	0.76	0.76	0.74	0.76	0.78	0.84	0.72	0.72	0.66	0.72	0.86
17900	0.78	0.74	0.76	0.72	0.76	0.78	0.76	0.76	0.72	0.76	0.84	0.7	0.72	0.62	0.72	0.84
17950	0.74	0.78	0.74	0.7	0.74	0.8	0.74	0.78	0.74	0.78	0.8	0.7	0.76	0.64	0.76	0.78
18000	0.74	0.82	0.74	0.72	0.74	0.84	0.78	0.82	0.72	0.8	0.74	0.68	0.74	0.68	0.72	0.76
18050	0.74	0.84	0.74	0.74	0.7	0.8	0.76	0.8	0.7	0.78	0.7	0.72	0.7	0.7	0.76	0.74
18100	0.76	0.92	0.72	0.76	0.72	0.76	0.74	0.82	0.76	0.7	0.66	0.68	0.72	0.74	0.74	0.72
18150	0.82	0.9	0.76	0.76	0.74	0.74	0.76	0.82	0.74	0.72	0.64	0.72	0.72	0.78	0.72	0.72
18200	0.84	0.86	0.74	0.74	0.74	0.74	0.74	0.84	0.74	0.74	0.64	0.68	0.7	0.78	0.72	0.72
18250	0.78	0.88	0.7	0.72	0.76	0.72	0.7	0.82	0.7	0.76	0.64	0.62	0.7	0.8	0.7	0.72
18300	0.8	0.9	0.74	0.72	0.74	0.68	0.76	0.82	0.78	0.76	0.62	0.68	0.74	0.82	0.74	0.76
18350	0.76	0.86	0.78	0.72	0.76	0.7	0.76	0.8	0.78	0.76	0.62	0.68	0.74	0.82	0.72	0.82
18400	0.76	0.86	0.8	0.7	0.76	0.72	0.72	0.74	0.76	0.74	0.7	0.68	0.68	0.8	0.72	0.84
18450	0.76	0.86	0.8	0.74	0.82	0.72	0.74	0.76	0.78	0.68	0.76	0.72	0.7	0.82	0.7	0.86
18500	0.74	0.82	0.78	0.74	0.8	0.72	0.7	0.74	0.78	0.7	0.8	0.76	0.78	0.8	0.72	0.88
18550	0.76	0.82	0.78	0.74	0.82	0.76	0.7	0.74	0.78	0.74	0.8	0.76	0.82	0.82	0.74	0.92
18600	0.7	0.84	0.76	0.74	0.8	0.74	0.7	0.74	0.78	0.76	0.76	0.8	0.82	0.82	0.72	0.92
18650	0.72	0.8	0.76	0.74	0.8	0.72	0.62	0.68	0.76	0.74	0.78	0.84	0.8	0.74	0.72	0.88
18700	0.76	0.82	0.78	0.7	0.84	0.78	0.58	0.7	0.78	0.74	0.78	0.8	0.78	0.74	0.68	0.86
18750	0.78	0.86	0.78	0.76	0.82	0.8	0.6	0.74	0.76	0.74	0.78	0.8	0.8	0.76	0.68	0.8
18800	0.74	0.84	0.8	0.76	0.82	0.82	0.54	0.74	0.76	0.76	0.78	0.72	0.78	0.72	0.62	0.74
18850	0.74	0.82	0.82	0.78	0.84	0.82	0.54	0.78	0.72	0.78	0.72	0.72	0.76	0.7	0.6	0.74
18900	0.74	0.84	0.82	0.78	0.82	0.82	0.58	0.78	0.74	0.76	0.74	0.74	0.78	0.68	0.56	0.74
18950	0.78	0.84	0.84	0.82	0.8	0.8	0.58	0.8	0.76	0.8	0.72	0.76	0.8	0.7	0.56	0.74
19000	0.8	0.86	0.84	0.84	0.8	0.8	0.6	0.82	0.82	0.76	0.72	0.72	0.82	0.72	0.58	0.68
19050	0.86	0.86	0.82	0.88	0.82	0.84	0.66	0.88	0.78	0.76	0.74	0.74	0.8	0.74	0.58	0.7
19100	0.9	0.84	0.84	0.92	0.8	0.86	0.7	0.88	0.76	0.76	0.74	0.74	0.78	0.7	0.58	0.7
19150	0.86	0.84	0.86	0.88	0.78	0.84	0.72	0.86	0.72	0.8	0.76	0.74	0.78	0.7	0.58	0.64
19200	0.86	0.84	0.82	0.9	0.76	0.82	0.74	0.82	0.76	0.78	0.78	0.8	0.8	0.74	0.62	0.7
19250	0.82	0.84	0.8	0.9	0.76	0.82	0.78	0.86	0.76	0.74	0.82	0.74	0.8	0.74	0.68	0.68
19300	0.86	0.84	0.8	0.86	0.8	0.78	0.78	0.84	0.76	0.72	0.84	0.74	0.8	0.76	0.74	0.66
19350	0.86	0.84	0.76	0.86	0.8	0.74	0.76	0.84	0.72	0.7	0.88	0.74	0.78	0.74	0.76	0.64
19400	0.86	0.86	0.7	0.84	0.78	0.76	0.72	0.78	0.7	0.64	0.88	0.7	0.78	0.72	0.74	0.64
19450	0.84	0.86	0.66	0.86	0.76	0.78	0.74	0.74	0.72	0.64	0.84	0.7	0.72	0.74	0.74	0.64
19500	0.86	0.9	0.64	0.9	0.78	0.82	0.78	0.76	0.72	0.66	0.84	0.74	0.74	0.74	0.78	0.7
19550	0.88	0.88	0.64	0.9	0.8	0.8	0.82	0.78	0.78	0.68	0.84	0.74	0.72	0.76	0.8	0.76
19600	0.86	0.84	0.66	0.86	0.84	0.8	0.78	0.72	0.72	0.72	0.74	0.72	0.72	0.74	0.78	0.74
19650	0.88	0.86	0.64	0.88	0.78	0.8	0.76	0.7	0.76	0.8	0.72	0.72	0.72	0.74	0.76	0.78
19700	0.84	0.82	0.66	0.84	0.7	0.8	0.68	0.74	0.72	0.76	0.68	0.72	0.74	0.7	0.74	0.78
19750	0.84	0.82	0.72	0.82	0.74	0.78	0.74	0.7	0.74	0.78	0.68	0.74	0.74	0.72	0.76	0.84
19800	0.82	0.84	0.8	0.8	0.78	0.78	0.74	0.7	0.76	0.76	0.64	0.72	0.72	0.7	0.74	0.84
19850	0.84	0.84	0.82	0.8	0.72	0.76	0.68	0.74	0.78	0.76	0.66	0.76	0.74	0.68	0.72	0.86
19900	0.8	0.84	0.84	0.8	0.72	0.74	0.68	0.78	0.76	0.76	0.64	0.78	0.74	0.68	0.68	0.88
19950	0.78	0.82	0.82	0.8	0.76	0.74	0.68	0.8	0.76	0.78	0.62	0.78	0.78	0.7	0.68	0.88
20000	0.78	0.82	0.8	0.74	0.8	0.74	0.68	0.82	0.72	0.76	0.64	0.8	0.78	0.7	0.64	0.86
