0	0	0	0	0	0	0	0	0	0	0	0	0	0	0	0	0	0
50	1	1	1	3	3	2	1	1	1	1	1	3	2	2	3	1	7
100	2	3	4	5	5	3	5	4	4	4	4	5	4	3	4	4	22
150	3	4	6	6	6	4	7	7	4	5	7	7	7	4	6	5	30
200	5	4	7	7	7	6	8	9	4	9	9	7	7	4	7	8	36
250	6	6	9	7	7	8	9	9	5	10	9	7	9	5	7	8	39
300	6	8	10	9	7	8	10	9	5	12	9	7	9	5	7	11	45
350	9	10	10	9	8	9	10	9	5	12	9	7	9	8	7	11	49
400	10	10	10	10	9	9	12	9	6	13	9	8	9	8	7	12	53
450	10	11	10	10	10	10	12	11	6	13	9	10	11	9	9	13	57
500	10	11	11	11	11	12	14	11	7	14	9	11	12	10	9	13	61
550	10	12	11	12	11	12	14	12	7	15	10	11	12	10	9	14	65
600	11	13	11	13	11	12	14	13	7	16	9	12	14	10	10	15	74
650	13	13	12	13	12	12	14	13	8	16	9	12	14	10	10	16	78
700	13	13	12	13	12	12	14	13	8	17	9	12	15	10	10	16	80
750	14	14	14	14	12	12	14	13	9	17	10	12	16	11	11	17	80
800	14	14	14	14	12	12	14	15	9	17	10	12	16	12	11	18	84
850	15	15	14	14	12	12	14	16	9	17	10	13	16	15	11	18	90
900	16	15	14	14	12	12	14	16	10	17	10	13	17	15	11	18	90
950	17	15	14	14	12	12	14	16	9	17	10	13	18	15	11	18	92
1000	17	15	14	14	12	12	14	16	10	17	10	13	19	15	12	18	91
1050	17	15	14	14	12	12	14	16	12	17	10	13	19	15	12	18	95
1100	17	15	14	14	12	12	14	16	12	17	10	13	19	15	12	18	96
1150	17	15	14	14	12	12	14	16	13	17	10	13	19	15	12	18	97
1200	17	15	14	14	12	12	14	16	12	17	10	13	19	15	12	18	96
1250	17	15	14	14	12	12	14	16	12	17	10	13	18	15	12	18	92
1300	17	15	14	14	12	12	14	16	14	17	10	13	19	15	12	18	93
1350	17	15	14	14	12	12	14	16	14	17	10	13	19	15	12	18	92
1400	17	15	14	14	12	12	14	16	15	17	10	13	21	15	12	18	93
1450	17	15	14	14	12	12	14	16	17	17	10	13	21	15	12	18	95
1500	17	15	14	14	12	12	14	16	17	17	10	13	21	15	13	18	97
1550	17	15	14	14	12	13	14	16	17	17	10	13	21	15	13	18	95
1600	17	15	14	14	12	12	14	16	17	17	10	14	21	15	13	18	94
1650	17	15	14	14	12	13	14	16	17	17	9	14	21	15	13	18	95
1700	17	15	14	14	12	13	14	16	17	16	9	14	21	15	13	18	95
1750	17	15	14	14	12	13	14	16	17	16	9	14	21	15	13	18	95
1800	17	15	14	14	12	13	14	16	17	16	9	14	21	14	14	18	96
1850	17	15	14	15	12	13	14	15	17	16	9	14	21	14	13	18	93
1900	17	15	14	15	12	13	14	15	17	16	9	14	21	14	14	18	93
1950	16	15	14	14	12	13	14	15	17	16	9	14	21	13	15	18	93
2000	16	15	14	14	12	13	14	15	17	16	10	14	21	13	15	18	94
2050	16	15	14	14	12	13	14	15	17	16	10	15	21	13	15	18	95
2100	16	15	14	14	12	13	14	15	17	16	11	15	21	13	15	18	96
2150	16	15	14	14	12	13	14	15	17	16	11	14	21	13	15	18	96
2200	16	15	14	14	12	13	14	15	17	16	11	16	21	14	15	18	97
2250	16	15	14	14	12	13	14	15	17	16	12	17	21	14	15	18	98
2300	16	15	14	14	13	13	14	15	17	16	12	19	21	15	15	18	101
2350	16	15	14	14	13	13	14	15	16	16	12	19	21	16	15	18	102
2400	16	15	14	14	13	13	14	15	16	17	13	19	21	16	15	18	102
2450	16	15	14	14	13	13	14	15	16	17	13	19	21	16	16	18	103
2500	16	15	14	14	13	13	14	15	16	17	13	19	21	16	16	18	102
2550	16	15	14	14	13	13	14	15	17	17	14	19	21	16	16	18	103
2600	16	15	14	14	14	13	14	15	17	17	15	19	21	16	16	18	104
2650	16	15	14	14	15	13	14	15	17	17	15	19	21	17	16	18	105
2700	16	15	14	14	15	13	14	15	18	17	15	19	21	18	16	18	107
2750	16	15	14	14	15	13	14	15	20	17	15	19	21	19	16	18	107
2800	16	15	14	14	16	13	14	15	21	17	15	19	21	19	15	18	108
2850	16	15	14	14	17	13	14	15	21	17	14	20	21	20	15	18	110
2900	16	16	14	14	17	13	14	15	21	17	14	20	21	20	15	18	111
2950	16	16	14	14	16	13	14	15	22	17	14	20	21	20	15	18	112
3000	16	17	14	14	17	13	14	15	22	17	14	20	21	20	15	18	114
3050	16	17	14	14	18	13	14	15	23	18	15	20	21	20	15	18	114
3100	16	19	14	14	19	14	14	15	23	18	15	20	21	20	15	18	116
3150	17	19	14	14	19	14	14	15	23	19	15	20	21	20	15	18	116
3200	17	19	14	14	19	14	14	15	23	19	15	20	21	20	15	18	116
3250	17	19	14	14	21	15	14	15	23	20	15	20	21	20	15	18	118
3300	18	19	14	14	21	15	14	15	23	20	16	20	21	20	15	18	120
3350	19	19	14	14	21	15	14	15	24	20	16	20	21	20	16	18	122
3400	19	20	14	14	22	16	14	15	25	21	16	20	21	20	16	18	125
3450	19	21	14	14	22	17	14	15	25	21	16	20	20	20	16	18	128
3500	19	21	14	14	22	18	14	15	25	21	16	20	20	20	16	18	129
3550	19	21	14	14	22	19	14	15	25	21	17	20	20	20	15	18	131
3600	19	21	14	14	22	19	14	16	25	21	17	20	20	20	15	18	133
3650	19	21	14	14	22	20	14	16	25	21	17	20	20	20	15	18	133
3700	19	21	14	14	22	20	14	17	25	21	17	19	20	20	15	18	133
3750	19	21	14	14	22	20	14	17	25	21	18	19	20	20	15	19	134
3800	19	21	14	14	22	21	14	17	25	22	18	19	20	20	15	19	135
3850	19	21	14	14	22	21	14	17	25	22	18	19	20	20	15	19	135
3900	19	21	14	14	22	22	14	17	25	22	18	19	20	20	15	19	136
3950	19	21	14	14	22	22	15	17	24	22	18	18	20	20	15	19	136
4000	19	21	14	14	22	22	15	18	24	22	18	18	20	20	15	19	137
4050	19	21	14	14	23	22	15	18	25	22	18	18	20	19	15	20	139
4100	19	21	14	14	23	22	16	19	25	24	18	18	20	19	15	20	142
4150	19	21	14	14	23	22	16	20	25	24	18	18	20	18	15	20	141
4200	19	21	14	14	23	22	16	20	24	24	18	18	20	18	15	21	140
4250	19	21	14	14	23	22	17	20	24	24	18	18	20	17	15	21	140
4300	19	21	14	14	23	22	17	20	24	24	18	18	20	17	15	20	139
4350	19	21	14	14	22	21	17	21	24	24	18	18	20	17	15	21	140
4400	19	21	14	14	22	21	17	21	23	24	18	18	20	17	15	21	140
4450	19	21	14	14	22	21	17	21	24	24	18	18	20	17	15	21	140
4500	19	21	14	14	22	20	17	22	24	23	18	18	20	17	15	21	139
4550	19	21	14	14	22	20	17	22	25	23	18	18	20	17	15	22	141
4600	19	21	15	14	22	20	18	22	25	23	18	18	20	17	15	22	140
4650	19	21	15	14	23	21	18	23	25	23	18	18	20	18	15	22	142
4700	19	21	14	14	23	22	18	23	25	23	18	18	20	18	15	23	142
4750	19	21	14	14	23	23	19	23	25	23	18	18	20	18	15	23	144
4800	19	21	14	14	23	24	19	23	25	23	18	19	20	18	15	23	145
4850	19	21	16	14	23	24	19	23	25	23	17	19	20	18	15	23	146
4900	19	21	16	14	23	25	19	23	25	23	17	19	20	18	15	24	148
4950	19	21	17	14	23	25	19	23	25	23	17	19	20	18	15	25	148
5000	19	21	18	14	23	25	19	23	25	23	17	19	20	18	15	26	149
5050	19	21	18	14	23	25	19	23	25	23	17	20	20	17	15	24	149
5100	19	21	18	14	23	25	19	23	25	23	17	20	20	18	15	25	152
5150	19	21	19	14	23	25	19	23	25	23	17	20	19	18	15	25	152
5200	19	21	19	14	23	25	19	23	25	23	17	20	19	18	15	25	152
5250	19	21	19	14	23	26	20	23	25	23	16	20	19	18	15	25	153
5300	19	21	19	14	23	26	20	23	25	23	16	20	19	18	15	25	153
5350	19	21	19	14	23	27	20	23	25	23	16	20	19	18	15	24	151
5400	19	21	19	14	23	28	20	23	25	23	16	21	19	18	15	24	154
5450	19	21	19	14	22	29	20	23	25	23	16	22	19	18	15	24	156
5500	18	21	20	14	22	29	20	23	25	23	16	22	19	18	15	25	155
5550	18	21	20	13	22	29	20	23	25	23	16	23	19	18	15	25	157
5600	18	20	20	13	22	30	20	23	25	23	16	23	19	18	15	26	158
5650	18	20	21	13	22	31	20	23	25	23	17	23	19	18	15	26	160
5700	18	20	21	13	22	31	20	23	25	23	17	23	19	18	15	26	160
5750	18	20	21	13	22	30	20	23	25	23	17	23	19	18	15	26	161
5800	18	20	21	13	21	29	20	23	25	23	17	23	19	18	15	27	161
5850	18	20	21	13	21	28	20	23	25	23	17	23	19	18	15	27	160
5900	18	20	21	13	21	28	20	23	25	23	17	23	19	18	15	27	160
5950	18	20	21	13	21	28	20	23	25	23	17	23	19	18	15	27	160
6000	18	20	21	13	21	27	20	23	25	23	17	23	19	18	15	27	158
6050	18	20	21	13	21	27	20	23	25	23	17	23	19	18	15	27	158
6100	18	20	21	13	21	27	20	23	25	23	17	23	19	18	15	29	160
6150	18	21	21	13	21	27	20	23	25	23	17	23	19	18	15	28	159
6200	18	22	21	13	21	27	20	23	25	23	17	23	19	18	15	28	159
6250	18	22	21	13	21	26	20	23	25	23	17	23	19	18	15	28	158
6300	18	22	21	13	21	26	20	23	25	23	17	23	19	18	15	29	160
6350	19	22	21	13	21	26	20	23	25	23	17	23	19	18	15	29	160
6400	20	22	21	13	21	26	20	23	25	23	17	23	20	18	15	29	161
6450	20	22	21	13	21	26	20	23	25	23	17	23	20	18	15	29	161
6500	20	23	21	13	21	26	20	23	25	23	17	23	20	18	15	29	161
6550	20	23	21	13	21	26	20	23	25	23	17	23	20	18	15	29	160
6600	20	23	21	13	21	26	20	23	25	23	17	23	20	18	15	29	160
6650	20	23	22	13	22	27	20	22	25	23	17	22	20	18	15	29	160
6700	20	23	22	13	22	27	20	22	25	23	17	22	20	18	16	29	159
6750	20	23	21	13	22	27	20	22	25	23	16	22	20	18	16	29	159
6800	20	23	21	13	22	27	20	22	25	23	16	22	20	18	16	29	159
6850	20	23	21	13	22	27	20	22	25	22	16	22	20	18	16	29	158
6900	20	23	21	13	22	27	21	22	25	22	16	22	20	18	16	29	158
6950	19	24	21	13	21	27	21	22	25	22	16	22	20	18	16	29	158
7000	19	24	21	13	21	27	21	22	25	22	15	22	20	18	16	29	157
7050	19	24	21	13	21	27	20	22	25	22	15	22	20	18	16	29	157
7100	19	24	21	13	21	28	21	22	25	22	15	22	20	18	16	29	159
7150	19	24	21	13	21	28	21	22	25	22	15	22	20	17	16	29	158
7200	20	24	21	13	21	29	21	22	25	22	15	22	20	17	16	29	159
7250	20	24	21	13	21	29	21	22	25	21	15	22	20	17	16	29	160
7300	20	24	21	13	21	29	21	22	25	21	15	22	20	17	16	29	160
7350	20	24	21	13	21	29	21	22	25	21	15	22	20	17	16	28	160
7400	20	24	21	13	21	29	21	22	25	21	15	22	20	17	16	28	159
7450	20	24	21	13	21	30	21	22	25	21	15	22	20	17	16	28	160
7500	20	24	21	13	21	30	21	22	25	21	15	22	20	17	16	28	160
7550	20	24	21	13	21	30	21	22	25	21	15	22	20	18	16	28	160
7600	19	24	21	13	21	30	22	22	25	21	15	22	20	18	16	28	159
7650	19	24	21	13	21	31	22	22	25	21	15	22	19	19	16	28	162
7700	19	24	21	13	21	31	22	22	25	21	15	22	19	19	16	28	162
7750	19	24	21	13	20	32	23	22	25	21	15	22	19	19	17	28	163
7800	19	24	21	13	20	32	24	22	25	21	15	22	19	19	17	28	164
7850	19	24	21	13	20	32	24	22	25	21	16	22	19	20	17	28	165
7900	19	24	21	13	20	33	24	22	25	21	16	22	19	20	18	28	167
7950	19	24	21	13	20	33	24	22	25	21	16	22	19	21	18	28	167
8000	19	24	21	13	20	32	24	22	25	21	17	22	19	21	18	28	168
8050	19	24	21	13	20	33	21	22	25	21	17	22	19	21	18	28	169
8100	19	24	21	13	20	33	22	22	25	21	17	22	19	21	18	28	170
8150	19	24	21	13	20	33	22	22	24	21	16	22	19	21	18	28	168
8200	19	24	21	13	20	33	22	22	24	21	16	22	19	21	18	28	168
8250	19	24	21	13	20	33	23	22	24	21	16	22	19	21	18	28	168
8300	19	24	21	13	20	33	23	22	24	21	15	22	19	21	18	28	167
8350	19	24	21	13	19	33	23	22	24	21	16	22	19	21	18	28	166
8400	19	24	21	13	19	33	23	22	24	21	17	23	19	21	18	28	167
8450	19	24	21	13	19	33	23	22	24	21	17	23	19	21	18	28	167
8500	19	24	21	13	19	33	23	22	24	21	17	23	19	21	18	28	167
8550	19	24	20	13	19	33	23	22	24	21	17	23	19	21	18	28	166
8600	19	24	20	13	19	33	23	22	24	21	18	23	19	21	18	28	166
8650	19	24	20	13	19	33	23	22	24	21	18	23	19	21	18	28	167
8700	19	24	20	13	19	33	23	22	23	21	18	23	19	21	18	28	167
8750	19	24	20	13	19	33	23	21	23	21	18	23	19	20	18	28	167
8800	19	24	20	13	19	34	23	22	23	21	18	24	19	21	18	27	169
8850	19	24	20	13	19	34	23	22	23	21	18	24	19	21	18	27	169
8900	19	24	20	13	19	33	23	22	23	21	18	25	20	21	18	27	170
8950	19	24	20	13	19	32	23	22	23	21	19	25	20	21	18	27	169
9000	19	24	20	13	19	31	23	22	23	20	19	26	20	21	18	27	167
9050	19	24	20	13	19	31	23	22	23	20	19	26	20	21	18	27	167
9100	19	24	20	13	19	30	23	22	23	20	20	27	21	21	18	27	168
9150	19	24	20	13	19	30	23	22	23	20	20	26	21	22	18	27	169
9200	19	24	20	13	19	28	23	22	23	20	19	26	21	22	18	27	167
9250	19	24	20	13	19	28	23	22	23	20	20	26	21	22	18	27	167
9300	19	24	20	13	19	28	23	22	23	20	20	25	22	22	18	27	168
9350	19	24	20	13	19	28	23	22	23	20	19	26	24	23	18	27	170
9400	19	24	20	13	19	28	23	22	23	20	19	28	24	21	18	27	172
9450	19	24	20	13	19	28	23	22	23	20	19	29	24	22	18	27	173
9500	19	24	20	13	19	28	23	22	23	20	19	29	24	22	18	27	173
9550	19	24	20	13	19	28	23	22	23	20	19	29	24	22	18	27	173
9600	19	24	20	13	19	28	23	22	23	20	19	30	24	23	18	27	175
9650	19	24	20	13	19	28	23	22	23	20	19	30	24	23	18	27	175
9700	19	24	20	13	19	28	23	22	23	20	19	30	24	23	18	27	175
9750	19	24	20	13	19	28	23	22	23	20	20	30	24	25	18	28	179
9800	19	24	20	13	19	28	23	22	23	20	20	31	24	27	18	28	181
9850	19	24	20	13	19	28	23	22	23	20	20	31	24	27	18	28	181
9900	19	24	20	13	19	28	23	22	23	20	21	31	24	27	18	29	181
9950	19	24	20	13	19	26	24	22	23	20	21	31	24	28	18	29	181
10000	19	24	20	13	19	26	24	22	23	20	21	30	24	28	18	29	180
10050	19	24	20	14	19	26	24	22	23	20	22	30	24	28	18	29	179
10100	19	24	20	14	19	26	24	22	23	20	22	30	24	28	18	29	179
10150	19	24	20	14	19	26	24	22	23	20	22	30	24	29	18	29	179
10200	19	24	20	14	19	26	24	22	23	20	22	30	24	29	19	29	178
10250	19	24	20	14	19	27	24	22	23	20	22	30	24	30	19	30	179
10300	19	24	20	14	19	27	24	21	23	20	22	30	25	30	21	30	181
10350	19	24	20	14	19	27	24	21	23	20	21	30	25	31	21	30	182
10400	19	24	20	14	19	26	24	21	23	20	21	30	25	31	21	30	180
10450	19	24	20	14	19	26	24	21	23	20	20	30	26	31	21	30	180
10500	19	24	20	14	19	26	24	21	23	20	21	30	26	31	22	30	180
10550	18	24	20	14	19	25	23	21	23	20	24	30	26	31	22	30	182
10600	18	24	20	14	19	25	23	21	23	19	24	30	26	31	22	30	182
10650	18	24	20	14	19	26	23	21	23	19	25	29	26	31	22	30	182
10700	18	24	20	14	19	26	23	21	23	19	25	29	26	32	22	30	183
10750	18	24	20	14	19	27	23	21	23	19	26	29	26	31	22	30	181
10800	18	24	20	14	19	30	23	21	23	19	27	29	26	31	22	29	185
10850	18	24	20	14	19	30	23	21	23	19	28	30	26	31	22	31	185
10900	18	24	20	14	19	30	23	21	23	19	28	30	26	31	22	31	185
10950	18	24	20	14	19	30	23	21	23	19	28	30	26	31	23	31	186
11000	18	24	20	14	19	29	23	21	23	19	28	30	26	29	23	30	186
11050	18	24	20	14	19	29	23	21	23	19	27	30	26	30	23	30	186
11100	18	24	20	14	19	29	23	21	23	19	28	31	26	29	23	28	187
11150	17	24	20	14	19	30	23	21	23	19	30	31	26	28	23	29	186
11200	17	24	20	14	19	30	23	21	23	19	29	31	26	28	23	29	185
11250	17	24	20	14	19	30	23	21	23	19	29	31	26	28	22	31	186
11300	17	24	20	14	19	30	23	21	23	19	29	31	26	26	23	31	184
11350	17	24	20	14	19	30	23	21	23	19	29	31	27	26	23	31	185
11400	17	24	20	14	18	30	23	21	23	19	30	31	27	26	23	31	185
11450	17	24	19	14	18	30	23	21	23	19	30	31	27	27	24	31	183
11500	17	24	19	14	18	30	23	21	23	19	30	31	27	27	25	31	184
11550	17	24	19	14	18	29	23	21	23	19	31	31	27	25	25	31	183
11600	17	24	19	14	18	29	23	21	23	19	31	31	27	25	26	30	184
11650	17	24	19	14	18	30	23	21	23	19	31	31	27	26	26	30	186
11700	17	24	19	14	18	30	23	21	23	19	31	31	27	26	26	30	185
11750	17	24	19	15	18	31	23	21	23	19	30	31	27	26	27	30	187
11800	17	24	19	15	18	30	23	21	23	20	29	31	28	26	27	30	187
11850	17	24	19	15	18	29	23	21	24	20	29	31	28	25	27	30	187
11900	17	24	19	15	18	29	23	21	24	20	29	31	28	25	27	29	186
11950	18	24	19	16	18	29	23	21	24	20	29	31	28	25	27	29	187
12000	18	24	19	17	18	29	23	21	24	20	29	31	27	26	27	29	188
12050	18	24	19	17	18	30	23	21	24	21	29	31	27	25	27	29	188
12100	18	24	19	17	18	30	23	21	24	21	29	32	28	25	27	29	188
12150	18	24	19	17	18	31	23	21	24	21	29	32	27	25	27	30	188
12200	18	24	19	18	18	31	23	21	26	21	29	32	27	25	28	30	189
12250	18	24	19	18	18	31	23	21	26	21	28	32	28	26	28	30	190
12300	18	24	19	18	18	30	23	21	26	22	28	32	29	26	28	30	191
12350	18	24	19	18	18	29	23	21	26	22	28	32	28	26	28	30	191
12400	18	24	18	18	18	29	23	21	25	22	28	32	28	26	28	30	190
12450	18	24	18	18	18	29	23	21	25	22	28	32	29	25	28	30	189
12500	18	24	18	19	18	29	23	21	25	22	28	32	30	26	28	30	191
12550	19	24	18	21	18	30	23	22	25	23	27	32	30	26	28	29	190
12600	20	24	18	21	18	31	23	22	25	23	26	32	30	26	28	29	190
12650	20	24	18	21	18	32	23	22	25	23	26	32	30	27	28	30	193
12700	20	24	18	21	18	32	23	22	25	23	26	31	31	27	28	30	193
12750	20	24	18	21	18	32	23	21	25	23	26	31	30	27	27	31	194
12800	19	24	18	21	18	31	23	21	25	23	26	31	30	27	27	31	193
12850	19	24	18	21	18	31	23	21	25	23	26	31	30	27	27	32	192
12900	19	24	18	21	18	32	23	21	25	23	26	31	30	27	27	32	192
12950	19	24	18	21	18	32	23	21	25	23	26	31	30	27	27	32	193
13000	19	24	18	23	18	32	23	21	25	23	26	31	30	27	27	32	195
13050	19	24	18	23	18	32	23	21	25	23	26	31	30	27	27	32	192
13100	19	24	18	23	18	32	23	21	25	23	26	31	30	27	27	32	191
13150	19	24	18	23	18	32	23	21	25	23	26	31	30	27	26	32	189
13200	19	24	17	23	18	32	23	21	25	23	26	31	29	27	25	32	188
13250	19	24	16	24	18	32	23	21	25	22	25	31	29	27	24	32	189
13300	19	24	16	24	18	32	23	21	25	23	25	30	29	26	24	32	187
13350	19	24	16	24	18	32	23	21	25	24	24	30	29	26	24	32	187
13400	19	25	16	24	18	32	23	21	25	24	24	30	28	26	24	32	186
13450	19	26	16	24	18	31	23	21	25	23	24	30	28	26	24	32	185
13500	19	26	16	24	18	30	23	20	25	23	24	30	28	26	24	32	186
13550	19	26	16	24	18	30	23	20	25	24	23	30	27	26	24	32	183
13600	19	26	16	24	18	30	23	20	25	24	23	30	27	25	24	32	181
13650	19	26	16	24	18	30	23	20	25	25	23	30	28	25	24	31	182
13700	19	26	16	24	18	29	23	20	25	25	23	30	28	25	24	30	181
13750	19	27	16	24	18	28	23	20	25	25	23	30	28	25	24	30	182
13800	18	27	16	24	18	28	22	20	25	25	23	30	30	25	24	29	180
13850	18	27	16	24	18	28	22	20	25	25	23	30	30	25	24	29	178
13900	18	28	16	24	18	27	22	20	25	25	23	29	30	25	24	29	179
13950	18	28	16	24	18	27	22	20	25	25	23	29	30	25	25	29	178
14000	18	27	16	24	18	27	22	20	25	24	23	28	29	25	25	29	178
14050	18	27	16	24	18	27	22	20	25	24	23	28	29	25	25	29	176
14100	18	27	16	24	18	27	22	20	25	24	23	28	29	25	25	29	176
14150	18	27	16	24	18	27	22	20	25	24	23	29	29	25	25	29	176
14200	18	28	16	24	18	27	21	20	25	24	23	29	29	25	25	29	177
14250	18	27	16	24	18	26	21	20	25	24	23	29	30	24	25	29	177
14300	18	28	16	24	18	26	21	20	25	24	22	29	31	24	25	29	177
14350	18	27	16	24	18	27	21	20	25	24	21	29	31	24	25	28	175
14400	18	27	16	24	18	27	21	20	25	24	21	29	31	24	25	28	174
14450	18	27	16	22	18	27	21	20	25	24	21	29	31	24	25	28	172
14500	18	28	16	22	18	27	21	20	24	24	21	27	31	24	25	28	172
14550	18	28	16	22	18	27	21	20	24	24	20	27	33	24	25	28	173
14600	18	28	16	22	18	27	21	20	24	24	20	27	33	24	25	28	173
14650	18	28	16	22	18	26	21	20	25	24	21	27	34	24	25	28	173
14700	18	28	16	22	18	26	21	20	25	24	21	26	34	23	25	28	173
14750	18	28	16	22	18	24	21	20	26	24	22	26	34	23	25	28	173
14800	18	28	16	22	18	25	21	20	26	24	22	26	34	23	25	28	174
14850	18	28	16	22	18	25	21	21	26	23	22	26	34	23	25	28	173
14900	18	29	16	22	18	27	21	21	26	23	22	26	34	23	25	28	174
14950	18	29	16	22	18	27	21	23	26	23	22	26	34	22	25	28	174
15000	18	29	16	21	18	27	21	23	26	23	22	26	34	22	25	28	172
15050	18	29	16	21	18	27	21	23	26	23	23	26	35	22	25	27	172
15100	18	29	16	21	18	27	21	23	26	23	23	26	35	22	25	27	171
15150	18	29	16	22	18	27	21	23	26	23	22	26	36	22	25	27	172
15200	18	29	16	22	18	27	21	23	26	23	22	26	36	22	25	27	171
15250	18	29	16	22	18	28	21	22	26	23	22	26	36	22	24	27	171
15300	18	29	16	22	18	28	21	23	26	23	24	26	36	22	24	27	173
15350	18	29	16	21	18	28	21	23	26	23	25	25	35	22	24	28	172
15400	18	29	16	21	18	28	21	23	26	23	25	25	35	22	24	27	172
15450	18	29	16	21	18	29	21	23	26	23	23	25	36	22	24	27	173
15500	18	29	16	21	18	29	21	23	26	23	23	25	36	22	23	27	173
15550	18	29	15	22	18	29	21	23	26	24	23	25	36	22	23	27	174
15600	18	29	15	22	18	29	21	23	26	24	23	25	36	22	23	27	173
15650	18	29	15	22	18	29	21	24	26	24	23	24	36	22	23	27	173
15700	18	29	15	22	18	29	21	24	26	24	23	24	36	22	23	27	173
15750	18	29	15	22	18	29	21	23	26	24	23	24	36	22	23	27	170
15800	18	30	15	22	18	30	21	23	26	24	23	24	36	22	23	27	171
15850	17	30	15	22	18	30	21	24	26	24	25	24	36	22	23	27	173
15900	17	30	15	22	18	30	20	25	26	24	25	24	36	22	23	27	173
15950	18	30	15	23	18	30	20	25	26	24	25	24	36	22	23	27	175
16000	18	30	15	24	18	29	21	25	25	24	25	25	36	22	23	27	175
16050	18	30	15	24	18	28	21	25	25	24	25	25	36	22	23	27	172
16100	18	30	15	24	18	28	22	25	25	24	25	25	36	22	23	27	172
16150	18	29	15	24	18	31	22	25	25	24	25	25	36	22	23	27	174
16200	18	29	15	24	18	31	23	25	25	24	25	25	36	21	24	27	175
16250	19	29	15	24	18	31	23	25	26	24	25	25	35	21	24	26	176
16300	19	29	15	24	18	31	23	25	26	24	25	25	35	21	24	26	176
16350	19	29	15	24	18	31	23	25	26	24	25	25	35	21	24	26	175
16400	18	29	15	23	18	31	23	25	26	24	26	25	35	21	24	26	174
16450	18	29	15	23	18	33	23	26	26	24	26	25	35	21	26	26	176
16500	18	29	15	23	18	34	23	26	26	24	25	25	35	21	26	26	177
16550	18	29	15	24	18	35	23	26	26	24	25	25	35	21	26	26	179
16600	18	29	15	24	18	35	23	26	27	24	25	25	35	21	26	26	180
16650	18	29	15	24	18	35	23	26	27	24	26	25	35	21	26	26	179
16700	18	29	15	24	18	35	23	26	28	24	26	25	33	21	27	27	182
16750	18	29	17	24	18	34	23	26	29	24	26	25	33	21	27	27	181
16800	18	29	17	24	18	34	23	26	29	24	27	25	33	21	27	27	182
16850	18	29	17	24	18	33	22	26	29	24	27	25	33	21	27	27	179
16900	18	28	17	24	18	33	22	26	29	24	27	25	33	21	27	26	178
16950	18	28	17	24	18	33	21	26	29	24	27	25	33	21	27	26	178
17000	18	28	17	24	18	33	21	26	29	24	26	25	33	21	28	26	180
17050	18	28	17	23	18	33	21	26	29	24	26	25	33	21	28	26	180
17100	18	28	17	23	18	31	20	26	29	24	26	24	32	21	27	26	175
17150	18	28	17	23	18	30	20	26	30	24	26	24	32	21	27	26	175
17200	18	28	17	23	18	30	20	26	30	24	26	24	31	21	27	26	174
17250	19	28	17	23	18	30	20	26	30	24	26	24	31	21	27	26	173
17300	19	28	18	23	18	30	20	25	30	24	26	23	31	21	28	25	172
17350	19	28	18	23	18	30	20	25	30	24	26	23	30	21	28	25	171
17400	19	28	18	23	18	30	20	25	29	24	28	23	30	21	29	25	172
17450	19	28	18	23	17	28	20	25	29	24	28	23	30	21	29	25	169
17500	19	28	18	23	17	27	20	25	29	24	28	23	30	21	30	26	170
17550	19	28	18	23	16	26	20	25	29	24	28	23	29	21	30	25	169
17600	19	28	18	23	16	26	20	25	29	24	28	23	29	21	31	25	171
17650	19	28	18	23	16	24	20	25	29	24	28	23	29	21	31	25	170
17700	19	28	18	23	16	24	20	25	29	24	28	23	29	21	31	25	170
17750	19	28	18	24	16	24	20	25	29	24	28	23	29	21	31	25	171
17800	19	28	18	24	16	25	20	25	28	24	28	23	29	20	31	26	172
17850	19	29	18	23	16	24	20	25	28	24	28	23	29	20	31	26	168
17900	19	29	18	23	16	25	19	25	28	24	28	23	29	20	30	26	167
17950	19	29	18	23	16	24	19	24	28	24	28	23	29	20	30	26	167
18000	19	29	18	23	16	24	19	24	29	24	30	23	29	20	29	27	171
18050	19	29	18	23	16	24	19	24	28	24	30	23	29	20	29	27	170
18100	19	29	18	23	16	24	19	24	28	24	31	23	29	20	30	27	170
18150	19	29	18	23	16	24	19	23	28	24	32	23	29	20	30	27	173
18200	19	29	18	23	16	24	19	23	28	24	32	23	29	20	28	28	172
18250	19	29	18	23	16	25	19	23	29	24	31	23	29	20	28	28	173
18300	19	29	18	23	16	25	19	23	29	24	31	23	29	20	28	28	171
18350	19	29	19	23	16	26	19	22	30	24	31	23	29	20	28	28	173
18400	19	29	19	23	16	26	19	22	30	24	31	23	29	20	28	28	173
18450	19	29	19	23	16	26	19	22	30	24	31	23	29	20	28	28	172
18500	19	29	19	23	16	27	19	22	30	24	30	23	29	20	28	27	170
18550	19	29	19	23	16	27	19	22	30	24	31	23	29	20	28	25	169
18600	19	29	19	23	16	27	19	22	31	24	31	23	29	20	28	25	170
18650	19	29	19	23	16	28	19	22	31	24	31	23	29	20	28	25	171
18700	19	29	19	22	16	30	19	22	31	24	33	23	29	20	27	25	174
18750	19	29	19	22	16	29	19	22	31	24	33	23	29	20	27	25	173
18800	19	29	19	22	16	26	19	22	31	24	33	23	29	20	27	25	172
18850	19	28	19	22	16	26	19	22	31	24	33	23	28	20	27	25	170
18900	19	28	19	22	16	27	19	22	31	24	33	23	28	20	27	25	169
18950	19	28	19	22	16	27	19	22	31	24	33	23	28	20	26	25	169
19000	19	29	19	22	16	27	19	22	31	24	33	23	28	20	25	25	169
19050	19	29	19	22	16	28	19	22	31	24	34	23	28	20	25	25	171
19100	19	28	19	22	16	28	19	22	31	24	34	23	28	20	25	25	170
19150	19	27	19	22	16	27	19	22	30	24	34	23	28	20	25	25	168
19200	19	28	19	22	16	26	19	23	30	23	34	23	28	20	25	24	168
19250	20	29	19	22	16	26	19	23	30	23	34	23	28	20	25	24	170
19300	20	29	19	22	16	26	19	23	31	23	34	23	28	20	25	24	171
19350	20	29	19	22	16	26	19	23	31	23	34	23	28	20	25	24	170
19400	21	28	19	22	16	26	19	23	31	23	35	23	28	20	25	24	171
19450	20	28	19	22	16	26	19	23	31	23	35	23	28	20	25	24	171
19500	20	28	19	22	16	25	19	23	31	23	35	23	28	20	25	24	171
19550	20	28	19	22	16	25	19	23	31	23	34	23	26	20	25	24	167
19600	20	28	19	22	16	25	19	23	31	23	34	23	26	20	25	24	167
19650	20	28	19	22	16	26	19	22	31	23	34	23	26	20	25	23	166
19700	20	28	19	22	16	27	19	22	31	23	35	22	26	20	24	23	166
19750	20	28	19	22	16	27	19	22	31	23	35	22	26	20	22	23	165
19800	21	28	19	22	16	27	18	22	31	23	35	22	25	20	22	23	164
19850	21	28	19	22	16	27	18	22	31	23	35	21	25	20	22	23	165
19900	21	28	19	21	16	26	18	22	31	23	35	21	25	20	21	23	164
19950	21	28	19	21	16	26	18	21	30	23	35	22	25	20	21	23	164
20000	21	29	19	21	16	26	18	21	30	23	35	22	25	20	21	23	165
