0	0	0	0	0	0	0	0	0	0	0	0	0	0	0	0	0	0
50	2	2	1	1	1	2	2	2	2	3	2	0	1	2	3	3	7
100	5	5	1	4	2	6	3	4	4	5	4	1	1	3	3	6	19
150	6	6	4	4	5	7	4	5	6	8	7	4	4	6	5	6	34
200	7	7	6	6	6	8	6	8	7	8	8	4	6	7	6	7	40
250	7	8	7	7	7	8	8	9	8	8	8	4	6	7	7	9	42
300	9	9	7	7	8	9	11	9	9	8	8	6	7	11	8	9	48
350	10	9	8	7	8	10	13	9	10	11	9	7	8	11	9	9	56
400	11	11	8	7	8	10	13	9	9	12	10	9	8	11	9	9	58
450	12	11	9	7	9	10	13	9	10	13	10	10	8	12	10	9	59
500	13	12	9	7	9	10	14	10	11	14	12	12	9	12	10	9	67
550	13	12	9	8	9	11	14	10	12	15	12	12	10	14	11	9	67
600	14	12	10	9	9	11	14	10	12	16	12	12	10	15	12	10	74
650	14	12	10	10	10	11	14	10	15	16	12	12	10	15	13	10	79
700	15	12	11	12	10	11	14	10	15	18	12	12	12	16	13	10	82
750	16	12	11	12	10	11	14	10	16	18	12	12	13	16	13	10	87
800	16	12	11	12	11	11	14	10	16	18	12	12	13	16	14	10	87
850	16	12	11	13	11	11	14	10	16	18	11	12	14	16	14	10	86
900	17	12	11	13	11	11	14	10	16	18	11	12	14	16	14	10	86
950	17	12	11	13	11	11	14	10	16	18	12	12	14	16	14	10	84
1000	17	12	11	13	11	11	14	10	16	18	13	12	14	16	14	10	85
1050	17	12	11	13	11	11	14	10	16	18	13	12	14	17	14	10	86
1100	17	12	11	14	11	11	14	10	16	18	13	12	14	17	14	10	86
1150	17	12	11	15	11	11	14	10	16	18	13	12	14	17	14	10	87
1200	17	12	11	15	11	11	14	10	16	18	15	12	14	17	14	10	86
1250	17	12	11	15	11	11	14	10	17	18	16	12	14	17	14	10	86
1300	17	12	11	15	11	11	14	10	17	18	16	12	14	17	14	10	87
1350	17	12	11	17	11	11	14	10	17	18	16	12	14	17	14	11	86
1400	17	12	11	18	11	11	14	10	17	18	16	12	14	16	14	11	86
1450	17	12	11	19	11	11	14	10	17	18	16	12	14	16	14	11	88
1500	17	12	11	19	11	11	14	10	17	18	16	12	14	16	14	11	88
1550	17	12	11	20	11	11	14	10	17	18	16	12	14	16	15	11	90
1600	17	12	11	20	11	11	14	10	17	18	17	12	14	16	15	12	92
1650	17	12	11	19	11	11	14	10	17	18	17	12	14	16	17	13	93
1700	17	12	11	19	11	11	14	10	17	17	17	12	14	16	18	14	95
1750	17	12	11	18	11	11	14	10	17	17	17	12	14	16	18	16	96
1800	17	12	12	19	11	11	14	10	17	17	18	12	14	17	18	16	96
1850	17	12	12	19	11	11	14	10	17	17	18	12	14	17	18	17	95
1900	17	12	12	19	11	11	14	10	17	17	18	12	14	17	18	18	96
1950	17	12	12	19	11	11	14	10	17	17	18	12	14	17	18	19	96
2000	17	12	13	19	11	11	14	11	17	17	18	12	14	17	18	19	97
2050	17	12	14	19	11	12	14	11	17	17	18	12	14	17	18	20	98
2100	17	12	14	19	11	12	14	12	17	17	18	12	14	17	18	21	100
2150	17	12	16	19	11	12	14	12	17	17	18	12	14	17	18	22	102
2200	17	12	16	19	11	13	14	12	17	17	18	12	14	17	19	22	103
2250	17	12	16	20	11	13	14	12	17	17	18	12	14	17	19	23	104
2300	17	12	16	20	11	14	14	12	17	17	18	12	14	17	20	23	103
2350	17	12	16	22	11	14	14	13	17	17	18	12	14	17	20	23	106
2400	17	12	17	23	11	15	14	13	17	17	18	12	14	17	20	23	109
2450	17	12	18	24	11	15	14	13	17	17	18	12	14	17	20	23	111
2500	17	12	19	25	12	18	14	13	17	17	18	12	14	17	20	23	116
2550	17	12	20	25	12	18	14	13	17	17	18	12	14	17	20	23	118
2600	17	12	20	25	12	19	14	13	17	17	18	13	14	17	20	23	118
2650	17	12	20	25	12	20	14	14	17	17	18	13	14	17	20	23	119
2700	17	12	21	24	13	21	14	14	17	17	18	14	14	17	20	23	121
2750	17	12	21	24	13	21	15	14	17	17	18	14	14	17	20	23	121
2800	17	12	21	24	13	21	15	15	17	17	18	14	14	17	20	23	121
2850	17	12	21	25	13	21	17	16	17	17	18	14	14	17	20	23	124
2900	17	12	21	26	13	21	17	17	17	16	18	14	14	17	20	23	126
2950	17	12	21	26	13	21	17	18	17	16	18	16	14	17	20	23	129
3000	17	12	21	26	13	21	19	18	17	16	18	17	14	17	20	23	132
3050	17	12	21	27	13	22	20	18	17	16	18	17	14	16	20	23	133
3100	17	12	21	27	13	22	19	18	17	16	18	18	14	16	20	23	134
3150	17	12	22	27	13	21	19	18	17	16	18	18	14	16	20	23	133
3200	17	12	23	28	13	21	19	19	17	16	18	18	14	16	20	23	135
3250	17	13	23	28	13	21	19	19	17	16	18	19	14	16	19	23	136
3300	17	13	23	29	13	21	19	19	17	16	18	19	14	17	19	23	135
3350	17	13	23	29	13	21	19	20	17	16	18	19	14	17	19	23	134
3400	17	13	23	30	13	21	19	20	17	16	18	19	14	17	20	23	134
3450	17	13	23	30	13	22	20	20	17	16	18	19	14	17	20	23	136
3500	17	13	23	31	13	22	20	20	17	16	18	19	14	17	20	23	135
3550	17	14	23	32	13	22	20	20	17	16	18	19	14	17	20	23	135
3600	17	14	23	32	13	22	20	20	17	16	18	19	14	17	20	23	135
3650	17	14	23	32	13	22	20	20	17	16	18	19	15	17	20	23	134
3700	17	14	23	32	13	22	20	20	17	16	18	19	15	17	20	23	134
3750	17	14	23	32	13	22	20	20	16	16	18	19	15	17	20	23	132
3800	17	14	23	32	13	22	20	21	16	16	18	19	15	17	20	23	133
3850	17	14	23	33	13	22	21	21	16	16	18	19	15	17	20	23	135
3900	17	14	23	33	13	21	21	21	16	16	18	19	16	17	20	23	133
3950	17	14	23	33	13	21	21	21	16	16	18	19	16	17	21	23	135
4000	17	14	23	33	13	21	21	21	16	16	18	19	18	17	23	23	136
4050	17	15	23	32	13	21	21	20	16	16	18	21	19	17	23	23	137
4100	17	15	23	33	13	21	21	20	16	16	18	22	20	17	23	23	139
4150	17	15	23	33	13	21	21	20	16	16	18	21	20	17	23	23	140
4200	17	15	24	33	13	21	21	20	16	16	18	21	20	17	23	23	141
4250	17	15	24	32	13	20	21	20	16	16	18	21	20	17	23	23	141
4300	17	15	24	31	13	20	21	20	16	16	18	21	20	17	23	23	140
4350	17	15	24	31	13	20	22	19	16	16	18	21	21	17	23	24	142
4400	17	15	24	31	13	20	22	19	16	16	18	23	22	17	23	24	145
4450	17	15	24	31	13	20	23	19	16	16	18	23	22	17	23	24	146
4500	17	15	24	31	13	20	23	19	16	16	18	23	23	17	23	24	146
4550	17	15	24	31	13	20	23	19	16	16	18	23	23	17	23	24	146
4600	17	15	24	31	13	19	23	19	16	16	18	23	23	17	23	24	145
4650	17	15	24	31	13	19	23	19	16	16	18	23	25	17	23	24	145
4700	17	15	24	30	13	19	23	19	16	16	18	23	25	17	23	24	145
4750	17	15	24	30	13	19	23	19	16	16	18	23	25	17	23	24	144
4800	17	15	24	30	13	19	23	19	16	16	18	23	25	17	23	24	144
4850	17	16	24	30	13	20	23	19	16	16	18	24	25	17	23	24	144
4900	17	16	24	30	13	21	23	19	16	16	18	25	25	17	23	24	145
4950	17	17	24	30	13	21	23	19	16	16	18	25	25	17	23	24	146
5000	17	17	23	29	13	21	23	19	16	16	18	25	25	17	23	24	147
5050	17	18	23	29	13	21	23	19	16	16	18	25	25	17	23	24	149
5100	17	18	23	30	13	22	23	19	16	16	18	25	25	17	23	23	150
5150	17	19	23	30	13	22	23	19	16	16	18	25	25	17	23	23	151
5200	17	19	23	30	13	22	23	19	16	16	18	25	25	17	23	23	151
5250	17	19	23	30	13	22	23	19	16	16	18	25	25	17	23	23	151
5300	17	21	23	30	13	22	23	19	16	16	18	25	25	17	23	23	153
5350	17	21	23	30	13	22	23	20	16	16	19	25	25	17	23	23	153
5400	17	21	23	30	13	22	23	20	16	16	19	25	25	17	23	23	153
5450	17	21	23	30	13	22	23	20	16	16	19	25	25	17	23	23	153
5500	17	21	22	30	13	23	23	20	16	16	19	25	25	17	23	23	154
5550	17	21	22	30	13	23	23	20	16	16	19	25	25	17	23	23	154
5600	17	21	22	30	13	23	22	20	16	16	19	25	23	18	23	23	151
5650	17	21	22	30	13	23	22	20	16	16	19	25	23	18	23	23	151
5700	17	21	22	30	13	23	22	20	16	16	19	25	23	18	23	23	151
5750	17	22	22	29	13	22	22	20	16	16	19	25	23	18	23	23	151
5800	17	24	22	29	13	22	22	20	16	16	19	25	22	18	23	23	152
5850	17	24	22	29	13	22	23	21	16	16	19	25	22	18	23	23	153
5900	17	25	22	28	13	21	23	21	15	16	19	25	22	18	23	23	153
5950	17	25	22	28	13	21	23	21	15	16	18	25	22	18	24	23	153
6000	17	25	21	28	13	21	22	21	15	16	19	25	22	18	24	23	153
6050	17	25	22	27	13	22	23	21	15	16	19	25	22	18	25	23	156
6100	17	25	22	27	13	22	23	21	15	16	19	25	22	18	25	23	156
6150	17	25	22	27	13	22	23	21	15	16	20	25	22	18	25	23	156
6200	17	25	22	27	13	24	23	21	15	16	21	25	22	18	25	23	157
6250	17	25	22	27	13	24	23	21	15	16	21	26	22	18	25	23	157
6300	17	25	22	27	13	26	24	21	15	16	21	26	22	18	25	23	158
6350	16	25	22	27	13	26	24	21	15	16	21	26	22	18	23	23	157
6400	16	25	22	26	14	26	24	21	15	16	21	26	22	18	23	23	158
6450	16	25	22	26	14	26	24	21	15	16	22	26	22	18	23	23	159
6500	16	25	22	26	14	27	24	21	15	16	23	26	22	18	23	22	159
6550	16	25	22	26	14	29	24	21	15	16	23	26	22	18	24	22	159
6600	16	25	22	26	14	29	25	21	15	16	23	27	22	18	24	22	160
6650	16	25	22	26	14	29	25	21	15	16	23	27	22	18	24	22	160
6700	16	25	22	26	14	29	25	21	15	16	23	27	22	18	23	22	160
6750	16	25	22	26	14	29	25	21	15	16	23	27	22	18	23	22	161
6800	16	25	22	26	14	29	25	21	15	16	23	27	22	18	23	22	161
6850	16	25	21	26	14	29	25	21	15	16	23	28	22	18	21	22	162
6900	16	25	21	26	14	29	25	21	15	16	23	28	22	18	21	22	162
6950	16	25	21	26	14	29	25	21	15	16	23	28	22	19	21	22	163
7000	16	25	21	26	14	29	25	21	15	16	23	28	22	19	21	22	163
7050	16	25	21	26	15	29	25	21	15	16	23	28	22	19	21	22	163
7100	16	26	21	26	15	29	25	21	15	16	23	28	22	19	21	22	163
7150	16	26	21	26	15	29	25	21	15	16	23	28	22	20	21	22	164
7200	16	26	21	26	15	29	25	21	15	16	23	28	22	21	20	22	165
7250	16	26	21	26	15	29	25	21	15	15	23	29	22	21	20	22	164
7300	16	26	21	26	15	29	25	21	15	15	23	29	22	22	20	22	164
7350	16	26	21	26	15	29	25	21	15	15	23	29	22	23	21	22	164
7400	16	26	21	26	15	29	25	21	15	15	23	29	22	24	21	22	164
7450	16	26	21	26	15	29	24	21	15	15	23	29	22	24	21	22	165
7500	16	26	20	26	15	29	24	21	15	15	23	29	22	25	21	21	164
7550	16	26	20	26	15	30	24	21	15	15	23	29	22	25	21	21	165
7600	16	26	20	26	15	30	24	21	15	15	23	29	22	26	22	21	166
7650	16	26	20	26	15	30	24	21	14	15	23	29	22	26	22	21	167
7700	16	26	20	26	15	30	24	21	14	15	23	29	22	26	23	21	166
7750	16	26	20	26	15	30	24	21	14	15	23	29	22	26	23	21	166
7800	16	26	20	26	15	30	24	21	14	15	23	29	22	26	23	21	166
7850	16	26	19	27	15	30	24	21	14	15	23	29	22	27	23	21	166
7900	16	26	19	27	15	30	24	21	14	15	23	29	22	27	22	21	166
7950	16	27	19	27	15	30	24	21	14	15	23	29	22	27	22	21	167
8000	16	27	19	27	15	30	24	21	14	15	23	29	22	27	22	21	166
8050	16	27	19	27	15	30	24	21	14	15	23	28	22	27	21	21	165
8100	16	27	19	27	15	30	24	21	14	15	23	28	22	27	21	21	165
8150	16	27	19	27	15	30	24	21	14	15	23	28	22	27	21	21	165
8200	16	27	19	27	15	30	24	21	14	15	22	28	22	27	21	21	165
8250	16	27	19	26	15	30	24	21	14	15	21	28	22	27	21	21	164
8300	16	27	19	26	15	28	24	21	14	15	21	28	22	27	21	21	164
8350	16	27	19	26	15	28	24	21	14	15	21	28	22	27	21	21	164
8400	16	27	19	26	15	28	24	21	14	15	22	28	22	27	21	21	165
8450	16	27	19	26	15	28	24	21	14	15	22	28	22	27	21	21	164
8500	16	27	19	26	16	28	24	21	14	15	22	28	22	28	21	21	164
8550	16	27	19	26	16	29	24	21	14	15	22	29	22	28	21	21	164
8600	16	27	19	26	16	29	24	21	14	15	22	29	22	28	21	21	164
8650	16	27	19	26	16	29	24	21	14	15	22	29	22	28	21	21	164
8700	16	27	19	27	16	29	24	21	14	15	21	29	22	28	21	21	162
8750	16	27	19	27	16	29	24	21	14	15	22	29	22	28	21	21	163
8800	16	27	19	27	16	29	24	21	14	15	22	29	21	28	21	21	163
8850	16	27	19	27	16	29	23	20	14	15	23	29	21	28	21	21	162
8900	16	27	19	27	15	29	23	19	14	15	23	29	21	28	21	21	161
8950	16	27	19	27	16	29	23	19	14	15	23	29	21	28	21	21	161
9000	16	27	19	27	16	29	23	19	14	15	23	29	21	28	21	21	161
9050	16	27	19	27	16	29	22	19	14	15	23	29	21	28	21	21	161
9100	16	26	19	27	17	29	22	19	14	15	23	29	21	28	21	21	161
9150	16	26	19	27	17	29	22	19	14	15	23	29	21	27	21	21	161
9200	16	26	19	27	17	29	22	19	14	15	23	28	21	27	21	21	160
9250	16	26	19	26	17	29	23	19	14	15	24	28	21	26	21	21	161
9300	16	26	19	26	17	29	23	19	14	15	24	28	21	26	21	21	161
9350	16	26	19	26	18	29	22	19	14	15	24	28	21	25	21	21	159
9400	16	26	19	26	18	29	22	18	14	15	24	28	20	24	21	21	157
9450	16	26	19	26	18	29	23	18	14	15	24	29	20	24	21	21	159
9500	16	26	19	26	18	29	24	18	14	15	24	30	20	25	21	21	161
9550	16	26	19	26	18	29	26	18	14	15	24	30	20	26	21	21	163
9600	16	26	19	26	18	29	26	18	14	15	24	30	20	26	21	21	164
9650	16	26	19	26	18	28	26	18	14	15	24	30	20	26	21	21	165
9700	16	26	19	26	18	28	26	18	14	15	24	30	20	26	22	21	165
9750	16	26	19	26	19	28	27	18	13	15	24	30	20	27	22	21	166
9800	16	26	19	26	19	28	28	18	12	15	23	30	19	29	22	21	168
9850	16	26	19	26	19	28	28	18	12	15	23	30	19	29	22	21	168
9900	16	26	19	26	19	28	28	18	12	15	23	29	19	29	22	21	166
9950	16	26	19	26	19	29	29	18	12	15	23	32	19	29	22	21	167
10000	16	26	19	26	19	29	29	18	12	15	23	32	20	30	23	21	169
10050	16	26	19	26	19	28	29	18	12	15	23	35	20	30	24	21	171
10100	16	26	19	26	20	28	29	18	12	15	23	36	20	29	24	22	170
10150	16	26	19	26	20	28	30	18	13	15	23	36	20	29	24	22	171
10200	16	26	19	26	20	30	30	18	13	15	23	37	20	29	25	22	174
10250	16	26	19	26	20	30	30	18	13	15	23	37	20	29	25	23	175
10300	16	26	19	26	20	28	30	18	14	15	23	37	20	30	25	23	171
10350	16	26	20	26	19	28	30	18	14	15	23	37	20	30	25	23	171
10400	16	27	20	26	19	28	30	18	14	15	23	37	20	30	25	24	171
10450	16	28	20	26	19	28	30	18	14	15	23	38	20	30	25	24	173
10500	16	28	20	26	19	29	30	18	14	15	23	38	19	30	25	24	172
10550	16	28	20	26	18	29	30	18	15	15	23	39	19	30	25	24	174
10600	16	29	20	26	18	29	30	18	15	15	23	40	19	30	26	24	174
10650	16	29	20	26	18	29	30	18	15	15	23	40	19	30	26	24	173
10700	16	29	20	26	18	29	30	18	15	15	23	40	19	30	26	24	174
10750	16	29	20	26	18	29	30	18	15	15	22	39	19	30	26	24	171
10800	16	30	20	26	18	29	30	18	16	15	22	38	19	30	26	24	172
10850	16	31	20	26	18	29	30	18	16	15	22	38	19	30	26	24	172
10900	16	31	20	26	17	29	29	18	16	15	22	39	19	30	26	24	170
10950	16	31	20	26	17	29	29	18	17	15	22	40	19	29	26	24	172
11000	16	31	20	26	17	29	29	18	17	15	22	39	19	29	26	24	171
11050	16	31	20	26	17	29	28	18	17	15	23	39	19	29	26	25	172
11100	16	31	20	26	17	29	28	18	17	15	23	38	19	30	26	25	173
11150	16	31	20	26	17	29	28	18	17	15	23	38	19	31	26	26	175
11200	16	31	20	26	17	29	27	18	16	15	24	37	19	31	26	26	175
11250	16	31	20	26	17	29	26	18	16	15	24	38	19	31	26	26	174
11300	16	31	20	26	17	29	26	18	16	15	24	38	19	30	26	26	172
11350	16	31	20	26	17	29	26	18	16	15	24	38	19	31	26	26	172
11400	16	32	21	26	17	29	26	18	16	15	24	38	18	32	26	26	173
11450	16	32	22	26	17	28	26	18	16	15	24	39	18	32	26	26	173
11500	16	32	21	26	17	28	26	18	16	15	25	39	18	32	26	26	172
11550	16	32	22	26	17	28	25	18	16	15	25	39	18	32	26	26	170
11600	16	32	22	26	17	28	25	18	16	15	25	39	18	32	26	26	171
11650	16	32	22	26	17	28	25	18	16	15	25	40	18	32	26	26	171
11700	16	32	22	25	17	28	25	18	16	15	26	40	18	34	26	26	171
11750	16	32	23	25	17	27	25	18	16	15	26	41	18	36	26	26	175
11800	16	32	24	24	17	27	25	18	16	15	26	42	18	36	26	26	176
11850	16	32	24	24	17	27	25	18	16	15	26	42	18	36	26	27	177
11900	16	33	24	24	17	27	25	18	16	15	26	42	18	36	26	27	178
11950	17	32	24	24	17	27	25	18	16	15	27	42	18	36	27	27	179
12000	17	32	24	24	16	27	25	18	16	14	27	42	17	36	27	26	176
12050	17	32	24	24	15	27	25	18	15	14	27	41	17	36	27	26	176
12100	18	32	25	24	15	27	25	18	15	14	26	41	17	36	27	26	174
12150	18	33	25	24	15	27	25	18	15	14	26	41	17	36	26	26	175
12200	18	32	25	24	15	27	24	18	15	14	26	40	17	37	26	28	176
12250	18	31	25	24	15	27	24	18	15	14	26	40	17	37	26	28	174
12300	18	32	25	24	15	27	24	18	15	14	26	40	17	37	26	28	174
12350	18	32	25	24	15	27	23	19	15	14	26	40	17	36	25	27	173
12400	18	32	26	23	15	27	23	19	15	14	26	40	17	35	25	26	172
12450	18	32	26	23	16	27	23	19	15	14	26	40	17	35	25	26	172
12500	18	32	27	23	16	27	24	19	16	14	27	40	17	35	25	27	172
12550	18	32	27	23	16	27	24	19	16	14	27	40	17	34	25	27	171
12600	18	32	27	22	16	27	24	21	16	14	27	40	17	34	25	28	172
12650	18	31	27	22	16	26	24	22	17	14	27	40	17	34	26	28	170
12700	18	31	27	22	16	26	24	23	17	14	27	39	17	34	26	28	169
12750	18	30	27	22	16	26	24	23	17	14	27	40	17	34	26	29	169
12800	18	29	27	22	16	26	24	23	17	14	27	39	17	34	26	29	165
12850	18	29	26	22	17	26	24	24	17	14	27	39	17	33	26	29	166
12900	18	29	26	22	17	26	24	24	17	14	27	38	17	33	25	29	166
12950	18	29	26	20	17	26	24	24	17	14	27	38	17	34	24	29	163
13000	18	29	26	20	17	26	24	24	17	14	27	38	17	33	24	30	162
13050	18	29	26	20	17	26	24	24	17	14	27	37	16	33	24	30	159
13100	18	29	26	20	16	26	24	24	17	14	27	37	16	33	24	30	157
13150	18	29	26	20	17	26	24	26	17	14	27	37	16	33	24	30	160
13200	18	28	26	20	17	25	24	26	17	14	27	37	16	33	24	30	158
13250	18	27	25	20	17	25	24	25	17	14	27	38	16	33	25	30	157
13300	18	27	25	20	17	25	24	25	18	14	27	38	16	33	25	30	157
13350	18	27	25	20	17	25	24	25	18	14	27	38	16	33	25	30	156
13400	18	26	25	20	17	25	25	26	18	14	27	38	16	33	26	30	158
13450	18	26	25	20	17	25	25	26	18	14	26	38	16	33	26	31	158
13500	18	26	25	20	17	25	25	26	18	14	26	38	16	33	28	31	160
13550	18	26	25	20	17	25	25	26	18	14	26	38	16	33	28	31	160
13600	18	26	26	20	17	25	25	26	18	14	26	39	16	33	28	31	162
13650	18	26	26	20	17	25	25	27	18	14	25	39	16	33	28	31	163
13700	18	25	26	19	17	25	24	27	18	15	25	39	16	33	29	31	162
13750	18	25	26	19	17	25	24	27	18	15	25	40	16	33	29	30	163
13800	18	24	26	19	18	25	24	27	17	15	25	40	16	33	29	30	161
13850	18	25	26	19	18	25	24	27	17	15	25	40	16	33	29	30	159
13900	18	25	26	19	18	25	24	27	17	15	25	40	16	33	29	30	159
13950	18	25	26	19	18	25	24	27	17	14	25	39	16	33	29	29	158
14000	18	25	26	19	20	25	24	27	17	14	25	40	16	33	29	29	160
14050	18	25	26	19	20	25	24	27	17	14	26	40	16	33	29	28	159
14100	18	25	25	19	21	25	24	28	17	15	26	40	16	33	29	28	160
14150	18	24	25	19	21	25	24	28	17	16	26	40	16	33	29	28	159
14200	18	25	25	19	21	25	24	28	17	16	25	41	16	33	29	28	159
14250	18	25	25	19	22	25	24	28	17	16	25	41	16	30	29	28	158
14300	18	25	25	19	22	25	23	28	18	17	24	41	16	30	29	28	159
14350	18	25	25	19	22	25	22	28	18	18	24	40	16	30	29	28	160
14400	18	25	24	20	22	25	22	28	19	20	23	40	16	30	29	28	159
14450	18	26	24	20	22	25	22	28	19	20	23	39	16	30	29	28	159
14500	18	26	24	20	24	24	22	28	19	19	23	39	16	30	29	27	161
14550	18	26	24	21	24	24	22	28	19	20	25	39	16	30	29	27	165
14600	18	26	24	22	25	24	22	28	20	20	26	39	16	30	29	27	168
14650	18	26	24	22	26	23	22	28	20	21	26	39	16	30	29	27	168
14700	18	26	24	22	26	23	22	28	20	21	27	39	16	30	29	27	168
14750	18	26	24	22	25	23	22	27	20	21	27	39	16	30	29	27	168
14800	18	28	24	22	25	23	22	27	20	22	27	39	16	30	29	27	169
14850	17	28	24	22	25	23	22	27	20	22	27	39	16	29	29	27	168
14900	17	29	24	22	24	23	22	27	20	23	28	38	16	29	29	27	170
14950	17	29	24	22	24	23	22	27	20	22	28	38	16	28	29	27	168
15000	17	29	24	22	25	23	22	27	20	22	28	37	16	27	29	27	167
15050	17	29	24	22	24	23	22	27	20	22	28	37	16	27	29	26	166
15100	17	29	24	22	24	23	22	27	20	22	29	37	16	27	29	26	166
15150	17	29	25	22	25	23	22	27	20	22	29	37	16	27	29	26	166
15200	17	29	25	23	25	23	22	27	20	22	30	37	16	27	29	25	167
15250	17	29	26	23	25	23	22	27	20	22	30	37	16	26	29	25	168
15300	17	29	25	23	25	23	22	27	20	23	30	37	16	26	29	25	169
15350	17	29	25	24	25	23	22	27	20	24	30	37	16	26	29	25	171
15400	17	28	26	24	26	23	22	27	20	24	30	37	16	26	29	25	171
15450	17	28	26	24	24	23	22	27	20	23	30	37	16	26	28	25	169
15500	17	28	27	24	23	23	24	27	20	26	30	37	16	26	28	25	172
15550	17	28	27	24	23	23	24	27	20	26	30	37	16	26	28	25	174
15600	17	28	27	25	23	23	24	27	19	26	30	37	16	26	28	25	174
15650	17	28	27	25	23	23	24	26	19	25	30	37	16	26	28	26	174
15700	17	28	27	24	23	23	25	26	19	25	30	37	16	26	28	25	173
15750	17	28	27	24	23	23	24	25	20	26	29	37	16	26	28	25	174
15800	17	28	27	24	23	22	24	25	21	26	28	37	16	26	28	25	173
15850	17	28	27	25	23	22	23	25	21	26	29	37	16	26	28	25	175
15900	17	27	27	26	24	22	23	25	21	25	28	37	16	25	28	25	175
15950	17	27	28	25	24	22	23	25	21	25	27	37	16	25	28	26	174
16000	17	27	28	25	24	22	23	25	21	25	26	37	16	25	28	26	173
16050	17	27	28	24	25	22	23	25	21	25	26	37	16	25	28	26	172
16100	17	27	28	23	25	22	23	25	21	25	26	37	16	25	27	26	171
16150	17	27	28	23	25	22	23	25	22	25	26	37	16	25	27	26	173
16200	17	27	28	23	25	22	23	25	22	25	26	37	16	25	27	26	175
16250	17	27	28	23	25	22	23	25	22	25	26	37	16	25	27	26	175
16300	17	27	29	24	25	22	24	25	22	24	26	36	16	24	27	26	177
16350	17	27	30	24	23	22	24	25	22	24	26	36	16	24	27	26	176
16400	17	27	31	25	24	22	25	25	22	24	26	36	16	24	27	26	178
16450	17	27	31	25	24	22	25	25	21	24	26	36	16	24	27	26	175
16500	17	26	32	27	24	22	25	25	21	23	26	36	16	24	28	26	175
16550	16	26	32	28	24	22	25	25	21	23	26	36	16	24	28	26	175
16600	16	26	33	29	24	22	26	25	21	23	26	36	16	24	28	26	177
16650	16	26	33	31	23	22	26	25	21	22	26	36	16	24	29	26	178
16700	16	26	33	31	25	22	26	25	21	21	26	36	16	24	29	26	178
16750	16	26	33	33	25	22	26	25	21	21	26	36	16	24	28	25	178
16800	15	26	33	33	26	22	26	25	21	20	26	36	16	23	28	24	177
16850	15	26	34	33	27	22	26	25	21	20	26	36	16	21	28	24	178
16900	15	26	34	34	27	22	26	25	21	20	26	35	17	21	28	23	179
16950	15	26	34	35	29	22	26	25	21	20	26	35	17	21	29	22	180
17000	15	26	34	36	28	22	26	25	21	20	26	35	17	21	29	22	180
17050	15	26	35	36	27	22	26	24	21	20	26	35	17	21	29	22	180
17100	15	25	35	35	27	22	26	24	22	20	26	35	17	21	30	22	181
17150	15	25	35	34	28	22	26	24	22	20	26	34	17	21	30	22	180
17200	15	24	34	33	30	22	26	24	22	20	26	34	17	21	30	22	180
17250	15	24	34	34	31	22	26	23	22	20	26	34	17	21	31	22	182
17300	15	24	34	34	31	22	26	23	22	20	26	34	17	21	31	22	181
17350	15	23	34	34	31	22	26	23	22	20	26	34	17	21	30	22	178
17400	15	23	34	34	31	22	26	23	22	20	26	34	17	21	30	22	177
17450	15	23	34	34	31	22	26	23	22	20	26	34	17	21	30	22	176
17500	15	23	34	34	31	22	26	23	22	20	26	34	18	21	30	22	177
17550	15	23	33	34	32	22	26	23	22	20	26	34	18	21	31	22	179
17600	15	23	31	34	32	22	26	23	22	19	26	34	18	21	31	22	177
17650	15	23	31	34	31	22	26	23	22	18	26	34	18	21	31	22	176
17700	15	22	31	33	31	22	26	23	22	18	26	34	18	21	31	22	175
17750	15	22	30	33	31	22	26	22	22	18	26	34	18	21	31	22	173
17800	15	21	30	33	31	22	27	22	22	17	26	34	18	21	31	22	172
17850	15	21	30	33	31	22	27	22	22	17	26	34	18	21	31	21	173
17900	15	21	30	33	31	22	27	22	22	17	26	34	18	21	31	21	172
17950	15	21	30	33	31	22	27	22	22	18	26	34	18	21	31	21	173
18000	15	21	30	33	31	22	27	21	22	18	25	34	18	21	30	21	172
18050	15	21	30	33	31	22	26	21	22	18	25	34	18	21	30	21	173
18100	15	21	30	33	31	22	26	21	23	18	25	34	18	21	30	21	176
18150	15	21	30	33	31	22	26	22	23	18	25	34	18	21	31	21	176
18200	15	21	29	33	31	22	26	22	24	18	25	34	18	21	31	21	175
18250	15	21	29	33	31	22	26	22	24	18	25	34	18	21	31	20	175
18300	15	21	29	33	30	22	26	22	24	18	25	34	18	21	31	21	175
18350	15	21	29	33	29	22	26	23	25	18	25	34	18	21	31	22	177
18400	15	21	29	33	29	22	25	23	25	19	25	34	18	21	31	22	178
18450	15	21	29	33	29	22	25	23	25	19	25	34	18	21	30	22	177
18500	15	21	29	32	29	22	25	24	25	19	25	34	18	21	31	22	177
18550	15	21	29	32	28	22	25	24	25	20	25	34	19	21	31	22	178
18600	15	21	29	32	28	22	25	25	25	20	25	34	18	21	31	22	178
18650	15	21	29	32	28	22	25	27	26	20	25	34	18	20	31	22	179
18700	15	21	29	31	28	22	25	28	26	20	25	34	18	20	31	22	179
18750	15	21	29	31	28	22	25	28	26	23	24	34	18	20	31	22	180
18800	15	21	29	30	27	22	25	28	26	23	24	34	18	20	31	23	180
18850	15	21	29	30	27	22	25	29	26	23	24	34	18	20	31	23	179
18900	15	21	28	29	27	22	25	29	26	23	24	34	18	20	30	23	178
18950	15	21	30	29	27	22	25	29	26	24	23	34	18	20	30	22	179
19000	15	21	30	29	27	22	25	29	26	23	23	33	18	20	29	22	177
19050	15	22	30	29	27	22	25	30	26	23	23	33	17	20	29	22	176
19100	15	23	30	29	27	22	25	30	27	23	23	33	17	20	29	22	178
19150	15	23	28	29	27	22	25	31	27	24	23	33	17	20	29	22	180
19200	15	23	28	29	24	22	25	31	27	24	23	33	17	18	29	22	179
19250	15	23	28	29	25	22	25	32	27	24	23	33	16	18	29	22	181
19300	15	23	28	29	25	22	25	32	27	24	23	33	16	18	29	23	183
19350	15	23	29	28	26	22	25	32	27	24	23	33	16	17	28	23	183
19400	15	23	30	28	26	22	25	32	27	24	23	33	16	17	28	23	184
19450	15	24	30	28	26	22	25	32	27	24	23	32	16	17	28	23	183
19500	15	23	30	27	27	22	25	32	27	24	22	32	16	17	28	23	182
19550	15	23	31	26	27	22	25	31	27	24	22	31	16	17	28	23	184
19600	15	23	31	26	27	22	25	31	27	24	22	31	16	17	28	23	184
19650	15	24	31	26	26	22	25	31	27	24	21	31	16	17	28	23	182
19700	15	24	31	25	26	21	24	31	27	24	21	31	16	17	28	24	181
19750	15	24	33	25	27	21	24	31	27	24	21	31	16	17	28	24	181
19800	14	23	32	25	28	21	24	31	27	24	20	31	16	17	28	24	180
19850	14	24	32	25	28	21	24	31	27	23	20	31	16	17	28	25	181
19900	14	25	33	25	28	21	24	31	27	23	20	31	16	17	28	25	182
19950	14	26	34	25	28	21	24	31	27	23	20	31	16	17	28	25	183
20000	14	26	35	25	29	21	24	31	27	24	20	31	16	17	28	24	185
