0	0.0	0.0	0.0	0.0	0.0	0.0	0.0	0.0	0.0	0.0	0.0	0.0	0.0	0.0	0.0	0.0
50	0.2	0.0	0.0	0.0	0.0	0.0	0.0	0.0	0.2	0.0	0.0	0.0	0.333333333333	0.0	0.166666666667	0.0
100	0.428571428571	0.416666666667	0.333333333333	0.0	0.25	0.454545454545	0.0	0.333333333333	0.5	0.0	0.4	0.454545454545	0.545454545455	0.333333333333	0.444444444444	0.2
150	0.555555555556	0.631578947368	0.538461538462	0.375	0.5	0.5	0.166666666667	0.333333333333	0.615384615385	0.0	0.375	0.684210526316	0.666666666667	0.647058823529	0.5	0.538461538462
200	0.590909090909	0.666666666667	0.611111111111	0.6875	0.631578947368	0.666666666667	0.461538461538	0.5	0.6875	0.222222222222	0.583333333333	0.666666666667	0.681818181818	0.65	0.647058823529	0.5625
250	0.71875	0.741935483871	0.730769230769	0.761904761905	0.625	0.695652173913	0.533333333333	0.533333333333	0.736842105263	0.428571428571	0.6875	0.703703703704	0.714285714286	0.730769230769	0.684210526316	0.65
300	0.742857142857	0.789473684211	0.766666666667	0.772727272727	0.642857142857	0.740740740741	0.681818181818	0.708333333333	0.777777777778	0.6	0.772727272727	0.741935483871	0.741935483871	0.766666666667	0.76	0.695652173913
350	0.790697674419	0.80487804878	0.757575757576	0.821428571429	0.705882352941	0.8	0.72	0.758620689655	0.806451612903	0.692307692308	0.791666666667	0.75	0.789473684211	0.787878787879	0.785714285714	0.740740740741
400	0.804347826087	0.833333333333	0.777777777778	0.838709677419	0.736842105263	0.829268292683	0.766666666667	0.810810810811	0.8	0.764705882353	0.8	0.756756756757	0.794871794872	0.8	0.8	0.733333333333
450	0.84	0.9	0.789473684211	0.857142857143	0.75	0.851063829787	0.794117647059	0.829268292683	0.825	0.8	0.810810810811	0.775	0.813953488372	0.825	0.8125	0.722222222222
500	0.9	0.92	0.8	0.875	0.767441860465	0.92	0.8	0.818181818182	0.840909090909	0.813953488372	0.840909090909	0.790697674419	0.833333333333	0.854166666667	0.837837837838	0.767441860465
550	0.96	0.96	0.818181818182	0.886363636364	0.772727272727	0.96	0.818181818182	0.8125	0.857142857143	0.826086956522	0.854166666667	0.82	0.86	0.94	0.857142857143	0.787234042553
600	0.96	0.98	0.84	0.94	0.787234042553	1.0	0.826086956522	0.84	0.92	0.84	0.92	0.9	0.86	0.96	0.869565217391	0.791666666667
650	0.98	0.98	0.92	1.0	0.9	1.0	0.833333333333	0.92	0.94	0.9	0.94	0.94	0.92	0.98	0.872340425532	0.86
700	0.98	1.0	0.96	1.0	0.92	1.0	0.86	0.96	0.96	0.96	0.96	0.94	0.92	0.98	0.92	0.88
750	0.98	1.0	0.96	1.0	0.94	1.0	0.96	0.96	0.96	0.96	0.96	0.94	0.94	1.0	0.96	0.94
800	0.98	1.0	0.98	1.0	0.94	1.0	0.98	0.96	0.96	0.96	0.96	0.94	0.96	1.0	0.98	0.92
850	0.98	1.0	0.98	1.0	0.94	1.0	0.98	0.96	0.98	0.96	0.96	0.96	0.96	1.0	1.0	0.92
900	0.98	0.98	0.98	1.0	0.94	1.0	0.98	0.96	0.98	0.96	0.96	0.98	0.98	1.0	1.0	0.92
950	0.98	0.98	1.0	1.0	0.98	1.0	0.98	0.96	1.0	0.96	0.96	0.98	1.0	1.0	1.0	0.94
1000	0.98	0.98	1.0	1.0	1.0	1.0	0.98	0.96	1.0	0.96	0.98	0.98	1.0	1.0	1.0	0.98
1050	0.98	0.98	1.0	1.0	1.0	1.0	0.98	0.98	1.0	0.94	0.98	1.0	1.0	1.0	1.0	0.98
1100	0.98	0.98	1.0	1.0	1.0	1.0	1.0	0.98	1.0	0.94	0.98	1.0	1.0	1.0	0.98	0.98
1150	1.0	0.98	1.0	1.0	1.0	1.0	1.0	1.0	1.0	0.94	0.98	1.0	1.0	1.0	0.98	0.98
1200	1.0	0.98	1.0	1.0	1.0	1.0	1.0	1.0	1.0	0.94	0.98	1.0	1.0	1.0	0.98	0.98
1250	1.0	0.98	1.0	1.0	1.0	1.0	1.0	1.0	1.0	0.94	0.98	1.0	1.0	0.94	0.98	0.98
1300	1.0	0.98	1.0	1.0	1.0	1.0	1.0	1.0	1.0	0.94	0.98	1.0	1.0	0.94	0.98	0.98
1350	1.0	0.98	1.0	1.0	1.0	1.0	1.0	1.0	1.0	0.94	0.96	1.0	1.0	0.92	0.98	0.98
1400	1.0	0.98	1.0	0.98	1.0	1.0	1.0	1.0	1.0	0.96	0.96	1.0	1.0	0.92	0.98	0.98
1450	1.0	0.98	1.0	0.98	1.0	1.0	1.0	1.0	1.0	0.98	0.96	1.0	1.0	0.92	0.98	0.98
1500	1.0	0.98	1.0	0.98	1.0	1.0	1.0	1.0	1.0	0.98	0.96	1.0	1.0	0.92	0.98	1.0
1550	1.0	1.0	1.0	0.98	1.0	1.0	1.0	0.98	1.0	0.98	0.96	1.0	1.0	0.92	0.98	1.0
1600	1.0	1.0	0.98	0.96	1.0	1.0	1.0	0.98	1.0	0.98	0.96	1.0	1.0	0.92	0.96	1.0
1650	1.0	1.0	0.98	0.96	1.0	1.0	1.0	0.98	1.0	1.0	0.96	1.0	1.0	0.92	0.96	1.0
1700	1.0	0.98	0.98	0.96	1.0	1.0	1.0	0.98	1.0	1.0	0.94	1.0	1.0	0.92	0.96	1.0
1750	1.0	0.98	0.98	0.96	1.0	1.0	1.0	0.98	1.0	1.0	0.94	1.0	1.0	0.92	0.98	1.0
1800	0.98	0.98	0.98	0.96	1.0	1.0	1.0	0.98	1.0	1.0	0.92	1.0	1.0	0.92	0.98	1.0
1850	0.98	0.96	0.98	0.96	1.0	1.0	1.0	0.98	1.0	1.0	0.94	1.0	1.0	0.92	0.98	1.0
1900	0.98	0.96	0.98	0.96	1.0	1.0	1.0	0.98	1.0	1.0	0.94	1.0	1.0	0.94	0.98	1.0
1950	0.98	0.96	0.98	0.96	1.0	1.0	1.0	0.98	1.0	1.0	0.94	1.0	1.0	0.98	0.98	1.0
2000	0.98	0.96	0.98	0.96	1.0	1.0	1.0	0.98	1.0	1.0	0.92	1.0	1.0	0.98	0.98	1.0
2050	0.98	0.96	0.96	0.96	1.0	1.0	1.0	0.98	1.0	1.0	0.94	1.0	1.0	1.0	0.98	1.0
2100	0.98	0.96	0.96	0.96	1.0	1.0	0.98	0.98	0.98	1.0	0.94	1.0	1.0	1.0	0.98	1.0
2150	0.98	0.96	0.94	0.94	1.0	1.0	0.98	0.98	0.98	1.0	0.94	1.0	1.0	1.0	0.98	1.0
2200	0.98	0.96	0.94	0.94	1.0	1.0	0.98	0.98	0.98	1.0	0.94	1.0	1.0	1.0	0.98	1.0
2250	0.98	0.96	0.94	0.94	1.0	1.0	0.98	0.98	0.98	0.98	0.94	1.0	1.0	1.0	0.98	1.0
2300	0.96	0.96	0.94	0.96	1.0	1.0	0.98	1.0	0.98	0.98	0.94	1.0	1.0	1.0	0.98	1.0
2350	0.94	0.98	0.94	0.96	1.0	1.0	0.98	1.0	0.98	0.98	0.94	1.0	1.0	1.0	1.0	1.0
2400	0.94	0.98	0.94	0.96	1.0	1.0	0.98	1.0	0.98	0.98	0.94	1.0	1.0	0.98	1.0	1.0
2450	0.96	0.98	0.94	0.96	1.0	1.0	0.98	1.0	0.98	0.98	0.94	1.0	1.0	0.98	1.0	1.0
2500	0.96	0.98	0.92	0.96	1.0	1.0	0.98	0.98	0.98	0.98	0.96	1.0	1.0	0.98	1.0	1.0
2550	0.96	1.0	0.92	0.96	1.0	1.0	0.98	0.98	0.98	0.98	0.96	1.0	1.0	0.98	1.0	0.96
2600	0.94	1.0	0.92	0.96	1.0	1.0	1.0	0.98	0.98	0.98	0.98	1.0	1.0	0.98	1.0	0.96
2650	0.94	1.0	0.92	0.94	1.0	1.0	1.0	0.98	0.98	0.98	0.98	1.0	1.0	0.98	1.0	0.94
2700	0.94	0.98	0.92	0.94	1.0	1.0	1.0	0.98	0.98	0.98	0.98	1.0	1.0	0.98	1.0	0.94
2750	0.94	0.98	0.92	0.94	1.0	0.98	1.0	0.96	0.98	0.98	0.98	1.0	1.0	0.98	1.0	0.94
2800	0.94	0.98	0.92	0.92	1.0	0.98	1.0	0.96	0.98	0.98	0.98	1.0	1.0	0.98	1.0	0.94
2850	0.96	0.98	0.92	0.94	1.0	0.98	1.0	0.94	0.98	0.98	1.0	1.0	1.0	0.98	1.0	0.94
2900	0.96	0.96	0.92	0.96	1.0	0.98	1.0	0.94	0.98	0.98	1.0	1.0	1.0	0.98	1.0	0.94
2950	0.98	0.96	0.94	0.96	1.0	0.98	1.0	0.94	1.0	0.98	1.0	1.0	1.0	1.0	0.98	0.94
3000	0.98	0.96	0.94	0.96	1.0	0.98	1.0	0.94	1.0	0.98	1.0	1.0	1.0	1.0	0.96	0.94
3050	0.98	0.96	0.94	0.96	1.0	0.98	1.0	0.94	1.0	1.0	1.0	1.0	1.0	1.0	0.96	0.94
3100	0.98	0.96	0.94	0.94	1.0	0.98	1.0	0.94	1.0	1.0	1.0	1.0	1.0	1.0	0.96	0.94
3150	0.98	0.96	0.96	0.94	1.0	0.96	1.0	0.94	1.0	1.0	1.0	1.0	1.0	1.0	0.96	0.94
3200	0.98	0.96	0.96	0.94	1.0	0.96	1.0	0.94	1.0	1.0	1.0	1.0	1.0	1.0	0.96	0.94
3250	1.0	0.96	0.96	0.96	1.0	0.96	1.0	0.94	1.0	1.0	1.0	0.98	1.0	0.98	0.96	0.94
3300	1.0	0.96	0.96	0.96	1.0	0.94	1.0	0.94	1.0	1.0	1.0	0.98	1.0	0.98	0.96	0.94
3350	1.0	0.96	0.96	0.96	1.0	0.94	1.0	0.94	0.96	1.0	1.0	0.98	1.0	0.96	0.96	0.94
3400	1.0	0.96	0.96	0.96	1.0	0.96	1.0	0.94	0.96	1.0	1.0	0.98	1.0	0.96	0.96	0.98
3450	1.0	0.98	0.96	0.96	1.0	0.96	0.98	0.94	0.92	1.0	1.0	0.98	1.0	0.94	0.96	0.98
3500	1.0	0.98	0.96	0.98	1.0	0.94	0.98	0.94	0.92	1.0	1.0	0.98	1.0	0.9	0.96	1.0
3550	1.0	0.98	0.96	0.98	1.0	0.94	0.98	0.94	0.92	1.0	1.0	0.98	1.0	0.9	0.96	1.0
3600	1.0	0.98	0.98	0.98	1.0	0.94	0.98	0.94	0.92	1.0	1.0	0.98	1.0	0.9	0.96	1.0
3650	1.0	0.98	0.98	0.98	1.0	0.94	0.98	0.96	0.92	1.0	1.0	0.98	1.0	0.9	0.96	1.0
3700	1.0	1.0	0.96	0.98	1.0	0.94	0.98	0.96	0.9	1.0	1.0	0.98	1.0	0.9	0.96	1.0
3750	1.0	1.0	0.96	0.98	1.0	0.94	0.96	0.96	0.9	1.0	1.0	0.98	1.0	0.9	1.0	1.0
3800	1.0	1.0	0.96	0.98	0.98	0.94	0.96	0.96	0.9	1.0	1.0	0.98	1.0	0.9	0.96	1.0
3850	1.0	1.0	0.98	0.98	0.98	0.94	0.96	0.96	0.9	1.0	1.0	1.0	1.0	0.9	0.96	1.0
3900	1.0	1.0	0.98	0.98	0.98	0.94	0.96	0.98	0.9	1.0	1.0	1.0	1.0	0.9	0.96	1.0
3950	1.0	1.0	0.98	0.96	0.98	0.96	0.96	0.98	0.9	1.0	1.0	1.0	1.0	0.9	0.96	1.0
4000	1.0	1.0	0.98	0.96	0.98	0.96	0.96	0.98	0.94	1.0	1.0	1.0	1.0	0.9	0.96	1.0
4050	1.0	1.0	0.98	0.96	0.98	0.96	0.96	0.98	0.96	1.0	1.0	1.0	1.0	0.9	0.96	1.0
4100	1.0	1.0	0.98	0.94	0.98	0.98	0.96	0.98	0.98	1.0	1.0	1.0	1.0	0.9	0.96	1.0
4150	1.0	1.0	0.98	0.94	0.98	0.98	0.96	0.96	0.98	1.0	1.0	1.0	1.0	0.92	0.96	1.0
4200	1.0	1.0	0.98	0.92	0.98	0.98	0.96	0.96	0.98	1.0	1.0	1.0	1.0	0.92	0.96	1.0
4250	1.0	1.0	0.98	0.92	0.98	0.98	0.98	0.98	0.98	1.0	1.0	1.0	1.0	0.92	0.94	1.0
4300	1.0	1.0	1.0	0.92	0.98	0.98	0.98	0.98	0.98	1.0	1.0	1.0	1.0	0.94	0.94	1.0
4350	1.0	1.0	1.0	0.94	0.98	1.0	0.98	0.98	1.0	1.0	1.0	1.0	1.0	0.94	0.94	1.0
4400	1.0	1.0	1.0	0.94	0.98	1.0	0.98	0.98	1.0	1.0	0.98	1.0	1.0	0.94	0.94	1.0
4450	1.0	1.0	1.0	0.92	0.98	1.0	0.98	0.98	0.96	1.0	0.98	1.0	1.0	0.94	0.94	1.0
4500	1.0	1.0	1.0	0.9	0.98	1.0	1.0	0.98	0.96	1.0	0.98	1.0	1.0	0.94	0.94	1.0
4550	1.0	1.0	1.0	0.92	1.0	1.0	1.0	0.98	0.96	1.0	0.98	1.0	1.0	0.94	0.94	1.0
4600	1.0	1.0	1.0	0.92	1.0	1.0	1.0	0.98	0.96	1.0	0.98	1.0	1.0	0.94	0.96	1.0
4650	1.0	1.0	1.0	0.94	1.0	1.0	1.0	0.98	0.96	1.0	0.98	1.0	1.0	0.94	0.96	1.0
4700	1.0	1.0	1.0	0.94	1.0	1.0	1.0	0.98	0.96	1.0	0.98	1.0	1.0	0.94	0.96	1.0
4750	1.0	1.0	0.98	0.94	0.98	0.96	1.0	0.98	0.96	1.0	0.98	1.0	1.0	0.94	0.96	1.0
4800	1.0	1.0	0.98	0.94	0.98	0.96	1.0	0.98	0.94	1.0	0.98	1.0	1.0	0.94	0.96	1.0
4850	1.0	1.0	0.98	0.94	0.98	0.96	1.0	0.98	0.94	1.0	0.98	1.0	1.0	0.94	0.94	1.0
4900	1.0	1.0	0.96	0.94	0.98	0.96	1.0	0.98	0.92	1.0	0.98	1.0	1.0	0.96	0.94	1.0
4950	1.0	0.98	0.96	0.94	0.98	0.96	0.98	0.98	0.92	1.0	0.98	1.0	1.0	0.96	0.96	1.0
5000	1.0	0.98	0.96	0.94	0.98	0.96	0.98	0.98	0.9	1.0	0.98	1.0	1.0	0.96	0.96	1.0
5050	0.98	0.98	0.96	0.94	0.98	0.96	0.98	1.0	0.9	1.0	0.98	1.0	1.0	0.96	0.96	1.0
5100	0.96	0.98	0.96	0.94	0.96	0.96	0.98	1.0	0.94	1.0	0.98	1.0	1.0	0.98	0.96	1.0
5150	0.96	0.98	0.96	0.94	0.96	0.96	0.98	1.0	0.94	1.0	1.0	1.0	1.0	1.0	0.96	1.0
5200	0.96	0.98	0.96	0.96	0.96	0.96	0.98	1.0	0.94	1.0	1.0	1.0	1.0	1.0	0.96	0.98
5250	0.96	0.98	0.96	1.0	0.96	0.96	0.98	1.0	0.94	1.0	1.0	1.0	1.0	1.0	0.96	0.98
5300	0.96	0.98	0.96	1.0	0.96	0.96	0.96	1.0	0.94	1.0	1.0	1.0	1.0	1.0	0.94	0.98
5350	0.94	0.98	0.96	1.0	0.96	0.96	0.96	1.0	0.94	1.0	1.0	1.0	1.0	1.0	0.94	0.98
5400	0.94	0.98	0.96	1.0	0.96	0.98	0.96	1.0	0.94	1.0	1.0	1.0	1.0	1.0	0.96	0.98
5450	0.94	0.96	0.96	1.0	0.96	1.0	0.96	1.0	0.94	1.0	1.0	1.0	1.0	1.0	0.96	0.98
5500	0.94	0.94	0.96	1.0	0.96	1.0	0.96	1.0	0.94	1.0	1.0	1.0	1.0	1.0	0.96	0.96
5550	0.94	0.94	0.96	1.0	0.96	1.0	0.96	1.0	0.94	1.0	1.0	1.0	1.0	1.0	0.94	0.96
5600	0.94	0.94	0.98	1.0	0.96	1.0	0.96	0.98	0.94	1.0	1.0	1.0	1.0	0.98	0.96	0.94
5650	0.94	0.94	0.98	1.0	0.96	1.0	0.96	0.98	0.96	1.0	1.0	1.0	1.0	0.98	0.96	0.94
5700	0.94	0.96	0.98	1.0	0.96	1.0	0.96	0.98	0.96	1.0	1.0	1.0	1.0	0.98	0.96	0.94
5750	0.94	0.96	0.98	1.0	0.96	1.0	0.96	0.98	0.96	1.0	1.0	1.0	1.0	0.98	0.96	0.94
5800	0.96	0.96	0.96	1.0	0.96	1.0	0.96	0.98	0.98	1.0	1.0	1.0	1.0	0.98	0.96	0.94
5850	0.96	0.96	0.96	1.0	0.96	1.0	0.94	0.98	0.98	1.0	1.0	1.0	1.0	0.98	0.96	0.94
5900	0.98	0.94	0.98	1.0	0.96	1.0	0.94	0.98	0.98	1.0	1.0	1.0	1.0	0.98	0.96	0.96
5950	0.98	0.94	0.98	1.0	0.98	1.0	0.92	0.98	0.96	1.0	1.0	1.0	1.0	0.98	0.96	0.96
6000	0.98	0.94	0.96	1.0	0.98	1.0	0.94	0.98	0.96	1.0	1.0	1.0	1.0	0.98	0.96	0.96
6050	0.98	0.94	0.96	1.0	0.98	0.98	0.94	0.98	0.96	1.0	1.0	1.0	1.0	0.98	0.94	0.96
6100	1.0	0.94	0.96	1.0	0.98	0.98	0.92	0.96	0.96	1.0	1.0	1.0	1.0	0.98	0.96	0.96
6150	1.0	0.98	0.96	0.98	0.98	0.98	0.92	0.96	0.96	1.0	1.0	1.0	1.0	0.98	0.96	0.96
6200	1.0	0.98	0.96	0.98	0.98	0.98	0.92	0.96	0.96	1.0	1.0	1.0	1.0	0.98	0.96	0.96
6250	1.0	0.96	0.96	0.98	0.98	0.98	0.92	0.96	0.96	1.0	1.0	1.0	1.0	0.98	0.96	0.96
6300	1.0	0.96	0.96	0.98	0.98	0.98	0.94	0.96	0.96	1.0	1.0	1.0	1.0	0.98	0.94	0.98
6350	1.0	0.96	0.96	0.98	0.98	0.98	0.94	0.96	0.96	1.0	1.0	1.0	1.0	0.98	0.94	0.98
6400	1.0	0.96	0.96	0.98	0.98	0.98	0.94	0.96	0.94	1.0	1.0	1.0	1.0	0.98	0.94	0.98
6450	1.0	0.94	0.96	0.98	0.98	0.98	0.96	0.96	0.94	1.0	1.0	1.0	1.0	0.98	0.92	0.98
6500	1.0	0.94	0.9	0.98	1.0	0.96	0.98	0.98	0.94	1.0	1.0	1.0	1.0	1.0	0.92	0.98
6550	1.0	0.96	0.9	0.98	0.98	0.96	0.98	0.98	0.94	1.0	1.0	1.0	1.0	1.0	0.92	0.98
6600	1.0	0.96	0.92	0.96	0.98	0.94	0.98	0.98	0.94	1.0	1.0	0.98	1.0	1.0	0.92	0.98
6650	1.0	0.96	0.92	0.96	0.98	0.94	1.0	0.98	0.92	1.0	1.0	0.96	1.0	1.0	0.92	0.98
6700	1.0	0.96	0.92	0.96	0.98	0.94	1.0	0.98	0.92	1.0	1.0	0.96	1.0	1.0	0.92	0.98
6750	1.0	0.94	0.92	0.96	0.98	0.94	1.0	0.98	0.92	1.0	1.0	0.96	1.0	1.0	0.92	0.98
6800	0.98	0.94	0.92	0.96	0.98	0.94	1.0	0.98	0.92	1.0	1.0	0.96	1.0	1.0	0.94	0.98
6850	0.96	0.94	0.92	0.96	0.98	0.94	1.0	1.0	0.94	1.0	1.0	0.92	1.0	0.98	0.94	0.98
6900	0.96	0.94	0.92	0.98	0.98	0.94	1.0	1.0	0.94	1.0	1.0	0.92	1.0	0.98	0.94	0.98
6950	0.96	0.94	0.92	0.98	0.98	0.92	1.0	1.0	0.94	1.0	1.0	0.92	1.0	0.98	0.94	0.98
7000	0.94	0.94	0.92	0.96	0.98	0.92	1.0	1.0	0.94	1.0	1.0	0.92	1.0	0.98	0.94	1.0
7050	0.94	0.94	0.92	0.96	0.98	0.92	1.0	1.0	0.94	1.0	1.0	0.92	1.0	0.98	1.0	1.0
7100	0.92	0.96	0.92	0.96	0.98	0.94	1.0	1.0	0.94	1.0	1.0	0.92	1.0	0.98	1.0	1.0
7150	0.9	0.96	0.98	0.96	0.98	0.94	1.0	1.0	0.94	1.0	1.0	0.9	1.0	0.98	1.0	1.0
7200	0.9	0.96	0.98	0.96	1.0	0.94	1.0	1.0	0.96	1.0	1.0	0.9	1.0	0.98	1.0	1.0
7250	0.9	0.96	0.98	0.96	0.98	0.96	0.98	1.0	0.96	1.0	1.0	0.9	1.0	0.98	1.0	1.0
7300	0.9	0.96	1.0	0.96	0.98	0.96	0.98	1.0	0.96	1.0	1.0	0.9	1.0	0.98	0.98	1.0
7350	0.88	0.96	1.0	0.98	0.98	0.96	0.98	1.0	0.98	1.0	1.0	0.92	1.0	0.98	0.98	1.0
7400	0.88	0.98	1.0	0.96	0.98	0.98	0.98	1.0	1.0	1.0	1.0	0.92	1.0	0.98	0.98	1.0
7450	0.88	0.98	1.0	0.94	0.98	0.98	0.98	1.0	1.0	1.0	1.0	0.9	0.98	0.98	0.98	1.0
7500	0.86	0.98	1.0	0.94	0.96	0.98	0.98	1.0	1.0	1.0	1.0	0.9	0.98	0.98	0.98	1.0
7550	0.86	0.96	1.0	0.94	0.96	0.98	0.98	1.0	1.0	1.0	1.0	0.92	0.98	1.0	0.98	1.0
7600	0.86	0.96	1.0	0.94	0.96	1.0	0.98	1.0	1.0	1.0	1.0	0.94	0.98	1.0	0.96	1.0
7650	0.86	0.98	0.98	0.94	0.94	1.0	0.98	1.0	1.0	1.0	1.0	0.94	0.98	1.0	0.96	1.0
7700	0.88	0.98	0.98	0.94	0.94	1.0	0.98	1.0	1.0	1.0	1.0	0.94	0.98	1.0	0.96	1.0
7750	0.88	0.98	0.98	0.96	0.94	1.0	0.98	1.0	1.0	1.0	1.0	0.94	0.98	1.0	0.96	0.98
7800	0.9	0.98	0.98	0.96	0.94	0.98	0.98	1.0	1.0	1.0	1.0	0.96	0.98	1.0	0.96	0.98
7850	0.92	0.98	0.98	0.96	0.94	0.98	0.98	1.0	1.0	1.0	1.0	0.94	0.98	1.0	0.96	0.98
7900	0.92	0.98	0.98	0.96	0.94	0.96	0.98	1.0	1.0	1.0	1.0	0.94	0.98	1.0	0.96	0.98
7950	0.92	0.98	0.98	0.96	0.94	0.96	0.98	1.0	1.0	1.0	1.0	0.94	0.98	1.0	0.96	0.98
8000	0.92	0.98	0.98	0.96	0.96	0.96	1.0	1.0	1.0	1.0	1.0	0.94	0.98	1.0	0.96	0.98
8050	0.94	0.98	0.98	0.96	0.96	0.96	1.0	1.0	1.0	1.0	1.0	0.96	0.98	1.0	0.96	0.98
8100	0.94	0.98	0.98	0.96	0.96	0.96	1.0	1.0	1.0	1.0	1.0	0.96	0.98	1.0	0.96	0.96
8150	0.94	1.0	0.98	0.96	0.96	0.96	1.0	1.0	1.0	1.0	1.0	0.98	0.98	1.0	0.96	0.96
8200	0.96	1.0	0.98	0.96	0.96	0.96	1.0	1.0	1.0	1.0	1.0	0.98	0.98	1.0	0.96	0.94
8250	0.96	1.0	0.98	0.96	0.96	0.96	1.0	1.0	0.98	1.0	1.0	0.98	1.0	1.0	0.96	0.94
8300	0.96	1.0	0.98	0.96	0.96	0.96	1.0	1.0	0.98	1.0	0.98	0.98	1.0	1.0	0.96	0.94
8350	0.96	1.0	0.98	0.98	0.96	0.96	1.0	1.0	0.98	1.0	0.98	0.98	1.0	1.0	0.96	0.94
8400	0.96	1.0	1.0	0.98	0.94	0.96	1.0	1.0	0.98	1.0	0.98	0.98	1.0	1.0	0.96	0.94
8450	0.96	1.0	1.0	1.0	0.94	0.98	1.0	1.0	0.98	0.98	0.98	0.98	1.0	0.98	0.96	0.94
8500	0.96	1.0	1.0	1.0	0.96	0.98	1.0	1.0	0.98	0.98	0.98	0.98	1.0	0.98	0.96	0.94
8550	0.98	1.0	1.0	1.0	0.96	0.98	1.0	1.0	0.98	0.98	0.98	0.98	1.0	0.98	0.96	0.96
8600	0.96	1.0	1.0	1.0	0.96	0.98	1.0	1.0	0.96	0.98	0.98	0.98	1.0	0.98	0.96	0.96
8650	0.96	1.0	1.0	1.0	0.94	0.98	1.0	1.0	0.96	0.98	0.98	1.0	1.0	0.98	0.96	0.96
8700	0.96	1.0	1.0	1.0	0.94	1.0	1.0	1.0	0.94	0.98	0.98	1.0	1.0	0.98	0.96	0.96
8750	0.96	1.0	1.0	1.0	0.94	1.0	1.0	1.0	0.94	0.98	0.98	1.0	1.0	0.98	0.94	0.96
8800	0.96	1.0	1.0	1.0	0.94	1.0	1.0	1.0	0.94	0.98	0.98	1.0	1.0	0.98	0.94	0.96
8850	0.96	1.0	1.0	1.0	0.94	1.0	1.0	1.0	0.94	0.98	0.98	1.0	1.0	0.98	0.94	0.94
8900	0.96	1.0	1.0	1.0	0.94	1.0	1.0	1.0	0.94	0.98	0.98	1.0	1.0	0.98	0.94	0.96
8950	0.98	1.0	1.0	1.0	0.94	1.0	1.0	1.0	0.96	0.98	0.98	1.0	1.0	0.98	0.92	0.96
9000	0.98	1.0	1.0	1.0	0.94	1.0	1.0	1.0	0.96	0.98	0.98	1.0	1.0	0.98	0.92	0.96
9050	0.98	1.0	1.0	1.0	0.94	1.0	1.0	1.0	0.96	0.96	0.98	1.0	1.0	1.0	0.92	0.96
9100	0.98	1.0	1.0	1.0	0.94	1.0	1.0	1.0	0.96	0.98	1.0	1.0	1.0	1.0	0.9	0.96
9150	0.98	1.0	1.0	1.0	0.98	1.0	1.0	1.0	0.94	0.98	1.0	1.0	1.0	1.0	0.9	0.92
9200	0.98	1.0	1.0	1.0	0.98	1.0	0.98	1.0	0.94	0.98	1.0	1.0	1.0	1.0	0.9	0.92
9250	0.98	1.0	1.0	1.0	0.98	1.0	0.98	1.0	0.94	0.98	1.0	1.0	1.0	1.0	0.9	0.92
9300	0.98	1.0	1.0	1.0	0.98	1.0	0.98	1.0	0.92	0.98	1.0	1.0	1.0	1.0	0.9	0.92
9350	0.98	1.0	0.98	1.0	1.0	1.0	0.98	1.0	0.92	0.98	1.0	1.0	1.0	1.0	0.9	0.92
9400	0.98	1.0	0.96	1.0	1.0	1.0	0.98	1.0	0.92	0.98	1.0	1.0	1.0	1.0	0.94	0.92
9450	1.0	1.0	0.96	1.0	1.0	1.0	0.96	1.0	0.92	0.98	1.0	1.0	1.0	1.0	0.94	0.92
9500	1.0	1.0	0.96	1.0	1.0	1.0	0.96	1.0	0.92	0.98	1.0	1.0	1.0	1.0	0.94	0.92
9550	1.0	1.0	0.96	1.0	0.98	1.0	0.96	1.0	0.94	0.98	1.0	1.0	1.0	1.0	0.94	0.92
9600	1.0	1.0	0.96	1.0	0.98	1.0	0.96	1.0	0.96	0.98	1.0	1.0	1.0	1.0	0.96	0.92
9650	1.0	1.0	0.96	1.0	0.98	1.0	0.96	1.0	0.96	0.98	1.0	0.98	1.0	0.98	0.94	0.92
9700	1.0	1.0	0.96	1.0	0.98	1.0	0.96	1.0	0.96	0.98	1.0	0.98	1.0	0.96	0.94	0.92
9750	1.0	1.0	0.96	1.0	0.98	1.0	0.94	1.0	0.96	0.98	1.0	0.98	1.0	0.94	0.92	0.96
9800	1.0	1.0	0.96	1.0	0.98	1.0	0.94	1.0	0.94	0.98	1.0	0.98	1.0	0.94	0.94	0.96
9850	1.0	1.0	0.96	1.0	0.98	1.0	0.94	1.0	0.94	0.98	1.0	0.98	1.0	0.94	0.94	0.96
9900	1.0	1.0	0.96	1.0	0.98	1.0	0.94	1.0	0.94	1.0	1.0	0.98	1.0	0.94	0.96	1.0
9950	1.0	1.0	0.96	1.0	0.98	1.0	0.96	1.0	0.94	0.98	1.0	0.98	1.0	0.94	0.94	1.0
10000	1.0	1.0	0.96	1.0	0.98	1.0	0.96	1.0	0.94	0.98	1.0	0.98	1.0	0.94	0.94	1.0
10050	1.0	1.0	0.96	1.0	0.98	1.0	0.96	1.0	0.96	0.96	1.0	0.98	1.0	0.94	0.94	1.0
10100	1.0	1.0	0.98	1.0	0.96	1.0	0.96	1.0	0.98	0.96	1.0	0.98	1.0	0.94	0.94	1.0
10150	1.0	1.0	1.0	1.0	0.96	1.0	0.98	1.0	0.98	0.96	1.0	0.98	1.0	0.94	0.94	1.0
10200	0.98	1.0	1.0	1.0	0.96	1.0	0.98	1.0	0.98	0.96	1.0	0.98	1.0	0.94	0.94	0.98
10250	0.98	1.0	1.0	1.0	0.98	1.0	0.98	1.0	0.98	0.96	1.0	0.98	1.0	0.94	0.94	0.98
10300	0.98	1.0	1.0	1.0	0.98	1.0	0.96	1.0	0.98	0.96	1.0	0.98	1.0	0.94	0.94	0.98
10350	0.98	1.0	0.98	1.0	0.98	0.98	0.96	1.0	0.98	0.96	1.0	1.0	1.0	0.96	0.94	0.98
10400	0.98	1.0	0.98	1.0	0.98	0.98	0.98	1.0	0.98	0.96	1.0	1.0	1.0	0.98	0.94	0.98
10450	0.98	1.0	0.98	1.0	0.98	0.98	0.98	1.0	0.98	0.96	1.0	1.0	1.0	0.98	0.94	0.98
10500	0.98	1.0	0.98	1.0	0.96	0.98	0.98	1.0	0.98	0.96	1.0	1.0	1.0	1.0	0.94	0.98
10550	0.98	1.0	0.98	1.0	0.96	0.98	0.98	1.0	0.98	0.96	1.0	1.0	1.0	1.0	0.94	0.98
10600	0.98	1.0	0.96	1.0	0.94	0.98	0.96	1.0	1.0	0.96	1.0	1.0	1.0	1.0	0.96	0.98
10650	0.98	1.0	0.96	1.0	0.94	0.96	0.96	1.0	1.0	0.96	1.0	1.0	1.0	1.0	0.98	0.98
10700	0.98	1.0	0.96	1.0	0.94	0.96	0.92	1.0	1.0	0.96	1.0	1.0	1.0	1.0	0.98	0.96
10750	0.98	0.98	0.96	1.0	0.94	0.96	0.92	1.0	1.0	0.96	1.0	1.0	1.0	1.0	0.98	0.96
10800	0.98	0.98	0.96	1.0	0.94	0.96	0.92	1.0	0.98	0.98	1.0	1.0	1.0	1.0	1.0	0.96
10850	1.0	0.98	0.96	1.0	0.94	0.96	0.9	1.0	0.98	0.98	1.0	1.0	1.0	1.0	1.0	0.96
10900	1.0	0.96	0.96	1.0	0.96	0.96	0.9	1.0	0.98	0.98	1.0	1.0	1.0	1.0	1.0	0.96
10950	1.0	0.96	0.96	1.0	0.96	0.96	0.9	1.0	0.98	1.0	1.0	1.0	1.0	1.0	1.0	0.98
11000	1.0	0.96	0.98	1.0	0.96	0.96	0.9	1.0	0.98	1.0	1.0	1.0	1.0	1.0	1.0	0.98
11050	1.0	0.96	0.98	1.0	0.96	0.94	0.9	1.0	0.98	1.0	1.0	1.0	1.0	1.0	1.0	0.98
11100	1.0	0.96	0.98	1.0	0.96	0.94	0.9	1.0	0.98	0.98	1.0	1.0	1.0	1.0	1.0	0.98
11150	1.0	0.96	0.98	1.0	0.94	0.92	0.88	1.0	0.98	0.98	1.0	1.0	1.0	1.0	1.0	0.98
11200	1.0	0.96	0.98	1.0	0.94	0.92	0.86	1.0	0.98	0.98	1.0	1.0	1.0	1.0	1.0	0.98
11250	1.0	0.96	0.98	1.0	0.94	0.94	0.86	1.0	0.98	0.98	1.0	1.0	1.0	1.0	1.0	0.98
11300	1.0	0.96	0.98	1.0	0.92	0.94	0.84	1.0	0.98	0.98	0.98	1.0	1.0	1.0	1.0	0.98
11350	1.0	0.94	1.0	1.0	0.92	0.94	0.86	1.0	0.98	0.98	0.98	1.0	1.0	1.0	1.0	0.98
11400	1.0	0.94	1.0	1.0	0.94	0.94	0.86	1.0	0.98	0.98	0.96	1.0	1.0	1.0	1.0	0.98
11450	1.0	0.94	1.0	1.0	0.94	0.94	0.86	1.0	0.98	0.98	0.96	1.0	1.0	1.0	1.0	0.98
11500	1.0	0.94	1.0	1.0	0.92	0.94	0.84	1.0	0.98	0.96	0.96	1.0	1.0	1.0	1.0	0.98
11550	1.0	0.96	0.98	1.0	0.9	0.94	0.86	0.98	0.98	0.96	0.96	1.0	1.0	1.0	1.0	0.98
11600	1.0	0.96	0.98	1.0	0.9	0.94	0.86	0.98	1.0	0.96	0.96	1.0	1.0	1.0	1.0	1.0
11650	1.0	0.96	0.98	1.0	0.9	0.94	0.9	0.98	1.0	0.96	0.96	1.0	1.0	1.0	1.0	1.0
11700	1.0	0.96	0.98	1.0	0.9	0.94	0.9	0.98	1.0	0.94	0.96	1.0	1.0	1.0	1.0	1.0
11750	1.0	0.98	0.98	1.0	0.9	0.96	0.9	0.98	1.0	0.94	0.96	1.0	1.0	1.0	1.0	1.0
11800	1.0	0.98	0.98	1.0	0.9	0.96	0.92	0.98	1.0	0.94	0.96	1.0	1.0	1.0	1.0	1.0
11850	0.98	0.98	0.98	1.0	0.9	0.96	0.92	0.98	1.0	0.96	0.96	1.0	1.0	1.0	1.0	0.98
11900	0.98	0.98	0.98	1.0	0.9	0.98	0.9	0.98	0.98	0.96	0.96	1.0	1.0	1.0	1.0	0.98
11950	0.96	0.98	0.98	1.0	0.94	1.0	0.9	0.98	0.98	0.96	0.94	1.0	1.0	1.0	1.0	0.98
12000	0.96	0.98	0.98	1.0	0.94	1.0	0.9	0.98	0.98	0.96	0.94	1.0	1.0	1.0	1.0	0.98
12050	0.94	0.98	0.98	1.0	0.92	1.0	0.9	0.98	0.98	0.96	0.94	1.0	1.0	1.0	1.0	0.98
12100	0.94	1.0	0.98	1.0	0.92	1.0	0.92	0.98	0.98	0.96	0.94	1.0	1.0	1.0	1.0	0.98
12150	0.94	1.0	0.98	1.0	0.94	1.0	0.94	0.98	0.98	0.98	0.94	1.0	1.0	1.0	1.0	0.98
12200	0.94	1.0	0.98	1.0	0.94	1.0	0.96	0.98	0.98	0.98	0.94	1.0	1.0	1.0	1.0	0.98
12250	0.94	1.0	0.98	1.0	0.94	1.0	0.96	0.98	0.98	0.98	0.96	1.0	1.0	1.0	1.0	0.98
12300	0.94	1.0	1.0	1.0	0.96	1.0	0.96	1.0	0.98	1.0	0.98	1.0	1.0	1.0	1.0	0.98
12350	0.94	1.0	1.0	1.0	0.94	1.0	0.96	1.0	0.98	1.0	0.98	1.0	1.0	1.0	1.0	0.96
12400	0.94	1.0	1.0	1.0	0.94	1.0	0.96	1.0	0.98	0.98	0.98	1.0	1.0	1.0	1.0	0.96
12450	0.96	1.0	1.0	1.0	0.92	1.0	0.96	1.0	0.98	0.98	0.98	1.0	1.0	1.0	1.0	0.96
12500	0.96	1.0	1.0	1.0	0.92	1.0	0.96	1.0	0.98	0.98	0.98	1.0	1.0	1.0	1.0	0.96
12550	0.94	1.0	1.0	1.0	0.92	1.0	0.96	1.0	0.98	0.98	0.98	1.0	1.0	1.0	1.0	0.96
12600	0.96	1.0	1.0	1.0	0.92	1.0	0.94	1.0	0.98	0.96	0.98	1.0	1.0	1.0	1.0	0.96
12650	0.96	1.0	1.0	1.0	0.94	1.0	0.94	1.0	0.98	0.94	0.98	1.0	1.0	1.0	1.0	0.98
12700	0.98	1.0	1.0	1.0	0.94	1.0	0.94	1.0	0.98	0.94	0.98	1.0	1.0	1.0	1.0	0.98
12750	0.98	1.0	1.0	1.0	0.94	1.0	0.94	1.0	1.0	0.94	0.96	1.0	1.0	1.0	1.0	0.98
12800	0.96	1.0	1.0	1.0	0.94	1.0	0.92	1.0	1.0	0.94	0.98	1.0	1.0	1.0	1.0	0.98
12850	0.96	1.0	1.0	0.98	0.94	1.0	0.92	1.0	1.0	0.94	0.98	1.0	1.0	1.0	1.0	0.98
12900	0.96	1.0	1.0	0.98	0.94	1.0	0.92	1.0	1.0	0.94	0.98	1.0	1.0	1.0	1.0	0.96
12950	0.96	1.0	1.0	0.98	0.96	1.0	0.92	1.0	1.0	0.94	0.98	1.0	1.0	1.0	1.0	0.96
13000	0.96	1.0	1.0	0.98	0.96	1.0	0.92	1.0	1.0	0.94	0.98	1.0	1.0	1.0	1.0	0.96
13050	0.96	1.0	1.0	0.98	0.96	0.98	0.92	1.0	1.0	0.94	0.98	1.0	1.0	0.98	1.0	0.96
13100	0.96	1.0	1.0	0.98	0.96	0.98	0.92	1.0	1.0	0.94	0.96	1.0	1.0	0.98	1.0	0.96
13150	0.96	1.0	1.0	0.98	0.98	0.98	0.92	1.0	1.0	0.96	0.96	1.0	1.0	0.98	1.0	0.96
13200	0.96	1.0	1.0	0.98	0.98	0.94	0.92	1.0	0.98	0.96	0.94	1.0	1.0	0.98	1.0	0.96
13250	0.96	1.0	1.0	0.98	1.0	0.94	0.94	1.0	0.98	0.96	0.94	1.0	1.0	0.98	1.0	0.96
13300	0.96	1.0	0.98	0.98	0.98	0.94	0.94	1.0	0.98	0.98	0.94	1.0	1.0	0.98	1.0	0.96
13350	0.98	1.0	0.98	0.98	0.98	0.94	0.92	1.0	0.98	1.0	0.94	1.0	1.0	0.98	1.0	0.96
13400	0.98	1.0	0.96	0.98	0.98	0.94	0.94	1.0	0.98	1.0	0.94	1.0	1.0	0.98	1.0	0.96
13450	0.98	1.0	0.96	0.98	0.98	0.94	0.94	0.98	0.96	1.0	0.94	1.0	1.0	0.98	1.0	0.96
13500	1.0	1.0	0.96	0.98	0.98	0.94	0.96	0.98	0.96	1.0	0.96	1.0	1.0	0.98	1.0	0.96
13550	1.0	1.0	0.96	0.98	0.98	0.92	0.96	0.98	0.96	1.0	0.96	1.0	1.0	0.98	1.0	0.96
13600	1.0	1.0	0.96	0.98	0.98	0.92	0.96	0.98	0.96	1.0	0.96	1.0	1.0	0.98	0.98	0.96
13650	1.0	1.0	0.96	1.0	0.98	0.94	0.98	0.98	0.96	1.0	0.96	1.0	1.0	0.98	0.98	0.96
13700	1.0	1.0	0.96	1.0	0.98	0.94	0.98	0.98	0.96	1.0	0.96	1.0	1.0	0.98	0.98	0.96
13750	1.0	1.0	0.96	1.0	0.98	0.96	0.98	0.98	0.96	0.98	0.96	1.0	1.0	0.98	0.98	0.98
13800	1.0	1.0	0.96	1.0	0.98	0.98	0.98	0.98	0.94	0.98	0.96	1.0	1.0	0.98	0.98	0.98
13850	1.0	1.0	0.96	1.0	0.98	0.98	0.98	0.98	0.94	0.98	0.98	1.0	1.0	0.98	0.98	0.98
13900	1.0	1.0	0.96	1.0	0.98	0.96	0.98	0.98	0.94	0.98	1.0	1.0	1.0	0.98	0.98	0.98
13950	1.0	1.0	0.96	1.0	0.98	0.96	0.98	0.98	0.94	0.98	1.0	1.0	1.0	0.98	0.98	0.98
14000	1.0	1.0	0.96	1.0	1.0	0.96	0.98	0.98	0.96	0.98	1.0	1.0	1.0	0.98	0.98	0.98
14050	1.0	1.0	0.96	1.0	1.0	0.96	0.98	0.98	0.96	0.98	1.0	0.98	1.0	1.0	0.98	1.0
14100	1.0	1.0	0.96	1.0	1.0	0.96	0.98	0.98	0.96	0.98	1.0	0.98	0.98	1.0	0.98	1.0
14150	1.0	1.0	0.96	1.0	1.0	0.96	0.98	0.98	0.96	0.98	1.0	0.98	0.98	1.0	0.98	1.0
14200	1.0	1.0	0.96	1.0	1.0	0.96	1.0	1.0	0.96	0.98	1.0	0.98	0.98	1.0	1.0	1.0
14250	1.0	1.0	0.98	1.0	1.0	0.98	1.0	1.0	0.96	0.98	1.0	0.98	0.98	1.0	1.0	1.0
14300	1.0	1.0	1.0	1.0	1.0	0.98	1.0	0.98	0.96	0.98	0.98	0.98	0.98	1.0	1.0	1.0
14350	1.0	1.0	1.0	1.0	1.0	0.96	1.0	0.98	0.98	0.98	0.98	0.98	0.98	1.0	1.0	0.98
14400	1.0	1.0	1.0	1.0	1.0	0.96	1.0	0.98	0.98	0.98	0.98	0.98	0.98	1.0	1.0	0.98
14450	1.0	1.0	1.0	1.0	1.0	0.94	1.0	0.98	0.98	0.98	0.98	0.98	0.98	1.0	0.98	0.98
14500	1.0	1.0	1.0	1.0	1.0	0.94	1.0	0.98	0.98	0.98	0.96	0.98	0.98	1.0	0.98	0.98
14550	1.0	1.0	1.0	0.98	1.0	0.94	1.0	0.98	0.98	0.98	0.94	0.98	0.98	1.0	0.98	0.98
14600	1.0	1.0	1.0	0.98	1.0	0.96	1.0	0.98	0.98	1.0	0.94	0.98	0.98	1.0	0.98	0.98
14650	1.0	1.0	1.0	0.98	1.0	0.96	1.0	0.98	0.98	1.0	0.94	0.98	0.98	1.0	0.98	0.98
14700	1.0	1.0	1.0	0.98	1.0	0.96	0.98	0.98	1.0	1.0	0.94	0.98	0.98	1.0	0.98	0.98
14750	1.0	1.0	1.0	0.98	1.0	0.96	0.98	0.98	1.0	1.0	0.94	0.98	0.98	1.0	0.98	0.96
14800	1.0	1.0	1.0	0.98	1.0	0.96	0.98	0.98	1.0	1.0	0.94	0.98	1.0	1.0	0.98	0.96
14850	1.0	1.0	1.0	0.98	1.0	0.96	0.98	0.98	1.0	0.98	0.94	0.98	1.0	1.0	0.98	0.96
14900	1.0	1.0	1.0	0.98	1.0	0.94	0.98	0.98	1.0	0.98	0.92	0.98	1.0	0.98	0.96	0.96
14950	1.0	1.0	1.0	0.98	1.0	0.94	0.98	0.98	1.0	0.98	0.92	1.0	1.0	0.96	0.96	0.96
15000	1.0	1.0	1.0	0.98	1.0	0.94	0.98	0.98	1.0	0.98	0.92	1.0	1.0	0.94	0.96	0.96
15050	1.0	1.0	1.0	0.98	1.0	0.94	0.98	1.0	0.98	0.98	0.92	1.0	1.0	0.94	0.96	0.96
15100	1.0	1.0	1.0	0.98	1.0	0.96	0.98	1.0	0.98	0.98	0.92	1.0	1.0	0.94	0.96	0.96
15150	1.0	1.0	1.0	0.98	1.0	0.96	0.96	1.0	0.96	0.98	0.92	1.0	1.0	0.94	0.96	0.96
15200	1.0	1.0	1.0	0.98	1.0	0.98	0.96	1.0	0.96	0.98	0.92	1.0	1.0	0.94	0.96	0.96
15250	1.0	1.0	1.0	0.98	1.0	0.98	0.96	1.0	0.96	0.98	0.94	1.0	1.0	0.94	0.98	0.96
15300	1.0	1.0	1.0	0.98	1.0	0.98	0.96	1.0	0.96	0.98	0.96	1.0	1.0	0.92	0.98	0.96
15350	1.0	1.0	1.0	1.0	1.0	0.98	0.96	1.0	0.96	0.98	0.96	1.0	1.0	0.92	0.98	0.96
15400	1.0	1.0	1.0	1.0	1.0	0.98	0.98	1.0	0.96	0.98	0.96	1.0	1.0	0.92	0.98	0.96
15450	1.0	1.0	1.0	1.0	1.0	0.98	0.96	1.0	0.94	0.98	0.96	1.0	1.0	0.92	0.98	0.96
15500	1.0	1.0	1.0	1.0	1.0	0.98	0.96	1.0	0.94	0.98	0.96	1.0	1.0	0.9	0.98	0.96
15550	1.0	1.0	1.0	1.0	1.0	0.98	0.96	1.0	0.94	0.98	0.96	1.0	1.0	0.88	0.96	0.96
15600	1.0	1.0	1.0	1.0	1.0	0.98	0.96	1.0	0.94	1.0	0.96	1.0	1.0	0.9	0.96	0.96
15650	1.0	1.0	1.0	1.0	1.0	0.98	0.96	1.0	0.94	1.0	0.96	1.0	1.0	0.9	0.96	0.98
15700	1.0	1.0	1.0	1.0	1.0	0.98	0.96	1.0	0.94	1.0	0.96	1.0	1.0	0.92	0.96	0.96
15750	1.0	1.0	1.0	1.0	1.0	0.98	0.96	1.0	0.94	1.0	0.98	1.0	1.0	0.94	0.96	0.96
15800	1.0	1.0	1.0	1.0	1.0	0.96	0.96	1.0	0.94	1.0	0.98	1.0	1.0	0.94	0.96	0.96
15850	1.0	1.0	1.0	1.0	1.0	0.96	0.96	1.0	0.94	1.0	0.98	1.0	1.0	0.94	0.96	0.96
15900	1.0	1.0	1.0	1.0	1.0	0.96	0.96	1.0	0.96	1.0	0.98	1.0	1.0	0.94	0.94	0.96
15950	1.0	1.0	1.0	1.0	1.0	0.96	0.96	1.0	0.96	1.0	0.98	1.0	1.0	0.96	0.96	0.96
16000	1.0	1.0	0.98	1.0	1.0	0.96	0.98	1.0	0.96	1.0	0.98	1.0	1.0	0.96	0.96	0.96
16050	1.0	1.0	0.98	1.0	1.0	0.96	0.98	1.0	0.96	1.0	1.0	1.0	1.0	0.96	0.94	0.96
16100	1.0	1.0	0.98	1.0	1.0	0.96	0.96	1.0	0.96	1.0	1.0	1.0	1.0	0.96	0.94	0.96
16150	1.0	1.0	0.98	1.0	1.0	0.96	0.96	1.0	0.96	1.0	1.0	1.0	0.98	0.98	0.94	0.98
16200	1.0	1.0	0.98	1.0	1.0	0.96	0.96	1.0	0.96	1.0	1.0	1.0	0.98	1.0	0.94	0.98
16250	1.0	1.0	0.98	1.0	1.0	0.96	0.98	1.0	0.96	1.0	1.0	1.0	0.98	1.0	0.94	0.98
16300	1.0	1.0	0.98	1.0	1.0	0.96	0.98	1.0	0.98	1.0	1.0	1.0	0.98	1.0	0.94	0.98
16350	1.0	1.0	0.98	1.0	1.0	0.96	0.98	1.0	0.98	1.0	1.0	1.0	0.98	1.0	0.94	0.96
16400	1.0	1.0	0.98	1.0	1.0	0.96	0.98	1.0	0.98	1.0	1.0	1.0	0.98	1.0	0.96	0.96
16450	1.0	1.0	0.98	1.0	1.0	0.96	0.98	1.0	0.98	1.0	1.0	1.0	0.98	1.0	0.96	0.96
16500	1.0	1.0	0.98	1.0	1.0	0.96	0.98	1.0	0.98	1.0	1.0	1.0	0.96	1.0	0.96	0.96
16550	1.0	1.0	0.98	1.0	1.0	0.98	0.98	1.0	0.96	1.0	1.0	1.0	0.96	1.0	0.96	0.96
16600	1.0	1.0	0.98	1.0	1.0	0.98	0.98	1.0	0.96	1.0	1.0	1.0	0.96	0.98	0.96	0.96
16650	0.98	1.0	0.98	1.0	1.0	1.0	0.98	1.0	0.96	1.0	1.0	1.0	0.96	0.96	0.96	0.96
16700	0.98	1.0	0.98	1.0	1.0	1.0	0.96	1.0	0.96	1.0	1.0	1.0	0.96	0.96	0.98	0.96
16750	0.98	1.0	0.98	1.0	1.0	1.0	0.98	1.0	0.96	1.0	1.0	1.0	0.96	0.96	0.96	0.96
16800	0.98	1.0	0.98	1.0	1.0	1.0	0.98	1.0	0.98	1.0	1.0	1.0	0.96	0.96	0.96	0.96
16850	0.98	1.0	0.98	1.0	1.0	1.0	0.98	1.0	0.98	1.0	1.0	1.0	0.96	0.96	0.98	0.94
16900	0.98	1.0	1.0	1.0	1.0	1.0	0.98	1.0	0.98	1.0	1.0	1.0	0.92	0.96	0.98	0.94
16950	0.98	1.0	1.0	1.0	1.0	1.0	0.98	1.0	0.98	1.0	1.0	1.0	0.92	0.96	0.98	0.94
17000	0.98	1.0	0.98	1.0	1.0	1.0	0.98	1.0	0.98	1.0	1.0	1.0	0.94	0.96	0.98	0.94
17050	0.98	1.0	0.98	1.0	1.0	1.0	0.98	1.0	0.98	1.0	1.0	1.0	0.94	0.96	0.98	0.94
17100	0.98	1.0	0.98	1.0	1.0	1.0	0.98	1.0	0.98	1.0	1.0	1.0	0.94	0.96	0.96	0.94
17150	0.98	1.0	0.98	1.0	1.0	1.0	0.98	1.0	0.98	0.98	1.0	1.0	0.94	0.96	0.96	0.94
17200	0.98	1.0	0.98	1.0	1.0	1.0	0.96	1.0	0.98	0.98	1.0	1.0	0.94	0.96	0.96	0.94
17250	0.98	1.0	0.98	1.0	1.0	1.0	0.96	1.0	0.98	0.98	1.0	1.0	0.94	0.96	0.96	0.94
17300	0.98	1.0	0.98	1.0	1.0	1.0	0.96	1.0	0.96	0.98	1.0	1.0	0.96	0.96	0.96	0.96
17350	0.98	1.0	0.98	1.0	1.0	1.0	0.94	1.0	0.98	0.98	0.98	1.0	0.96	1.0	0.96	0.98
17400	0.98	1.0	0.98	1.0	1.0	1.0	0.92	1.0	0.98	0.98	0.98	1.0	0.96	1.0	0.94	0.98
17450	0.98	1.0	0.98	1.0	1.0	1.0	0.92	0.98	0.98	0.98	0.98	1.0	0.94	1.0	0.92	0.98
17500	0.98	1.0	0.98	1.0	0.98	1.0	0.92	0.98	0.98	0.98	0.98	1.0	0.94	1.0	0.94	0.98
17550	1.0	1.0	0.98	1.0	0.98	1.0	0.94	0.98	0.96	0.98	0.98	1.0	0.94	1.0	0.94	0.98
17600	1.0	1.0	0.98	1.0	0.98	1.0	0.94	0.98	0.96	0.98	0.98	1.0	0.98	0.98	0.92	0.98
17650	1.0	1.0	0.98	1.0	0.98	1.0	0.94	0.98	0.96	0.98	0.98	1.0	0.98	0.98	0.92	0.98
17700	1.0	1.0	0.96	1.0	0.98	1.0	0.94	0.98	0.96	0.98	0.98	1.0	0.98	0.98	0.92	0.98
17750	1.0	1.0	0.94	1.0	0.96	1.0	0.94	0.98	0.96	0.98	0.98	1.0	0.98	0.98	0.92	0.98
17800	1.0	1.0	0.96	1.0	0.96	1.0	0.94	0.98	0.96	0.98	0.98	1.0	0.96	0.98	0.92	1.0
17850	1.0	1.0	0.96	1.0	0.96	1.0	0.94	0.98	0.96	0.98	0.98	1.0	0.94	0.98	0.92	1.0
17900	0.98	1.0	0.96	1.0	0.96	1.0	0.94	0.98	0.96	0.98	0.98	1.0	0.94	0.98	0.94	1.0
17950	0.98	1.0	0.96	1.0	0.96	0.98	0.94	0.96	0.96	1.0	0.98	1.0	0.94	0.98	0.94	1.0
18000	0.98	1.0	0.96	1.0	0.96	0.98	0.94	0.96	0.96	1.0	0.96	1.0	0.94	0.98	0.94	0.98
18050	0.96	1.0	0.96	1.0	0.96	0.98	0.96	0.96	0.96	1.0	0.98	1.0	0.94	0.98	0.94	0.98
18100	0.94	1.0	0.96	1.0	0.96	0.96	0.96	0.96	0.96	1.0	0.98	1.0	0.94	0.96	0.94	0.98
18150	0.94	0.98	0.96	1.0	0.94	0.96	0.96	0.96	0.96	1.0	0.98	1.0	0.94	0.96	0.96	0.98
18200	0.94	0.98	0.96	1.0	0.94	0.96	0.98	0.96	0.98	1.0	0.98	1.0	0.94	0.96	0.96	0.98
18250	0.94	0.98	0.96	1.0	0.96	0.94	1.0	0.96	0.98	1.0	0.98	1.0	0.94	0.96	0.96	0.98
18300	0.94	0.98	0.96	1.0	0.96	0.94	0.98	0.96	0.98	1.0	0.98	1.0	0.94	0.98	0.98	0.98
18350	0.94	0.98	0.98	1.0	0.96	0.94	0.98	0.96	0.98	1.0	0.98	1.0	0.94	0.96	0.98	0.98
18400	0.94	0.98	1.0	1.0	0.96	0.94	0.98	0.98	0.98	1.0	0.98	1.0	0.92	0.96	0.98	0.98
18450	0.94	0.98	1.0	1.0	0.96	0.94	0.98	0.98	0.98	1.0	0.98	1.0	0.92	0.96	0.98	0.98
18500	0.94	0.98	1.0	1.0	0.96	0.94	0.98	0.98	1.0	1.0	0.98	1.0	0.92	0.96	1.0	0.98
18550	0.94	0.98	1.0	1.0	0.98	0.94	0.96	0.98	1.0	1.0	0.98	1.0	0.94	0.96	1.0	0.98
18600	0.94	0.98	1.0	1.0	0.98	0.94	0.96	0.98	1.0	1.0	0.98	1.0	0.94	0.96	1.0	0.98
18650	0.94	0.98	1.0	1.0	0.98	0.94	0.94	0.98	1.0	1.0	0.98	1.0	0.96	0.96	1.0	0.98
18700	0.94	0.98	1.0	1.0	0.98	0.94	0.94	0.98	1.0	1.0	0.98	1.0	0.96	0.96	1.0	0.98
18750	0.96	0.98	1.0	1.0	0.98	0.94	0.94	0.98	1.0	1.0	0.98	1.0	0.96	0.96	1.0	0.98
18800	0.98	0.98	1.0	1.0	0.98	0.94	0.94	0.98	1.0	1.0	0.98	1.0	0.96	0.96	1.0	0.98
18850	0.98	0.96	1.0	1.0	1.0	0.94	0.94	1.0	1.0	1.0	1.0	1.0	0.96	0.96	1.0	1.0
18900	0.98	0.96	1.0	1.0	1.0	0.94	0.94	1.0	1.0	1.0	1.0	1.0	0.96	0.96	1.0	1.0
18950	0.98	0.96	1.0	0.98	1.0	0.96	0.94	1.0	1.0	1.0	1.0	1.0	0.96	0.96	1.0	1.0
19000	0.98	0.96	1.0	0.98	1.0	0.96	0.94	1.0	1.0	1.0	1.0	1.0	0.96	0.96	1.0	1.0
19050	0.96	0.96	1.0	0.98	0.98	0.96	0.94	1.0	1.0	1.0	1.0	1.0	0.96	0.96	1.0	0.98
19100	0.98	0.96	1.0	0.98	0.98	0.98	0.94	1.0	1.0	1.0	1.0	1.0	0.98	0.96	1.0	0.98
19150	0.98	0.96	1.0	0.98	0.98	0.98	0.96	1.0	1.0	1.0	1.0	1.0	0.98	0.96	1.0	0.98
19200	0.98	0.96	1.0	0.98	0.98	0.98	0.96	1.0	1.0	1.0	1.0	1.0	1.0	0.96	0.98	0.98
19250	0.96	0.96	1.0	0.98	0.98	1.0	0.96	1.0	1.0	1.0	1.0	1.0	1.0	0.98	0.98	0.98
19300	0.96	0.96	1.0	0.98	0.98	1.0	0.96	1.0	1.0	1.0	1.0	1.0	1.0	0.98	0.96	0.98
19350	0.96	0.96	1.0	0.98	0.98	1.0	0.96	1.0	1.0	1.0	1.0	1.0	1.0	0.98	0.96	0.98
19400	0.96	0.96	1.0	0.98	0.98	1.0	0.98	1.0	1.0	1.0	1.0	1.0	1.0	0.98	0.96	0.98
19450	0.96	0.96	1.0	0.98	0.98	1.0	0.98	1.0	1.0	1.0	1.0	1.0	1.0	1.0	0.96	0.98
19500	0.94	0.96	1.0	0.98	0.98	1.0	1.0	1.0	0.98	1.0	1.0	1.0	1.0	0.98	0.96	0.98
19550	0.94	0.96	1.0	0.98	0.98	1.0	0.98	1.0	0.98	1.0	1.0	1.0	1.0	0.98	0.96	0.98
19600	0.94	0.96	1.0	0.98	0.98	1.0	0.98	1.0	0.98	1.0	1.0	1.0	1.0	0.98	0.96	0.98
19650	0.94	0.98	1.0	0.98	0.98	1.0	0.98	1.0	0.98	1.0	1.0	1.0	0.98	0.98	0.96	0.98
19700	0.94	0.98	1.0	0.98	0.98	0.98	0.98	1.0	0.98	1.0	1.0	1.0	0.98	0.98	0.94	0.98
19750	0.96	1.0	1.0	0.98	0.98	0.98	0.98	1.0	0.98	1.0	1.0	1.0	0.98	0.98	0.94	0.98
19800	0.96	1.0	1.0	0.98	0.98	0.98	0.98	1.0	0.98	1.0	1.0	1.0	0.98	0.98	0.94	1.0
19850	0.96	1.0	1.0	0.98	0.98	0.98	0.98	1.0	0.98	1.0	1.0	1.0	0.98	0.98	0.96	1.0
19900	0.96	1.0	1.0	1.0	1.0	0.98	0.98	1.0	0.98	1.0	1.0	1.0	0.98	0.98	0.96	1.0
19950	0.96	1.0	1.0	1.0	1.0	0.98	0.98	1.0	0.98	1.0	1.0	1.0	0.98	0.98	0.98	1.0
20000	0.98	1.0	1.0	1.0	1.0	0.98	0.98	1.0	0.98	1.0	1.0	1.0	0.98	0.98	0.98	1.0
