0	0.0	0.0	0.0	0.0	0.0	0.0	0.0	0.0	0.0	0.0	0.0	0.0	0.0	0.0	0.0	0.0
50	0.0	0.25	0.0	0.0	0.0	0.0	0.0	0.0	0.25	0.0	0.0	0.0	0.25	0.0	0.0	0.166666666667
100	0.444444444444	0.428571428571	0.285714285714	0.333333333333	0.428571428571	0.25	0.333333333333	0.333333333333	0.25	0.222222222222	0.416666666667	0.4	0.375	0.166666666667	0.333333333333	0.333333333333
150	0.5	0.5	0.444444444444	0.583333333333	0.5	0.6	0.583333333333	0.444444444444	0.533333333333	0.529411764706	0.533333333333	0.6	0.625	0.333333333333	0.5	0.571428571429
200	0.5625	0.529411764706	0.538461538462	0.625	0.583333333333	0.65	0.705882352941	0.533333333333	0.65	0.619047619048	0.636363636364	0.681818181818	0.647058823529	0.6	0.647058823529	0.647058823529
250	0.611111111111	0.636363636364	0.647058823529	0.714285714286	0.625	0.695652173913	0.75	0.631578947368	0.740740740741	0.666666666667	0.733333333333	0.666666666667	0.666666666667	0.666666666667	0.631578947368	0.684210526316
300	0.708333333333	0.68	0.684210526316	0.75	0.714285714286	0.733333333333	0.777777777778	0.65	0.741935483871	0.733333333333	0.771428571429	0.727272727273	0.68	0.695652173913	0.695652173913	0.708333333333
350	0.75	0.733333333333	0.76	0.818181818182	0.785714285714	0.742857142857	0.8125	0.72	0.757575757576	0.771428571429	0.783783783784	0.75	0.703703703704	0.730769230769	0.703703703704	0.740740740741
400	0.774193548387	0.742857142857	0.76	0.823529411765	0.833333333333	0.769230769231	0.842105263158	0.774193548387	0.783783783784	0.783783783784	0.8	0.775	0.75	0.766666666667	0.724137931034	0.794117647059
450	0.789473684211	0.763157894737	0.793103448276	0.85	0.842105263158	0.775	0.857142857143	0.8	0.80487804878	0.818181818182	0.822222222222	0.790697674419	0.794871794872	0.8	0.75	0.794117647059
500	0.80487804878	0.795454545455	0.842105263158	0.869565217391	0.85	0.790697674419	0.869565217391	0.825	0.822222222222	0.829787234043	0.836734693878	0.82	0.818181818182	0.829268292683	0.764705882353	0.8
550	0.826086956522	0.86	0.85	0.94	0.826086956522	0.82	0.96	0.837209302326	0.826086956522	0.86	0.84	0.88	0.833333333333	0.840909090909	0.783783783784	0.8
600	0.836734693878	0.88	0.857142857143	0.98	0.84	0.88	0.96	0.847826086957	0.826086956522	0.94	0.9	0.94	0.84	0.857142857143	0.818181818182	0.829268292683
650	0.92	0.94	0.869565217391	0.98	0.9	0.92	0.96	0.88	0.88	0.98	0.98	0.94	0.86	0.86	0.829787234043	0.847826086957
700	0.94	0.96	0.88	1.0	0.94	0.94	0.96	0.9	0.94	0.98	0.98	0.96	0.92	0.98	0.836734693878	0.86
750	0.98	0.98	0.92	1.0	0.96	0.94	0.98	0.92	0.96	1.0	0.98	0.96	0.94	0.98	0.88	0.98
800	0.98	0.98	0.98	1.0	0.96	0.96	0.98	0.94	0.98	1.0	0.98	1.0	0.96	0.98	0.92	0.98
850	1.0	0.98	0.98	1.0	0.96	0.96	0.98	0.98	0.98	1.0	1.0	1.0	0.96	0.98	0.96	0.98
900	1.0	1.0	1.0	1.0	0.96	1.0	0.98	1.0	0.98	0.98	1.0	1.0	0.96	0.98	0.96	0.98
950	1.0	1.0	1.0	1.0	0.96	1.0	0.98	1.0	1.0	0.96	1.0	1.0	0.96	1.0	0.98	0.98
1000	1.0	0.98	1.0	1.0	0.96	1.0	0.96	1.0	1.0	0.96	1.0	1.0	0.98	1.0	1.0	1.0
1050	1.0	0.98	1.0	1.0	0.96	1.0	0.96	1.0	1.0	0.96	0.98	1.0	1.0	1.0	1.0	1.0
1100	1.0	0.94	1.0	1.0	0.98	1.0	0.94	1.0	1.0	0.96	0.98	1.0	1.0	1.0	1.0	1.0
1150	1.0	0.92	1.0	1.0	1.0	1.0	0.96	1.0	1.0	0.94	0.98	1.0	1.0	0.98	1.0	1.0
1200	1.0	0.92	1.0	1.0	1.0	1.0	0.96	1.0	1.0	0.94	0.98	1.0	1.0	0.96	1.0	1.0
1250	1.0	0.92	1.0	1.0	1.0	1.0	0.96	1.0	1.0	0.94	0.98	1.0	1.0	0.96	1.0	1.0
1300	1.0	0.92	1.0	1.0	1.0	1.0	0.96	0.98	1.0	0.94	0.98	1.0	1.0	0.96	1.0	1.0
1350	1.0	0.92	1.0	1.0	1.0	1.0	0.96	0.98	1.0	0.94	0.98	1.0	1.0	0.96	1.0	1.0
1400	1.0	0.92	1.0	1.0	1.0	1.0	0.96	0.98	1.0	0.94	0.98	1.0	1.0	0.96	1.0	1.0
1450	1.0	0.92	1.0	1.0	1.0	1.0	0.96	0.98	1.0	0.96	0.98	1.0	1.0	0.94	1.0	1.0
1500	1.0	0.92	1.0	1.0	1.0	1.0	0.96	0.98	1.0	0.98	0.98	0.98	1.0	0.94	1.0	1.0
1550	1.0	0.92	1.0	1.0	1.0	1.0	0.96	0.98	1.0	0.98	0.98	0.98	1.0	0.94	1.0	1.0
1600	1.0	0.92	1.0	0.98	0.98	1.0	0.96	0.98	1.0	0.98	0.98	0.98	1.0	0.94	1.0	1.0
1650	1.0	0.92	1.0	0.98	0.98	1.0	0.96	0.98	1.0	0.98	0.98	0.98	1.0	0.94	1.0	1.0
1700	1.0	0.88	1.0	0.98	0.98	1.0	0.96	0.98	1.0	1.0	0.98	0.98	1.0	0.92	1.0	1.0
1750	1.0	0.9	1.0	0.98	0.98	1.0	0.98	0.96	1.0	1.0	0.98	0.96	1.0	0.92	1.0	1.0
1800	1.0	0.92	1.0	0.98	0.98	1.0	0.98	0.96	1.0	1.0	1.0	0.96	1.0	0.92	1.0	1.0
1850	1.0	0.94	1.0	0.98	0.96	1.0	0.98	0.96	1.0	1.0	1.0	0.96	1.0	0.92	1.0	1.0
1900	1.0	0.96	1.0	0.98	0.92	1.0	1.0	0.96	1.0	1.0	1.0	0.96	1.0	0.94	1.0	1.0
1950	1.0	0.96	1.0	0.96	0.92	1.0	1.0	0.96	1.0	1.0	1.0	0.96	1.0	0.96	1.0	1.0
2000	1.0	0.96	1.0	0.94	0.9	1.0	1.0	0.96	0.98	1.0	1.0	0.96	1.0	0.96	1.0	1.0
2050	1.0	0.96	1.0	0.94	0.9	1.0	0.98	0.96	0.98	1.0	1.0	0.96	1.0	0.98	1.0	1.0
2100	1.0	0.96	1.0	0.96	0.88	1.0	0.98	0.96	0.98	1.0	1.0	0.96	1.0	0.98	1.0	1.0
2150	1.0	0.96	1.0	0.96	0.88	1.0	0.98	0.96	0.98	1.0	1.0	0.96	1.0	0.98	1.0	1.0
2200	1.0	0.96	1.0	0.96	0.88	1.0	0.98	0.96	0.98	1.0	1.0	0.96	1.0	1.0	1.0	1.0
2250	1.0	0.96	1.0	0.96	0.88	1.0	0.98	0.98	0.96	1.0	1.0	0.96	1.0	1.0	1.0	1.0
2300	0.98	0.96	1.0	0.96	0.88	1.0	0.98	0.98	0.96	1.0	1.0	0.98	1.0	1.0	1.0	1.0
2350	0.96	0.96	1.0	0.96	0.88	1.0	0.96	0.98	0.94	1.0	1.0	0.98	0.98	1.0	1.0	1.0
2400	0.96	0.96	1.0	0.96	0.88	1.0	0.96	0.98	0.94	1.0	1.0	0.98	0.98	1.0	1.0	1.0
2450	0.96	0.98	1.0	0.96	0.88	1.0	0.96	0.98	0.88	0.98	1.0	0.98	0.98	1.0	1.0	1.0
2500	0.94	1.0	1.0	0.96	0.9	1.0	0.96	0.96	0.86	0.98	1.0	0.98	0.98	1.0	1.0	1.0
2550	0.94	1.0	1.0	0.96	0.94	1.0	0.94	0.96	0.86	0.98	1.0	1.0	0.98	0.98	1.0	1.0
2600	0.94	1.0	1.0	0.98	0.96	1.0	0.94	0.96	0.86	0.98	1.0	1.0	0.98	0.98	1.0	1.0
2650	0.92	1.0	1.0	1.0	0.98	1.0	0.94	0.96	0.86	0.98	1.0	0.98	0.96	0.98	1.0	1.0
2700	0.92	1.0	1.0	1.0	0.98	1.0	0.94	0.96	0.86	0.98	0.98	0.98	0.96	0.98	1.0	1.0
2750	0.9	1.0	1.0	1.0	0.98	1.0	0.94	0.96	0.86	0.98	0.98	0.98	0.96	0.98	1.0	1.0
2800	0.9	1.0	1.0	1.0	0.94	1.0	0.94	0.96	0.88	0.96	0.98	0.98	0.96	0.98	1.0	1.0
2850	0.9	1.0	1.0	1.0	0.94	1.0	0.96	0.96	0.88	0.96	0.98	0.98	0.96	0.98	1.0	1.0
2900	0.9	1.0	1.0	1.0	0.94	1.0	0.96	0.96	0.88	0.96	0.98	0.98	0.96	0.98	1.0	1.0
2950	0.9	1.0	1.0	1.0	0.96	1.0	0.96	0.94	0.88	0.96	0.98	0.98	0.96	0.98	1.0	1.0
3000	0.9	1.0	1.0	0.98	0.96	1.0	0.98	0.94	0.88	0.96	0.98	0.98	0.96	0.98	1.0	1.0
3050	0.9	1.0	1.0	0.98	0.96	1.0	0.98	0.9	0.88	0.94	0.98	0.96	0.96	0.98	1.0	1.0
3100	0.92	1.0	1.0	0.98	0.96	1.0	0.98	0.9	0.9	0.96	0.98	0.96	0.96	0.98	1.0	1.0
3150	0.92	1.0	1.0	0.98	0.96	1.0	0.98	0.88	0.92	0.96	0.98	0.96	0.98	0.98	1.0	1.0
3200	0.92	1.0	1.0	0.94	0.96	1.0	1.0	0.88	0.94	0.96	0.98	0.94	0.98	0.96	1.0	1.0
3250	0.94	1.0	1.0	0.94	0.96	1.0	1.0	0.88	0.96	0.96	0.98	0.94	0.98	0.96	1.0	1.0
3300	0.94	1.0	1.0	0.94	0.96	1.0	1.0	0.88	0.98	0.96	0.98	0.94	0.98	0.98	1.0	1.0
3350	0.94	1.0	1.0	0.94	0.92	1.0	1.0	0.9	1.0	0.96	0.98	0.96	1.0	0.98	1.0	1.0
3400	0.94	1.0	1.0	0.94	0.92	1.0	1.0	0.92	1.0	0.94	0.98	0.96	0.98	0.98	1.0	1.0
3450	0.96	1.0	1.0	0.94	0.92	1.0	1.0	0.92	1.0	0.96	0.98	0.96	0.98	0.98	1.0	1.0
3500	0.96	1.0	1.0	0.94	0.92	1.0	1.0	0.9	1.0	0.94	0.98	0.96	0.98	0.98	1.0	1.0
3550	0.98	1.0	1.0	0.94	0.92	1.0	1.0	0.9	1.0	0.92	0.98	0.94	0.98	0.98	1.0	0.98
3600	0.98	1.0	1.0	0.92	0.92	1.0	1.0	0.9	1.0	0.92	1.0	0.94	0.98	0.94	1.0	0.98
3650	0.98	1.0	1.0	0.92	0.92	1.0	1.0	0.9	1.0	0.92	1.0	0.94	0.98	0.94	1.0	0.98
3700	1.0	1.0	1.0	0.94	0.9	1.0	1.0	0.9	1.0	0.94	1.0	0.96	0.98	0.94	1.0	0.98
3750	1.0	1.0	1.0	0.94	0.9	1.0	1.0	0.92	1.0	0.94	1.0	0.96	0.96	0.94	1.0	0.98
3800	1.0	1.0	1.0	0.94	0.94	1.0	1.0	0.94	1.0	0.94	1.0	0.98	0.96	0.94	1.0	0.98
3850	1.0	1.0	1.0	0.94	0.94	1.0	1.0	0.98	0.98	0.94	1.0	0.98	0.96	0.94	1.0	0.98
3900	1.0	1.0	1.0	0.96	0.94	1.0	1.0	0.98	0.98	0.94	1.0	0.98	0.94	0.96	1.0	0.96
3950	1.0	0.98	1.0	0.98	0.92	1.0	1.0	0.98	0.98	0.92	1.0	0.98	0.94	0.96	1.0	0.96
4000	1.0	0.98	1.0	0.98	0.92	1.0	1.0	0.98	0.98	0.92	1.0	0.98	0.94	0.94	0.98	0.96
4050	1.0	0.98	1.0	0.98	0.92	1.0	1.0	0.98	0.98	0.94	1.0	0.98	0.94	0.94	0.98	0.94
4100	0.98	0.98	1.0	0.98	0.92	1.0	1.0	0.98	0.98	0.94	1.0	0.98	0.94	0.94	0.98	0.94
4150	0.98	0.98	1.0	0.98	0.92	1.0	1.0	0.98	0.98	0.94	1.0	0.98	0.92	0.92	0.98	0.94
4200	0.98	0.98	1.0	0.98	0.96	1.0	1.0	0.98	0.98	0.94	0.98	0.98	0.94	0.92	0.98	0.94
4250	0.98	0.98	1.0	0.98	0.96	1.0	1.0	0.98	0.98	0.96	0.98	0.98	0.94	0.92	0.96	0.94
4300	0.98	0.98	1.0	1.0	0.96	1.0	1.0	0.98	0.96	0.98	0.98	0.98	0.94	0.92	0.96	0.96
4350	0.98	0.98	1.0	1.0	0.96	1.0	1.0	0.98	0.94	0.98	0.98	0.98	0.94	0.92	0.94	0.94
4400	0.98	0.98	1.0	1.0	0.96	1.0	1.0	1.0	0.94	0.98	0.98	0.98	0.94	0.94	0.94	0.94
4450	0.98	0.98	1.0	1.0	0.96	1.0	1.0	1.0	0.94	0.98	0.98	0.98	0.9	0.96	0.94	0.94
4500	0.98	0.98	1.0	1.0	0.98	1.0	0.98	1.0	0.94	0.98	0.98	0.98	0.9	0.96	0.94	0.94
4550	0.98	0.98	1.0	1.0	0.98	1.0	0.98	1.0	0.94	0.98	0.96	0.98	0.92	0.96	0.96	0.94
4600	0.98	0.98	1.0	1.0	0.98	1.0	0.98	1.0	0.96	0.98	0.94	0.98	0.92	0.94	0.96	0.94
4650	0.98	0.98	1.0	1.0	0.98	1.0	0.98	1.0	0.96	0.98	0.94	0.98	0.92	0.94	0.96	0.94
4700	0.98	1.0	1.0	1.0	1.0	1.0	0.98	1.0	0.96	0.98	0.94	0.96	0.92	0.94	0.96	0.94
4750	0.98	1.0	1.0	1.0	1.0	1.0	0.98	1.0	0.96	1.0	0.94	0.96	0.94	0.94	0.96	0.94
4800	0.98	1.0	1.0	1.0	0.98	1.0	0.98	1.0	0.96	1.0	0.94	0.96	0.94	0.94	0.94	0.96
4850	0.98	1.0	1.0	1.0	0.98	1.0	0.98	1.0	0.96	0.98	0.94	0.98	0.94	0.96	0.94	0.96
4900	1.0	1.0	1.0	1.0	0.98	1.0	0.98	1.0	0.96	0.98	0.92	0.98	0.94	0.96	0.96	0.98
4950	1.0	0.98	1.0	1.0	0.98	1.0	0.98	1.0	0.96	0.98	0.94	0.98	0.94	0.96	0.98	0.98
5000	1.0	0.98	1.0	1.0	0.98	1.0	0.98	1.0	1.0	0.98	0.92	0.96	0.94	0.96	0.98	0.98
5050	1.0	0.98	1.0	1.0	0.98	1.0	0.98	1.0	1.0	0.98	0.92	0.96	0.94	0.94	0.98	0.98
5100	1.0	0.98	1.0	1.0	0.98	1.0	0.98	1.0	1.0	0.98	0.92	0.96	0.94	0.94	0.98	0.98
5150	1.0	0.98	1.0	1.0	0.98	1.0	0.98	1.0	0.98	0.98	0.94	0.96	0.94	0.94	0.98	0.98
5200	1.0	0.98	1.0	1.0	0.98	1.0	0.98	1.0	0.98	0.98	0.94	0.96	0.98	0.94	0.98	1.0
5250	1.0	0.98	1.0	1.0	0.98	1.0	0.98	1.0	0.98	0.98	0.94	0.94	1.0	0.94	0.98	1.0
5300	1.0	0.98	1.0	1.0	0.98	1.0	0.98	1.0	0.98	0.98	0.96	0.94	1.0	0.94	0.98	1.0
5350	1.0	0.98	0.98	1.0	0.98	1.0	0.98	1.0	0.98	0.98	0.96	0.94	1.0	0.96	0.98	1.0
5400	1.0	0.98	0.98	0.98	0.98	0.98	1.0	1.0	0.98	0.96	0.96	0.96	1.0	0.96	0.98	1.0
5450	1.0	0.98	0.98	0.98	0.98	0.96	1.0	1.0	0.98	0.96	0.96	0.96	1.0	0.96	0.98	1.0
5500	1.0	0.98	0.98	0.98	0.98	0.96	1.0	1.0	0.98	0.96	0.96	0.94	1.0	0.98	0.98	1.0
5550	1.0	0.98	0.98	0.98	0.98	0.96	1.0	1.0	0.98	0.98	0.98	0.94	1.0	0.98	0.98	1.0
5600	1.0	0.98	0.98	0.96	1.0	0.96	1.0	1.0	0.98	0.98	1.0	0.94	1.0	0.98	1.0	1.0
5650	1.0	0.98	0.98	0.96	1.0	0.96	1.0	1.0	0.98	0.98	1.0	0.94	1.0	0.98	0.98	1.0
5700	1.0	0.98	0.98	0.96	1.0	0.96	1.0	1.0	0.98	0.98	1.0	0.94	1.0	0.98	0.98	1.0
5750	1.0	1.0	0.98	0.96	1.0	0.96	1.0	1.0	0.98	0.98	1.0	0.94	1.0	0.98	0.98	1.0
5800	1.0	1.0	1.0	0.96	1.0	0.96	1.0	1.0	0.98	0.98	1.0	0.96	1.0	0.98	0.98	1.0
5850	1.0	1.0	1.0	0.96	1.0	0.96	1.0	1.0	0.98	0.98	1.0	0.96	1.0	0.98	0.98	1.0
5900	1.0	1.0	1.0	0.96	1.0	0.96	1.0	1.0	1.0	0.98	1.0	0.96	0.98	1.0	0.98	1.0
5950	1.0	1.0	1.0	0.94	1.0	0.96	1.0	1.0	1.0	0.98	1.0	0.96	0.98	1.0	0.96	1.0
6000	1.0	1.0	1.0	0.94	1.0	0.96	1.0	1.0	1.0	0.98	1.0	0.98	0.98	1.0	0.96	1.0
6050	1.0	1.0	1.0	0.94	1.0	0.96	1.0	1.0	1.0	0.98	1.0	0.98	0.98	1.0	0.94	1.0
6100	1.0	1.0	1.0	0.94	0.98	0.96	1.0	1.0	1.0	0.98	1.0	0.98	0.98	1.0	0.94	1.0
6150	1.0	1.0	1.0	0.94	0.98	0.96	1.0	1.0	1.0	1.0	1.0	1.0	0.98	1.0	0.94	1.0
6200	1.0	1.0	1.0	0.96	0.98	0.94	1.0	1.0	1.0	1.0	1.0	1.0	0.98	1.0	0.94	1.0
6250	1.0	1.0	1.0	0.96	0.98	0.94	1.0	1.0	1.0	1.0	1.0	1.0	0.98	1.0	0.94	1.0
6300	1.0	1.0	1.0	0.96	0.98	0.96	1.0	1.0	1.0	1.0	0.96	1.0	0.98	1.0	0.94	1.0
6350	1.0	1.0	1.0	0.96	0.98	0.98	1.0	1.0	1.0	1.0	0.96	1.0	0.98	1.0	0.94	1.0
6400	1.0	1.0	1.0	0.96	0.98	0.98	1.0	1.0	1.0	1.0	0.96	1.0	0.98	1.0	0.96	1.0
6450	1.0	1.0	1.0	0.96	0.98	0.98	1.0	1.0	0.98	1.0	0.96	1.0	0.98	1.0	0.96	1.0
6500	1.0	1.0	1.0	0.96	0.98	0.98	1.0	1.0	0.96	0.98	0.94	0.98	0.98	1.0	0.96	1.0
6550	1.0	1.0	1.0	0.96	0.98	0.98	1.0	1.0	0.96	0.98	0.94	0.98	0.98	1.0	0.96	1.0
6600	1.0	1.0	1.0	0.96	0.98	0.98	1.0	1.0	0.96	0.98	0.94	0.98	0.98	1.0	0.96	1.0
6650	1.0	1.0	1.0	0.96	0.98	0.98	1.0	1.0	0.96	0.98	0.94	0.98	0.98	1.0	0.96	1.0
6700	0.98	1.0	1.0	0.96	0.98	0.98	1.0	1.0	0.94	0.98	0.94	0.96	0.98	1.0	0.98	1.0
6750	0.98	1.0	1.0	0.96	0.98	0.98	1.0	1.0	0.94	0.98	0.94	0.96	0.98	1.0	0.98	1.0
6800	0.98	1.0	1.0	0.96	0.94	0.98	1.0	1.0	0.94	0.98	0.94	0.96	0.98	1.0	0.98	1.0
6850	0.98	1.0	1.0	0.98	0.92	0.98	1.0	1.0	0.94	0.98	0.94	0.96	0.98	1.0	1.0	1.0
6900	0.98	1.0	1.0	0.98	0.92	0.98	0.98	1.0	0.94	0.98	0.94	0.94	1.0	1.0	0.98	1.0
6950	0.98	1.0	1.0	0.98	0.92	0.98	0.96	1.0	0.94	0.98	0.94	0.92	1.0	1.0	0.98	0.98
7000	0.98	1.0	1.0	0.98	0.94	1.0	0.94	1.0	0.94	0.98	0.92	0.92	1.0	1.0	0.98	0.98
7050	0.98	1.0	1.0	0.98	0.94	1.0	0.94	1.0	0.94	0.98	0.96	0.92	1.0	1.0	0.98	0.96
7100	0.96	1.0	1.0	0.98	0.94	1.0	0.94	1.0	0.96	0.98	0.96	0.92	1.0	1.0	0.98	0.96
7150	0.96	1.0	1.0	0.98	0.94	1.0	0.94	1.0	0.96	0.98	0.96	0.94	1.0	1.0	0.98	0.96
7200	0.96	1.0	1.0	1.0	0.94	1.0	0.94	1.0	0.94	1.0	0.96	0.94	1.0	1.0	0.98	0.96
7250	0.96	1.0	1.0	1.0	0.94	1.0	0.94	1.0	0.94	0.98	0.98	0.94	1.0	1.0	0.98	0.96
7300	0.96	1.0	1.0	1.0	0.94	1.0	0.94	1.0	0.96	0.98	0.98	0.94	1.0	1.0	0.98	0.96
7350	0.96	1.0	1.0	1.0	0.92	1.0	0.94	1.0	0.96	0.96	0.98	0.94	1.0	1.0	0.98	0.96
7400	0.98	1.0	1.0	1.0	0.92	1.0	0.92	1.0	0.96	0.96	0.98	0.94	1.0	1.0	0.98	0.96
7450	0.98	1.0	1.0	1.0	0.94	1.0	0.92	1.0	0.96	0.96	0.98	0.96	1.0	1.0	0.98	0.96
7500	0.98	1.0	1.0	1.0	0.96	1.0	0.92	1.0	0.96	0.96	0.98	0.96	1.0	1.0	0.96	0.96
7550	0.98	1.0	1.0	1.0	0.98	1.0	0.92	1.0	0.94	0.96	0.98	0.96	1.0	1.0	0.96	0.96
7600	0.98	1.0	1.0	1.0	0.98	1.0	0.94	1.0	0.94	0.96	0.98	0.98	1.0	1.0	0.96	0.96
7650	0.98	1.0	1.0	1.0	0.98	1.0	0.96	1.0	0.94	0.96	0.98	0.98	1.0	1.0	0.96	0.96
7700	0.98	1.0	1.0	1.0	0.98	1.0	0.96	1.0	0.92	0.96	1.0	1.0	1.0	1.0	0.98	0.98
7750	1.0	1.0	1.0	1.0	0.98	1.0	0.96	1.0	0.92	0.98	1.0	1.0	1.0	1.0	0.98	1.0
7800	1.0	1.0	0.98	1.0	0.98	1.0	0.98	1.0	0.94	0.96	1.0	1.0	0.98	1.0	0.98	1.0
7850	1.0	1.0	0.98	1.0	0.96	1.0	0.98	1.0	0.96	0.96	1.0	1.0	0.98	1.0	0.98	1.0
7900	1.0	1.0	0.98	1.0	0.96	1.0	0.98	1.0	0.96	0.96	1.0	1.0	0.96	1.0	0.98	1.0
7950	1.0	1.0	0.98	1.0	0.96	0.98	0.98	1.0	0.96	0.98	1.0	1.0	0.96	1.0	0.96	1.0
8000	1.0	1.0	0.98	1.0	0.98	0.98	0.98	1.0	0.96	0.98	1.0	1.0	0.96	1.0	0.96	1.0
8050	1.0	1.0	0.98	0.96	0.98	0.98	0.98	1.0	0.96	0.98	1.0	1.0	0.96	1.0	0.96	1.0
8100	1.0	1.0	0.98	0.96	0.98	0.98	0.98	1.0	0.96	0.98	1.0	1.0	0.96	1.0	0.94	1.0
8150	1.0	1.0	0.98	0.96	0.98	0.98	0.98	1.0	0.96	0.98	1.0	1.0	0.96	1.0	0.94	1.0
8200	1.0	1.0	0.98	0.96	0.98	0.98	0.98	1.0	0.96	0.98	1.0	1.0	0.96	1.0	0.96	1.0
8250	0.98	0.98	0.98	0.96	0.98	0.98	0.98	1.0	0.96	0.98	1.0	1.0	0.96	1.0	0.96	1.0
8300	0.98	0.98	0.98	0.96	0.98	0.98	0.98	1.0	0.96	0.98	1.0	1.0	0.96	1.0	0.96	1.0
8350	0.98	0.98	0.98	0.96	0.98	0.98	1.0	1.0	0.98	0.98	1.0	1.0	0.96	1.0	0.96	0.98
8400	0.98	0.98	0.98	0.94	0.98	0.98	1.0	1.0	1.0	0.98	1.0	1.0	0.96	1.0	0.96	0.98
8450	0.98	0.98	1.0	0.92	0.98	0.98	1.0	1.0	1.0	0.98	1.0	1.0	0.96	1.0	0.96	0.98
8500	0.98	0.98	1.0	0.92	0.98	0.98	1.0	1.0	1.0	0.98	1.0	1.0	0.96	1.0	0.96	0.98
8550	0.98	0.98	1.0	0.92	0.98	0.96	1.0	1.0	1.0	1.0	1.0	1.0	0.96	1.0	0.96	0.98
8600	0.98	0.98	1.0	0.9	1.0	0.96	1.0	1.0	1.0	1.0	1.0	1.0	0.98	1.0	0.96	0.98
8650	0.98	0.98	1.0	0.92	1.0	0.98	1.0	1.0	1.0	1.0	1.0	1.0	0.98	1.0	0.96	0.98
8700	0.98	0.98	1.0	0.94	1.0	0.98	1.0	1.0	1.0	1.0	1.0	1.0	0.98	1.0	0.98	0.98
8750	0.98	0.98	1.0	0.94	1.0	0.98	1.0	1.0	1.0	1.0	1.0	1.0	0.98	1.0	0.98	0.98
8800	0.98	0.98	1.0	0.94	1.0	0.98	0.98	1.0	1.0	1.0	1.0	1.0	1.0	1.0	0.98	0.98
8850	0.98	1.0	1.0	0.94	1.0	0.98	0.98	1.0	1.0	1.0	1.0	1.0	1.0	1.0	1.0	0.98
8900	0.98	1.0	1.0	0.94	1.0	0.98	0.98	1.0	1.0	1.0	1.0	1.0	1.0	1.0	1.0	0.98
8950	0.98	1.0	1.0	0.94	1.0	0.98	0.98	1.0	1.0	1.0	1.0	1.0	1.0	1.0	1.0	0.96
9000	0.96	1.0	1.0	0.94	1.0	0.98	0.98	1.0	1.0	0.98	1.0	1.0	1.0	1.0	1.0	0.96
9050	0.96	1.0	1.0	0.94	1.0	0.98	0.98	1.0	1.0	0.98	1.0	1.0	1.0	1.0	1.0	0.94
9100	0.96	1.0	1.0	0.94	1.0	0.98	0.98	1.0	1.0	0.98	1.0	1.0	1.0	1.0	1.0	0.96
9150	0.94	1.0	1.0	0.96	1.0	0.98	0.98	1.0	1.0	0.98	1.0	1.0	1.0	1.0	1.0	0.96
9200	0.96	1.0	1.0	0.98	1.0	0.98	0.98	1.0	1.0	0.98	0.98	1.0	1.0	1.0	1.0	0.96
9250	0.96	1.0	1.0	0.98	1.0	0.98	0.98	1.0	1.0	0.98	0.96	1.0	1.0	1.0	1.0	0.94
9300	0.96	1.0	1.0	0.98	1.0	0.98	0.98	1.0	1.0	0.98	0.96	1.0	1.0	1.0	1.0	0.94
9350	0.96	1.0	1.0	0.98	1.0	1.0	0.98	1.0	1.0	0.98	0.96	1.0	1.0	1.0	1.0	0.94
9400	0.96	1.0	1.0	0.98	1.0	1.0	0.98	1.0	1.0	0.98	0.96	1.0	1.0	1.0	0.98	0.92
9450	0.96	1.0	1.0	0.98	1.0	1.0	1.0	1.0	1.0	0.98	0.96	1.0	1.0	1.0	0.98	0.92
9500	0.96	1.0	1.0	1.0	1.0	1.0	1.0	1.0	1.0	0.98	0.96	1.0	1.0	1.0	0.98	0.92
9550	0.96	1.0	1.0	1.0	1.0	1.0	1.0	1.0	1.0	0.98	0.96	1.0	1.0	1.0	0.98	0.92
9600	0.96	1.0	1.0	1.0	1.0	1.0	1.0	1.0	1.0	0.98	0.96	1.0	1.0	1.0	0.98	0.92
9650	0.96	1.0	1.0	1.0	1.0	1.0	1.0	1.0	1.0	0.98	0.96	1.0	1.0	1.0	0.98	0.92
9700	0.96	1.0	1.0	1.0	1.0	1.0	1.0	1.0	1.0	0.98	0.96	1.0	1.0	1.0	0.98	0.94
9750	0.96	0.98	1.0	1.0	1.0	1.0	1.0	1.0	1.0	1.0	0.96	1.0	1.0	1.0	0.98	0.94
9800	0.96	0.98	1.0	1.0	1.0	1.0	1.0	1.0	1.0	1.0	0.96	1.0	1.0	1.0	0.98	0.96
9850	0.96	0.98	1.0	1.0	1.0	1.0	1.0	1.0	1.0	1.0	0.96	1.0	1.0	1.0	0.98	0.96
9900	0.96	0.98	1.0	1.0	1.0	1.0	1.0	1.0	1.0	1.0	0.96	1.0	1.0	1.0	0.98	0.96
9950	0.94	0.98	1.0	1.0	1.0	1.0	0.98	1.0	1.0	1.0	0.96	1.0	1.0	1.0	0.98	0.96
10000	0.96	0.98	1.0	1.0	1.0	1.0	0.98	1.0	1.0	1.0	0.96	1.0	1.0	1.0	0.96	0.98
10050	0.96	0.98	1.0	1.0	1.0	1.0	0.98	1.0	1.0	1.0	0.96	1.0	1.0	1.0	0.98	0.98
10100	0.96	0.98	1.0	1.0	1.0	0.98	0.98	1.0	1.0	1.0	0.96	1.0	1.0	1.0	0.98	0.98
10150	0.96	0.98	1.0	1.0	1.0	0.98	0.98	1.0	1.0	0.96	0.96	1.0	1.0	1.0	0.98	0.98
10200	0.96	0.98	1.0	1.0	1.0	0.98	0.98	1.0	0.98	0.96	1.0	1.0	1.0	1.0	0.98	0.98
10250	0.96	0.98	1.0	0.98	1.0	0.98	0.98	1.0	0.98	0.96	0.96	1.0	1.0	1.0	0.98	0.96
10300	0.96	0.98	1.0	0.98	1.0	0.98	0.98	1.0	0.98	0.96	0.96	1.0	1.0	1.0	0.98	0.96
10350	0.96	0.98	1.0	0.98	1.0	0.98	0.98	1.0	0.98	0.96	0.96	1.0	1.0	1.0	0.98	0.96
10400	0.96	0.98	1.0	0.98	1.0	0.98	0.98	1.0	0.98	0.96	0.96	1.0	1.0	1.0	0.98	0.96
10450	0.94	0.98	1.0	0.98	1.0	0.98	0.98	1.0	0.96	0.96	0.96	1.0	1.0	1.0	0.98	0.96
10500	0.94	0.98	1.0	0.98	1.0	0.98	0.98	1.0	0.96	0.94	0.96	1.0	1.0	1.0	0.98	0.96
10550	0.94	0.98	1.0	0.98	1.0	0.98	0.98	1.0	0.96	0.92	0.96	0.98	1.0	1.0	0.98	0.96
10600	0.96	0.98	1.0	0.98	0.98	0.98	1.0	1.0	0.96	0.92	0.96	0.98	1.0	1.0	0.98	0.96
10650	0.96	1.0	1.0	0.96	0.98	0.98	1.0	1.0	0.94	0.92	0.96	0.96	1.0	1.0	0.98	0.96
10700	0.98	1.0	1.0	0.96	0.98	0.98	1.0	1.0	0.92	0.9	0.96	0.96	1.0	1.0	0.98	0.94
10750	0.98	1.0	1.0	0.96	0.98	0.98	1.0	1.0	0.92	0.9	0.96	0.96	1.0	1.0	0.98	0.94
10800	0.98	1.0	1.0	0.96	0.96	0.98	1.0	1.0	0.92	0.9	0.96	0.96	1.0	1.0	0.98	0.94
10850	0.98	1.0	1.0	0.96	0.96	0.98	1.0	1.0	0.9	0.9	0.96	0.96	1.0	1.0	0.98	0.94
10900	0.98	1.0	1.0	0.94	0.96	1.0	1.0	1.0	0.9	0.9	0.96	0.96	1.0	1.0	0.98	0.94
10950	0.98	1.0	1.0	0.94	0.96	1.0	1.0	1.0	0.9	0.94	0.96	0.96	1.0	1.0	0.98	0.94
11000	0.98	1.0	1.0	0.94	0.96	1.0	1.0	1.0	0.9	0.94	0.98	0.96	1.0	0.98	1.0	0.98
11050	0.98	1.0	1.0	0.94	0.94	1.0	1.0	1.0	0.92	0.94	1.0	0.94	1.0	0.98	1.0	0.98
11100	0.98	1.0	1.0	0.94	0.94	0.98	1.0	1.0	0.92	0.94	1.0	0.94	1.0	0.98	1.0	0.98
11150	1.0	0.98	1.0	0.94	0.94	0.98	0.98	1.0	0.92	0.96	1.0	0.94	1.0	0.98	1.0	0.98
11200	1.0	0.98	1.0	0.94	0.94	0.98	0.98	1.0	0.94	0.98	1.0	0.94	1.0	0.98	1.0	0.98
11250	1.0	0.98	1.0	0.94	0.94	0.98	0.98	1.0	0.94	0.98	1.0	0.94	1.0	0.98	1.0	0.98
11300	1.0	0.98	1.0	0.92	0.94	0.98	0.98	1.0	0.94	0.98	0.98	0.94	1.0	0.98	1.0	0.98
11350	1.0	0.98	1.0	0.92	0.94	0.98	0.98	1.0	0.94	0.98	0.96	0.94	1.0	0.98	1.0	0.98
11400	1.0	0.98	1.0	0.92	0.94	0.98	0.98	1.0	0.96	1.0	0.96	0.94	1.0	0.98	1.0	0.96
11450	1.0	0.98	1.0	0.94	0.94	0.98	0.98	1.0	0.96	1.0	0.96	0.94	1.0	0.98	1.0	0.96
11500	1.0	0.98	1.0	0.94	0.96	0.98	0.98	1.0	0.96	1.0	0.96	0.96	1.0	0.98	1.0	0.96
11550	1.0	0.98	1.0	0.94	0.96	0.98	0.98	1.0	0.96	1.0	0.96	0.98	1.0	0.98	1.0	0.96
11600	1.0	0.98	1.0	0.94	0.96	0.98	0.98	1.0	0.98	1.0	0.96	0.98	0.98	0.98	1.0	0.96
11650	1.0	0.98	1.0	0.92	0.96	0.98	0.98	1.0	0.98	1.0	0.96	0.98	0.98	1.0	1.0	0.96
11700	1.0	0.98	0.98	0.9	0.98	0.98	0.98	1.0	0.98	1.0	0.96	0.98	0.98	1.0	1.0	0.96
11750	1.0	0.98	0.98	0.9	0.98	0.98	0.98	1.0	0.98	1.0	0.96	0.98	0.98	1.0	1.0	0.96
11800	1.0	0.98	0.98	0.92	1.0	0.98	0.98	1.0	0.98	1.0	0.96	0.98	0.98	1.0	1.0	0.96
11850	1.0	0.98	0.98	0.92	1.0	0.98	0.98	1.0	0.98	1.0	0.96	0.98	0.98	1.0	1.0	0.96
11900	1.0	0.98	0.98	0.94	1.0	0.98	0.98	1.0	0.98	1.0	0.96	1.0	0.98	1.0	0.96	0.96
11950	1.0	0.98	0.98	0.94	1.0	0.98	0.98	1.0	0.98	1.0	0.96	1.0	0.98	1.0	0.96	0.96
12000	1.0	0.98	0.98	0.94	1.0	0.98	0.98	1.0	0.98	0.98	0.96	1.0	0.98	1.0	0.96	0.96
12050	1.0	0.98	0.98	0.94	1.0	1.0	0.98	1.0	0.98	0.98	1.0	1.0	0.98	1.0	0.96	0.96
12100	1.0	1.0	0.98	0.94	1.0	1.0	0.98	1.0	0.98	0.96	1.0	1.0	0.98	1.0	0.94	0.96
12150	1.0	1.0	0.98	0.94	1.0	1.0	0.98	1.0	1.0	0.96	1.0	1.0	0.98	1.0	0.94	0.98
12200	1.0	1.0	0.98	0.94	1.0	1.0	0.98	1.0	1.0	0.96	1.0	1.0	0.98	1.0	0.94	1.0
12250	1.0	1.0	0.98	0.94	1.0	1.0	0.98	1.0	1.0	0.96	1.0	1.0	0.98	1.0	0.94	0.98
12300	1.0	1.0	0.98	0.94	1.0	0.98	0.98	1.0	1.0	0.96	1.0	1.0	0.98	1.0	0.94	0.98
12350	1.0	1.0	1.0	0.94	1.0	0.98	0.98	1.0	1.0	0.96	0.98	1.0	0.98	1.0	0.92	0.98
12400	1.0	1.0	1.0	0.94	1.0	0.98	0.98	1.0	1.0	0.96	0.98	1.0	0.98	1.0	0.92	0.98
12450	1.0	1.0	1.0	0.94	1.0	0.98	0.98	1.0	1.0	0.96	0.98	1.0	0.98	1.0	0.92	0.98
12500	1.0	1.0	1.0	0.96	1.0	0.98	0.98	1.0	1.0	0.96	0.98	1.0	0.98	1.0	0.92	0.98
12550	1.0	1.0	1.0	0.98	1.0	0.98	0.98	1.0	1.0	0.96	0.98	0.98	1.0	1.0	0.92	0.98
12600	1.0	1.0	1.0	0.98	1.0	0.98	0.98	1.0	1.0	0.96	0.98	0.96	1.0	1.0	0.92	0.98
12650	1.0	1.0	1.0	0.98	1.0	0.98	0.98	1.0	1.0	0.96	0.98	0.96	1.0	1.0	0.94	0.98
12700	1.0	1.0	1.0	0.98	1.0	0.98	1.0	1.0	1.0	0.96	0.98	0.96	1.0	1.0	0.94	0.98
12750	1.0	1.0	1.0	0.98	1.0	0.98	1.0	1.0	1.0	0.96	0.98	0.96	0.98	1.0	0.96	0.98
12800	1.0	1.0	1.0	0.98	1.0	0.98	1.0	1.0	1.0	0.98	0.96	0.96	0.98	1.0	0.98	0.98
12850	1.0	1.0	1.0	0.98	1.0	0.98	1.0	1.0	1.0	0.98	0.96	0.96	0.98	1.0	0.98	0.98
12900	1.0	1.0	1.0	0.98	1.0	0.98	1.0	1.0	1.0	1.0	0.96	0.96	0.98	1.0	0.96	0.98
12950	1.0	1.0	1.0	0.98	1.0	0.98	1.0	1.0	1.0	1.0	0.96	0.94	0.98	1.0	0.96	0.98
13000	0.98	1.0	1.0	1.0	1.0	0.98	1.0	1.0	1.0	1.0	0.96	0.94	0.96	1.0	0.96	0.98
13050	0.98	0.98	1.0	1.0	1.0	0.98	0.98	1.0	1.0	1.0	0.96	0.94	0.96	1.0	0.96	0.98
13100	0.98	0.98	1.0	1.0	1.0	1.0	0.96	1.0	1.0	1.0	0.96	0.94	0.96	1.0	0.96	1.0
13150	0.98	0.98	1.0	1.0	1.0	1.0	0.96	1.0	1.0	1.0	0.98	0.94	0.96	1.0	0.98	1.0
13200	0.96	0.98	1.0	1.0	1.0	1.0	0.96	1.0	1.0	1.0	0.98	0.94	0.96	1.0	0.98	1.0
13250	0.96	0.98	1.0	1.0	1.0	1.0	0.96	1.0	1.0	1.0	0.98	0.96	0.96	1.0	0.98	1.0
13300	0.96	0.98	1.0	1.0	1.0	1.0	0.96	1.0	1.0	1.0	0.98	0.96	0.96	1.0	0.98	1.0
13350	0.94	0.98	1.0	1.0	1.0	1.0	0.96	1.0	1.0	1.0	0.98	0.96	0.96	1.0	0.98	1.0
13400	0.94	0.98	1.0	1.0	1.0	1.0	0.96	1.0	1.0	1.0	0.98	0.96	0.96	1.0	0.98	1.0
13450	0.94	0.98	1.0	1.0	1.0	1.0	0.96	1.0	1.0	1.0	0.98	0.96	0.96	1.0	0.98	1.0
13500	0.94	0.98	1.0	1.0	1.0	1.0	0.96	1.0	1.0	1.0	1.0	0.98	0.96	1.0	0.98	1.0
13550	0.94	0.98	1.0	1.0	1.0	1.0	0.96	1.0	1.0	1.0	1.0	0.98	0.94	1.0	0.98	1.0
13600	0.94	0.98	1.0	1.0	1.0	1.0	0.96	1.0	1.0	1.0	1.0	0.98	0.94	1.0	0.98	1.0
13650	0.94	0.98	1.0	1.0	1.0	1.0	0.96	1.0	1.0	1.0	1.0	0.98	0.94	1.0	0.98	1.0
13700	0.92	1.0	1.0	1.0	1.0	1.0	0.96	1.0	1.0	1.0	1.0	0.98	0.94	1.0	1.0	1.0
13750	0.92	1.0	1.0	1.0	1.0	1.0	0.96	1.0	1.0	1.0	1.0	1.0	0.96	1.0	1.0	1.0
13800	0.92	1.0	1.0	1.0	1.0	1.0	0.92	1.0	1.0	1.0	1.0	1.0	0.96	1.0	1.0	1.0
13850	0.94	1.0	1.0	1.0	1.0	1.0	0.92	1.0	1.0	1.0	1.0	1.0	0.96	1.0	1.0	1.0
13900	0.94	1.0	1.0	1.0	1.0	1.0	0.94	1.0	1.0	1.0	1.0	1.0	0.96	1.0	1.0	1.0
13950	0.94	1.0	1.0	1.0	1.0	1.0	0.94	1.0	1.0	1.0	1.0	1.0	0.98	1.0	1.0	1.0
14000	0.96	1.0	1.0	1.0	1.0	1.0	0.96	1.0	1.0	1.0	1.0	1.0	0.98	1.0	1.0	1.0
14050	0.96	1.0	1.0	1.0	1.0	1.0	0.96	1.0	0.98	1.0	1.0	1.0	0.98	1.0	1.0	1.0
14100	0.96	1.0	1.0	1.0	1.0	0.98	0.96	1.0	0.96	1.0	1.0	1.0	0.98	1.0	1.0	1.0
14150	0.98	1.0	1.0	1.0	1.0	0.98	0.96	1.0	0.96	1.0	1.0	1.0	0.98	1.0	1.0	1.0
14200	0.98	1.0	1.0	0.98	1.0	0.98	0.96	1.0	0.94	1.0	1.0	1.0	0.98	1.0	1.0	1.0
14250	0.98	1.0	1.0	0.98	1.0	0.98	0.96	1.0	0.94	1.0	1.0	1.0	0.98	1.0	1.0	1.0
14300	0.98	0.98	1.0	0.98	0.98	0.98	0.96	1.0	0.94	1.0	1.0	1.0	0.98	1.0	1.0	1.0
14350	0.98	0.98	1.0	0.98	0.98	0.98	0.96	1.0	0.94	1.0	1.0	1.0	0.98	1.0	1.0	1.0
14400	1.0	0.98	1.0	0.98	0.98	0.98	0.96	1.0	0.94	1.0	1.0	1.0	0.98	1.0	0.98	1.0
14450	1.0	0.98	1.0	0.98	0.98	0.98	0.96	1.0	0.94	1.0	0.98	1.0	0.98	1.0	0.98	1.0
14500	1.0	0.96	1.0	0.98	0.98	0.98	0.96	1.0	0.94	1.0	0.98	1.0	1.0	1.0	0.98	1.0
14550	1.0	0.96	1.0	0.98	0.96	0.98	0.96	1.0	0.94	1.0	0.96	1.0	1.0	1.0	0.98	1.0
14600	1.0	0.96	1.0	0.98	0.96	0.96	0.96	1.0	0.94	1.0	0.96	1.0	1.0	1.0	0.98	1.0
14650	1.0	0.96	1.0	0.98	0.94	0.96	0.96	1.0	0.96	1.0	0.96	1.0	1.0	1.0	0.98	0.98
14700	1.0	0.96	1.0	0.98	0.94	0.98	0.98	1.0	0.96	1.0	0.96	1.0	1.0	1.0	0.98	0.98
14750	1.0	0.96	1.0	0.98	0.94	0.98	1.0	1.0	0.98	1.0	0.96	1.0	1.0	1.0	0.98	0.98
14800	1.0	0.96	1.0	0.98	0.94	0.98	1.0	1.0	0.98	1.0	0.94	0.98	1.0	1.0	0.98	0.98
14850	1.0	0.96	1.0	0.98	0.94	0.96	1.0	1.0	0.98	1.0	0.94	0.98	1.0	1.0	0.98	0.98
14900	1.0	0.96	1.0	0.98	0.94	0.96	1.0	1.0	0.98	1.0	0.94	0.98	1.0	1.0	0.96	0.96
14950	1.0	0.96	1.0	0.98	0.94	0.96	1.0	1.0	0.98	1.0	0.94	0.98	1.0	1.0	0.96	0.96
15000	1.0	0.98	1.0	0.98	0.94	0.94	1.0	1.0	0.98	1.0	0.94	0.98	1.0	1.0	0.96	0.94
15050	1.0	0.98	1.0	0.98	0.94	0.94	1.0	1.0	0.98	0.96	0.94	0.98	1.0	1.0	0.94	0.94
15100	1.0	0.98	1.0	1.0	0.96	0.94	1.0	1.0	0.98	0.96	0.94	0.98	1.0	1.0	0.94	0.94
15150	1.0	0.98	1.0	1.0	0.96	0.94	1.0	1.0	0.98	0.96	0.94	0.98	1.0	1.0	0.96	0.94
15200	1.0	0.98	1.0	1.0	0.96	0.94	1.0	1.0	0.98	0.96	0.94	0.98	0.98	1.0	0.96	0.94
15250	1.0	0.98	1.0	1.0	0.96	0.96	1.0	1.0	0.98	0.96	0.96	0.98	0.98	1.0	0.96	0.94
15300	1.0	0.98	1.0	1.0	0.96	0.96	1.0	1.0	0.98	0.96	0.98	0.98	0.98	1.0	0.96	0.94
15350	1.0	1.0	1.0	1.0	0.96	0.96	1.0	1.0	0.96	0.96	0.98	0.98	0.98	1.0	0.94	0.92
15400	1.0	1.0	1.0	1.0	0.98	0.96	1.0	1.0	0.96	0.96	0.98	0.98	0.98	1.0	0.94	0.92
15450	1.0	0.98	1.0	1.0	0.98	0.96	1.0	1.0	0.96	0.96	0.96	0.98	0.98	1.0	0.94	0.92
15500	1.0	0.98	1.0	1.0	0.98	0.96	1.0	1.0	0.94	0.96	0.98	0.98	0.98	1.0	0.94	0.94
15550	1.0	0.98	1.0	1.0	1.0	0.96	1.0	1.0	0.94	0.96	0.98	0.98	0.98	1.0	0.94	0.94
15600	1.0	0.98	1.0	1.0	1.0	0.96	1.0	1.0	0.94	0.96	0.98	1.0	0.98	1.0	0.94	0.94
15650	1.0	0.98	1.0	1.0	1.0	0.98	1.0	1.0	0.96	0.96	0.98	1.0	0.98	1.0	0.92	0.94
15700	1.0	0.98	1.0	1.0	1.0	0.98	1.0	1.0	0.96	0.96	0.98	1.0	0.98	1.0	0.92	0.94
15750	1.0	0.98	1.0	1.0	1.0	1.0	1.0	1.0	0.96	0.96	0.98	1.0	0.98	1.0	0.94	0.96
15800	1.0	0.98	1.0	1.0	1.0	1.0	1.0	1.0	0.96	0.98	0.98	1.0	0.98	1.0	0.94	0.96
15850	1.0	0.98	1.0	1.0	1.0	1.0	1.0	1.0	0.96	1.0	0.98	1.0	0.96	1.0	0.94	0.94
15900	1.0	0.98	1.0	1.0	1.0	1.0	1.0	1.0	0.94	1.0	0.98	1.0	0.96	1.0	0.94	0.94
15950	1.0	0.98	1.0	1.0	1.0	1.0	1.0	1.0	0.94	1.0	0.98	1.0	0.96	1.0	0.94	0.96
16000	1.0	0.98	1.0	1.0	1.0	1.0	1.0	1.0	0.94	1.0	0.98	1.0	0.96	1.0	0.96	0.98
16050	1.0	0.98	1.0	1.0	1.0	1.0	1.0	1.0	0.94	1.0	1.0	1.0	0.96	1.0	0.96	0.98
16100	1.0	1.0	1.0	1.0	1.0	1.0	0.98	1.0	0.96	1.0	1.0	1.0	0.98	0.98	0.96	0.98
16150	0.98	1.0	1.0	1.0	1.0	1.0	0.98	1.0	0.96	1.0	1.0	0.98	0.96	0.98	0.96	0.98
16200	0.98	1.0	1.0	1.0	1.0	1.0	0.98	1.0	0.94	1.0	1.0	0.98	0.96	0.98	0.96	0.98
16250	0.98	1.0	1.0	1.0	1.0	1.0	0.98	1.0	0.94	1.0	1.0	0.98	0.96	0.98	0.98	0.98
16300	0.98	1.0	1.0	1.0	1.0	1.0	0.98	1.0	0.94	1.0	1.0	0.98	0.96	0.98	0.98	0.98
16350	0.98	1.0	1.0	1.0	1.0	1.0	0.98	1.0	0.96	1.0	1.0	0.98	0.96	0.98	0.98	0.98
16400	0.98	1.0	1.0	1.0	1.0	1.0	0.98	1.0	0.94	1.0	1.0	0.98	0.96	0.98	0.98	0.98
16450	0.98	1.0	1.0	1.0	1.0	1.0	0.98	1.0	0.94	0.98	1.0	0.98	0.96	0.98	0.98	0.98
16500	0.98	1.0	1.0	1.0	1.0	1.0	0.98	1.0	0.92	0.96	1.0	0.98	0.96	0.98	0.98	0.98
16550	0.98	1.0	1.0	1.0	1.0	1.0	0.98	1.0	0.92	0.96	1.0	0.98	0.96	0.98	1.0	0.96
16600	0.98	1.0	1.0	1.0	1.0	1.0	0.98	1.0	0.94	0.96	0.98	0.98	0.96	0.98	1.0	0.96
16650	0.98	1.0	0.98	1.0	1.0	1.0	0.98	1.0	0.94	0.96	0.98	0.98	0.98	0.98	0.98	0.98
16700	0.98	1.0	0.98	1.0	1.0	1.0	0.98	1.0	0.94	0.96	0.98	0.98	0.98	0.98	0.98	0.98
16750	0.98	1.0	0.98	1.0	1.0	1.0	0.98	1.0	0.94	0.96	0.98	0.98	0.98	0.98	0.98	0.98
16800	0.98	1.0	0.98	1.0	1.0	1.0	0.98	1.0	0.94	0.96	0.98	0.98	0.98	1.0	0.98	0.98
16850	0.98	1.0	0.98	1.0	1.0	1.0	0.98	1.0	0.96	0.96	0.98	0.98	0.98	1.0	0.98	0.98
16900	0.98	1.0	0.98	1.0	1.0	1.0	1.0	1.0	0.96	0.96	0.98	0.98	0.98	1.0	0.98	0.98
16950	1.0	1.0	0.98	1.0	1.0	1.0	1.0	1.0	0.96	0.94	0.98	0.98	1.0	1.0	0.98	0.96
17000	1.0	1.0	0.98	1.0	1.0	1.0	1.0	1.0	0.96	0.94	0.98	0.98	1.0	1.0	0.98	0.96
17050	0.98	1.0	0.98	1.0	1.0	1.0	1.0	1.0	0.98	0.94	0.98	0.98	0.98	1.0	0.98	0.96
17100	0.98	1.0	0.98	1.0	1.0	1.0	1.0	1.0	0.98	0.94	0.98	0.98	0.98	1.0	0.98	0.96
17150	0.98	1.0	0.98	1.0	1.0	1.0	1.0	1.0	1.0	0.94	0.98	0.98	0.96	1.0	0.96	0.96
17200	0.98	1.0	0.98	1.0	1.0	1.0	0.98	1.0	1.0	0.94	0.98	1.0	0.96	1.0	0.96	0.96
17250	0.98	1.0	0.98	1.0	1.0	1.0	0.98	1.0	1.0	0.96	0.98	1.0	0.96	1.0	0.96	0.96
17300	0.98	1.0	0.98	1.0	1.0	1.0	0.98	1.0	1.0	0.96	0.98	1.0	0.96	1.0	0.96	0.96
17350	0.98	1.0	0.98	1.0	1.0	1.0	0.98	1.0	1.0	0.98	0.98	1.0	0.94	1.0	0.96	0.96
17400	0.98	1.0	0.98	1.0	1.0	1.0	0.98	1.0	1.0	0.96	0.98	1.0	0.94	1.0	0.96	0.96
17450	0.98	1.0	0.98	1.0	1.0	1.0	0.98	1.0	1.0	0.96	0.98	1.0	0.94	1.0	0.96	0.96
17500	0.98	1.0	0.98	1.0	1.0	1.0	0.98	1.0	1.0	0.96	1.0	1.0	0.94	1.0	0.96	0.96
17550	0.98	1.0	1.0	1.0	1.0	1.0	0.96	1.0	1.0	0.96	1.0	1.0	0.94	1.0	0.94	0.96
17600	0.98	1.0	1.0	1.0	1.0	1.0	0.96	1.0	1.0	0.96	1.0	1.0	0.94	1.0	0.94	0.96
17650	0.98	1.0	1.0	1.0	1.0	1.0	0.96	1.0	1.0	0.94	1.0	1.0	0.94	1.0	0.94	0.96
17700	0.98	1.0	1.0	1.0	1.0	1.0	0.96	1.0	1.0	0.96	1.0	1.0	0.94	1.0	0.94	0.96
17750	0.98	1.0	1.0	1.0	1.0	1.0	0.96	1.0	1.0	0.94	1.0	1.0	0.94	1.0	0.94	0.96
17800	0.98	1.0	1.0	1.0	0.98	1.0	0.96	1.0	1.0	0.94	1.0	1.0	0.94	1.0	0.92	0.96
17850	1.0	1.0	1.0	1.0	0.98	1.0	0.96	1.0	1.0	0.94	1.0	1.0	0.94	0.98	0.92	0.96
17900	1.0	1.0	0.98	1.0	0.96	1.0	0.96	1.0	0.98	0.92	1.0	1.0	0.94	0.98	0.92	0.96
17950	1.0	1.0	0.98	1.0	0.96	1.0	0.96	1.0	0.98	0.92	1.0	1.0	0.92	0.98	0.92	0.98
18000	1.0	1.0	0.98	1.0	0.96	1.0	0.96	1.0	0.98	0.92	1.0	1.0	0.92	0.98	0.94	0.98
18050	1.0	1.0	0.98	1.0	0.96	0.98	0.98	1.0	0.98	0.92	1.0	1.0	0.92	0.98	0.94	0.98
18100	1.0	1.0	0.96	1.0	0.94	0.98	0.98	1.0	0.98	0.92	1.0	1.0	0.92	0.98	0.94	0.98
18150	1.0	1.0	0.96	1.0	0.94	0.98	0.98	1.0	0.98	0.92	1.0	1.0	0.92	0.98	0.94	0.98
18200	1.0	1.0	0.96	1.0	0.92	0.98	0.98	1.0	0.98	0.92	1.0	1.0	0.94	0.98	0.92	0.98
18250	1.0	1.0	0.96	1.0	0.92	0.98	0.98	1.0	0.98	0.92	1.0	1.0	0.92	0.98	0.92	0.98
18300	0.98	1.0	0.96	1.0	0.92	0.98	0.98	1.0	0.98	0.94	1.0	1.0	0.92	0.98	0.94	0.98
18350	0.98	1.0	0.96	1.0	0.92	0.98	0.98	1.0	0.98	0.94	0.98	1.0	0.94	0.98	0.94	1.0
18400	0.98	1.0	0.96	1.0	0.9	0.98	0.98	1.0	0.98	0.94	0.98	1.0	0.94	0.98	0.96	1.0
18450	0.98	1.0	0.96	1.0	0.92	0.96	1.0	1.0	0.98	0.96	0.98	1.0	0.94	0.98	0.96	1.0
18500	0.98	1.0	0.96	1.0	0.92	0.96	1.0	1.0	0.98	0.96	0.98	1.0	0.94	0.98	0.96	1.0
18550	0.98	1.0	0.96	1.0	0.92	0.96	1.0	1.0	0.98	0.96	0.98	1.0	0.94	1.0	0.96	1.0
18600	0.98	1.0	0.98	1.0	0.94	0.96	1.0	1.0	0.98	0.98	0.98	1.0	0.94	1.0	0.96	1.0
18650	0.98	1.0	0.98	1.0	0.94	0.96	1.0	1.0	1.0	0.98	0.98	1.0	0.94	1.0	0.96	0.98
18700	0.98	1.0	0.98	1.0	0.94	0.96	1.0	1.0	1.0	0.98	0.98	1.0	0.94	1.0	0.96	0.98
18750	0.98	1.0	0.98	1.0	0.94	0.96	1.0	1.0	1.0	1.0	0.98	1.0	0.94	1.0	0.96	0.98
18800	0.98	1.0	0.98	1.0	0.94	0.96	1.0	1.0	1.0	1.0	0.98	1.0	0.94	1.0	0.96	0.98
18850	0.98	1.0	1.0	1.0	0.94	0.96	1.0	1.0	1.0	1.0	0.98	1.0	0.96	1.0	0.98	0.98
18900	0.98	1.0	1.0	1.0	0.94	0.98	1.0	1.0	1.0	1.0	0.98	1.0	0.96	1.0	0.98	0.98
18950	0.98	1.0	1.0	1.0	0.96	0.98	1.0	1.0	1.0	1.0	0.98	1.0	0.98	1.0	0.98	0.98
19000	0.96	1.0	1.0	1.0	0.96	0.98	1.0	1.0	0.98	1.0	0.98	1.0	0.98	1.0	0.98	0.98
19050	0.96	1.0	1.0	1.0	0.96	0.98	1.0	1.0	0.98	1.0	0.98	1.0	0.98	1.0	0.98	0.98
19100	0.96	1.0	1.0	1.0	0.94	0.98	1.0	1.0	0.98	1.0	1.0	1.0	0.98	1.0	0.98	0.98
19150	0.96	1.0	1.0	1.0	0.96	0.98	1.0	1.0	0.98	1.0	1.0	1.0	1.0	1.0	0.98	0.98
19200	0.98	1.0	1.0	1.0	0.96	0.98	1.0	1.0	0.98	1.0	1.0	1.0	1.0	1.0	0.98	0.96
19250	0.98	1.0	1.0	1.0	0.96	0.98	1.0	1.0	0.98	1.0	1.0	1.0	1.0	1.0	1.0	0.96
19300	0.98	1.0	1.0	1.0	0.96	0.98	1.0	1.0	0.98	0.98	0.96	1.0	0.98	1.0	1.0	0.96
19350	0.98	1.0	1.0	1.0	0.98	0.98	1.0	0.98	0.98	0.98	0.96	1.0	0.98	1.0	1.0	0.96
19400	0.98	1.0	1.0	1.0	0.96	0.98	1.0	0.98	0.98	0.98	0.96	1.0	0.98	1.0	1.0	0.96
19450	0.98	1.0	1.0	1.0	0.96	1.0	1.0	0.98	0.98	0.98	0.96	1.0	0.98	1.0	1.0	0.98
19500	0.96	1.0	1.0	1.0	0.96	1.0	1.0	0.98	0.98	0.98	0.96	1.0	0.98	1.0	1.0	0.98
19550	0.96	1.0	1.0	1.0	0.96	1.0	1.0	0.98	0.96	0.98	0.96	1.0	0.96	1.0	1.0	0.98
19600	0.96	1.0	1.0	1.0	0.96	1.0	1.0	0.98	0.96	0.98	0.96	1.0	0.96	1.0	1.0	0.98
19650	0.96	1.0	1.0	1.0	0.96	1.0	1.0	0.98	0.96	0.98	0.96	1.0	0.96	1.0	1.0	0.98
19700	0.96	1.0	1.0	1.0	0.96	1.0	1.0	0.98	0.98	0.98	0.94	0.98	0.96	0.98	1.0	0.98
19750	0.96	1.0	1.0	1.0	0.96	1.0	1.0	0.98	0.98	0.98	0.94	0.98	0.96	0.98	1.0	0.96
19800	0.98	1.0	1.0	1.0	0.96	1.0	0.98	0.98	0.98	0.96	0.94	0.98	0.94	0.98	1.0	0.96
19850	0.98	1.0	1.0	1.0	0.96	1.0	0.98	0.98	0.98	0.96	0.94	0.98	0.94	0.96	1.0	0.96
19900	0.98	1.0	1.0	1.0	0.98	1.0	0.98	0.98	0.98	0.96	0.94	0.98	0.94	0.96	1.0	0.96
19950	0.98	1.0	1.0	1.0	0.98	1.0	0.98	0.98	0.98	0.96	0.94	0.98	0.94	0.96	0.98	0.98
20000	0.98	1.0	1.0	1.0	0.98	1.0	0.98	0.98	0.98	0.96	0.94	0.98	0.92	0.96	0.98	0.98
