0	0	0	0	0	0	0	0	0	0	0	0	0	0	0	0	0	0
50	7	2	1	2	3	3	1	1	2	1	0	2	1	2	2	2	7
100	9	4	4	3	5	5	3	4	3	1	1	2	1	3	5	4	14
150	9	5	4	4	6	6	3	4	4	3	4	4	4	3	7	5	19
200	11	5	4	6	6	6	3	7	5	5	5	5	5	4	7	6	25
250	15	6	5	7	7	7	6	7	7	5	7	5	5	4	7	7	35
300	17	6	5	7	7	8	6	7	7	7	8	6	5	4	8	7	37
350	20	7	5	8	7	8	7	8	8	8	10	6	5	6	8	7	41
400	18	7	5	8	7	8	8	8	8	8	10	6	6	6	8	7	39
450	17	9	5	8	7	8	8	8	8	8	11	6	6	8	8	7	39
500	17	9	5	8	8	8	9	8	8	8	11	6	7	8	8	8	42
550	17	9	5	9	8	8	9	8	8	8	11	7	8	8	8	8	42
600	17	10	5	9	9	8	12	9	8	9	11	7	8	9	8	8	41
650	17	10	5	9	9	9	12	9	9	10	12	7	8	10	8	8	46
700	17	11	6	9	9	9	12	9	9	10	12	7	8	10	8	8	45
750	20	11	6	9	10	9	12	9	9	10	12	8	8	10	8	8	49
800	22	12	7	9	10	9	12	9	9	10	12	9	9	10	8	9	51
850	23	12	8	9	10	9	12	9	10	10	12	9	9	10	8	10	53
900	23	12	8	9	10	9	12	10	10	10	12	9	9	10	8	11	56
950	23	12	8	9	11	9	12	10	10	10	12	9	9	10	8	12	56
1000	20	12	8	10	11	9	12	10	10	10	12	9	9	11	8	13	57
1050	20	12	8	11	11	9	12	10	10	10	12	9	9	11	8	13	58
1100	20	12	8	11	11	9	13	10	10	10	13	10	10	11	8	13	58
1150	22	14	9	11	11	9	13	10	10	10	13	10	10	11	8	13	61
1200	22	14	9	11	12	10	13	10	10	10	13	10	10	11	8	13	62
1250	22	14	9	11	12	10	13	10	10	10	13	10	10	11	8	13	61
1300	23	14	9	11	12	10	13	10	10	10	13	10	10	12	8	13	63
1350	24	14	9	11	12	11	15	10	10	10	13	10	10	12	8	13	66
1400	24	14	9	11	12	11	15	10	10	10	13	10	10	12	8	13	66
1450	25	14	9	11	12	11	16	11	10	10	13	10	10	12	8	13	68
1500	26	14	9	11	13	11	16	11	10	10	13	10	10	12	8	14	72
1550	27	14	9	11	13	11	16	11	10	10	13	10	10	12	8	14	75
1600	28	14	9	11	13	11	16	11	10	10	13	10	10	12	8	14	76
1650	30	14	9	11	14	11	16	11	10	10	13	10	10	12	8	14	79
1700	30	14	9	11	14	12	16	11	10	10	13	10	10	12	8	14	79
1750	31	14	9	11	14	12	16	11	10	10	13	10	10	12	8	14	78
1800	31	15	9	11	14	12	16	11	10	10	13	11	10	12	8	14	81
1850	30	15	9	11	14	12	16	11	10	10	13	11	10	12	8	14	82
1900	30	15	9	11	14	12	16	11	10	10	13	11	10	12	9	14	81
1950	30	15	9	11	14	12	16	11	10	10	13	11	10	12	9	14	81
2000	29	15	9	11	14	12	16	11	10	10	13	11	10	12	9	14	80
2050	28	15	9	11	14	12	16	11	10	10	13	11	10	12	9	14	80
2100	28	15	9	11	14	12	16	11	10	10	13	11	10	12	9	14	80
2150	28	15	9	11	14	12	16	11	10	11	13	11	10	12	10	14	81
2200	26	15	9	11	14	12	16	11	10	11	13	11	10	12	10	14	80
2250	26	15	9	11	14	12	16	11	10	11	13	11	10	12	11	14	82
2300	26	15	9	11	14	12	16	11	10	11	13	11	10	12	11	14	81
2350	26	15	9	11	13	12	16	11	10	11	13	11	10	12	11	14	80
2400	26	15	10	11	13	12	16	11	10	12	13	11	10	12	11	14	81
2450	28	15	10	11	13	12	16	11	10	12	13	11	10	12	11	14	84
2500	29	15	10	11	13	12	16	11	10	12	13	11	10	12	11	14	84
2550	29	15	11	11	13	12	16	11	10	12	13	11	10	12	11	14	86
2600	29	15	12	11	13	12	16	11	10	12	13	11	10	12	11	14	87
2650	29	15	11	11	13	12	16	11	10	12	13	11	10	12	11	14	88
2700	29	15	11	11	13	12	16	11	10	13	13	11	10	12	11	14	88
2750	30	15	11	11	13	12	16	11	10	13	13	11	10	12	11	14	89
2800	31	15	11	11	13	12	16	11	10	14	13	11	10	12	11	14	89
2850	28	15	11	11	13	12	16	11	10	15	13	11	10	12	11	14	88
2900	27	15	11	11	13	12	16	11	10	15	13	11	10	12	11	14	87
2950	26	15	12	11	13	13	16	11	10	16	13	11	10	12	11	14	90
3000	26	15	12	11	13	13	16	11	10	16	13	11	10	12	11	14	90
3050	26	15	12	11	13	13	16	11	10	16	13	11	10	12	11	14	90
3100	26	15	12	11	13	13	16	11	10	16	13	11	10	12	11	14	90
3150	26	15	13	11	13	13	16	11	10	16	13	11	10	12	11	14	91
3200	26	15	13	11	13	13	16	11	10	16	13	11	10	12	11	14	91
3250	26	15	14	11	13	13	16	11	10	16	13	11	10	12	11	14	91
3300	26	15	14	11	13	13	16	11	10	16	13	11	10	12	11	14	91
3350	24	15	14	11	13	13	16	11	10	16	13	11	11	12	11	14	90
3400	24	15	14	11	13	13	16	11	10	16	13	11	11	12	11	14	90
3450	22	15	14	11	13	13	16	11	10	16	13	11	11	12	11	14	90
3500	22	15	15	11	13	13	16	11	10	16	13	11	11	12	11	14	91
3550	20	15	15	11	13	13	15	11	10	16	13	11	11	12	11	14	88
3600	20	15	15	11	13	13	15	11	10	16	13	11	12	12	11	14	89
3650	20	16	15	11	13	13	15	11	10	16	13	11	12	12	11	14	91
3700	20	16	17	11	13	13	15	11	11	16	13	11	12	12	11	14	92
3750	20	16	17	11	13	13	15	11	11	16	13	11	12	12	11	14	91
3800	20	15	18	11	13	14	15	11	11	16	13	11	13	12	11	14	90
3850	20	15	18	11	13	14	15	11	11	16	13	11	13	12	11	14	89
3900	20	14	18	11	13	14	15	11	11	16	13	11	13	12	11	14	89
3950	20	14	18	11	13	14	15	11	11	16	13	11	13	12	11	14	89
4000	20	14	18	11	13	14	15	11	11	16	13	11	13	12	11	14	88
4050	22	14	19	11	13	14	15	11	11	16	13	11	14	12	11	14	91
4100	25	14	18	11	13	14	15	11	11	16	13	11	14	12	11	14	95
4150	25	14	18	11	13	14	15	11	11	16	13	11	14	12	11	14	95
4200	26	14	18	11	13	14	15	11	12	16	13	11	14	12	11	14	97
4250	26	14	18	11	13	14	15	11	12	16	13	11	14	12	11	14	97
4300	26	15	18	11	13	14	15	11	12	16	13	11	14	12	11	14	97
4350	25	15	19	11	13	14	15	11	12	16	13	11	14	12	11	14	96
4400	25	16	19	11	13	14	15	11	12	16	13	11	14	14	11	14	97
4450	25	17	19	11	13	14	15	11	12	16	13	11	14	14	11	14	97
4500	28	17	19	11	13	14	15	11	12	16	13	11	14	14	11	14	100
4550	27	17	19	11	14	14	15	11	13	16	13	11	14	14	11	14	101
4600	24	17	19	11	14	14	15	11	13	16	13	11	14	14	11	14	99
4650	22	17	19	11	14	15	15	11	13	16	13	11	14	14	11	14	99
4700	22	17	19	11	14	14	15	11	14	16	13	11	14	14	11	14	101
4750	22	17	19	11	14	15	15	11	15	16	13	11	14	14	11	14	102
4800	22	17	20	12	15	15	15	11	16	16	13	11	14	14	11	14	104
4850	20	17	20	12	16	14	15	11	16	16	13	11	14	14	11	14	103
4900	20	18	20	12	17	14	15	11	16	16	13	11	14	14	11	14	104
4950	20	18	20	12	17	14	15	11	16	16	13	11	14	14	11	14	104
5000	19	19	21	12	17	14	15	11	16	16	13	11	14	14	11	14	106
5050	18	19	21	12	17	14	15	11	16	16	13	11	14	15	11	14	106
5100	18	20	21	12	18	14	15	11	16	16	13	11	14	16	11	14	107
5150	17	21	21	12	18	15	15	11	16	16	13	11	14	17	11	14	108
5200	17	20	21	12	18	15	15	11	16	16	13	11	14	17	11	14	107
5250	17	20	21	12	18	14	15	11	16	16	13	11	14	17	11	14	107
5300	17	20	21	12	18	14	15	11	16	16	13	11	14	17	11	14	109
5350	17	22	21	12	19	15	15	11	16	17	13	11	14	17	11	14	112
5400	17	22	21	13	19	16	15	11	17	17	13	11	14	17	11	14	115
5450	18	22	21	14	20	16	15	11	18	17	13	11	14	17	11	14	118
5500	19	22	21	14	20	16	15	11	18	17	13	11	14	17	11	14	119
5550	19	21	21	14	20	16	15	11	19	17	13	11	14	17	11	14	119
5600	19	22	21	14	20	17	15	11	19	18	13	11	14	17	11	14	121
5650	20	22	21	14	20	18	15	11	19	18	13	11	14	18	11	14	122
5700	24	22	21	14	20	18	15	11	19	18	13	11	14	19	11	14	127
5750	24	22	21	14	20	18	15	11	19	18	13	11	14	19	11	14	126
5800	23	22	21	14	20	18	15	11	19	18	13	11	14	19	11	14	126
5850	20	22	21	14	20	18	15	11	19	18	13	11	14	19	11	14	125
5900	19	22	21	14	20	18	15	11	19	18	13	11	14	19	11	14	124
5950	19	22	21	14	20	18	15	11	19	18	13	11	14	20	11	14	124
6000	19	22	21	14	20	18	15	11	19	18	13	11	14	20	11	14	124
6050	21	22	21	14	20	18	16	11	19	18	13	11	14	20	11	14	126
6100	22	22	21	14	21	18	16	11	19	18	13	11	14	21	11	14	129
6150	19	23	21	14	21	18	16	11	20	18	13	11	14	22	11	14	130
6200	18	23	21	14	21	19	16	11	20	18	13	11	15	22	11	13	130
6250	18	23	21	14	21	19	16	11	21	19	13	11	15	23	11	13	133
6300	17	23	21	14	21	19	17	11	21	19	13	11	15	23	11	13	133
6350	17	23	21	14	21	19	17	11	21	19	13	11	15	22	11	13	132
6400	16	24	21	14	21	20	17	11	21	19	13	11	15	22	11	13	135
6450	16	24	21	14	21	20	17	11	21	20	13	11	15	22	11	13	135
6500	16	24	21	15	21	21	17	11	22	21	13	11	15	22	11	13	136
6550	16	24	21	15	22	21	17	11	22	21	13	11	15	23	11	13	137
6600	18	24	21	15	22	21	17	11	22	21	13	11	15	22	11	13	138
6650	19	24	21	16	22	21	17	11	22	23	13	11	15	22	11	13	142
6700	20	23	21	16	22	21	17	11	22	23	13	11	15	23	11	13	143
6750	22	23	21	16	22	21	17	11	22	23	13	11	15	23	12	13	145
6800	21	23	21	16	22	21	17	11	22	23	13	11	15	23	12	13	145
6850	23	24	21	16	22	21	17	11	22	23	13	11	16	23	12	13	147
6900	23	25	21	16	22	21	17	11	22	23	13	11	16	24	12	13	148
6950	22	25	21	16	22	20	17	11	22	23	13	11	16	23	12	13	146
7000	22	25	21	17	22	20	17	11	21	24	13	11	16	22	12	13	147
7050	23	25	21	17	22	20	17	11	21	24	13	11	17	22	12	13	149
7100	21	25	21	17	22	20	17	11	21	23	13	11	17	22	12	13	147
7150	21	25	21	17	23	20	17	11	21	23	13	11	17	23	12	13	148
7200	20	24	21	17	23	20	17	11	21	23	13	11	17	23	12	13	146
7250	20	24	21	17	24	20	17	11	21	23	13	11	17	23	12	13	148
7300	20	24	21	17	25	20	17	11	21	23	13	11	17	23	12	13	148
7350	18	24	21	17	26	21	17	11	21	23	13	11	17	23	12	13	149
7400	17	25	21	18	27	21	17	11	21	24	13	11	17	23	12	13	152
7450	17	25	21	18	27	20	17	11	21	25	13	11	17	22	12	13	153
7500	17	26	21	18	27	20	17	11	21	25	13	11	17	22	12	13	154
7550	17	26	21	18	27	20	17	11	21	25	13	11	17	23	12	13	157
7600	17	26	21	18	27	20	17	11	21	25	13	11	18	24	13	13	160
7650	18	26	21	18	27	20	17	11	21	25	13	11	18	24	12	13	159
7700	19	27	21	18	27	20	17	11	21	25	13	11	18	24	12	13	159
7750	21	27	21	18	29	20	17	11	21	26	13	11	20	24	12	13	164
7800	22	27	21	18	29	20	17	11	21	26	13	11	20	24	12	13	165
7850	22	28	21	18	29	20	16	11	21	26	13	11	20	24	13	13	165
7900	21	28	21	19	28	19	16	11	21	26	13	11	20	24	13	13	163
7950	21	28	21	19	27	18	16	11	21	27	13	11	20	24	13	13	163
8000	20	28	20	19	28	18	16	11	21	27	13	11	20	24	14	13	164
8050	19	27	20	19	28	18	16	11	21	27	13	11	20	24	14	13	163
8100	18	27	20	19	27	18	16	11	21	27	13	11	20	24	15	13	164
8150	18	27	20	19	26	18	16	11	21	27	13	11	20	24	15	13	164
8200	18	27	20	19	26	18	16	11	21	27	13	11	22	24	16	13	167
8250	18	27	20	19	26	18	16	11	21	27	13	11	23	24	16	13	168
8300	18	27	20	19	28	18	16	11	21	27	13	11	23	24	16	13	168
8350	17	27	20	19	27	18	16	11	21	27	13	11	23	24	16	13	166
8400	16	27	20	19	27	18	16	11	21	27	13	11	23	24	16	13	165
8450	16	27	20	19	27	18	16	11	21	27	13	11	23	24	16	13	165
8500	15	27	20	19	27	18	16	11	21	27	13	11	23	24	16	13	164
8550	15	27	20	19	28	18	16	11	21	27	13	11	23	24	16	13	165
8600	15	27	20	19	29	18	16	11	21	27	13	11	23	24	17	13	167
8650	14	27	20	19	29	17	16	11	21	27	13	11	23	24	17	13	166
8700	14	27	20	19	28	17	16	11	21	27	13	11	23	24	17	13	164
8750	14	27	20	19	28	16	16	11	21	27	13	11	23	24	17	13	162
8800	14	27	20	19	28	16	16	11	21	27	13	11	23	24	17	13	162
8850	14	27	20	19	29	16	16	11	21	27	13	11	23	24	17	13	162
8900	14	27	20	18	29	16	16	11	21	27	13	11	23	24	17	13	160
8950	14	27	20	18	29	16	16	11	21	27	13	11	23	24	17	13	160
9000	14	27	20	18	29	16	16	11	21	27	13	11	23	24	17	13	160
9050	14	27	20	18	29	16	16	11	21	27	13	11	23	24	17	13	162
9100	14	27	20	18	30	16	16	11	21	27	13	11	23	25	17	13	163
9150	14	27	20	18	30	16	15	11	21	27	13	11	23	25	17	13	164
9200	14	27	20	18	30	15	15	11	21	27	13	11	23	25	17	13	164
9250	14	27	20	18	30	15	15	11	21	27	13	11	23	25	17	13	164
9300	14	27	20	18	30	15	15	11	21	27	13	11	23	25	17	13	164
9350	14	27	20	18	30	15	15	11	21	27	13	11	23	25	17	13	164
9400	14	27	20	18	30	15	15	11	21	27	13	11	23	25	17	13	163
9450	14	27	20	18	30	15	15	11	21	27	13	11	23	25	17	13	163
9500	14	27	20	18	30	15	15	11	21	27	13	11	23	24	17	13	163
9550	14	28	20	17	31	16	15	11	21	27	13	11	23	24	17	13	164
9600	14	28	20	17	31	16	16	11	21	27	13	11	23	24	18	13	166
9650	14	28	20	17	31	15	16	11	21	27	13	11	23	25	18	13	166
9700	14	28	20	17	31	15	16	11	21	27	13	11	22	26	18	13	168
9750	14	28	20	18	31	15	16	11	21	27	13	11	22	26	18	13	168
9800	14	28	20	18	31	16	16	11	21	27	13	11	22	26	18	13	169
9850	14	28	20	18	32	16	16	11	21	27	13	11	22	26	18	13	169
9900	14	28	20	18	32	16	16	11	21	27	13	11	22	26	18	13	169
9950	14	28	20	18	32	16	16	11	21	27	13	11	22	26	18	13	169
10000	14	28	19	19	30	16	16	11	21	27	13	12	22	26	18	13	168
10050	14	28	19	19	30	18	16	11	21	27	13	12	22	26	18	13	169
10100	14	28	19	19	30	18	16	11	21	27	13	12	22	25	18	13	168
10150	14	28	19	20	30	18	16	11	21	27	13	13	22	25	18	13	168
10200	14	28	19	20	31	18	16	11	21	27	13	14	22	25	18	13	169
10250	14	28	19	20	31	19	16	11	20	27	13	14	22	25	19	13	170
10300	14	28	19	20	31	19	16	11	20	27	13	14	22	25	19	13	169
10350	14	28	19	20	31	19	16	11	20	27	13	14	22	25	19	13	169
10400	14	28	19	20	31	19	16	11	20	27	13	15	22	25	19	13	169
10450	14	28	19	20	31	20	16	11	20	27	13	16	22	25	19	13	169
10500	14	28	19	21	31	20	16	11	20	27	13	16	22	25	19	13	171
10550	14	28	19	22	30	20	16	11	20	27	13	17	22	25	19	13	173
10600	14	28	19	23	31	22	17	11	20	27	13	17	22	25	19	13	175
10650	14	28	19	23	30	22	18	11	20	27	13	17	22	24	19	13	174
10700	14	28	19	23	30	22	18	11	20	27	13	17	22	24	19	13	174
10750	14	28	19	23	30	22	18	11	20	27	13	18	22	24	19	13	174
10800	14	27	19	23	30	22	18	11	20	27	13	18	22	24	20	13	173
10850	14	27	19	25	30	22	19	11	20	27	13	18	22	24	20	13	174
10900	14	27	19	25	30	22	19	11	20	27	13	18	22	23	20	13	172
10950	14	27	19	25	30	22	19	11	20	27	13	19	22	23	20	13	173
11000	14	27	19	26	30	24	19	11	20	27	13	19	22	23	21	13	174
11050	14	27	19	26	29	24	19	11	20	27	13	20	22	23	21	13	173
11100	14	27	20	26	29	26	19	11	20	27	13	20	22	23	21	13	175
11150	14	27	20	26	29	26	19	11	20	27	13	21	22	23	21	13	176
11200	14	27	20	26	28	26	19	11	21	27	13	23	22	23	21	13	177
11250	14	27	20	26	28	26	19	11	21	27	13	23	22	23	21	13	175
11300	14	27	20	26	28	26	20	11	21	27	13	24	22	23	21	13	176
11350	14	27	20	26	28	26	20	11	22	27	13	24	22	23	21	13	176
11400	14	27	20	26	27	26	20	11	22	27	13	24	22	23	21	13	175
11450	14	27	20	26	27	26	20	11	22	27	13	24	22	23	21	13	173
11500	14	27	20	26	27	25	20	11	23	27	13	24	22	23	21	13	172
11550	14	27	20	26	26	25	20	11	24	27	13	24	22	23	21	13	172
11600	14	27	20	26	26	26	20	11	24	27	13	24	22	22	21	13	171
11650	14	27	20	26	26	26	20	11	25	27	13	24	22	22	20	13	172
11700	14	27	20	26	26	26	20	11	25	27	13	24	22	21	20	13	172
11750	14	27	20	26	26	25	20	11	26	27	13	24	22	21	21	13	172
11800	14	26	20	25	26	25	20	11	26	27	13	24	22	21	21	13	170
11850	14	26	19	25	26	25	20	11	25	27	13	24	22	21	21	13	168
11900	14	26	18	25	26	24	20	11	25	27	13	24	22	21	21	13	165
11950	14	26	18	25	26	24	20	11	25	27	13	25	22	21	21	13	165
12000	14	26	18	26	26	24	20	11	25	27	13	24	22	21	21	13	163
12050	14	26	18	26	26	24	19	11	26	28	13	24	22	21	22	13	164
12100	14	26	18	26	26	23	21	11	26	28	13	24	22	21	22	13	165
12150	14	26	18	26	26	23	21	11	27	28	13	23	22	21	22	13	165
12200	14	26	18	24	26	23	21	11	30	28	13	25	21	22	22	13	165
12250	14	26	18	24	26	23	22	11	30	29	13	25	21	22	22	13	163
12300	14	26	18	24	26	23	23	11	30	29	13	25	21	22	22	13	163
12350	14	26	19	24	26	23	23	11	30	29	13	26	21	22	22	13	166
12400	14	26	20	24	26	23	23	11	30	29	13	26	21	22	24	13	166
12450	14	26	20	24	26	22	24	11	30	29	13	26	21	22	24	13	164
12500	14	26	21	24	25	22	23	11	30	29	13	26	21	22	24	13	163
12550	14	26	22	24	25	22	23	11	30	29	13	24	21	22	24	13	163
12600	14	26	22	23	25	22	23	11	30	28	13	26	21	22	25	13	163
12650	14	26	22	23	25	21	23	11	29	29	13	26	21	22	26	13	164
12700	14	26	22	23	25	21	24	11	29	29	13	27	21	22	27	13	165
12750	14	26	22	23	25	21	25	11	29	29	13	27	21	22	27	13	166
12800	14	25	22	23	25	21	25	11	29	29	13	27	21	22	27	13	165
12850	14	25	22	23	25	21	25	11	29	29	13	27	21	22	27	13	165
12900	14	25	22	23	25	21	25	11	28	29	13	27	21	22	29	13	167
12950	14	25	22	23	25	21	25	11	28	29	13	27	21	22	28	13	164
13000	14	25	23	23	25	21	24	11	28	29	13	27	21	22	27	13	160
13050	14	25	23	23	25	21	24	11	28	29	14	26	21	22	27	13	160
13100	14	26	23	23	24	21	24	11	28	28	13	26	21	22	27	13	157
13150	14	26	23	23	24	20	24	11	28	30	13	27	21	22	27	13	158
13200	14	25	23	23	24	19	24	11	28	30	13	27	21	22	26	13	155
13250	14	25	23	23	23	19	25	11	28	30	13	27	20	22	26	13	154
13300	14	25	23	22	23	19	25	11	28	30	13	26	20	22	26	13	154
13350	14	25	23	22	23	18	25	11	28	30	13	26	20	22	26	13	155
13400	14	25	23	22	23	18	25	11	28	30	13	27	20	22	27	13	157
13450	14	25	23	22	23	16	25	11	28	29	13	27	20	22	27	13	155
13500	14	25	22	22	23	16	25	11	28	29	13	27	20	22	26	13	155
13550	14	25	22	22	23	15	25	11	27	29	14	27	20	21	26	13	155
13600	14	25	22	22	23	15	25	11	27	29	14	27	20	21	26	13	155
13650	14	26	22	22	23	15	25	11	27	29	14	28	20	21	26	13	156
13700	14	26	22	21	23	14	25	11	27	29	14	28	20	21	26	13	154
13750	14	26	22	21	23	14	25	11	26	29	15	28	19	21	26	13	154
13800	14	26	22	21	23	14	25	12	26	29	16	27	19	21	25	13	155
13850	14	26	22	21	23	14	25	13	26	28	16	27	19	21	25	13	155
13900	14	26	22	21	22	14	25	13	26	28	17	27	19	21	25	13	155
13950	14	26	22	20	22	14	25	13	26	28	17	27	19	21	25	13	155
14000	14	26	22	20	22	14	25	13	26	27	17	27	19	21	25	13	156
14050	14	26	22	20	22	14	25	13	26	27	17	27	19	21	24	13	156
14100	14	26	22	20	22	14	25	14	26	27	17	27	19	21	24	13	157
14150	14	26	22	20	22	14	25	15	26	27	17	27	19	21	24	13	156
14200	14	26	22	20	22	14	25	15	25	27	17	27	19	20	23	13	154
14250	14	26	21	20	22	14	25	15	26	27	17	27	18	20	23	13	154
14300	14	26	21	20	22	14	25	15	26	26	17	27	18	20	23	13	153
14350	14	26	21	19	22	15	25	15	26	26	17	26	18	20	24	13	153
14400	14	26	21	18	22	15	25	15	26	26	17	26	18	20	25	13	155
14450	14	26	21	18	22	15	25	16	26	26	17	26	18	20	25	13	157
14500	14	26	21	18	22	15	25	16	26	26	17	26	18	19	25	13	154
14550	14	26	21	18	22	15	24	16	26	26	17	26	18	19	25	13	154
14600	14	26	21	18	22	15	24	16	25	26	17	26	18	19	25	13	152
14650	14	26	21	18	22	15	25	16	25	26	17	26	18	19	23	13	153
14700	14	26	21	18	22	15	26	16	25	25	17	27	18	19	24	13	153
14750	14	26	21	18	22	15	24	16	24	25	17	27	18	19	25	13	154
14800	14	25	21	18	22	15	24	17	24	25	17	27	18	19	28	13	158
14850	14	25	21	17	22	15	24	18	24	25	17	27	18	19	28	13	158
14900	14	25	21	17	22	15	25	18	24	25	17	27	18	19	28	13	156
14950	14	25	21	17	22	15	26	18	24	25	18	27	18	19	28	13	158
15000	14	25	21	17	22	15	27	18	24	24	18	27	18	19	29	13	159
15050	14	25	21	17	22	15	27	18	24	24	18	27	18	19	28	13	159
15100	14	25	21	17	22	15	27	19	24	24	18	27	18	18	29	13	160
15150	14	25	20	17	23	15	27	20	24	24	19	27	18	18	28	13	160
15200	14	25	20	17	24	15	27	20	25	24	19	27	18	18	28	13	161
15250	14	25	20	17	24	14	26	20	25	24	19	27	18	18	28	13	160
15300	14	25	20	17	24	14	26	20	25	24	19	27	18	18	28	13	160
15350	14	26	20	17	24	14	26	20	25	24	19	27	18	18	28	13	159
15400	14	26	20	17	25	14	26	20	25	24	19	27	18	18	29	13	159
15450	14	26	20	17	25	14	26	20	25	24	19	27	18	18	29	13	159
15500	14	25	20	17	26	14	26	18	25	24	20	27	18	18	28	13	159
15550	14	25	20	17	25	14	26	18	25	24	20	27	18	18	28	13	157
15600	14	25	20	17	25	14	26	19	24	23	20	27	18	18	28	13	157
15650	14	25	19	18	24	14	26	20	24	23	20	27	18	18	28	13	157
15700	14	25	19	18	24	14	26	20	24	23	20	27	18	18	28	13	156
15750	14	25	19	18	24	14	26	20	24	23	20	26	18	18	28	13	155
15800	14	26	18	18	24	14	26	20	24	23	20	26	18	18	28	13	155
15850	14	26	18	19	24	14	26	20	24	22	20	26	18	18	28	13	154
15900	14	26	18	19	24	14	26	19	24	22	20	26	16	18	29	13	153
15950	14	26	18	19	23	14	26	19	24	22	21	26	16	18	29	13	154
16000	14	26	18	19	24	14	25	19	24	22	22	26	16	18	29	13	154
16050	14	26	18	19	25	14	25	19	24	22	22	26	16	18	29	13	154
16100	14	26	18	20	25	14	25	18	24	22	23	26	16	18	29	13	156
16150	14	26	18	20	25	14	25	18	24	22	23	26	16	18	29	13	156
16200	14	26	18	20	25	14	25	18	23	22	23	25	16	18	29	13	156
16250	14	26	18	20	25	14	25	18	23	22	23	25	16	18	29	13	158
16300	14	26	18	20	26	14	25	18	22	22	23	24	16	18	29	13	158
16350	14	26	18	20	26	14	25	19	22	22	23	24	16	18	29	13	158
16400	14	27	18	20	27	14	25	20	24	22	23	23	16	18	29	13	161
16450	14	27	18	21	27	14	25	20	25	22	23	23	16	18	29	13	163
16500	14	27	18	21	27	14	25	20	25	22	23	23	16	18	29	13	163
16550	14	27	18	21	27	14	25	20	26	22	23	23	16	17	27	13	162
16600	14	27	18	21	27	14	25	21	27	22	23	23	16	17	27	13	163
16650	14	26	18	21	26	14	25	21	27	22	24	23	16	17	28	13	162
16700	14	26	18	21	26	14	25	21	27	22	24	22	16	17	27	13	161
16750	14	25	18	21	26	14	25	19	27	22	24	22	16	17	27	14	157
16800	14	25	18	21	26	14	25	19	27	22	24	22	16	17	27	14	159
16850	14	25	17	21	28	14	25	20	26	22	24	22	16	17	27	15	161
16900	14	25	16	21	28	14	25	20	26	22	25	21	16	17	27	15	159
16950	14	25	16	21	27	14	25	21	26	22	24	21	16	17	27	15	157
17000	14	25	16	21	27	14	25	21	26	22	24	21	16	17	26	17	158
17050	14	25	16	21	27	14	25	21	26	22	23	21	16	17	26	17	157
17100	14	25	16	21	27	14	25	21	26	22	23	21	16	17	27	17	158
17150	14	25	16	21	27	14	25	22	26	22	23	21	16	17	28	18	160
17200	14	25	16	22	27	14	25	22	26	22	23	21	17	17	28	18	160
17250	14	25	16	22	26	14	25	22	26	22	23	21	17	17	28	18	159
17300	14	25	16	23	26	14	25	22	26	22	23	21	17	17	28	18	159
17350	14	25	16	23	26	14	24	22	26	22	23	21	17	17	28	18	159
17400	14	25	16	23	26	14	24	22	26	22	23	21	17	17	29	18	160
17450	14	25	16	23	26	14	24	22	26	22	23	21	17	17	26	18	158
17500	14	25	16	23	26	14	24	22	26	22	23	21	17	17	26	18	158
17550	14	25	16	23	26	14	24	23	26	22	23	21	18	17	26	18	159
17600	14	25	16	23	27	14	24	23	26	22	23	21	19	17	27	19	160
17650	14	25	16	23	27	14	24	23	26	22	23	21	19	17	27	19	160
17700	14	25	16	23	28	14	24	23	26	22	23	20	19	17	27	20	160
17750	14	24	16	23	29	14	24	23	26	23	24	20	19	17	27	20	160
17800	14	24	16	24	28	14	24	23	26	24	24	20	19	17	27	20	160
17850	14	24	16	24	28	14	24	24	26	24	24	20	19	17	27	20	160
17900	14	24	16	24	28	14	24	24	26	24	23	20	20	17	25	21	161
17950	14	23	16	24	29	14	24	25	26	24	23	20	20	17	25	20	162
18000	14	23	16	24	29	14	24	25	25	25	23	20	20	17	25	20	162
18050	14	23	16	24	29	14	24	25	25	25	24	20	20	17	25	20	163
18100	14	23	16	24	29	14	24	25	25	25	24	20	20	17	26	20	163
18150	14	24	16	24	29	14	24	25	25	25	24	20	20	17	26	20	162
18200	14	24	16	24	29	14	24	25	25	25	24	20	20	17	26	20	162
18250	14	24	16	24	29	14	24	25	25	25	24	20	20	17	26	20	162
18300	14	24	16	24	29	14	24	24	25	26	24	20	20	17	25	21	163
18350	14	24	16	24	29	14	24	24	25	26	25	20	20	17	25	21	165
18400	14	24	16	24	29	14	24	24	25	26	25	20	20	17	25	21	165
18450	14	24	16	24	29	14	24	24	24	25	25	20	20	17	25	21	163
18500	14	24	16	24	28	14	24	24	24	25	25	20	20	17	25	21	163
18550	14	24	16	24	28	14	24	24	24	25	25	20	20	17	25	21	162
18600	14	24	16	24	28	14	23	24	24	26	26	20	20	17	25	21	164
18650	14	24	16	24	27	14	23	24	24	26	26	19	21	17	25	21	163
18700	14	24	16	24	27	14	23	24	24	27	26	19	21	17	24	21	162
18750	14	24	16	25	27	14	23	25	25	27	26	19	22	17	24	22	165
18800	14	24	16	25	28	14	23	24	25	28	25	19	22	17	24	24	167
18850	14	25	16	25	28	14	23	24	25	28	25	19	22	17	24	24	168
18900	14	25	16	25	28	14	23	23	25	28	24	19	21	17	23	24	166
18950	14	25	16	25	28	14	21	23	25	28	24	19	21	17	23	24	166
19000	14	25	16	25	28	14	21	23	25	29	24	19	21	17	23	24	165
19050	14	25	16	25	28	14	21	23	25	29	24	19	21	17	23	24	166
19100	14	25	17	25	28	14	21	23	25	29	24	19	21	17	23	24	166
19150	14	25	17	25	28	14	21	23	25	29	24	19	21	17	23	24	167
19200	14	25	17	26	28	14	21	23	25	29	25	19	21	17	23	24	168
19250	14	24	17	26	28	14	21	23	25	29	25	19	21	17	23	24	167
19300	14	24	17	26	28	14	21	23	25	29	25	19	21	17	23	24	167
19350	14	24	17	25	28	14	21	23	25	29	25	19	21	17	24	24	166
19400	14	24	17	25	28	14	21	22	25	30	25	19	21	17	25	24	168
19450	14	24	17	25	28	14	20	21	25	30	25	19	20	17	25	24	165
19500	14	24	18	25	28	14	20	21	25	30	25	19	20	17	25	24	165
19550	14	24	19	25	28	14	20	21	25	30	25	19	19	17	25	24	164
19600	14	24	19	25	27	14	20	21	25	30	25	19	19	17	25	24	164
19650	14	24	19	25	27	14	20	21	25	30	25	19	19	17	25	24	164
19700	14	24	19	25	27	14	20	21	25	30	25	18	19	17	25	24	164
19750	14	24	19	25	27	14	20	21	25	30	25	18	19	17	25	24	164
19800	14	24	19	25	27	14	20	21	25	30	25	18	19	17	25	24	164
19850	14	24	19	24	27	14	20	21	25	30	25	18	19	17	25	24	164
19900	14	24	19	24	27	14	20	21	25	30	25	18	19	17	25	24	163
19950	14	24	18	24	27	14	20	21	25	29	25	18	19	17	25	24	161
20000	14	24	18	24	28	14	20	21	25	29	25	18	19	17	25	24	161
