0	0.0	0.0	0.0	0.0	0.0	0.0	0.0	0.0	0.0	0.0	0.0	0.0	0.0	0.0	0.0	0.0
50	0.0	0.444444444444	0.166666666667	0.0	0.0	0.25	0.333333333333	0.25	0.285714285714	0.0	0.2	0.0	0.0	0.0	0.0	0.0
100	0.4	0.461538461538	0.5	0.5	0.142857142857	0.428571428571	0.5	0.285714285714	0.461538461538	0.333333333333	0.444444444444	0.285714285714	0.0	0.375	0.4	0.2
150	0.538461538462	0.666666666667	0.615384615385	0.583333333333	0.4	0.636363636364	0.545454545455	0.444444444444	0.5625	0.5	0.578947368421	0.461538461538	0.285714285714	0.5	0.6	0.571428571429
200	0.625	0.714285714286	0.705882352941	0.6875	0.588235294118	0.684210526316	0.615384615385	0.571428571429	0.681818181818	0.571428571429	0.68	0.55	0.444444444444	0.611111111111	0.588235294118	0.588235294118
250	0.769230769231	0.764705882353	0.791666666667	0.736842105263	0.708333333333	0.76	0.6875	0.65	0.681818181818	0.684210526316	0.714285714286	0.678571428571	0.5	0.631578947368	0.666666666667	0.631578947368
300	0.8	0.8	0.76	0.807692307692	0.758620689655	0.78125	0.727272727273	0.708333333333	0.730769230769	0.75	0.75	0.756756756757	0.631578947368	0.695652173913	0.68	0.72
350	0.805555555556	0.813953488372	0.785714285714	0.838709677419	0.787878787879	0.787878787879	0.75	0.75	0.78125	0.8125	0.764705882353	0.775	0.695652173913	0.678571428571	0.757575757576	0.766666666667
400	0.820512820513	0.829787234043	0.8	0.84375	0.805555555556	0.810810810811	0.78125	0.787878787879	0.815789473684	0.818181818182	0.777777777778	0.790697674419	0.741935483871	0.727272727273	0.80487804878	0.78125
450	0.833333333333	0.9	0.810810810811	0.871794871795	0.825	0.829268292683	0.794117647059	0.805555555556	0.829268292683	0.853658536585	0.8	0.804347826087	0.757575757576	0.763157894737	0.816326530612	0.794117647059
500	0.847826086957	0.92	0.825	0.886363636364	0.844444444444	0.847826086957	0.820512820513	0.840909090909	0.851063829787	0.866666666667	0.813953488372	0.9	0.777777777778	0.790697674419	0.88	0.789473684211
550	0.854166666667	0.94	0.844444444444	0.9	0.857142857143	0.86	0.829268292683	0.851063829787	0.94	0.872340425532	0.833333333333	0.96	0.813953488372	0.82	0.92	0.794871794872
600	0.96	0.94	0.854166666667	0.94	0.9	0.94	0.854166666667	0.86	0.96	0.872340425532	0.88	0.96	0.829787234043	0.9	0.92	0.80487804878
650	0.98	0.98	0.88	0.98	0.92	0.96	0.92	0.96	1.0	0.94	0.94	0.98	0.86	0.94	0.94	0.826086956522
700	0.96	0.98	0.96	0.98	0.98	0.98	0.96	0.98	1.0	0.96	0.98	1.0	0.94	0.96	0.94	0.829787234043
750	0.96	0.96	0.96	1.0	0.98	0.98	0.96	0.98	1.0	0.98	0.98	1.0	0.94	0.96	0.96	0.86
800	0.96	0.94	0.96	1.0	1.0	0.98	0.96	0.98	1.0	0.98	0.98	1.0	0.94	0.96	0.96	0.92
850	0.96	0.94	0.96	1.0	1.0	0.96	0.96	0.98	1.0	0.98	1.0	1.0	0.94	1.0	0.96	0.94
900	0.98	0.92	0.98	1.0	0.98	0.98	0.98	0.94	0.98	0.98	1.0	1.0	0.98	1.0	0.96	0.96
950	0.98	0.92	1.0	1.0	0.98	0.98	0.98	0.94	0.98	0.96	1.0	1.0	0.98	1.0	0.96	0.96
1000	0.98	0.92	1.0	1.0	0.96	0.96	1.0	0.94	0.98	0.96	1.0	1.0	0.98	1.0	0.96	0.98
1050	0.98	0.92	1.0	1.0	0.94	0.96	1.0	0.92	0.98	0.96	1.0	1.0	0.98	1.0	0.98	0.98
1100	0.98	0.92	1.0	1.0	0.94	0.94	1.0	0.9	0.98	0.96	1.0	1.0	1.0	1.0	1.0	0.98
1150	0.98	0.9	1.0	1.0	0.94	0.9	1.0	0.9	0.98	0.96	1.0	1.0	1.0	1.0	1.0	0.96
1200	0.98	0.9	1.0	1.0	0.94	0.9	1.0	0.9	0.98	0.96	1.0	1.0	1.0	1.0	1.0	0.96
1250	0.98	0.9	1.0	1.0	0.94	0.9	1.0	0.9	0.98	0.96	1.0	1.0	1.0	1.0	0.98	0.98
1300	0.98	0.92	1.0	1.0	0.94	0.88	1.0	0.88	0.96	0.92	1.0	1.0	1.0	1.0	0.98	0.96
1350	1.0	0.92	1.0	1.0	0.94	0.9	1.0	0.88	0.94	0.92	1.0	1.0	1.0	1.0	0.98	0.96
1400	1.0	0.96	1.0	1.0	0.94	0.9	1.0	0.88	0.94	0.94	1.0	1.0	1.0	1.0	0.98	0.94
1450	1.0	0.96	1.0	1.0	0.94	0.88	1.0	0.88	0.94	0.92	1.0	1.0	1.0	1.0	0.98	0.94
1500	1.0	0.96	1.0	1.0	0.94	0.88	1.0	0.88	0.94	0.92	1.0	1.0	1.0	1.0	0.98	0.94
1550	1.0	0.98	1.0	1.0	0.94	0.9	1.0	0.88	0.96	0.92	1.0	1.0	0.98	1.0	0.98	0.94
1600	1.0	0.98	1.0	1.0	0.94	0.9	1.0	0.9	0.96	0.94	1.0	1.0	0.98	1.0	0.98	0.94
1650	1.0	0.98	1.0	1.0	0.96	0.9	1.0	0.9	0.94	0.94	1.0	1.0	0.98	0.96	0.98	0.94
1700	1.0	0.96	1.0	1.0	0.98	0.92	1.0	0.9	0.94	0.94	1.0	1.0	0.98	0.96	0.98	0.94
1750	1.0	0.96	1.0	1.0	0.98	0.94	1.0	0.9	0.94	0.94	1.0	1.0	0.98	0.96	0.98	0.92
1800	1.0	0.96	1.0	1.0	1.0	0.94	1.0	0.92	0.94	0.94	1.0	1.0	0.98	0.96	0.98	0.94
1850	0.96	0.98	1.0	1.0	1.0	0.94	1.0	0.94	0.94	0.94	0.98	1.0	0.98	0.96	1.0	0.94
1900	0.96	0.98	1.0	1.0	1.0	0.96	1.0	0.94	0.94	0.96	0.96	1.0	0.98	0.94	1.0	0.94
1950	0.96	0.98	1.0	1.0	1.0	0.96	1.0	0.98	0.94	0.98	0.94	1.0	0.98	0.94	1.0	0.94
2000	0.96	0.98	1.0	1.0	1.0	0.96	0.98	1.0	0.98	0.98	0.94	1.0	0.96	0.94	1.0	0.96
2050	0.94	0.98	1.0	1.0	1.0	0.96	0.98	1.0	0.98	0.98	0.94	1.0	0.96	0.92	1.0	0.96
2100	0.94	0.96	1.0	1.0	1.0	0.98	0.98	1.0	0.98	1.0	0.94	1.0	0.96	0.92	0.98	0.96
2150	0.94	0.96	1.0	1.0	1.0	0.98	0.98	1.0	0.98	1.0	0.94	1.0	0.96	0.92	0.98	0.98
2200	0.94	0.94	1.0	0.98	1.0	0.98	0.98	1.0	0.98	1.0	0.92	1.0	0.98	0.94	0.98	0.98
2250	0.92	0.94	1.0	0.96	1.0	0.98	0.98	1.0	0.98	1.0	0.92	1.0	0.98	0.96	0.98	0.98
2300	0.92	0.96	1.0	0.96	1.0	0.98	0.98	1.0	1.0	1.0	0.92	0.98	0.96	0.96	0.98	0.98
2350	0.92	0.96	1.0	0.96	1.0	0.98	0.98	1.0	1.0	1.0	0.92	0.98	0.96	0.96	0.98	0.98
2400	0.92	0.96	1.0	0.94	1.0	0.98	0.96	1.0	1.0	1.0	0.92	0.98	0.94	0.96	0.98	1.0
2450	0.92	0.94	1.0	0.92	1.0	0.98	0.96	1.0	1.0	1.0	0.92	0.98	0.94	0.96	0.98	1.0
2500	0.94	0.94	1.0	0.92	0.98	0.98	0.92	1.0	1.0	1.0	0.92	0.98	0.94	0.96	0.98	1.0
2550	0.94	0.92	1.0	0.92	0.98	1.0	0.94	1.0	1.0	1.0	0.92	0.98	0.94	0.96	0.98	1.0
2600	0.94	0.94	1.0	0.92	0.98	1.0	0.94	1.0	1.0	1.0	0.92	0.98	0.94	0.96	0.98	1.0
2650	0.94	0.94	1.0	0.92	0.98	1.0	0.94	1.0	1.0	1.0	0.96	0.98	0.94	0.98	0.98	1.0
2700	0.94	0.94	1.0	0.92	0.98	1.0	0.94	1.0	1.0	1.0	0.98	0.98	0.94	0.98	0.98	1.0
2750	0.96	0.94	0.98	0.92	0.98	1.0	0.94	1.0	1.0	1.0	0.98	0.98	0.96	1.0	0.98	1.0
2800	0.96	0.94	0.98	0.94	0.98	1.0	0.94	1.0	1.0	1.0	0.98	0.98	0.96	1.0	1.0	0.98
2850	0.96	0.96	0.96	0.94	0.98	1.0	0.94	1.0	1.0	1.0	0.98	0.98	0.96	0.98	0.98	0.98
2900	0.94	0.96	0.96	0.94	0.98	1.0	0.94	1.0	1.0	1.0	0.98	0.98	0.96	0.98	0.98	0.98
2950	0.94	0.96	0.96	0.96	0.98	1.0	0.94	1.0	1.0	1.0	1.0	0.98	0.96	0.98	0.96	0.98
3000	0.96	0.96	0.96	0.98	0.96	1.0	0.94	1.0	1.0	1.0	1.0	1.0	0.98	0.96	0.96	0.98
3050	0.96	0.96	0.96	0.98	0.96	1.0	0.94	1.0	1.0	1.0	1.0	1.0	0.98	0.96	0.96	0.98
3100	0.96	0.96	0.96	0.96	0.96	1.0	0.94	1.0	1.0	1.0	1.0	1.0	0.98	0.96	0.96	0.98
3150	0.96	0.94	0.96	0.96	0.98	1.0	0.94	1.0	1.0	1.0	1.0	1.0	0.98	0.96	0.96	0.98
3200	0.98	0.94	0.96	0.96	0.98	1.0	1.0	1.0	1.0	1.0	1.0	1.0	1.0	0.96	0.94	0.98
3250	0.98	0.94	0.96	0.94	0.98	0.98	1.0	1.0	1.0	1.0	1.0	1.0	1.0	0.96	0.94	0.98
3300	0.98	0.94	0.96	0.94	0.98	0.98	0.98	1.0	1.0	1.0	1.0	1.0	1.0	0.96	0.94	0.98
3350	0.98	0.96	0.96	0.94	0.98	0.98	0.98	1.0	1.0	1.0	1.0	1.0	1.0	0.96	0.94	0.98
3400	0.98	0.96	0.98	0.96	0.98	0.98	0.98	1.0	1.0	1.0	1.0	1.0	1.0	0.96	0.94	0.98
3450	0.98	0.96	0.98	0.96	0.98	0.98	0.96	1.0	1.0	1.0	1.0	1.0	1.0	0.96	0.94	0.98
3500	0.98	0.96	1.0	0.96	0.98	0.98	0.96	1.0	1.0	1.0	1.0	1.0	1.0	0.96	0.94	0.98
3550	0.96	0.96	1.0	0.96	0.98	0.98	0.96	1.0	1.0	1.0	1.0	1.0	1.0	0.98	0.92	0.96
3600	0.98	0.96	1.0	0.96	0.98	0.98	0.96	1.0	1.0	1.0	1.0	1.0	1.0	0.98	0.94	0.98
3650	0.98	0.96	1.0	0.96	0.98	0.98	0.96	1.0	1.0	1.0	1.0	1.0	1.0	0.98	0.96	0.98
3700	0.98	0.96	1.0	0.96	1.0	0.98	0.96	1.0	1.0	1.0	1.0	1.0	1.0	0.98	0.94	0.98
3750	0.98	0.96	1.0	0.96	1.0	0.98	0.94	1.0	1.0	1.0	1.0	1.0	1.0	0.98	0.94	0.98
3800	0.98	0.98	1.0	0.96	1.0	0.98	0.94	1.0	1.0	0.98	1.0	1.0	1.0	0.98	0.94	0.98
3850	0.98	1.0	1.0	0.98	1.0	0.98	0.94	1.0	1.0	0.98	1.0	1.0	1.0	0.98	0.94	0.98
3900	0.98	1.0	1.0	1.0	1.0	0.98	0.94	1.0	1.0	0.98	1.0	1.0	1.0	0.98	0.94	0.98
3950	0.98	1.0	1.0	1.0	0.98	0.98	0.94	1.0	1.0	0.98	1.0	1.0	1.0	0.96	0.96	0.98
4000	0.98	1.0	1.0	1.0	0.98	0.98	0.92	1.0	1.0	0.98	1.0	1.0	1.0	0.94	0.96	0.98
4050	0.98	1.0	1.0	1.0	0.98	0.98	0.94	1.0	1.0	0.98	1.0	1.0	1.0	0.94	0.96	0.96
4100	0.98	1.0	1.0	1.0	0.98	1.0	0.94	1.0	0.98	0.98	1.0	1.0	1.0	0.94	0.94	0.96
4150	0.98	1.0	1.0	1.0	0.96	1.0	0.94	1.0	0.98	0.98	1.0	1.0	1.0	0.94	0.94	0.98
4200	1.0	1.0	1.0	1.0	0.94	1.0	0.94	1.0	0.98	0.98	0.98	1.0	1.0	0.94	0.94	0.98
4250	1.0	1.0	1.0	1.0	0.94	1.0	0.94	1.0	0.98	0.98	0.98	0.98	1.0	0.94	0.94	0.98
4300	1.0	1.0	1.0	1.0	0.94	1.0	0.94	1.0	0.98	0.98	0.98	0.98	1.0	0.94	0.94	0.98
4350	1.0	1.0	1.0	1.0	0.94	1.0	0.94	1.0	0.98	0.98	0.98	0.98	0.98	0.94	0.96	0.98
4400	0.98	1.0	1.0	1.0	0.9	1.0	0.96	0.98	0.98	0.98	0.98	0.98	0.98	0.92	0.96	0.98
4450	0.98	1.0	1.0	1.0	0.9	1.0	0.96	0.98	0.98	0.98	0.98	0.98	0.98	0.92	0.98	0.98
4500	0.98	1.0	1.0	1.0	0.9	1.0	0.96	0.98	0.98	0.98	0.98	0.98	0.98	0.92	0.98	0.98
4550	0.98	1.0	1.0	1.0	0.9	1.0	0.96	0.98	0.98	0.98	0.98	0.98	0.98	0.94	0.98	0.98
4600	0.98	1.0	1.0	1.0	0.88	1.0	0.96	0.98	0.98	1.0	0.98	0.98	0.98	0.94	0.98	0.98
4650	0.98	1.0	1.0	1.0	0.88	1.0	0.96	0.98	0.98	1.0	0.98	0.98	0.96	0.92	0.98	0.98
4700	0.98	1.0	1.0	1.0	0.88	1.0	0.98	0.98	1.0	1.0	0.98	0.98	0.96	0.92	1.0	0.98
4750	0.98	1.0	1.0	1.0	0.88	1.0	0.96	0.98	1.0	1.0	0.98	0.98	0.96	0.96	1.0	1.0
4800	0.98	1.0	0.98	1.0	0.9	1.0	0.96	0.98	1.0	1.0	0.98	0.98	0.96	0.96	1.0	1.0
4850	0.98	1.0	0.98	1.0	0.9	1.0	0.96	0.98	1.0	0.98	0.98	0.98	0.96	0.96	1.0	1.0
4900	0.98	1.0	0.98	0.98	0.88	1.0	0.98	0.98	1.0	0.98	0.98	0.98	0.96	0.96	1.0	1.0
4950	0.98	1.0	0.98	0.98	0.88	1.0	0.98	0.98	1.0	0.98	1.0	1.0	0.96	0.96	1.0	0.98
5000	0.96	1.0	0.98	0.98	0.9	1.0	0.98	0.98	1.0	0.98	1.0	1.0	0.96	0.96	1.0	0.98
5050	0.96	1.0	0.98	0.98	0.9	1.0	0.98	0.98	1.0	0.98	0.98	1.0	0.98	0.96	1.0	0.98
5100	0.96	1.0	0.98	0.98	0.9	1.0	0.98	0.98	1.0	0.98	0.98	1.0	0.98	0.98	1.0	0.98
5150	0.96	1.0	0.98	0.96	0.9	1.0	0.98	0.98	1.0	0.98	0.98	1.0	0.96	0.98	1.0	0.98
5200	0.96	1.0	0.98	0.94	0.9	1.0	0.98	0.98	1.0	0.96	0.98	1.0	0.96	0.98	1.0	0.98
5250	0.96	1.0	0.96	0.94	0.94	1.0	0.98	1.0	1.0	0.96	0.98	1.0	0.96	0.98	1.0	0.98
5300	0.96	1.0	0.96	0.94	0.94	1.0	0.98	1.0	1.0	0.96	0.98	1.0	0.96	0.98	1.0	0.98
5350	0.96	1.0	0.96	0.94	0.94	1.0	0.98	1.0	1.0	0.96	0.96	1.0	0.96	0.98	1.0	0.98
5400	0.96	1.0	0.96	0.94	0.96	1.0	0.98	1.0	1.0	0.96	0.96	1.0	0.98	1.0	1.0	0.98
5450	0.96	1.0	0.96	0.94	0.96	1.0	1.0	1.0	1.0	0.96	0.96	1.0	0.98	1.0	0.98	0.98
5500	0.96	1.0	0.94	0.94	0.96	1.0	1.0	1.0	1.0	0.94	0.96	1.0	0.98	1.0	0.98	0.98
5550	0.96	1.0	0.92	0.96	0.96	1.0	1.0	1.0	1.0	0.94	0.98	1.0	0.98	1.0	0.98	0.98
5600	0.96	1.0	0.92	0.94	0.98	1.0	1.0	1.0	0.98	0.94	0.98	1.0	0.98	1.0	0.98	0.98
5650	0.94	1.0	0.94	0.94	0.98	1.0	1.0	1.0	0.98	0.96	0.98	1.0	0.98	1.0	0.98	0.98
5700	0.96	1.0	0.94	0.92	0.98	0.98	1.0	1.0	0.98	0.96	0.98	1.0	0.98	1.0	0.98	1.0
5750	0.96	1.0	0.94	0.92	0.98	0.98	1.0	1.0	0.98	0.96	0.98	1.0	0.98	1.0	0.98	1.0
5800	0.96	1.0	0.94	0.9	0.98	0.98	0.98	1.0	0.98	0.96	0.98	1.0	0.98	1.0	0.98	1.0
5850	0.96	1.0	0.94	0.9	0.98	0.96	0.98	1.0	0.98	0.96	0.98	1.0	0.96	1.0	0.98	1.0
5900	0.98	1.0	0.94	0.92	0.98	0.96	0.98	1.0	0.98	0.96	0.98	0.98	0.96	1.0	0.98	1.0
5950	0.98	1.0	0.96	0.92	1.0	0.96	0.98	1.0	0.98	0.96	0.98	0.98	0.96	1.0	0.98	1.0
6000	0.98	1.0	0.98	0.92	1.0	0.96	0.98	1.0	0.98	0.96	1.0	0.98	0.96	0.98	0.98	1.0
6050	0.98	1.0	1.0	0.92	1.0	0.96	0.98	1.0	0.98	0.98	1.0	0.98	0.96	0.98	0.98	1.0
6100	0.98	1.0	1.0	0.9	1.0	0.94	0.98	1.0	0.98	0.98	1.0	0.98	0.96	0.98	0.98	1.0
6150	0.98	1.0	1.0	0.9	1.0	0.94	0.98	1.0	0.98	0.98	1.0	0.98	0.96	0.98	1.0	1.0
6200	1.0	1.0	1.0	0.9	1.0	0.94	0.98	1.0	0.98	0.96	1.0	0.98	0.96	0.98	0.98	1.0
6250	1.0	1.0	0.98	0.9	1.0	0.94	0.98	1.0	0.98	0.98	1.0	0.98	0.96	0.98	0.98	1.0
6300	1.0	1.0	0.98	0.9	1.0	0.94	0.98	1.0	0.98	0.98	1.0	0.98	0.96	0.96	0.94	1.0
6350	1.0	1.0	0.98	0.92	1.0	0.94	0.98	1.0	0.98	0.98	1.0	0.98	0.96	0.96	0.94	1.0
6400	1.0	1.0	0.98	0.92	1.0	0.94	0.98	1.0	0.98	0.98	1.0	0.98	0.96	0.96	0.94	1.0
6450	0.98	1.0	0.98	0.94	1.0	0.94	0.98	1.0	1.0	0.98	1.0	0.98	0.96	0.96	0.94	1.0
6500	0.98	1.0	0.98	0.94	1.0	0.94	0.98	1.0	1.0	0.98	1.0	0.98	0.96	0.96	0.94	1.0
6550	0.98	1.0	0.98	0.96	1.0	0.94	1.0	1.0	1.0	0.96	0.98	0.98	0.96	0.96	0.94	1.0
6600	0.98	1.0	0.98	0.96	1.0	0.94	1.0	1.0	1.0	0.96	0.98	0.98	0.96	0.96	0.94	1.0
6650	0.94	1.0	0.98	0.94	1.0	0.96	1.0	1.0	1.0	0.96	0.98	0.98	0.96	0.96	0.94	1.0
6700	0.94	1.0	0.98	0.96	1.0	0.96	1.0	1.0	1.0	0.96	0.98	0.98	0.96	0.94	0.92	1.0
6750	0.94	1.0	0.98	0.96	1.0	0.98	1.0	1.0	1.0	0.96	0.98	0.98	0.94	0.92	0.92	1.0
6800	0.94	1.0	0.98	0.96	1.0	0.98	1.0	1.0	1.0	0.96	0.98	0.98	0.94	0.92	0.92	1.0
6850	0.94	1.0	0.98	0.96	1.0	0.98	1.0	1.0	1.0	0.94	0.98	1.0	0.92	0.92	0.94	1.0
6900	0.94	1.0	0.98	0.98	1.0	0.98	1.0	1.0	1.0	0.96	0.98	1.0	0.92	0.92	0.94	1.0
6950	0.94	1.0	0.98	0.98	1.0	0.98	1.0	1.0	1.0	0.94	0.98	1.0	0.92	0.94	0.94	1.0
7000	0.92	1.0	0.96	0.98	1.0	1.0	1.0	1.0	1.0	0.94	0.98	1.0	0.92	0.94	0.94	1.0
7050	0.92	1.0	0.98	0.98	1.0	1.0	1.0	1.0	1.0	0.94	0.98	1.0	0.92	0.94	0.94	1.0
7100	0.92	1.0	0.98	0.98	1.0	1.0	1.0	1.0	1.0	0.94	0.98	1.0	0.92	0.94	0.94	1.0
7150	0.92	1.0	0.98	0.98	0.98	1.0	1.0	1.0	1.0	0.94	0.98	1.0	0.92	0.94	0.94	1.0
7200	0.94	1.0	0.98	0.98	0.98	1.0	0.98	1.0	1.0	0.94	0.98	1.0	0.94	0.94	0.96	1.0
7250	0.94	1.0	0.98	0.98	0.98	0.98	0.98	1.0	1.0	0.94	0.98	0.98	0.94	0.94	0.96	1.0
7300	0.94	1.0	0.98	0.98	0.98	0.98	0.98	1.0	1.0	0.96	0.98	0.98	0.94	0.94	0.98	1.0
7350	0.94	1.0	0.98	0.98	0.98	0.98	0.98	1.0	1.0	0.94	0.98	0.98	0.94	0.94	0.98	1.0
7400	0.98	1.0	0.98	0.98	0.96	0.98	0.98	1.0	1.0	0.94	0.98	0.98	0.94	0.98	0.98	1.0
7450	0.98	1.0	0.98	0.98	0.96	0.98	0.98	1.0	1.0	0.94	0.98	0.96	0.94	0.98	0.96	1.0
7500	0.98	1.0	0.98	0.98	0.96	0.98	0.98	1.0	0.98	0.94	0.98	0.96	0.96	0.98	0.96	1.0
7550	0.98	1.0	0.98	0.98	0.96	0.98	0.96	1.0	0.98	0.96	0.96	0.96	0.96	0.98	0.96	1.0
7600	0.98	1.0	0.98	1.0	0.96	0.98	0.96	1.0	0.98	0.96	0.96	0.96	0.96	0.98	0.98	1.0
7650	0.98	1.0	0.98	1.0	0.96	0.98	0.94	1.0	0.98	0.96	0.96	0.94	0.96	0.98	0.98	1.0
7700	0.98	1.0	0.98	1.0	0.96	0.98	0.92	1.0	0.98	0.98	0.96	0.92	0.96	0.98	0.98	0.98
7750	0.98	1.0	0.98	1.0	0.96	0.98	0.9	1.0	0.96	0.98	0.96	0.92	0.98	0.98	0.98	0.98
7800	0.98	1.0	0.98	1.0	0.96	0.98	0.9	1.0	0.96	0.98	0.94	0.92	0.98	0.98	0.98	0.98
7850	0.98	1.0	0.98	1.0	0.96	0.98	0.9	1.0	0.96	0.98	0.94	0.92	0.98	0.98	0.98	0.98
7900	0.96	1.0	0.98	1.0	0.98	1.0	0.9	1.0	0.96	0.98	0.94	0.92	0.98	0.98	0.98	0.98
7950	0.96	1.0	0.98	1.0	0.98	1.0	0.9	1.0	0.96	0.98	0.94	0.92	0.98	0.94	0.98	0.98
8000	0.96	1.0	0.98	1.0	0.98	1.0	0.92	1.0	0.96	0.96	0.94	0.94	0.98	0.92	0.98	0.98
8050	0.96	1.0	0.98	1.0	0.98	1.0	0.92	1.0	0.96	0.96	0.94	0.96	0.96	0.92	0.98	0.98
8100	0.96	1.0	0.98	1.0	1.0	1.0	0.92	1.0	0.96	0.96	0.94	0.96	0.96	0.92	1.0	0.98
8150	0.96	1.0	0.98	1.0	1.0	1.0	0.92	1.0	0.96	0.98	0.94	0.96	0.96	0.94	1.0	0.98
8200	0.96	1.0	0.98	1.0	1.0	1.0	0.92	1.0	0.96	0.98	0.94	0.96	0.96	0.94	1.0	0.96
8250	0.96	1.0	0.96	1.0	1.0	1.0	0.94	1.0	0.96	0.98	0.94	0.96	0.94	0.94	1.0	0.96
8300	0.96	1.0	0.96	1.0	1.0	1.0	0.94	1.0	0.96	0.98	0.94	0.96	0.94	0.94	1.0	0.96
8350	0.96	1.0	0.96	1.0	1.0	1.0	0.92	1.0	0.96	0.98	0.94	0.96	0.94	0.94	0.98	0.96
8400	0.96	1.0	0.96	1.0	1.0	1.0	0.96	1.0	0.96	0.98	0.96	0.96	0.96	0.94	0.98	0.96
8450	0.96	1.0	0.96	1.0	1.0	1.0	0.98	1.0	0.98	0.98	0.96	1.0	0.96	0.92	0.98	0.96
8500	0.96	1.0	0.98	1.0	1.0	1.0	0.98	1.0	0.98	0.98	0.96	1.0	0.96	0.92	0.98	0.96
8550	0.96	1.0	0.96	1.0	1.0	1.0	0.96	1.0	0.98	0.98	0.98	1.0	0.96	0.92	0.98	0.96
8600	0.96	1.0	0.96	1.0	1.0	1.0	0.96	1.0	1.0	0.98	0.98	1.0	0.96	0.9	0.98	0.98
8650	0.96	1.0	0.96	1.0	1.0	1.0	0.96	1.0	1.0	0.98	0.98	1.0	0.96	0.92	0.98	0.98
8700	0.94	1.0	0.96	1.0	0.98	1.0	0.96	1.0	1.0	0.98	0.98	1.0	0.96	0.96	0.98	0.98
8750	0.94	1.0	0.96	1.0	0.96	1.0	0.96	1.0	1.0	0.96	0.98	1.0	0.96	0.96	0.98	0.98
8800	0.94	1.0	0.96	1.0	0.96	1.0	0.96	1.0	1.0	0.96	0.98	1.0	0.94	0.96	0.98	0.96
8850	0.94	1.0	0.96	1.0	0.94	0.98	0.98	1.0	1.0	0.96	1.0	1.0	0.94	0.96	0.98	0.96
8900	0.94	1.0	0.96	1.0	0.94	0.98	0.98	1.0	1.0	0.96	1.0	0.98	0.94	0.96	0.98	0.96
8950	0.94	1.0	0.96	1.0	0.92	0.98	0.98	1.0	1.0	0.96	1.0	0.96	0.94	0.96	0.98	0.96
9000	0.94	1.0	0.96	1.0	0.92	0.98	0.98	1.0	1.0	0.96	1.0	0.94	0.96	0.94	0.98	0.94
9050	0.94	1.0	0.96	1.0	0.92	0.96	0.98	1.0	1.0	0.96	1.0	0.94	0.96	0.94	0.98	0.94
9100	0.94	1.0	0.96	1.0	0.92	0.96	0.98	1.0	1.0	0.96	1.0	0.94	0.96	0.96	0.98	0.94
9150	0.94	1.0	0.98	1.0	0.92	0.96	0.98	1.0	1.0	0.96	1.0	0.94	0.98	0.96	0.98	0.96
9200	0.96	1.0	0.98	1.0	0.92	0.96	0.98	1.0	1.0	0.96	1.0	0.94	0.98	0.96	0.98	0.96
9250	0.96	1.0	0.98	1.0	0.92	0.96	1.0	1.0	1.0	0.96	1.0	0.94	0.98	0.96	0.98	0.96
9300	0.96	1.0	0.98	1.0	0.92	0.96	0.98	1.0	1.0	0.98	1.0	0.94	0.98	0.98	1.0	0.96
9350	0.96	1.0	1.0	1.0	0.92	0.96	0.98	1.0	1.0	0.98	1.0	0.94	0.98	0.98	1.0	0.96
9400	0.98	1.0	1.0	1.0	0.92	0.96	0.98	1.0	1.0	0.98	1.0	0.94	0.98	0.98	1.0	0.96
9450	1.0	1.0	0.98	1.0	0.94	0.96	0.98	1.0	1.0	0.98	1.0	0.94	0.98	0.96	1.0	0.96
9500	1.0	1.0	0.98	1.0	0.94	0.98	0.98	1.0	1.0	0.98	1.0	0.94	1.0	0.96	1.0	0.96
9550	1.0	1.0	0.98	1.0	0.94	0.98	0.98	1.0	1.0	0.98	1.0	0.94	1.0	0.96	1.0	0.94
9600	0.98	0.98	0.96	1.0	0.94	0.98	0.98	1.0	1.0	0.98	1.0	0.94	1.0	0.96	1.0	0.94
9650	0.98	0.98	0.96	1.0	0.96	0.98	0.98	1.0	1.0	0.98	1.0	0.94	1.0	0.96	1.0	0.96
9700	0.98	0.98	0.96	1.0	0.96	0.98	0.96	1.0	1.0	0.98	0.96	0.96	1.0	0.96	1.0	0.96
9750	0.98	0.98	0.94	1.0	0.98	0.98	0.96	1.0	1.0	0.98	0.96	0.96	1.0	0.94	1.0	0.94
9800	0.98	0.98	0.94	1.0	0.98	1.0	0.96	1.0	1.0	0.98	0.96	0.98	1.0	0.96	1.0	0.94
9850	0.98	0.98	0.92	1.0	0.98	1.0	0.96	1.0	1.0	0.98	0.96	0.98	1.0	0.96	0.98	0.96
9900	0.98	0.98	0.88	1.0	0.98	1.0	0.96	1.0	1.0	0.98	0.96	0.98	1.0	0.96	0.98	0.96
9950	0.96	0.98	0.88	1.0	0.98	1.0	0.96	1.0	1.0	0.96	0.96	0.98	1.0	0.96	0.98	0.96
10000	0.96	0.98	0.86	1.0	0.98	1.0	0.96	1.0	1.0	0.96	0.96	0.98	1.0	0.96	0.98	0.96
10050	0.96	0.98	0.86	1.0	0.98	1.0	0.96	1.0	1.0	0.96	0.96	0.98	1.0	0.96	0.98	0.96
10100	0.96	0.98	0.86	1.0	0.98	1.0	0.98	1.0	1.0	0.96	0.96	0.98	1.0	0.98	0.98	0.96
10150	0.96	0.98	0.84	1.0	0.98	1.0	0.98	1.0	1.0	0.98	0.96	0.98	1.0	0.98	0.98	0.96
10200	0.94	1.0	0.84	0.98	1.0	1.0	0.98	1.0	1.0	0.98	0.96	0.98	1.0	0.98	0.98	0.96
10250	0.92	1.0	0.84	0.98	1.0	1.0	0.98	1.0	1.0	0.96	0.96	0.98	1.0	0.96	0.98	0.98
10300	0.92	1.0	0.86	0.98	1.0	1.0	0.98	1.0	1.0	0.96	0.96	0.98	1.0	0.96	0.98	0.98
10350	0.92	1.0	0.86	0.98	1.0	1.0	0.98	1.0	1.0	0.96	0.96	0.98	1.0	0.96	0.96	0.98
10400	0.94	1.0	0.86	0.98	1.0	1.0	0.98	1.0	1.0	0.94	0.96	0.98	1.0	0.98	0.96	0.98
10450	0.94	1.0	0.86	0.98	1.0	1.0	0.96	1.0	0.98	0.94	0.98	0.98	1.0	0.98	0.96	1.0
10500	0.92	1.0	0.88	0.98	1.0	1.0	0.96	1.0	0.98	0.94	0.98	1.0	1.0	0.98	0.96	1.0
10550	0.92	1.0	0.9	0.98	1.0	1.0	0.98	1.0	0.98	0.94	0.98	1.0	1.0	0.98	0.96	1.0
10600	0.92	1.0	0.92	0.98	1.0	1.0	0.98	1.0	0.98	0.92	0.98	1.0	1.0	0.98	0.96	1.0
10650	0.92	1.0	0.94	0.98	1.0	0.98	0.98	1.0	0.98	0.92	0.98	1.0	1.0	0.96	0.94	1.0
10700	0.94	1.0	0.94	0.98	1.0	0.98	0.98	1.0	0.98	0.92	0.98	1.0	1.0	0.96	0.94	1.0
10750	0.92	1.0	0.94	0.98	1.0	0.98	0.98	1.0	0.98	0.94	0.98	1.0	1.0	0.96	0.94	1.0
10800	0.92	1.0	0.94	0.98	1.0	0.98	0.98	1.0	0.98	0.94	0.98	1.0	1.0	0.96	0.92	1.0
10850	0.92	1.0	0.92	0.98	1.0	0.98	0.98	0.98	0.98	0.94	0.98	1.0	1.0	0.96	0.92	1.0
10900	0.94	1.0	0.92	0.98	1.0	0.96	0.98	0.98	0.98	0.94	0.96	1.0	1.0	0.96	0.92	1.0
10950	0.96	1.0	0.92	1.0	1.0	0.96	0.98	0.98	0.98	0.94	0.96	1.0	1.0	0.96	0.94	1.0
11000	0.96	1.0	0.96	1.0	1.0	0.96	0.98	0.98	0.98	0.96	0.92	0.98	1.0	0.96	0.94	1.0
11050	0.96	1.0	0.96	1.0	1.0	0.96	0.98	0.98	0.98	0.96	0.92	0.98	1.0	0.96	0.94	1.0
11100	0.96	1.0	0.96	1.0	1.0	0.96	0.98	0.98	0.98	0.98	0.94	0.98	1.0	0.96	0.94	1.0
11150	0.96	1.0	0.96	1.0	1.0	0.94	0.98	0.98	0.98	0.98	0.94	0.98	1.0	0.96	0.96	1.0
11200	0.96	1.0	0.94	1.0	1.0	0.94	0.96	0.98	0.98	0.98	0.94	0.98	1.0	0.96	0.96	1.0
11250	0.96	1.0	0.94	1.0	1.0	0.94	0.96	0.98	0.98	0.98	0.94	0.98	1.0	0.96	0.96	1.0
11300	0.96	1.0	0.96	1.0	1.0	0.94	0.96	0.98	0.96	1.0	0.94	0.98	1.0	0.96	0.96	1.0
11350	0.96	1.0	0.96	1.0	1.0	0.94	0.94	0.98	0.96	1.0	0.92	0.98	1.0	0.96	0.98	1.0
11400	0.98	1.0	0.96	1.0	1.0	0.96	0.92	0.98	0.96	1.0	0.92	0.98	1.0	0.96	0.98	1.0
11450	0.98	1.0	0.94	1.0	1.0	0.96	0.9	0.98	0.96	1.0	0.9	0.98	1.0	0.96	0.98	1.0
11500	0.98	1.0	0.94	1.0	1.0	0.98	0.9	0.98	0.96	1.0	0.9	0.98	1.0	0.96	0.98	1.0
11550	0.98	1.0	0.94	1.0	1.0	0.98	0.9	0.98	0.98	1.0	0.9	0.98	1.0	0.96	0.96	1.0
11600	0.98	1.0	0.94	1.0	1.0	0.98	0.9	0.98	0.98	0.98	0.9	0.98	1.0	0.98	0.96	1.0
11650	0.98	1.0	0.96	1.0	1.0	0.98	0.88	1.0	0.98	0.98	0.9	1.0	1.0	0.98	0.98	1.0
11700	0.98	1.0	0.94	1.0	1.0	0.98	0.86	1.0	0.98	0.98	0.92	0.98	1.0	0.98	0.98	0.98
11750	1.0	1.0	0.94	1.0	1.0	0.98	0.86	1.0	0.98	0.98	0.92	0.98	1.0	0.96	0.98	0.98
11800	0.98	1.0	0.94	1.0	1.0	1.0	0.86	1.0	0.98	0.98	0.9	0.98	1.0	0.96	0.98	0.98
11850	0.96	1.0	0.94	1.0	1.0	1.0	0.86	1.0	0.98	0.98	0.92	0.96	1.0	0.96	0.98	0.98
11900	0.96	1.0	0.94	1.0	1.0	1.0	0.86	1.0	0.98	0.98	0.92	0.96	1.0	0.94	0.98	0.98
11950	0.96	1.0	0.96	1.0	1.0	1.0	0.88	1.0	0.98	0.98	0.94	0.96	1.0	0.94	0.98	0.98
12000	0.94	1.0	0.96	1.0	1.0	0.98	0.88	1.0	1.0	0.98	0.94	0.96	1.0	0.94	0.98	0.98
12050	0.92	1.0	0.96	1.0	1.0	0.98	0.88	1.0	1.0	0.98	0.94	0.96	1.0	0.96	0.98	0.98
12100	0.92	1.0	0.96	1.0	1.0	0.98	0.88	1.0	1.0	0.98	0.94	0.96	1.0	0.96	0.98	0.98
12150	0.92	1.0	0.96	1.0	1.0	0.98	0.88	1.0	1.0	0.98	0.94	0.96	1.0	0.96	0.98	0.98
12200	0.92	0.98	0.98	1.0	1.0	0.98	0.88	1.0	1.0	0.98	0.94	0.96	1.0	0.94	0.98	0.98
12250	0.9	0.98	0.98	1.0	1.0	0.98	0.9	1.0	1.0	0.98	0.92	0.96	1.0	0.94	0.98	0.98
12300	0.9	0.98	0.96	1.0	1.0	0.98	0.92	1.0	1.0	0.98	0.92	0.96	1.0	0.94	0.98	0.98
12350	0.9	0.98	0.96	1.0	1.0	0.98	0.92	1.0	1.0	0.98	0.92	0.96	1.0	0.94	1.0	0.98
12400	0.9	0.98	0.96	1.0	1.0	0.98	0.92	1.0	1.0	0.98	0.96	0.98	1.0	0.94	1.0	0.98
12450	0.94	0.98	0.96	1.0	1.0	0.98	0.94	1.0	1.0	1.0	0.96	0.98	1.0	0.94	1.0	1.0
12500	0.94	0.98	0.98	1.0	1.0	0.98	0.94	1.0	1.0	1.0	0.96	0.98	1.0	0.94	1.0	1.0
12550	0.94	0.98	0.98	1.0	1.0	0.98	0.96	1.0	1.0	1.0	0.94	1.0	1.0	0.96	1.0	1.0
12600	0.92	0.98	0.98	0.98	1.0	0.98	0.96	1.0	1.0	1.0	0.94	1.0	1.0	0.96	1.0	1.0
12650	0.9	0.98	0.96	0.98	1.0	0.96	0.96	1.0	0.98	1.0	0.94	1.0	1.0	0.96	1.0	1.0
12700	0.94	0.98	0.96	0.98	1.0	0.96	0.96	1.0	0.98	1.0	0.92	1.0	1.0	0.96	1.0	1.0
12750	0.94	0.98	0.96	0.98	1.0	0.98	0.98	1.0	0.98	1.0	0.9	1.0	1.0	0.98	1.0	1.0
12800	0.96	0.98	0.96	0.98	1.0	0.98	1.0	1.0	0.98	1.0	0.9	1.0	1.0	0.98	1.0	1.0
12850	0.96	0.98	0.96	0.98	1.0	0.98	1.0	1.0	0.98	1.0	0.9	1.0	1.0	0.98	1.0	1.0
12900	0.96	0.98	0.96	0.98	1.0	0.98	1.0	1.0	0.96	0.98	0.92	1.0	1.0	0.98	1.0	1.0
12950	0.96	0.98	0.96	0.98	1.0	0.98	0.98	1.0	0.96	0.98	0.92	1.0	1.0	0.98	1.0	1.0
13000	0.96	0.98	0.96	0.98	1.0	0.98	0.98	1.0	0.96	0.98	0.92	1.0	1.0	1.0	1.0	1.0
13050	0.96	0.98	0.96	0.98	1.0	0.98	0.98	1.0	0.96	0.98	0.92	1.0	1.0	1.0	1.0	1.0
13100	0.94	0.98	0.94	0.98	1.0	0.98	0.98	1.0	0.96	0.98	0.92	1.0	1.0	1.0	1.0	1.0
13150	0.94	0.98	0.94	0.98	1.0	0.98	0.98	1.0	0.96	0.98	0.9	1.0	1.0	1.0	1.0	1.0
13200	0.94	1.0	0.96	0.98	0.98	0.98	0.98	1.0	0.94	0.98	0.9	1.0	1.0	1.0	1.0	1.0
13250	0.96	1.0	0.96	0.98	0.98	0.98	0.98	1.0	0.94	0.98	0.92	1.0	1.0	1.0	1.0	1.0
13300	0.98	1.0	0.96	0.98	0.98	1.0	0.98	1.0	0.94	0.98	0.94	1.0	1.0	1.0	1.0	1.0
13350	0.98	1.0	0.96	0.98	0.98	1.0	0.98	1.0	0.94	0.98	0.94	1.0	1.0	1.0	1.0	1.0
13400	0.98	1.0	0.96	0.98	0.98	1.0	0.98	1.0	0.94	0.98	0.94	1.0	1.0	1.0	1.0	1.0
13450	0.98	1.0	0.96	0.98	0.98	1.0	0.98	1.0	0.94	0.98	0.98	1.0	1.0	1.0	0.98	1.0
13500	0.98	1.0	0.98	1.0	0.98	1.0	0.98	1.0	0.94	0.98	0.98	1.0	1.0	1.0	0.98	1.0
13550	0.98	1.0	0.98	1.0	0.98	1.0	0.98	1.0	0.94	0.98	0.98	1.0	1.0	0.98	0.98	1.0
13600	0.98	1.0	0.98	1.0	0.98	1.0	0.98	1.0	0.94	0.98	0.98	1.0	1.0	0.98	0.98	1.0
13650	0.98	1.0	0.98	1.0	0.98	1.0	0.98	1.0	0.94	0.98	0.98	1.0	1.0	0.98	0.98	1.0
13700	0.98	1.0	0.98	1.0	0.98	1.0	0.98	1.0	0.94	0.98	0.98	1.0	1.0	0.98	0.98	1.0
13750	0.98	1.0	0.98	1.0	0.98	1.0	0.98	1.0	0.96	0.98	1.0	1.0	1.0	0.98	0.96	1.0
13800	0.98	1.0	0.98	1.0	0.98	1.0	0.96	1.0	0.96	1.0	1.0	1.0	1.0	0.98	0.96	1.0
13850	0.98	1.0	1.0	1.0	0.98	1.0	0.98	1.0	0.96	1.0	1.0	1.0	1.0	0.98	0.96	1.0
13900	0.98	1.0	1.0	1.0	0.98	1.0	0.98	0.98	0.96	1.0	1.0	0.98	1.0	0.98	0.96	1.0
13950	1.0	1.0	1.0	1.0	1.0	1.0	0.98	0.98	0.96	1.0	1.0	0.98	1.0	0.98	0.94	1.0
14000	1.0	1.0	1.0	1.0	1.0	1.0	0.98	0.98	0.96	1.0	1.0	0.98	1.0	0.98	0.94	1.0
14050	1.0	1.0	1.0	1.0	1.0	1.0	0.98	0.96	0.96	1.0	1.0	0.98	1.0	0.98	0.94	0.98
14100	1.0	1.0	1.0	1.0	1.0	1.0	0.98	0.96	0.98	1.0	1.0	0.98	1.0	0.98	0.94	0.98
14150	1.0	1.0	1.0	1.0	1.0	1.0	0.98	0.96	0.96	1.0	1.0	0.98	1.0	0.98	0.94	0.98
14200	1.0	1.0	1.0	1.0	1.0	1.0	0.98	0.96	0.96	1.0	1.0	0.98	1.0	0.98	0.94	0.98
14250	0.98	1.0	1.0	1.0	1.0	1.0	0.98	0.96	0.96	1.0	1.0	0.96	1.0	0.98	0.94	0.98
14300	0.98	1.0	1.0	1.0	1.0	1.0	0.98	0.96	0.96	1.0	1.0	0.96	1.0	0.98	0.96	0.98
14350	0.94	1.0	1.0	1.0	1.0	1.0	0.98	0.96	0.96	1.0	1.0	0.96	1.0	0.98	0.96	0.96
14400	0.94	1.0	1.0	1.0	1.0	1.0	0.98	0.96	0.98	1.0	1.0	0.96	1.0	0.98	0.94	0.96
14450	0.94	1.0	1.0	1.0	1.0	1.0	0.98	0.96	0.98	1.0	1.0	0.96	1.0	0.98	0.94	0.96
14500	0.94	1.0	0.98	1.0	1.0	1.0	0.98	0.96	0.98	1.0	0.98	0.96	1.0	0.98	0.96	0.94
14550	0.94	1.0	0.98	1.0	1.0	0.98	0.98	0.96	0.98	1.0	0.98	0.96	1.0	0.98	0.96	0.94
14600	0.92	1.0	0.98	1.0	1.0	0.98	0.98	0.96	0.98	1.0	0.98	0.96	1.0	0.98	0.96	0.94
14650	0.92	1.0	0.98	1.0	1.0	0.98	1.0	0.96	0.98	1.0	0.98	0.98	1.0	0.98	0.98	0.94
14700	0.92	1.0	0.98	1.0	1.0	0.98	1.0	0.96	0.98	1.0	0.98	0.98	1.0	0.98	0.98	0.96
14750	0.92	1.0	0.98	1.0	1.0	0.98	1.0	0.96	0.98	1.0	0.98	0.98	1.0	0.96	0.98	0.96
14800	0.92	1.0	0.98	1.0	1.0	0.98	1.0	0.98	0.98	1.0	0.98	0.98	1.0	0.96	0.98	0.96
14850	0.92	1.0	0.98	1.0	1.0	0.98	1.0	0.98	0.98	1.0	0.98	0.98	1.0	0.96	0.98	0.96
14900	0.92	1.0	0.98	1.0	1.0	0.98	1.0	0.98	1.0	1.0	0.98	0.98	1.0	0.94	0.98	0.96
14950	0.92	1.0	0.98	1.0	1.0	0.98	1.0	0.98	1.0	1.0	0.98	0.98	1.0	0.94	0.98	0.96
15000	0.92	1.0	0.98	1.0	1.0	0.98	1.0	1.0	1.0	1.0	0.98	0.98	1.0	0.94	0.96	0.96
15050	0.92	1.0	0.98	1.0	1.0	0.98	1.0	1.0	1.0	1.0	0.98	0.98	1.0	0.94	0.96	0.96
15100	0.92	1.0	0.98	1.0	1.0	0.98	1.0	1.0	1.0	1.0	0.98	0.98	1.0	0.94	0.96	0.96
15150	0.94	1.0	0.98	1.0	1.0	1.0	1.0	1.0	1.0	1.0	0.98	1.0	1.0	0.94	0.98	0.98
15200	0.94	1.0	1.0	1.0	1.0	1.0	0.98	1.0	1.0	1.0	1.0	1.0	1.0	0.96	0.98	0.98
15250	0.96	1.0	1.0	1.0	1.0	1.0	0.98	1.0	1.0	1.0	1.0	1.0	1.0	0.96	0.98	1.0
15300	0.98	1.0	1.0	1.0	1.0	1.0	0.98	1.0	1.0	1.0	1.0	1.0	1.0	0.96	0.98	1.0
15350	0.98	1.0	1.0	1.0	1.0	1.0	0.98	1.0	1.0	1.0	1.0	1.0	1.0	0.96	0.98	1.0
15400	0.98	1.0	1.0	1.0	1.0	1.0	0.98	1.0	1.0	1.0	1.0	1.0	1.0	0.96	0.98	1.0
15450	0.98	1.0	1.0	1.0	1.0	1.0	0.98	1.0	1.0	1.0	1.0	1.0	1.0	0.96	0.98	1.0
15500	0.98	1.0	1.0	1.0	1.0	1.0	0.98	1.0	1.0	1.0	1.0	1.0	1.0	0.96	0.98	1.0
15550	0.98	1.0	1.0	1.0	1.0	0.98	0.96	1.0	1.0	1.0	1.0	1.0	1.0	0.96	0.98	1.0
15600	1.0	1.0	1.0	1.0	1.0	0.98	0.96	1.0	1.0	1.0	1.0	1.0	1.0	0.96	0.98	1.0
15650	1.0	1.0	1.0	1.0	1.0	0.98	0.94	1.0	1.0	1.0	1.0	1.0	1.0	0.96	0.98	1.0
15700	1.0	1.0	1.0	1.0	1.0	0.98	0.94	1.0	1.0	1.0	0.96	1.0	1.0	0.96	0.98	1.0
15750	1.0	1.0	1.0	1.0	1.0	0.98	0.94	1.0	1.0	1.0	0.96	1.0	1.0	0.96	0.98	1.0
15800	1.0	1.0	1.0	1.0	1.0	0.98	0.94	1.0	1.0	1.0	0.96	1.0	1.0	0.96	0.98	1.0
15850	1.0	1.0	1.0	1.0	1.0	0.98	0.94	1.0	1.0	1.0	0.96	0.98	1.0	0.98	0.98	1.0
15900	1.0	1.0	1.0	1.0	1.0	0.98	0.94	1.0	1.0	1.0	0.96	0.98	1.0	0.96	1.0	1.0
15950	0.98	1.0	1.0	1.0	0.98	0.98	0.94	1.0	1.0	1.0	0.96	0.98	1.0	0.96	1.0	1.0
16000	0.98	1.0	0.98	1.0	0.98	0.98	0.94	1.0	1.0	1.0	0.96	0.98	1.0	0.96	1.0	1.0
16050	0.98	1.0	0.98	1.0	0.98	0.98	0.96	1.0	1.0	1.0	0.96	0.98	1.0	0.96	1.0	0.98
16100	0.98	1.0	0.98	1.0	0.98	0.98	0.96	1.0	1.0	1.0	0.96	0.98	1.0	0.96	1.0	0.98
16150	0.98	1.0	0.98	1.0	0.98	0.98	0.96	1.0	1.0	1.0	0.96	0.98	1.0	0.96	1.0	0.98
16200	0.98	1.0	0.98	1.0	0.98	0.98	0.96	1.0	1.0	0.98	0.96	0.96	1.0	0.96	1.0	0.98
16250	0.98	1.0	0.98	1.0	0.98	0.98	0.96	1.0	1.0	0.98	0.96	0.96	1.0	0.96	1.0	0.98
16300	0.98	1.0	0.98	1.0	0.98	0.98	0.96	1.0	1.0	0.98	0.96	0.96	1.0	0.96	1.0	0.98
16350	0.98	1.0	0.98	1.0	0.98	0.98	0.98	1.0	1.0	0.98	0.96	0.96	1.0	0.96	1.0	0.98
16400	0.98	0.98	0.98	1.0	0.98	1.0	1.0	1.0	1.0	0.98	0.96	0.96	1.0	0.96	1.0	0.98
16450	0.98	0.98	0.96	1.0	0.98	1.0	1.0	1.0	1.0	0.98	0.96	0.96	1.0	0.98	1.0	0.98
16500	0.98	0.98	0.96	1.0	0.98	1.0	1.0	1.0	1.0	0.98	0.96	0.96	1.0	0.98	1.0	0.98
16550	0.96	0.98	0.96	1.0	0.98	0.98	1.0	1.0	1.0	0.98	1.0	0.96	1.0	0.96	0.98	0.98
16600	0.96	0.98	0.96	1.0	0.98	0.98	1.0	1.0	1.0	0.98	1.0	0.98	1.0	0.96	0.98	0.98
16650	0.98	0.98	0.96	1.0	0.98	0.98	1.0	1.0	1.0	0.98	1.0	0.98	1.0	0.98	0.98	0.98
16700	0.98	0.98	0.96	1.0	0.98	0.98	1.0	1.0	1.0	0.98	1.0	0.98	1.0	0.98	0.98	0.98
16750	0.98	0.98	0.96	1.0	1.0	0.98	1.0	1.0	0.98	0.98	0.98	0.98	1.0	0.98	0.98	0.98
16800	0.98	0.98	0.94	1.0	1.0	0.98	1.0	1.0	0.98	0.98	0.98	0.98	0.98	0.98	0.98	1.0
16850	0.98	0.98	0.96	0.98	1.0	0.98	1.0	1.0	0.98	0.98	0.98	0.98	0.98	0.98	0.98	1.0
16900	0.98	0.98	0.96	0.98	1.0	0.98	1.0	1.0	0.98	0.98	0.98	0.98	0.98	0.98	0.98	1.0
16950	0.98	0.98	0.96	0.98	1.0	0.98	1.0	1.0	0.98	0.98	0.98	1.0	0.98	0.98	0.98	1.0
17000	0.98	0.98	0.96	0.98	1.0	0.98	1.0	1.0	0.98	0.98	0.98	1.0	0.98	0.98	0.98	1.0
17050	0.98	0.98	0.96	0.98	1.0	0.98	1.0	1.0	0.98	0.98	0.98	1.0	0.98	0.98	0.98	1.0
17100	0.98	0.98	0.96	0.98	1.0	0.98	1.0	1.0	0.98	0.98	0.98	1.0	0.98	0.98	0.98	1.0
17150	0.98	1.0	0.96	0.98	1.0	0.98	1.0	1.0	0.98	0.98	0.98	0.98	0.98	0.98	0.98	1.0
17200	0.98	1.0	0.94	0.98	1.0	0.96	1.0	1.0	0.98	0.98	0.98	0.98	0.98	0.98	0.98	1.0
17250	0.98	1.0	0.96	0.98	1.0	0.98	1.0	1.0	0.98	0.98	0.98	0.98	0.98	1.0	0.98	1.0
17300	0.98	1.0	0.96	0.98	0.98	0.98	1.0	1.0	0.98	0.96	0.98	0.98	0.98	1.0	1.0	1.0
17350	0.98	0.98	0.96	0.98	0.98	0.98	1.0	1.0	0.98	0.96	0.98	0.98	0.98	1.0	1.0	1.0
17400	0.98	0.98	0.96	0.98	0.98	0.98	1.0	1.0	0.96	0.96	0.98	0.96	0.98	1.0	0.98	1.0
17450	0.98	0.98	0.96	1.0	0.98	0.98	1.0	1.0	0.96	0.96	0.98	0.96	0.98	1.0	0.98	1.0
17500	1.0	0.98	0.98	1.0	0.98	0.98	1.0	1.0	0.96	0.96	0.98	0.96	0.98	1.0	0.98	1.0
17550	1.0	0.98	0.98	1.0	0.98	0.98	1.0	1.0	0.98	0.96	0.98	0.96	0.98	1.0	0.96	1.0
17600	1.0	0.98	0.98	1.0	0.98	0.98	1.0	1.0	0.98	0.96	1.0	0.96	0.98	0.98	0.96	1.0
17650	1.0	0.96	0.98	1.0	0.98	0.98	1.0	1.0	0.98	0.96	1.0	0.96	0.98	0.98	0.94	1.0
17700	1.0	0.96	0.98	1.0	0.98	0.98	1.0	1.0	0.98	0.96	1.0	0.96	1.0	0.98	0.94	1.0
17750	1.0	0.96	0.98	1.0	0.98	0.98	1.0	1.0	0.98	0.96	1.0	0.96	1.0	0.98	0.94	1.0
17800	1.0	0.96	0.98	1.0	0.98	0.98	1.0	1.0	0.98	0.96	1.0	0.96	1.0	0.98	0.94	1.0
17850	1.0	0.96	0.98	1.0	0.96	0.98	1.0	1.0	0.98	0.96	1.0	0.96	1.0	0.98	0.94	1.0
17900	1.0	0.96	0.98	1.0	0.96	0.98	1.0	1.0	0.96	0.96	1.0	0.96	1.0	0.96	0.92	1.0
17950	1.0	0.98	0.98	1.0	0.96	0.98	1.0	1.0	0.94	0.98	1.0	0.96	1.0	0.96	0.92	1.0
18000	1.0	0.98	0.98	1.0	0.96	0.98	1.0	1.0	0.94	0.98	1.0	0.96	1.0	0.96	0.92	1.0
18050	1.0	0.98	1.0	1.0	0.96	0.98	0.98	1.0	0.94	0.98	1.0	0.96	1.0	0.96	0.94	1.0
18100	1.0	0.98	1.0	1.0	0.96	1.0	0.96	1.0	0.94	0.98	1.0	0.96	1.0	0.96	0.94	1.0
18150	1.0	0.98	1.0	1.0	0.98	1.0	0.96	1.0	0.94	1.0	1.0	0.96	1.0	0.96	0.94	1.0
18200	1.0	0.98	1.0	1.0	0.98	1.0	0.96	1.0	0.94	1.0	1.0	0.94	1.0	0.96	0.94	1.0
18250	1.0	0.98	1.0	1.0	0.98	0.98	0.96	1.0	0.94	1.0	1.0	0.94	1.0	0.96	0.94	1.0
18300	1.0	1.0	1.0	1.0	0.98	0.98	0.96	1.0	0.94	1.0	1.0	0.96	1.0	0.96	0.94	1.0
18350	1.0	1.0	1.0	1.0	0.98	0.98	0.96	1.0	0.92	1.0	1.0	0.96	1.0	0.96	0.94	1.0
18400	1.0	1.0	1.0	1.0	0.98	0.98	0.96	1.0	0.92	1.0	1.0	0.96	1.0	0.98	0.92	1.0
18450	0.98	1.0	1.0	1.0	0.98	0.98	0.96	1.0	0.9	1.0	1.0	0.96	1.0	0.98	0.92	1.0
18500	0.98	1.0	1.0	1.0	0.98	0.98	0.96	1.0	0.88	1.0	1.0	0.96	1.0	0.98	0.94	1.0
18550	0.98	1.0	1.0	1.0	0.98	0.98	0.96	1.0	0.88	0.98	1.0	0.96	1.0	0.98	0.94	1.0
18600	0.98	1.0	1.0	1.0	0.98	0.98	0.96	1.0	0.86	0.98	1.0	0.94	1.0	0.98	0.94	1.0
18650	0.98	1.0	1.0	1.0	0.98	0.98	0.96	1.0	0.9	0.98	1.0	0.94	1.0	0.98	0.94	1.0
18700	0.98	1.0	1.0	1.0	1.0	0.98	0.96	1.0	0.9	0.98	1.0	0.94	1.0	1.0	0.94	1.0
18750	0.98	1.0	1.0	1.0	1.0	0.98	0.96	1.0	0.9	0.98	1.0	0.96	1.0	1.0	0.94	1.0
18800	0.98	1.0	1.0	1.0	1.0	0.98	0.94	1.0	0.9	0.98	1.0	0.96	1.0	1.0	0.94	1.0
18850	0.98	1.0	1.0	1.0	1.0	0.98	0.92	0.98	0.9	0.98	1.0	0.96	1.0	1.0	0.96	1.0
18900	0.98	1.0	1.0	1.0	1.0	0.98	0.92	0.98	0.9	0.96	0.98	0.94	1.0	1.0	0.96	1.0
18950	0.98	1.0	1.0	1.0	1.0	0.98	0.92	0.98	0.9	0.96	0.98	0.94	1.0	1.0	0.94	1.0
19000	0.98	1.0	1.0	1.0	1.0	0.96	0.94	0.98	0.92	0.94	0.96	0.94	1.0	1.0	0.94	1.0
19050	1.0	1.0	1.0	0.98	1.0	0.96	0.92	0.98	0.92	0.94	0.96	0.96	1.0	1.0	0.94	1.0
19100	1.0	1.0	1.0	0.98	1.0	0.96	0.92	0.98	0.94	0.94	0.96	0.96	1.0	1.0	0.94	1.0
19150	1.0	1.0	0.98	0.98	1.0	0.98	0.92	0.98	0.94	0.94	0.96	0.96	1.0	1.0	0.92	1.0
19200	1.0	1.0	0.98	0.98	1.0	0.98	0.88	0.98	0.96	0.92	0.96	0.96	1.0	1.0	0.9	1.0
19250	0.98	1.0	0.98	0.98	1.0	0.98	0.88	0.98	0.94	0.92	0.96	0.96	1.0	1.0	0.92	1.0
19300	0.98	1.0	0.98	0.98	1.0	0.98	0.88	0.98	0.96	0.9	0.96	0.96	1.0	0.98	0.9	1.0
19350	0.98	1.0	0.98	0.98	1.0	0.98	0.88	0.98	0.96	0.9	0.96	0.94	1.0	0.98	0.9	1.0
19400	0.98	1.0	0.98	0.98	1.0	0.98	0.88	0.98	0.96	0.9	0.96	0.96	1.0	0.98	0.88	1.0
19450	0.98	1.0	0.96	0.98	1.0	0.98	0.88	0.98	0.96	0.9	0.96	0.96	1.0	0.98	0.88	1.0
19500	0.98	1.0	0.96	0.98	1.0	0.98	0.88	0.98	0.96	0.9	0.96	0.96	1.0	0.98	0.88	1.0
19550	0.98	1.0	0.96	0.98	0.98	0.96	0.88	0.98	0.96	0.9	0.96	0.96	1.0	0.98	0.88	1.0
19600	0.98	1.0	0.96	0.98	0.98	0.96	0.88	1.0	0.96	0.92	0.96	0.96	1.0	0.98	0.9	1.0
19650	0.98	1.0	0.96	0.98	0.98	0.96	0.86	1.0	0.96	0.92	0.96	0.96	1.0	0.98	0.9	1.0
19700	0.98	1.0	0.96	0.98	0.98	0.96	0.86	1.0	0.96	0.92	0.96	0.98	1.0	0.98	0.92	1.0
19750	0.98	1.0	0.96	1.0	0.98	0.96	0.86	1.0	0.98	0.94	0.98	0.98	1.0	0.98	0.92	1.0
19800	0.98	1.0	0.96	0.98	0.98	0.96	0.88	1.0	0.98	0.94	0.98	0.98	1.0	0.98	0.92	1.0
19850	0.98	1.0	0.96	0.98	0.98	0.96	0.88	1.0	0.98	0.94	1.0	0.98	1.0	0.98	0.94	1.0
19900	0.96	1.0	0.94	0.98	0.98	0.96	0.9	1.0	1.0	0.94	1.0	0.98	1.0	0.98	0.94	1.0
19950	0.96	1.0	0.94	0.98	0.98	0.98	0.92	1.0	0.98	0.96	1.0	0.98	1.0	0.98	0.96	1.0
20000	0.96	1.0	0.96	0.98	0.98	0.98	0.92	1.0	0.98	0.96	1.0	0.98	1.0	0.98	0.96	1.0
