0	0.0	0.0	0.0	0.0	0.0	0.0	0.0	0.0	0.0	0.0	0.0	0.0	0.0	0.0	0.0	0.0
50	0.0	0.0	0.285714285714	0.0	0.0	0.0	0.0	0.0	0.0	0.333333333333	0.333333333333	0.0	0.166666666667	0.0	0.0	0.142857142857
100	0.0	0.0	0.4	0.571428571429	0.4	0.166666666667	0.285714285714	0.5	0.142857142857	0.5	0.428571428571	0.333333333333	0.142857142857	0.666666666667	0.5	0.3
150	0.333333333333	0.375	0.454545454545	0.692307692308	0.5	0.3	0.333333333333	0.6	0.25	0.666666666667	0.5	0.6	0.1	0.75	0.5	0.375
200	0.5	0.3	0.5625	0.733333333333	0.636363636364	0.5	0.5	0.636363636364	0.416666666667	0.727272727273	0.642857142857	0.714285714286	0.285714285714	0.785714285714	0.625	0.411764705882
250	0.5	0.363636363636	0.611111111111	0.809523809524	0.733333333333	0.578947368421	0.571428571429	0.666666666667	0.5	0.833333333333	0.6875	0.8	0.333333333333	0.8125	0.733333333333	0.5
300	0.555555555556	0.461538461538	0.666666666667	0.84	0.826086956522	0.666666666667	0.625	0.714285714286	0.588235294118	0.842105263158	0.722222222222	0.833333333333	0.421052631579	0.833333333333	0.777777777778	0.6
350	0.619047619048	0.611111111111	0.730769230769	0.857142857143	0.84	0.703703703704	0.631578947368	0.75	0.652173913043	0.857142857143	0.791666666667	0.833333333333	0.454545454545	0.85	0.8	0.642857142857
400	0.666666666667	0.666666666667	0.75	0.833333333333	0.821428571429	0.733333333333	0.695652173913	0.809523809524	0.68	0.875	0.807692307692	0.866666666667	0.538461538462	0.863636363636	0.833333333333	0.69696969697
450	0.68	0.740740740741	0.758620689655	0.861111111111	0.84375	0.741935483871	0.740740740741	0.84	0.703703703704	0.892857142857	0.814814814815	0.888888888889	0.571428571429	0.884615384615	0.846153846154	0.736842105263
500	0.75	0.766666666667	0.774193548387	0.861111111111	0.857142857143	0.705882352941	0.75	0.851851851852	0.741935483871	0.914285714286	0.84375	0.894736842105	0.612903225806	0.9	0.857142857143	0.756097560976
550	0.783783783784	0.794117647059	0.78125	0.861111111111	0.880952380952	0.717948717949	0.794117647059	0.857142857143	0.757575757576	0.918918918919	0.861111111111	0.9	0.657142857143	0.914285714286	0.857142857143	0.772727272727
600	0.809523809524	0.794117647059	0.78125	0.871794871795	0.891304347826	0.744186046512	0.825	0.878787878788	0.771428571429	0.928571428571	0.864864864865	0.909090909091	0.692307692308	0.926829268293	0.866666666667	0.777777777778
650	0.822222222222	0.815789473684	0.794117647059	0.875	0.895833333333	0.770833333333	0.829268292683	0.894736842105	0.80487804878	0.931818181818	0.875	0.925925925926	0.7	0.9375	0.870967741935	0.787234042553
700	0.822222222222	0.829268292683	0.810810810811	0.878048780488	0.94	0.8	0.840909090909	0.906976744186	0.818181818182	0.936170212766	0.886363636364	0.9375	0.707317073171	0.94	0.891891891892	0.82
750	0.84	0.833333333333	0.809523809524	0.891304347826	0.96	0.84	0.854166666667	0.906976744186	0.808510638298	0.98	0.893617021277	0.941176470588	0.727272727273	0.96	0.904761904762	0.86
800	0.86	0.840909090909	0.818181818182	0.895833333333	0.98	0.84	0.88	0.913043478261	0.9	0.98	0.895833333333	0.945945945946	0.78	0.98	0.913043478261	0.86
850	0.92	0.847826086957	0.826086956522	0.897959183673	0.98	0.9	0.92	0.918367346939	0.92	0.98	0.92	0.945945945946	0.82	0.98	0.92	0.94
900	0.96	0.86	0.829787234043	0.9	0.98	0.92	0.94	0.94	0.94	0.98	0.94	0.955555555556	0.86	0.98	0.94	0.94
950	0.96	0.96	0.816326530612	0.94	0.98	0.92	0.98	1.0	0.94	0.98	0.96	0.957446808511	0.9	1.0	0.94	1.0
1000	0.98	0.98	0.82	0.96	0.98	0.94	0.98	1.0	0.94	0.98	0.98	0.959183673469	0.92	1.0	0.96	1.0
1050	0.96	0.98	0.84	0.96	0.98	0.94	0.98	1.0	0.94	0.96	1.0	1.0	0.98	1.0	0.98	1.0
1100	0.96	0.98	0.92	0.98	1.0	0.94	1.0	1.0	0.96	0.96	1.0	1.0	1.0	1.0	0.98	1.0
1150	0.96	0.98	0.94	0.98	1.0	0.94	1.0	1.0	0.96	0.96	1.0	1.0	1.0	1.0	0.98	1.0
1200	0.96	0.98	0.96	0.98	1.0	0.94	1.0	1.0	0.96	0.96	1.0	1.0	1.0	1.0	0.98	0.98
1250	0.96	0.98	0.96	0.98	1.0	0.94	1.0	1.0	0.96	0.96	1.0	1.0	1.0	1.0	0.98	0.98
1300	0.96	0.98	0.96	0.98	1.0	0.98	1.0	1.0	0.96	0.96	1.0	1.0	1.0	1.0	0.98	0.98
1350	0.96	0.98	0.96	0.96	1.0	1.0	1.0	1.0	0.96	0.96	1.0	1.0	1.0	1.0	0.96	0.98
1400	0.96	0.98	0.96	0.98	1.0	1.0	1.0	1.0	0.96	0.98	1.0	1.0	1.0	1.0	0.96	0.98
1450	0.96	0.98	0.96	0.98	1.0	1.0	1.0	1.0	0.98	0.98	1.0	1.0	1.0	1.0	0.94	0.98
1500	0.96	0.96	0.96	0.98	1.0	1.0	1.0	1.0	0.98	0.98	1.0	1.0	1.0	1.0	0.92	0.98
1550	0.96	0.96	0.96	0.98	1.0	1.0	1.0	1.0	1.0	0.98	1.0	1.0	1.0	1.0	0.92	0.98
1600	0.96	0.96	0.96	0.98	1.0	1.0	0.98	1.0	1.0	0.98	1.0	0.98	1.0	1.0	0.92	0.98
1650	0.96	0.96	0.96	0.96	1.0	1.0	0.96	1.0	1.0	0.98	1.0	0.98	1.0	1.0	0.9	0.98
1700	0.96	0.96	0.96	0.96	1.0	1.0	0.96	1.0	1.0	0.98	0.98	0.98	1.0	1.0	0.9	0.98
1750	0.96	0.96	0.96	0.96	1.0	1.0	0.96	1.0	1.0	0.98	0.98	0.98	1.0	1.0	0.9	0.98
1800	0.96	0.98	0.94	0.96	1.0	1.0	0.96	1.0	1.0	1.0	0.98	0.98	1.0	1.0	0.92	0.98
1850	0.98	0.98	0.92	0.96	1.0	1.0	0.96	1.0	1.0	1.0	0.98	0.98	1.0	1.0	0.92	0.98
1900	1.0	0.98	0.92	0.96	1.0	1.0	0.96	1.0	0.96	1.0	0.98	0.98	0.98	1.0	0.92	0.98
1950	1.0	0.98	0.92	0.96	1.0	1.0	0.96	1.0	0.94	1.0	0.96	0.98	0.98	1.0	0.94	0.98
2000	1.0	0.94	0.92	0.96	1.0	1.0	0.96	1.0	0.94	1.0	0.96	0.98	0.98	1.0	0.94	0.98
2050	1.0	0.94	0.88	0.96	1.0	1.0	0.96	1.0	0.94	1.0	0.96	0.98	0.98	1.0	0.94	0.98
2100	1.0	0.94	0.88	0.96	1.0	1.0	0.96	1.0	0.94	1.0	0.96	0.98	0.98	1.0	0.94	0.98
2150	0.98	0.94	0.88	0.98	1.0	1.0	0.96	1.0	0.94	1.0	0.96	0.98	0.98	1.0	0.94	0.98
2200	0.98	0.94	0.88	0.96	1.0	1.0	0.96	1.0	0.94	1.0	0.96	0.98	0.98	1.0	0.96	1.0
2250	0.98	0.92	0.88	0.94	1.0	1.0	0.96	1.0	0.94	1.0	0.96	0.98	0.98	0.98	0.96	0.98
2300	0.98	0.94	0.88	0.94	0.98	1.0	0.96	0.98	0.94	1.0	0.96	0.98	0.98	0.98	0.98	0.98
2350	0.98	0.94	0.9	0.94	0.98	1.0	0.96	0.98	0.92	1.0	0.96	0.98	0.98	0.98	0.98	0.98
2400	0.98	0.94	0.92	0.94	0.98	1.0	0.96	0.98	0.92	1.0	0.94	0.98	0.98	0.98	0.98	0.98
2450	0.98	0.94	0.94	0.94	0.98	1.0	0.96	0.98	0.92	1.0	0.96	1.0	0.98	0.98	0.98	0.96
2500	0.98	0.94	0.96	0.96	0.98	1.0	0.98	0.98	0.92	1.0	0.96	1.0	0.98	0.98	0.98	0.96
2550	0.98	0.94	0.96	0.96	0.98	1.0	1.0	0.98	0.92	1.0	0.96	1.0	0.98	0.98	0.98	0.96
2600	0.96	0.94	0.96	0.96	0.98	1.0	1.0	0.98	0.92	1.0	0.96	1.0	0.98	0.98	1.0	0.96
2650	0.96	0.94	0.96	0.96	0.98	1.0	1.0	0.96	0.92	1.0	0.96	1.0	0.98	0.98	0.98	0.96
2700	0.96	0.94	0.96	0.96	0.98	1.0	1.0	0.94	0.92	1.0	0.94	1.0	1.0	0.98	0.98	0.96
2750	0.96	0.94	0.98	0.96	0.98	1.0	1.0	0.94	0.94	1.0	0.94	1.0	1.0	0.98	0.98	0.96
2800	0.94	0.94	1.0	0.96	0.96	1.0	1.0	0.94	0.98	1.0	0.94	1.0	1.0	0.98	0.98	0.96
2850	0.94	0.98	1.0	0.96	0.98	1.0	1.0	0.9	0.96	1.0	0.94	1.0	1.0	0.98	0.98	0.94
2900	0.94	0.98	1.0	0.96	0.98	1.0	1.0	0.88	0.96	1.0	0.94	1.0	1.0	0.98	0.96	0.94
2950	0.94	1.0	0.98	0.96	0.98	1.0	1.0	0.88	0.96	1.0	0.94	1.0	1.0	0.98	0.96	0.94
3000	0.94	1.0	0.98	0.96	0.98	1.0	1.0	0.86	0.96	1.0	0.94	1.0	1.0	1.0	0.96	0.94
3050	0.96	1.0	0.98	0.94	0.98	1.0	1.0	0.88	0.96	1.0	0.94	1.0	1.0	0.98	0.96	0.94
3100	0.96	1.0	0.98	0.96	0.98	1.0	1.0	0.86	0.96	1.0	0.94	0.98	0.98	0.98	0.96	0.94
3150	0.96	1.0	0.98	0.96	0.98	1.0	1.0	0.86	0.98	0.98	0.96	0.98	0.94	0.98	0.96	0.94
3200	0.94	1.0	0.98	0.98	0.98	1.0	1.0	0.86	0.98	0.98	0.96	0.98	0.94	0.98	0.96	0.96
3250	0.92	1.0	0.98	0.98	0.96	1.0	1.0	0.86	0.98	0.98	0.96	0.98	0.94	0.98	0.96	0.96
3300	0.92	1.0	0.98	0.98	0.96	1.0	1.0	0.86	0.98	0.96	0.96	0.98	0.94	0.98	0.96	0.98
3350	0.92	0.98	0.98	0.98	0.96	1.0	1.0	0.86	0.98	0.96	0.96	0.98	0.94	0.98	0.96	0.98
3400	0.92	0.96	0.98	0.98	0.96	1.0	0.98	0.84	0.98	0.96	0.96	0.98	0.94	0.98	0.96	0.98
3450	0.92	0.96	0.96	0.98	0.96	1.0	0.98	0.84	0.98	0.96	1.0	0.98	0.94	0.98	0.96	0.98
3500	0.9	0.96	0.96	0.98	0.94	1.0	0.98	0.86	0.98	0.96	1.0	0.98	0.94	0.98	0.96	0.98
3550	0.92	0.96	0.96	0.96	0.96	1.0	0.96	0.88	0.98	0.94	1.0	0.98	0.94	0.98	0.98	0.98
3600	0.92	0.96	0.96	0.96	0.96	1.0	0.94	0.88	0.98	0.94	1.0	0.98	0.94	0.96	0.96	0.98
3650	0.94	0.96	0.98	0.96	0.96	1.0	0.94	0.88	1.0	0.92	1.0	0.98	0.96	0.96	0.96	0.98
3700	0.94	0.96	0.98	0.96	0.96	1.0	0.94	0.88	1.0	0.9	0.98	0.98	0.96	0.96	0.96	0.96
3750	0.94	0.96	0.98	0.98	0.96	1.0	0.94	0.9	1.0	0.9	0.98	0.98	0.98	0.98	0.96	0.96
3800	0.94	0.96	0.98	0.98	0.96	1.0	0.94	0.9	1.0	0.9	0.98	0.98	1.0	0.98	0.98	0.96
3850	0.94	0.96	0.98	0.98	0.96	1.0	0.94	0.92	1.0	0.9	0.98	0.98	1.0	0.98	0.98	0.98
3900	0.94	0.96	0.98	0.98	0.96	1.0	0.94	0.94	1.0	0.9	0.98	1.0	1.0	0.96	0.98	0.98
3950	0.94	0.94	0.98	0.98	0.96	1.0	0.94	0.94	1.0	0.9	0.98	1.0	1.0	0.96	0.98	0.98
4000	0.94	0.94	0.98	0.98	0.96	1.0	0.92	0.94	1.0	0.9	0.98	1.0	1.0	0.94	0.98	0.98
4050	0.98	0.94	0.98	0.98	0.98	1.0	0.92	0.96	1.0	0.9	0.98	1.0	1.0	0.94	0.98	0.98
4100	0.98	0.94	0.98	0.98	0.96	1.0	0.92	0.96	1.0	0.92	0.98	1.0	1.0	0.94	0.98	0.98
4150	0.98	0.96	0.98	0.98	0.96	1.0	0.92	0.98	1.0	0.92	0.98	1.0	1.0	0.94	0.98	0.98
4200	0.98	0.96	0.98	0.98	0.96	1.0	0.94	0.98	1.0	0.92	0.98	1.0	1.0	0.94	0.98	0.98
4250	0.98	0.98	0.98	0.98	0.96	1.0	0.94	0.98	1.0	0.92	0.98	1.0	1.0	0.94	0.98	0.96
4300	0.98	0.98	0.98	0.98	0.96	1.0	0.94	0.98	1.0	0.92	0.96	1.0	1.0	0.94	0.98	0.96
4350	0.98	0.98	0.98	1.0	0.98	1.0	0.96	1.0	1.0	0.92	0.98	1.0	1.0	0.94	0.98	0.96
4400	1.0	0.98	0.96	0.98	0.98	1.0	0.98	1.0	1.0	0.92	0.98	1.0	1.0	0.94	0.98	0.96
4450	1.0	0.98	0.94	0.96	0.96	1.0	0.98	1.0	1.0	0.92	0.98	1.0	1.0	0.94	0.98	0.96
4500	1.0	0.98	0.94	0.94	0.96	1.0	0.98	0.98	1.0	0.92	0.98	1.0	1.0	0.94	0.98	0.98
4550	1.0	0.98	0.94	0.94	0.96	1.0	0.98	0.98	1.0	0.94	0.98	1.0	1.0	0.94	1.0	0.98
4600	1.0	0.98	0.94	0.94	0.96	1.0	0.98	0.98	1.0	0.94	0.98	1.0	1.0	0.94	1.0	0.98
4650	0.98	0.96	0.92	0.94	0.96	1.0	0.98	0.98	1.0	0.94	0.98	1.0	1.0	0.94	1.0	0.96
4700	0.98	0.96	0.92	0.94	0.96	1.0	0.98	0.98	1.0	0.96	0.98	1.0	1.0	0.94	0.98	0.96
4750	0.98	0.98	0.92	0.94	0.94	1.0	0.98	0.98	1.0	0.96	0.98	1.0	1.0	0.96	0.98	0.96
4800	0.98	0.98	0.92	0.94	0.94	1.0	1.0	0.98	0.98	0.96	0.98	1.0	1.0	0.96	0.98	0.96
4850	0.98	0.98	0.94	0.94	0.94	1.0	1.0	0.98	0.96	0.96	0.98	1.0	1.0	0.96	0.98	0.94
4900	0.98	0.98	0.94	0.94	0.96	1.0	1.0	0.96	0.96	0.96	0.98	1.0	0.98	0.98	0.98	0.94
4950	0.98	0.98	0.94	0.92	0.96	1.0	1.0	0.96	0.96	0.96	0.98	1.0	0.98	0.98	0.98	0.94
5000	0.98	0.98	0.92	0.92	0.96	1.0	1.0	0.96	0.96	0.96	0.98	1.0	0.96	0.98	0.98	0.94
5050	0.96	0.98	0.92	0.94	0.96	1.0	1.0	0.94	0.96	0.96	0.98	1.0	0.96	0.98	0.96	0.94
5100	0.96	0.98	0.94	0.94	0.94	1.0	1.0	0.94	0.96	0.94	0.98	1.0	0.96	0.98	0.96	0.96
5150	0.96	0.98	0.96	0.98	0.94	1.0	1.0	0.94	0.96	0.94	0.98	1.0	0.96	0.98	0.96	0.94
5200	0.96	0.98	0.96	0.98	0.94	1.0	1.0	0.94	0.96	0.94	0.98	1.0	0.96	1.0	0.96	0.94
5250	0.94	0.98	0.96	0.96	0.94	1.0	1.0	0.94	0.96	0.92	1.0	1.0	0.96	1.0	0.96	0.94
5300	0.96	0.98	0.98	0.96	0.96	1.0	1.0	0.96	0.96	0.92	1.0	1.0	0.96	0.98	0.96	0.92
5350	0.96	0.98	0.98	0.96	0.96	1.0	1.0	0.96	0.96	0.92	1.0	1.0	0.96	0.96	0.96	0.92
5400	0.96	0.98	0.98	0.96	0.96	1.0	1.0	0.96	0.96	0.94	1.0	1.0	0.96	0.94	0.94	0.92
5450	0.96	0.98	0.98	0.96	0.98	1.0	1.0	0.96	0.96	0.96	1.0	1.0	0.96	0.94	0.92	0.92
5500	0.96	0.98	0.98	0.96	0.98	1.0	1.0	0.96	0.96	0.96	1.0	1.0	0.94	0.94	0.92	0.92
5550	0.96	0.98	0.98	0.96	0.98	1.0	1.0	0.96	0.96	0.96	1.0	1.0	0.94	0.94	0.92	0.92
5600	0.96	0.98	0.98	0.96	0.98	1.0	0.98	0.96	0.96	0.96	1.0	1.0	0.96	0.94	0.9	0.92
5650	0.96	1.0	1.0	0.96	0.98	1.0	0.98	0.96	1.0	0.96	1.0	1.0	0.96	0.94	0.92	0.92
5700	0.96	1.0	1.0	0.98	0.98	1.0	0.98	0.98	1.0	0.96	1.0	1.0	0.96	0.94	0.92	0.9
5750	0.96	1.0	1.0	0.98	1.0	1.0	0.98	1.0	1.0	0.96	1.0	1.0	0.98	0.94	0.92	0.92
5800	0.96	1.0	1.0	0.96	1.0	1.0	0.98	1.0	1.0	0.96	1.0	1.0	0.98	0.94	0.92	0.9
5850	0.96	1.0	1.0	0.94	1.0	1.0	0.98	1.0	1.0	0.98	1.0	1.0	0.98	0.94	0.92	0.9
5900	0.94	1.0	0.98	0.94	1.0	1.0	0.98	1.0	1.0	0.98	1.0	1.0	0.98	0.94	0.92	0.92
5950	0.94	1.0	0.98	0.94	1.0	1.0	0.98	1.0	1.0	0.98	1.0	1.0	0.98	0.92	0.94	0.92
6000	0.94	0.98	0.98	0.96	1.0	1.0	0.98	1.0	1.0	1.0	1.0	1.0	0.96	0.92	0.94	0.92
6050	0.94	0.98	0.98	0.94	0.98	1.0	0.96	1.0	1.0	1.0	1.0	1.0	0.94	0.94	0.94	0.92
6100	0.96	0.96	0.98	0.92	0.98	1.0	0.94	1.0	1.0	1.0	1.0	1.0	0.94	0.94	0.94	0.92
6150	0.96	0.96	0.96	0.92	0.98	0.98	0.94	1.0	1.0	0.98	1.0	1.0	0.96	0.94	0.96	0.94
6200	0.96	0.96	0.96	0.92	0.98	0.98	0.94	1.0	1.0	0.98	1.0	1.0	0.94	0.94	0.98	0.94
6250	0.94	0.96	0.94	0.92	0.98	0.98	0.94	1.0	1.0	0.98	1.0	1.0	0.94	0.96	0.98	0.94
6300	0.94	0.96	0.92	0.92	0.98	0.98	0.94	1.0	1.0	0.98	0.98	1.0	0.94	0.98	0.98	0.94
6350	0.94	0.96	0.92	0.9	0.98	0.98	0.94	1.0	1.0	0.96	0.98	1.0	0.94	0.98	1.0	0.92
6400	0.94	0.96	0.9	0.9	0.98	0.98	0.94	1.0	1.0	0.96	0.98	1.0	0.94	0.98	1.0	0.94
6450	0.94	0.96	0.9	0.88	0.98	0.98	0.94	1.0	1.0	0.94	0.98	1.0	0.94	0.98	1.0	0.94
6500	0.94	0.96	0.9	0.88	0.96	0.98	0.94	1.0	1.0	0.94	0.98	1.0	0.94	0.98	1.0	0.94
6550	0.94	0.96	0.9	0.9	0.96	0.98	0.94	1.0	1.0	0.94	0.98	0.98	0.94	0.98	1.0	0.94
6600	0.94	0.96	0.9	0.92	0.96	0.98	0.96	1.0	1.0	0.94	0.98	0.98	0.94	0.98	1.0	0.94
6650	0.94	0.96	0.92	0.92	0.96	0.98	0.96	1.0	1.0	0.94	0.98	0.98	0.94	1.0	1.0	0.96
6700	0.92	0.96	0.92	0.92	0.96	0.98	0.96	1.0	1.0	0.94	0.98	0.98	0.94	1.0	1.0	0.96
6750	0.92	0.96	0.92	0.92	0.96	0.98	0.96	1.0	0.98	0.94	0.98	0.96	0.94	0.96	1.0	0.98
6800	0.92	0.98	0.92	0.92	0.98	0.98	0.96	1.0	0.98	0.94	0.98	0.96	0.96	0.96	1.0	0.98
6850	0.94	0.98	0.92	0.94	0.98	0.98	0.94	1.0	0.98	0.94	0.98	0.96	0.96	0.96	1.0	0.96
6900	0.96	1.0	0.92	0.96	0.98	0.98	0.94	1.0	0.98	0.94	0.98	0.96	0.98	0.96	1.0	0.96
6950	0.96	1.0	0.92	0.96	0.98	1.0	0.96	1.0	0.98	0.96	0.98	0.96	0.98	0.96	1.0	0.96
7000	0.96	1.0	0.94	0.96	0.96	1.0	0.98	1.0	0.98	0.96	0.98	0.96	0.98	0.96	1.0	0.96
7050	0.96	1.0	0.94	0.96	0.96	0.98	0.98	1.0	0.98	0.96	0.98	0.96	0.98	0.96	1.0	0.96
7100	0.96	1.0	0.94	0.96	0.96	0.98	0.98	1.0	0.98	0.96	0.98	0.96	0.98	0.96	1.0	0.96
7150	0.96	1.0	0.94	0.96	0.96	0.98	0.98	1.0	0.98	0.96	1.0	0.96	0.98	0.94	1.0	0.96
7200	0.96	1.0	0.96	0.98	0.98	0.98	0.98	1.0	0.98	0.96	1.0	0.96	0.98	0.94	1.0	0.98
7250	0.96	1.0	0.94	0.98	0.98	0.98	0.98	1.0	0.98	0.96	1.0	0.96	0.98	0.94	0.98	0.98
7300	0.98	1.0	0.94	1.0	0.96	0.98	0.98	1.0	0.98	0.98	1.0	0.96	0.98	0.94	0.96	0.98
7350	0.98	1.0	0.94	1.0	0.96	0.98	0.98	1.0	0.98	1.0	1.0	0.96	0.98	0.94	0.96	0.98
7400	0.98	1.0	0.94	1.0	0.94	0.98	0.98	1.0	0.98	0.98	1.0	0.98	0.98	0.96	0.96	0.98
7450	0.98	1.0	0.94	1.0	0.94	0.98	0.98	1.0	0.98	0.98	1.0	0.98	0.98	0.96	0.94	0.98
7500	0.98	1.0	0.94	1.0	0.94	0.98	0.98	1.0	0.98	0.98	1.0	1.0	0.98	0.96	0.94	0.98
7550	0.98	1.0	0.94	1.0	0.94	0.98	1.0	1.0	0.98	0.98	1.0	1.0	1.0	0.94	0.94	0.98
7600	0.98	1.0	0.94	1.0	0.94	0.98	0.98	1.0	0.98	0.98	1.0	1.0	1.0	0.94	0.94	0.98
7650	0.98	1.0	0.94	1.0	0.94	0.98	0.98	1.0	0.98	0.98	1.0	1.0	1.0	0.94	0.94	1.0
7700	1.0	1.0	0.94	1.0	0.94	0.98	0.98	1.0	1.0	0.98	1.0	1.0	1.0	0.94	0.94	1.0
7750	1.0	1.0	0.96	1.0	0.94	0.98	0.96	1.0	1.0	0.98	1.0	1.0	1.0	0.94	0.92	1.0
7800	1.0	1.0	0.96	1.0	0.94	0.98	0.96	1.0	1.0	0.98	1.0	1.0	1.0	0.94	0.92	1.0
7850	1.0	1.0	0.96	1.0	0.94	0.98	0.96	1.0	1.0	0.98	1.0	1.0	1.0	0.94	0.92	1.0
7900	1.0	0.98	0.96	1.0	0.94	0.98	0.96	1.0	1.0	0.98	1.0	1.0	1.0	0.94	0.92	1.0
7950	1.0	0.98	0.98	1.0	0.96	0.98	0.96	1.0	1.0	0.98	1.0	1.0	1.0	0.94	0.94	1.0
8000	1.0	0.98	0.98	1.0	0.96	0.98	0.96	1.0	1.0	0.98	1.0	1.0	1.0	0.96	0.94	1.0
8050	1.0	0.98	0.98	1.0	0.96	0.96	0.96	1.0	1.0	0.98	1.0	1.0	0.96	0.94	0.94	1.0
8100	1.0	0.98	1.0	1.0	0.94	0.96	0.96	1.0	1.0	0.98	1.0	1.0	0.94	0.94	0.94	1.0
8150	0.98	0.98	1.0	1.0	0.94	0.96	0.96	1.0	1.0	0.98	1.0	1.0	0.94	0.94	0.94	1.0
8200	0.98	0.98	1.0	0.98	0.94	0.96	0.96	1.0	1.0	0.98	1.0	1.0	0.94	0.94	0.96	1.0
8250	0.96	0.98	1.0	0.98	0.96	0.96	0.96	1.0	1.0	0.98	1.0	1.0	0.94	0.94	0.96	1.0
8300	0.96	0.98	1.0	0.98	0.98	0.96	0.96	1.0	1.0	0.98	1.0	0.98	0.94	0.94	0.98	1.0
8350	0.96	0.98	1.0	0.98	0.98	0.96	0.96	1.0	1.0	0.98	1.0	0.98	0.94	0.96	0.98	1.0
8400	0.96	0.98	0.98	0.98	0.96	0.96	0.98	1.0	1.0	0.98	1.0	0.96	0.94	0.94	0.98	1.0
8450	0.96	0.98	0.98	0.98	0.96	0.96	1.0	1.0	1.0	0.98	1.0	0.96	0.94	0.96	1.0	1.0
8500	0.96	0.98	0.98	0.98	0.96	0.96	1.0	1.0	1.0	0.98	1.0	0.96	0.94	0.96	1.0	1.0
8550	0.96	0.98	0.98	0.98	0.94	0.96	1.0	1.0	1.0	0.98	1.0	0.96	0.94	0.96	1.0	1.0
8600	0.96	0.98	0.98	0.98	0.94	0.96	1.0	1.0	1.0	0.98	1.0	0.96	0.94	0.96	1.0	1.0
8650	0.94	0.98	0.98	0.98	0.94	0.96	1.0	1.0	1.0	0.98	1.0	0.96	0.94	0.92	1.0	0.98
8700	0.94	0.98	0.98	0.98	0.94	0.96	1.0	1.0	1.0	0.98	1.0	0.96	0.94	0.92	1.0	0.98
8750	0.94	0.98	0.98	0.98	0.94	0.98	1.0	1.0	1.0	0.96	1.0	0.96	0.96	0.9	1.0	0.98
8800	0.94	0.98	0.98	0.98	0.94	0.98	1.0	1.0	1.0	0.96	1.0	0.96	0.98	0.92	1.0	0.98
8850	0.94	0.98	0.98	0.98	0.94	0.98	1.0	1.0	0.98	0.94	1.0	0.94	0.98	0.92	1.0	0.98
8900	0.94	0.98	0.98	0.98	0.96	0.98	1.0	1.0	0.98	0.92	1.0	0.94	1.0	0.92	1.0	0.98
8950	0.94	0.98	0.98	0.98	0.96	1.0	1.0	1.0	0.98	0.92	1.0	0.94	1.0	0.92	1.0	0.98
9000	0.96	0.98	0.98	1.0	0.96	1.0	1.0	1.0	0.98	0.92	0.98	0.94	0.98	0.92	1.0	0.98
9050	0.96	0.98	0.98	1.0	0.96	1.0	1.0	1.0	0.98	0.94	0.96	0.94	0.98	0.92	1.0	0.98
9100	0.98	0.96	0.98	1.0	0.96	1.0	1.0	1.0	0.98	0.94	0.96	0.94	0.98	0.92	1.0	0.98
9150	0.98	0.96	0.98	1.0	0.96	1.0	1.0	1.0	0.98	0.94	0.96	0.96	0.98	0.92	1.0	0.98
9200	0.98	0.96	0.98	1.0	0.96	1.0	1.0	1.0	0.98	0.94	0.96	0.96	0.98	0.92	1.0	0.98
9250	0.98	0.96	0.98	1.0	0.96	1.0	0.98	1.0	0.98	0.94	0.96	0.98	0.98	0.92	1.0	0.98
9300	0.98	0.98	0.98	1.0	0.94	1.0	0.98	1.0	0.98	0.94	0.96	0.98	0.98	0.9	1.0	0.98
9350	0.98	0.98	1.0	1.0	0.94	1.0	0.98	1.0	0.98	0.94	0.96	0.98	0.98	0.92	1.0	0.98
9400	0.98	0.98	1.0	1.0	0.94	1.0	0.98	1.0	0.98	0.94	0.96	0.98	0.98	0.92	1.0	0.96
9450	0.98	0.98	1.0	1.0	0.96	1.0	0.98	1.0	0.98	0.94	0.96	0.98	0.98	0.9	1.0	0.98
9500	0.98	0.98	1.0	1.0	0.96	1.0	0.98	1.0	0.98	0.94	0.96	0.98	0.98	0.9	1.0	0.96
9550	0.98	0.98	1.0	1.0	0.96	1.0	0.98	1.0	0.98	0.96	0.94	1.0	0.98	0.9	1.0	0.96
9600	0.98	0.98	1.0	1.0	0.96	1.0	0.96	1.0	1.0	0.98	0.92	1.0	0.98	0.92	0.98	0.96
9650	0.96	0.98	1.0	1.0	0.96	1.0	0.96	1.0	1.0	1.0	0.92	1.0	0.98	0.94	0.98	0.96
9700	0.96	0.98	1.0	1.0	0.96	1.0	0.96	1.0	1.0	1.0	0.92	1.0	0.98	0.96	0.98	0.96
9750	0.96	0.98	1.0	1.0	0.96	1.0	0.96	1.0	1.0	1.0	0.92	1.0	0.98	0.96	0.98	0.96
9800	0.96	0.98	1.0	1.0	0.96	1.0	0.96	1.0	1.0	1.0	0.92	1.0	0.98	0.96	0.98	0.96
9850	0.96	0.98	1.0	1.0	0.94	1.0	0.92	1.0	1.0	1.0	0.94	1.0	1.0	0.96	0.98	0.96
9900	0.96	0.98	1.0	1.0	0.94	1.0	0.92	1.0	1.0	1.0	0.96	1.0	1.0	0.96	0.98	0.96
9950	0.96	0.98	1.0	1.0	0.94	1.0	0.92	1.0	1.0	1.0	0.96	1.0	1.0	0.96	0.98	0.96
10000	0.96	0.98	1.0	1.0	0.94	1.0	0.92	1.0	1.0	1.0	0.96	1.0	1.0	0.96	0.96	0.96
10050	0.96	0.98	1.0	1.0	0.96	1.0	0.92	1.0	1.0	1.0	0.96	0.98	1.0	0.96	0.96	0.96
10100	0.98	0.96	0.98	1.0	0.96	1.0	0.94	1.0	1.0	1.0	0.96	0.98	1.0	0.96	0.96	0.96
10150	0.98	0.96	0.98	1.0	0.98	1.0	0.94	1.0	1.0	1.0	0.96	0.98	1.0	0.96	0.96	0.96
10200	0.98	0.96	0.98	1.0	0.98	0.98	0.94	1.0	1.0	1.0	0.96	0.98	1.0	0.98	0.96	0.98
10250	1.0	0.96	0.98	1.0	0.98	0.98	0.94	1.0	1.0	1.0	0.96	0.98	1.0	1.0	0.96	0.98
10300	1.0	0.96	0.98	1.0	0.98	0.98	0.94	1.0	1.0	1.0	1.0	0.98	1.0	0.98	0.98	1.0
10350	1.0	0.96	0.98	1.0	0.98	0.98	0.94	1.0	1.0	1.0	1.0	0.96	1.0	0.96	0.98	1.0
10400	1.0	0.98	0.98	1.0	0.98	0.98	0.96	1.0	0.96	1.0	1.0	0.96	1.0	0.96	0.96	1.0
10450	0.98	0.98	0.98	1.0	0.98	0.96	0.96	1.0	0.96	1.0	1.0	0.96	1.0	0.96	0.96	1.0
10500	0.98	0.98	0.98	0.98	1.0	0.94	0.96	1.0	0.96	1.0	1.0	0.96	1.0	0.94	0.96	1.0
10550	0.98	0.98	0.98	0.96	1.0	0.92	1.0	1.0	0.96	1.0	1.0	0.96	1.0	0.94	0.96	1.0
10600	0.98	0.98	0.98	0.96	1.0	0.92	1.0	1.0	0.96	1.0	1.0	0.96	1.0	0.94	0.96	1.0
10650	0.98	0.98	1.0	0.96	1.0	0.92	1.0	1.0	0.96	1.0	1.0	0.96	1.0	0.94	0.94	1.0
10700	0.98	1.0	1.0	0.94	1.0	0.9	1.0	1.0	0.96	1.0	1.0	0.96	1.0	0.94	0.94	1.0
10750	0.98	0.98	1.0	0.94	1.0	0.9	1.0	1.0	0.96	1.0	1.0	0.96	1.0	0.94	0.96	1.0
10800	0.98	0.98	1.0	0.94	1.0	0.9	1.0	1.0	0.96	1.0	0.98	0.96	1.0	0.94	0.96	1.0
10850	0.98	0.98	1.0	0.94	1.0	0.88	1.0	1.0	0.96	1.0	0.98	0.96	1.0	0.94	0.94	1.0
10900	0.98	0.98	1.0	0.94	1.0	0.88	1.0	1.0	0.96	1.0	0.96	0.98	1.0	0.94	0.94	1.0
10950	0.98	0.98	1.0	0.94	1.0	0.9	1.0	1.0	0.94	1.0	0.96	0.98	1.0	0.94	0.94	1.0
11000	0.98	0.98	1.0	0.94	1.0	0.9	1.0	1.0	0.94	1.0	0.96	0.98	1.0	0.92	0.94	1.0
11050	0.98	0.98	1.0	0.94	1.0	0.9	1.0	1.0	0.96	1.0	0.96	0.98	1.0	0.92	0.96	1.0
11100	1.0	0.98	1.0	0.96	1.0	0.9	1.0	1.0	0.98	1.0	0.96	0.98	1.0	0.96	0.96	1.0
11150	1.0	0.98	1.0	0.96	1.0	0.9	1.0	1.0	0.98	1.0	0.96	0.98	1.0	0.96	0.96	1.0
11200	1.0	0.96	1.0	0.96	1.0	0.92	1.0	1.0	0.98	1.0	0.96	0.98	1.0	0.96	0.96	1.0
11250	1.0	0.96	1.0	0.96	1.0	0.92	1.0	1.0	0.98	1.0	0.96	1.0	1.0	0.96	0.96	1.0
11300	1.0	0.98	1.0	0.98	1.0	0.94	1.0	1.0	0.98	1.0	0.96	1.0	1.0	0.98	0.96	1.0
11350	1.0	0.96	1.0	0.98	1.0	0.94	1.0	1.0	0.98	1.0	0.96	0.98	1.0	0.98	0.96	1.0
11400	1.0	0.92	1.0	0.98	1.0	0.94	1.0	1.0	0.98	1.0	0.96	0.98	1.0	0.98	0.96	1.0
11450	1.0	0.92	1.0	0.98	1.0	0.96	1.0	1.0	0.98	1.0	0.96	0.98	1.0	0.98	0.96	0.98
11500	1.0	0.92	1.0	0.98	1.0	0.98	1.0	1.0	0.98	1.0	0.96	0.98	1.0	0.98	0.98	0.98
11550	0.96	0.92	1.0	0.98	1.0	0.98	1.0	1.0	0.98	1.0	0.96	0.98	1.0	0.96	0.98	0.98
11600	0.96	0.92	1.0	0.98	1.0	0.98	1.0	1.0	0.98	1.0	0.98	0.98	1.0	0.96	0.98	0.98
11650	0.94	0.92	1.0	0.98	1.0	0.98	1.0	1.0	1.0	0.98	1.0	0.98	1.0	0.98	0.98	0.98
11700	0.92	0.92	1.0	0.98	1.0	0.98	1.0	1.0	1.0	0.98	1.0	0.98	1.0	0.98	0.98	0.98
11750	0.92	0.92	0.98	1.0	1.0	0.98	1.0	1.0	1.0	0.98	0.98	0.98	0.98	0.98	0.98	0.98
11800	0.9	0.94	0.98	1.0	1.0	0.98	1.0	1.0	1.0	0.98	0.96	0.98	0.98	0.98	0.98	0.96
11850	0.9	0.94	0.98	1.0	1.0	1.0	1.0	1.0	1.0	0.98	0.96	0.96	0.98	0.98	1.0	0.96
11900	0.9	0.94	0.98	1.0	0.98	1.0	1.0	1.0	1.0	0.98	0.96	0.98	0.98	0.98	1.0	0.96
11950	0.9	0.94	0.98	1.0	0.98	1.0	1.0	1.0	1.0	0.98	0.96	0.98	0.98	0.98	1.0	0.96
12000	0.9	0.96	0.98	1.0	0.98	1.0	1.0	1.0	1.0	0.98	0.96	0.98	0.98	0.98	1.0	0.96
12050	0.9	0.98	0.98	1.0	0.98	1.0	1.0	1.0	1.0	0.98	0.96	0.98	0.98	0.98	1.0	0.94
12100	0.9	0.96	0.98	1.0	0.98	1.0	1.0	1.0	1.0	0.98	0.96	0.98	0.98	0.96	1.0	0.94
12150	0.9	0.96	0.98	1.0	0.98	1.0	1.0	1.0	1.0	0.98	0.96	0.98	0.98	0.96	1.0	0.96
12200	0.88	0.96	0.98	1.0	0.98	0.98	0.98	1.0	1.0	0.98	0.96	0.96	0.98	0.98	1.0	0.96
12250	0.9	0.96	0.96	1.0	0.98	0.96	0.98	1.0	1.0	0.98	0.96	0.96	0.98	0.96	1.0	0.94
12300	0.92	0.96	0.96	1.0	0.98	0.96	0.98	1.0	1.0	0.98	0.96	0.96	0.98	0.96	1.0	0.9
12350	0.96	0.96	0.96	1.0	0.98	0.96	0.98	1.0	1.0	0.98	0.96	0.98	0.98	0.96	1.0	0.9
12400	0.96	0.96	0.96	1.0	0.98	0.96	0.98	1.0	0.98	0.98	0.96	0.98	0.98	0.96	1.0	0.92
12450	0.96	0.96	0.96	1.0	0.98	0.96	0.98	1.0	0.98	0.98	0.96	0.98	1.0	0.96	1.0	0.92
12500	0.98	0.96	0.98	1.0	0.98	0.96	0.98	1.0	0.96	1.0	0.98	0.98	1.0	0.96	1.0	0.92
12550	0.98	0.96	0.98	1.0	0.98	0.96	0.98	1.0	0.94	1.0	0.98	0.98	0.98	0.96	1.0	0.92
12600	0.98	0.92	0.98	1.0	0.98	0.96	0.98	1.0	0.94	1.0	0.98	0.98	0.98	0.96	1.0	0.92
12650	0.98	0.92	0.98	1.0	1.0	0.96	0.98	1.0	0.94	1.0	0.98	0.98	0.98	0.96	1.0	0.92
12700	0.98	0.94	0.98	1.0	1.0	0.96	0.98	1.0	0.94	1.0	0.98	0.96	0.98	0.96	1.0	0.92
12750	0.98	0.96	0.98	1.0	1.0	0.98	0.98	1.0	0.94	0.98	0.98	0.96	0.98	0.96	1.0	0.9
12800	1.0	0.96	0.98	1.0	1.0	1.0	0.98	1.0	0.94	0.98	0.98	0.98	0.98	0.98	1.0	0.9
12850	1.0	0.96	0.98	1.0	1.0	1.0	0.98	1.0	0.92	0.98	0.98	0.98	0.98	0.98	1.0	0.92
12900	1.0	0.96	0.98	1.0	1.0	1.0	0.96	1.0	0.92	0.98	0.98	0.98	0.98	0.98	1.0	0.94
12950	1.0	0.96	1.0	1.0	1.0	1.0	0.96	1.0	0.92	0.98	0.98	0.96	0.98	0.98	1.0	0.96
13000	1.0	0.96	1.0	1.0	1.0	1.0	0.98	1.0	0.92	0.98	0.98	0.96	0.98	0.98	1.0	0.98
13050	1.0	0.94	1.0	0.98	1.0	1.0	0.98	1.0	0.94	0.98	1.0	0.96	0.98	1.0	1.0	0.98
13100	1.0	0.94	0.96	0.98	1.0	1.0	0.98	1.0	0.94	0.98	1.0	0.96	0.98	1.0	1.0	0.98
13150	1.0	0.94	0.94	0.98	1.0	1.0	0.94	1.0	0.92	0.98	1.0	0.96	1.0	0.98	1.0	0.98
13200	1.0	0.96	0.94	0.98	1.0	0.98	0.94	1.0	0.92	0.98	1.0	0.94	1.0	0.98	1.0	0.98
13250	1.0	0.98	0.94	0.96	0.98	0.98	0.94	1.0	0.94	0.98	1.0	0.92	1.0	0.98	1.0	0.98
13300	1.0	0.98	0.94	0.96	0.98	0.98	0.94	1.0	0.94	0.98	1.0	0.92	1.0	0.96	1.0	0.98
13350	1.0	0.98	0.94	0.96	0.98	0.98	0.94	1.0	0.96	0.98	1.0	0.94	1.0	0.94	1.0	0.98
13400	1.0	0.98	0.94	0.96	0.98	0.98	0.94	1.0	0.96	0.98	1.0	0.94	1.0	0.9	1.0	0.98
13450	1.0	0.98	0.94	0.96	0.98	0.98	0.94	1.0	0.96	0.98	1.0	0.94	1.0	0.88	1.0	0.98
13500	0.98	0.98	0.94	0.96	0.96	0.98	0.94	1.0	0.96	1.0	1.0	0.94	1.0	0.88	1.0	0.98
13550	0.98	0.98	0.94	0.96	0.96	0.98	0.96	1.0	0.98	1.0	1.0	0.94	1.0	0.88	1.0	0.98
13600	0.98	0.98	0.92	0.98	0.96	0.98	0.96	1.0	0.98	1.0	1.0	0.94	1.0	0.88	1.0	0.98
13650	0.98	0.98	0.92	0.98	0.94	0.98	0.96	1.0	0.98	1.0	1.0	0.96	1.0	0.88	1.0	0.98
13700	0.98	0.98	0.92	0.98	0.94	0.98	0.96	1.0	0.98	1.0	1.0	0.96	1.0	0.9	1.0	0.98
13750	0.98	1.0	0.96	0.98	0.94	1.0	0.94	1.0	0.98	1.0	1.0	0.96	1.0	0.9	1.0	0.98
13800	0.98	1.0	0.96	0.98	0.92	1.0	0.98	1.0	0.98	1.0	1.0	0.96	1.0	0.92	1.0	0.98
13850	0.98	1.0	0.98	1.0	0.92	1.0	0.98	1.0	0.98	1.0	1.0	1.0	1.0	0.92	1.0	0.98
13900	0.98	1.0	0.98	1.0	0.94	1.0	0.98	1.0	0.98	1.0	1.0	1.0	1.0	0.96	1.0	0.98
13950	0.98	1.0	0.98	1.0	0.94	1.0	0.96	1.0	1.0	1.0	1.0	1.0	1.0	0.98	1.0	0.98
14000	0.98	1.0	0.98	1.0	0.94	1.0	0.96	1.0	1.0	1.0	1.0	1.0	1.0	0.98	1.0	0.98
14050	0.98	0.98	0.96	1.0	0.94	1.0	0.96	1.0	1.0	1.0	1.0	1.0	1.0	0.98	1.0	0.98
14100	0.98	0.98	0.96	1.0	0.94	1.0	0.96	1.0	1.0	1.0	1.0	1.0	1.0	0.98	1.0	1.0
14150	0.98	0.98	0.96	1.0	0.94	1.0	0.96	1.0	1.0	1.0	1.0	1.0	1.0	0.98	1.0	1.0
14200	0.98	0.98	0.96	1.0	0.94	1.0	0.96	1.0	1.0	1.0	1.0	1.0	1.0	0.98	1.0	1.0
14250	0.98	0.98	0.96	1.0	0.96	1.0	0.96	1.0	1.0	1.0	1.0	1.0	1.0	0.98	1.0	1.0
14300	1.0	0.98	0.96	1.0	0.96	1.0	0.96	1.0	1.0	1.0	1.0	1.0	1.0	0.98	1.0	1.0
14350	1.0	0.98	0.98	1.0	0.98	1.0	0.96	1.0	1.0	1.0	1.0	1.0	1.0	0.98	1.0	1.0
14400	1.0	0.98	0.98	1.0	0.98	1.0	0.96	1.0	1.0	1.0	1.0	1.0	1.0	0.98	1.0	0.98
14450	1.0	0.98	0.98	0.98	1.0	1.0	0.96	1.0	1.0	1.0	1.0	1.0	1.0	0.98	1.0	0.98
14500	1.0	0.98	0.96	0.98	1.0	1.0	0.98	1.0	1.0	1.0	1.0	0.98	1.0	0.98	1.0	0.98
14550	1.0	0.98	0.96	0.98	1.0	0.98	0.98	1.0	1.0	1.0	1.0	0.98	1.0	0.98	1.0	0.98
14600	1.0	0.98	0.96	0.98	1.0	0.98	0.98	1.0	1.0	1.0	1.0	0.98	1.0	0.98	1.0	0.98
14650	1.0	1.0	0.96	0.98	1.0	0.98	0.98	1.0	1.0	1.0	1.0	0.96	0.98	1.0	1.0	0.98
14700	1.0	1.0	0.96	0.98	1.0	0.98	1.0	1.0	1.0	1.0	1.0	0.96	0.98	1.0	1.0	0.98
14750	1.0	1.0	0.96	0.98	1.0	0.96	1.0	1.0	1.0	1.0	1.0	0.96	0.98	1.0	1.0	0.98
14800	1.0	1.0	0.96	0.98	1.0	0.96	0.98	1.0	1.0	1.0	1.0	0.96	0.98	1.0	1.0	0.98
14850	1.0	1.0	0.96	0.98	1.0	0.96	0.98	1.0	1.0	0.98	1.0	0.96	0.98	1.0	1.0	0.98
14900	1.0	1.0	0.98	0.98	0.98	0.96	0.98	1.0	1.0	0.98	1.0	0.96	0.98	1.0	1.0	0.98
14950	0.98	1.0	0.98	0.98	0.98	0.94	0.98	1.0	1.0	0.98	1.0	0.96	0.98	1.0	1.0	0.98
15000	0.98	1.0	0.98	0.98	0.98	0.94	0.98	1.0	1.0	0.98	0.98	0.94	0.98	1.0	1.0	0.98
15050	0.98	1.0	0.98	0.98	0.98	0.94	0.96	1.0	1.0	0.98	0.98	0.94	0.98	1.0	1.0	1.0
15100	0.98	0.98	0.96	0.98	0.98	0.94	0.96	1.0	1.0	0.98	0.98	0.96	0.98	1.0	0.98	1.0
15150	0.98	0.98	0.94	0.98	0.98	0.94	0.96	1.0	1.0	0.98	0.98	0.96	0.98	1.0	0.98	1.0
15200	0.98	0.98	0.94	0.98	0.98	0.96	0.96	1.0	1.0	0.98	0.98	0.96	0.98	1.0	0.98	1.0
15250	0.98	0.98	0.94	0.98	0.98	0.96	0.96	1.0	1.0	0.98	0.98	0.96	0.98	1.0	0.98	1.0
15300	0.98	0.98	0.94	1.0	0.98	0.96	0.96	1.0	1.0	0.96	0.98	0.96	1.0	1.0	0.98	1.0
15350	0.98	0.98	0.94	1.0	0.98	0.96	0.96	1.0	1.0	0.96	0.98	0.96	1.0	1.0	0.98	1.0
15400	0.98	0.98	0.96	1.0	0.98	0.96	0.96	1.0	1.0	0.96	0.96	0.96	1.0	1.0	0.98	1.0
15450	0.98	0.98	0.96	1.0	0.98	0.98	0.96	1.0	1.0	0.94	0.96	0.96	1.0	1.0	0.98	1.0
15500	0.98	0.98	0.96	1.0	0.96	0.98	0.96	1.0	1.0	0.94	0.96	0.96	1.0	1.0	0.98	1.0
15550	0.98	0.98	0.96	1.0	0.96	0.98	0.96	1.0	1.0	0.94	0.96	0.96	1.0	1.0	0.98	1.0
15600	0.98	0.98	0.96	1.0	0.96	0.98	0.96	1.0	1.0	0.94	0.96	0.96	1.0	1.0	0.98	1.0
15650	1.0	0.98	0.96	1.0	0.96	0.98	0.96	1.0	1.0	0.94	0.96	0.96	0.98	1.0	0.96	1.0
15700	1.0	1.0	0.96	1.0	0.98	0.98	0.98	1.0	1.0	0.96	0.96	0.96	0.98	1.0	0.96	1.0
15750	1.0	1.0	0.96	1.0	0.98	0.98	0.98	1.0	1.0	0.96	0.96	0.96	0.98	1.0	0.96	1.0
15800	0.98	1.0	0.98	0.98	0.96	0.96	0.98	1.0	1.0	0.96	0.98	1.0	0.98	1.0	0.98	1.0
15850	0.98	1.0	0.98	0.98	0.96	0.94	0.98	1.0	1.0	0.96	0.98	0.98	0.98	0.98	0.98	1.0
15900	0.98	1.0	0.98	0.98	0.96	0.94	0.98	1.0	1.0	0.98	0.98	0.98	0.98	0.98	0.98	0.98
15950	0.98	1.0	0.98	0.98	0.96	0.94	0.98	1.0	1.0	0.96	0.98	0.98	0.96	0.98	0.98	0.98
16000	0.96	1.0	0.98	0.98	0.94	0.94	0.98	1.0	1.0	0.96	0.98	0.98	0.96	0.98	0.98	0.96
16050	0.96	1.0	0.98	0.98	0.94	0.94	0.98	1.0	1.0	0.96	0.96	0.98	0.96	0.98	0.98	0.96
16100	0.96	1.0	0.96	0.98	0.94	0.94	0.96	1.0	1.0	0.96	0.96	0.98	0.96	0.98	0.98	0.96
16150	0.96	1.0	0.96	0.98	0.94	0.94	0.96	1.0	1.0	0.96	0.96	0.98	0.96	0.96	0.98	0.96
16200	0.96	1.0	0.96	0.98	0.96	0.94	0.98	1.0	1.0	0.98	0.98	0.98	0.96	0.96	0.98	0.96
16250	0.96	1.0	0.96	0.98	0.96	0.94	0.98	1.0	1.0	0.98	0.98	0.98	0.98	0.96	0.98	0.96
16300	0.96	1.0	0.96	0.98	0.96	0.96	0.98	1.0	1.0	0.98	0.96	0.98	0.96	0.96	0.98	0.96
16350	0.96	1.0	0.96	0.98	0.96	0.96	0.98	1.0	1.0	0.98	0.96	0.98	0.96	0.96	0.98	0.96
16400	0.96	1.0	0.96	0.98	0.96	0.96	0.98	1.0	1.0	0.98	0.96	0.98	0.96	0.96	1.0	0.96
16450	0.98	1.0	0.96	0.98	0.96	0.96	0.98	1.0	1.0	0.96	0.96	0.96	0.96	0.96	1.0	0.96
16500	0.98	1.0	0.98	0.98	0.96	0.96	0.98	1.0	1.0	0.96	0.96	0.96	0.98	0.96	1.0	0.96
16550	0.98	0.98	0.98	0.98	0.96	0.96	0.98	1.0	1.0	0.96	0.96	0.96	0.98	0.96	1.0	0.96
16600	0.98	0.98	0.96	1.0	0.94	0.98	0.98	1.0	1.0	0.96	0.96	0.96	0.98	0.94	1.0	0.96
16650	1.0	0.98	0.96	1.0	0.94	1.0	0.98	1.0	1.0	0.96	0.96	0.96	0.98	0.96	1.0	0.96
16700	1.0	0.98	0.96	1.0	0.92	1.0	0.98	1.0	1.0	0.96	0.96	0.96	0.98	0.96	1.0	0.98
16750	1.0	0.98	0.96	1.0	0.92	1.0	0.98	1.0	1.0	0.96	0.98	0.98	0.98	0.96	1.0	1.0
16800	1.0	0.98	0.98	1.0	0.92	0.98	0.98	1.0	1.0	0.96	0.98	0.98	0.96	0.96	1.0	1.0
16850	1.0	0.98	0.96	1.0	0.9	0.98	0.98	1.0	1.0	0.98	0.98	0.98	0.98	0.96	1.0	1.0
16900	1.0	0.98	0.96	1.0	0.9	0.98	0.98	1.0	1.0	0.98	0.96	0.98	0.98	0.96	1.0	1.0
16950	1.0	0.94	0.96	1.0	0.92	0.98	0.98	1.0	1.0	0.98	0.96	0.98	0.98	0.98	1.0	1.0
17000	1.0	0.94	0.96	1.0	0.92	0.98	1.0	1.0	1.0	0.98	0.98	0.98	0.96	0.98	1.0	1.0
17050	1.0	0.94	0.94	0.98	0.92	0.98	0.98	1.0	1.0	0.98	0.98	0.98	0.96	0.98	1.0	1.0
17100	1.0	0.96	0.94	0.98	0.92	0.98	0.98	1.0	1.0	0.98	0.98	0.98	0.96	0.96	1.0	1.0
17150	1.0	0.94	0.94	0.98	0.94	0.98	0.98	1.0	1.0	0.98	0.96	1.0	0.94	0.96	1.0	0.98
17200	1.0	0.92	0.94	0.98	0.94	0.98	0.98	1.0	1.0	0.98	0.94	1.0	0.94	0.96	1.0	0.98
17250	1.0	0.92	0.94	0.96	0.94	0.98	0.98	1.0	1.0	0.98	0.94	1.0	0.94	0.96	1.0	0.98
17300	1.0	0.92	0.94	0.96	0.94	0.98	0.96	1.0	1.0	0.98	0.92	1.0	0.94	0.96	1.0	0.96
17350	1.0	0.9	0.96	0.96	0.96	0.98	0.96	1.0	1.0	0.98	0.92	1.0	0.94	0.96	1.0	0.96
17400	1.0	0.9	0.96	0.96	0.96	0.98	0.94	1.0	1.0	0.96	0.94	0.98	0.94	0.96	1.0	0.96
17450	1.0	0.9	0.96	0.96	0.96	0.98	0.94	1.0	1.0	0.96	0.94	0.98	0.94	0.96	1.0	0.96
17500	1.0	0.92	0.96	0.96	0.96	0.98	0.94	1.0	1.0	0.96	0.94	0.98	0.94	0.98	1.0	0.96
17550	1.0	0.94	0.96	0.96	0.98	0.98	0.94	1.0	1.0	0.96	0.94	0.98	0.94	0.98	1.0	0.94
17600	1.0	0.92	0.96	0.94	0.96	0.98	0.94	1.0	1.0	0.96	0.94	0.98	0.96	0.98	1.0	0.94
17650	1.0	0.92	0.96	0.94	0.96	0.98	0.94	1.0	1.0	0.96	0.92	0.98	0.96	0.98	1.0	0.94
17700	1.0	0.94	0.98	0.94	0.96	1.0	0.96	1.0	1.0	0.96	0.92	0.98	0.96	0.98	1.0	0.94
17750	1.0	0.94	0.98	0.94	0.96	1.0	0.96	1.0	1.0	0.94	0.94	0.98	0.96	0.98	1.0	0.94
17800	1.0	0.94	0.98	0.96	0.98	1.0	0.96	1.0	1.0	0.94	0.94	0.98	0.96	0.98	1.0	0.96
17850	1.0	0.96	0.98	0.96	0.96	1.0	0.96	1.0	1.0	0.94	0.94	0.98	0.98	0.98	1.0	0.96
17900	1.0	0.96	1.0	0.96	0.96	1.0	0.96	1.0	1.0	0.96	0.94	0.98	0.96	0.98	1.0	0.96
17950	1.0	0.96	1.0	0.96	0.94	1.0	0.96	1.0	1.0	0.96	0.96	0.98	0.98	0.98	1.0	0.96
18000	1.0	0.98	1.0	0.98	0.94	1.0	0.96	1.0	1.0	0.96	0.96	0.98	0.98	0.98	1.0	0.96
18050	1.0	0.98	1.0	0.98	0.92	1.0	0.98	1.0	1.0	0.96	0.96	0.98	0.96	0.98	1.0	0.96
18100	1.0	0.98	1.0	0.98	0.92	1.0	1.0	1.0	1.0	0.96	0.96	0.98	0.96	0.98	1.0	0.96
18150	1.0	0.98	1.0	0.98	0.92	1.0	1.0	1.0	1.0	0.96	0.96	0.98	0.96	0.98	1.0	0.96
18200	1.0	1.0	1.0	0.98	0.92	1.0	1.0	1.0	1.0	0.96	0.96	1.0	0.96	0.98	1.0	0.94
18250	1.0	1.0	1.0	0.98	0.92	0.98	1.0	1.0	1.0	0.96	0.96	1.0	0.96	0.96	1.0	0.92
18300	0.98	1.0	1.0	0.98	0.92	0.98	1.0	1.0	1.0	0.96	0.96	1.0	0.96	0.96	1.0	0.94
18350	0.98	1.0	1.0	0.98	0.94	0.98	1.0	1.0	1.0	0.96	0.94	1.0	0.96	0.96	1.0	0.94
18400	0.98	1.0	1.0	0.98	0.94	0.98	1.0	1.0	1.0	0.96	0.94	1.0	0.96	0.94	1.0	0.94
18450	0.98	1.0	1.0	0.98	0.94	0.98	1.0	1.0	1.0	0.98	0.94	1.0	0.96	0.94	1.0	0.94
18500	0.98	1.0	1.0	1.0	0.94	0.98	1.0	1.0	1.0	0.98	0.94	0.98	0.98	0.94	1.0	0.94
18550	0.98	1.0	1.0	1.0	0.96	0.98	1.0	1.0	1.0	0.98	0.96	0.98	0.98	0.96	1.0	0.94
18600	0.98	1.0	1.0	1.0	0.96	0.98	1.0	1.0	1.0	0.98	0.96	0.98	0.98	0.96	1.0	0.94
18650	0.98	1.0	1.0	1.0	0.98	0.98	0.98	1.0	1.0	0.98	0.98	0.98	0.98	0.96	1.0	0.94
18700	0.98	1.0	1.0	1.0	0.98	0.96	0.98	1.0	1.0	0.98	0.98	0.98	0.98	0.96	1.0	0.94
18750	0.98	1.0	1.0	1.0	0.98	0.96	0.98	1.0	1.0	0.98	0.98	0.96	0.98	0.96	1.0	0.94
18800	0.98	1.0	1.0	1.0	0.98	0.96	0.98	1.0	1.0	0.96	0.98	0.96	0.98	0.96	1.0	0.94
18850	0.98	1.0	1.0	1.0	0.98	0.96	0.98	1.0	1.0	0.96	0.98	0.96	0.98	0.96	1.0	0.94
18900	1.0	1.0	1.0	1.0	0.98	0.96	0.98	1.0	1.0	0.96	0.98	0.96	0.98	0.98	1.0	0.94
18950	1.0	0.98	1.0	1.0	0.98	0.96	0.98	1.0	1.0	0.96	0.98	0.94	0.98	0.98	1.0	0.96
19000	1.0	0.98	1.0	1.0	0.98	0.96	0.98	1.0	1.0	0.96	0.98	0.94	0.98	0.98	0.98	0.98
19050	1.0	0.98	1.0	1.0	0.96	0.96	0.96	1.0	1.0	0.96	0.98	0.94	0.98	0.98	0.98	1.0
19100	1.0	0.98	1.0	1.0	0.96	0.96	0.96	1.0	1.0	0.96	0.98	0.94	0.98	0.98	0.98	1.0
19150	1.0	0.98	1.0	1.0	0.94	0.98	0.96	1.0	1.0	0.94	0.98	0.94	0.98	0.98	0.98	1.0
19200	1.0	0.96	1.0	1.0	0.94	0.98	0.96	1.0	1.0	0.94	0.98	0.94	0.98	1.0	0.98	1.0
19250	1.0	0.96	1.0	1.0	0.94	0.98	0.96	1.0	1.0	0.94	0.98	0.94	0.98	0.98	0.98	1.0
19300	1.0	0.96	1.0	1.0	0.94	0.96	0.96	1.0	1.0	0.94	0.98	0.94	0.98	0.98	0.98	1.0
19350	1.0	0.96	0.96	1.0	0.94	0.96	0.96	1.0	1.0	0.94	0.98	0.94	0.98	0.98	0.98	1.0
19400	1.0	0.96	0.96	1.0	0.94	0.96	0.96	1.0	1.0	0.94	0.98	0.96	0.98	0.98	0.98	1.0
19450	1.0	0.96	0.96	1.0	0.94	0.96	0.98	1.0	1.0	0.92	0.98	0.96	0.96	0.98	0.98	1.0
19500	1.0	0.96	0.96	1.0	0.94	0.96	0.98	1.0	1.0	0.92	0.98	0.96	0.96	0.98	0.98	1.0
19550	1.0	0.96	0.96	1.0	0.94	0.96	0.98	1.0	1.0	0.92	0.98	0.98	0.96	0.98	0.98	1.0
19600	0.98	0.96	0.96	1.0	0.94	0.96	0.98	1.0	1.0	0.94	0.98	0.98	0.98	0.96	0.98	1.0
19650	0.98	0.96	0.96	1.0	0.94	0.98	0.98	1.0	1.0	0.94	0.98	0.98	0.98	0.96	0.96	1.0
19700	0.98	0.96	0.96	1.0	0.94	0.98	0.98	1.0	1.0	0.94	0.98	0.98	0.98	0.96	0.98	1.0
19750	0.98	0.96	0.96	0.98	0.94	0.98	0.96	1.0	1.0	0.96	0.98	1.0	0.98	0.96	0.98	0.98
19800	0.98	0.96	0.96	0.98	0.94	0.98	0.96	1.0	1.0	0.96	0.98	1.0	0.96	0.96	0.98	0.98
19850	0.98	0.98	0.96	0.98	0.94	0.98	0.96	1.0	1.0	0.96	0.98	1.0	0.94	0.96	0.98	0.98
19900	0.98	0.98	0.96	0.98	0.94	0.98	0.98	1.0	1.0	0.96	0.98	1.0	0.94	0.96	0.98	0.98
19950	0.98	0.98	0.96	0.98	0.96	0.98	0.98	1.0	1.0	0.96	1.0	0.98	0.94	0.96	0.98	0.98
20000	0.98	1.0	0.94	0.98	0.98	0.96	0.98	1.0	1.0	0.98	1.0	0.98	0.94	0.98	0.98	0.98
