0	0.0	0.0	0.0	0.0	0.0	0.0	0.0	0.0	0.0	0.0	0.0	0.0	0.0	0.0	0.0	0.0
50	0.0	0.0	0.0	0.0	0.0	0.0	0.0	0.0	0.0	0.0	0.0	0.0	0.0	0.0	0.0	0.0
100	0.0	0.0526315789474	0.0	0.0833333333333	0.0	0.0	0.0	0.0	0.0714285714286	0.0	0.117647058824	0.0909090909091	0.0833333333333	0.0	0.0	0.0769230769231
150	0.0434782608696	0.12	0.0666666666667	0.181818181818	0.210526315789	0.105263157895	0.0588235294118	0.0	0.0588235294118	0.0	0.0909090909091	0.0625	0.0555555555556	0.0	0.0	0.0555555555556
200	0.0645161290323	0.137931034483	0.190476190476	0.2	0.260869565217	0.181818181818	0.0526315789474	0.1	0.0869565217391	0.0	0.107142857143	0.0740740740741	0.115384615385	0.0857142857143	0.206896551724	0.0434782608696
250	0.0526315789474	0.194444444444	0.269230769231	0.294117647059	0.333333333333	0.241379310345	0.08	0.12	0.137931034483	0.037037037037	0.121212121212	0.117647058824	0.25	0.131578947368	0.314285714286	0.0344827586207
300	0.133333333333	0.227272727273	0.225806451613	0.315789473684	0.378378378378	0.282051282051	0.0606060606061	0.09375	0.142857142857	0.1	0.166666666667	0.157894736842	0.214285714286	0.204545454545	0.341463414634	0.0285714285714
350	0.12	0.204081632653	0.257142857143	0.333333333333	0.414634146341	0.3	0.116279069767	0.108108108108	0.15	0.114285714286	0.19512195122	0.191489361702	0.212765957447	0.1875	0.32	0.025
400	0.18	0.24	0.25	0.34693877551	0.413043478261	0.36	0.166666666667	0.15	0.159090909091	0.0952380952381	0.170212765957	0.24	0.28	0.22	0.36	0.0625
450	0.2	0.32	0.32	0.4	0.42	0.42	0.18	0.152173913043	0.145833333333	0.16	0.26	0.24	0.32	0.28	0.42	0.1
500	0.24	0.32	0.38	0.48	0.42	0.48	0.24	0.18	0.16	0.22	0.24	0.3	0.36	0.46	0.56	0.12
550	0.24	0.42	0.44	0.54	0.44	0.52	0.3	0.26	0.2	0.3	0.28	0.34	0.36	0.46	0.54	0.14
600	0.24	0.38	0.4	0.52	0.4	0.5	0.3	0.32	0.22	0.38	0.34	0.36	0.36	0.5	0.54	0.16
650	0.24	0.38	0.4	0.52	0.42	0.52	0.34	0.28	0.24	0.44	0.36	0.44	0.4	0.48	0.54	0.26
700	0.26	0.4	0.42	0.52	0.42	0.56	0.38	0.36	0.32	0.48	0.36	0.46	0.44	0.54	0.64	0.28
750	0.28	0.42	0.4	0.52	0.38	0.6	0.46	0.4	0.38	0.52	0.4	0.48	0.46	0.58	0.66	0.36
800	0.4	0.54	0.42	0.54	0.36	0.6	0.44	0.42	0.4	0.54	0.42	0.5	0.46	0.64	0.7	0.4
850	0.4	0.56	0.42	0.56	0.36	0.64	0.44	0.4	0.42	0.6	0.42	0.56	0.48	0.66	0.68	0.4
900	0.46	0.58	0.44	0.54	0.36	0.6	0.42	0.4	0.42	0.6	0.46	0.52	0.52	0.66	0.68	0.38
950	0.46	0.64	0.44	0.54	0.34	0.58	0.48	0.44	0.46	0.56	0.52	0.56	0.56	0.66	0.66	0.44
1000	0.5	0.62	0.54	0.58	0.44	0.54	0.48	0.44	0.52	0.58	0.5	0.54	0.6	0.68	0.68	0.44
1050	0.5	0.64	0.62	0.62	0.5	0.56	0.48	0.42	0.54	0.54	0.54	0.62	0.62	0.66	0.6	0.4
1100	0.56	0.7	0.68	0.66	0.48	0.54	0.48	0.46	0.6	0.56	0.62	0.64	0.64	0.66	0.6	0.4
1150	0.56	0.74	0.68	0.66	0.48	0.52	0.48	0.48	0.62	0.6	0.62	0.68	0.66	0.6	0.64	0.42
1200	0.62	0.7	0.66	0.66	0.48	0.48	0.5	0.48	0.58	0.62	0.66	0.72	0.66	0.6	0.62	0.42
1250	0.62	0.72	0.66	0.68	0.46	0.5	0.46	0.48	0.6	0.58	0.68	0.7	0.66	0.56	0.6	0.46
1300	0.6	0.72	0.66	0.72	0.56	0.56	0.54	0.5	0.64	0.62	0.7	0.7	0.64	0.54	0.58	0.48
1350	0.66	0.74	0.62	0.72	0.6	0.6	0.52	0.48	0.58	0.6	0.68	0.72	0.6	0.58	0.58	0.52
1400	0.66	0.74	0.62	0.74	0.54	0.56	0.54	0.54	0.56	0.6	0.66	0.72	0.6	0.6	0.56	0.54
1450	0.66	0.72	0.6	0.72	0.52	0.58	0.6	0.56	0.6	0.64	0.66	0.72	0.62	0.62	0.62	0.62
1500	0.72	0.74	0.62	0.74	0.54	0.56	0.62	0.58	0.58	0.64	0.66	0.72	0.64	0.66	0.6	0.66
1550	0.78	0.78	0.7	0.72	0.56	0.6	0.62	0.56	0.64	0.66	0.7	0.72	0.64	0.68	0.66	0.7
1600	0.84	0.8	0.72	0.74	0.58	0.62	0.6	0.56	0.7	0.7	0.74	0.74	0.66	0.7	0.66	0.76
1650	0.82	0.84	0.72	0.76	0.64	0.68	0.62	0.64	0.76	0.72	0.76	0.76	0.72	0.74	0.72	0.74
1700	0.82	0.82	0.72	0.72	0.68	0.66	0.6	0.64	0.78	0.74	0.8	0.74	0.74	0.72	0.72	0.72
1750	0.82	0.88	0.74	0.74	0.66	0.64	0.52	0.6	0.76	0.78	0.86	0.8	0.74	0.72	0.72	0.7
1800	0.84	0.86	0.72	0.72	0.68	0.68	0.52	0.64	0.88	0.78	0.88	0.82	0.72	0.68	0.72	0.72
1850	0.8	0.84	0.72	0.76	0.68	0.68	0.52	0.62	0.88	0.8	0.9	0.82	0.72	0.62	0.76	0.68
1900	0.76	0.82	0.68	0.76	0.68	0.7	0.54	0.66	0.86	0.76	0.9	0.82	0.76	0.64	0.78	0.66
1950	0.74	0.8	0.72	0.78	0.7	0.72	0.48	0.62	0.8	0.78	0.9	0.8	0.78	0.62	0.74	0.62
2000	0.72	0.78	0.76	0.78	0.68	0.7	0.52	0.7	0.78	0.74	0.86	0.82	0.78	0.62	0.76	0.66
2050	0.74	0.72	0.74	0.76	0.68	0.68	0.56	0.7	0.78	0.76	0.86	0.84	0.8	0.68	0.78	0.68
2100	0.76	0.78	0.76	0.82	0.7	0.64	0.6	0.7	0.76	0.78	0.86	0.82	0.82	0.68	0.76	0.66
2150	0.76	0.76	0.74	0.84	0.68	0.62	0.62	0.78	0.78	0.78	0.84	0.82	0.8	0.76	0.78	0.66
2200	0.76	0.78	0.74	0.82	0.64	0.58	0.6	0.74	0.76	0.78	0.86	0.82	0.84	0.76	0.76	0.68
2250	0.8	0.82	0.74	0.82	0.66	0.6	0.62	0.76	0.74	0.78	0.84	0.74	0.74	0.74	0.78	0.68
2300	0.88	0.82	0.82	0.8	0.7	0.62	0.68	0.76	0.74	0.78	0.86	0.74	0.72	0.8	0.74	0.74
2350	0.84	0.82	0.82	0.8	0.76	0.66	0.68	0.78	0.76	0.78	0.82	0.78	0.68	0.78	0.74	0.72
2400	0.86	0.84	0.82	0.78	0.74	0.66	0.66	0.78	0.74	0.82	0.78	0.7	0.64	0.7	0.74	0.74
2450	0.82	0.84	0.78	0.8	0.68	0.68	0.68	0.82	0.76	0.84	0.76	0.74	0.62	0.72	0.76	0.68
2500	0.8	0.84	0.78	0.78	0.72	0.62	0.72	0.82	0.76	0.8	0.74	0.68	0.64	0.72	0.76	0.66
2550	0.8	0.84	0.8	0.8	0.76	0.66	0.72	0.8	0.76	0.76	0.68	0.66	0.68	0.74	0.78	0.7
2600	0.78	0.84	0.78	0.84	0.76	0.64	0.76	0.8	0.72	0.7	0.64	0.7	0.72	0.78	0.76	0.7
2650	0.8	0.84	0.76	0.84	0.74	0.72	0.78	0.76	0.74	0.7	0.62	0.7	0.74	0.8	0.78	0.66
2700	0.78	0.8	0.68	0.8	0.7	0.7	0.74	0.82	0.74	0.68	0.56	0.7	0.78	0.82	0.78	0.68
2750	0.74	0.8	0.64	0.84	0.72	0.66	0.74	0.84	0.74	0.68	0.6	0.74	0.78	0.8	0.78	0.7
2800	0.78	0.82	0.62	0.82	0.72	0.68	0.74	0.82	0.78	0.68	0.62	0.72	0.82	0.86	0.76	0.72
2850	0.78	0.82	0.7	0.78	0.74	0.7	0.78	0.8	0.78	0.68	0.66	0.72	0.76	0.82	0.78	0.72
2900	0.78	0.84	0.7	0.78	0.78	0.76	0.76	0.8	0.78	0.64	0.68	0.7	0.72	0.78	0.76	0.72
2950	0.76	0.86	0.7	0.74	0.76	0.74	0.8	0.8	0.82	0.66	0.72	0.72	0.72	0.8	0.76	0.72
3000	0.78	0.88	0.74	0.76	0.76	0.76	0.8	0.82	0.86	0.72	0.76	0.72	0.72	0.78	0.76	0.72
3050	0.8	0.88	0.82	0.8	0.8	0.78	0.8	0.82	0.82	0.74	0.76	0.7	0.72	0.82	0.78	0.72
3100	0.84	0.92	0.86	0.82	0.78	0.82	0.78	0.84	0.84	0.8	0.84	0.7	0.72	0.82	0.8	0.72
3150	0.82	0.9	0.86	0.78	0.74	0.76	0.78	0.84	0.86	0.78	0.84	0.74	0.72	0.8	0.76	0.74
3200	0.8	0.92	0.84	0.8	0.78	0.74	0.76	0.8	0.8	0.76	0.82	0.78	0.76	0.8	0.76	0.7
3250	0.78	0.92	0.84	0.78	0.74	0.72	0.82	0.82	0.84	0.76	0.84	0.78	0.76	0.84	0.74	0.72
3300	0.78	0.94	0.86	0.76	0.72	0.72	0.8	0.82	0.82	0.78	0.84	0.78	0.78	0.84	0.72	0.72
3350	0.74	0.92	0.86	0.78	0.72	0.66	0.78	0.8	0.78	0.8	0.86	0.84	0.78	0.86	0.7	0.66
3400	0.72	0.88	0.86	0.76	0.7	0.64	0.76	0.74	0.78	0.82	0.88	0.8	0.78	0.8	0.72	0.64
3450	0.7	0.88	0.86	0.78	0.72	0.68	0.7	0.72	0.78	0.82	0.84	0.82	0.8	0.8	0.72	0.62
3500	0.7	0.88	0.86	0.8	0.7	0.68	0.66	0.72	0.82	0.82	0.88	0.86	0.82	0.82	0.72	0.64
3550	0.7	0.88	0.86	0.8	0.78	0.68	0.72	0.74	0.82	0.84	0.86	0.86	0.82	0.8	0.74	0.64
3600	0.72	0.86	0.9	0.82	0.76	0.72	0.7	0.74	0.82	0.84	0.82	0.88	0.84	0.8	0.74	0.66
3650	0.7	0.86	0.88	0.82	0.78	0.76	0.76	0.78	0.84	0.82	0.84	0.82	0.82	0.82	0.8	0.68
3700	0.7	0.86	0.9	0.8	0.78	0.74	0.76	0.76	0.86	0.8	0.84	0.84	0.84	0.8	0.8	0.7
3750	0.72	0.84	0.9	0.84	0.84	0.76	0.76	0.78	0.88	0.8	0.82	0.86	0.84	0.8	0.78	0.72
3800	0.74	0.88	0.86	0.82	0.82	0.82	0.76	0.78	0.88	0.8	0.8	0.84	0.84	0.78	0.8	0.7
3850	0.74	0.84	0.84	0.88	0.82	0.86	0.74	0.82	0.88	0.8	0.82	0.82	0.82	0.8	0.8	0.74
3900	0.78	0.78	0.84	0.86	0.84	0.86	0.76	0.84	0.88	0.8	0.8	0.76	0.8	0.8	0.8	0.8
3950	0.8	0.78	0.78	0.82	0.84	0.84	0.76	0.82	0.84	0.8	0.8	0.74	0.78	0.8	0.84	0.8
4000	0.86	0.78	0.8	0.78	0.82	0.8	0.74	0.74	0.78	0.82	0.78	0.74	0.8	0.8	0.86	0.82
4050	0.94	0.78	0.8	0.82	0.84	0.82	0.74	0.74	0.8	0.82	0.76	0.76	0.8	0.84	0.86	0.82
4100	0.9	0.76	0.84	0.82	0.8	0.74	0.78	0.72	0.76	0.78	0.76	0.7	0.74	0.8	0.88	0.82
4150	0.94	0.74	0.8	0.8	0.76	0.72	0.82	0.74	0.72	0.74	0.82	0.7	0.78	0.84	0.86	0.84
4200	0.94	0.74	0.8	0.76	0.78	0.74	0.84	0.74	0.76	0.72	0.8	0.7	0.78	0.84	0.88	0.88
4250	0.92	0.78	0.78	0.74	0.78	0.76	0.84	0.7	0.76	0.72	0.8	0.68	0.78	0.84	0.88	0.88
4300	0.9	0.78	0.78	0.72	0.78	0.76	0.82	0.74	0.72	0.72	0.78	0.64	0.72	0.84	0.9	0.86
4350	0.9	0.78	0.8	0.74	0.82	0.78	0.82	0.74	0.76	0.66	0.74	0.62	0.7	0.84	0.84	0.86
4400	0.88	0.8	0.82	0.76	0.86	0.84	0.84	0.78	0.78	0.62	0.74	0.62	0.68	0.8	0.78	0.8
4450	0.88	0.82	0.84	0.78	0.9	0.84	0.88	0.8	0.74	0.62	0.76	0.62	0.68	0.78	0.78	0.82
4500	0.86	0.8	0.84	0.78	0.9	0.84	0.84	0.82	0.78	0.7	0.74	0.62	0.72	0.76	0.78	0.84
4550	0.86	0.82	0.84	0.82	0.9	0.78	0.82	0.78	0.82	0.72	0.72	0.6	0.7	0.74	0.74	0.84
4600	0.76	0.78	0.88	0.86	0.88	0.76	0.82	0.76	0.8	0.72	0.76	0.62	0.68	0.68	0.74	0.82
4650	0.76	0.78	0.88	0.86	0.9	0.76	0.8	0.76	0.84	0.74	0.76	0.58	0.7	0.68	0.76	0.82
4700	0.74	0.8	0.94	0.9	0.88	0.74	0.84	0.8	0.88	0.76	0.78	0.56	0.74	0.68	0.8	0.8
4750	0.76	0.82	0.9	0.92	0.84	0.74	0.84	0.8	0.92	0.78	0.82	0.64	0.78	0.68	0.8	0.86
4800	0.76	0.84	0.88	0.92	0.84	0.76	0.8	0.82	0.94	0.86	0.86	0.6	0.72	0.72	0.82	0.84
4850	0.8	0.84	0.88	0.92	0.86	0.76	0.76	0.8	0.9	0.84	0.84	0.58	0.72	0.74	0.86	0.82
4900	0.82	0.84	0.88	0.92	0.9	0.84	0.78	0.78	0.92	0.8	0.86	0.6	0.72	0.82	0.86	0.84
4950	0.82	0.84	0.86	0.9	0.92	0.88	0.82	0.82	0.92	0.76	0.8	0.6	0.74	0.82	0.86	0.82
5000	0.9	0.84	0.88	0.9	0.88	0.86	0.82	0.86	0.9	0.72	0.78	0.6	0.76	0.82	0.86	0.84
5050	0.8	0.84	0.9	0.92	0.9	0.86	0.82	0.84	0.86	0.7	0.8	0.64	0.78	0.78	0.86	0.74
5100	0.82	0.84	0.88	0.94	0.88	0.84	0.78	0.8	0.84	0.68	0.78	0.7	0.74	0.78	0.82	0.74
5150	0.8	0.88	0.88	0.92	0.9	0.84	0.76	0.72	0.84	0.72	0.82	0.72	0.72	0.74	0.82	0.7
5200	0.78	0.86	0.86	0.92	0.88	0.84	0.76	0.72	0.78	0.72	0.82	0.74	0.8	0.76	0.84	0.74
5250	0.8	0.86	0.86	0.9	0.9	0.84	0.76	0.76	0.8	0.72	0.82	0.78	0.8	0.76	0.84	0.72
5300	0.78	0.84	0.86	0.88	0.86	0.78	0.72	0.78	0.8	0.7	0.88	0.76	0.78	0.82	0.84	0.68
5350	0.76	0.8	0.84	0.86	0.86	0.78	0.76	0.76	0.82	0.76	0.88	0.78	0.76	0.8	0.84	0.62
5400	0.74	0.76	0.84	0.84	0.84	0.78	0.7	0.78	0.8	0.74	0.88	0.8	0.76	0.86	0.84	0.62
5450	0.78	0.78	0.86	0.86	0.82	0.76	0.62	0.72	0.74	0.74	0.86	0.8	0.8	0.78	0.86	0.62
5500	0.8	0.78	0.84	0.84	0.84	0.78	0.64	0.7	0.74	0.72	0.86	0.78	0.86	0.76	0.82	0.68
5550	0.82	0.8	0.86	0.82	0.82	0.74	0.64	0.72	0.8	0.7	0.84	0.78	0.84	0.74	0.82	0.74
5600	0.78	0.8	0.86	0.82	0.84	0.78	0.62	0.72	0.8	0.72	0.8	0.76	0.84	0.7	0.84	0.66
5650	0.76	0.8	0.88	0.82	0.84	0.76	0.64	0.7	0.78	0.64	0.76	0.74	0.82	0.7	0.86	0.68
5700	0.78	0.8	0.9	0.8	0.84	0.74	0.68	0.7	0.78	0.68	0.74	0.8	0.84	0.72	0.8	0.78
5750	0.82	0.82	0.9	0.82	0.84	0.8	0.8	0.74	0.78	0.7	0.74	0.8	0.84	0.7	0.8	0.82
5800	0.84	0.8	0.9	0.82	0.84	0.78	0.8	0.7	0.78	0.74	0.74	0.82	0.84	0.74	0.8	0.82
5850	0.82	0.82	0.88	0.82	0.86	0.8	0.82	0.76	0.8	0.78	0.74	0.76	0.82	0.8	0.84	0.82
5900	0.84	0.8	0.86	0.82	0.84	0.86	0.82	0.78	0.82	0.8	0.76	0.76	0.82	0.78	0.82	0.82
5950	0.84	0.78	0.84	0.8	0.84	0.86	0.86	0.8	0.86	0.84	0.76	0.78	0.84	0.78	0.82	0.86
6000	0.84	0.76	0.8	0.78	0.84	0.86	0.86	0.84	0.88	0.88	0.78	0.78	0.82	0.76	0.82	0.86
6050	0.82	0.78	0.8	0.76	0.8	0.84	0.88	0.84	0.92	0.86	0.82	0.76	0.84	0.7	0.8	0.84
6100	0.8	0.8	0.8	0.78	0.78	0.78	0.86	0.82	0.94	0.84	0.82	0.74	0.84	0.72	0.8	0.78
6150	0.78	0.8	0.82	0.8	0.8	0.8	0.86	0.78	0.94	0.82	0.82	0.72	0.86	0.72	0.84	0.78
6200	0.74	0.8	0.82	0.8	0.78	0.78	0.84	0.8	0.92	0.82	0.8	0.7	0.84	0.72	0.8	0.74
6250	0.78	0.82	0.8	0.78	0.78	0.74	0.86	0.78	0.9	0.82	0.78	0.7	0.84	0.74	0.78	0.78
6300	0.74	0.78	0.82	0.82	0.8	0.72	0.84	0.78	0.9	0.82	0.74	0.74	0.86	0.72	0.8	0.78
6350	0.72	0.8	0.82	0.82	0.82	0.72	0.86	0.78	0.88	0.82	0.76	0.74	0.84	0.66	0.76	0.8
6400	0.72	0.84	0.86	0.84	0.8	0.72	0.86	0.8	0.9	0.82	0.78	0.76	0.8	0.68	0.78	0.76
6450	0.78	0.8	0.84	0.86	0.88	0.78	0.86	0.8	0.9	0.84	0.78	0.8	0.78	0.7	0.78	0.78
6500	0.76	0.8	0.88	0.88	0.9	0.84	0.82	0.78	0.88	0.8	0.72	0.78	0.78	0.7	0.78	0.7
6550	0.74	0.78	0.84	0.86	0.88	0.84	0.84	0.8	0.82	0.82	0.7	0.8	0.74	0.72	0.78	0.7
6600	0.7	0.82	0.82	0.86	0.88	0.82	0.86	0.78	0.84	0.8	0.72	0.82	0.8	0.7	0.8	0.66
6650	0.78	0.86	0.82	0.9	0.88	0.9	0.84	0.78	0.82	0.76	0.74	0.82	0.78	0.72	0.84	0.64
6700	0.76	0.88	0.78	0.9	0.84	0.88	0.82	0.78	0.8	0.72	0.76	0.8	0.74	0.7	0.8	0.66
6750	0.84	0.88	0.82	0.9	0.86	0.9	0.78	0.76	0.8	0.72	0.74	0.74	0.72	0.76	0.8	0.74
6800	0.82	0.86	0.8	0.88	0.82	0.84	0.76	0.72	0.76	0.7	0.7	0.72	0.76	0.78	0.76	0.74
6850	0.82	0.84	0.8	0.82	0.78	0.86	0.82	0.72	0.76	0.7	0.7	0.7	0.78	0.8	0.8	0.82
6900	0.84	0.84	0.82	0.84	0.78	0.82	0.84	0.74	0.8	0.72	0.7	0.68	0.78	0.76	0.76	0.88
6950	0.84	0.8	0.84	0.82	0.78	0.8	0.8	0.74	0.82	0.7	0.7	0.72	0.8	0.76	0.76	0.88
7000	0.82	0.8	0.82	0.78	0.8	0.8	0.8	0.8	0.82	0.74	0.76	0.7	0.8	0.78	0.76	0.88
7050	0.82	0.8	0.86	0.8	0.8	0.78	0.78	0.78	0.84	0.8	0.74	0.72	0.82	0.76	0.74	0.88
7100	0.84	0.8	0.9	0.82	0.8	0.84	0.84	0.78	0.84	0.78	0.76	0.74	0.88	0.74	0.7	0.88
7150	0.82	0.8	0.9	0.82	0.82	0.82	0.84	0.76	0.82	0.8	0.82	0.78	0.88	0.74	0.72	0.9
7200	0.78	0.82	0.94	0.88	0.84	0.8	0.82	0.8	0.84	0.82	0.78	0.8	0.88	0.72	0.74	0.86
7250	0.76	0.82	0.94	0.92	0.82	0.78	0.82	0.84	0.84	0.76	0.72	0.78	0.88	0.72	0.78	0.84
7300	0.78	0.84	0.92	0.9	0.84	0.78	0.8	0.84	0.82	0.74	0.76	0.76	0.84	0.74	0.78	0.82
7350	0.78	0.84	0.94	0.88	0.84	0.78	0.82	0.84	0.78	0.74	0.66	0.72	0.84	0.7	0.76	0.82
7400	0.8	0.84	0.96	0.9	0.86	0.78	0.84	0.84	0.78	0.76	0.66	0.72	0.8	0.72	0.72	0.84
7450	0.84	0.84	0.92	0.84	0.86	0.78	0.82	0.84	0.84	0.78	0.64	0.72	0.78	0.74	0.68	0.84
7500	0.86	0.86	0.92	0.84	0.88	0.76	0.82	0.94	0.82	0.76	0.62	0.72	0.72	0.78	0.66	0.78
7550	0.82	0.84	0.88	0.86	0.88	0.76	0.86	0.94	0.86	0.76	0.64	0.7	0.7	0.8	0.68	0.78
7600	0.82	0.84	0.84	0.82	0.88	0.8	0.86	0.88	0.8	0.72	0.68	0.64	0.7	0.8	0.72	0.82
7650	0.84	0.86	0.88	0.8	0.88	0.84	0.88	0.92	0.8	0.72	0.68	0.66	0.74	0.76	0.72	0.84
7700	0.86	0.84	0.88	0.76	0.9	0.86	0.88	0.92	0.8	0.76	0.7	0.7	0.74	0.8	0.72	0.84
7750	0.86	0.84	0.9	0.78	0.9	0.88	0.88	0.88	0.78	0.8	0.74	0.7	0.74	0.82	0.72	0.86
7800	0.88	0.84	0.86	0.82	0.9	0.88	0.9	0.84	0.8	0.78	0.74	0.7	0.78	0.8	0.76	0.86
7850	0.88	0.86	0.84	0.78	0.86	0.88	0.88	0.84	0.78	0.78	0.72	0.66	0.78	0.82	0.74	0.86
7900	0.86	0.82	0.86	0.76	0.86	0.9	0.9	0.82	0.8	0.78	0.74	0.68	0.82	0.8	0.78	0.88
7950	0.86	0.82	0.9	0.8	0.9	0.94	0.9	0.82	0.78	0.82	0.78	0.68	0.86	0.8	0.78	0.94
8000	0.86	0.8	0.86	0.8	0.86	0.9	0.92	0.82	0.76	0.84	0.8	0.74	0.86	0.84	0.76	0.94
8050	0.92	0.8	0.86	0.86	0.88	0.86	0.88	0.84	0.8	0.86	0.78	0.8	0.8	0.84	0.76	0.88
8100	0.92	0.78	0.84	0.82	0.88	0.86	0.88	0.84	0.8	0.82	0.76	0.8	0.74	0.84	0.72	0.84
8150	0.84	0.76	0.86	0.84	0.9	0.86	0.88	0.82	0.82	0.82	0.84	0.84	0.76	0.84	0.72	0.82
8200	0.82	0.74	0.84	0.88	0.9	0.86	0.88	0.86	0.86	0.82	0.86	0.82	0.72	0.82	0.7	0.84
8250	0.8	0.76	0.86	0.88	0.92	0.86	0.88	0.82	0.82	0.84	0.84	0.84	0.7	0.82	0.72	0.76
8300	0.8	0.8	0.86	0.86	0.86	0.8	0.86	0.78	0.8	0.84	0.86	0.86	0.7	0.82	0.72	0.76
8350	0.8	0.78	0.84	0.86	0.86	0.8	0.82	0.74	0.8	0.9	0.84	0.88	0.68	0.82	0.68	0.76
8400	0.78	0.76	0.84	0.88	0.88	0.8	0.8	0.74	0.84	0.88	0.86	0.86	0.7	0.78	0.66	0.74
8450	0.72	0.76	0.84	0.88	0.9	0.84	0.82	0.76	0.84	0.9	0.86	0.86	0.76	0.78	0.7	0.76
8500	0.68	0.7	0.82	0.9	0.86	0.84	0.84	0.76	0.86	0.92	0.9	0.86	0.78	0.78	0.72	0.76
8550	0.7	0.74	0.82	0.9	0.86	0.86	0.82	0.76	0.88	0.94	0.88	0.84	0.78	0.8	0.74	0.74
8600	0.72	0.8	0.8	0.9	0.86	0.86	0.82	0.78	0.88	0.94	0.92	0.88	0.8	0.78	0.72	0.78
8650	0.74	0.8	0.8	0.88	0.88	0.86	0.86	0.84	0.88	0.92	0.88	0.86	0.84	0.82	0.74	0.82
8700	0.74	0.8	0.82	0.9	0.86	0.9	0.86	0.9	0.94	0.92	0.92	0.86	0.8	0.84	0.78	0.8
8750	0.78	0.76	0.84	0.86	0.86	0.88	0.88	0.92	0.98	0.88	0.9	0.86	0.84	0.86	0.78	0.88
8800	0.76	0.78	0.86	0.84	0.84	0.88	0.9	0.96	1.0	0.88	0.92	0.86	0.86	0.86	0.8	0.86
8850	0.8	0.82	0.88	0.86	0.88	0.9	0.9	0.94	0.98	0.88	0.92	0.86	0.82	0.84	0.78	0.88
8900	0.84	0.82	0.88	0.88	0.86	0.9	0.86	0.94	0.96	0.84	0.9	0.82	0.82	0.86	0.78	0.86
8950	0.82	0.82	0.88	0.84	0.86	0.84	0.86	0.94	0.94	0.82	0.88	0.8	0.78	0.86	0.72	0.8
9000	0.82	0.8	0.9	0.84	0.88	0.86	0.88	0.94	0.92	0.82	0.82	0.76	0.82	0.88	0.76	0.8
9050	0.8	0.82	0.92	0.86	0.9	0.88	0.86	0.94	0.92	0.8	0.78	0.76	0.82	0.84	0.74	0.8
9100	0.8	0.76	0.88	0.82	0.9	0.86	0.84	0.9	0.92	0.8	0.76	0.76	0.82	0.82	0.74	0.8
9150	0.8	0.7	0.86	0.84	0.92	0.9	0.82	0.9	0.92	0.8	0.78	0.78	0.82	0.82	0.74	0.8
9200	0.8	0.72	0.82	0.82	0.9	0.9	0.84	0.88	0.92	0.78	0.78	0.78	0.8	0.8	0.74	0.82
9250	0.84	0.72	0.82	0.86	0.9	0.88	0.84	0.84	0.9	0.78	0.78	0.74	0.8	0.82	0.74	0.82
9300	0.8	0.68	0.84	0.82	0.9	0.88	0.8	0.88	0.9	0.78	0.74	0.74	0.82	0.8	0.76	0.8
9350	0.84	0.66	0.82	0.82	0.88	0.84	0.8	0.86	0.9	0.8	0.76	0.8	0.84	0.84	0.74	0.84
9400	0.84	0.7	0.8	0.82	0.82	0.84	0.8	0.82	0.86	0.82	0.86	0.84	0.84	0.8	0.78	0.82
9450	0.84	0.68	0.84	0.82	0.82	0.84	0.76	0.76	0.8	0.84	0.86	0.82	0.8	0.8	0.78	0.76
9500	0.84	0.72	0.86	0.8	0.82	0.8	0.74	0.76	0.82	0.84	0.86	0.84	0.8	0.8	0.76	0.76
9550	0.86	0.74	0.88	0.82	0.86	0.82	0.74	0.76	0.82	0.86	0.88	0.86	0.8	0.8	0.78	0.76
9600	0.82	0.74	0.88	0.82	0.86	0.82	0.72	0.74	0.78	0.84	0.86	0.88	0.84	0.78	0.78	0.72
9650	0.78	0.76	0.88	0.84	0.86	0.82	0.74	0.76	0.78	0.86	0.84	0.84	0.78	0.76	0.8	0.7
9700	0.78	0.74	0.88	0.86	0.86	0.84	0.76	0.74	0.74	0.86	0.88	0.84	0.8	0.8	0.88	0.72
9750	0.8	0.74	0.86	0.84	0.88	0.86	0.72	0.76	0.76	0.88	0.86	0.84	0.82	0.8	0.9	0.68
9800	0.8	0.76	0.86	0.82	0.9	0.88	0.76	0.76	0.76	0.86	0.86	0.86	0.8	0.82	0.92	0.72
9850	0.8	0.78	0.86	0.86	0.9	0.9	0.78	0.72	0.72	0.86	0.86	0.88	0.74	0.8	0.9	0.7
9900	0.82	0.8	0.84	0.88	0.9	0.86	0.8	0.72	0.74	0.84	0.84	0.84	0.74	0.82	0.88	0.7
9950	0.84	0.84	0.86	0.88	0.86	0.86	0.82	0.8	0.82	0.82	0.86	0.8	0.68	0.84	0.86	0.7
10000	0.82	0.86	0.9	0.88	0.86	0.82	0.8	0.8	0.82	0.88	0.84	0.82	0.72	0.88	0.84	0.7
10050	0.84	0.82	0.86	0.86	0.86	0.84	0.8	0.82	0.84	0.88	0.82	0.82	0.74	0.88	0.82	0.72
10100	0.84	0.82	0.84	0.84	0.84	0.82	0.8	0.82	0.84	0.88	0.84	0.82	0.72	0.84	0.78	0.76
10150	0.86	0.88	0.88	0.84	0.82	0.8	0.86	0.8	0.82	0.84	0.8	0.82	0.74	0.82	0.8	0.78
10200	0.86	0.88	0.9	0.84	0.84	0.8	0.86	0.78	0.84	0.8	0.78	0.76	0.7	0.84	0.8	0.78
10250	0.86	0.86	0.88	0.84	0.84	0.78	0.88	0.78	0.84	0.84	0.78	0.74	0.72	0.82	0.78	0.8
10300	0.82	0.8	0.86	0.84	0.8	0.76	0.82	0.74	0.86	0.84	0.8	0.72	0.76	0.82	0.82	0.82
10350	0.76	0.78	0.86	0.84	0.82	0.78	0.78	0.72	0.84	0.82	0.78	0.72	0.76	0.84	0.8	0.8
10400	0.76	0.76	0.9	0.84	0.84	0.76	0.76	0.74	0.82	0.76	0.76	0.76	0.72	0.84	0.82	0.74
10450	0.78	0.76	0.9	0.84	0.86	0.82	0.74	0.74	0.84	0.72	0.76	0.76	0.74	0.82	0.84	0.76
10500	0.78	0.74	0.88	0.86	0.82	0.76	0.74	0.78	0.82	0.7	0.78	0.76	0.72	0.88	0.8	0.76
10550	0.76	0.74	0.86	0.84	0.84	0.74	0.74	0.82	0.86	0.74	0.8	0.78	0.74	0.84	0.76	0.7
10600	0.78	0.78	0.84	0.86	0.82	0.74	0.72	0.8	0.9	0.78	0.82	0.82	0.7	0.86	0.74	0.68
10650	0.8	0.82	0.84	0.84	0.78	0.74	0.72	0.82	0.88	0.76	0.86	0.76	0.68	0.84	0.76	0.66
10700	0.82	0.78	0.8	0.82	0.82	0.74	0.72	0.82	0.86	0.72	0.84	0.78	0.72	0.88	0.76	0.66
10750	0.82	0.78	0.78	0.8	0.82	0.72	0.72	0.84	0.86	0.76	0.8	0.78	0.72	0.86	0.74	0.72
10800	0.82	0.74	0.78	0.76	0.8	0.72	0.76	0.84	0.9	0.72	0.82	0.8	0.68	0.86	0.72	0.7
10850	0.84	0.74	0.8	0.78	0.8	0.66	0.74	0.82	0.88	0.78	0.78	0.8	0.7	0.84	0.74	0.68
10900	0.78	0.76	0.8	0.76	0.86	0.72	0.7	0.8	0.86	0.8	0.78	0.82	0.7	0.8	0.72	0.64
10950	0.78	0.7	0.76	0.74	0.82	0.76	0.72	0.8	0.86	0.82	0.78	0.82	0.7	0.8	0.72	0.64
11000	0.76	0.7	0.8	0.76	0.8	0.78	0.78	0.84	0.84	0.78	0.76	0.86	0.68	0.82	0.72	0.64
11050	0.72	0.68	0.8	0.74	0.82	0.82	0.78	0.88	0.8	0.8	0.74	0.84	0.66	0.86	0.8	0.7
11100	0.74	0.66	0.78	0.7	0.78	0.82	0.78	0.86	0.76	0.82	0.68	0.78	0.7	0.84	0.82	0.74
11150	0.74	0.7	0.8	0.74	0.76	0.82	0.84	0.86	0.74	0.8	0.66	0.76	0.7	0.82	0.78	0.76
11200	0.76	0.7	0.78	0.7	0.74	0.84	0.9	0.86	0.74	0.82	0.66	0.8	0.68	0.84	0.8	0.72
11250	0.76	0.7	0.82	0.7	0.76	0.88	0.86	0.86	0.7	0.86	0.68	0.82	0.7	0.82	0.82	0.76
11300	0.76	0.68	0.82	0.68	0.76	0.82	0.84	0.88	0.68	0.84	0.68	0.74	0.72	0.82	0.8	0.8
11350	0.74	0.68	0.82	0.72	0.8	0.82	0.86	0.82	0.7	0.84	0.68	0.76	0.68	0.76	0.78	0.78
11400	0.76	0.74	0.86	0.7	0.86	0.82	0.92	0.86	0.74	0.84	0.72	0.78	0.72	0.76	0.8	0.82
11450	0.8	0.78	0.88	0.74	0.86	0.84	0.92	0.9	0.74	0.84	0.76	0.76	0.76	0.76	0.76	0.82
11500	0.8	0.8	0.86	0.78	0.88	0.84	0.94	0.88	0.76	0.84	0.76	0.76	0.78	0.78	0.74	0.8
11550	0.82	0.78	0.84	0.78	0.9	0.8	0.88	0.88	0.76	0.88	0.78	0.76	0.76	0.78	0.74	0.8
11600	0.84	0.76	0.86	0.8	0.86	0.82	0.92	0.88	0.76	0.86	0.76	0.76	0.78	0.8	0.76	0.82
11650	0.86	0.82	0.86	0.8	0.86	0.8	0.9	0.9	0.78	0.86	0.78	0.74	0.76	0.8	0.74	0.82
11700	0.88	0.84	0.86	0.82	0.84	0.8	0.9	0.9	0.8	0.86	0.78	0.72	0.8	0.8	0.72	0.82
11750	0.9	0.82	0.86	0.8	0.82	0.84	0.86	0.92	0.8	0.9	0.74	0.74	0.82	0.82	0.72	0.86
11800	0.9	0.82	0.84	0.8	0.8	0.78	0.82	0.92	0.78	0.86	0.7	0.72	0.8	0.76	0.64	0.8
11850	0.82	0.82	0.88	0.8	0.82	0.76	0.8	0.9	0.78	0.9	0.72	0.74	0.82	0.74	0.66	0.74
11900	0.84	0.82	0.86	0.78	0.78	0.76	0.78	0.86	0.76	0.92	0.74	0.74	0.84	0.74	0.68	0.76
11950	0.84	0.8	0.84	0.74	0.74	0.74	0.78	0.86	0.78	0.9	0.76	0.82	0.86	0.76	0.66	0.8
12000	0.84	0.78	0.82	0.7	0.74	0.74	0.78	0.8	0.74	0.92	0.78	0.84	0.84	0.76	0.64	0.82
12050	0.78	0.74	0.82	0.68	0.72	0.76	0.76	0.78	0.74	0.92	0.8	0.88	0.86	0.76	0.66	0.76
12100	0.76	0.74	0.8	0.7	0.74	0.76	0.78	0.76	0.78	0.88	0.84	0.92	0.86	0.76	0.64	0.76
12150	0.78	0.76	0.84	0.64	0.72	0.76	0.74	0.72	0.78	0.86	0.86	0.88	0.86	0.74	0.64	0.74
12200	0.84	0.78	0.84	0.66	0.72	0.76	0.78	0.72	0.76	0.86	0.84	0.92	0.86	0.76	0.66	0.82
12250	0.82	0.76	0.84	0.66	0.8	0.78	0.78	0.72	0.76	0.84	0.86	0.92	0.84	0.78	0.68	0.84
12300	0.82	0.74	0.82	0.62	0.76	0.8	0.86	0.7	0.72	0.86	0.84	0.9	0.82	0.82	0.76	0.82
12350	0.8	0.78	0.88	0.68	0.8	0.8	0.84	0.66	0.68	0.86	0.86	0.88	0.86	0.76	0.72	0.88
12400	0.86	0.8	0.88	0.78	0.84	0.82	0.86	0.7	0.72	0.84	0.86	0.84	0.86	0.74	0.68	0.9
12450	0.84	0.84	0.86	0.8	0.86	0.84	0.84	0.74	0.72	0.82	0.84	0.84	0.86	0.8	0.74	0.92
12500	0.82	0.8	0.9	0.86	0.88	0.84	0.82	0.7	0.66	0.8	0.86	0.86	0.84	0.82	0.76	0.9
12550	0.74	0.78	0.9	0.86	0.86	0.76	0.78	0.74	0.66	0.78	0.88	0.86	0.84	0.8	0.76	0.9
12600	0.74	0.78	0.84	0.9	0.84	0.7	0.78	0.74	0.68	0.86	0.9	0.86	0.86	0.8	0.72	0.86
12650	0.74	0.8	0.86	0.9	0.82	0.66	0.76	0.76	0.7	0.86	0.88	0.86	0.86	0.8	0.72	0.86
12700	0.78	0.82	0.86	0.88	0.8	0.6	0.76	0.84	0.74	0.82	0.88	0.82	0.86	0.76	0.68	0.86
12750	0.74	0.82	0.8	0.86	0.78	0.62	0.76	0.84	0.8	0.74	0.86	0.78	0.84	0.74	0.7	0.8
12800	0.7	0.78	0.84	0.86	0.8	0.58	0.7	0.82	0.8	0.74	0.88	0.8	0.8	0.74	0.68	0.74
12850	0.66	0.76	0.82	0.86	0.78	0.58	0.66	0.84	0.8	0.72	0.84	0.78	0.82	0.74	0.66	0.72
12900	0.68	0.74	0.82	0.88	0.8	0.54	0.7	0.86	0.78	0.72	0.84	0.76	0.82	0.74	0.66	0.74
12950	0.74	0.76	0.82	0.9	0.8	0.62	0.72	0.86	0.8	0.7	0.8	0.76	0.84	0.74	0.72	0.8
13000	0.72	0.76	0.82	0.9	0.76	0.62	0.72	0.86	0.82	0.7	0.8	0.76	0.84	0.72	0.7	0.74
13050	0.76	0.74	0.8	0.9	0.78	0.64	0.74	0.86	0.8	0.68	0.8	0.76	0.82	0.72	0.7	0.78
13100	0.76	0.78	0.78	0.92	0.78	0.68	0.7	0.84	0.82	0.7	0.82	0.8	0.84	0.74	0.72	0.8
13150	0.84	0.78	0.8	0.9	0.82	0.7	0.74	0.82	0.78	0.7	0.84	0.9	0.84	0.76	0.66	0.8
13200	0.84	0.76	0.76	0.9	0.82	0.72	0.82	0.8	0.74	0.74	0.84	0.86	0.8	0.8	0.68	0.8
13250	0.86	0.8	0.74	0.86	0.82	0.74	0.82	0.78	0.78	0.8	0.84	0.88	0.76	0.82	0.7	0.8
13300	0.84	0.8	0.7	0.86	0.82	0.74	0.82	0.78	0.78	0.82	0.84	0.9	0.76	0.82	0.62	0.76
13350	0.82	0.8	0.68	0.84	0.82	0.76	0.84	0.76	0.78	0.82	0.86	0.82	0.62	0.8	0.6	0.72
13400	0.82	0.78	0.72	0.8	0.82	0.78	0.8	0.76	0.8	0.78	0.86	0.82	0.66	0.8	0.62	0.7
13450	0.82	0.76	0.7	0.8	0.84	0.76	0.8	0.76	0.82	0.78	0.88	0.84	0.66	0.82	0.6	0.72
13500	0.82	0.7	0.68	0.74	0.88	0.74	0.84	0.78	0.82	0.82	0.88	0.82	0.72	0.82	0.64	0.76
13550	0.84	0.7	0.66	0.72	0.86	0.76	0.82	0.8	0.82	0.84	0.86	0.8	0.74	0.84	0.64	0.76
13600	0.86	0.72	0.7	0.72	0.86	0.72	0.8	0.82	0.86	0.78	0.8	0.74	0.72	0.82	0.6	0.76
13650	0.86	0.72	0.68	0.74	0.9	0.72	0.78	0.84	0.88	0.8	0.8	0.74	0.74	0.82	0.66	0.8
13700	0.88	0.68	0.74	0.76	0.86	0.74	0.78	0.84	0.9	0.82	0.76	0.74	0.78	0.82	0.68	0.78
13750	0.86	0.68	0.78	0.72	0.84	0.72	0.8	0.84	0.9	0.82	0.74	0.76	0.82	0.84	0.66	0.8
13800	0.86	0.66	0.8	0.74	0.84	0.7	0.78	0.86	0.84	0.84	0.7	0.78	0.82	0.82	0.68	0.84
13850	0.8	0.66	0.78	0.76	0.84	0.76	0.8	0.86	0.82	0.84	0.7	0.78	0.86	0.76	0.66	0.88
13900	0.8	0.68	0.78	0.74	0.82	0.76	0.84	0.84	0.78	0.82	0.66	0.76	0.86	0.74	0.64	0.86
13950	0.8	0.7	0.84	0.76	0.82	0.76	0.82	0.84	0.8	0.8	0.6	0.78	0.86	0.74	0.66	0.88
14000	0.76	0.76	0.84	0.76	0.82	0.78	0.88	0.88	0.78	0.84	0.58	0.82	0.8	0.74	0.72	0.8
14050	0.76	0.8	0.86	0.76	0.78	0.74	0.9	0.88	0.74	0.82	0.64	0.82	0.78	0.74	0.74	0.78
14100	0.76	0.82	0.88	0.74	0.78	0.74	0.9	0.84	0.78	0.78	0.62	0.8	0.76	0.7	0.74	0.78
14150	0.76	0.86	0.88	0.78	0.78	0.74	0.86	0.82	0.78	0.8	0.58	0.78	0.8	0.72	0.76	0.76
14200	0.78	0.84	0.84	0.78	0.74	0.74	0.86	0.82	0.74	0.78	0.6	0.78	0.78	0.7	0.78	0.72
14250	0.8	0.86	0.84	0.78	0.7	0.7	0.86	0.82	0.72	0.74	0.6	0.76	0.72	0.7	0.8	0.7
14300	0.84	0.84	0.82	0.8	0.72	0.72	0.82	0.82	0.72	0.7	0.56	0.74	0.72	0.74	0.8	0.74
14350	0.86	0.86	0.82	0.76	0.72	0.68	0.78	0.76	0.72	0.74	0.62	0.72	0.7	0.74	0.8	0.78
14400	0.92	0.88	0.84	0.74	0.7	0.66	0.76	0.74	0.68	0.68	0.66	0.76	0.76	0.7	0.74	0.76
14450	0.9	0.9	0.86	0.74	0.76	0.68	0.74	0.72	0.7	0.68	0.62	0.76	0.84	0.76	0.74	0.8
14500	0.92	0.9	0.84	0.76	0.74	0.7	0.72	0.7	0.72	0.64	0.64	0.74	0.86	0.8	0.74	0.8
14550	0.92	0.94	0.84	0.74	0.7	0.68	0.74	0.74	0.72	0.66	0.68	0.72	0.78	0.78	0.62	0.78
14600	0.92	0.94	0.86	0.74	0.72	0.68	0.76	0.8	0.76	0.7	0.7	0.74	0.76	0.82	0.6	0.84
14650	0.88	0.88	0.9	0.72	0.76	0.66	0.78	0.8	0.78	0.72	0.7	0.76	0.8	0.82	0.66	0.84
14700	0.88	0.88	0.9	0.76	0.82	0.68	0.8	0.82	0.8	0.74	0.78	0.74	0.78	0.84	0.7	0.86
14750	0.88	0.88	0.92	0.76	0.78	0.66	0.78	0.84	0.82	0.78	0.76	0.74	0.8	0.84	0.7	0.84
14800	0.82	0.82	0.88	0.76	0.74	0.7	0.82	0.84	0.8	0.84	0.78	0.76	0.76	0.86	0.66	0.84
14850	0.8	0.8	0.88	0.78	0.76	0.68	0.84	0.88	0.8	0.86	0.76	0.74	0.74	0.88	0.66	0.8
14900	0.82	0.8	0.88	0.78	0.76	0.68	0.86	0.86	0.8	0.88	0.8	0.76	0.74	0.84	0.7	0.8
14950	0.82	0.8	0.9	0.82	0.76	0.66	0.82	0.84	0.78	0.92	0.8	0.78	0.72	0.82	0.64	0.82
15000	0.76	0.8	0.9	0.86	0.8	0.66	0.8	0.82	0.82	0.88	0.78	0.7	0.74	0.8	0.66	0.8
15050	0.76	0.8	0.88	0.88	0.82	0.68	0.78	0.84	0.82	0.88	0.8	0.72	0.74	0.8	0.68	0.78
15100	0.78	0.8	0.88	0.88	0.82	0.7	0.82	0.84	0.76	0.88	0.7	0.66	0.72	0.8	0.68	0.76
15150	0.74	0.82	0.88	0.9	0.82	0.74	0.8	0.84	0.8	0.86	0.76	0.66	0.74	0.78	0.66	0.78
15200	0.82	0.86	0.9	0.9	0.8	0.78	0.78	0.82	0.88	0.84	0.76	0.62	0.74	0.8	0.7	0.76
15250	0.8	0.86	0.9	0.88	0.84	0.76	0.76	0.84	0.86	0.84	0.72	0.58	0.74	0.82	0.72	0.78
15300	0.82	0.88	0.9	0.88	0.9	0.78	0.8	0.86	0.86	0.84	0.72	0.64	0.74	0.82	0.72	0.78
15350	0.84	0.88	0.9	0.88	0.88	0.82	0.84	0.86	0.82	0.84	0.68	0.64	0.74	0.8	0.74	0.8
15400	0.86	0.94	0.88	0.88	0.88	0.84	0.88	0.88	0.8	0.84	0.72	0.64	0.78	0.8	0.82	0.84
15450	0.92	0.92	0.88	0.86	0.88	0.84	0.82	0.88	0.82	0.84	0.74	0.76	0.82	0.88	0.84	0.86
15500	0.9	0.9	0.88	0.84	0.88	0.84	0.84	0.84	0.84	0.82	0.76	0.72	0.78	0.9	0.86	0.86
15550	0.92	0.86	0.86	0.82	0.88	0.86	0.8	0.82	0.82	0.82	0.76	0.72	0.8	0.92	0.88	0.86
15600	0.9	0.84	0.86	0.8	0.9	0.84	0.84	0.82	0.74	0.74	0.72	0.76	0.78	0.92	0.88	0.86
15650	0.92	0.86	0.86	0.8	0.86	0.82	0.84	0.84	0.76	0.68	0.68	0.78	0.8	0.92	0.86	0.86
15700	0.9	0.88	0.86	0.8	0.86	0.82	0.86	0.84	0.78	0.68	0.68	0.72	0.8	0.92	0.88	0.86
15750	0.9	0.88	0.88	0.84	0.84	0.82	0.82	0.84	0.78	0.62	0.7	0.72	0.78	0.92	0.88	0.82
15800	0.86	0.88	0.9	0.82	0.88	0.8	0.8	0.82	0.76	0.62	0.74	0.72	0.82	0.88	0.86	0.8
15850	0.86	0.92	0.92	0.88	0.88	0.82	0.82	0.86	0.76	0.64	0.72	0.66	0.76	0.86	0.86	0.78
15900	0.86	0.92	0.9	0.88	0.86	0.8	0.84	0.86	0.74	0.62	0.72	0.64	0.76	0.84	0.86	0.82
15950	0.88	0.9	0.92	0.86	0.86	0.84	0.82	0.88	0.74	0.68	0.7	0.7	0.78	0.86	0.86	0.8
16000	0.88	0.88	0.92	0.88	0.88	0.84	0.78	0.84	0.8	0.78	0.74	0.66	0.76	0.84	0.82	0.78
16050	0.88	0.86	0.9	0.86	0.82	0.84	0.78	0.8	0.74	0.8	0.74	0.66	0.74	0.86	0.82	0.76
16100	0.86	0.84	0.86	0.84	0.8	0.84	0.78	0.78	0.72	0.82	0.74	0.68	0.74	0.84	0.84	0.72
16150	0.84	0.84	0.82	0.84	0.72	0.8	0.78	0.78	0.74	0.84	0.72	0.72	0.76	0.84	0.84	0.76
16200	0.88	0.86	0.82	0.84	0.72	0.78	0.8	0.82	0.72	0.86	0.64	0.72	0.76	0.84	0.84	0.78
16250	0.88	0.86	0.82	0.84	0.76	0.74	0.78	0.84	0.74	0.86	0.66	0.68	0.76	0.82	0.8	0.78
16300	0.88	0.9	0.86	0.84	0.76	0.74	0.82	0.82	0.74	0.84	0.66	0.68	0.78	0.82	0.78	0.84
16350	0.9	0.9	0.88	0.82	0.76	0.76	0.84	0.84	0.74	0.86	0.66	0.74	0.76	0.8	0.74	0.86
16400	0.92	0.94	0.88	0.84	0.78	0.78	0.82	0.84	0.7	0.82	0.7	0.74	0.78	0.82	0.78	0.8
16450	0.92	0.94	0.86	0.84	0.8	0.74	0.84	0.88	0.78	0.82	0.76	0.74	0.76	0.82	0.74	0.8
16500	0.94	0.9	0.86	0.86	0.82	0.74	0.82	0.88	0.72	0.78	0.74	0.72	0.72	0.78	0.7	0.78
16550	0.94	0.92	0.88	0.86	0.82	0.74	0.84	0.84	0.76	0.82	0.78	0.74	0.74	0.8	0.7	0.8
16600	0.94	0.88	0.9	0.86	0.86	0.76	0.84	0.84	0.76	0.82	0.8	0.8	0.72	0.78	0.68	0.8
16650	0.9	0.88	0.9	0.82	0.82	0.72	0.82	0.82	0.78	0.82	0.82	0.84	0.72	0.8	0.68	0.76
16700	0.9	0.84	0.88	0.82	0.8	0.72	0.84	0.84	0.76	0.82	0.8	0.84	0.7	0.82	0.64	0.76
16750	0.88	0.84	0.88	0.84	0.8	0.72	0.82	0.78	0.8	0.84	0.82	0.84	0.74	0.82	0.68	0.84
16800	0.9	0.84	0.86	0.8	0.76	0.68	0.84	0.8	0.78	0.86	0.82	0.84	0.74	0.8	0.66	0.88
16850	0.9	0.84	0.84	0.8	0.74	0.64	0.84	0.78	0.74	0.86	0.78	0.86	0.8	0.82	0.66	0.88
16900	0.9	0.84	0.86	0.8	0.76	0.62	0.82	0.78	0.78	0.86	0.78	0.9	0.8	0.82	0.64	0.84
16950	0.92	0.84	0.82	0.84	0.78	0.64	0.82	0.74	0.76	0.88	0.8	0.92	0.8	0.78	0.64	0.86
17000	0.9	0.82	0.8	0.82	0.74	0.66	0.8	0.74	0.74	0.86	0.82	0.92	0.84	0.74	0.64	0.86
17050	0.88	0.8	0.84	0.82	0.8	0.66	0.78	0.72	0.72	0.9	0.82	0.92	0.86	0.72	0.64	0.86
17100	0.92	0.84	0.82	0.82	0.78	0.68	0.78	0.68	0.74	0.9	0.82	0.9	0.88	0.7	0.68	0.88
17150	0.92	0.82	0.82	0.82	0.78	0.68	0.76	0.68	0.7	0.88	0.86	0.9	0.82	0.68	0.66	0.82
17200	0.92	0.86	0.84	0.88	0.82	0.68	0.8	0.7	0.74	0.88	0.86	0.88	0.8	0.66	0.7	0.82
17250	0.92	0.86	0.8	0.84	0.86	0.72	0.8	0.7	0.7	0.8	0.86	0.84	0.82	0.62	0.7	0.86
17300	0.9	0.86	0.82	0.86	0.9	0.76	0.78	0.72	0.72	0.76	0.86	0.78	0.82	0.62	0.74	0.86
17350	0.9	0.84	0.82	0.86	0.92	0.74	0.72	0.78	0.72	0.72	0.82	0.74	0.78	0.64	0.74	0.78
17400	0.9	0.84	0.8	0.86	0.88	0.66	0.74	0.78	0.68	0.64	0.72	0.68	0.72	0.64	0.74	0.74
17450	0.86	0.84	0.78	0.82	0.84	0.66	0.72	0.82	0.68	0.56	0.68	0.62	0.7	0.62	0.72	0.7
17500	0.84	0.82	0.78	0.82	0.84	0.66	0.74	0.86	0.72	0.58	0.64	0.62	0.72	0.6	0.72	0.68
17550	0.86	0.84	0.8	0.82	0.86	0.7	0.76	0.88	0.72	0.56	0.64	0.64	0.74	0.64	0.68	0.74
17600	0.82	0.84	0.8	0.8	0.86	0.66	0.78	0.86	0.7	0.64	0.62	0.68	0.74	0.62	0.62	0.72
17650	0.8	0.84	0.82	0.78	0.86	0.64	0.78	0.86	0.74	0.66	0.66	0.7	0.78	0.66	0.66	0.72
17700	0.76	0.8	0.82	0.78	0.84	0.66	0.8	0.84	0.76	0.66	0.68	0.66	0.78	0.64	0.66	0.74
17750	0.78	0.84	0.84	0.78	0.82	0.68	0.88	0.82	0.78	0.64	0.7	0.76	0.84	0.62	0.68	0.78
17800	0.7	0.8	0.82	0.76	0.82	0.76	0.9	0.84	0.82	0.7	0.72	0.8	0.86	0.62	0.7	0.8
17850	0.72	0.8	0.86	0.78	0.86	0.76	0.9	0.86	0.8	0.76	0.74	0.8	0.82	0.66	0.7	0.8
17900	0.74	0.86	0.86	0.8	0.82	0.66	0.88	0.86	0.78	0.78	0.74	0.84	0.84	0.7	0.74	0.82
17950	0.74	0.82	0.84	0.82	0.8	0.68	0.92	0.88	0.8	0.8	0.74	0.84	0.86	0.74	0.76	0.82
18000	0.78	0.84	0.84	0.86	0.76	0.66	0.92	0.92	0.78	0.78	0.72	0.86	0.86	0.74	0.82	0.84
18050	0.72	0.84	0.84	0.86	0.74	0.7	0.94	0.92	0.8	0.78	0.74	0.86	0.86	0.74	0.8	0.76
18100	0.74	0.86	0.84	0.86	0.76	0.68	0.92	0.92	0.78	0.82	0.74	0.9	0.84	0.74	0.82	0.8
18150	0.76	0.86	0.84	0.88	0.8	0.64	0.88	0.88	0.78	0.8	0.74	0.9	0.86	0.74	0.8	0.8
18200	0.76	0.9	0.88	0.88	0.8	0.68	0.88	0.88	0.76	0.82	0.74	0.88	0.9	0.7	0.78	0.86
18250	0.78	0.86	0.9	0.88	0.84	0.7	0.88	0.82	0.76	0.84	0.76	0.88	0.9	0.68	0.74	0.86
18300	0.74	0.82	0.9	0.86	0.84	0.72	0.88	0.78	0.7	0.88	0.72	0.88	0.9	0.7	0.72	0.84
18350	0.72	0.84	0.92	0.86	0.88	0.76	0.88	0.72	0.66	0.84	0.72	0.86	0.88	0.68	0.74	0.84
18400	0.72	0.84	0.94	0.86	0.9	0.78	0.86	0.72	0.64	0.82	0.72	0.84	0.86	0.68	0.76	0.84
18450	0.7	0.88	0.96	0.9	0.92	0.76	0.84	0.7	0.62	0.82	0.7	0.84	0.86	0.66	0.72	0.84
18500	0.78	0.9	0.9	0.86	0.92	0.76	0.8	0.62	0.6	0.8	0.7	0.84	0.84	0.68	0.7	0.9
18550	0.72	0.9	0.9	0.88	0.94	0.8	0.84	0.62	0.62	0.76	0.72	0.8	0.82	0.66	0.66	0.9
18600	0.78	0.92	0.9	0.86	0.96	0.82	0.86	0.66	0.66	0.8	0.72	0.78	0.82	0.68	0.68	0.92
18650	0.74	0.9	0.88	0.84	0.96	0.84	0.82	0.68	0.68	0.78	0.66	0.74	0.74	0.66	0.7	0.84
18700	0.78	0.9	0.88	0.84	0.9	0.82	0.8	0.72	0.72	0.78	0.62	0.76	0.76	0.7	0.72	0.86
18750	0.78	0.88	0.84	0.82	0.88	0.78	0.84	0.78	0.8	0.76	0.62	0.76	0.76	0.66	0.7	0.82
18800	0.76	0.88	0.82	0.82	0.84	0.74	0.8	0.78	0.8	0.78	0.64	0.76	0.8	0.66	0.72	0.8
18850	0.74	0.84	0.84	0.8	0.84	0.72	0.8	0.86	0.86	0.78	0.64	0.74	0.82	0.68	0.7	0.82
18900	0.74	0.82	0.84	0.8	0.86	0.72	0.78	0.86	0.84	0.76	0.64	0.68	0.82	0.74	0.76	0.82
18950	0.8	0.78	0.84	0.8	0.84	0.7	0.76	0.86	0.8	0.74	0.66	0.7	0.82	0.76	0.78	0.86
19000	0.78	0.76	0.82	0.78	0.82	0.68	0.74	0.82	0.78	0.7	0.62	0.7	0.82	0.74	0.78	0.86
19050	0.76	0.82	0.82	0.76	0.82	0.7	0.76	0.82	0.78	0.7	0.6	0.72	0.88	0.78	0.82	0.9
19100	0.74	0.78	0.8	0.74	0.8	0.68	0.76	0.82	0.78	0.7	0.66	0.74	0.88	0.72	0.78	0.88
19150	0.78	0.76	0.78	0.72	0.78	0.7	0.74	0.78	0.76	0.68	0.72	0.78	0.88	0.8	0.76	0.9
19200	0.74	0.76	0.78	0.72	0.78	0.78	0.78	0.74	0.72	0.72	0.78	0.78	0.82	0.78	0.8	0.9
19250	0.72	0.82	0.76	0.72	0.82	0.76	0.78	0.74	0.72	0.72	0.76	0.78	0.8	0.76	0.78	0.86
19300	0.72	0.8	0.78	0.72	0.82	0.72	0.74	0.8	0.74	0.72	0.76	0.8	0.78	0.78	0.8	0.86
19350	0.7	0.8	0.76	0.7	0.82	0.68	0.78	0.78	0.7	0.74	0.78	0.78	0.8	0.78	0.74	0.82
19400	0.72	0.8	0.76	0.72	0.8	0.7	0.8	0.78	0.68	0.74	0.78	0.8	0.78	0.74	0.72	0.82
19450	0.74	0.82	0.76	0.78	0.78	0.7	0.78	0.78	0.68	0.74	0.78	0.78	0.76	0.72	0.66	0.82
19500	0.74	0.82	0.78	0.76	0.74	0.68	0.82	0.82	0.68	0.76	0.76	0.78	0.74	0.72	0.7	0.82
19550	0.76	0.84	0.8	0.82	0.78	0.7	0.8	0.84	0.66	0.72	0.78	0.72	0.74	0.76	0.74	0.82
19600	0.78	0.86	0.8	0.8	0.78	0.72	0.82	0.84	0.66	0.72	0.74	0.7	0.76	0.8	0.76	0.84
19650	0.8	0.84	0.82	0.8	0.74	0.72	0.84	0.82	0.7	0.72	0.74	0.68	0.74	0.8	0.72	0.84
19700	0.78	0.8	0.84	0.8	0.72	0.72	0.82	0.82	0.72	0.78	0.76	0.7	0.76	0.78	0.74	0.86
19750	0.78	0.8	0.84	0.82	0.76	0.74	0.82	0.76	0.68	0.8	0.72	0.7	0.76	0.68	0.74	0.84
19800	0.76	0.76	0.84	0.82	0.78	0.76	0.82	0.78	0.72	0.8	0.78	0.7	0.76	0.72	0.72	0.84
19850	0.76	0.76	0.86	0.84	0.8	0.74	0.8	0.76	0.7	0.74	0.8	0.72	0.76	0.76	0.74	0.84
19900	0.72	0.76	0.86	0.82	0.82	0.74	0.72	0.66	0.68	0.74	0.8	0.74	0.8	0.72	0.78	0.8
19950	0.74	0.74	0.82	0.82	0.82	0.76	0.74	0.64	0.68	0.74	0.8	0.76	0.82	0.72	0.76	0.86
20000	0.72	0.7	0.82	0.88	0.84	0.78	0.74	0.64	0.7	0.76	0.82	0.8	0.88	0.74	0.76	0.84
