0	0.0	0.0	0.0	0.0	0.0	0.0	0.0	0.0	0.0	0.0	0.0	0.0	0.0	0.0	0.0	0.0
50	0.0	0.0	0.0	0.0	0.0	0.0	0.0	0.0	0.0	0.0	0.0	0.0	0.0	0.0	0.0	0.0
100	0.0	0.0	0.0	0.0	0.0	0.0	0.0	0.0	0.0	0.0	0.0	0.0	0.0	0.0	0.0	0.0
150	0.0	0.0384615384615	0.0	0.04	0.037037037037	0.0625	0.0	0.0	0.0555555555556	0.05	0.047619047619	0.05	0.0	0.0714285714286	0.0526315789474	0.0
200	0.0	0.0294117647059	0.0	0.129032258065	0.0625	0.0555555555556	0.0555555555556	0.0	0.103448275862	0.0833333333333	0.04	0.0769230769231	0.0434782608696	0.148148148148	0.16	0.0869565217391
250	0.0	0.0285714285714	0.0	0.111111111111	0.046511627907	0.0416666666667	0.0869565217391	0.04	0.0789473684211	0.09375	0.0625	0.0555555555556	0.0344827586207	0.125	0.121212121212	0.08
300	0.0	0.025641025641	0.0222222222222	0.139534883721	0.063829787234	0.0666666666667	0.0666666666667	0.0333333333333	0.0869565217391	0.0857142857143	0.0512820512821	0.0869565217391	0.0555555555556	0.142857142857	0.1	0.0606060606061
350	0.0588235294118	0.0425531914894	0.0208333333333	0.133333333333	0.08	0.09375	0.0526315789474	0.0294117647059	0.08	0.0975609756098	0.0444444444444	0.0816326530612	0.0487804878049	0.106382978723	0.106382978723	0.0697674418605
400	0.105263157895	0.08	0.02	0.14	0.08	0.0789473684211	0.0444444444444	0.05	0.1	0.0816326530612	0.04	0.08	0.063829787234	0.12	0.14	0.0888888888889
450	0.121951219512	0.08	0.06	0.14	0.1	0.0731707317073	0.0612244897959	0.0434782608696	0.12	0.14	0.08	0.08	0.1	0.14	0.18	0.1
500	0.116279069767	0.06	0.06	0.18	0.1	0.0625	0.06	0.04	0.12	0.14	0.06	0.06	0.1	0.14	0.18	0.12
550	0.122448979592	0.1	0.1	0.22	0.08	0.1	0.06	0.04	0.1	0.12	0.08	0.06	0.1	0.12	0.18	0.12
600	0.18	0.1	0.12	0.16	0.06	0.1	0.06	0.04	0.1	0.12	0.12	0.1	0.1	0.08	0.16	0.14
650	0.22	0.1	0.1	0.16	0.08	0.08	0.02	0.06	0.1	0.14	0.14	0.12	0.1	0.08	0.22	0.2
700	0.24	0.12	0.12	0.14	0.1	0.1	0.02	0.04	0.1	0.12	0.16	0.1	0.1	0.08	0.24	0.22
750	0.3	0.16	0.14	0.14	0.08	0.1	0.08	0.04	0.1	0.14	0.18	0.14	0.12	0.12	0.22	0.2
800	0.28	0.16	0.1	0.14	0.1	0.1	0.1	0.06	0.12	0.14	0.22	0.18	0.12	0.14	0.22	0.24
850	0.32	0.24	0.1	0.12	0.16	0.2	0.12	0.06	0.14	0.12	0.22	0.2	0.16	0.1	0.22	0.24
900	0.32	0.3	0.14	0.12	0.18	0.2	0.14	0.06	0.14	0.14	0.2	0.22	0.18	0.1	0.22	0.26
950	0.28	0.34	0.14	0.12	0.22	0.22	0.14	0.08	0.16	0.14	0.2	0.22	0.22	0.14	0.2	0.24
1000	0.26	0.36	0.12	0.14	0.2	0.2	0.16	0.1	0.16	0.14	0.24	0.22	0.28	0.16	0.22	0.22
1050	0.3	0.36	0.16	0.2	0.22	0.2	0.16	0.12	0.16	0.2	0.26	0.32	0.34	0.16	0.2	0.24
1100	0.28	0.4	0.22	0.2	0.28	0.2	0.24	0.14	0.2	0.2	0.24	0.3	0.34	0.2	0.18	0.24
1150	0.24	0.38	0.22	0.22	0.34	0.22	0.24	0.12	0.2	0.2	0.24	0.34	0.34	0.22	0.16	0.22
1200	0.24	0.38	0.24	0.26	0.32	0.18	0.28	0.18	0.24	0.24	0.24	0.34	0.36	0.2	0.2	0.2
1250	0.24	0.32	0.26	0.28	0.34	0.16	0.28	0.18	0.2	0.22	0.26	0.36	0.34	0.2	0.22	0.18
1300	0.2	0.3	0.3	0.24	0.26	0.18	0.26	0.22	0.22	0.26	0.32	0.36	0.32	0.2	0.22	0.18
1350	0.2	0.32	0.28	0.26	0.26	0.16	0.26	0.24	0.2	0.3	0.28	0.36	0.32	0.2	0.26	0.18
1400	0.2	0.3	0.3	0.2	0.26	0.2	0.26	0.24	0.18	0.3	0.22	0.36	0.32	0.16	0.28	0.14
1450	0.18	0.24	0.32	0.2	0.3	0.26	0.28	0.26	0.16	0.3	0.22	0.26	0.3	0.14	0.28	0.14
1500	0.12	0.24	0.32	0.2	0.28	0.24	0.28	0.32	0.18	0.28	0.24	0.2	0.28	0.12	0.28	0.12
1550	0.18	0.28	0.3	0.2	0.28	0.26	0.18	0.26	0.18	0.3	0.18	0.14	0.28	0.16	0.22	0.18
1600	0.28	0.32	0.3	0.2	0.3	0.24	0.22	0.24	0.16	0.28	0.18	0.12	0.28	0.16	0.24	0.18
1650	0.3	0.28	0.26	0.2	0.3	0.24	0.16	0.22	0.16	0.28	0.24	0.1	0.26	0.16	0.22	0.2
1700	0.34	0.3	0.24	0.24	0.3	0.28	0.16	0.18	0.16	0.22	0.18	0.08	0.2	0.16	0.26	0.24
1750	0.38	0.38	0.24	0.24	0.3	0.28	0.16	0.12	0.2	0.18	0.18	0.1	0.2	0.16	0.2	0.24
1800	0.36	0.38	0.2	0.22	0.28	0.3	0.16	0.14	0.2	0.16	0.2	0.08	0.18	0.16	0.18	0.22
1850	0.32	0.42	0.2	0.24	0.24	0.3	0.14	0.1	0.24	0.14	0.22	0.06	0.16	0.16	0.2	0.18
1900	0.3	0.44	0.2	0.24	0.14	0.3	0.18	0.1	0.24	0.16	0.18	0.08	0.2	0.16	0.26	0.18
1950	0.26	0.42	0.2	0.22	0.18	0.3	0.2	0.1	0.28	0.14	0.2	0.14	0.16	0.16	0.22	0.2
2000	0.3	0.36	0.2	0.24	0.2	0.28	0.24	0.14	0.3	0.16	0.2	0.14	0.14	0.16	0.18	0.18
2050	0.28	0.36	0.22	0.22	0.18	0.3	0.22	0.14	0.32	0.16	0.2	0.16	0.16	0.16	0.14	0.14
2100	0.26	0.34	0.24	0.18	0.14	0.26	0.22	0.14	0.34	0.18	0.24	0.18	0.2	0.18	0.18	0.14
2150	0.24	0.26	0.24	0.18	0.16	0.24	0.24	0.14	0.32	0.18	0.2	0.2	0.24	0.2	0.18	0.16
2200	0.2	0.26	0.2	0.22	0.16	0.28	0.26	0.12	0.34	0.22	0.24	0.22	0.24	0.18	0.18	0.18
2250	0.2	0.24	0.28	0.26	0.22	0.28	0.26	0.16	0.34	0.28	0.24	0.26	0.22	0.18	0.18	0.18
2300	0.26	0.22	0.26	0.26	0.22	0.3	0.22	0.14	0.3	0.26	0.26	0.24	0.2	0.2	0.16	0.18
2350	0.26	0.2	0.24	0.24	0.22	0.28	0.18	0.14	0.3	0.24	0.26	0.22	0.24	0.24	0.12	0.16
2400	0.22	0.24	0.24	0.2	0.2	0.28	0.16	0.16	0.26	0.22	0.24	0.24	0.28	0.26	0.1	0.14
2450	0.28	0.3	0.24	0.24	0.2	0.3	0.12	0.18	0.3	0.24	0.3	0.26	0.3	0.26	0.12	0.2
2500	0.28	0.32	0.24	0.2	0.2	0.32	0.12	0.18	0.32	0.24	0.3	0.28	0.26	0.28	0.16	0.18
2550	0.28	0.32	0.2	0.2	0.24	0.28	0.1	0.2	0.28	0.26	0.32	0.28	0.28	0.32	0.16	0.2
2600	0.3	0.3	0.18	0.14	0.28	0.32	0.1	0.22	0.32	0.22	0.3	0.28	0.32	0.32	0.16	0.2
2650	0.28	0.3	0.16	0.16	0.28	0.36	0.1	0.26	0.3	0.28	0.3	0.34	0.36	0.32	0.14	0.2
2700	0.3	0.34	0.2	0.2	0.28	0.4	0.12	0.3	0.32	0.3	0.28	0.36	0.34	0.34	0.14	0.18
2750	0.3	0.36	0.18	0.18	0.34	0.44	0.2	0.28	0.36	0.34	0.28	0.3	0.34	0.32	0.16	0.18
2800	0.3	0.4	0.2	0.16	0.32	0.42	0.22	0.34	0.4	0.32	0.26	0.32	0.3	0.32	0.18	0.18
2850	0.32	0.38	0.18	0.16	0.28	0.36	0.22	0.3	0.32	0.3	0.22	0.3	0.3	0.32	0.2	0.16
2900	0.32	0.38	0.2	0.22	0.28	0.34	0.2	0.3	0.34	0.28	0.14	0.28	0.28	0.3	0.16	0.18
2950	0.36	0.32	0.22	0.22	0.22	0.3	0.26	0.34	0.38	0.3	0.2	0.26	0.24	0.3	0.18	0.16
3000	0.32	0.3	0.16	0.18	0.24	0.26	0.26	0.36	0.36	0.3	0.18	0.24	0.2	0.24	0.16	0.2
3050	0.36	0.3	0.18	0.16	0.26	0.28	0.28	0.34	0.36	0.32	0.18	0.22	0.24	0.24	0.24	0.2
3100	0.36	0.3	0.16	0.18	0.3	0.26	0.26	0.3	0.38	0.32	0.22	0.16	0.26	0.24	0.28	0.22
3150	0.4	0.34	0.18	0.18	0.34	0.26	0.28	0.26	0.4	0.34	0.22	0.22	0.26	0.26	0.28	0.24
3200	0.42	0.28	0.18	0.18	0.34	0.24	0.26	0.26	0.36	0.3	0.22	0.18	0.28	0.26	0.28	0.22
3250	0.42	0.24	0.16	0.22	0.34	0.24	0.28	0.26	0.4	0.3	0.26	0.2	0.24	0.26	0.32	0.22
3300	0.4	0.2	0.18	0.2	0.4	0.26	0.34	0.26	0.4	0.36	0.26	0.18	0.26	0.26	0.32	0.2
3350	0.4	0.2	0.22	0.24	0.38	0.3	0.34	0.22	0.38	0.34	0.22	0.16	0.24	0.26	0.32	0.2
3400	0.38	0.2	0.26	0.26	0.36	0.28	0.32	0.24	0.38	0.32	0.22	0.14	0.24	0.22	0.3	0.2
3450	0.3	0.16	0.3	0.22	0.32	0.26	0.3	0.24	0.38	0.28	0.2	0.2	0.26	0.26	0.32	0.2
3500	0.22	0.16	0.32	0.2	0.3	0.26	0.28	0.22	0.36	0.26	0.18	0.2	0.24	0.24	0.28	0.2
3550	0.16	0.14	0.34	0.18	0.32	0.26	0.28	0.26	0.34	0.22	0.14	0.2	0.22	0.28	0.28	0.22
3600	0.2	0.14	0.34	0.18	0.34	0.28	0.24	0.32	0.3	0.2	0.18	0.22	0.24	0.26	0.28	0.24
3650	0.26	0.18	0.34	0.2	0.32	0.3	0.2	0.34	0.26	0.18	0.18	0.2	0.26	0.28	0.32	0.2
3700	0.24	0.2	0.34	0.18	0.26	0.36	0.22	0.36	0.24	0.18	0.2	0.22	0.28	0.28	0.3	0.22
3750	0.28	0.18	0.34	0.14	0.26	0.32	0.16	0.36	0.2	0.2	0.22	0.24	0.24	0.28	0.26	0.24
3800	0.28	0.2	0.3	0.12	0.22	0.3	0.18	0.34	0.16	0.2	0.26	0.26	0.22	0.3	0.24	0.22
3850	0.3	0.26	0.26	0.12	0.2	0.32	0.22	0.32	0.16	0.2	0.26	0.26	0.22	0.3	0.26	0.2
3900	0.34	0.2	0.26	0.12	0.16	0.32	0.2	0.3	0.14	0.18	0.24	0.22	0.24	0.28	0.24	0.16
3950	0.38	0.22	0.2	0.16	0.16	0.32	0.2	0.3	0.14	0.18	0.24	0.2	0.28	0.24	0.22	0.2
4000	0.26	0.18	0.2	0.18	0.1	0.28	0.18	0.28	0.14	0.18	0.22	0.12	0.3	0.26	0.18	0.16
4050	0.22	0.18	0.24	0.22	0.14	0.28	0.2	0.22	0.16	0.16	0.2	0.14	0.26	0.22	0.16	0.18
4100	0.2	0.18	0.22	0.22	0.16	0.24	0.18	0.22	0.2	0.14	0.18	0.14	0.26	0.24	0.18	0.18
4150	0.18	0.18	0.22	0.22	0.16	0.26	0.18	0.22	0.22	0.16	0.18	0.18	0.28	0.22	0.22	0.16
4200	0.2	0.16	0.2	0.26	0.18	0.24	0.16	0.24	0.2	0.22	0.16	0.22	0.3	0.24	0.18	0.18
4250	0.2	0.16	0.22	0.24	0.26	0.26	0.18	0.3	0.2	0.28	0.14	0.24	0.28	0.24	0.16	0.16
4300	0.24	0.16	0.24	0.26	0.28	0.24	0.16	0.28	0.24	0.26	0.2	0.24	0.26	0.26	0.16	0.2
4350	0.26	0.16	0.28	0.24	0.3	0.22	0.18	0.3	0.24	0.26	0.22	0.28	0.28	0.28	0.18	0.22
4400	0.26	0.16	0.32	0.26	0.3	0.28	0.22	0.3	0.26	0.32	0.24	0.28	0.28	0.3	0.18	0.2
4450	0.3	0.16	0.32	0.26	0.28	0.28	0.16	0.26	0.24	0.34	0.24	0.3	0.28	0.3	0.2	0.2
4500	0.3	0.12	0.32	0.26	0.3	0.28	0.18	0.26	0.2	0.34	0.22	0.24	0.3	0.36	0.24	0.22
4550	0.34	0.16	0.34	0.24	0.34	0.26	0.16	0.24	0.22	0.36	0.24	0.26	0.3	0.34	0.28	0.24
4600	0.26	0.22	0.36	0.26	0.38	0.28	0.16	0.22	0.22	0.32	0.22	0.2	0.34	0.34	0.32	0.22
4650	0.26	0.26	0.32	0.28	0.34	0.3	0.18	0.2	0.22	0.28	0.24	0.18	0.32	0.34	0.28	0.2
4700	0.22	0.24	0.3	0.28	0.28	0.3	0.22	0.16	0.2	0.2	0.22	0.2	0.3	0.32	0.26	0.16
4750	0.26	0.28	0.3	0.26	0.32	0.3	0.24	0.14	0.2	0.26	0.2	0.2	0.34	0.28	0.24	0.14
4800	0.26	0.3	0.3	0.24	0.38	0.32	0.28	0.16	0.24	0.24	0.2	0.16	0.32	0.24	0.2	0.14
4850	0.24	0.26	0.32	0.24	0.4	0.3	0.26	0.14	0.22	0.22	0.22	0.18	0.34	0.24	0.14	0.18
4900	0.28	0.26	0.38	0.28	0.4	0.32	0.26	0.18	0.26	0.22	0.3	0.22	0.38	0.26	0.18	0.2
4950	0.28	0.26	0.42	0.26	0.42	0.26	0.26	0.2	0.22	0.22	0.3	0.24	0.38	0.26	0.18	0.24
5000	0.26	0.22	0.4	0.3	0.42	0.28	0.26	0.2	0.24	0.26	0.34	0.28	0.42	0.26	0.18	0.26
5050	0.32	0.24	0.44	0.24	0.4	0.24	0.28	0.22	0.28	0.3	0.3	0.26	0.42	0.28	0.22	0.28
5100	0.26	0.26	0.42	0.24	0.36	0.24	0.28	0.22	0.32	0.32	0.36	0.3	0.4	0.26	0.2	0.28
5150	0.28	0.32	0.46	0.26	0.38	0.26	0.26	0.24	0.36	0.34	0.34	0.34	0.38	0.28	0.26	0.28
5200	0.26	0.38	0.44	0.26	0.36	0.24	0.2	0.24	0.34	0.34	0.38	0.34	0.34	0.3	0.34	0.3
5250	0.24	0.4	0.4	0.26	0.36	0.26	0.24	0.28	0.34	0.36	0.3	0.38	0.32	0.3	0.38	0.22
5300	0.26	0.4	0.36	0.2	0.34	0.22	0.26	0.28	0.32	0.36	0.3	0.32	0.3	0.32	0.36	0.2
5350	0.26	0.44	0.38	0.22	0.32	0.2	0.26	0.3	0.32	0.34	0.24	0.36	0.24	0.34	0.3	0.18
5400	0.28	0.52	0.36	0.22	0.28	0.18	0.3	0.26	0.3	0.32	0.3	0.36	0.26	0.3	0.32	0.2
5450	0.38	0.56	0.3	0.26	0.32	0.2	0.28	0.22	0.32	0.28	0.32	0.38	0.28	0.28	0.34	0.24
5500	0.4	0.5	0.28	0.24	0.34	0.2	0.3	0.18	0.32	0.28	0.3	0.34	0.32	0.32	0.32	0.28
5550	0.44	0.5	0.32	0.26	0.28	0.22	0.28	0.2	0.28	0.22	0.26	0.3	0.34	0.38	0.32	0.3
5600	0.44	0.48	0.32	0.3	0.26	0.24	0.26	0.2	0.24	0.24	0.32	0.26	0.38	0.4	0.34	0.3
5650	0.42	0.42	0.3	0.28	0.22	0.28	0.26	0.2	0.24	0.2	0.3	0.2	0.38	0.42	0.24	0.34
5700	0.36	0.4	0.26	0.26	0.24	0.26	0.2	0.2	0.24	0.24	0.26	0.22	0.36	0.42	0.26	0.38
5750	0.36	0.32	0.2	0.24	0.24	0.26	0.16	0.2	0.16	0.24	0.24	0.22	0.38	0.38	0.22	0.34
5800	0.34	0.22	0.22	0.22	0.24	0.28	0.16	0.18	0.2	0.26	0.22	0.26	0.34	0.38	0.28	0.3
5850	0.3	0.26	0.2	0.14	0.26	0.3	0.12	0.14	0.22	0.28	0.18	0.24	0.32	0.32	0.26	0.26
5900	0.3	0.22	0.2	0.16	0.24	0.32	0.14	0.12	0.2	0.3	0.24	0.22	0.28	0.3	0.24	0.26
5950	0.3	0.2	0.18	0.16	0.24	0.3	0.16	0.14	0.22	0.26	0.22	0.22	0.28	0.24	0.24	0.24
6000	0.3	0.18	0.18	0.12	0.26	0.28	0.18	0.14	0.26	0.28	0.22	0.22	0.24	0.26	0.22	0.2
6050	0.32	0.2	0.24	0.08	0.24	0.22	0.18	0.1	0.26	0.28	0.22	0.24	0.24	0.26	0.2	0.2
6100	0.3	0.24	0.24	0.14	0.22	0.2	0.16	0.06	0.26	0.32	0.24	0.26	0.28	0.24	0.18	0.16
6150	0.3	0.28	0.24	0.18	0.24	0.22	0.16	0.12	0.3	0.32	0.24	0.24	0.28	0.28	0.2	0.18
6200	0.26	0.26	0.28	0.18	0.26	0.2	0.14	0.1	0.24	0.36	0.26	0.22	0.28	0.3	0.18	0.18
6250	0.3	0.26	0.36	0.2	0.24	0.16	0.14	0.08	0.22	0.32	0.28	0.24	0.32	0.3	0.2	0.28
6300	0.22	0.28	0.3	0.2	0.2	0.14	0.2	0.14	0.2	0.36	0.28	0.24	0.36	0.32	0.18	0.3
6350	0.24	0.26	0.34	0.22	0.2	0.18	0.2	0.2	0.22	0.36	0.24	0.26	0.32	0.3	0.22	0.28
6400	0.22	0.28	0.34	0.24	0.2	0.2	0.24	0.28	0.26	0.36	0.28	0.32	0.34	0.3	0.22	0.26
6450	0.24	0.34	0.32	0.18	0.22	0.26	0.3	0.3	0.26	0.36	0.26	0.34	0.3	0.32	0.24	0.26
6500	0.26	0.36	0.3	0.18	0.26	0.3	0.38	0.28	0.26	0.36	0.24	0.32	0.3	0.32	0.24	0.24
6550	0.32	0.36	0.3	0.16	0.28	0.32	0.38	0.32	0.24	0.36	0.24	0.32	0.3	0.28	0.22	0.26
6600	0.3	0.34	0.3	0.16	0.3	0.32	0.34	0.32	0.24	0.34	0.24	0.34	0.32	0.26	0.2	0.18
6650	0.3	0.36	0.32	0.24	0.24	0.36	0.38	0.24	0.26	0.32	0.26	0.28	0.32	0.2	0.22	0.14
6700	0.26	0.32	0.28	0.22	0.22	0.34	0.34	0.26	0.26	0.32	0.26	0.22	0.28	0.22	0.2	0.14
6750	0.24	0.3	0.24	0.24	0.26	0.34	0.32	0.24	0.28	0.32	0.22	0.18	0.28	0.2	0.18	0.14
6800	0.28	0.28	0.22	0.22	0.28	0.36	0.32	0.24	0.26	0.3	0.22	0.18	0.28	0.2	0.2	0.16
6850	0.34	0.26	0.16	0.24	0.3	0.32	0.3	0.24	0.22	0.28	0.24	0.2	0.26	0.22	0.26	0.22
6900	0.36	0.26	0.16	0.22	0.26	0.3	0.26	0.2	0.28	0.3	0.26	0.24	0.22	0.2	0.32	0.26
6950	0.38	0.26	0.18	0.24	0.26	0.26	0.3	0.2	0.3	0.3	0.26	0.26	0.22	0.28	0.32	0.24
7000	0.32	0.26	0.2	0.24	0.26	0.32	0.32	0.22	0.28	0.3	0.26	0.24	0.22	0.34	0.36	0.22
7050	0.32	0.18	0.2	0.2	0.3	0.3	0.28	0.22	0.26	0.3	0.26	0.24	0.22	0.3	0.34	0.22
7100	0.32	0.14	0.24	0.2	0.3	0.32	0.28	0.2	0.24	0.3	0.28	0.24	0.22	0.3	0.34	0.24
7150	0.34	0.16	0.24	0.2	0.3	0.38	0.28	0.22	0.24	0.3	0.24	0.26	0.24	0.32	0.32	0.24
7200	0.32	0.16	0.28	0.24	0.32	0.36	0.24	0.22	0.2	0.3	0.2	0.28	0.3	0.36	0.28	0.24
7250	0.28	0.18	0.34	0.24	0.34	0.36	0.34	0.24	0.24	0.32	0.2	0.26	0.34	0.34	0.24	0.28
7300	0.14	0.22	0.34	0.24	0.38	0.34	0.3	0.28	0.22	0.34	0.2	0.3	0.38	0.36	0.22	0.24
7350	0.16	0.24	0.36	0.22	0.4	0.3	0.3	0.32	0.2	0.32	0.2	0.28	0.38	0.3	0.18	0.24
7400	0.14	0.32	0.34	0.2	0.4	0.3	0.24	0.36	0.22	0.34	0.2	0.28	0.4	0.26	0.18	0.22
7450	0.16	0.34	0.36	0.2	0.4	0.3	0.26	0.34	0.18	0.3	0.22	0.22	0.38	0.3	0.16	0.26
7500	0.16	0.42	0.32	0.24	0.46	0.24	0.26	0.32	0.24	0.3	0.22	0.26	0.4	0.28	0.18	0.3
7550	0.18	0.36	0.34	0.26	0.48	0.26	0.26	0.32	0.28	0.32	0.24	0.34	0.4	0.26	0.2	0.32
7600	0.16	0.32	0.36	0.32	0.52	0.28	0.24	0.34	0.28	0.3	0.26	0.34	0.46	0.26	0.2	0.34
7650	0.26	0.3	0.34	0.36	0.48	0.32	0.22	0.34	0.28	0.28	0.22	0.28	0.42	0.28	0.18	0.3
7700	0.32	0.3	0.32	0.36	0.48	0.3	0.26	0.36	0.3	0.3	0.24	0.3	0.42	0.26	0.28	0.28
7750	0.3	0.28	0.34	0.32	0.5	0.3	0.28	0.34	0.28	0.28	0.24	0.3	0.4	0.3	0.24	0.24
7800	0.32	0.28	0.38	0.28	0.48	0.26	0.32	0.3	0.28	0.34	0.28	0.26	0.42	0.38	0.26	0.26
7850	0.34	0.3	0.38	0.3	0.44	0.32	0.3	0.28	0.28	0.38	0.3	0.3	0.46	0.38	0.34	0.24
7900	0.34	0.28	0.36	0.28	0.42	0.32	0.3	0.3	0.26	0.38	0.3	0.34	0.44	0.4	0.36	0.2
7950	0.28	0.32	0.36	0.26	0.36	0.34	0.32	0.26	0.32	0.38	0.3	0.34	0.44	0.4	0.32	0.16
8000	0.26	0.32	0.36	0.26	0.36	0.3	0.24	0.24	0.32	0.36	0.32	0.34	0.4	0.3	0.34	0.12
8050	0.24	0.34	0.34	0.26	0.34	0.32	0.3	0.28	0.26	0.38	0.28	0.28	0.42	0.28	0.32	0.12
8100	0.22	0.3	0.36	0.2	0.34	0.34	0.32	0.32	0.28	0.42	0.26	0.26	0.36	0.22	0.28	0.12
8150	0.2	0.26	0.32	0.2	0.3	0.36	0.32	0.32	0.32	0.48	0.28	0.26	0.32	0.2	0.3	0.1
8200	0.14	0.28	0.24	0.22	0.26	0.34	0.28	0.28	0.32	0.36	0.24	0.24	0.28	0.18	0.3	0.12
8250	0.16	0.3	0.24	0.24	0.28	0.34	0.28	0.34	0.32	0.36	0.24	0.24	0.22	0.2	0.28	0.14
8300	0.2	0.3	0.3	0.26	0.32	0.3	0.26	0.32	0.32	0.4	0.24	0.24	0.28	0.2	0.24	0.14
8350	0.22	0.28	0.32	0.26	0.32	0.28	0.24	0.38	0.3	0.4	0.26	0.22	0.26	0.2	0.24	0.12
8400	0.24	0.3	0.4	0.26	0.32	0.28	0.26	0.38	0.28	0.42	0.32	0.24	0.28	0.28	0.32	0.18
8450	0.22	0.24	0.4	0.3	0.32	0.3	0.3	0.36	0.3	0.4	0.32	0.22	0.24	0.32	0.3	0.2
8500	0.26	0.28	0.46	0.28	0.28	0.32	0.3	0.38	0.32	0.4	0.32	0.2	0.24	0.36	0.34	0.22
8550	0.34	0.3	0.46	0.3	0.28	0.36	0.3	0.4	0.34	0.36	0.32	0.28	0.24	0.34	0.32	0.24
8600	0.34	0.26	0.46	0.28	0.26	0.38	0.3	0.4	0.28	0.4	0.28	0.24	0.26	0.36	0.3	0.26
8650	0.36	0.24	0.46	0.32	0.26	0.38	0.26	0.34	0.26	0.4	0.26	0.26	0.28	0.34	0.26	0.26
8700	0.38	0.24	0.42	0.36	0.26	0.34	0.26	0.32	0.24	0.4	0.26	0.24	0.24	0.32	0.26	0.3
8750	0.4	0.3	0.38	0.36	0.24	0.32	0.24	0.36	0.24	0.38	0.28	0.26	0.24	0.32	0.28	0.34
8800	0.36	0.28	0.38	0.36	0.26	0.3	0.26	0.36	0.2	0.36	0.2	0.28	0.24	0.32	0.28	0.32
8850	0.36	0.24	0.3	0.38	0.26	0.3	0.22	0.32	0.18	0.36	0.24	0.3	0.26	0.3	0.26	0.3
8900	0.32	0.24	0.3	0.38	0.24	0.3	0.2	0.32	0.1	0.3	0.26	0.28	0.24	0.24	0.22	0.28
8950	0.3	0.24	0.3	0.4	0.26	0.3	0.18	0.36	0.14	0.32	0.28	0.3	0.28	0.26	0.24	0.28
9000	0.3	0.32	0.3	0.36	0.26	0.32	0.18	0.38	0.16	0.3	0.3	0.32	0.24	0.28	0.24	0.28
9050	0.22	0.3	0.28	0.36	0.26	0.34	0.2	0.28	0.18	0.28	0.28	0.28	0.28	0.28	0.26	0.28
9100	0.22	0.26	0.28	0.4	0.28	0.32	0.22	0.28	0.16	0.3	0.28	0.26	0.28	0.22	0.3	0.24
9150	0.22	0.22	0.24	0.38	0.24	0.36	0.24	0.28	0.16	0.3	0.28	0.26	0.24	0.22	0.28	0.22
9200	0.24	0.26	0.22	0.38	0.24	0.32	0.22	0.28	0.18	0.3	0.22	0.26	0.26	0.22	0.26	0.2
9250	0.24	0.28	0.22	0.42	0.3	0.3	0.24	0.18	0.2	0.28	0.24	0.24	0.26	0.22	0.26	0.24
9300	0.26	0.26	0.24	0.38	0.32	0.3	0.26	0.16	0.24	0.28	0.22	0.26	0.28	0.26	0.26	0.3
9350	0.3	0.26	0.28	0.38	0.32	0.28	0.22	0.18	0.28	0.28	0.18	0.24	0.3	0.26	0.3	0.32
9400	0.28	0.28	0.28	0.38	0.32	0.26	0.26	0.18	0.3	0.32	0.1	0.22	0.3	0.26	0.3	0.34
9450	0.32	0.24	0.3	0.32	0.32	0.3	0.24	0.16	0.28	0.36	0.14	0.26	0.3	0.24	0.28	0.34
9500	0.34	0.22	0.28	0.3	0.32	0.3	0.24	0.16	0.28	0.32	0.16	0.28	0.28	0.2	0.26	0.28
9550	0.34	0.26	0.34	0.3	0.3	0.3	0.22	0.16	0.28	0.3	0.16	0.34	0.3	0.24	0.24	0.3
9600	0.32	0.24	0.32	0.24	0.28	0.34	0.24	0.2	0.32	0.34	0.2	0.34	0.32	0.24	0.2	0.32
9650	0.26	0.2	0.3	0.22	0.26	0.36	0.24	0.24	0.32	0.36	0.2	0.32	0.3	0.22	0.18	0.3
9700	0.22	0.18	0.28	0.22	0.26	0.38	0.24	0.26	0.36	0.32	0.24	0.34	0.3	0.22	0.16	0.28
9750	0.2	0.2	0.32	0.22	0.26	0.4	0.28	0.28	0.28	0.32	0.26	0.32	0.26	0.18	0.14	0.3
9800	0.22	0.18	0.36	0.24	0.26	0.44	0.3	0.3	0.26	0.3	0.26	0.32	0.24	0.18	0.18	0.2
9850	0.2	0.14	0.36	0.26	0.26	0.42	0.28	0.32	0.26	0.28	0.24	0.32	0.28	0.24	0.18	0.2
9900	0.22	0.22	0.38	0.28	0.32	0.42	0.28	0.3	0.32	0.28	0.24	0.3	0.3	0.3	0.24	0.24
9950	0.26	0.2	0.34	0.3	0.3	0.4	0.28	0.28	0.3	0.24	0.2	0.26	0.26	0.3	0.24	0.24
10000	0.28	0.22	0.32	0.3	0.36	0.38	0.28	0.28	0.32	0.22	0.26	0.28	0.28	0.26	0.22	0.24
10050	0.28	0.24	0.34	0.32	0.34	0.32	0.26	0.24	0.32	0.3	0.22	0.32	0.28	0.3	0.22	0.32
10100	0.34	0.26	0.34	0.36	0.36	0.3	0.28	0.22	0.38	0.32	0.24	0.3	0.26	0.3	0.22	0.34
10150	0.34	0.26	0.34	0.42	0.4	0.34	0.32	0.24	0.4	0.32	0.28	0.26	0.28	0.36	0.2	0.34
10200	0.36	0.26	0.28	0.4	0.42	0.3	0.32	0.22	0.38	0.36	0.26	0.28	0.24	0.3	0.24	0.34
10250	0.32	0.26	0.22	0.38	0.38	0.3	0.38	0.24	0.4	0.36	0.26	0.32	0.2	0.26	0.26	0.26
10300	0.32	0.24	0.2	0.38	0.4	0.3	0.4	0.28	0.4	0.36	0.32	0.34	0.2	0.32	0.22	0.28
10350	0.32	0.3	0.26	0.4	0.34	0.32	0.42	0.28	0.4	0.36	0.34	0.4	0.22	0.34	0.26	0.26
10400	0.3	0.3	0.3	0.4	0.36	0.32	0.42	0.34	0.42	0.36	0.34	0.4	0.22	0.4	0.28	0.2
10450	0.28	0.28	0.32	0.4	0.38	0.42	0.38	0.36	0.46	0.34	0.28	0.48	0.2	0.42	0.36	0.22
10500	0.28	0.24	0.34	0.38	0.36	0.42	0.36	0.46	0.44	0.38	0.3	0.5	0.18	0.44	0.36	0.24
10550	0.24	0.28	0.46	0.4	0.36	0.42	0.38	0.46	0.44	0.44	0.26	0.5	0.22	0.46	0.34	0.24
10600	0.3	0.3	0.42	0.46	0.34	0.4	0.42	0.5	0.46	0.42	0.3	0.56	0.24	0.52	0.38	0.24
10650	0.4	0.32	0.36	0.46	0.34	0.46	0.44	0.48	0.44	0.48	0.36	0.56	0.26	0.5	0.36	0.36
10700	0.46	0.36	0.34	0.46	0.34	0.46	0.46	0.5	0.48	0.54	0.38	0.58	0.36	0.52	0.4	0.44
10750	0.48	0.34	0.36	0.46	0.46	0.54	0.46	0.56	0.52	0.56	0.42	0.58	0.36	0.5	0.4	0.46
10800	0.5	0.38	0.42	0.5	0.5	0.5	0.54	0.52	0.52	0.54	0.46	0.58	0.42	0.56	0.44	0.6
10850	0.5	0.32	0.38	0.52	0.56	0.52	0.58	0.5	0.46	0.6	0.5	0.58	0.38	0.56	0.42	0.64
10900	0.52	0.36	0.4	0.52	0.54	0.56	0.62	0.5	0.48	0.54	0.56	0.54	0.38	0.6	0.5	0.62
10950	0.6	0.44	0.44	0.48	0.54	0.56	0.56	0.46	0.52	0.5	0.54	0.56	0.42	0.6	0.5	0.6
11000	0.56	0.52	0.46	0.5	0.56	0.64	0.52	0.44	0.52	0.54	0.5	0.56	0.42	0.66	0.48	0.64
11050	0.58	0.54	0.52	0.5	0.52	0.66	0.52	0.42	0.58	0.54	0.48	0.56	0.46	0.64	0.44	0.7
11100	0.58	0.56	0.48	0.52	0.52	0.66	0.52	0.44	0.58	0.48	0.46	0.56	0.4	0.68	0.44	0.66
11150	0.54	0.6	0.48	0.5	0.48	0.62	0.54	0.48	0.5	0.44	0.48	0.54	0.38	0.66	0.46	0.6
11200	0.52	0.64	0.42	0.5	0.46	0.62	0.54	0.46	0.46	0.46	0.48	0.54	0.44	0.7	0.54	0.58
11250	0.54	0.74	0.42	0.52	0.5	0.7	0.54	0.5	0.48	0.52	0.46	0.54	0.54	0.72	0.54	0.52
11300	0.52	0.7	0.44	0.56	0.58	0.7	0.6	0.5	0.48	0.52	0.48	0.56	0.54	0.74	0.52	0.52
11350	0.46	0.7	0.48	0.58	0.62	0.72	0.6	0.58	0.44	0.54	0.48	0.56	0.58	0.7	0.58	0.54
11400	0.46	0.66	0.54	0.54	0.64	0.68	0.62	0.62	0.44	0.54	0.5	0.56	0.6	0.68	0.66	0.6
11450	0.46	0.6	0.56	0.62	0.68	0.68	0.62	0.7	0.44	0.5	0.54	0.56	0.6	0.62	0.7	0.52
11500	0.44	0.58	0.6	0.6	0.7	0.72	0.58	0.7	0.42	0.54	0.52	0.56	0.68	0.62	0.68	0.52
11550	0.46	0.52	0.62	0.6	0.68	0.74	0.58	0.7	0.4	0.6	0.56	0.54	0.72	0.64	0.66	0.52
11600	0.48	0.5	0.66	0.62	0.6	0.74	0.52	0.72	0.44	0.58	0.56	0.56	0.74	0.58	0.64	0.5
11650	0.54	0.52	0.68	0.58	0.6	0.74	0.48	0.7	0.44	0.52	0.56	0.6	0.78	0.56	0.64	0.52
11700	0.54	0.56	0.72	0.56	0.56	0.72	0.42	0.7	0.48	0.52	0.56	0.62	0.8	0.54	0.62	0.58
11750	0.5	0.54	0.72	0.52	0.54	0.66	0.38	0.62	0.48	0.56	0.5	0.6	0.78	0.52	0.5	0.58
11800	0.52	0.58	0.68	0.52	0.54	0.64	0.38	0.6	0.5	0.56	0.56	0.56	0.76	0.56	0.46	0.56
11850	0.52	0.56	0.64	0.5	0.56	0.62	0.36	0.6	0.52	0.58	0.52	0.56	0.76	0.58	0.46	0.6
11900	0.5	0.6	0.62	0.54	0.56	0.6	0.42	0.58	0.56	0.58	0.56	0.56	0.74	0.62	0.46	0.62
11950	0.5	0.58	0.62	0.52	0.6	0.66	0.4	0.54	0.56	0.6	0.52	0.56	0.7	0.6	0.46	0.56
12000	0.5	0.56	0.62	0.52	0.58	0.62	0.42	0.5	0.54	0.56	0.52	0.56	0.68	0.62	0.48	0.58
12050	0.58	0.58	0.62	0.56	0.64	0.6	0.52	0.5	0.56	0.68	0.58	0.56	0.64	0.64	0.48	0.62
12100	0.66	0.62	0.6	0.54	0.64	0.62	0.56	0.52	0.6	0.68	0.62	0.56	0.62	0.68	0.5	0.64
12150	0.64	0.66	0.64	0.56	0.64	0.66	0.56	0.52	0.62	0.68	0.62	0.6	0.56	0.72	0.54	0.66
12200	0.7	0.68	0.64	0.64	0.62	0.68	0.6	0.58	0.58	0.72	0.58	0.62	0.54	0.68	0.54	0.66
12250	0.72	0.68	0.66	0.56	0.58	0.72	0.6	0.66	0.58	0.76	0.66	0.64	0.5	0.7	0.66	0.66
12300	0.74	0.7	0.66	0.56	0.6	0.68	0.64	0.62	0.54	0.74	0.66	0.7	0.44	0.68	0.7	0.64
12350	0.72	0.7	0.68	0.58	0.6	0.7	0.64	0.68	0.54	0.74	0.68	0.72	0.42	0.62	0.74	0.64
12400	0.68	0.66	0.68	0.64	0.52	0.72	0.66	0.7	0.62	0.74	0.64	0.68	0.44	0.62	0.7	0.64
12450	0.64	0.6	0.7	0.64	0.52	0.76	0.64	0.68	0.54	0.7	0.64	0.66	0.42	0.62	0.64	0.56
12500	0.64	0.58	0.68	0.64	0.5	0.68	0.64	0.6	0.58	0.66	0.62	0.6	0.34	0.6	0.6	0.5
12550	0.64	0.6	0.66	0.64	0.46	0.66	0.64	0.62	0.58	0.66	0.64	0.62	0.42	0.58	0.62	0.5
12600	0.64	0.56	0.62	0.68	0.5	0.64	0.7	0.6	0.6	0.64	0.68	0.64	0.4	0.62	0.6	0.48
12650	0.6	0.56	0.6	0.7	0.46	0.64	0.72	0.58	0.64	0.6	0.7	0.62	0.42	0.6	0.66	0.48
12700	0.64	0.62	0.62	0.7	0.44	0.62	0.72	0.62	0.66	0.6	0.68	0.64	0.42	0.58	0.66	0.52
12750	0.62	0.58	0.64	0.72	0.42	0.58	0.76	0.62	0.7	0.56	0.68	0.66	0.48	0.58	0.66	0.58
12800	0.62	0.62	0.64	0.7	0.46	0.58	0.74	0.64	0.68	0.52	0.76	0.62	0.52	0.62	0.68	0.62
12850	0.64	0.68	0.62	0.68	0.5	0.58	0.76	0.64	0.66	0.56	0.72	0.62	0.52	0.6	0.74	0.68
12900	0.64	0.7	0.62	0.68	0.52	0.66	0.78	0.7	0.66	0.56	0.72	0.64	0.58	0.62	0.74	0.66
12950	0.68	0.76	0.62	0.66	0.58	0.72	0.72	0.72	0.62	0.54	0.7	0.58	0.58	0.62	0.68	0.62
13000	0.68	0.7	0.64	0.64	0.6	0.72	0.68	0.74	0.56	0.5	0.7	0.58	0.56	0.62	0.64	0.62
13050	0.68	0.66	0.66	0.68	0.58	0.76	0.66	0.68	0.58	0.48	0.68	0.56	0.54	0.7	0.64	0.62
13100	0.66	0.68	0.68	0.68	0.64	0.76	0.64	0.68	0.56	0.52	0.66	0.56	0.6	0.7	0.66	0.58
13150	0.64	0.64	0.72	0.72	0.66	0.72	0.64	0.7	0.56	0.6	0.7	0.6	0.58	0.72	0.66	0.5
13200	0.62	0.58	0.7	0.72	0.68	0.72	0.62	0.64	0.58	0.66	0.66	0.62	0.54	0.76	0.72	0.56
13250	0.62	0.58	0.74	0.7	0.66	0.76	0.62	0.58	0.56	0.7	0.62	0.68	0.58	0.78	0.72	0.58
13300	0.56	0.58	0.76	0.72	0.64	0.76	0.64	0.56	0.58	0.72	0.62	0.66	0.58	0.8	0.76	0.58
13350	0.54	0.66	0.8	0.72	0.58	0.76	0.66	0.56	0.64	0.7	0.62	0.68	0.58	0.74	0.76	0.58
13400	0.58	0.7	0.8	0.72	0.58	0.76	0.66	0.56	0.64	0.72	0.62	0.7	0.68	0.7	0.78	0.62
13450	0.58	0.72	0.76	0.74	0.62	0.76	0.68	0.52	0.66	0.74	0.66	0.72	0.68	0.72	0.8	0.6
13500	0.6	0.72	0.72	0.7	0.58	0.8	0.7	0.52	0.64	0.7	0.66	0.72	0.72	0.72	0.78	0.58
13550	0.56	0.76	0.7	0.54	0.54	0.8	0.66	0.54	0.7	0.68	0.64	0.68	0.7	0.72	0.82	0.6
13600	0.52	0.76	0.74	0.5	0.54	0.78	0.7	0.54	0.68	0.66	0.6	0.62	0.66	0.72	0.74	0.58
13650	0.56	0.68	0.72	0.54	0.52	0.78	0.68	0.56	0.7	0.66	0.6	0.6	0.58	0.66	0.74	0.52
13700	0.6	0.68	0.72	0.5	0.54	0.74	0.64	0.6	0.64	0.7	0.64	0.64	0.62	0.68	0.72	0.54
13750	0.6	0.66	0.66	0.46	0.5	0.7	0.62	0.6	0.58	0.68	0.68	0.64	0.6	0.7	0.7	0.58
13800	0.6	0.64	0.68	0.46	0.52	0.62	0.62	0.64	0.56	0.64	0.7	0.58	0.56	0.72	0.68	0.58
13850	0.6	0.62	0.68	0.48	0.54	0.64	0.64	0.68	0.54	0.56	0.7	0.6	0.54	0.68	0.7	0.6
13900	0.62	0.58	0.68	0.44	0.54	0.6	0.58	0.68	0.58	0.58	0.7	0.56	0.54	0.66	0.68	0.62
13950	0.58	0.54	0.68	0.46	0.48	0.64	0.6	0.7	0.58	0.56	0.7	0.6	0.6	0.66	0.66	0.64
14000	0.64	0.5	0.62	0.46	0.54	0.66	0.6	0.66	0.56	0.54	0.68	0.62	0.56	0.6	0.62	0.7
14050	0.64	0.46	0.64	0.46	0.6	0.62	0.56	0.64	0.58	0.52	0.66	0.6	0.62	0.58	0.66	0.68
14100	0.6	0.52	0.62	0.46	0.64	0.66	0.52	0.64	0.64	0.54	0.7	0.58	0.58	0.58	0.58	0.62
14150	0.6	0.52	0.56	0.46	0.62	0.7	0.6	0.66	0.68	0.54	0.7	0.54	0.52	0.6	0.6	0.66
14200	0.56	0.5	0.62	0.46	0.58	0.72	0.58	0.62	0.68	0.48	0.72	0.52	0.52	0.58	0.58	0.7
14250	0.52	0.56	0.62	0.46	0.58	0.66	0.6	0.58	0.7	0.5	0.74	0.52	0.52	0.62	0.54	0.7
14300	0.58	0.54	0.68	0.46	0.62	0.7	0.58	0.58	0.7	0.5	0.74	0.5	0.52	0.64	0.48	0.66
14350	0.56	0.58	0.68	0.46	0.6	0.7	0.58	0.58	0.68	0.5	0.76	0.52	0.52	0.6	0.46	0.62
14400	0.56	0.6	0.7	0.52	0.54	0.74	0.6	0.64	0.62	0.5	0.78	0.54	0.52	0.64	0.5	0.64
14450	0.58	0.64	0.66	0.58	0.58	0.76	0.64	0.66	0.58	0.48	0.72	0.52	0.54	0.64	0.56	0.62
14500	0.6	0.66	0.66	0.6	0.54	0.76	0.62	0.62	0.6	0.46	0.74	0.56	0.6	0.7	0.56	0.66
14550	0.56	0.68	0.72	0.66	0.62	0.8	0.62	0.62	0.62	0.54	0.72	0.6	0.62	0.76	0.58	0.68
14600	0.6	0.66	0.72	0.62	0.56	0.82	0.66	0.66	0.62	0.5	0.74	0.68	0.66	0.72	0.62	0.64
14650	0.7	0.68	0.74	0.64	0.56	0.82	0.64	0.64	0.66	0.54	0.76	0.72	0.66	0.72	0.6	0.6
14700	0.72	0.66	0.74	0.64	0.56	0.76	0.68	0.7	0.7	0.56	0.74	0.78	0.72	0.74	0.6	0.64
14750	0.8	0.68	0.74	0.7	0.58	0.76	0.7	0.68	0.74	0.6	0.76	0.82	0.72	0.76	0.64	0.66
14800	0.76	0.68	0.7	0.76	0.62	0.76	0.66	0.72	0.8	0.56	0.78	0.82	0.7	0.76	0.68	0.68
14850	0.74	0.72	0.74	0.72	0.58	0.72	0.68	0.74	0.78	0.52	0.72	0.8	0.64	0.76	0.72	0.7
14900	0.72	0.74	0.76	0.72	0.58	0.72	0.72	0.76	0.72	0.48	0.7	0.84	0.64	0.68	0.62	0.72
14950	0.76	0.76	0.72	0.66	0.56	0.76	0.72	0.72	0.72	0.48	0.72	0.84	0.62	0.66	0.6	0.7
15000	0.72	0.76	0.74	0.66	0.6	0.78	0.72	0.76	0.72	0.48	0.72	0.82	0.58	0.66	0.56	0.66
15050	0.68	0.74	0.72	0.66	0.64	0.78	0.74	0.74	0.72	0.58	0.74	0.76	0.58	0.6	0.54	0.68
15100	0.62	0.74	0.68	0.64	0.7	0.8	0.7	0.72	0.68	0.56	0.74	0.72	0.56	0.64	0.5	0.66
15150	0.64	0.76	0.76	0.64	0.74	0.76	0.76	0.72	0.64	0.58	0.72	0.74	0.6	0.7	0.54	0.62
15200	0.66	0.74	0.76	0.64	0.78	0.8	0.74	0.74	0.62	0.6	0.72	0.76	0.68	0.78	0.6	0.6
15250	0.66	0.72	0.76	0.64	0.78	0.82	0.78	0.72	0.62	0.64	0.72	0.78	0.68	0.8	0.66	0.58
15300	0.66	0.72	0.76	0.68	0.78	0.8	0.76	0.7	0.7	0.68	0.74	0.78	0.7	0.8	0.76	0.64
15350	0.62	0.74	0.76	0.68	0.78	0.84	0.76	0.7	0.74	0.68	0.78	0.76	0.74	0.76	0.76	0.64
15400	0.6	0.74	0.8	0.64	0.78	0.84	0.7	0.74	0.74	0.68	0.76	0.78	0.76	0.76	0.76	0.64
15450	0.66	0.72	0.78	0.66	0.7	0.86	0.72	0.72	0.7	0.64	0.78	0.8	0.76	0.7	0.7	0.66
15500	0.66	0.76	0.74	0.68	0.64	0.84	0.72	0.72	0.68	0.64	0.76	0.82	0.74	0.68	0.66	0.68
15550	0.68	0.8	0.72	0.7	0.58	0.86	0.7	0.76	0.72	0.64	0.74	0.82	0.7	0.66	0.62	0.72
15600	0.72	0.74	0.66	0.72	0.56	0.86	0.66	0.72	0.72	0.68	0.72	0.82	0.7	0.7	0.6	0.72
15650	0.72	0.76	0.66	0.74	0.58	0.84	0.64	0.68	0.7	0.7	0.72	0.84	0.72	0.72	0.66	0.74
15700	0.78	0.78	0.68	0.74	0.56	0.8	0.64	0.72	0.68	0.66	0.68	0.84	0.66	0.76	0.66	0.74
15750	0.74	0.8	0.68	0.72	0.48	0.78	0.6	0.68	0.66	0.7	0.68	0.78	0.66	0.78	0.7	0.8
15800	0.76	0.82	0.68	0.72	0.52	0.78	0.62	0.68	0.68	0.76	0.68	0.8	0.64	0.72	0.68	0.72
15850	0.7	0.82	0.68	0.7	0.56	0.78	0.68	0.64	0.72	0.74	0.62	0.8	0.58	0.72	0.66	0.74
15900	0.72	0.84	0.72	0.7	0.6	0.76	0.64	0.64	0.74	0.74	0.7	0.82	0.58	0.72	0.7	0.8
15950	0.78	0.84	0.72	0.72	0.62	0.78	0.64	0.62	0.74	0.7	0.7	0.86	0.58	0.78	0.66	0.82
16000	0.76	0.86	0.74	0.76	0.58	0.82	0.72	0.64	0.72	0.7	0.7	0.86	0.56	0.78	0.7	0.8
16050	0.72	0.86	0.74	0.76	0.58	0.8	0.74	0.66	0.72	0.68	0.68	0.86	0.56	0.72	0.66	0.76
16100	0.72	0.82	0.74	0.72	0.54	0.8	0.7	0.74	0.76	0.68	0.68	0.82	0.58	0.7	0.7	0.76
16150	0.74	0.82	0.72	0.74	0.56	0.78	0.64	0.78	0.78	0.66	0.66	0.86	0.58	0.74	0.7	0.82
16200	0.8	0.82	0.7	0.72	0.52	0.78	0.64	0.8	0.78	0.6	0.7	0.88	0.64	0.72	0.7	0.8
16250	0.72	0.78	0.68	0.76	0.56	0.84	0.64	0.8	0.72	0.58	0.72	0.86	0.64	0.74	0.7	0.8
16300	0.76	0.74	0.64	0.76	0.58	0.76	0.62	0.78	0.7	0.56	0.74	0.84	0.62	0.74	0.72	0.74
16350	0.78	0.68	0.64	0.76	0.6	0.74	0.66	0.78	0.76	0.56	0.72	0.82	0.64	0.72	0.68	0.74
16400	0.78	0.66	0.64	0.74	0.6	0.72	0.64	0.84	0.76	0.54	0.7	0.8	0.64	0.7	0.68	0.76
16450	0.76	0.64	0.64	0.72	0.66	0.72	0.62	0.82	0.74	0.58	0.72	0.8	0.7	0.66	0.68	0.8
16500	0.8	0.68	0.66	0.68	0.68	0.74	0.64	0.8	0.78	0.6	0.72	0.82	0.72	0.72	0.74	0.8
16550	0.78	0.72	0.66	0.66	0.72	0.78	0.68	0.8	0.76	0.58	0.72	0.8	0.74	0.7	0.74	0.76
16600	0.72	0.72	0.68	0.62	0.68	0.76	0.68	0.78	0.76	0.58	0.76	0.8	0.68	0.74	0.68	0.78
16650	0.7	0.78	0.62	0.62	0.64	0.76	0.68	0.78	0.78	0.6	0.78	0.78	0.7	0.72	0.7	0.76
16700	0.7	0.74	0.64	0.54	0.62	0.78	0.68	0.78	0.8	0.6	0.78	0.78	0.7	0.66	0.68	0.78
16750	0.64	0.76	0.66	0.54	0.66	0.84	0.68	0.82	0.76	0.6	0.8	0.76	0.74	0.64	0.72	0.82
16800	0.58	0.78	0.64	0.54	0.68	0.84	0.66	0.86	0.74	0.58	0.76	0.78	0.74	0.62	0.8	0.84
16850	0.6	0.74	0.66	0.54	0.64	0.84	0.68	0.82	0.68	0.6	0.76	0.76	0.72	0.6	0.76	0.82
16900	0.64	0.72	0.64	0.58	0.62	0.86	0.68	0.84	0.72	0.62	0.78	0.76	0.7	0.64	0.74	0.82
16950	0.62	0.72	0.64	0.6	0.56	0.84	0.72	0.82	0.72	0.6	0.78	0.74	0.76	0.68	0.76	0.84
17000	0.66	0.76	0.7	0.62	0.58	0.84	0.76	0.8	0.72	0.66	0.76	0.78	0.78	0.68	0.8	0.88
17050	0.66	0.74	0.72	0.56	0.66	0.86	0.8	0.76	0.72	0.68	0.74	0.8	0.78	0.66	0.8	0.82
17100	0.66	0.74	0.76	0.6	0.64	0.84	0.78	0.74	0.72	0.68	0.74	0.78	0.78	0.72	0.8	0.82
17150	0.7	0.74	0.72	0.62	0.6	0.82	0.76	0.78	0.76	0.68	0.72	0.76	0.8	0.72	0.78	0.72
17200	0.72	0.74	0.72	0.64	0.62	0.82	0.8	0.8	0.74	0.66	0.74	0.74	0.82	0.68	0.74	0.72
17250	0.72	0.72	0.7	0.66	0.62	0.8	0.78	0.82	0.78	0.74	0.76	0.74	0.78	0.68	0.8	0.68
17300	0.7	0.76	0.74	0.64	0.66	0.82	0.76	0.84	0.78	0.74	0.72	0.74	0.7	0.7	0.76	0.68
17350	0.62	0.76	0.72	0.56	0.68	0.78	0.74	0.84	0.76	0.74	0.72	0.7	0.7	0.74	0.74	0.68
17400	0.62	0.78	0.72	0.58	0.68	0.78	0.7	0.88	0.76	0.74	0.7	0.7	0.68	0.72	0.74	0.64
17450	0.62	0.76	0.74	0.54	0.72	0.8	0.72	0.88	0.76	0.74	0.68	0.68	0.7	0.74	0.72	0.72
17500	0.62	0.7	0.74	0.58	0.7	0.78	0.74	0.84	0.84	0.72	0.7	0.72	0.64	0.68	0.72	0.72
17550	0.6	0.72	0.7	0.54	0.74	0.8	0.7	0.84	0.8	0.7	0.72	0.72	0.52	0.7	0.68	0.72
17600	0.6	0.72	0.76	0.44	0.74	0.78	0.7	0.8	0.8	0.72	0.68	0.7	0.54	0.74	0.66	0.78
17650	0.62	0.74	0.76	0.46	0.8	0.84	0.74	0.82	0.82	0.76	0.7	0.7	0.56	0.74	0.7	0.82
17700	0.64	0.78	0.74	0.52	0.7	0.78	0.68	0.78	0.78	0.76	0.72	0.72	0.62	0.7	0.7	0.8
17750	0.6	0.78	0.76	0.56	0.66	0.8	0.68	0.78	0.8	0.78	0.76	0.74	0.74	0.7	0.74	0.8
17800	0.62	0.7	0.76	0.62	0.66	0.76	0.66	0.78	0.78	0.76	0.78	0.72	0.74	0.7	0.7	0.82
17850	0.66	0.72	0.74	0.64	0.64	0.76	0.7	0.8	0.78	0.76	0.8	0.76	0.74	0.68	0.76	0.8
17900	0.66	0.76	0.74	0.68	0.68	0.76	0.68	0.84	0.74	0.76	0.78	0.78	0.82	0.66	0.78	0.78
17950	0.64	0.68	0.7	0.72	0.74	0.76	0.7	0.84	0.72	0.74	0.78	0.76	0.84	0.7	0.74	0.8
18000	0.66	0.62	0.74	0.78	0.66	0.78	0.68	0.82	0.74	0.68	0.78	0.8	0.82	0.72	0.72	0.8
18050	0.64	0.62	0.74	0.72	0.62	0.74	0.66	0.86	0.7	0.62	0.8	0.82	0.78	0.72	0.72	0.78
18100	0.6	0.62	0.8	0.72	0.68	0.78	0.66	0.84	0.7	0.58	0.74	0.8	0.78	0.72	0.7	0.76
18150	0.6	0.6	0.76	0.64	0.72	0.76	0.66	0.88	0.66	0.6	0.72	0.78	0.74	0.78	0.68	0.72
18200	0.62	0.64	0.76	0.62	0.72	0.78	0.64	0.9	0.64	0.62	0.7	0.76	0.76	0.84	0.7	0.7
18250	0.58	0.64	0.76	0.64	0.72	0.82	0.68	0.9	0.62	0.66	0.64	0.72	0.82	0.82	0.68	0.7
18300	0.56	0.6	0.74	0.64	0.68	0.78	0.68	0.9	0.64	0.68	0.6	0.7	0.76	0.82	0.74	0.66
18350	0.58	0.6	0.76	0.62	0.74	0.8	0.72	0.86	0.68	0.68	0.6	0.68	0.78	0.82	0.78	0.66
18400	0.6	0.6	0.78	0.6	0.74	0.78	0.7	0.84	0.66	0.66	0.58	0.64	0.82	0.78	0.72	0.72
18450	0.62	0.62	0.76	0.64	0.74	0.8	0.68	0.82	0.72	0.68	0.58	0.7	0.78	0.78	0.72	0.72
18500	0.6	0.64	0.7	0.7	0.7	0.8	0.68	0.82	0.76	0.62	0.6	0.66	0.76	0.78	0.74	0.7
18550	0.64	0.66	0.68	0.74	0.72	0.76	0.7	0.78	0.74	0.56	0.62	0.68	0.76	0.76	0.74	0.74
18600	0.64	0.66	0.7	0.74	0.74	0.74	0.7	0.76	0.74	0.56	0.66	0.7	0.76	0.76	0.72	0.74
18650	0.6	0.64	0.7	0.72	0.72	0.66	0.68	0.74	0.74	0.52	0.64	0.7	0.76	0.78	0.74	0.76
18700	0.66	0.6	0.72	0.8	0.72	0.68	0.7	0.7	0.74	0.5	0.64	0.72	0.62	0.82	0.74	0.78
18750	0.68	0.7	0.76	0.8	0.68	0.66	0.72	0.68	0.76	0.46	0.68	0.72	0.62	0.82	0.74	0.76
18800	0.66	0.72	0.74	0.78	0.72	0.62	0.7	0.7	0.78	0.48	0.7	0.76	0.66	0.82	0.74	0.78
18850	0.68	0.72	0.78	0.78	0.7	0.6	0.72	0.7	0.76	0.52	0.74	0.78	0.66	0.84	0.78	0.8
18900	0.72	0.7	0.8	0.76	0.72	0.62	0.74	0.66	0.82	0.6	0.76	0.76	0.64	0.84	0.78	0.72
18950	0.76	0.68	0.82	0.76	0.7	0.64	0.74	0.66	0.82	0.64	0.8	0.76	0.66	0.86	0.78	0.68
19000	0.7	0.68	0.84	0.76	0.68	0.68	0.76	0.7	0.88	0.64	0.78	0.76	0.66	0.88	0.82	0.64
19050	0.76	0.74	0.84	0.8	0.74	0.74	0.74	0.74	0.92	0.7	0.8	0.78	0.68	0.84	0.82	0.6
19100	0.78	0.72	0.86	0.76	0.76	0.74	0.72	0.78	0.94	0.72	0.82	0.76	0.74	0.84	0.84	0.58
19150	0.8	0.7	0.86	0.76	0.76	0.78	0.7	0.78	0.94	0.72	0.82	0.76	0.74	0.84	0.82	0.6
19200	0.8	0.68	0.9	0.8	0.72	0.78	0.68	0.8	0.94	0.72	0.8	0.78	0.7	0.86	0.8	0.62
19250	0.74	0.66	0.9	0.76	0.72	0.82	0.7	0.78	0.9	0.74	0.78	0.74	0.7	0.86	0.8	0.6
19300	0.7	0.7	0.88	0.76	0.66	0.88	0.72	0.82	0.86	0.72	0.76	0.72	0.72	0.9	0.76	0.58
19350	0.68	0.64	0.82	0.76	0.62	0.86	0.68	0.82	0.84	0.66	0.76	0.74	0.76	0.86	0.76	0.66
19400	0.66	0.62	0.82	0.7	0.62	0.88	0.7	0.78	0.78	0.6	0.78	0.72	0.8	0.82	0.74	0.72
19450	0.62	0.58	0.8	0.68	0.62	0.88	0.66	0.7	0.72	0.56	0.72	0.72	0.8	0.78	0.7	0.7
19500	0.62	0.58	0.78	0.68	0.56	0.86	0.7	0.74	0.7	0.58	0.68	0.68	0.78	0.76	0.7	0.7
19550	0.58	0.6	0.78	0.68	0.62	0.86	0.68	0.74	0.66	0.58	0.72	0.74	0.76	0.74	0.68	0.7
19600	0.62	0.56	0.76	0.66	0.64	0.84	0.66	0.74	0.64	0.54	0.74	0.7	0.78	0.7	0.74	0.68
19650	0.64	0.6	0.74	0.64	0.66	0.82	0.66	0.72	0.72	0.58	0.78	0.7	0.74	0.66	0.72	0.7
19700	0.68	0.66	0.76	0.64	0.64	0.82	0.66	0.72	0.76	0.62	0.82	0.72	0.76	0.62	0.7	0.66
19750	0.7	0.64	0.78	0.7	0.62	0.84	0.7	0.68	0.84	0.64	0.86	0.72	0.72	0.64	0.7	0.68
19800	0.7	0.7	0.78	0.68	0.68	0.82	0.72	0.7	0.86	0.62	0.88	0.7	0.64	0.66	0.74	0.66
19850	0.72	0.72	0.82	0.68	0.66	0.84	0.7	0.72	0.9	0.58	0.94	0.7	0.6	0.68	0.78	0.64
19900	0.72	0.7	0.76	0.7	0.66	0.82	0.72	0.68	0.86	0.6	0.86	0.7	0.66	0.66	0.78	0.66
19950	0.78	0.74	0.78	0.76	0.64	0.78	0.74	0.68	0.9	0.64	0.82	0.72	0.64	0.66	0.78	0.68
20000	0.78	0.74	0.76	0.74	0.58	0.8	0.76	0.68	0.78	0.6	0.84	0.7	0.64	0.66	0.78	0.68
