0	0.0	0.0	0.0	0.0	0.0	0.0	0.0	0.0	0.0	0.0	0.0	0.0	0.0	0.0	0.0	0.0
50	0.0	0.0	0.0	0.0	0.333333333333	0.0	0.0	0.0	0.5	0.0	1.0	1.0	0.0	0.0	0.0	0.333333333333
100	0.625	0.0	0.285714285714	0.428571428571	0.25	0.666666666667	0.166666666667	0.454545454545	0.6	0.2	0.333333333333	0.5	0.2	0.0	0.333333333333	0.444444444444
150	0.555555555556	0.375	0.363636363636	0.5	0.2	0.818181818182	0.25	0.625	0.571428571429	0.4	0.5	0.5	0.1875	0.2	0.25	0.5
200	0.692307692308	0.615384615385	0.533333333333	0.545454545455	0.285714285714	0.857142857143	0.538461538462	0.684210526316	0.7	0.444444444444	0.5	0.666666666667	0.363636363636	0.466666666667	0.5	0.6
250	0.75	0.6875	0.578947368421	0.615384615385	0.375	0.8125	0.647058823529	0.714285714286	0.75	0.545454545455	0.625	0.8	0.461538461538	0.5	0.7	0.555555555556
300	0.818181818182	0.722222222222	0.636363636364	0.625	0.545454545455	0.789473684211	0.684210526316	0.741935483871	0.8	0.62962962963	0.75	0.875	0.481481481481	0.578947368421	0.769230769231	0.52380952381
350	0.851851851852	0.761904761905	0.692307692308	0.625	0.642857142857	0.818181818182	0.714285714286	0.757575757576	0.85	0.666666666667	0.8125	0.923076923077	0.548387096774	0.652173913043	0.769230769231	0.583333333333
400	0.857142857143	0.772727272727	0.75	0.684210526316	0.736842105263	0.833333333333	0.727272727273	0.771428571429	0.875	0.685714285714	0.842105263158	0.928571428571	0.611111111111	0.714285714286	0.833333333333	0.6
450	0.866666666667	0.807692307692	0.75	0.76	0.761904761905	0.807692307692	0.75	0.789473684211	0.903225806452	0.682926829268	0.85	0.9375	0.65	0.733333333333	0.857142857143	0.620689655172
500	0.882352941176	0.833333333333	0.783783783784	0.777777777778	0.807692307692	0.821428571429	0.8125	0.80487804878	0.90625	0.690476190476	0.857142857143	0.944444444444	0.65	0.757575757576	0.888888888889	0.65625
550	0.888888888889	0.833333333333	0.794871794872	0.8	0.827586206897	0.84375	0.828571428571	0.829787234043	0.911764705882	0.717391304348	0.88	0.954545454545	0.65	0.8	0.892857142857	0.675675675676
600	0.894736842105	0.837837837838	0.809523809524	0.818181818182	0.848484848485	0.852941176471	0.846153846154	0.829787234043	0.916666666667	0.729166666667	0.888888888889	0.958333333333	0.695652173913	0.818181818182	0.90625	0.7
650	0.90243902439	0.857142857143	0.822222222222	0.842105263158	0.852941176471	0.875	0.85	0.84	0.923076923077	0.8	0.9	0.961538461538	0.714285714286	0.829787234043	0.909090909091	0.720930232558
700	0.909090909091	0.866666666667	0.826086956522	0.833333333333	0.864864864865	0.878048780488	0.863636363636	0.9	0.925	0.88	0.903225806452	0.967741935484	0.76	0.86	0.923076923077	0.739130434783
750	0.911111111111	0.9	0.86	0.837209302326	0.875	0.888888888889	0.877551020408	0.94	0.933333333333	0.9	0.909090909091	0.969696969697	0.84	0.9	0.93023255814	0.739130434783
800	0.918367346939	0.98	0.9	0.854166666667	0.883720930233	0.893617021277	0.98	0.96	0.933333333333	0.92	0.916666666667	0.970588235294	0.88	1.0	0.931818181818	0.75
850	0.92	0.98	0.9	0.92	0.891304347826	0.895833333333	1.0	0.96	0.96	0.94	0.926829268293	0.972222222222	0.92	1.0	0.934782608696	0.755102040816
900	0.96	0.98	0.9	0.94	0.9	0.9	1.0	0.96	0.98	0.94	0.93023255814	0.974358974359	0.94	1.0	0.96	0.78
950	0.98	0.98	0.94	0.94	0.9	0.92	1.0	0.96	1.0	0.94	0.938775510204	0.97619047619	0.96	1.0	0.98	0.82
1000	0.98	0.98	0.94	0.96	0.98	0.9	1.0	0.96	1.0	0.94	0.94	0.977272727273	0.98	1.0	0.98	0.84
1050	1.0	0.98	0.98	0.98	1.0	0.92	1.0	0.96	1.0	0.96	1.0	0.977777777778	0.98	1.0	0.98	0.84
1100	1.0	0.98	0.96	0.98	1.0	0.92	1.0	0.96	1.0	0.96	1.0	0.977777777778	0.98	1.0	0.98	0.86
1150	1.0	0.98	0.98	0.98	0.98	0.94	1.0	1.0	1.0	0.98	1.0	0.98	0.98	1.0	0.98	0.86
1200	1.0	0.98	0.96	0.98	0.98	0.92	1.0	1.0	1.0	0.98	1.0	0.98	0.98	1.0	0.98	0.86
1250	1.0	0.98	0.96	0.98	0.98	0.92	1.0	1.0	1.0	0.96	1.0	1.0	0.98	1.0	0.98	0.88
1300	1.0	0.98	0.96	0.98	0.98	0.94	1.0	1.0	1.0	0.96	1.0	1.0	0.98	1.0	0.98	0.9
1350	1.0	0.98	0.96	0.98	0.98	0.94	1.0	1.0	1.0	0.96	1.0	1.0	0.98	1.0	0.98	0.92
1400	1.0	0.98	0.96	1.0	0.98	0.92	1.0	1.0	1.0	0.96	1.0	1.0	0.98	1.0	0.96	0.96
1450	1.0	0.98	0.96	1.0	0.98	0.92	1.0	1.0	1.0	0.96	1.0	1.0	0.98	1.0	0.94	0.96
1500	1.0	0.98	0.96	1.0	0.98	0.92	1.0	1.0	1.0	0.96	1.0	1.0	0.98	1.0	0.94	0.98
1550	0.98	0.98	0.94	1.0	0.98	0.9	1.0	1.0	1.0	0.96	1.0	1.0	0.98	1.0	0.94	0.98
1600	0.98	0.98	0.94	1.0	0.98	0.9	1.0	1.0	1.0	0.96	1.0	1.0	0.98	1.0	0.96	0.98
1650	0.98	0.98	0.94	1.0	0.98	0.92	1.0	1.0	1.0	0.96	1.0	1.0	1.0	1.0	0.96	1.0
1700	0.98	0.98	0.94	1.0	0.96	0.92	1.0	1.0	1.0	0.96	1.0	1.0	1.0	1.0	0.96	1.0
1750	0.98	0.98	0.94	1.0	0.96	0.92	1.0	1.0	1.0	0.96	1.0	1.0	1.0	1.0	0.96	1.0
1800	0.98	0.98	0.94	1.0	0.96	0.94	1.0	1.0	1.0	0.96	1.0	1.0	1.0	1.0	0.96	1.0
1850	0.98	0.98	0.94	1.0	0.96	0.94	1.0	1.0	1.0	0.96	1.0	1.0	1.0	1.0	0.96	1.0
1900	0.98	0.98	0.96	1.0	0.98	0.94	1.0	1.0	1.0	0.96	1.0	1.0	1.0	1.0	0.96	1.0
1950	0.98	0.98	0.98	1.0	0.98	0.96	1.0	1.0	0.98	0.96	1.0	1.0	1.0	1.0	0.96	0.98
2000	0.98	0.98	0.98	1.0	0.98	0.96	1.0	1.0	0.98	0.96	1.0	1.0	1.0	0.98	0.96	0.98
2050	0.98	0.98	0.98	1.0	0.98	0.96	1.0	0.98	0.98	0.96	1.0	1.0	1.0	0.98	0.96	0.98
2100	0.98	0.98	0.98	1.0	0.98	0.96	1.0	0.98	0.98	0.98	1.0	1.0	1.0	0.98	0.96	0.98
2150	0.98	0.98	0.98	1.0	0.98	0.96	1.0	0.98	0.96	1.0	1.0	0.98	1.0	0.98	0.96	0.98
2200	0.98	0.98	0.98	1.0	0.98	0.98	1.0	0.98	0.96	0.98	1.0	0.98	1.0	0.98	0.96	0.98
2250	0.98	0.98	0.98	1.0	0.98	0.98	1.0	0.98	0.94	0.98	1.0	0.98	1.0	0.98	0.98	0.98
2300	0.98	0.98	0.98	1.0	0.98	0.98	1.0	0.98	0.94	0.98	1.0	0.96	1.0	0.98	1.0	0.98
2350	0.98	0.98	0.98	1.0	0.98	1.0	1.0	0.98	0.94	0.96	1.0	0.96	1.0	0.98	1.0	0.98
2400	1.0	0.98	0.98	1.0	0.98	1.0	1.0	0.98	0.94	0.94	1.0	0.96	1.0	0.96	1.0	0.98
2450	1.0	0.98	1.0	1.0	0.98	1.0	1.0	0.98	0.94	0.92	1.0	0.96	1.0	0.94	1.0	0.98
2500	1.0	0.98	1.0	1.0	0.98	1.0	1.0	0.98	0.9	0.92	1.0	0.96	1.0	0.94	1.0	0.98
2550	1.0	0.98	1.0	1.0	0.98	1.0	1.0	0.98	0.9	0.92	1.0	0.96	1.0	0.94	1.0	0.98
2600	1.0	0.98	1.0	1.0	0.98	1.0	1.0	0.98	0.9	0.92	1.0	0.96	1.0	0.94	0.98	0.98
2650	1.0	0.98	0.98	1.0	1.0	1.0	1.0	0.96	0.88	0.92	1.0	0.96	1.0	0.96	0.98	0.98
2700	1.0	0.98	0.98	1.0	1.0	1.0	1.0	0.96	0.88	0.92	1.0	0.96	1.0	0.94	0.98	1.0
2750	1.0	0.98	0.98	1.0	1.0	1.0	1.0	0.98	0.9	0.92	1.0	0.94	1.0	0.94	0.98	1.0
2800	1.0	0.98	0.98	1.0	1.0	1.0	1.0	0.98	0.9	0.92	1.0	0.94	1.0	0.94	0.98	1.0
2850	1.0	0.98	0.98	1.0	1.0	1.0	1.0	0.98	0.9	0.92	0.98	0.94	1.0	0.94	0.98	1.0
2900	1.0	1.0	0.98	1.0	1.0	1.0	1.0	0.98	0.9	0.92	0.98	0.96	1.0	0.94	0.98	1.0
2950	1.0	1.0	0.98	1.0	1.0	1.0	1.0	0.98	0.9	0.92	0.98	0.94	1.0	0.94	0.96	1.0
3000	1.0	1.0	0.98	1.0	0.98	1.0	1.0	0.98	0.9	0.94	0.98	0.94	1.0	0.94	0.96	1.0
3050	1.0	1.0	0.98	1.0	0.98	1.0	1.0	0.98	0.9	0.94	0.98	0.92	1.0	0.94	0.96	1.0
3100	1.0	1.0	0.98	1.0	0.98	1.0	1.0	0.98	0.9	0.94	0.98	0.9	1.0	0.94	0.96	1.0
3150	1.0	1.0	0.98	1.0	0.98	0.98	1.0	0.98	0.9	0.94	0.96	0.9	1.0	0.94	0.96	1.0
3200	1.0	1.0	0.96	1.0	0.98	0.98	1.0	0.98	0.92	0.96	0.94	0.9	1.0	0.94	0.96	1.0
3250	1.0	1.0	0.96	1.0	0.98	0.98	1.0	0.98	0.94	0.96	0.94	0.9	1.0	0.94	0.96	1.0
3300	1.0	1.0	0.96	1.0	0.98	0.98	1.0	0.98	0.94	0.98	0.94	0.9	1.0	0.98	0.94	1.0
3350	1.0	1.0	0.96	1.0	0.98	0.98	1.0	0.98	0.94	1.0	0.92	0.9	1.0	0.98	0.92	1.0
3400	1.0	1.0	0.96	1.0	0.96	0.98	1.0	1.0	0.94	0.98	0.92	0.9	1.0	0.98	0.92	0.98
3450	1.0	1.0	0.96	1.0	0.96	0.98	1.0	1.0	0.98	0.98	0.92	0.9	1.0	0.98	0.94	0.98
3500	1.0	1.0	0.96	1.0	0.96	0.98	1.0	1.0	0.98	0.98	0.92	0.9	1.0	0.98	0.94	0.98
3550	1.0	1.0	0.98	1.0	0.96	0.98	1.0	1.0	1.0	0.98	0.92	0.9	1.0	1.0	0.94	0.98
3600	1.0	1.0	0.98	1.0	0.96	0.98	1.0	1.0	1.0	0.96	0.92	0.9	1.0	1.0	0.94	0.98
3650	1.0	1.0	0.98	1.0	0.96	0.98	1.0	1.0	1.0	0.96	0.94	0.9	1.0	1.0	0.94	0.98
3700	1.0	1.0	0.98	1.0	0.96	0.98	1.0	1.0	0.98	0.96	0.94	0.92	1.0	1.0	0.94	0.98
3750	1.0	1.0	0.98	1.0	0.96	0.98	1.0	1.0	0.98	0.96	0.92	0.92	1.0	1.0	0.94	0.98
3800	1.0	1.0	0.98	1.0	0.94	0.98	1.0	1.0	0.96	0.96	0.92	0.92	1.0	1.0	0.94	0.98
3850	0.98	1.0	0.98	1.0	0.94	0.98	1.0	1.0	0.96	0.94	0.94	0.94	1.0	1.0	0.94	0.98
3900	0.98	1.0	0.94	1.0	0.96	0.98	1.0	1.0	0.96	0.94	0.94	0.98	1.0	0.94	0.96	0.98
3950	0.98	1.0	0.94	1.0	0.96	1.0	1.0	1.0	0.96	0.94	0.96	0.98	1.0	0.92	0.96	0.98
4000	0.98	1.0	0.94	1.0	0.96	1.0	1.0	1.0	0.96	0.94	0.96	0.98	1.0	0.92	0.96	0.98
4050	0.98	1.0	0.94	1.0	0.94	1.0	0.98	1.0	0.96	0.94	0.98	0.98	1.0	0.92	0.96	0.98
4100	0.98	1.0	0.94	1.0	0.94	1.0	0.98	1.0	0.96	0.94	0.96	0.98	1.0	0.9	0.96	1.0
4150	0.98	0.98	0.94	1.0	0.94	1.0	0.98	1.0	0.96	0.96	0.96	0.98	1.0	0.88	0.98	1.0
4200	0.98	0.98	0.96	1.0	0.94	1.0	0.98	1.0	0.96	0.96	0.96	0.98	1.0	0.88	1.0	1.0
4250	0.98	0.96	0.96	1.0	0.96	1.0	0.98	1.0	0.94	0.96	0.96	0.98	1.0	0.88	1.0	0.98
4300	0.98	0.94	0.92	0.98	0.96	1.0	0.98	1.0	0.94	0.96	0.96	1.0	1.0	0.88	1.0	0.98
4350	0.98	0.94	0.92	0.98	0.96	1.0	0.98	1.0	0.96	0.96	0.96	1.0	1.0	0.86	1.0	0.98
4400	0.98	0.94	0.92	0.98	0.96	1.0	0.98	1.0	0.96	0.98	0.94	1.0	1.0	0.86	1.0	0.96
4450	0.98	0.94	0.92	0.98	0.96	1.0	0.98	0.98	0.96	0.98	0.94	0.98	1.0	0.86	1.0	0.96
4500	1.0	0.94	0.9	0.98	0.94	1.0	0.94	0.98	0.96	0.98	0.94	0.98	1.0	0.86	1.0	0.96
4550	1.0	0.94	0.9	0.98	0.94	1.0	0.94	0.98	0.98	0.98	0.96	0.98	1.0	0.88	1.0	0.96
4600	1.0	0.94	0.92	0.98	0.94	1.0	0.94	0.98	0.98	0.98	0.96	0.98	1.0	0.9	1.0	0.96
4650	1.0	0.94	0.92	0.98	0.94	1.0	0.94	0.98	0.98	1.0	0.96	0.98	1.0	0.94	1.0	0.96
4700	1.0	0.94	0.92	0.98	0.96	1.0	0.94	0.98	0.98	1.0	0.96	0.98	1.0	0.94	0.98	0.96
4750	1.0	0.94	0.92	0.96	0.96	1.0	0.94	0.98	0.98	1.0	0.96	0.98	1.0	0.94	0.98	0.96
4800	1.0	0.94	0.92	0.94	0.96	1.0	0.94	0.98	0.98	1.0	0.96	0.98	1.0	0.96	0.98	0.96
4850	1.0	0.94	0.92	0.96	0.96	1.0	0.94	0.98	0.98	1.0	0.96	0.98	1.0	0.96	0.98	0.96
4900	1.0	0.98	0.92	0.96	0.96	1.0	0.94	0.98	0.98	1.0	0.96	0.98	1.0	0.96	0.98	0.96
4950	1.0	0.96	0.94	0.96	0.98	1.0	0.94	0.98	0.98	1.0	0.96	0.96	1.0	0.96	0.98	0.96
5000	1.0	0.96	0.94	0.96	0.98	1.0	0.96	0.98	0.98	1.0	0.98	0.96	1.0	0.96	0.98	0.98
5050	1.0	0.94	0.94	0.96	0.98	1.0	0.96	0.98	0.98	1.0	0.98	0.96	1.0	0.96	0.98	0.98
5100	1.0	0.94	0.94	0.96	0.98	1.0	0.94	0.98	0.98	0.98	0.98	0.98	1.0	0.98	0.98	1.0
5150	0.98	0.94	0.94	0.96	0.98	1.0	0.94	0.98	0.98	0.98	0.98	0.98	1.0	0.98	0.98	1.0
5200	0.98	0.92	0.94	0.96	0.98	1.0	0.92	0.98	0.98	0.98	0.98	0.98	1.0	0.98	0.98	1.0
5250	0.98	0.92	0.94	0.96	0.98	1.0	0.94	0.98	0.98	0.98	1.0	0.98	1.0	0.98	0.96	1.0
5300	0.98	0.92	0.94	0.96	1.0	1.0	0.96	0.98	1.0	0.98	1.0	0.98	1.0	1.0	0.96	1.0
5350	0.98	0.92	0.94	0.96	1.0	1.0	0.94	1.0	1.0	0.98	1.0	0.98	1.0	1.0	0.98	1.0
5400	0.98	0.9	0.94	0.96	0.98	0.98	0.94	1.0	1.0	0.98	1.0	0.98	1.0	1.0	0.98	1.0
5450	0.98	0.92	0.94	0.96	0.98	0.98	0.94	1.0	1.0	0.96	1.0	0.98	1.0	1.0	0.98	1.0
5500	0.98	0.92	0.96	0.96	0.98	0.98	0.94	1.0	1.0	0.96	1.0	0.98	1.0	1.0	0.98	1.0
5550	0.98	0.92	0.96	0.98	0.96	0.98	0.94	1.0	1.0	0.96	1.0	0.98	1.0	1.0	0.98	1.0
5600	0.98	0.92	0.94	1.0	0.96	0.98	0.92	1.0	1.0	0.96	1.0	0.98	1.0	1.0	0.98	1.0
5650	0.98	0.92	0.94	1.0	0.94	0.98	0.92	1.0	1.0	0.96	1.0	1.0	0.98	0.98	0.98	0.98
5700	0.98	0.94	0.94	0.98	0.94	0.98	0.92	1.0	1.0	0.96	1.0	0.98	0.98	0.98	0.98	0.98
5750	0.98	0.94	0.96	0.98	0.94	0.98	0.9	1.0	1.0	0.96	1.0	0.98	0.98	0.98	0.98	0.98
5800	0.98	0.96	0.96	0.98	0.94	0.98	0.9	1.0	0.98	0.96	1.0	0.96	0.98	0.98	0.98	0.98
5850	0.98	0.96	0.96	0.98	0.94	0.98	0.92	1.0	0.98	0.96	1.0	0.96	0.98	0.98	0.98	0.98
5900	1.0	0.98	0.96	0.98	0.94	0.98	0.92	1.0	0.98	0.96	1.0	0.94	0.98	0.98	0.98	0.98
5950	1.0	0.98	0.96	0.98	0.94	0.98	0.9	1.0	0.98	0.96	1.0	0.94	0.98	0.98	1.0	0.98
6000	1.0	0.96	0.96	0.98	0.94	0.98	0.9	1.0	0.98	0.96	1.0	0.94	0.98	0.98	1.0	0.98
6050	1.0	0.96	0.96	0.96	0.94	0.98	0.9	1.0	0.98	0.98	1.0	0.94	0.98	0.98	1.0	0.98
6100	1.0	0.96	0.94	0.96	0.94	0.98	0.9	1.0	0.96	0.98	1.0	0.94	0.98	0.98	1.0	0.98
6150	1.0	0.98	0.94	0.96	0.94	0.98	0.92	1.0	0.96	0.98	1.0	0.94	0.98	0.98	1.0	0.98
6200	1.0	0.98	0.94	0.96	0.96	0.98	0.92	1.0	0.96	0.98	1.0	0.94	0.98	0.98	1.0	0.98
6250	1.0	0.98	0.94	0.94	0.96	0.98	0.92	1.0	0.96	0.98	1.0	0.9	0.98	0.98	1.0	0.98
6300	1.0	0.98	0.94	0.94	0.98	0.98	0.92	1.0	0.96	0.98	1.0	0.88	0.98	0.98	1.0	0.98
6350	1.0	0.98	0.94	0.94	0.98	0.98	0.92	1.0	0.96	0.98	1.0	0.9	0.98	0.98	1.0	0.98
6400	1.0	0.98	0.94	0.94	0.98	0.98	0.9	1.0	0.96	0.98	1.0	0.92	0.98	0.98	1.0	1.0
6450	1.0	0.98	0.94	0.94	0.98	0.98	0.92	1.0	0.94	0.98	1.0	0.94	0.98	0.98	1.0	1.0
6500	1.0	0.98	0.94	0.92	0.98	0.98	0.92	1.0	0.94	0.98	1.0	0.94	1.0	1.0	1.0	1.0
6550	1.0	0.96	0.96	0.94	0.98	0.98	0.92	1.0	0.96	0.98	1.0	0.92	1.0	1.0	1.0	1.0
6600	1.0	0.96	0.96	0.94	0.98	0.98	0.92	1.0	0.96	0.98	1.0	0.92	1.0	0.98	1.0	1.0
6650	1.0	0.96	0.96	0.92	0.98	0.98	0.94	1.0	0.96	0.98	1.0	0.92	1.0	0.96	1.0	1.0
6700	1.0	0.96	0.96	0.92	0.98	0.98	0.94	1.0	0.98	0.98	1.0	0.92	1.0	0.96	1.0	1.0
6750	1.0	0.96	0.96	0.92	0.98	0.98	0.94	1.0	0.98	0.98	1.0	0.92	1.0	0.96	1.0	1.0
6800	1.0	0.98	0.96	0.92	0.98	0.98	0.94	1.0	0.98	0.98	1.0	0.92	1.0	0.96	0.98	1.0
6850	1.0	0.98	0.96	0.94	0.98	0.98	0.94	1.0	0.98	0.98	1.0	0.92	1.0	0.96	0.98	1.0
6900	1.0	0.98	0.96	0.94	0.98	0.96	0.94	1.0	0.98	0.98	1.0	0.92	1.0	0.96	0.96	1.0
6950	1.0	0.98	0.96	0.94	0.98	0.96	0.94	1.0	0.98	0.98	1.0	0.92	1.0	0.96	0.96	1.0
7000	1.0	0.98	0.96	0.94	0.96	0.96	0.92	1.0	0.98	0.98	1.0	0.96	1.0	0.96	0.96	0.98
7050	1.0	0.98	0.96	0.94	0.96	0.96	0.92	0.98	0.98	0.98	1.0	0.98	1.0	0.96	0.96	0.98
7100	1.0	0.98	0.96	0.94	0.96	0.96	0.92	0.98	1.0	0.98	1.0	0.98	1.0	0.96	0.96	0.98
7150	1.0	0.98	0.98	0.96	0.96	0.98	0.92	0.98	1.0	0.98	1.0	0.98	1.0	0.96	0.96	0.98
7200	1.0	0.98	1.0	0.96	0.98	0.98	0.94	0.98	1.0	1.0	1.0	0.98	1.0	0.96	0.96	0.98
7250	1.0	1.0	1.0	0.96	0.98	0.96	0.92	0.98	1.0	0.98	1.0	0.98	1.0	0.96	0.96	0.98
7300	1.0	1.0	1.0	0.96	0.98	0.96	0.92	0.98	0.98	0.98	1.0	0.98	1.0	0.98	0.96	0.98
7350	1.0	1.0	1.0	0.98	0.98	0.96	0.92	0.98	0.98	0.98	1.0	1.0	1.0	1.0	0.96	0.98
7400	1.0	1.0	1.0	0.98	0.98	0.96	0.92	0.98	0.98	0.98	1.0	1.0	1.0	1.0	0.94	0.98
7450	1.0	1.0	1.0	0.96	0.98	0.96	0.94	0.98	0.98	0.96	1.0	1.0	1.0	1.0	0.98	0.98
7500	1.0	1.0	1.0	0.96	0.98	0.96	0.92	0.98	0.98	0.96	1.0	1.0	1.0	1.0	0.96	0.96
7550	1.0	1.0	1.0	0.96	0.98	0.96	0.9	0.98	0.98	0.96	1.0	1.0	1.0	1.0	0.96	0.96
7600	1.0	1.0	0.98	0.96	0.98	0.96	0.9	0.98	0.96	0.96	1.0	1.0	1.0	1.0	0.96	0.96
7650	1.0	1.0	0.98	0.96	0.98	0.96	0.9	0.98	0.96	0.96	1.0	1.0	1.0	1.0	0.96	0.96
7700	1.0	1.0	0.96	0.94	0.98	0.96	0.9	0.98	0.96	0.96	1.0	1.0	1.0	1.0	0.96	0.96
7750	1.0	1.0	0.96	0.94	1.0	0.98	0.9	0.98	0.96	0.96	1.0	1.0	1.0	1.0	0.96	0.96
7800	1.0	1.0	0.94	0.92	1.0	0.96	0.9	0.98	0.96	0.96	1.0	1.0	1.0	1.0	0.96	0.98
7850	0.98	1.0	0.94	0.92	1.0	0.96	0.9	1.0	0.96	0.96	1.0	1.0	1.0	1.0	0.94	0.98
7900	0.98	1.0	0.94	0.92	1.0	0.96	0.9	1.0	0.96	0.96	1.0	1.0	1.0	1.0	0.96	0.98
7950	0.98	1.0	0.94	0.94	1.0	0.96	0.9	1.0	0.96	0.96	1.0	1.0	1.0	1.0	0.96	0.98
8000	0.98	1.0	0.94	0.94	1.0	0.96	0.9	1.0	0.96	0.94	1.0	1.0	1.0	1.0	0.96	0.98
8050	0.96	1.0	0.94	0.94	1.0	0.98	0.9	1.0	0.96	0.94	1.0	1.0	1.0	1.0	0.96	0.98
8100	0.96	1.0	0.94	0.94	0.96	0.98	0.9	1.0	0.96	0.94	1.0	1.0	1.0	1.0	0.96	0.98
8150	0.96	1.0	0.94	0.94	0.96	0.98	0.92	1.0	0.98	0.94	0.98	1.0	1.0	1.0	0.98	0.98
8200	0.96	1.0	0.94	0.94	0.96	0.98	0.92	1.0	0.96	0.94	0.98	1.0	1.0	1.0	0.98	0.98
8250	0.96	1.0	0.94	0.94	0.94	0.96	0.92	1.0	0.96	0.94	0.98	1.0	1.0	1.0	0.98	0.98
8300	0.96	1.0	0.94	0.96	0.94	0.94	0.92	1.0	0.98	0.94	0.98	0.98	1.0	1.0	0.98	0.98
8350	0.96	1.0	0.94	0.96	0.94	0.94	0.96	1.0	0.98	0.94	0.98	0.98	1.0	1.0	0.96	1.0
8400	0.96	0.98	0.96	0.96	0.94	0.92	0.96	1.0	0.96	0.96	0.98	0.98	1.0	1.0	0.96	1.0
8450	0.96	0.98	0.96	0.96	0.94	0.92	0.94	1.0	0.96	0.96	0.98	0.98	1.0	1.0	0.96	1.0
8500	0.96	0.98	0.94	0.96	0.94	0.92	0.96	1.0	0.96	0.98	0.98	0.96	1.0	1.0	0.96	1.0
8550	0.96	0.98	0.94	0.98	0.94	0.9	0.96	1.0	0.92	0.98	0.98	0.96	1.0	1.0	0.96	1.0
8600	0.96	0.96	0.94	0.98	0.94	0.9	0.96	1.0	0.92	0.98	0.98	0.96	1.0	1.0	0.96	1.0
8650	0.98	0.94	0.94	1.0	0.94	0.92	0.98	1.0	0.92	0.98	0.98	0.96	1.0	1.0	0.98	1.0
8700	0.98	0.94	0.96	1.0	0.94	0.92	0.98	1.0	0.92	0.98	0.98	0.96	1.0	1.0	0.98	1.0
8750	0.98	0.94	0.98	0.98	0.96	0.92	0.98	1.0	0.9	0.98	0.98	0.96	1.0	1.0	0.98	1.0
8800	0.98	0.94	0.98	0.96	0.96	0.92	0.98	1.0	0.92	0.98	0.98	0.96	1.0	1.0	0.98	1.0
8850	1.0	0.94	0.98	0.96	1.0	0.92	0.98	1.0	0.92	0.98	0.98	0.96	1.0	1.0	0.98	0.98
8900	1.0	0.94	0.98	0.96	0.98	0.92	0.98	1.0	0.92	1.0	0.98	0.96	1.0	1.0	0.98	0.98
8950	1.0	0.94	0.98	0.96	0.98	0.92	0.98	1.0	0.92	1.0	0.98	0.94	1.0	1.0	0.98	0.98
9000	0.98	0.94	0.98	0.96	0.98	0.92	0.98	1.0	0.9	1.0	0.98	0.94	0.98	1.0	0.96	0.98
9050	0.98	0.94	0.98	0.96	0.98	0.92	0.98	1.0	0.92	1.0	1.0	0.94	0.98	1.0	0.96	0.96
9100	0.98	0.94	0.96	0.96	0.98	0.92	0.98	1.0	0.92	1.0	1.0	0.94	0.98	1.0	0.96	0.96
9150	0.98	0.94	0.96	0.96	0.96	0.92	1.0	1.0	0.92	1.0	1.0	0.94	0.98	1.0	0.96	0.96
9200	0.98	0.94	0.96	0.96	0.94	0.92	1.0	1.0	0.92	1.0	1.0	0.94	0.98	1.0	0.96	0.96
9250	0.98	0.94	0.94	0.96	0.94	0.92	1.0	1.0	0.96	1.0	1.0	0.94	0.98	1.0	0.96	0.96
9300	0.98	0.96	0.96	0.96	0.94	0.94	1.0	1.0	0.96	1.0	1.0	0.94	0.98	1.0	0.96	0.96
9350	0.98	0.96	0.96	0.96	0.94	0.98	1.0	1.0	0.96	1.0	1.0	0.96	0.98	1.0	0.96	0.96
9400	0.98	0.96	0.96	0.96	0.92	0.98	1.0	0.98	0.98	1.0	1.0	0.92	0.98	1.0	0.96	0.96
9450	0.98	0.96	0.96	0.96	0.9	0.98	1.0	0.98	0.98	1.0	1.0	0.94	0.98	1.0	0.96	0.96
9500	0.98	1.0	0.96	0.96	0.9	0.98	1.0	0.98	0.96	1.0	1.0	0.94	0.98	1.0	0.96	0.96
9550	0.96	1.0	0.96	0.98	0.9	1.0	1.0	0.98	0.96	1.0	1.0	0.94	0.98	1.0	0.96	0.96
9600	0.94	1.0	0.96	0.98	0.9	0.98	1.0	0.98	0.96	1.0	1.0	0.94	0.98	1.0	0.96	0.94
9650	0.94	1.0	0.96	0.98	0.9	0.98	1.0	0.98	0.96	1.0	1.0	0.94	0.98	1.0	0.94	0.94
9700	0.94	1.0	0.96	0.98	0.92	0.98	1.0	0.98	0.98	1.0	1.0	0.94	1.0	1.0	0.94	0.94
9750	0.94	1.0	0.96	0.98	0.92	0.98	1.0	0.98	0.98	1.0	1.0	0.94	1.0	1.0	0.92	0.96
9800	0.94	1.0	0.96	0.98	0.9	0.98	1.0	0.98	0.96	1.0	1.0	0.94	1.0	0.98	0.92	0.96
9850	0.94	1.0	0.96	0.98	0.9	0.98	1.0	0.98	0.96	1.0	1.0	0.94	1.0	0.98	0.92	0.96
9900	0.94	1.0	0.96	0.98	0.9	0.98	1.0	0.98	0.96	1.0	1.0	0.94	1.0	0.98	0.94	0.96
9950	0.94	1.0	0.98	0.98	0.9	0.98	1.0	0.98	0.96	1.0	1.0	0.94	1.0	0.98	0.94	0.98
10000	0.94	1.0	0.98	0.98	0.94	0.98	1.0	0.98	0.96	1.0	1.0	0.96	0.98	0.98	0.94	0.98
10050	0.94	1.0	1.0	0.98	0.94	0.98	1.0	0.98	0.96	1.0	1.0	0.96	0.98	0.98	0.96	0.98
10100	0.94	1.0	1.0	0.98	0.94	0.98	1.0	0.98	0.96	1.0	1.0	0.96	0.98	0.98	0.94	0.98
10150	0.94	1.0	1.0	0.98	0.96	0.98	1.0	1.0	0.96	1.0	1.0	0.94	0.98	0.98	0.94	0.98
10200	0.94	1.0	1.0	1.0	0.98	1.0	1.0	1.0	0.96	1.0	1.0	0.94	0.98	0.98	0.94	0.96
10250	0.98	1.0	1.0	1.0	0.98	1.0	0.96	1.0	0.98	0.98	1.0	0.98	0.98	0.98	0.94	0.94
10300	0.98	1.0	1.0	0.98	0.98	1.0	0.94	1.0	0.98	0.98	1.0	0.98	0.98	0.98	0.94	0.96
10350	0.98	1.0	1.0	0.98	0.98	1.0	0.94	1.0	0.98	0.98	1.0	0.98	0.98	0.98	0.94	0.96
10400	0.98	1.0	1.0	0.98	1.0	1.0	0.9	1.0	0.94	0.98	1.0	0.98	0.98	1.0	0.96	0.94
10450	1.0	1.0	1.0	0.98	0.98	0.98	0.9	1.0	0.94	0.98	1.0	0.98	0.98	1.0	0.96	0.94
10500	1.0	1.0	1.0	0.96	0.98	0.98	0.9	1.0	0.94	0.98	1.0	0.98	0.98	1.0	0.96	0.94
10550	1.0	1.0	1.0	0.96	0.98	0.98	0.9	0.98	0.94	0.98	1.0	0.98	1.0	1.0	0.96	0.94
10600	0.98	1.0	1.0	0.96	0.98	0.98	0.9	0.98	0.94	0.98	1.0	0.98	1.0	1.0	0.96	0.94
10650	0.98	1.0	1.0	0.96	0.96	0.98	0.92	0.98	0.94	0.98	1.0	0.98	1.0	1.0	0.98	0.94
10700	0.98	1.0	1.0	0.96	0.96	0.98	0.94	0.98	0.94	1.0	1.0	0.98	1.0	1.0	0.98	0.94
10750	0.96	1.0	1.0	0.96	0.96	0.98	0.96	0.96	0.94	1.0	1.0	0.98	1.0	1.0	0.98	0.94
10800	0.94	1.0	1.0	0.96	0.96	0.98	0.96	0.96	0.94	1.0	1.0	0.98	1.0	1.0	0.98	0.98
10850	0.94	1.0	1.0	0.98	0.96	0.98	0.96	0.96	0.94	1.0	1.0	1.0	1.0	1.0	0.96	0.98
10900	0.94	1.0	1.0	0.98	0.96	0.96	0.96	0.96	0.94	1.0	1.0	1.0	1.0	1.0	0.96	0.98
10950	0.94	1.0	1.0	1.0	0.96	0.98	0.96	0.96	0.92	1.0	1.0	1.0	1.0	1.0	0.98	0.98
11000	0.96	1.0	0.98	1.0	0.96	0.98	1.0	0.96	0.92	1.0	1.0	1.0	1.0	1.0	0.98	0.98
11050	0.96	1.0	0.98	1.0	0.98	0.98	1.0	0.96	0.9	1.0	0.98	1.0	1.0	1.0	0.98	0.98
11100	0.96	1.0	0.98	1.0	0.98	0.98	1.0	0.96	0.9	1.0	0.98	1.0	1.0	1.0	0.94	0.98
11150	0.96	1.0	0.98	1.0	0.98	0.98	1.0	0.96	0.94	1.0	0.98	1.0	1.0	1.0	0.94	0.98
11200	0.96	1.0	0.98	1.0	0.98	0.98	1.0	0.98	0.96	1.0	0.98	0.96	1.0	1.0	0.94	0.98
11250	0.98	1.0	0.96	1.0	0.94	0.98	1.0	0.98	0.96	1.0	0.98	0.96	1.0	1.0	0.94	0.98
11300	0.98	1.0	0.96	1.0	0.94	0.98	1.0	0.98	0.96	1.0	0.98	0.96	1.0	1.0	0.94	0.98
11350	1.0	1.0	0.96	1.0	0.92	0.98	1.0	0.98	0.96	1.0	0.98	0.96	1.0	1.0	0.94	0.98
11400	1.0	1.0	0.96	1.0	0.9	0.98	1.0	0.98	0.96	1.0	0.98	0.96	1.0	1.0	0.96	0.98
11450	0.98	1.0	0.96	1.0	0.9	1.0	1.0	1.0	0.96	1.0	0.98	0.96	1.0	1.0	0.96	0.98
11500	0.98	1.0	0.96	1.0	0.9	1.0	1.0	1.0	0.96	1.0	0.98	0.96	1.0	1.0	0.96	0.98
11550	0.98	1.0	0.98	1.0	0.9	1.0	1.0	1.0	0.96	1.0	0.98	0.96	1.0	1.0	0.96	0.96
11600	0.98	1.0	0.98	1.0	0.9	0.98	1.0	1.0	0.96	1.0	0.98	0.96	1.0	1.0	0.96	0.96
11650	0.98	1.0	0.98	1.0	0.9	0.98	1.0	1.0	0.98	1.0	0.98	0.96	1.0	1.0	0.98	0.96
11700	0.98	0.96	0.98	1.0	0.9	0.98	1.0	1.0	0.98	1.0	0.98	0.96	1.0	1.0	0.98	0.98
11750	0.98	0.94	0.98	1.0	0.9	0.98	1.0	1.0	0.98	1.0	1.0	0.96	1.0	1.0	1.0	0.96
11800	0.98	0.94	0.96	1.0	0.9	0.98	1.0	1.0	0.98	0.98	1.0	0.96	1.0	1.0	0.98	0.96
11850	0.98	0.94	0.96	1.0	0.9	0.98	1.0	1.0	0.98	0.98	1.0	0.94	1.0	1.0	0.98	0.94
11900	0.98	0.94	0.98	1.0	0.96	0.98	1.0	1.0	0.98	0.96	1.0	0.94	1.0	1.0	0.98	0.94
11950	0.96	0.94	0.98	1.0	0.96	0.98	1.0	0.98	0.98	0.96	1.0	0.96	1.0	1.0	0.98	0.94
12000	0.96	0.94	0.98	1.0	0.98	0.98	1.0	0.96	0.98	0.96	1.0	0.98	1.0	1.0	0.98	0.94
12050	0.96	0.94	0.98	1.0	0.98	0.98	1.0	0.96	0.96	0.96	1.0	0.98	1.0	1.0	0.98	0.92
12100	0.98	0.94	0.98	1.0	1.0	0.96	1.0	0.96	0.96	0.94	1.0	0.98	1.0	1.0	0.98	0.94
12150	0.98	0.94	0.98	1.0	1.0	0.96	1.0	0.96	0.94	0.92	1.0	0.98	1.0	1.0	0.98	0.92
12200	0.98	0.94	0.98	1.0	1.0	0.96	1.0	0.96	0.94	0.92	1.0	0.98	1.0	1.0	0.98	0.92
12250	0.98	0.98	0.98	1.0	1.0	0.96	1.0	0.96	0.94	0.92	1.0	0.98	1.0	1.0	0.98	0.92
12300	0.98	0.98	0.98	1.0	1.0	0.96	1.0	0.96	0.94	0.92	1.0	0.98	1.0	1.0	0.98	0.92
12350	0.98	1.0	0.98	1.0	0.98	0.96	1.0	0.96	0.96	0.92	1.0	0.98	1.0	1.0	0.98	0.92
12400	0.98	1.0	0.98	1.0	0.98	0.96	0.96	0.96	0.96	0.92	1.0	0.98	1.0	1.0	0.98	0.94
12450	0.98	1.0	1.0	1.0	0.98	0.96	0.96	0.96	0.96	0.96	1.0	1.0	1.0	1.0	0.98	0.94
12500	0.98	0.98	1.0	1.0	0.98	0.96	0.96	0.96	0.96	0.96	1.0	1.0	1.0	1.0	0.96	0.94
12550	0.98	0.98	1.0	1.0	0.98	0.96	0.96	0.96	0.96	0.96	1.0	0.98	1.0	1.0	0.96	0.96
12600	0.98	0.98	1.0	1.0	0.98	0.96	0.96	0.96	0.96	0.98	1.0	0.98	1.0	1.0	0.96	0.96
12650	1.0	0.98	1.0	1.0	0.98	0.96	0.96	0.98	0.96	0.98	1.0	0.98	1.0	1.0	0.96	0.96
12700	1.0	0.98	1.0	1.0	0.98	0.96	0.96	0.98	0.96	1.0	1.0	0.98	1.0	1.0	0.96	0.96
12750	1.0	0.98	1.0	1.0	0.96	0.96	0.96	0.98	0.96	1.0	1.0	0.98	1.0	1.0	0.96	0.98
12800	0.98	0.98	1.0	1.0	0.96	0.96	0.96	0.96	0.98	1.0	1.0	0.98	1.0	1.0	0.94	0.98
12850	0.98	0.98	1.0	1.0	0.96	0.98	0.94	0.96	1.0	1.0	1.0	0.98	1.0	1.0	0.94	1.0
12900	0.98	0.98	1.0	1.0	0.96	0.98	0.94	0.96	1.0	1.0	1.0	0.96	1.0	1.0	0.94	1.0
12950	0.98	0.98	1.0	1.0	0.96	1.0	0.94	0.96	1.0	1.0	1.0	0.96	1.0	1.0	0.94	1.0
13000	0.96	0.98	1.0	1.0	0.98	0.98	0.94	0.96	1.0	1.0	1.0	0.96	1.0	1.0	0.94	1.0
13050	0.96	0.98	1.0	1.0	0.98	0.96	0.98	0.96	1.0	1.0	1.0	0.96	1.0	1.0	0.94	1.0
13100	0.96	1.0	1.0	1.0	0.96	0.94	0.98	0.96	1.0	1.0	1.0	0.98	1.0	1.0	0.94	1.0
13150	0.96	1.0	1.0	1.0	0.94	0.94	0.98	0.96	1.0	1.0	1.0	0.96	1.0	1.0	0.96	1.0
13200	0.96	1.0	1.0	1.0	0.92	0.94	0.98	0.98	1.0	1.0	1.0	0.96	1.0	1.0	0.96	1.0
13250	0.96	1.0	0.98	1.0	0.92	0.94	0.98	0.98	1.0	1.0	1.0	0.96	1.0	1.0	0.96	1.0
13300	0.94	1.0	0.98	1.0	0.94	0.92	0.98	0.98	1.0	0.98	1.0	0.96	1.0	1.0	0.96	1.0
13350	0.96	1.0	0.96	1.0	0.94	0.92	0.98	0.98	1.0	0.98	1.0	0.96	1.0	1.0	0.98	1.0
13400	0.96	1.0	0.94	1.0	0.94	0.92	0.98	0.98	1.0	0.98	1.0	0.96	1.0	1.0	0.98	1.0
13450	0.94	1.0	0.94	1.0	0.94	0.92	0.98	0.98	1.0	0.98	1.0	0.96	1.0	1.0	0.98	1.0
13500	0.94	1.0	0.94	1.0	0.94	0.92	1.0	0.98	1.0	0.98	1.0	0.98	1.0	0.98	0.98	1.0
13550	0.94	1.0	0.94	1.0	0.94	0.92	1.0	1.0	1.0	0.98	1.0	0.98	1.0	0.96	1.0	1.0
13600	0.94	1.0	0.94	1.0	0.94	0.92	1.0	0.98	1.0	0.98	1.0	0.96	1.0	0.96	1.0	1.0
13650	0.96	1.0	0.94	1.0	0.94	0.94	1.0	0.98	1.0	0.98	1.0	0.96	1.0	0.96	1.0	1.0
13700	0.96	0.98	0.94	1.0	0.96	0.94	1.0	0.98	1.0	0.98	1.0	0.98	1.0	0.96	1.0	1.0
13750	0.96	0.98	0.94	1.0	0.96	0.96	1.0	0.98	1.0	0.98	1.0	0.98	1.0	0.96	1.0	1.0
13800	0.96	0.98	0.94	1.0	1.0	0.96	1.0	0.98	1.0	0.98	1.0	0.98	1.0	0.96	1.0	1.0
13850	0.96	0.98	0.94	1.0	1.0	0.98	1.0	0.98	1.0	0.98	1.0	0.98	1.0	0.96	1.0	1.0
13900	0.96	0.98	0.92	1.0	1.0	0.98	1.0	0.98	1.0	0.98	1.0	0.98	1.0	0.96	1.0	1.0
13950	0.96	0.98	0.92	0.98	1.0	0.98	1.0	0.98	1.0	0.98	1.0	0.98	1.0	0.96	1.0	1.0
14000	0.96	0.98	0.9	0.98	1.0	0.98	1.0	0.98	0.98	0.98	1.0	0.98	1.0	0.96	1.0	1.0
14050	0.98	0.98	0.92	0.96	1.0	0.98	1.0	0.98	0.98	1.0	1.0	0.98	1.0	0.98	1.0	1.0
14100	0.98	0.98	0.94	0.96	1.0	0.98	1.0	0.98	0.98	1.0	1.0	0.96	1.0	1.0	1.0	1.0
14150	0.96	0.98	0.94	0.96	1.0	1.0	1.0	0.98	0.98	1.0	1.0	0.96	1.0	1.0	1.0	1.0
14200	0.92	0.98	0.94	0.96	1.0	1.0	1.0	1.0	0.96	1.0	1.0	0.96	1.0	1.0	1.0	1.0
14250	0.92	0.98	0.94	0.96	1.0	0.98	1.0	1.0	0.96	1.0	1.0	0.94	1.0	1.0	1.0	1.0
14300	0.92	0.98	0.96	0.96	1.0	0.98	1.0	1.0	0.96	1.0	1.0	0.96	1.0	1.0	1.0	1.0
14350	0.92	0.98	0.96	0.96	1.0	0.98	1.0	1.0	0.96	1.0	1.0	0.96	1.0	1.0	1.0	1.0
14400	0.92	0.98	0.96	0.96	1.0	0.98	1.0	1.0	0.96	1.0	1.0	0.96	1.0	1.0	0.98	1.0
14450	0.92	0.98	0.96	0.96	1.0	0.98	1.0	1.0	0.96	1.0	1.0	0.96	1.0	1.0	0.98	1.0
14500	0.92	1.0	0.96	0.96	1.0	0.98	1.0	1.0	0.96	1.0	1.0	0.96	1.0	0.98	0.98	1.0
14550	0.92	1.0	0.96	0.96	1.0	0.98	1.0	1.0	0.96	1.0	1.0	0.96	1.0	0.98	0.98	0.96
14600	0.92	1.0	0.98	0.96	1.0	0.98	1.0	1.0	0.96	1.0	1.0	0.96	1.0	0.98	0.98	0.96
14650	0.92	1.0	0.98	0.98	1.0	0.98	1.0	1.0	0.98	1.0	1.0	0.96	1.0	0.98	0.98	0.96
14700	0.92	1.0	1.0	0.98	1.0	0.98	1.0	1.0	0.98	1.0	1.0	0.96	1.0	0.98	0.98	0.96
14750	0.92	0.98	1.0	0.98	1.0	0.98	1.0	1.0	0.96	1.0	1.0	0.94	1.0	0.98	0.98	0.96
14800	0.96	0.98	1.0	1.0	1.0	0.98	1.0	1.0	0.94	1.0	1.0	0.94	1.0	0.96	0.98	0.96
14850	0.98	0.98	1.0	1.0	1.0	0.98	1.0	1.0	0.94	1.0	1.0	0.94	1.0	0.96	0.98	0.96
14900	1.0	0.98	1.0	1.0	1.0	1.0	1.0	1.0	0.94	1.0	1.0	0.94	1.0	0.96	0.98	0.96
14950	1.0	0.98	1.0	1.0	1.0	1.0	1.0	1.0	0.96	1.0	1.0	0.96	1.0	0.96	0.98	0.96
15000	1.0	0.98	1.0	1.0	1.0	1.0	1.0	1.0	0.96	1.0	1.0	0.96	1.0	0.96	0.98	0.96
15050	1.0	0.98	1.0	1.0	1.0	1.0	1.0	1.0	0.96	1.0	1.0	0.96	1.0	0.96	0.98	0.96
15100	1.0	0.98	1.0	1.0	1.0	1.0	1.0	1.0	0.96	1.0	1.0	0.96	1.0	0.96	0.98	0.96
15150	1.0	0.98	1.0	1.0	0.98	1.0	1.0	1.0	0.96	1.0	1.0	0.96	0.98	0.96	1.0	0.96
15200	1.0	0.98	1.0	1.0	0.98	1.0	1.0	1.0	0.96	1.0	1.0	0.96	0.98	0.96	1.0	0.98
15250	1.0	0.98	1.0	1.0	0.98	1.0	1.0	1.0	0.96	1.0	0.98	0.96	0.98	0.96	1.0	0.98
15300	1.0	0.98	1.0	1.0	0.98	1.0	1.0	1.0	0.96	1.0	0.98	0.96	0.98	0.96	1.0	1.0
15350	1.0	0.98	1.0	1.0	0.98	1.0	1.0	1.0	0.96	1.0	0.98	0.96	0.98	0.96	1.0	1.0
15400	1.0	0.98	1.0	1.0	0.98	1.0	1.0	1.0	0.94	1.0	0.98	0.98	0.98	0.98	1.0	1.0
15450	1.0	1.0	1.0	1.0	0.98	1.0	1.0	1.0	0.94	1.0	0.98	0.98	0.98	0.98	1.0	1.0
15500	1.0	1.0	1.0	1.0	0.98	1.0	1.0	1.0	0.94	1.0	0.98	1.0	0.98	0.98	1.0	1.0
15550	1.0	1.0	1.0	1.0	0.98	1.0	1.0	1.0	0.94	1.0	0.98	1.0	0.98	1.0	1.0	1.0
15600	1.0	1.0	1.0	1.0	0.98	1.0	1.0	1.0	0.98	1.0	0.98	1.0	0.98	1.0	0.98	1.0
15650	1.0	1.0	1.0	1.0	0.98	1.0	1.0	1.0	0.96	1.0	0.98	1.0	0.98	1.0	0.98	1.0
15700	1.0	1.0	1.0	1.0	0.98	1.0	1.0	1.0	0.96	1.0	0.98	1.0	0.98	1.0	0.98	1.0
15750	1.0	1.0	1.0	1.0	0.98	1.0	1.0	1.0	0.96	1.0	0.98	0.98	0.98	1.0	0.98	1.0
15800	1.0	1.0	1.0	1.0	0.98	1.0	1.0	0.96	0.96	1.0	0.98	0.98	0.98	1.0	0.98	1.0
15850	1.0	1.0	1.0	1.0	0.98	1.0	1.0	0.96	0.96	1.0	0.98	0.96	0.98	1.0	0.98	1.0
15900	1.0	1.0	1.0	1.0	0.98	1.0	1.0	0.96	0.94	1.0	0.98	0.96	0.98	1.0	0.98	1.0
15950	1.0	1.0	1.0	1.0	1.0	1.0	0.98	0.96	0.94	1.0	0.98	0.94	0.98	1.0	0.98	1.0
16000	1.0	1.0	1.0	1.0	1.0	1.0	0.98	0.96	0.92	1.0	0.98	0.94	0.98	1.0	0.98	1.0
16050	1.0	1.0	1.0	1.0	1.0	1.0	0.98	0.96	0.92	0.98	0.98	0.94	0.98	1.0	0.98	1.0
16100	1.0	1.0	1.0	1.0	1.0	1.0	0.98	0.96	0.94	0.98	0.98	0.94	0.98	1.0	0.98	1.0
16150	1.0	1.0	1.0	0.98	1.0	1.0	0.98	0.96	0.92	0.98	0.98	0.94	0.98	1.0	0.98	1.0
16200	1.0	1.0	1.0	0.98	1.0	1.0	0.98	0.96	0.92	0.98	1.0	0.94	0.98	1.0	0.98	1.0
16250	1.0	1.0	1.0	0.98	1.0	1.0	0.98	0.94	0.94	0.98	1.0	0.94	0.98	1.0	0.98	1.0
16300	1.0	1.0	1.0	0.96	0.98	1.0	0.98	0.94	0.94	0.98	1.0	0.94	0.98	1.0	0.98	1.0
16350	1.0	1.0	1.0	0.96	0.98	0.94	0.98	0.94	0.94	0.98	1.0	0.94	0.98	1.0	0.98	1.0
16400	1.0	1.0	1.0	0.96	0.98	0.94	0.98	0.94	0.94	0.98	1.0	0.94	0.98	1.0	1.0	0.98
16450	1.0	1.0	1.0	0.96	0.98	0.94	0.98	0.94	0.94	0.98	1.0	0.94	0.98	1.0	1.0	0.98
16500	1.0	0.98	1.0	0.96	0.98	0.94	0.98	0.94	0.94	0.98	1.0	0.94	0.98	0.98	1.0	0.98
16550	1.0	0.98	1.0	0.96	0.98	0.94	0.98	0.96	0.96	0.98	1.0	0.96	1.0	0.98	1.0	0.98
16600	1.0	0.98	1.0	0.96	0.98	0.94	0.98	0.96	0.98	0.98	1.0	0.96	1.0	0.98	1.0	0.98
16650	1.0	0.98	1.0	0.96	0.98	0.94	0.98	0.96	0.96	0.98	1.0	0.96	1.0	0.98	1.0	0.98
16700	1.0	0.98	1.0	0.96	0.98	0.94	0.98	0.96	0.92	0.98	1.0	0.98	1.0	0.98	1.0	0.98
16750	1.0	0.98	1.0	0.96	0.98	0.94	0.98	0.96	0.94	0.98	1.0	0.98	1.0	0.98	1.0	0.98
16800	1.0	0.98	1.0	0.96	0.98	0.94	1.0	0.96	0.94	0.98	1.0	0.98	1.0	0.98	1.0	0.98
16850	1.0	0.98	1.0	0.96	0.96	0.94	1.0	0.96	0.94	1.0	1.0	0.98	0.98	0.98	1.0	0.98
16900	1.0	0.98	1.0	0.98	0.96	0.94	1.0	0.96	0.94	1.0	1.0	0.98	0.98	0.96	1.0	0.98
16950	1.0	0.96	1.0	0.98	0.96	0.94	1.0	0.96	0.94	1.0	1.0	0.98	0.98	0.94	1.0	0.98
17000	1.0	0.96	1.0	0.98	0.96	0.94	1.0	0.96	0.94	1.0	1.0	0.98	0.98	0.94	1.0	0.98
17050	1.0	0.96	1.0	0.98	0.96	0.94	1.0	0.98	0.94	1.0	1.0	0.98	0.98	0.94	1.0	0.98
17100	0.98	0.96	1.0	0.98	0.96	0.98	1.0	0.98	0.94	1.0	1.0	0.98	0.98	0.94	1.0	0.98
17150	0.98	0.98	1.0	0.98	0.96	1.0	1.0	0.98	0.94	1.0	1.0	0.96	0.96	0.96	1.0	1.0
17200	0.98	0.98	1.0	0.98	0.96	1.0	1.0	0.98	0.96	1.0	1.0	0.92	0.94	0.96	1.0	1.0
17250	0.98	0.98	1.0	0.98	0.96	1.0	1.0	1.0	0.94	0.98	1.0	0.92	0.94	0.96	1.0	1.0
17300	0.98	0.98	1.0	0.98	0.96	1.0	1.0	1.0	0.98	0.98	1.0	0.92	0.94	0.96	1.0	1.0
17350	0.98	0.98	1.0	0.98	0.96	1.0	0.98	1.0	0.98	0.98	1.0	0.92	0.94	0.96	1.0	1.0
17400	0.96	0.98	1.0	0.98	0.96	1.0	0.98	1.0	0.98	0.98	1.0	0.94	0.94	0.96	1.0	1.0
17450	0.96	0.96	1.0	1.0	0.96	1.0	0.98	1.0	0.98	0.96	1.0	0.94	0.94	0.96	1.0	1.0
17500	0.96	0.96	1.0	1.0	0.96	1.0	0.98	1.0	0.98	0.96	1.0	0.94	0.96	0.96	1.0	1.0
17550	0.96	0.96	1.0	1.0	0.96	1.0	0.98	0.98	0.98	0.94	1.0	0.94	0.96	0.96	1.0	1.0
17600	0.96	0.96	0.98	1.0	0.98	1.0	0.98	0.98	0.98	0.94	1.0	0.94	0.96	0.96	1.0	1.0
17650	0.96	0.96	0.98	1.0	0.98	1.0	0.98	0.98	0.98	0.94	1.0	0.94	0.96	0.98	1.0	1.0
17700	0.96	0.98	0.98	1.0	0.98	1.0	0.98	0.96	0.98	0.94	1.0	0.94	0.96	0.96	1.0	1.0
17750	0.96	0.98	0.98	1.0	0.98	0.98	0.98	0.94	0.98	0.94	1.0	0.94	0.96	0.98	1.0	1.0
17800	0.96	0.98	0.98	1.0	1.0	0.98	0.98	0.94	0.98	0.94	0.98	0.96	0.98	0.98	1.0	1.0
17850	0.98	0.96	0.98	1.0	1.0	0.98	0.98	0.92	0.98	0.94	0.98	0.98	0.98	0.98	1.0	1.0
17900	0.98	0.96	0.98	1.0	1.0	0.98	0.98	0.92	0.98	0.94	0.98	1.0	1.0	0.98	1.0	0.98
17950	0.96	0.96	0.98	1.0	1.0	0.98	0.98	0.92	1.0	0.94	0.98	1.0	1.0	0.98	1.0	0.98
18000	0.96	0.96	0.98	1.0	1.0	0.98	0.98	0.92	0.98	0.94	0.98	1.0	1.0	0.98	0.98	0.98
18050	0.98	0.96	0.98	1.0	1.0	0.98	0.98	0.92	0.98	0.94	0.98	1.0	1.0	0.98	0.98	0.96
18100	0.98	0.94	0.98	1.0	1.0	0.98	0.98	0.92	0.96	0.94	0.98	1.0	1.0	0.98	0.96	0.96
18150	0.98	0.96	0.98	0.98	1.0	0.98	0.98	0.92	0.96	0.96	0.98	1.0	1.0	0.98	0.96	0.96
18200	0.98	0.96	0.98	0.98	1.0	0.98	0.98	0.9	0.96	0.96	0.98	1.0	1.0	0.98	0.96	0.96
18250	0.98	0.94	0.98	0.98	1.0	0.98	0.98	0.92	0.96	0.96	0.98	1.0	1.0	0.98	0.96	0.96
18300	0.98	0.94	0.98	0.98	1.0	0.96	1.0	0.92	0.96	0.98	0.98	1.0	1.0	0.98	0.96	0.96
18350	0.98	0.94	0.98	0.98	1.0	0.96	1.0	0.92	0.96	0.98	0.98	1.0	1.0	0.96	0.96	0.96
18400	0.98	0.94	1.0	0.98	1.0	0.96	1.0	0.92	0.96	1.0	0.98	1.0	1.0	0.96	0.96	0.96
18450	0.98	0.94	1.0	0.98	1.0	0.96	1.0	0.9	0.96	1.0	0.98	1.0	1.0	0.98	0.96	0.96
18500	0.98	0.94	1.0	0.98	1.0	0.96	1.0	0.92	0.96	1.0	0.98	1.0	1.0	0.98	0.96	0.96
18550	0.98	0.94	1.0	0.98	1.0	0.98	1.0	0.92	0.96	1.0	0.98	1.0	1.0	0.98	0.96	0.98
18600	0.98	0.96	1.0	0.98	1.0	0.96	1.0	0.94	0.96	1.0	0.98	1.0	1.0	0.98	0.96	0.98
18650	0.98	0.96	1.0	0.98	1.0	0.96	1.0	0.96	0.98	1.0	1.0	1.0	1.0	0.98	0.96	0.98
18700	0.98	0.96	1.0	0.98	1.0	0.96	1.0	0.96	0.98	1.0	1.0	1.0	1.0	0.98	0.98	0.98
18750	0.98	0.96	1.0	0.98	1.0	0.96	1.0	0.96	0.98	1.0	1.0	1.0	1.0	0.98	0.98	0.96
18800	0.98	0.98	1.0	0.98	1.0	0.96	1.0	0.96	0.98	1.0	0.98	1.0	1.0	0.98	0.98	0.96
18850	1.0	0.98	1.0	1.0	1.0	0.96	1.0	0.98	1.0	1.0	0.98	1.0	1.0	0.98	1.0	0.98
18900	1.0	0.98	1.0	0.98	1.0	0.96	1.0	0.98	1.0	1.0	0.98	1.0	1.0	0.98	1.0	0.98
18950	1.0	1.0	1.0	0.98	1.0	0.96	1.0	0.98	1.0	1.0	0.98	1.0	1.0	0.98	0.98	0.98
19000	1.0	1.0	1.0	0.98	1.0	0.96	1.0	0.98	0.98	0.98	0.98	1.0	1.0	0.98	0.98	0.98
19050	1.0	1.0	1.0	0.98	1.0	0.94	1.0	0.98	0.98	0.98	0.98	1.0	1.0	0.98	0.98	0.98
19100	1.0	0.98	1.0	0.98	1.0	0.94	1.0	0.98	0.98	0.98	0.98	1.0	1.0	1.0	0.98	0.98
19150	1.0	0.98	1.0	0.98	1.0	0.96	1.0	1.0	0.98	0.98	0.98	1.0	0.98	1.0	0.98	0.98
19200	1.0	0.98	1.0	0.98	1.0	0.96	1.0	1.0	0.98	0.98	0.98	0.98	0.98	1.0	0.98	0.98
19250	1.0	0.98	1.0	0.98	1.0	0.94	1.0	1.0	0.98	0.98	0.98	0.98	0.98	1.0	0.98	0.98
19300	1.0	0.98	1.0	0.98	1.0	0.94	1.0	1.0	0.98	0.96	0.98	0.98	0.98	1.0	0.98	0.98
19350	1.0	0.98	1.0	0.98	1.0	0.94	1.0	1.0	0.96	0.96	0.98	0.96	0.98	1.0	0.98	0.98
19400	1.0	0.98	0.98	0.96	1.0	0.94	1.0	1.0	0.96	0.94	0.98	0.96	0.98	1.0	0.98	0.98
19450	1.0	0.98	0.98	0.96	0.98	0.94	1.0	1.0	0.96	0.94	1.0	0.94	0.98	1.0	0.98	0.98
19500	1.0	0.98	0.98	0.96	0.98	0.94	1.0	1.0	0.96	0.94	1.0	0.94	0.98	1.0	0.98	0.96
19550	0.98	0.98	0.98	0.98	0.98	0.94	1.0	1.0	0.96	0.94	1.0	0.94	0.98	0.98	0.98	0.96
19600	0.98	0.98	0.98	0.98	0.98	0.94	1.0	1.0	0.96	0.92	1.0	0.94	0.98	0.98	0.98	0.96
19650	0.98	0.98	0.98	0.98	0.98	0.94	1.0	1.0	0.96	0.92	1.0	0.92	0.98	0.98	0.98	0.96
19700	0.98	0.98	0.98	0.98	0.98	0.94	1.0	1.0	0.96	0.92	1.0	0.92	0.98	0.98	0.98	0.96
19750	0.98	0.96	0.98	0.98	0.98	0.94	1.0	1.0	0.98	0.94	1.0	0.92	0.98	0.98	0.98	0.96
19800	0.98	0.96	0.98	0.98	0.98	0.94	1.0	1.0	0.98	0.94	0.98	0.9	0.98	0.98	1.0	0.96
19850	0.98	0.98	0.98	0.98	0.98	0.96	1.0	1.0	0.98	0.94	0.98	0.9	0.98	0.98	1.0	0.94
19900	0.98	0.98	0.98	0.98	0.98	0.96	1.0	1.0	0.98	0.94	0.98	0.9	0.98	0.98	1.0	0.94
19950	0.98	0.98	0.98	0.96	0.98	0.96	1.0	0.98	0.98	0.96	0.98	0.9	1.0	0.98	1.0	0.94
20000	0.98	0.98	1.0	0.96	0.98	0.96	1.0	0.98	1.0	0.92	0.98	0.9	1.0	0.98	0.98	0.94
