0	0.0	0.0	0.0	0.0	0.0	0.0	0.0	0.0	0.0	0.0	0.0	0.0	0.0	0.0	0.0	0.0
50	0.0	0.333333333333	0.5	0.0	0.0	0.0	0.25	0.0	0.5	0.0	0.333333333333	0.0	0.0	0.0	0.0	0.0
100	0.5	0.555555555556	0.5	0.4	0.75	0.0	0.4	0.125	0.7	0.272727272727	0.333333333333	0.0	0.5	0.75	0.428571428571	0.5
150	0.6	0.5	0.571428571429	0.5	0.857142857143	0.8	0.4	0.25	0.785714285714	0.5	0.333333333333	0.2	0.6	0.571428571429	0.555555555556	0.615384615385
200	0.428571428571	0.611111111111	0.727272727273	0.625	0.888888888889	0.818181818182	0.75	0.4375	0.833333333333	0.578947368421	0.428571428571	0.166666666667	0.692307692308	0.6	0.714285714286	0.642857142857
250	0.666666666667	0.666666666667	0.785714285714	0.7	0.9	0.857142857143	0.8125	0.470588235294	0.88	0.619047619048	0.5	0.375	0.666666666667	0.6875	0.733333333333	0.705882352941
300	0.666666666667	0.695652173913	0.818181818182	0.785714285714	0.916666666667	0.888888888889	0.85	0.608695652174	0.9	0.619047619048	0.578947368421	0.5	0.65	0.722222222222	0.764705882353	0.761904761905
350	0.714285714286	0.72	0.846153846154	0.833333333333	0.933333333333	0.894736842105	0.869565217391	0.653846153846	0.90625	0.68	0.636363636364	0.705882352941	0.68	0.75	0.8	0.782608695652
400	0.777777777778	0.75	0.857142857143	0.857142857143	0.941176470588	0.909090909091	0.888888888889	0.7	0.909090909091	0.724137931034	0.703703703704	0.736842105263	0.714285714286	0.791666666667	0.826086956522	0.807692307692
450	0.818181818182	0.766666666667	0.862068965517	0.875	0.947368421053	0.928571428571	0.90625	0.709677419355	0.921052631579	0.771428571429	0.733333333333	0.772727272727	0.733333333333	0.827586206897	0.833333333333	0.814814814815
500	0.846153846154	0.78125	0.885714285714	0.884615384615	0.95	0.935483870968	0.916666666667	0.727272727273	0.926829268293	0.789473684211	0.764705882353	0.782608695652	0.771428571429	0.84375	0.851851851852	0.838709677419
550	0.866666666667	0.794117647059	0.894736842105	0.896551724138	0.96	0.939393939394	0.925	0.756756756757	0.931818181818	0.813953488372	0.789473684211	0.807692307692	0.783783783784	0.852941176471	0.870967741935	0.838709677419
600	0.852941176471	0.805555555556	0.90243902439	0.909090909091	0.9375	0.941176470588	0.93023255814	0.775	0.936170212766	0.829787234043	0.789473684211	0.821428571429	0.790697674419	0.857142857143	0.878787878788	0.805555555556
650	0.875	0.825	0.909090909091	0.897435897436	0.941176470588	0.941176470588	0.933333333333	0.790697674419	0.9375	0.86	0.794871794872	0.833333333333	0.816326530612	0.864864864865	0.891891891892	0.825
700	0.888888888889	0.833333333333	0.914893617021	0.888888888889	0.944444444444	0.941176470588	0.94	0.790697674419	0.96	0.94	0.785714285714	0.848484848485	0.86	0.868421052632	0.906976744186	0.840909090909
750	0.891304347826	0.851063829787	0.916666666667	0.897959183673	0.948717948718	0.944444444444	1.0	0.808510638298	0.98	0.98	0.795454545455	0.848484848485	0.86	0.883720930233	0.909090909091	0.857142857143
800	0.895833333333	0.86	0.918367346939	0.94	0.955555555556	0.95	1.0	0.808510638298	1.0	1.0	0.804347826087	0.861111111111	0.9	0.897959183673	0.918367346939	0.9
850	0.92	0.92	0.92	0.96	0.958333333333	0.951219512195	1.0	0.82	1.0	1.0	0.804347826087	0.883720930233	0.9	0.92	0.94	0.94
900	0.96	0.94	0.98	0.96	0.959183673469	0.955555555556	1.0	0.86	1.0	1.0	0.804347826087	0.888888888889	0.92	0.94	1.0	0.94
950	0.98	0.98	0.98	0.96	0.98	0.958333333333	1.0	0.9	1.0	1.0	0.804347826087	0.893617021277	0.94	0.98	1.0	0.96
1000	0.98	1.0	0.98	0.96	0.98	0.98	1.0	0.98	1.0	1.0	0.8125	0.9	0.96	1.0	1.0	0.96
1050	0.98	1.0	1.0	0.96	0.98	1.0	1.0	0.98	1.0	1.0	0.88	1.0	0.98	1.0	1.0	0.96
1100	0.98	1.0	1.0	0.96	0.98	1.0	1.0	1.0	1.0	1.0	0.9	1.0	0.98	1.0	1.0	0.94
1150	0.98	1.0	1.0	0.96	0.98	1.0	1.0	1.0	1.0	1.0	0.94	1.0	0.98	1.0	1.0	0.94
1200	0.98	1.0	1.0	0.96	0.98	1.0	1.0	1.0	1.0	1.0	0.98	1.0	0.98	1.0	1.0	0.92
1250	0.98	1.0	1.0	0.96	0.98	1.0	1.0	1.0	1.0	1.0	0.98	1.0	0.98	1.0	1.0	0.92
1300	0.98	1.0	1.0	0.96	1.0	1.0	1.0	1.0	1.0	1.0	0.98	1.0	1.0	1.0	1.0	0.92
1350	0.98	1.0	1.0	0.94	1.0	1.0	1.0	1.0	1.0	1.0	0.98	1.0	1.0	1.0	1.0	0.92
1400	0.98	1.0	1.0	0.94	1.0	1.0	1.0	0.98	1.0	1.0	0.96	1.0	1.0	1.0	1.0	0.9
1450	0.98	1.0	1.0	0.94	1.0	1.0	1.0	0.98	1.0	1.0	0.96	1.0	1.0	1.0	1.0	0.9
1500	0.98	1.0	1.0	0.96	0.98	1.0	1.0	0.98	1.0	1.0	0.96	1.0	1.0	1.0	1.0	0.9
1550	0.98	1.0	1.0	0.98	0.98	1.0	1.0	0.98	1.0	1.0	0.94	1.0	1.0	1.0	1.0	0.9
1600	0.98	1.0	1.0	0.98	0.98	1.0	1.0	0.98	1.0	1.0	0.94	1.0	1.0	1.0	1.0	0.9
1650	0.98	1.0	1.0	0.98	0.98	1.0	1.0	0.96	1.0	1.0	0.96	1.0	1.0	1.0	1.0	0.9
1700	0.98	1.0	1.0	0.98	0.98	1.0	1.0	0.96	1.0	0.98	0.96	1.0	1.0	1.0	1.0	0.9
1750	0.98	1.0	1.0	0.98	0.98	1.0	1.0	0.94	1.0	0.98	0.94	1.0	1.0	1.0	1.0	0.9
1800	0.98	1.0	1.0	0.98	0.98	1.0	0.98	0.94	1.0	0.98	0.94	1.0	1.0	1.0	1.0	0.9
1850	0.98	1.0	1.0	0.98	0.98	1.0	0.98	0.94	1.0	0.98	0.94	1.0	1.0	1.0	1.0	0.9
1900	0.98	1.0	1.0	0.98	0.96	0.98	0.98	0.94	1.0	0.98	0.92	1.0	1.0	1.0	1.0	0.92
1950	0.98	1.0	1.0	0.98	0.96	0.98	0.98	0.94	1.0	0.98	0.92	1.0	1.0	1.0	1.0	0.92
2000	0.96	1.0	1.0	0.98	0.96	0.98	0.98	0.94	1.0	0.98	0.9	1.0	1.0	1.0	1.0	0.96
2050	0.96	1.0	1.0	0.98	0.94	0.98	0.98	0.94	1.0	0.98	0.9	1.0	1.0	1.0	1.0	0.96
2100	0.96	1.0	1.0	1.0	0.94	0.98	0.98	0.92	1.0	0.98	0.9	0.98	1.0	1.0	1.0	0.98
2150	0.96	1.0	1.0	1.0	0.94	0.98	0.98	0.94	1.0	0.98	0.92	0.98	1.0	1.0	1.0	0.98
2200	0.96	1.0	1.0	1.0	0.94	0.98	0.98	0.94	1.0	0.98	0.92	0.98	1.0	1.0	1.0	1.0
2250	0.96	1.0	1.0	1.0	0.94	0.98	0.96	0.94	1.0	0.98	0.92	0.98	1.0	1.0	0.98	1.0
2300	0.96	1.0	1.0	1.0	0.94	0.98	0.94	0.94	1.0	0.98	0.92	0.98	1.0	1.0	0.98	1.0
2350	0.94	1.0	1.0	1.0	0.96	0.98	0.94	0.94	1.0	0.98	0.94	0.98	1.0	1.0	0.98	1.0
2400	0.94	1.0	1.0	1.0	0.96	0.98	0.94	0.94	1.0	0.98	0.94	0.98	1.0	1.0	0.98	1.0
2450	0.94	1.0	1.0	1.0	0.96	0.98	0.92	0.94	1.0	0.98	0.94	0.98	1.0	1.0	0.98	1.0
2500	0.94	1.0	1.0	1.0	0.96	0.98	0.92	0.96	1.0	0.98	0.96	0.98	1.0	1.0	0.98	1.0
2550	0.94	0.98	1.0	1.0	0.96	0.98	0.92	0.96	1.0	0.98	0.94	0.98	1.0	1.0	0.98	1.0
2600	0.94	0.98	1.0	1.0	0.96	1.0	0.9	0.98	1.0	0.98	0.96	0.98	1.0	1.0	0.98	1.0
2650	0.94	0.98	1.0	1.0	0.94	1.0	0.92	0.98	1.0	0.98	0.96	0.98	1.0	1.0	0.98	1.0
2700	0.94	0.98	1.0	1.0	0.94	1.0	0.92	0.98	1.0	0.98	0.98	0.98	1.0	1.0	0.98	1.0
2750	0.94	0.96	1.0	1.0	0.96	0.98	0.92	0.98	1.0	0.98	0.98	0.98	1.0	1.0	0.98	1.0
2800	0.94	0.96	1.0	1.0	0.96	0.98	0.92	0.98	1.0	0.98	0.98	0.98	1.0	1.0	0.98	1.0
2850	0.94	0.96	1.0	1.0	0.96	0.98	0.92	0.98	1.0	0.98	0.98	0.98	1.0	1.0	0.98	1.0
2900	0.94	0.96	1.0	1.0	0.98	0.98	0.92	0.98	1.0	0.98	0.98	1.0	1.0	0.98	0.98	1.0
2950	0.96	0.96	1.0	1.0	0.98	0.98	0.92	1.0	1.0	0.98	0.98	1.0	1.0	0.98	0.98	1.0
3000	0.96	0.96	1.0	1.0	0.96	0.98	0.94	1.0	1.0	0.98	0.98	1.0	1.0	0.98	0.98	1.0
3050	0.96	0.96	1.0	1.0	0.96	0.98	0.96	1.0	1.0	0.98	0.98	0.98	1.0	0.98	0.98	1.0
3100	0.96	0.96	1.0	1.0	0.96	0.98	0.96	1.0	1.0	0.98	0.96	0.98	1.0	0.94	0.98	1.0
3150	0.96	0.96	1.0	1.0	0.96	0.96	0.96	1.0	1.0	0.98	0.96	0.98	1.0	0.94	0.98	1.0
3200	0.98	0.96	1.0	0.98	0.96	0.96	0.96	1.0	1.0	0.98	0.96	0.98	1.0	0.94	0.98	1.0
3250	1.0	0.96	1.0	0.98	0.94	0.96	0.96	1.0	1.0	0.98	0.94	0.98	1.0	0.92	0.98	1.0
3300	1.0	0.94	1.0	0.98	0.94	0.96	0.98	1.0	1.0	0.98	0.94	0.98	1.0	0.92	0.98	1.0
3350	1.0	0.94	1.0	0.98	0.94	0.96	0.98	1.0	1.0	1.0	0.94	0.98	1.0	0.88	0.98	1.0
3400	1.0	0.94	1.0	0.98	0.94	0.96	1.0	1.0	1.0	1.0	0.96	0.98	1.0	0.88	0.98	1.0
3450	1.0	0.96	1.0	0.98	0.96	0.96	1.0	1.0	1.0	0.98	0.94	0.98	1.0	0.88	0.96	1.0
3500	1.0	0.96	1.0	0.98	0.96	0.96	0.98	1.0	1.0	0.96	0.94	0.98	1.0	0.88	0.96	1.0
3550	1.0	0.96	1.0	0.98	0.96	0.98	0.98	1.0	1.0	0.96	0.94	0.98	1.0	0.88	0.96	1.0
3600	1.0	0.98	1.0	0.98	0.96	0.98	0.98	1.0	1.0	0.96	0.94	0.98	1.0	0.9	0.96	1.0
3650	1.0	0.98	1.0	0.98	0.94	0.98	0.98	1.0	0.98	0.96	0.94	0.98	1.0	0.9	0.98	1.0
3700	1.0	0.98	1.0	0.98	0.94	0.98	0.98	1.0	0.98	0.96	0.94	0.98	1.0	0.9	0.98	1.0
3750	1.0	0.98	1.0	0.98	0.94	0.98	0.98	1.0	0.98	0.96	0.94	0.98	1.0	0.9	0.98	1.0
3800	1.0	0.98	1.0	0.98	0.92	0.98	0.98	1.0	0.98	0.96	0.94	0.98	1.0	0.94	0.98	1.0
3850	1.0	0.98	1.0	0.98	0.92	0.98	0.98	1.0	0.98	0.96	0.96	0.98	1.0	0.94	0.98	1.0
3900	1.0	0.98	1.0	0.98	0.94	0.98	0.98	1.0	0.98	0.96	0.96	0.98	1.0	0.94	0.98	0.98
3950	1.0	0.98	1.0	0.98	0.94	0.98	0.98	0.98	0.98	0.96	0.96	0.98	1.0	0.94	0.98	0.98
4000	1.0	0.98	1.0	0.98	0.94	1.0	0.98	0.98	0.98	0.94	0.98	0.98	1.0	0.96	0.98	0.98
4050	1.0	0.98	1.0	0.98	0.92	1.0	0.98	0.98	0.98	0.94	0.98	1.0	1.0	0.96	0.98	0.98
4100	1.0	1.0	1.0	0.98	0.92	1.0	0.98	0.98	0.98	0.96	0.98	1.0	1.0	0.98	0.98	0.98
4150	1.0	1.0	1.0	0.98	0.92	1.0	0.98	0.98	0.98	0.96	0.98	1.0	1.0	0.98	0.98	0.98
4200	1.0	1.0	1.0	0.98	0.94	1.0	0.98	0.98	0.98	0.98	0.98	0.96	1.0	0.98	0.98	0.98
4250	1.0	1.0	1.0	1.0	0.94	1.0	0.98	0.98	0.98	0.98	1.0	0.94	1.0	0.98	0.98	0.98
4300	1.0	1.0	1.0	1.0	0.94	1.0	1.0	0.98	0.98	0.98	1.0	0.94	1.0	0.98	0.98	0.98
4350	1.0	1.0	1.0	1.0	0.94	1.0	1.0	0.98	0.98	0.98	1.0	0.94	1.0	0.98	1.0	0.98
4400	1.0	1.0	1.0	1.0	0.96	1.0	1.0	0.98	0.96	0.98	1.0	0.94	1.0	0.98	1.0	0.98
4450	1.0	1.0	1.0	1.0	0.96	1.0	1.0	0.98	0.96	0.98	1.0	0.94	1.0	0.98	1.0	0.98
4500	1.0	1.0	1.0	1.0	0.96	1.0	1.0	0.98	0.96	0.96	1.0	0.94	1.0	0.98	0.98	0.98
4550	1.0	1.0	1.0	1.0	0.94	1.0	1.0	0.98	0.96	0.96	1.0	0.94	1.0	0.98	0.98	0.98
4600	1.0	1.0	1.0	1.0	0.94	1.0	0.98	0.98	0.98	0.98	1.0	0.94	1.0	0.98	0.98	0.98
4650	1.0	1.0	1.0	1.0	0.96	1.0	0.98	0.98	0.98	0.98	1.0	0.94	1.0	0.98	0.98	0.98
4700	1.0	1.0	1.0	1.0	0.96	1.0	0.98	0.98	0.98	0.98	1.0	0.94	1.0	0.98	0.98	0.98
4750	1.0	1.0	1.0	1.0	0.96	1.0	0.98	1.0	0.98	0.98	1.0	0.94	1.0	0.98	0.98	1.0
4800	1.0	0.98	1.0	0.98	0.98	1.0	0.98	0.98	0.98	0.98	1.0	0.94	1.0	0.98	0.94	1.0
4850	1.0	0.98	1.0	0.96	0.98	1.0	0.98	0.98	0.98	0.96	1.0	0.94	1.0	0.98	0.94	1.0
4900	1.0	0.98	1.0	0.96	0.98	1.0	0.98	0.98	0.98	0.96	1.0	0.96	1.0	1.0	0.94	1.0
4950	1.0	0.98	1.0	0.96	0.98	1.0	0.98	0.98	0.98	0.96	1.0	1.0	1.0	1.0	0.94	1.0
5000	1.0	0.98	1.0	0.96	0.98	1.0	0.98	0.98	0.98	0.96	1.0	1.0	1.0	1.0	0.94	1.0
5050	1.0	0.96	1.0	0.96	0.98	1.0	0.98	0.98	0.98	0.94	1.0	1.0	1.0	1.0	0.94	1.0
5100	1.0	0.96	1.0	0.94	0.96	1.0	0.98	0.98	0.98	0.94	1.0	1.0	1.0	1.0	0.94	1.0
5150	1.0	0.96	1.0	0.94	0.94	1.0	0.98	0.98	0.98	0.94	1.0	1.0	1.0	1.0	0.94	1.0
5200	1.0	0.96	1.0	0.94	0.94	1.0	1.0	0.98	1.0	0.94	1.0	1.0	1.0	1.0	0.94	1.0
5250	1.0	0.96	1.0	0.94	0.96	1.0	1.0	0.98	1.0	0.94	1.0	0.98	1.0	1.0	0.94	1.0
5300	1.0	0.96	0.98	0.94	0.96	1.0	1.0	0.98	1.0	0.94	1.0	0.98	1.0	1.0	0.94	1.0
5350	1.0	0.96	0.98	0.94	0.96	1.0	1.0	0.98	1.0	0.94	1.0	0.98	1.0	1.0	0.94	1.0
5400	1.0	0.96	0.98	0.94	0.96	1.0	1.0	0.98	1.0	0.94	1.0	0.98	0.98	1.0	0.92	1.0
5450	1.0	0.94	0.98	0.94	0.96	0.98	1.0	0.98	1.0	0.94	1.0	0.98	0.98	1.0	0.92	1.0
5500	1.0	0.94	0.98	0.98	0.96	0.98	1.0	0.98	1.0	0.94	1.0	0.98	0.98	1.0	0.9	1.0
5550	1.0	0.94	0.98	0.96	0.96	0.98	1.0	0.98	1.0	0.94	1.0	0.98	0.98	1.0	0.9	1.0
5600	1.0	0.94	0.98	0.96	0.96	0.98	0.98	1.0	1.0	0.94	1.0	0.98	0.98	0.98	0.9	1.0
5650	1.0	0.94	0.98	0.96	0.96	0.98	0.98	1.0	1.0	0.94	1.0	0.98	0.98	0.98	0.9	1.0
5700	1.0	0.94	0.98	0.94	0.96	0.98	0.98	1.0	1.0	0.94	1.0	0.98	0.98	0.98	0.9	1.0
5750	1.0	0.94	0.98	0.96	0.96	0.98	0.98	1.0	1.0	0.96	1.0	0.98	0.98	0.98	0.9	1.0
5800	1.0	0.94	0.98	0.96	0.96	0.98	0.98	1.0	1.0	0.96	1.0	0.98	0.98	0.98	0.9	1.0
5850	1.0	0.94	0.98	0.96	0.98	0.98	0.98	1.0	1.0	0.96	1.0	0.98	0.98	0.98	0.9	1.0
5900	1.0	0.96	0.98	0.96	0.98	0.98	0.98	1.0	1.0	0.96	1.0	0.98	0.98	0.96	0.9	1.0
5950	1.0	0.96	0.98	0.96	1.0	0.98	0.98	1.0	1.0	0.96	1.0	0.98	0.98	0.96	0.92	1.0
6000	1.0	0.96	0.98	0.96	1.0	0.98	0.98	1.0	1.0	0.96	1.0	0.98	0.98	0.96	0.9	1.0
6050	1.0	0.96	0.98	0.96	1.0	1.0	0.98	1.0	1.0	0.96	1.0	1.0	0.98	0.96	0.92	1.0
6100	1.0	0.96	0.98	0.96	1.0	1.0	0.98	1.0	1.0	0.98	0.98	1.0	0.98	0.96	0.92	1.0
6150	1.0	0.96	0.98	0.98	1.0	1.0	0.96	1.0	1.0	0.96	0.98	1.0	0.98	0.96	0.92	1.0
6200	1.0	0.96	0.98	0.98	1.0	1.0	0.96	1.0	1.0	0.98	0.98	1.0	0.98	0.96	0.92	1.0
6250	1.0	0.96	1.0	0.98	1.0	1.0	0.96	1.0	1.0	0.98	0.98	1.0	1.0	0.96	0.94	1.0
6300	1.0	0.98	1.0	0.96	1.0	1.0	0.98	1.0	1.0	0.98	0.98	1.0	1.0	0.96	0.94	1.0
6350	1.0	0.98	1.0	0.96	1.0	1.0	0.98	1.0	1.0	0.98	0.98	1.0	1.0	0.96	0.94	1.0
6400	1.0	0.98	1.0	0.98	1.0	1.0	0.98	1.0	1.0	0.98	0.98	1.0	1.0	0.96	0.94	1.0
6450	1.0	0.98	1.0	0.98	1.0	1.0	0.98	1.0	1.0	0.98	0.98	1.0	1.0	0.98	0.94	1.0
6500	1.0	0.98	1.0	0.98	1.0	1.0	0.98	1.0	1.0	0.98	0.98	1.0	1.0	0.98	0.94	1.0
6550	1.0	0.98	1.0	0.98	1.0	1.0	0.98	1.0	1.0	0.98	0.98	1.0	0.98	0.98	0.94	1.0
6600	1.0	1.0	1.0	0.98	1.0	0.98	0.98	1.0	1.0	0.98	0.98	1.0	0.98	0.98	0.92	1.0
6650	1.0	0.98	1.0	0.98	1.0	0.98	0.98	1.0	1.0	0.98	0.98	1.0	0.98	1.0	0.92	1.0
6700	1.0	0.96	1.0	0.98	1.0	0.98	0.98	1.0	1.0	0.98	0.98	1.0	0.98	1.0	0.92	1.0
6750	1.0	0.96	1.0	0.98	1.0	0.98	0.98	1.0	1.0	0.98	0.98	1.0	0.98	1.0	0.92	1.0
6800	1.0	0.96	1.0	0.98	1.0	0.98	1.0	1.0	1.0	0.98	0.98	1.0	0.98	1.0	0.92	1.0
6850	1.0	0.96	1.0	0.98	1.0	0.98	1.0	1.0	1.0	0.98	0.98	1.0	0.98	1.0	0.92	1.0
6900	1.0	0.96	0.98	0.98	1.0	0.98	1.0	1.0	1.0	1.0	0.98	1.0	0.98	1.0	0.92	1.0
6950	1.0	0.96	0.98	1.0	1.0	0.98	1.0	1.0	1.0	1.0	1.0	1.0	0.98	1.0	0.92	1.0
7000	1.0	0.96	0.98	1.0	1.0	0.98	1.0	0.98	1.0	1.0	1.0	1.0	0.98	0.96	0.92	1.0
7050	1.0	0.94	0.98	1.0	1.0	0.98	1.0	0.98	1.0	1.0	1.0	1.0	0.98	0.96	0.94	1.0
7100	1.0	0.94	0.98	1.0	1.0	0.98	1.0	0.96	1.0	1.0	1.0	1.0	0.98	0.96	0.94	1.0
7150	1.0	0.94	0.98	1.0	1.0	0.98	1.0	0.96	1.0	1.0	1.0	1.0	0.98	0.96	0.94	1.0
7200	1.0	0.94	0.98	1.0	1.0	0.98	1.0	0.96	1.0	1.0	1.0	1.0	0.98	0.96	0.94	1.0
7250	1.0	0.94	0.98	1.0	1.0	0.98	1.0	0.96	1.0	1.0	1.0	1.0	1.0	0.96	0.94	1.0
7300	1.0	0.94	0.98	0.98	1.0	0.98	1.0	0.96	1.0	1.0	1.0	0.96	1.0	0.96	0.96	1.0
7350	1.0	0.94	0.98	0.96	0.98	0.98	1.0	0.96	1.0	1.0	1.0	0.96	1.0	0.96	0.96	1.0
7400	1.0	0.94	0.98	0.96	0.98	1.0	1.0	0.96	1.0	1.0	1.0	0.96	0.98	0.96	0.96	1.0
7450	1.0	0.94	0.98	0.96	0.98	1.0	1.0	0.96	1.0	1.0	1.0	0.94	0.98	0.96	0.96	1.0
7500	1.0	0.94	0.98	0.96	0.98	1.0	1.0	0.96	1.0	1.0	1.0	0.94	0.98	0.96	0.96	1.0
7550	1.0	0.94	0.96	0.96	0.98	1.0	1.0	0.96	1.0	1.0	1.0	0.94	0.98	0.96	0.98	1.0
7600	1.0	0.96	0.96	0.96	0.98	1.0	1.0	0.96	1.0	1.0	1.0	0.94	0.98	1.0	0.98	1.0
7650	1.0	0.96	0.96	0.96	0.98	0.98	1.0	0.96	1.0	1.0	1.0	0.94	0.98	1.0	0.98	1.0
7700	1.0	0.96	0.98	0.94	0.98	0.98	1.0	0.96	1.0	1.0	1.0	0.94	0.98	1.0	1.0	1.0
7750	1.0	0.96	0.98	0.94	0.96	0.98	1.0	0.96	0.98	1.0	1.0	0.94	0.98	0.98	1.0	1.0
7800	1.0	0.96	0.98	0.94	0.96	0.98	1.0	0.96	0.98	1.0	1.0	0.94	0.98	0.94	1.0	1.0
7850	1.0	0.98	0.98	0.94	0.94	0.98	1.0	0.96	0.98	0.98	1.0	0.94	0.98	0.94	1.0	1.0
7900	1.0	0.98	0.98	0.94	0.94	0.98	1.0	0.98	0.98	0.98	1.0	0.94	0.98	0.94	1.0	1.0
7950	1.0	0.98	0.98	0.92	0.94	0.98	1.0	0.98	0.98	0.98	1.0	0.94	0.98	0.92	1.0	1.0
8000	1.0	0.98	0.98	0.92	0.94	0.98	1.0	0.98	0.98	0.98	1.0	0.94	0.98	0.92	1.0	1.0
8050	1.0	0.98	0.98	0.92	0.94	0.98	1.0	1.0	0.98	0.98	1.0	0.94	0.98	0.92	1.0	1.0
8100	1.0	0.98	0.98	0.92	0.94	0.98	0.98	1.0	0.98	0.98	1.0	0.94	0.98	0.92	1.0	1.0
8150	1.0	0.98	0.98	0.94	0.96	0.96	0.98	1.0	0.98	0.98	1.0	0.98	0.98	0.92	1.0	1.0
8200	1.0	0.98	0.98	0.94	0.96	0.96	0.98	1.0	0.98	0.98	1.0	0.98	0.98	0.92	1.0	1.0
8250	1.0	1.0	1.0	0.94	0.96	0.96	0.98	1.0	0.98	0.98	1.0	0.98	0.98	0.92	0.98	1.0
8300	1.0	0.98	1.0	0.96	0.96	0.98	0.98	1.0	0.98	0.98	0.98	0.98	0.98	0.92	0.96	1.0
8350	1.0	0.98	1.0	0.96	0.94	0.98	0.98	1.0	0.98	0.98	0.98	1.0	1.0	0.92	0.96	1.0
8400	1.0	0.98	1.0	0.96	0.94	0.98	0.98	1.0	0.98	0.98	0.98	1.0	1.0	0.92	0.96	1.0
8450	1.0	0.98	1.0	0.96	0.94	0.98	0.98	1.0	1.0	0.98	0.98	1.0	1.0	0.92	0.94	1.0
8500	1.0	0.98	1.0	0.96	0.94	0.98	0.96	1.0	1.0	0.98	0.98	1.0	1.0	0.94	0.94	1.0
8550	1.0	0.98	1.0	0.98	0.96	0.98	0.96	1.0	1.0	0.98	0.98	0.98	1.0	0.98	0.94	1.0
8600	0.98	0.98	1.0	0.96	0.96	0.98	0.96	1.0	1.0	0.98	0.98	0.98	1.0	0.98	0.94	1.0
8650	0.98	0.98	1.0	0.96	0.96	0.98	0.96	1.0	1.0	0.98	0.96	0.98	1.0	0.98	0.94	1.0
8700	0.98	0.98	0.98	0.98	0.96	0.98	0.96	1.0	1.0	1.0	0.96	0.98	1.0	1.0	0.94	1.0
8750	0.98	0.98	0.98	0.98	0.96	0.98	0.96	1.0	1.0	1.0	0.96	0.98	1.0	0.98	0.94	1.0
8800	0.98	0.98	0.98	0.98	0.96	1.0	0.96	1.0	1.0	1.0	0.96	0.98	1.0	0.98	0.94	1.0
8850	0.98	0.98	0.96	0.98	0.96	1.0	0.96	1.0	1.0	1.0	0.96	0.98	1.0	0.98	0.96	1.0
8900	0.98	0.98	0.96	0.98	0.96	1.0	0.96	1.0	1.0	1.0	0.96	0.98	1.0	0.98	0.96	1.0
8950	0.98	0.96	0.94	0.98	0.94	1.0	0.98	1.0	1.0	1.0	0.96	0.98	1.0	0.98	0.96	1.0
9000	0.98	0.96	0.94	0.98	0.94	1.0	0.98	1.0	1.0	1.0	0.96	0.98	1.0	0.98	0.98	1.0
9050	0.98	0.96	0.94	0.98	0.94	1.0	0.98	1.0	1.0	1.0	0.96	0.98	1.0	0.98	0.98	1.0
9100	0.98	0.96	0.94	0.98	0.94	1.0	0.98	1.0	1.0	1.0	0.96	0.98	1.0	0.98	0.98	1.0
9150	0.98	0.96	0.94	0.98	0.92	1.0	0.98	1.0	1.0	1.0	0.98	0.98	0.98	0.98	0.98	0.98
9200	0.98	0.94	0.94	0.96	0.92	1.0	0.96	1.0	1.0	1.0	0.98	0.98	0.98	0.98	0.98	0.96
9250	0.98	0.96	0.94	0.96	0.94	1.0	0.96	1.0	1.0	1.0	0.98	0.98	0.98	0.98	0.98	0.96
9300	0.98	0.96	0.94	0.98	0.94	1.0	0.96	1.0	1.0	1.0	0.98	0.98	0.98	0.98	0.98	0.96
9350	0.98	0.96	0.96	0.98	0.94	1.0	0.96	1.0	1.0	1.0	0.98	0.98	0.98	0.98	1.0	0.96
9400	1.0	0.96	0.94	0.98	0.94	1.0	0.96	1.0	1.0	0.98	0.98	0.98	0.98	0.98	1.0	0.96
9450	1.0	0.96	0.94	0.98	0.94	1.0	0.98	1.0	1.0	0.98	0.98	0.96	0.98	0.98	1.0	0.96
9500	1.0	0.96	0.94	0.98	0.96	1.0	0.98	1.0	1.0	0.98	1.0	0.96	0.98	0.98	1.0	0.96
9550	1.0	0.96	0.96	0.98	0.96	1.0	0.98	1.0	1.0	0.98	1.0	0.98	0.98	0.98	1.0	0.96
9600	1.0	0.96	0.96	0.96	0.96	1.0	0.98	1.0	1.0	0.98	0.98	0.98	0.98	0.98	1.0	0.96
9650	1.0	0.96	0.96	0.96	0.96	1.0	0.98	1.0	1.0	0.96	0.96	0.98	0.98	0.98	1.0	0.96
9700	1.0	0.98	0.96	0.96	0.96	1.0	0.98	1.0	1.0	0.96	0.96	0.98	0.98	0.98	1.0	0.96
9750	1.0	0.98	0.96	0.96	0.98	1.0	0.98	1.0	1.0	0.96	0.96	0.98	0.98	0.98	0.98	0.96
9800	1.0	0.98	0.96	0.96	0.98	1.0	0.98	1.0	1.0	0.96	0.96	0.98	0.98	0.98	0.98	0.96
9850	1.0	0.98	0.98	0.96	0.98	1.0	0.98	1.0	1.0	0.96	0.96	0.98	0.98	0.98	0.98	0.96
9900	1.0	1.0	0.98	0.96	0.98	1.0	1.0	1.0	1.0	0.96	0.96	0.98	1.0	0.98	0.98	0.98
9950	1.0	1.0	0.98	0.96	1.0	1.0	1.0	1.0	1.0	0.96	0.96	0.98	1.0	0.98	0.98	0.98
10000	1.0	1.0	0.98	0.96	1.0	1.0	1.0	1.0	1.0	0.96	0.96	0.98	1.0	0.98	0.98	1.0
10050	1.0	1.0	0.98	0.96	1.0	1.0	1.0	0.98	1.0	0.96	0.96	1.0	1.0	0.98	0.98	1.0
10100	1.0	1.0	0.98	0.96	0.98	1.0	1.0	0.98	1.0	0.94	0.96	1.0	1.0	0.98	0.98	1.0
10150	1.0	1.0	0.98	0.98	0.98	1.0	1.0	0.96	1.0	0.94	0.96	1.0	1.0	1.0	0.98	1.0
10200	1.0	1.0	0.98	0.98	0.98	1.0	1.0	0.96	1.0	0.94	1.0	0.98	1.0	1.0	0.98	1.0
10250	1.0	1.0	1.0	0.98	0.98	1.0	1.0	0.96	1.0	0.96	0.98	0.98	1.0	1.0	0.98	1.0
10300	1.0	1.0	1.0	0.98	0.98	1.0	1.0	0.96	1.0	0.96	0.98	0.98	1.0	0.98	0.98	1.0
10350	1.0	1.0	1.0	0.98	0.96	1.0	1.0	0.96	1.0	0.98	0.98	0.98	1.0	0.98	0.98	1.0
10400	1.0	1.0	1.0	1.0	0.96	1.0	1.0	0.96	1.0	0.98	0.98	0.98	1.0	0.98	1.0	1.0
10450	1.0	1.0	1.0	1.0	0.96	1.0	1.0	0.96	1.0	0.98	0.98	0.98	1.0	0.96	1.0	1.0
10500	1.0	1.0	1.0	1.0	0.94	1.0	1.0	0.98	1.0	0.98	0.98	0.98	1.0	0.96	1.0	1.0
10550	1.0	1.0	1.0	1.0	0.96	1.0	1.0	0.98	1.0	0.98	0.98	0.98	1.0	0.96	1.0	1.0
10600	1.0	1.0	1.0	1.0	0.96	1.0	1.0	0.98	1.0	0.98	0.98	0.98	1.0	0.96	1.0	1.0
10650	1.0	1.0	1.0	1.0	0.96	1.0	1.0	0.96	1.0	0.98	0.98	0.98	1.0	0.96	1.0	1.0
10700	1.0	1.0	1.0	0.98	0.96	1.0	1.0	0.96	1.0	1.0	0.98	0.98	1.0	0.96	1.0	1.0
10750	1.0	1.0	1.0	0.98	0.96	1.0	1.0	0.98	0.98	1.0	0.96	0.98	1.0	0.94	1.0	1.0
10800	1.0	1.0	1.0	0.98	0.96	1.0	1.0	0.98	0.98	1.0	0.98	0.98	1.0	0.94	1.0	1.0
10850	1.0	1.0	1.0	0.98	0.96	1.0	1.0	0.98	0.98	1.0	0.98	1.0	1.0	0.94	0.98	1.0
10900	1.0	1.0	1.0	0.98	0.96	1.0	1.0	0.98	0.96	1.0	0.98	1.0	1.0	0.94	0.98	1.0
10950	1.0	1.0	1.0	0.98	0.96	1.0	0.98	0.98	0.96	1.0	0.98	1.0	1.0	0.94	0.98	1.0
11000	1.0	1.0	1.0	0.98	0.94	1.0	0.98	0.98	0.96	1.0	0.98	1.0	1.0	0.94	0.96	1.0
11050	1.0	1.0	1.0	0.98	0.94	1.0	0.98	0.98	0.96	1.0	0.98	1.0	0.98	0.96	0.94	1.0
11100	1.0	1.0	0.96	0.98	0.96	1.0	0.98	0.98	0.96	1.0	0.98	1.0	0.98	0.96	0.94	0.98
11150	1.0	1.0	0.96	0.98	0.96	1.0	0.98	0.98	0.96	1.0	0.98	1.0	0.98	0.94	0.94	0.98
11200	1.0	1.0	0.96	0.98	0.96	1.0	0.98	0.98	0.96	0.98	0.98	1.0	0.98	0.94	0.94	0.98
11250	1.0	1.0	0.96	0.96	0.96	1.0	0.98	0.98	0.96	0.98	0.98	1.0	0.98	0.96	0.94	0.98
11300	1.0	1.0	0.96	0.98	0.96	1.0	0.98	0.98	0.96	0.98	0.98	0.98	0.98	0.96	0.94	0.98
11350	1.0	1.0	0.96	0.98	0.94	1.0	0.98	1.0	0.96	0.98	0.98	0.98	0.96	0.96	0.94	0.98
11400	1.0	1.0	0.96	0.98	0.94	1.0	0.98	1.0	0.96	0.98	0.98	0.98	0.96	0.96	0.94	0.98
11450	1.0	0.98	0.96	0.98	0.94	1.0	0.98	1.0	0.96	0.98	0.98	0.98	0.96	0.96	0.94	0.98
11500	1.0	0.98	0.96	0.98	0.94	1.0	0.98	1.0	0.96	0.96	1.0	0.98	0.96	0.96	0.94	0.98
11550	1.0	0.96	0.96	0.98	0.94	1.0	0.98	1.0	0.98	0.96	1.0	0.98	0.94	0.96	0.96	0.98
11600	1.0	0.96	1.0	0.98	0.96	1.0	0.98	1.0	0.98	0.96	0.98	0.96	0.94	0.96	0.96	0.98
11650	1.0	0.96	1.0	0.98	0.98	1.0	0.98	1.0	1.0	0.96	0.98	0.96	0.96	0.96	0.98	0.98
11700	1.0	0.96	0.98	0.98	0.98	1.0	0.98	1.0	1.0	0.94	0.98	0.96	0.96	0.96	0.92	0.98
11750	0.98	0.96	0.98	0.98	0.98	1.0	1.0	1.0	1.0	0.94	0.98	0.96	0.96	0.96	0.92	0.98
11800	0.98	0.96	0.98	0.98	0.98	1.0	1.0	1.0	1.0	0.96	0.98	0.96	0.96	0.98	0.92	0.98
11850	0.98	0.96	0.98	0.98	0.98	1.0	1.0	1.0	1.0	0.96	0.96	0.98	0.96	0.96	0.92	0.96
11900	0.98	0.96	0.98	0.98	0.98	1.0	1.0	1.0	1.0	0.94	0.96	0.98	0.98	0.94	0.92	0.96
11950	0.96	0.96	0.98	1.0	0.96	1.0	1.0	1.0	1.0	0.92	0.96	0.98	0.98	0.94	0.92	0.98
12000	0.96	0.96	0.98	1.0	0.98	1.0	1.0	1.0	1.0	0.92	0.96	0.96	0.98	0.94	0.92	0.98
12050	0.96	0.98	0.98	0.98	0.96	1.0	1.0	1.0	1.0	0.92	0.96	0.96	1.0	0.94	0.9	0.98
12100	0.96	0.98	0.98	0.98	0.96	1.0	1.0	1.0	1.0	0.92	0.96	0.96	1.0	0.96	0.9	0.98
12150	0.96	0.98	0.96	0.98	0.96	1.0	1.0	1.0	1.0	0.94	0.96	0.96	1.0	0.96	0.9	0.98
12200	0.94	0.98	0.96	0.98	0.96	1.0	1.0	1.0	1.0	0.94	0.96	0.98	1.0	0.96	0.9	0.98
12250	0.94	0.96	0.94	0.98	0.96	1.0	1.0	1.0	1.0	0.94	0.98	0.98	1.0	0.96	0.9	0.98
12300	0.94	0.96	0.96	0.98	0.96	1.0	1.0	1.0	1.0	0.94	0.98	0.98	1.0	0.96	0.92	0.98
12350	0.94	0.96	0.96	0.98	0.94	1.0	1.0	1.0	1.0	0.94	0.98	0.98	1.0	0.96	0.98	0.98
12400	0.94	0.96	0.96	0.98	0.94	1.0	1.0	1.0	1.0	0.94	0.98	0.98	1.0	0.96	0.98	0.96
12450	0.94	0.96	0.96	0.98	0.94	1.0	1.0	1.0	1.0	0.94	1.0	0.98	1.0	0.96	0.98	0.96
12500	0.96	0.96	0.96	0.98	0.94	1.0	1.0	1.0	1.0	0.96	1.0	0.98	1.0	0.98	0.98	0.98
12550	0.96	0.98	0.96	0.98	0.94	1.0	1.0	1.0	1.0	0.96	1.0	0.98	1.0	0.98	0.98	0.98
12600	0.96	0.98	0.96	1.0	0.94	1.0	1.0	1.0	1.0	0.96	1.0	0.98	1.0	1.0	0.98	0.98
12650	0.96	0.98	0.96	1.0	0.94	1.0	1.0	0.98	1.0	0.98	1.0	1.0	1.0	1.0	1.0	0.98
12700	0.98	0.96	0.94	1.0	0.94	1.0	1.0	0.98	1.0	1.0	1.0	1.0	1.0	1.0	0.98	0.98
12750	0.98	0.94	0.94	1.0	0.94	1.0	1.0	0.98	1.0	1.0	1.0	1.0	1.0	1.0	0.98	0.98
12800	0.98	0.94	0.94	0.98	0.94	1.0	1.0	0.96	1.0	1.0	0.98	1.0	1.0	1.0	0.98	0.98
12850	0.98	0.96	0.94	0.98	0.96	1.0	1.0	0.96	1.0	1.0	0.98	1.0	1.0	1.0	0.98	0.96
12900	1.0	0.94	0.96	0.98	0.96	1.0	1.0	0.96	1.0	1.0	0.98	1.0	0.98	1.0	0.98	0.98
12950	1.0	0.94	0.98	0.98	0.98	1.0	1.0	0.96	1.0	1.0	0.98	1.0	0.98	1.0	0.98	0.98
13000	0.98	0.94	0.98	0.96	0.98	1.0	1.0	0.96	1.0	1.0	0.98	1.0	0.98	0.98	0.98	0.98
13050	0.98	0.94	0.98	0.96	0.98	1.0	1.0	0.96	1.0	1.0	0.98	1.0	0.98	0.96	0.98	0.98
13100	0.98	0.94	0.98	0.96	0.98	1.0	1.0	0.96	1.0	1.0	0.98	1.0	0.98	0.96	0.98	0.98
13150	0.98	0.94	0.98	0.96	0.98	1.0	1.0	0.96	1.0	1.0	0.98	1.0	0.98	0.96	0.98	0.98
13200	0.98	0.94	0.98	0.96	0.98	1.0	1.0	0.94	1.0	1.0	0.98	1.0	0.98	0.96	0.98	0.98
13250	0.98	0.94	0.98	0.96	0.98	1.0	1.0	0.94	1.0	1.0	0.98	1.0	0.98	0.96	0.98	0.98
13300	0.98	0.96	0.98	0.96	1.0	1.0	1.0	0.94	1.0	1.0	0.98	1.0	0.98	0.96	0.98	0.98
13350	0.98	0.96	0.98	0.96	1.0	1.0	1.0	0.96	1.0	1.0	0.98	1.0	0.98	0.96	1.0	0.96
13400	0.98	0.94	0.96	0.96	1.0	1.0	1.0	0.96	1.0	1.0	0.98	1.0	0.98	0.96	1.0	0.96
13450	0.98	0.94	0.96	0.96	1.0	1.0	1.0	0.96	1.0	1.0	1.0	1.0	1.0	0.96	1.0	0.96
13500	0.98	0.96	0.98	0.96	1.0	1.0	1.0	0.96	1.0	0.98	1.0	1.0	1.0	0.94	1.0	0.96
13550	0.98	0.96	0.98	0.96	0.96	1.0	1.0	0.96	1.0	0.98	1.0	1.0	1.0	0.94	1.0	0.96
13600	0.98	0.96	0.98	0.98	0.96	1.0	1.0	0.94	1.0	0.98	1.0	1.0	1.0	0.94	0.98	0.96
13650	0.98	0.96	0.98	0.98	0.96	1.0	1.0	0.94	1.0	0.98	1.0	1.0	1.0	0.94	0.98	0.96
13700	0.98	0.96	0.98	1.0	0.96	1.0	1.0	0.94	1.0	0.94	1.0	1.0	0.98	0.96	0.98	0.94
13750	0.98	0.96	0.96	1.0	0.96	1.0	1.0	0.94	1.0	0.94	0.98	1.0	0.98	0.98	0.98	0.94
13800	0.98	0.96	0.96	0.98	0.96	1.0	1.0	0.94	1.0	0.94	0.98	1.0	0.98	0.96	0.98	0.94
13850	1.0	0.96	0.96	0.98	0.96	1.0	1.0	0.96	1.0	0.94	0.98	1.0	0.98	0.96	0.98	0.94
13900	1.0	0.96	0.96	0.96	0.96	1.0	1.0	0.98	1.0	0.94	0.98	1.0	0.98	0.96	0.96	0.94
13950	1.0	0.96	0.96	0.96	0.96	1.0	0.98	0.98	1.0	0.94	0.98	1.0	0.98	0.96	0.96	0.94
14000	1.0	0.98	0.96	0.96	0.94	1.0	0.98	0.98	1.0	0.94	0.98	1.0	0.98	0.96	0.96	0.96
14050	1.0	1.0	0.96	0.96	0.94	1.0	0.98	0.98	1.0	0.94	0.98	1.0	0.98	0.94	0.96	0.96
14100	1.0	1.0	0.96	0.96	0.94	1.0	0.98	0.96	1.0	0.94	0.98	1.0	0.98	0.92	0.96	0.98
14150	1.0	1.0	0.98	0.96	0.94	1.0	0.98	0.96	1.0	0.94	0.96	1.0	0.98	0.94	0.96	0.98
14200	1.0	1.0	0.98	0.94	0.94	1.0	0.98	0.96	1.0	0.96	0.96	1.0	0.94	0.94	0.96	0.98
14250	1.0	1.0	0.98	0.92	0.94	1.0	0.98	0.98	1.0	0.96	0.96	1.0	0.96	0.94	0.96	0.98
14300	1.0	1.0	0.98	0.92	0.94	1.0	0.98	0.98	1.0	0.96	0.96	1.0	0.96	0.92	0.96	0.98
14350	1.0	1.0	0.98	0.92	0.98	1.0	0.98	0.98	1.0	0.96	0.96	1.0	0.96	0.92	0.98	0.98
14400	1.0	1.0	0.98	0.92	0.98	1.0	0.98	0.98	1.0	1.0	0.98	1.0	0.96	0.92	0.98	0.98
14450	1.0	1.0	0.96	0.9	0.96	1.0	0.98	0.98	1.0	1.0	0.98	1.0	0.96	0.92	0.98	0.98
14500	1.0	1.0	0.98	0.92	0.96	1.0	0.96	0.98	1.0	1.0	0.98	1.0	0.96	0.92	1.0	0.98
14550	1.0	1.0	0.98	0.92	0.96	1.0	0.94	0.98	1.0	1.0	0.96	1.0	0.96	0.92	0.98	1.0
14600	1.0	1.0	0.98	0.94	0.94	1.0	0.94	0.98	1.0	1.0	0.96	1.0	0.96	0.92	0.98	1.0
14650	1.0	1.0	0.98	0.94	0.94	1.0	0.96	0.98	1.0	1.0	0.96	1.0	0.96	0.92	0.98	1.0
14700	1.0	1.0	0.98	0.94	0.94	1.0	0.96	0.98	1.0	1.0	0.96	1.0	0.96	0.94	0.98	1.0
14750	1.0	1.0	0.98	0.94	0.9	1.0	0.96	0.98	1.0	1.0	0.96	1.0	0.96	0.94	0.98	1.0
14800	1.0	1.0	0.98	0.96	0.9	1.0	0.96	0.98	1.0	1.0	0.96	1.0	0.96	0.94	0.98	1.0
14850	1.0	1.0	0.98	0.98	0.88	1.0	0.96	0.98	1.0	1.0	0.96	0.98	0.96	0.94	0.98	0.96
14900	1.0	1.0	0.98	0.98	0.88	1.0	0.96	0.98	1.0	1.0	0.98	0.98	1.0	0.94	0.98	0.96
14950	1.0	1.0	0.98	0.98	0.88	1.0	0.96	0.96	1.0	1.0	0.98	0.98	1.0	0.94	0.98	0.96
15000	1.0	1.0	0.98	1.0	0.88	1.0	0.96	0.96	1.0	1.0	0.98	0.98	1.0	0.94	0.96	0.96
15050	1.0	1.0	0.98	1.0	0.88	1.0	0.96	0.96	1.0	1.0	0.98	0.98	1.0	0.96	0.96	0.96
15100	1.0	1.0	0.98	1.0	0.88	1.0	0.96	0.96	1.0	1.0	0.98	0.98	1.0	0.96	0.94	0.96
15150	1.0	1.0	0.98	1.0	0.88	1.0	0.96	0.96	1.0	1.0	0.98	0.98	1.0	0.98	0.94	0.96
15200	1.0	1.0	0.98	1.0	0.88	1.0	0.98	0.96	1.0	1.0	0.98	0.98	1.0	1.0	0.94	0.96
15250	1.0	1.0	0.98	1.0	0.9	1.0	1.0	0.96	1.0	1.0	0.98	0.98	1.0	1.0	0.92	0.96
15300	1.0	0.98	1.0	0.98	0.9	1.0	1.0	0.96	1.0	1.0	1.0	0.98	1.0	1.0	0.94	0.96
15350	1.0	0.98	1.0	0.98	0.9	1.0	1.0	0.96	1.0	1.0	1.0	0.98	1.0	1.0	0.94	0.96
15400	1.0	0.98	1.0	0.98	0.92	1.0	1.0	0.96	1.0	1.0	1.0	0.98	1.0	1.0	0.94	0.96
15450	1.0	0.98	1.0	0.98	0.96	1.0	1.0	0.96	1.0	1.0	1.0	0.98	1.0	1.0	0.94	0.96
15500	1.0	0.96	1.0	0.98	0.98	1.0	1.0	0.96	1.0	1.0	1.0	0.98	1.0	1.0	0.92	1.0
15550	1.0	0.96	1.0	0.98	0.98	1.0	1.0	0.96	1.0	1.0	1.0	1.0	1.0	1.0	0.92	1.0
15600	1.0	0.96	1.0	0.98	0.98	1.0	0.98	0.96	1.0	1.0	1.0	1.0	1.0	1.0	0.92	1.0
15650	1.0	0.96	1.0	0.96	0.98	1.0	0.98	0.96	1.0	1.0	1.0	1.0	1.0	1.0	0.9	0.98
15700	0.98	0.96	1.0	0.96	0.98	1.0	0.98	0.98	1.0	1.0	1.0	1.0	1.0	1.0	0.9	0.94
15750	0.98	0.96	1.0	0.96	0.98	1.0	0.98	0.96	1.0	1.0	1.0	1.0	1.0	1.0	0.9	0.94
15800	0.98	0.96	1.0	0.96	0.98	1.0	0.98	0.96	1.0	1.0	1.0	1.0	1.0	1.0	0.9	0.94
15850	0.98	0.96	1.0	0.96	0.98	1.0	0.98	0.96	1.0	1.0	1.0	1.0	1.0	1.0	0.9	0.94
15900	0.98	0.96	1.0	0.96	1.0	1.0	0.98	0.96	1.0	1.0	1.0	0.98	1.0	0.98	0.9	0.94
15950	0.98	0.96	1.0	0.98	1.0	1.0	0.98	0.96	1.0	1.0	1.0	0.98	1.0	0.98	0.92	0.94
16000	0.98	0.98	1.0	0.98	1.0	1.0	0.98	0.96	1.0	1.0	1.0	0.98	1.0	0.98	0.92	0.94
16050	0.98	0.98	0.98	0.98	1.0	1.0	0.98	0.96	1.0	1.0	1.0	0.98	1.0	0.98	0.9	0.94
16100	0.98	0.98	0.98	0.98	1.0	1.0	0.98	0.96	1.0	1.0	1.0	0.98	1.0	0.98	0.9	0.94
16150	0.98	0.98	0.98	0.98	1.0	1.0	0.98	0.96	0.98	1.0	1.0	0.98	1.0	0.98	0.9	0.94
16200	0.98	1.0	0.98	0.98	0.98	1.0	0.98	0.96	0.98	1.0	1.0	0.98	1.0	0.98	0.9	0.94
16250	0.98	0.98	0.96	1.0	0.98	1.0	0.98	0.96	0.98	1.0	1.0	0.96	1.0	0.98	0.9	0.94
16300	0.98	0.98	0.96	1.0	0.98	1.0	0.98	0.94	0.98	1.0	1.0	0.96	1.0	0.98	0.94	0.96
16350	0.98	0.98	0.94	1.0	0.96	1.0	0.98	0.94	0.98	1.0	1.0	0.96	1.0	0.98	0.96	0.96
16400	0.98	0.98	0.94	1.0	0.96	1.0	0.98	0.94	0.98	1.0	1.0	0.96	1.0	0.98	0.96	1.0
16450	1.0	0.98	0.94	1.0	0.96	1.0	0.98	0.94	0.98	1.0	1.0	0.96	1.0	0.98	0.96	1.0
16500	1.0	0.98	0.94	1.0	0.96	1.0	0.98	0.94	0.98	1.0	1.0	0.94	1.0	0.98	0.96	1.0
16550	1.0	0.98	0.94	1.0	0.94	1.0	1.0	0.96	0.98	0.98	1.0	0.94	1.0	0.98	0.96	1.0
16600	1.0	0.98	0.94	1.0	0.94	1.0	1.0	0.98	0.98	0.98	1.0	0.94	1.0	0.98	0.96	1.0
16650	1.0	0.98	0.94	1.0	0.92	1.0	1.0	0.98	0.98	0.98	1.0	0.94	1.0	0.96	0.96	1.0
16700	1.0	0.98	0.94	1.0	0.92	1.0	1.0	0.96	0.98	0.98	1.0	0.96	1.0	0.96	0.96	1.0
16750	1.0	0.94	0.94	1.0	0.92	1.0	1.0	0.96	1.0	0.98	1.0	0.96	1.0	0.98	0.96	1.0
16800	1.0	0.94	0.94	1.0	0.92	1.0	1.0	0.96	1.0	0.98	1.0	0.96	1.0	0.96	0.96	1.0
16850	1.0	0.94	0.92	0.98	0.92	1.0	1.0	0.96	1.0	0.98	1.0	0.96	1.0	0.96	1.0	1.0
16900	1.0	0.94	0.92	0.98	0.92	1.0	1.0	0.96	1.0	0.98	1.0	0.96	1.0	0.94	1.0	1.0
16950	1.0	0.94	0.94	0.98	0.92	1.0	1.0	0.96	1.0	0.98	1.0	0.96	1.0	0.94	1.0	1.0
17000	1.0	0.94	0.96	0.98	0.94	1.0	1.0	0.96	1.0	0.98	1.0	0.96	1.0	0.94	1.0	1.0
17050	1.0	0.94	0.96	0.98	0.94	1.0	1.0	0.96	1.0	0.98	1.0	0.98	1.0	0.94	1.0	1.0
17100	1.0	0.94	0.96	0.98	0.94	1.0	1.0	0.98	1.0	0.98	1.0	0.98	1.0	0.94	1.0	1.0
17150	1.0	0.94	0.96	0.98	0.94	1.0	1.0	0.96	0.98	0.98	1.0	0.98	1.0	0.94	1.0	1.0
17200	1.0	0.94	0.96	0.98	0.96	1.0	1.0	0.96	0.98	0.98	1.0	0.98	1.0	0.94	1.0	0.98
17250	1.0	0.96	0.96	0.98	0.96	1.0	1.0	0.96	0.98	1.0	1.0	0.98	1.0	0.94	1.0	0.98
17300	0.98	0.98	0.98	0.98	0.96	1.0	1.0	0.96	0.98	1.0	1.0	1.0	1.0	0.94	1.0	0.98
17350	0.98	0.98	0.98	0.98	0.96	1.0	1.0	0.96	0.98	1.0	1.0	1.0	1.0	0.96	1.0	0.98
17400	0.98	0.96	0.98	0.98	0.96	1.0	1.0	0.96	0.98	1.0	1.0	1.0	1.0	0.94	1.0	0.98
17450	0.98	0.96	1.0	0.98	0.98	1.0	1.0	0.94	0.98	1.0	0.98	1.0	0.98	0.96	1.0	0.98
17500	0.98	0.96	1.0	0.98	1.0	1.0	1.0	0.96	0.98	1.0	0.98	1.0	0.98	0.96	1.0	0.98
17550	0.98	0.96	1.0	0.98	1.0	1.0	1.0	0.96	0.98	1.0	0.98	1.0	0.98	0.98	1.0	0.98
17600	0.98	0.98	1.0	0.98	1.0	1.0	1.0	0.96	0.98	1.0	0.98	1.0	0.98	0.98	1.0	0.98
17650	0.98	0.98	1.0	1.0	1.0	1.0	1.0	0.96	0.98	1.0	0.98	1.0	0.98	0.98	0.98	0.98
17700	0.98	0.98	1.0	1.0	1.0	1.0	1.0	0.96	0.98	1.0	0.98	1.0	0.98	0.96	0.98	0.98
17750	0.98	0.98	1.0	1.0	1.0	1.0	1.0	0.98	0.98	1.0	0.98	1.0	0.98	0.96	0.98	0.98
17800	0.98	0.98	1.0	1.0	1.0	1.0	1.0	0.96	1.0	0.98	0.98	1.0	0.98	0.96	0.98	0.98
17850	0.98	0.98	1.0	1.0	1.0	1.0	1.0	0.96	1.0	0.98	0.98	1.0	0.98	0.96	0.98	1.0
17900	1.0	0.98	1.0	1.0	1.0	1.0	1.0	0.96	1.0	0.98	0.98	1.0	0.98	0.96	0.98	1.0
17950	1.0	0.98	1.0	0.98	1.0	1.0	1.0	0.96	1.0	0.98	1.0	1.0	0.98	0.94	0.98	1.0
18000	1.0	0.98	1.0	0.98	1.0	1.0	1.0	0.96	1.0	0.98	1.0	1.0	0.98	0.94	0.96	0.98
18050	1.0	0.98	1.0	0.98	1.0	1.0	1.0	0.94	1.0	0.98	1.0	1.0	1.0	0.96	0.96	0.98
18100	1.0	1.0	1.0	0.98	1.0	1.0	0.98	0.96	1.0	0.98	1.0	1.0	1.0	0.96	0.96	0.98
18150	1.0	1.0	1.0	0.98	1.0	1.0	0.98	0.96	1.0	0.98	1.0	1.0	1.0	0.94	0.96	0.98
18200	1.0	1.0	1.0	0.96	1.0	1.0	0.98	0.96	1.0	0.98	1.0	1.0	1.0	0.94	0.94	0.98
18250	1.0	1.0	1.0	0.94	1.0	1.0	0.98	0.96	1.0	0.98	0.98	1.0	1.0	0.94	0.94	0.98
18300	1.0	1.0	1.0	0.92	1.0	1.0	0.98	0.94	1.0	0.96	0.98	1.0	1.0	0.94	0.94	0.98
18350	1.0	1.0	1.0	0.92	1.0	1.0	0.98	0.94	1.0	0.96	0.98	1.0	1.0	0.94	0.94	0.98
18400	1.0	1.0	1.0	0.92	1.0	1.0	0.98	0.94	1.0	0.96	0.98	1.0	0.98	0.94	0.92	0.98
18450	1.0	1.0	1.0	0.92	1.0	1.0	0.98	0.94	1.0	0.98	0.98	1.0	0.96	0.96	0.92	0.98
18500	1.0	1.0	1.0	0.94	1.0	1.0	0.98	0.94	1.0	0.98	0.98	1.0	0.96	0.96	0.92	0.98
18550	0.98	1.0	1.0	0.94	1.0	1.0	0.98	0.94	1.0	0.98	0.98	1.0	0.94	0.96	0.92	0.98
18600	0.98	1.0	1.0	0.94	1.0	1.0	0.98	0.94	1.0	0.98	0.98	1.0	0.94	0.96	0.94	0.98
18650	0.98	1.0	1.0	0.94	1.0	1.0	0.98	0.94	1.0	0.98	0.98	1.0	0.94	0.96	0.94	0.98
18700	0.98	1.0	1.0	0.96	1.0	1.0	1.0	0.94	1.0	0.98	0.98	1.0	0.94	0.98	0.94	0.98
18750	0.98	0.98	0.98	0.96	1.0	1.0	1.0	0.94	1.0	0.98	0.98	1.0	0.94	0.98	0.96	0.98
18800	0.98	0.98	0.98	0.96	1.0	1.0	1.0	0.94	1.0	0.98	0.96	1.0	0.94	0.98	0.96	1.0
18850	0.98	0.98	0.98	0.96	1.0	1.0	1.0	0.94	1.0	0.98	0.96	1.0	0.94	0.98	0.96	1.0
18900	0.98	0.96	0.98	0.98	1.0	1.0	1.0	0.94	1.0	0.98	0.96	1.0	0.94	1.0	0.96	1.0
18950	0.98	0.94	0.98	0.98	1.0	1.0	1.0	0.94	1.0	0.96	0.96	1.0	0.94	1.0	0.94	1.0
19000	0.98	0.94	0.98	0.98	1.0	1.0	0.98	0.94	1.0	0.96	0.96	1.0	0.94	1.0	0.96	1.0
19050	0.98	0.94	0.98	0.98	1.0	1.0	0.98	0.96	1.0	0.96	0.96	1.0	0.96	1.0	0.96	1.0
19100	0.98	0.94	0.96	0.98	1.0	1.0	0.98	0.96	1.0	0.96	0.98	1.0	0.98	1.0	0.96	1.0
19150	0.98	0.94	0.96	0.98	1.0	1.0	0.98	0.96	1.0	0.96	0.98	1.0	0.98	0.98	0.96	1.0
19200	1.0	0.94	0.96	0.98	1.0	1.0	0.98	0.94	1.0	0.94	0.98	1.0	1.0	0.98	0.96	1.0
19250	1.0	0.94	0.96	0.98	1.0	1.0	0.98	0.96	1.0	0.94	0.98	1.0	1.0	0.98	0.98	1.0
19300	1.0	0.94	0.96	0.98	1.0	1.0	0.98	0.96	1.0	0.94	0.98	0.98	1.0	0.98	0.96	1.0
19350	1.0	0.96	0.96	0.98	1.0	1.0	0.98	0.96	1.0	0.94	0.98	0.98	1.0	0.98	0.96	1.0
19400	1.0	0.96	0.98	0.98	1.0	1.0	0.98	0.98	1.0	0.94	0.98	0.98	1.0	0.98	0.96	1.0
19450	1.0	0.96	0.98	0.98	1.0	1.0	0.98	0.96	1.0	0.94	0.98	0.96	0.98	0.98	0.96	1.0
19500	1.0	0.96	0.98	0.98	1.0	1.0	0.98	0.96	1.0	0.94	1.0	0.96	0.98	0.98	0.96	1.0
19550	1.0	0.96	0.98	0.98	1.0	1.0	0.98	0.96	1.0	0.94	1.0	0.96	0.98	0.98	0.96	1.0
19600	1.0	0.98	0.98	0.98	1.0	1.0	0.98	0.96	1.0	0.94	1.0	0.96	0.98	0.98	0.96	1.0
19650	1.0	0.98	0.96	1.0	1.0	1.0	0.98	0.96	1.0	0.94	1.0	0.96	0.98	0.96	0.96	1.0
19700	1.0	0.98	0.94	0.98	1.0	1.0	0.98	0.92	1.0	0.94	0.98	0.94	0.98	0.96	0.96	1.0
19750	1.0	0.98	0.94	0.98	1.0	1.0	0.98	0.94	1.0	0.96	0.98	0.94	0.98	0.96	0.98	1.0
19800	1.0	1.0	0.96	0.98	1.0	1.0	0.98	0.92	1.0	0.96	0.98	0.94	0.98	0.96	0.98	1.0
19850	1.0	1.0	0.96	0.98	1.0	1.0	1.0	0.92	1.0	0.96	0.98	0.94	0.98	0.96	0.98	1.0
19900	1.0	1.0	0.96	0.98	1.0	1.0	1.0	0.92	1.0	0.96	0.98	0.94	0.98	0.96	0.98	1.0
19950	1.0	1.0	0.96	0.98	1.0	1.0	1.0	0.92	1.0	0.96	0.98	0.94	0.98	0.96	0.98	1.0
20000	1.0	1.0	0.96	0.98	1.0	1.0	1.0	0.92	1.0	0.96	0.96	0.96	0.98	0.96	0.98	1.0
