0	0.0	0.0	0.0	0.0	0.0	0.0	0.0	0.0	0.0	0.0	0.0	0.0	0.0	0.0	0.0	0.0
50	0.0	0.0	0.25	0.0	0.0	0.5	0.25	0.0	0.333333333333	0.0	0.333333333333	0.0	0.0	0.0	0.0	1.0
100	0.375	0.666666666667	0.166666666667	0.333333333333	0.0	0.714285714286	0.5	0.0	0.333333333333	0.0	0.25	0.25	0.0	0.666666666667	0.444444444444	1.0
150	0.615384615385	0.818181818182	0.125	0.428571428571	0.181818181818	0.6	0.615384615385	0.285714285714	0.636363636364	0.142857142857	0.571428571429	0.428571428571	0.166666666667	0.625	0.5	0.875
200	0.7	0.857142857143	0.2	0.5	0.181818181818	0.733333333333	0.705882352941	0.444444444444	0.666666666667	0.333333333333	0.583333333333	0.5	0.368421052632	0.7	0.6	0.888888888889
250	0.739130434783	0.875	0.428571428571	0.555555555556	0.333333333333	0.75	0.727272727273	0.666666666667	0.777777777778	0.4	0.583333333333	0.6	0.454545454545	0.692307692308	0.666666666667	0.833333333333
300	0.75	0.882352941176	0.529411764706	0.714285714286	0.473684210526	0.777777777778	0.793103448276	0.705882352941	0.826086956522	0.454545454545	0.583333333333	0.631578947368	0.555555555556	0.777777777778	0.714285714286	0.857142857143
350	0.76	0.904761904762	0.6	0.666666666667	0.565217391304	0.8	0.8125	0.736842105263	0.857142857143	0.647058823529	0.705882352941	0.708333333333	0.586206896552	0.818181818182	0.739130434783	0.866666666667
400	0.793103448276	0.888888888889	0.652173913043	0.6875	0.62962962963	0.857142857143	0.828571428571	0.8	0.866666666667	0.684210526316	0.736842105263	0.75	0.6	0.782608695652	0.769230769231	0.866666666667
450	0.818181818182	0.892857142857	0.703703703704	0.722222222222	0.65625	0.875	0.833333333333	0.827586206897	0.882352941176	0.769230769231	0.761904761905	0.78125	0.625	0.807692307692	0.793103448276	0.866666666667
500	0.818181818182	0.9	0.714285714286	0.772727272727	0.676470588235	0.882352941176	0.837837837838	0.838709677419	0.897435897436	0.793103448276	0.782608695652	0.764705882353	0.684210526316	0.838709677419	0.805555555556	0.904761904762
550	0.833333333333	0.911764705882	0.741935483871	0.782608695652	0.702702702703	0.894736842105	0.815789473684	0.857142857143	0.904761904762	0.793103448276	0.821428571429	0.789473684211	0.7	0.84375	0.833333333333	0.925925925926
600	0.837837837838	0.911764705882	0.757575757576	0.8	0.714285714286	0.909090909091	0.825	0.868421052632	0.913043478261	0.823529411765	0.827586206897	0.8	0.714285714286	0.833333333333	0.847826086957	0.941176470588
650	0.860465116279	0.918918918919	0.771428571429	0.833333333333	0.755102040816	0.914893617021	0.829268292683	0.871794871795	0.914893617021	0.842105263158	0.8125	0.809523809524	0.733333333333	0.846153846154	0.857142857143	0.945945945946
700	0.869565217391	0.921052631579	0.789473684211	0.868421052632	0.78	0.92	0.847826086957	0.875	0.918367346939	0.857142857143	0.828571428571	0.822222222222	0.75	0.853658536585	0.92	0.948717948718
750	0.94	0.923076923077	0.818181818182	0.871794871795	0.8	0.94	0.857142857143	0.883720930233	0.98	0.866666666667	0.837837837838	0.836734693878	0.755102040816	0.860465116279	0.96	0.952380952381
800	0.96	0.925	0.826086956522	0.880952380952	0.84	0.98	0.88	0.893617021277	1.0	0.9	0.853658536585	0.9	0.82	0.872340425532	0.96	0.954545454545
850	0.98	0.926829268293	0.836734693878	0.888888888889	0.92	1.0	0.92	0.9	1.0	0.98	0.872340425532	0.88	0.9	0.877551020408	0.98	0.955555555556
900	0.98	0.934782608696	0.86	0.9	0.92	1.0	0.94	0.94	1.0	1.0	0.88	0.9	0.94	0.9	0.98	0.959183673469
950	0.98	0.9375	0.92	0.96	0.92	1.0	0.94	1.0	1.0	1.0	0.92	0.9	0.96	0.92	0.98	0.96
1000	0.98	0.98	1.0	0.98	0.92	1.0	0.94	1.0	1.0	1.0	0.94	0.88	0.96	0.94	0.98	0.98
1050	1.0	0.96	1.0	0.98	0.94	1.0	0.96	1.0	1.0	1.0	0.96	0.88	0.98	0.96	0.98	0.98
1100	1.0	0.94	1.0	0.98	0.94	1.0	0.96	1.0	1.0	1.0	0.98	0.88	1.0	0.96	0.98	1.0
1150	1.0	0.92	1.0	1.0	0.94	1.0	0.96	1.0	1.0	1.0	0.98	0.88	1.0	0.96	0.98	1.0
1200	1.0	0.92	1.0	1.0	0.94	1.0	0.96	1.0	1.0	1.0	0.98	0.88	1.0	0.96	1.0	1.0
1250	1.0	0.88	1.0	1.0	0.94	1.0	0.98	1.0	1.0	1.0	0.98	0.88	1.0	0.96	1.0	1.0
1300	1.0	0.88	1.0	1.0	0.96	1.0	0.98	1.0	0.98	1.0	1.0	0.88	1.0	0.96	1.0	1.0
1350	1.0	0.88	1.0	1.0	0.96	1.0	0.98	1.0	0.98	1.0	1.0	0.9	1.0	0.96	1.0	1.0
1400	1.0	0.88	1.0	1.0	0.96	1.0	0.98	1.0	0.98	1.0	1.0	0.9	1.0	0.96	1.0	1.0
1450	1.0	0.9	1.0	1.0	0.98	1.0	1.0	1.0	0.98	1.0	1.0	0.9	1.0	0.98	1.0	1.0
1500	1.0	0.9	1.0	1.0	0.98	1.0	1.0	1.0	0.98	1.0	1.0	0.9	1.0	0.98	0.98	1.0
1550	1.0	0.88	1.0	1.0	0.98	1.0	1.0	1.0	0.98	1.0	1.0	0.9	1.0	0.94	0.98	1.0
1600	1.0	0.88	1.0	1.0	0.98	1.0	1.0	1.0	0.98	1.0	1.0	0.88	1.0	0.94	0.98	1.0
1650	1.0	0.88	1.0	1.0	0.98	1.0	1.0	1.0	0.98	1.0	1.0	0.88	1.0	0.94	0.98	1.0
1700	1.0	0.88	1.0	1.0	0.98	1.0	1.0	1.0	0.98	1.0	1.0	0.9	1.0	0.94	0.98	1.0
1750	1.0	0.88	1.0	1.0	1.0	1.0	1.0	1.0	0.98	1.0	1.0	0.92	1.0	0.94	0.98	1.0
1800	1.0	0.9	1.0	1.0	1.0	1.0	1.0	1.0	0.98	1.0	1.0	0.96	1.0	0.94	0.98	1.0
1850	1.0	0.92	1.0	1.0	1.0	1.0	1.0	1.0	0.98	1.0	1.0	0.96	1.0	0.94	0.98	1.0
1900	1.0	0.92	1.0	1.0	1.0	1.0	1.0	1.0	0.98	1.0	1.0	0.96	1.0	0.94	0.98	1.0
1950	1.0	0.96	1.0	1.0	1.0	1.0	1.0	0.98	0.98	1.0	1.0	0.96	1.0	0.94	0.98	1.0
2000	1.0	0.96	1.0	1.0	1.0	1.0	1.0	0.98	0.98	1.0	1.0	0.96	1.0	0.94	0.98	1.0
2050	1.0	0.96	1.0	1.0	1.0	1.0	1.0	0.98	0.98	1.0	1.0	0.96	1.0	0.96	0.98	1.0
2100	1.0	0.96	1.0	1.0	1.0	1.0	1.0	0.98	0.98	1.0	1.0	0.96	1.0	0.96	0.98	1.0
2150	1.0	0.96	1.0	1.0	1.0	1.0	1.0	0.98	0.98	1.0	1.0	0.96	1.0	0.96	0.98	1.0
2200	1.0	0.98	1.0	1.0	0.96	1.0	1.0	0.98	0.98	1.0	1.0	0.96	1.0	0.94	0.98	1.0
2250	1.0	0.98	1.0	1.0	0.96	1.0	1.0	0.98	1.0	1.0	1.0	0.96	1.0	0.94	0.98	1.0
2300	1.0	0.98	1.0	1.0	0.96	1.0	1.0	0.98	1.0	1.0	1.0	0.96	1.0	0.94	0.98	1.0
2350	1.0	0.98	1.0	1.0	0.96	1.0	0.98	0.98	1.0	1.0	1.0	0.96	1.0	0.94	0.98	0.98
2400	1.0	0.96	1.0	1.0	0.96	1.0	0.98	0.98	1.0	1.0	1.0	0.96	1.0	0.98	1.0	0.98
2450	1.0	0.96	1.0	1.0	0.96	1.0	0.98	0.98	1.0	1.0	1.0	0.98	1.0	0.98	1.0	0.98
2500	1.0	0.96	1.0	1.0	0.96	1.0	0.98	0.98	1.0	1.0	1.0	0.96	1.0	0.98	0.98	0.98
2550	1.0	0.96	1.0	1.0	0.96	1.0	0.98	0.98	1.0	1.0	1.0	0.96	1.0	0.98	0.98	0.98
2600	1.0	0.96	1.0	1.0	0.94	1.0	0.98	0.98	1.0	1.0	1.0	0.96	1.0	0.98	0.98	0.98
2650	1.0	0.96	1.0	1.0	0.94	1.0	0.96	0.98	1.0	1.0	1.0	0.96	1.0	0.98	0.98	0.96
2700	1.0	0.94	1.0	1.0	0.92	1.0	0.96	0.98	1.0	1.0	1.0	0.96	1.0	0.98	0.98	0.96
2750	1.0	0.94	1.0	1.0	0.92	1.0	0.96	0.98	1.0	1.0	1.0	0.98	1.0	0.98	0.98	0.94
2800	1.0	0.94	1.0	1.0	0.92	1.0	0.96	1.0	1.0	1.0	1.0	0.96	1.0	0.98	0.98	0.92
2850	1.0	0.94	1.0	1.0	0.92	1.0	0.96	1.0	1.0	1.0	1.0	0.96	1.0	0.98	0.98	0.92
2900	1.0	0.94	1.0	1.0	0.92	1.0	0.96	1.0	1.0	1.0	1.0	0.94	1.0	0.98	0.98	0.9
2950	0.98	0.94	1.0	1.0	0.92	1.0	0.96	0.98	1.0	1.0	1.0	0.92	1.0	0.98	0.98	0.9
3000	0.98	0.94	0.98	1.0	0.92	1.0	0.96	0.98	1.0	1.0	1.0	0.92	1.0	1.0	0.98	0.9
3050	0.96	0.9	0.98	1.0	0.92	1.0	0.96	0.98	1.0	1.0	1.0	0.9	1.0	0.98	0.98	0.9
3100	0.96	0.92	0.98	1.0	0.94	1.0	0.96	0.98	1.0	1.0	1.0	0.9	1.0	0.98	0.98	0.92
3150	0.96	0.92	0.98	1.0	0.94	1.0	0.96	0.98	1.0	1.0	1.0	0.9	1.0	0.98	0.98	0.92
3200	0.96	0.92	0.98	1.0	0.94	1.0	0.96	0.98	1.0	1.0	1.0	0.88	1.0	0.98	0.98	0.92
3250	0.96	0.92	0.98	1.0	0.94	1.0	0.96	0.98	1.0	1.0	1.0	0.86	1.0	0.98	0.98	0.9
3300	0.96	0.92	0.98	1.0	0.94	1.0	0.98	0.96	1.0	1.0	1.0	0.84	1.0	0.96	0.98	0.9
3350	0.94	0.92	0.98	1.0	0.92	1.0	0.98	0.96	1.0	1.0	1.0	0.86	1.0	0.96	0.98	0.9
3400	0.94	0.94	0.98	1.0	0.92	1.0	0.98	0.96	1.0	0.98	1.0	0.86	1.0	0.96	0.98	0.92
3450	0.94	0.94	0.98	1.0	0.92	1.0	0.98	0.96	1.0	0.98	1.0	0.88	1.0	0.96	0.98	0.92
3500	0.94	0.94	0.98	1.0	0.96	1.0	1.0	0.96	1.0	0.98	1.0	0.9	1.0	0.96	0.98	0.92
3550	0.94	0.94	0.98	1.0	0.94	1.0	1.0	0.92	1.0	0.98	1.0	0.9	0.98	0.96	0.98	0.94
3600	0.94	0.94	0.98	1.0	0.94	1.0	1.0	0.92	1.0	0.96	1.0	0.9	0.98	0.96	0.98	0.96
3650	0.94	0.94	0.98	1.0	0.94	1.0	1.0	0.92	1.0	0.96	1.0	0.88	0.98	0.96	0.98	0.96
3700	0.94	0.96	0.98	1.0	0.94	1.0	1.0	0.9	1.0	0.96	1.0	0.9	0.98	0.96	0.96	0.96
3750	0.92	0.96	0.98	1.0	0.94	1.0	1.0	0.9	1.0	0.96	1.0	0.92	0.98	0.94	0.96	0.96
3800	0.94	0.96	0.98	1.0	0.94	1.0	1.0	0.9	1.0	0.96	1.0	0.92	0.98	0.94	0.96	0.98
3850	0.94	0.96	1.0	1.0	0.96	1.0	1.0	0.9	1.0	0.96	1.0	0.94	0.98	0.94	0.96	0.98
3900	0.96	0.96	1.0	1.0	0.96	1.0	0.98	0.9	1.0	0.96	1.0	0.94	0.98	0.96	0.96	0.98
3950	0.96	1.0	1.0	1.0	0.96	1.0	0.98	0.9	1.0	0.96	1.0	0.96	0.98	0.96	0.96	0.98
4000	0.96	1.0	1.0	1.0	0.96	1.0	0.98	0.9	1.0	0.96	1.0	0.96	0.98	0.96	0.96	0.98
4050	0.96	1.0	1.0	1.0	0.98	1.0	0.98	0.9	0.98	0.96	1.0	0.96	0.98	0.98	0.96	0.98
4100	0.96	1.0	1.0	1.0	0.98	1.0	0.98	0.92	0.98	0.96	1.0	0.96	1.0	0.98	0.96	0.98
4150	0.96	1.0	1.0	1.0	0.98	1.0	0.98	0.92	0.98	0.96	1.0	0.96	1.0	0.98	0.96	0.98
4200	0.96	1.0	1.0	1.0	0.98	1.0	0.98	0.92	0.98	0.98	1.0	0.96	1.0	0.98	0.96	1.0
4250	0.98	1.0	1.0	1.0	1.0	1.0	0.98	0.92	0.98	0.98	1.0	0.96	1.0	0.98	0.96	1.0
4300	0.98	0.98	1.0	1.0	1.0	1.0	0.96	0.96	0.98	0.98	1.0	0.94	1.0	0.96	0.96	1.0
4350	0.98	0.98	1.0	1.0	1.0	1.0	0.96	0.94	0.98	0.98	1.0	0.96	1.0	0.96	0.96	1.0
4400	0.98	0.98	1.0	1.0	1.0	1.0	0.96	0.92	0.98	1.0	0.98	0.96	1.0	0.96	0.96	1.0
4450	0.98	0.98	1.0	1.0	1.0	1.0	0.96	0.94	0.98	1.0	0.98	0.98	1.0	0.96	0.94	1.0
4500	0.98	0.98	1.0	1.0	1.0	1.0	0.96	0.94	0.98	1.0	0.98	0.98	1.0	0.96	0.96	1.0
4550	0.98	0.98	1.0	1.0	1.0	1.0	0.96	0.94	0.98	1.0	0.98	0.98	1.0	0.98	0.92	1.0
4600	0.98	0.98	1.0	1.0	1.0	1.0	0.96	0.94	0.98	1.0	0.98	0.98	1.0	0.98	0.92	1.0
4650	0.98	0.98	1.0	1.0	1.0	1.0	0.96	0.94	0.98	1.0	0.98	0.98	1.0	0.98	0.92	1.0
4700	0.98	0.98	1.0	1.0	1.0	1.0	0.96	0.94	0.98	1.0	0.98	0.98	1.0	0.98	0.9	1.0
4750	1.0	0.98	1.0	1.0	1.0	1.0	0.96	0.94	1.0	1.0	0.98	0.98	1.0	0.98	0.88	1.0
4800	1.0	0.98	1.0	1.0	1.0	1.0	0.96	0.94	1.0	1.0	0.98	0.98	1.0	0.98	0.88	0.98
4850	1.0	0.98	1.0	1.0	0.98	1.0	0.96	0.92	1.0	0.98	0.98	0.98	1.0	0.98	0.88	0.98
4900	1.0	0.98	1.0	1.0	0.98	1.0	0.96	0.92	1.0	0.98	0.98	0.96	1.0	0.98	0.88	0.98
4950	1.0	0.98	1.0	1.0	0.98	1.0	0.96	0.92	1.0	0.98	0.98	0.98	1.0	0.98	0.9	0.98
5000	1.0	0.98	1.0	1.0	0.98	1.0	0.98	0.96	1.0	0.98	0.98	0.98	1.0	0.98	0.9	0.98
5050	1.0	0.96	1.0	1.0	0.98	1.0	0.98	0.96	1.0	0.98	0.98	0.98	0.98	1.0	0.9	0.98
5100	1.0	0.96	1.0	1.0	0.98	1.0	0.96	0.96	1.0	0.98	0.98	0.98	0.98	1.0	0.88	0.98
5150	1.0	0.98	1.0	0.98	0.98	0.98	0.96	0.96	1.0	0.98	0.98	0.98	0.98	1.0	0.9	0.98
5200	1.0	0.98	1.0	0.98	0.98	0.96	0.96	0.96	1.0	0.98	1.0	0.98	0.98	1.0	0.88	0.98
5250	1.0	0.98	1.0	0.98	0.98	0.96	0.96	0.98	1.0	0.98	1.0	0.98	0.98	1.0	0.88	0.98
5300	1.0	0.98	1.0	0.98	0.98	0.96	0.96	0.98	1.0	0.98	1.0	0.98	0.96	1.0	0.9	0.98
5350	1.0	0.98	1.0	0.98	0.98	0.96	0.96	0.98	1.0	0.98	1.0	0.98	0.96	1.0	0.9	0.98
5400	1.0	0.98	1.0	0.98	0.98	0.96	0.98	0.98	1.0	0.98	1.0	0.98	0.96	1.0	0.92	0.98
5450	1.0	0.98	1.0	0.98	0.98	0.96	0.98	0.98	1.0	0.98	1.0	0.98	0.96	1.0	0.94	0.98
5500	1.0	0.98	1.0	0.98	0.98	0.96	0.98	0.98	1.0	0.98	1.0	0.98	0.94	1.0	0.92	0.98
5550	1.0	0.98	1.0	0.98	0.98	0.96	0.98	0.98	1.0	0.98	1.0	0.98	0.94	1.0	0.94	0.98
5600	1.0	0.98	1.0	0.98	0.98	0.96	0.98	0.98	0.98	0.98	1.0	1.0	0.94	1.0	0.94	1.0
5650	1.0	0.98	1.0	0.98	0.98	0.96	0.98	0.96	0.98	0.98	1.0	1.0	0.94	1.0	0.94	1.0
5700	1.0	0.96	1.0	0.98	1.0	0.96	0.96	0.98	0.98	0.98	1.0	1.0	0.94	1.0	0.94	1.0
5750	1.0	0.96	1.0	0.98	1.0	0.96	0.96	0.98	0.96	1.0	1.0	1.0	0.94	1.0	0.94	1.0
5800	1.0	0.96	1.0	0.96	1.0	0.96	0.94	0.98	0.94	1.0	1.0	1.0	0.94	1.0	0.94	1.0
5850	1.0	0.96	1.0	0.96	1.0	0.96	0.94	0.98	0.94	1.0	1.0	1.0	0.96	1.0	0.96	1.0
5900	1.0	0.98	1.0	0.96	1.0	0.98	0.94	0.98	0.94	1.0	1.0	1.0	0.96	1.0	0.96	1.0
5950	1.0	0.98	1.0	0.96	1.0	1.0	0.9	0.98	0.94	1.0	1.0	1.0	0.96	1.0	0.96	1.0
6000	1.0	0.98	1.0	0.98	1.0	1.0	0.9	0.98	0.94	1.0	1.0	1.0	0.94	1.0	0.96	1.0
6050	1.0	0.98	1.0	0.98	1.0	1.0	0.9	0.98	0.94	1.0	1.0	1.0	0.94	1.0	0.96	1.0
6100	1.0	0.98	1.0	0.98	1.0	1.0	0.9	0.98	0.94	1.0	1.0	1.0	0.94	1.0	0.98	1.0
6150	1.0	0.98	1.0	0.98	1.0	1.0	0.9	0.98	0.94	1.0	1.0	1.0	0.94	1.0	0.98	1.0
6200	1.0	0.98	1.0	0.98	1.0	1.0	0.9	0.98	0.94	1.0	1.0	1.0	0.94	1.0	0.98	1.0
6250	1.0	0.98	0.98	0.98	1.0	1.0	0.9	0.98	0.94	1.0	1.0	1.0	0.96	1.0	0.98	1.0
6300	1.0	0.98	0.98	0.98	1.0	1.0	0.88	0.98	0.94	1.0	1.0	1.0	0.96	0.98	0.98	1.0
6350	1.0	0.98	0.96	0.98	1.0	1.0	0.88	0.98	0.94	1.0	1.0	1.0	0.96	0.98	0.96	1.0
6400	1.0	0.98	0.96	0.98	1.0	1.0	0.92	0.98	0.96	1.0	1.0	1.0	0.96	0.98	0.98	1.0
6450	1.0	0.98	0.96	0.98	1.0	1.0	0.92	0.98	0.96	1.0	1.0	1.0	0.98	0.98	0.98	1.0
6500	1.0	0.98	0.96	0.98	1.0	1.0	0.92	0.98	0.96	1.0	1.0	1.0	0.98	0.98	0.98	1.0
6550	1.0	0.98	0.96	0.98	1.0	0.98	0.94	0.98	0.98	1.0	1.0	1.0	0.98	0.98	0.98	1.0
6600	1.0	1.0	0.96	0.98	1.0	0.98	0.94	0.98	1.0	1.0	1.0	1.0	0.98	0.96	0.98	1.0
6650	1.0	0.98	0.96	0.98	1.0	0.98	0.94	1.0	1.0	1.0	1.0	1.0	0.98	0.96	0.98	1.0
6700	0.98	0.96	0.94	0.98	1.0	0.98	0.94	1.0	1.0	1.0	1.0	1.0	0.98	0.96	0.98	1.0
6750	0.98	0.96	0.94	0.96	1.0	0.96	0.94	1.0	0.98	1.0	1.0	1.0	0.98	0.96	0.98	1.0
6800	0.98	0.96	0.94	0.96	1.0	0.96	0.96	1.0	0.98	1.0	1.0	1.0	1.0	0.96	0.98	1.0
6850	0.98	0.96	0.94	0.94	1.0	0.96	0.96	1.0	0.98	0.98	1.0	1.0	1.0	0.96	0.98	1.0
6900	0.98	0.94	0.94	0.94	0.98	0.96	0.98	1.0	0.98	0.96	1.0	1.0	1.0	0.96	0.98	1.0
6950	0.98	0.94	0.94	0.94	0.98	0.94	0.98	1.0	0.98	0.96	1.0	1.0	1.0	0.96	0.98	1.0
7000	0.98	0.94	0.94	0.94	0.98	0.94	0.98	1.0	0.98	0.96	1.0	1.0	1.0	0.96	0.98	1.0
7050	0.98	0.94	0.94	0.94	0.98	0.94	0.98	1.0	0.98	0.96	1.0	1.0	1.0	0.96	0.98	1.0
7100	0.96	0.94	0.94	0.94	0.98	0.94	0.98	1.0	0.98	0.96	1.0	1.0	0.98	0.98	0.98	1.0
7150	0.96	0.94	0.94	0.94	0.96	0.94	0.98	1.0	0.98	0.96	1.0	1.0	0.98	0.98	0.98	1.0
7200	0.96	0.94	0.96	0.94	0.96	0.94	1.0	1.0	0.98	0.94	1.0	1.0	0.98	0.98	0.98	1.0
7250	0.96	0.94	0.98	0.94	0.96	0.94	1.0	1.0	0.98	0.94	1.0	1.0	0.98	0.98	0.98	1.0
7300	0.96	0.94	0.98	0.94	0.96	0.94	1.0	1.0	0.98	0.94	0.98	1.0	0.98	1.0	0.98	1.0
7350	0.96	0.94	0.98	0.96	0.96	0.94	0.96	1.0	0.98	0.98	0.98	1.0	0.98	1.0	0.98	1.0
7400	0.98	0.94	0.98	0.96	0.96	0.96	0.96	1.0	0.98	0.96	0.98	1.0	0.98	1.0	0.98	1.0
7450	0.98	0.94	0.98	0.96	0.96	0.96	0.96	1.0	0.98	0.96	0.98	1.0	0.98	1.0	0.98	1.0
7500	0.96	0.92	0.98	0.98	0.94	0.96	0.96	1.0	0.98	0.94	0.98	1.0	0.98	1.0	0.98	1.0
7550	0.96	0.94	0.98	0.96	0.94	0.98	0.96	1.0	0.98	0.94	0.98	1.0	0.98	1.0	0.96	1.0
7600	0.94	0.96	1.0	0.96	0.94	0.98	0.94	1.0	1.0	0.94	0.98	1.0	0.98	0.98	0.96	0.98
7650	0.92	0.96	1.0	0.96	0.94	0.98	0.94	1.0	1.0	0.96	0.98	1.0	0.98	0.98	0.96	0.98
7700	0.92	0.98	1.0	0.96	0.94	0.98	0.94	1.0	1.0	0.96	0.98	1.0	0.98	0.98	0.96	0.98
7750	0.92	0.96	1.0	0.96	0.96	0.98	0.94	1.0	0.98	0.96	0.98	1.0	0.98	0.98	0.96	0.98
7800	0.92	0.94	1.0	0.96	0.96	0.98	0.94	1.0	0.98	0.96	0.98	1.0	0.98	0.98	0.96	0.98
7850	0.92	0.94	1.0	0.94	0.96	1.0	0.94	1.0	0.98	0.96	0.98	1.0	0.98	0.98	0.96	0.98
7900	0.94	0.94	1.0	0.92	0.96	1.0	0.94	1.0	0.96	0.96	0.96	1.0	0.98	0.98	0.96	0.98
7950	0.94	0.94	1.0	0.92	0.98	1.0	0.94	1.0	0.96	0.96	0.96	1.0	1.0	0.98	0.96	0.98
8000	0.94	0.94	1.0	0.92	0.98	1.0	0.94	1.0	0.96	0.96	0.98	1.0	1.0	0.98	0.96	0.98
8050	0.94	0.94	1.0	0.92	0.98	1.0	0.94	1.0	0.96	0.96	0.96	1.0	1.0	0.98	0.98	0.98
8100	0.94	0.96	1.0	0.92	0.98	1.0	0.96	1.0	0.96	0.96	0.96	1.0	1.0	0.98	0.98	0.98
8150	0.94	0.96	1.0	0.94	0.98	1.0	0.98	1.0	0.96	0.98	0.96	1.0	1.0	0.98	0.98	0.98
8200	0.96	0.96	1.0	0.92	1.0	1.0	0.98	1.0	0.96	0.96	0.96	1.0	1.0	0.98	0.96	0.98
8250	0.98	0.96	1.0	0.92	1.0	1.0	0.98	1.0	0.94	0.96	0.96	1.0	1.0	0.98	0.96	0.98
8300	0.98	0.96	1.0	0.92	1.0	1.0	0.98	1.0	0.92	0.98	0.96	1.0	1.0	0.98	0.96	0.98
8350	0.96	0.96	1.0	0.94	1.0	0.98	0.98	1.0	0.92	0.98	0.96	1.0	1.0	0.98	0.96	0.98
8400	0.96	0.96	1.0	0.94	1.0	0.98	0.98	1.0	0.94	0.98	0.96	1.0	1.0	0.98	0.98	0.98
8450	0.94	0.96	1.0	0.94	1.0	0.96	0.98	0.98	0.94	0.98	0.96	1.0	1.0	0.98	0.98	0.98
8500	0.94	0.96	1.0	0.94	1.0	0.96	0.98	0.96	0.94	0.98	0.98	1.0	1.0	0.96	0.98	0.98
8550	0.94	0.98	1.0	0.94	1.0	0.96	1.0	0.96	0.94	0.98	0.98	0.98	1.0	0.96	0.98	1.0
8600	0.94	0.98	1.0	0.94	1.0	0.96	1.0	0.96	0.94	0.98	0.98	0.98	1.0	0.96	0.98	1.0
8650	0.94	0.98	1.0	0.94	1.0	0.96	1.0	0.96	0.94	0.98	0.98	0.98	1.0	0.96	0.98	1.0
8700	0.94	0.98	1.0	0.96	1.0	0.96	1.0	0.96	0.94	0.98	1.0	0.98	1.0	0.98	0.98	1.0
8750	0.94	0.98	1.0	0.96	1.0	0.96	1.0	0.96	0.92	0.98	1.0	0.98	1.0	0.98	0.98	1.0
8800	0.94	0.98	1.0	0.98	1.0	0.96	1.0	0.96	0.92	0.98	1.0	0.98	1.0	0.98	0.98	1.0
8850	0.94	0.98	1.0	0.98	0.98	0.96	1.0	0.96	0.92	0.98	0.98	0.98	1.0	0.98	0.98	1.0
8900	0.94	0.98	1.0	0.98	0.98	0.96	1.0	0.96	0.92	0.98	0.98	0.98	1.0	0.98	1.0	1.0
8950	0.94	0.98	1.0	0.96	0.98	0.96	1.0	0.96	0.92	1.0	0.98	0.98	1.0	0.98	1.0	1.0
9000	0.94	0.98	1.0	0.96	0.96	0.96	0.98	0.96	0.92	1.0	0.98	0.98	1.0	0.98	1.0	1.0
9050	0.94	0.98	1.0	0.96	0.96	0.96	0.98	0.96	0.92	1.0	0.98	0.98	1.0	0.98	1.0	1.0
9100	0.94	0.98	1.0	0.98	0.96	0.96	0.98	0.96	0.92	1.0	0.98	0.98	1.0	0.98	1.0	1.0
9150	0.96	0.98	0.98	0.98	0.94	0.96	0.98	0.96	0.92	1.0	0.96	0.98	1.0	1.0	1.0	1.0
9200	0.96	0.98	0.98	0.98	0.94	0.96	0.96	0.98	0.94	1.0	0.96	0.98	1.0	1.0	1.0	1.0
9250	0.96	0.98	0.98	0.98	0.94	1.0	0.96	0.98	0.94	1.0	0.96	0.98	1.0	1.0	1.0	1.0
9300	0.96	0.98	0.98	0.96	0.94	1.0	0.96	0.98	0.94	1.0	0.96	1.0	0.98	1.0	1.0	1.0
9350	0.96	0.98	0.98	0.96	0.94	1.0	0.96	1.0	0.94	1.0	0.96	1.0	0.98	1.0	1.0	1.0
9400	0.96	0.98	0.98	0.96	0.94	1.0	0.96	1.0	0.94	1.0	0.96	1.0	0.98	1.0	1.0	1.0
9450	0.96	0.98	0.98	0.96	0.94	1.0	0.96	1.0	0.94	1.0	0.94	1.0	0.98	1.0	1.0	1.0
9500	0.96	0.98	0.98	0.94	0.94	1.0	0.96	1.0	0.94	1.0	0.94	1.0	0.98	1.0	1.0	1.0
9550	0.98	1.0	0.98	0.92	0.96	1.0	0.96	1.0	0.96	1.0	0.96	1.0	0.98	1.0	1.0	1.0
9600	0.98	1.0	0.98	0.92	0.94	1.0	0.96	1.0	0.98	1.0	0.96	1.0	0.98	1.0	1.0	1.0
9650	0.98	1.0	0.98	0.92	0.94	1.0	0.96	1.0	0.98	1.0	0.96	1.0	0.98	1.0	1.0	1.0
9700	0.98	1.0	0.98	0.92	0.94	1.0	0.98	1.0	0.98	1.0	0.96	1.0	0.98	1.0	1.0	1.0
9750	0.98	1.0	0.98	0.92	0.94	1.0	0.98	0.98	0.98	1.0	0.96	1.0	0.96	1.0	1.0	1.0
9800	0.98	1.0	0.98	0.92	0.96	1.0	0.98	0.98	0.98	1.0	0.96	0.98	0.96	0.98	1.0	1.0
9850	1.0	1.0	0.98	0.9	0.96	1.0	0.98	0.98	0.98	1.0	0.98	0.98	0.96	0.98	1.0	1.0
9900	1.0	1.0	0.98	0.9	0.96	1.0	0.98	0.98	0.98	1.0	0.98	0.98	0.96	0.98	1.0	1.0
9950	0.98	1.0	0.98	0.9	0.96	1.0	0.98	0.98	0.98	1.0	0.98	0.98	0.96	0.98	1.0	1.0
10000	0.98	1.0	0.98	0.9	0.96	1.0	1.0	0.98	0.98	1.0	0.98	0.98	0.96	0.98	1.0	1.0
10050	0.98	0.98	0.98	0.9	0.94	1.0	1.0	0.98	0.98	1.0	0.96	0.98	0.98	0.98	1.0	1.0
10100	0.96	0.98	0.98	0.92	0.94	1.0	1.0	0.98	0.98	1.0	0.96	0.98	0.98	0.96	1.0	1.0
10150	0.96	0.98	0.96	0.92	0.96	1.0	0.98	0.98	0.96	1.0	0.98	0.98	0.98	0.96	1.0	1.0
10200	0.96	0.98	0.98	0.92	0.96	1.0	0.98	0.98	0.96	1.0	0.98	0.98	0.98	0.96	1.0	1.0
10250	0.96	0.98	0.98	0.94	0.94	1.0	0.98	0.98	0.96	1.0	0.98	0.98	0.98	0.96	1.0	1.0
10300	0.96	0.98	0.96	0.96	0.96	1.0	0.98	1.0	0.96	1.0	0.98	0.98	0.98	0.96	1.0	1.0
10350	0.96	0.98	0.96	0.98	0.96	1.0	0.98	1.0	0.96	1.0	0.98	1.0	0.98	0.96	1.0	1.0
10400	0.96	0.98	0.96	0.98	0.96	1.0	0.96	0.98	0.96	1.0	0.98	1.0	0.98	0.96	1.0	1.0
10450	0.96	0.98	0.96	0.98	0.96	1.0	0.96	0.98	0.96	1.0	0.98	1.0	1.0	0.96	1.0	1.0
10500	0.98	0.98	0.96	0.98	0.96	0.98	0.96	0.98	0.96	1.0	0.98	1.0	0.98	0.98	1.0	1.0
10550	0.98	0.98	0.96	0.96	0.96	0.98	0.94	0.98	0.96	1.0	0.98	1.0	0.98	0.98	1.0	1.0
10600	0.96	0.98	0.96	0.96	0.98	0.98	0.94	0.98	0.98	1.0	0.98	0.98	0.98	0.98	1.0	1.0
10650	0.96	0.98	0.96	0.96	0.98	0.98	0.94	0.96	0.98	1.0	1.0	0.98	0.98	0.98	1.0	1.0
10700	0.98	0.98	0.98	0.96	0.98	0.96	0.94	0.96	0.98	1.0	1.0	0.98	0.98	0.98	1.0	1.0
10750	0.98	0.98	0.98	0.96	0.96	0.96	0.94	0.96	1.0	1.0	1.0	0.98	0.98	0.98	1.0	1.0
10800	0.98	0.98	0.98	0.96	0.96	0.96	0.96	0.96	1.0	0.98	1.0	0.98	0.98	1.0	0.98	1.0
10850	0.98	0.96	1.0	0.94	0.96	0.96	0.96	0.96	1.0	0.98	1.0	0.98	0.98	1.0	0.98	1.0
10900	0.98	0.96	1.0	0.94	0.96	0.96	0.96	0.96	1.0	0.98	1.0	0.98	0.98	1.0	0.98	1.0
10950	0.98	0.94	1.0	0.94	0.96	0.96	0.96	0.96	1.0	0.98	1.0	0.98	0.98	1.0	0.96	1.0
11000	0.98	0.94	1.0	0.94	0.98	0.96	0.96	0.96	1.0	0.98	0.98	0.96	0.98	1.0	0.94	1.0
11050	0.98	0.94	1.0	0.94	0.98	0.96	0.98	0.96	1.0	0.98	0.98	0.96	1.0	1.0	0.94	1.0
11100	0.98	0.94	0.98	0.96	0.98	0.96	0.98	0.96	1.0	0.98	0.98	0.96	1.0	1.0	0.94	1.0
11150	0.98	0.92	0.98	0.96	0.98	0.98	0.98	0.96	1.0	0.98	0.98	0.96	1.0	1.0	0.94	1.0
11200	1.0	0.92	0.96	0.98	0.98	0.98	1.0	0.96	1.0	0.98	0.98	0.98	1.0	1.0	0.94	1.0
11250	0.98	0.92	0.96	0.98	0.98	0.98	0.96	0.98	1.0	0.98	0.98	0.98	1.0	0.98	0.94	1.0
11300	0.96	0.92	0.96	0.98	0.98	0.98	0.96	0.98	1.0	0.98	0.98	0.98	1.0	0.98	0.94	1.0
11350	0.96	0.92	0.96	0.98	0.98	1.0	0.96	0.98	1.0	0.98	0.98	0.98	1.0	0.98	0.94	1.0
11400	0.96	0.94	0.94	0.98	0.98	1.0	0.96	0.98	1.0	0.98	0.98	0.98	1.0	0.98	0.94	1.0
11450	0.96	0.94	0.94	0.98	1.0	1.0	0.96	0.98	1.0	0.98	0.98	0.98	1.0	0.98	0.96	1.0
11500	0.96	0.94	0.94	0.98	1.0	1.0	0.96	0.98	1.0	0.98	0.98	0.98	1.0	0.96	0.96	1.0
11550	0.96	0.94	0.94	1.0	1.0	1.0	0.96	0.98	1.0	1.0	0.98	0.96	0.98	0.96	0.96	1.0
11600	0.96	0.96	0.94	0.96	1.0	1.0	0.96	0.96	1.0	1.0	0.98	0.96	0.98	0.96	0.98	1.0
11650	0.94	0.96	0.92	0.96	1.0	1.0	0.96	0.96	1.0	1.0	0.98	0.96	0.98	0.96	1.0	1.0
11700	0.94	0.98	0.92	0.96	1.0	1.0	0.94	0.94	0.98	1.0	0.98	0.98	0.98	0.96	1.0	1.0
11750	0.94	0.98	0.94	0.96	1.0	1.0	0.94	0.94	0.98	1.0	1.0	0.98	0.98	0.94	0.98	1.0
11800	0.94	0.96	0.96	0.96	1.0	0.98	0.94	0.94	0.98	1.0	1.0	0.98	0.98	0.94	0.98	1.0
11850	0.94	0.96	0.96	0.94	1.0	0.98	0.94	0.94	0.96	1.0	1.0	0.98	0.98	0.94	0.98	1.0
11900	0.98	0.96	0.96	0.94	1.0	0.98	0.94	0.94	0.96	1.0	1.0	0.98	0.98	0.94	0.98	1.0
11950	0.98	0.98	0.96	0.92	1.0	0.98	0.96	0.94	0.96	1.0	1.0	0.98	0.96	0.92	0.98	1.0
12000	0.98	0.98	0.98	0.92	0.96	0.98	0.96	0.94	0.96	1.0	1.0	0.98	0.94	0.92	0.98	1.0
12050	0.96	0.98	0.98	0.92	0.96	0.96	0.96	0.94	0.96	1.0	0.98	0.96	0.96	0.92	0.98	1.0
12100	0.96	0.98	0.98	0.92	0.96	0.94	0.96	0.94	0.96	1.0	0.96	0.94	0.96	0.94	0.98	1.0
12150	0.94	0.96	0.98	0.92	0.94	0.94	0.94	0.94	0.96	1.0	0.96	0.94	0.94	0.94	0.98	1.0
12200	0.94	0.96	0.98	0.92	0.94	0.94	0.94	0.96	0.96	1.0	0.96	0.96	0.94	0.94	0.98	1.0
12250	0.94	0.96	1.0	0.92	0.94	0.94	0.94	0.98	0.96	1.0	0.96	0.94	0.94	0.94	0.98	1.0
12300	0.94	0.96	0.98	0.92	0.94	0.94	0.96	1.0	0.96	1.0	0.96	0.94	0.94	0.94	0.98	1.0
12350	0.94	0.96	0.98	0.96	0.94	0.96	0.96	1.0	0.96	1.0	0.96	0.94	0.94	0.94	0.98	1.0
12400	0.94	0.96	0.96	0.96	0.94	0.94	0.96	1.0	0.96	1.0	0.96	0.94	0.94	0.96	0.98	1.0
12450	0.96	0.98	0.96	0.96	0.94	0.94	0.96	1.0	0.98	1.0	0.96	0.94	0.94	0.96	0.98	1.0
12500	0.96	0.98	0.96	0.96	0.92	0.92	0.96	1.0	0.98	1.0	0.96	0.94	0.96	0.96	0.98	1.0
12550	0.94	0.98	0.96	0.96	0.92	0.92	0.98	1.0	0.98	1.0	0.96	0.94	0.96	0.96	1.0	1.0
12600	0.94	0.98	0.96	0.98	0.96	0.94	0.98	1.0	0.98	1.0	0.96	0.94	0.96	0.96	1.0	1.0
12650	0.94	0.98	0.96	0.98	0.96	0.94	0.98	1.0	1.0	1.0	0.94	0.94	0.96	0.98	1.0	1.0
12700	0.94	0.98	0.96	0.98	0.96	0.94	0.98	1.0	1.0	1.0	0.94	0.94	0.96	1.0	1.0	1.0
12750	0.94	0.98	0.96	0.98	0.96	0.94	1.0	0.96	1.0	1.0	0.94	0.94	0.98	1.0	1.0	1.0
12800	0.94	0.98	0.96	0.98	0.96	0.94	1.0	0.94	1.0	1.0	0.96	0.98	0.98	1.0	1.0	1.0
12850	0.94	1.0	0.96	0.98	0.96	0.92	1.0	0.94	1.0	1.0	0.96	0.98	1.0	1.0	1.0	1.0
12900	0.96	1.0	0.96	0.98	0.96	0.92	1.0	0.94	1.0	1.0	0.96	1.0	1.0	1.0	0.98	1.0
12950	0.98	1.0	0.96	0.96	0.96	0.92	1.0	0.94	1.0	1.0	0.96	1.0	1.0	1.0	0.98	1.0
13000	0.98	0.98	0.96	0.96	0.96	0.94	0.98	0.94	1.0	1.0	0.96	1.0	1.0	1.0	0.98	1.0
13050	0.98	0.98	0.98	0.96	0.94	0.94	0.98	0.94	1.0	1.0	0.96	1.0	1.0	0.98	0.96	1.0
13100	0.98	0.98	0.98	0.96	0.94	0.96	0.98	0.94	1.0	1.0	0.96	1.0	1.0	0.98	0.96	1.0
13150	0.98	0.98	0.98	0.94	0.94	0.96	0.98	0.94	1.0	1.0	0.96	1.0	1.0	0.96	0.96	1.0
13200	0.98	0.98	0.98	0.94	0.92	0.96	0.98	0.94	1.0	1.0	0.96	1.0	1.0	0.96	0.96	1.0
13250	0.98	0.96	0.98	0.92	0.92	0.96	0.98	0.98	1.0	1.0	0.96	1.0	1.0	0.94	0.96	1.0
13300	0.98	0.96	0.98	0.94	0.92	0.96	0.98	0.94	1.0	1.0	0.96	1.0	1.0	0.94	0.96	1.0
13350	0.98	0.96	0.98	0.94	0.94	0.96	0.98	0.96	1.0	1.0	0.96	1.0	1.0	0.94	0.96	0.98
13400	0.98	0.94	0.98	0.94	0.94	0.96	0.96	0.96	1.0	1.0	0.96	1.0	1.0	0.92	0.96	0.98
13450	0.98	0.94	0.98	0.94	0.94	0.98	0.96	0.96	1.0	1.0	0.96	1.0	1.0	0.92	0.96	0.96
13500	1.0	0.94	0.98	0.94	0.94	0.98	0.94	0.96	1.0	1.0	0.98	1.0	1.0	0.92	0.96	0.96
13550	1.0	0.94	0.96	0.94	0.94	0.98	0.94	0.96	1.0	1.0	0.98	1.0	1.0	0.92	0.96	0.96
13600	1.0	0.92	0.96	0.92	0.96	0.96	0.94	0.96	1.0	1.0	0.98	1.0	1.0	0.92	0.96	0.96
13650	1.0	0.94	0.96	0.92	0.96	0.98	0.92	0.96	1.0	1.0	1.0	1.0	1.0	0.92	0.96	0.96
13700	1.0	0.94	0.98	0.92	0.96	0.98	0.94	0.96	1.0	1.0	1.0	1.0	1.0	0.92	0.98	0.96
13750	1.0	0.94	0.98	0.92	0.98	0.98	0.94	0.96	1.0	1.0	1.0	1.0	1.0	0.94	0.98	0.96
13800	1.0	0.94	0.98	0.92	0.98	0.98	0.92	0.96	1.0	1.0	0.98	0.98	1.0	0.94	1.0	0.96
13850	1.0	0.94	0.98	0.94	0.98	0.98	0.92	0.96	1.0	1.0	0.98	0.98	1.0	0.94	1.0	0.96
13900	1.0	0.94	0.98	0.94	1.0	0.98	0.92	0.96	1.0	1.0	0.98	0.98	1.0	0.94	1.0	0.96
13950	1.0	0.96	0.96	0.96	1.0	0.98	0.92	0.96	1.0	1.0	0.98	0.98	1.0	0.94	1.0	0.98
14000	1.0	0.96	0.96	0.98	1.0	0.98	0.92	0.96	1.0	1.0	0.98	0.98	1.0	0.96	1.0	0.98
14050	1.0	0.96	0.98	0.98	1.0	0.98	0.92	0.98	1.0	1.0	0.98	0.98	1.0	0.96	1.0	0.98
14100	1.0	0.96	0.98	0.98	1.0	0.98	0.92	1.0	1.0	1.0	0.98	0.98	1.0	0.96	1.0	0.98
14150	1.0	0.96	0.98	0.98	1.0	0.98	0.94	1.0	1.0	1.0	0.98	0.98	1.0	0.96	1.0	1.0
14200	1.0	0.96	0.98	0.98	1.0	0.98	0.96	1.0	1.0	1.0	0.98	0.98	1.0	0.96	1.0	1.0
14250	1.0	0.96	0.98	0.98	1.0	0.98	0.96	1.0	1.0	1.0	0.98	0.98	1.0	0.98	1.0	1.0
14300	1.0	0.98	0.98	0.98	0.98	1.0	0.98	1.0	1.0	1.0	0.98	0.98	1.0	0.98	1.0	1.0
14350	1.0	0.98	0.98	0.98	0.98	1.0	0.98	1.0	1.0	1.0	1.0	0.98	1.0	0.98	1.0	1.0
14400	1.0	0.98	0.98	1.0	0.98	0.98	0.96	1.0	1.0	1.0	1.0	0.98	1.0	0.98	1.0	1.0
14450	1.0	0.98	1.0	1.0	0.98	0.98	0.96	1.0	1.0	1.0	1.0	0.98	0.98	0.98	1.0	1.0
14500	1.0	0.98	1.0	1.0	0.98	0.98	0.94	1.0	1.0	1.0	0.98	0.98	0.96	0.98	1.0	1.0
14550	1.0	0.98	0.98	1.0	0.98	0.98	0.96	1.0	1.0	1.0	0.98	1.0	0.96	0.98	1.0	1.0
14600	0.98	0.98	0.98	1.0	0.98	0.98	0.96	1.0	1.0	1.0	0.98	1.0	0.96	0.98	1.0	1.0
14650	0.98	0.98	0.98	1.0	0.98	0.98	0.96	1.0	0.98	1.0	0.98	1.0	0.96	0.98	1.0	1.0
14700	0.98	0.98	0.98	1.0	0.98	0.98	0.96	1.0	0.98	1.0	0.98	1.0	0.96	0.98	1.0	1.0
14750	0.98	1.0	0.98	1.0	0.98	0.96	0.96	1.0	0.96	1.0	0.98	1.0	0.96	1.0	1.0	1.0
14800	0.98	1.0	0.98	1.0	0.98	0.96	0.96	1.0	0.96	1.0	0.98	1.0	0.96	1.0	1.0	1.0
14850	0.98	1.0	0.98	0.98	1.0	0.94	0.94	1.0	0.96	1.0	0.98	1.0	0.96	1.0	1.0	1.0
14900	0.96	1.0	0.98	0.96	1.0	0.92	0.94	1.0	0.96	1.0	0.98	1.0	0.96	1.0	1.0	1.0
14950	0.96	1.0	0.98	0.96	1.0	0.92	0.96	1.0	0.96	1.0	0.98	1.0	0.96	1.0	1.0	1.0
15000	0.96	1.0	0.98	0.96	1.0	0.92	0.98	1.0	0.96	1.0	0.98	1.0	0.96	1.0	1.0	1.0
15050	0.96	1.0	0.98	0.96	1.0	0.92	0.98	1.0	0.96	1.0	0.96	1.0	0.98	1.0	1.0	1.0
15100	0.96	1.0	0.96	0.96	1.0	0.92	0.98	1.0	0.96	1.0	0.96	1.0	0.98	0.98	1.0	1.0
15150	0.96	1.0	0.96	0.96	1.0	0.94	0.98	1.0	0.96	1.0	0.96	1.0	0.98	0.98	1.0	1.0
15200	0.96	1.0	0.96	0.96	1.0	0.94	0.96	1.0	0.96	1.0	0.96	1.0	1.0	0.98	0.98	1.0
15250	0.96	1.0	0.96	0.96	1.0	0.94	0.96	1.0	0.96	1.0	0.96	1.0	1.0	0.98	0.98	1.0
15300	0.96	1.0	0.96	0.96	1.0	0.92	0.96	1.0	0.96	1.0	0.98	1.0	1.0	0.98	0.98	1.0
15350	0.96	1.0	0.98	0.96	1.0	0.92	0.96	1.0	0.96	1.0	0.98	1.0	1.0	0.98	0.98	1.0
15400	0.96	1.0	0.98	0.96	1.0	0.92	0.96	1.0	0.96	1.0	0.98	1.0	0.96	0.98	0.98	1.0
15450	0.96	1.0	0.98	0.96	1.0	0.92	0.96	1.0	0.98	1.0	0.98	1.0	0.94	0.98	0.98	1.0
15500	0.96	1.0	0.98	0.96	1.0	0.92	0.96	1.0	0.98	1.0	0.96	1.0	0.94	0.98	0.98	1.0
15550	0.98	1.0	0.98	0.96	0.98	0.96	0.98	1.0	0.98	1.0	0.96	1.0	0.94	0.96	0.98	1.0
15600	0.98	1.0	0.98	0.98	0.98	0.96	0.98	1.0	0.98	1.0	0.96	1.0	0.94	0.96	0.98	1.0
15650	0.98	1.0	0.98	1.0	0.98	0.96	0.98	1.0	0.98	1.0	0.96	1.0	0.94	0.96	0.98	1.0
15700	0.98	1.0	0.98	1.0	0.98	0.96	0.98	1.0	0.98	1.0	0.96	0.98	0.94	0.96	0.98	1.0
15750	0.98	1.0	1.0	1.0	0.96	0.96	0.96	1.0	0.98	1.0	0.96	0.98	0.94	0.96	0.98	1.0
15800	0.98	1.0	1.0	1.0	0.94	0.96	0.96	1.0	0.98	1.0	0.96	0.98	0.94	0.96	1.0	1.0
15850	0.98	1.0	1.0	1.0	0.94	0.96	0.96	1.0	0.98	1.0	0.98	0.98	0.94	0.98	1.0	1.0
15900	0.98	1.0	1.0	1.0	0.94	0.96	0.96	1.0	0.98	1.0	0.98	0.98	0.94	0.98	1.0	1.0
15950	0.98	1.0	1.0	1.0	0.94	0.96	0.96	1.0	0.98	1.0	0.98	0.98	0.96	0.98	1.0	1.0
16000	1.0	1.0	1.0	1.0	0.94	0.98	0.98	1.0	0.98	1.0	0.98	0.98	0.98	0.98	1.0	1.0
16050	1.0	1.0	0.98	1.0	0.94	0.98	0.98	1.0	1.0	1.0	0.98	0.98	0.98	0.98	1.0	1.0
16100	1.0	1.0	0.96	1.0	0.94	1.0	0.96	1.0	1.0	1.0	0.98	0.98	0.98	0.98	1.0	1.0
16150	1.0	1.0	0.92	1.0	0.94	1.0	0.96	1.0	1.0	1.0	1.0	0.98	0.98	0.98	1.0	1.0
16200	1.0	1.0	0.92	1.0	0.92	1.0	0.96	1.0	1.0	1.0	1.0	0.98	0.98	0.98	1.0	1.0
16250	1.0	1.0	0.92	1.0	0.92	1.0	0.96	1.0	1.0	1.0	1.0	0.98	0.98	0.98	1.0	1.0
16300	1.0	1.0	0.92	1.0	0.92	1.0	0.96	1.0	1.0	1.0	1.0	0.98	0.98	0.98	1.0	1.0
16350	1.0	1.0	0.92	0.98	0.92	1.0	0.96	1.0	1.0	1.0	1.0	0.98	0.98	1.0	1.0	1.0
16400	1.0	1.0	0.92	0.98	0.92	1.0	0.96	1.0	1.0	1.0	1.0	1.0	0.98	1.0	1.0	1.0
16450	1.0	1.0	0.92	0.98	0.92	1.0	0.96	1.0	1.0	1.0	1.0	1.0	0.98	1.0	1.0	1.0
16500	1.0	0.98	0.92	0.98	0.94	1.0	0.96	1.0	1.0	1.0	1.0	1.0	0.98	1.0	1.0	1.0
16550	1.0	0.98	0.92	0.98	0.94	1.0	0.96	1.0	1.0	1.0	1.0	1.0	0.98	1.0	1.0	1.0
16600	1.0	0.98	0.92	0.96	0.94	1.0	0.98	1.0	1.0	1.0	1.0	1.0	0.98	1.0	1.0	1.0
16650	1.0	0.98	0.94	0.96	0.96	1.0	0.98	1.0	1.0	1.0	1.0	1.0	0.98	1.0	1.0	1.0
16700	1.0	0.98	0.96	0.96	0.98	1.0	0.98	1.0	1.0	1.0	1.0	1.0	1.0	1.0	0.98	1.0
16750	1.0	0.98	0.98	0.96	0.98	1.0	0.98	1.0	0.98	1.0	1.0	1.0	1.0	1.0	0.98	1.0
16800	1.0	0.98	0.98	0.96	0.98	1.0	0.98	1.0	0.98	1.0	1.0	1.0	1.0	1.0	0.98	1.0
16850	1.0	0.98	0.98	0.96	0.98	1.0	0.96	0.98	0.98	1.0	1.0	1.0	1.0	1.0	0.98	1.0
16900	1.0	0.98	0.98	0.96	0.98	1.0	0.96	0.98	0.98	1.0	1.0	1.0	1.0	1.0	0.98	1.0
16950	1.0	0.98	0.98	0.96	1.0	1.0	0.96	0.98	0.98	1.0	1.0	1.0	1.0	1.0	0.98	1.0
17000	1.0	0.98	0.98	0.96	1.0	1.0	0.96	0.98	0.98	1.0	1.0	1.0	0.98	1.0	0.98	1.0
17050	1.0	0.98	0.98	0.96	1.0	1.0	0.96	0.98	0.98	1.0	1.0	1.0	0.98	1.0	0.98	1.0
17100	1.0	0.98	0.98	0.96	1.0	1.0	0.92	0.98	0.96	1.0	0.98	1.0	0.98	1.0	0.98	1.0
17150	1.0	0.98	0.98	0.94	1.0	1.0	0.92	0.98	0.96	1.0	0.98	1.0	0.98	1.0	0.98	1.0
17200	1.0	1.0	1.0	0.94	1.0	1.0	0.92	0.98	0.96	1.0	0.98	1.0	0.96	1.0	0.98	1.0
17250	1.0	1.0	1.0	0.94	1.0	1.0	0.9	0.98	0.96	1.0	0.98	1.0	0.96	1.0	0.98	1.0
17300	1.0	1.0	1.0	0.96	0.98	1.0	0.9	0.98	0.96	1.0	0.98	1.0	0.96	1.0	0.98	1.0
17350	1.0	1.0	1.0	0.96	0.98	1.0	0.9	0.98	0.96	1.0	0.98	1.0	0.94	1.0	0.98	1.0
17400	1.0	1.0	0.98	0.96	0.98	1.0	0.9	0.98	0.96	1.0	0.98	1.0	0.94	1.0	0.98	1.0
17450	1.0	1.0	0.98	0.96	0.98	1.0	0.9	0.98	0.96	1.0	0.96	1.0	0.94	1.0	0.98	1.0
17500	0.98	1.0	0.98	0.96	0.98	1.0	0.92	0.98	0.96	1.0	0.96	1.0	0.94	1.0	0.98	1.0
17550	0.98	1.0	0.98	0.94	0.98	1.0	0.94	0.96	0.96	1.0	0.96	1.0	0.94	1.0	1.0	1.0
17600	0.98	1.0	0.98	0.94	0.98	1.0	0.94	0.96	0.96	0.98	0.96	1.0	0.94	1.0	1.0	1.0
17650	0.98	1.0	0.98	0.94	0.98	1.0	0.94	0.96	0.98	0.98	0.96	1.0	0.94	1.0	1.0	1.0
17700	0.98	1.0	0.98	0.94	0.96	1.0	0.94	0.92	0.98	0.98	0.96	1.0	0.94	1.0	1.0	1.0
17750	0.98	1.0	0.98	0.94	0.96	1.0	0.96	0.92	0.98	0.98	0.96	1.0	0.94	1.0	1.0	1.0
17800	0.98	1.0	0.98	0.96	0.96	1.0	0.96	0.92	0.98	0.98	0.98	1.0	0.94	1.0	1.0	1.0
17850	0.98	1.0	0.98	0.96	0.94	1.0	0.96	0.9	0.98	0.98	0.98	1.0	0.92	1.0	1.0	1.0
17900	0.98	1.0	0.98	0.96	0.94	1.0	0.98	0.88	0.98	0.98	0.98	1.0	0.92	1.0	1.0	1.0
17950	0.98	1.0	1.0	0.98	0.94	1.0	0.98	0.88	0.98	0.98	0.98	1.0	0.92	1.0	1.0	1.0
18000	0.98	1.0	1.0	0.98	0.94	1.0	0.98	0.88	1.0	0.98	0.98	1.0	0.94	1.0	1.0	1.0
18050	0.98	1.0	1.0	0.98	0.94	1.0	0.98	0.88	1.0	0.98	1.0	1.0	0.92	1.0	1.0	1.0
18100	0.98	1.0	1.0	0.98	0.94	1.0	0.94	0.88	1.0	0.98	1.0	1.0	0.94	1.0	1.0	1.0
18150	1.0	1.0	1.0	0.98	0.94	1.0	0.94	0.88	1.0	0.98	1.0	1.0	0.92	1.0	1.0	1.0
18200	1.0	1.0	1.0	0.98	0.94	1.0	0.94	0.88	1.0	0.98	1.0	1.0	0.92	1.0	1.0	1.0
18250	0.98	1.0	1.0	0.96	0.94	0.98	0.94	0.9	1.0	0.98	1.0	1.0	0.92	1.0	1.0	1.0
18300	0.98	1.0	1.0	0.94	0.94	0.98	0.94	0.9	1.0	0.98	1.0	1.0	0.9	1.0	1.0	1.0
18350	0.98	1.0	1.0	0.94	0.96	0.98	0.94	0.9	1.0	1.0	1.0	1.0	0.9	1.0	1.0	1.0
18400	0.98	1.0	1.0	0.92	0.96	0.98	0.94	0.9	1.0	1.0	1.0	1.0	0.9	1.0	1.0	1.0
18450	0.98	1.0	1.0	0.94	0.98	0.98	0.96	0.9	0.96	1.0	1.0	1.0	0.9	1.0	1.0	0.98
18500	0.98	1.0	1.0	0.94	1.0	0.98	0.96	0.92	0.96	1.0	1.0	0.98	0.92	1.0	1.0	0.98
18550	0.98	1.0	0.98	0.94	1.0	0.96	0.96	0.94	0.96	1.0	1.0	0.98	0.92	1.0	1.0	0.98
18600	0.98	1.0	0.98	0.94	1.0	0.96	0.96	0.94	0.96	1.0	1.0	0.96	0.94	1.0	1.0	0.98
18650	0.98	1.0	0.98	0.9	1.0	0.96	0.96	0.94	0.96	1.0	1.0	0.96	0.94	1.0	1.0	0.98
18700	0.98	1.0	0.98	0.9	1.0	0.96	0.98	0.96	0.94	1.0	1.0	0.96	0.94	1.0	1.0	0.96
18750	0.98	1.0	0.98	0.9	1.0	0.96	1.0	0.96	0.94	1.0	1.0	0.96	0.94	1.0	1.0	0.96
18800	0.98	1.0	0.98	0.9	1.0	0.96	1.0	0.98	0.94	0.98	1.0	0.96	0.94	1.0	1.0	0.96
18850	0.98	1.0	0.98	0.9	1.0	0.96	1.0	0.98	0.94	0.98	1.0	0.96	0.96	1.0	1.0	0.96
18900	0.98	1.0	0.98	0.9	1.0	0.96	1.0	0.98	0.94	0.98	1.0	0.96	0.96	1.0	1.0	0.96
18950	1.0	1.0	0.98	0.9	1.0	0.96	1.0	0.98	0.94	0.98	1.0	0.96	0.96	1.0	1.0	0.94
19000	1.0	1.0	0.98	0.92	1.0	0.98	0.98	0.98	0.94	0.98	1.0	0.96	0.98	1.0	1.0	0.94
19050	1.0	1.0	0.98	0.92	1.0	0.98	0.98	0.98	0.94	0.98	1.0	0.96	0.98	1.0	1.0	0.94
19100	1.0	1.0	0.98	0.94	1.0	0.98	0.98	0.98	0.94	0.98	1.0	0.98	1.0	1.0	1.0	0.94
19150	1.0	1.0	0.98	0.94	1.0	0.98	0.98	0.98	0.98	0.98	1.0	0.98	1.0	1.0	1.0	0.94
19200	0.98	1.0	0.98	0.94	1.0	0.98	0.98	0.98	0.98	0.98	1.0	0.98	1.0	1.0	1.0	0.94
19250	0.98	1.0	0.98	0.96	1.0	1.0	0.98	1.0	0.98	0.98	1.0	1.0	1.0	1.0	1.0	0.96
19300	0.98	1.0	0.98	0.96	1.0	1.0	0.98	1.0	1.0	0.98	1.0	1.0	1.0	1.0	1.0	0.96
19350	0.98	1.0	0.98	0.96	1.0	1.0	0.96	1.0	1.0	0.98	1.0	1.0	1.0	1.0	1.0	0.96
19400	0.98	1.0	0.98	0.96	1.0	1.0	0.96	1.0	1.0	0.96	1.0	0.98	1.0	1.0	1.0	0.96
19450	0.98	1.0	1.0	0.96	1.0	1.0	0.96	1.0	0.98	0.98	0.98	0.98	0.98	1.0	1.0	0.96
19500	0.98	1.0	1.0	1.0	0.98	1.0	0.96	1.0	0.98	0.98	0.98	0.98	0.98	1.0	1.0	0.98
19550	0.98	1.0	1.0	1.0	0.98	1.0	0.96	1.0	0.98	0.98	0.96	0.98	0.98	1.0	1.0	0.98
19600	0.98	1.0	1.0	1.0	0.98	1.0	0.96	1.0	0.98	0.98	0.94	0.98	0.98	1.0	1.0	0.98
19650	0.98	1.0	1.0	1.0	0.98	1.0	0.96	1.0	0.98	0.98	0.92	0.98	0.98	1.0	1.0	0.98
19700	0.98	1.0	1.0	1.0	0.98	1.0	0.96	1.0	0.98	0.98	0.92	0.98	0.98	1.0	1.0	0.98
19750	0.98	1.0	1.0	1.0	0.98	1.0	0.94	1.0	0.98	0.98	0.9	0.98	0.98	1.0	1.0	0.98
19800	0.98	1.0	1.0	1.0	0.98	1.0	0.92	1.0	0.98	0.98	0.9	0.96	0.98	1.0	1.0	0.98
19850	0.98	1.0	1.0	0.98	0.98	1.0	0.92	1.0	0.98	0.98	0.9	0.96	0.96	1.0	1.0	1.0
19900	0.98	1.0	1.0	0.98	0.98	1.0	0.92	1.0	0.98	0.98	0.9	0.96	0.96	1.0	1.0	1.0
19950	0.98	1.0	1.0	0.98	0.98	1.0	0.92	1.0	0.98	0.98	0.9	0.94	0.94	1.0	1.0	1.0
20000	0.98	0.98	1.0	0.98	0.98	1.0	0.92	1.0	1.0	0.98	0.9	0.94	0.94	1.0	1.0	1.0
