0	0.0	0.0	0.0	0.0	0.0	0.0	0.0	0.0	0.0	0.0	0.0	0.0	0.0	0.0	0.0	0.0
50	0.0	0.428571428571	0.25	0.0	0.0	0.0	0.0	0.0	0.142857142857	0.25	0.0	0.0	0.166666666667	0.0	0.25	0.0
100	0.444444444444	0.538461538462	0.166666666667	0.125	0.2	0.333333333333	0.4	0.333333333333	0.538461538462	0.571428571429	0.142857142857	0.2	0.444444444444	0.166666666667	0.375	0.285714285714
150	0.416666666667	0.631578947368	0.5	0.222222222222	0.5	0.5	0.647058823529	0.571428571429	0.666666666667	0.636363636364	0.3	0.3	0.444444444444	0.545454545455	0.583333333333	0.5
200	0.619047619048	0.695652173913	0.555555555556	0.5	0.5	0.5	0.695652173913	0.666666666667	0.714285714286	0.666666666667	0.461538461538	0.588235294118	0.588235294118	0.642857142857	0.666666666667	0.631578947368
250	0.652173913043	0.75	0.68	0.555555555556	0.666666666667	0.625	0.740740740741	0.714285714286	0.76	0.722222222222	0.5	0.708333333333	0.631578947368	0.666666666667	0.72	0.64
300	0.733333333333	0.758620689655	0.703703703704	0.636363636364	0.72	0.689655172414	0.805555555556	0.769230769231	0.806451612903	0.727272727273	0.578947368421	0.703703703704	0.708333333333	0.727272727273	0.75	0.655172413793
350	0.75	0.787878787879	0.71875	0.666666666667	0.735294117647	0.71875	0.844444444444	0.8125	0.794117647059	0.730769230769	0.6	0.733333333333	0.708333333333	0.777777777778	0.78125	0.69696969697
400	0.789473684211	0.771428571429	0.735294117647	0.703703703704	0.763157894737	0.714285714286	0.86	0.828571428571	0.783783783784	0.766666666667	0.692307692308	0.771428571429	0.740740740741	0.8	0.820512820513	0.736842105263
450	0.813953488372	0.789473684211	0.756756756757	0.724137931034	0.785714285714	0.717948717949	0.92	0.842105263158	0.80487804878	0.75	0.727272727273	0.8	0.757575757576	0.818181818182	0.844444444444	0.782608695652
500	0.84	0.795454545455	0.763157894737	0.741935483871	0.791666666667	0.75	0.96	0.857142857143	0.822222222222	0.782608695652	0.785714285714	0.822222222222	0.771428571429	0.837837837838	0.844444444444	0.8
550	0.9	0.804347826087	0.8	0.764705882353	0.8	0.770833333333	0.98	0.860465116279	0.826086956522	0.787234042553	0.804347826087	0.9	0.794871794872	0.853658536585	0.88	0.86
600	0.9	0.816326530612	0.816326530612	0.794871794872	0.88	0.82	0.98	0.872340425532	0.84	0.86	0.84	0.98	0.785714285714	0.863636363636	0.94	0.9
650	0.9	0.88	0.88	0.813953488372	0.9	0.88	0.98	0.9	0.94	0.86	0.86	0.98	0.808510638298	0.875	0.96	0.9
700	0.98	0.92	0.94	0.822222222222	0.92	0.88	0.98	0.96	0.96	0.88	0.94	0.98	0.84	0.88	0.96	0.94
750	0.98	0.94	0.96	0.88	0.92	0.92	1.0	1.0	0.96	0.86	0.94	0.98	0.88	0.9	0.96	0.94
800	0.98	0.96	0.96	0.98	0.92	0.94	1.0	1.0	0.96	0.88	0.96	0.96	0.92	0.96	0.96	0.94
850	1.0	0.96	0.98	0.98	0.92	0.94	1.0	1.0	0.96	0.9	0.96	0.96	0.96	0.98	0.98	0.96
900	1.0	0.96	0.98	1.0	0.94	0.94	1.0	1.0	0.96	0.92	0.98	0.96	0.96	0.98	0.98	1.0
950	1.0	0.98	0.98	1.0	0.96	0.94	1.0	1.0	0.96	0.92	0.98	0.96	0.96	1.0	0.94	1.0
1000	1.0	0.98	1.0	1.0	0.96	0.94	1.0	1.0	0.96	0.92	0.98	0.96	0.98	1.0	0.94	1.0
1050	1.0	1.0	1.0	0.98	0.98	0.96	1.0	1.0	0.96	0.96	1.0	0.96	0.98	1.0	0.92	1.0
1100	1.0	1.0	1.0	0.98	0.98	0.98	1.0	1.0	1.0	0.98	1.0	0.96	0.98	1.0	0.92	1.0
1150	1.0	1.0	1.0	0.98	0.98	0.98	0.98	1.0	1.0	0.98	1.0	0.96	1.0	1.0	0.92	1.0
1200	1.0	1.0	1.0	0.98	1.0	0.98	0.98	1.0	1.0	0.98	1.0	0.96	1.0	1.0	0.92	1.0
1250	1.0	1.0	1.0	0.98	1.0	0.98	0.98	1.0	1.0	0.98	1.0	0.96	1.0	1.0	0.92	1.0
1300	1.0	1.0	1.0	0.98	1.0	0.98	0.98	1.0	1.0	0.98	1.0	0.96	1.0	1.0	0.92	1.0
1350	1.0	1.0	1.0	0.98	1.0	0.98	0.94	1.0	1.0	0.98	1.0	0.96	1.0	1.0	0.92	1.0
1400	1.0	1.0	1.0	0.98	1.0	1.0	0.94	1.0	1.0	0.98	1.0	0.96	1.0	1.0	0.92	1.0
1450	1.0	1.0	1.0	0.98	1.0	1.0	0.9	1.0	1.0	0.98	1.0	0.96	1.0	1.0	0.92	1.0
1500	1.0	1.0	1.0	0.98	1.0	1.0	0.9	1.0	1.0	1.0	1.0	0.94	1.0	1.0	0.92	1.0
1550	1.0	1.0	1.0	0.98	1.0	1.0	0.9	1.0	1.0	1.0	1.0	0.94	1.0	1.0	0.94	1.0
1600	1.0	1.0	1.0	0.96	1.0	1.0	0.9	1.0	1.0	1.0	1.0	0.94	1.0	1.0	0.94	1.0
1650	1.0	1.0	1.0	0.96	1.0	1.0	0.9	1.0	1.0	1.0	1.0	0.94	1.0	1.0	0.96	1.0
1700	1.0	1.0	1.0	0.96	0.98	1.0	0.9	1.0	1.0	1.0	1.0	0.94	1.0	1.0	0.98	0.98
1750	1.0	1.0	1.0	0.94	0.98	1.0	0.88	1.0	1.0	1.0	1.0	0.94	1.0	1.0	1.0	0.98
1800	1.0	1.0	1.0	0.94	0.98	1.0	0.9	1.0	1.0	1.0	1.0	0.96	1.0	0.98	1.0	0.98
1850	1.0	1.0	1.0	0.94	0.98	1.0	0.9	1.0	1.0	1.0	1.0	0.94	1.0	0.98	1.0	0.98
1900	1.0	1.0	1.0	0.94	0.98	1.0	0.9	1.0	1.0	1.0	1.0	0.94	0.98	0.98	1.0	0.98
1950	1.0	1.0	1.0	0.94	0.98	1.0	0.94	1.0	1.0	1.0	1.0	0.94	0.98	0.98	1.0	0.98
2000	1.0	1.0	1.0	0.96	0.98	1.0	0.94	1.0	1.0	1.0	1.0	0.94	0.98	0.98	1.0	0.98
2050	1.0	1.0	1.0	0.96	0.98	1.0	0.94	1.0	1.0	1.0	1.0	0.94	0.98	0.98	1.0	0.98
2100	1.0	1.0	1.0	0.96	0.98	1.0	0.98	1.0	1.0	1.0	1.0	0.94	0.98	0.98	1.0	0.98
2150	1.0	1.0	1.0	0.96	0.98	1.0	0.98	1.0	1.0	1.0	1.0	0.94	0.98	0.98	1.0	0.98
2200	1.0	1.0	1.0	0.96	0.98	1.0	0.98	1.0	1.0	1.0	1.0	0.96	0.98	0.98	1.0	0.98
2250	1.0	1.0	1.0	0.96	0.96	1.0	0.98	1.0	1.0	1.0	1.0	0.96	0.98	0.98	1.0	0.98
2300	1.0	1.0	1.0	0.94	0.96	1.0	0.98	1.0	1.0	1.0	1.0	0.96	0.98	0.96	1.0	0.96
2350	1.0	1.0	1.0	0.94	0.96	1.0	0.98	1.0	1.0	1.0	1.0	0.96	0.98	0.96	1.0	0.96
2400	1.0	1.0	1.0	0.94	0.98	1.0	0.98	1.0	1.0	1.0	1.0	0.94	0.96	0.94	1.0	0.96
2450	0.98	1.0	1.0	0.94	0.98	1.0	0.98	1.0	1.0	1.0	1.0	0.94	0.94	0.96	1.0	0.96
2500	0.98	0.98	1.0	0.94	0.98	1.0	0.98	1.0	1.0	1.0	1.0	0.94	0.94	0.96	1.0	0.96
2550	0.98	0.98	1.0	0.96	0.98	1.0	0.98	1.0	1.0	1.0	1.0	0.94	0.96	0.96	1.0	0.96
2600	0.98	0.98	1.0	0.98	0.98	1.0	0.98	1.0	1.0	1.0	1.0	0.96	0.96	0.96	1.0	0.96
2650	0.98	0.98	1.0	0.98	0.98	1.0	0.98	1.0	1.0	0.98	1.0	0.98	0.96	0.96	1.0	0.94
2700	0.98	0.98	1.0	0.98	0.96	1.0	0.98	1.0	1.0	0.98	1.0	0.98	0.94	0.96	1.0	0.94
2750	0.98	0.98	1.0	0.98	0.96	1.0	0.98	1.0	1.0	0.98	1.0	0.98	0.94	0.96	1.0	0.94
2800	0.98	0.98	1.0	0.98	0.94	1.0	0.98	1.0	1.0	0.98	1.0	0.96	0.94	0.96	1.0	0.94
2850	0.98	0.96	1.0	0.98	0.92	1.0	0.98	0.98	1.0	0.96	1.0	0.96	0.94	0.96	1.0	0.94
2900	0.98	0.96	1.0	0.98	0.92	1.0	0.98	0.98	1.0	0.94	1.0	0.96	0.94	0.96	1.0	0.94
2950	0.96	0.96	1.0	1.0	0.92	1.0	0.98	0.98	1.0	0.94	1.0	0.96	0.94	0.96	1.0	0.94
3000	0.96	0.96	1.0	1.0	0.92	1.0	0.98	0.98	1.0	0.94	1.0	0.96	0.94	0.96	1.0	0.94
3050	0.96	0.96	1.0	1.0	0.94	1.0	0.98	0.98	1.0	0.94	1.0	0.96	0.94	0.98	1.0	0.96
3100	0.96	0.96	1.0	0.98	0.94	1.0	0.98	0.98	1.0	0.94	1.0	0.96	0.94	0.98	1.0	0.96
3150	0.96	0.96	1.0	0.98	0.94	1.0	0.98	0.98	1.0	0.92	1.0	0.96	0.94	0.98	1.0	0.96
3200	0.98	0.96	1.0	0.98	0.94	1.0	0.98	0.98	1.0	0.94	1.0	0.98	0.94	0.98	1.0	0.96
3250	0.98	0.98	1.0	0.94	0.94	1.0	0.98	0.98	1.0	0.94	1.0	0.98	0.96	0.98	1.0	0.96
3300	0.98	0.96	1.0	0.94	0.94	1.0	0.98	0.98	0.98	0.94	1.0	0.98	0.98	0.98	1.0	0.96
3350	0.98	0.96	1.0	0.94	0.94	1.0	1.0	0.98	0.98	0.94	1.0	0.98	0.98	0.98	1.0	0.96
3400	0.98	0.96	1.0	0.94	0.94	1.0	1.0	0.98	0.98	0.94	1.0	0.98	0.98	0.98	0.98	0.96
3450	0.98	0.96	1.0	0.94	0.94	1.0	1.0	0.98	0.98	0.96	1.0	1.0	0.98	0.98	0.98	0.96
3500	0.98	0.96	1.0	0.92	0.94	1.0	1.0	0.98	0.98	0.96	1.0	1.0	0.98	0.98	0.98	0.98
3550	0.98	0.96	1.0	0.92	0.96	1.0	1.0	0.98	0.98	0.98	1.0	1.0	0.98	0.98	0.98	0.98
3600	1.0	0.96	1.0	0.92	0.96	1.0	1.0	0.98	0.98	0.98	1.0	1.0	0.98	0.94	0.98	0.98
3650	1.0	0.96	1.0	0.92	0.98	1.0	1.0	1.0	0.98	0.98	1.0	1.0	0.98	0.94	0.98	0.98
3700	0.98	0.96	1.0	0.92	0.98	1.0	1.0	1.0	0.98	0.98	1.0	1.0	0.98	0.94	0.98	0.98
3750	0.98	0.96	1.0	0.92	0.98	1.0	1.0	1.0	0.98	0.98	1.0	1.0	0.98	0.94	0.98	0.98
3800	0.98	0.96	1.0	0.92	0.98	1.0	1.0	1.0	0.98	0.98	1.0	1.0	1.0	0.94	0.98	0.98
3850	0.98	0.96	1.0	0.92	0.98	1.0	1.0	1.0	0.98	0.98	1.0	1.0	1.0	0.94	0.98	0.98
3900	0.98	0.98	1.0	0.94	0.96	1.0	1.0	0.98	0.98	1.0	1.0	1.0	1.0	0.94	0.98	0.98
3950	0.98	0.98	1.0	0.98	0.94	1.0	1.0	0.98	0.98	1.0	1.0	1.0	1.0	0.96	0.98	0.98
4000	0.96	0.98	1.0	0.98	0.94	1.0	1.0	0.98	0.98	1.0	1.0	1.0	1.0	0.96	0.98	0.98
4050	0.96	0.98	1.0	0.98	0.94	1.0	1.0	0.98	1.0	1.0	1.0	1.0	1.0	0.96	0.98	1.0
4100	0.96	0.98	1.0	0.98	0.94	1.0	1.0	0.98	1.0	1.0	1.0	1.0	1.0	0.98	0.98	1.0
4150	0.96	0.98	1.0	0.98	0.94	1.0	1.0	0.98	1.0	1.0	1.0	1.0	1.0	0.98	1.0	1.0
4200	0.96	0.98	1.0	1.0	0.94	1.0	1.0	0.98	1.0	1.0	1.0	1.0	1.0	1.0	1.0	1.0
4250	0.96	0.98	1.0	1.0	0.94	1.0	1.0	0.98	1.0	1.0	1.0	0.98	1.0	1.0	1.0	1.0
4300	0.96	0.98	1.0	1.0	0.96	1.0	1.0	0.98	1.0	1.0	1.0	0.98	1.0	1.0	1.0	1.0
4350	0.96	1.0	1.0	1.0	0.96	1.0	1.0	0.98	1.0	1.0	1.0	0.98	1.0	1.0	1.0	1.0
4400	0.96	0.96	1.0	1.0	0.96	1.0	1.0	0.98	1.0	0.98	1.0	0.98	1.0	1.0	1.0	1.0
4450	0.96	0.96	1.0	1.0	0.96	1.0	0.98	0.98	1.0	0.98	1.0	0.98	1.0	1.0	1.0	1.0
4500	0.98	0.96	1.0	1.0	0.98	1.0	0.98	1.0	1.0	0.98	1.0	0.98	1.0	1.0	1.0	1.0
4550	0.98	0.96	1.0	1.0	1.0	1.0	0.98	1.0	1.0	0.98	1.0	0.98	1.0	1.0	1.0	1.0
4600	0.96	0.96	1.0	1.0	1.0	1.0	0.96	1.0	1.0	0.98	1.0	0.98	1.0	1.0	1.0	1.0
4650	0.96	0.96	1.0	1.0	1.0	1.0	0.96	1.0	1.0	0.98	1.0	0.98	1.0	0.96	1.0	1.0
4700	0.96	0.96	1.0	1.0	1.0	1.0	0.96	1.0	1.0	0.98	1.0	0.98	1.0	0.96	1.0	1.0
4750	0.96	0.96	1.0	1.0	1.0	1.0	0.96	1.0	1.0	0.98	1.0	0.98	1.0	0.96	1.0	1.0
4800	0.94	0.96	1.0	1.0	1.0	1.0	0.96	1.0	1.0	0.98	1.0	0.98	1.0	0.96	1.0	0.98
4850	0.96	0.94	1.0	1.0	1.0	1.0	0.96	1.0	1.0	0.98	1.0	0.98	1.0	0.96	1.0	0.98
4900	0.96	0.94	1.0	1.0	1.0	1.0	0.96	1.0	1.0	0.98	0.98	0.98	1.0	0.96	1.0	0.98
4950	0.96	0.92	1.0	1.0	1.0	1.0	0.96	1.0	1.0	0.98	0.98	0.98	1.0	0.94	1.0	0.98
5000	0.96	0.92	1.0	1.0	1.0	1.0	0.96	1.0	1.0	0.98	0.98	0.98	1.0	0.94	1.0	0.98
5050	0.96	0.96	1.0	1.0	1.0	1.0	0.96	1.0	1.0	0.98	0.98	0.98	1.0	0.94	1.0	0.98
5100	0.94	0.96	1.0	1.0	1.0	1.0	0.96	1.0	1.0	0.98	0.98	0.98	1.0	0.94	1.0	0.98
5150	0.9	0.96	1.0	1.0	1.0	1.0	0.96	1.0	1.0	1.0	0.98	0.98	1.0	0.94	1.0	0.98
5200	0.9	0.96	1.0	1.0	0.98	1.0	0.98	1.0	1.0	1.0	0.98	1.0	1.0	0.94	1.0	0.98
5250	0.88	0.96	1.0	1.0	0.98	1.0	0.98	1.0	1.0	1.0	0.98	0.98	1.0	0.94	1.0	0.98
5300	0.88	0.96	1.0	1.0	0.96	1.0	0.98	1.0	1.0	0.98	0.98	0.98	1.0	0.94	1.0	0.98
5350	0.88	0.96	1.0	1.0	0.96	1.0	0.98	1.0	1.0	0.98	0.98	0.98	1.0	0.92	1.0	0.98
5400	0.9	0.96	1.0	1.0	0.94	1.0	1.0	1.0	1.0	0.98	0.98	0.98	1.0	0.92	1.0	0.98
5450	0.9	0.96	1.0	1.0	0.94	1.0	1.0	1.0	1.0	0.98	0.98	0.96	1.0	0.96	1.0	0.98
5500	0.92	0.98	1.0	1.0	0.94	1.0	1.0	1.0	1.0	0.98	0.98	0.96	1.0	0.96	1.0	0.98
5550	0.92	1.0	1.0	1.0	0.94	1.0	0.98	1.0	1.0	0.98	0.98	0.96	1.0	0.96	1.0	0.98
5600	0.92	1.0	1.0	1.0	0.94	1.0	0.96	1.0	1.0	0.98	0.98	0.96	1.0	0.94	1.0	0.98
5650	0.92	1.0	1.0	0.98	0.94	1.0	0.96	1.0	1.0	0.98	0.98	0.96	1.0	0.94	1.0	0.98
5700	0.92	1.0	1.0	0.98	0.94	1.0	0.96	1.0	1.0	0.98	0.98	0.96	1.0	0.94	1.0	1.0
5750	0.92	1.0	1.0	0.98	0.94	1.0	0.94	1.0	1.0	0.98	1.0	0.96	1.0	0.94	0.98	1.0
5800	0.96	1.0	1.0	0.98	0.96	1.0	0.94	1.0	1.0	0.98	1.0	0.96	1.0	0.94	0.98	1.0
5850	0.98	0.98	1.0	0.98	0.96	1.0	0.94	1.0	1.0	0.98	1.0	0.96	1.0	0.96	0.98	1.0
5900	1.0	0.98	1.0	0.98	0.98	1.0	0.92	1.0	1.0	0.98	1.0	0.96	1.0	0.96	0.98	1.0
5950	1.0	0.98	1.0	0.98	0.98	1.0	0.92	1.0	0.98	0.98	1.0	0.96	1.0	0.96	0.98	1.0
6000	1.0	0.98	1.0	0.98	1.0	1.0	0.92	1.0	0.98	0.98	1.0	0.96	1.0	0.96	0.98	1.0
6050	1.0	0.96	1.0	0.98	1.0	1.0	0.92	1.0	0.98	0.98	1.0	0.98	1.0	0.96	0.96	1.0
6100	1.0	0.96	0.98	0.98	1.0	1.0	0.92	1.0	0.98	0.98	1.0	0.96	1.0	0.96	0.96	1.0
6150	1.0	0.96	0.98	0.98	1.0	1.0	0.92	1.0	0.98	0.98	1.0	0.96	1.0	0.98	0.96	1.0
6200	1.0	0.96	0.96	0.98	1.0	1.0	0.9	1.0	0.98	0.98	1.0	0.96	1.0	0.98	0.96	1.0
6250	1.0	0.96	0.96	0.96	1.0	1.0	0.9	1.0	0.98	1.0	1.0	0.98	1.0	0.96	0.96	1.0
6300	1.0	0.96	0.94	0.96	1.0	1.0	0.9	1.0	0.98	1.0	1.0	0.96	1.0	0.96	0.96	1.0
6350	1.0	0.96	0.94	0.96	1.0	1.0	0.9	1.0	0.98	1.0	1.0	0.96	1.0	0.96	0.96	0.98
6400	1.0	0.96	0.94	0.96	1.0	1.0	0.9	1.0	0.98	1.0	1.0	0.96	1.0	0.94	0.96	0.94
6450	1.0	0.96	0.94	0.96	1.0	1.0	0.92	1.0	0.98	1.0	1.0	0.96	1.0	0.94	0.96	0.94
6500	1.0	0.94	0.94	0.98	1.0	1.0	0.9	1.0	0.98	1.0	1.0	0.96	0.96	0.94	0.94	0.94
6550	1.0	0.96	0.94	0.98	1.0	1.0	0.88	0.98	0.98	1.0	1.0	0.96	0.96	0.94	0.94	0.94
6600	1.0	0.94	0.94	0.98	1.0	1.0	0.88	0.98	1.0	1.0	1.0	0.96	0.96	0.94	0.96	0.94
6650	1.0	0.94	0.92	0.98	1.0	1.0	0.88	0.96	1.0	1.0	1.0	0.96	0.96	0.94	0.96	0.94
6700	1.0	0.92	0.92	0.98	1.0	1.0	0.88	0.96	1.0	1.0	1.0	0.96	0.96	0.94	0.96	0.94
6750	1.0	0.92	0.92	0.96	1.0	1.0	0.88	0.96	1.0	1.0	1.0	0.96	0.96	0.94	0.98	0.94
6800	1.0	0.9	0.92	0.96	1.0	1.0	0.88	0.96	1.0	1.0	1.0	0.96	0.96	0.94	0.98	0.94
6850	1.0	0.9	0.92	0.96	1.0	1.0	0.88	0.96	1.0	1.0	1.0	0.96	0.96	0.94	0.98	0.94
6900	1.0	0.92	0.92	0.98	0.98	1.0	0.9	0.96	1.0	1.0	1.0	0.96	0.96	0.94	0.98	0.94
6950	1.0	0.92	0.94	0.98	0.98	1.0	0.9	0.96	1.0	1.0	1.0	0.98	0.96	0.92	0.98	0.94
7000	1.0	0.9	0.94	0.98	0.98	1.0	0.9	0.96	1.0	1.0	1.0	0.98	0.94	0.92	0.98	0.94
7050	1.0	0.9	0.94	0.98	0.98	1.0	0.92	0.96	1.0	1.0	1.0	0.98	0.94	0.94	0.96	0.96
7100	1.0	0.9	0.96	0.98	0.98	1.0	0.92	0.96	1.0	1.0	1.0	0.98	0.94	0.94	0.96	0.96
7150	1.0	0.9	0.96	0.98	0.98	1.0	0.94	0.96	1.0	1.0	1.0	0.98	0.94	0.96	0.96	0.96
7200	1.0	0.9	0.96	0.98	0.98	1.0	0.96	0.96	1.0	1.0	1.0	1.0	0.94	0.98	0.96	0.98
7250	1.0	0.92	0.96	0.96	0.98	1.0	0.98	0.96	1.0	1.0	1.0	1.0	0.94	0.98	0.96	1.0
7300	1.0	0.92	0.96	0.96	0.98	1.0	1.0	0.96	1.0	1.0	1.0	1.0	0.98	0.98	0.96	1.0
7350	1.0	0.94	0.96	0.96	0.98	1.0	1.0	0.98	1.0	1.0	1.0	1.0	0.98	0.98	0.96	1.0
7400	1.0	0.96	0.96	0.96	0.98	1.0	1.0	1.0	0.98	1.0	1.0	1.0	0.96	0.98	0.96	1.0
7450	1.0	0.96	0.98	0.96	0.98	1.0	1.0	1.0	0.98	1.0	1.0	1.0	0.96	0.98	0.96	0.98
7500	1.0	0.98	0.98	0.96	0.98	1.0	1.0	1.0	0.98	1.0	1.0	1.0	0.96	0.98	0.96	0.98
7550	1.0	0.98	0.98	0.98	0.98	1.0	1.0	1.0	0.98	1.0	1.0	1.0	0.96	0.98	0.96	0.98
7600	1.0	1.0	0.98	0.98	0.98	1.0	1.0	1.0	0.98	1.0	1.0	1.0	0.94	0.98	0.96	0.98
7650	1.0	0.98	0.98	0.98	0.98	1.0	1.0	1.0	0.98	1.0	1.0	1.0	0.96	0.98	0.96	0.98
7700	1.0	0.98	0.96	0.98	1.0	1.0	1.0	1.0	0.98	0.98	1.0	1.0	0.96	0.98	0.96	0.96
7750	1.0	0.98	0.96	0.98	1.0	1.0	1.0	1.0	0.96	0.98	1.0	1.0	0.94	0.98	0.98	0.94
7800	1.0	0.96	0.96	0.98	1.0	1.0	1.0	1.0	0.96	0.98	0.98	1.0	0.94	0.98	0.98	0.94
7850	1.0	0.94	0.96	0.98	1.0	1.0	1.0	1.0	0.96	0.98	0.98	1.0	0.94	1.0	0.96	0.94
7900	1.0	0.94	0.98	0.98	1.0	1.0	1.0	1.0	0.96	0.98	0.98	1.0	0.94	1.0	0.96	0.92
7950	1.0	0.94	0.98	0.98	1.0	1.0	1.0	1.0	0.94	0.98	0.98	1.0	0.94	0.98	0.96	0.9
8000	1.0	0.94	0.98	1.0	1.0	1.0	1.0	1.0	0.92	0.98	0.98	1.0	0.94	0.96	0.94	0.92
8050	1.0	0.92	0.98	1.0	1.0	1.0	1.0	1.0	0.94	0.98	0.98	1.0	0.94	0.96	0.94	0.9
8100	1.0	0.92	0.98	0.98	0.98	1.0	1.0	1.0	0.94	0.98	0.98	1.0	0.94	0.96	0.94	0.9
8150	1.0	0.92	0.98	0.98	0.98	1.0	1.0	0.98	0.94	0.98	0.98	1.0	0.92	0.96	0.94	0.9
8200	1.0	0.92	0.98	0.98	0.98	1.0	1.0	0.98	0.94	0.98	0.98	1.0	0.92	0.96	0.94	0.9
8250	1.0	0.92	0.98	0.98	0.98	1.0	1.0	0.98	0.94	0.98	0.98	1.0	0.92	0.96	0.94	0.9
8300	1.0	0.92	0.98	0.98	0.98	1.0	1.0	0.98	0.94	0.98	0.98	1.0	0.94	0.96	0.96	0.9
8350	1.0	0.92	0.98	0.98	0.98	1.0	1.0	0.98	0.94	0.98	0.98	0.98	0.96	0.96	0.98	0.9
8400	1.0	0.92	1.0	0.98	0.98	1.0	1.0	0.98	0.96	0.98	0.98	0.98	0.96	0.96	0.98	0.92
8450	1.0	0.92	1.0	0.98	0.98	1.0	1.0	0.98	0.96	0.98	0.98	0.98	0.96	0.96	0.98	0.94
8500	1.0	0.92	1.0	0.98	0.98	1.0	1.0	0.98	0.96	0.98	0.98	0.98	0.96	0.96	0.98	0.94
8550	1.0	0.94	1.0	0.98	0.98	1.0	1.0	0.96	0.96	1.0	0.98	0.98	0.96	0.96	1.0	0.92
8600	1.0	0.94	1.0	0.98	0.98	1.0	1.0	0.96	0.98	1.0	0.98	0.98	0.98	0.96	1.0	0.94
8650	0.98	0.94	1.0	0.98	0.98	1.0	1.0	0.96	1.0	1.0	0.96	0.98	0.98	0.98	1.0	0.96
8700	0.98	0.94	1.0	0.98	0.98	1.0	1.0	0.94	1.0	1.0	0.96	0.98	0.98	0.98	1.0	0.96
8750	0.98	0.96	0.98	0.98	1.0	1.0	1.0	0.94	1.0	1.0	0.96	0.98	0.98	0.98	1.0	0.98
8800	0.98	0.96	0.98	1.0	1.0	1.0	1.0	0.94	1.0	1.0	0.96	0.98	0.98	1.0	1.0	0.98
8850	0.98	0.96	0.98	1.0	1.0	1.0	1.0	0.94	1.0	1.0	0.96	0.98	1.0	0.98	1.0	0.98
8900	0.98	0.96	0.98	1.0	1.0	1.0	1.0	0.94	1.0	1.0	0.96	0.98	1.0	0.98	0.98	0.98
8950	0.98	0.96	0.98	1.0	1.0	1.0	1.0	0.94	1.0	1.0	0.96	0.98	1.0	0.98	0.98	0.98
9000	0.98	0.98	0.98	1.0	1.0	1.0	1.0	0.92	1.0	1.0	0.96	0.98	1.0	0.98	0.96	0.98
9050	0.98	0.98	0.98	1.0	1.0	1.0	1.0	0.92	1.0	1.0	0.96	0.98	1.0	0.98	0.96	0.98
9100	0.98	0.98	0.98	1.0	1.0	1.0	1.0	0.92	1.0	1.0	0.96	1.0	1.0	0.98	0.96	0.98
9150	0.98	0.98	0.98	1.0	1.0	1.0	1.0	0.92	1.0	1.0	0.96	1.0	1.0	0.98	0.96	0.98
9200	0.98	0.98	0.98	1.0	1.0	1.0	1.0	0.92	1.0	1.0	0.94	1.0	1.0	0.98	0.96	0.98
9250	0.98	0.98	0.98	1.0	1.0	1.0	1.0	0.92	1.0	1.0	0.94	1.0	1.0	0.98	0.96	0.98
9300	0.98	0.98	0.98	1.0	1.0	1.0	1.0	0.94	1.0	1.0	0.94	1.0	0.98	0.98	0.96	0.98
9350	0.98	0.98	0.98	1.0	0.98	1.0	1.0	0.94	1.0	1.0	0.94	0.98	0.98	0.98	0.96	1.0
9400	0.98	0.98	0.98	1.0	0.98	1.0	1.0	0.94	1.0	1.0	0.96	0.98	0.98	0.98	0.96	1.0
9450	1.0	0.98	0.98	1.0	0.98	1.0	1.0	0.96	1.0	1.0	0.96	0.98	0.98	0.98	0.96	1.0
9500	1.0	0.98	0.98	1.0	0.98	1.0	0.98	0.96	1.0	1.0	0.96	0.98	0.98	0.98	0.96	1.0
9550	1.0	1.0	0.98	1.0	0.98	1.0	0.98	0.94	1.0	1.0	0.98	0.98	0.98	0.98	0.96	1.0
9600	1.0	1.0	0.98	1.0	0.98	1.0	0.98	0.94	1.0	1.0	0.98	0.96	0.98	1.0	0.98	1.0
9650	1.0	0.98	0.98	1.0	0.98	1.0	0.98	0.96	1.0	1.0	0.98	0.94	0.96	1.0	0.98	1.0
9700	1.0	0.98	0.98	1.0	0.98	1.0	0.98	0.96	1.0	1.0	0.98	0.94	0.96	1.0	1.0	1.0
9750	1.0	0.98	0.98	1.0	0.98	1.0	0.98	0.96	0.98	1.0	0.98	0.94	0.96	1.0	1.0	1.0
9800	1.0	0.98	0.98	1.0	0.98	1.0	0.98	0.96	0.98	1.0	0.98	0.94	0.96	1.0	1.0	1.0
9850	1.0	0.98	0.98	1.0	0.98	1.0	0.98	0.98	0.98	1.0	0.98	0.94	0.96	1.0	1.0	1.0
9900	1.0	0.98	0.98	1.0	0.98	1.0	0.98	0.98	0.98	1.0	0.98	0.94	0.96	1.0	1.0	1.0
9950	1.0	0.98	0.98	1.0	0.98	1.0	0.96	0.98	0.96	1.0	0.98	0.94	0.96	0.98	1.0	1.0
10000	1.0	0.96	0.96	1.0	0.98	1.0	0.96	0.98	0.94	1.0	0.98	0.92	0.96	0.98	1.0	1.0
10050	1.0	0.96	0.96	0.98	0.98	1.0	0.96	0.98	0.94	1.0	1.0	0.92	0.94	0.96	1.0	1.0
10100	1.0	0.96	0.96	0.98	0.98	1.0	0.96	0.98	0.94	1.0	1.0	0.92	0.94	0.96	1.0	1.0
10150	1.0	0.96	0.96	0.98	1.0	1.0	0.96	0.98	0.94	1.0	1.0	0.92	0.94	0.96	1.0	1.0
10200	1.0	0.96	0.96	0.98	1.0	1.0	0.96	0.98	0.94	1.0	1.0	0.92	0.94	0.96	1.0	1.0
10250	0.96	0.96	0.98	0.98	1.0	1.0	0.96	0.98	0.94	1.0	1.0	0.92	0.92	0.96	1.0	1.0
10300	0.96	0.96	0.98	0.98	1.0	1.0	0.96	1.0	0.94	1.0	1.0	0.92	0.92	0.96	1.0	1.0
10350	0.94	0.96	0.98	0.98	1.0	1.0	0.96	0.98	0.94	1.0	0.98	0.92	0.94	0.96	1.0	1.0
10400	0.94	0.98	0.98	0.98	1.0	1.0	0.98	0.98	0.94	1.0	0.96	0.94	0.94	0.96	1.0	1.0
10450	0.94	0.98	0.98	0.98	1.0	1.0	0.98	0.98	0.92	1.0	0.96	0.96	0.94	0.96	1.0	1.0
10500	0.94	0.98	0.98	0.98	1.0	1.0	0.98	0.98	0.92	1.0	0.96	0.96	0.94	0.96	1.0	1.0
10550	0.94	0.98	0.98	0.98	1.0	1.0	0.98	0.98	0.94	1.0	0.96	0.96	0.94	0.96	1.0	1.0
10600	0.94	0.98	0.98	0.98	1.0	1.0	0.98	0.98	0.94	1.0	0.96	0.96	0.94	0.96	1.0	1.0
10650	0.94	0.98	0.98	0.98	1.0	1.0	0.98	0.98	0.94	0.98	0.96	0.96	0.92	0.96	1.0	1.0
10700	0.94	0.96	0.98	0.98	1.0	1.0	0.98	0.98	0.96	0.98	0.96	0.96	0.92	0.96	1.0	1.0
10750	0.94	0.96	0.98	0.98	1.0	1.0	0.98	0.98	0.96	0.98	0.96	0.96	0.94	0.98	1.0	1.0
10800	0.94	0.98	1.0	0.98	1.0	1.0	0.96	0.98	0.98	0.98	0.96	0.96	0.94	0.98	0.98	1.0
10850	0.94	0.98	1.0	0.98	1.0	1.0	0.98	0.96	0.98	0.98	0.96	0.96	0.94	0.98	0.98	0.98
10900	0.94	0.98	1.0	0.98	1.0	1.0	0.98	0.96	0.98	0.96	0.96	0.96	0.94	0.96	0.98	0.98
10950	0.94	0.98	1.0	1.0	1.0	1.0	0.98	0.96	0.98	0.96	0.98	0.96	0.92	0.98	0.98	0.98
11000	0.94	0.98	1.0	1.0	1.0	1.0	0.98	0.98	0.98	0.96	0.98	0.96	0.94	0.98	0.98	0.98
11050	0.94	0.98	1.0	1.0	1.0	1.0	0.98	0.98	0.98	0.96	0.98	0.96	0.94	0.98	0.98	0.98
11100	0.96	0.98	1.0	1.0	1.0	1.0	0.98	0.98	0.98	0.96	0.98	0.98	0.94	0.98	0.98	0.98
11150	0.96	0.98	1.0	1.0	1.0	1.0	0.98	0.98	0.98	0.96	0.96	0.98	0.94	0.98	0.98	0.98
11200	0.98	0.98	1.0	1.0	1.0	1.0	0.98	0.98	1.0	0.96	0.96	0.98	0.94	0.98	0.96	0.98
11250	0.98	0.98	1.0	1.0	1.0	1.0	0.98	0.98	1.0	0.96	0.96	0.98	0.94	0.98	0.96	0.98
11300	1.0	0.98	1.0	1.0	1.0	1.0	0.96	0.98	1.0	0.96	0.96	0.98	0.94	0.98	0.96	0.98
11350	1.0	0.98	1.0	1.0	1.0	1.0	0.94	0.98	1.0	0.96	0.96	0.98	0.94	0.96	0.96	0.98
11400	1.0	0.98	1.0	1.0	1.0	1.0	0.94	0.98	1.0	0.96	0.96	0.98	0.94	0.96	0.96	0.98
11450	1.0	0.96	1.0	1.0	1.0	1.0	0.94	0.98	1.0	0.96	0.96	0.98	0.94	0.96	0.96	0.98
11500	1.0	0.98	1.0	1.0	1.0	1.0	0.94	0.98	1.0	0.98	0.96	0.98	0.92	0.96	0.96	0.96
11550	0.98	0.98	1.0	1.0	1.0	1.0	0.96	0.98	1.0	0.96	0.96	0.96	0.92	0.96	0.96	0.96
11600	0.98	0.98	1.0	1.0	1.0	1.0	0.96	0.98	1.0	0.96	0.96	0.96	0.9	0.96	0.96	0.98
11650	0.98	0.98	1.0	1.0	1.0	1.0	0.96	0.98	1.0	0.96	0.96	0.96	0.92	0.98	0.96	0.98
11700	0.98	0.98	1.0	1.0	0.98	1.0	0.94	0.98	1.0	0.98	0.98	0.96	0.92	0.98	0.96	0.98
11750	0.98	0.98	1.0	0.98	0.98	1.0	0.94	0.98	1.0	0.98	0.98	0.98	0.92	0.98	0.96	0.98
11800	0.98	0.98	1.0	0.98	0.98	1.0	0.92	0.98	1.0	0.98	0.98	0.98	0.92	0.98	0.98	0.98
11850	0.98	0.98	1.0	0.98	0.98	1.0	0.92	0.98	1.0	0.98	1.0	0.98	0.92	0.98	0.98	0.98
11900	0.98	0.98	1.0	0.98	0.98	1.0	0.92	0.96	1.0	0.98	1.0	0.98	0.92	0.98	0.98	0.98
11950	0.98	0.98	1.0	0.98	0.98	1.0	0.9	0.96	1.0	0.98	1.0	0.98	0.92	0.98	0.98	0.98
12000	0.98	0.96	1.0	0.98	0.98	1.0	0.9	0.94	1.0	0.98	1.0	0.98	0.92	0.98	1.0	0.98
12050	0.98	0.96	1.0	0.98	0.98	1.0	0.9	0.94	1.0	0.98	1.0	0.98	0.92	0.98	1.0	0.98
12100	0.98	0.96	1.0	0.98	0.98	1.0	0.92	0.94	1.0	0.98	1.0	0.98	0.92	1.0	1.0	0.98
12150	0.98	0.96	1.0	0.98	0.98	1.0	0.92	0.94	1.0	0.98	1.0	0.98	0.9	1.0	1.0	1.0
12200	0.98	0.96	1.0	0.98	0.98	1.0	0.92	0.94	1.0	0.98	1.0	0.98	0.9	1.0	1.0	1.0
12250	0.98	0.98	1.0	0.98	0.98	1.0	0.92	0.94	1.0	0.98	1.0	0.98	0.92	1.0	1.0	1.0
12300	0.98	0.98	0.98	0.98	0.98	1.0	0.92	0.94	1.0	0.98	1.0	0.98	0.94	1.0	1.0	1.0
12350	0.98	0.98	0.96	0.98	0.98	1.0	0.9	0.94	1.0	0.96	1.0	0.98	0.94	0.98	1.0	1.0
12400	0.98	0.98	0.96	0.98	1.0	1.0	0.9	0.92	1.0	0.96	1.0	0.98	0.94	0.98	0.98	1.0
12450	1.0	0.98	0.96	0.98	1.0	1.0	0.9	0.92	1.0	0.96	1.0	0.98	0.96	0.98	0.98	1.0
12500	0.98	0.98	0.96	0.98	1.0	1.0	0.92	0.94	1.0	0.96	0.98	1.0	0.98	0.98	0.98	1.0
12550	0.98	0.96	0.96	0.98	1.0	1.0	0.94	0.94	1.0	0.96	0.98	1.0	0.98	0.98	0.96	1.0
12600	0.96	0.96	0.96	1.0	1.0	1.0	0.94	0.94	1.0	0.96	0.98	1.0	0.98	0.98	0.96	1.0
12650	0.96	0.96	0.96	1.0	1.0	1.0	0.94	0.94	1.0	0.96	0.98	1.0	0.98	0.98	0.96	1.0
12700	0.96	0.98	0.96	1.0	1.0	1.0	0.96	0.94	1.0	0.96	0.98	1.0	0.98	0.98	0.96	1.0
12750	0.96	0.98	0.96	1.0	1.0	1.0	0.96	0.94	1.0	0.96	0.98	1.0	0.98	0.98	0.96	1.0
12800	0.96	0.98	0.96	1.0	1.0	1.0	0.96	0.94	1.0	0.96	0.98	1.0	0.98	0.98	0.96	1.0
12850	0.96	0.98	0.96	1.0	1.0	1.0	0.98	0.94	1.0	0.96	0.98	1.0	0.98	0.96	0.96	1.0
12900	0.96	0.98	0.96	1.0	1.0	1.0	0.98	0.96	1.0	0.96	0.98	1.0	1.0	0.94	0.96	1.0
12950	0.96	0.98	0.96	1.0	1.0	1.0	0.98	0.96	1.0	0.96	0.98	1.0	1.0	0.94	0.94	1.0
13000	0.96	0.98	0.96	1.0	1.0	1.0	0.98	0.98	1.0	0.96	0.98	1.0	1.0	0.94	0.94	1.0
13050	0.96	0.98	0.98	1.0	1.0	1.0	0.98	0.98	1.0	0.96	0.98	1.0	1.0	0.94	0.94	1.0
13100	0.96	0.98	1.0	1.0	1.0	1.0	0.96	0.98	1.0	0.96	1.0	0.98	1.0	0.94	0.94	1.0
13150	0.96	1.0	1.0	1.0	1.0	1.0	0.96	0.98	1.0	0.96	1.0	0.98	1.0	0.96	0.94	1.0
13200	0.96	1.0	1.0	1.0	1.0	1.0	0.94	0.98	1.0	0.98	1.0	0.98	1.0	0.96	0.94	1.0
13250	0.96	1.0	1.0	1.0	1.0	1.0	0.94	0.98	1.0	0.98	1.0	0.98	1.0	0.96	0.96	1.0
13300	0.98	1.0	1.0	1.0	1.0	1.0	0.94	0.98	1.0	1.0	1.0	0.98	1.0	0.96	0.96	1.0
13350	0.98	1.0	1.0	1.0	1.0	1.0	0.94	0.98	1.0	1.0	1.0	0.98	1.0	0.96	0.96	1.0
13400	1.0	1.0	1.0	1.0	1.0	1.0	0.94	0.98	1.0	1.0	1.0	0.98	1.0	0.98	0.98	1.0
13450	1.0	1.0	1.0	1.0	1.0	1.0	0.94	1.0	1.0	1.0	1.0	0.98	1.0	1.0	0.98	1.0
13500	1.0	0.98	1.0	0.98	1.0	1.0	0.94	1.0	1.0	1.0	1.0	0.98	1.0	1.0	0.98	1.0
13550	1.0	0.98	1.0	0.98	1.0	1.0	0.94	1.0	1.0	1.0	1.0	0.96	1.0	1.0	0.98	0.98
13600	1.0	0.98	1.0	0.98	1.0	1.0	0.94	1.0	1.0	1.0	1.0	0.98	1.0	1.0	0.98	0.98
13650	0.98	0.98	1.0	0.98	1.0	1.0	0.96	1.0	1.0	1.0	1.0	0.98	1.0	1.0	0.98	0.98
13700	0.98	0.98	1.0	0.98	1.0	1.0	0.96	1.0	1.0	1.0	1.0	0.98	1.0	0.98	0.96	0.98
13750	0.98	0.98	1.0	0.98	1.0	1.0	0.96	1.0	1.0	1.0	1.0	0.98	1.0	0.98	0.96	0.98
13800	0.98	0.98	1.0	0.98	1.0	1.0	0.96	1.0	1.0	1.0	0.98	0.98	1.0	0.98	0.96	0.98
13850	0.98	0.98	1.0	0.98	1.0	0.98	0.98	1.0	1.0	1.0	0.98	0.98	1.0	0.98	0.98	0.98
13900	0.98	0.98	1.0	0.98	1.0	0.98	1.0	1.0	1.0	1.0	0.98	0.98	1.0	0.98	0.96	0.98
13950	0.98	0.98	1.0	0.98	1.0	0.98	1.0	1.0	1.0	1.0	0.98	0.98	1.0	0.98	0.96	0.98
14000	0.98	0.98	1.0	0.98	1.0	0.98	1.0	1.0	1.0	1.0	0.98	0.98	1.0	0.98	0.96	0.98
14050	0.98	0.98	1.0	0.98	1.0	0.98	1.0	1.0	1.0	1.0	0.98	0.98	1.0	0.98	0.96	0.98
14100	0.98	0.98	1.0	0.98	1.0	0.98	1.0	1.0	1.0	1.0	0.98	0.98	1.0	0.98	0.96	0.98
14150	0.98	0.98	1.0	0.98	1.0	0.98	1.0	1.0	1.0	1.0	0.96	0.98	1.0	0.98	0.96	0.98
14200	0.98	0.98	1.0	0.98	1.0	0.98	0.98	1.0	1.0	1.0	0.96	0.98	1.0	0.98	0.94	0.98
14250	1.0	0.98	1.0	0.98	1.0	0.98	0.98	1.0	1.0	1.0	0.96	0.98	0.98	0.98	0.92	0.98
14300	1.0	0.96	1.0	0.98	1.0	0.98	0.96	1.0	1.0	1.0	0.94	0.98	0.98	0.98	0.92	0.98
14350	1.0	0.96	1.0	0.98	1.0	0.98	0.96	1.0	1.0	1.0	0.94	1.0	0.98	0.98	0.92	0.98
14400	0.98	0.96	1.0	0.98	1.0	0.98	0.96	1.0	1.0	1.0	0.9	0.98	0.98	0.98	0.92	1.0
14450	0.98	0.96	1.0	0.98	1.0	0.98	0.96	1.0	1.0	1.0	0.9	0.98	0.98	0.98	0.92	1.0
14500	0.98	0.98	1.0	0.98	1.0	0.98	0.96	1.0	1.0	1.0	0.88	0.98	0.98	0.98	0.92	1.0
14550	0.98	0.98	1.0	0.98	1.0	0.98	0.96	1.0	1.0	1.0	0.88	0.98	0.98	0.98	0.92	1.0
14600	0.94	0.98	1.0	0.98	1.0	0.98	0.96	1.0	1.0	1.0	0.88	0.98	0.98	0.98	0.94	1.0
14650	0.94	0.98	1.0	0.98	1.0	0.98	0.96	0.98	1.0	0.98	0.88	0.98	0.98	0.98	0.94	1.0
14700	0.94	0.98	1.0	0.98	1.0	0.98	0.96	0.98	1.0	0.98	0.88	0.98	0.98	0.96	0.94	1.0
14750	0.94	0.96	1.0	0.98	1.0	1.0	0.96	0.98	1.0	0.98	0.86	0.96	0.98	0.94	0.94	1.0
14800	0.94	0.96	1.0	0.98	1.0	1.0	0.96	0.98	1.0	0.98	0.86	0.96	0.98	0.92	0.94	1.0
14850	0.94	0.96	1.0	0.98	1.0	1.0	0.96	0.98	1.0	0.98	0.86	0.96	0.98	0.92	0.94	1.0
14900	0.94	0.96	1.0	0.98	1.0	1.0	0.96	0.98	1.0	0.98	0.86	0.96	0.98	0.92	0.94	1.0
14950	0.94	0.98	1.0	0.98	1.0	1.0	0.96	0.98	1.0	0.98	0.86	0.96	0.98	0.92	0.96	1.0
15000	0.94	0.98	1.0	0.98	1.0	1.0	0.96	0.98	0.98	0.98	0.84	0.96	0.96	0.92	0.98	1.0
15050	0.94	0.98	1.0	0.98	1.0	1.0	0.96	0.98	0.98	0.98	0.84	0.96	0.96	0.92	0.98	1.0
15100	0.94	0.98	1.0	0.98	1.0	1.0	0.98	0.98	0.98	0.98	0.86	0.96	0.96	0.92	0.98	1.0
15150	0.94	0.98	1.0	0.98	1.0	1.0	0.98	0.98	0.98	0.98	0.86	0.96	0.96	0.92	0.98	1.0
15200	0.96	0.98	1.0	0.98	1.0	1.0	1.0	0.98	0.98	0.98	0.86	0.98	0.96	0.92	0.98	1.0
15250	0.96	0.98	1.0	0.98	1.0	1.0	1.0	0.98	0.98	0.98	0.92	0.98	0.96	0.92	0.98	1.0
15300	0.96	1.0	1.0	1.0	1.0	1.0	1.0	0.98	0.98	0.98	0.92	0.98	0.96	0.92	0.98	1.0
15350	0.96	1.0	1.0	1.0	0.98	1.0	0.98	0.98	0.98	1.0	0.92	0.98	0.96	0.92	0.98	1.0
15400	0.96	1.0	1.0	1.0	0.98	1.0	0.96	1.0	0.98	1.0	0.94	0.98	0.96	0.94	0.98	1.0
15450	0.96	1.0	1.0	1.0	0.98	1.0	0.96	1.0	0.98	1.0	0.94	0.98	0.96	0.92	0.98	1.0
15500	1.0	1.0	1.0	1.0	0.98	1.0	0.96	1.0	0.98	1.0	0.94	0.98	0.98	0.92	0.98	1.0
15550	1.0	1.0	1.0	1.0	0.98	1.0	0.94	1.0	0.98	1.0	0.96	0.98	0.98	0.94	0.98	1.0
15600	0.98	1.0	1.0	1.0	0.98	1.0	0.94	1.0	0.98	1.0	0.98	1.0	0.98	0.94	0.98	1.0
15650	0.96	1.0	1.0	0.98	0.98	1.0	0.94	1.0	0.98	1.0	0.98	1.0	0.98	0.96	0.98	1.0
15700	0.96	1.0	1.0	0.98	0.98	1.0	0.94	0.98	0.98	1.0	0.98	1.0	0.98	0.96	0.98	1.0
15750	0.96	1.0	1.0	0.98	0.98	1.0	0.94	0.98	1.0	1.0	0.98	0.98	1.0	0.96	1.0	1.0
15800	0.96	1.0	1.0	0.98	0.98	1.0	0.94	0.98	1.0	1.0	0.98	0.98	1.0	0.96	1.0	1.0
15850	0.96	1.0	1.0	0.98	0.98	1.0	0.92	0.98	1.0	1.0	0.96	0.98	1.0	0.96	1.0	1.0
15900	0.96	1.0	1.0	0.98	0.98	1.0	0.92	0.96	1.0	1.0	0.96	0.98	1.0	0.96	1.0	1.0
15950	0.96	1.0	1.0	0.98	0.98	1.0	0.92	0.96	1.0	1.0	0.96	0.98	1.0	0.96	0.98	1.0
16000	0.96	0.98	1.0	0.98	0.98	1.0	0.92	0.96	1.0	1.0	0.96	0.98	1.0	0.96	0.98	1.0
16050	0.96	0.98	1.0	0.98	1.0	1.0	0.92	0.96	1.0	1.0	0.96	0.98	1.0	0.96	0.98	1.0
16100	0.96	0.98	1.0	0.98	1.0	1.0	0.92	0.96	1.0	1.0	0.96	0.98	1.0	0.96	0.98	1.0
16150	0.96	0.98	1.0	0.96	1.0	1.0	0.92	0.96	1.0	1.0	0.96	0.98	1.0	0.96	0.98	1.0
16200	0.96	0.98	1.0	0.98	1.0	1.0	0.92	0.96	1.0	1.0	0.96	0.98	1.0	0.96	0.98	1.0
16250	0.96	0.96	1.0	0.98	1.0	0.98	0.92	0.96	1.0	1.0	0.96	0.98	1.0	1.0	0.98	1.0
16300	0.96	0.96	1.0	0.98	1.0	0.98	0.92	0.96	1.0	1.0	0.96	0.98	1.0	1.0	0.98	1.0
16350	0.96	0.96	0.98	0.98	1.0	0.98	0.94	0.96	1.0	1.0	0.96	0.98	1.0	1.0	0.98	0.98
16400	0.98	0.96	0.98	0.98	1.0	0.98	0.94	0.96	1.0	1.0	0.96	0.98	1.0	1.0	0.98	0.96
16450	1.0	0.96	0.98	0.98	1.0	0.98	0.96	0.96	1.0	1.0	0.96	1.0	1.0	1.0	0.98	0.96
16500	1.0	0.96	0.98	0.98	1.0	0.98	0.96	0.96	1.0	1.0	0.96	0.98	1.0	1.0	0.98	0.96
16550	1.0	0.96	0.98	0.98	1.0	0.98	0.96	0.96	1.0	1.0	0.96	0.98	1.0	1.0	0.98	0.96
16600	1.0	0.96	0.96	0.98	1.0	0.98	0.98	0.98	1.0	1.0	0.96	0.98	1.0	1.0	0.98	0.96
16650	0.98	0.96	0.96	0.98	1.0	0.98	0.98	0.98	1.0	1.0	0.96	0.98	1.0	1.0	1.0	0.96
16700	0.98	0.96	0.96	0.98	1.0	0.98	0.98	0.98	1.0	1.0	0.94	0.98	1.0	1.0	1.0	0.96
16750	0.98	0.96	0.96	0.98	1.0	0.98	0.98	1.0	1.0	1.0	0.94	0.98	1.0	1.0	1.0	0.96
16800	0.98	0.98	0.96	0.98	1.0	0.98	0.98	1.0	1.0	1.0	0.94	0.98	1.0	1.0	1.0	0.96
16850	0.98	0.98	0.96	0.98	1.0	0.98	0.98	1.0	0.96	1.0	0.96	0.98	1.0	1.0	1.0	0.96
16900	0.98	0.98	0.96	0.98	1.0	0.98	1.0	1.0	0.96	1.0	0.96	0.98	1.0	1.0	1.0	0.96
16950	0.98	0.98	0.96	0.98	1.0	0.98	1.0	1.0	0.96	1.0	0.96	0.96	1.0	1.0	1.0	0.96
17000	0.98	0.98	0.96	1.0	1.0	1.0	1.0	1.0	0.96	1.0	0.96	0.96	1.0	1.0	1.0	0.96
17050	0.98	0.98	0.96	1.0	1.0	1.0	1.0	1.0	0.96	1.0	0.96	0.96	1.0	1.0	1.0	0.96
17100	0.98	1.0	0.98	1.0	1.0	1.0	1.0	1.0	0.96	1.0	0.94	0.96	1.0	1.0	1.0	0.96
17150	0.98	1.0	0.98	1.0	1.0	1.0	1.0	1.0	0.96	1.0	0.94	0.96	1.0	1.0	1.0	0.96
17200	0.98	0.98	0.98	1.0	1.0	1.0	1.0	1.0	0.96	1.0	0.94	0.96	1.0	1.0	1.0	0.98
17250	0.98	0.98	0.98	1.0	1.0	1.0	1.0	1.0	0.96	1.0	0.94	0.96	1.0	1.0	1.0	1.0
17300	0.98	0.98	1.0	1.0	1.0	1.0	1.0	0.98	0.96	1.0	0.96	0.96	1.0	1.0	1.0	1.0
17350	0.98	0.98	1.0	1.0	1.0	1.0	1.0	0.98	0.96	1.0	0.96	0.96	1.0	1.0	1.0	1.0
17400	0.98	0.98	1.0	1.0	1.0	1.0	1.0	0.98	0.96	1.0	0.96	0.96	1.0	1.0	1.0	1.0
17450	0.98	0.98	0.98	1.0	1.0	1.0	0.98	0.98	0.96	1.0	0.96	0.98	1.0	1.0	1.0	1.0
17500	1.0	0.98	0.98	1.0	1.0	1.0	0.98	0.98	0.96	1.0	0.96	0.98	1.0	1.0	1.0	1.0
17550	1.0	0.96	0.98	0.98	1.0	1.0	0.98	0.98	0.96	0.98	0.96	0.98	1.0	0.98	1.0	1.0
17600	1.0	0.96	0.98	0.98	1.0	1.0	0.98	0.98	1.0	0.98	0.96	0.98	1.0	0.98	1.0	1.0
17650	1.0	0.96	0.98	0.98	1.0	1.0	0.98	0.98	1.0	0.98	0.96	0.98	1.0	0.98	1.0	1.0
17700	1.0	0.94	0.98	0.98	1.0	1.0	0.98	0.98	1.0	0.98	0.96	0.98	1.0	0.98	1.0	0.98
17750	1.0	0.94	0.98	0.98	1.0	1.0	0.98	0.98	1.0	0.98	0.96	0.98	1.0	0.98	1.0	0.98
17800	1.0	0.94	0.98	0.98	1.0	1.0	0.98	0.98	1.0	0.98	0.96	0.98	1.0	0.98	1.0	0.98
17850	1.0	0.94	0.98	0.98	1.0	1.0	0.98	0.98	1.0	0.98	0.96	0.98	0.98	0.98	1.0	0.98
17900	1.0	0.94	0.98	0.98	1.0	1.0	0.98	0.96	1.0	0.98	0.96	0.98	0.98	0.98	1.0	0.98
17950	1.0	0.96	0.96	0.98	1.0	1.0	0.98	0.96	1.0	0.98	0.96	0.98	0.98	0.98	0.98	0.98
18000	1.0	0.96	0.96	0.98	1.0	1.0	0.98	0.98	1.0	0.98	0.96	1.0	0.98	0.98	0.98	0.98
18050	1.0	0.96	0.98	0.98	1.0	1.0	0.96	0.98	1.0	0.98	0.96	1.0	0.98	0.98	0.98	0.98
18100	1.0	0.96	0.98	0.98	1.0	1.0	0.94	0.98	1.0	0.98	0.96	1.0	0.98	0.98	0.98	0.98
18150	1.0	0.96	0.98	0.98	1.0	1.0	0.94	0.98	1.0	0.98	0.96	1.0	0.98	0.98	0.98	0.98
18200	1.0	0.96	0.98	0.98	1.0	1.0	0.94	0.98	1.0	0.98	0.98	0.98	0.98	0.98	0.98	0.98
18250	1.0	0.96	0.98	0.98	1.0	1.0	0.94	0.98	1.0	0.98	0.98	0.98	0.98	0.98	0.98	0.98
18300	1.0	0.96	0.98	0.98	1.0	1.0	0.94	0.98	1.0	0.98	0.94	0.98	0.98	1.0	0.98	0.98
18350	1.0	0.96	0.98	0.98	1.0	1.0	0.96	0.98	0.98	1.0	0.92	0.98	0.98	1.0	0.98	0.98
18400	1.0	0.96	0.98	0.98	1.0	1.0	0.96	0.98	0.98	1.0	0.92	0.98	0.98	1.0	0.98	0.96
18450	1.0	0.96	0.98	0.98	1.0	1.0	0.96	0.98	0.98	1.0	0.94	0.98	0.98	1.0	0.98	0.96
18500	1.0	0.96	0.98	1.0	1.0	1.0	0.96	0.98	0.98	1.0	0.94	0.98	0.98	1.0	0.98	0.96
18550	1.0	0.98	0.98	1.0	1.0	1.0	0.96	0.98	0.98	1.0	0.94	0.98	1.0	1.0	0.98	0.98
18600	1.0	0.98	0.98	1.0	1.0	1.0	0.96	1.0	0.98	1.0	0.94	0.98	1.0	1.0	0.98	0.98
18650	1.0	1.0	0.98	1.0	1.0	1.0	0.96	1.0	0.98	1.0	0.94	0.98	1.0	0.98	0.98	0.98
18700	1.0	0.98	0.98	1.0	1.0	1.0	0.96	1.0	0.98	1.0	0.94	0.98	1.0	0.98	0.98	0.98
18750	1.0	0.98	0.98	1.0	1.0	1.0	0.96	1.0	0.98	1.0	0.94	0.98	1.0	0.98	0.98	0.98
18800	1.0	0.98	0.98	1.0	1.0	1.0	0.94	1.0	0.98	1.0	0.94	0.98	1.0	0.98	1.0	0.96
18850	1.0	0.98	1.0	1.0	1.0	1.0	0.94	1.0	0.98	1.0	0.94	0.98	1.0	0.98	1.0	0.96
18900	1.0	0.98	1.0	1.0	1.0	1.0	0.98	1.0	0.96	1.0	0.94	0.98	1.0	0.96	1.0	0.96
18950	1.0	0.98	1.0	0.98	1.0	1.0	0.98	1.0	0.96	1.0	0.94	0.96	1.0	0.96	1.0	0.96
19000	1.0	0.98	1.0	0.98	1.0	1.0	0.98	1.0	0.96	1.0	0.94	0.96	1.0	0.96	1.0	0.96
19050	1.0	0.98	1.0	0.98	1.0	1.0	0.98	1.0	0.94	1.0	0.92	0.98	1.0	0.96	1.0	0.96
19100	1.0	0.98	1.0	0.98	1.0	1.0	0.98	1.0	0.96	1.0	0.94	0.98	1.0	0.96	1.0	0.96
19150	1.0	0.98	1.0	0.98	1.0	1.0	0.98	1.0	0.96	0.98	0.96	0.98	1.0	0.96	0.98	0.96
19200	1.0	0.98	1.0	0.98	1.0	1.0	0.98	1.0	0.96	0.98	0.98	0.96	1.0	0.96	0.98	0.96
19250	1.0	0.98	1.0	0.98	1.0	1.0	0.98	1.0	0.96	0.98	0.98	0.96	1.0	0.96	0.98	0.98
19300	1.0	0.98	1.0	0.98	1.0	1.0	0.96	1.0	0.96	0.98	0.98	0.96	1.0	0.96	0.98	0.96
19350	1.0	0.98	1.0	0.98	1.0	1.0	0.96	1.0	0.96	0.98	0.98	0.96	1.0	0.96	0.98	0.96
19400	1.0	0.98	1.0	0.98	1.0	1.0	0.96	1.0	0.96	0.98	0.98	0.96	1.0	0.96	0.98	0.96
19450	1.0	0.98	0.98	0.98	1.0	1.0	0.94	1.0	0.96	0.98	0.98	0.96	1.0	0.98	0.98	0.96
19500	1.0	1.0	0.98	0.98	1.0	1.0	0.94	1.0	0.96	0.98	0.98	0.96	1.0	0.98	0.98	0.96
19550	1.0	1.0	0.98	0.98	1.0	1.0	0.96	1.0	0.96	0.98	0.98	0.96	1.0	0.98	0.98	0.96
19600	1.0	1.0	0.98	0.98	1.0	1.0	0.96	1.0	0.96	0.98	0.98	0.96	1.0	0.96	0.98	0.96
19650	1.0	1.0	0.98	0.98	1.0	1.0	0.96	1.0	0.96	0.98	0.96	0.96	1.0	0.98	0.98	0.96
19700	1.0	1.0	0.98	0.98	1.0	1.0	0.96	1.0	0.96	0.98	0.96	0.96	1.0	0.98	0.98	0.98
19750	1.0	1.0	0.98	1.0	0.98	1.0	0.96	1.0	0.96	0.98	0.96	0.98	1.0	0.98	0.98	0.98
19800	1.0	0.98	0.98	1.0	0.98	1.0	0.96	1.0	0.96	0.98	0.96	0.98	1.0	0.98	0.98	0.98
19850	1.0	0.98	0.98	1.0	0.98	1.0	0.96	1.0	0.96	0.98	0.98	0.98	1.0	0.98	0.96	0.98
19900	1.0	0.98	0.98	0.98	0.98	1.0	0.96	1.0	0.98	0.98	0.98	0.98	1.0	0.98	0.96	0.98
19950	1.0	0.98	0.98	0.98	0.98	1.0	0.96	1.0	1.0	0.98	0.98	0.98	1.0	0.98	0.96	0.96
20000	1.0	0.98	0.98	0.98	0.98	0.98	0.96	1.0	1.0	0.98	0.98	0.98	1.0	0.98	0.98	0.98
