0	0.0	0.0	0.0	0.0	0.0	0.0	0.0	0.0	0.0	0.0	0.0	0.0	0.0	0.0	0.0	0.0
50	0.0	0.0	0.0	0.0	0.0	0.0	0.0	0.0	0.0	0.0	0.0	0.0	0.0	0.0	0.0	0.0
100	0.0	0.0	0.0	0.0	0.0	0.0	0.0	0.0	0.0	0.0	0.0	0.0	0.0625	0.1	0.0	0.0
150	0.0	0.0454545454545	0.0	0.0	0.0	0.0909090909091	0.111111111111	0.0666666666667	0.0	0.0	0.0	0.047619047619	0.0416666666667	0.0588235294118	0.0	0.0833333333333
200	0.117647058824	0.0625	0.1	0.04	0.0	0.0666666666667	0.0740740740741	0.0555555555556	0.0	0.0	0.0	0.0454545454545	0.0588235294118	0.1	0.0	0.0666666666667
250	0.0909090909091	0.102564102564	0.0869565217391	0.0606060606061	0.0294117647059	0.115384615385	0.1	0.0833333333333	0.0	0.0	0.0	0.0357142857143	0.0487804878049	0.0833333333333	0.0588235294118	0.105263157895
300	0.0689655172414	0.0851063829787	0.148148148148	0.0789473684211	0.0526315789474	0.117647058824	0.102564102564	0.0740740740741	0.0	0.0	0.0	0.0294117647059	0.0666666666667	0.0606060606061	0.125	0.0869565217391
350	0.0789473684211	0.1	0.125	0.0652173913043	0.046511627907	0.0975609756098	0.0952380952381	0.0645161290323	0.0	0.0	0.0	0.025	0.08	0.05	0.127659574468	0.08
400	0.0652173913043	0.1	0.184210526316	0.0625	0.08	0.0851063829787	0.0851063829787	0.0555555555556	0.0	0.0	0.0	0.0222222222222	0.1	0.046511627907	0.16	0.08
450	0.1	0.14	0.170731707317	0.06	0.14	0.14	0.08	0.0526315789474	0.0	0.04	0.06	0.04	0.12	0.08	0.16	0.12
500	0.16	0.14	0.166666666667	0.08	0.2	0.16	0.12	0.108695652174	0.02	0.1	0.1	0.08	0.16	0.1	0.18	0.1
550	0.14	0.2	0.163265306122	0.1	0.24	0.16	0.14	0.12	0.04	0.14	0.12	0.12	0.22	0.16	0.24	0.1
600	0.18	0.2	0.18	0.1	0.22	0.18	0.18	0.14	0.06	0.2	0.12	0.12	0.24	0.2	0.14	0.1
650	0.2	0.22	0.22	0.12	0.24	0.2	0.2	0.12	0.08	0.26	0.14	0.14	0.24	0.24	0.12	0.1
700	0.22	0.22	0.28	0.1	0.24	0.2	0.2	0.14	0.12	0.26	0.18	0.14	0.28	0.26	0.1	0.1
750	0.24	0.28	0.36	0.12	0.2	0.18	0.24	0.14	0.16	0.26	0.22	0.2	0.32	0.28	0.12	0.14
800	0.24	0.28	0.4	0.18	0.26	0.22	0.26	0.18	0.2	0.26	0.22	0.2	0.34	0.28	0.12	0.18
850	0.3	0.3	0.42	0.22	0.26	0.26	0.26	0.2	0.22	0.28	0.22	0.18	0.34	0.26	0.12	0.16
900	0.24	0.34	0.46	0.26	0.26	0.26	0.26	0.22	0.24	0.28	0.2	0.2	0.36	0.2	0.14	0.22
950	0.26	0.3	0.5	0.24	0.22	0.28	0.26	0.2	0.24	0.24	0.24	0.22	0.34	0.16	0.14	0.26
1000	0.24	0.32	0.46	0.24	0.26	0.28	0.22	0.26	0.24	0.26	0.3	0.26	0.32	0.16	0.16	0.3
1050	0.24	0.32	0.42	0.26	0.26	0.28	0.22	0.32	0.26	0.2	0.32	0.34	0.36	0.16	0.26	0.3
1100	0.22	0.32	0.34	0.32	0.34	0.36	0.2	0.34	0.24	0.2	0.32	0.32	0.34	0.18	0.26	0.32
1150	0.22	0.28	0.32	0.3	0.34	0.42	0.24	0.32	0.24	0.16	0.38	0.28	0.26	0.22	0.28	0.32
1200	0.26	0.28	0.3	0.28	0.3	0.38	0.24	0.34	0.24	0.22	0.4	0.32	0.24	0.2	0.28	0.36
1250	0.26	0.28	0.36	0.3	0.32	0.4	0.22	0.4	0.2	0.22	0.42	0.34	0.22	0.24	0.28	0.4
1300	0.3	0.32	0.32	0.3	0.34	0.4	0.26	0.4	0.2	0.26	0.38	0.3	0.22	0.34	0.3	0.42
1350	0.32	0.34	0.34	0.32	0.38	0.42	0.26	0.36	0.2	0.28	0.36	0.28	0.26	0.38	0.38	0.38
1400	0.34	0.3	0.44	0.36	0.42	0.42	0.24	0.36	0.22	0.3	0.38	0.28	0.24	0.36	0.3	0.4
1450	0.4	0.3	0.44	0.36	0.46	0.44	0.22	0.38	0.26	0.34	0.46	0.28	0.28	0.36	0.34	0.42
1500	0.42	0.28	0.44	0.34	0.44	0.4	0.3	0.36	0.24	0.36	0.46	0.3	0.34	0.36	0.36	0.42
1550	0.42	0.26	0.5	0.36	0.44	0.42	0.3	0.36	0.26	0.38	0.46	0.4	0.42	0.4	0.4	0.4
1600	0.44	0.28	0.5	0.38	0.54	0.46	0.3	0.34	0.3	0.38	0.46	0.44	0.46	0.42	0.4	0.38
1650	0.34	0.28	0.52	0.36	0.48	0.52	0.3	0.3	0.28	0.36	0.52	0.48	0.5	0.46	0.4	0.4
1700	0.38	0.3	0.52	0.4	0.42	0.56	0.3	0.3	0.34	0.42	0.56	0.48	0.52	0.48	0.44	0.4
1750	0.4	0.28	0.54	0.4	0.44	0.54	0.3	0.34	0.38	0.42	0.56	0.48	0.6	0.46	0.4	0.38
1800	0.38	0.3	0.54	0.42	0.44	0.5	0.38	0.36	0.44	0.46	0.46	0.5	0.62	0.46	0.4	0.44
1850	0.44	0.32	0.52	0.42	0.42	0.52	0.34	0.32	0.46	0.44	0.48	0.52	0.64	0.48	0.38	0.44
1900	0.5	0.32	0.5	0.42	0.44	0.58	0.36	0.3	0.48	0.4	0.48	0.46	0.58	0.46	0.38	0.44
1950	0.46	0.32	0.52	0.4	0.44	0.5	0.32	0.32	0.46	0.44	0.48	0.48	0.54	0.48	0.4	0.4
2000	0.54	0.32	0.48	0.4	0.44	0.52	0.32	0.34	0.46	0.46	0.48	0.48	0.52	0.42	0.32	0.4
2050	0.54	0.34	0.48	0.38	0.4	0.56	0.28	0.36	0.46	0.44	0.44	0.48	0.52	0.36	0.3	0.42
2100	0.54	0.38	0.52	0.38	0.38	0.62	0.3	0.42	0.46	0.44	0.4	0.5	0.5	0.32	0.32	0.44
2150	0.5	0.32	0.54	0.34	0.36	0.62	0.26	0.36	0.46	0.44	0.36	0.56	0.46	0.28	0.3	0.42
2200	0.48	0.32	0.54	0.32	0.3	0.58	0.28	0.34	0.42	0.4	0.42	0.56	0.44	0.26	0.28	0.34
2250	0.38	0.3	0.5	0.28	0.3	0.56	0.26	0.3	0.38	0.42	0.44	0.48	0.4	0.26	0.28	0.36
2300	0.36	0.32	0.48	0.24	0.3	0.52	0.26	0.38	0.38	0.42	0.4	0.46	0.38	0.28	0.26	0.42
2350	0.4	0.36	0.52	0.22	0.36	0.52	0.24	0.38	0.4	0.4	0.4	0.44	0.38	0.26	0.26	0.5
2400	0.34	0.36	0.52	0.2	0.34	0.46	0.28	0.44	0.38	0.42	0.36	0.44	0.42	0.24	0.24	0.52
2450	0.32	0.38	0.5	0.2	0.32	0.42	0.26	0.42	0.4	0.42	0.44	0.42	0.44	0.28	0.26	0.52
2500	0.3	0.3	0.54	0.26	0.28	0.36	0.28	0.42	0.38	0.48	0.36	0.4	0.42	0.3	0.28	0.52
2550	0.28	0.3	0.44	0.26	0.3	0.28	0.26	0.48	0.36	0.46	0.36	0.42	0.36	0.3	0.2	0.48
2600	0.22	0.36	0.4	0.36	0.32	0.28	0.3	0.48	0.32	0.42	0.3	0.4	0.42	0.34	0.26	0.42
2650	0.22	0.38	0.42	0.34	0.3	0.28	0.26	0.52	0.34	0.42	0.28	0.44	0.38	0.34	0.3	0.38
2700	0.24	0.38	0.42	0.38	0.28	0.32	0.26	0.54	0.32	0.44	0.24	0.44	0.38	0.36	0.34	0.4
2750	0.26	0.32	0.48	0.36	0.3	0.36	0.3	0.54	0.28	0.44	0.28	0.44	0.36	0.38	0.36	0.42
2800	0.3	0.36	0.5	0.36	0.3	0.36	0.28	0.5	0.24	0.42	0.28	0.46	0.38	0.38	0.38	0.4
2850	0.34	0.4	0.56	0.38	0.32	0.36	0.3	0.5	0.3	0.42	0.36	0.48	0.38	0.4	0.36	0.42
2900	0.34	0.48	0.56	0.4	0.34	0.4	0.32	0.5	0.32	0.42	0.36	0.48	0.48	0.46	0.4	0.42
2950	0.4	0.5	0.56	0.42	0.4	0.42	0.36	0.48	0.3	0.38	0.36	0.48	0.52	0.48	0.4	0.42
3000	0.5	0.5	0.58	0.4	0.42	0.48	0.38	0.5	0.32	0.42	0.42	0.48	0.44	0.48	0.4	0.48
3050	0.5	0.52	0.66	0.42	0.5	0.46	0.36	0.46	0.3	0.42	0.38	0.42	0.46	0.44	0.42	0.48
3100	0.54	0.52	0.62	0.44	0.54	0.42	0.32	0.4	0.26	0.46	0.4	0.42	0.46	0.46	0.42	0.46
3150	0.52	0.5	0.6	0.46	0.52	0.42	0.3	0.38	0.24	0.42	0.42	0.4	0.48	0.44	0.42	0.46
3200	0.44	0.48	0.54	0.42	0.48	0.46	0.32	0.4	0.26	0.4	0.4	0.42	0.54	0.38	0.4	0.46
3250	0.46	0.4	0.56	0.4	0.48	0.42	0.3	0.36	0.2	0.46	0.38	0.42	0.52	0.36	0.38	0.42
3300	0.46	0.38	0.54	0.38	0.44	0.42	0.3	0.34	0.22	0.42	0.4	0.4	0.5	0.36	0.4	0.36
3350	0.54	0.4	0.52	0.34	0.42	0.4	0.26	0.38	0.18	0.36	0.38	0.42	0.5	0.36	0.38	0.36
3400	0.52	0.36	0.46	0.32	0.38	0.5	0.24	0.32	0.24	0.3	0.36	0.46	0.5	0.42	0.34	0.36
3450	0.54	0.4	0.46	0.32	0.36	0.54	0.28	0.3	0.26	0.32	0.36	0.52	0.5	0.46	0.34	0.32
3500	0.5	0.4	0.48	0.36	0.4	0.58	0.3	0.32	0.26	0.34	0.42	0.52	0.5	0.48	0.32	0.4
3550	0.48	0.42	0.46	0.36	0.4	0.56	0.28	0.3	0.26	0.32	0.42	0.58	0.52	0.48	0.32	0.42
3600	0.54	0.42	0.42	0.38	0.34	0.56	0.3	0.36	0.26	0.34	0.4	0.54	0.52	0.44	0.34	0.46
3650	0.56	0.44	0.44	0.38	0.34	0.54	0.34	0.38	0.32	0.38	0.42	0.56	0.46	0.44	0.34	0.4
3700	0.56	0.46	0.44	0.46	0.44	0.6	0.36	0.34	0.28	0.44	0.46	0.54	0.46	0.44	0.34	0.4
3750	0.52	0.48	0.42	0.54	0.42	0.62	0.36	0.36	0.28	0.46	0.46	0.62	0.44	0.48	0.38	0.42
3800	0.54	0.5	0.44	0.54	0.4	0.62	0.36	0.38	0.3	0.46	0.46	0.58	0.42	0.44	0.36	0.48
3850	0.56	0.5	0.42	0.58	0.4	0.6	0.34	0.38	0.3	0.48	0.44	0.6	0.44	0.44	0.48	0.48
3900	0.52	0.5	0.46	0.5	0.48	0.6	0.4	0.38	0.28	0.44	0.46	0.58	0.48	0.4	0.5	0.52
3950	0.5	0.52	0.46	0.46	0.5	0.6	0.38	0.46	0.32	0.44	0.42	0.54	0.48	0.38	0.52	0.44
4000	0.42	0.5	0.5	0.46	0.54	0.62	0.4	0.42	0.38	0.46	0.42	0.58	0.5	0.42	0.5	0.4
4050	0.42	0.5	0.56	0.44	0.58	0.64	0.44	0.44	0.4	0.44	0.38	0.56	0.56	0.4	0.54	0.38
4100	0.42	0.54	0.6	0.42	0.52	0.64	0.52	0.46	0.38	0.46	0.36	0.54	0.56	0.38	0.52	0.42
4150	0.44	0.58	0.62	0.42	0.48	0.62	0.54	0.46	0.34	0.44	0.36	0.52	0.54	0.38	0.54	0.42
4200	0.44	0.56	0.64	0.4	0.52	0.6	0.56	0.46	0.34	0.46	0.36	0.54	0.56	0.36	0.54	0.42
4250	0.44	0.62	0.7	0.42	0.52	0.62	0.54	0.56	0.34	0.5	0.34	0.52	0.56	0.34	0.54	0.42
4300	0.46	0.62	0.64	0.4	0.5	0.58	0.56	0.52	0.4	0.46	0.38	0.44	0.54	0.38	0.5	0.44
4350	0.52	0.6	0.7	0.42	0.5	0.56	0.6	0.48	0.42	0.56	0.44	0.44	0.54	0.44	0.54	0.44
4400	0.48	0.6	0.68	0.4	0.52	0.54	0.58	0.48	0.36	0.56	0.42	0.44	0.5	0.48	0.56	0.5
4450	0.48	0.58	0.68	0.38	0.5	0.58	0.6	0.48	0.38	0.58	0.38	0.44	0.38	0.48	0.54	0.5
4500	0.46	0.6	0.58	0.36	0.48	0.5	0.58	0.44	0.32	0.62	0.36	0.44	0.44	0.52	0.56	0.54
4550	0.44	0.56	0.6	0.4	0.54	0.5	0.52	0.46	0.36	0.6	0.42	0.44	0.48	0.54	0.56	0.52
4600	0.54	0.48	0.58	0.44	0.52	0.5	0.54	0.44	0.4	0.58	0.5	0.54	0.46	0.54	0.54	0.5
4650	0.46	0.44	0.56	0.44	0.5	0.46	0.52	0.5	0.38	0.58	0.52	0.56	0.42	0.54	0.52	0.42
4700	0.44	0.42	0.52	0.4	0.52	0.52	0.5	0.48	0.34	0.58	0.54	0.56	0.48	0.52	0.52	0.38
4750	0.52	0.4	0.48	0.4	0.46	0.54	0.44	0.46	0.32	0.52	0.52	0.54	0.46	0.54	0.52	0.38
4800	0.56	0.42	0.44	0.42	0.4	0.52	0.46	0.46	0.28	0.44	0.46	0.56	0.52	0.56	0.52	0.44
4850	0.56	0.42	0.4	0.44	0.4	0.5	0.46	0.42	0.34	0.46	0.54	0.56	0.6	0.52	0.44	0.42
4900	0.54	0.4	0.44	0.4	0.46	0.6	0.5	0.42	0.36	0.52	0.56	0.56	0.6	0.54	0.46	0.42
4950	0.52	0.42	0.48	0.36	0.46	0.58	0.5	0.44	0.38	0.48	0.56	0.48	0.58	0.52	0.46	0.36
5000	0.54	0.46	0.48	0.32	0.44	0.6	0.54	0.44	0.44	0.52	0.5	0.48	0.6	0.5	0.46	0.32
5050	0.54	0.5	0.48	0.32	0.48	0.6	0.52	0.4	0.44	0.5	0.48	0.46	0.58	0.52	0.48	0.4
5100	0.52	0.48	0.5	0.36	0.44	0.54	0.56	0.4	0.44	0.54	0.46	0.42	0.62	0.44	0.42	0.42
5150	0.52	0.5	0.58	0.38	0.44	0.52	0.6	0.36	0.5	0.56	0.46	0.38	0.58	0.38	0.42	0.5
5200	0.52	0.54	0.58	0.38	0.52	0.5	0.54	0.36	0.52	0.52	0.48	0.34	0.56	0.36	0.48	0.44
5250	0.48	0.56	0.6	0.42	0.5	0.52	0.5	0.4	0.52	0.46	0.46	0.3	0.56	0.36	0.46	0.46
5300	0.42	0.54	0.58	0.44	0.46	0.46	0.44	0.4	0.5	0.48	0.48	0.32	0.58	0.36	0.46	0.46
5350	0.44	0.54	0.64	0.52	0.44	0.42	0.48	0.36	0.5	0.52	0.46	0.32	0.56	0.38	0.46	0.5
5400	0.42	0.48	0.56	0.48	0.44	0.42	0.48	0.28	0.5	0.6	0.46	0.24	0.54	0.4	0.48	0.44
5450	0.4	0.56	0.56	0.5	0.42	0.46	0.44	0.3	0.4	0.6	0.5	0.22	0.52	0.42	0.52	0.42
5500	0.44	0.56	0.56	0.54	0.42	0.44	0.48	0.26	0.38	0.58	0.48	0.26	0.5	0.42	0.58	0.36
5550	0.46	0.56	0.56	0.52	0.44	0.42	0.44	0.26	0.38	0.62	0.5	0.3	0.52	0.44	0.58	0.38
5600	0.48	0.5	0.54	0.52	0.42	0.44	0.42	0.26	0.32	0.6	0.42	0.34	0.56	0.46	0.58	0.4
5650	0.56	0.56	0.5	0.48	0.4	0.46	0.5	0.26	0.34	0.6	0.44	0.38	0.54	0.48	0.62	0.38
5700	0.62	0.6	0.48	0.5	0.4	0.44	0.46	0.3	0.34	0.66	0.44	0.4	0.58	0.46	0.64	0.42
5750	0.64	0.56	0.54	0.44	0.42	0.44	0.46	0.32	0.3	0.62	0.42	0.42	0.62	0.4	0.56	0.42
5800	0.66	0.52	0.52	0.46	0.44	0.46	0.48	0.34	0.3	0.66	0.4	0.46	0.68	0.42	0.56	0.4
5850	0.64	0.52	0.54	0.42	0.44	0.44	0.44	0.36	0.34	0.68	0.44	0.5	0.66	0.4	0.56	0.44
5900	0.62	0.56	0.5	0.44	0.48	0.44	0.42	0.36	0.36	0.66	0.5	0.5	0.64	0.34	0.58	0.42
5950	0.62	0.58	0.52	0.44	0.48	0.4	0.46	0.42	0.4	0.64	0.5	0.46	0.58	0.36	0.52	0.36
6000	0.62	0.52	0.48	0.44	0.46	0.46	0.52	0.48	0.42	0.64	0.54	0.4	0.56	0.38	0.54	0.34
6050	0.62	0.48	0.44	0.4	0.5	0.48	0.48	0.52	0.44	0.64	0.52	0.42	0.46	0.42	0.54	0.32
6100	0.62	0.52	0.48	0.46	0.52	0.52	0.46	0.52	0.46	0.6	0.48	0.5	0.44	0.44	0.64	0.36
6150	0.62	0.54	0.46	0.46	0.52	0.44	0.42	0.5	0.44	0.52	0.44	0.46	0.44	0.44	0.6	0.32
6200	0.6	0.58	0.48	0.48	0.48	0.44	0.42	0.48	0.42	0.48	0.46	0.46	0.46	0.38	0.58	0.34
6250	0.6	0.58	0.46	0.42	0.46	0.46	0.44	0.5	0.44	0.46	0.48	0.44	0.48	0.38	0.54	0.34
6300	0.6	0.52	0.46	0.42	0.46	0.48	0.44	0.52	0.48	0.46	0.42	0.48	0.48	0.42	0.54	0.38
6350	0.6	0.48	0.44	0.5	0.46	0.48	0.4	0.48	0.42	0.42	0.46	0.44	0.44	0.42	0.5	0.36
6400	0.62	0.54	0.42	0.52	0.48	0.52	0.36	0.48	0.38	0.46	0.44	0.44	0.48	0.36	0.54	0.42
6450	0.54	0.58	0.44	0.44	0.5	0.48	0.38	0.48	0.36	0.54	0.46	0.34	0.52	0.36	0.52	0.38
6500	0.52	0.56	0.34	0.44	0.48	0.46	0.34	0.5	0.36	0.56	0.48	0.34	0.5	0.38	0.5	0.36
6550	0.52	0.56	0.32	0.44	0.56	0.52	0.34	0.52	0.38	0.58	0.48	0.34	0.42	0.5	0.54	0.38
6600	0.52	0.52	0.26	0.42	0.54	0.52	0.36	0.5	0.36	0.56	0.52	0.34	0.4	0.58	0.56	0.36
6650	0.52	0.56	0.24	0.44	0.52	0.46	0.34	0.52	0.4	0.62	0.52	0.32	0.42	0.62	0.56	0.4
6700	0.54	0.58	0.26	0.48	0.52	0.4	0.32	0.52	0.44	0.58	0.52	0.32	0.44	0.6	0.58	0.4
6750	0.5	0.54	0.26	0.48	0.46	0.46	0.32	0.48	0.42	0.6	0.5	0.32	0.44	0.64	0.66	0.4
6800	0.52	0.5	0.28	0.46	0.48	0.46	0.36	0.48	0.48	0.62	0.54	0.36	0.52	0.64	0.66	0.4
6850	0.5	0.44	0.28	0.38	0.54	0.48	0.44	0.44	0.46	0.66	0.54	0.36	0.56	0.6	0.64	0.44
6900	0.52	0.42	0.32	0.4	0.5	0.5	0.48	0.42	0.48	0.64	0.52	0.36	0.56	0.54	0.68	0.48
6950	0.52	0.42	0.3	0.42	0.48	0.46	0.56	0.4	0.52	0.64	0.52	0.34	0.58	0.5	0.68	0.48
7000	0.5	0.42	0.4	0.44	0.54	0.54	0.56	0.4	0.48	0.64	0.48	0.36	0.56	0.5	0.66	0.48
7050	0.52	0.36	0.44	0.4	0.48	0.54	0.56	0.4	0.44	0.64	0.5	0.38	0.56	0.48	0.62	0.48
7100	0.48	0.32	0.48	0.42	0.54	0.56	0.54	0.36	0.44	0.52	0.46	0.4	0.54	0.44	0.58	0.5
7150	0.46	0.3	0.56	0.44	0.46	0.5	0.54	0.36	0.44	0.54	0.48	0.4	0.5	0.5	0.58	0.52
7200	0.44	0.28	0.58	0.44	0.4	0.46	0.52	0.4	0.4	0.5	0.42	0.38	0.46	0.44	0.56	0.48
7250	0.44	0.34	0.6	0.44	0.44	0.42	0.44	0.38	0.44	0.52	0.38	0.4	0.46	0.42	0.56	0.44
7300	0.4	0.36	0.58	0.44	0.4	0.42	0.46	0.36	0.42	0.48	0.34	0.38	0.44	0.42	0.52	0.42
7350	0.38	0.38	0.56	0.42	0.4	0.5	0.44	0.36	0.42	0.46	0.3	0.42	0.5	0.4	0.54	0.42
7400	0.38	0.4	0.6	0.46	0.42	0.5	0.48	0.4	0.52	0.46	0.34	0.48	0.48	0.4	0.52	0.48
7450	0.38	0.42	0.6	0.48	0.46	0.54	0.44	0.42	0.54	0.48	0.38	0.46	0.46	0.38	0.52	0.48
7500	0.42	0.46	0.58	0.52	0.44	0.48	0.44	0.44	0.56	0.58	0.36	0.46	0.46	0.4	0.6	0.52
7550	0.42	0.44	0.58	0.52	0.4	0.5	0.42	0.46	0.56	0.6	0.4	0.44	0.52	0.4	0.6	0.48
7600	0.44	0.42	0.56	0.52	0.42	0.54	0.4	0.52	0.58	0.58	0.44	0.46	0.54	0.38	0.56	0.5
7650	0.42	0.4	0.56	0.52	0.42	0.58	0.38	0.52	0.52	0.5	0.48	0.48	0.56	0.42	0.52	0.54
7700	0.42	0.4	0.58	0.5	0.44	0.6	0.42	0.56	0.54	0.58	0.5	0.44	0.56	0.44	0.52	0.52
7750	0.5	0.42	0.62	0.48	0.44	0.54	0.4	0.56	0.52	0.52	0.52	0.38	0.58	0.44	0.48	0.5
7800	0.5	0.4	0.54	0.48	0.42	0.46	0.38	0.56	0.46	0.48	0.5	0.38	0.52	0.4	0.42	0.44
7850	0.56	0.38	0.54	0.48	0.38	0.48	0.34	0.56	0.42	0.36	0.54	0.36	0.54	0.42	0.42	0.4
7900	0.54	0.42	0.54	0.46	0.4	0.52	0.3	0.56	0.34	0.44	0.52	0.34	0.52	0.44	0.42	0.36
7950	0.54	0.42	0.48	0.44	0.42	0.52	0.26	0.52	0.36	0.46	0.46	0.36	0.52	0.4	0.44	0.34
8000	0.54	0.46	0.46	0.4	0.48	0.5	0.26	0.52	0.36	0.5	0.5	0.34	0.5	0.38	0.48	0.34
8050	0.54	0.48	0.42	0.36	0.44	0.5	0.32	0.48	0.36	0.5	0.42	0.32	0.48	0.36	0.42	0.3
8100	0.58	0.48	0.42	0.28	0.5	0.48	0.38	0.46	0.4	0.52	0.36	0.34	0.48	0.34	0.42	0.26
8150	0.54	0.5	0.44	0.3	0.48	0.5	0.4	0.46	0.38	0.52	0.4	0.42	0.48	0.36	0.42	0.34
8200	0.54	0.48	0.36	0.34	0.52	0.58	0.4	0.54	0.42	0.56	0.36	0.48	0.48	0.36	0.48	0.36
8250	0.56	0.5	0.34	0.36	0.58	0.58	0.44	0.58	0.42	0.62	0.38	0.5	0.48	0.3	0.5	0.44
8300	0.58	0.48	0.36	0.34	0.58	0.58	0.48	0.64	0.46	0.64	0.42	0.5	0.48	0.28	0.48	0.5
8350	0.58	0.46	0.38	0.36	0.5	0.62	0.52	0.62	0.46	0.58	0.42	0.5	0.46	0.32	0.52	0.5
8400	0.58	0.5	0.34	0.38	0.5	0.62	0.54	0.6	0.48	0.58	0.44	0.5	0.46	0.36	0.54	0.6
8450	0.52	0.52	0.4	0.4	0.5	0.64	0.54	0.58	0.52	0.58	0.42	0.54	0.42	0.4	0.54	0.58
8500	0.56	0.52	0.4	0.4	0.44	0.62	0.5	0.56	0.48	0.58	0.42	0.56	0.38	0.4	0.54	0.5
8550	0.54	0.5	0.4	0.48	0.4	0.58	0.5	0.56	0.5	0.58	0.44	0.5	0.44	0.42	0.56	0.5
8600	0.54	0.52	0.4	0.5	0.42	0.58	0.52	0.5	0.5	0.54	0.46	0.46	0.48	0.5	0.58	0.46
8650	0.52	0.5	0.44	0.5	0.46	0.56	0.54	0.52	0.5	0.56	0.48	0.48	0.48	0.58	0.56	0.44
8700	0.54	0.48	0.46	0.5	0.54	0.52	0.48	0.58	0.5	0.5	0.46	0.52	0.5	0.58	0.54	0.4
8750	0.46	0.42	0.48	0.5	0.58	0.56	0.48	0.62	0.52	0.52	0.48	0.54	0.58	0.56	0.52	0.44
8800	0.42	0.48	0.46	0.54	0.58	0.54	0.54	0.66	0.48	0.5	0.48	0.54	0.64	0.58	0.48	0.4
8850	0.38	0.5	0.44	0.52	0.58	0.52	0.52	0.62	0.48	0.46	0.44	0.52	0.54	0.56	0.42	0.38
8900	0.42	0.42	0.46	0.5	0.54	0.5	0.5	0.64	0.44	0.46	0.48	0.48	0.52	0.52	0.42	0.4
8950	0.42	0.38	0.46	0.5	0.52	0.52	0.46	0.58	0.46	0.42	0.44	0.5	0.5	0.46	0.36	0.42
9000	0.44	0.38	0.48	0.48	0.56	0.52	0.46	0.52	0.46	0.44	0.44	0.52	0.52	0.46	0.4	0.42
9050	0.34	0.38	0.5	0.52	0.52	0.46	0.48	0.48	0.4	0.44	0.4	0.48	0.52	0.42	0.42	0.42
9100	0.36	0.34	0.48	0.48	0.48	0.5	0.56	0.48	0.38	0.44	0.42	0.42	0.5	0.38	0.38	0.42
9150	0.42	0.36	0.52	0.46	0.42	0.44	0.54	0.46	0.4	0.44	0.48	0.4	0.46	0.36	0.42	0.38
9200	0.46	0.4	0.54	0.44	0.42	0.44	0.56	0.44	0.42	0.44	0.5	0.38	0.46	0.38	0.42	0.38
9250	0.52	0.38	0.54	0.44	0.46	0.48	0.58	0.5	0.44	0.48	0.42	0.32	0.5	0.4	0.46	0.38
9300	0.5	0.34	0.64	0.44	0.48	0.38	0.6	0.48	0.42	0.54	0.46	0.34	0.52	0.4	0.46	0.36
9350	0.48	0.36	0.64	0.44	0.46	0.42	0.6	0.48	0.42	0.52	0.48	0.34	0.54	0.48	0.5	0.38
9400	0.5	0.36	0.58	0.46	0.42	0.46	0.6	0.54	0.42	0.54	0.5	0.36	0.5	0.54	0.54	0.4
9450	0.52	0.38	0.54	0.46	0.48	0.36	0.58	0.58	0.44	0.52	0.44	0.44	0.46	0.52	0.54	0.36
9500	0.56	0.38	0.58	0.5	0.56	0.38	0.58	0.6	0.5	0.48	0.44	0.4	0.48	0.52	0.54	0.34
9550	0.54	0.36	0.56	0.52	0.52	0.34	0.54	0.58	0.52	0.54	0.36	0.38	0.46	0.52	0.56	0.36
9600	0.54	0.36	0.5	0.54	0.5	0.36	0.46	0.56	0.42	0.5	0.4	0.4	0.46	0.52	0.58	0.36
9650	0.46	0.36	0.46	0.54	0.5	0.36	0.54	0.58	0.46	0.48	0.38	0.42	0.46	0.54	0.56	0.42
9700	0.48	0.4	0.38	0.54	0.42	0.46	0.58	0.6	0.42	0.46	0.44	0.48	0.48	0.5	0.6	0.44
9750	0.5	0.36	0.38	0.58	0.42	0.42	0.58	0.62	0.42	0.54	0.42	0.52	0.44	0.5	0.56	0.42
9800	0.48	0.38	0.36	0.54	0.46	0.42	0.56	0.62	0.46	0.56	0.48	0.5	0.44	0.48	0.56	0.42
9850	0.52	0.4	0.38	0.56	0.46	0.48	0.54	0.6	0.42	0.54	0.44	0.48	0.42	0.42	0.56	0.44
9900	0.5	0.38	0.3	0.54	0.5	0.48	0.58	0.58	0.38	0.54	0.52	0.52	0.42	0.4	0.52	0.5
9950	0.48	0.38	0.28	0.46	0.38	0.5	0.52	0.54	0.42	0.52	0.48	0.54	0.42	0.4	0.48	0.54
10000	0.46	0.36	0.26	0.5	0.42	0.54	0.5	0.56	0.44	0.56	0.48	0.54	0.36	0.46	0.5	0.48
10050	0.52	0.38	0.36	0.52	0.42	0.52	0.54	0.54	0.48	0.54	0.48	0.54	0.38	0.5	0.46	0.44
10100	0.56	0.38	0.36	0.48	0.38	0.52	0.48	0.48	0.5	0.54	0.54	0.52	0.42	0.46	0.46	0.44
10150	0.58	0.36	0.4	0.5	0.46	0.6	0.52	0.48	0.48	0.5	0.52	0.52	0.42	0.54	0.5	0.44
10200	0.52	0.38	0.42	0.48	0.52	0.56	0.52	0.54	0.44	0.54	0.5	0.56	0.42	0.5	0.52	0.4
10250	0.54	0.44	0.48	0.48	0.46	0.54	0.54	0.6	0.44	0.48	0.56	0.48	0.44	0.46	0.54	0.4
10300	0.56	0.48	0.52	0.42	0.44	0.54	0.56	0.58	0.46	0.48	0.56	0.48	0.4	0.42	0.56	0.42
10350	0.6	0.48	0.58	0.46	0.42	0.54	0.6	0.66	0.48	0.54	0.52	0.48	0.46	0.42	0.6	0.44
10400	0.58	0.48	0.54	0.48	0.4	0.5	0.58	0.64	0.46	0.56	0.54	0.46	0.5	0.38	0.58	0.42
10450	0.58	0.46	0.54	0.42	0.46	0.52	0.6	0.7	0.44	0.5	0.56	0.44	0.48	0.38	0.56	0.42
10500	0.54	0.44	0.52	0.42	0.42	0.52	0.6	0.64	0.38	0.5	0.5	0.42	0.48	0.34	0.56	0.38
10550	0.52	0.48	0.44	0.42	0.46	0.5	0.58	0.64	0.36	0.52	0.42	0.44	0.44	0.44	0.54	0.4
10600	0.5	0.5	0.42	0.42	0.44	0.52	0.56	0.66	0.36	0.54	0.54	0.36	0.48	0.5	0.52	0.38
10650	0.52	0.46	0.38	0.4	0.42	0.5	0.54	0.64	0.38	0.52	0.46	0.32	0.44	0.5	0.52	0.38
10700	0.52	0.44	0.4	0.4	0.42	0.5	0.56	0.64	0.34	0.5	0.48	0.36	0.44	0.5	0.54	0.38
10750	0.46	0.44	0.44	0.42	0.48	0.5	0.56	0.64	0.32	0.56	0.48	0.4	0.42	0.52	0.54	0.36
10800	0.54	0.44	0.44	0.44	0.52	0.5	0.56	0.62	0.34	0.52	0.52	0.46	0.44	0.52	0.56	0.4
10850	0.46	0.46	0.44	0.5	0.5	0.42	0.58	0.6	0.46	0.56	0.5	0.48	0.46	0.54	0.58	0.42
10900	0.4	0.44	0.4	0.52	0.5	0.34	0.58	0.6	0.5	0.56	0.54	0.48	0.46	0.56	0.6	0.5
10950	0.44	0.46	0.44	0.56	0.52	0.38	0.54	0.56	0.5	0.54	0.6	0.5	0.46	0.58	0.56	0.52
11000	0.46	0.48	0.44	0.62	0.48	0.44	0.56	0.56	0.5	0.58	0.58	0.58	0.46	0.56	0.6	0.54
11050	0.46	0.48	0.42	0.6	0.52	0.42	0.58	0.54	0.54	0.58	0.62	0.66	0.48	0.52	0.64	0.56
11100	0.44	0.5	0.46	0.64	0.52	0.42	0.62	0.54	0.58	0.6	0.62	0.6	0.56	0.5	0.62	0.58
11150	0.46	0.44	0.4	0.62	0.54	0.4	0.58	0.54	0.56	0.56	0.64	0.62	0.56	0.52	0.62	0.58
11200	0.52	0.46	0.38	0.6	0.56	0.48	0.58	0.56	0.56	0.62	0.6	0.68	0.56	0.48	0.62	0.54
11250	0.56	0.48	0.38	0.58	0.56	0.58	0.58	0.58	0.56	0.56	0.62	0.66	0.58	0.46	0.64	0.54
11300	0.66	0.52	0.36	0.62	0.54	0.58	0.6	0.56	0.56	0.62	0.66	0.66	0.6	0.46	0.62	0.54
11350	0.68	0.56	0.4	0.6	0.58	0.56	0.54	0.6	0.52	0.58	0.64	0.64	0.64	0.44	0.6	0.54
11400	0.7	0.52	0.42	0.6	0.56	0.54	0.52	0.58	0.5	0.56	0.64	0.64	0.62	0.46	0.64	0.52
11450	0.7	0.54	0.46	0.58	0.56	0.6	0.54	0.64	0.58	0.58	0.62	0.64	0.66	0.54	0.58	0.5
11500	0.68	0.52	0.44	0.56	0.56	0.56	0.52	0.62	0.58	0.56	0.58	0.62	0.66	0.52	0.56	0.48
11550	0.62	0.54	0.42	0.56	0.44	0.56	0.6	0.6	0.58	0.6	0.6	0.62	0.66	0.54	0.58	0.56
11600	0.54	0.5	0.4	0.54	0.42	0.56	0.58	0.62	0.56	0.58	0.56	0.6	0.64	0.48	0.6	0.52
11650	0.52	0.52	0.48	0.6	0.42	0.52	0.62	0.58	0.62	0.56	0.6	0.58	0.66	0.46	0.58	0.52
11700	0.5	0.52	0.52	0.6	0.48	0.56	0.66	0.62	0.64	0.6	0.54	0.56	0.64	0.48	0.58	0.5
11750	0.56	0.62	0.5	0.58	0.48	0.56	0.74	0.58	0.58	0.6	0.6	0.54	0.6	0.54	0.56	0.46
11800	0.54	0.56	0.54	0.58	0.54	0.52	0.72	0.58	0.62	0.56	0.54	0.52	0.52	0.54	0.56	0.46
11850	0.56	0.5	0.6	0.62	0.52	0.5	0.72	0.58	0.64	0.56	0.54	0.54	0.52	0.52	0.58	0.5
11900	0.5	0.5	0.6	0.68	0.6	0.5	0.68	0.62	0.66	0.56	0.6	0.52	0.54	0.5	0.6	0.42
11950	0.54	0.54	0.62	0.66	0.66	0.46	0.62	0.64	0.62	0.56	0.62	0.54	0.54	0.5	0.66	0.4
12000	0.58	0.54	0.62	0.66	0.68	0.46	0.66	0.62	0.64	0.62	0.64	0.58	0.56	0.52	0.64	0.4
12050	0.6	0.54	0.58	0.68	0.66	0.46	0.68	0.66	0.58	0.62	0.6	0.58	0.56	0.56	0.52	0.4
12100	0.6	0.5	0.58	0.7	0.7	0.48	0.6	0.64	0.58	0.62	0.64	0.6	0.56	0.62	0.54	0.4
12150	0.6	0.5	0.54	0.76	0.7	0.54	0.62	0.66	0.64	0.6	0.6	0.64	0.6	0.62	0.5	0.42
12200	0.52	0.58	0.58	0.72	0.68	0.56	0.6	0.62	0.58	0.62	0.54	0.68	0.62	0.6	0.5	0.48
12250	0.5	0.58	0.6	0.72	0.64	0.54	0.56	0.58	0.56	0.66	0.58	0.64	0.6	0.58	0.46	0.46
12300	0.52	0.56	0.62	0.7	0.68	0.52	0.58	0.5	0.48	0.7	0.54	0.6	0.58	0.62	0.48	0.44
12350	0.52	0.6	0.66	0.7	0.68	0.6	0.56	0.52	0.5	0.7	0.54	0.56	0.6	0.6	0.5	0.44
12400	0.58	0.62	0.66	0.7	0.66	0.66	0.6	0.5	0.54	0.66	0.6	0.5	0.64	0.66	0.52	0.46
12450	0.58	0.6	0.68	0.7	0.72	0.66	0.64	0.44	0.54	0.68	0.58	0.46	0.6	0.6	0.5	0.52
12500	0.62	0.64	0.66	0.72	0.7	0.56	0.6	0.4	0.54	0.68	0.58	0.48	0.58	0.6	0.52	0.6
12550	0.7	0.7	0.72	0.72	0.66	0.54	0.64	0.42	0.58	0.64	0.56	0.48	0.6	0.6	0.58	0.6
12600	0.7	0.72	0.74	0.68	0.64	0.56	0.66	0.46	0.6	0.66	0.6	0.46	0.64	0.64	0.58	0.58
12650	0.74	0.7	0.72	0.64	0.64	0.56	0.66	0.5	0.56	0.68	0.6	0.48	0.62	0.7	0.56	0.56
12700	0.72	0.74	0.7	0.66	0.62	0.62	0.64	0.52	0.54	0.6	0.58	0.5	0.62	0.68	0.54	0.56
12750	0.76	0.76	0.7	0.64	0.58	0.64	0.68	0.54	0.58	0.62	0.58	0.54	0.58	0.66	0.6	0.54
12800	0.72	0.76	0.66	0.62	0.54	0.64	0.7	0.6	0.56	0.64	0.56	0.58	0.54	0.64	0.6	0.52
12850	0.7	0.78	0.68	0.62	0.54	0.58	0.68	0.66	0.6	0.6	0.54	0.6	0.56	0.64	0.58	0.5
12900	0.66	0.74	0.68	0.6	0.56	0.56	0.66	0.68	0.56	0.6	0.52	0.58	0.6	0.66	0.64	0.5
12950	0.66	0.74	0.62	0.68	0.56	0.62	0.66	0.68	0.64	0.62	0.52	0.62	0.62	0.64	0.64	0.54
13000	0.6	0.66	0.62	0.68	0.66	0.66	0.62	0.72	0.7	0.54	0.56	0.62	0.66	0.66	0.6	0.54
13050	0.54	0.66	0.66	0.66	0.68	0.68	0.6	0.68	0.72	0.56	0.56	0.64	0.68	0.64	0.64	0.58
13100	0.5	0.66	0.58	0.68	0.74	0.72	0.64	0.64	0.7	0.52	0.54	0.64	0.7	0.64	0.66	0.64
13150	0.5	0.62	0.58	0.66	0.76	0.66	0.68	0.64	0.7	0.5	0.58	0.7	0.76	0.64	0.68	0.68
13200	0.48	0.64	0.58	0.7	0.76	0.66	0.72	0.66	0.7	0.52	0.56	0.66	0.76	0.66	0.66	0.68
13250	0.46	0.62	0.56	0.74	0.68	0.74	0.7	0.68	0.68	0.48	0.58	0.66	0.74	0.68	0.68	0.68
13300	0.5	0.58	0.68	0.74	0.68	0.7	0.72	0.64	0.72	0.48	0.62	0.62	0.76	0.7	0.68	0.64
13350	0.5	0.58	0.68	0.7	0.64	0.68	0.76	0.64	0.68	0.46	0.62	0.62	0.72	0.66	0.68	0.62
13400	0.5	0.66	0.68	0.64	0.64	0.7	0.78	0.64	0.62	0.54	0.6	0.64	0.74	0.66	0.74	0.56
13450	0.56	0.62	0.72	0.68	0.62	0.68	0.78	0.66	0.62	0.54	0.58	0.62	0.74	0.62	0.74	0.56
13500	0.64	0.6	0.72	0.7	0.58	0.72	0.76	0.66	0.6	0.6	0.62	0.64	0.72	0.62	0.76	0.56
13550	0.7	0.66	0.7	0.68	0.58	0.7	0.72	0.66	0.56	0.62	0.58	0.64	0.72	0.62	0.74	0.52
13600	0.76	0.64	0.74	0.68	0.58	0.74	0.7	0.68	0.58	0.74	0.58	0.7	0.78	0.6	0.72	0.56
13650	0.72	0.62	0.72	0.72	0.56	0.68	0.7	0.7	0.56	0.76	0.6	0.68	0.74	0.66	0.68	0.54
13700	0.7	0.62	0.72	0.74	0.56	0.7	0.7	0.7	0.58	0.74	0.62	0.72	0.7	0.7	0.72	0.56
13750	0.72	0.62	0.7	0.74	0.58	0.68	0.72	0.8	0.62	0.72	0.64	0.78	0.7	0.7	0.7	0.58
13800	0.72	0.64	0.7	0.8	0.58	0.68	0.7	0.76	0.62	0.72	0.66	0.72	0.72	0.7	0.64	0.6
13850	0.68	0.64	0.7	0.78	0.58	0.68	0.64	0.78	0.64	0.66	0.64	0.68	0.68	0.72	0.66	0.58
13900	0.7	0.66	0.72	0.76	0.58	0.66	0.66	0.78	0.58	0.62	0.66	0.66	0.62	0.72	0.66	0.52
13950	0.68	0.66	0.76	0.74	0.6	0.66	0.7	0.8	0.6	0.6	0.66	0.68	0.6	0.68	0.66	0.48
14000	0.68	0.66	0.8	0.7	0.66	0.68	0.64	0.78	0.56	0.6	0.66	0.68	0.6	0.74	0.68	0.48
14050	0.6	0.68	0.78	0.68	0.62	0.72	0.7	0.82	0.56	0.62	0.66	0.66	0.62	0.74	0.7	0.5
14100	0.6	0.72	0.78	0.66	0.62	0.74	0.68	0.76	0.58	0.6	0.7	0.64	0.6	0.74	0.68	0.5
14150	0.64	0.74	0.78	0.68	0.68	0.7	0.7	0.74	0.54	0.62	0.74	0.58	0.58	0.7	0.64	0.5
14200	0.62	0.76	0.78	0.64	0.7	0.74	0.72	0.72	0.52	0.62	0.72	0.58	0.58	0.74	0.62	0.5
14250	0.62	0.76	0.74	0.58	0.66	0.7	0.76	0.7	0.52	0.62	0.72	0.6	0.64	0.74	0.64	0.54
14300	0.62	0.76	0.72	0.58	0.64	0.66	0.78	0.7	0.5	0.62	0.7	0.6	0.68	0.74	0.58	0.56
14350	0.6	0.74	0.7	0.6	0.66	0.62	0.8	0.68	0.5	0.68	0.74	0.6	0.74	0.72	0.6	0.56
14400	0.62	0.76	0.72	0.62	0.66	0.62	0.82	0.66	0.5	0.7	0.66	0.62	0.76	0.72	0.58	0.6
14450	0.64	0.72	0.64	0.66	0.7	0.62	0.78	0.68	0.52	0.68	0.62	0.6	0.82	0.74	0.56	0.54
14500	0.64	0.68	0.66	0.62	0.72	0.58	0.76	0.66	0.48	0.68	0.56	0.66	0.82	0.66	0.58	0.5
14550	0.66	0.66	0.6	0.62	0.74	0.54	0.76	0.64	0.46	0.68	0.58	0.72	0.86	0.68	0.56	0.5
14600	0.74	0.64	0.6	0.68	0.78	0.56	0.72	0.7	0.48	0.7	0.56	0.74	0.88	0.66	0.62	0.52
14650	0.72	0.64	0.58	0.7	0.8	0.66	0.76	0.68	0.52	0.72	0.5	0.82	0.86	0.64	0.68	0.54
14700	0.72	0.62	0.6	0.74	0.74	0.7	0.76	0.74	0.58	0.74	0.54	0.84	0.88	0.6	0.68	0.56
14750	0.64	0.62	0.58	0.72	0.74	0.66	0.72	0.76	0.58	0.72	0.52	0.82	0.86	0.58	0.7	0.62
14800	0.64	0.66	0.56	0.72	0.72	0.66	0.7	0.78	0.6	0.72	0.52	0.86	0.86	0.58	0.72	0.64
14850	0.64	0.68	0.62	0.66	0.7	0.7	0.64	0.8	0.62	0.74	0.54	0.88	0.86	0.52	0.68	0.7
14900	0.62	0.7	0.64	0.72	0.72	0.66	0.7	0.78	0.64	0.7	0.58	0.88	0.78	0.54	0.68	0.74
14950	0.62	0.7	0.66	0.74	0.72	0.62	0.72	0.78	0.72	0.7	0.58	0.8	0.74	0.58	0.68	0.66
15000	0.58	0.68	0.68	0.66	0.72	0.62	0.72	0.74	0.7	0.7	0.6	0.78	0.74	0.58	0.64	0.68
15050	0.64	0.7	0.68	0.7	0.76	0.58	0.7	0.74	0.7	0.74	0.6	0.74	0.72	0.58	0.64	0.7
15100	0.62	0.72	0.66	0.76	0.76	0.54	0.72	0.7	0.7	0.76	0.58	0.68	0.74	0.62	0.62	0.68
15150	0.66	0.76	0.66	0.72	0.78	0.54	0.78	0.7	0.72	0.8	0.58	0.66	0.72	0.68	0.68	0.64
15200	0.7	0.8	0.62	0.72	0.76	0.58	0.8	0.72	0.76	0.8	0.6	0.72	0.72	0.66	0.68	0.58
15250	0.7	0.76	0.62	0.72	0.72	0.54	0.78	0.68	0.74	0.8	0.58	0.62	0.7	0.66	0.7	0.54
15300	0.66	0.74	0.62	0.74	0.68	0.56	0.8	0.62	0.76	0.82	0.62	0.56	0.68	0.7	0.68	0.54
15350	0.6	0.76	0.64	0.74	0.66	0.56	0.76	0.62	0.68	0.8	0.66	0.56	0.68	0.74	0.68	0.58
15400	0.62	0.74	0.62	0.68	0.66	0.54	0.8	0.66	0.64	0.78	0.68	0.54	0.72	0.7	0.66	0.56
15450	0.64	0.78	0.62	0.68	0.64	0.52	0.78	0.68	0.6	0.76	0.7	0.58	0.76	0.68	0.64	0.56
15500	0.68	0.7	0.62	0.62	0.62	0.58	0.76	0.66	0.58	0.8	0.76	0.6	0.7	0.66	0.66	0.62
15550	0.66	0.7	0.72	0.62	0.66	0.58	0.78	0.68	0.62	0.8	0.8	0.6	0.7	0.64	0.68	0.68
15600	0.64	0.66	0.74	0.6	0.68	0.62	0.78	0.66	0.6	0.78	0.8	0.54	0.68	0.64	0.64	0.68
15650	0.66	0.66	0.74	0.66	0.7	0.6	0.78	0.7	0.54	0.78	0.8	0.52	0.7	0.64	0.66	0.68
15700	0.7	0.68	0.74	0.62	0.72	0.62	0.8	0.76	0.56	0.78	0.84	0.56	0.74	0.68	0.68	0.72
15750	0.7	0.66	0.74	0.6	0.74	0.64	0.78	0.8	0.54	0.78	0.84	0.6	0.74	0.68	0.68	0.7
15800	0.7	0.62	0.8	0.62	0.74	0.6	0.8	0.82	0.56	0.78	0.82	0.6	0.74	0.7	0.64	0.64
15850	0.72	0.58	0.8	0.64	0.78	0.58	0.82	0.82	0.6	0.78	0.84	0.62	0.68	0.74	0.68	0.62
15900	0.72	0.6	0.8	0.66	0.8	0.54	0.82	0.82	0.64	0.78	0.82	0.62	0.68	0.72	0.64	0.68
15950	0.7	0.62	0.8	0.64	0.72	0.48	0.78	0.74	0.64	0.78	0.82	0.64	0.64	0.7	0.66	0.7
16000	0.7	0.64	0.78	0.6	0.74	0.52	0.74	0.72	0.64	0.76	0.78	0.64	0.62	0.7	0.6	0.68
16050	0.7	0.62	0.78	0.62	0.76	0.54	0.76	0.72	0.64	0.78	0.78	0.64	0.66	0.7	0.6	0.66
16100	0.7	0.62	0.76	0.6	0.76	0.52	0.74	0.74	0.68	0.78	0.74	0.66	0.64	0.7	0.56	0.62
16150	0.62	0.58	0.7	0.64	0.78	0.52	0.74	0.66	0.66	0.76	0.74	0.72	0.6	0.64	0.56	0.62
16200	0.64	0.64	0.7	0.64	0.74	0.56	0.7	0.6	0.68	0.76	0.72	0.7	0.58	0.62	0.6	0.58
16250	0.62	0.72	0.7	0.66	0.76	0.56	0.64	0.6	0.7	0.72	0.72	0.7	0.62	0.66	0.64	0.58
16300	0.6	0.72	0.68	0.72	0.78	0.58	0.66	0.54	0.66	0.7	0.66	0.72	0.7	0.62	0.68	0.6
16350	0.6	0.72	0.7	0.68	0.82	0.6	0.62	0.54	0.66	0.7	0.68	0.74	0.72	0.62	0.68	0.6
16400	0.58	0.7	0.68	0.72	0.82	0.62	0.62	0.56	0.7	0.66	0.74	0.72	0.7	0.68	0.72	0.58
16450	0.6	0.74	0.68	0.76	0.82	0.58	0.58	0.62	0.7	0.66	0.74	0.76	0.74	0.72	0.7	0.6
16500	0.66	0.74	0.7	0.7	0.78	0.62	0.62	0.68	0.7	0.68	0.74	0.7	0.82	0.74	0.7	0.62
16550	0.66	0.74	0.68	0.72	0.8	0.62	0.58	0.64	0.74	0.72	0.72	0.72	0.82	0.74	0.72	0.66
16600	0.72	0.78	0.72	0.7	0.8	0.62	0.6	0.7	0.7	0.8	0.68	0.78	0.82	0.78	0.72	0.64
16650	0.7	0.76	0.76	0.64	0.78	0.7	0.64	0.74	0.68	0.82	0.7	0.74	0.78	0.78	0.64	0.68
16700	0.72	0.72	0.76	0.64	0.78	0.66	0.66	0.7	0.64	0.84	0.7	0.72	0.7	0.74	0.62	0.7
16750	0.76	0.68	0.72	0.64	0.8	0.64	0.72	0.78	0.64	0.86	0.68	0.7	0.7	0.76	0.6	0.78
16800	0.76	0.68	0.74	0.64	0.82	0.72	0.76	0.8	0.66	0.84	0.7	0.7	0.72	0.74	0.6	0.76
16850	0.74	0.7	0.74	0.64	0.86	0.78	0.78	0.74	0.64	0.84	0.68	0.7	0.7	0.74	0.58	0.76
16900	0.76	0.66	0.76	0.68	0.86	0.8	0.8	0.68	0.64	0.86	0.68	0.7	0.72	0.72	0.6	0.76
16950	0.72	0.66	0.76	0.72	0.84	0.78	0.82	0.74	0.66	0.86	0.66	0.7	0.7	0.66	0.64	0.76
17000	0.68	0.72	0.72	0.72	0.88	0.78	0.8	0.74	0.66	0.88	0.74	0.68	0.7	0.68	0.62	0.8
17050	0.68	0.72	0.76	0.74	0.88	0.76	0.82	0.76	0.74	0.86	0.76	0.64	0.7	0.68	0.66	0.8
17100	0.68	0.68	0.8	0.8	0.88	0.72	0.84	0.74	0.78	0.88	0.74	0.6	0.68	0.72	0.66	0.78
17150	0.72	0.7	0.84	0.84	0.9	0.76	0.82	0.74	0.76	0.9	0.76	0.6	0.74	0.74	0.66	0.8
17200	0.7	0.7	0.84	0.84	0.88	0.72	0.8	0.7	0.76	0.84	0.78	0.64	0.76	0.78	0.6	0.76
17250	0.68	0.68	0.84	0.82	0.9	0.72	0.8	0.76	0.74	0.84	0.72	0.6	0.8	0.8	0.58	0.76
17300	0.72	0.68	0.84	0.8	0.88	0.68	0.78	0.78	0.72	0.78	0.74	0.6	0.76	0.84	0.56	0.76
17350	0.74	0.7	0.86	0.8	0.88	0.64	0.8	0.78	0.76	0.74	0.7	0.58	0.76	0.84	0.6	0.72
17400	0.76	0.7	0.8	0.78	0.84	0.62	0.8	0.76	0.7	0.74	0.72	0.58	0.78	0.82	0.6	0.68
17450	0.78	0.7	0.78	0.78	0.84	0.62	0.76	0.72	0.68	0.7	0.74	0.64	0.8	0.82	0.6	0.66
17500	0.74	0.74	0.76	0.76	0.84	0.64	0.72	0.68	0.64	0.72	0.72	0.62	0.84	0.82	0.64	0.68
17550	0.78	0.72	0.74	0.76	0.8	0.6	0.74	0.68	0.58	0.72	0.68	0.62	0.8	0.82	0.62	0.64
17600	0.76	0.72	0.7	0.74	0.76	0.58	0.72	0.7	0.58	0.66	0.72	0.6	0.8	0.8	0.64	0.66
17650	0.74	0.68	0.68	0.76	0.68	0.58	0.74	0.66	0.58	0.7	0.72	0.62	0.78	0.74	0.64	0.66
17700	0.76	0.7	0.72	0.74	0.68	0.58	0.74	0.62	0.62	0.66	0.72	0.66	0.78	0.7	0.68	0.68
17750	0.76	0.66	0.72	0.76	0.7	0.58	0.74	0.62	0.64	0.68	0.66	0.62	0.72	0.66	0.68	0.68
17800	0.8	0.64	0.74	0.72	0.7	0.62	0.74	0.62	0.62	0.7	0.64	0.7	0.74	0.68	0.68	0.68
17850	0.78	0.6	0.76	0.72	0.68	0.62	0.76	0.64	0.64	0.66	0.64	0.68	0.76	0.66	0.66	0.7
17900	0.76	0.58	0.78	0.74	0.72	0.62	0.82	0.68	0.64	0.68	0.72	0.7	0.76	0.62	0.58	0.66
17950	0.76	0.62	0.78	0.74	0.68	0.6	0.84	0.72	0.66	0.7	0.68	0.7	0.76	0.6	0.62	0.64
18000	0.76	0.66	0.76	0.78	0.68	0.66	0.84	0.72	0.64	0.76	0.68	0.68	0.74	0.64	0.62	0.58
18050	0.74	0.62	0.8	0.78	0.76	0.68	0.82	0.74	0.72	0.74	0.64	0.64	0.76	0.62	0.66	0.56
18100	0.68	0.66	0.88	0.76	0.8	0.64	0.86	0.78	0.68	0.78	0.68	0.66	0.78	0.64	0.66	0.54
18150	0.66	0.7	0.86	0.8	0.8	0.66	0.8	0.8	0.74	0.78	0.64	0.66	0.78	0.62	0.64	0.56
18200	0.64	0.7	0.86	0.82	0.76	0.64	0.82	0.82	0.68	0.8	0.6	0.68	0.74	0.62	0.64	0.52
18250	0.64	0.68	0.88	0.82	0.74	0.68	0.82	0.82	0.72	0.78	0.6	0.74	0.72	0.68	0.64	0.52
18300	0.66	0.7	0.88	0.78	0.76	0.7	0.8	0.82	0.72	0.78	0.64	0.8	0.72	0.66	0.62	0.54
18350	0.68	0.68	0.88	0.74	0.78	0.7	0.76	0.78	0.74	0.7	0.64	0.84	0.72	0.72	0.62	0.46
18400	0.7	0.72	0.88	0.74	0.76	0.74	0.76	0.78	0.76	0.68	0.7	0.88	0.74	0.74	0.64	0.5
18450	0.74	0.7	0.92	0.74	0.72	0.78	0.78	0.82	0.76	0.66	0.72	0.9	0.76	0.74	0.62	0.52
18500	0.8	0.7	0.92	0.84	0.72	0.76	0.8	0.82	0.76	0.7	0.72	0.88	0.74	0.72	0.62	0.52
18550	0.82	0.66	0.86	0.86	0.72	0.74	0.74	0.78	0.78	0.68	0.76	0.88	0.74	0.72	0.62	0.54
18600	0.78	0.72	0.88	0.84	0.66	0.76	0.74	0.78	0.78	0.66	0.76	0.88	0.74	0.72	0.62	0.54
18650	0.78	0.74	0.86	0.82	0.72	0.74	0.7	0.76	0.82	0.66	0.76	0.86	0.76	0.7	0.62	0.54
18700	0.76	0.78	0.86	0.8	0.7	0.7	0.74	0.76	0.74	0.66	0.76	0.84	0.76	0.72	0.6	0.58
18750	0.72	0.74	0.8	0.78	0.68	0.66	0.72	0.76	0.72	0.66	0.78	0.84	0.72	0.68	0.66	0.56
18800	0.68	0.78	0.8	0.8	0.74	0.64	0.72	0.72	0.72	0.66	0.8	0.84	0.7	0.66	0.66	0.54
18850	0.62	0.74	0.8	0.78	0.76	0.6	0.72	0.7	0.72	0.72	0.78	0.82	0.66	0.62	0.68	0.54
18900	0.6	0.76	0.78	0.76	0.76	0.6	0.78	0.66	0.7	0.78	0.74	0.8	0.68	0.66	0.66	0.52
18950	0.62	0.76	0.78	0.72	0.78	0.52	0.78	0.68	0.7	0.78	0.72	0.78	0.64	0.68	0.66	0.54
19000	0.6	0.74	0.76	0.72	0.84	0.52	0.8	0.7	0.7	0.76	0.74	0.78	0.64	0.68	0.68	0.5
19050	0.62	0.76	0.74	0.76	0.84	0.5	0.86	0.7	0.72	0.76	0.76	0.74	0.66	0.68	0.7	0.5
19100	0.58	0.76	0.7	0.76	0.86	0.48	0.86	0.64	0.8	0.78	0.72	0.76	0.66	0.74	0.7	0.54
19150	0.6	0.78	0.68	0.76	0.82	0.46	0.82	0.66	0.84	0.76	0.74	0.74	0.7	0.72	0.7	0.56
19200	0.58	0.76	0.7	0.78	0.82	0.46	0.8	0.68	0.82	0.72	0.74	0.78	0.7	0.72	0.7	0.56
19250	0.54	0.76	0.7	0.76	0.82	0.48	0.72	0.7	0.82	0.72	0.68	0.7	0.68	0.72	0.66	0.56
19300	0.58	0.8	0.66	0.74	0.82	0.46	0.74	0.78	0.82	0.7	0.66	0.74	0.72	0.82	0.66	0.54
19350	0.6	0.78	0.68	0.74	0.8	0.5	0.74	0.8	0.78	0.7	0.66	0.72	0.74	0.76	0.68	0.58
19400	0.66	0.8	0.68	0.74	0.78	0.6	0.76	0.78	0.82	0.7	0.68	0.7	0.74	0.78	0.68	0.6
19450	0.64	0.82	0.7	0.74	0.8	0.64	0.74	0.8	0.76	0.68	0.62	0.72	0.76	0.76	0.68	0.6
19500	0.64	0.78	0.72	0.74	0.84	0.58	0.72	0.86	0.72	0.68	0.6	0.66	0.78	0.7	0.68	0.6
19550	0.66	0.74	0.72	0.72	0.9	0.58	0.74	0.88	0.68	0.68	0.64	0.62	0.8	0.72	0.76	0.56
19600	0.68	0.74	0.7	0.72	0.88	0.6	0.74	0.86	0.66	0.7	0.58	0.62	0.82	0.7	0.76	0.62
19650	0.68	0.72	0.7	0.74	0.88	0.6	0.76	0.86	0.7	0.8	0.62	0.62	0.82	0.7	0.74	0.62
19700	0.72	0.72	0.72	0.78	0.88	0.64	0.78	0.88	0.72	0.82	0.68	0.62	0.82	0.72	0.78	0.64
19750	0.74	0.7	0.72	0.78	0.88	0.68	0.8	0.9	0.7	0.84	0.72	0.6	0.78	0.72	0.78	0.62
19800	0.74	0.72	0.7	0.74	0.88	0.66	0.74	0.88	0.66	0.76	0.7	0.6	0.8	0.72	0.78	0.6
19850	0.78	0.7	0.7	0.74	0.88	0.66	0.72	0.9	0.66	0.8	0.68	0.62	0.8	0.72	0.78	0.6
19900	0.78	0.74	0.76	0.7	0.88	0.74	0.72	0.94	0.68	0.82	0.72	0.64	0.78	0.7	0.76	0.62
19950	0.76	0.76	0.8	0.7	0.88	0.76	0.76	0.94	0.7	0.8	0.74	0.66	0.78	0.7	0.74	0.62
20000	0.8	0.84	0.8	0.7	0.88	0.8	0.76	0.92	0.76	0.78	0.76	0.68	0.78	0.7	0.72	0.64
