0	0.0	0.0	0.0	0.0	0.0	0.0	0.0	0.0	0.0	0.0	0.0	0.0	0.0	0.0	0.0	0.0
50	0.0	0.0	0.0	0.0	0.0	0.0	0.0	0.0	0.0	0.0	0.0	0.0	0.0	0.0	0.0	0.0
100	0.0	0.0625	0.0	0.0	0.0	0.181818181818	0.0833333333333	0.0	0.0	0.0	0.0	0.0	0.0	0.1	0.111111111111	0.0
150	0.153846153846	0.0909090909091	0.0625	0.047619047619	0.0384615384615	0.133333333333	0.047619047619	0.157894736842	0.0	0.0	0.0588235294118	0.105263157895	0.0625	0.214285714286	0.133333333333	0.0714285714286
200	0.21875	0.08	0.0869565217391	0.0769230769231	0.0967741935484	0.0869565217391	0.0740740740741	0.185185185185	0.0588235294118	0.0	0.0833333333333	0.0689655172414	0.0416666666667	0.235294117647	0.217391304348	0.114285714286
250	0.236842105263	0.193548387097	0.111111111111	0.125	0.105263157895	0.111111111111	0.147058823529	0.285714285714	0.0909090909091	0.05	0.0666666666667	0.184210526316	0.1	0.263157894737	0.371428571429	0.159090909091
300	0.295454545455	0.205882352941	0.137931034483	0.170731707317	0.173913043478	0.147058823529	0.232558139535	0.318181818182	0.0967741935484	0.185185185185	0.117647058824	0.244444444444	0.125	0.318181818182	0.386363636364	0.18
350	0.36	0.222222222222	0.230769230769	0.173913043478	0.2	0.142857142857	0.24	0.32	0.138888888889	0.289473684211	0.214285714286	0.28	0.205128205128	0.269230769231	0.44	0.2
400	0.38	0.243902439024	0.222222222222	0.170212765957	0.24	0.133333333333	0.32	0.36	0.186046511628	0.255813953488	0.22	0.34	0.25	0.285714285714	0.42	0.2
450	0.44	0.239130434783	0.24	0.22	0.3	0.18	0.34	0.42	0.224489795918	0.304347826087	0.26	0.38	0.32	0.340909090909	0.44	0.32
500	0.5	0.3	0.28	0.24	0.3	0.18	0.34	0.46	0.3	0.36	0.3	0.4	0.36	0.36	0.36	0.38
550	0.56	0.34	0.32	0.28	0.32	0.16	0.42	0.42	0.32	0.38	0.34	0.48	0.36	0.42	0.36	0.36
600	0.48	0.36	0.32	0.28	0.38	0.26	0.4	0.44	0.34	0.42	0.4	0.48	0.44	0.42	0.36	0.36
650	0.5	0.34	0.34	0.36	0.38	0.26	0.44	0.42	0.38	0.46	0.38	0.46	0.48	0.44	0.34	0.4
700	0.54	0.32	0.34	0.34	0.4	0.3	0.44	0.4	0.4	0.48	0.36	0.46	0.46	0.44	0.34	0.44
750	0.5	0.36	0.32	0.34	0.46	0.34	0.46	0.42	0.44	0.48	0.32	0.46	0.4	0.48	0.3	0.48
800	0.48	0.3	0.28	0.34	0.44	0.34	0.44	0.4	0.44	0.44	0.38	0.46	0.38	0.5	0.36	0.54
850	0.54	0.28	0.28	0.4	0.5	0.38	0.44	0.46	0.48	0.42	0.42	0.46	0.38	0.5	0.38	0.48
900	0.54	0.32	0.3	0.42	0.52	0.36	0.46	0.48	0.5	0.42	0.44	0.48	0.38	0.52	0.4	0.48
950	0.56	0.32	0.3	0.44	0.54	0.36	0.46	0.5	0.52	0.36	0.46	0.48	0.36	0.52	0.42	0.54
1000	0.54	0.36	0.3	0.44	0.56	0.4	0.48	0.52	0.52	0.4	0.48	0.5	0.34	0.5	0.5	0.58
1050	0.6	0.36	0.34	0.42	0.56	0.34	0.46	0.58	0.54	0.38	0.46	0.48	0.32	0.48	0.52	0.5
1100	0.66	0.44	0.36	0.4	0.58	0.34	0.48	0.56	0.54	0.36	0.46	0.52	0.32	0.48	0.5	0.54
1150	0.66	0.42	0.4	0.42	0.56	0.32	0.48	0.56	0.5	0.36	0.48	0.52	0.32	0.46	0.48	0.5
1200	0.66	0.4	0.4	0.4	0.54	0.34	0.48	0.5	0.44	0.36	0.52	0.54	0.34	0.46	0.44	0.48
1250	0.64	0.38	0.42	0.38	0.62	0.4	0.48	0.48	0.4	0.4	0.5	0.58	0.36	0.46	0.44	0.48
1300	0.64	0.38	0.44	0.38	0.6	0.38	0.46	0.48	0.38	0.42	0.5	0.58	0.36	0.48	0.4	0.46
1350	0.66	0.42	0.38	0.32	0.58	0.4	0.46	0.46	0.36	0.44	0.48	0.54	0.34	0.5	0.38	0.4
1400	0.7	0.36	0.4	0.26	0.56	0.44	0.46	0.52	0.36	0.46	0.46	0.6	0.4	0.5	0.36	0.36
1450	0.66	0.34	0.38	0.3	0.54	0.46	0.44	0.5	0.4	0.46	0.46	0.58	0.42	0.5	0.32	0.32
1500	0.58	0.32	0.38	0.26	0.52	0.46	0.42	0.56	0.36	0.46	0.4	0.52	0.42	0.5	0.32	0.4
1550	0.56	0.28	0.38	0.28	0.5	0.46	0.46	0.58	0.38	0.44	0.44	0.52	0.42	0.52	0.36	0.36
1600	0.56	0.32	0.3	0.32	0.5	0.4	0.44	0.64	0.4	0.46	0.48	0.5	0.44	0.52	0.42	0.32
1650	0.5	0.3	0.3	0.36	0.5	0.44	0.42	0.58	0.38	0.44	0.5	0.48	0.46	0.46	0.38	0.34
1700	0.54	0.34	0.34	0.38	0.46	0.46	0.4	0.54	0.38	0.46	0.48	0.54	0.44	0.5	0.4	0.34
1750	0.52	0.34	0.3	0.4	0.46	0.46	0.4	0.52	0.4	0.46	0.46	0.52	0.46	0.56	0.38	0.38
1800	0.5	0.38	0.34	0.4	0.44	0.46	0.38	0.52	0.42	0.42	0.5	0.46	0.44	0.58	0.44	0.38
1850	0.54	0.44	0.38	0.4	0.42	0.48	0.44	0.48	0.44	0.42	0.48	0.5	0.52	0.6	0.5	0.38
1900	0.52	0.46	0.36	0.44	0.42	0.48	0.48	0.44	0.46	0.42	0.48	0.52	0.5	0.6	0.52	0.38
1950	0.52	0.52	0.42	0.42	0.46	0.46	0.5	0.4	0.44	0.48	0.52	0.6	0.52	0.62	0.5	0.42
2000	0.48	0.54	0.48	0.46	0.48	0.5	0.5	0.42	0.44	0.5	0.52	0.58	0.48	0.6	0.5	0.52
2050	0.54	0.54	0.54	0.46	0.5	0.5	0.54	0.4	0.38	0.44	0.54	0.5	0.48	0.56	0.5	0.5
2100	0.56	0.52	0.52	0.48	0.42	0.5	0.6	0.42	0.38	0.48	0.48	0.48	0.5	0.56	0.58	0.56
2150	0.54	0.54	0.52	0.52	0.48	0.46	0.56	0.42	0.42	0.56	0.52	0.52	0.52	0.5	0.62	0.54
2200	0.5	0.5	0.52	0.52	0.48	0.5	0.56	0.4	0.32	0.54	0.54	0.54	0.52	0.48	0.58	0.54
2250	0.52	0.48	0.48	0.5	0.44	0.48	0.5	0.32	0.32	0.48	0.56	0.56	0.44	0.46	0.56	0.52
2300	0.56	0.48	0.46	0.48	0.44	0.44	0.48	0.34	0.3	0.54	0.52	0.58	0.42	0.46	0.58	0.48
2350	0.52	0.48	0.48	0.5	0.42	0.44	0.44	0.42	0.28	0.52	0.5	0.56	0.4	0.42	0.56	0.48
2400	0.62	0.44	0.5	0.44	0.4	0.44	0.5	0.44	0.32	0.52	0.48	0.48	0.46	0.42	0.58	0.48
2450	0.62	0.5	0.5	0.46	0.48	0.46	0.52	0.48	0.32	0.52	0.5	0.56	0.46	0.42	0.54	0.5
2500	0.64	0.48	0.46	0.44	0.52	0.48	0.52	0.5	0.32	0.56	0.44	0.62	0.44	0.46	0.48	0.46
2550	0.66	0.48	0.46	0.42	0.54	0.46	0.5	0.54	0.34	0.56	0.52	0.6	0.48	0.44	0.5	0.46
2600	0.68	0.48	0.42	0.46	0.56	0.5	0.44	0.56	0.36	0.6	0.58	0.62	0.46	0.46	0.5	0.42
2650	0.66	0.48	0.42	0.48	0.52	0.48	0.46	0.66	0.52	0.64	0.58	0.58	0.54	0.52	0.48	0.4
2700	0.64	0.44	0.42	0.46	0.56	0.54	0.48	0.64	0.54	0.62	0.64	0.58	0.58	0.56	0.38	0.36
2750	0.7	0.44	0.48	0.5	0.6	0.52	0.52	0.64	0.52	0.64	0.64	0.58	0.62	0.56	0.46	0.4
2800	0.7	0.42	0.5	0.48	0.6	0.5	0.46	0.64	0.58	0.58	0.66	0.64	0.54	0.56	0.48	0.34
2850	0.72	0.4	0.5	0.46	0.56	0.46	0.4	0.6	0.62	0.52	0.68	0.6	0.54	0.54	0.46	0.32
2900	0.68	0.44	0.52	0.52	0.52	0.46	0.36	0.62	0.6	0.48	0.68	0.54	0.6	0.58	0.48	0.34
2950	0.64	0.46	0.52	0.56	0.52	0.54	0.4	0.6	0.64	0.48	0.58	0.5	0.6	0.6	0.48	0.36
3000	0.64	0.48	0.54	0.52	0.54	0.5	0.42	0.56	0.62	0.46	0.54	0.54	0.6	0.6	0.5	0.4
3050	0.72	0.48	0.54	0.54	0.54	0.48	0.44	0.56	0.56	0.48	0.54	0.52	0.6	0.56	0.54	0.42
3100	0.72	0.56	0.56	0.5	0.54	0.44	0.46	0.52	0.56	0.46	0.54	0.58	0.56	0.56	0.54	0.44
3150	0.74	0.58	0.46	0.5	0.56	0.44	0.5	0.54	0.54	0.48	0.6	0.58	0.56	0.58	0.52	0.52
3200	0.76	0.58	0.44	0.56	0.54	0.46	0.54	0.54	0.54	0.5	0.58	0.62	0.56	0.54	0.58	0.5
3250	0.78	0.6	0.42	0.52	0.58	0.48	0.56	0.5	0.54	0.52	0.58	0.64	0.6	0.58	0.56	0.46
3300	0.82	0.6	0.38	0.5	0.58	0.5	0.64	0.5	0.44	0.56	0.64	0.64	0.52	0.58	0.56	0.44
3350	0.8	0.54	0.38	0.44	0.56	0.46	0.54	0.56	0.4	0.56	0.68	0.64	0.48	0.54	0.56	0.48
3400	0.76	0.52	0.38	0.4	0.56	0.38	0.54	0.54	0.34	0.58	0.7	0.62	0.48	0.48	0.56	0.44
3450	0.72	0.5	0.36	0.42	0.6	0.38	0.52	0.56	0.36	0.56	0.7	0.64	0.48	0.48	0.56	0.48
3500	0.7	0.48	0.36	0.38	0.62	0.38	0.5	0.56	0.36	0.52	0.64	0.6	0.46	0.4	0.56	0.34
3550	0.7	0.5	0.4	0.42	0.6	0.34	0.46	0.58	0.38	0.52	0.64	0.58	0.44	0.44	0.52	0.38
3600	0.72	0.6	0.5	0.42	0.56	0.36	0.44	0.56	0.38	0.44	0.66	0.58	0.38	0.44	0.5	0.36
3650	0.74	0.6	0.56	0.42	0.54	0.38	0.42	0.6	0.46	0.42	0.68	0.56	0.38	0.42	0.42	0.4
3700	0.74	0.62	0.52	0.44	0.58	0.42	0.46	0.6	0.48	0.38	0.62	0.52	0.3	0.38	0.38	0.36
3750	0.74	0.64	0.54	0.42	0.5	0.4	0.5	0.58	0.46	0.44	0.6	0.52	0.32	0.44	0.38	0.32
3800	0.76	0.56	0.56	0.46	0.46	0.4	0.46	0.56	0.46	0.42	0.6	0.48	0.32	0.4	0.36	0.32
3850	0.76	0.62	0.54	0.46	0.42	0.4	0.42	0.5	0.46	0.46	0.54	0.46	0.3	0.5	0.36	0.36
3900	0.78	0.62	0.48	0.44	0.26	0.4	0.4	0.56	0.48	0.48	0.54	0.44	0.36	0.48	0.36	0.42
3950	0.78	0.64	0.48	0.42	0.28	0.38	0.42	0.5	0.46	0.5	0.54	0.38	0.3	0.44	0.34	0.42
4000	0.82	0.58	0.5	0.44	0.32	0.38	0.46	0.5	0.46	0.56	0.54	0.38	0.32	0.44	0.46	0.44
4050	0.84	0.6	0.52	0.5	0.34	0.38	0.48	0.46	0.44	0.6	0.54	0.38	0.38	0.44	0.46	0.36
4100	0.8	0.6	0.5	0.48	0.4	0.38	0.46	0.44	0.46	0.56	0.5	0.4	0.4	0.38	0.5	0.4
4150	0.76	0.64	0.56	0.46	0.46	0.42	0.44	0.42	0.46	0.56	0.46	0.38	0.38	0.34	0.5	0.4
4200	0.78	0.64	0.58	0.5	0.52	0.42	0.5	0.38	0.46	0.58	0.46	0.4	0.38	0.32	0.52	0.4
4250	0.8	0.66	0.6	0.52	0.54	0.42	0.52	0.36	0.44	0.58	0.46	0.38	0.44	0.38	0.5	0.48
4300	0.8	0.66	0.54	0.5	0.56	0.46	0.58	0.38	0.44	0.56	0.44	0.34	0.54	0.38	0.5	0.46
4350	0.84	0.6	0.52	0.52	0.56	0.48	0.6	0.36	0.46	0.58	0.44	0.38	0.52	0.42	0.52	0.44
4400	0.84	0.66	0.54	0.58	0.56	0.5	0.58	0.42	0.42	0.58	0.52	0.38	0.54	0.46	0.48	0.48
4450	0.8	0.66	0.54	0.56	0.54	0.46	0.58	0.46	0.42	0.56	0.54	0.38	0.52	0.48	0.48	0.5
4500	0.78	0.64	0.52	0.56	0.52	0.46	0.6	0.48	0.44	0.56	0.54	0.36	0.54	0.52	0.48	0.54
4550	0.8	0.64	0.54	0.54	0.54	0.48	0.5	0.56	0.46	0.54	0.58	0.36	0.56	0.58	0.52	0.5
4600	0.78	0.64	0.5	0.48	0.48	0.46	0.48	0.56	0.5	0.52	0.58	0.38	0.58	0.64	0.48	0.52
4650	0.76	0.66	0.5	0.54	0.46	0.44	0.42	0.58	0.52	0.52	0.68	0.38	0.56	0.64	0.48	0.5
4700	0.72	0.7	0.52	0.5	0.5	0.42	0.42	0.6	0.56	0.56	0.72	0.38	0.56	0.58	0.52	0.48
4750	0.72	0.68	0.56	0.48	0.5	0.4	0.42	0.56	0.56	0.52	0.68	0.42	0.48	0.56	0.52	0.5
4800	0.7	0.66	0.52	0.44	0.52	0.44	0.44	0.54	0.52	0.46	0.66	0.42	0.48	0.52	0.48	0.5
4850	0.72	0.62	0.5	0.48	0.54	0.4	0.44	0.54	0.48	0.48	0.6	0.46	0.44	0.48	0.42	0.52
4900	0.72	0.6	0.52	0.46	0.54	0.46	0.5	0.46	0.44	0.46	0.58	0.48	0.44	0.54	0.46	0.48
4950	0.68	0.62	0.52	0.58	0.56	0.48	0.5	0.44	0.42	0.46	0.58	0.5	0.44	0.54	0.46	0.44
5000	0.7	0.62	0.5	0.58	0.56	0.48	0.58	0.44	0.4	0.46	0.56	0.5	0.42	0.5	0.46	0.46
5050	0.72	0.58	0.5	0.54	0.62	0.54	0.6	0.4	0.34	0.42	0.56	0.52	0.44	0.48	0.46	0.5
5100	0.76	0.56	0.5	0.58	0.64	0.52	0.58	0.38	0.32	0.46	0.54	0.56	0.46	0.5	0.54	0.48
5150	0.72	0.56	0.58	0.56	0.7	0.56	0.62	0.38	0.34	0.46	0.54	0.62	0.48	0.54	0.54	0.52
5200	0.68	0.54	0.54	0.58	0.68	0.58	0.62	0.38	0.36	0.58	0.52	0.66	0.5	0.5	0.56	0.5
5250	0.7	0.58	0.58	0.6	0.66	0.56	0.56	0.4	0.38	0.6	0.54	0.64	0.48	0.58	0.48	0.52
5300	0.7	0.6	0.66	0.6	0.66	0.62	0.6	0.42	0.42	0.56	0.56	0.64	0.52	0.58	0.46	0.58
5350	0.7	0.62	0.66	0.54	0.66	0.6	0.58	0.44	0.44	0.58	0.58	0.66	0.52	0.58	0.52	0.62
5400	0.68	0.6	0.64	0.54	0.64	0.56	0.56	0.42	0.46	0.62	0.56	0.68	0.52	0.58	0.44	0.58
5450	0.7	0.54	0.6	0.5	0.62	0.56	0.52	0.42	0.46	0.62	0.56	0.64	0.48	0.56	0.46	0.58
5500	0.7	0.56	0.58	0.56	0.54	0.52	0.5	0.42	0.4	0.64	0.56	0.68	0.5	0.58	0.46	0.56
5550	0.68	0.54	0.58	0.52	0.52	0.54	0.54	0.44	0.44	0.62	0.56	0.66	0.46	0.58	0.48	0.56
5600	0.72	0.52	0.56	0.54	0.52	0.5	0.52	0.4	0.44	0.6	0.56	0.58	0.46	0.56	0.54	0.52
5650	0.8	0.56	0.5	0.5	0.54	0.52	0.54	0.42	0.48	0.56	0.56	0.52	0.46	0.58	0.56	0.54
5700	0.84	0.6	0.48	0.56	0.5	0.54	0.58	0.38	0.48	0.56	0.54	0.54	0.48	0.54	0.56	0.5
5750	0.88	0.58	0.42	0.52	0.52	0.46	0.58	0.38	0.48	0.62	0.56	0.54	0.44	0.56	0.56	0.46
5800	0.88	0.54	0.44	0.5	0.52	0.44	0.58	0.44	0.56	0.62	0.6	0.46	0.46	0.54	0.6	0.42
5850	0.9	0.5	0.46	0.52	0.52	0.46	0.6	0.48	0.52	0.56	0.62	0.48	0.46	0.56	0.62	0.38
5900	0.92	0.58	0.5	0.5	0.52	0.44	0.64	0.52	0.58	0.58	0.6	0.54	0.48	0.56	0.6	0.46
5950	0.92	0.54	0.48	0.6	0.52	0.5	0.64	0.56	0.64	0.62	0.6	0.58	0.52	0.54	0.62	0.48
6000	0.88	0.6	0.5	0.58	0.52	0.5	0.62	0.56	0.66	0.62	0.58	0.62	0.52	0.56	0.54	0.54
6050	0.84	0.62	0.56	0.56	0.54	0.46	0.58	0.62	0.64	0.62	0.54	0.66	0.58	0.6	0.52	0.5
6100	0.84	0.62	0.54	0.62	0.54	0.44	0.62	0.68	0.66	0.64	0.6	0.7	0.56	0.62	0.52	0.58
6150	0.8	0.58	0.58	0.62	0.52	0.5	0.64	0.72	0.68	0.68	0.58	0.68	0.66	0.64	0.46	0.58
6200	0.78	0.56	0.56	0.64	0.52	0.52	0.62	0.74	0.66	0.7	0.64	0.66	0.66	0.66	0.48	0.6
6250	0.76	0.58	0.54	0.66	0.52	0.48	0.58	0.7	0.68	0.7	0.62	0.66	0.68	0.64	0.5	0.62
6300	0.74	0.56	0.54	0.6	0.52	0.5	0.58	0.66	0.7	0.68	0.62	0.68	0.66	0.64	0.54	0.58
6350	0.74	0.56	0.58	0.6	0.5	0.58	0.54	0.64	0.68	0.68	0.66	0.7	0.64	0.62	0.56	0.6
6400	0.74	0.6	0.52	0.58	0.56	0.6	0.58	0.64	0.64	0.68	0.66	0.66	0.62	0.64	0.54	0.6
6450	0.78	0.58	0.58	0.56	0.54	0.58	0.66	0.6	0.6	0.62	0.72	0.66	0.62	0.68	0.62	0.66
6500	0.72	0.6	0.64	0.62	0.58	0.6	0.64	0.6	0.56	0.58	0.72	0.62	0.54	0.62	0.68	0.66
6550	0.74	0.56	0.66	0.6	0.56	0.58	0.58	0.6	0.52	0.58	0.78	0.6	0.58	0.62	0.7	0.66
6600	0.72	0.52	0.66	0.6	0.5	0.54	0.56	0.64	0.5	0.6	0.74	0.58	0.56	0.62	0.68	0.66
6650	0.68	0.54	0.7	0.56	0.52	0.5	0.6	0.66	0.56	0.6	0.72	0.6	0.62	0.64	0.7	0.62
6700	0.68	0.6	0.68	0.6	0.5	0.54	0.66	0.72	0.58	0.64	0.76	0.66	0.66	0.66	0.68	0.68
6750	0.7	0.54	0.66	0.62	0.54	0.6	0.6	0.7	0.5	0.7	0.78	0.68	0.64	0.68	0.7	0.66
6800	0.68	0.58	0.74	0.62	0.46	0.58	0.52	0.7	0.44	0.7	0.74	0.62	0.66	0.7	0.66	0.56
6850	0.68	0.6	0.72	0.64	0.5	0.56	0.54	0.68	0.42	0.76	0.72	0.6	0.68	0.68	0.68	0.5
6900	0.68	0.6	0.68	0.62	0.48	0.58	0.58	0.7	0.4	0.74	0.72	0.6	0.68	0.68	0.7	0.48
6950	0.7	0.58	0.68	0.58	0.52	0.54	0.56	0.76	0.44	0.74	0.72	0.6	0.64	0.66	0.68	0.52
7000	0.74	0.62	0.68	0.6	0.54	0.56	0.58	0.74	0.44	0.78	0.74	0.58	0.6	0.62	0.66	0.56
7050	0.78	0.54	0.7	0.6	0.54	0.58	0.56	0.72	0.44	0.78	0.74	0.58	0.52	0.64	0.66	0.6
7100	0.74	0.5	0.72	0.62	0.54	0.58	0.58	0.74	0.5	0.78	0.76	0.58	0.5	0.64	0.68	0.52
7150	0.78	0.58	0.68	0.6	0.52	0.52	0.62	0.7	0.52	0.74	0.74	0.58	0.48	0.58	0.62	0.5
7200	0.82	0.48	0.7	0.6	0.5	0.5	0.68	0.68	0.62	0.74	0.76	0.62	0.5	0.52	0.62	0.54
7250	0.84	0.48	0.7	0.66	0.58	0.52	0.7	0.7	0.64	0.72	0.8	0.58	0.5	0.56	0.64	0.56
7300	0.78	0.54	0.72	0.72	0.5	0.54	0.7	0.62	0.66	0.76	0.74	0.62	0.52	0.56	0.62	0.56
7350	0.76	0.56	0.72	0.7	0.54	0.52	0.72	0.6	0.66	0.74	0.72	0.64	0.52	0.58	0.66	0.54
7400	0.76	0.58	0.64	0.68	0.52	0.6	0.68	0.56	0.62	0.72	0.74	0.66	0.54	0.58	0.58	0.52
7450	0.76	0.62	0.7	0.66	0.54	0.62	0.68	0.56	0.6	0.74	0.7	0.68	0.66	0.58	0.66	0.52
7500	0.8	0.62	0.72	0.66	0.56	0.58	0.62	0.58	0.58	0.68	0.66	0.7	0.64	0.6	0.66	0.56
7550	0.76	0.64	0.72	0.62	0.62	0.58	0.68	0.6	0.56	0.72	0.66	0.66	0.58	0.62	0.6	0.6
7600	0.72	0.68	0.7	0.6	0.62	0.58	0.68	0.62	0.58	0.78	0.66	0.7	0.62	0.64	0.6	0.6
7650	0.74	0.66	0.64	0.6	0.66	0.52	0.68	0.62	0.58	0.8	0.66	0.68	0.62	0.66	0.52	0.6
7700	0.72	0.64	0.64	0.56	0.58	0.56	0.64	0.62	0.54	0.76	0.64	0.72	0.58	0.68	0.52	0.64
7750	0.76	0.72	0.64	0.58	0.58	0.58	0.6	0.66	0.54	0.78	0.64	0.74	0.58	0.7	0.48	0.64
7800	0.74	0.7	0.7	0.64	0.58	0.56	0.58	0.64	0.54	0.82	0.62	0.7	0.52	0.68	0.5	0.64
7850	0.76	0.7	0.68	0.68	0.6	0.54	0.56	0.62	0.52	0.84	0.62	0.68	0.52	0.7	0.5	0.64
7900	0.76	0.72	0.62	0.74	0.62	0.52	0.56	0.62	0.52	0.88	0.58	0.7	0.56	0.68	0.5	0.62
7950	0.76	0.74	0.6	0.72	0.6	0.56	0.58	0.66	0.56	0.86	0.58	0.68	0.56	0.74	0.54	0.64
8000	0.74	0.74	0.6	0.76	0.58	0.58	0.58	0.62	0.62	0.84	0.56	0.6	0.54	0.7	0.56	0.66
8050	0.78	0.78	0.56	0.78	0.56	0.56	0.62	0.66	0.62	0.82	0.6	0.62	0.56	0.7	0.62	0.68
8100	0.8	0.78	0.54	0.82	0.6	0.6	0.64	0.7	0.66	0.78	0.64	0.64	0.58	0.7	0.68	0.72
8150	0.82	0.78	0.5	0.78	0.58	0.56	0.6	0.66	0.7	0.74	0.62	0.58	0.6	0.7	0.68	0.74
8200	0.82	0.7	0.52	0.82	0.54	0.56	0.62	0.6	0.64	0.72	0.64	0.56	0.56	0.7	0.66	0.74
8250	0.84	0.76	0.48	0.76	0.56	0.52	0.68	0.62	0.66	0.68	0.68	0.62	0.6	0.7	0.66	0.74
8300	0.86	0.76	0.52	0.78	0.54	0.52	0.64	0.58	0.68	0.62	0.66	0.64	0.54	0.72	0.7	0.7
8350	0.84	0.72	0.54	0.78	0.5	0.52	0.62	0.62	0.68	0.64	0.72	0.66	0.54	0.66	0.72	0.7
8400	0.78	0.74	0.6	0.76	0.5	0.52	0.56	0.56	0.66	0.62	0.72	0.7	0.5	0.66	0.66	0.68
8450	0.78	0.72	0.6	0.76	0.54	0.54	0.52	0.54	0.66	0.68	0.74	0.64	0.5	0.68	0.68	0.66
8500	0.74	0.74	0.6	0.76	0.48	0.52	0.42	0.56	0.64	0.72	0.72	0.6	0.5	0.66	0.6	0.6
8550	0.74	0.74	0.6	0.74	0.46	0.56	0.44	0.62	0.64	0.78	0.74	0.62	0.54	0.62	0.62	0.58
8600	0.72	0.74	0.62	0.7	0.48	0.54	0.42	0.62	0.68	0.74	0.74	0.68	0.52	0.64	0.64	0.64
8650	0.72	0.7	0.68	0.7	0.48	0.56	0.44	0.66	0.66	0.76	0.78	0.66	0.48	0.68	0.6	0.7
8700	0.72	0.7	0.64	0.74	0.5	0.52	0.52	0.66	0.68	0.74	0.76	0.64	0.54	0.62	0.6	0.7
8750	0.76	0.7	0.7	0.78	0.44	0.52	0.48	0.66	0.64	0.76	0.74	0.66	0.54	0.6	0.6	0.66
8800	0.82	0.7	0.74	0.82	0.48	0.5	0.54	0.68	0.68	0.74	0.72	0.62	0.56	0.58	0.66	0.66
8850	0.82	0.66	0.74	0.78	0.48	0.5	0.62	0.68	0.72	0.78	0.72	0.7	0.6	0.58	0.66	0.68
8900	0.84	0.64	0.76	0.8	0.52	0.52	0.68	0.68	0.68	0.76	0.7	0.66	0.62	0.62	0.68	0.68
8950	0.82	0.58	0.76	0.82	0.5	0.54	0.66	0.72	0.7	0.78	0.68	0.6	0.64	0.62	0.72	0.7
9000	0.82	0.54	0.72	0.8	0.5	0.52	0.64	0.72	0.72	0.78	0.66	0.54	0.62	0.62	0.68	0.64
9050	0.84	0.58	0.72	0.78	0.5	0.56	0.64	0.74	0.76	0.78	0.64	0.58	0.62	0.62	0.66	0.66
9100	0.86	0.58	0.66	0.76	0.52	0.56	0.7	0.68	0.74	0.8	0.62	0.6	0.62	0.58	0.66	0.66
9150	0.84	0.58	0.66	0.74	0.6	0.56	0.6	0.68	0.72	0.78	0.62	0.64	0.62	0.56	0.64	0.68
9200	0.86	0.56	0.62	0.72	0.58	0.54	0.56	0.68	0.68	0.76	0.62	0.64	0.6	0.6	0.64	0.68
9250	0.86	0.56	0.58	0.74	0.58	0.56	0.56	0.66	0.64	0.7	0.62	0.66	0.56	0.64	0.64	0.66
9300	0.9	0.54	0.54	0.74	0.54	0.6	0.58	0.62	0.68	0.64	0.68	0.68	0.6	0.62	0.64	0.62
9350	0.92	0.52	0.54	0.74	0.54	0.62	0.58	0.62	0.66	0.58	0.66	0.7	0.56	0.64	0.62	0.58
9400	0.92	0.62	0.54	0.7	0.52	0.62	0.6	0.62	0.64	0.58	0.68	0.68	0.54	0.62	0.6	0.56
9450	0.92	0.66	0.54	0.68	0.52	0.66	0.48	0.58	0.64	0.58	0.66	0.68	0.56	0.56	0.62	0.5
9500	0.9	0.7	0.5	0.66	0.54	0.68	0.48	0.64	0.62	0.62	0.66	0.68	0.6	0.62	0.68	0.48
9550	0.88	0.68	0.52	0.7	0.52	0.68	0.48	0.62	0.64	0.62	0.66	0.68	0.6	0.68	0.68	0.44
9600	0.84	0.74	0.56	0.66	0.52	0.7	0.48	0.58	0.68	0.66	0.68	0.64	0.58	0.64	0.68	0.46
9650	0.82	0.74	0.62	0.68	0.52	0.76	0.52	0.58	0.66	0.66	0.68	0.64	0.58	0.68	0.7	0.48
9700	0.76	0.8	0.62	0.66	0.52	0.72	0.54	0.56	0.66	0.72	0.64	0.6	0.6	0.68	0.64	0.48
9750	0.74	0.8	0.58	0.6	0.5	0.72	0.54	0.56	0.62	0.74	0.64	0.62	0.62	0.72	0.68	0.48
9800	0.76	0.76	0.62	0.6	0.48	0.78	0.52	0.56	0.62	0.76	0.64	0.62	0.62	0.72	0.66	0.48
9850	0.76	0.72	0.58	0.62	0.42	0.8	0.52	0.58	0.6	0.76	0.66	0.62	0.64	0.74	0.6	0.54
9900	0.78	0.74	0.56	0.58	0.44	0.76	0.56	0.56	0.58	0.74	0.72	0.64	0.64	0.68	0.54	0.52
9950	0.82	0.72	0.54	0.62	0.48	0.78	0.62	0.6	0.54	0.74	0.68	0.7	0.64	0.72	0.54	0.52
10000	0.82	0.74	0.52	0.64	0.54	0.8	0.64	0.64	0.56	0.74	0.7	0.7	0.66	0.7	0.56	0.48
10050	0.86	0.74	0.52	0.64	0.56	0.74	0.6	0.64	0.6	0.76	0.72	0.78	0.74	0.72	0.5	0.46
10100	0.88	0.74	0.5	0.66	0.52	0.76	0.58	0.64	0.58	0.76	0.76	0.78	0.72	0.74	0.54	0.46
10150	0.84	0.76	0.42	0.64	0.48	0.7	0.58	0.66	0.6	0.76	0.76	0.76	0.7	0.7	0.52	0.46
10200	0.86	0.76	0.48	0.68	0.46	0.72	0.6	0.68	0.64	0.72	0.78	0.78	0.7	0.7	0.5	0.48
10250	0.86	0.76	0.48	0.68	0.5	0.74	0.64	0.68	0.62	0.7	0.8	0.72	0.68	0.8	0.54	0.46
10300	0.82	0.76	0.58	0.7	0.54	0.72	0.66	0.76	0.6	0.68	0.82	0.68	0.62	0.78	0.56	0.48
10350	0.8	0.72	0.52	0.68	0.52	0.74	0.62	0.76	0.62	0.66	0.84	0.68	0.62	0.76	0.64	0.5
10400	0.8	0.72	0.56	0.7	0.52	0.76	0.6	0.72	0.62	0.64	0.84	0.66	0.64	0.72	0.7	0.5
10450	0.82	0.7	0.62	0.66	0.52	0.72	0.58	0.74	0.58	0.62	0.8	0.72	0.6	0.72	0.66	0.56
10500	0.82	0.72	0.62	0.7	0.54	0.7	0.56	0.76	0.54	0.62	0.76	0.72	0.58	0.74	0.68	0.58
10550	0.82	0.68	0.68	0.68	0.6	0.72	0.54	0.76	0.56	0.64	0.74	0.72	0.56	0.66	0.72	0.58
10600	0.82	0.74	0.76	0.7	0.64	0.7	0.54	0.78	0.62	0.58	0.76	0.74	0.58	0.64	0.7	0.62
10650	0.82	0.74	0.76	0.7	0.64	0.68	0.56	0.78	0.64	0.62	0.76	0.72	0.6	0.62	0.7	0.62
10700	0.86	0.8	0.78	0.7	0.7	0.66	0.64	0.78	0.68	0.66	0.76	0.68	0.58	0.66	0.76	0.62
10750	0.92	0.82	0.8	0.72	0.7	0.68	0.7	0.8	0.62	0.68	0.72	0.64	0.54	0.7	0.74	0.66
10800	0.9	0.82	0.82	0.72	0.72	0.72	0.7	0.78	0.6	0.68	0.74	0.64	0.54	0.72	0.76	0.64
10850	0.86	0.78	0.8	0.72	0.62	0.72	0.72	0.82	0.58	0.7	0.74	0.64	0.56	0.74	0.74	0.64
10900	0.9	0.78	0.82	0.74	0.64	0.8	0.72	0.8	0.56	0.64	0.72	0.6	0.56	0.76	0.74	0.68
10950	0.92	0.76	0.8	0.74	0.62	0.82	0.72	0.78	0.54	0.6	0.74	0.6	0.56	0.74	0.74	0.7
11000	0.88	0.74	0.82	0.8	0.6	0.82	0.7	0.82	0.52	0.6	0.68	0.6	0.6	0.72	0.74	0.68
11050	0.86	0.74	0.82	0.76	0.6	0.86	0.72	0.82	0.48	0.64	0.68	0.58	0.56	0.7	0.76	0.68
11100	0.88	0.68	0.8	0.74	0.6	0.88	0.74	0.78	0.48	0.64	0.68	0.6	0.58	0.7	0.72	0.7
11150	0.92	0.68	0.8	0.74	0.56	0.86	0.7	0.76	0.5	0.62	0.66	0.68	0.6	0.74	0.72	0.7
11200	0.9	0.7	0.74	0.72	0.6	0.84	0.68	0.72	0.48	0.58	0.68	0.68	0.64	0.78	0.74	0.7
11250	0.9	0.7	0.72	0.66	0.58	0.8	0.68	0.66	0.5	0.6	0.64	0.66	0.6	0.78	0.74	0.68
11300	0.9	0.74	0.68	0.66	0.64	0.78	0.7	0.68	0.52	0.64	0.66	0.68	0.56	0.82	0.72	0.68
11350	0.9	0.74	0.68	0.62	0.72	0.74	0.72	0.7	0.56	0.68	0.62	0.66	0.58	0.84	0.7	0.7
11400	0.88	0.74	0.68	0.62	0.66	0.76	0.68	0.7	0.56	0.66	0.66	0.64	0.62	0.86	0.7	0.7
11450	0.86	0.78	0.68	0.6	0.72	0.76	0.7	0.72	0.56	0.66	0.68	0.66	0.68	0.86	0.68	0.72
11500	0.88	0.8	0.68	0.6	0.72	0.76	0.7	0.64	0.56	0.66	0.64	0.62	0.66	0.84	0.68	0.7
11550	0.88	0.82	0.68	0.64	0.7	0.76	0.78	0.68	0.64	0.64	0.64	0.66	0.64	0.82	0.7	0.72
11600	0.88	0.82	0.72	0.7	0.7	0.82	0.78	0.7	0.72	0.64	0.66	0.66	0.72	0.8	0.7	0.76
11650	0.84	0.82	0.76	0.76	0.7	0.84	0.72	0.74	0.76	0.68	0.72	0.7	0.76	0.78	0.72	0.78
11700	0.86	0.84	0.8	0.78	0.64	0.88	0.74	0.78	0.78	0.62	0.78	0.7	0.76	0.74	0.7	0.74
11750	0.88	0.82	0.84	0.8	0.62	0.88	0.74	0.74	0.76	0.68	0.82	0.68	0.76	0.72	0.74	0.74
11800	0.9	0.82	0.8	0.84	0.64	0.82	0.78	0.74	0.72	0.66	0.78	0.72	0.74	0.76	0.76	0.74
11850	0.9	0.76	0.8	0.82	0.58	0.84	0.74	0.76	0.7	0.64	0.86	0.7	0.74	0.74	0.8	0.76
11900	0.9	0.74	0.84	0.8	0.6	0.84	0.74	0.74	0.74	0.6	0.82	0.7	0.76	0.72	0.74	0.74
11950	0.88	0.72	0.8	0.82	0.6	0.78	0.72	0.7	0.72	0.6	0.82	0.72	0.78	0.74	0.76	0.72
12000	0.88	0.74	0.78	0.8	0.64	0.74	0.7	0.68	0.66	0.6	0.82	0.72	0.74	0.7	0.74	0.72
12050	0.88	0.78	0.78	0.84	0.66	0.72	0.66	0.68	0.6	0.58	0.78	0.78	0.74	0.66	0.76	0.7
12100	0.86	0.78	0.72	0.8	0.66	0.66	0.68	0.72	0.62	0.68	0.8	0.8	0.76	0.64	0.68	0.66
12150	0.9	0.76	0.76	0.82	0.74	0.72	0.72	0.76	0.62	0.7	0.78	0.86	0.78	0.72	0.7	0.68
12200	0.9	0.74	0.74	0.8	0.76	0.7	0.7	0.8	0.68	0.74	0.78	0.88	0.78	0.74	0.68	0.66
12250	0.92	0.8	0.72	0.8	0.78	0.74	0.66	0.8	0.64	0.72	0.76	0.88	0.76	0.72	0.72	0.68
12300	0.9	0.86	0.66	0.82	0.74	0.76	0.68	0.84	0.62	0.76	0.8	0.86	0.72	0.7	0.72	0.68
12350	0.9	0.88	0.66	0.84	0.74	0.76	0.7	0.84	0.62	0.76	0.8	0.84	0.76	0.76	0.72	0.68
12400	0.9	0.88	0.62	0.82	0.74	0.74	0.7	0.86	0.62	0.76	0.82	0.8	0.78	0.8	0.74	0.72
12450	0.92	0.86	0.6	0.8	0.72	0.78	0.7	0.84	0.64	0.74	0.86	0.76	0.78	0.82	0.72	0.72
12500	0.94	0.88	0.6	0.78	0.74	0.82	0.72	0.8	0.62	0.72	0.86	0.76	0.76	0.82	0.74	0.74
12550	0.94	0.88	0.64	0.78	0.68	0.82	0.74	0.76	0.62	0.66	0.86	0.78	0.76	0.8	0.74	0.74
12600	0.92	0.88	0.66	0.76	0.68	0.82	0.72	0.74	0.56	0.64	0.84	0.82	0.74	0.78	0.76	0.72
12650	0.92	0.92	0.72	0.78	0.68	0.82	0.78	0.78	0.58	0.66	0.86	0.84	0.74	0.82	0.74	0.76
12700	0.94	0.88	0.64	0.74	0.68	0.78	0.78	0.72	0.62	0.68	0.88	0.84	0.76	0.8	0.76	0.74
12750	0.94	0.86	0.7	0.76	0.7	0.76	0.76	0.72	0.66	0.62	0.88	0.92	0.78	0.74	0.74	0.74
12800	0.96	0.84	0.68	0.78	0.7	0.76	0.76	0.74	0.7	0.7	0.86	0.88	0.8	0.76	0.74	0.74
12850	0.96	0.82	0.7	0.8	0.74	0.76	0.78	0.76	0.78	0.72	0.86	0.86	0.8	0.78	0.8	0.8
12900	0.94	0.8	0.72	0.76	0.78	0.76	0.78	0.78	0.8	0.78	0.88	0.86	0.82	0.8	0.84	0.78
12950	0.96	0.84	0.66	0.78	0.76	0.78	0.78	0.8	0.82	0.78	0.86	0.84	0.82	0.84	0.78	0.76
13000	0.94	0.82	0.68	0.8	0.8	0.76	0.76	0.84	0.78	0.8	0.8	0.82	0.8	0.86	0.8	0.8
13050	0.92	0.78	0.68	0.8	0.8	0.78	0.78	0.82	0.82	0.78	0.8	0.84	0.78	0.88	0.8	0.82
13100	0.88	0.76	0.64	0.8	0.82	0.74	0.74	0.82	0.78	0.78	0.78	0.86	0.76	0.86	0.84	0.82
13150	0.88	0.74	0.62	0.84	0.84	0.78	0.74	0.84	0.78	0.8	0.76	0.86	0.78	0.78	0.82	0.76
13200	0.82	0.8	0.66	0.84	0.84	0.8	0.7	0.84	0.76	0.78	0.76	0.86	0.78	0.76	0.78	0.72
13250	0.8	0.8	0.64	0.84	0.76	0.82	0.68	0.82	0.74	0.78	0.74	0.86	0.78	0.76	0.78	0.76
13300	0.8	0.82	0.64	0.86	0.72	0.8	0.7	0.82	0.7	0.76	0.7	0.88	0.78	0.78	0.78	0.76
13350	0.8	0.8	0.66	0.86	0.68	0.76	0.74	0.84	0.76	0.72	0.7	0.86	0.76	0.78	0.74	0.78
13400	0.8	0.76	0.66	0.88	0.72	0.78	0.76	0.84	0.72	0.74	0.8	0.8	0.78	0.78	0.78	0.76
13450	0.84	0.82	0.66	0.88	0.74	0.8	0.78	0.84	0.72	0.72	0.84	0.8	0.82	0.76	0.78	0.74
13500	0.84	0.88	0.6	0.88	0.74	0.84	0.78	0.88	0.7	0.74	0.82	0.78	0.86	0.76	0.76	0.78
13550	0.84	0.88	0.6	0.8	0.72	0.78	0.76	0.92	0.66	0.78	0.82	0.8	0.86	0.76	0.74	0.8
13600	0.88	0.86	0.6	0.8	0.7	0.72	0.8	0.92	0.68	0.74	0.82	0.8	0.88	0.8	0.76	0.82
13650	0.86	0.84	0.58	0.78	0.7	0.72	0.76	0.92	0.66	0.76	0.82	0.78	0.86	0.78	0.8	0.82
13700	0.86	0.78	0.6	0.78	0.72	0.74	0.74	0.92	0.66	0.68	0.8	0.78	0.82	0.74	0.78	0.78
13750	0.86	0.74	0.64	0.78	0.72	0.78	0.76	0.88	0.66	0.68	0.76	0.82	0.8	0.66	0.76	0.76
13800	0.82	0.78	0.64	0.74	0.74	0.76	0.76	0.88	0.64	0.68	0.72	0.8	0.82	0.68	0.76	0.78
13850	0.86	0.76	0.68	0.8	0.7	0.76	0.7	0.84	0.66	0.7	0.66	0.8	0.84	0.66	0.76	0.78
13900	0.86	0.8	0.7	0.76	0.66	0.82	0.68	0.84	0.68	0.68	0.66	0.8	0.84	0.72	0.76	0.8
13950	0.86	0.8	0.76	0.82	0.64	0.86	0.7	0.82	0.72	0.68	0.68	0.84	0.84	0.74	0.8	0.78
14000	0.86	0.78	0.8	0.84	0.66	0.84	0.7	0.82	0.8	0.64	0.66	0.84	0.84	0.74	0.82	0.82
14050	0.9	0.8	0.8	0.82	0.64	0.9	0.76	0.82	0.82	0.66	0.68	0.82	0.8	0.72	0.8	0.78
14100	0.9	0.9	0.8	0.86	0.64	0.92	0.76	0.82	0.82	0.68	0.72	0.78	0.84	0.76	0.82	0.84
14150	0.92	0.9	0.8	0.86	0.68	0.9	0.78	0.84	0.82	0.72	0.76	0.8	0.86	0.8	0.84	0.86
14200	0.94	0.86	0.8	0.88	0.7	0.92	0.78	0.9	0.82	0.72	0.8	0.84	0.86	0.86	0.84	0.84
14250	0.9	0.84	0.8	0.9	0.76	0.94	0.8	0.9	0.82	0.7	0.84	0.88	0.88	0.86	0.82	0.86
14300	0.9	0.78	0.8	0.9	0.78	0.92	0.82	0.9	0.82	0.66	0.82	0.86	0.84	0.82	0.84	0.84
14350	0.86	0.8	0.84	0.92	0.82	0.92	0.86	0.88	0.82	0.62	0.86	0.82	0.84	0.8	0.86	0.78
14400	0.84	0.78	0.8	0.9	0.84	0.9	0.88	0.9	0.84	0.64	0.86	0.84	0.84	0.82	0.86	0.82
14450	0.72	0.78	0.78	0.9	0.8	0.92	0.86	0.9	0.8	0.64	0.86	0.8	0.84	0.8	0.86	0.8
14500	0.68	0.78	0.76	0.92	0.78	0.9	0.82	0.8	0.8	0.6	0.86	0.82	0.74	0.82	0.82	0.8
14550	0.68	0.8	0.8	0.92	0.78	0.86	0.82	0.8	0.8	0.62	0.88	0.82	0.74	0.82	0.82	0.8
14600	0.7	0.78	0.78	0.9	0.76	0.82	0.8	0.8	0.8	0.6	0.88	0.8	0.8	0.82	0.8	0.76
14650	0.74	0.74	0.78	0.88	0.72	0.82	0.82	0.82	0.78	0.6	0.88	0.8	0.78	0.82	0.86	0.76
14700	0.72	0.82	0.78	0.86	0.68	0.84	0.82	0.8	0.78	0.62	0.86	0.84	0.8	0.86	0.82	0.78
14750	0.74	0.82	0.76	0.86	0.66	0.84	0.8	0.84	0.74	0.6	0.88	0.78	0.8	0.86	0.82	0.78
14800	0.78	0.82	0.8	0.88	0.66	0.84	0.8	0.86	0.74	0.66	0.84	0.8	0.84	0.84	0.78	0.76
14850	0.82	0.82	0.78	0.88	0.72	0.8	0.8	0.84	0.76	0.68	0.88	0.84	0.9	0.84	0.8	0.78
14900	0.84	0.82	0.8	0.84	0.68	0.82	0.78	0.84	0.76	0.66	0.86	0.86	0.9	0.84	0.78	0.78
14950	0.86	0.86	0.76	0.82	0.7	0.84	0.82	0.84	0.78	0.64	0.86	0.86	0.86	0.84	0.78	0.76
15000	0.92	0.88	0.78	0.8	0.72	0.86	0.82	0.84	0.78	0.7	0.86	0.84	0.88	0.84	0.8	0.76
15050	0.84	0.9	0.74	0.8	0.74	0.84	0.82	0.9	0.78	0.68	0.88	0.84	0.84	0.82	0.78	0.76
15100	0.86	0.88	0.7	0.74	0.74	0.82	0.78	0.86	0.8	0.7	0.88	0.82	0.88	0.78	0.78	0.72
15150	0.86	0.9	0.68	0.76	0.68	0.82	0.76	0.86	0.82	0.66	0.88	0.8	0.86	0.8	0.84	0.7
15200	0.86	0.88	0.68	0.76	0.68	0.84	0.76	0.82	0.82	0.6	0.84	0.86	0.86	0.78	0.82	0.68
15250	0.82	0.92	0.7	0.74	0.64	0.86	0.76	0.82	0.8	0.6	0.86	0.86	0.8	0.76	0.86	0.66
15300	0.8	0.92	0.7	0.76	0.66	0.86	0.78	0.78	0.82	0.62	0.84	0.86	0.82	0.74	0.88	0.7
15350	0.8	0.92	0.68	0.78	0.7	0.88	0.78	0.78	0.8	0.62	0.82	0.84	0.78	0.74	0.88	0.72
15400	0.78	0.9	0.68	0.8	0.64	0.9	0.74	0.8	0.8	0.62	0.8	0.84	0.76	0.78	0.86	0.7
15450	0.74	0.9	0.72	0.76	0.66	0.88	0.7	0.82	0.78	0.62	0.78	0.84	0.74	0.78	0.86	0.74
15500	0.74	0.88	0.74	0.78	0.7	0.88	0.66	0.76	0.76	0.62	0.76	0.86	0.74	0.76	0.84	0.74
15550	0.72	0.92	0.76	0.78	0.76	0.9	0.66	0.78	0.74	0.72	0.76	0.86	0.76	0.72	0.82	0.74
15600	0.72	0.92	0.8	0.8	0.78	0.9	0.66	0.84	0.76	0.82	0.78	0.88	0.74	0.7	0.84	0.76
15650	0.76	0.88	0.8	0.76	0.78	0.92	0.66	0.82	0.8	0.8	0.8	0.9	0.74	0.74	0.84	0.76
15700	0.74	0.88	0.82	0.76	0.74	0.92	0.66	0.82	0.78	0.86	0.78	0.82	0.74	0.74	0.84	0.76
15750	0.76	0.88	0.8	0.74	0.8	0.9	0.72	0.82	0.76	0.84	0.8	0.82	0.72	0.74	0.84	0.78
15800	0.76	0.86	0.8	0.76	0.78	0.9	0.78	0.8	0.78	0.86	0.78	0.82	0.7	0.74	0.82	0.74
15850	0.74	0.86	0.8	0.74	0.82	0.88	0.76	0.76	0.74	0.82	0.76	0.82	0.7	0.76	0.84	0.7
15900	0.8	0.88	0.74	0.8	0.78	0.88	0.78	0.74	0.76	0.78	0.74	0.8	0.68	0.8	0.82	0.72
15950	0.82	0.88	0.76	0.82	0.76	0.86	0.8	0.72	0.78	0.78	0.74	0.82	0.66	0.82	0.84	0.7
16000	0.78	0.88	0.76	0.82	0.8	0.86	0.86	0.72	0.8	0.76	0.76	0.82	0.68	0.82	0.86	0.72
16050	0.8	0.88	0.76	0.82	0.76	0.86	0.84	0.74	0.8	0.76	0.72	0.82	0.66	0.86	0.84	0.72
16100	0.82	0.84	0.74	0.84	0.74	0.88	0.82	0.78	0.84	0.74	0.72	0.88	0.68	0.88	0.82	0.76
16150	0.84	0.84	0.76	0.82	0.78	0.9	0.78	0.78	0.84	0.76	0.72	0.88	0.68	0.86	0.8	0.76
16200	0.84	0.84	0.74	0.78	0.74	0.88	0.78	0.8	0.88	0.74	0.72	0.9	0.72	0.86	0.8	0.8
16250	0.82	0.84	0.74	0.78	0.8	0.88	0.78	0.84	0.86	0.72	0.72	0.9	0.78	0.82	0.8	0.82
16300	0.86	0.82	0.82	0.78	0.8	0.86	0.8	0.86	0.84	0.76	0.74	0.92	0.8	0.84	0.82	0.8
16350	0.88	0.8	0.84	0.78	0.84	0.82	0.76	0.82	0.84	0.74	0.8	0.88	0.78	0.86	0.84	0.82
16400	0.88	0.78	0.84	0.76	0.9	0.8	0.78	0.8	0.86	0.74	0.82	0.88	0.82	0.84	0.84	0.86
16450	0.78	0.82	0.72	0.7	0.9	0.8	0.74	0.8	0.8	0.74	0.84	0.9	0.84	0.82	0.84	0.84
16500	0.78	0.8	0.7	0.68	0.84	0.8	0.74	0.74	0.78	0.68	0.78	0.88	0.78	0.8	0.78	0.86
16550	0.76	0.82	0.68	0.66	0.84	0.8	0.78	0.72	0.78	0.72	0.8	0.84	0.72	0.78	0.84	0.84
16600	0.82	0.82	0.64	0.68	0.84	0.8	0.8	0.74	0.8	0.74	0.8	0.86	0.74	0.82	0.86	0.8
16650	0.78	0.84	0.64	0.7	0.82	0.8	0.78	0.74	0.8	0.74	0.84	0.84	0.8	0.82	0.86	0.8
16700	0.78	0.88	0.64	0.72	0.82	0.82	0.78	0.76	0.78	0.78	0.88	0.82	0.86	0.84	0.88	0.78
16750	0.76	0.86	0.64	0.74	0.8	0.86	0.82	0.78	0.84	0.78	0.88	0.8	0.86	0.82	0.86	0.8
16800	0.78	0.88	0.64	0.72	0.78	0.88	0.82	0.82	0.84	0.82	0.88	0.8	0.9	0.82	0.82	0.82
16850	0.84	0.88	0.68	0.74	0.74	0.86	0.82	0.8	0.84	0.76	0.88	0.76	0.9	0.84	0.84	0.82
16900	0.86	0.9	0.74	0.78	0.84	0.88	0.84	0.86	0.84	0.84	0.84	0.76	0.88	0.86	0.88	0.8
16950	0.9	0.86	0.76	0.82	0.8	0.88	0.84	0.86	0.82	0.84	0.92	0.76	0.86	0.86	0.86	0.78
17000	0.9	0.82	0.78	0.82	0.78	0.86	0.82	0.82	0.82	0.8	0.9	0.78	0.86	0.82	0.84	0.82
17050	0.86	0.8	0.8	0.78	0.78	0.84	0.88	0.78	0.84	0.84	0.86	0.74	0.86	0.78	0.82	0.78
17100	0.88	0.82	0.8	0.82	0.8	0.86	0.88	0.76	0.86	0.82	0.86	0.76	0.86	0.8	0.84	0.82
17150	0.86	0.82	0.8	0.84	0.8	0.86	0.84	0.72	0.84	0.82	0.84	0.78	0.86	0.82	0.86	0.82
17200	0.86	0.8	0.8	0.82	0.76	0.82	0.8	0.72	0.88	0.88	0.84	0.78	0.9	0.8	0.88	0.8
17250	0.86	0.76	0.78	0.8	0.78	0.8	0.8	0.76	0.88	0.88	0.8	0.78	0.96	0.78	0.88	0.78
17300	0.88	0.74	0.76	0.84	0.76	0.8	0.76	0.72	0.86	0.84	0.8	0.76	0.94	0.78	0.86	0.8
17350	0.86	0.78	0.74	0.84	0.78	0.8	0.76	0.7	0.88	0.84	0.82	0.8	0.96	0.8	0.86	0.78
17400	0.84	0.8	0.74	0.9	0.8	0.8	0.74	0.7	0.9	0.86	0.82	0.8	0.92	0.84	0.88	0.7
17450	0.8	0.8	0.78	0.9	0.78	0.78	0.76	0.74	0.86	0.82	0.84	0.84	0.9	0.84	0.88	0.74
17500	0.82	0.84	0.78	0.88	0.78	0.8	0.78	0.74	0.88	0.78	0.86	0.8	0.88	0.88	0.86	0.78
17550	0.84	0.82	0.78	0.88	0.74	0.78	0.82	0.74	0.86	0.76	0.84	0.84	0.86	0.88	0.88	0.78
17600	0.82	0.86	0.74	0.9	0.78	0.82	0.82	0.74	0.82	0.7	0.82	0.78	0.84	0.86	0.88	0.78
17650	0.82	0.92	0.76	0.9	0.76	0.82	0.84	0.74	0.82	0.72	0.86	0.76	0.86	0.8	0.88	0.78
17700	0.82	0.9	0.74	0.88	0.82	0.82	0.78	0.78	0.82	0.68	0.86	0.76	0.88	0.82	0.9	0.78
17750	0.82	0.86	0.78	0.88	0.8	0.82	0.8	0.84	0.8	0.68	0.86	0.74	0.84	0.8	0.9	0.8
17800	0.84	0.88	0.76	0.88	0.78	0.8	0.8	0.82	0.82	0.66	0.86	0.76	0.84	0.78	0.9	0.84
17850	0.84	0.88	0.78	0.88	0.78	0.8	0.8	0.8	0.8	0.64	0.84	0.74	0.88	0.8	0.86	0.92
17900	0.88	0.86	0.76	0.88	0.76	0.8	0.82	0.76	0.8	0.62	0.86	0.74	0.88	0.8	0.84	0.92
17950	0.88	0.84	0.74	0.88	0.76	0.8	0.8	0.78	0.8	0.64	0.84	0.7	0.88	0.82	0.84	0.94
18000	0.88	0.82	0.74	0.84	0.76	0.76	0.78	0.78	0.82	0.64	0.86	0.66	0.88	0.86	0.82	0.92
18050	0.9	0.82	0.74	0.84	0.76	0.78	0.76	0.74	0.88	0.66	0.86	0.68	0.86	0.9	0.82	0.9
18100	0.9	0.82	0.72	0.84	0.74	0.78	0.82	0.76	0.9	0.64	0.86	0.72	0.84	0.92	0.8	0.9
18150	0.88	0.86	0.68	0.82	0.74	0.78	0.8	0.72	0.88	0.64	0.84	0.72	0.84	0.84	0.78	0.86
18200	0.84	0.82	0.68	0.78	0.76	0.78	0.82	0.76	0.84	0.68	0.8	0.68	0.84	0.84	0.86	0.84
18250	0.88	0.82	0.66	0.72	0.76	0.8	0.8	0.76	0.88	0.68	0.8	0.7	0.84	0.8	0.88	0.84
18300	0.88	0.84	0.68	0.74	0.76	0.82	0.8	0.78	0.84	0.68	0.76	0.74	0.82	0.76	0.88	0.82
18350	0.88	0.86	0.76	0.74	0.78	0.84	0.8	0.82	0.82	0.74	0.74	0.74	0.86	0.76	0.86	0.82
18400	0.86	0.88	0.74	0.78	0.78	0.84	0.82	0.84	0.84	0.74	0.74	0.76	0.84	0.76	0.82	0.8
18450	0.86	0.88	0.76	0.78	0.76	0.84	0.76	0.8	0.84	0.76	0.74	0.76	0.82	0.74	0.84	0.78
18500	0.84	0.88	0.76	0.82	0.76	0.82	0.74	0.82	0.84	0.78	0.78	0.76	0.82	0.74	0.84	0.8
18550	0.84	0.88	0.78	0.84	0.82	0.8	0.76	0.84	0.84	0.82	0.78	0.76	0.84	0.8	0.86	0.76
18600	0.86	0.88	0.84	0.86	0.84	0.8	0.76	0.84	0.86	0.86	0.82	0.78	0.84	0.84	0.86	0.76
18650	0.86	0.92	0.88	0.9	0.84	0.82	0.76	0.88	0.84	0.86	0.8	0.8	0.84	0.88	0.86	0.74
18700	0.86	0.9	0.88	0.94	0.84	0.84	0.8	0.78	0.82	0.84	0.82	0.76	0.84	0.88	0.88	0.76
18750	0.82	0.9	0.82	0.9	0.86	0.82	0.74	0.78	0.76	0.8	0.82	0.72	0.82	0.88	0.92	0.74
18800	0.82	0.92	0.82	0.9	0.86	0.84	0.78	0.74	0.7	0.8	0.8	0.74	0.84	0.88	0.94	0.76
18850	0.82	0.88	0.84	0.88	0.82	0.82	0.76	0.76	0.76	0.76	0.8	0.74	0.84	0.88	0.9	0.78
18900	0.86	0.88	0.84	0.88	0.82	0.86	0.8	0.76	0.78	0.8	0.8	0.74	0.86	0.92	0.9	0.78
18950	0.8	0.86	0.8	0.86	0.8	0.86	0.84	0.76	0.76	0.78	0.8	0.78	0.9	0.9	0.9	0.8
19000	0.8	0.84	0.84	0.82	0.78	0.84	0.76	0.78	0.76	0.72	0.8	0.8	0.88	0.92	0.92	0.82
19050	0.78	0.86	0.82	0.78	0.76	0.84	0.76	0.84	0.74	0.7	0.82	0.8	0.92	0.9	0.94	0.84
19100	0.78	0.86	0.78	0.78	0.76	0.84	0.74	0.84	0.78	0.68	0.82	0.82	0.92	0.9	0.94	0.86
19150	0.76	0.82	0.78	0.78	0.74	0.84	0.76	0.84	0.78	0.74	0.82	0.84	0.92	0.88	0.94	0.86
19200	0.8	0.82	0.74	0.82	0.74	0.86	0.78	0.84	0.78	0.72	0.9	0.9	0.92	0.88	0.94	0.88
19250	0.8	0.78	0.72	0.8	0.74	0.86	0.74	0.86	0.76	0.72	0.9	0.92	0.9	0.9	0.96	0.9
19300	0.78	0.8	0.72	0.78	0.74	0.9	0.76	0.8	0.74	0.72	0.92	0.9	0.92	0.9	1.0	0.9
19350	0.8	0.8	0.76	0.84	0.76	0.92	0.72	0.8	0.78	0.72	0.94	0.86	0.9	0.88	0.96	0.9
19400	0.78	0.78	0.7	0.86	0.74	0.88	0.72	0.8	0.78	0.8	0.94	0.8	0.88	0.86	0.96	0.88
19450	0.8	0.78	0.68	0.88	0.7	0.86	0.78	0.82	0.8	0.82	0.86	0.8	0.88	0.86	0.94	0.86
19500	0.84	0.78	0.68	0.86	0.74	0.86	0.74	0.84	0.8	0.78	0.82	0.78	0.88	0.86	0.9	0.84
19550	0.84	0.8	0.7	0.86	0.72	0.86	0.78	0.84	0.78	0.78	0.82	0.8	0.88	0.88	0.9	0.86
19600	0.84	0.8	0.72	0.88	0.74	0.86	0.8	0.86	0.78	0.76	0.82	0.78	0.86	0.84	0.86	0.8
19650	0.84	0.8	0.74	0.88	0.72	0.84	0.76	0.82	0.8	0.78	0.82	0.76	0.84	0.82	0.82	0.76
19700	0.82	0.78	0.72	0.9	0.74	0.82	0.76	0.84	0.82	0.8	0.84	0.72	0.84	0.78	0.84	0.74
19750	0.78	0.8	0.76	0.86	0.78	0.82	0.8	0.8	0.82	0.78	0.84	0.76	0.82	0.8	0.8	0.74
19800	0.78	0.78	0.78	0.84	0.78	0.8	0.84	0.8	0.84	0.78	0.84	0.8	0.86	0.78	0.82	0.76
19850	0.78	0.78	0.78	0.82	0.78	0.84	0.84	0.74	0.86	0.8	0.92	0.82	0.84	0.8	0.82	0.74
19900	0.8	0.82	0.78	0.8	0.76	0.86	0.84	0.72	0.88	0.82	0.9	0.82	0.84	0.78	0.8	0.74
19950	0.78	0.8	0.78	0.8	0.76	0.86	0.86	0.74	0.9	0.82	0.94	0.78	0.82	0.78	0.8	0.72
20000	0.78	0.82	0.8	0.78	0.74	0.88	0.86	0.72	0.94	0.86	0.88	0.82	0.82	0.74	0.88	0.76
