0	0.0	0.0	0.0	0.0	0.0	0.0	0.0	0.0	0.0	0.0	0.0	0.0	0.0	0.0	0.0	0.0
50	0.0	0.0	0.0	0.0	0.0	0.0	0.0	0.0	0.0	0.0	0.0	0.0	0.0	0.0	0.0	0.0
100	0.1	0.0909090909091	0.0	0.0	0.0	0.0	0.0	0.0	0.0	0.0	0.0	0.0	0.0	0.0	0.0	0.0
150	0.0666666666667	0.0588235294118	0.0	0.0	0.0	0.0	0.0	0.0	0.0	0.0	0.0	0.0	0.0	0.0	0.0	0.0
200	0.185185185185	0.107142857143	0.0	0.0952380952381	0.0	0.0	0.0344827586207	0.0	0.0	0.0322580645161	0.0	0.0	0.0666666666667	0.0384615384615	0.0416666666667	0.0
250	0.25	0.114285714286	0.0	0.0740740740741	0.0	0.0	0.0285714285714	0.04	0.0	0.027027027027	0.0	0.0	0.0789473684211	0.0294117647059	0.0357142857143	0.0
300	0.205128205128	0.0975609756098	0.0	0.0571428571429	0.0	0.0	0.025	0.03125	0.0	0.0208333333333	0.0	0.0	0.0714285714286	0.025641025641	0.0285714285714	0.0
350	0.234042553191	0.104166666667	0.0	0.075	0.0	0.0	0.0444444444444	0.025641025641	0.0	0.02	0.0	0.0	0.063829787234	0.0227272727273	0.025	0.0
400	0.24	0.12	0.0	0.0612244897959	0.0	0.0	0.0416666666667	0.0232558139535	0.0	0.02	0.0	0.0	0.0816326530612	0.06	0.04	0.04
450	0.22	0.1	0.0	0.08	0.0	0.0	0.04	0.0425531914894	0.0	0.02	0.0	0.0	0.08	0.06	0.04	0.04
500	0.28	0.1	0.02	0.06	0.0	0.0	0.04	0.06	0.02	0.04	0.0	0.0	0.1	0.08	0.06	0.04
550	0.32	0.1	0.04	0.04	0.02	0.0	0.06	0.06	0.04	0.02	0.0	0.0	0.12	0.08	0.04	0.06
600	0.32	0.08	0.04	0.04	0.02	0.02	0.06	0.12	0.04	0.06	0.0	0.02	0.12	0.1	0.04	0.08
650	0.36	0.08	0.04	0.04	0.02	0.02	0.06	0.12	0.06	0.06	0.0	0.02	0.12	0.1	0.04	0.08
700	0.4	0.1	0.06	0.04	0.02	0.02	0.06	0.16	0.08	0.08	0.02	0.02	0.1	0.1	0.04	0.1
750	0.46	0.08	0.06	0.04	0.02	0.02	0.06	0.18	0.12	0.08	0.02	0.02	0.1	0.12	0.06	0.12
800	0.48	0.08	0.08	0.08	0.02	0.04	0.06	0.18	0.12	0.1	0.04	0.02	0.1	0.12	0.06	0.12
850	0.5	0.08	0.08	0.08	0.02	0.06	0.06	0.16	0.12	0.14	0.04	0.02	0.08	0.12	0.1	0.1
900	0.48	0.1	0.06	0.08	0.04	0.06	0.08	0.14	0.1	0.12	0.04	0.02	0.08	0.14	0.08	0.1
950	0.46	0.1	0.04	0.1	0.04	0.08	0.08	0.14	0.08	0.14	0.04	0.04	0.1	0.12	0.1	0.08
1000	0.46	0.1	0.06	0.12	0.04	0.08	0.08	0.1	0.08	0.16	0.04	0.04	0.14	0.14	0.12	0.1
1050	0.44	0.08	0.06	0.18	0.04	0.1	0.08	0.08	0.1	0.18	0.04	0.04	0.14	0.14	0.12	0.1
1100	0.38	0.06	0.06	0.2	0.04	0.1	0.06	0.08	0.1	0.16	0.02	0.06	0.14	0.12	0.12	0.08
1150	0.34	0.06	0.1	0.16	0.06	0.08	0.06	0.1	0.08	0.16	0.02	0.06	0.18	0.12	0.1	0.08
1200	0.42	0.08	0.12	0.16	0.06	0.08	0.06	0.06	0.1	0.12	0.02	0.06	0.18	0.12	0.1	0.12
1250	0.4	0.04	0.14	0.14	0.08	0.12	0.06	0.06	0.12	0.12	0.02	0.12	0.18	0.12	0.1	0.12
1300	0.46	0.04	0.16	0.12	0.08	0.08	0.08	0.06	0.1	0.14	0.02	0.12	0.26	0.1	0.1	0.14
1350	0.48	0.06	0.14	0.1	0.08	0.06	0.08	0.06	0.12	0.16	0.02	0.12	0.16	0.08	0.12	0.14
1400	0.48	0.08	0.14	0.08	0.08	0.06	0.1	0.06	0.06	0.1	0.02	0.1	0.14	0.1	0.1	0.14
1450	0.46	0.08	0.12	0.06	0.1	0.06	0.08	0.06	0.06	0.08	0.02	0.1	0.12	0.1	0.08	0.12
1500	0.48	0.1	0.12	0.04	0.08	0.06	0.08	0.04	0.06	0.08	0.06	0.1	0.12	0.08	0.06	0.12
1550	0.44	0.16	0.12	0.02	0.06	0.06	0.08	0.1	0.06	0.1	0.08	0.12	0.12	0.1	0.06	0.14
1600	0.42	0.14	0.1	0.08	0.04	0.02	0.1	0.12	0.06	0.1	0.1	0.1	0.1	0.1	0.06	0.16
1650	0.42	0.14	0.08	0.08	0.04	0.02	0.12	0.1	0.04	0.12	0.1	0.12	0.06	0.1	0.04	0.16
1700	0.36	0.14	0.08	0.1	0.04	0.02	0.14	0.12	0.04	0.12	0.1	0.16	0.1	0.1	0.04	0.16
1750	0.38	0.14	0.08	0.1	0.06	0.02	0.1	0.12	0.06	0.12	0.1	0.2	0.1	0.08	0.04	0.16
1800	0.38	0.12	0.1	0.14	0.04	0.08	0.1	0.12	0.1	0.12	0.12	0.22	0.12	0.1	0.06	0.14
1850	0.38	0.12	0.12	0.16	0.08	0.08	0.1	0.12	0.1	0.12	0.14	0.22	0.12	0.08	0.06	0.16
1900	0.36	0.12	0.12	0.18	0.08	0.08	0.1	0.14	0.14	0.1	0.08	0.24	0.1	0.1	0.1	0.18
1950	0.38	0.12	0.12	0.18	0.08	0.08	0.08	0.14	0.12	0.08	0.06	0.24	0.1	0.08	0.12	0.16
2000	0.34	0.08	0.1	0.14	0.08	0.08	0.08	0.1	0.12	0.06	0.06	0.22	0.1	0.06	0.12	0.14
2050	0.36	0.14	0.1	0.14	0.12	0.08	0.1	0.1	0.16	0.04	0.08	0.24	0.06	0.06	0.12	0.16
2100	0.32	0.14	0.1	0.16	0.14	0.08	0.06	0.1	0.14	0.04	0.08	0.14	0.04	0.06	0.12	0.14
2150	0.32	0.22	0.1	0.14	0.12	0.08	0.06	0.14	0.12	0.04	0.06	0.16	0.02	0.1	0.16	0.16
2200	0.34	0.24	0.1	0.12	0.12	0.08	0.04	0.16	0.12	0.04	0.06	0.12	0.04	0.1	0.14	0.16
2250	0.38	0.28	0.1	0.12	0.14	0.08	0.04	0.14	0.12	0.02	0.04	0.14	0.04	0.1	0.12	0.18
2300	0.4	0.32	0.12	0.1	0.12	0.04	0.04	0.16	0.1	0.02	0.04	0.12	0.04	0.1	0.1	0.18
2350	0.38	0.34	0.18	0.1	0.12	0.04	0.02	0.16	0.06	0.02	0.06	0.1	0.04	0.12	0.12	0.18
2400	0.36	0.3	0.22	0.1	0.14	0.06	0.02	0.2	0.06	0.04	0.08	0.1	0.04	0.12	0.1	0.16
2450	0.36	0.3	0.26	0.14	0.08	0.06	0.04	0.2	0.08	0.04	0.06	0.16	0.08	0.14	0.12	0.18
2500	0.42	0.32	0.3	0.14	0.1	0.14	0.04	0.24	0.08	0.02	0.1	0.12	0.06	0.12	0.1	0.16
2550	0.44	0.28	0.3	0.14	0.08	0.14	0.08	0.18	0.08	0.08	0.1	0.12	0.04	0.1	0.12	0.12
2600	0.44	0.28	0.3	0.18	0.06	0.14	0.12	0.18	0.1	0.1	0.08	0.12	0.08	0.08	0.12	0.14
2650	0.5	0.2	0.3	0.18	0.06	0.16	0.14	0.18	0.1	0.12	0.08	0.12	0.14	0.1	0.12	0.1
2700	0.5	0.2	0.26	0.16	0.06	0.16	0.14	0.14	0.1	0.12	0.1	0.1	0.14	0.1	0.14	0.1
2750	0.46	0.2	0.26	0.14	0.04	0.14	0.16	0.14	0.1	0.12	0.12	0.1	0.14	0.08	0.18	0.1
2800	0.5	0.2	0.18	0.14	0.04	0.12	0.18	0.12	0.12	0.12	0.1	0.1	0.12	0.08	0.14	0.1
2850	0.54	0.18	0.14	0.14	0.06	0.14	0.18	0.1	0.12	0.1	0.1	0.06	0.12	0.08	0.16	0.1
2900	0.56	0.18	0.12	0.12	0.06	0.06	0.18	0.1	0.12	0.12	0.1	0.06	0.14	0.1	0.14	0.12
2950	0.58	0.14	0.12	0.14	0.08	0.08	0.14	0.14	0.14	0.12	0.08	0.08	0.1	0.14	0.12	0.14
3000	0.6	0.14	0.08	0.14	0.06	0.08	0.1	0.12	0.1	0.08	0.08	0.12	0.08	0.16	0.14	0.16
3050	0.64	0.12	0.08	0.14	0.08	0.08	0.1	0.12	0.1	0.1	0.08	0.12	0.08	0.12	0.14	0.18
3100	0.66	0.14	0.06	0.1	0.08	0.1	0.08	0.1	0.16	0.08	0.12	0.1	0.08	0.16	0.18	0.16
3150	0.62	0.14	0.08	0.1	0.1	0.12	0.12	0.1	0.2	0.08	0.1	0.1	0.1	0.2	0.16	0.2
3200	0.56	0.18	0.1	0.1	0.1	0.12	0.1	0.1	0.26	0.08	0.1	0.14	0.1	0.22	0.16	0.22
3250	0.54	0.18	0.1	0.1	0.1	0.1	0.12	0.08	0.26	0.08	0.1	0.14	0.16	0.22	0.18	0.22
3300	0.52	0.18	0.1	0.1	0.08	0.08	0.12	0.08	0.26	0.1	0.1	0.1	0.14	0.22	0.2	0.22
3350	0.52	0.18	0.1	0.08	0.1	0.08	0.12	0.08	0.28	0.08	0.1	0.1	0.14	0.26	0.24	0.2
3400	0.46	0.16	0.1	0.1	0.1	0.08	0.16	0.1	0.3	0.12	0.1	0.1	0.14	0.24	0.26	0.18
3450	0.38	0.2	0.16	0.12	0.12	0.08	0.14	0.14	0.3	0.12	0.14	0.12	0.16	0.28	0.24	0.2
3500	0.4	0.2	0.18	0.1	0.1	0.06	0.12	0.16	0.24	0.1	0.12	0.14	0.14	0.28	0.24	0.22
3550	0.4	0.2	0.14	0.08	0.12	0.04	0.08	0.18	0.2	0.1	0.14	0.16	0.18	0.26	0.24	0.22
3600	0.48	0.22	0.14	0.1	0.1	0.06	0.08	0.2	0.18	0.1	0.16	0.12	0.16	0.24	0.24	0.2
3650	0.46	0.22	0.14	0.14	0.1	0.06	0.08	0.2	0.18	0.08	0.14	0.12	0.14	0.26	0.22	0.2
3700	0.44	0.24	0.14	0.16	0.12	0.1	0.08	0.2	0.18	0.06	0.14	0.12	0.12	0.24	0.24	0.18
3750	0.44	0.22	0.18	0.16	0.12	0.12	0.1	0.18	0.18	0.04	0.14	0.1	0.12	0.18	0.24	0.18
3800	0.48	0.26	0.18	0.16	0.12	0.1	0.06	0.18	0.12	0.02	0.12	0.12	0.14	0.16	0.2	0.14
3850	0.5	0.28	0.16	0.18	0.12	0.14	0.14	0.14	0.14	0.06	0.14	0.16	0.16	0.16	0.2	0.14
3900	0.46	0.26	0.12	0.18	0.14	0.14	0.14	0.14	0.16	0.06	0.1	0.14	0.14	0.14	0.18	0.14
3950	0.48	0.2	0.14	0.16	0.14	0.12	0.18	0.16	0.16	0.04	0.06	0.14	0.14	0.18	0.18	0.12
4000	0.48	0.22	0.14	0.18	0.2	0.14	0.18	0.16	0.1	0.06	0.04	0.1	0.16	0.16	0.16	0.1
4050	0.5	0.24	0.14	0.24	0.18	0.12	0.18	0.14	0.1	0.06	0.04	0.1	0.16	0.12	0.18	0.14
4100	0.5	0.24	0.14	0.22	0.18	0.12	0.16	0.14	0.1	0.08	0.04	0.1	0.16	0.12	0.14	0.14
4150	0.52	0.16	0.14	0.2	0.16	0.12	0.16	0.16	0.08	0.1	0.04	0.1	0.14	0.12	0.12	0.12
4200	0.54	0.14	0.14	0.22	0.2	0.14	0.2	0.14	0.1	0.1	0.06	0.14	0.16	0.12	0.12	0.1
4250	0.46	0.16	0.12	0.24	0.16	0.1	0.12	0.16	0.1	0.12	0.06	0.12	0.14	0.12	0.12	0.1
4300	0.46	0.16	0.14	0.22	0.08	0.1	0.12	0.16	0.08	0.12	0.06	0.08	0.16	0.1	0.1	0.08
4350	0.46	0.18	0.16	0.22	0.08	0.1	0.08	0.14	0.12	0.12	0.12	0.06	0.14	0.08	0.12	0.06
4400	0.48	0.18	0.18	0.2	0.1	0.12	0.14	0.12	0.12	0.12	0.16	0.06	0.12	0.08	0.14	0.08
4450	0.46	0.18	0.2	0.22	0.12	0.12	0.2	0.14	0.12	0.14	0.16	0.08	0.16	0.1	0.14	0.04
4500	0.48	0.18	0.22	0.12	0.12	0.12	0.22	0.1	0.14	0.14	0.18	0.08	0.18	0.1	0.12	0.04
4550	0.46	0.22	0.22	0.16	0.1	0.12	0.22	0.14	0.16	0.16	0.18	0.12	0.2	0.1	0.12	0.04
4600	0.54	0.22	0.22	0.22	0.12	0.1	0.2	0.12	0.16	0.12	0.16	0.12	0.2	0.12	0.14	0.08
4650	0.52	0.22	0.24	0.24	0.16	0.1	0.2	0.14	0.14	0.16	0.18	0.12	0.24	0.18	0.16	0.1
4700	0.52	0.18	0.28	0.24	0.2	0.1	0.2	0.16	0.16	0.16	0.16	0.14	0.24	0.2	0.14	0.14
4750	0.5	0.2	0.26	0.24	0.24	0.1	0.22	0.14	0.18	0.14	0.14	0.14	0.26	0.24	0.12	0.16
4800	0.46	0.24	0.3	0.3	0.22	0.12	0.16	0.12	0.14	0.14	0.14	0.14	0.28	0.24	0.1	0.16
4850	0.48	0.22	0.3	0.34	0.2	0.16	0.12	0.14	0.14	0.2	0.16	0.16	0.3	0.26	0.12	0.16
4900	0.48	0.16	0.3	0.34	0.2	0.18	0.08	0.14	0.16	0.16	0.14	0.16	0.3	0.26	0.12	0.16
4950	0.52	0.14	0.28	0.32	0.22	0.14	0.06	0.12	0.14	0.16	0.14	0.14	0.3	0.24	0.1	0.16
5000	0.5	0.14	0.28	0.28	0.22	0.14	0.04	0.12	0.12	0.14	0.16	0.16	0.3	0.2	0.14	0.12
5050	0.5	0.14	0.24	0.26	0.16	0.14	0.04	0.1	0.12	0.12	0.18	0.12	0.3	0.18	0.16	0.1
5100	0.46	0.12	0.24	0.24	0.12	0.16	0.04	0.1	0.14	0.1	0.14	0.12	0.24	0.18	0.18	0.04
5150	0.5	0.14	0.22	0.24	0.16	0.12	0.02	0.14	0.12	0.12	0.12	0.12	0.26	0.14	0.18	0.02
5200	0.52	0.14	0.18	0.28	0.16	0.12	0.06	0.14	0.1	0.08	0.08	0.14	0.18	0.1	0.18	0.02
5250	0.46	0.1	0.2	0.24	0.14	0.1	0.08	0.14	0.18	0.12	0.08	0.16	0.16	0.08	0.18	0.06
5300	0.44	0.1	0.22	0.22	0.12	0.12	0.1	0.16	0.14	0.08	0.1	0.18	0.16	0.08	0.18	0.1
5350	0.4	0.14	0.2	0.22	0.12	0.12	0.1	0.14	0.16	0.06	0.1	0.18	0.12	0.08	0.14	0.12
5400	0.44	0.14	0.22	0.2	0.1	0.12	0.12	0.14	0.18	0.08	0.1	0.18	0.12	0.12	0.08	0.12
5450	0.46	0.12	0.22	0.26	0.08	0.16	0.12	0.16	0.22	0.1	0.12	0.2	0.12	0.12	0.12	0.2
5500	0.46	0.12	0.2	0.24	0.14	0.2	0.14	0.18	0.18	0.1	0.12	0.18	0.14	0.12	0.1	0.24
5550	0.52	0.14	0.24	0.24	0.12	0.18	0.16	0.18	0.2	0.12	0.12	0.18	0.18	0.12	0.1	0.28
5600	0.5	0.12	0.24	0.24	0.06	0.14	0.14	0.2	0.2	0.12	0.14	0.14	0.22	0.12	0.08	0.28
5650	0.46	0.2	0.24	0.24	0.08	0.14	0.22	0.2	0.16	0.08	0.14	0.14	0.24	0.12	0.08	0.26
5700	0.5	0.2	0.2	0.24	0.08	0.12	0.22	0.2	0.14	0.08	0.14	0.1	0.24	0.14	0.14	0.26
5750	0.5	0.2	0.18	0.2	0.12	0.14	0.24	0.18	0.16	0.06	0.12	0.1	0.26	0.12	0.14	0.26
5800	0.5	0.18	0.18	0.16	0.16	0.1	0.26	0.18	0.14	0.06	0.06	0.06	0.26	0.12	0.16	0.24
5850	0.46	0.14	0.2	0.14	0.16	0.08	0.26	0.18	0.14	0.08	0.08	0.06	0.22	0.08	0.16	0.22
5900	0.42	0.18	0.18	0.12	0.16	0.08	0.28	0.16	0.14	0.08	0.1	0.06	0.2	0.12	0.2	0.16
5950	0.46	0.18	0.22	0.14	0.16	0.06	0.26	0.18	0.12	0.04	0.08	0.1	0.18	0.1	0.2	0.16
6000	0.44	0.16	0.18	0.08	0.18	0.06	0.26	0.16	0.12	0.08	0.08	0.08	0.18	0.1	0.18	0.16
6050	0.48	0.18	0.16	0.08	0.16	0.1	0.2	0.12	0.12	0.08	0.08	0.08	0.2	0.1	0.18	0.14
6100	0.48	0.12	0.2	0.14	0.18	0.12	0.26	0.1	0.14	0.08	0.08	0.1	0.24	0.1	0.16	0.12
6150	0.54	0.14	0.18	0.16	0.16	0.16	0.28	0.14	0.1	0.16	0.1	0.1	0.24	0.1	0.16	0.16
6200	0.54	0.16	0.22	0.18	0.16	0.18	0.3	0.14	0.12	0.16	0.1	0.12	0.26	0.14	0.18	0.14
6250	0.62	0.18	0.22	0.22	0.16	0.18	0.3	0.16	0.12	0.16	0.08	0.12	0.3	0.18	0.2	0.14
6300	0.58	0.22	0.2	0.26	0.12	0.16	0.28	0.16	0.12	0.16	0.06	0.1	0.32	0.2	0.2	0.16
6350	0.58	0.18	0.2	0.24	0.08	0.16	0.26	0.16	0.16	0.18	0.04	0.1	0.3	0.24	0.2	0.18
6400	0.64	0.18	0.22	0.3	0.1	0.16	0.24	0.18	0.16	0.16	0.06	0.06	0.3	0.24	0.24	0.16
6450	0.64	0.18	0.18	0.28	0.1	0.16	0.24	0.18	0.24	0.2	0.06	0.06	0.34	0.26	0.28	0.16
6500	0.62	0.16	0.2	0.26	0.12	0.16	0.2	0.14	0.26	0.24	0.08	0.06	0.26	0.3	0.32	0.16
6550	0.66	0.2	0.22	0.28	0.14	0.1	0.14	0.2	0.24	0.18	0.1	0.08	0.24	0.28	0.3	0.16
6600	0.68	0.16	0.2	0.34	0.12	0.1	0.14	0.18	0.28	0.18	0.1	0.08	0.18	0.26	0.3	0.16
6650	0.7	0.14	0.22	0.34	0.16	0.16	0.14	0.18	0.32	0.2	0.18	0.06	0.16	0.24	0.28	0.16
6700	0.68	0.14	0.18	0.28	0.16	0.16	0.16	0.16	0.3	0.18	0.18	0.06	0.18	0.26	0.3	0.16
6750	0.62	0.18	0.2	0.26	0.16	0.16	0.18	0.18	0.32	0.24	0.18	0.1	0.2	0.32	0.32	0.2
6800	0.66	0.22	0.18	0.26	0.16	0.14	0.18	0.18	0.26	0.26	0.2	0.14	0.2	0.26	0.3	0.2
6850	0.64	0.24	0.26	0.26	0.16	0.14	0.18	0.22	0.26	0.24	0.2	0.14	0.14	0.28	0.34	0.24
6900	0.56	0.24	0.26	0.24	0.16	0.14	0.24	0.26	0.28	0.22	0.18	0.16	0.14	0.26	0.32	0.22
6950	0.56	0.22	0.28	0.22	0.14	0.16	0.26	0.2	0.26	0.22	0.14	0.2	0.16	0.22	0.34	0.24
7000	0.58	0.22	0.28	0.18	0.18	0.18	0.26	0.2	0.24	0.22	0.12	0.2	0.18	0.16	0.34	0.26
7050	0.52	0.24	0.28	0.2	0.16	0.12	0.26	0.22	0.26	0.2	0.14	0.2	0.24	0.14	0.34	0.24
7100	0.5	0.24	0.34	0.22	0.14	0.1	0.28	0.24	0.2	0.18	0.1	0.18	0.28	0.12	0.36	0.24
7150	0.52	0.22	0.36	0.26	0.14	0.14	0.34	0.24	0.2	0.14	0.12	0.22	0.3	0.14	0.28	0.2
7200	0.44	0.2	0.3	0.24	0.14	0.12	0.36	0.18	0.16	0.08	0.12	0.26	0.32	0.14	0.28	0.14
7250	0.5	0.18	0.32	0.26	0.12	0.14	0.38	0.18	0.16	0.1	0.16	0.24	0.34	0.16	0.24	0.12
7300	0.52	0.18	0.28	0.26	0.1	0.16	0.38	0.2	0.14	0.1	0.2	0.2	0.4	0.16	0.22	0.1
7350	0.52	0.22	0.26	0.22	0.08	0.12	0.36	0.22	0.12	0.08	0.14	0.2	0.38	0.16	0.24	0.1
7400	0.52	0.22	0.22	0.22	0.04	0.1	0.36	0.22	0.1	0.1	0.12	0.18	0.36	0.16	0.22	0.08
7450	0.5	0.22	0.18	0.22	0.04	0.1	0.36	0.22	0.12	0.14	0.12	0.18	0.32	0.16	0.22	0.04
7500	0.5	0.2	0.16	0.16	0.06	0.1	0.36	0.2	0.08	0.12	0.1	0.18	0.36	0.18	0.18	0.1
7550	0.5	0.22	0.14	0.1	0.06	0.1	0.32	0.14	0.1	0.16	0.1	0.2	0.32	0.18	0.18	0.1
7600	0.5	0.2	0.12	0.12	0.06	0.1	0.3	0.14	0.08	0.2	0.08	0.18	0.3	0.22	0.22	0.1
7650	0.54	0.2	0.16	0.14	0.06	0.12	0.28	0.1	0.12	0.2	0.08	0.22	0.28	0.2	0.24	0.12
7700	0.56	0.18	0.2	0.1	0.08	0.12	0.28	0.06	0.16	0.24	0.1	0.2	0.28	0.24	0.28	0.12
7750	0.56	0.14	0.2	0.18	0.08	0.12	0.34	0.06	0.14	0.24	0.1	0.2	0.2	0.24	0.3	0.12
7800	0.56	0.12	0.22	0.26	0.1	0.14	0.38	0.06	0.18	0.3	0.12	0.2	0.22	0.28	0.32	0.14
7850	0.52	0.14	0.24	0.22	0.14	0.18	0.38	0.06	0.18	0.32	0.14	0.2	0.26	0.28	0.28	0.24
7900	0.54	0.18	0.26	0.26	0.12	0.2	0.38	0.04	0.16	0.28	0.16	0.18	0.26	0.24	0.3	0.24
7950	0.54	0.2	0.24	0.3	0.16	0.24	0.4	0.06	0.18	0.24	0.16	0.2	0.32	0.22	0.32	0.32
8000	0.5	0.26	0.22	0.3	0.18	0.2	0.38	0.06	0.22	0.24	0.18	0.18	0.32	0.18	0.3	0.3
8050	0.52	0.28	0.22	0.3	0.18	0.22	0.28	0.08	0.18	0.2	0.16	0.18	0.34	0.14	0.28	0.32
8100	0.52	0.3	0.16	0.32	0.16	0.2	0.26	0.1	0.2	0.18	0.16	0.16	0.34	0.16	0.24	0.3
8150	0.52	0.3	0.16	0.26	0.14	0.22	0.22	0.08	0.2	0.2	0.18	0.12	0.36	0.16	0.2	0.28
8200	0.5	0.3	0.18	0.22	0.14	0.2	0.22	0.1	0.22	0.2	0.2	0.1	0.34	0.16	0.2	0.2
8250	0.52	0.28	0.16	0.26	0.12	0.2	0.2	0.1	0.24	0.16	0.22	0.14	0.36	0.16	0.2	0.22
8300	0.52	0.34	0.16	0.24	0.12	0.16	0.18	0.12	0.28	0.14	0.2	0.2	0.32	0.18	0.26	0.24
8350	0.48	0.26	0.16	0.24	0.12	0.2	0.24	0.1	0.3	0.14	0.2	0.2	0.32	0.2	0.24	0.22
8400	0.48	0.28	0.18	0.24	0.1	0.16	0.26	0.16	0.24	0.18	0.22	0.18	0.26	0.24	0.24	0.18
8450	0.46	0.26	0.16	0.22	0.14	0.12	0.26	0.12	0.24	0.22	0.18	0.16	0.26	0.24	0.22	0.18
8500	0.38	0.24	0.16	0.24	0.14	0.12	0.2	0.14	0.26	0.22	0.22	0.14	0.18	0.22	0.26	0.24
8550	0.4	0.28	0.18	0.2	0.16	0.14	0.28	0.16	0.22	0.2	0.22	0.14	0.18	0.26	0.28	0.28
8600	0.4	0.28	0.18	0.2	0.16	0.16	0.26	0.16	0.22	0.24	0.22	0.2	0.2	0.26	0.32	0.26
8650	0.4	0.28	0.16	0.24	0.14	0.18	0.26	0.16	0.26	0.22	0.24	0.18	0.22	0.26	0.3	0.3
8700	0.42	0.26	0.18	0.2	0.12	0.16	0.26	0.12	0.22	0.24	0.2	0.2	0.24	0.3	0.28	0.34
8750	0.44	0.26	0.14	0.22	0.14	0.2	0.26	0.1	0.2	0.22	0.2	0.16	0.24	0.26	0.22	0.3
8800	0.46	0.28	0.16	0.22	0.18	0.24	0.28	0.14	0.22	0.2	0.2	0.16	0.24	0.26	0.22	0.28
8850	0.46	0.26	0.18	0.18	0.2	0.22	0.32	0.12	0.22	0.2	0.24	0.18	0.24	0.24	0.32	0.32
8900	0.48	0.26	0.22	0.16	0.2	0.18	0.34	0.12	0.24	0.22	0.24	0.2	0.28	0.22	0.28	0.32
8950	0.44	0.24	0.22	0.18	0.18	0.18	0.32	0.1	0.24	0.16	0.2	0.18	0.28	0.18	0.2	0.3
9000	0.42	0.24	0.22	0.14	0.18	0.16	0.3	0.12	0.28	0.18	0.16	0.16	0.26	0.16	0.26	0.28
9050	0.42	0.24	0.22	0.14	0.18	0.16	0.32	0.16	0.2	0.16	0.16	0.22	0.26	0.12	0.22	0.34
9100	0.48	0.26	0.2	0.12	0.22	0.16	0.28	0.2	0.22	0.16	0.18	0.26	0.3	0.12	0.26	0.28
9150	0.42	0.28	0.18	0.12	0.2	0.1	0.26	0.2	0.26	0.18	0.16	0.26	0.32	0.14	0.2	0.32
9200	0.44	0.26	0.22	0.14	0.24	0.1	0.26	0.18	0.26	0.14	0.16	0.24	0.36	0.14	0.22	0.34
9250	0.52	0.24	0.22	0.16	0.26	0.1	0.24	0.2	0.26	0.16	0.16	0.22	0.34	0.14	0.24	0.36
9300	0.52	0.26	0.2	0.18	0.2	0.14	0.24	0.22	0.28	0.16	0.18	0.22	0.32	0.18	0.26	0.36
9350	0.5	0.22	0.26	0.14	0.18	0.12	0.28	0.24	0.3	0.14	0.22	0.22	0.36	0.22	0.3	0.36
9400	0.54	0.14	0.22	0.16	0.22	0.12	0.24	0.24	0.26	0.14	0.2	0.2	0.34	0.24	0.26	0.36
9450	0.56	0.14	0.22	0.16	0.24	0.16	0.3	0.26	0.28	0.16	0.18	0.16	0.36	0.24	0.26	0.36
9500	0.54	0.12	0.22	0.2	0.22	0.18	0.3	0.26	0.26	0.18	0.18	0.1	0.34	0.28	0.22	0.36
9550	0.5	0.14	0.22	0.22	0.22	0.16	0.34	0.28	0.2	0.14	0.16	0.1	0.38	0.26	0.24	0.32
9600	0.46	0.14	0.22	0.18	0.16	0.2	0.38	0.28	0.2	0.16	0.16	0.08	0.36	0.24	0.2	0.3
9650	0.44	0.2	0.22	0.18	0.18	0.18	0.42	0.28	0.22	0.16	0.18	0.08	0.34	0.2	0.22	0.22
9700	0.42	0.18	0.2	0.16	0.2	0.18	0.48	0.26	0.2	0.2	0.18	0.12	0.28	0.2	0.24	0.2
9750	0.44	0.22	0.18	0.14	0.18	0.16	0.44	0.28	0.22	0.22	0.18	0.08	0.3	0.16	0.24	0.18
9800	0.46	0.22	0.2	0.14	0.18	0.16	0.38	0.24	0.2	0.2	0.22	0.1	0.36	0.16	0.28	0.18
9850	0.48	0.26	0.2	0.14	0.16	0.16	0.42	0.22	0.22	0.22	0.2	0.12	0.32	0.16	0.26	0.14
9900	0.46	0.24	0.2	0.14	0.2	0.2	0.34	0.16	0.18	0.22	0.2	0.12	0.28	0.14	0.26	0.16
9950	0.48	0.22	0.22	0.16	0.22	0.22	0.32	0.16	0.2	0.26	0.2	0.12	0.24	0.16	0.28	0.12
10000	0.5	0.2	0.22	0.18	0.2	0.2	0.28	0.16	0.2	0.26	0.22	0.14	0.22	0.14	0.26	0.14
10050	0.6	0.22	0.24	0.14	0.2	0.2	0.3	0.16	0.22	0.28	0.2	0.14	0.22	0.16	0.22	0.2
10100	0.64	0.2	0.2	0.16	0.22	0.24	0.32	0.16	0.24	0.26	0.16	0.14	0.2	0.2	0.24	0.22
10150	0.58	0.2	0.24	0.16	0.22	0.24	0.3	0.22	0.24	0.22	0.14	0.18	0.16	0.18	0.2	0.24
10200	0.54	0.22	0.24	0.18	0.16	0.26	0.28	0.2	0.24	0.22	0.12	0.2	0.16	0.2	0.2	0.24
10250	0.58	0.26	0.2	0.2	0.16	0.3	0.28	0.2	0.2	0.2	0.1	0.24	0.2	0.2	0.2	0.28
10300	0.58	0.36	0.22	0.22	0.22	0.3	0.28	0.2	0.16	0.2	0.12	0.28	0.24	0.18	0.28	0.32
10350	0.58	0.4	0.26	0.2	0.24	0.28	0.28	0.22	0.14	0.2	0.12	0.28	0.28	0.2	0.32	0.3
10400	0.54	0.42	0.28	0.2	0.24	0.34	0.32	0.22	0.2	0.22	0.16	0.34	0.3	0.24	0.32	0.3
10450	0.42	0.4	0.26	0.18	0.26	0.32	0.3	0.22	0.2	0.24	0.16	0.32	0.32	0.26	0.36	0.24
10500	0.44	0.38	0.26	0.26	0.24	0.26	0.26	0.26	0.14	0.26	0.2	0.3	0.38	0.3	0.34	0.3
10550	0.5	0.34	0.22	0.26	0.28	0.26	0.24	0.24	0.14	0.3	0.24	0.28	0.4	0.34	0.34	0.3
10600	0.6	0.32	0.2	0.26	0.32	0.28	0.3	0.26	0.14	0.36	0.28	0.3	0.38	0.38	0.38	0.3
10650	0.56	0.32	0.22	0.28	0.36	0.3	0.32	0.26	0.16	0.38	0.3	0.32	0.46	0.38	0.4	0.34
10700	0.56	0.34	0.26	0.28	0.34	0.28	0.34	0.24	0.2	0.42	0.3	0.32	0.46	0.38	0.34	0.4
10750	0.58	0.34	0.22	0.3	0.32	0.28	0.34	0.24	0.2	0.42	0.32	0.3	0.48	0.38	0.34	0.4
10800	0.58	0.34	0.3	0.34	0.34	0.36	0.36	0.26	0.24	0.46	0.36	0.32	0.5	0.34	0.32	0.44
10850	0.66	0.36	0.34	0.28	0.36	0.4	0.38	0.3	0.24	0.46	0.38	0.3	0.54	0.32	0.32	0.46
10900	0.66	0.34	0.36	0.3	0.44	0.44	0.42	0.3	0.34	0.44	0.38	0.34	0.56	0.3	0.32	0.44
10950	0.66	0.38	0.38	0.34	0.46	0.42	0.46	0.3	0.36	0.46	0.44	0.4	0.52	0.3	0.34	0.42
11000	0.62	0.32	0.44	0.36	0.46	0.44	0.52	0.26	0.34	0.44	0.38	0.4	0.52	0.3	0.34	0.34
11050	0.62	0.32	0.46	0.36	0.4	0.42	0.5	0.26	0.38	0.44	0.44	0.38	0.5	0.34	0.36	0.32
11100	0.62	0.32	0.54	0.38	0.44	0.44	0.48	0.3	0.36	0.42	0.5	0.34	0.5	0.38	0.38	0.36
11150	0.6	0.34	0.5	0.4	0.46	0.42	0.52	0.3	0.42	0.46	0.5	0.3	0.5	0.42	0.44	0.38
11200	0.62	0.34	0.48	0.4	0.42	0.38	0.52	0.32	0.42	0.46	0.52	0.26	0.5	0.4	0.48	0.42
11250	0.6	0.36	0.52	0.38	0.42	0.42	0.5	0.3	0.4	0.48	0.58	0.34	0.46	0.38	0.5	0.42
11300	0.58	0.36	0.52	0.36	0.4	0.4	0.48	0.34	0.36	0.52	0.6	0.4	0.48	0.4	0.58	0.4
11350	0.56	0.34	0.5	0.4	0.38	0.44	0.44	0.32	0.4	0.5	0.58	0.42	0.42	0.38	0.62	0.4
11400	0.64	0.36	0.5	0.42	0.36	0.48	0.44	0.28	0.4	0.5	0.58	0.42	0.44	0.34	0.54	0.42
11450	0.68	0.34	0.5	0.44	0.32	0.48	0.48	0.32	0.42	0.52	0.62	0.46	0.44	0.32	0.54	0.46
11500	0.7	0.34	0.5	0.42	0.4	0.52	0.52	0.32	0.5	0.52	0.56	0.48	0.38	0.38	0.54	0.44
11550	0.7	0.36	0.52	0.4	0.38	0.54	0.52	0.36	0.5	0.5	0.48	0.54	0.4	0.4	0.52	0.46
11600	0.68	0.36	0.54	0.36	0.4	0.52	0.56	0.38	0.54	0.48	0.44	0.56	0.4	0.4	0.54	0.44
11650	0.7	0.36	0.56	0.36	0.42	0.58	0.6	0.34	0.5	0.5	0.42	0.6	0.42	0.44	0.48	0.44
11700	0.74	0.4	0.64	0.36	0.48	0.62	0.6	0.42	0.54	0.42	0.44	0.62	0.42	0.44	0.46	0.5
11750	0.72	0.4	0.62	0.36	0.5	0.64	0.64	0.5	0.56	0.46	0.42	0.58	0.44	0.42	0.46	0.5
11800	0.66	0.4	0.6	0.32	0.58	0.66	0.64	0.54	0.52	0.46	0.42	0.6	0.48	0.44	0.46	0.5
11850	0.62	0.4	0.62	0.34	0.58	0.6	0.6	0.58	0.52	0.42	0.44	0.56	0.46	0.52	0.46	0.48
11900	0.62	0.46	0.62	0.34	0.58	0.56	0.64	0.54	0.52	0.46	0.52	0.52	0.48	0.48	0.44	0.5
11950	0.62	0.5	0.58	0.44	0.54	0.58	0.64	0.56	0.52	0.46	0.54	0.48	0.46	0.46	0.4	0.56
12000	0.64	0.44	0.58	0.46	0.58	0.54	0.62	0.52	0.52	0.52	0.54	0.44	0.48	0.44	0.4	0.52
12050	0.66	0.48	0.56	0.46	0.54	0.46	0.6	0.5	0.52	0.48	0.58	0.42	0.46	0.52	0.44	0.6
12100	0.66	0.5	0.58	0.44	0.48	0.46	0.6	0.5	0.52	0.46	0.58	0.42	0.52	0.52	0.5	0.62
12150	0.72	0.48	0.54	0.54	0.42	0.46	0.62	0.5	0.5	0.56	0.64	0.44	0.52	0.56	0.56	0.66
12200	0.68	0.46	0.54	0.58	0.44	0.5	0.62	0.44	0.5	0.56	0.62	0.46	0.56	0.6	0.56	0.72
12250	0.72	0.54	0.56	0.56	0.44	0.52	0.66	0.44	0.46	0.54	0.66	0.46	0.54	0.6	0.58	0.78
12300	0.72	0.5	0.54	0.56	0.48	0.52	0.7	0.52	0.46	0.64	0.7	0.46	0.58	0.64	0.56	0.74
12350	0.74	0.48	0.6	0.48	0.46	0.54	0.66	0.54	0.44	0.66	0.74	0.44	0.6	0.58	0.58	0.7
12400	0.74	0.5	0.62	0.52	0.54	0.58	0.68	0.56	0.48	0.64	0.78	0.42	0.56	0.58	0.58	0.66
12450	0.76	0.52	0.64	0.54	0.6	0.58	0.66	0.6	0.5	0.7	0.78	0.44	0.58	0.62	0.62	0.66
12500	0.76	0.54	0.62	0.54	0.62	0.62	0.68	0.64	0.52	0.64	0.8	0.42	0.6	0.58	0.64	0.62
12550	0.74	0.56	0.62	0.56	0.64	0.62	0.68	0.68	0.52	0.66	0.82	0.36	0.66	0.6	0.68	0.6
12600	0.78	0.58	0.66	0.6	0.72	0.68	0.68	0.68	0.58	0.64	0.76	0.4	0.66	0.54	0.66	0.62
12650	0.8	0.58	0.68	0.66	0.68	0.66	0.68	0.66	0.6	0.66	0.76	0.48	0.64	0.56	0.66	0.62
12700	0.78	0.58	0.68	0.7	0.74	0.68	0.64	0.7	0.64	0.72	0.74	0.54	0.58	0.6	0.66	0.62
12750	0.76	0.66	0.7	0.62	0.76	0.66	0.6	0.72	0.62	0.72	0.74	0.58	0.56	0.62	0.68	0.62
12800	0.8	0.66	0.66	0.64	0.7	0.66	0.64	0.66	0.62	0.68	0.7	0.58	0.58	0.58	0.68	0.64
12850	0.82	0.62	0.7	0.64	0.72	0.66	0.64	0.64	0.66	0.66	0.64	0.58	0.56	0.6	0.7	0.7
12900	0.84	0.58	0.68	0.56	0.68	0.68	0.68	0.66	0.62	0.68	0.54	0.58	0.5	0.6	0.64	0.74
12950	0.82	0.56	0.68	0.5	0.68	0.64	0.7	0.64	0.58	0.66	0.54	0.6	0.48	0.58	0.64	0.78
13000	0.8	0.6	0.7	0.46	0.68	0.64	0.7	0.66	0.64	0.62	0.6	0.58	0.48	0.6	0.6	0.86
13050	0.78	0.5	0.64	0.38	0.64	0.54	0.62	0.68	0.64	0.58	0.58	0.5	0.44	0.58	0.58	0.82
13100	0.76	0.46	0.64	0.4	0.62	0.58	0.62	0.66	0.66	0.58	0.54	0.48	0.46	0.58	0.6	0.82
13150	0.7	0.46	0.6	0.44	0.72	0.6	0.64	0.64	0.64	0.6	0.54	0.5	0.54	0.58	0.58	0.78
13200	0.7	0.48	0.58	0.42	0.72	0.62	0.66	0.62	0.66	0.62	0.58	0.46	0.52	0.62	0.62	0.72
13250	0.64	0.5	0.56	0.42	0.72	0.58	0.62	0.62	0.66	0.62	0.58	0.48	0.5	0.58	0.54	0.68
13300	0.64	0.46	0.56	0.44	0.7	0.56	0.56	0.62	0.64	0.62	0.6	0.5	0.44	0.54	0.62	0.66
13350	0.62	0.46	0.58	0.48	0.66	0.56	0.64	0.64	0.6	0.62	0.6	0.5	0.44	0.5	0.62	0.66
13400	0.64	0.44	0.56	0.48	0.66	0.54	0.64	0.66	0.64	0.64	0.68	0.5	0.46	0.58	0.6	0.66
13450	0.68	0.48	0.64	0.5	0.66	0.54	0.64	0.66	0.66	0.64	0.68	0.54	0.38	0.56	0.62	0.66
13500	0.64	0.5	0.6	0.46	0.64	0.6	0.62	0.64	0.6	0.62	0.74	0.58	0.44	0.6	0.62	0.68
13550	0.68	0.54	0.64	0.48	0.66	0.6	0.62	0.66	0.6	0.66	0.76	0.62	0.48	0.62	0.64	0.74
13600	0.7	0.54	0.62	0.48	0.66	0.62	0.66	0.64	0.62	0.62	0.76	0.64	0.54	0.64	0.66	0.7
13650	0.72	0.52	0.56	0.46	0.56	0.62	0.66	0.62	0.58	0.62	0.76	0.64	0.6	0.66	0.66	0.74
13700	0.78	0.58	0.56	0.5	0.48	0.64	0.6	0.66	0.58	0.6	0.78	0.64	0.6	0.7	0.64	0.74
13750	0.78	0.62	0.52	0.5	0.48	0.64	0.58	0.68	0.64	0.56	0.78	0.64	0.68	0.68	0.62	0.7
13800	0.78	0.58	0.58	0.52	0.5	0.66	0.56	0.6	0.6	0.54	0.72	0.64	0.66	0.66	0.66	0.64
13850	0.76	0.58	0.56	0.5	0.54	0.7	0.6	0.62	0.56	0.52	0.68	0.6	0.66	0.68	0.66	0.7
13900	0.78	0.56	0.56	0.5	0.6	0.68	0.6	0.62	0.52	0.54	0.72	0.56	0.7	0.6	0.64	0.66
13950	0.8	0.56	0.56	0.52	0.56	0.64	0.58	0.56	0.6	0.58	0.68	0.48	0.66	0.6	0.68	0.68
14000	0.78	0.58	0.6	0.54	0.56	0.64	0.6	0.56	0.6	0.54	0.66	0.52	0.62	0.64	0.68	0.64
14050	0.78	0.54	0.68	0.58	0.62	0.64	0.62	0.6	0.58	0.54	0.64	0.52	0.6	0.6	0.6	0.6
14100	0.72	0.52	0.72	0.52	0.66	0.58	0.66	0.6	0.6	0.56	0.62	0.54	0.58	0.56	0.6	0.6
14150	0.7	0.56	0.74	0.5	0.66	0.54	0.64	0.66	0.62	0.52	0.6	0.52	0.54	0.58	0.6	0.62
14200	0.72	0.58	0.68	0.48	0.64	0.5	0.62	0.64	0.58	0.5	0.66	0.48	0.54	0.6	0.6	0.58
14250	0.72	0.58	0.7	0.46	0.6	0.56	0.62	0.66	0.58	0.52	0.68	0.6	0.52	0.54	0.64	0.58
14300	0.74	0.58	0.66	0.46	0.56	0.54	0.66	0.66	0.58	0.56	0.68	0.6	0.52	0.58	0.68	0.62
14350	0.72	0.62	0.72	0.52	0.58	0.56	0.66	0.68	0.6	0.56	0.66	0.6	0.6	0.64	0.66	0.64
14400	0.72	0.62	0.7	0.54	0.56	0.56	0.66	0.68	0.58	0.58	0.66	0.58	0.68	0.62	0.58	0.64
14450	0.76	0.6	0.68	0.52	0.58	0.62	0.64	0.64	0.58	0.56	0.68	0.56	0.62	0.68	0.58	0.66
14500	0.84	0.58	0.62	0.52	0.62	0.64	0.6	0.6	0.54	0.54	0.72	0.54	0.68	0.58	0.6	0.68
14550	0.84	0.62	0.62	0.52	0.62	0.6	0.66	0.58	0.52	0.52	0.76	0.58	0.68	0.62	0.64	0.68
14600	0.82	0.6	0.7	0.54	0.68	0.62	0.66	0.6	0.52	0.56	0.74	0.52	0.66	0.56	0.6	0.72
14650	0.82	0.62	0.72	0.54	0.7	0.6	0.68	0.62	0.54	0.58	0.8	0.52	0.66	0.58	0.62	0.72
14700	0.86	0.66	0.72	0.56	0.76	0.58	0.7	0.6	0.56	0.56	0.78	0.54	0.62	0.66	0.6	0.72
14750	0.84	0.62	0.76	0.5	0.78	0.6	0.74	0.62	0.6	0.54	0.78	0.54	0.62	0.62	0.56	0.76
14800	0.8	0.56	0.74	0.44	0.84	0.62	0.74	0.6	0.7	0.54	0.82	0.56	0.7	0.56	0.6	0.78
14850	0.8	0.54	0.74	0.42	0.86	0.62	0.72	0.58	0.72	0.58	0.8	0.64	0.68	0.54	0.62	0.78
14900	0.74	0.52	0.74	0.38	0.84	0.66	0.72	0.64	0.7	0.54	0.68	0.64	0.66	0.52	0.62	0.76
14950	0.78	0.52	0.78	0.36	0.8	0.68	0.68	0.62	0.68	0.58	0.64	0.64	0.62	0.5	0.54	0.76
15000	0.78	0.6	0.78	0.4	0.8	0.66	0.72	0.56	0.66	0.56	0.64	0.62	0.62	0.58	0.6	0.78
15050	0.76	0.64	0.76	0.36	0.76	0.68	0.68	0.58	0.62	0.58	0.64	0.62	0.62	0.56	0.58	0.76
15100	0.74	0.62	0.78	0.32	0.7	0.7	0.64	0.58	0.6	0.58	0.56	0.62	0.6	0.52	0.6	0.76
15150	0.72	0.58	0.72	0.38	0.68	0.74	0.64	0.6	0.56	0.56	0.52	0.62	0.6	0.58	0.6	0.68
15200	0.7	0.5	0.74	0.42	0.7	0.64	0.66	0.64	0.54	0.6	0.48	0.62	0.58	0.58	0.62	0.68
15250	0.72	0.56	0.78	0.4	0.7	0.62	0.72	0.7	0.56	0.56	0.46	0.6	0.58	0.62	0.68	0.66
15300	0.74	0.58	0.78	0.48	0.7	0.6	0.74	0.7	0.58	0.64	0.46	0.58	0.58	0.68	0.74	0.68
15350	0.72	0.62	0.74	0.5	0.72	0.58	0.72	0.7	0.66	0.68	0.44	0.64	0.62	0.7	0.7	0.68
15400	0.72	0.54	0.72	0.54	0.7	0.62	0.74	0.74	0.64	0.7	0.42	0.64	0.62	0.68	0.7	0.64
15450	0.68	0.56	0.72	0.54	0.7	0.64	0.74	0.72	0.62	0.74	0.46	0.66	0.68	0.74	0.68	0.64
15500	0.72	0.54	0.72	0.62	0.7	0.6	0.74	0.72	0.66	0.74	0.5	0.66	0.66	0.72	0.7	0.66
15550	0.68	0.56	0.74	0.56	0.68	0.56	0.76	0.7	0.64	0.68	0.48	0.64	0.62	0.7	0.74	0.64
15600	0.7	0.64	0.7	0.58	0.62	0.62	0.78	0.7	0.58	0.72	0.54	0.64	0.62	0.68	0.72	0.66
15650	0.66	0.68	0.7	0.6	0.6	0.62	0.72	0.72	0.62	0.68	0.6	0.64	0.64	0.68	0.74	0.7
15700	0.64	0.7	0.68	0.56	0.6	0.66	0.76	0.72	0.56	0.66	0.68	0.62	0.66	0.66	0.7	0.7
15750	0.66	0.68	0.74	0.64	0.62	0.66	0.78	0.74	0.58	0.64	0.74	0.66	0.66	0.66	0.74	0.72
15800	0.7	0.68	0.72	0.66	0.64	0.66	0.78	0.74	0.6	0.66	0.7	0.66	0.68	0.64	0.74	0.76
15850	0.66	0.62	0.68	0.66	0.68	0.6	0.74	0.72	0.62	0.64	0.66	0.64	0.66	0.62	0.74	0.78
15900	0.68	0.64	0.68	0.58	0.72	0.6	0.74	0.74	0.62	0.6	0.68	0.64	0.66	0.6	0.74	0.76
15950	0.68	0.66	0.7	0.6	0.7	0.58	0.72	0.7	0.62	0.62	0.66	0.64	0.66	0.66	0.72	0.74
16000	0.7	0.68	0.68	0.64	0.78	0.6	0.74	0.68	0.58	0.6	0.74	0.64	0.64	0.66	0.68	0.72
16050	0.68	0.62	0.68	0.68	0.76	0.58	0.7	0.66	0.6	0.58	0.68	0.66	0.62	0.68	0.72	0.72
16100	0.72	0.6	0.66	0.72	0.74	0.54	0.7	0.64	0.58	0.56	0.62	0.62	0.58	0.66	0.72	0.7
16150	0.74	0.64	0.68	0.72	0.76	0.56	0.7	0.6	0.52	0.52	0.64	0.62	0.58	0.66	0.7	0.68
16200	0.74	0.66	0.66	0.64	0.76	0.56	0.72	0.58	0.5	0.48	0.68	0.58	0.56	0.68	0.66	0.64
16250	0.76	0.66	0.68	0.6	0.74	0.62	0.76	0.56	0.52	0.46	0.64	0.58	0.58	0.68	0.6	0.68
16300	0.76	0.62	0.74	0.6	0.7	0.64	0.76	0.56	0.48	0.48	0.64	0.6	0.64	0.66	0.62	0.64
16350	0.78	0.68	0.74	0.62	0.66	0.64	0.8	0.56	0.48	0.5	0.62	0.6	0.58	0.66	0.72	0.62
16400	0.8	0.74	0.76	0.64	0.66	0.64	0.78	0.56	0.52	0.48	0.64	0.56	0.62	0.7	0.72	0.62
16450	0.84	0.76	0.76	0.62	0.7	0.64	0.82	0.66	0.5	0.52	0.66	0.62	0.62	0.7	0.66	0.6
16500	0.86	0.8	0.76	0.64	0.7	0.66	0.84	0.64	0.56	0.56	0.66	0.68	0.64	0.7	0.62	0.66
16550	0.86	0.78	0.72	0.62	0.7	0.66	0.82	0.7	0.58	0.6	0.68	0.68	0.66	0.72	0.6	0.68
16600	0.88	0.78	0.72	0.68	0.7	0.66	0.84	0.76	0.64	0.64	0.7	0.66	0.62	0.74	0.58	0.72
16650	0.9	0.78	0.72	0.64	0.68	0.68	0.8	0.78	0.64	0.66	0.72	0.66	0.62	0.74	0.62	0.72
16700	0.9	0.74	0.7	0.66	0.72	0.7	0.8	0.82	0.64	0.72	0.72	0.72	0.68	0.8	0.64	0.76
16750	0.84	0.72	0.68	0.64	0.74	0.7	0.8	0.8	0.62	0.72	0.78	0.66	0.74	0.82	0.64	0.74
16800	0.86	0.76	0.7	0.66	0.74	0.74	0.82	0.8	0.76	0.78	0.76	0.68	0.72	0.8	0.62	0.74
16850	0.86	0.78	0.66	0.64	0.74	0.74	0.76	0.8	0.74	0.76	0.72	0.62	0.74	0.8	0.66	0.74
16900	0.84	0.76	0.62	0.58	0.72	0.72	0.76	0.8	0.7	0.68	0.72	0.66	0.74	0.8	0.64	0.72
16950	0.84	0.78	0.58	0.58	0.74	0.7	0.78	0.82	0.66	0.7	0.72	0.7	0.76	0.8	0.72	0.72
17000	0.86	0.8	0.6	0.6	0.7	0.68	0.78	0.8	0.62	0.7	0.74	0.72	0.78	0.76	0.74	0.72
17050	0.84	0.78	0.66	0.62	0.76	0.64	0.78	0.74	0.64	0.7	0.74	0.68	0.76	0.76	0.7	0.72
17100	0.82	0.76	0.66	0.6	0.78	0.66	0.78	0.7	0.7	0.72	0.74	0.72	0.76	0.76	0.74	0.74
17150	0.86	0.78	0.68	0.64	0.8	0.64	0.72	0.68	0.7	0.7	0.72	0.74	0.76	0.74	0.72	0.74
17200	0.88	0.76	0.7	0.64	0.78	0.64	0.74	0.74	0.66	0.76	0.76	0.72	0.78	0.74	0.74	0.74
17250	0.84	0.74	0.7	0.66	0.78	0.62	0.7	0.74	0.68	0.78	0.7	0.74	0.8	0.72	0.72	0.74
17300	0.86	0.7	0.74	0.64	0.76	0.62	0.68	0.7	0.64	0.8	0.72	0.66	0.8	0.74	0.72	0.72
17350	0.82	0.66	0.84	0.66	0.74	0.64	0.68	0.66	0.68	0.8	0.7	0.64	0.8	0.7	0.76	0.66
17400	0.86	0.66	0.86	0.64	0.8	0.66	0.68	0.68	0.7	0.76	0.68	0.66	0.82	0.68	0.72	0.66
17450	0.88	0.66	0.84	0.66	0.78	0.64	0.68	0.74	0.68	0.7	0.68	0.66	0.78	0.64	0.72	0.64
17500	0.88	0.64	0.8	0.66	0.76	0.66	0.7	0.76	0.66	0.68	0.7	0.68	0.78	0.68	0.74	0.66
17550	0.86	0.6	0.82	0.7	0.78	0.64	0.66	0.76	0.68	0.74	0.7	0.72	0.74	0.66	0.72	0.68
17600	0.9	0.54	0.82	0.7	0.82	0.62	0.68	0.68	0.66	0.7	0.74	0.7	0.72	0.68	0.7	0.7
17650	0.94	0.5	0.78	0.78	0.82	0.62	0.72	0.66	0.66	0.74	0.78	0.74	0.72	0.64	0.72	0.76
17700	0.9	0.54	0.76	0.78	0.82	0.62	0.68	0.7	0.68	0.76	0.78	0.76	0.76	0.66	0.66	0.78
17750	0.9	0.52	0.78	0.76	0.74	0.64	0.7	0.68	0.74	0.74	0.76	0.8	0.76	0.66	0.64	0.76
17800	0.9	0.54	0.8	0.78	0.72	0.66	0.72	0.64	0.72	0.72	0.78	0.88	0.78	0.66	0.64	0.74
17850	0.88	0.54	0.8	0.78	0.72	0.76	0.76	0.64	0.68	0.76	0.82	0.82	0.74	0.68	0.6	0.78
17900	0.9	0.54	0.76	0.76	0.7	0.78	0.72	0.56	0.74	0.82	0.82	0.8	0.72	0.68	0.66	0.76
17950	0.88	0.56	0.76	0.74	0.66	0.78	0.68	0.6	0.76	0.84	0.78	0.78	0.74	0.68	0.64	0.82
18000	0.84	0.64	0.78	0.72	0.68	0.8	0.68	0.64	0.74	0.84	0.78	0.76	0.74	0.66	0.64	0.74
18050	0.86	0.62	0.74	0.74	0.7	0.84	0.72	0.6	0.78	0.82	0.76	0.74	0.74	0.7	0.68	0.72
18100	0.88	0.6	0.74	0.76	0.72	0.88	0.74	0.64	0.82	0.82	0.72	0.76	0.72	0.76	0.72	0.74
18150	0.88	0.62	0.74	0.78	0.8	0.86	0.72	0.7	0.82	0.84	0.66	0.72	0.68	0.78	0.64	0.76
18200	0.84	0.64	0.78	0.8	0.82	0.88	0.74	0.74	0.8	0.84	0.66	0.72	0.66	0.78	0.72	0.74
18250	0.8	0.66	0.78	0.74	0.86	0.88	0.72	0.76	0.82	0.78	0.66	0.66	0.66	0.78	0.7	0.74
18300	0.82	0.68	0.84	0.76	0.9	0.88	0.72	0.78	0.86	0.8	0.64	0.74	0.62	0.78	0.74	0.76
18350	0.82	0.7	0.84	0.72	0.84	0.78	0.76	0.76	0.8	0.72	0.68	0.78	0.56	0.8	0.7	0.76
18400	0.84	0.76	0.82	0.7	0.86	0.76	0.8	0.72	0.78	0.74	0.66	0.72	0.54	0.8	0.7	0.76
18450	0.82	0.82	0.82	0.7	0.84	0.72	0.8	0.76	0.82	0.74	0.78	0.74	0.6	0.82	0.66	0.74
18500	0.82	0.8	0.84	0.74	0.76	0.66	0.8	0.76	0.76	0.72	0.8	0.76	0.58	0.84	0.64	0.72
18550	0.8	0.78	0.82	0.72	0.78	0.66	0.78	0.76	0.74	0.72	0.82	0.8	0.6	0.84	0.66	0.7
18600	0.8	0.8	0.82	0.74	0.8	0.62	0.78	0.76	0.78	0.74	0.84	0.78	0.62	0.82	0.64	0.76
18650	0.8	0.78	0.82	0.76	0.76	0.56	0.72	0.78	0.8	0.76	0.8	0.7	0.68	0.84	0.64	0.76
18700	0.78	0.78	0.74	0.74	0.68	0.58	0.72	0.74	0.76	0.72	0.8	0.7	0.7	0.78	0.64	0.78
18750	0.82	0.76	0.74	0.72	0.68	0.6	0.72	0.74	0.78	0.78	0.8	0.74	0.7	0.76	0.64	0.74
18800	0.8	0.76	0.72	0.68	0.68	0.62	0.72	0.74	0.74	0.78	0.82	0.72	0.68	0.74	0.62	0.78
18850	0.82	0.74	0.7	0.74	0.72	0.7	0.7	0.74	0.7	0.78	0.82	0.72	0.7	0.74	0.6	0.78
18900	0.8	0.76	0.72	0.76	0.66	0.76	0.72	0.74	0.72	0.8	0.8	0.74	0.7	0.7	0.58	0.84
18950	0.78	0.78	0.76	0.74	0.64	0.8	0.72	0.68	0.7	0.8	0.8	0.72	0.72	0.66	0.56	0.84
19000	0.78	0.8	0.74	0.74	0.66	0.82	0.7	0.6	0.68	0.8	0.82	0.72	0.7	0.68	0.54	0.78
19050	0.76	0.84	0.72	0.72	0.66	0.86	0.72	0.56	0.64	0.82	0.8	0.74	0.7	0.72	0.6	0.78
19100	0.78	0.9	0.72	0.72	0.66	0.88	0.78	0.58	0.66	0.78	0.84	0.76	0.72	0.74	0.62	0.8
19150	0.74	0.84	0.78	0.76	0.68	0.86	0.76	0.58	0.66	0.8	0.8	0.78	0.72	0.72	0.66	0.76
19200	0.76	0.82	0.76	0.78	0.7	0.86	0.76	0.58	0.74	0.82	0.78	0.78	0.74	0.72	0.68	0.78
19250	0.74	0.8	0.76	0.76	0.7	0.76	0.74	0.56	0.74	0.82	0.78	0.76	0.76	0.7	0.72	0.74
19300	0.76	0.8	0.76	0.72	0.72	0.78	0.74	0.54	0.76	0.78	0.76	0.72	0.8	0.7	0.74	0.82
19350	0.8	0.78	0.78	0.74	0.72	0.74	0.72	0.54	0.78	0.76	0.78	0.76	0.82	0.72	0.76	0.84
19400	0.74	0.74	0.8	0.72	0.72	0.7	0.7	0.54	0.7	0.78	0.7	0.74	0.82	0.72	0.72	0.78
19450	0.74	0.74	0.8	0.7	0.72	0.68	0.68	0.6	0.7	0.78	0.7	0.72	0.86	0.74	0.76	0.82
19500	0.7	0.74	0.8	0.72	0.72	0.7	0.66	0.56	0.7	0.78	0.7	0.66	0.82	0.72	0.72	0.82
19550	0.76	0.8	0.78	0.68	0.72	0.72	0.72	0.58	0.7	0.8	0.68	0.64	0.8	0.76	0.72	0.8
19600	0.74	0.76	0.8	0.68	0.72	0.74	0.7	0.6	0.66	0.72	0.74	0.66	0.76	0.78	0.74	0.8
19650	0.76	0.74	0.82	0.72	0.72	0.72	0.72	0.54	0.64	0.76	0.74	0.66	0.74	0.78	0.74	0.8
19700	0.8	0.72	0.8	0.74	0.72	0.74	0.74	0.52	0.64	0.76	0.74	0.64	0.68	0.74	0.78	0.78
19750	0.8	0.76	0.74	0.74	0.74	0.72	0.72	0.58	0.68	0.74	0.74	0.64	0.64	0.78	0.76	0.72
19800	0.78	0.74	0.68	0.74	0.76	0.72	0.74	0.58	0.72	0.72	0.74	0.6	0.64	0.74	0.82	0.74
19850	0.8	0.72	0.68	0.76	0.76	0.72	0.72	0.58	0.74	0.68	0.66	0.62	0.68	0.74	0.84	0.68
19900	0.84	0.68	0.64	0.8	0.76	0.7	0.74	0.58	0.74	0.7	0.7	0.62	0.62	0.72	0.86	0.62
19950	0.86	0.66	0.58	0.8	0.64	0.68	0.72	0.58	0.7	0.72	0.68	0.62	0.64	0.74	0.9	0.58
20000	0.88	0.6	0.58	0.8	0.68	0.68	0.74	0.6	0.64	0.8	0.7	0.62	0.7	0.8	0.88	0.56
