0	0	0	0	0	0	0	0	0	0	0	0	0	0	0	0	0	0
50	2	1	1	2	2	1	3	3	4	2	4	4	2	1	2	1	10
100	5	3	4	3	5	4	6	6	4	6	7	7	3	3	2	2	22
150	6	4	5	4	6	7	8	7	6	6	7	7	3	4	3	4	29
200	8	7	5	5	8	7	9	7	7	6	8	9	6	7	6	5	41
250	8	8	7	5	8	7	11	8	10	6	8	9	7	7	6	6	43
300	8	8	8	6	9	7	11	9	10	7	8	9	8	8	8	8	50
350	8	8	8	7	10	7	11	9	11	7	9	10	8	8	10	7	53
400	8	9	8	8	10	7	12	9	12	7	10	10	8	9	10	8	55
450	8	9	9	11	11	7	13	9	12	7	11	10	9	9	13	9	61
500	8	9	10	12	12	8	13	11	12	8	11	11	9	9	13	10	65
550	8	9	11	13	12	9	14	11	13	8	12	11	10	9	14	11	71
600	8	9	11	13	13	10	14	11	14	8	13	11	10	11	13	12	77
650	10	10	12	13	13	10	15	12	15	8	14	11	10	12	13	12	82
700	10	10	14	16	13	10	15	14	16	9	15	11	10	12	14	12	88
750	10	10	14	16	13	10	15	15	16	9	15	11	12	12	14	13	88
800	10	10	14	17	13	10	15	16	16	9	15	11	12	12	14	14	89
850	10	10	14	17	13	10	15	16	16	10	15	11	13	12	15	14	89
900	10	10	14	17	13	10	16	18	16	10	15	11	14	12	15	14	90
950	10	10	14	18	13	10	17	18	16	11	15	11	14	12	15	14	93
1000	10	10	14	18	13	10	17	19	16	11	15	11	14	12	15	15	96
1050	10	10	14	19	13	10	17	20	16	11	15	12	14	12	15	15	98
1100	10	10	14	19	14	10	17	20	17	11	15	12	14	12	14	15	96
1150	10	10	14	19	14	11	17	20	17	11	15	12	14	12	14	15	96
1200	10	10	14	19	15	11	17	20	17	11	15	12	15	12	14	15	99
1250	10	10	14	19	15	11	17	20	17	11	15	12	15	12	14	15	99
1300	10	10	14	18	15	12	17	20	17	11	16	12	15	12	14	15	100
1350	10	10	14	18	15	12	17	20	17	11	16	12	15	12	14	15	102
1400	10	10	14	18	16	12	17	20	17	11	16	12	15	12	14	15	102
1450	10	10	14	18	16	10	17	19	17	11	16	12	15	12	14	15	102
1500	10	10	14	18	16	12	17	19	17	11	16	12	15	12	14	15	103
1550	10	10	14	18	16	12	17	19	17	11	16	12	17	12	14	15	107
1600	11	10	15	18	17	12	17	19	17	11	16	12	17	12	14	15	108
1650	11	10	15	18	17	12	17	19	17	11	16	12	19	12	14	15	109
1700	11	10	14	18	18	13	17	19	17	11	16	12	18	12	14	15	108
1750	13	10	14	18	18	13	17	19	17	11	16	12	19	12	14	15	109
1800	13	10	15	18	19	14	17	19	17	11	16	12	19	12	14	15	108
1850	15	10	16	18	19	15	17	19	16	11	16	12	19	12	14	15	110
1900	15	10	17	18	20	16	17	19	16	11	16	12	21	12	14	15	114
1950	17	10	17	18	21	17	17	19	16	11	16	12	21	12	14	14	114
2000	18	10	17	18	22	17	17	19	16	11	16	12	22	12	14	14	115
2050	18	10	19	18	22	18	17	19	16	11	16	12	22	12	14	14	115
2100	18	10	19	18	22	18	17	19	16	11	16	12	22	12	15	14	115
2150	19	10	20	18	23	18	17	19	16	11	16	12	22	12	15	14	115
2200	18	10	20	18	23	19	17	19	16	11	16	12	24	12	15	14	116
2250	18	10	20	18	23	19	17	19	16	11	16	12	24	12	15	14	115
2300	19	10	20	18	23	19	17	19	16	11	16	12	23	12	15	14	116
2350	19	10	20	18	23	19	17	19	17	11	16	12	24	12	16	14	118
2400	19	10	21	18	23	20	17	19	17	11	16	12	24	11	16	14	121
2450	20	10	21	18	23	19	17	19	17	11	16	12	24	11	16	14	121
2500	20	10	22	18	23	19	17	19	18	11	16	12	24	11	16	14	124
2550	21	10	22	18	23	19	17	19	19	12	15	12	24	11	16	14	122
2600	21	10	22	18	23	19	17	19	17	12	14	12	24	11	16	14	122
2650	21	10	22	18	23	19	17	19	17	12	14	12	24	11	16	14	122
2700	22	10	22	18	23	20	17	19	17	12	14	12	24	11	16	15	124
2750	22	10	22	18	23	20	17	19	17	12	14	12	23	11	16	15	123
2800	24	10	22	18	23	20	17	19	17	12	14	12	23	11	16	17	124
2850	24	10	22	18	23	20	17	19	18	12	14	12	23	11	16	17	126
2900	23	10	22	18	23	20	16	19	18	12	14	12	23	11	16	18	127
2950	23	10	22	18	23	20	16	19	18	12	14	12	23	11	16	18	127
3000	24	10	22	18	23	20	16	19	18	12	14	12	23	11	16	19	127
3050	24	10	22	18	23	21	16	19	18	12	15	12	23	11	16	19	127
3100	24	10	22	18	23	21	16	19	18	12	15	13	23	11	16	19	128
3150	24	10	22	18	23	21	16	19	18	13	15	13	23	11	16	19	127
3200	24	10	22	18	23	21	16	19	19	14	15	13	23	11	16	19	129
3250	24	10	22	18	23	21	16	19	19	14	15	14	23	11	16	19	130
3300	24	10	22	18	23	21	16	18	19	15	15	14	23	11	16	19	130
3350	24	10	22	18	23	21	16	18	19	16	15	14	23	11	16	20	131
3400	24	10	22	18	23	21	16	18	19	16	15	14	24	11	16	21	133
3450	24	10	22	17	23	21	16	18	19	17	15	14	24	10	16	21	134
3500	24	10	22	17	23	21	16	18	19	18	15	15	24	10	16	22	135
3550	24	10	22	17	24	21	16	18	20	18	15	16	24	10	16	24	139
3600	24	10	23	17	24	21	16	18	21	18	15	16	24	10	16	25	139
3650	24	10	23	17	24	21	16	18	21	18	15	16	24	12	16	25	140
3700	24	10	23	17	24	21	16	18	20	20	15	16	24	12	17	25	143
3750	24	10	24	17	24	21	16	18	19	20	14	17	24	12	17	25	143
3800	23	10	24	17	24	21	16	18	19	20	15	17	24	12	17	25	142
3850	23	10	24	17	24	21	16	19	20	20	15	18	24	12	17	25	144
3900	23	10	24	17	24	21	16	19	20	20	16	18	24	12	17	25	146
3950	23	10	24	18	24	21	16	19	20	20	16	18	24	12	16	25	144
4000	23	10	23	18	24	21	16	19	20	20	16	18	24	12	17	25	143
4050	23	10	23	18	24	21	17	19	22	20	16	18	24	12	18	26	146
4100	23	10	23	18	23	21	18	19	22	20	16	18	23	12	18	26	144
4150	23	10	23	18	23	21	18	19	23	20	16	19	23	12	18	26	146
4200	23	10	23	18	22	21	18	19	23	20	15	19	23	12	18	27	144
4250	23	10	23	18	22	21	18	18	23	20	15	19	23	12	18	27	143
4300	23	10	22	18	22	21	18	18	24	20	15	19	23	12	18	27	143
4350	23	10	22	18	22	21	18	18	24	20	16	19	23	12	18	27	142
4400	23	10	22	18	22	21	18	18	27	20	16	19	23	12	18	27	142
4450	23	10	21	18	22	21	18	18	27	20	16	19	23	12	18	27	142
4500	23	10	21	18	24	21	19	18	27	20	16	19	23	12	18	27	144
4550	23	10	20	18	24	21	19	18	27	20	17	19	23	12	19	27	145
4600	23	10	20	18	24	21	19	18	28	20	17	19	22	12	19	27	145
4650	23	10	20	18	24	19	19	18	28	20	18	19	22	12	19	27	142
4700	23	10	20	18	24	19	20	18	29	20	18	19	22	12	20	26	144
4750	23	10	20	18	24	19	21	18	29	20	19	19	22	12	21	26	147
4800	23	10	20	17	24	19	21	18	29	20	19	19	22	12	21	26	146
4850	23	10	20	17	24	19	21	18	29	20	19	19	22	13	22	27	147
4900	23	10	20	17	24	20	22	17	29	20	19	19	22	13	22	27	149
4950	23	10	20	17	24	20	22	17	29	20	19	20	22	14	22	28	151
5000	23	10	20	17	24	20	23	17	29	20	19	21	22	13	22	28	152
5050	22	10	20	17	24	20	23	17	30	20	19	21	22	13	22	28	150
5100	22	10	20	17	24	20	24	17	30	20	19	21	22	14	22	28	151
5150	22	10	20	17	24	20	24	17	30	20	20	21	22	14	23	27	152
5200	22	10	20	17	24	20	23	17	30	20	20	21	22	15	23	28	153
5250	22	10	20	17	26	20	23	17	30	20	20	21	22	15	23	25	154
5300	22	10	20	17	27	20	23	17	30	20	20	21	22	15	23	25	154
5350	22	10	20	17	27	20	23	17	30	20	20	21	22	15	23	24	154
5400	22	10	20	17	27	20	23	17	30	20	20	21	22	15	23	24	155
5450	22	10	20	17	27	20	23	17	29	20	20	21	22	15	23	24	155
5500	22	10	20	18	27	20	23	17	30	20	20	21	22	17	23	24	157
5550	22	11	20	18	27	20	24	17	30	20	20	22	22	19	23	24	160
5600	22	11	20	18	27	20	24	17	29	20	21	22	22	19	23	24	160
5650	22	11	20	18	27	20	24	17	29	20	21	22	21	19	23	24	159
5700	22	11	20	18	27	20	24	16	29	20	21	22	21	19	23	24	159
5750	22	11	20	18	27	20	24	16	30	20	21	22	21	19	23	24	160
5800	22	11	20	18	27	20	24	17	32	20	21	22	21	19	23	24	161
5850	22	11	20	18	27	20	24	17	32	20	21	22	21	19	23	24	161
5900	22	11	20	18	27	20	24	16	32	20	21	22	21	19	23	24	161
5950	22	11	20	18	27	20	24	16	31	20	21	22	21	19	23	24	161
6000	22	12	20	18	26	20	24	16	31	20	21	22	21	19	23	24	163
6050	22	12	19	18	26	20	24	16	31	20	21	23	21	19	22	24	163
6100	22	12	19	18	26	20	24	16	31	20	21	23	21	19	22	24	163
6150	22	12	19	18	26	20	24	16	31	20	21	23	21	19	20	24	162
6200	22	12	19	18	26	20	24	16	31	20	21	23	21	20	20	24	162
6250	22	13	19	18	26	20	24	16	31	20	21	24	21	20	20	23	161
6300	22	14	19	18	26	20	25	16	31	20	21	24	21	20	20	23	162
6350	22	14	19	18	26	20	24	16	31	20	21	24	21	21	20	23	163
6400	22	13	18	18	26	22	24	17	31	20	21	24	21	21	20	23	161
6450	22	13	20	18	26	22	24	17	31	20	21	24	21	21	20	23	162
6500	22	13	20	18	26	22	24	17	31	21	21	24	22	21	20	23	164
6550	22	13	20	18	26	22	23	17	31	21	21	24	22	21	20	23	163
6600	22	13	20	18	26	21	23	17	32	21	21	24	22	21	20	23	165
6650	22	14	20	18	26	21	23	17	32	21	21	24	21	21	20	23	166
6700	22	15	21	18	26	21	23	17	32	21	21	24	21	21	20	23	167
6750	22	15	21	17	26	21	23	17	33	21	21	24	21	21	20	24	167
6800	21	15	21	18	26	21	23	16	33	21	21	24	21	21	20	24	165
6850	21	15	21	18	26	21	22	16	33	21	21	24	21	21	20	24	165
6900	21	15	20	18	26	21	22	16	33	21	20	24	21	21	20	24	165
6950	21	16	21	18	25	23	22	16	33	22	20	24	21	22	20	24	170
7000	21	16	22	18	25	23	22	16	33	22	20	24	21	22	20	24	171
7050	21	16	22	18	25	23	22	15	33	22	20	24	21	22	20	24	171
7100	21	16	21	18	25	23	21	15	33	22	20	24	21	22	20	24	170
7150	21	16	22	18	25	23	21	15	32	22	20	24	21	22	19	24	170
7200	21	16	22	18	25	24	20	15	32	22	20	24	21	23	19	24	171
7250	21	16	22	18	25	24	20	15	32	22	20	24	21	23	19	24	171
7300	21	16	22	18	25	24	20	15	32	22	20	23	21	23	19	24	170
7350	21	16	22	18	25	24	21	15	32	23	20	23	21	22	19	24	171
7400	20	16	23	20	25	25	22	15	32	23	20	23	21	22	19	23	173
7450	20	16	23	20	25	25	22	15	31	23	20	23	21	22	19	23	172
7500	21	16	23	20	25	25	22	15	31	23	20	23	21	22	19	25	173
7550	21	16	24	20	25	25	22	15	31	23	20	23	21	22	19	25	176
7600	21	16	24	20	25	26	22	15	30	23	20	23	21	22	19	25	176
7650	22	16	24	21	25	26	22	15	30	23	20	23	21	22	19	25	178
7700	22	17	24	21	25	26	22	15	30	23	20	23	21	22	19	25	178
7750	22	16	24	21	25	25	23	15	30	23	20	23	21	22	19	24	175
7800	22	17	24	21	25	25	23	15	31	23	20	23	21	22	19	24	176
7850	22	17	24	21	25	24	23	15	31	23	21	23	21	22	19	25	177
7900	22	17	24	21	25	23	23	15	31	23	21	23	21	22	19	25	176
7950	22	17	24	23	25	22	23	15	31	23	21	23	21	22	19	25	177
8000	22	18	24	25	25	23	23	15	31	24	21	23	21	22	19	26	182
8050	22	18	24	27	25	23	24	15	31	23	21	23	21	22	19	26	184
8100	22	19	24	27	25	23	25	15	31	23	21	23	21	22	19	26	187
8150	22	19	25	28	25	23	26	15	31	23	21	23	21	22	19	26	188
8200	22	19	25	29	26	23	26	15	31	23	21	23	21	22	19	26	189
8250	22	19	25	29	26	22	27	15	31	22	21	23	21	22	19	26	188
8300	22	19	25	29	26	22	27	15	32	22	21	23	21	22	19	26	190
8350	22	19	25	30	26	22	28	15	32	23	21	23	21	22	19	26	193
8400	22	19	25	31	26	22	30	15	33	24	21	23	21	22	19	26	196
8450	22	19	25	31	26	22	30	15	33	24	21	23	21	22	19	26	196
8500	22	19	25	31	26	22	30	15	34	23	21	23	21	22	19	26	197
8550	22	20	25	31	26	23	30	15	34	24	21	23	21	22	17	26	198
8600	22	20	25	32	26	23	31	15	35	24	21	23	21	22	17	26	198
8650	22	21	25	33	27	23	32	15	35	24	21	23	21	22	17	28	202
8700	22	22	25	33	27	23	32	15	35	25	21	23	21	22	17	29	203
8750	22	22	25	33	27	23	32	15	35	25	21	23	21	22	17	29	203
8800	22	22	25	33	27	23	34	15	35	25	21	23	21	22	17	29	206
8850	22	22	25	35	27	23	34	15	35	26	21	23	21	22	17	29	208
8900	21	22	25	35	27	23	34	15	35	26	21	23	21	22	18	28	208
8950	21	22	25	34	27	24	35	15	35	26	21	23	21	22	18	29	208
9000	21	22	25	34	27	24	35	15	35	26	21	24	21	22	18	29	210
9050	21	22	25	34	27	24	33	15	35	26	21	24	21	22	18	29	208
9100	21	22	25	34	27	24	33	15	35	26	21	24	21	22	18	28	208
9150	21	22	25	33	27	25	33	15	35	27	21	24	21	22	18	28	210
9200	21	22	25	33	28	25	33	15	36	27	21	24	21	22	18	28	213
9250	21	22	25	32	28	25	34	15	36	27	21	24	21	22	18	28	213
9300	21	22	25	32	28	25	34	15	36	27	21	24	21	22	18	28	213
9350	21	22	25	32	28	25	34	15	36	28	21	25	21	22	19	28	217
9400	21	22	25	32	28	25	34	15	36	28	21	25	21	22	19	28	217
9450	21	22	25	32	28	25	34	15	36	28	21	26	21	22	20	28	218
9500	21	22	25	32	28	25	34	15	36	28	21	26	21	22	21	27	217
9550	21	22	26	32	27	25	34	15	36	28	21	27	21	22	21	27	218
9600	21	22	26	31	27	25	34	15	36	28	21	27	21	22	21	27	218
9650	21	22	26	31	27	25	32	15	36	28	21	28	21	22	21	27	217
9700	21	22	26	31	27	25	32	15	36	28	21	28	21	22	21	27	217
9750	21	22	26	31	27	25	32	15	36	28	21	28	20	22	21	26	217
9800	21	22	26	31	27	26	32	15	36	28	21	28	20	22	21	26	217
9850	21	22	26	31	27	26	32	15	35	26	21	29	20	22	21	26	217
9900	21	22	26	31	27	27	32	15	35	26	21	30	20	22	22	26	219
9950	21	22	26	31	27	27	31	15	35	26	21	30	20	22	22	26	219
10000	21	22	26	31	27	27	30	15	36	26	21	31	20	22	22	26	221
10050	21	22	27	31	28	27	30	15	36	26	21	31	20	22	22	26	223
10100	21	22	27	31	29	27	30	15	36	26	20	31	20	22	23	26	222
10150	21	22	27	31	29	27	30	15	36	26	20	32	20	22	23	26	221
10200	22	22	27	31	29	27	30	15	36	26	20	32	20	22	23	26	219
10250	22	22	27	31	29	27	30	15	36	26	20	32	20	22	23	27	219
10300	22	22	27	31	29	27	31	15	37	27	20	33	20	22	23	27	221
10350	22	22	27	31	29	27	31	15	37	27	20	34	20	22	25	27	222
10400	22	22	27	31	29	27	32	15	37	27	20	35	20	22	25	28	223
10450	22	22	27	31	29	27	32	15	38	27	20	35	20	22	26	28	224
10500	22	22	27	31	29	27	33	15	38	27	20	35	20	22	26	28	225
10550	22	22	27	31	29	26	34	15	38	27	20	36	20	22	26	28	229
10600	22	22	27	31	29	27	34	15	38	27	20	36	20	22	26	28	229
10650	22	22	27	31	29	27	34	15	39	27	20	37	20	22	26	29	230
10700	22	22	28	31	29	27	34	15	39	27	20	37	20	22	26	29	231
10750	22	22	28	31	29	27	34	15	39	27	20	37	20	22	25	29	232
10800	24	22	28	30	29	27	34	15	39	27	20	37	20	22	25	28	230
10850	24	22	28	29	29	27	34	15	39	28	20	37	20	22	25	28	230
10900	24	22	28	28	29	27	34	15	39	28	20	37	20	22	25	28	230
10950	24	22	28	28	29	27	34	15	40	28	20	37	20	22	24	28	228
11000	24	22	28	28	28	27	34	15	41	28	20	37	19	22	24	28	227
11050	24	22	28	28	28	27	34	15	41	28	20	36	19	22	24	28	227
11100	24	22	28	28	28	27	34	15	41	28	20	36	19	22	25	28	228
11150	24	22	28	28	28	27	34	15	41	28	20	34	19	22	25	29	227
11200	24	22	28	28	28	27	34	15	42	28	20	34	19	22	25	28	224
11250	24	22	28	28	29	27	32	15	42	28	20	34	20	22	24	27	220
11300	24	22	28	28	30	27	33	15	42	28	20	34	20	22	24	27	218
11350	24	22	28	28	30	27	33	15	42	27	20	33	20	22	23	27	215
11400	24	22	28	28	30	26	33	15	42	26	20	33	20	22	23	27	211
11450	24	22	28	28	30	24	33	15	42	26	20	33	20	22	24	27	209
11500	24	22	28	28	30	24	33	15	42	26	20	33	20	22	23	27	207
11550	24	22	28	28	31	23	33	15	42	26	20	33	20	22	23	27	207
11600	24	22	27	28	31	22	33	15	42	26	20	33	20	22	23	27	207
11650	24	22	27	28	30	22	33	15	42	26	20	32	20	22	24	27	206
11700	24	22	27	27	31	22	32	15	43	26	20	32	20	22	24	27	204
11750	24	23	27	27	31	22	32	15	42	26	20	31	20	22	24	28	204
11800	24	24	27	27	31	22	31	15	42	26	20	31	20	22	24	28	201
11850	24	24	27	26	31	22	31	15	42	26	20	30	20	22	25	28	200
11900	24	24	27	25	31	21	31	15	42	26	20	30	20	22	25	28	199
11950	24	25	27	25	31	21	31	15	42	26	20	30	20	22	25	28	198
12000	24	24	27	25	30	21	31	15	42	26	20	30	20	22	25	27	196
12050	23	24	27	24	30	22	31	16	42	26	20	30	20	22	25	26	197
12100	23	24	27	23	29	22	31	16	42	27	20	30	20	22	25	25	197
12150	23	25	28	23	29	22	31	16	42	28	20	29	19	22	25	26	197
12200	23	25	28	23	29	23	31	16	42	28	20	29	19	22	25	27	194
12250	23	25	28	23	28	23	30	16	42	27	20	28	19	22	25	27	192
12300	23	25	28	22	28	23	30	16	42	28	20	28	19	22	24	27	193
12350	23	25	28	21	28	21	30	16	42	29	20	28	19	22	24	27	190
12400	23	26	28	21	29	21	30	16	42	29	20	28	19	22	24	28	190
12450	22	26	28	21	29	21	30	16	42	30	20	28	19	22	24	29	190
12500	22	26	28	21	29	21	30	16	42	30	20	28	19	22	24	30	191
12550	22	26	28	21	29	21	30	16	42	30	20	27	19	22	24	30	189
12600	22	26	28	21	29	21	30	16	42	30	20	27	19	22	24	31	189
12650	22	25	28	20	29	21	30	16	43	30	20	26	19	22	24	31	188
12700	22	25	28	20	29	21	30	16	42	31	20	26	19	22	24	32	188
12750	22	25	28	20	29	21	30	16	42	31	20	26	19	22	24	34	190
12800	22	25	28	20	29	21	30	16	42	32	20	26	19	22	26	34	189
12850	22	25	28	20	29	21	31	16	42	32	20	26	19	22	26	34	189
12900	22	25	28	20	29	21	31	16	42	32	20	27	19	22	26	34	188
12950	22	25	28	20	29	21	30	16	42	32	20	27	19	22	26	34	189
13000	22	25	28	20	29	21	30	16	40	32	20	27	20	22	26	34	189
13050	21	26	28	20	29	21	30	16	41	32	20	27	20	22	26	34	189
13100	21	26	28	20	29	22	31	16	41	32	20	27	20	22	27	34	191
13150	21	26	28	20	29	21	31	16	41	32	20	27	20	22	27	32	188
13200	21	26	28	20	29	21	31	15	41	32	20	27	20	22	27	31	187
13250	21	26	28	20	29	21	31	15	41	32	20	27	20	22	27	31	186
13300	22	25	28	20	29	21	31	15	41	32	20	27	20	22	27	32	187
13350	22	25	28	20	29	21	31	15	41	32	20	28	20	22	27	32	187
13400	22	25	28	20	29	22	31	15	41	32	20	28	20	22	27	32	190
13450	22	25	28	20	29	22	31	15	40	32	20	28	20	22	27	32	188
13500	22	25	28	20	29	23	31	14	40	32	20	28	20	22	27	33	187
13550	22	25	28	20	29	24	31	14	40	32	20	28	20	22	27	33	187
13600	22	25	28	20	29	24	31	14	40	32	20	28	20	22	27	33	187
13650	22	25	28	20	30	25	31	14	40	32	20	28	20	22	27	33	188
13700	23	24	28	20	30	26	31	14	40	32	20	28	20	22	28	33	192
13750	23	24	29	20	30	26	31	14	40	32	20	28	20	22	29	34	195
13800	23	24	29	20	30	26	31	14	40	32	20	28	20	22	29	34	193
13850	23	24	29	20	30	26	31	14	40	31	20	28	20	22	29	34	191
13900	23	24	29	20	29	27	31	14	40	31	20	28	20	22	29	34	192
13950	24	24	29	20	29	27	31	14	41	31	20	28	20	21	29	34	193
14000	24	24	30	20	29	27	31	14	40	31	20	28	20	21	29	34	191
14050	24	24	30	20	30	27	31	14	39	31	20	28	20	21	28	34	191
14100	24	24	30	20	30	27	31	14	39	31	20	27	20	21	27	34	189
14150	23	24	30	20	30	27	31	14	39	31	20	27	20	21	27	34	188
14200	23	22	30	20	30	27	31	14	39	30	20	27	20	21	27	34	187
14250	23	21	30	20	30	27	31	14	38	29	20	28	20	21	27	34	184
14300	23	21	30	20	30	27	31	14	38	29	20	28	20	21	26	33	183
14350	24	21	31	20	30	27	31	14	39	29	20	28	20	21	25	33	183
14400	24	21	31	20	30	26	31	14	38	29	20	28	20	21	25	33	182
14450	24	21	31	20	30	26	31	14	38	29	20	28	20	21	25	33	182
14500	24	21	31	20	30	27	31	14	38	29	20	28	20	21	25	33	183
14550	24	20	31	20	31	28	31	14	38	29	20	27	20	21	23	33	184
14600	25	20	32	20	31	28	31	14	38	28	20	27	20	20	23	33	183
14650	25	20	32	20	31	28	31	14	38	28	20	27	20	20	23	33	183
14700	25	20	32	20	31	28	31	14	38	28	20	26	19	20	23	32	180
14750	25	20	33	20	31	28	31	14	37	28	20	27	19	20	23	32	180
14800	25	20	32	20	31	28	30	14	38	28	20	27	19	20	22	32	178
14850	25	20	32	20	30	28	30	14	38	28	20	27	19	20	22	31	175
14900	26	20	32	20	31	28	30	14	38	28	20	27	19	20	22	31	175
14950	28	20	32	20	31	28	30	14	38	27	20	27	19	20	22	32	176
15000	28	20	32	20	31	27	30	14	38	27	19	27	19	21	22	32	176
15050	29	20	31	20	31	27	30	14	37	27	19	27	19	21	22	32	176
15100	29	20	30	20	31	26	30	14	36	27	19	27	19	21	22	31	173
15150	29	20	30	20	31	25	30	14	36	27	19	27	19	21	22	31	172
15200	29	20	30	20	31	25	30	14	36	27	19	27	19	21	22	31	172
15250	29	20	30	20	31	25	30	14	36	25	19	26	19	21	22	31	169
15300	29	20	30	20	31	25	30	14	36	25	19	26	19	21	22	31	169
15350	29	20	30	20	31	25	30	14	35	25	19	25	19	21	22	32	168
15400	29	20	30	19	31	25	30	14	35	25	19	25	19	21	22	32	169
15450	29	19	30	19	31	25	30	14	35	24	19	25	18	21	22	32	167
15500	29	19	30	19	31	25	30	14	35	23	19	25	18	21	22	32	166
15550	29	19	30	19	31	25	30	14	35	23	19	25	18	21	22	32	166
15600	30	19	30	19	31	25	30	14	34	22	19	25	18	21	22	32	166
15650	30	19	30	19	31	23	30	14	33	22	19	25	18	21	22	32	166
15700	30	19	30	19	31	23	30	14	34	22	19	25	18	21	22	31	168
15750	30	19	30	19	31	23	30	14	34	22	19	24	18	20	22	31	167
15800	30	18	30	19	31	23	30	14	34	22	19	24	18	20	22	32	166
15850	30	18	30	19	31	23	30	14	34	22	19	24	18	20	22	32	166
15900	30	18	30	19	31	23	30	14	34	22	19	24	18	20	22	32	166
15950	30	18	31	19	31	23	30	14	35	21	18	24	18	20	22	32	165
16000	30	18	31	19	31	23	30	14	35	21	18	24	18	20	22	32	164
16050	30	18	31	19	31	23	30	14	35	20	18	24	18	20	22	32	164
16100	30	18	31	19	31	23	30	13	36	20	18	23	18	20	22	32	165
16150	30	18	31	19	30	23	30	13	36	20	18	23	18	20	22	32	164
16200	30	18	31	19	30	22	30	13	36	19	18	23	18	20	22	32	163
16250	30	18	31	19	31	22	30	13	36	19	18	23	18	20	22	32	165
16300	30	18	31	19	31	21	30	14	37	19	18	24	18	20	22	32	167
16350	30	18	30	19	31	22	30	14	38	19	18	26	18	20	22	32	169
16400	30	18	30	19	31	22	30	14	38	19	18	27	18	20	22	31	172
16450	30	18	30	19	30	22	30	14	38	19	18	27	18	20	22	30	173
16500	30	17	31	19	30	22	30	14	38	19	18	27	18	20	22	30	173
16550	31	17	31	19	30	22	30	15	38	19	18	27	18	20	22	30	175
16600	31	17	31	19	30	22	30	15	38	19	18	27	18	20	22	29	173
16650	30	17	31	19	30	22	30	15	38	19	18	27	18	20	22	29	171
16700	30	16	31	19	30	23	29	15	37	19	18	27	18	20	22	28	172
16750	30	16	31	19	30	23	29	15	38	18	18	28	18	20	22	28	172
16800	29	16	30	19	30	23	29	15	37	18	18	28	18	20	22	27	169
16850	29	16	30	19	30	23	29	15	38	18	18	29	18	20	22	27	171
16900	29	16	29	19	30	23	28	15	38	18	18	29	18	20	22	26	170
16950	29	16	29	19	30	23	28	15	39	18	18	29	18	21	22	26	170
17000	29	16	29	19	30	23	28	15	39	17	18	29	18	21	21	25	167
17050	29	16	29	19	30	23	28	15	39	17	18	29	18	22	20	25	167
17100	29	16	29	19	30	23	28	15	40	17	18	29	18	22	20	25	168
17150	29	16	28	19	31	24	28	15	41	17	18	29	18	22	20	25	170
17200	29	16	28	19	31	24	28	15	42	17	18	30	18	22	20	24	171
17250	29	16	28	19	31	24	28	15	42	17	18	31	18	22	20	24	172
17300	29	16	28	19	31	24	28	15	42	17	18	31	19	22	20	23	171
17350	29	16	28	19	31	25	28	15	42	17	18	31	19	22	20	23	171
17400	29	16	28	19	31	26	28	15	42	17	18	31	19	22	20	23	169
17450	29	16	28	19	31	26	28	15	42	17	18	31	19	22	20	23	169
17500	30	16	28	19	31	26	28	15	42	17	18	31	19	22	20	23	170
17550	30	16	28	19	31	26	28	15	43	18	18	31	19	22	20	23	170
17600	30	16	28	19	31	26	28	15	44	18	18	31	20	22	20	23	173
17650	30	16	28	19	31	26	28	15	43	18	18	31	20	22	20	23	173
17700	30	16	28	19	32	27	28	15	44	18	18	31	20	22	20	23	173
17750	30	16	28	19	32	27	28	15	44	18	18	31	20	22	20	23	173
17800	30	16	28	19	32	27	28	15	44	18	18	31	21	22	19	23	174
17850	30	16	28	19	32	27	28	15	44	18	18	31	21	22	19	23	173
17900	30	16	29	19	32	27	28	15	44	18	18	31	21	22	19	23	173
17950	30	16	29	19	32	26	28	15	44	18	18	31	21	22	19	23	173
18000	30	16	29	19	32	26	28	15	44	19	18	31	21	22	19	23	174
18050	30	16	29	19	32	26	28	15	44	19	18	31	21	22	19	23	173
18100	30	17	29	19	32	26	28	15	44	20	18	31	21	22	19	23	174
18150	30	17	29	19	32	26	28	16	44	20	18	31	21	22	19	23	176
18200	30	17	29	19	32	26	28	16	44	20	18	31	21	22	19	23	176
18250	30	17	29	19	32	26	28	16	44	20	18	31	21	22	19	23	176
18300	30	17	29	19	32	26	28	17	44	20	18	31	21	22	19	22	175
18350	30	17	29	19	32	26	28	17	44	20	18	31	21	22	19	22	175
18400	30	17	29	19	32	26	28	17	44	20	18	31	21	22	19	22	175
18450	30	17	29	19	32	26	28	17	44	20	18	30	21	22	18	22	173
18500	30	17	29	19	32	25	28	18	44	20	18	30	21	22	18	22	174
18550	30	17	29	19	32	25	28	18	44	21	18	30	21	22	18	22	175
18600	30	17	29	19	31	25	28	18	44	21	18	31	20	22	18	22	174
18650	30	17	29	19	31	25	28	20	45	22	18	31	20	22	18	22	178
18700	30	18	29	19	31	24	28	21	45	22	18	31	20	22	18	21	179
18750	29	18	29	19	31	24	28	21	45	22	18	30	20	22	18	21	178
18800	29	18	28	19	31	24	28	22	45	22	18	30	20	22	18	21	179
18850	29	18	28	19	31	24	28	22	44	22	18	30	20	21	18	20	177
18900	29	18	28	19	31	24	28	22	44	22	18	30	20	21	17	20	176
18950	29	18	28	19	31	24	28	22	44	22	18	30	20	21	17	20	176
19000	29	18	28	19	31	23	28	22	44	22	18	30	20	21	17	19	174
19050	29	18	28	19	31	23	28	22	44	22	18	30	20	21	17	19	174
19100	28	19	28	19	31	24	28	22	43	22	18	30	20	21	17	19	174
19150	28	20	28	19	31	24	28	23	43	22	18	30	21	21	17	19	174
19200	28	21	28	19	31	23	28	24	44	22	18	30	21	21	17	19	175
19250	28	21	28	19	31	23	28	24	43	22	18	30	21	21	17	19	175
19300	28	21	28	19	31	23	28	24	43	22	18	30	21	21	17	19	175
19350	27	21	28	19	31	25	28	24	43	22	18	30	21	21	17	19	175
19400	27	21	28	19	31	26	28	24	43	22	18	30	22	21	17	19	176
19450	27	21	28	19	31	26	28	24	43	22	18	30	22	21	17	19	175
19500	27	21	28	19	31	26	28	25	43	22	18	30	22	21	17	19	176
19550	27	21	26	19	31	26	28	25	43	23	18	30	22	21	17	19	175
19600	26	21	26	19	31	26	28	25	43	23	18	30	21	19	17	18	174
19650	26	21	26	19	31	26	28	25	43	23	18	27	21	19	17	18	172
19700	26	21	26	19	31	26	28	25	41	23	18	27	21	19	17	18	171
19750	26	21	26	19	31	27	28	25	41	23	18	27	21	19	15	18	169
19800	26	22	26	19	31	27	28	25	41	23	18	27	21	19	15	18	170
19850	26	22	26	19	32	27	28	25	41	23	18	28	21	19	15	19	174
19900	26	22	26	19	32	28	28	25	41	22	18	28	21	19	15	19	173
19950	26	22	26	19	32	28	28	24	39	20	18	28	21	19	15	19	172
20000	26	22	26	19	32	28	28	24	39	21	18	27	21	19	15	19	172
