0	0.0	0.0	0.0	0.0	0.0	0.0	0.0	0.0	0.0	0.0	0.0	0.0	0.0	0.0	0.0	0.0
50	0.0	0.25	0.0	0.0	0.0	0.0	0.0	0.25	0.333333333333	0.0	0.0	0.0	0.0	0.0	0.0	0.0
100	0.428571428571	0.285714285714	0.285714285714	0.461538461538	0.375	0.545454545455	0.5	0.5	0.5	0.142857142857	0.0	0.333333333333	0.428571428571	0.5	0.166666666667	0.375
150	0.545454545455	0.461538461538	0.5	0.631578947368	0.5	0.571428571429	0.647058823529	0.666666666667	0.705882352941	0.222222222222	0.416666666667	0.5625	0.625	0.625	0.4	0.454545454545
200	0.625	0.5625	0.647058823529	0.625	0.588235294118	0.6	0.727272727273	0.714285714286	0.782608695652	0.428571428571	0.631578947368	0.681818181818	0.666666666667	0.684210526316	0.5	0.647058823529
250	0.727272727273	0.571428571429	0.739130434783	0.666666666667	0.578947368421	0.733333333333	0.75	0.777777777778	0.827586206897	0.578947368421	0.708333333333	0.766666666667	0.692307692308	0.75	0.555555555556	0.714285714286
300	0.76	0.590909090909	0.75	0.714285714286	0.64	0.777777777778	0.774193548387	0.805555555556	0.828571428571	0.619047619048	0.730769230769	0.8	0.757575757576	0.8125	0.652173913043	0.75
350	0.766666666667	0.666666666667	0.794117647059	0.736842105263	0.742857142857	0.80487804878	0.794117647059	0.820512820513	0.842105263158	0.7	0.757575757576	0.810810810811	0.809523809524	0.828571428571	0.724137931034	0.8
400	0.78125	0.7	0.810810810811	0.761904761905	0.780487804878	0.826086956522	0.794871794872	0.822222222222	0.85	0.756756756757	0.8	0.840909090909	0.826086956522	0.846153846154	0.733333333333	0.837837837838
450	0.8	0.735294117647	0.837209302326	0.782608695652	0.808510638298	0.92	0.813953488372	0.84	0.872340425532	0.790697674419	0.809523809524	0.86	0.829787234043	0.844444444444	0.757575757576	0.818181818182
500	0.840909090909	0.785714285714	0.854166666667	0.8	0.92	0.94	0.8	0.9	0.9	0.808510638298	0.829787234043	0.88	0.86	0.9	0.736842105263	0.833333333333
550	0.857142857143	0.8125	0.9	0.84	0.94	0.96	0.86	0.94	0.96	0.9	0.88	0.92	0.9	0.92	0.756097560976	0.86
600	0.94	0.82	0.94	0.92	0.94	0.98	0.9	0.94	0.98	0.96	0.96	0.98	0.92	0.94	0.761904761905	0.92
650	0.98	0.9	0.98	0.94	0.96	1.0	0.92	0.94	0.94	0.98	0.98	0.98	0.92	0.96	0.787234042553	0.96
700	0.98	0.96	0.98	0.94	0.98	1.0	0.92	0.96	0.94	0.98	0.98	0.98	0.96	0.98	0.9	0.96
750	0.98	0.96	0.98	0.96	1.0	1.0	0.94	0.96	0.94	1.0	0.98	0.98	0.96	0.98	0.92	0.96
800	1.0	0.96	0.98	0.98	1.0	1.0	0.94	0.96	0.96	1.0	0.98	0.98	0.98	0.98	0.94	0.96
850	1.0	1.0	0.98	1.0	0.98	1.0	0.94	0.96	0.96	1.0	1.0	0.98	0.98	0.98	0.96	0.96
900	1.0	1.0	1.0	1.0	0.98	1.0	0.96	0.98	0.96	1.0	1.0	0.96	1.0	0.98	0.96	0.96
950	1.0	1.0	1.0	1.0	0.98	1.0	0.96	0.98	0.96	1.0	1.0	0.96	1.0	1.0	0.96	0.94
1000	1.0	1.0	1.0	1.0	0.98	0.98	0.98	0.98	0.96	1.0	1.0	0.96	1.0	0.98	0.96	0.96
1050	1.0	1.0	1.0	1.0	0.98	0.94	0.98	1.0	0.96	1.0	1.0	0.94	1.0	0.96	0.96	0.94
1100	1.0	1.0	1.0	1.0	0.98	0.9	1.0	1.0	0.96	1.0	1.0	0.94	1.0	0.94	0.96	0.94
1150	1.0	1.0	1.0	1.0	0.98	0.9	1.0	1.0	0.96	1.0	1.0	0.94	1.0	0.9	1.0	0.94
1200	1.0	1.0	1.0	1.0	0.98	0.88	1.0	1.0	0.98	1.0	1.0	0.94	1.0	0.88	1.0	0.94
1250	1.0	1.0	1.0	1.0	0.98	0.88	1.0	1.0	1.0	1.0	0.98	0.96	1.0	0.86	1.0	0.94
1300	1.0	1.0	0.98	1.0	0.98	0.86	0.98	1.0	1.0	1.0	0.96	0.96	1.0	0.84	1.0	0.94
1350	1.0	1.0	0.98	1.0	0.96	0.86	0.98	1.0	1.0	1.0	0.94	0.96	1.0	0.84	1.0	0.94
1400	1.0	1.0	0.96	1.0	0.96	0.86	0.98	1.0	1.0	1.0	0.94	0.96	1.0	0.84	0.98	0.94
1450	1.0	1.0	0.96	1.0	0.96	0.86	0.98	1.0	1.0	1.0	0.92	0.96	1.0	0.86	0.98	0.94
1500	1.0	1.0	0.96	1.0	0.96	0.86	0.98	1.0	1.0	1.0	0.92	0.96	1.0	0.88	0.98	0.94
1550	1.0	0.94	0.96	1.0	0.94	0.86	0.96	0.96	0.98	1.0	0.92	0.96	1.0	0.88	0.98	0.94
1600	1.0	0.92	0.96	1.0	0.94	0.86	0.96	0.96	0.98	1.0	0.92	0.96	1.0	0.9	0.98	0.96
1650	1.0	0.92	0.96	1.0	0.96	0.9	0.96	0.96	0.98	1.0	0.92	0.98	1.0	0.94	0.98	0.96
1700	1.0	0.92	0.96	1.0	0.96	0.94	0.94	0.96	0.98	1.0	0.92	0.98	1.0	0.94	0.98	0.98
1750	1.0	0.92	0.96	1.0	0.96	0.94	0.94	0.96	0.96	1.0	0.92	0.98	1.0	0.96	0.98	1.0
1800	1.0	0.92	0.96	1.0	0.96	0.96	0.92	0.96	0.96	1.0	0.94	0.98	1.0	0.96	0.98	1.0
1850	1.0	0.88	0.96	1.0	0.96	0.96	0.92	0.96	0.94	1.0	0.96	0.98	1.0	0.96	0.98	1.0
1900	0.98	0.88	0.96	1.0	0.96	0.96	0.94	0.96	0.94	1.0	0.96	0.98	0.98	0.96	0.98	1.0
1950	0.98	0.88	0.96	1.0	0.96	0.98	0.94	0.94	0.94	1.0	0.98	0.98	0.98	0.98	1.0	1.0
2000	0.98	0.88	0.98	0.98	0.96	0.98	0.94	0.94	0.92	1.0	1.0	1.0	0.98	0.98	1.0	1.0
2050	0.96	0.92	0.96	0.98	0.96	0.98	0.94	0.96	0.92	1.0	1.0	1.0	0.98	0.98	1.0	1.0
2100	0.96	0.92	0.98	0.98	0.96	0.98	0.92	0.98	0.9	1.0	1.0	1.0	0.98	0.96	1.0	1.0
2150	0.96	0.92	0.98	0.98	0.96	0.96	0.92	0.96	0.9	1.0	1.0	1.0	0.98	0.94	0.98	1.0
2200	0.94	0.92	0.98	0.98	0.98	0.96	0.94	0.96	0.88	1.0	1.0	1.0	0.98	0.94	0.98	1.0
2250	0.94	0.92	0.98	0.98	0.98	0.96	0.92	0.96	0.88	1.0	1.0	1.0	0.98	0.94	0.98	1.0
2300	0.92	0.92	0.98	0.98	0.98	0.96	0.94	0.96	0.9	1.0	1.0	1.0	0.98	0.96	0.98	1.0
2350	0.92	0.92	0.98	0.98	0.98	0.98	0.94	0.96	0.92	1.0	1.0	1.0	0.98	0.96	0.98	1.0
2400	0.92	0.92	0.98	0.98	1.0	0.98	0.94	0.96	0.92	1.0	1.0	1.0	0.98	0.96	0.98	1.0
2450	0.92	0.96	0.98	0.98	1.0	0.98	0.96	0.96	0.92	1.0	1.0	1.0	1.0	0.96	0.98	1.0
2500	0.94	0.96	0.98	0.98	1.0	0.98	0.96	0.96	0.94	1.0	1.0	1.0	1.0	0.96	0.98	1.0
2550	0.94	0.96	0.98	0.98	1.0	0.98	0.96	0.98	0.94	1.0	1.0	1.0	1.0	0.96	0.98	1.0
2600	0.94	0.96	0.98	1.0	1.0	0.98	0.96	0.98	0.96	1.0	1.0	0.98	1.0	0.94	0.98	1.0
2650	0.96	0.96	0.98	1.0	1.0	0.98	0.98	0.96	0.96	1.0	1.0	0.98	1.0	0.94	0.96	1.0
2700	0.96	0.96	0.98	1.0	1.0	0.98	0.98	0.96	0.98	1.0	1.0	0.98	1.0	0.96	0.96	1.0
2750	0.96	0.96	1.0	1.0	0.98	0.96	1.0	0.96	1.0	1.0	1.0	0.98	1.0	0.94	0.98	1.0
2800	0.92	0.98	0.98	1.0	0.98	0.96	1.0	0.98	1.0	1.0	1.0	0.98	1.0	0.94	0.98	1.0
2850	0.92	1.0	0.98	1.0	0.98	0.98	1.0	0.98	1.0	1.0	1.0	0.98	1.0	0.92	0.98	1.0
2900	0.94	0.98	0.98	1.0	0.98	0.98	1.0	0.98	1.0	1.0	1.0	0.98	1.0	0.92	0.98	1.0
2950	0.94	0.98	0.98	1.0	0.98	0.98	1.0	0.98	1.0	1.0	1.0	0.98	1.0	0.92	0.98	1.0
3000	0.96	0.98	0.98	1.0	0.98	0.96	1.0	0.96	1.0	1.0	1.0	0.98	1.0	0.92	0.98	1.0
3050	0.96	0.98	0.98	1.0	0.98	0.96	1.0	0.96	1.0	1.0	0.98	0.96	1.0	0.9	0.96	1.0
3100	0.96	0.98	0.98	1.0	0.98	0.96	1.0	0.96	1.0	1.0	0.98	0.96	0.98	0.9	0.96	1.0
3150	0.96	0.98	0.98	1.0	0.96	0.96	1.0	0.96	1.0	1.0	0.98	0.96	0.98	0.9	0.96	1.0
3200	0.96	0.98	0.98	1.0	0.96	0.96	1.0	0.96	0.96	1.0	0.98	0.96	0.98	0.9	0.96	1.0
3250	0.96	0.98	0.96	1.0	0.96	0.96	1.0	0.96	0.96	1.0	0.98	0.98	0.98	0.92	0.96	1.0
3300	0.96	0.98	0.96	1.0	0.96	0.96	1.0	0.98	0.94	1.0	0.98	0.98	0.98	0.94	0.96	1.0
3350	0.96	0.98	0.96	1.0	0.98	0.96	1.0	0.98	0.94	1.0	0.98	0.98	0.98	0.94	0.96	1.0
3400	0.96	0.98	0.96	1.0	0.98	0.98	1.0	0.98	0.94	1.0	0.98	0.98	0.98	0.94	0.96	1.0
3450	0.98	0.98	0.98	1.0	0.98	0.98	1.0	0.98	0.94	1.0	0.98	0.98	0.98	0.96	0.96	1.0
3500	1.0	0.98	0.98	1.0	0.98	0.98	0.98	0.98	0.92	1.0	0.98	0.98	0.98	0.96	0.94	1.0
3550	1.0	0.98	0.98	1.0	0.96	0.98	0.98	0.98	0.92	1.0	0.98	0.98	0.98	0.96	0.94	1.0
3600	1.0	0.98	0.96	1.0	0.96	0.98	0.98	0.96	0.92	1.0	0.96	1.0	0.98	0.98	0.94	1.0
3650	1.0	0.98	0.96	1.0	0.94	0.98	0.98	0.98	0.92	1.0	0.98	1.0	0.98	0.98	0.92	1.0
3700	0.98	1.0	0.96	1.0	0.94	0.98	0.96	0.98	0.92	1.0	0.96	1.0	1.0	0.98	0.92	1.0
3750	0.98	1.0	0.96	1.0	0.94	1.0	0.96	0.98	0.9	1.0	0.96	0.96	1.0	1.0	0.94	1.0
3800	0.98	1.0	0.96	1.0	0.94	1.0	0.96	0.98	0.88	0.98	0.96	0.96	1.0	1.0	0.94	1.0
3850	0.98	1.0	0.96	1.0	0.96	1.0	0.96	0.98	0.92	0.98	0.96	0.96	1.0	1.0	0.94	1.0
3900	0.98	1.0	0.94	1.0	0.96	1.0	0.96	0.98	0.94	0.98	0.96	0.96	1.0	1.0	0.94	1.0
3950	0.98	1.0	0.96	1.0	0.96	1.0	0.96	0.98	0.94	0.98	0.96	0.96	1.0	1.0	0.94	1.0
4000	0.98	1.0	0.96	1.0	0.96	1.0	0.96	0.98	0.94	0.98	0.96	0.96	1.0	1.0	0.94	1.0
4050	0.98	1.0	0.96	1.0	0.96	1.0	0.96	0.98	0.94	0.98	0.96	0.94	1.0	1.0	0.94	1.0
4100	0.98	1.0	0.96	1.0	0.98	1.0	0.96	0.98	0.94	0.98	0.96	0.94	1.0	1.0	0.94	1.0
4150	0.98	1.0	0.94	1.0	1.0	1.0	0.96	1.0	0.94	0.98	0.96	0.94	1.0	1.0	0.94	1.0
4200	0.96	1.0	0.94	1.0	1.0	0.98	0.96	1.0	0.94	0.98	0.96	0.94	1.0	0.98	0.96	1.0
4250	0.96	1.0	0.96	1.0	1.0	0.98	0.96	1.0	0.94	0.98	0.96	0.94	1.0	0.98	0.94	1.0
4300	0.98	1.0	0.96	1.0	1.0	0.96	0.98	1.0	0.96	0.98	0.96	0.94	1.0	0.98	0.96	1.0
4350	0.98	1.0	0.96	1.0	1.0	0.96	0.98	1.0	0.96	0.98	0.98	0.94	1.0	0.98	0.96	1.0
4400	0.98	1.0	0.96	1.0	1.0	0.96	0.98	1.0	0.96	0.98	0.98	0.96	1.0	0.98	0.96	1.0
4450	0.98	1.0	0.94	1.0	1.0	0.96	1.0	1.0	0.98	0.98	0.98	0.98	1.0	0.98	0.96	1.0
4500	0.98	1.0	0.94	1.0	1.0	0.96	1.0	1.0	0.98	1.0	1.0	0.98	1.0	0.98	0.96	1.0
4550	0.96	1.0	0.94	1.0	0.98	0.96	1.0	1.0	1.0	1.0	1.0	0.98	1.0	0.98	0.96	1.0
4600	0.96	1.0	0.94	1.0	0.98	0.96	1.0	1.0	0.98	1.0	1.0	0.98	0.98	0.98	0.96	1.0
4650	0.96	1.0	0.96	1.0	0.98	0.96	1.0	1.0	0.98	1.0	1.0	0.98	0.98	0.98	0.96	1.0
4700	0.96	1.0	0.96	1.0	0.98	0.96	1.0	1.0	0.98	1.0	1.0	0.98	0.98	0.98	0.96	1.0
4750	0.96	1.0	0.96	1.0	0.98	0.96	1.0	1.0	0.96	1.0	1.0	1.0	0.98	0.96	0.96	1.0
4800	0.98	0.98	0.96	1.0	0.98	0.96	1.0	1.0	0.96	1.0	1.0	1.0	0.98	0.96	0.96	1.0
4850	0.98	0.98	0.98	1.0	0.98	0.98	1.0	0.98	0.96	1.0	1.0	1.0	0.98	0.96	0.96	1.0
4900	0.98	0.98	0.98	1.0	0.98	1.0	1.0	0.98	0.94	1.0	1.0	1.0	0.98	0.96	0.96	1.0
4950	0.98	0.98	0.98	1.0	0.98	1.0	1.0	0.98	0.92	1.0	1.0	1.0	0.98	0.96	0.96	1.0
5000	0.98	0.98	0.98	1.0	0.98	1.0	1.0	0.98	0.92	1.0	1.0	1.0	0.98	0.98	0.96	1.0
5050	0.98	0.98	0.96	1.0	0.98	1.0	1.0	0.98	0.9	1.0	1.0	1.0	0.98	0.98	0.96	1.0
5100	0.96	0.98	0.98	0.98	0.98	1.0	1.0	0.98	0.9	1.0	1.0	1.0	0.98	0.98	0.96	1.0
5150	0.96	0.98	0.96	0.98	0.98	1.0	1.0	0.98	0.9	1.0	1.0	1.0	0.98	0.98	0.96	1.0
5200	0.96	0.98	0.96	0.98	0.98	1.0	1.0	0.98	0.9	1.0	1.0	1.0	0.98	0.96	0.94	1.0
5250	0.98	0.98	0.96	0.98	0.96	0.98	0.98	0.98	0.92	1.0	1.0	1.0	1.0	0.96	0.92	1.0
5300	0.98	0.98	0.96	0.98	0.98	0.98	0.98	0.98	0.92	1.0	1.0	1.0	1.0	0.96	0.9	1.0
5350	0.98	0.98	0.96	0.98	0.98	0.98	0.96	0.96	0.92	1.0	1.0	1.0	1.0	0.96	0.9	1.0
5400	0.98	0.98	0.92	0.98	0.98	0.98	0.96	0.96	0.92	1.0	1.0	1.0	0.98	0.96	0.9	1.0
5450	0.98	1.0	0.92	0.98	0.96	0.98	0.96	0.96	0.92	1.0	1.0	0.98	0.98	0.96	0.9	1.0
5500	0.98	1.0	0.9	0.98	0.96	0.98	0.94	0.96	0.94	1.0	0.98	0.96	0.98	0.96	0.9	1.0
5550	0.98	1.0	0.92	0.96	0.96	0.98	0.94	0.96	0.94	1.0	0.98	0.96	0.98	0.96	0.92	1.0
5600	0.98	1.0	0.92	0.96	0.96	0.98	0.94	0.94	0.94	1.0	0.98	0.94	0.98	0.94	0.92	0.98
5650	0.98	1.0	0.92	0.96	0.96	0.98	0.94	0.96	0.94	1.0	0.98	0.94	0.98	0.94	0.9	0.98
5700	0.98	1.0	0.92	0.94	0.96	0.96	0.94	0.96	0.96	1.0	0.98	0.94	0.98	0.92	0.9	0.98
5750	0.98	1.0	0.92	0.92	0.96	0.96	0.94	0.96	0.98	1.0	0.98	0.94	0.98	0.92	0.9	0.98
5800	0.98	1.0	0.92	0.94	0.96	0.94	0.94	0.96	0.98	1.0	0.98	0.94	0.98	0.92	0.92	0.98
5850	1.0	1.0	0.92	0.94	0.96	0.94	0.94	0.96	0.98	1.0	0.98	0.94	0.98	0.92	0.92	0.98
5900	0.98	1.0	0.94	0.94	0.96	0.94	0.96	0.96	0.98	1.0	0.98	0.94	0.98	0.92	0.92	0.98
5950	0.98	1.0	0.94	0.94	0.96	0.94	0.98	0.96	0.98	1.0	0.98	0.94	1.0	0.94	0.92	0.98
6000	0.98	1.0	0.94	0.94	0.96	0.94	0.98	0.96	0.96	1.0	0.98	0.94	1.0	0.94	0.92	0.98
6050	0.98	1.0	0.94	0.94	0.94	0.94	0.98	0.96	0.96	0.98	0.98	0.94	1.0	0.94	0.94	0.98
6100	0.98	1.0	0.94	0.94	0.96	0.94	0.98	0.98	0.96	0.98	0.98	0.94	1.0	0.94	0.96	0.98
6150	0.98	1.0	0.94	0.96	0.96	0.94	0.98	0.98	0.94	0.98	0.98	0.94	1.0	0.96	0.98	0.98
6200	0.98	1.0	0.96	0.96	0.96	0.94	1.0	0.98	0.94	0.96	0.96	0.94	0.98	0.96	0.98	0.98
6250	0.98	1.0	0.98	0.98	0.96	0.92	1.0	0.98	0.92	0.94	0.96	0.94	0.98	0.96	0.98	0.98
6300	0.96	1.0	0.98	0.98	0.96	0.92	1.0	1.0	0.92	0.94	0.98	0.94	0.98	0.98	0.98	1.0
6350	0.96	0.98	0.98	1.0	0.96	0.92	1.0	1.0	0.9	0.94	0.96	0.96	0.98	0.98	1.0	1.0
6400	0.96	0.98	0.96	1.0	0.96	0.92	0.98	1.0	0.9	0.94	0.96	0.98	0.98	0.98	1.0	1.0
6450	0.96	0.98	0.98	1.0	0.96	0.94	0.94	1.0	0.9	0.94	0.96	1.0	0.98	0.98	1.0	1.0
6500	0.96	0.98	0.98	1.0	0.96	0.94	0.94	1.0	0.9	0.94	0.94	0.98	0.98	0.98	1.0	1.0
6550	0.94	0.98	0.98	1.0	0.96	0.94	0.94	1.0	0.9	0.94	0.94	0.98	0.98	0.98	1.0	1.0
6600	0.94	0.98	0.98	0.98	0.96	0.94	0.94	1.0	0.9	0.92	0.94	0.98	0.98	0.98	0.98	1.0
6650	0.94	0.98	0.98	0.98	0.98	0.94	0.92	0.98	0.9	0.92	0.94	0.98	0.98	0.98	0.98	1.0
6700	0.96	0.98	0.98	0.98	0.98	0.96	0.92	0.96	0.92	0.94	0.94	0.98	1.0	0.98	0.98	1.0
6750	0.94	0.98	0.98	0.98	0.98	0.96	0.92	0.96	0.92	0.94	0.94	0.96	1.0	0.98	0.98	1.0
6800	0.94	0.98	0.98	0.98	0.98	0.96	0.92	0.96	0.92	0.94	0.96	0.96	1.0	0.98	0.98	1.0
6850	0.94	0.98	0.98	0.98	0.98	0.98	0.92	0.96	0.94	0.98	0.96	0.96	1.0	0.98	0.98	1.0
6900	0.96	0.98	0.98	0.96	0.98	0.98	0.92	0.96	0.94	0.98	0.96	0.96	1.0	0.98	0.98	1.0
6950	0.96	0.98	0.98	0.96	0.98	0.98	0.92	0.96	0.96	0.98	0.96	0.96	1.0	0.98	0.98	1.0
7000	0.96	0.98	0.98	0.96	0.98	1.0	0.92	0.96	0.96	0.98	0.98	0.96	1.0	0.98	0.96	1.0
7050	0.98	0.98	0.98	0.96	0.98	1.0	0.9	0.96	0.96	0.98	0.98	0.96	1.0	0.98	0.96	1.0
7100	0.98	0.96	0.98	0.94	0.98	1.0	0.92	0.96	0.96	0.98	0.98	0.96	1.0	0.94	0.96	1.0
7150	0.98	0.96	0.98	0.94	0.98	1.0	0.96	0.96	1.0	0.98	0.98	0.96	1.0	0.96	0.96	1.0
7200	1.0	0.94	0.98	0.94	0.98	1.0	0.96	0.96	1.0	0.98	0.98	0.96	1.0	0.96	0.96	1.0
7250	1.0	0.94	0.98	0.96	0.98	1.0	0.96	0.96	1.0	1.0	0.98	0.98	1.0	0.96	0.96	1.0
7300	1.0	0.94	0.98	0.94	0.98	1.0	0.96	0.96	1.0	1.0	0.98	0.98	1.0	0.96	0.96	1.0
7350	1.0	0.94	0.98	0.94	0.98	1.0	0.98	0.96	1.0	1.0	0.98	0.98	1.0	0.96	0.96	1.0
7400	1.0	0.94	0.98	0.94	0.98	1.0	0.98	0.96	1.0	1.0	0.98	0.98	0.98	0.96	0.98	1.0
7450	1.0	0.94	0.98	0.94	1.0	1.0	0.98	0.98	1.0	1.0	0.96	1.0	0.98	0.96	0.96	0.98
7500	1.0	0.94	0.98	0.96	1.0	1.0	0.98	0.98	1.0	1.0	0.96	1.0	0.94	0.94	0.96	0.98
7550	1.0	0.94	0.98	0.96	0.98	1.0	0.98	1.0	1.0	1.0	0.96	1.0	0.94	0.94	0.96	0.98
7600	1.0	0.94	0.98	0.96	0.98	1.0	0.98	1.0	1.0	1.0	0.94	1.0	0.94	0.94	0.96	0.98
7650	1.0	0.94	0.98	0.96	0.98	1.0	0.98	1.0	1.0	1.0	0.92	0.98	0.94	0.94	0.96	0.98
7700	1.0	0.96	0.98	0.96	0.96	1.0	0.98	1.0	1.0	1.0	0.9	0.98	0.94	0.94	0.96	0.98
7750	1.0	0.96	1.0	0.96	0.94	1.0	0.98	1.0	1.0	1.0	0.9	0.98	0.94	0.98	0.98	0.98
7800	1.0	0.96	1.0	0.96	0.94	1.0	1.0	1.0	1.0	1.0	0.9	0.98	0.94	0.98	0.98	0.98
7850	1.0	1.0	1.0	0.98	0.94	1.0	1.0	1.0	1.0	1.0	0.88	0.98	0.94	0.96	0.98	0.98
7900	1.0	1.0	1.0	0.98	0.94	1.0	1.0	1.0	1.0	1.0	0.88	0.98	0.94	0.96	0.96	0.98
7950	1.0	1.0	1.0	1.0	0.94	1.0	1.0	1.0	1.0	1.0	0.88	0.96	0.94	0.96	0.96	0.98
8000	1.0	1.0	1.0	1.0	0.94	1.0	1.0	1.0	1.0	1.0	0.88	0.96	0.94	0.94	0.96	0.98
8050	1.0	0.98	1.0	1.0	0.94	1.0	1.0	1.0	1.0	1.0	0.88	0.96	0.96	0.94	0.96	0.98
8100	1.0	0.98	0.98	1.0	0.96	1.0	0.96	1.0	1.0	1.0	0.9	0.96	0.98	0.94	0.96	0.98
8150	1.0	0.98	0.96	1.0	0.96	1.0	0.96	0.98	1.0	1.0	0.92	0.96	1.0	0.94	0.98	0.98
8200	1.0	0.98	0.96	0.98	0.96	1.0	0.96	0.98	1.0	1.0	0.94	0.94	1.0	0.96	0.98	0.98
8250	1.0	0.98	0.96	0.98	0.98	0.98	0.96	0.98	1.0	0.98	0.96	0.94	1.0	0.96	0.96	1.0
8300	1.0	0.98	0.96	0.98	0.98	0.98	0.96	0.98	1.0	0.98	0.98	0.94	1.0	0.96	0.96	1.0
8350	1.0	0.98	0.94	0.98	0.98	0.98	0.96	0.98	1.0	0.96	0.98	0.94	1.0	0.96	0.96	1.0
8400	1.0	0.98	0.94	0.98	1.0	0.98	0.94	0.96	1.0	0.96	1.0	0.96	1.0	0.96	0.96	1.0
8450	1.0	0.98	0.94	0.98	1.0	0.98	0.94	0.96	0.98	0.96	1.0	0.96	1.0	0.96	0.96	1.0
8500	1.0	0.98	0.94	0.98	1.0	0.98	0.94	0.96	0.96	0.96	1.0	0.96	1.0	0.96	0.96	1.0
8550	1.0	0.96	0.92	0.98	1.0	0.98	0.94	0.96	0.96	0.94	1.0	0.96	1.0	0.96	0.96	1.0
8600	1.0	0.96	0.92	0.98	1.0	0.98	0.94	0.96	0.96	0.94	1.0	0.96	1.0	0.98	0.98	1.0
8650	1.0	0.98	0.92	0.98	1.0	0.98	0.94	0.96	0.96	0.94	1.0	0.96	1.0	0.98	0.98	1.0
8700	1.0	0.98	0.92	0.98	1.0	0.98	0.96	0.96	0.96	0.94	1.0	0.96	1.0	0.98	0.98	1.0
8750	1.0	0.98	0.94	0.98	1.0	0.98	0.98	0.96	0.96	0.94	1.0	0.98	0.98	0.98	0.98	1.0
8800	1.0	0.98	0.94	0.98	1.0	0.98	0.96	0.96	0.96	0.94	0.98	0.98	0.98	0.98	0.98	1.0
8850	1.0	0.98	0.94	0.98	1.0	0.98	0.96	0.96	0.96	0.96	0.98	0.98	0.98	1.0	0.98	1.0
8900	1.0	0.96	0.94	0.98	1.0	1.0	0.96	0.94	0.96	0.96	0.98	1.0	0.98	1.0	1.0	1.0
8950	1.0	0.96	0.96	0.98	1.0	1.0	0.96	0.94	0.94	0.96	0.98	1.0	0.98	1.0	1.0	1.0
9000	1.0	0.96	0.96	1.0	1.0	1.0	0.96	0.94	0.94	0.98	0.98	1.0	0.96	1.0	1.0	1.0
9050	1.0	0.96	0.96	1.0	1.0	1.0	0.96	0.96	0.94	0.98	0.98	1.0	0.96	1.0	1.0	0.98
9100	1.0	0.96	0.96	1.0	1.0	1.0	0.96	0.96	0.94	0.98	0.98	1.0	0.96	1.0	1.0	0.98
9150	1.0	0.96	0.94	1.0	1.0	0.98	0.96	0.96	0.94	1.0	0.98	1.0	0.96	1.0	1.0	0.98
9200	1.0	0.96	0.96	1.0	1.0	0.98	0.96	0.98	0.94	0.98	0.98	1.0	0.96	1.0	1.0	0.98
9250	1.0	0.98	0.96	1.0	1.0	0.98	0.96	0.98	0.96	0.98	0.96	1.0	0.96	1.0	0.98	0.98
9300	1.0	0.98	0.94	1.0	1.0	0.98	0.96	0.98	0.98	0.98	0.96	1.0	0.96	1.0	0.98	0.98
9350	1.0	0.98	0.94	1.0	1.0	0.98	0.96	0.98	0.98	0.98	0.94	0.98	0.96	1.0	0.98	0.98
9400	1.0	0.98	0.94	1.0	1.0	0.98	0.98	0.98	0.98	0.98	0.92	0.98	0.96	1.0	0.96	0.98
9450	1.0	0.98	0.94	1.0	1.0	0.96	0.98	0.98	0.98	0.98	0.94	0.98	0.96	1.0	0.96	0.98
9500	1.0	0.98	0.96	1.0	1.0	0.96	0.98	0.98	0.98	0.98	0.94	0.98	0.98	1.0	0.96	0.98
9550	1.0	1.0	0.96	1.0	1.0	0.96	0.98	0.98	0.98	0.98	0.94	0.98	0.98	1.0	0.96	0.98
9600	1.0	1.0	0.96	1.0	1.0	0.96	1.0	0.98	0.98	0.98	0.94	0.96	0.98	0.96	0.96	0.98
9650	1.0	1.0	0.96	1.0	1.0	0.96	1.0	0.98	0.98	0.98	0.94	0.94	1.0	0.96	0.96	0.98
9700	1.0	1.0	0.96	1.0	1.0	0.96	1.0	0.98	1.0	0.98	0.94	0.94	1.0	0.96	0.96	1.0
9750	1.0	1.0	0.96	1.0	1.0	0.98	1.0	1.0	1.0	0.98	0.94	0.94	1.0	0.94	0.96	1.0
9800	1.0	0.98	0.96	1.0	1.0	0.98	1.0	1.0	1.0	0.98	0.94	0.94	1.0	0.94	0.96	1.0
9850	1.0	0.98	0.98	1.0	1.0	0.98	1.0	1.0	1.0	0.98	0.96	0.94	1.0	0.92	0.96	1.0
9900	1.0	0.98	0.98	1.0	1.0	0.98	1.0	1.0	0.98	0.98	0.96	0.94	1.0	0.92	0.96	1.0
9950	1.0	0.98	0.98	1.0	1.0	0.94	1.0	1.0	0.98	0.98	0.98	0.96	1.0	0.92	0.96	1.0
10000	1.0	0.98	1.0	1.0	1.0	0.96	1.0	1.0	0.98	1.0	1.0	0.96	1.0	0.92	0.96	1.0
10050	1.0	0.98	1.0	1.0	1.0	0.96	1.0	1.0	0.98	1.0	1.0	0.96	0.98	0.92	0.98	1.0
10100	1.0	0.98	1.0	1.0	1.0	0.96	1.0	0.98	0.98	1.0	1.0	0.94	0.98	0.92	0.98	1.0
10150	1.0	0.98	1.0	1.0	1.0	0.96	1.0	0.98	0.98	1.0	1.0	0.94	0.98	0.92	0.98	1.0
10200	1.0	0.98	1.0	1.0	1.0	0.96	1.0	0.98	0.98	1.0	1.0	0.94	0.96	0.92	0.98	1.0
10250	1.0	0.98	1.0	1.0	1.0	0.96	1.0	0.98	0.98	1.0	1.0	0.96	0.96	0.92	1.0	1.0
10300	1.0	0.98	1.0	1.0	1.0	0.96	1.0	0.98	0.98	1.0	1.0	0.96	0.96	0.92	1.0	1.0
10350	1.0	0.98	1.0	1.0	1.0	0.94	1.0	0.98	0.98	1.0	1.0	0.96	0.96	0.92	1.0	1.0
10400	1.0	0.98	1.0	1.0	1.0	0.94	1.0	0.98	0.98	1.0	1.0	0.98	0.96	0.9	1.0	1.0
10450	1.0	0.98	1.0	1.0	1.0	0.94	1.0	0.98	0.98	1.0	1.0	0.98	0.96	0.92	1.0	1.0
10500	1.0	0.98	1.0	1.0	1.0	0.94	1.0	0.98	0.98	1.0	1.0	0.98	0.96	0.94	1.0	1.0
10550	1.0	1.0	1.0	1.0	0.98	0.92	1.0	0.98	0.98	1.0	0.98	0.98	0.96	0.92	1.0	1.0
10600	1.0	1.0	1.0	1.0	0.98	0.9	1.0	0.98	0.98	1.0	0.98	0.98	0.96	0.92	1.0	1.0
10650	1.0	1.0	1.0	1.0	0.98	0.9	1.0	0.98	0.98	1.0	0.98	0.98	0.96	0.88	1.0	1.0
10700	1.0	1.0	1.0	1.0	0.98	0.9	1.0	0.98	0.96	1.0	0.98	0.98	0.96	0.88	1.0	1.0
10750	1.0	1.0	1.0	1.0	0.98	0.94	1.0	0.98	0.98	1.0	0.98	0.94	0.96	0.88	1.0	1.0
10800	1.0	1.0	1.0	1.0	0.98	0.94	1.0	0.98	0.98	0.98	0.96	0.94	0.96	0.86	1.0	1.0
10850	1.0	1.0	1.0	1.0	0.98	0.94	1.0	0.98	0.98	0.98	0.96	0.96	0.96	0.86	1.0	1.0
10900	1.0	1.0	1.0	1.0	0.96	0.94	1.0	0.98	0.98	0.98	0.94	0.96	0.96	0.86	1.0	1.0
10950	1.0	1.0	1.0	1.0	0.96	0.94	1.0	0.98	0.98	0.98	0.94	0.96	0.96	0.86	1.0	0.98
11000	1.0	1.0	1.0	1.0	0.96	0.94	0.98	0.98	0.98	0.98	0.94	0.96	0.98	0.86	1.0	0.98
11050	1.0	1.0	1.0	1.0	0.96	0.96	0.98	0.98	0.98	0.98	0.94	0.96	0.98	0.86	1.0	0.98
11100	1.0	1.0	1.0	1.0	0.96	0.96	0.98	0.98	0.98	0.98	0.94	0.96	0.98	0.86	0.98	0.98
11150	1.0	1.0	1.0	1.0	0.96	0.96	0.98	0.98	0.98	0.96	0.96	0.96	0.96	0.86	0.98	0.98
11200	1.0	1.0	1.0	1.0	0.94	0.96	0.98	0.98	0.98	0.96	0.96	0.96	0.96	0.88	0.98	0.98
11250	1.0	1.0	1.0	1.0	0.94	0.96	0.98	0.98	0.98	0.96	0.96	0.96	0.96	0.88	0.98	0.98
11300	1.0	1.0	1.0	1.0	0.96	0.96	0.98	0.98	0.98	0.94	0.96	0.96	0.94	0.88	0.98	0.98
11350	1.0	1.0	1.0	1.0	0.96	0.98	0.98	0.98	0.98	0.94	0.98	0.94	0.94	0.88	0.98	0.98
11400	1.0	1.0	1.0	1.0	0.96	0.98	0.98	0.98	0.98	0.94	0.98	0.94	0.94	0.88	0.98	0.98
11450	1.0	1.0	1.0	1.0	0.96	1.0	0.98	0.98	0.98	0.94	0.98	0.94	0.94	0.9	0.98	0.98
11500	1.0	1.0	1.0	1.0	0.96	1.0	0.98	0.98	0.96	0.94	1.0	0.94	0.94	0.96	0.98	0.98
11550	1.0	1.0	1.0	1.0	0.96	1.0	0.98	0.98	0.96	0.94	1.0	0.96	0.94	0.98	0.98	0.98
11600	1.0	1.0	1.0	1.0	0.98	0.98	0.98	0.98	0.98	0.94	1.0	0.96	0.94	0.98	0.98	0.98
11650	1.0	1.0	1.0	1.0	0.98	0.98	0.98	0.98	0.98	0.92	0.98	0.98	0.94	1.0	0.98	0.98
11700	1.0	1.0	1.0	1.0	0.98	0.98	0.98	0.98	0.98	0.92	0.98	0.98	0.94	1.0	0.98	1.0
11750	1.0	1.0	1.0	1.0	0.98	0.98	0.98	0.98	0.98	0.92	0.98	0.98	0.94	1.0	0.98	1.0
11800	1.0	1.0	1.0	1.0	1.0	0.96	0.98	1.0	0.98	0.92	0.96	0.98	0.96	0.98	0.98	1.0
11850	1.0	1.0	1.0	1.0	1.0	0.96	0.98	1.0	0.98	0.92	0.96	0.98	0.94	0.98	0.98	1.0
11900	1.0	1.0	1.0	1.0	1.0	0.96	1.0	1.0	0.98	0.92	0.94	0.98	0.94	0.96	0.96	1.0
11950	1.0	1.0	1.0	1.0	1.0	0.96	1.0	1.0	0.96	0.94	0.94	0.98	0.94	0.96	0.98	1.0
12000	1.0	1.0	1.0	1.0	1.0	0.96	1.0	1.0	0.96	0.94	0.94	0.98	0.96	0.94	0.98	1.0
12050	1.0	1.0	1.0	1.0	1.0	0.96	1.0	1.0	0.96	0.96	0.94	0.96	0.96	0.94	0.98	1.0
12100	1.0	1.0	1.0	1.0	1.0	0.96	1.0	1.0	0.94	0.96	0.94	0.98	0.96	0.94	0.98	1.0
12150	1.0	1.0	1.0	1.0	1.0	0.96	1.0	1.0	0.94	0.96	0.94	0.98	0.94	0.94	0.98	1.0
12200	1.0	1.0	1.0	1.0	1.0	0.96	1.0	0.98	0.94	0.98	0.94	0.98	0.94	0.92	0.98	1.0
12250	1.0	1.0	1.0	1.0	1.0	0.96	1.0	0.98	0.94	1.0	0.94	0.98	0.94	0.88	0.98	1.0
12300	1.0	1.0	0.98	1.0	1.0	0.96	1.0	0.98	0.94	1.0	0.94	0.98	0.94	0.88	0.98	1.0
12350	1.0	1.0	0.98	1.0	1.0	0.96	1.0	0.98	0.94	1.0	0.92	0.98	0.94	0.88	0.98	1.0
12400	1.0	0.98	0.98	1.0	1.0	0.96	1.0	0.98	0.96	1.0	0.92	0.98	0.94	0.88	0.98	1.0
12450	1.0	0.98	0.98	1.0	1.0	0.96	1.0	0.98	0.96	1.0	0.92	0.98	0.94	0.86	0.98	1.0
12500	1.0	0.98	0.98	1.0	0.96	0.96	1.0	0.98	0.96	1.0	0.94	0.98	0.92	0.86	0.98	1.0
12550	1.0	0.98	0.98	1.0	0.96	0.96	1.0	0.98	0.96	1.0	0.94	0.98	0.92	0.86	1.0	1.0
12600	1.0	0.98	0.98	1.0	0.96	0.96	1.0	0.98	0.94	1.0	0.94	0.98	0.92	0.88	1.0	1.0
12650	1.0	0.98	0.98	1.0	0.96	0.96	1.0	0.98	0.94	1.0	0.94	0.98	0.94	0.88	1.0	1.0
12700	1.0	0.96	0.98	1.0	0.96	0.98	1.0	0.98	0.94	1.0	0.96	0.98	0.94	0.9	1.0	1.0
12750	1.0	0.96	0.98	1.0	0.96	0.98	1.0	0.98	0.94	1.0	0.98	0.98	0.94	0.92	1.0	1.0
12800	1.0	0.96	0.98	1.0	0.96	0.96	0.98	0.96	0.94	1.0	0.98	0.98	0.96	0.92	1.0	1.0
12850	1.0	0.96	0.98	1.0	0.96	0.96	0.98	0.96	0.94	1.0	0.98	0.98	0.96	0.92	1.0	1.0
12900	1.0	0.96	0.98	1.0	0.96	0.96	0.98	0.96	0.92	1.0	0.98	0.98	0.96	0.92	1.0	1.0
12950	1.0	0.96	0.98	1.0	0.96	0.96	0.98	0.96	0.92	1.0	0.98	0.98	0.98	0.92	1.0	1.0
13000	1.0	0.96	0.98	1.0	0.96	0.96	0.98	0.96	0.94	1.0	0.98	0.98	0.98	0.92	1.0	1.0
13050	1.0	0.98	0.98	1.0	0.96	0.96	0.98	0.94	0.94	1.0	0.98	0.98	0.98	0.96	1.0	1.0
13100	1.0	0.98	0.98	1.0	0.96	0.96	0.98	0.94	0.94	1.0	0.98	0.98	0.98	0.98	1.0	1.0
13150	1.0	0.98	1.0	1.0	0.96	0.94	0.98	0.94	0.94	1.0	0.98	0.98	1.0	0.96	1.0	1.0
13200	1.0	0.98	1.0	1.0	0.96	0.92	0.98	0.96	0.94	1.0	0.98	0.98	1.0	0.98	1.0	1.0
13250	1.0	0.98	1.0	1.0	0.96	0.92	0.98	0.96	0.94	1.0	1.0	0.98	0.98	0.98	1.0	1.0
13300	1.0	0.98	1.0	1.0	0.98	0.92	0.98	0.96	0.94	1.0	1.0	0.98	0.98	0.98	1.0	1.0
13350	1.0	0.98	1.0	0.98	1.0	0.92	0.98	0.96	0.94	1.0	1.0	0.98	0.98	0.98	1.0	1.0
13400	1.0	0.98	1.0	0.98	0.98	0.9	0.98	0.96	0.94	1.0	1.0	0.98	0.98	0.98	1.0	1.0
13450	1.0	1.0	1.0	0.98	0.98	0.9	0.98	0.94	0.96	1.0	1.0	0.98	0.98	0.98	1.0	1.0
13500	1.0	1.0	1.0	0.98	0.98	0.92	0.98	0.94	0.96	1.0	1.0	0.98	0.96	0.98	1.0	1.0
13550	1.0	1.0	1.0	0.98	0.96	0.92	0.98	0.94	0.96	1.0	1.0	0.98	0.96	0.98	1.0	1.0
13600	1.0	1.0	1.0	0.98	0.96	0.92	0.98	0.94	0.96	1.0	1.0	0.98	0.96	0.98	1.0	1.0
13650	1.0	1.0	1.0	0.98	0.96	0.94	0.98	0.96	0.96	1.0	1.0	0.96	0.96	0.98	1.0	1.0
13700	1.0	1.0	1.0	0.98	0.96	0.94	0.98	0.96	0.96	0.98	1.0	0.96	0.96	0.98	1.0	1.0
13750	1.0	1.0	1.0	0.98	0.96	0.94	0.98	0.96	0.98	0.98	1.0	0.96	0.96	0.94	1.0	1.0
13800	1.0	1.0	1.0	0.98	0.96	0.94	1.0	0.96	0.98	0.98	1.0	0.96	0.96	0.94	1.0	1.0
13850	1.0	1.0	1.0	0.98	0.96	0.94	1.0	0.98	0.98	0.98	1.0	0.98	0.96	0.94	1.0	0.98
13900	1.0	1.0	1.0	0.98	0.96	0.94	1.0	0.98	0.98	0.98	1.0	0.98	0.96	0.96	1.0	0.98
13950	1.0	1.0	1.0	0.98	0.96	0.94	1.0	0.98	0.98	0.98	1.0	0.98	0.96	0.96	1.0	0.96
14000	1.0	1.0	1.0	0.98	0.96	0.96	1.0	0.98	0.98	0.98	1.0	0.98	0.96	0.96	1.0	0.96
14050	1.0	1.0	1.0	0.96	0.96	0.98	1.0	0.98	0.98	0.98	1.0	0.98	0.98	0.96	1.0	0.96
14100	1.0	1.0	1.0	0.98	0.96	0.98	1.0	0.98	0.98	0.98	1.0	0.98	0.98	0.96	1.0	0.96
14150	1.0	1.0	0.98	0.98	0.96	0.98	1.0	0.98	0.98	0.98	1.0	0.98	0.98	0.94	1.0	0.96
14200	1.0	1.0	0.98	0.98	0.96	0.98	1.0	0.98	0.98	0.98	1.0	0.98	0.98	0.94	1.0	0.96
14250	1.0	1.0	0.96	0.98	0.98	0.98	1.0	0.98	0.98	0.98	1.0	0.98	1.0	0.92	1.0	0.96
14300	1.0	1.0	0.96	0.98	0.98	0.98	1.0	1.0	0.96	0.98	1.0	0.98	1.0	0.92	0.98	0.96
14350	1.0	0.98	0.96	0.98	0.98	0.98	1.0	0.98	0.96	0.98	1.0	0.98	0.98	0.92	0.98	0.96
14400	1.0	0.98	0.96	0.98	1.0	0.98	1.0	0.98	0.96	0.98	1.0	0.98	0.98	0.9	0.98	0.96
14450	1.0	0.98	0.96	0.98	1.0	0.98	1.0	0.98	0.98	0.98	1.0	1.0	0.98	0.9	0.98	0.96
14500	1.0	0.98	0.96	0.98	1.0	0.98	1.0	0.98	0.98	1.0	1.0	1.0	0.96	0.9	0.98	0.96
14550	0.98	0.98	0.96	0.96	1.0	0.96	1.0	0.98	0.96	1.0	1.0	1.0	0.96	0.92	0.98	0.96
14600	0.98	0.98	0.96	0.96	1.0	0.96	1.0	0.98	0.96	1.0	1.0	1.0	0.96	0.94	0.98	0.96
14650	0.98	0.98	0.96	0.96	1.0	0.96	1.0	0.98	0.94	1.0	1.0	1.0	0.94	0.94	0.98	0.96
14700	0.98	0.98	0.96	0.96	1.0	0.96	1.0	0.98	0.94	0.98	1.0	1.0	0.94	0.94	0.98	0.96
14750	0.98	0.98	0.96	0.98	1.0	0.96	1.0	0.98	0.94	0.98	1.0	1.0	0.94	0.94	0.98	0.96
14800	0.98	0.98	0.96	0.98	1.0	0.96	1.0	0.98	0.94	0.98	1.0	1.0	0.94	0.94	0.98	0.98
14850	0.98	0.98	0.96	0.98	1.0	0.96	1.0	0.98	0.94	0.98	1.0	1.0	0.94	0.94	0.98	0.98
14900	0.98	0.98	0.96	0.98	1.0	0.96	1.0	0.98	0.94	0.98	1.0	1.0	0.92	0.94	0.98	0.98
14950	0.98	0.98	0.98	0.98	1.0	0.96	1.0	0.98	0.96	0.98	1.0	1.0	0.92	0.94	0.98	1.0
15000	0.98	0.98	1.0	0.98	1.0	0.96	1.0	0.98	0.96	0.98	1.0	0.98	0.92	0.94	0.98	1.0
15050	0.98	0.98	1.0	0.98	1.0	0.96	1.0	0.98	0.96	0.98	1.0	0.98	0.92	0.94	1.0	1.0
15100	0.98	1.0	1.0	0.98	1.0	0.96	1.0	1.0	0.96	0.98	1.0	0.98	0.92	0.96	1.0	1.0
15150	0.98	1.0	1.0	0.98	1.0	0.98	1.0	1.0	0.96	0.98	1.0	0.98	0.94	0.94	1.0	1.0
15200	0.98	1.0	1.0	0.98	1.0	0.98	1.0	1.0	0.98	0.98	1.0	0.98	0.94	0.94	0.98	1.0
15250	0.98	1.0	1.0	0.98	1.0	0.98	1.0	1.0	0.98	0.98	1.0	0.98	0.94	0.94	0.98	1.0
15300	0.98	1.0	1.0	0.98	1.0	0.98	1.0	1.0	1.0	0.94	1.0	0.98	0.94	0.94	0.96	1.0
15350	0.98	1.0	1.0	0.98	1.0	0.98	1.0	1.0	1.0	0.96	1.0	0.98	0.96	0.94	0.96	1.0
15400	0.98	1.0	0.98	0.98	1.0	0.98	1.0	1.0	0.98	0.96	1.0	0.98	0.96	0.96	0.96	1.0
15450	0.98	1.0	0.98	0.98	1.0	0.98	1.0	1.0	0.98	0.96	1.0	0.98	0.96	0.96	0.96	1.0
15500	0.98	1.0	0.98	0.98	1.0	0.98	1.0	1.0	0.96	0.96	1.0	0.98	0.96	0.96	0.96	1.0
15550	0.98	1.0	0.98	0.98	0.98	0.98	1.0	1.0	0.96	0.96	1.0	0.98	0.96	0.96	0.96	0.96
15600	0.98	0.98	0.98	0.98	0.98	1.0	1.0	1.0	0.96	0.96	1.0	0.98	0.98	0.96	0.96	0.96
15650	0.98	0.98	0.98	0.98	0.98	1.0	1.0	1.0	0.96	0.96	1.0	0.98	0.98	0.96	0.96	0.96
15700	0.98	0.98	0.98	0.98	0.98	1.0	1.0	1.0	0.96	0.96	1.0	0.98	1.0	0.96	0.96	0.96
15750	0.98	0.98	0.98	0.98	0.98	1.0	0.98	1.0	0.96	0.96	1.0	0.98	1.0	0.96	0.96	0.96
15800	0.96	0.98	0.98	0.98	0.98	1.0	0.98	1.0	0.96	0.96	1.0	0.98	1.0	0.96	0.96	0.96
15850	0.96	0.98	0.98	0.98	0.98	1.0	0.98	1.0	0.96	0.96	1.0	0.98	1.0	0.96	0.96	0.96
15900	0.96	0.98	0.98	0.96	0.98	1.0	0.98	1.0	0.96	0.96	1.0	0.98	1.0	0.96	0.96	0.96
15950	0.96	0.98	0.98	0.96	0.98	1.0	0.98	1.0	0.96	0.96	1.0	1.0	1.0	0.96	0.96	0.96
16000	0.96	0.96	0.98	0.96	0.98	1.0	0.98	0.96	0.96	0.98	1.0	1.0	0.98	0.96	0.96	0.96
16050	0.96	0.96	1.0	0.98	0.98	1.0	0.98	0.96	0.96	0.98	0.98	1.0	0.96	0.96	0.96	0.96
16100	0.96	0.96	1.0	0.98	0.98	1.0	0.98	0.96	0.96	0.96	0.98	1.0	0.96	0.96	0.98	0.96
16150	0.96	0.96	0.98	0.98	0.96	1.0	0.98	0.96	0.98	0.96	0.98	1.0	0.96	0.96	1.0	0.96
16200	0.96	0.96	0.98	0.98	0.96	1.0	0.98	0.96	0.98	0.96	0.98	1.0	0.96	0.98	0.98	0.96
16250	0.96	0.94	0.98	0.98	0.96	1.0	0.98	0.96	1.0	0.96	0.98	1.0	0.96	0.98	0.98	0.94
16300	0.96	0.94	0.98	0.98	0.96	1.0	0.98	0.96	1.0	0.96	0.98	1.0	0.96	0.98	0.98	0.98
16350	0.96	0.96	0.98	0.96	0.96	1.0	0.98	0.96	1.0	0.96	0.98	1.0	0.96	1.0	0.94	0.98
16400	0.96	0.96	0.98	0.96	0.98	1.0	0.98	0.96	1.0	0.96	0.98	1.0	0.96	1.0	0.94	0.98
16450	0.96	0.96	0.98	0.96	0.98	1.0	0.98	0.96	1.0	0.94	0.98	1.0	0.94	0.98	0.94	0.98
16500	0.96	0.96	0.98	0.96	0.98	1.0	0.98	0.96	1.0	0.94	0.98	1.0	0.94	0.94	0.94	0.98
16550	0.96	0.96	0.98	0.96	0.98	1.0	0.98	0.96	1.0	0.94	0.98	1.0	0.94	0.92	0.94	0.98
16600	0.98	0.96	0.98	0.96	0.98	1.0	0.98	0.96	1.0	0.96	0.98	1.0	0.94	0.92	0.94	0.98
16650	0.98	0.96	0.98	0.96	0.98	1.0	1.0	0.96	1.0	0.96	0.98	1.0	0.94	0.92	0.94	0.98
16700	0.98	0.96	0.98	0.96	0.98	1.0	1.0	0.98	1.0	0.96	0.98	1.0	0.94	0.92	0.94	0.98
16750	1.0	0.96	0.98	0.98	0.98	1.0	0.98	0.98	1.0	0.98	0.98	1.0	0.94	0.92	0.94	0.98
16800	1.0	0.98	0.98	0.98	0.98	1.0	0.98	1.0	1.0	0.98	0.98	1.0	0.96	0.9	0.94	0.98
16850	1.0	0.98	0.98	0.98	0.98	1.0	0.96	0.98	1.0	0.98	0.98	1.0	0.96	0.9	0.94	0.98
16900	1.0	0.98	0.98	0.98	1.0	1.0	0.96	0.98	1.0	0.98	0.98	1.0	0.98	0.9	0.94	0.98
16950	1.0	1.0	1.0	0.98	1.0	1.0	0.96	0.98	1.0	0.98	1.0	1.0	0.98	0.9	0.96	0.98
17000	1.0	1.0	1.0	0.98	1.0	1.0	0.96	0.98	1.0	0.98	1.0	1.0	0.98	0.9	0.96	0.98
17050	1.0	0.98	1.0	0.98	1.0	1.0	0.96	0.98	1.0	0.98	1.0	1.0	0.98	0.9	0.96	0.98
17100	1.0	0.98	1.0	0.98	0.98	1.0	0.94	0.98	1.0	0.98	1.0	1.0	0.98	0.9	1.0	0.98
17150	0.98	0.98	1.0	0.98	0.98	1.0	0.94	0.98	1.0	0.98	1.0	0.98	0.98	0.9	1.0	1.0
17200	0.98	0.96	0.98	0.98	0.98	1.0	0.94	0.98	1.0	0.98	1.0	0.98	0.98	0.9	1.0	1.0
17250	0.98	0.96	0.98	1.0	0.98	1.0	0.92	0.98	1.0	0.98	1.0	0.98	0.98	0.9	1.0	1.0
17300	0.98	0.96	0.98	1.0	0.98	1.0	0.92	0.98	1.0	0.98	1.0	0.98	0.98	0.94	1.0	1.0
17350	0.98	0.96	0.96	0.98	0.98	1.0	0.92	0.98	1.0	0.98	0.98	0.98	0.98	0.94	1.0	1.0
17400	0.98	0.96	0.96	0.96	0.98	1.0	0.92	0.98	0.98	0.98	0.98	0.98	0.98	0.96	1.0	1.0
17450	0.98	0.96	0.94	0.96	0.98	1.0	0.92	0.96	0.98	0.98	0.98	0.98	0.98	0.96	1.0	1.0
17500	0.98	0.96	0.92	0.96	0.98	1.0	0.92	0.96	0.98	0.98	0.98	0.98	0.98	0.96	1.0	1.0
17550	0.98	0.96	0.92	0.96	0.98	1.0	0.9	0.96	0.98	0.98	0.98	0.98	0.98	0.98	1.0	1.0
17600	0.98	0.96	0.92	0.96	0.98	1.0	0.9	0.98	0.98	0.98	0.98	0.98	0.98	0.98	1.0	1.0
17650	0.98	0.96	0.9	0.96	0.98	1.0	0.9	0.98	0.98	0.98	0.98	0.98	0.98	1.0	0.98	1.0
17700	0.98	0.96	0.9	0.96	0.98	1.0	0.94	0.98	0.98	0.98	0.98	0.98	0.98	1.0	0.98	1.0
17750	0.98	0.96	0.9	0.96	0.98	1.0	0.92	0.98	0.98	0.98	0.98	0.98	0.98	1.0	0.98	1.0
17800	0.98	0.98	0.9	0.96	0.98	1.0	0.92	0.98	0.98	0.98	0.98	0.98	0.98	1.0	0.98	1.0
17850	0.98	0.98	0.9	0.96	0.98	1.0	0.92	0.98	0.98	0.98	0.98	0.98	0.98	0.98	0.96	1.0
17900	1.0	0.98	0.9	0.96	0.98	1.0	0.92	0.98	0.98	0.98	0.98	0.98	0.98	0.98	0.96	1.0
17950	1.0	0.98	0.9	0.96	0.98	1.0	0.94	0.98	0.98	0.98	0.98	1.0	0.98	0.98	0.96	1.0
18000	1.0	0.98	0.9	0.96	1.0	1.0	0.94	0.98	0.98	0.98	0.98	1.0	0.98	0.98	0.96	1.0
18050	1.0	1.0	0.9	0.98	1.0	1.0	0.96	0.98	0.98	0.98	0.98	1.0	0.98	0.98	0.96	0.98
18100	1.0	1.0	0.92	0.98	1.0	1.0	0.96	0.98	1.0	1.0	0.98	1.0	0.98	0.98	0.96	0.98
18150	1.0	1.0	0.9	1.0	1.0	1.0	0.96	1.0	1.0	1.0	0.98	1.0	1.0	0.98	0.96	0.98
18200	1.0	1.0	0.92	1.0	1.0	1.0	0.96	1.0	1.0	1.0	0.98	1.0	1.0	0.98	0.96	0.96
18250	1.0	1.0	0.92	1.0	1.0	1.0	0.96	1.0	0.98	1.0	0.98	1.0	1.0	0.98	0.96	0.96
18300	1.0	1.0	0.92	1.0	1.0	1.0	0.96	1.0	0.98	1.0	0.98	1.0	1.0	0.98	0.96	0.96
18350	1.0	1.0	0.94	1.0	1.0	1.0	0.98	1.0	0.98	1.0	0.96	1.0	1.0	0.98	0.96	0.96
18400	1.0	1.0	0.94	1.0	1.0	1.0	0.96	1.0	0.98	0.98	0.96	1.0	1.0	0.98	0.96	0.96
18450	1.0	1.0	0.94	1.0	1.0	1.0	0.96	1.0	0.98	0.98	0.96	1.0	1.0	0.98	0.96	0.96
18500	1.0	1.0	0.94	1.0	1.0	1.0	0.96	1.0	0.98	0.98	0.94	1.0	1.0	0.98	0.98	0.96
18550	1.0	1.0	0.96	1.0	1.0	1.0	0.96	1.0	0.98	0.96	0.94	1.0	1.0	0.98	0.96	0.96
18600	1.0	1.0	0.96	1.0	0.98	1.0	0.96	1.0	0.98	0.96	0.94	1.0	1.0	0.98	0.96	0.94
18650	1.0	1.0	0.94	1.0	0.98	1.0	0.96	1.0	0.98	0.96	0.94	1.0	1.0	0.98	0.96	0.96
18700	1.0	1.0	0.96	1.0	0.98	1.0	0.96	1.0	0.98	0.96	0.94	1.0	1.0	0.98	0.96	0.96
18750	1.0	1.0	0.96	1.0	0.98	1.0	0.96	1.0	0.98	0.96	0.94	1.0	0.98	0.98	0.98	0.96
18800	1.0	1.0	0.96	1.0	0.98	1.0	0.96	1.0	0.98	0.96	0.94	1.0	0.98	1.0	0.98	0.96
18850	1.0	1.0	0.96	1.0	0.98	1.0	0.96	1.0	0.98	0.96	0.94	1.0	0.98	1.0	0.98	0.98
18900	1.0	1.0	0.98	1.0	0.98	1.0	0.96	1.0	0.98	0.96	0.94	1.0	0.98	1.0	0.96	0.98
18950	1.0	1.0	0.98	1.0	0.98	1.0	0.96	1.0	0.98	0.96	0.96	1.0	0.98	1.0	0.96	0.98
19000	1.0	1.0	0.98	1.0	0.98	1.0	0.96	1.0	1.0	0.94	0.96	1.0	0.98	0.98	0.96	0.98
19050	1.0	1.0	0.98	1.0	0.98	1.0	0.96	1.0	1.0	0.94	0.96	1.0	0.98	0.98	0.96	0.98
19100	0.98	1.0	0.98	1.0	0.98	1.0	0.96	1.0	1.0	0.92	0.96	1.0	0.98	0.98	0.96	0.98
19150	0.98	1.0	0.98	1.0	0.98	1.0	0.96	1.0	1.0	0.92	0.94	0.98	0.98	0.98	0.96	0.98
19200	0.98	1.0	0.98	1.0	0.98	1.0	0.98	1.0	1.0	0.94	0.94	0.98	0.98	0.98	0.96	0.98
19250	0.98	1.0	0.98	1.0	0.98	1.0	0.98	1.0	1.0	0.94	0.96	0.98	0.98	0.96	0.94	0.98
19300	0.98	1.0	0.98	1.0	0.98	1.0	0.98	1.0	1.0	0.94	0.96	0.98	0.98	0.96	0.92	1.0
19350	0.98	1.0	0.96	1.0	0.98	1.0	0.98	1.0	1.0	0.94	0.96	0.98	0.98	0.96	0.94	1.0
19400	0.96	1.0	0.96	1.0	0.98	1.0	0.98	1.0	1.0	0.94	0.96	0.98	0.98	0.96	0.94	1.0
19450	0.96	0.98	0.98	1.0	0.98	1.0	0.98	1.0	1.0	0.94	0.98	0.98	1.0	0.96	0.94	1.0
19500	0.96	0.98	0.96	1.0	0.98	1.0	0.98	1.0	1.0	0.96	0.98	0.98	1.0	0.96	0.94	1.0
19550	0.96	0.98	0.96	1.0	1.0	1.0	0.98	1.0	1.0	0.96	0.98	0.98	1.0	0.96	0.94	1.0
19600	0.96	0.96	0.94	1.0	1.0	1.0	0.98	1.0	1.0	0.96	0.98	0.98	1.0	0.96	0.96	1.0
19650	0.96	0.96	0.94	1.0	1.0	1.0	0.98	1.0	1.0	0.94	0.98	0.98	1.0	0.98	0.96	1.0
19700	0.96	0.96	0.92	1.0	1.0	1.0	0.98	1.0	1.0	0.94	0.98	0.98	1.0	0.98	0.96	1.0
19750	0.96	0.96	0.92	1.0	1.0	1.0	0.98	1.0	1.0	0.92	0.98	0.98	1.0	0.98	0.96	1.0
19800	0.96	0.96	0.92	1.0	0.98	1.0	0.96	1.0	1.0	0.92	0.98	0.98	1.0	0.98	0.96	1.0
19850	0.96	0.96	0.92	0.98	0.98	1.0	0.96	1.0	1.0	0.94	0.98	0.98	1.0	0.98	0.94	1.0
19900	0.96	0.96	0.92	0.98	0.98	1.0	0.96	1.0	1.0	0.94	0.98	1.0	1.0	1.0	0.94	1.0
19950	0.94	0.94	0.92	0.98	0.98	1.0	0.96	1.0	1.0	0.94	0.98	1.0	1.0	1.0	0.94	1.0
20000	0.94	0.94	0.9	0.98	0.98	1.0	0.96	1.0	1.0	0.96	0.98	1.0	1.0	1.0	0.96	1.0
