0	0.0	0.0	0.0	0.0	0.0	0.0	0.0	0.0	0.0	0.0	0.0	0.0	0.0	0.0	0.0	0.0
50	0.0	0.0	0.0	0.0	0.0	0.0	0.0	0.0	0.0	0.0	0.0	0.0	0.0	0.0	0.0	0.0
100	0.153846153846	0.2	0.0	0.0	0.1875	0.0	0.0625	0.0	0.0	0.0	0.0625	0.0666666666667	0.0	0.0	0.0714285714286	0.25
150	0.2	0.190476190476	0.0	0.0769230769231	0.227272727273	0.047619047619	0.047619047619	0.25	0.130434782609	0.0	0.136363636364	0.125	0.1	0.0	0.0909090909091	0.214285714286
200	0.3	0.310344827586	0.214285714286	0.263157894737	0.322580645161	0.206896551724	0.0384615384615	0.307692307692	0.148148148148	0.0714285714286	0.322580645161	0.161290322581	0.230769230769	0.0	0.222222222222	0.272727272727
250	0.384615384615	0.325	0.333333333333	0.304347826087	0.315789473684	0.25	0.1	0.411764705882	0.161290322581	0.0434782608696	0.305555555556	0.194444444444	0.294117647059	0.0	0.277777777778	0.428571428571
300	0.4	0.326530612245	0.375	0.351351351351	0.315789473684	0.302325581395	0.157894736842	0.384615384615	0.131578947368	0.0357142857143	0.317073170732	0.204545454545	0.307692307692	0.075	0.315789473684	0.382352941176
350	0.45	0.38	0.424242424242	0.4	0.325581395349	0.288888888889	0.209302325581	0.466666666667	0.191489361702	0.0571428571429	0.354166666667	0.234042553191	0.382978723404	0.0851063829787	0.372093023256	0.452380952381
400	0.478260869565	0.44	0.384615384615	0.375	0.32	0.32	0.234042553191	0.46	0.24	0.148936170213	0.44	0.28	0.42	0.1	0.375	0.434782608696
450	0.52	0.46	0.391304347826	0.48	0.38	0.42	0.34	0.5	0.34	0.18	0.46	0.32	0.5	0.18	0.46	0.46
500	0.6	0.52	0.395833333333	0.52	0.42	0.48	0.42	0.52	0.42	0.26	0.52	0.36	0.54	0.22	0.48	0.5
550	0.6	0.54	0.46	0.52	0.48	0.48	0.5	0.54	0.46	0.36	0.52	0.38	0.58	0.26	0.5	0.5
600	0.6	0.52	0.5	0.5	0.48	0.48	0.54	0.52	0.6	0.42	0.5	0.42	0.62	0.3	0.52	0.56
650	0.62	0.56	0.5	0.52	0.48	0.46	0.54	0.5	0.7	0.5	0.5	0.4	0.72	0.3	0.46	0.6
700	0.62	0.6	0.46	0.44	0.5	0.42	0.52	0.5	0.74	0.52	0.52	0.44	0.7	0.32	0.46	0.54
750	0.66	0.58	0.52	0.48	0.54	0.5	0.52	0.48	0.74	0.52	0.52	0.44	0.7	0.38	0.52	0.6
800	0.66	0.58	0.54	0.42	0.54	0.46	0.52	0.44	0.72	0.52	0.58	0.44	0.64	0.4	0.5	0.6
850	0.66	0.6	0.52	0.42	0.54	0.4	0.48	0.46	0.68	0.54	0.56	0.4	0.62	0.32	0.56	0.6
900	0.68	0.6	0.54	0.48	0.52	0.38	0.46	0.48	0.62	0.52	0.52	0.38	0.6	0.34	0.62	0.58
950	0.7	0.64	0.52	0.48	0.52	0.36	0.4	0.52	0.6	0.5	0.56	0.38	0.6	0.36	0.6	0.56
1000	0.64	0.62	0.5	0.5	0.52	0.38	0.36	0.56	0.52	0.48	0.48	0.34	0.62	0.32	0.6	0.54
1050	0.7	0.62	0.48	0.48	0.48	0.3	0.42	0.58	0.44	0.46	0.46	0.4	0.6	0.28	0.58	0.5
1100	0.64	0.6	0.48	0.52	0.5	0.32	0.38	0.62	0.38	0.5	0.46	0.44	0.5	0.32	0.56	0.5
1150	0.6	0.58	0.44	0.56	0.46	0.36	0.4	0.66	0.4	0.46	0.46	0.46	0.54	0.24	0.56	0.44
1200	0.62	0.56	0.46	0.54	0.5	0.36	0.4	0.64	0.4	0.46	0.44	0.48	0.52	0.28	0.5	0.42
1250	0.6	0.56	0.4	0.54	0.48	0.34	0.38	0.68	0.38	0.42	0.44	0.48	0.5	0.28	0.5	0.4
1300	0.6	0.54	0.38	0.54	0.46	0.34	0.42	0.66	0.42	0.44	0.48	0.5	0.46	0.3	0.48	0.42
1350	0.62	0.5	0.34	0.52	0.46	0.38	0.42	0.58	0.4	0.48	0.48	0.52	0.5	0.32	0.42	0.38
1400	0.62	0.44	0.38	0.52	0.46	0.42	0.48	0.58	0.48	0.48	0.46	0.52	0.5	0.3	0.46	0.38
1450	0.66	0.48	0.38	0.54	0.5	0.4	0.5	0.56	0.54	0.44	0.5	0.52	0.46	0.34	0.48	0.4
1500	0.74	0.48	0.36	0.56	0.48	0.4	0.56	0.56	0.52	0.4	0.48	0.44	0.46	0.36	0.52	0.38
1550	0.7	0.46	0.36	0.6	0.48	0.42	0.56	0.52	0.5	0.46	0.46	0.4	0.48	0.36	0.5	0.4
1600	0.68	0.48	0.28	0.6	0.5	0.42	0.54	0.5	0.48	0.5	0.4	0.36	0.52	0.36	0.5	0.38
1650	0.74	0.5	0.28	0.52	0.56	0.44	0.58	0.46	0.46	0.54	0.42	0.4	0.56	0.34	0.56	0.42
1700	0.72	0.56	0.28	0.52	0.6	0.46	0.56	0.5	0.48	0.56	0.42	0.42	0.52	0.34	0.56	0.48
1750	0.68	0.54	0.3	0.5	0.6	0.44	0.54	0.48	0.46	0.56	0.42	0.44	0.46	0.3	0.58	0.5
1800	0.66	0.66	0.34	0.52	0.56	0.44	0.48	0.52	0.5	0.6	0.42	0.5	0.44	0.34	0.58	0.52
1850	0.66	0.68	0.4	0.42	0.56	0.48	0.5	0.56	0.5	0.6	0.44	0.54	0.48	0.32	0.54	0.54
1900	0.62	0.68	0.4	0.4	0.56	0.46	0.56	0.56	0.6	0.54	0.44	0.54	0.46	0.34	0.52	0.54
1950	0.66	0.62	0.42	0.44	0.52	0.44	0.56	0.58	0.6	0.6	0.46	0.54	0.44	0.3	0.54	0.54
2000	0.66	0.62	0.46	0.5	0.48	0.44	0.5	0.6	0.6	0.56	0.5	0.54	0.38	0.3	0.52	0.6
2050	0.66	0.58	0.46	0.48	0.48	0.44	0.5	0.6	0.6	0.56	0.46	0.52	0.32	0.26	0.44	0.56
2100	0.64	0.52	0.44	0.46	0.5	0.46	0.52	0.58	0.6	0.52	0.42	0.46	0.28	0.26	0.46	0.54
2150	0.64	0.56	0.4	0.44	0.54	0.44	0.52	0.58	0.6	0.5	0.46	0.38	0.36	0.3	0.46	0.58
2200	0.64	0.54	0.34	0.48	0.54	0.44	0.52	0.54	0.62	0.48	0.54	0.36	0.32	0.34	0.44	0.56
2250	0.62	0.54	0.36	0.5	0.54	0.4	0.5	0.52	0.6	0.38	0.52	0.34	0.36	0.32	0.44	0.52
2300	0.64	0.54	0.34	0.48	0.56	0.42	0.48	0.48	0.58	0.44	0.46	0.32	0.38	0.3	0.44	0.52
2350	0.64	0.56	0.32	0.42	0.56	0.36	0.48	0.44	0.52	0.46	0.48	0.32	0.4	0.36	0.42	0.5
2400	0.62	0.56	0.34	0.42	0.58	0.36	0.46	0.46	0.5	0.44	0.46	0.42	0.42	0.46	0.42	0.52
2450	0.64	0.58	0.4	0.46	0.62	0.38	0.48	0.46	0.52	0.48	0.48	0.46	0.46	0.44	0.44	0.56
2500	0.62	0.6	0.46	0.5	0.54	0.42	0.48	0.44	0.5	0.5	0.48	0.48	0.52	0.5	0.44	0.48
2550	0.7	0.58	0.38	0.46	0.5	0.4	0.48	0.44	0.52	0.56	0.48	0.48	0.52	0.44	0.52	0.54
2600	0.7	0.5	0.4	0.46	0.5	0.44	0.48	0.42	0.52	0.52	0.5	0.54	0.54	0.42	0.48	0.52
2650	0.74	0.46	0.42	0.46	0.48	0.44	0.5	0.46	0.48	0.56	0.52	0.54	0.54	0.42	0.46	0.5
2700	0.68	0.46	0.42	0.48	0.46	0.4	0.48	0.46	0.52	0.54	0.5	0.58	0.56	0.38	0.5	0.5
2750	0.68	0.5	0.44	0.48	0.48	0.48	0.54	0.4	0.6	0.5	0.48	0.6	0.56	0.34	0.5	0.52
2800	0.7	0.48	0.44	0.54	0.46	0.5	0.46	0.4	0.62	0.46	0.5	0.62	0.6	0.3	0.46	0.56
2850	0.68	0.46	0.48	0.52	0.46	0.48	0.52	0.4	0.56	0.44	0.44	0.6	0.6	0.34	0.5	0.58
2900	0.68	0.48	0.44	0.5	0.48	0.52	0.54	0.4	0.54	0.44	0.48	0.58	0.58	0.42	0.46	0.6
2950	0.66	0.46	0.52	0.52	0.46	0.56	0.56	0.44	0.56	0.46	0.52	0.54	0.62	0.44	0.48	0.6
3000	0.72	0.52	0.5	0.52	0.46	0.5	0.56	0.38	0.62	0.48	0.52	0.44	0.62	0.5	0.52	0.64
3050	0.72	0.56	0.5	0.52	0.42	0.52	0.5	0.42	0.56	0.46	0.48	0.42	0.6	0.52	0.46	0.58
3100	0.7	0.56	0.54	0.52	0.4	0.5	0.48	0.4	0.5	0.52	0.44	0.42	0.58	0.5	0.48	0.5
3150	0.74	0.54	0.56	0.52	0.4	0.42	0.52	0.42	0.54	0.52	0.46	0.42	0.56	0.44	0.48	0.52
3200	0.7	0.56	0.58	0.52	0.36	0.42	0.46	0.48	0.58	0.54	0.46	0.4	0.58	0.46	0.46	0.48
3250	0.7	0.56	0.58	0.48	0.36	0.42	0.5	0.42	0.56	0.48	0.46	0.42	0.56	0.44	0.46	0.5
3300	0.66	0.54	0.58	0.46	0.36	0.38	0.54	0.4	0.54	0.46	0.46	0.44	0.58	0.46	0.52	0.5
3350	0.64	0.46	0.6	0.4	0.34	0.48	0.52	0.44	0.46	0.5	0.42	0.46	0.56	0.42	0.5	0.46
3400	0.58	0.46	0.58	0.36	0.32	0.54	0.52	0.5	0.46	0.44	0.38	0.46	0.48	0.44	0.44	0.4
3450	0.58	0.42	0.58	0.4	0.38	0.6	0.6	0.48	0.44	0.5	0.4	0.42	0.48	0.38	0.44	0.44
3500	0.64	0.38	0.6	0.42	0.36	0.58	0.6	0.46	0.5	0.46	0.48	0.38	0.48	0.42	0.54	0.46
3550	0.66	0.48	0.64	0.44	0.44	0.58	0.6	0.52	0.48	0.44	0.46	0.42	0.48	0.48	0.58	0.56
3600	0.66	0.5	0.64	0.46	0.48	0.6	0.62	0.54	0.5	0.48	0.46	0.4	0.46	0.5	0.58	0.54
3650	0.72	0.46	0.6	0.52	0.48	0.66	0.56	0.54	0.6	0.48	0.46	0.42	0.4	0.5	0.62	0.54
3700	0.72	0.52	0.62	0.6	0.5	0.58	0.56	0.54	0.7	0.44	0.48	0.4	0.4	0.5	0.62	0.5
3750	0.76	0.56	0.64	0.6	0.52	0.58	0.54	0.52	0.78	0.42	0.5	0.4	0.38	0.5	0.56	0.52
3800	0.74	0.54	0.66	0.56	0.52	0.56	0.52	0.5	0.82	0.52	0.54	0.4	0.42	0.5	0.54	0.58
3850	0.78	0.5	0.64	0.52	0.48	0.56	0.5	0.54	0.82	0.42	0.5	0.4	0.48	0.52	0.6	0.64
3900	0.78	0.48	0.58	0.5	0.44	0.54	0.5	0.46	0.82	0.48	0.5	0.42	0.48	0.54	0.62	0.66
3950	0.76	0.44	0.58	0.54	0.42	0.56	0.54	0.46	0.86	0.54	0.58	0.48	0.5	0.52	0.64	0.58
4000	0.72	0.48	0.6	0.54	0.44	0.64	0.58	0.48	0.9	0.62	0.62	0.48	0.52	0.6	0.64	0.58
4050	0.72	0.46	0.56	0.52	0.46	0.58	0.64	0.42	0.88	0.58	0.62	0.48	0.52	0.58	0.6	0.64
4100	0.7	0.46	0.56	0.54	0.48	0.56	0.64	0.48	0.86	0.58	0.6	0.5	0.54	0.58	0.64	0.58
4150	0.7	0.5	0.54	0.56	0.52	0.58	0.68	0.44	0.82	0.6	0.58	0.52	0.54	0.6	0.68	0.58
4200	0.72	0.48	0.58	0.6	0.58	0.6	0.66	0.5	0.82	0.64	0.62	0.58	0.5	0.6	0.68	0.56
4250	0.76	0.54	0.58	0.62	0.64	0.62	0.68	0.52	0.78	0.6	0.64	0.6	0.48	0.62	0.72	0.5
4300	0.72	0.58	0.62	0.58	0.64	0.62	0.68	0.52	0.78	0.56	0.54	0.6	0.52	0.66	0.7	0.52
4350	0.7	0.58	0.68	0.58	0.66	0.62	0.66	0.58	0.76	0.56	0.5	0.56	0.48	0.68	0.72	0.56
4400	0.74	0.66	0.62	0.58	0.64	0.62	0.62	0.58	0.78	0.62	0.52	0.56	0.54	0.64	0.72	0.58
4450	0.78	0.66	0.64	0.62	0.64	0.6	0.58	0.6	0.78	0.6	0.58	0.58	0.54	0.64	0.7	0.6
4500	0.76	0.7	0.64	0.64	0.66	0.58	0.66	0.6	0.74	0.6	0.62	0.62	0.6	0.62	0.72	0.6
4550	0.74	0.74	0.64	0.68	0.64	0.56	0.66	0.6	0.68	0.6	0.6	0.6	0.56	0.54	0.72	0.6
4600	0.7	0.72	0.6	0.66	0.64	0.62	0.66	0.64	0.72	0.56	0.6	0.54	0.56	0.46	0.72	0.58
4650	0.7	0.7	0.6	0.66	0.62	0.6	0.66	0.66	0.68	0.62	0.62	0.56	0.58	0.46	0.8	0.6
4700	0.72	0.7	0.56	0.66	0.66	0.56	0.64	0.62	0.66	0.66	0.64	0.56	0.54	0.4	0.76	0.54
4750	0.68	0.66	0.54	0.64	0.7	0.52	0.68	0.52	0.62	0.68	0.62	0.5	0.54	0.4	0.74	0.56
4800	0.7	0.66	0.52	0.62	0.72	0.56	0.66	0.56	0.58	0.68	0.64	0.48	0.54	0.42	0.72	0.5
4850	0.7	0.62	0.54	0.58	0.72	0.6	0.66	0.56	0.6	0.66	0.64	0.44	0.5	0.4	0.68	0.48
4900	0.7	0.62	0.56	0.54	0.7	0.64	0.68	0.5	0.6	0.66	0.62	0.44	0.52	0.4	0.6	0.46
4950	0.7	0.62	0.54	0.54	0.72	0.66	0.62	0.5	0.6	0.66	0.64	0.44	0.6	0.4	0.6	0.46
5000	0.68	0.62	0.52	0.5	0.7	0.62	0.58	0.48	0.64	0.62	0.6	0.48	0.58	0.44	0.6	0.52
5050	0.68	0.64	0.56	0.54	0.66	0.68	0.58	0.5	0.62	0.62	0.6	0.46	0.62	0.44	0.58	0.54
5100	0.7	0.62	0.5	0.62	0.64	0.7	0.6	0.58	0.62	0.62	0.62	0.48	0.6	0.46	0.58	0.54
5150	0.72	0.64	0.52	0.64	0.58	0.7	0.6	0.62	0.64	0.6	0.64	0.54	0.54	0.46	0.6	0.52
5200	0.76	0.64	0.52	0.66	0.56	0.7	0.6	0.62	0.68	0.56	0.66	0.58	0.6	0.5	0.58	0.54
5250	0.74	0.6	0.54	0.66	0.62	0.68	0.6	0.64	0.62	0.54	0.64	0.62	0.6	0.52	0.58	0.58
5300	0.74	0.58	0.54	0.66	0.58	0.7	0.62	0.66	0.64	0.52	0.64	0.58	0.56	0.54	0.58	0.62
5350	0.78	0.6	0.58	0.68	0.62	0.68	0.62	0.68	0.64	0.46	0.64	0.56	0.52	0.58	0.6	0.66
5400	0.78	0.6	0.56	0.7	0.64	0.7	0.62	0.68	0.66	0.44	0.62	0.56	0.54	0.58	0.58	0.64
5450	0.78	0.6	0.6	0.7	0.6	0.62	0.54	0.66	0.66	0.4	0.7	0.54	0.54	0.6	0.56	0.6
5500	0.82	0.62	0.56	0.7	0.66	0.6	0.54	0.62	0.6	0.4	0.76	0.58	0.56	0.56	0.56	0.66
5550	0.78	0.62	0.52	0.66	0.64	0.58	0.56	0.62	0.54	0.4	0.76	0.6	0.54	0.58	0.52	0.62
5600	0.8	0.64	0.5	0.66	0.64	0.54	0.58	0.66	0.52	0.42	0.72	0.56	0.52	0.54	0.54	0.68
5650	0.78	0.64	0.52	0.66	0.66	0.52	0.6	0.64	0.5	0.46	0.7	0.58	0.56	0.5	0.58	0.7
5700	0.78	0.58	0.48	0.68	0.66	0.52	0.6	0.58	0.52	0.44	0.72	0.62	0.6	0.54	0.6	0.68
5750	0.78	0.6	0.48	0.7	0.68	0.56	0.56	0.54	0.56	0.48	0.72	0.66	0.6	0.58	0.64	0.66
5800	0.76	0.6	0.52	0.68	0.7	0.6	0.62	0.6	0.52	0.52	0.74	0.64	0.62	0.58	0.64	0.66
5850	0.8	0.58	0.52	0.66	0.7	0.6	0.66	0.62	0.48	0.54	0.68	0.64	0.6	0.54	0.64	0.64
5900	0.76	0.56	0.56	0.62	0.68	0.66	0.7	0.62	0.56	0.56	0.68	0.7	0.6	0.6	0.68	0.66
5950	0.78	0.56	0.56	0.6	0.68	0.64	0.7	0.56	0.6	0.64	0.68	0.68	0.64	0.64	0.68	0.62
6000	0.74	0.6	0.54	0.58	0.72	0.62	0.74	0.58	0.64	0.6	0.68	0.68	0.62	0.64	0.74	0.64
6050	0.74	0.62	0.58	0.58	0.78	0.64	0.74	0.6	0.64	0.64	0.78	0.66	0.58	0.64	0.74	0.64
6100	0.72	0.68	0.6	0.6	0.74	0.64	0.8	0.66	0.64	0.64	0.76	0.64	0.56	0.64	0.7	0.64
6150	0.76	0.68	0.58	0.56	0.76	0.64	0.8	0.64	0.66	0.68	0.74	0.64	0.6	0.6	0.76	0.68
6200	0.76	0.72	0.62	0.54	0.8	0.64	0.74	0.7	0.7	0.66	0.76	0.64	0.6	0.62	0.74	0.68
6250	0.8	0.68	0.68	0.6	0.76	0.62	0.74	0.72	0.78	0.66	0.74	0.68	0.56	0.58	0.7	0.62
6300	0.8	0.74	0.7	0.64	0.74	0.62	0.78	0.74	0.74	0.66	0.74	0.68	0.58	0.6	0.7	0.6
6350	0.8	0.78	0.66	0.66	0.78	0.64	0.74	0.7	0.72	0.62	0.76	0.66	0.54	0.6	0.7	0.62
6400	0.84	0.74	0.7	0.68	0.74	0.64	0.74	0.72	0.72	0.58	0.76	0.64	0.52	0.62	0.68	0.66
6450	0.84	0.72	0.68	0.7	0.7	0.64	0.72	0.74	0.74	0.58	0.78	0.64	0.56	0.6	0.7	0.64
6500	0.78	0.72	0.64	0.7	0.74	0.64	0.7	0.74	0.7	0.66	0.74	0.62	0.56	0.58	0.7	0.6
6550	0.78	0.74	0.62	0.74	0.72	0.66	0.72	0.74	0.7	0.66	0.72	0.66	0.52	0.58	0.66	0.58
6600	0.78	0.74	0.64	0.74	0.72	0.66	0.74	0.68	0.7	0.6	0.72	0.7	0.5	0.54	0.66	0.62
6650	0.78	0.66	0.7	0.74	0.72	0.68	0.78	0.68	0.72	0.68	0.72	0.7	0.56	0.54	0.66	0.7
6700	0.76	0.66	0.64	0.7	0.74	0.68	0.76	0.7	0.66	0.74	0.72	0.72	0.56	0.52	0.66	0.72
6750	0.74	0.66	0.66	0.64	0.74	0.68	0.68	0.7	0.64	0.78	0.72	0.66	0.56	0.54	0.56	0.7
6800	0.72	0.62	0.7	0.58	0.74	0.72	0.68	0.7	0.64	0.74	0.74	0.62	0.58	0.54	0.56	0.66
6850	0.76	0.62	0.72	0.56	0.76	0.74	0.7	0.7	0.66	0.76	0.7	0.64	0.58	0.6	0.58	0.68
6900	0.78	0.66	0.74	0.56	0.72	0.72	0.7	0.74	0.66	0.76	0.72	0.68	0.62	0.62	0.58	0.7
6950	0.76	0.7	0.76	0.58	0.72	0.76	0.72	0.74	0.68	0.74	0.66	0.66	0.62	0.62	0.6	0.74
7000	0.74	0.66	0.72	0.54	0.68	0.74	0.74	0.74	0.7	0.72	0.68	0.62	0.68	0.68	0.62	0.72
7050	0.74	0.62	0.7	0.52	0.68	0.74	0.72	0.72	0.66	0.72	0.68	0.58	0.74	0.68	0.6	0.68
7100	0.8	0.68	0.7	0.64	0.66	0.74	0.66	0.78	0.68	0.72	0.72	0.6	0.74	0.66	0.64	0.7
7150	0.76	0.66	0.74	0.64	0.62	0.74	0.64	0.76	0.7	0.7	0.68	0.6	0.7	0.6	0.66	0.72
7200	0.76	0.6	0.7	0.66	0.64	0.72	0.64	0.8	0.64	0.68	0.68	0.6	0.72	0.56	0.66	0.66
7250	0.74	0.62	0.7	0.66	0.62	0.76	0.66	0.8	0.64	0.7	0.7	0.58	0.7	0.54	0.72	0.66
7300	0.72	0.6	0.68	0.66	0.62	0.8	0.62	0.78	0.66	0.68	0.74	0.56	0.72	0.54	0.7	0.68
7350	0.76	0.6	0.7	0.68	0.62	0.76	0.54	0.74	0.62	0.68	0.74	0.7	0.68	0.52	0.72	0.68
7400	0.7	0.66	0.76	0.64	0.64	0.72	0.54	0.7	0.62	0.68	0.8	0.66	0.66	0.54	0.66	0.64
7450	0.7	0.66	0.78	0.64	0.68	0.68	0.58	0.7	0.56	0.66	0.76	0.66	0.64	0.46	0.7	0.7
7500	0.7	0.66	0.78	0.66	0.7	0.66	0.58	0.7	0.62	0.64	0.76	0.62	0.68	0.52	0.68	0.7
7550	0.76	0.68	0.82	0.66	0.7	0.62	0.66	0.7	0.7	0.58	0.76	0.64	0.68	0.62	0.72	0.64
7600	0.78	0.66	0.84	0.62	0.68	0.64	0.68	0.74	0.72	0.6	0.74	0.64	0.68	0.62	0.7	0.66
7650	0.82	0.66	0.86	0.58	0.64	0.64	0.62	0.66	0.68	0.64	0.7	0.72	0.68	0.64	0.7	0.68
7700	0.76	0.66	0.82	0.58	0.62	0.64	0.64	0.66	0.68	0.66	0.68	0.68	0.68	0.6	0.72	0.68
7750	0.76	0.66	0.82	0.62	0.58	0.56	0.68	0.66	0.72	0.68	0.62	0.62	0.7	0.66	0.62	0.64
7800	0.8	0.68	0.8	0.64	0.6	0.6	0.7	0.66	0.74	0.68	0.6	0.66	0.68	0.68	0.64	0.66
7850	0.84	0.72	0.78	0.62	0.56	0.66	0.66	0.7	0.72	0.68	0.64	0.7	0.7	0.66	0.66	0.68
7900	0.86	0.74	0.78	0.6	0.6	0.72	0.62	0.68	0.74	0.64	0.68	0.72	0.74	0.66	0.6	0.72
7950	0.84	0.76	0.78	0.6	0.62	0.74	0.64	0.66	0.74	0.62	0.68	0.72	0.68	0.68	0.6	0.74
8000	0.84	0.8	0.8	0.66	0.64	0.72	0.62	0.62	0.7	0.66	0.72	0.7	0.66	0.6	0.58	0.74
8050	0.86	0.82	0.76	0.64	0.66	0.76	0.58	0.64	0.7	0.7	0.74	0.68	0.66	0.58	0.56	0.72
8100	0.86	0.8	0.76	0.66	0.68	0.78	0.62	0.7	0.7	0.66	0.7	0.68	0.62	0.58	0.56	0.74
8150	0.88	0.84	0.76	0.64	0.7	0.8	0.64	0.7	0.72	0.68	0.78	0.74	0.64	0.6	0.64	0.74
8200	0.84	0.84	0.78	0.64	0.7	0.76	0.68	0.68	0.74	0.64	0.78	0.7	0.6	0.58	0.66	0.78
8250	0.84	0.84	0.78	0.64	0.74	0.76	0.66	0.68	0.74	0.68	0.78	0.72	0.62	0.6	0.68	0.78
8300	0.86	0.82	0.76	0.68	0.72	0.76	0.7	0.68	0.76	0.7	0.78	0.72	0.64	0.6	0.8	0.74
8350	0.84	0.84	0.76	0.74	0.74	0.74	0.72	0.68	0.74	0.64	0.74	0.7	0.62	0.58	0.8	0.76
8400	0.78	0.84	0.78	0.76	0.68	0.7	0.74	0.7	0.76	0.62	0.76	0.72	0.6	0.56	0.84	0.76
8450	0.82	0.88	0.8	0.78	0.72	0.7	0.74	0.68	0.74	0.62	0.8	0.72	0.64	0.6	0.82	0.76
8500	0.84	0.86	0.82	0.8	0.7	0.64	0.72	0.68	0.76	0.64	0.8	0.7	0.64	0.66	0.84	0.74
8550	0.84	0.82	0.76	0.74	0.66	0.68	0.68	0.66	0.76	0.62	0.78	0.64	0.66	0.68	0.76	0.72
8600	0.82	0.82	0.76	0.72	0.64	0.68	0.66	0.7	0.68	0.66	0.82	0.66	0.66	0.7	0.64	0.72
8650	0.84	0.82	0.74	0.76	0.66	0.7	0.66	0.7	0.7	0.66	0.82	0.56	0.68	0.72	0.6	0.74
8700	0.86	0.82	0.72	0.76	0.7	0.7	0.64	0.7	0.68	0.68	0.82	0.58	0.64	0.7	0.56	0.7
8750	0.84	0.78	0.74	0.74	0.7	0.72	0.64	0.7	0.68	0.7	0.82	0.6	0.58	0.7	0.54	0.72
8800	0.84	0.78	0.76	0.72	0.68	0.74	0.6	0.72	0.72	0.72	0.88	0.6	0.58	0.72	0.54	0.7
8850	0.82	0.72	0.72	0.7	0.72	0.74	0.64	0.7	0.74	0.72	0.84	0.58	0.62	0.7	0.56	0.66
8900	0.82	0.74	0.74	0.68	0.72	0.78	0.68	0.72	0.66	0.7	0.8	0.66	0.58	0.68	0.58	0.62
8950	0.86	0.76	0.78	0.66	0.72	0.84	0.7	0.72	0.64	0.64	0.78	0.58	0.62	0.7	0.62	0.64
9000	0.88	0.8	0.8	0.72	0.74	0.82	0.68	0.76	0.68	0.64	0.76	0.6	0.62	0.68	0.64	0.64
9050	0.86	0.84	0.82	0.72	0.74	0.8	0.7	0.8	0.66	0.64	0.68	0.68	0.68	0.66	0.7	0.62
9100	0.88	0.8	0.76	0.66	0.72	0.82	0.72	0.74	0.68	0.66	0.7	0.68	0.72	0.66	0.7	0.68
9150	0.94	0.86	0.74	0.66	0.74	0.82	0.68	0.78	0.68	0.68	0.68	0.64	0.76	0.66	0.72	0.66
9200	0.9	0.86	0.74	0.68	0.74	0.8	0.68	0.78	0.6	0.7	0.72	0.68	0.76	0.64	0.74	0.76
9250	0.94	0.88	0.76	0.66	0.74	0.8	0.66	0.78	0.64	0.68	0.72	0.68	0.76	0.64	0.74	0.74
9300	0.92	0.9	0.76	0.7	0.72	0.78	0.62	0.8	0.7	0.7	0.72	0.72	0.8	0.66	0.72	0.78
9350	0.9	0.9	0.74	0.68	0.7	0.74	0.64	0.84	0.68	0.76	0.78	0.78	0.76	0.72	0.7	0.72
9400	0.88	0.84	0.72	0.68	0.66	0.74	0.62	0.84	0.64	0.78	0.78	0.78	0.72	0.68	0.68	0.74
9450	0.9	0.8	0.72	0.68	0.68	0.76	0.62	0.8	0.64	0.76	0.82	0.78	0.7	0.68	0.7	0.74
9500	0.86	0.8	0.72	0.72	0.68	0.74	0.64	0.74	0.68	0.76	0.82	0.78	0.7	0.7	0.64	0.76
9550	0.84	0.78	0.78	0.72	0.64	0.74	0.68	0.8	0.7	0.78	0.82	0.74	0.7	0.74	0.66	0.72
9600	0.86	0.78	0.84	0.72	0.68	0.78	0.7	0.78	0.74	0.74	0.8	0.76	0.76	0.76	0.68	0.76
9650	0.84	0.72	0.8	0.7	0.7	0.74	0.74	0.78	0.76	0.78	0.82	0.68	0.7	0.84	0.64	0.76
9700	0.88	0.7	0.7	0.72	0.74	0.76	0.78	0.78	0.72	0.8	0.82	0.7	0.7	0.8	0.6	0.8
9750	0.82	0.68	0.68	0.78	0.76	0.78	0.74	0.76	0.68	0.8	0.82	0.7	0.74	0.74	0.6	0.74
9800	0.8	0.66	0.66	0.76	0.74	0.82	0.74	0.7	0.76	0.8	0.8	0.62	0.74	0.76	0.6	0.7
9850	0.84	0.66	0.62	0.74	0.78	0.82	0.74	0.76	0.74	0.82	0.78	0.64	0.74	0.76	0.62	0.74
9900	0.82	0.68	0.56	0.74	0.78	0.78	0.78	0.76	0.74	0.8	0.8	0.6	0.72	0.7	0.68	0.78
9950	0.86	0.68	0.54	0.78	0.76	0.78	0.72	0.7	0.78	0.8	0.78	0.64	0.7	0.68	0.68	0.76
10000	0.86	0.68	0.54	0.78	0.74	0.78	0.7	0.72	0.76	0.8	0.76	0.64	0.66	0.64	0.68	0.74
10050	0.86	0.66	0.58	0.74	0.72	0.78	0.64	0.7	0.7	0.76	0.7	0.64	0.66	0.66	0.7	0.76
10100	0.86	0.64	0.62	0.74	0.7	0.78	0.62	0.7	0.68	0.72	0.72	0.76	0.64	0.62	0.72	0.78
10150	0.86	0.64	0.68	0.7	0.62	0.7	0.64	0.66	0.72	0.72	0.76	0.74	0.62	0.6	0.76	0.82
10200	0.9	0.66	0.68	0.72	0.64	0.74	0.66	0.74	0.72	0.68	0.76	0.74	0.64	0.54	0.76	0.84
10250	0.82	0.66	0.64	0.68	0.64	0.72	0.66	0.7	0.74	0.66	0.72	0.78	0.64	0.56	0.78	0.8
10300	0.82	0.62	0.68	0.66	0.6	0.72	0.62	0.72	0.74	0.64	0.7	0.76	0.66	0.58	0.78	0.78
10350	0.8	0.64	0.7	0.66	0.6	0.7	0.66	0.68	0.7	0.68	0.7	0.76	0.7	0.62	0.82	0.78
10400	0.78	0.68	0.68	0.68	0.58	0.7	0.68	0.68	0.68	0.68	0.7	0.76	0.68	0.6	0.84	0.74
10450	0.76	0.74	0.66	0.72	0.56	0.68	0.68	0.66	0.7	0.66	0.7	0.76	0.7	0.62	0.84	0.7
10500	0.78	0.72	0.66	0.74	0.64	0.7	0.66	0.66	0.72	0.68	0.72	0.74	0.7	0.68	0.84	0.74
10550	0.8	0.72	0.66	0.78	0.66	0.76	0.62	0.7	0.68	0.68	0.7	0.74	0.7	0.72	0.84	0.72
10600	0.84	0.7	0.7	0.8	0.68	0.72	0.66	0.64	0.62	0.7	0.7	0.7	0.74	0.8	0.82	0.72
10650	0.86	0.74	0.7	0.82	0.74	0.78	0.68	0.68	0.6	0.68	0.7	0.62	0.72	0.8	0.84	0.66
10700	0.88	0.76	0.68	0.82	0.72	0.84	0.74	0.7	0.68	0.7	0.68	0.72	0.74	0.78	0.82	0.64
10750	0.86	0.82	0.68	0.84	0.68	0.84	0.72	0.72	0.7	0.74	0.68	0.68	0.74	0.78	0.76	0.68
10800	0.86	0.78	0.68	0.82	0.72	0.76	0.68	0.74	0.7	0.74	0.7	0.64	0.66	0.74	0.68	0.66
10850	0.82	0.76	0.64	0.86	0.66	0.68	0.72	0.74	0.72	0.72	0.7	0.64	0.66	0.72	0.68	0.64
10900	0.84	0.72	0.7	0.82	0.68	0.64	0.68	0.74	0.76	0.7	0.72	0.64	0.7	0.7	0.68	0.6
10950	0.8	0.76	0.7	0.76	0.62	0.6	0.68	0.7	0.72	0.74	0.74	0.64	0.72	0.7	0.62	0.6
11000	0.78	0.74	0.74	0.72	0.6	0.58	0.72	0.76	0.74	0.76	0.76	0.68	0.72	0.72	0.62	0.64
11050	0.78	0.74	0.78	0.66	0.58	0.68	0.72	0.7	0.7	0.78	0.76	0.68	0.68	0.7	0.62	0.68
11100	0.78	0.78	0.74	0.64	0.62	0.7	0.72	0.68	0.7	0.8	0.76	0.66	0.74	0.72	0.62	0.68
11150	0.78	0.74	0.74	0.66	0.62	0.72	0.7	0.62	0.68	0.8	0.78	0.68	0.72	0.76	0.66	0.74
11200	0.8	0.74	0.8	0.66	0.68	0.72	0.72	0.62	0.64	0.86	0.82	0.68	0.8	0.78	0.64	0.72
11250	0.82	0.7	0.8	0.64	0.68	0.74	0.74	0.6	0.62	0.84	0.82	0.7	0.8	0.74	0.7	0.72
11300	0.78	0.76	0.78	0.66	0.72	0.74	0.74	0.6	0.62	0.84	0.84	0.76	0.78	0.76	0.74	0.74
11350	0.84	0.78	0.8	0.66	0.74	0.74	0.74	0.62	0.6	0.86	0.82	0.72	0.82	0.76	0.74	0.74
11400	0.86	0.74	0.82	0.7	0.68	0.7	0.74	0.6	0.64	0.86	0.82	0.74	0.8	0.74	0.76	0.74
11450	0.82	0.74	0.82	0.72	0.7	0.64	0.76	0.56	0.64	0.86	0.8	0.68	0.8	0.72	0.78	0.74
11500	0.8	0.78	0.82	0.76	0.7	0.6	0.72	0.56	0.62	0.82	0.78	0.7	0.78	0.68	0.8	0.7
11550	0.82	0.8	0.82	0.74	0.68	0.64	0.72	0.58	0.68	0.8	0.78	0.74	0.78	0.68	0.8	0.64
11600	0.78	0.82	0.88	0.72	0.64	0.64	0.72	0.54	0.74	0.78	0.8	0.68	0.78	0.68	0.8	0.66
11650	0.78	0.82	0.9	0.72	0.64	0.6	0.74	0.56	0.7	0.76	0.76	0.68	0.78	0.7	0.82	0.68
11700	0.8	0.82	0.88	0.76	0.66	0.64	0.8	0.58	0.68	0.76	0.76	0.66	0.74	0.74	0.82	0.7
11750	0.8	0.8	0.88	0.72	0.64	0.64	0.78	0.6	0.72	0.8	0.72	0.68	0.8	0.76	0.82	0.7
11800	0.8	0.86	0.9	0.72	0.68	0.66	0.8	0.6	0.76	0.78	0.74	0.7	0.78	0.78	0.82	0.76
11850	0.76	0.86	0.86	0.7	0.68	0.72	0.84	0.6	0.72	0.82	0.76	0.7	0.76	0.78	0.8	0.74
11900	0.76	0.88	0.88	0.74	0.68	0.74	0.9	0.62	0.74	0.88	0.74	0.74	0.8	0.76	0.78	0.74
11950	0.78	0.9	0.82	0.74	0.7	0.76	0.92	0.64	0.74	0.92	0.74	0.7	0.76	0.82	0.76	0.74
12000	0.78	0.86	0.84	0.76	0.72	0.72	0.88	0.68	0.74	0.94	0.76	0.68	0.7	0.8	0.76	0.78
12050	0.78	0.88	0.78	0.78	0.74	0.78	0.86	0.7	0.7	0.94	0.82	0.68	0.7	0.8	0.74	0.82
12100	0.78	0.88	0.78	0.76	0.72	0.76	0.86	0.66	0.68	0.92	0.88	0.7	0.72	0.8	0.72	0.78
12150	0.76	0.86	0.8	0.76	0.74	0.74	0.86	0.7	0.7	0.94	0.9	0.74	0.72	0.74	0.72	0.78
12200	0.78	0.84	0.76	0.8	0.74	0.74	0.88	0.68	0.7	0.9	0.94	0.74	0.74	0.72	0.76	0.76
12250	0.76	0.82	0.78	0.74	0.72	0.66	0.84	0.72	0.72	0.86	0.96	0.76	0.72	0.74	0.72	0.74
12300	0.74	0.78	0.8	0.74	0.74	0.66	0.8	0.7	0.7	0.8	0.96	0.76	0.62	0.72	0.68	0.74
12350	0.76	0.78	0.78	0.76	0.76	0.68	0.8	0.66	0.7	0.8	0.94	0.74	0.62	0.74	0.66	0.74
12400	0.76	0.76	0.68	0.72	0.78	0.64	0.78	0.64	0.68	0.8	0.88	0.74	0.64	0.7	0.64	0.76
12450	0.76	0.76	0.68	0.72	0.78	0.62	0.74	0.6	0.7	0.8	0.88	0.76	0.66	0.7	0.64	0.72
12500	0.74	0.76	0.62	0.74	0.76	0.62	0.76	0.62	0.68	0.76	0.82	0.72	0.68	0.66	0.64	0.76
12550	0.74	0.74	0.58	0.72	0.74	0.68	0.76	0.6	0.7	0.78	0.78	0.76	0.7	0.72	0.62	0.76
12600	0.78	0.76	0.54	0.7	0.78	0.7	0.76	0.7	0.74	0.8	0.82	0.76	0.74	0.7	0.64	0.78
12650	0.74	0.74	0.58	0.68	0.78	0.72	0.74	0.7	0.76	0.8	0.82	0.74	0.74	0.68	0.72	0.8
12700	0.74	0.74	0.58	0.7	0.78	0.78	0.8	0.72	0.76	0.8	0.82	0.72	0.84	0.64	0.78	0.82
12750	0.72	0.78	0.56	0.74	0.76	0.76	0.8	0.76	0.74	0.78	0.82	0.74	0.86	0.66	0.78	0.84
12800	0.68	0.84	0.58	0.68	0.76	0.74	0.76	0.8	0.76	0.84	0.82	0.76	0.88	0.68	0.78	0.84
12850	0.68	0.82	0.64	0.66	0.78	0.8	0.76	0.8	0.78	0.84	0.82	0.78	0.88	0.68	0.78	0.84
12900	0.68	0.86	0.62	0.62	0.78	0.8	0.78	0.76	0.74	0.84	0.86	0.76	0.9	0.66	0.82	0.82
12950	0.68	0.84	0.7	0.66	0.76	0.8	0.8	0.72	0.74	0.84	0.84	0.76	0.82	0.68	0.82	0.84
13000	0.7	0.82	0.72	0.68	0.76	0.76	0.8	0.72	0.74	0.86	0.84	0.78	0.88	0.68	0.84	0.82
13050	0.72	0.84	0.72	0.7	0.74	0.76	0.8	0.72	0.74	0.86	0.78	0.8	0.86	0.66	0.84	0.8
13100	0.74	0.86	0.74	0.68	0.72	0.72	0.8	0.66	0.7	0.86	0.76	0.82	0.82	0.66	0.82	0.78
13150	0.76	0.86	0.78	0.66	0.74	0.74	0.8	0.68	0.7	0.88	0.74	0.8	0.8	0.68	0.82	0.78
13200	0.82	0.82	0.78	0.74	0.74	0.76	0.82	0.7	0.7	0.88	0.72	0.8	0.78	0.72	0.82	0.8
13250	0.84	0.82	0.74	0.76	0.76	0.78	0.84	0.74	0.7	0.88	0.68	0.8	0.74	0.7	0.82	0.8
13300	0.78	0.78	0.78	0.76	0.76	0.8	0.84	0.7	0.74	0.86	0.66	0.82	0.74	0.66	0.8	0.82
13350	0.74	0.86	0.8	0.76	0.78	0.84	0.88	0.66	0.72	0.88	0.7	0.84	0.78	0.72	0.8	0.82
13400	0.8	0.84	0.76	0.76	0.76	0.86	0.86	0.64	0.7	0.86	0.7	0.82	0.78	0.74	0.76	0.8
13450	0.74	0.86	0.72	0.8	0.78	0.86	0.88	0.62	0.7	0.84	0.72	0.84	0.8	0.7	0.7	0.82
13500	0.74	0.8	0.72	0.76	0.76	0.84	0.92	0.66	0.7	0.82	0.74	0.84	0.82	0.74	0.74	0.84
13550	0.76	0.8	0.72	0.76	0.74	0.78	0.86	0.62	0.72	0.8	0.76	0.82	0.82	0.74	0.68	0.84
13600	0.72	0.82	0.72	0.78	0.76	0.78	0.8	0.6	0.72	0.8	0.78	0.86	0.78	0.74	0.7	0.82
13650	0.72	0.86	0.74	0.8	0.68	0.72	0.8	0.62	0.72	0.78	0.78	0.84	0.78	0.78	0.72	0.82
13700	0.7	0.84	0.76	0.78	0.68	0.7	0.8	0.62	0.72	0.78	0.78	0.84	0.78	0.78	0.74	0.8
13750	0.72	0.84	0.72	0.78	0.7	0.66	0.8	0.62	0.68	0.76	0.8	0.82	0.78	0.76	0.7	0.8
13800	0.7	0.84	0.76	0.78	0.74	0.66	0.8	0.64	0.62	0.78	0.8	0.82	0.82	0.8	0.72	0.78
13850	0.66	0.84	0.8	0.78	0.74	0.7	0.78	0.7	0.64	0.78	0.82	0.8	0.82	0.8	0.74	0.74
13900	0.7	0.88	0.8	0.78	0.8	0.7	0.76	0.72	0.66	0.78	0.84	0.86	0.82	0.78	0.76	0.74
13950	0.7	0.86	0.8	0.78	0.8	0.68	0.78	0.76	0.7	0.8	0.86	0.84	0.86	0.8	0.76	0.72
14000	0.68	0.86	0.82	0.8	0.78	0.7	0.82	0.78	0.68	0.78	0.84	0.8	0.88	0.8	0.76	0.74
14050	0.7	0.82	0.8	0.8	0.78	0.72	0.86	0.76	0.7	0.76	0.88	0.74	0.92	0.8	0.76	0.72
14100	0.7	0.78	0.82	0.82	0.78	0.74	0.9	0.76	0.78	0.76	0.88	0.72	0.92	0.82	0.76	0.72
14150	0.68	0.78	0.8	0.78	0.74	0.78	0.9	0.82	0.76	0.7	0.9	0.74	0.86	0.8	0.74	0.76
14200	0.64	0.8	0.78	0.78	0.72	0.72	0.88	0.8	0.8	0.74	0.84	0.74	0.8	0.84	0.74	0.76
14250	0.66	0.84	0.82	0.78	0.72	0.68	0.86	0.76	0.86	0.76	0.84	0.74	0.74	0.84	0.74	0.78
14300	0.68	0.8	0.8	0.82	0.64	0.72	0.88	0.74	0.8	0.74	0.82	0.74	0.74	0.86	0.78	0.78
14350	0.68	0.76	0.78	0.78	0.64	0.68	0.84	0.74	0.78	0.8	0.82	0.7	0.72	0.86	0.74	0.78
14400	0.68	0.76	0.72	0.82	0.64	0.68	0.82	0.72	0.78	0.8	0.86	0.74	0.74	0.84	0.72	0.78
14450	0.74	0.76	0.76	0.8	0.7	0.7	0.8	0.72	0.76	0.82	0.82	0.76	0.74	0.82	0.66	0.84
14500	0.76	0.78	0.72	0.8	0.66	0.74	0.8	0.72	0.74	0.82	0.8	0.76	0.76	0.84	0.68	0.84
14550	0.76	0.76	0.74	0.84	0.66	0.76	0.74	0.72	0.72	0.86	0.8	0.72	0.7	0.8	0.7	0.84
14600	0.8	0.78	0.76	0.84	0.66	0.78	0.74	0.74	0.64	0.88	0.82	0.78	0.74	0.78	0.7	0.84
14650	0.8	0.78	0.76	0.86	0.66	0.82	0.78	0.78	0.66	0.86	0.78	0.78	0.74	0.78	0.72	0.84
14700	0.8	0.8	0.74	0.84	0.66	0.84	0.78	0.8	0.66	0.86	0.76	0.8	0.74	0.76	0.72	0.88
14750	0.84	0.88	0.74	0.82	0.68	0.86	0.84	0.8	0.68	0.84	0.78	0.84	0.72	0.78	0.74	0.92
14800	0.78	0.88	0.72	0.84	0.66	0.84	0.84	0.8	0.68	0.86	0.76	0.84	0.72	0.78	0.76	0.88
14850	0.76	0.86	0.76	0.78	0.68	0.82	0.84	0.82	0.68	0.86	0.8	0.88	0.72	0.76	0.78	0.84
14900	0.76	0.86	0.78	0.72	0.7	0.78	0.84	0.86	0.68	0.78	0.82	0.86	0.7	0.8	0.8	0.84
14950	0.76	0.88	0.78	0.72	0.72	0.8	0.86	0.86	0.72	0.82	0.82	0.88	0.78	0.8	0.82	0.8
15000	0.72	0.86	0.76	0.76	0.72	0.78	0.9	0.9	0.78	0.86	0.86	0.88	0.8	0.82	0.82	0.82
15050	0.7	0.86	0.78	0.74	0.74	0.8	0.9	0.9	0.8	0.88	0.84	0.9	0.82	0.86	0.82	0.82
15100	0.66	0.84	0.74	0.68	0.7	0.78	0.96	0.86	0.82	0.86	0.86	0.9	0.84	0.82	0.84	0.8
15150	0.68	0.84	0.82	0.66	0.7	0.76	0.94	0.82	0.78	0.86	0.84	0.86	0.82	0.84	0.84	0.8
15200	0.74	0.88	0.8	0.7	0.76	0.78	0.92	0.82	0.82	0.9	0.88	0.86	0.82	0.84	0.84	0.76
15250	0.8	0.86	0.84	0.72	0.78	0.82	0.92	0.78	0.86	0.92	0.88	0.86	0.84	0.86	0.86	0.7
15300	0.78	0.88	0.84	0.76	0.78	0.84	0.9	0.78	0.86	0.9	0.82	0.88	0.82	0.84	0.86	0.74
15350	0.84	0.88	0.82	0.74	0.82	0.84	0.88	0.78	0.88	0.88	0.74	0.92	0.82	0.86	0.84	0.76
15400	0.84	0.86	0.8	0.74	0.86	0.84	0.86	0.78	0.88	0.84	0.76	0.92	0.84	0.9	0.84	0.76
15450	0.88	0.88	0.8	0.74	0.84	0.86	0.82	0.8	0.86	0.84	0.8	0.94	0.86	0.92	0.8	0.8
15500	0.88	0.86	0.8	0.7	0.86	0.88	0.76	0.82	0.84	0.86	0.76	0.88	0.84	0.9	0.8	0.76
15550	0.82	0.82	0.82	0.7	0.88	0.86	0.72	0.86	0.78	0.88	0.74	0.9	0.84	0.92	0.8	0.74
15600	0.8	0.8	0.82	0.7	0.88	0.82	0.72	0.82	0.78	0.84	0.68	0.84	0.86	0.9	0.74	0.76
15650	0.84	0.84	0.82	0.64	0.86	0.82	0.74	0.84	0.76	0.84	0.7	0.8	0.88	0.9	0.72	0.74
15700	0.82	0.78	0.8	0.74	0.84	0.82	0.76	0.88	0.72	0.88	0.74	0.8	0.86	0.9	0.72	0.74
15750	0.76	0.78	0.72	0.74	0.82	0.78	0.72	0.86	0.7	0.88	0.76	0.78	0.84	0.84	0.72	0.76
15800	0.72	0.78	0.74	0.74	0.82	0.8	0.72	0.88	0.68	0.88	0.78	0.76	0.86	0.76	0.74	0.72
15850	0.78	0.8	0.74	0.78	0.82	0.78	0.74	0.88	0.74	0.9	0.78	0.82	0.86	0.76	0.74	0.74
15900	0.76	0.8	0.76	0.84	0.84	0.78	0.8	0.82	0.74	0.88	0.8	0.86	0.82	0.72	0.74	0.76
15950	0.8	0.82	0.76	0.82	0.84	0.78	0.8	0.82	0.82	0.88	0.82	0.86	0.82	0.7	0.76	0.7
16000	0.82	0.82	0.74	0.82	0.84	0.78	0.8	0.78	0.8	0.88	0.86	0.88	0.8	0.7	0.82	0.68
16050	0.8	0.8	0.72	0.84	0.8	0.76	0.8	0.8	0.76	0.88	0.86	0.92	0.8	0.68	0.84	0.68
16100	0.8	0.84	0.76	0.8	0.78	0.76	0.82	0.76	0.78	0.88	0.84	0.9	0.78	0.7	0.88	0.7
16150	0.84	0.88	0.8	0.84	0.8	0.76	0.86	0.78	0.78	0.84	0.84	0.9	0.78	0.72	0.88	0.74
16200	0.82	0.84	0.8	0.8	0.74	0.78	0.86	0.74	0.74	0.8	0.76	0.82	0.78	0.74	0.84	0.72
16250	0.8	0.8	0.82	0.82	0.72	0.78	0.88	0.74	0.72	0.78	0.78	0.84	0.74	0.78	0.86	0.76
16300	0.78	0.78	0.82	0.78	0.68	0.84	0.8	0.74	0.7	0.78	0.78	0.78	0.74	0.76	0.86	0.72
16350	0.7	0.74	0.82	0.74	0.66	0.88	0.82	0.76	0.68	0.74	0.8	0.78	0.74	0.74	0.86	0.74
16400	0.68	0.72	0.82	0.74	0.72	0.9	0.82	0.8	0.74	0.74	0.88	0.82	0.78	0.72	0.86	0.76
16450	0.68	0.72	0.82	0.72	0.74	0.92	0.78	0.8	0.74	0.74	0.84	0.84	0.8	0.78	0.86	0.78
16500	0.64	0.7	0.82	0.76	0.74	0.92	0.76	0.8	0.74	0.76	0.84	0.82	0.78	0.8	0.88	0.78
16550	0.66	0.74	0.82	0.76	0.72	0.9	0.78	0.78	0.76	0.76	0.88	0.82	0.8	0.84	0.88	0.78
16600	0.68	0.78	0.84	0.8	0.78	0.88	0.76	0.8	0.76	0.76	0.88	0.8	0.8	0.84	0.88	0.78
16650	0.68	0.82	0.82	0.8	0.82	0.9	0.76	0.78	0.74	0.78	0.86	0.84	0.84	0.84	0.86	0.8
16700	0.66	0.86	0.82	0.78	0.9	0.9	0.76	0.82	0.8	0.78	0.8	0.82	0.88	0.88	0.9	0.82
16750	0.74	0.88	0.78	0.84	0.88	0.9	0.78	0.78	0.8	0.84	0.8	0.84	0.92	0.9	0.86	0.88
16800	0.72	0.9	0.82	0.84	0.88	0.9	0.82	0.78	0.76	0.78	0.8	0.84	0.86	0.9	0.9	0.92
16850	0.72	0.88	0.84	0.82	0.86	0.88	0.84	0.78	0.76	0.8	0.86	0.82	0.84	0.92	0.86	0.92
16900	0.7	0.88	0.84	0.84	0.84	0.86	0.86	0.76	0.78	0.8	0.84	0.82	0.84	0.94	0.84	0.9
16950	0.64	0.86	0.86	0.84	0.84	0.86	0.86	0.76	0.78	0.82	0.82	0.86	0.86	0.94	0.8	0.9
17000	0.66	0.84	0.86	0.8	0.84	0.84	0.88	0.76	0.78	0.82	0.8	0.84	0.84	0.92	0.78	0.9
17050	0.6	0.82	0.84	0.78	0.8	0.84	0.82	0.72	0.78	0.82	0.76	0.84	0.82	0.9	0.76	0.84
17100	0.62	0.82	0.86	0.78	0.78	0.84	0.84	0.74	0.8	0.8	0.74	0.82	0.86	0.9	0.78	0.84
17150	0.64	0.8	0.9	0.82	0.76	0.82	0.82	0.76	0.82	0.82	0.74	0.82	0.82	0.88	0.76	0.82
17200	0.66	0.82	0.88	0.8	0.76	0.84	0.8	0.78	0.82	0.78	0.68	0.82	0.84	0.88	0.74	0.78
17250	0.62	0.8	0.86	0.8	0.78	0.84	0.78	0.78	0.82	0.8	0.66	0.86	0.86	0.86	0.74	0.76
17300	0.6	0.8	0.8	0.76	0.78	0.84	0.78	0.74	0.82	0.82	0.58	0.86	0.84	0.86	0.74	0.76
17350	0.62	0.76	0.8	0.76	0.78	0.86	0.72	0.72	0.82	0.8	0.62	0.84	0.8	0.82	0.76	0.76
17400	0.66	0.78	0.78	0.78	0.76	0.82	0.78	0.76	0.82	0.82	0.6	0.84	0.84	0.82	0.78	0.76
17450	0.68	0.82	0.76	0.78	0.82	0.82	0.76	0.76	0.8	0.82	0.64	0.78	0.82	0.84	0.82	0.78
17500	0.68	0.8	0.78	0.8	0.8	0.8	0.76	0.76	0.82	0.82	0.66	0.8	0.86	0.82	0.78	0.8
17550	0.72	0.8	0.76	0.8	0.84	0.8	0.74	0.76	0.82	0.86	0.66	0.82	0.84	0.84	0.8	0.8
17600	0.76	0.74	0.72	0.78	0.88	0.82	0.74	0.76	0.8	0.88	0.72	0.76	0.8	0.82	0.82	0.8
17650	0.76	0.78	0.72	0.78	0.88	0.82	0.72	0.72	0.78	0.86	0.72	0.76	0.84	0.84	0.8	0.8
17700	0.76	0.78	0.74	0.78	0.9	0.76	0.74	0.74	0.78	0.88	0.72	0.76	0.78	0.86	0.82	0.78
17750	0.72	0.82	0.78	0.8	0.78	0.78	0.72	0.8	0.78	0.86	0.7	0.74	0.78	0.86	0.8	0.8
17800	0.72	0.82	0.78	0.84	0.76	0.8	0.7	0.82	0.8	0.9	0.7	0.78	0.74	0.82	0.76	0.82
17850	0.72	0.8	0.8	0.86	0.74	0.86	0.7	0.82	0.8	0.88	0.72	0.76	0.76	0.82	0.78	0.8
17900	0.74	0.8	0.84	0.86	0.7	0.86	0.72	0.8	0.84	0.92	0.76	0.76	0.76	0.82	0.78	0.84
17950	0.7	0.78	0.84	0.88	0.66	0.86	0.78	0.82	0.82	0.86	0.72	0.76	0.76	0.82	0.76	0.84
18000	0.72	0.84	0.9	0.92	0.66	0.9	0.8	0.82	0.84	0.86	0.76	0.76	0.76	0.82	0.82	0.86
18050	0.74	0.86	0.88	0.86	0.66	0.84	0.78	0.76	0.84	0.84	0.76	0.82	0.78	0.8	0.82	0.82
18100	0.74	0.88	0.88	0.88	0.7	0.86	0.74	0.72	0.88	0.86	0.76	0.82	0.76	0.82	0.8	0.82
18150	0.8	0.88	0.9	0.88	0.76	0.88	0.82	0.7	0.88	0.82	0.78	0.84	0.76	0.82	0.84	0.82
18200	0.78	0.88	0.9	0.88	0.76	0.86	0.88	0.76	0.84	0.82	0.8	0.78	0.8	0.86	0.86	0.84
18250	0.82	0.86	0.88	0.9	0.74	0.86	0.88	0.78	0.86	0.82	0.86	0.78	0.82	0.86	0.84	0.8
18300	0.8	0.9	0.88	0.88	0.78	0.86	0.86	0.78	0.84	0.82	0.84	0.76	0.82	0.84	0.84	0.8
18350	0.74	0.88	0.88	0.86	0.76	0.86	0.82	0.76	0.82	0.76	0.8	0.76	0.78	0.82	0.78	0.82
18400	0.78	0.9	0.88	0.86	0.8	0.84	0.82	0.8	0.82	0.78	0.82	0.8	0.8	0.8	0.78	0.84
18450	0.76	0.92	0.84	0.84	0.82	0.84	0.84	0.8	0.8	0.82	0.84	0.8	0.84	0.78	0.76	0.84
18500	0.7	0.9	0.82	0.8	0.82	0.88	0.84	0.82	0.78	0.82	0.84	0.78	0.84	0.78	0.8	0.86
18550	0.66	0.88	0.82	0.78	0.78	0.9	0.82	0.76	0.82	0.8	0.84	0.82	0.82	0.78	0.8	0.86
18600	0.7	0.84	0.8	0.78	0.78	0.9	0.78	0.8	0.82	0.82	0.84	0.82	0.82	0.8	0.8	0.88
18650	0.72	0.86	0.82	0.82	0.8	0.9	0.8	0.8	0.82	0.82	0.84	0.82	0.82	0.8	0.8	0.86
18700	0.74	0.86	0.82	0.8	0.8	0.9	0.82	0.8	0.82	0.82	0.82	0.82	0.82	0.78	0.82	0.86
18750	0.74	0.86	0.84	0.78	0.82	0.9	0.84	0.8	0.86	0.84	0.82	0.8	0.82	0.84	0.88	0.88
18800	0.72	0.84	0.86	0.8	0.8	0.94	0.86	0.82	0.88	0.86	0.82	0.76	0.84	0.8	0.88	0.88
18850	0.72	0.82	0.86	0.82	0.84	0.92	0.86	0.82	0.88	0.82	0.86	0.8	0.84	0.84	0.84	0.86
18900	0.68	0.8	0.84	0.8	0.82	0.94	0.84	0.82	0.88	0.82	0.84	0.82	0.8	0.84	0.86	0.84
18950	0.7	0.8	0.86	0.82	0.84	0.94	0.82	0.86	0.86	0.8	0.86	0.82	0.88	0.78	0.86	0.8
19000	0.66	0.78	0.84	0.78	0.82	0.84	0.82	0.92	0.8	0.78	0.86	0.82	0.82	0.76	0.8	0.82
19050	0.66	0.78	0.86	0.76	0.8	0.86	0.84	0.9	0.82	0.78	0.88	0.86	0.84	0.8	0.8	0.82
19100	0.68	0.76	0.84	0.74	0.78	0.86	0.8	0.88	0.82	0.76	0.86	0.86	0.82	0.82	0.8	0.82
19150	0.64	0.78	0.82	0.74	0.78	0.86	0.8	0.86	0.78	0.78	0.86	0.88	0.78	0.82	0.82	0.84
19200	0.68	0.78	0.84	0.72	0.78	0.86	0.78	0.82	0.76	0.78	0.88	0.86	0.76	0.82	0.82	0.84
19250	0.68	0.84	0.88	0.72	0.76	0.82	0.78	0.82	0.74	0.8	0.84	0.86	0.74	0.76	0.82	0.84
19300	0.7	0.84	0.86	0.72	0.76	0.8	0.8	0.8	0.74	0.78	0.84	0.84	0.76	0.78	0.78	0.82
19350	0.76	0.84	0.84	0.74	0.76	0.78	0.8	0.78	0.74	0.8	0.84	0.84	0.74	0.78	0.76	0.84
19400	0.78	0.84	0.86	0.72	0.74	0.82	0.84	0.8	0.84	0.78	0.82	0.82	0.76	0.82	0.76	0.84
19450	0.74	0.84	0.86	0.76	0.8	0.86	0.88	0.82	0.78	0.8	0.78	0.84	0.78	0.82	0.78	0.86
19500	0.76	0.84	0.88	0.76	0.8	0.88	0.8	0.82	0.78	0.84	0.74	0.82	0.76	0.74	0.78	0.84
19550	0.76	0.82	0.88	0.76	0.76	0.86	0.8	0.82	0.74	0.84	0.72	0.8	0.72	0.72	0.8	0.84
19600	0.74	0.8	0.8	0.76	0.8	0.86	0.76	0.84	0.76	0.86	0.72	0.82	0.8	0.7	0.8	0.82
19650	0.76	0.84	0.74	0.76	0.82	0.88	0.78	0.86	0.78	0.9	0.72	0.78	0.8	0.74	0.8	0.86
19700	0.72	0.82	0.72	0.8	0.82	0.88	0.78	0.86	0.82	0.88	0.72	0.8	0.8	0.76	0.84	0.88
19750	0.78	0.82	0.7	0.78	0.8	0.92	0.8	0.9	0.8	0.9	0.72	0.82	0.76	0.72	0.86	0.88
19800	0.76	0.8	0.72	0.76	0.8	0.9	0.78	0.88	0.78	0.9	0.72	0.86	0.76	0.7	0.88	0.9
19850	0.76	0.8	0.72	0.76	0.86	0.88	0.74	0.88	0.82	0.9	0.72	0.88	0.76	0.68	0.88	0.92
19900	0.72	0.82	0.68	0.8	0.86	0.82	0.74	0.9	0.82	0.86	0.76	0.88	0.82	0.66	0.88	0.9
19950	0.7	0.78	0.7	0.78	0.86	0.82	0.76	0.92	0.78	0.8	0.78	0.92	0.82	0.74	0.84	0.9
20000	0.72	0.76	0.72	0.8	0.82	0.84	0.74	0.92	0.8	0.82	0.76	0.96	0.8	0.74	0.82	0.88
