0	0.0	0.0	0.0	0.0	0.0	0.0	0.0	0.0	0.0	0.0	0.0	0.0	0.0	0.0	0.0	0.0
50	0.2	0.0	0.0	0.0	0.2	0.0	0.666666666667	0.0	0.0	0.0	0.0	1.0	0.0	0.0	0.0	0.0
100	0.333333333333	0.333333333333	0.0	0.25	0.111111111111	0.25	0.75	0.0	0.0	0.25	0.4	1.0	0.0	0.0	0.714285714286	0.166666666667
150	0.4	0.5	0.0	0.428571428571	0.384615384615	0.333333333333	0.875	0.375	0.833333333333	0.333333333333	0.5	0.8	0.3	0.0	0.625	0.5
200	0.533333333333	0.75	0.0	0.5	0.5	0.538461538462	0.888888888889	0.454545454545	0.888888888889	0.5	0.636363636364	0.818181818182	0.533333333333	0.142857142857	0.8125	0.583333333333
250	0.611111111111	0.833333333333	0.111111111111	0.583333333333	0.555555555556	0.625	0.904761904762	0.5	0.923076923077	0.625	0.75	0.833333333333	0.5625	0.4	0.869565217391	0.6
300	0.681818181818	0.888888888889	0.2	0.705882352941	0.578947368421	0.666666666667	0.92	0.631578947368	0.941176470588	0.684210526316	0.764705882353	0.846153846154	0.588235294118	0.416666666667	0.884615384615	0.619047619048
350	0.72	0.9	0.304347826087	0.761904761905	0.636363636364	0.7	0.928571428571	0.681818181818	0.95	0.739130434783	0.8	0.882352941176	0.631578947368	0.533333333333	0.888888888889	0.678571428571
400	0.740740740741	0.913043478261	0.448275862069	0.782608695652	0.68	0.75	0.9375	0.708333333333	0.95652173913	0.76	0.833333333333	0.894736842105	0.65	0.611111111111	0.896551724138	0.742857142857
450	0.774193548387	0.925925925926	0.483870967742	0.785714285714	0.733333333333	0.777777777778	0.942857142857	0.730769230769	0.96	0.769230769231	0.851851851852	0.9	0.681818181818	0.695652173913	0.90625	0.75
500	0.794117647059	0.933333333333	0.527777777778	0.793103448276	0.757575757576	0.793103448276	0.944444444444	0.766666666667	0.967741935484	0.8125	0.875	0.904761904762	0.730769230769	0.708333333333	0.916666666667	0.756097560976
550	0.794117647059	0.941176470588	0.55	0.8	0.757575757576	0.806451612903	0.952380952381	0.787878787879	0.969696969697	0.823529411765	0.888888888889	0.913043478261	0.758620689655	0.766666666667	0.925	0.791666666667
600	0.810810810811	0.945945945946	0.590909090909	0.818181818182	0.764705882353	0.823529411765	0.95652173913	0.810810810811	0.971428571429	0.833333333333	0.897435897436	0.925925925926	0.78125	0.794117647059	0.931818181818	0.82
650	0.829268292683	0.948717948718	0.617021276596	0.823529411765	0.777777777778	0.853658536585	0.958333333333	0.833333333333	0.972972972973	0.846153846154	0.90243902439	0.931034482759	0.805555555556	0.794117647059	0.938775510204	0.9
700	0.840909090909	0.953488372093	0.64	0.846153846154	0.783783783784	0.853658536585	0.98	0.844444444444	0.975609756098	0.857142857143	0.909090909091	0.942857142857	0.815789473684	0.805555555556	0.98	0.9
750	0.844444444444	0.95652173913	0.72	0.853658536585	0.794871794872	0.857142857143	1.0	0.86	0.977272727273	0.866666666667	0.916666666667	0.945945945946	0.829268292683	0.825	1.0	0.9
800	0.854166666667	0.959183673469	0.8	0.869565217391	0.80487804878	0.860465116279	1.0	0.96	0.978723404255	0.9	0.92	0.95	0.844444444444	0.829268292683	1.0	0.92
850	0.88	1.0	0.82	0.875	0.813953488372	0.875	1.0	0.96	1.0	0.92	0.96	0.953488372093	0.857142857143	0.813953488372	1.0	0.96
900	0.9	1.0	0.84	0.9	0.822222222222	1.0	1.0	0.96	1.0	1.0	0.96	0.95652173913	0.88	0.826086956522	1.0	0.96
950	0.94	1.0	0.88	0.96	0.84	1.0	1.0	0.98	1.0	1.0	1.0	0.959183673469	0.94	0.829787234043	1.0	0.98
1000	0.98	1.0	0.96	0.96	0.88	1.0	1.0	1.0	1.0	1.0	1.0	0.98	0.98	0.86	0.96	0.98
1050	0.98	1.0	0.96	0.98	0.94	1.0	1.0	1.0	1.0	1.0	1.0	1.0	1.0	0.9	0.96	0.98
1100	1.0	1.0	0.96	0.98	1.0	1.0	1.0	1.0	1.0	1.0	1.0	1.0	1.0	0.96	0.96	0.98
1150	1.0	1.0	0.96	0.98	1.0	1.0	1.0	1.0	1.0	1.0	1.0	1.0	1.0	0.96	0.96	1.0
1200	1.0	1.0	0.96	0.96	1.0	1.0	0.98	1.0	1.0	1.0	1.0	1.0	1.0	0.98	0.96	1.0
1250	1.0	1.0	0.96	0.96	1.0	1.0	0.98	1.0	1.0	1.0	1.0	1.0	1.0	0.98	0.96	1.0
1300	1.0	1.0	0.98	0.96	1.0	1.0	0.96	1.0	1.0	1.0	1.0	1.0	1.0	0.98	0.96	1.0
1350	1.0	1.0	1.0	0.96	1.0	1.0	0.96	1.0	1.0	1.0	1.0	1.0	1.0	0.98	0.96	1.0
1400	1.0	1.0	1.0	0.98	1.0	1.0	0.96	1.0	1.0	1.0	1.0	1.0	1.0	0.98	0.96	1.0
1450	1.0	1.0	1.0	0.98	1.0	1.0	0.96	1.0	1.0	1.0	1.0	1.0	1.0	0.98	0.94	1.0
1500	1.0	1.0	1.0	0.98	1.0	1.0	0.96	1.0	1.0	1.0	1.0	1.0	1.0	0.96	0.94	1.0
1550	1.0	1.0	1.0	0.98	1.0	1.0	0.96	1.0	1.0	1.0	0.98	1.0	0.98	0.96	0.94	1.0
1600	1.0	1.0	1.0	0.98	1.0	1.0	0.94	1.0	1.0	1.0	0.96	1.0	0.98	0.96	0.92	1.0
1650	1.0	1.0	1.0	0.98	1.0	1.0	0.94	1.0	1.0	1.0	0.96	1.0	0.98	0.96	0.92	1.0
1700	1.0	1.0	1.0	0.96	1.0	1.0	0.92	1.0	1.0	1.0	0.94	1.0	0.98	0.94	0.96	1.0
1750	1.0	1.0	1.0	0.94	1.0	1.0	0.92	1.0	1.0	1.0	0.94	0.98	0.98	0.96	0.96	1.0
1800	1.0	0.98	1.0	0.94	1.0	1.0	0.92	1.0	1.0	0.98	0.94	0.98	0.98	0.96	0.96	1.0
1850	1.0	0.98	1.0	0.94	1.0	1.0	0.92	1.0	1.0	0.98	0.94	0.98	0.98	0.96	0.96	1.0
1900	1.0	0.98	1.0	0.96	1.0	1.0	0.92	1.0	1.0	0.98	0.94	0.98	0.98	0.96	0.96	1.0
1950	1.0	0.98	1.0	0.96	1.0	1.0	0.92	1.0	1.0	0.98	0.94	0.98	0.98	0.96	0.96	1.0
2000	1.0	0.98	1.0	0.96	1.0	0.98	0.92	1.0	1.0	0.98	0.94	0.98	0.98	0.96	0.96	1.0
2050	1.0	0.98	1.0	0.94	1.0	0.98	0.94	1.0	1.0	0.98	0.94	0.98	0.98	0.96	0.96	1.0
2100	1.0	0.98	1.0	0.92	1.0	0.98	0.96	1.0	1.0	0.98	0.94	0.98	0.98	0.96	0.96	1.0
2150	1.0	0.96	1.0	0.92	1.0	0.98	0.96	1.0	1.0	0.98	0.94	0.98	0.98	0.96	0.96	1.0
2200	1.0	0.96	1.0	0.94	1.0	0.98	0.94	1.0	1.0	0.98	0.94	0.98	0.98	0.96	0.96	1.0
2250	1.0	0.94	1.0	0.94	1.0	0.98	0.94	1.0	1.0	0.98	0.94	0.98	0.98	0.96	0.96	1.0
2300	1.0	0.94	1.0	0.94	1.0	0.98	0.96	1.0	1.0	0.98	0.94	0.98	0.98	0.96	0.96	1.0
2350	1.0	0.94	1.0	0.94	1.0	0.98	0.98	1.0	1.0	0.98	0.94	0.98	0.98	0.98	0.96	1.0
2400	1.0	0.94	1.0	0.92	1.0	0.98	0.96	0.98	1.0	0.98	0.92	0.98	1.0	0.98	0.96	1.0
2450	1.0	0.94	1.0	0.92	1.0	0.98	0.92	0.98	1.0	0.98	0.94	0.98	1.0	0.98	0.96	1.0
2500	1.0	0.96	1.0	0.92	1.0	0.98	0.92	0.98	1.0	0.98	0.96	0.98	1.0	0.98	0.96	1.0
2550	1.0	0.96	1.0	0.9	1.0	0.98	0.92	0.98	1.0	0.98	0.96	0.98	0.98	1.0	0.98	1.0
2600	1.0	0.96	1.0	0.88	1.0	0.98	0.9	0.98	1.0	1.0	0.96	0.98	0.98	1.0	1.0	1.0
2650	1.0	0.96	1.0	0.92	1.0	0.98	0.9	0.98	1.0	1.0	0.98	1.0	0.98	1.0	1.0	1.0
2700	1.0	0.96	1.0	0.92	1.0	0.98	0.9	0.98	1.0	1.0	0.98	1.0	0.98	1.0	1.0	1.0
2750	1.0	0.96	1.0	0.92	1.0	0.98	0.9	0.98	1.0	1.0	0.98	1.0	0.98	1.0	0.98	1.0
2800	1.0	0.96	1.0	0.92	1.0	0.98	0.9	0.96	1.0	1.0	0.98	1.0	0.98	1.0	0.98	1.0
2850	1.0	0.96	1.0	0.9	1.0	0.98	0.88	0.96	1.0	1.0	0.96	1.0	0.98	1.0	0.98	1.0
2900	1.0	0.96	1.0	0.9	1.0	0.98	0.88	0.96	1.0	1.0	0.96	1.0	0.98	1.0	0.98	1.0
2950	1.0	0.98	1.0	0.9	1.0	1.0	0.88	0.96	1.0	1.0	0.96	1.0	0.98	1.0	0.96	1.0
3000	1.0	0.98	1.0	0.9	1.0	1.0	0.88	0.96	1.0	1.0	0.96	1.0	0.98	1.0	0.96	1.0
3050	1.0	1.0	1.0	0.92	1.0	1.0	0.86	0.96	1.0	1.0	0.96	1.0	0.98	1.0	0.96	1.0
3100	1.0	1.0	1.0	0.92	1.0	1.0	0.86	0.96	1.0	1.0	0.96	1.0	0.98	1.0	0.96	1.0
3150	1.0	1.0	1.0	0.92	1.0	1.0	0.88	0.96	1.0	1.0	0.98	1.0	0.98	0.98	0.96	1.0
3200	1.0	1.0	1.0	0.94	1.0	1.0	0.9	0.98	1.0	0.98	0.98	1.0	0.98	0.98	0.96	1.0
3250	1.0	1.0	0.98	0.94	1.0	1.0	0.9	0.98	1.0	0.98	0.98	1.0	0.96	0.98	0.96	1.0
3300	1.0	1.0	0.98	0.96	1.0	1.0	0.9	0.98	1.0	0.98	0.98	1.0	0.96	0.98	0.96	1.0
3350	1.0	1.0	0.98	0.96	1.0	1.0	0.92	0.98	1.0	0.98	0.98	1.0	0.98	0.98	0.96	1.0
3400	1.0	1.0	0.98	0.96	1.0	1.0	0.92	0.98	1.0	0.98	0.98	1.0	0.98	0.98	0.96	1.0
3450	1.0	1.0	0.98	0.96	1.0	1.0	0.92	0.98	1.0	0.98	0.98	1.0	0.98	0.98	0.96	1.0
3500	1.0	1.0	0.98	0.96	1.0	1.0	0.92	1.0	1.0	0.98	0.98	1.0	0.98	0.96	0.96	1.0
3550	1.0	1.0	0.98	0.96	1.0	1.0	0.94	1.0	1.0	0.98	0.98	1.0	0.98	0.96	0.96	1.0
3600	1.0	1.0	0.98	0.96	1.0	1.0	0.96	1.0	1.0	0.98	0.98	1.0	0.98	0.96	0.96	1.0
3650	1.0	1.0	0.98	0.98	1.0	1.0	0.94	1.0	1.0	0.98	1.0	1.0	0.98	0.96	0.98	1.0
3700	1.0	1.0	0.98	1.0	1.0	1.0	0.96	1.0	1.0	0.98	1.0	1.0	0.98	0.96	0.98	1.0
3750	1.0	1.0	0.98	1.0	1.0	1.0	0.96	1.0	1.0	0.98	1.0	0.98	0.98	0.96	1.0	1.0
3800	1.0	1.0	0.98	1.0	1.0	1.0	0.96	1.0	0.98	0.98	1.0	0.98	0.96	0.96	1.0	1.0
3850	1.0	1.0	0.98	1.0	1.0	1.0	0.96	1.0	0.98	1.0	1.0	0.98	0.96	0.98	1.0	1.0
3900	1.0	1.0	0.98	1.0	1.0	1.0	0.96	1.0	0.98	1.0	0.98	0.98	0.96	0.98	1.0	1.0
3950	1.0	1.0	0.98	1.0	1.0	1.0	0.96	1.0	0.98	1.0	0.98	0.98	0.96	0.98	1.0	1.0
4000	1.0	1.0	0.98	1.0	1.0	1.0	0.94	1.0	0.98	1.0	0.98	0.98	0.96	0.98	1.0	1.0
4050	1.0	1.0	0.98	1.0	1.0	1.0	0.94	1.0	0.98	1.0	0.98	0.96	0.96	0.98	1.0	1.0
4100	1.0	1.0	1.0	1.0	1.0	1.0	0.94	1.0	0.98	1.0	0.98	0.96	0.96	0.98	1.0	1.0
4150	1.0	1.0	1.0	0.98	1.0	1.0	0.94	1.0	0.98	1.0	0.98	0.96	0.98	0.98	1.0	1.0
4200	1.0	1.0	1.0	0.98	1.0	1.0	0.94	1.0	0.98	1.0	0.98	0.96	0.98	0.98	1.0	1.0
4250	1.0	1.0	1.0	0.98	1.0	1.0	0.94	1.0	0.98	1.0	0.98	0.96	0.98	0.98	1.0	1.0
4300	1.0	1.0	1.0	0.98	1.0	1.0	0.94	1.0	0.98	1.0	0.98	0.96	0.98	1.0	1.0	1.0
4350	1.0	1.0	1.0	0.98	1.0	1.0	0.92	1.0	0.98	1.0	0.98	0.96	0.98	1.0	1.0	1.0
4400	0.98	1.0	1.0	0.98	1.0	1.0	0.92	1.0	0.98	1.0	0.98	0.96	0.96	1.0	1.0	1.0
4450	0.98	1.0	1.0	0.94	1.0	1.0	0.92	1.0	0.98	1.0	0.98	0.96	0.96	1.0	1.0	1.0
4500	0.98	1.0	1.0	0.94	1.0	1.0	0.92	1.0	1.0	1.0	1.0	0.98	0.96	1.0	1.0	1.0
4550	0.98	1.0	0.98	0.94	1.0	1.0	0.92	1.0	1.0	1.0	1.0	0.98	0.96	1.0	1.0	1.0
4600	0.98	1.0	0.98	0.94	1.0	1.0	0.92	0.98	1.0	1.0	1.0	0.98	0.98	1.0	1.0	1.0
4650	0.98	1.0	0.98	0.94	1.0	1.0	0.94	0.98	1.0	1.0	1.0	0.98	0.98	1.0	1.0	1.0
4700	0.98	1.0	0.98	0.94	1.0	1.0	0.94	0.96	1.0	1.0	1.0	0.98	0.98	1.0	1.0	1.0
4750	0.98	1.0	0.98	0.94	1.0	1.0	0.96	0.96	1.0	1.0	1.0	0.96	0.98	1.0	0.98	1.0
4800	0.98	1.0	0.98	0.94	1.0	1.0	0.96	0.96	1.0	1.0	1.0	0.96	0.98	1.0	0.98	1.0
4850	0.98	1.0	0.98	0.96	1.0	1.0	0.96	0.96	1.0	1.0	0.98	0.96	0.98	1.0	0.98	1.0
4900	0.98	1.0	0.98	0.96	1.0	1.0	0.96	0.96	1.0	1.0	0.98	0.98	0.98	1.0	0.98	1.0
4950	0.98	1.0	0.98	0.96	1.0	1.0	0.94	0.96	1.0	1.0	0.98	0.96	0.98	1.0	0.98	1.0
5000	0.98	1.0	0.98	0.96	1.0	1.0	0.94	0.96	1.0	1.0	0.98	0.96	0.98	0.98	0.98	1.0
5050	0.98	1.0	0.98	0.98	1.0	1.0	0.94	0.94	1.0	1.0	0.98	0.96	0.98	0.98	0.98	1.0
5100	0.98	1.0	0.98	0.98	1.0	1.0	0.92	0.94	1.0	1.0	0.98	0.96	0.98	0.98	0.98	1.0
5150	1.0	1.0	1.0	0.98	1.0	1.0	0.92	0.94	1.0	1.0	0.98	0.94	0.98	0.98	0.98	1.0
5200	1.0	1.0	1.0	0.98	1.0	1.0	0.94	0.94	1.0	1.0	0.98	0.94	0.98	0.98	0.98	1.0
5250	1.0	1.0	1.0	0.98	1.0	1.0	0.94	0.94	1.0	1.0	0.98	0.94	0.98	0.98	0.98	1.0
5300	1.0	1.0	1.0	0.98	1.0	1.0	0.94	0.92	1.0	1.0	0.98	0.94	0.98	0.98	0.98	1.0
5350	1.0	1.0	1.0	0.98	1.0	1.0	0.94	0.94	1.0	1.0	0.96	0.94	0.98	0.96	1.0	0.98
5400	1.0	1.0	1.0	0.98	1.0	1.0	0.94	0.94	1.0	1.0	0.96	0.94	1.0	0.96	1.0	0.98
5450	1.0	1.0	1.0	0.98	1.0	1.0	0.94	0.94	1.0	1.0	0.98	0.94	1.0	0.96	1.0	0.96
5500	1.0	1.0	1.0	0.98	1.0	1.0	0.94	0.94	1.0	1.0	0.98	0.94	1.0	0.96	1.0	0.96
5550	1.0	0.98	1.0	0.98	1.0	1.0	0.94	0.96	1.0	1.0	0.98	0.96	1.0	0.96	1.0	0.96
5600	1.0	0.96	1.0	0.98	1.0	1.0	0.94	0.96	1.0	1.0	0.98	0.96	1.0	0.96	1.0	0.96
5650	1.0	0.96	1.0	0.98	1.0	1.0	0.92	0.96	1.0	1.0	0.98	0.96	1.0	0.96	1.0	0.96
5700	1.0	0.96	1.0	0.98	1.0	1.0	0.94	0.96	1.0	0.98	0.98	0.98	1.0	0.98	1.0	0.96
5750	1.0	0.96	1.0	0.98	1.0	1.0	0.94	0.96	1.0	0.98	0.98	0.98	1.0	0.98	1.0	0.96
5800	1.0	0.96	1.0	0.98	1.0	1.0	0.96	0.96	1.0	0.96	0.98	0.98	1.0	0.98	1.0	0.96
5850	1.0	0.96	1.0	1.0	1.0	1.0	0.98	0.96	1.0	0.96	0.98	0.98	1.0	0.98	1.0	0.96
5900	1.0	0.96	1.0	1.0	1.0	1.0	0.98	0.96	1.0	0.96	0.98	0.98	1.0	0.98	1.0	0.96
5950	1.0	0.96	1.0	1.0	1.0	1.0	0.98	0.96	1.0	0.96	0.98	1.0	1.0	0.98	0.98	0.96
6000	1.0	0.96	1.0	1.0	1.0	1.0	0.98	0.94	1.0	0.96	1.0	1.0	1.0	1.0	0.98	0.96
6050	1.0	0.96	1.0	1.0	1.0	1.0	0.98	0.94	1.0	0.96	1.0	1.0	0.98	1.0	0.98	0.96
6100	1.0	0.96	1.0	1.0	1.0	1.0	0.98	0.94	1.0	0.96	1.0	1.0	0.98	1.0	0.98	0.96
6150	1.0	0.96	1.0	1.0	1.0	1.0	0.96	0.96	1.0	0.96	1.0	1.0	0.98	1.0	0.98	0.98
6200	1.0	0.96	1.0	1.0	1.0	1.0	0.96	0.94	1.0	0.94	1.0	1.0	0.96	1.0	0.98	0.98
6250	1.0	0.98	1.0	1.0	1.0	1.0	0.96	0.94	1.0	0.94	1.0	1.0	0.96	1.0	0.98	1.0
6300	1.0	1.0	1.0	1.0	1.0	1.0	0.96	0.94	1.0	0.94	1.0	1.0	0.96	1.0	0.98	1.0
6350	1.0	1.0	1.0	1.0	1.0	1.0	0.96	0.94	1.0	0.94	1.0	1.0	0.96	1.0	0.96	0.98
6400	1.0	1.0	1.0	1.0	1.0	1.0	0.96	0.96	1.0	0.94	1.0	1.0	0.96	1.0	0.96	0.98
6450	1.0	1.0	1.0	1.0	1.0	1.0	0.98	0.96	1.0	0.96	1.0	1.0	0.96	1.0	0.96	0.98
6500	1.0	1.0	1.0	1.0	1.0	1.0	0.98	0.96	1.0	0.96	1.0	1.0	0.96	0.98	0.96	0.98
6550	1.0	1.0	1.0	1.0	1.0	1.0	0.98	0.96	1.0	0.96	1.0	1.0	0.96	0.98	0.96	0.98
6600	1.0	1.0	1.0	1.0	1.0	1.0	0.98	0.96	1.0	0.98	1.0	0.96	0.96	0.98	0.96	0.98
6650	1.0	1.0	1.0	1.0	1.0	1.0	0.98	0.96	1.0	0.98	1.0	0.96	0.96	0.98	0.96	0.98
6700	1.0	1.0	1.0	1.0	1.0	1.0	0.98	0.96	1.0	0.98	0.98	0.96	0.96	0.98	0.96	0.98
6750	1.0	1.0	1.0	1.0	1.0	1.0	0.98	0.96	1.0	0.98	0.98	0.96	0.98	0.98	0.96	0.98
6800	1.0	1.0	1.0	1.0	1.0	1.0	0.98	0.98	1.0	0.98	0.96	0.96	0.98	0.98	0.96	0.98
6850	1.0	1.0	1.0	1.0	1.0	1.0	0.98	0.98	1.0	0.98	0.96	0.96	1.0	0.98	0.98	0.98
6900	1.0	1.0	1.0	1.0	1.0	1.0	0.98	0.98	1.0	0.98	0.94	0.96	1.0	0.98	0.98	0.98
6950	1.0	1.0	1.0	1.0	1.0	1.0	0.98	0.98	1.0	0.98	0.94	0.96	1.0	0.98	0.96	0.98
7000	1.0	1.0	1.0	1.0	1.0	1.0	0.98	0.98	1.0	0.98	0.94	0.96	1.0	0.98	0.96	1.0
7050	1.0	1.0	1.0	1.0	1.0	1.0	0.98	1.0	1.0	0.98	0.92	0.96	1.0	0.98	0.96	1.0
7100	1.0	1.0	1.0	1.0	1.0	1.0	0.98	1.0	1.0	0.98	0.92	0.96	1.0	0.98	0.94	1.0
7150	1.0	1.0	0.98	1.0	1.0	1.0	0.98	1.0	1.0	1.0	0.92	0.96	1.0	0.98	0.96	1.0
7200	1.0	1.0	0.96	1.0	1.0	1.0	0.98	1.0	1.0	1.0	0.92	0.96	1.0	0.98	0.96	1.0
7250	1.0	1.0	0.96	1.0	1.0	1.0	0.98	0.98	1.0	1.0	0.92	1.0	1.0	0.98	0.96	1.0
7300	1.0	1.0	0.94	1.0	1.0	1.0	0.98	0.98	1.0	1.0	0.9	1.0	1.0	0.98	0.96	1.0
7350	1.0	1.0	0.94	1.0	1.0	0.98	0.98	0.98	1.0	1.0	0.9	0.98	1.0	0.98	0.96	1.0
7400	1.0	1.0	0.94	1.0	1.0	0.98	0.98	0.98	1.0	1.0	0.92	0.98	1.0	0.98	0.96	1.0
7450	1.0	1.0	0.94	1.0	1.0	0.98	0.98	0.98	1.0	1.0	0.92	0.98	1.0	0.98	0.96	1.0
7500	1.0	0.98	0.94	1.0	1.0	0.98	0.98	0.98	1.0	1.0	0.9	0.98	1.0	1.0	0.96	1.0
7550	1.0	0.98	0.94	1.0	1.0	0.98	0.98	0.96	1.0	1.0	0.92	0.98	1.0	0.98	0.96	1.0
7600	1.0	0.98	0.94	1.0	1.0	0.98	1.0	0.96	1.0	1.0	0.92	0.98	1.0	0.98	0.96	1.0
7650	1.0	0.98	0.94	1.0	1.0	0.96	1.0	0.96	1.0	1.0	0.92	0.98	1.0	0.96	0.96	1.0
7700	1.0	0.98	0.92	1.0	1.0	0.96	1.0	0.96	1.0	1.0	0.94	0.96	1.0	0.96	0.96	1.0
7750	1.0	0.96	0.92	1.0	1.0	0.96	1.0	0.96	1.0	1.0	0.92	0.96	1.0	0.96	0.96	1.0
7800	1.0	0.94	0.92	1.0	1.0	0.94	1.0	0.96	1.0	1.0	0.92	0.96	1.0	0.96	0.98	1.0
7850	1.0	0.94	0.92	1.0	1.0	0.94	1.0	0.96	1.0	1.0	0.94	0.96	1.0	0.96	0.98	0.98
7900	1.0	0.92	0.92	1.0	1.0	0.94	1.0	0.96	1.0	1.0	0.94	0.96	1.0	0.96	1.0	0.98
7950	1.0	0.92	0.92	1.0	1.0	0.94	1.0	0.96	1.0	1.0	0.94	0.96	1.0	0.96	1.0	0.98
8000	0.98	0.92	0.92	1.0	1.0	0.94	1.0	0.96	1.0	1.0	0.94	0.98	1.0	0.96	1.0	0.98
8050	0.98	0.92	0.94	1.0	1.0	0.94	1.0	0.96	1.0	1.0	0.94	0.98	1.0	0.96	1.0	0.98
8100	0.98	0.92	0.98	1.0	1.0	0.96	1.0	0.96	1.0	1.0	0.96	0.98	1.0	0.96	1.0	0.98
8150	0.98	0.92	0.98	1.0	1.0	0.96	0.98	0.94	1.0	1.0	0.96	0.98	1.0	0.96	1.0	0.98
8200	0.98	0.92	0.96	1.0	1.0	0.96	0.96	0.94	1.0	1.0	0.96	0.98	1.0	0.96	1.0	0.98
8250	0.98	0.92	0.96	1.0	1.0	0.96	0.94	0.94	1.0	1.0	0.98	0.98	0.96	0.96	1.0	0.98
8300	0.98	0.92	0.96	1.0	1.0	0.96	0.94	0.96	1.0	1.0	0.98	0.98	0.96	0.98	1.0	0.98
8350	0.98	0.94	0.96	1.0	1.0	0.96	0.94	0.96	1.0	1.0	0.98	0.98	0.96	1.0	0.98	0.98
8400	0.98	0.94	0.96	1.0	1.0	0.98	0.94	0.96	1.0	1.0	0.98	1.0	0.96	1.0	0.98	0.98
8450	0.98	0.94	0.96	1.0	1.0	0.98	0.92	0.96	1.0	1.0	0.98	1.0	0.96	1.0	0.98	0.98
8500	0.98	0.94	0.96	1.0	1.0	0.98	0.9	0.96	1.0	1.0	1.0	1.0	0.96	1.0	0.98	0.98
8550	0.98	0.98	0.98	1.0	1.0	1.0	0.9	0.98	1.0	1.0	1.0	1.0	0.96	1.0	0.98	0.98
8600	0.98	0.98	0.98	1.0	1.0	1.0	0.9	0.98	1.0	1.0	1.0	0.98	0.96	1.0	0.98	0.98
8650	0.98	0.98	0.98	1.0	1.0	1.0	0.88	0.98	1.0	1.0	1.0	0.98	0.96	1.0	0.98	1.0
8700	0.98	1.0	0.98	1.0	1.0	1.0	0.88	0.98	1.0	1.0	1.0	0.98	0.96	1.0	0.98	1.0
8750	0.98	1.0	0.98	1.0	1.0	1.0	0.88	0.98	1.0	1.0	1.0	0.98	0.96	1.0	0.98	1.0
8800	0.98	1.0	0.98	1.0	1.0	1.0	0.88	0.98	1.0	1.0	1.0	0.98	0.96	1.0	0.98	1.0
8850	0.98	1.0	0.98	1.0	1.0	1.0	0.88	0.98	1.0	1.0	1.0	0.96	0.96	1.0	0.98	1.0
8900	0.98	1.0	0.98	1.0	1.0	1.0	0.9	0.98	1.0	1.0	1.0	0.96	0.96	0.98	0.96	1.0
8950	1.0	1.0	0.96	1.0	1.0	1.0	0.9	0.98	1.0	1.0	1.0	0.96	1.0	0.96	0.96	1.0
9000	1.0	1.0	0.98	1.0	1.0	1.0	0.9	1.0	1.0	1.0	1.0	0.96	1.0	0.96	0.96	1.0
9050	1.0	1.0	0.96	1.0	1.0	1.0	0.9	1.0	1.0	1.0	1.0	0.96	1.0	0.96	0.96	1.0
9100	1.0	0.98	0.96	1.0	1.0	1.0	0.9	1.0	1.0	1.0	1.0	0.96	1.0	0.96	0.96	1.0
9150	1.0	0.98	0.96	1.0	1.0	1.0	0.9	1.0	1.0	0.98	1.0	0.96	1.0	0.96	0.98	1.0
9200	1.0	0.98	0.96	1.0	1.0	1.0	0.9	1.0	1.0	0.98	1.0	0.96	1.0	0.96	0.98	1.0
9250	1.0	0.98	0.96	1.0	1.0	1.0	0.92	1.0	1.0	0.98	1.0	0.96	1.0	0.96	0.98	1.0
9300	1.0	0.98	0.96	1.0	1.0	1.0	0.94	1.0	0.98	0.98	1.0	0.96	1.0	0.96	0.98	1.0
9350	1.0	0.98	0.96	1.0	1.0	1.0	0.94	1.0	0.98	0.98	1.0	0.96	1.0	0.96	0.98	1.0
9400	1.0	0.96	0.96	1.0	1.0	1.0	0.94	1.0	0.96	0.98	1.0	0.94	1.0	0.96	0.98	1.0
9450	1.0	0.96	0.96	1.0	1.0	0.98	0.94	1.0	0.96	0.98	1.0	0.94	1.0	0.96	0.98	1.0
9500	1.0	0.96	0.96	1.0	1.0	0.98	0.92	1.0	0.96	0.98	1.0	0.94	1.0	0.96	0.98	1.0
9550	1.0	0.96	0.96	1.0	1.0	0.98	0.92	1.0	0.96	0.98	1.0	0.96	1.0	0.94	1.0	1.0
9600	1.0	0.96	0.96	1.0	1.0	0.98	0.92	0.98	0.96	0.98	1.0	0.96	1.0	0.94	1.0	1.0
9650	1.0	0.96	0.98	1.0	1.0	0.98	0.92	0.98	0.96	0.98	1.0	0.96	1.0	0.96	1.0	1.0
9700	1.0	0.96	0.98	1.0	1.0	0.98	0.94	0.98	0.96	0.98	1.0	0.96	1.0	0.98	1.0	1.0
9750	1.0	0.96	1.0	1.0	1.0	0.98	0.94	0.98	0.96	0.98	1.0	0.96	1.0	0.98	1.0	1.0
9800	1.0	0.96	1.0	1.0	1.0	0.98	0.96	0.98	0.96	0.98	1.0	0.96	1.0	0.98	1.0	1.0
9850	1.0	0.96	1.0	1.0	1.0	0.98	0.96	0.98	0.96	1.0	1.0	0.98	1.0	0.98	1.0	1.0
9900	1.0	0.96	1.0	1.0	1.0	0.98	0.96	0.98	0.96	1.0	1.0	0.98	1.0	0.98	1.0	1.0
9950	1.0	0.96	1.0	1.0	1.0	0.94	0.96	0.98	0.96	1.0	1.0	0.98	1.0	0.98	1.0	1.0
10000	1.0	0.96	1.0	1.0	1.0	0.94	0.96	0.98	0.96	1.0	1.0	0.98	1.0	0.98	1.0	1.0
10050	1.0	0.98	1.0	1.0	1.0	0.96	0.96	0.98	0.96	1.0	1.0	0.98	1.0	0.96	1.0	1.0
10100	1.0	0.98	1.0	1.0	1.0	0.96	0.96	0.98	0.96	1.0	1.0	1.0	1.0	0.94	1.0	1.0
10150	1.0	0.98	1.0	1.0	1.0	0.96	0.96	0.98	1.0	1.0	1.0	1.0	1.0	0.94	1.0	1.0
10200	1.0	1.0	1.0	1.0	1.0	0.96	0.96	0.98	1.0	1.0	1.0	1.0	0.98	0.94	1.0	1.0
10250	1.0	1.0	1.0	1.0	1.0	0.94	0.96	0.98	1.0	1.0	1.0	1.0	0.98	0.96	1.0	1.0
10300	1.0	1.0	1.0	1.0	1.0	0.94	0.96	0.98	1.0	1.0	1.0	1.0	0.98	0.96	0.98	1.0
10350	1.0	0.98	1.0	1.0	1.0	0.94	0.98	0.98	1.0	1.0	1.0	1.0	0.98	0.96	0.98	1.0
10400	1.0	0.98	1.0	1.0	1.0	0.94	0.98	1.0	1.0	1.0	1.0	1.0	0.98	0.96	0.98	1.0
10450	1.0	0.98	1.0	1.0	1.0	0.98	1.0	1.0	1.0	1.0	1.0	1.0	0.98	0.96	0.98	1.0
10500	1.0	0.96	1.0	1.0	0.98	0.96	1.0	1.0	1.0	1.0	1.0	1.0	0.98	0.96	0.98	1.0
10550	1.0	0.96	1.0	1.0	0.98	0.96	1.0	1.0	1.0	1.0	1.0	1.0	0.98	0.94	0.98	1.0
10600	1.0	0.96	1.0	1.0	0.98	0.96	0.98	0.98	1.0	1.0	1.0	1.0	0.98	0.94	0.98	1.0
10650	1.0	0.94	1.0	1.0	0.98	0.96	0.96	0.98	1.0	1.0	1.0	0.98	0.98	0.94	0.98	1.0
10700	1.0	0.94	1.0	1.0	0.98	0.96	0.96	0.98	1.0	1.0	1.0	0.98	0.98	0.94	0.98	1.0
10750	1.0	0.94	1.0	1.0	0.98	0.96	0.96	0.98	0.98	1.0	1.0	0.98	0.98	0.96	0.98	1.0
10800	1.0	0.94	1.0	1.0	0.98	0.96	0.96	0.98	0.96	1.0	1.0	0.98	0.98	0.98	0.98	1.0
10850	1.0	0.94	1.0	1.0	0.98	0.96	0.96	0.98	0.96	1.0	1.0	0.96	1.0	0.98	1.0	1.0
10900	0.96	0.94	1.0	1.0	0.98	0.96	0.96	0.98	0.96	1.0	1.0	0.96	1.0	0.98	1.0	1.0
10950	0.96	0.94	1.0	1.0	0.98	0.96	0.96	0.98	0.96	1.0	1.0	0.96	1.0	0.98	1.0	1.0
11000	0.96	0.96	1.0	1.0	0.98	0.96	0.96	0.98	0.96	1.0	1.0	0.96	1.0	0.98	1.0	1.0
11050	0.96	0.96	1.0	1.0	1.0	0.96	0.96	0.98	0.96	1.0	1.0	0.96	1.0	0.98	1.0	1.0
11100	0.96	0.96	1.0	1.0	1.0	0.94	0.96	0.96	0.96	1.0	1.0	0.96	1.0	0.96	1.0	1.0
11150	0.94	0.96	1.0	1.0	1.0	0.92	0.96	0.96	0.96	1.0	1.0	0.96	1.0	0.96	1.0	1.0
11200	0.94	0.98	1.0	1.0	1.0	0.9	0.96	0.96	0.94	1.0	1.0	0.96	1.0	0.98	1.0	1.0
11250	0.94	0.98	1.0	1.0	1.0	0.9	0.98	0.96	0.94	1.0	1.0	0.96	1.0	0.98	1.0	1.0
11300	0.94	0.98	1.0	1.0	1.0	0.9	1.0	0.96	0.94	1.0	1.0	0.98	1.0	0.98	1.0	1.0
11350	0.94	0.98	1.0	1.0	1.0	0.92	1.0	0.96	0.96	1.0	1.0	0.98	1.0	0.98	1.0	1.0
11400	0.94	0.98	1.0	1.0	1.0	0.92	1.0	0.96	0.96	1.0	1.0	0.98	1.0	0.98	0.98	1.0
11450	0.94	0.98	1.0	1.0	1.0	0.92	1.0	0.96	0.98	1.0	1.0	0.98	1.0	0.98	0.98	1.0
11500	0.94	0.98	1.0	1.0	1.0	0.92	1.0	0.96	0.98	1.0	1.0	1.0	1.0	0.98	0.98	1.0
11550	0.94	0.98	1.0	1.0	1.0	0.92	1.0	0.96	0.98	1.0	1.0	1.0	0.98	0.98	0.98	1.0
11600	0.98	0.98	1.0	1.0	1.0	0.94	0.98	0.96	0.98	1.0	1.0	1.0	0.96	0.98	0.98	1.0
11650	0.98	1.0	1.0	1.0	1.0	0.94	0.98	0.96	0.98	1.0	1.0	1.0	0.96	0.98	0.98	1.0
11700	0.98	1.0	1.0	1.0	1.0	0.96	0.98	0.96	0.98	1.0	1.0	1.0	0.96	0.98	0.98	1.0
11750	0.98	1.0	1.0	1.0	1.0	0.98	0.98	0.96	0.98	1.0	1.0	1.0	0.96	0.98	0.98	1.0
11800	1.0	1.0	1.0	1.0	1.0	0.98	0.98	0.94	0.98	1.0	1.0	1.0	0.96	1.0	0.98	1.0
11850	1.0	1.0	1.0	1.0	1.0	0.98	0.98	0.94	0.98	1.0	1.0	1.0	0.96	1.0	0.98	1.0
11900	1.0	1.0	1.0	0.98	1.0	0.98	0.98	0.98	1.0	1.0	1.0	1.0	0.96	1.0	0.96	1.0
11950	1.0	0.98	0.98	0.98	1.0	0.98	0.96	0.96	1.0	1.0	1.0	1.0	0.96	1.0	0.96	1.0
12000	1.0	0.98	0.98	0.98	1.0	0.98	0.96	0.96	1.0	1.0	1.0	1.0	0.96	1.0	0.96	1.0
12050	1.0	0.98	0.98	0.98	1.0	0.98	0.94	0.96	1.0	1.0	1.0	1.0	0.94	1.0	0.98	1.0
12100	1.0	0.98	0.98	0.98	1.0	0.98	0.94	0.94	1.0	1.0	1.0	0.98	0.94	1.0	0.98	1.0
12150	1.0	0.98	0.98	0.98	1.0	0.98	0.94	0.94	1.0	1.0	1.0	0.98	0.94	1.0	0.98	1.0
12200	1.0	0.98	0.98	0.98	1.0	0.98	0.94	0.92	1.0	1.0	1.0	0.98	0.94	1.0	0.98	1.0
12250	1.0	0.98	0.98	0.98	1.0	0.98	0.96	0.9	1.0	1.0	1.0	0.98	0.94	1.0	0.98	1.0
12300	1.0	0.98	0.98	0.98	1.0	0.98	0.96	0.92	0.98	1.0	1.0	0.96	0.96	1.0	0.98	1.0
12350	1.0	0.98	0.98	0.98	1.0	0.98	0.96	0.92	0.98	1.0	0.98	0.96	0.98	1.0	0.98	1.0
12400	1.0	0.98	0.98	0.98	1.0	0.98	0.96	0.92	0.98	1.0	0.98	0.94	0.98	1.0	0.98	1.0
12450	1.0	0.98	0.98	0.96	1.0	0.98	0.96	0.92	0.98	1.0	0.98	0.94	0.98	1.0	0.98	1.0
12500	1.0	0.98	0.98	0.96	1.0	0.98	0.96	0.92	0.96	1.0	0.98	0.94	0.98	1.0	0.98	1.0
12550	1.0	0.98	0.98	0.96	1.0	0.98	0.96	0.94	0.96	1.0	0.98	0.94	0.98	1.0	0.98	0.98
12600	1.0	0.98	0.98	0.98	1.0	0.98	0.96	0.94	0.96	1.0	0.96	0.94	0.98	1.0	0.98	0.98
12650	1.0	1.0	0.98	0.98	1.0	0.98	0.98	0.94	0.96	1.0	0.96	0.94	0.98	1.0	1.0	0.98
12700	0.98	1.0	0.98	0.98	1.0	0.98	0.98	0.94	0.96	1.0	0.96	0.94	0.98	1.0	1.0	0.98
12750	0.98	1.0	0.98	0.98	1.0	0.98	1.0	0.94	0.96	1.0	0.96	0.94	0.94	1.0	1.0	0.98
12800	0.98	1.0	0.98	0.98	1.0	0.98	0.98	0.96	0.94	1.0	0.96	0.94	0.96	1.0	1.0	0.98
12850	0.98	0.98	0.98	0.98	1.0	0.98	0.98	0.96	0.94	1.0	0.96	0.94	0.96	1.0	1.0	0.98
12900	0.98	0.98	1.0	0.98	0.98	0.98	0.98	0.98	0.96	1.0	0.96	0.94	0.96	1.0	1.0	0.98
12950	0.98	0.98	1.0	0.98	0.98	0.98	0.98	1.0	0.96	1.0	0.96	0.96	0.96	1.0	1.0	0.98
13000	0.98	0.98	1.0	0.98	0.98	0.98	0.98	1.0	0.96	1.0	0.96	0.96	0.96	1.0	1.0	0.96
13050	0.98	0.98	1.0	0.98	0.98	0.98	0.94	1.0	0.96	1.0	0.96	0.96	0.96	1.0	1.0	0.96
13100	0.98	0.98	1.0	0.98	0.98	0.98	0.94	1.0	0.96	1.0	0.98	0.98	0.96	0.98	1.0	0.96
13150	0.98	0.98	1.0	0.98	0.98	0.98	0.94	1.0	0.96	1.0	0.98	0.98	0.96	0.98	0.98	0.96
13200	1.0	0.98	1.0	0.96	0.98	0.98	0.94	1.0	0.96	1.0	0.98	1.0	0.96	0.98	0.96	0.96
13250	1.0	0.98	1.0	0.96	0.98	1.0	0.92	1.0	0.96	1.0	0.98	1.0	0.96	0.98	0.96	0.96
13300	1.0	0.98	0.98	0.98	0.98	1.0	0.92	1.0	0.98	1.0	1.0	0.98	0.98	0.98	0.96	0.98
13350	1.0	0.98	0.98	0.98	0.98	1.0	0.9	1.0	0.98	1.0	1.0	0.98	1.0	0.98	0.96	0.98
13400	1.0	0.98	0.98	0.98	0.98	1.0	0.9	1.0	0.98	1.0	1.0	0.98	0.98	0.98	0.96	0.98
13450	1.0	0.98	0.98	0.98	0.98	0.98	0.9	1.0	0.98	1.0	1.0	0.98	0.98	0.96	0.96	0.98
13500	1.0	0.98	0.98	0.98	0.98	0.98	0.92	1.0	0.96	1.0	1.0	0.98	0.98	0.96	0.96	0.98
13550	1.0	0.98	0.96	0.98	0.98	0.98	0.92	1.0	0.96	0.98	1.0	0.98	0.98	0.96	0.96	0.98
13600	1.0	0.98	0.94	0.98	0.98	0.98	0.9	1.0	0.96	0.98	1.0	0.98	0.98	0.96	0.94	0.98
13650	1.0	0.98	0.94	0.98	0.98	0.98	0.9	1.0	0.96	0.98	0.98	0.96	0.98	0.96	0.94	0.98
13700	1.0	0.98	0.94	0.98	0.98	0.98	0.9	1.0	0.98	0.98	0.94	0.96	0.98	0.96	0.96	1.0
13750	0.98	0.98	0.94	0.98	1.0	0.98	0.9	1.0	0.98	0.98	0.94	0.96	0.98	0.96	0.98	1.0
13800	0.98	0.98	0.94	0.98	1.0	0.98	0.9	1.0	0.98	0.98	0.94	0.96	0.96	0.98	0.98	1.0
13850	0.98	0.98	0.94	0.98	1.0	0.98	0.94	1.0	0.98	0.98	0.94	0.96	0.96	0.98	0.98	1.0
13900	0.98	0.98	0.94	0.98	1.0	0.96	0.94	1.0	0.98	0.98	0.94	0.96	0.96	0.98	0.98	1.0
13950	0.98	0.96	0.94	0.96	1.0	0.96	0.94	1.0	0.98	0.98	0.94	0.98	0.96	0.98	0.98	1.0
14000	0.98	0.96	0.94	0.98	1.0	0.96	0.94	1.0	0.98	0.98	0.94	0.98	0.96	0.98	0.98	1.0
14050	0.98	0.96	0.92	0.98	1.0	0.98	0.94	1.0	0.98	0.98	0.94	0.98	0.96	0.98	0.98	1.0
14100	0.98	0.96	0.92	0.98	1.0	0.98	0.94	1.0	0.96	0.98	0.92	0.98	0.98	0.98	0.98	1.0
14150	0.98	0.96	0.94	0.98	1.0	0.98	0.94	1.0	0.96	0.98	0.92	0.98	0.98	0.98	1.0	1.0
14200	0.98	0.96	0.94	0.96	1.0	0.98	0.96	1.0	0.98	0.98	0.92	1.0	0.98	0.98	0.98	1.0
14250	0.98	0.96	0.94	0.96	1.0	0.98	0.92	1.0	0.98	1.0	0.92	1.0	0.98	0.98	0.98	1.0
14300	0.98	0.96	0.96	0.96	1.0	0.98	0.92	1.0	0.98	1.0	0.92	1.0	0.98	0.98	0.98	1.0
14350	0.98	0.98	0.98	0.96	1.0	0.98	0.94	1.0	0.96	1.0	0.92	1.0	0.98	0.98	0.98	1.0
14400	0.98	0.96	0.98	0.96	1.0	0.98	0.94	1.0	0.96	1.0	0.92	1.0	0.98	0.98	0.98	1.0
14450	0.98	0.96	0.98	0.96	1.0	0.98	0.94	1.0	0.96	1.0	0.92	1.0	0.98	0.98	0.96	1.0
14500	0.98	0.96	0.98	0.96	1.0	0.98	0.96	1.0	0.96	1.0	0.92	1.0	0.96	0.98	0.96	1.0
14550	0.96	0.94	0.98	0.96	1.0	1.0	0.96	1.0	0.96	1.0	0.94	1.0	0.98	0.98	0.96	1.0
14600	0.96	0.94	0.98	0.94	1.0	0.98	0.96	1.0	0.94	1.0	0.94	1.0	0.98	0.98	0.96	1.0
14650	0.96	0.92	1.0	0.94	1.0	0.98	0.96	1.0	0.94	1.0	0.98	1.0	0.98	0.98	0.96	1.0
14700	0.96	0.94	1.0	0.94	1.0	0.98	0.96	1.0	0.96	1.0	0.98	0.98	0.98	0.98	0.96	1.0
14750	0.96	0.94	1.0	0.96	1.0	0.98	0.96	1.0	0.96	1.0	1.0	0.98	0.98	1.0	0.96	1.0
14800	0.96	0.94	1.0	0.96	1.0	0.98	0.94	1.0	0.96	1.0	1.0	0.98	0.98	1.0	0.96	1.0
14850	0.96	0.94	1.0	0.96	1.0	0.98	0.94	1.0	0.96	1.0	1.0	0.98	0.98	1.0	0.96	1.0
14900	0.92	0.94	1.0	0.96	1.0	0.98	0.94	1.0	0.96	1.0	1.0	0.98	0.98	1.0	0.96	1.0
14950	0.92	0.94	1.0	0.98	1.0	0.98	0.94	1.0	0.96	1.0	1.0	0.98	0.98	1.0	0.96	1.0
15000	0.92	0.94	1.0	0.98	1.0	0.98	0.98	1.0	0.98	1.0	1.0	0.98	0.98	1.0	0.96	0.98
15050	0.9	0.94	1.0	0.98	1.0	0.98	0.98	1.0	0.98	1.0	1.0	0.98	0.98	1.0	0.96	0.98
15100	0.9	0.94	1.0	0.98	1.0	0.98	0.98	1.0	0.98	1.0	1.0	0.98	0.98	1.0	0.98	0.98
15150	0.9	0.96	1.0	0.98	0.98	0.98	0.98	1.0	0.98	1.0	1.0	0.98	0.98	1.0	0.98	0.98
15200	0.9	0.96	1.0	0.98	0.98	0.98	0.98	1.0	0.98	1.0	1.0	0.98	0.98	1.0	0.96	0.98
15250	0.9	0.96	1.0	1.0	0.98	0.98	0.98	1.0	1.0	1.0	1.0	0.98	0.98	1.0	0.96	0.98
15300	0.9	0.96	1.0	1.0	0.98	0.98	0.98	1.0	1.0	1.0	1.0	0.98	0.98	1.0	0.96	0.98
15350	0.9	0.98	1.0	1.0	0.98	0.98	0.98	1.0	1.0	1.0	1.0	0.98	0.98	1.0	0.96	0.98
15400	0.92	1.0	1.0	1.0	0.98	1.0	0.98	1.0	1.0	1.0	1.0	0.98	1.0	1.0	0.94	0.98
15450	0.94	1.0	0.98	1.0	0.98	1.0	1.0	1.0	1.0	1.0	1.0	1.0	1.0	1.0	0.94	0.98
15500	0.94	1.0	0.98	0.98	0.98	1.0	1.0	1.0	1.0	1.0	1.0	1.0	1.0	1.0	0.94	0.98
15550	0.98	1.0	0.98	0.98	0.98	1.0	1.0	1.0	1.0	1.0	1.0	1.0	1.0	1.0	0.94	0.98
15600	0.98	1.0	0.98	0.98	0.98	1.0	1.0	1.0	1.0	1.0	1.0	1.0	1.0	1.0	0.94	0.98
15650	0.98	1.0	0.96	0.98	0.98	1.0	1.0	1.0	1.0	1.0	1.0	1.0	1.0	1.0	0.94	1.0
15700	0.98	1.0	0.96	0.98	0.98	1.0	1.0	1.0	1.0	1.0	1.0	1.0	1.0	1.0	0.94	1.0
15750	0.98	1.0	0.94	0.98	0.98	1.0	1.0	1.0	1.0	1.0	1.0	1.0	1.0	1.0	0.94	1.0
15800	1.0	0.98	0.94	0.98	0.98	1.0	1.0	1.0	1.0	1.0	1.0	1.0	1.0	1.0	0.94	1.0
15850	1.0	0.98	0.94	0.98	0.98	1.0	1.0	1.0	1.0	1.0	1.0	1.0	1.0	1.0	0.94	1.0
15900	1.0	0.98	0.94	0.96	0.98	0.98	1.0	0.98	1.0	1.0	1.0	1.0	1.0	1.0	0.96	1.0
15950	1.0	0.98	0.94	0.96	1.0	0.98	1.0	0.98	1.0	1.0	1.0	1.0	1.0	1.0	0.96	1.0
16000	1.0	0.98	0.94	0.96	1.0	0.98	1.0	0.98	1.0	1.0	1.0	1.0	1.0	1.0	0.96	1.0
16050	1.0	0.98	0.94	0.96	1.0	0.98	1.0	0.98	1.0	1.0	1.0	0.98	1.0	1.0	0.96	1.0
16100	1.0	0.98	0.94	0.96	1.0	0.96	1.0	0.98	1.0	1.0	1.0	0.98	1.0	1.0	0.96	1.0
16150	1.0	0.98	0.96	0.96	1.0	0.96	1.0	0.98	1.0	0.98	1.0	0.98	1.0	1.0	0.98	1.0
16200	1.0	0.98	0.96	0.96	1.0	0.94	1.0	0.98	1.0	0.98	1.0	0.98	1.0	1.0	0.98	1.0
16250	1.0	0.98	0.94	0.96	1.0	0.94	1.0	0.98	1.0	0.98	1.0	0.98	1.0	1.0	0.98	1.0
16300	1.0	0.98	0.92	0.98	1.0	0.94	1.0	0.98	1.0	0.98	1.0	0.98	1.0	1.0	1.0	1.0
16350	1.0	0.98	0.92	0.98	1.0	0.94	1.0	0.98	1.0	0.98	1.0	0.98	1.0	1.0	1.0	1.0
16400	1.0	0.98	0.96	0.98	1.0	0.94	1.0	0.96	1.0	0.98	1.0	0.98	1.0	1.0	1.0	1.0
16450	1.0	0.98	0.94	0.98	1.0	0.94	1.0	0.96	1.0	0.98	1.0	0.96	1.0	1.0	1.0	1.0
16500	1.0	0.98	0.94	0.98	1.0	0.96	1.0	0.96	1.0	0.98	1.0	0.96	1.0	1.0	1.0	1.0
16550	1.0	0.98	0.94	0.98	1.0	0.96	1.0	0.96	0.98	0.98	1.0	0.96	1.0	1.0	1.0	1.0
16600	1.0	1.0	0.94	0.98	1.0	0.96	1.0	0.96	0.98	0.98	0.98	0.96	1.0	1.0	1.0	1.0
16650	1.0	1.0	0.94	0.98	1.0	0.96	1.0	0.96	0.98	0.98	0.98	0.94	1.0	1.0	1.0	1.0
16700	1.0	1.0	0.94	0.98	1.0	0.96	1.0	0.96	0.98	0.98	0.98	0.92	1.0	1.0	1.0	1.0
16750	1.0	1.0	0.94	0.96	1.0	0.96	1.0	0.98	0.98	0.98	0.98	0.92	1.0	1.0	0.98	1.0
16800	1.0	1.0	0.94	0.96	1.0	0.96	1.0	0.98	0.96	1.0	0.98	0.92	1.0	1.0	0.98	1.0
16850	1.0	1.0	0.96	0.96	1.0	0.96	1.0	0.98	0.96	1.0	0.98	0.92	1.0	1.0	0.98	1.0
16900	0.98	1.0	0.96	0.96	1.0	0.98	1.0	0.98	0.96	1.0	0.98	0.92	1.0	1.0	0.98	1.0
16950	0.98	1.0	0.94	0.96	1.0	0.96	1.0	0.98	0.96	1.0	0.98	0.92	0.98	1.0	0.98	1.0
17000	0.98	1.0	0.94	0.94	1.0	0.98	1.0	0.98	0.96	1.0	0.98	0.92	0.98	1.0	0.98	1.0
17050	0.98	1.0	0.92	0.94	1.0	0.98	1.0	0.98	0.94	1.0	0.98	0.92	0.98	1.0	0.98	1.0
17100	0.98	1.0	0.94	0.94	1.0	0.98	1.0	1.0	0.94	1.0	0.98	0.94	0.98	1.0	0.98	1.0
17150	0.98	1.0	0.94	0.92	1.0	0.98	1.0	0.98	0.94	1.0	0.98	0.94	0.98	1.0	0.98	1.0
17200	0.98	1.0	0.94	0.92	1.0	0.98	1.0	0.98	0.94	1.0	0.98	0.94	0.98	1.0	0.98	1.0
17250	0.98	1.0	0.94	0.92	1.0	0.98	1.0	0.98	0.96	1.0	1.0	0.96	0.98	1.0	0.98	1.0
17300	0.98	1.0	0.94	0.92	1.0	0.98	1.0	0.98	0.94	1.0	1.0	0.98	0.98	0.98	0.98	1.0
17350	0.98	1.0	0.94	0.92	1.0	0.98	1.0	0.98	0.94	1.0	1.0	0.98	0.98	0.98	0.98	1.0
17400	0.98	1.0	0.94	0.94	1.0	0.98	1.0	0.98	0.94	1.0	1.0	0.98	0.98	0.98	0.98	1.0
17450	0.98	0.98	0.94	0.96	1.0	0.98	1.0	0.98	0.94	1.0	1.0	0.96	0.98	0.98	0.98	1.0
17500	0.98	0.98	0.94	0.94	1.0	0.98	1.0	0.98	0.96	1.0	1.0	0.96	0.98	0.98	0.98	1.0
17550	0.98	0.98	0.94	0.94	1.0	1.0	1.0	0.98	0.96	1.0	1.0	0.98	0.98	0.98	1.0	1.0
17600	1.0	0.98	0.94	0.94	1.0	1.0	1.0	0.98	0.96	0.96	1.0	0.96	0.98	0.98	1.0	1.0
17650	1.0	0.98	0.94	0.94	1.0	1.0	1.0	0.98	0.96	0.96	1.0	0.94	0.98	0.98	1.0	1.0
17700	1.0	0.98	0.98	0.96	1.0	1.0	1.0	0.98	0.96	0.94	1.0	0.94	0.98	0.98	1.0	1.0
17750	1.0	0.98	0.98	0.96	1.0	1.0	1.0	0.98	0.94	0.94	1.0	0.94	0.98	0.98	1.0	1.0
17800	1.0	0.98	1.0	0.96	1.0	1.0	1.0	1.0	0.94	0.94	1.0	0.92	0.98	0.98	1.0	1.0
17850	1.0	0.98	1.0	0.98	1.0	1.0	1.0	1.0	0.94	0.94	1.0	0.92	0.98	0.96	1.0	1.0
17900	1.0	0.98	1.0	0.98	1.0	1.0	1.0	1.0	0.94	0.94	1.0	0.92	0.98	0.96	1.0	1.0
17950	1.0	0.98	1.0	0.98	1.0	1.0	1.0	1.0	0.96	0.94	1.0	0.92	0.98	0.96	1.0	1.0
18000	1.0	0.98	1.0	0.98	1.0	1.0	1.0	1.0	0.96	0.94	1.0	0.94	0.98	0.96	1.0	1.0
18050	1.0	0.98	1.0	0.98	1.0	1.0	0.98	1.0	0.96	0.94	1.0	0.94	0.98	0.96	1.0	1.0
18100	1.0	0.98	1.0	0.98	1.0	1.0	0.98	1.0	0.94	0.94	1.0	0.94	0.98	0.96	1.0	1.0
18150	1.0	0.98	1.0	0.98	1.0	0.98	0.98	1.0	0.94	0.94	1.0	0.94	0.98	0.96	1.0	1.0
18200	1.0	1.0	1.0	0.98	1.0	0.98	0.98	1.0	0.94	0.94	1.0	0.94	0.98	0.96	1.0	1.0
18250	1.0	1.0	1.0	1.0	1.0	0.98	0.98	1.0	0.94	0.94	1.0	0.94	0.98	0.96	1.0	1.0
18300	1.0	1.0	1.0	1.0	1.0	0.98	0.98	1.0	0.96	0.94	1.0	0.96	0.98	0.96	1.0	1.0
18350	1.0	1.0	1.0	1.0	1.0	0.98	0.98	1.0	0.94	0.96	1.0	0.96	0.96	0.96	1.0	1.0
18400	1.0	1.0	1.0	1.0	1.0	0.98	0.98	1.0	0.94	0.98	1.0	0.96	0.96	0.98	1.0	1.0
18450	1.0	1.0	1.0	1.0	0.98	0.98	0.98	0.98	0.94	0.98	1.0	0.96	0.96	1.0	1.0	1.0
18500	1.0	1.0	0.98	1.0	0.98	0.98	0.98	0.98	0.94	1.0	1.0	0.96	0.96	1.0	1.0	1.0
18550	1.0	1.0	0.96	1.0	0.98	0.98	0.98	0.98	0.94	1.0	1.0	0.96	0.98	1.0	0.98	1.0
18600	1.0	1.0	0.96	1.0	0.98	0.98	0.98	0.98	0.96	1.0	1.0	0.96	0.98	1.0	0.98	1.0
18650	1.0	1.0	0.94	1.0	0.98	0.98	0.96	0.98	0.96	0.98	1.0	0.96	0.98	1.0	0.98	1.0
18700	1.0	1.0	0.94	1.0	0.98	0.98	0.96	0.98	0.96	0.98	1.0	0.96	0.98	1.0	0.98	1.0
18750	1.0	1.0	0.94	1.0	0.98	0.98	0.98	0.98	0.96	0.98	0.98	0.98	0.98	1.0	0.98	1.0
18800	1.0	1.0	0.94	1.0	0.98	1.0	0.98	0.98	0.96	0.98	0.96	0.98	0.98	1.0	0.98	1.0
18850	1.0	1.0	0.94	1.0	0.96	1.0	0.98	0.98	0.96	0.98	0.96	0.98	0.98	1.0	0.98	0.98
18900	1.0	1.0	0.94	1.0	0.96	1.0	0.98	0.98	0.96	0.98	0.96	0.98	0.98	1.0	0.98	0.98
18950	1.0	1.0	0.94	1.0	0.96	1.0	0.96	0.98	0.94	0.98	0.96	0.98	0.98	1.0	0.98	0.98
19000	1.0	1.0	0.92	1.0	0.96	1.0	0.96	0.98	0.94	0.98	0.96	1.0	0.98	1.0	0.98	0.98
19050	1.0	1.0	0.92	1.0	0.96	1.0	0.96	0.98	0.94	0.98	0.96	1.0	0.98	1.0	0.98	0.98
19100	0.98	1.0	0.92	1.0	0.98	1.0	0.96	0.98	0.94	0.98	0.96	1.0	0.96	1.0	0.98	0.98
19150	0.98	1.0	0.94	1.0	0.98	1.0	0.96	0.96	0.96	0.98	0.96	1.0	0.98	1.0	0.98	0.98
19200	0.98	1.0	0.96	1.0	0.98	1.0	0.96	0.98	0.96	0.98	0.96	1.0	0.98	1.0	0.98	0.98
19250	0.98	1.0	0.96	1.0	0.98	1.0	0.96	0.98	0.96	0.98	0.98	1.0	0.96	1.0	0.98	0.98
19300	0.98	1.0	0.96	1.0	0.98	1.0	0.96	0.98	0.94	0.98	0.98	1.0	0.96	1.0	1.0	0.98
19350	0.98	1.0	0.98	1.0	0.98	1.0	0.98	0.96	0.92	0.98	0.98	1.0	0.96	1.0	1.0	0.98
19400	0.98	1.0	0.98	1.0	0.98	1.0	0.98	0.96	0.92	1.0	0.98	1.0	0.96	1.0	1.0	0.98
19450	0.98	1.0	0.98	1.0	0.98	1.0	0.98	0.96	0.92	1.0	1.0	1.0	0.96	1.0	1.0	0.98
19500	0.98	1.0	0.98	1.0	1.0	1.0	0.98	0.96	0.92	1.0	1.0	1.0	0.96	1.0	1.0	0.98
19550	0.98	1.0	0.98	1.0	1.0	1.0	0.98	0.96	0.92	1.0	1.0	1.0	0.96	1.0	1.0	0.98
19600	0.98	1.0	0.98	1.0	1.0	1.0	0.98	0.96	0.92	1.0	1.0	1.0	0.96	1.0	1.0	1.0
19650	0.98	1.0	0.98	1.0	1.0	1.0	0.98	0.96	0.92	1.0	1.0	1.0	0.96	1.0	0.98	1.0
19700	0.98	1.0	0.98	1.0	1.0	1.0	0.98	0.96	0.9	1.0	1.0	1.0	0.98	1.0	0.98	1.0
19750	0.98	1.0	0.98	1.0	1.0	1.0	0.98	0.96	0.94	1.0	1.0	1.0	0.98	1.0	0.98	1.0
19800	1.0	1.0	0.98	1.0	1.0	1.0	0.98	0.96	0.94	1.0	1.0	1.0	0.98	1.0	0.98	1.0
19850	1.0	1.0	0.98	1.0	1.0	1.0	1.0	0.96	0.94	1.0	1.0	1.0	0.98	1.0	0.98	1.0
19900	1.0	1.0	1.0	1.0	1.0	1.0	1.0	0.96	0.94	1.0	1.0	1.0	1.0	1.0	0.98	1.0
19950	1.0	1.0	1.0	1.0	1.0	1.0	1.0	0.96	0.94	1.0	1.0	1.0	1.0	1.0	0.98	1.0
20000	0.98	1.0	0.98	1.0	1.0	1.0	1.0	0.96	0.94	1.0	1.0	1.0	1.0	1.0	0.98	1.0
