0	0.0	0.0	0.0	0.0	0.0	0.0	0.0	0.0	0.0	0.0	0.0	0.0	0.0	0.0	0.0	0.0
50	0.2	0.0	0.25	0.2	0.0	0.0	0.2	0.428571428571	0.375	0.0	0.0	0.0	0.0	0.0	0.0	0.0
100	0.375	0.428571428571	0.444444444444	0.333333333333	0.285714285714	0.166666666667	0.333333333333	0.454545454545	0.615384615385	0.285714285714	0.375	0.333333333333	0.25	0.142857142857	0.428571428571	0.444444444444
150	0.333333333333	0.714285714286	0.571428571429	0.5	0.615384615385	0.272727272727	0.5	0.529411764706	0.666666666667	0.533333333333	0.533333333333	0.454545454545	0.5	0.454545454545	0.454545454545	0.454545454545
200	0.5	0.764705882353	0.7	0.533333333333	0.714285714286	0.5	0.625	0.555555555556	0.666666666667	0.631578947368	0.708333333333	0.666666666667	0.647058823529	0.6	0.5625	0.647058823529
250	0.666666666667	0.789473684211	0.714285714286	0.588235294118	0.75	0.529411764706	0.684210526316	0.68	0.708333333333	0.695652173913	0.724137931034	0.727272727273	0.714285714286	0.684210526316	0.68	0.739130434783
300	0.703703703704	0.833333333333	0.785714285714	0.611111111111	0.766666666667	0.6	0.714285714286	0.703703703704	0.714285714286	0.75	0.764705882353	0.777777777778	0.75	0.75	0.709677419355	0.8
350	0.757575757576	0.84375	0.833333333333	0.666666666667	0.794117647059	0.68	0.72	0.714285714286	0.705882352941	0.758620689655	0.783783783784	0.78125	0.774193548387	0.785714285714	0.722222222222	0.787878787879
400	0.789473684211	0.868421052632	0.837837837838	0.653846153846	0.815789473684	0.757575757576	0.730769230769	0.764705882353	0.72972972973	0.794117647059	0.80487804878	0.8	0.787878787879	0.8125	0.75	0.810810810811
450	0.813953488372	0.866666666667	0.860465116279	0.689655172414	0.844444444444	0.789473684211	0.75	0.783783783784	0.74358974359	0.810810810811	0.813953488372	0.825	0.810810810811	0.810810810811	0.777777777778	0.833333333333
500	0.829787234043	0.88	0.866666666667	0.727272727273	0.854166666667	0.80487804878	0.766666666667	0.794871794872	0.777777777778	0.837209302326	0.829787234043	0.840909090909	0.809523809524	0.833333333333	0.8	0.847826086957
550	0.92	0.94	0.9	0.75	0.857142857143	0.822222222222	0.794117647059	0.826086956522	0.777777777778	0.836734693878	0.86	0.844444444444	0.813953488372	0.844444444444	0.88	0.88
600	0.96	0.94	0.94	0.769230769231	0.92	0.829787234043	0.80487804878	0.88	0.82	0.88	0.94	0.854166666667	0.829787234043	0.851063829787	0.88	0.94
650	0.98	0.96	0.96	0.790697674419	0.94	0.86	0.829787234043	0.9	0.88	0.96	0.98	0.94	0.836734693878	0.854166666667	0.92	0.96
700	1.0	0.96	0.98	0.84	0.96	0.98	0.9	0.94	0.9	0.96	0.98	0.94	0.9	0.9	0.92	0.96
750	1.0	0.96	0.98	0.88	0.96	1.0	0.96	0.96	0.9	0.98	0.98	0.96	0.94	0.98	0.94	0.94
800	1.0	0.96	1.0	0.92	0.98	1.0	0.94	1.0	0.92	0.98	0.98	0.96	0.94	0.98	0.94	0.94
850	1.0	0.96	1.0	0.94	1.0	1.0	0.94	1.0	0.94	0.98	1.0	0.96	0.96	0.98	0.98	0.94
900	1.0	0.96	1.0	0.94	1.0	1.0	0.94	1.0	0.94	0.98	1.0	0.96	0.96	0.98	0.98	0.94
950	1.0	0.98	1.0	0.94	1.0	1.0	0.96	1.0	0.94	0.98	1.0	0.96	0.98	0.98	1.0	0.96
1000	1.0	0.98	1.0	0.96	1.0	1.0	0.94	1.0	0.98	0.98	1.0	0.96	0.98	0.98	1.0	0.96
1050	1.0	0.98	1.0	0.96	1.0	1.0	0.94	1.0	1.0	0.98	1.0	0.96	0.98	0.98	1.0	0.96
1100	1.0	0.96	1.0	1.0	1.0	1.0	0.96	1.0	1.0	0.98	1.0	0.98	0.98	0.98	1.0	0.96
1150	1.0	0.98	1.0	1.0	1.0	1.0	0.96	1.0	1.0	0.98	1.0	0.98	1.0	0.98	1.0	0.96
1200	1.0	0.96	1.0	1.0	1.0	1.0	0.96	1.0	1.0	1.0	1.0	0.98	1.0	1.0	1.0	0.96
1250	1.0	0.96	1.0	1.0	1.0	1.0	0.96	1.0	1.0	1.0	1.0	0.98	1.0	0.98	1.0	0.96
1300	1.0	0.96	1.0	1.0	1.0	1.0	0.96	1.0	1.0	1.0	1.0	0.98	1.0	0.98	1.0	0.98
1350	1.0	0.96	1.0	1.0	1.0	0.98	0.96	1.0	1.0	1.0	1.0	0.98	1.0	0.98	1.0	0.98
1400	1.0	0.94	1.0	1.0	1.0	0.98	0.96	1.0	1.0	1.0	1.0	0.98	0.98	0.98	1.0	1.0
1450	1.0	0.94	1.0	1.0	1.0	0.98	0.98	1.0	1.0	1.0	1.0	0.98	0.98	0.98	1.0	1.0
1500	1.0	0.9	1.0	1.0	1.0	0.98	0.98	1.0	1.0	1.0	1.0	0.98	0.98	0.98	1.0	1.0
1550	1.0	0.9	1.0	1.0	1.0	0.98	0.98	1.0	1.0	1.0	1.0	0.98	0.98	0.98	1.0	1.0
1600	1.0	0.86	1.0	1.0	1.0	0.98	0.98	1.0	1.0	1.0	1.0	1.0	0.96	0.98	1.0	0.98
1650	1.0	0.86	1.0	1.0	1.0	0.96	0.98	1.0	1.0	1.0	1.0	1.0	0.96	0.98	1.0	0.98
1700	1.0	0.88	1.0	1.0	1.0	0.96	0.98	1.0	1.0	1.0	1.0	1.0	0.96	0.98	1.0	0.98
1750	1.0	0.88	1.0	1.0	1.0	0.94	1.0	1.0	1.0	1.0	1.0	1.0	0.96	0.96	1.0	0.98
1800	1.0	0.88	1.0	1.0	1.0	0.92	1.0	1.0	1.0	1.0	1.0	1.0	0.96	0.94	1.0	0.98
1850	1.0	0.9	1.0	1.0	1.0	0.92	1.0	1.0	1.0	1.0	1.0	1.0	0.96	0.94	1.0	0.98
1900	1.0	0.9	0.98	1.0	1.0	0.9	0.98	1.0	1.0	1.0	1.0	1.0	0.96	0.94	1.0	0.98
1950	1.0	0.9	0.98	1.0	1.0	0.9	0.98	1.0	1.0	1.0	1.0	1.0	0.96	0.96	0.98	0.98
2000	1.0	0.92	0.98	1.0	1.0	0.9	0.98	1.0	1.0	1.0	0.98	1.0	0.96	0.96	0.98	0.98
2050	0.98	0.92	0.98	1.0	1.0	0.9	0.96	1.0	1.0	1.0	0.98	1.0	0.96	0.96	0.96	0.98
2100	0.98	0.9	0.98	1.0	1.0	0.9	0.92	1.0	1.0	1.0	0.98	1.0	0.98	0.96	0.96	0.98
2150	0.98	0.9	0.98	1.0	1.0	0.92	0.9	1.0	1.0	1.0	0.98	1.0	0.98	0.96	0.96	0.98
2200	0.98	0.92	0.98	1.0	1.0	0.92	0.9	1.0	1.0	1.0	0.98	1.0	0.98	0.96	0.96	0.98
2250	0.98	0.92	0.98	1.0	1.0	0.92	0.9	0.98	1.0	1.0	0.98	1.0	1.0	0.96	0.96	0.98
2300	0.96	0.94	0.98	1.0	1.0	0.92	0.9	0.98	1.0	1.0	0.96	1.0	1.0	0.96	0.96	0.98
2350	0.94	0.94	0.98	1.0	1.0	0.94	0.9	0.98	1.0	1.0	0.96	1.0	1.0	0.96	0.96	0.98
2400	0.94	0.96	0.98	1.0	1.0	0.94	0.9	0.98	1.0	1.0	0.96	1.0	1.0	0.96	0.94	1.0
2450	0.94	0.98	0.98	1.0	1.0	0.96	0.9	0.98	1.0	1.0	0.96	1.0	1.0	0.96	0.94	1.0
2500	0.94	0.98	0.98	1.0	1.0	0.98	0.88	0.98	1.0	1.0	0.96	1.0	1.0	0.96	0.94	1.0
2550	0.94	0.96	1.0	1.0	1.0	1.0	0.86	0.98	1.0	1.0	0.94	1.0	1.0	0.98	0.94	0.98
2600	0.94	0.96	1.0	1.0	1.0	1.0	0.86	0.98	1.0	1.0	0.94	1.0	1.0	0.98	0.94	0.98
2650	0.94	0.96	1.0	1.0	1.0	1.0	0.86	0.98	0.98	1.0	0.92	0.98	1.0	1.0	0.94	0.96
2700	0.94	0.96	1.0	1.0	1.0	0.98	0.88	0.98	0.96	1.0	0.92	0.98	1.0	1.0	0.94	0.96
2750	0.94	0.96	1.0	1.0	1.0	0.98	0.9	0.96	0.96	1.0	0.94	0.98	1.0	1.0	0.94	0.92
2800	0.96	0.98	1.0	1.0	1.0	0.98	0.94	0.96	0.96	1.0	0.94	0.98	1.0	1.0	0.96	0.92
2850	0.96	0.98	0.98	1.0	1.0	0.98	0.96	0.96	0.96	1.0	0.94	0.98	1.0	1.0	0.96	0.92
2900	0.96	0.98	0.98	1.0	1.0	0.98	0.96	0.96	0.96	1.0	0.94	0.96	1.0	1.0	0.98	0.92
2950	0.96	0.98	0.98	1.0	1.0	0.98	0.96	0.96	0.96	1.0	0.94	0.96	1.0	1.0	0.98	0.92
3000	0.98	0.98	0.98	1.0	1.0	0.98	0.96	0.98	0.96	1.0	0.94	0.96	1.0	1.0	0.98	0.92
3050	0.96	0.98	0.98	1.0	1.0	0.98	0.98	0.98	0.96	1.0	0.96	0.96	1.0	1.0	0.98	0.92
3100	0.98	0.98	0.98	1.0	1.0	0.98	0.98	0.98	0.96	1.0	0.96	0.96	1.0	1.0	0.98	0.92
3150	0.98	1.0	0.98	0.98	1.0	0.96	1.0	0.96	0.96	1.0	0.96	0.96	1.0	1.0	1.0	0.94
3200	0.96	1.0	0.96	0.98	1.0	0.96	1.0	0.96	0.96	1.0	0.96	0.96	1.0	1.0	0.98	0.92
3250	0.94	1.0	0.96	0.98	1.0	0.96	1.0	0.96	0.96	1.0	0.96	0.96	1.0	1.0	0.98	0.92
3300	0.94	1.0	0.94	0.98	1.0	0.96	1.0	0.94	0.96	1.0	0.98	0.96	1.0	1.0	0.98	0.94
3350	0.94	0.96	0.94	0.98	1.0	0.96	1.0	0.94	0.96	1.0	1.0	0.96	1.0	1.0	0.98	0.94
3400	0.92	0.94	0.94	0.98	1.0	0.96	1.0	0.94	0.94	1.0	1.0	0.96	1.0	1.0	0.98	0.98
3450	0.92	0.94	0.94	0.98	1.0	0.96	1.0	0.96	0.94	1.0	1.0	0.96	1.0	1.0	0.98	0.96
3500	0.92	0.94	0.94	0.98	1.0	0.98	1.0	0.96	0.96	0.98	1.0	0.98	1.0	1.0	0.98	0.96
3550	0.92	0.94	0.94	0.98	1.0	0.98	1.0	0.96	0.96	0.98	1.0	0.98	1.0	1.0	0.98	0.96
3600	0.92	0.94	0.94	0.98	1.0	0.98	1.0	0.96	0.98	0.98	1.0	0.98	1.0	0.98	0.98	0.96
3650	0.92	0.94	0.94	0.98	1.0	0.96	1.0	0.94	0.98	0.98	0.98	0.98	1.0	0.98	0.98	0.94
3700	0.92	0.94	0.94	0.98	1.0	0.96	1.0	0.94	0.96	0.98	0.98	1.0	1.0	0.98	0.98	0.94
3750	0.92	0.94	0.94	0.98	1.0	0.96	1.0	0.94	0.96	0.98	0.98	1.0	1.0	0.98	0.98	0.94
3800	0.92	0.94	0.96	1.0	1.0	0.96	1.0	0.94	0.94	0.98	0.98	1.0	0.98	0.98	1.0	0.96
3850	0.94	0.94	0.96	1.0	1.0	0.98	1.0	0.96	0.94	0.98	0.98	1.0	0.98	0.98	1.0	0.96
3900	0.96	0.94	0.96	1.0	1.0	0.98	1.0	0.96	0.94	0.98	0.98	1.0	0.98	0.98	1.0	0.96
3950	0.96	0.94	0.96	1.0	1.0	0.98	1.0	0.96	0.94	0.98	0.98	1.0	0.98	0.98	1.0	0.96
4000	0.98	0.94	0.96	1.0	1.0	0.98	1.0	0.96	0.94	0.98	0.98	1.0	0.98	0.98	1.0	0.96
4050	0.98	0.94	0.94	1.0	1.0	0.98	1.0	0.98	0.94	0.98	0.98	0.98	0.98	0.98	0.98	0.96
4100	0.98	0.94	0.94	1.0	1.0	0.98	1.0	0.98	0.94	0.98	0.98	0.98	0.98	0.98	0.98	0.96
4150	0.98	0.98	0.94	1.0	1.0	0.98	1.0	0.98	0.94	0.98	0.98	0.98	0.98	0.98	0.96	0.98
4200	0.98	0.98	0.96	1.0	1.0	0.98	1.0	0.98	0.96	0.98	0.98	0.96	0.98	1.0	0.96	0.98
4250	0.98	0.96	0.96	1.0	1.0	0.98	1.0	0.98	0.96	0.98	0.98	0.96	0.98	1.0	0.96	0.98
4300	1.0	0.96	0.98	1.0	1.0	0.98	1.0	0.98	0.96	0.98	0.98	0.96	0.98	1.0	0.96	0.98
4350	1.0	0.96	0.98	1.0	1.0	0.98	1.0	0.98	0.96	0.98	0.98	0.96	0.98	0.98	0.96	1.0
4400	1.0	0.96	0.98	1.0	1.0	1.0	1.0	1.0	0.96	0.98	0.98	0.96	0.98	0.98	0.96	1.0
4450	1.0	0.96	0.98	1.0	1.0	1.0	1.0	1.0	0.98	0.98	1.0	0.96	0.98	0.98	0.94	1.0
4500	1.0	0.96	0.98	1.0	1.0	1.0	1.0	1.0	0.98	0.98	1.0	0.96	0.98	0.96	0.94	1.0
4550	1.0	0.96	0.98	1.0	1.0	1.0	1.0	1.0	0.98	0.98	1.0	0.96	1.0	0.96	0.92	1.0
4600	1.0	0.96	0.98	1.0	1.0	1.0	1.0	1.0	0.98	0.96	1.0	0.96	1.0	0.96	0.92	1.0
4650	1.0	0.94	0.98	1.0	1.0	1.0	1.0	1.0	0.98	0.96	1.0	0.96	1.0	0.96	0.92	1.0
4700	1.0	0.94	1.0	1.0	1.0	1.0	1.0	1.0	0.98	0.94	1.0	0.96	1.0	0.96	0.92	1.0
4750	1.0	0.94	1.0	1.0	1.0	1.0	1.0	1.0	0.98	0.94	1.0	0.96	1.0	0.96	0.94	1.0
4800	1.0	0.94	0.98	1.0	1.0	1.0	1.0	1.0	0.98	0.92	1.0	0.96	1.0	0.96	0.94	1.0
4850	1.0	0.94	0.98	1.0	1.0	1.0	1.0	1.0	0.96	0.92	1.0	0.98	1.0	0.96	0.94	1.0
4900	0.98	0.96	0.98	1.0	1.0	1.0	0.98	1.0	0.94	0.92	1.0	1.0	0.98	0.96	0.94	1.0
4950	0.98	0.96	0.96	1.0	1.0	1.0	0.98	1.0	0.94	0.94	1.0	1.0	0.96	0.96	0.96	1.0
5000	0.98	0.96	0.96	1.0	1.0	1.0	0.98	1.0	0.96	0.94	1.0	1.0	0.96	0.96	0.96	1.0
5050	0.98	0.96	0.96	1.0	1.0	1.0	0.98	1.0	0.96	0.94	1.0	1.0	0.96	0.96	0.96	1.0
5100	0.98	0.98	0.94	1.0	0.98	1.0	0.98	1.0	0.96	0.94	1.0	1.0	0.96	0.96	0.96	1.0
5150	0.98	0.98	0.94	1.0	0.98	1.0	0.98	1.0	0.96	0.94	1.0	1.0	0.96	0.96	0.96	1.0
5200	0.98	0.98	0.94	1.0	0.98	1.0	0.98	1.0	0.96	0.92	1.0	1.0	0.96	0.96	0.96	1.0
5250	0.98	0.98	0.94	1.0	0.98	1.0	0.98	1.0	0.96	0.92	1.0	0.96	0.96	0.94	0.96	1.0
5300	0.98	1.0	0.94	1.0	0.98	1.0	0.98	1.0	0.96	0.92	1.0	0.96	0.96	0.94	0.98	0.98
5350	0.98	1.0	0.94	1.0	0.98	1.0	0.98	0.98	0.96	0.92	1.0	0.96	0.94	0.92	0.98	0.98
5400	0.98	1.0	0.94	1.0	0.98	0.96	0.98	0.98	0.96	0.94	0.96	0.96	0.94	0.92	1.0	0.98
5450	0.98	1.0	0.94	1.0	0.98	0.96	0.98	0.98	0.92	0.96	0.96	0.96	0.94	0.92	1.0	0.98
5500	0.98	1.0	0.94	1.0	0.98	0.96	0.98	0.98	0.9	0.96	0.96	0.96	0.94	0.92	1.0	0.98
5550	0.98	1.0	0.94	1.0	0.98	0.96	0.98	0.98	0.9	0.96	0.96	0.96	0.94	0.92	1.0	0.98
5600	0.98	0.98	0.96	1.0	0.98	0.96	0.98	0.98	0.9	0.98	0.96	0.96	0.94	0.92	0.98	0.98
5650	0.98	0.98	0.96	1.0	1.0	0.96	0.98	0.98	0.92	0.96	0.96	0.96	0.98	0.92	0.98	0.98
5700	0.98	0.94	0.96	1.0	1.0	0.96	0.98	0.98	0.94	0.96	0.96	0.96	0.98	0.94	0.98	0.98
5750	0.98	0.94	0.98	1.0	1.0	0.96	0.98	0.98	0.94	0.96	0.96	0.96	0.98	0.94	0.98	0.98
5800	1.0	0.94	0.98	1.0	1.0	0.96	0.98	0.96	0.94	0.96	0.96	0.96	0.96	0.94	0.98	0.98
5850	1.0	0.94	0.98	1.0	1.0	0.96	1.0	0.96	0.94	0.96	0.96	0.96	0.96	0.94	0.98	0.98
5900	1.0	0.94	1.0	1.0	1.0	0.96	1.0	0.98	0.94	0.96	0.94	0.96	0.96	0.94	0.98	0.98
5950	1.0	0.94	1.0	1.0	1.0	0.96	1.0	0.98	0.94	0.96	0.96	0.96	0.96	0.96	0.98	1.0
6000	1.0	0.94	1.0	1.0	1.0	0.96	1.0	0.98	0.94	0.96	0.98	0.96	0.96	0.96	0.98	1.0
6050	1.0	0.94	1.0	1.0	1.0	0.94	1.0	0.98	0.94	0.98	0.98	1.0	0.94	0.96	0.98	1.0
6100	1.0	0.94	1.0	1.0	1.0	0.98	1.0	0.98	0.94	0.98	0.98	1.0	0.94	0.98	0.98	1.0
6150	1.0	0.94	0.98	1.0	1.0	0.98	1.0	0.98	0.94	0.98	0.98	0.98	0.92	1.0	0.98	1.0
6200	1.0	0.94	0.96	1.0	1.0	0.98	1.0	0.98	0.94	0.98	0.98	0.98	0.92	1.0	0.98	1.0
6250	1.0	0.94	0.96	1.0	1.0	0.98	1.0	0.98	0.94	0.98	0.98	0.98	0.94	1.0	0.98	1.0
6300	1.0	0.94	0.96	1.0	0.98	0.98	1.0	0.98	0.94	0.98	0.98	0.98	0.92	1.0	1.0	1.0
6350	1.0	0.94	0.96	1.0	0.98	0.98	1.0	0.98	0.94	1.0	0.98	0.98	0.92	1.0	1.0	1.0
6400	0.98	0.94	0.96	1.0	0.94	0.98	1.0	0.98	0.98	1.0	0.98	0.96	0.92	1.0	1.0	1.0
6450	0.98	0.96	0.96	1.0	0.94	0.98	1.0	1.0	1.0	1.0	0.98	0.96	0.92	1.0	1.0	1.0
6500	0.98	0.98	0.96	1.0	0.94	0.98	1.0	1.0	1.0	1.0	0.98	0.96	0.92	1.0	1.0	1.0
6550	0.98	1.0	0.96	1.0	0.94	0.98	1.0	0.98	1.0	1.0	0.98	0.96	0.9	1.0	1.0	1.0
6600	0.98	1.0	0.96	1.0	0.94	0.98	1.0	0.98	1.0	1.0	0.98	0.96	0.92	1.0	1.0	1.0
6650	0.98	1.0	0.96	1.0	0.94	0.98	1.0	0.98	1.0	1.0	0.98	0.96	0.92	1.0	1.0	1.0
6700	0.98	1.0	0.96	1.0	0.92	0.96	1.0	0.98	1.0	1.0	0.98	0.96	0.94	1.0	1.0	1.0
6750	0.98	1.0	0.96	0.98	0.92	0.96	1.0	0.98	1.0	1.0	0.98	0.96	0.94	1.0	1.0	0.98
6800	0.98	1.0	0.96	0.98	0.9	0.98	1.0	0.98	1.0	1.0	1.0	0.96	0.96	1.0	1.0	0.98
6850	0.98	1.0	0.98	0.98	0.9	0.98	1.0	0.96	1.0	1.0	1.0	0.96	0.96	1.0	1.0	0.98
6900	0.98	0.98	0.98	0.98	0.9	0.98	1.0	0.96	1.0	1.0	1.0	0.98	0.98	1.0	1.0	0.98
6950	0.98	0.98	0.98	0.98	0.92	0.98	1.0	0.96	1.0	1.0	1.0	0.98	0.98	1.0	1.0	0.98
7000	1.0	0.98	0.98	0.98	0.92	0.98	1.0	0.96	1.0	1.0	1.0	0.98	0.98	1.0	1.0	0.98
7050	1.0	0.98	0.98	0.98	0.94	0.98	1.0	0.96	1.0	1.0	1.0	0.96	0.98	1.0	1.0	0.98
7100	1.0	0.98	0.98	0.98	0.94	0.98	1.0	0.96	1.0	1.0	1.0	0.96	0.98	1.0	1.0	0.98
7150	1.0	0.98	0.98	0.98	0.94	0.98	1.0	0.96	1.0	1.0	1.0	0.98	0.98	1.0	1.0	0.98
7200	0.98	0.98	0.98	0.98	0.94	0.98	1.0	0.96	1.0	1.0	1.0	0.98	0.98	1.0	1.0	0.98
7250	0.98	0.98	0.96	0.98	0.94	0.98	1.0	0.96	1.0	1.0	1.0	0.96	1.0	1.0	1.0	0.98
7300	0.98	0.98	0.96	0.98	0.94	0.98	1.0	0.98	1.0	1.0	1.0	0.96	1.0	1.0	1.0	0.98
7350	0.98	0.96	0.96	0.98	0.96	0.98	1.0	0.98	1.0	1.0	1.0	0.96	1.0	1.0	1.0	0.98
7400	0.98	0.96	0.96	0.98	0.96	0.98	1.0	0.98	1.0	1.0	0.98	0.96	1.0	1.0	1.0	0.98
7450	0.98	0.96	0.96	0.98	0.96	1.0	1.0	0.98	1.0	1.0	0.98	0.96	1.0	1.0	1.0	0.98
7500	0.98	0.96	0.98	0.98	0.96	1.0	1.0	0.98	1.0	1.0	0.96	0.94	1.0	1.0	1.0	0.98
7550	0.98	0.94	0.98	1.0	0.96	1.0	1.0	0.98	0.98	1.0	0.94	0.94	1.0	1.0	1.0	0.98
7600	0.98	0.94	0.98	1.0	0.96	1.0	1.0	0.98	0.98	1.0	0.94	0.94	1.0	1.0	1.0	1.0
7650	0.98	0.96	0.98	1.0	0.96	1.0	1.0	0.98	0.98	1.0	0.94	0.94	1.0	1.0	0.98	1.0
7700	0.98	0.96	0.96	1.0	0.96	0.98	1.0	0.98	0.98	1.0	0.92	0.94	1.0	1.0	0.98	1.0
7750	0.98	0.96	0.94	1.0	0.98	0.98	1.0	0.98	0.98	1.0	0.92	0.94	1.0	1.0	0.98	1.0
7800	0.98	0.96	0.94	1.0	0.98	0.98	1.0	0.98	0.98	1.0	0.92	0.94	1.0	1.0	0.98	1.0
7850	0.98	0.96	0.94	1.0	0.96	0.98	1.0	0.98	0.98	1.0	0.92	0.96	1.0	1.0	0.98	1.0
7900	0.98	0.96	0.94	1.0	0.96	0.98	1.0	0.98	0.98	1.0	0.92	0.96	1.0	1.0	0.98	1.0
7950	1.0	0.96	0.94	1.0	0.96	0.98	1.0	0.98	0.98	1.0	0.92	0.96	1.0	1.0	0.98	1.0
8000	1.0	0.96	0.94	1.0	0.96	0.98	1.0	0.98	0.98	1.0	0.92	0.96	1.0	1.0	0.98	1.0
8050	1.0	0.96	0.94	1.0	0.96	0.98	1.0	0.98	0.98	1.0	0.94	0.98	1.0	1.0	0.98	1.0
8100	1.0	0.96	0.94	0.98	0.98	0.98	1.0	0.98	0.98	1.0	0.94	0.96	1.0	1.0	0.98	1.0
8150	1.0	0.96	0.94	0.98	0.98	0.98	1.0	0.98	0.98	1.0	0.94	0.96	1.0	1.0	0.98	1.0
8200	1.0	0.96	0.92	0.98	0.98	0.98	1.0	0.96	0.98	1.0	0.96	0.98	1.0	1.0	0.98	1.0
8250	0.98	0.98	0.92	0.98	0.98	0.96	1.0	0.96	1.0	1.0	0.98	0.98	1.0	1.0	0.98	1.0
8300	0.98	0.98	0.92	0.98	0.98	0.96	1.0	0.96	1.0	1.0	0.96	0.98	1.0	1.0	1.0	1.0
8350	0.98	0.98	0.9	0.96	0.98	0.94	1.0	0.94	1.0	1.0	0.96	0.98	1.0	1.0	1.0	1.0
8400	0.98	0.98	0.92	0.96	0.98	0.94	1.0	0.94	0.98	1.0	0.96	0.98	1.0	1.0	1.0	1.0
8450	0.98	0.98	0.92	0.96	0.98	0.92	0.98	0.94	0.98	1.0	0.96	0.96	1.0	1.0	1.0	1.0
8500	0.98	0.98	0.92	0.96	1.0	0.92	0.98	0.94	0.96	1.0	0.98	0.96	1.0	1.0	1.0	1.0
8550	0.98	0.98	0.92	0.94	1.0	0.92	0.98	0.92	0.96	0.98	0.98	0.96	1.0	1.0	1.0	1.0
8600	0.98	0.98	0.96	0.94	1.0	0.9	0.98	0.92	0.94	0.98	0.98	0.96	1.0	1.0	0.98	1.0
8650	0.98	0.98	0.96	0.92	1.0	0.9	0.98	0.92	0.92	0.98	0.98	0.96	1.0	1.0	0.98	1.0
8700	0.98	0.98	0.94	0.92	1.0	0.9	0.98	0.9	0.92	0.98	0.98	0.96	1.0	1.0	0.98	1.0
8750	0.98	0.98	0.94	0.92	1.0	0.92	0.98	0.9	0.92	0.98	0.98	0.96	1.0	1.0	0.98	1.0
8800	0.98	0.98	0.94	0.92	1.0	0.92	0.98	0.9	0.92	0.98	0.98	0.98	1.0	1.0	0.98	1.0
8850	0.98	0.98	0.94	0.92	0.98	0.92	0.98	0.9	0.92	0.98	0.98	0.98	1.0	1.0	0.98	1.0
8900	0.98	0.98	0.94	0.92	0.98	0.9	0.98	0.92	0.92	0.98	0.98	0.98	1.0	1.0	0.98	1.0
8950	0.98	0.98	0.94	0.92	0.98	0.9	0.98	0.92	0.92	0.98	0.98	0.98	1.0	1.0	0.98	0.98
9000	0.98	0.98	0.94	0.92	0.98	0.9	0.98	0.96	0.94	0.98	0.98	1.0	1.0	1.0	0.98	0.98
9050	0.98	0.96	0.96	0.92	0.98	0.9	0.98	0.96	0.94	0.98	0.98	1.0	1.0	1.0	0.98	0.98
9100	0.98	0.96	0.94	0.92	0.98	0.88	0.98	0.96	0.94	0.98	0.98	1.0	1.0	1.0	0.98	0.98
9150	0.98	0.96	0.94	0.92	0.98	0.88	0.98	0.98	0.94	0.98	1.0	1.0	1.0	1.0	0.98	0.98
9200	0.98	0.96	0.96	0.92	0.98	0.9	0.98	0.98	0.96	0.98	0.98	1.0	1.0	0.98	0.98	0.98
9250	0.98	0.96	0.96	0.94	0.98	0.94	0.98	1.0	0.96	1.0	0.96	1.0	0.98	0.98	0.96	0.98
9300	0.98	0.96	0.96	0.94	0.98	0.96	0.98	1.0	1.0	1.0	0.96	1.0	0.96	0.98	0.96	0.98
9350	0.98	0.96	0.96	0.94	0.98	0.96	1.0	1.0	1.0	1.0	0.96	1.0	0.96	0.98	0.98	0.98
9400	0.98	0.96	0.98	0.94	0.98	0.96	1.0	1.0	1.0	1.0	0.96	1.0	0.96	0.98	0.98	0.98
9450	0.98	0.96	0.98	0.94	0.98	0.96	1.0	1.0	1.0	1.0	0.96	1.0	0.96	0.98	0.98	0.98
9500	0.98	0.96	0.98	0.96	0.98	0.96	1.0	1.0	1.0	1.0	0.94	1.0	0.96	0.98	0.98	0.98
9550	0.98	0.96	0.98	0.96	0.98	0.96	1.0	1.0	1.0	1.0	0.94	1.0	0.96	0.98	0.98	0.98
9600	0.98	0.96	0.98	0.96	0.98	0.96	1.0	1.0	1.0	1.0	0.92	1.0	0.96	0.98	0.98	0.98
9650	0.98	0.98	0.98	0.96	0.98	0.98	1.0	1.0	1.0	1.0	0.92	1.0	0.96	0.98	0.98	0.98
9700	0.98	0.98	0.98	0.98	0.98	1.0	1.0	1.0	1.0	1.0	0.92	1.0	0.96	0.98	0.98	0.98
9750	1.0	0.98	0.98	0.98	0.98	1.0	1.0	1.0	1.0	1.0	0.9	1.0	0.94	0.98	0.98	0.98
9800	1.0	1.0	1.0	0.98	0.98	1.0	1.0	0.98	1.0	1.0	0.9	1.0	0.94	0.98	0.98	1.0
9850	1.0	1.0	1.0	1.0	0.98	1.0	1.0	0.98	1.0	1.0	0.9	1.0	0.94	0.98	0.98	1.0
9900	1.0	1.0	1.0	1.0	0.98	1.0	1.0	0.98	1.0	1.0	0.9	1.0	0.94	0.98	0.98	1.0
9950	1.0	1.0	1.0	1.0	0.98	1.0	1.0	0.98	1.0	1.0	0.92	1.0	0.96	0.98	0.96	1.0
10000	1.0	1.0	1.0	1.0	0.98	1.0	1.0	0.98	1.0	1.0	0.92	1.0	0.98	0.98	0.96	1.0
10050	1.0	1.0	1.0	1.0	0.98	1.0	1.0	0.98	1.0	1.0	0.92	1.0	0.98	1.0	0.96	1.0
10100	1.0	0.98	1.0	1.0	0.98	1.0	1.0	0.98	1.0	1.0	0.92	1.0	0.96	1.0	0.96	1.0
10150	1.0	0.98	1.0	1.0	0.98	1.0	1.0	0.98	1.0	1.0	0.92	1.0	0.96	1.0	0.96	1.0
10200	1.0	0.98	1.0	1.0	0.98	1.0	1.0	0.98	1.0	1.0	0.92	1.0	0.96	1.0	0.96	1.0
10250	1.0	0.98	1.0	0.98	1.0	1.0	1.0	0.98	1.0	1.0	0.92	1.0	0.96	1.0	0.96	1.0
10300	1.0	0.94	1.0	0.98	1.0	1.0	1.0	0.98	1.0	1.0	0.92	1.0	0.96	1.0	0.96	1.0
10350	1.0	0.94	1.0	0.98	1.0	1.0	1.0	0.98	1.0	1.0	0.94	1.0	0.96	1.0	0.96	1.0
10400	1.0	0.94	1.0	0.98	0.98	1.0	0.98	0.98	1.0	1.0	0.94	1.0	0.96	0.98	0.96	1.0
10450	1.0	0.94	1.0	0.98	0.98	1.0	0.98	0.98	1.0	1.0	0.94	1.0	0.94	0.98	0.96	1.0
10500	1.0	0.94	1.0	0.96	0.98	1.0	0.98	0.98	1.0	1.0	0.96	1.0	0.96	0.98	0.96	1.0
10550	0.98	0.94	1.0	0.96	0.98	1.0	0.98	0.98	1.0	1.0	0.96	1.0	0.96	0.98	0.96	1.0
10600	0.98	0.94	1.0	0.96	0.98	1.0	0.98	0.98	1.0	1.0	0.96	1.0	0.96	0.98	0.96	0.98
10650	0.98	0.94	1.0	0.96	0.98	1.0	0.98	0.98	1.0	1.0	0.98	1.0	0.96	0.98	0.96	0.98
10700	0.98	0.94	1.0	0.96	0.98	1.0	0.98	0.98	1.0	1.0	0.98	1.0	0.96	0.98	0.96	0.98
10750	0.98	0.94	1.0	0.96	0.98	1.0	0.98	1.0	1.0	1.0	0.98	1.0	0.96	0.98	0.96	0.98
10800	0.98	0.94	1.0	0.96	0.98	1.0	0.98	1.0	1.0	1.0	0.98	1.0	0.96	0.98	0.98	0.98
10850	0.98	0.94	1.0	0.98	0.98	1.0	0.98	1.0	1.0	1.0	0.98	1.0	0.96	0.98	1.0	0.98
10900	0.98	0.94	1.0	0.98	0.94	1.0	0.98	1.0	1.0	1.0	0.98	0.98	0.98	0.98	1.0	0.98
10950	0.96	0.94	1.0	0.98	0.92	1.0	0.98	1.0	1.0	1.0	0.98	0.98	0.98	0.98	1.0	0.98
11000	0.96	0.94	1.0	0.98	0.92	1.0	0.98	1.0	1.0	1.0	0.98	0.98	0.98	0.98	1.0	0.98
11050	0.94	0.94	1.0	0.98	0.92	1.0	0.98	1.0	1.0	1.0	0.98	0.98	0.96	0.98	1.0	0.98
11100	0.94	0.94	1.0	0.98	0.94	1.0	0.98	1.0	1.0	1.0	0.98	0.98	0.96	0.98	1.0	0.98
11150	0.94	0.96	1.0	0.98	0.94	1.0	0.98	1.0	1.0	1.0	1.0	0.98	0.98	0.98	0.96	0.98
11200	0.94	0.98	1.0	1.0	0.92	1.0	0.98	1.0	1.0	1.0	1.0	0.98	0.98	0.98	0.96	0.98
11250	0.96	0.98	1.0	0.98	0.92	1.0	0.98	1.0	0.98	1.0	1.0	0.98	0.98	0.98	0.96	0.98
11300	0.96	0.98	1.0	0.98	0.92	1.0	0.98	1.0	0.98	1.0	1.0	0.98	0.98	0.98	0.96	0.98
11350	0.96	0.98	1.0	0.98	0.92	1.0	0.98	1.0	0.98	1.0	1.0	0.98	0.98	0.98	0.96	0.98
11400	0.96	0.98	1.0	0.98	0.92	1.0	0.98	1.0	0.98	1.0	1.0	0.98	0.98	0.98	0.96	0.98
11450	0.96	0.96	1.0	0.98	0.92	0.98	0.98	1.0	0.98	1.0	1.0	0.98	0.98	0.98	0.92	0.98
11500	0.96	0.96	1.0	0.98	0.92	0.98	0.98	1.0	0.98	1.0	1.0	0.98	0.98	0.98	0.9	1.0
11550	0.96	0.96	1.0	0.98	0.92	0.98	0.98	1.0	0.98	1.0	1.0	0.98	0.98	0.98	0.9	1.0
11600	0.96	0.96	1.0	0.98	0.94	0.98	0.98	1.0	0.96	1.0	1.0	0.98	0.98	0.98	0.9	1.0
11650	0.96	0.96	1.0	0.98	0.96	0.98	0.98	1.0	0.96	1.0	1.0	0.98	0.98	0.98	0.9	1.0
11700	0.96	0.98	1.0	0.98	0.98	0.98	0.98	1.0	0.94	1.0	1.0	0.96	0.98	0.98	0.88	1.0
11750	0.96	0.98	1.0	0.98	0.98	0.96	0.98	1.0	0.94	1.0	1.0	0.96	0.98	0.98	0.88	1.0
11800	1.0	0.98	1.0	0.98	0.98	0.96	1.0	1.0	0.94	1.0	1.0	0.96	0.98	0.98	0.88	1.0
11850	1.0	0.98	1.0	0.98	0.98	0.96	1.0	1.0	0.94	1.0	1.0	0.96	1.0	0.98	0.88	1.0
11900	1.0	0.98	1.0	0.98	1.0	0.96	1.0	1.0	0.94	1.0	1.0	0.96	1.0	0.98	0.88	1.0
11950	1.0	0.98	1.0	1.0	1.0	0.96	1.0	1.0	0.94	0.98	1.0	0.96	1.0	0.98	0.88	1.0
12000	1.0	0.98	1.0	1.0	0.98	0.96	1.0	1.0	0.94	0.96	1.0	0.96	1.0	0.98	0.88	1.0
12050	1.0	0.98	1.0	1.0	0.98	0.96	1.0	1.0	0.94	0.96	1.0	0.96	1.0	0.98	0.92	1.0
12100	1.0	0.98	1.0	1.0	0.98	0.96	1.0	1.0	0.94	0.96	1.0	0.94	1.0	0.98	0.92	1.0
12150	0.98	0.96	1.0	1.0	0.98	0.96	1.0	1.0	0.94	0.96	1.0	0.92	1.0	0.98	0.92	1.0
12200	0.98	0.96	1.0	1.0	0.98	0.96	1.0	1.0	0.94	0.94	1.0	0.92	1.0	0.98	0.92	1.0
12250	0.98	0.98	1.0	1.0	0.96	0.98	1.0	1.0	0.96	0.94	1.0	0.92	1.0	0.98	0.94	0.98
12300	0.98	0.98	1.0	1.0	0.96	0.98	1.0	1.0	0.96	0.94	1.0	0.9	1.0	0.98	0.94	0.98
12350	0.98	0.98	1.0	1.0	0.96	0.96	1.0	1.0	0.96	0.94	1.0	0.9	1.0	0.98	0.94	0.98
12400	0.98	0.98	1.0	1.0	0.94	0.96	1.0	1.0	0.96	0.92	1.0	0.88	1.0	0.98	0.98	0.98
12450	0.98	0.98	1.0	0.98	0.92	0.96	1.0	1.0	0.96	0.92	1.0	0.88	1.0	0.98	0.98	0.98
12500	0.98	0.98	1.0	0.98	0.9	0.96	0.98	1.0	0.98	0.92	1.0	0.9	1.0	0.98	1.0	0.98
12550	0.96	0.98	1.0	0.98	0.9	0.98	0.98	1.0	0.98	0.92	1.0	0.9	1.0	0.98	0.98	0.98
12600	0.96	0.98	1.0	0.98	0.92	0.96	0.98	1.0	0.98	0.92	1.0	0.9	1.0	0.98	0.98	0.98
12650	0.96	0.98	1.0	0.98	0.92	0.96	0.98	1.0	0.98	0.94	1.0	0.9	1.0	0.98	0.98	0.98
12700	0.96	0.98	1.0	0.98	0.9	0.94	0.98	1.0	0.98	0.96	1.0	0.9	1.0	0.98	0.98	0.98
12750	0.96	0.98	1.0	0.96	0.9	0.92	0.98	1.0	0.98	0.96	1.0	0.9	1.0	0.98	0.98	0.98
12800	0.96	0.98	1.0	0.96	0.9	0.92	0.98	1.0	0.98	0.96	1.0	0.9	1.0	0.96	0.98	0.98
12850	0.96	0.98	1.0	0.96	0.9	0.92	0.98	1.0	0.98	0.96	1.0	0.9	1.0	0.96	0.98	0.98
12900	0.96	0.98	1.0	0.96	0.92	0.92	0.98	1.0	0.98	0.98	1.0	0.94	1.0	0.96	0.98	0.98
12950	0.94	0.98	1.0	0.96	0.92	0.94	0.98	1.0	0.98	0.98	1.0	0.94	1.0	0.98	0.96	0.96
13000	0.94	0.98	1.0	0.96	0.94	0.94	0.98	1.0	0.98	0.98	1.0	0.94	1.0	0.98	0.96	0.94
13050	0.96	1.0	1.0	0.96	0.96	0.94	0.98	1.0	0.98	1.0	1.0	0.96	0.98	0.98	0.96	0.96
13100	0.96	1.0	1.0	0.96	0.96	0.92	0.98	1.0	0.98	1.0	1.0	0.96	0.98	0.98	0.96	0.96
13150	0.94	1.0	1.0	0.96	0.96	0.92	0.98	1.0	0.98	1.0	1.0	0.98	0.98	0.98	0.96	0.96
13200	0.94	1.0	1.0	0.94	0.96	0.92	0.98	1.0	0.98	1.0	1.0	0.98	0.98	0.98	0.96	0.96
13250	0.94	1.0	1.0	0.96	0.96	0.92	0.98	1.0	0.98	1.0	1.0	0.98	0.98	0.98	0.96	0.96
13300	0.94	1.0	1.0	0.96	0.96	0.94	0.98	1.0	0.96	1.0	0.98	1.0	0.98	0.98	0.96	0.96
13350	0.94	1.0	1.0	0.96	0.96	0.94	1.0	1.0	0.96	1.0	0.98	0.98	0.98	0.98	0.96	0.96
13400	0.96	1.0	1.0	0.94	0.96	0.94	1.0	1.0	0.96	1.0	0.98	0.98	0.98	0.98	0.96	0.96
13450	0.94	1.0	1.0	0.94	0.98	0.94	1.0	0.98	0.96	1.0	0.98	0.98	0.98	0.98	0.96	0.94
13500	0.92	1.0	1.0	0.96	0.98	0.94	1.0	0.98	0.98	1.0	0.98	0.98	0.98	0.98	0.98	0.94
13550	0.9	1.0	1.0	0.96	0.98	0.94	1.0	0.98	0.98	1.0	0.98	0.98	0.98	0.98	0.98	0.96
13600	0.9	1.0	1.0	0.96	0.98	0.96	1.0	0.98	0.98	1.0	0.98	0.98	0.98	1.0	0.98	0.96
13650	0.9	1.0	1.0	0.94	0.98	0.98	1.0	0.98	0.98	0.98	0.98	0.98	1.0	1.0	1.0	0.98
13700	0.9	1.0	1.0	0.94	0.98	0.98	1.0	0.98	0.98	0.98	0.98	0.98	1.0	1.0	1.0	0.98
13750	0.9	0.98	1.0	0.92	0.98	0.98	1.0	0.98	0.98	0.98	0.98	0.98	1.0	1.0	0.98	0.98
13800	0.9	0.98	1.0	0.92	0.98	0.98	1.0	0.96	0.98	0.98	0.96	0.98	1.0	1.0	0.96	0.98
13850	0.9	0.96	1.0	0.92	0.98	0.98	1.0	0.96	0.98	0.98	0.96	0.98	1.0	1.0	0.96	0.98
13900	0.92	0.96	1.0	0.94	0.98	0.98	1.0	0.96	0.98	0.98	0.96	0.98	1.0	1.0	0.96	0.98
13950	0.9	0.96	1.0	0.94	0.98	0.98	1.0	0.96	0.98	0.98	0.96	0.98	1.0	1.0	0.96	0.98
14000	0.9	0.96	1.0	0.94	0.98	0.98	1.0	0.96	0.98	0.98	0.94	0.98	1.0	1.0	0.96	0.98
14050	0.9	0.96	1.0	0.94	0.98	0.98	1.0	0.96	0.98	0.98	0.94	0.98	1.0	1.0	0.96	0.98
14100	0.92	0.96	1.0	0.94	1.0	0.98	1.0	0.96	0.98	0.98	0.94	1.0	1.0	1.0	0.96	0.98
14150	0.92	0.94	1.0	0.96	1.0	0.98	0.98	0.96	1.0	0.98	0.96	1.0	1.0	0.98	0.96	0.98
14200	0.92	0.94	1.0	0.96	1.0	0.98	0.98	0.98	1.0	0.98	0.96	1.0	1.0	0.98	0.96	1.0
14250	0.92	0.94	1.0	0.96	0.98	0.98	0.98	0.98	1.0	0.98	0.96	1.0	1.0	0.98	0.96	1.0
14300	0.94	0.94	1.0	0.96	0.96	0.98	0.98	0.98	1.0	0.98	0.94	1.0	1.0	0.98	0.96	1.0
14350	0.98	0.94	1.0	0.98	0.96	0.98	0.98	0.98	1.0	0.98	0.94	1.0	1.0	0.98	0.96	1.0
14400	0.98	0.94	1.0	1.0	0.96	0.98	0.98	0.98	1.0	1.0	0.94	1.0	1.0	0.98	0.96	1.0
14450	0.98	0.94	1.0	1.0	0.96	0.98	0.98	0.98	1.0	1.0	0.96	1.0	1.0	0.98	0.94	1.0
14500	0.98	0.94	1.0	1.0	0.96	0.98	0.98	0.98	1.0	1.0	0.96	1.0	1.0	0.98	0.94	1.0
14550	0.96	0.94	1.0	1.0	0.96	0.98	0.98	1.0	1.0	1.0	0.96	1.0	1.0	0.98	0.96	1.0
14600	0.96	0.96	1.0	1.0	0.96	0.98	0.98	1.0	1.0	1.0	0.96	1.0	1.0	0.94	0.96	1.0
14650	0.98	0.96	1.0	1.0	0.96	0.98	0.98	1.0	1.0	1.0	0.96	1.0	1.0	0.94	0.98	1.0
14700	0.98	0.96	1.0	1.0	0.96	0.98	0.98	1.0	1.0	1.0	0.96	1.0	0.98	0.94	0.98	1.0
14750	0.98	0.96	1.0	1.0	0.96	0.98	0.98	1.0	0.98	1.0	0.96	1.0	0.98	0.94	0.98	1.0
14800	0.94	0.96	1.0	1.0	0.96	0.98	0.98	1.0	0.98	1.0	0.96	1.0	0.98	0.94	0.98	1.0
14850	0.94	0.94	1.0	1.0	0.96	0.98	0.98	1.0	0.98	1.0	0.96	1.0	0.98	0.92	0.98	1.0
14900	0.94	0.94	1.0	1.0	0.96	1.0	0.98	1.0	0.98	1.0	0.96	1.0	0.98	0.94	0.98	1.0
14950	0.94	0.94	1.0	1.0	0.96	1.0	0.98	1.0	0.98	1.0	0.96	1.0	0.98	0.94	0.98	1.0
15000	0.94	0.94	1.0	1.0	0.96	1.0	0.98	1.0	0.98	1.0	0.96	1.0	0.96	0.94	0.98	1.0
15050	0.94	0.92	1.0	1.0	0.96	1.0	0.98	1.0	0.98	0.98	0.96	1.0	0.96	0.94	0.98	1.0
15100	0.94	0.92	1.0	1.0	0.96	1.0	0.98	1.0	0.98	0.98	0.94	1.0	0.96	0.94	0.98	1.0
15150	0.92	0.92	1.0	1.0	0.96	1.0	1.0	1.0	0.98	0.98	0.96	1.0	0.96	0.94	0.98	1.0
15200	0.92	0.92	1.0	0.98	0.96	1.0	1.0	1.0	0.98	0.98	0.94	1.0	0.96	0.94	0.98	1.0
15250	0.92	0.92	1.0	0.98	0.98	1.0	1.0	1.0	0.98	0.98	0.94	1.0	0.96	0.98	0.98	1.0
15300	0.9	0.94	1.0	0.98	1.0	1.0	1.0	1.0	0.98	0.98	0.94	1.0	0.96	0.98	0.98	1.0
15350	0.9	0.94	1.0	0.98	1.0	1.0	1.0	1.0	0.98	0.98	0.94	1.0	0.96	0.98	1.0	1.0
15400	0.9	0.94	1.0	0.98	1.0	1.0	1.0	1.0	0.98	0.98	0.94	1.0	0.96	0.98	1.0	1.0
15450	0.92	0.94	1.0	0.98	1.0	1.0	1.0	1.0	0.98	0.98	0.94	1.0	0.96	1.0	1.0	1.0
15500	0.92	0.94	1.0	0.98	1.0	1.0	1.0	1.0	0.98	0.98	0.94	1.0	0.96	1.0	1.0	1.0
15550	0.92	0.94	1.0	0.98	1.0	1.0	1.0	1.0	0.98	0.98	0.94	1.0	0.96	1.0	1.0	1.0
15600	0.92	0.96	1.0	0.96	1.0	1.0	1.0	1.0	0.98	0.98	0.94	1.0	0.96	1.0	1.0	1.0
15650	0.92	0.96	1.0	0.96	1.0	1.0	1.0	1.0	1.0	0.98	0.94	1.0	0.96	1.0	1.0	1.0
15700	0.92	0.96	1.0	0.96	1.0	1.0	1.0	1.0	1.0	0.98	0.94	1.0	0.96	1.0	1.0	1.0
15750	0.92	0.96	1.0	0.96	1.0	1.0	1.0	1.0	1.0	0.98	0.94	0.98	0.96	1.0	1.0	1.0
15800	0.92	0.98	1.0	0.94	1.0	1.0	1.0	1.0	1.0	0.98	0.96	0.98	0.98	1.0	1.0	1.0
15850	0.92	0.98	1.0	0.94	1.0	1.0	1.0	1.0	1.0	0.98	0.96	0.98	0.98	1.0	1.0	1.0
15900	0.92	0.98	1.0	0.94	1.0	1.0	1.0	1.0	1.0	0.98	0.96	0.98	0.98	1.0	1.0	1.0
15950	0.94	0.98	1.0	0.94	1.0	1.0	1.0	1.0	1.0	1.0	0.98	0.98	0.98	1.0	1.0	1.0
16000	0.96	0.98	1.0	0.96	1.0	1.0	1.0	1.0	1.0	1.0	0.98	0.98	0.98	1.0	1.0	1.0
16050	0.96	0.98	1.0	0.96	1.0	1.0	1.0	1.0	1.0	1.0	0.98	0.98	0.96	1.0	1.0	1.0
16100	0.98	0.98	1.0	0.96	1.0	1.0	1.0	1.0	1.0	1.0	1.0	0.98	0.96	1.0	1.0	1.0
16150	0.98	0.98	1.0	0.96	1.0	1.0	1.0	1.0	1.0	1.0	1.0	0.98	0.96	1.0	1.0	1.0
16200	0.98	0.98	1.0	0.96	1.0	1.0	1.0	1.0	1.0	1.0	1.0	0.98	0.96	1.0	1.0	1.0
16250	0.96	0.98	1.0	0.96	1.0	1.0	1.0	1.0	1.0	1.0	1.0	0.98	0.94	1.0	1.0	1.0
16300	0.98	0.98	1.0	0.94	1.0	1.0	1.0	1.0	1.0	1.0	1.0	0.98	0.96	1.0	1.0	1.0
16350	0.98	0.98	1.0	0.9	1.0	1.0	1.0	1.0	1.0	1.0	1.0	0.98	0.94	1.0	1.0	0.98
16400	0.98	0.98	1.0	0.92	1.0	0.98	1.0	1.0	1.0	1.0	1.0	0.98	0.94	1.0	1.0	0.98
16450	0.98	1.0	1.0	0.92	1.0	0.98	1.0	1.0	1.0	1.0	1.0	0.98	0.94	1.0	1.0	0.98
16500	0.98	0.98	1.0	0.92	1.0	0.98	1.0	1.0	1.0	1.0	1.0	0.98	0.94	1.0	1.0	0.98
16550	0.98	0.98	1.0	0.94	1.0	0.98	1.0	1.0	1.0	1.0	1.0	0.98	0.94	1.0	1.0	0.98
16600	0.98	0.98	1.0	0.94	1.0	0.98	1.0	1.0	1.0	1.0	1.0	1.0	0.94	1.0	1.0	0.98
16650	0.98	0.98	1.0	0.94	1.0	0.98	1.0	1.0	1.0	1.0	1.0	1.0	0.94	1.0	1.0	0.98
16700	0.98	0.96	1.0	0.94	1.0	0.98	1.0	1.0	1.0	1.0	1.0	1.0	0.92	1.0	1.0	0.98
16750	0.98	0.96	1.0	0.94	0.98	0.96	1.0	1.0	1.0	1.0	1.0	1.0	0.92	1.0	0.98	0.98
16800	0.98	0.96	1.0	0.94	0.98	0.96	1.0	1.0	1.0	1.0	1.0	1.0	0.9	1.0	0.98	0.98
16850	0.98	0.94	1.0	0.94	0.98	0.96	1.0	1.0	1.0	1.0	1.0	1.0	0.9	1.0	0.98	0.98
16900	0.98	0.94	1.0	0.94	0.98	0.96	1.0	1.0	1.0	1.0	1.0	1.0	0.92	1.0	0.98	0.98
16950	0.98	0.94	1.0	0.94	0.98	0.96	1.0	1.0	1.0	1.0	1.0	1.0	0.92	1.0	0.98	0.98
17000	0.98	0.94	1.0	0.94	0.96	0.96	0.98	1.0	1.0	1.0	1.0	1.0	0.88	1.0	0.98	0.98
17050	0.98	0.94	1.0	0.94	0.96	0.94	0.98	1.0	1.0	1.0	1.0	1.0	0.9	1.0	0.98	1.0
17100	1.0	0.94	1.0	0.96	0.96	0.94	0.98	1.0	1.0	1.0	1.0	1.0	0.92	1.0	0.98	1.0
17150	1.0	0.94	1.0	0.98	0.96	0.94	0.98	1.0	1.0	1.0	1.0	1.0	0.92	1.0	0.98	1.0
17200	1.0	0.94	1.0	0.98	0.96	0.94	0.98	1.0	1.0	1.0	1.0	1.0	0.92	1.0	0.98	1.0
17250	1.0	0.94	1.0	0.98	0.96	0.96	0.98	1.0	1.0	1.0	1.0	1.0	0.9	1.0	0.98	1.0
17300	1.0	0.96	1.0	0.96	0.96	0.96	0.98	1.0	1.0	1.0	1.0	1.0	0.88	1.0	0.98	1.0
17350	1.0	0.96	1.0	0.96	0.96	0.96	0.96	1.0	1.0	1.0	1.0	1.0	0.88	1.0	0.98	1.0
17400	1.0	0.96	1.0	0.96	0.96	0.96	0.96	1.0	1.0	1.0	1.0	1.0	0.9	1.0	0.98	1.0
17450	1.0	0.98	1.0	0.96	0.96	0.96	0.96	1.0	1.0	1.0	1.0	1.0	0.9	1.0	0.98	1.0
17500	1.0	0.98	1.0	0.96	0.96	0.98	0.96	1.0	0.98	1.0	1.0	1.0	0.92	1.0	1.0	1.0
17550	1.0	0.98	1.0	0.96	0.98	0.98	0.96	1.0	0.98	1.0	1.0	1.0	0.92	1.0	1.0	1.0
17600	1.0	0.98	1.0	0.96	0.98	0.96	0.96	1.0	0.98	1.0	1.0	1.0	0.92	1.0	1.0	1.0
17650	1.0	1.0	1.0	0.96	0.98	0.96	0.96	1.0	0.98	1.0	1.0	0.98	0.92	1.0	1.0	1.0
17700	1.0	1.0	1.0	0.96	0.98	0.98	0.96	1.0	0.98	1.0	1.0	0.98	0.9	0.98	1.0	1.0
17750	1.0	1.0	1.0	0.96	0.98	0.98	0.98	1.0	0.98	1.0	1.0	0.98	0.94	0.98	1.0	1.0
17800	1.0	1.0	1.0	0.94	0.98	0.98	0.98	1.0	0.98	1.0	1.0	0.98	0.94	0.96	1.0	1.0
17850	1.0	1.0	0.98	0.94	0.98	0.98	0.98	1.0	0.98	1.0	1.0	0.98	0.94	0.96	1.0	1.0
17900	1.0	1.0	0.96	0.94	0.98	0.98	0.98	1.0	0.98	1.0	1.0	0.98	0.94	0.96	1.0	1.0
17950	1.0	1.0	0.96	0.94	1.0	0.98	0.98	1.0	0.98	0.98	1.0	0.98	0.94	0.96	1.0	0.98
18000	1.0	1.0	0.96	0.96	1.0	0.98	0.98	1.0	0.98	0.98	1.0	0.98	0.94	0.96	0.98	0.98
18050	0.96	1.0	0.96	0.96	1.0	0.98	0.98	1.0	0.98	0.98	1.0	0.98	0.96	0.96	0.98	0.98
18100	0.96	1.0	0.96	0.96	1.0	0.98	1.0	1.0	0.98	0.98	1.0	0.98	0.98	0.96	0.98	0.98
18150	0.96	1.0	0.96	0.96	1.0	0.96	1.0	1.0	0.98	0.98	0.98	0.98	0.98	0.96	0.96	0.98
18200	0.96	1.0	0.94	0.96	0.98	0.96	1.0	1.0	1.0	0.98	0.98	0.98	0.98	0.96	0.96	0.98
18250	0.94	1.0	0.94	0.96	0.98	0.96	1.0	1.0	1.0	0.98	0.98	0.98	0.98	0.96	0.96	0.98
18300	0.94	1.0	0.94	0.96	0.96	0.96	1.0	1.0	1.0	0.98	0.98	0.98	0.98	0.96	0.96	0.96
18350	0.94	1.0	0.94	0.96	0.96	0.96	1.0	1.0	1.0	0.98	0.98	0.98	0.98	0.96	0.96	0.96
18400	0.94	1.0	0.94	0.96	0.96	0.96	1.0	1.0	1.0	0.98	0.98	0.98	0.98	0.96	0.96	0.96
18450	0.94	1.0	0.94	0.96	0.96	0.96	1.0	1.0	1.0	0.98	0.98	0.98	1.0	0.96	0.96	0.96
18500	0.94	1.0	0.94	0.94	0.96	0.96	1.0	1.0	1.0	0.98	0.98	0.98	0.98	0.96	0.96	0.96
18550	0.94	1.0	0.94	0.94	0.96	0.98	1.0	1.0	1.0	0.98	0.96	0.98	0.98	0.96	0.96	0.96
18600	0.94	1.0	0.94	0.94	0.96	0.98	1.0	0.98	1.0	0.98	0.96	0.98	0.98	0.98	0.94	0.98
18650	0.94	1.0	0.96	0.96	0.96	0.98	1.0	0.98	1.0	0.98	0.98	1.0	0.98	0.98	0.94	0.98
18700	0.92	1.0	0.96	0.96	0.96	0.98	1.0	0.98	1.0	0.98	0.98	1.0	0.98	1.0	0.96	0.98
18750	0.92	1.0	0.98	0.94	0.96	0.98	1.0	0.98	1.0	1.0	0.98	1.0	0.98	1.0	0.96	0.98
18800	0.92	1.0	0.98	0.94	0.96	0.98	1.0	0.96	1.0	1.0	0.98	1.0	0.98	0.98	0.98	0.98
18850	0.92	1.0	0.98	0.94	0.94	0.98	1.0	0.96	1.0	1.0	0.98	1.0	0.98	0.98	0.98	0.98
18900	0.92	1.0	0.98	0.96	0.94	0.98	1.0	0.96	1.0	1.0	0.96	1.0	0.98	0.98	0.98	0.98
18950	0.96	1.0	0.98	0.96	0.94	0.98	1.0	0.96	1.0	1.0	0.96	1.0	0.98	0.96	0.98	0.98
19000	0.96	1.0	0.98	0.96	0.94	0.98	1.0	0.96	1.0	1.0	0.96	1.0	0.98	0.96	0.98	1.0
19050	0.96	1.0	0.98	0.96	0.96	1.0	1.0	0.96	1.0	0.98	0.96	1.0	0.98	0.96	0.98	1.0
19100	0.96	1.0	1.0	0.96	0.96	1.0	1.0	0.96	1.0	0.98	0.96	1.0	0.98	0.96	0.98	1.0
19150	0.96	1.0	1.0	0.96	0.98	1.0	1.0	0.96	1.0	0.98	0.96	1.0	0.98	0.96	0.98	1.0
19200	0.96	1.0	1.0	0.96	0.98	1.0	1.0	0.96	1.0	0.98	0.96	1.0	0.98	0.96	0.98	1.0
19250	0.96	1.0	1.0	0.98	0.98	1.0	1.0	0.96	1.0	0.98	0.98	1.0	0.96	0.94	0.98	1.0
19300	0.96	1.0	1.0	0.98	0.96	1.0	0.98	0.98	1.0	0.98	0.98	1.0	0.96	0.94	0.98	1.0
19350	0.96	1.0	1.0	0.96	0.96	1.0	0.98	0.98	1.0	0.98	0.96	1.0	0.96	0.94	0.98	1.0
19400	0.96	1.0	0.98	0.96	0.96	1.0	0.98	0.98	1.0	0.98	0.96	1.0	0.94	0.94	0.98	1.0
19450	0.96	1.0	0.98	0.96	0.96	1.0	0.98	0.98	1.0	0.98	0.96	1.0	0.96	0.94	1.0	1.0
19500	0.96	1.0	0.98	0.96	0.96	1.0	0.98	0.98	1.0	0.98	0.98	1.0	0.96	0.94	1.0	1.0
19550	0.96	1.0	0.98	0.98	0.96	1.0	0.98	1.0	1.0	0.98	0.98	1.0	0.96	0.94	1.0	1.0
19600	0.98	1.0	0.98	0.98	0.96	1.0	0.98	1.0	1.0	0.98	0.98	1.0	0.96	0.92	1.0	1.0
19650	0.98	1.0	0.98	0.96	0.96	1.0	0.98	1.0	1.0	0.98	0.98	1.0	0.96	0.92	1.0	1.0
19700	0.98	1.0	0.98	0.96	0.98	1.0	0.98	1.0	1.0	0.98	0.98	1.0	0.96	0.94	1.0	1.0
19750	0.98	1.0	0.98	0.96	0.98	1.0	0.98	1.0	1.0	0.98	0.98	1.0	0.94	0.94	1.0	1.0
19800	0.98	1.0	0.98	0.96	0.98	0.98	0.98	1.0	0.98	0.98	0.98	1.0	0.94	0.94	1.0	1.0
19850	0.98	1.0	0.98	0.96	0.98	0.96	0.98	1.0	0.98	0.98	0.98	1.0	0.94	0.96	1.0	1.0
19900	0.96	1.0	0.98	0.96	0.98	0.96	0.98	1.0	0.98	0.98	0.98	1.0	0.94	0.96	1.0	1.0
19950	0.96	1.0	0.98	0.96	0.98	0.96	0.98	1.0	0.96	0.96	0.98	1.0	0.96	0.96	1.0	1.0
20000	0.94	1.0	0.98	0.96	0.98	0.96	0.98	1.0	0.96	0.96	0.98	1.0	0.98	0.96	1.0	1.0
