0	0.0	0.0	0.0	0.0	0.0	0.0	0.0	0.0	0.0	0.0	0.0	0.0	0.0	0.0	0.0	0.0
50	0.0	0.0	0.0	0.5	0.2	0.0	0.2	0.0	0.0	0.0	0.25	0.0	0.0	0.0	0.333333333333	0.142857142857
100	0.666666666667	0.428571428571	0.8	0.5	0.285714285714	0.333333333333	0.25	0.0	0.2	0.6	0.555555555556	0.222222222222	0.166666666667	0.4	0.6	0.222222222222
150	0.857142857143	0.666666666667	0.857142857143	0.777777777778	0.444444444444	0.714285714286	0.333333333333	0.285714285714	0.25	0.8	0.615384615385	0.461538461538	0.285714285714	0.5	0.666666666667	0.461538461538
200	0.888888888889	0.714285714286	0.777777777778	0.833333333333	0.615384615385	0.7	0.454545454545	0.615384615385	0.307692307692	0.846153846154	0.642857142857	0.611111111111	0.5	0.6	0.785714285714	0.588235294118
250	0.923076923077	0.733333333333	0.818181818182	0.875	0.705882352941	0.769230769231	0.5	0.666666666667	0.3125	0.882352941176	0.6	0.666666666667	0.6875	0.583333333333	0.722222222222	0.695652173913
300	0.933333333333	0.764705882353	0.857142857143	0.894736842105	0.75	0.8	0.6	0.75	0.45	0.894736842105	0.647058823529	0.681818181818	0.772727272727	0.6875	0.7	0.758620689655
350	0.941176470588	0.789473684211	0.875	0.875	0.8	0.833333333333	0.625	0.739130434783	0.52	0.884615384615	0.684210526316	0.695652173913	0.772727272727	0.772727272727	0.739130434783	0.78125
400	0.95	0.818181818182	0.904761904762	0.888888888889	0.821428571429	0.85	0.666666666667	0.777777777778	0.586206896552	0.9	0.684210526316	0.730769230769	0.821428571429	0.8	0.76	0.8
450	0.954545454545	0.833333333333	0.92	0.896551724138	0.838709677419	0.88	0.7	0.823529411765	0.647058823529	0.909090909091	0.739130434783	0.75	0.827586206897	0.814814814815	0.777777777778	0.794871794872
500	0.925925925926	0.8	0.931034482759	0.914285714286	0.852941176471	0.892857142857	0.727272727273	0.842105263158	0.666666666667	0.911764705882	0.75	0.766666666667	0.852941176471	0.838709677419	0.777777777778	0.809523809524
550	0.933333333333	0.814814814815	0.935483870968	0.926829268293	0.868421052632	0.90625	0.769230769231	0.85	0.7	0.911764705882	0.774193548387	0.805555555556	0.857142857143	0.852941176471	0.793103448276	0.826086956522
600	0.941176470588	0.84375	0.945945945946	0.928571428571	0.875	0.914285714286	0.769230769231	0.869565217391	0.733333333333	0.921052631579	0.787878787879	0.825	0.861111111111	0.868421052632	0.806451612903	0.829787234043
650	0.944444444444	0.848484848485	0.951219512195	0.936170212766	0.878048780488	0.921052631579	0.793103448276	0.872340425532	0.744680851064	0.921052631579	0.815789473684	0.844444444444	0.868421052632	0.886363636364	0.842105263158	0.84
700	0.947368421053	0.857142857143	0.953488372093	0.94	0.888888888889	0.934782608696	0.8125	0.88	0.75	0.9	0.829268292683	0.854166666667	0.878048780488	0.895833333333	0.853658536585	0.9
750	0.95	0.871794871795	0.95652173913	0.98	0.9	0.936170212766	0.823529411765	0.92	0.8	0.886363636364	0.837209302326	0.94	0.891304347826	0.897959183673	0.857142857143	0.98
800	0.954545454545	0.871794871795	0.96	0.98	0.98	0.94	0.823529411765	0.98	0.88	0.893617021277	0.854166666667	0.98	0.891304347826	0.94	0.869565217391	0.98
850	0.957446808511	0.875	0.98	0.98	1.0	0.98	0.842105263158	0.98	0.9	0.9	0.88	1.0	0.895833333333	0.98	0.872340425532	0.98
900	0.96	0.880952380952	1.0	0.98	1.0	0.94	0.857142857143	0.98	0.92	0.92	0.96	1.0	0.96	0.98	0.877551020408	0.98
950	0.98	0.891304347826	1.0	0.94	1.0	0.94	0.863636363636	1.0	0.94	0.92	0.96	1.0	1.0	1.0	0.88	0.98
1000	0.98	0.9	1.0	0.94	1.0	0.94	0.869565217391	1.0	0.96	0.92	0.96	1.0	1.0	1.0	0.9	0.98
1050	0.98	0.98	1.0	0.92	1.0	0.94	0.872340425532	1.0	0.96	0.92	0.98	1.0	1.0	1.0	0.92	0.98
1100	0.98	0.98	1.0	0.94	1.0	0.94	0.875	1.0	0.98	0.92	0.98	1.0	1.0	1.0	0.94	0.98
1150	0.98	0.96	1.0	0.94	1.0	0.94	0.875	0.98	0.98	0.88	0.98	1.0	1.0	1.0	0.94	1.0
1200	0.98	0.96	1.0	0.94	1.0	0.94	0.92	0.98	0.98	0.88	0.98	1.0	0.96	1.0	0.94	1.0
1250	0.98	0.96	1.0	0.94	1.0	0.94	0.98	0.98	0.98	0.88	1.0	1.0	0.96	1.0	0.98	0.98
1300	0.98	0.96	1.0	0.94	1.0	0.94	1.0	0.98	0.98	0.9	1.0	1.0	0.96	1.0	1.0	0.98
1350	1.0	0.96	1.0	0.94	1.0	0.94	1.0	0.98	0.98	0.9	1.0	1.0	0.96	1.0	0.98	0.98
1400	1.0	0.94	1.0	0.94	1.0	0.94	1.0	0.98	0.98	0.9	1.0	1.0	0.96	1.0	0.98	0.98
1450	1.0	0.96	1.0	0.94	0.98	0.94	1.0	0.98	0.98	0.9	1.0	1.0	0.96	1.0	0.98	0.98
1500	1.0	0.96	1.0	0.94	0.98	0.94	1.0	0.98	0.98	0.9	1.0	1.0	0.94	1.0	0.98	0.96
1550	1.0	0.96	1.0	0.94	0.98	0.94	1.0	0.98	1.0	0.9	0.98	1.0	0.94	1.0	0.98	0.96
1600	1.0	0.96	1.0	0.96	0.98	0.94	1.0	0.98	1.0	0.9	0.98	1.0	0.94	1.0	0.98	0.96
1650	1.0	0.94	1.0	0.98	0.98	0.94	1.0	0.98	1.0	0.92	0.98	1.0	0.94	1.0	0.98	0.96
1700	1.0	0.92	1.0	1.0	0.98	0.94	1.0	0.98	1.0	0.92	0.98	1.0	0.94	1.0	0.98	0.96
1750	1.0	0.92	1.0	1.0	0.98	0.94	1.0	0.98	1.0	0.92	0.98	0.98	0.94	1.0	0.98	0.96
1800	1.0	0.9	1.0	1.0	0.98	0.94	1.0	0.98	1.0	0.94	0.98	0.98	0.94	1.0	0.98	0.96
1850	1.0	0.9	1.0	1.0	0.98	0.94	1.0	0.98	1.0	0.94	0.98	0.98	0.92	1.0	0.98	0.96
1900	1.0	0.9	0.98	1.0	0.98	0.94	1.0	0.98	1.0	0.94	0.98	0.98	0.96	1.0	0.98	0.96
1950	1.0	0.9	0.98	1.0	0.98	0.94	1.0	0.98	1.0	0.96	0.98	0.98	0.96	1.0	0.96	0.96
2000	1.0	0.88	0.98	1.0	0.98	0.96	1.0	0.98	1.0	0.96	0.96	0.98	0.96	1.0	0.96	0.96
2050	1.0	0.9	0.98	1.0	0.98	0.98	1.0	0.98	1.0	0.96	0.96	0.98	0.96	1.0	0.96	0.94
2100	1.0	0.9	0.98	0.98	0.98	1.0	1.0	0.98	1.0	0.98	0.96	0.98	0.96	1.0	0.96	0.94
2150	1.0	0.9	0.98	0.98	0.98	1.0	1.0	1.0	1.0	0.98	0.94	0.98	0.96	1.0	0.96	0.96
2200	1.0	0.9	0.98	0.98	0.98	1.0	1.0	1.0	1.0	1.0	0.92	0.98	0.96	1.0	0.96	0.96
2250	1.0	0.92	0.98	0.98	1.0	1.0	1.0	1.0	1.0	1.0	0.92	0.98	0.96	1.0	0.96	0.96
2300	1.0	0.92	0.98	0.98	1.0	1.0	1.0	1.0	1.0	1.0	0.94	0.96	0.96	1.0	0.98	0.96
2350	1.0	0.92	0.98	0.98	1.0	1.0	1.0	1.0	1.0	0.98	0.92	0.96	0.96	1.0	0.96	0.96
2400	1.0	0.92	0.98	0.98	1.0	1.0	1.0	1.0	1.0	0.98	0.92	0.96	0.96	1.0	0.96	0.96
2450	1.0	0.92	0.98	0.98	1.0	1.0	1.0	1.0	1.0	0.98	0.92	0.96	0.96	1.0	0.96	0.98
2500	1.0	0.92	0.98	0.98	1.0	1.0	1.0	1.0	1.0	0.98	0.92	0.98	0.94	1.0	0.96	0.98
2550	1.0	0.96	0.98	0.98	1.0	1.0	1.0	1.0	1.0	0.98	0.92	0.96	0.94	1.0	0.96	0.98
2600	1.0	0.96	0.98	0.98	1.0	1.0	1.0	1.0	0.98	0.98	0.92	0.96	0.94	1.0	0.96	0.98
2650	1.0	0.98	0.98	0.98	1.0	1.0	1.0	1.0	0.98	0.98	0.92	0.96	0.94	1.0	0.94	0.98
2700	0.98	0.98	0.98	0.96	1.0	1.0	1.0	1.0	0.98	0.98	0.92	0.96	0.94	1.0	0.94	0.98
2750	0.98	0.98	0.98	0.96	0.96	1.0	0.98	1.0	0.98	0.98	0.92	0.96	0.96	1.0	0.94	0.98
2800	0.98	0.94	0.98	0.96	0.94	1.0	0.98	1.0	0.98	0.96	0.92	0.96	0.96	1.0	0.94	0.98
2850	0.98	0.94	0.98	0.96	0.94	1.0	0.98	1.0	0.98	0.96	0.94	0.96	0.96	1.0	0.94	0.98
2900	0.98	0.94	0.98	0.96	0.94	1.0	0.98	1.0	0.98	0.94	0.94	0.96	0.96	1.0	0.94	1.0
2950	0.98	0.96	0.98	0.98	0.94	1.0	0.98	1.0	0.98	0.92	0.94	0.98	0.96	1.0	0.94	1.0
3000	0.98	0.96	0.94	0.98	0.94	1.0	0.98	1.0	0.98	0.92	0.96	0.98	0.96	1.0	0.94	1.0
3050	0.98	0.96	0.94	0.98	0.94	1.0	0.98	1.0	0.98	0.92	0.98	0.98	0.96	1.0	0.92	1.0
3100	0.98	0.94	0.94	0.98	0.94	0.98	0.98	1.0	0.98	0.94	0.98	0.98	0.96	1.0	0.92	1.0
3150	0.98	0.94	0.94	0.98	0.94	0.98	0.98	1.0	0.98	0.94	0.98	0.98	0.96	1.0	0.92	1.0
3200	0.98	0.94	0.94	0.98	0.94	0.98	0.98	1.0	0.98	0.94	1.0	1.0	0.98	1.0	0.94	1.0
3250	0.98	0.94	0.94	0.96	0.94	0.98	0.98	1.0	0.98	0.94	1.0	1.0	0.98	1.0	0.94	1.0
3300	0.98	0.94	0.94	0.96	0.94	0.98	0.98	1.0	0.98	0.94	1.0	1.0	0.98	1.0	0.94	1.0
3350	0.98	0.94	0.94	0.94	0.94	0.98	0.98	1.0	0.98	0.92	0.98	1.0	1.0	1.0	0.92	1.0
3400	0.98	0.94	0.94	0.94	0.94	0.98	0.98	1.0	1.0	0.92	0.98	1.0	1.0	1.0	0.92	1.0
3450	0.98	0.94	0.94	0.96	0.96	0.98	0.98	1.0	1.0	0.92	0.98	1.0	1.0	1.0	0.92	1.0
3500	1.0	0.94	0.94	0.94	1.0	0.98	1.0	1.0	1.0	0.92	0.98	1.0	1.0	1.0	0.94	1.0
3550	1.0	0.94	0.94	0.92	1.0	0.98	1.0	1.0	1.0	0.94	0.98	0.98	1.0	1.0	0.94	1.0
3600	1.0	0.94	0.94	0.92	1.0	0.98	1.0	1.0	1.0	0.96	0.98	0.98	1.0	1.0	0.94	1.0
3650	1.0	0.94	0.94	0.92	1.0	0.98	1.0	1.0	1.0	0.98	0.98	0.98	1.0	0.98	0.96	1.0
3700	1.0	0.96	0.94	0.92	1.0	0.98	1.0	1.0	1.0	0.98	0.98	0.96	1.0	0.98	0.96	1.0
3750	1.0	0.96	0.94	0.92	1.0	0.98	1.0	1.0	1.0	0.98	0.98	0.96	1.0	0.98	0.96	1.0
3800	1.0	0.96	0.94	0.92	1.0	0.98	1.0	1.0	1.0	0.98	0.98	0.96	1.0	0.98	0.96	1.0
3850	1.0	0.92	0.96	0.92	1.0	0.98	1.0	1.0	0.98	0.98	0.98	0.96	1.0	0.98	0.96	1.0
3900	1.0	0.92	0.96	0.92	1.0	0.98	1.0	1.0	0.98	0.98	0.98	0.96	1.0	0.98	0.98	0.98
3950	1.0	0.92	0.96	0.92	1.0	0.98	1.0	1.0	0.98	0.98	0.98	0.96	1.0	0.98	0.98	0.98
4000	1.0	0.94	0.96	0.94	1.0	0.98	1.0	1.0	0.98	0.98	0.98	0.96	1.0	0.98	0.98	0.98
4050	1.0	0.94	0.96	0.92	1.0	0.98	1.0	1.0	0.98	0.98	1.0	0.96	1.0	0.98	1.0	0.98
4100	1.0	0.94	0.96	0.92	1.0	0.98	1.0	1.0	0.98	0.98	1.0	0.96	1.0	0.98	1.0	0.98
4150	1.0	0.94	0.94	0.94	1.0	0.98	1.0	1.0	0.98	0.98	1.0	0.96	1.0	0.98	1.0	0.96
4200	1.0	0.94	0.94	0.94	1.0	0.98	0.98	1.0	0.98	1.0	1.0	0.96	1.0	0.98	1.0	0.96
4250	1.0	0.94	0.94	0.94	0.98	0.98	0.98	0.98	0.98	1.0	1.0	0.96	1.0	0.98	1.0	0.96
4300	1.0	0.94	0.94	0.94	0.98	0.98	0.98	0.98	0.98	1.0	1.0	0.94	1.0	0.98	1.0	0.96
4350	1.0	0.92	0.94	0.96	0.96	0.98	0.96	0.98	0.98	1.0	1.0	0.94	1.0	0.98	1.0	0.96
4400	1.0	0.92	0.94	0.96	0.96	0.98	0.94	0.98	0.98	1.0	1.0	0.94	1.0	0.98	1.0	0.96
4450	1.0	0.94	0.94	0.96	0.96	0.96	0.94	0.98	0.98	1.0	1.0	0.96	1.0	1.0	1.0	0.96
4500	1.0	0.94	0.96	0.96	0.96	0.96	0.94	0.98	0.98	1.0	1.0	0.96	1.0	1.0	1.0	0.96
4550	1.0	0.96	0.96	0.94	0.96	0.96	0.94	0.98	0.98	1.0	1.0	0.96	1.0	1.0	0.98	0.96
4600	1.0	0.98	0.96	0.94	0.96	0.96	0.94	0.98	0.98	1.0	1.0	0.96	1.0	1.0	0.98	0.98
4650	1.0	0.98	0.96	0.94	0.96	0.96	0.94	0.98	0.98	1.0	1.0	0.96	1.0	1.0	0.98	0.98
4700	1.0	0.98	0.96	0.94	0.96	0.96	0.94	0.98	0.98	1.0	1.0	0.96	1.0	1.0	0.98	0.98
4750	1.0	0.98	0.96	0.94	0.96	0.96	0.94	0.98	0.98	1.0	1.0	0.96	1.0	1.0	0.98	0.98
4800	1.0	0.98	0.96	0.94	0.96	0.98	0.96	0.98	0.98	1.0	1.0	0.94	1.0	1.0	0.98	1.0
4850	1.0	0.98	0.98	0.94	0.96	0.98	0.96	0.98	1.0	1.0	1.0	0.94	1.0	1.0	0.98	1.0
4900	1.0	0.98	0.98	0.96	0.96	0.98	0.96	0.98	1.0	1.0	1.0	0.94	1.0	1.0	0.98	1.0
4950	1.0	0.98	0.98	0.96	0.96	0.98	0.96	0.98	1.0	1.0	1.0	0.98	1.0	1.0	0.98	1.0
5000	1.0	0.98	0.98	0.96	0.96	0.98	0.96	0.98	1.0	1.0	1.0	0.98	1.0	1.0	0.98	1.0
5050	1.0	0.98	0.98	0.96	0.96	0.98	0.96	1.0	1.0	1.0	1.0	0.98	1.0	1.0	0.98	1.0
5100	0.98	1.0	0.96	0.96	0.98	0.98	0.96	1.0	1.0	1.0	1.0	0.98	1.0	1.0	0.96	1.0
5150	0.98	1.0	0.96	0.96	0.96	0.98	0.98	1.0	1.0	1.0	1.0	0.98	1.0	1.0	0.96	1.0
5200	0.98	1.0	0.96	0.98	0.96	1.0	1.0	1.0	1.0	1.0	1.0	0.98	1.0	1.0	0.96	1.0
5250	0.96	1.0	0.96	0.98	0.98	1.0	1.0	1.0	1.0	1.0	1.0	0.98	1.0	1.0	0.96	1.0
5300	0.96	1.0	0.96	0.98	0.98	1.0	1.0	1.0	1.0	1.0	1.0	0.98	0.98	1.0	0.98	1.0
5350	0.96	1.0	0.96	0.98	0.98	1.0	1.0	1.0	1.0	1.0	1.0	0.98	0.98	1.0	0.98	1.0
5400	0.96	1.0	0.98	0.98	0.96	1.0	1.0	1.0	1.0	1.0	1.0	0.98	0.98	1.0	0.98	1.0
5450	0.96	1.0	0.98	0.98	0.96	1.0	1.0	1.0	1.0	1.0	1.0	0.98	0.98	1.0	0.98	1.0
5500	0.96	1.0	0.98	0.98	0.96	1.0	1.0	1.0	1.0	0.98	1.0	0.98	0.98	1.0	0.98	1.0
5550	0.96	1.0	0.98	0.98	0.96	0.98	1.0	1.0	1.0	0.96	1.0	1.0	0.98	1.0	0.98	0.98
5600	0.96	1.0	0.98	0.98	0.96	0.98	1.0	1.0	1.0	0.96	1.0	1.0	0.98	1.0	0.98	0.98
5650	0.96	0.98	0.98	0.98	0.96	0.98	1.0	1.0	1.0	0.96	1.0	1.0	0.98	1.0	0.98	0.98
5700	0.96	0.98	0.98	0.98	0.96	0.98	1.0	1.0	1.0	0.96	1.0	1.0	0.98	1.0	0.98	0.98
5750	0.96	0.98	0.98	0.98	0.96	0.98	1.0	1.0	1.0	0.96	0.98	1.0	0.98	1.0	0.98	0.96
5800	0.96	0.96	0.98	0.98	0.96	0.96	1.0	1.0	1.0	0.96	0.98	1.0	0.98	1.0	1.0	0.96
5850	0.96	0.94	0.98	0.98	0.96	0.96	1.0	1.0	1.0	0.96	0.98	1.0	0.98	1.0	1.0	0.96
5900	0.98	0.94	1.0	0.98	0.96	0.96	1.0	1.0	1.0	0.96	0.98	1.0	0.98	1.0	1.0	0.96
5950	0.98	0.94	1.0	0.98	0.96	0.96	1.0	1.0	1.0	0.96	0.98	1.0	0.98	1.0	1.0	0.96
6000	0.98	0.94	1.0	0.98	0.96	0.96	1.0	1.0	1.0	0.96	0.98	1.0	0.98	1.0	1.0	0.96
6050	1.0	0.94	1.0	0.98	0.96	0.96	1.0	0.98	1.0	0.94	0.98	1.0	0.98	1.0	1.0	0.96
6100	1.0	0.94	1.0	0.98	0.96	0.96	1.0	0.98	1.0	0.94	0.98	1.0	0.98	1.0	1.0	0.94
6150	1.0	0.94	1.0	0.98	0.96	0.96	1.0	0.98	1.0	0.94	0.98	1.0	0.98	1.0	1.0	0.94
6200	1.0	0.94	1.0	0.98	0.98	0.96	1.0	0.98	1.0	0.94	0.98	1.0	0.98	1.0	1.0	0.94
6250	1.0	0.94	1.0	0.98	0.98	0.96	1.0	0.98	1.0	0.96	0.98	1.0	0.98	1.0	1.0	0.94
6300	1.0	0.94	1.0	1.0	0.98	0.98	0.98	0.98	1.0	0.98	0.98	1.0	0.98	1.0	1.0	0.94
6350	0.98	0.94	1.0	1.0	0.98	0.98	0.98	0.98	1.0	0.98	0.98	1.0	0.98	1.0	1.0	0.94
6400	0.98	0.94	1.0	1.0	0.98	0.98	0.98	0.98	1.0	0.98	0.98	1.0	0.98	1.0	1.0	0.94
6450	0.98	0.94	1.0	1.0	0.98	0.98	0.98	0.98	1.0	0.98	0.98	1.0	0.98	1.0	1.0	0.94
6500	0.98	0.94	1.0	1.0	0.98	0.98	0.98	0.98	1.0	0.98	0.98	1.0	0.98	1.0	1.0	0.96
6550	0.98	0.94	1.0	1.0	0.98	0.98	0.98	0.98	1.0	0.98	0.98	1.0	0.98	1.0	1.0	0.96
6600	0.98	0.96	1.0	1.0	0.98	0.96	0.98	0.98	1.0	0.98	1.0	1.0	0.98	1.0	1.0	0.96
6650	0.98	0.96	1.0	1.0	0.98	0.96	0.98	0.98	1.0	0.98	1.0	1.0	0.98	1.0	1.0	0.96
6700	0.98	0.98	1.0	1.0	0.98	0.98	0.98	0.98	1.0	0.98	1.0	1.0	0.96	1.0	1.0	0.96
6750	0.98	0.98	1.0	1.0	1.0	0.98	0.98	1.0	1.0	0.98	1.0	1.0	0.94	1.0	1.0	0.98
6800	0.98	0.98	1.0	1.0	1.0	0.98	0.98	1.0	1.0	0.98	1.0	1.0	0.96	1.0	1.0	0.98
6850	0.98	0.98	1.0	1.0	1.0	0.98	0.98	1.0	1.0	0.98	1.0	1.0	0.96	1.0	1.0	0.98
6900	0.98	0.98	1.0	1.0	1.0	0.98	0.98	1.0	1.0	0.98	1.0	1.0	0.96	1.0	1.0	0.98
6950	0.98	0.98	1.0	1.0	1.0	0.96	0.98	1.0	1.0	0.96	1.0	1.0	0.96	1.0	0.98	0.98
7000	1.0	0.98	1.0	1.0	1.0	0.96	0.98	1.0	1.0	0.96	1.0	1.0	0.96	1.0	0.98	1.0
7050	1.0	0.98	1.0	1.0	1.0	0.96	0.98	1.0	1.0	0.96	1.0	1.0	0.94	1.0	0.98	1.0
7100	0.98	0.98	1.0	1.0	1.0	0.96	0.98	1.0	1.0	0.96	1.0	1.0	0.92	1.0	0.98	1.0
7150	0.98	0.98	1.0	1.0	1.0	0.96	0.98	1.0	1.0	0.96	1.0	1.0	0.92	1.0	0.98	1.0
7200	0.98	0.98	1.0	1.0	1.0	0.96	1.0	1.0	1.0	0.98	1.0	1.0	0.92	1.0	0.98	1.0
7250	0.98	1.0	1.0	1.0	1.0	0.96	1.0	1.0	1.0	0.98	1.0	1.0	0.92	1.0	0.98	1.0
7300	0.98	1.0	1.0	1.0	1.0	0.96	1.0	1.0	1.0	0.98	1.0	1.0	0.9	1.0	0.98	1.0
7350	0.98	1.0	1.0	1.0	1.0	0.98	1.0	1.0	1.0	0.98	1.0	1.0	0.92	1.0	0.96	1.0
7400	0.98	1.0	1.0	1.0	1.0	0.98	0.98	1.0	1.0	0.98	1.0	1.0	0.94	1.0	0.96	1.0
7450	0.98	1.0	1.0	1.0	1.0	0.98	0.96	1.0	1.0	0.98	1.0	1.0	0.94	1.0	0.96	1.0
7500	0.96	1.0	1.0	1.0	1.0	0.98	0.96	1.0	1.0	0.98	1.0	1.0	0.94	1.0	0.96	0.96
7550	0.96	1.0	1.0	1.0	1.0	0.98	0.96	1.0	1.0	0.98	1.0	1.0	0.94	1.0	0.96	0.96
7600	0.96	1.0	1.0	1.0	1.0	0.98	0.96	1.0	1.0	0.98	1.0	1.0	0.94	1.0	0.96	0.96
7650	0.96	1.0	1.0	1.0	1.0	0.98	0.96	1.0	1.0	0.98	1.0	1.0	0.96	1.0	0.96	0.96
7700	0.96	1.0	1.0	1.0	0.98	0.98	0.96	1.0	1.0	0.98	1.0	1.0	0.96	1.0	0.98	0.96
7750	0.96	1.0	1.0	1.0	0.98	1.0	0.96	1.0	1.0	0.98	1.0	1.0	0.96	1.0	0.98	0.96
7800	0.92	1.0	1.0	1.0	0.98	1.0	0.96	1.0	1.0	0.98	1.0	1.0	0.98	1.0	0.98	0.96
7850	0.92	1.0	1.0	1.0	0.98	1.0	0.96	1.0	1.0	0.98	1.0	1.0	0.98	1.0	0.98	0.96
7900	0.94	1.0	1.0	1.0	0.98	1.0	0.96	1.0	1.0	0.98	1.0	1.0	0.98	1.0	0.98	0.96
7950	0.92	1.0	1.0	1.0	0.98	1.0	0.96	1.0	1.0	0.98	0.98	1.0	0.98	1.0	0.98	0.96
8000	0.92	1.0	1.0	1.0	0.98	0.98	0.96	1.0	1.0	0.98	0.98	1.0	0.98	1.0	0.98	0.96
8050	0.92	1.0	1.0	1.0	0.98	0.98	0.96	1.0	1.0	1.0	0.98	1.0	0.98	1.0	0.96	0.98
8100	0.92	1.0	1.0	0.98	0.98	0.98	0.96	1.0	1.0	1.0	0.98	1.0	0.98	1.0	0.96	0.98
8150	0.92	1.0	1.0	0.98	0.98	0.98	0.98	1.0	1.0	1.0	0.98	1.0	0.98	1.0	0.98	1.0
8200	0.92	1.0	1.0	0.98	0.98	0.98	1.0	1.0	1.0	1.0	0.98	1.0	0.98	1.0	0.98	1.0
8250	0.92	1.0	1.0	0.98	0.96	0.98	1.0	1.0	1.0	1.0	0.98	1.0	0.98	1.0	0.98	1.0
8300	0.92	1.0	1.0	0.98	0.94	0.98	1.0	1.0	1.0	1.0	0.98	1.0	0.98	1.0	0.98	1.0
8350	0.92	1.0	1.0	0.98	0.94	0.98	1.0	1.0	1.0	1.0	0.98	1.0	0.98	1.0	0.98	1.0
8400	0.94	1.0	1.0	0.98	0.94	0.98	1.0	1.0	1.0	1.0	0.98	1.0	0.98	1.0	0.98	0.98
8450	0.94	0.98	1.0	0.98	0.94	0.98	1.0	1.0	1.0	1.0	0.98	1.0	0.98	1.0	0.98	0.98
8500	0.92	0.98	1.0	0.96	0.94	0.98	1.0	1.0	0.98	1.0	0.96	1.0	0.98	1.0	0.98	0.98
8550	0.92	0.98	1.0	0.96	0.94	0.98	1.0	1.0	0.98	1.0	0.96	1.0	0.98	1.0	0.98	0.98
8600	0.96	0.98	1.0	0.96	0.94	0.98	1.0	1.0	0.98	1.0	0.96	1.0	0.98	1.0	0.98	0.98
8650	0.96	0.98	1.0	0.96	0.94	0.96	1.0	1.0	0.98	1.0	0.96	1.0	0.98	1.0	0.98	0.98
8700	0.96	0.98	1.0	0.96	0.94	0.98	1.0	1.0	0.98	1.0	0.96	1.0	0.98	1.0	0.98	0.98
8750	0.96	0.98	1.0	0.98	0.94	0.98	1.0	1.0	0.98	1.0	0.96	1.0	0.98	1.0	0.96	0.96
8800	0.98	0.98	1.0	0.98	0.94	0.98	1.0	1.0	0.98	1.0	0.94	1.0	1.0	1.0	0.96	0.96
8850	0.98	0.98	1.0	0.98	0.94	0.98	1.0	1.0	0.96	1.0	0.94	1.0	1.0	1.0	0.94	0.96
8900	0.98	0.98	1.0	0.98	0.92	0.96	1.0	1.0	0.92	1.0	0.96	1.0	1.0	1.0	0.94	0.96
8950	0.98	0.98	1.0	0.98	0.92	0.96	1.0	1.0	0.92	1.0	0.96	1.0	1.0	1.0	0.96	0.96
9000	0.98	0.98	1.0	0.98	0.92	0.96	1.0	1.0	0.92	1.0	0.96	1.0	1.0	1.0	0.96	0.96
9050	0.98	0.98	1.0	0.98	0.94	0.96	1.0	0.98	0.92	1.0	0.94	1.0	1.0	1.0	0.96	0.96
9100	0.98	0.98	1.0	0.98	0.94	0.96	1.0	0.98	0.92	1.0	0.94	1.0	0.98	1.0	0.96	0.98
9150	0.98	0.98	1.0	0.98	0.94	0.96	1.0	0.98	0.94	0.98	0.94	1.0	0.98	1.0	0.96	0.98
9200	0.98	0.98	1.0	0.98	0.96	0.96	1.0	0.96	0.94	0.98	0.94	1.0	0.98	1.0	0.96	0.98
9250	0.98	1.0	1.0	1.0	0.96	0.96	1.0	0.96	0.94	0.98	0.94	1.0	0.98	1.0	0.96	0.96
9300	1.0	1.0	1.0	1.0	0.96	0.96	1.0	0.96	0.94	0.98	0.94	1.0	0.98	1.0	0.94	0.96
9350	1.0	1.0	1.0	1.0	0.96	0.94	1.0	0.96	0.94	0.98	0.94	1.0	0.98	1.0	0.94	0.96
9400	1.0	1.0	1.0	1.0	0.96	0.94	0.98	0.96	0.94	0.98	0.94	1.0	0.98	1.0	0.94	0.96
9450	1.0	1.0	1.0	1.0	0.96	0.96	0.98	0.96	0.94	0.98	0.94	1.0	0.98	1.0	0.94	0.96
9500	1.0	1.0	1.0	1.0	0.96	0.96	0.98	0.96	0.94	0.98	0.94	1.0	0.98	1.0	0.94	0.98
9550	1.0	1.0	1.0	1.0	0.96	0.96	0.98	0.96	0.96	0.98	0.94	1.0	0.98	1.0	0.96	0.96
9600	1.0	1.0	1.0	1.0	0.96	0.96	0.98	0.96	0.98	0.98	0.94	1.0	0.98	1.0	0.96	0.96
9650	1.0	0.98	1.0	1.0	0.98	0.96	0.98	0.96	0.98	0.98	0.94	1.0	0.98	1.0	0.98	0.96
9700	1.0	0.98	1.0	1.0	1.0	0.98	0.98	0.96	0.98	0.96	0.96	1.0	0.98	1.0	0.98	0.96
9750	1.0	0.98	1.0	1.0	1.0	0.98	0.98	0.96	0.98	0.98	0.96	1.0	0.98	0.98	0.98	0.96
9800	1.0	0.98	1.0	1.0	1.0	0.98	0.98	0.96	0.98	0.98	0.96	1.0	1.0	0.98	0.98	0.96
9850	1.0	0.98	1.0	1.0	1.0	0.98	0.98	0.96	0.98	0.98	0.96	1.0	0.98	0.98	0.98	0.96
9900	1.0	0.98	1.0	1.0	1.0	0.98	0.98	0.96	0.98	0.98	0.96	1.0	0.98	0.98	0.98	0.96
9950	1.0	0.98	1.0	1.0	1.0	0.96	0.96	0.96	0.98	0.98	0.96	1.0	0.98	0.98	0.98	0.96
10000	1.0	0.98	1.0	1.0	1.0	0.96	0.96	0.98	0.98	0.98	0.96	1.0	0.98	0.98	1.0	0.96
10050	1.0	0.98	1.0	1.0	1.0	0.94	0.96	0.98	0.96	0.98	0.98	1.0	0.98	0.98	0.98	0.96
10100	1.0	0.98	1.0	0.98	1.0	0.96	0.96	1.0	0.96	0.98	0.96	1.0	0.98	0.98	0.98	0.96
10150	1.0	0.98	1.0	0.98	1.0	0.96	0.98	1.0	0.96	0.98	0.94	1.0	0.98	0.98	0.98	0.98
10200	1.0	0.98	1.0	0.98	1.0	0.96	0.98	1.0	0.98	0.98	0.94	1.0	0.98	0.98	0.98	0.98
10250	1.0	0.98	1.0	0.98	1.0	0.96	0.98	1.0	0.98	0.98	0.94	0.98	0.98	0.98	0.98	0.98
10300	1.0	0.98	1.0	0.98	0.98	0.96	0.98	1.0	0.98	0.98	0.94	0.98	0.98	0.98	0.98	0.98
10350	1.0	0.98	1.0	0.98	0.98	0.94	0.98	1.0	0.98	0.98	0.96	0.98	0.98	0.98	0.98	0.98
10400	1.0	0.98	1.0	0.98	0.98	0.94	1.0	1.0	0.98	0.98	0.96	0.98	0.96	1.0	0.98	0.98
10450	0.98	1.0	1.0	0.98	0.98	0.94	1.0	1.0	0.98	0.98	0.96	0.98	0.98	1.0	0.98	0.98
10500	0.98	1.0	1.0	0.98	0.98	0.94	1.0	1.0	1.0	0.98	0.94	0.98	0.98	1.0	0.98	0.98
10550	0.98	1.0	1.0	0.98	0.98	0.96	1.0	1.0	1.0	1.0	0.94	0.96	0.98	1.0	0.98	0.98
10600	0.98	1.0	1.0	0.98	0.98	0.96	1.0	1.0	1.0	1.0	0.94	0.96	0.98	1.0	0.98	1.0
10650	0.98	1.0	1.0	0.98	0.98	0.98	1.0	1.0	1.0	1.0	0.94	0.96	0.98	1.0	1.0	1.0
10700	0.98	1.0	1.0	1.0	0.98	0.98	1.0	1.0	0.98	1.0	0.94	0.96	0.98	1.0	1.0	1.0
10750	0.98	1.0	1.0	0.98	0.98	0.98	1.0	1.0	0.98	1.0	0.96	0.96	0.98	1.0	1.0	1.0
10800	0.98	1.0	1.0	0.98	1.0	0.98	1.0	1.0	0.98	1.0	0.96	0.96	0.98	1.0	1.0	1.0
10850	0.98	1.0	1.0	0.98	1.0	0.98	1.0	1.0	0.96	1.0	0.98	0.98	0.98	1.0	1.0	1.0
10900	0.98	1.0	1.0	0.98	1.0	0.98	1.0	1.0	0.96	1.0	0.98	0.98	0.98	1.0	1.0	1.0
10950	0.98	1.0	1.0	0.98	0.98	0.98	0.98	1.0	0.96	1.0	0.98	0.98	0.98	1.0	1.0	1.0
11000	0.98	1.0	1.0	0.98	0.98	0.98	0.98	1.0	0.96	1.0	0.98	0.96	1.0	1.0	1.0	1.0
11050	0.98	1.0	1.0	0.98	0.98	0.98	0.98	1.0	0.96	1.0	0.98	0.94	1.0	1.0	1.0	0.98
11100	1.0	1.0	1.0	0.98	0.98	0.98	0.98	1.0	0.96	1.0	0.98	0.94	1.0	1.0	1.0	0.98
11150	0.98	1.0	1.0	0.98	0.98	0.98	0.98	1.0	0.96	1.0	0.98	0.94	1.0	1.0	1.0	0.98
11200	0.98	1.0	1.0	0.98	0.98	0.98	0.98	1.0	0.94	1.0	1.0	0.96	1.0	0.98	1.0	0.98
11250	0.98	1.0	1.0	0.98	0.98	0.98	0.98	0.98	0.92	1.0	1.0	0.94	1.0	0.98	1.0	0.98
11300	0.98	1.0	1.0	0.98	0.98	0.98	0.98	0.98	0.92	1.0	1.0	0.94	0.98	0.98	1.0	0.98
11350	0.98	1.0	1.0	0.98	0.98	0.98	0.98	0.98	0.94	1.0	1.0	0.94	0.96	0.98	1.0	0.98
11400	0.96	1.0	1.0	0.98	0.96	0.98	0.98	0.98	0.94	1.0	1.0	0.94	0.96	0.98	1.0	0.98
11450	0.96	0.98	1.0	1.0	0.96	0.98	0.98	0.98	0.94	1.0	1.0	0.94	0.96	0.98	1.0	0.98
11500	0.96	0.98	1.0	1.0	0.96	0.98	1.0	0.96	0.94	1.0	1.0	0.94	0.96	0.98	1.0	0.98
11550	0.96	0.98	1.0	1.0	0.96	0.98	1.0	0.94	0.96	1.0	1.0	0.94	0.96	0.98	1.0	0.98
11600	0.96	0.98	1.0	0.98	0.96	0.98	1.0	0.94	0.96	1.0	1.0	0.94	0.96	0.98	1.0	0.98
11650	0.96	0.98	1.0	0.98	0.96	0.98	1.0	0.94	0.96	1.0	1.0	0.94	0.96	0.98	1.0	0.98
11700	0.96	0.98	1.0	0.98	0.98	0.94	0.98	0.94	0.96	1.0	1.0	0.96	0.96	0.98	1.0	0.98
11750	0.96	0.98	1.0	0.98	0.98	0.96	0.98	0.94	0.96	1.0	1.0	0.96	0.92	0.98	0.98	1.0
11800	0.98	0.98	1.0	0.98	0.98	0.96	0.98	0.94	0.96	1.0	1.0	0.96	0.94	0.96	0.98	1.0
11850	0.98	0.98	1.0	0.98	0.98	0.96	0.98	0.96	0.96	1.0	1.0	0.98	0.94	0.96	0.98	1.0
11900	0.98	0.98	1.0	0.98	0.98	0.96	0.98	0.96	0.98	1.0	1.0	0.98	0.94	0.98	0.98	1.0
11950	0.98	0.98	1.0	0.98	0.98	0.96	0.98	0.96	0.98	1.0	1.0	0.98	0.96	0.98	0.98	1.0
12000	0.98	1.0	1.0	0.98	0.98	0.96	0.98	0.96	1.0	1.0	1.0	1.0	0.96	0.98	0.98	1.0
12050	0.98	1.0	1.0	0.98	0.98	0.96	0.98	0.96	1.0	1.0	1.0	1.0	0.96	0.98	0.98	0.98
12100	0.98	1.0	1.0	0.98	1.0	0.94	0.98	0.96	1.0	1.0	1.0	0.98	0.96	0.98	0.98	0.98
12150	1.0	1.0	1.0	0.98	1.0	0.94	0.96	0.96	1.0	1.0	1.0	0.98	0.96	0.96	0.98	0.98
12200	1.0	1.0	1.0	1.0	0.98	0.94	0.96	0.96	1.0	1.0	1.0	0.98	0.96	0.96	0.98	0.98
12250	1.0	1.0	1.0	1.0	0.98	0.94	0.96	0.98	1.0	1.0	1.0	0.96	0.96	0.96	0.98	0.98
12300	1.0	1.0	1.0	1.0	0.98	0.98	0.96	0.98	1.0	1.0	1.0	0.96	0.96	0.96	0.98	0.98
12350	1.0	1.0	1.0	1.0	0.98	0.98	0.96	0.98	1.0	1.0	1.0	0.96	0.96	0.96	1.0	0.98
12400	1.0	1.0	1.0	1.0	0.96	0.98	0.98	0.96	1.0	1.0	1.0	0.96	0.94	0.96	1.0	0.98
12450	1.0	1.0	1.0	1.0	0.96	0.98	0.98	0.94	1.0	1.0	1.0	0.94	0.94	0.98	1.0	0.98
12500	1.0	1.0	1.0	0.98	0.96	0.98	0.98	0.94	1.0	1.0	1.0	0.94	0.98	0.98	1.0	0.98
12550	1.0	1.0	1.0	0.98	0.96	0.98	0.98	0.94	1.0	1.0	1.0	0.94	0.98	0.98	1.0	0.98
12600	1.0	1.0	1.0	0.98	0.96	0.98	0.98	0.94	1.0	1.0	1.0	0.94	0.98	0.98	1.0	0.98
12650	0.98	1.0	1.0	0.98	0.92	0.98	1.0	0.94	1.0	1.0	1.0	0.94	0.98	0.98	1.0	1.0
12700	0.98	1.0	1.0	0.98	0.92	0.98	1.0	0.94	1.0	1.0	1.0	0.94	0.98	0.98	0.98	1.0
12750	0.98	0.98	1.0	0.98	0.92	0.98	1.0	0.94	1.0	1.0	1.0	0.94	0.98	1.0	0.98	1.0
12800	0.98	0.98	1.0	0.98	0.92	1.0	1.0	0.92	1.0	1.0	1.0	0.94	0.98	1.0	0.98	1.0
12850	0.98	0.98	1.0	0.98	0.94	1.0	1.0	0.92	1.0	1.0	1.0	0.96	0.98	1.0	0.98	1.0
12900	0.98	0.98	1.0	0.98	0.92	0.98	0.96	0.88	1.0	1.0	1.0	0.96	0.98	1.0	0.98	1.0
12950	0.98	0.98	1.0	0.98	0.94	0.98	0.96	0.88	1.0	1.0	1.0	0.96	1.0	1.0	0.98	1.0
13000	0.98	0.98	1.0	0.98	0.94	0.98	0.96	0.88	0.98	1.0	1.0	0.96	1.0	1.0	0.98	1.0
13050	0.98	0.98	1.0	0.98	0.94	0.96	0.96	0.88	0.98	1.0	0.98	0.96	1.0	1.0	0.98	1.0
13100	0.98	0.98	1.0	0.98	0.94	0.96	0.96	0.88	0.98	1.0	0.98	0.98	1.0	1.0	0.98	0.98
13150	0.98	0.98	1.0	0.98	0.94	0.96	0.96	0.9	0.98	1.0	0.98	0.96	1.0	1.0	0.98	0.98
13200	0.98	0.98	1.0	1.0	0.96	0.94	0.96	0.92	0.98	1.0	0.98	0.96	1.0	1.0	0.98	0.98
13250	0.98	0.98	1.0	1.0	0.96	0.94	0.96	0.92	0.98	1.0	0.98	0.96	1.0	1.0	0.98	0.98
13300	1.0	0.98	1.0	1.0	0.96	0.94	0.94	0.94	0.98	1.0	0.98	0.96	1.0	1.0	0.98	0.98
13350	1.0	0.98	1.0	1.0	0.96	0.94	0.94	0.94	0.98	1.0	0.98	0.96	1.0	1.0	0.98	0.98
13400	1.0	0.98	1.0	1.0	0.96	0.94	0.92	0.94	0.98	1.0	0.98	0.96	1.0	1.0	0.98	0.98
13450	1.0	0.98	1.0	1.0	0.98	0.94	0.92	0.94	0.98	1.0	0.98	0.96	1.0	1.0	0.98	0.98
13500	0.98	0.98	1.0	1.0	0.98	0.94	0.92	0.94	0.98	1.0	0.98	0.96	1.0	1.0	0.98	0.98
13550	0.98	0.98	1.0	1.0	0.98	0.94	0.94	0.96	0.98	1.0	0.98	0.96	1.0	1.0	1.0	0.98
13600	0.98	0.98	1.0	1.0	0.98	0.96	0.94	0.98	0.98	1.0	0.98	0.96	1.0	1.0	1.0	0.98
13650	0.98	0.98	1.0	1.0	0.98	0.96	0.96	1.0	0.98	1.0	0.98	0.98	1.0	0.98	1.0	0.98
13700	0.98	0.98	1.0	1.0	0.98	0.94	0.96	1.0	1.0	1.0	0.98	0.98	1.0	0.98	1.0	0.98
13750	0.98	0.98	1.0	1.0	0.98	0.96	0.96	1.0	1.0	1.0	0.98	0.98	1.0	0.98	1.0	0.98
13800	0.98	0.98	1.0	0.98	1.0	0.94	0.96	1.0	1.0	1.0	1.0	0.98	1.0	0.98	1.0	1.0
13850	0.98	0.98	1.0	0.98	1.0	0.94	0.98	1.0	1.0	1.0	1.0	0.98	1.0	0.98	1.0	1.0
13900	0.98	0.98	1.0	0.98	1.0	0.96	0.98	1.0	1.0	1.0	1.0	0.98	1.0	0.98	1.0	1.0
13950	0.98	0.96	1.0	0.98	1.0	0.96	1.0	1.0	1.0	1.0	1.0	0.98	1.0	0.98	1.0	1.0
14000	0.98	0.94	1.0	0.98	1.0	0.96	1.0	1.0	1.0	1.0	1.0	0.98	1.0	0.98	1.0	1.0
14050	0.96	0.94	1.0	0.98	1.0	0.96	1.0	1.0	1.0	1.0	1.0	0.98	1.0	0.98	1.0	1.0
14100	0.96	0.94	1.0	0.98	1.0	0.96	1.0	1.0	1.0	1.0	1.0	0.98	1.0	0.98	1.0	1.0
14150	0.98	0.92	1.0	0.96	1.0	0.96	1.0	1.0	1.0	1.0	1.0	0.98	1.0	0.98	1.0	1.0
14200	0.94	0.92	1.0	0.94	1.0	0.96	1.0	1.0	1.0	1.0	1.0	0.98	1.0	0.98	1.0	1.0
14250	0.94	0.94	1.0	0.94	1.0	0.96	1.0	1.0	1.0	1.0	1.0	0.98	1.0	0.98	0.98	1.0
14300	0.94	0.94	1.0	0.94	1.0	0.94	1.0	1.0	1.0	1.0	1.0	0.98	0.98	0.98	0.98	1.0
14350	0.94	0.92	1.0	0.96	1.0	0.96	1.0	1.0	1.0	1.0	1.0	0.96	0.98	0.98	0.98	1.0
14400	0.94	0.92	1.0	0.96	1.0	0.96	1.0	1.0	1.0	1.0	1.0	0.96	0.96	1.0	0.98	1.0
14450	0.94	0.92	1.0	0.96	1.0	0.96	1.0	1.0	1.0	1.0	1.0	0.96	0.96	1.0	0.98	1.0
14500	0.94	0.94	1.0	0.96	1.0	0.96	1.0	1.0	1.0	1.0	1.0	0.96	0.96	0.98	0.98	1.0
14550	0.94	0.94	1.0	0.96	1.0	0.98	1.0	1.0	1.0	1.0	1.0	0.96	0.96	0.98	0.96	1.0
14600	0.92	0.96	1.0	0.96	1.0	0.98	1.0	1.0	1.0	1.0	1.0	0.96	0.96	0.98	0.96	1.0
14650	0.94	0.96	1.0	0.96	1.0	0.98	1.0	1.0	1.0	1.0	1.0	0.96	0.96	0.98	0.96	1.0
14700	0.92	0.96	1.0	0.94	1.0	0.98	0.98	1.0	1.0	1.0	1.0	0.96	0.96	0.98	0.94	1.0
14750	0.92	0.96	1.0	0.94	1.0	0.98	0.98	1.0	1.0	1.0	1.0	0.96	0.96	0.98	0.94	1.0
14800	0.92	0.96	1.0	0.94	1.0	0.98	0.98	1.0	1.0	1.0	1.0	0.96	0.96	0.96	0.94	1.0
14850	0.94	0.96	1.0	0.98	1.0	0.98	0.98	1.0	1.0	1.0	1.0	0.98	0.96	0.96	0.94	1.0
14900	0.96	0.98	1.0	0.98	1.0	0.98	0.98	1.0	1.0	0.98	0.98	0.98	0.98	0.96	0.94	1.0
14950	0.96	0.98	1.0	0.98	1.0	1.0	0.98	1.0	1.0	0.98	0.98	0.98	0.98	0.94	0.94	1.0
15000	0.96	0.98	1.0	0.98	1.0	1.0	0.98	1.0	1.0	0.98	0.96	0.98	0.98	0.94	0.94	1.0
15050	0.96	0.98	1.0	0.98	1.0	1.0	0.98	1.0	1.0	0.98	0.96	0.98	1.0	0.94	0.96	1.0
15100	0.96	1.0	1.0	0.98	1.0	1.0	0.98	1.0	1.0	0.98	0.96	0.98	1.0	0.94	0.96	0.98
15150	0.94	1.0	1.0	0.98	1.0	1.0	0.98	1.0	1.0	0.98	0.96	1.0	1.0	0.96	0.96	0.98
15200	0.94	1.0	0.98	0.98	1.0	1.0	0.98	1.0	1.0	0.96	0.96	1.0	1.0	0.94	0.96	0.98
15250	0.94	1.0	0.98	0.98	1.0	1.0	0.98	1.0	1.0	0.96	0.96	1.0	1.0	0.94	0.96	0.98
15300	0.94	1.0	0.98	0.98	1.0	1.0	0.98	0.98	1.0	0.96	0.96	1.0	1.0	0.92	0.96	0.98
15350	0.96	1.0	0.98	1.0	1.0	1.0	0.96	0.98	1.0	0.96	0.96	1.0	1.0	0.9	0.94	0.98
15400	0.96	1.0	0.98	1.0	1.0	1.0	0.98	0.98	1.0	0.96	0.96	1.0	1.0	0.9	0.96	0.96
15450	0.96	1.0	0.98	1.0	1.0	1.0	0.98	0.98	1.0	0.96	0.96	1.0	1.0	0.92	0.96	0.96
15500	0.98	1.0	0.96	1.0	1.0	1.0	0.98	0.98	1.0	0.96	0.96	1.0	1.0	0.92	0.96	0.96
15550	0.98	1.0	0.96	0.98	0.98	1.0	0.98	0.98	1.0	0.96	0.94	0.98	1.0	0.92	0.96	0.96
15600	0.98	0.98	0.96	0.98	0.98	1.0	0.98	0.98	1.0	0.96	0.94	0.98	1.0	0.92	0.96	0.96
15650	0.96	0.98	0.96	0.98	0.96	1.0	0.98	0.98	1.0	0.96	0.96	0.98	1.0	0.92	0.96	0.96
15700	0.96	0.98	0.96	0.98	0.96	1.0	0.98	0.98	1.0	0.98	0.94	0.98	1.0	0.92	0.96	0.96
15750	0.96	0.98	0.96	0.98	0.96	1.0	0.98	0.98	1.0	0.98	0.96	0.98	1.0	0.92	0.96	0.96
15800	0.96	0.98	0.98	0.98	0.96	1.0	1.0	0.98	1.0	0.98	0.96	0.96	1.0	0.94	0.96	0.96
15850	0.96	0.98	0.98	0.98	0.96	1.0	1.0	0.98	1.0	0.98	0.96	0.94	1.0	0.94	0.96	0.96
15900	0.96	0.98	0.98	0.98	0.96	1.0	1.0	0.98	1.0	0.98	0.96	0.92	1.0	0.96	0.96	0.96
15950	0.96	0.96	0.98	0.98	0.96	1.0	1.0	0.98	1.0	1.0	0.96	0.92	1.0	0.96	0.96	0.96
16000	0.98	0.96	0.98	0.98	0.96	1.0	1.0	0.98	1.0	1.0	0.96	0.92	1.0	0.96	0.96	0.96
16050	0.98	0.96	0.98	0.98	0.94	1.0	1.0	0.98	1.0	1.0	0.96	0.92	1.0	0.96	0.98	0.94
16100	0.98	0.96	0.98	0.98	0.94	1.0	1.0	0.98	1.0	1.0	0.96	0.9	1.0	0.96	0.98	0.96
16150	0.98	0.96	0.98	0.98	0.94	1.0	1.0	0.98	1.0	1.0	0.98	0.9	1.0	0.98	1.0	0.94
16200	0.98	0.96	0.98	0.98	0.96	1.0	1.0	1.0	1.0	1.0	0.98	0.92	1.0	0.98	1.0	0.94
16250	0.98	0.96	1.0	0.98	0.96	1.0	1.0	1.0	1.0	1.0	0.98	0.92	1.0	0.98	1.0	0.94
16300	1.0	0.96	1.0	0.98	0.94	1.0	1.0	1.0	1.0	1.0	1.0	0.92	1.0	0.98	1.0	0.94
16350	1.0	0.96	1.0	0.98	0.94	1.0	1.0	1.0	1.0	1.0	1.0	0.92	1.0	0.96	1.0	0.94
16400	1.0	0.96	1.0	0.98	0.94	1.0	1.0	1.0	1.0	1.0	1.0	0.92	1.0	0.96	0.98	0.94
16450	1.0	0.96	1.0	0.98	0.94	1.0	1.0	1.0	1.0	1.0	1.0	0.92	1.0	0.98	0.94	0.94
16500	1.0	0.96	1.0	0.98	0.96	1.0	1.0	1.0	1.0	1.0	0.98	0.92	1.0	0.98	0.92	0.94
16550	1.0	0.96	1.0	0.98	0.96	1.0	1.0	1.0	1.0	1.0	0.98	0.92	1.0	0.98	0.92	0.94
16600	1.0	0.94	1.0	0.98	0.96	1.0	1.0	1.0	1.0	1.0	0.98	0.94	1.0	0.96	0.92	0.94
16650	1.0	0.94	1.0	0.98	0.96	1.0	1.0	1.0	1.0	1.0	0.96	0.96	1.0	0.96	0.92	0.94
16700	1.0	0.94	1.0	0.98	0.96	1.0	1.0	1.0	1.0	1.0	0.96	0.98	1.0	0.96	0.92	0.96
16750	1.0	0.96	1.0	0.98	0.96	1.0	1.0	1.0	1.0	1.0	0.96	0.98	1.0	0.96	0.92	0.96
16800	1.0	0.96	1.0	0.98	0.98	1.0	1.0	1.0	0.98	1.0	0.96	0.98	1.0	0.96	0.92	0.96
16850	1.0	0.96	1.0	1.0	1.0	1.0	1.0	1.0	0.98	1.0	0.96	0.98	1.0	0.94	0.92	0.96
16900	1.0	0.96	1.0	1.0	1.0	1.0	1.0	1.0	0.98	0.98	0.96	0.98	1.0	0.94	0.9	0.96
16950	1.0	0.96	1.0	1.0	1.0	1.0	0.98	1.0	0.98	0.98	0.96	1.0	1.0	0.96	0.9	0.98
17000	1.0	0.98	1.0	1.0	1.0	1.0	0.98	1.0	0.98	0.98	0.96	1.0	1.0	0.96	0.9	1.0
17050	1.0	0.98	0.98	1.0	1.0	1.0	0.98	1.0	0.98	0.98	0.96	1.0	1.0	0.94	0.92	1.0
17100	1.0	0.98	0.98	1.0	1.0	1.0	0.98	1.0	0.98	0.98	0.96	1.0	1.0	0.94	0.92	1.0
17150	1.0	0.98	0.98	1.0	1.0	1.0	0.98	1.0	0.98	0.98	0.96	1.0	1.0	0.94	0.96	1.0
17200	1.0	1.0	0.98	1.0	1.0	1.0	0.98	1.0	0.98	0.98	0.96	1.0	1.0	0.94	0.98	1.0
17250	1.0	1.0	0.98	0.98	1.0	1.0	0.98	1.0	0.98	0.98	0.96	1.0	1.0	0.94	0.98	0.98
17300	1.0	1.0	0.98	0.98	1.0	1.0	0.98	1.0	0.98	0.98	0.98	1.0	1.0	0.94	0.98	0.98
17350	1.0	1.0	0.98	0.98	1.0	1.0	0.98	1.0	0.98	0.98	0.98	0.98	1.0	0.92	0.98	0.98
17400	1.0	1.0	0.98	0.98	1.0	1.0	0.98	1.0	0.98	0.96	0.98	0.98	0.98	0.94	0.98	0.98
17450	1.0	0.98	0.98	0.98	1.0	1.0	0.98	1.0	0.98	0.96	0.98	0.98	0.98	0.92	0.98	0.98
17500	1.0	0.98	0.98	0.96	1.0	1.0	0.98	1.0	0.98	0.96	0.96	0.98	0.98	0.92	0.98	0.98
17550	1.0	0.98	0.98	0.96	1.0	1.0	0.98	1.0	0.98	0.96	0.96	0.98	0.98	0.92	1.0	0.98
17600	1.0	0.98	0.98	0.96	1.0	1.0	0.98	1.0	1.0	0.96	0.98	0.98	0.98	0.94	1.0	0.98
17650	1.0	0.98	1.0	0.96	1.0	1.0	0.98	1.0	1.0	0.98	0.98	0.98	0.98	0.94	1.0	0.98
17700	1.0	0.98	1.0	0.96	1.0	1.0	0.98	1.0	1.0	0.98	0.98	0.98	0.98	0.94	1.0	0.96
17750	1.0	0.98	1.0	0.96	1.0	1.0	0.98	1.0	1.0	0.98	0.98	0.98	0.98	0.94	1.0	0.96
17800	1.0	0.98	1.0	0.94	1.0	1.0	0.98	1.0	1.0	0.98	0.98	0.98	0.98	0.94	1.0	0.98
17850	1.0	0.98	1.0	0.94	1.0	1.0	1.0	0.98	1.0	0.98	0.98	0.98	0.98	0.94	1.0	0.96
17900	1.0	0.98	1.0	0.94	1.0	1.0	1.0	0.98	1.0	0.98	0.98	0.98	0.98	0.94	1.0	0.96
17950	1.0	0.98	0.98	0.96	1.0	1.0	1.0	0.98	1.0	0.98	0.98	0.98	0.98	0.94	1.0	0.96
18000	1.0	0.98	0.98	0.96	1.0	1.0	1.0	0.98	1.0	0.98	0.98	0.98	0.98	0.94	1.0	0.96
18050	1.0	0.98	0.98	0.96	1.0	1.0	1.0	0.98	1.0	0.98	1.0	0.98	0.98	0.96	1.0	0.96
18100	1.0	0.98	0.98	0.96	1.0	1.0	1.0	0.98	1.0	1.0	1.0	0.98	0.96	0.96	1.0	0.96
18150	1.0	0.98	0.98	0.96	1.0	1.0	1.0	0.98	1.0	1.0	1.0	1.0	0.96	0.96	1.0	0.96
18200	1.0	0.98	0.98	0.96	1.0	1.0	1.0	0.96	1.0	1.0	1.0	1.0	0.96	0.96	1.0	0.96
18250	1.0	0.98	0.98	0.96	1.0	1.0	1.0	0.96	0.96	1.0	1.0	1.0	0.96	0.98	1.0	0.96
18300	1.0	1.0	0.98	0.98	1.0	1.0	1.0	0.96	0.96	1.0	1.0	1.0	0.96	0.98	1.0	0.98
18350	1.0	1.0	0.98	0.98	1.0	1.0	1.0	0.96	0.96	1.0	1.0	1.0	0.96	0.98	1.0	0.98
18400	1.0	1.0	0.98	0.98	1.0	1.0	1.0	0.96	0.96	1.0	1.0	1.0	0.96	0.98	1.0	0.98
18450	1.0	1.0	0.98	0.96	1.0	1.0	1.0	0.96	0.96	1.0	1.0	0.98	0.96	1.0	1.0	1.0
18500	1.0	1.0	0.98	0.96	1.0	1.0	1.0	0.96	0.96	1.0	1.0	0.98	0.96	1.0	1.0	1.0
18550	1.0	1.0	0.98	0.96	1.0	1.0	1.0	0.96	0.96	0.98	1.0	0.98	0.96	0.98	1.0	1.0
18600	1.0	1.0	0.98	0.96	1.0	1.0	1.0	0.96	0.96	0.98	1.0	0.98	0.96	0.98	1.0	1.0
18650	1.0	1.0	1.0	0.98	1.0	1.0	1.0	0.96	0.96	0.98	1.0	0.98	0.96	0.98	1.0	1.0
18700	1.0	1.0	1.0	0.98	1.0	1.0	1.0	0.96	0.96	0.98	1.0	0.98	0.96	0.98	1.0	1.0
18750	1.0	1.0	1.0	0.98	1.0	0.98	1.0	0.96	0.96	0.96	1.0	0.98	0.94	0.98	1.0	1.0
18800	1.0	1.0	1.0	0.98	1.0	0.98	1.0	0.96	0.96	0.94	1.0	0.98	0.94	0.98	1.0	1.0
18850	1.0	1.0	1.0	0.98	1.0	0.98	1.0	0.96	0.96	0.94	1.0	0.98	0.94	0.98	1.0	1.0
18900	1.0	0.98	1.0	0.98	1.0	0.98	1.0	0.98	0.94	0.94	1.0	0.98	0.94	0.98	1.0	1.0
18950	1.0	0.98	1.0	0.96	1.0	0.98	1.0	0.98	0.96	0.94	1.0	0.98	0.96	0.98	1.0	1.0
19000	1.0	0.98	1.0	0.96	1.0	0.98	1.0	0.98	0.98	0.94	1.0	0.98	0.98	0.98	1.0	1.0
19050	1.0	0.98	1.0	0.96	1.0	0.98	1.0	1.0	0.98	0.94	0.98	0.98	0.98	0.98	1.0	1.0
19100	1.0	0.98	1.0	0.94	1.0	0.98	1.0	1.0	0.98	0.94	0.98	0.98	0.98	0.98	1.0	1.0
19150	1.0	0.98	1.0	0.94	1.0	0.98	1.0	1.0	0.98	0.94	0.98	1.0	0.98	0.98	1.0	0.98
19200	1.0	0.98	1.0	0.96	1.0	0.98	1.0	1.0	0.98	0.94	0.98	1.0	0.96	0.98	1.0	0.98
19250	1.0	0.98	1.0	0.94	1.0	0.98	1.0	1.0	0.98	0.94	0.96	1.0	0.96	1.0	1.0	0.98
19300	1.0	0.98	1.0	0.92	1.0	0.98	1.0	1.0	0.98	0.96	0.96	1.0	0.96	1.0	1.0	0.98
19350	1.0	0.98	1.0	0.92	1.0	0.96	1.0	1.0	0.98	0.96	0.96	1.0	0.96	1.0	1.0	0.96
19400	1.0	0.98	1.0	0.9	1.0	0.96	1.0	1.0	1.0	0.96	0.96	1.0	0.96	1.0	1.0	0.96
19450	1.0	0.98	1.0	0.9	1.0	0.98	1.0	1.0	1.0	0.96	0.96	1.0	0.96	1.0	1.0	0.96
19500	1.0	0.96	1.0	0.9	1.0	0.98	1.0	1.0	1.0	0.98	0.96	1.0	0.98	1.0	1.0	0.96
19550	1.0	0.96	1.0	0.9	1.0	0.98	1.0	1.0	1.0	1.0	0.96	1.0	0.98	1.0	1.0	0.96
19600	1.0	0.94	1.0	0.9	1.0	0.98	1.0	1.0	1.0	0.98	0.96	1.0	0.98	1.0	1.0	0.96
19650	1.0	0.94	1.0	0.9	1.0	0.98	1.0	1.0	1.0	0.98	0.94	1.0	0.98	1.0	1.0	0.94
19700	1.0	0.94	1.0	0.92	1.0	0.98	1.0	1.0	1.0	0.98	0.94	1.0	0.98	1.0	1.0	0.94
19750	1.0	0.94	1.0	0.92	1.0	0.98	1.0	1.0	0.98	0.98	0.96	1.0	0.98	0.98	1.0	0.94
19800	1.0	0.96	1.0	0.94	1.0	0.98	1.0	1.0	0.98	0.98	0.96	1.0	0.98	0.98	1.0	0.94
19850	1.0	0.96	1.0	0.94	1.0	0.98	1.0	1.0	0.98	0.98	0.96	1.0	0.98	0.98	1.0	0.94
19900	1.0	0.96	1.0	0.94	1.0	0.98	1.0	1.0	0.98	0.98	0.96	1.0	0.96	0.98	1.0	0.94
19950	1.0	0.96	1.0	1.0	1.0	0.98	1.0	1.0	0.98	0.98	0.96	1.0	0.96	0.98	1.0	0.96
20000	1.0	0.96	1.0	1.0	1.0	0.98	1.0	1.0	0.98	0.98	0.96	1.0	0.96	0.98	1.0	0.96
