0	0	0	0	0	0	0	0	0	0	0	0	0	0	0	0	0	0
50	2	3	3	2	1	1	1	1	1	1	1	1	1	2	3	1	6
100	5	6	4	4	2	3	4	4	3	3	3	4	4	4	5	4	26
150	6	8	5	7	5	5	7	5	4	4	5	6	5	4	5	6	38
200	6	8	6	9	6	7	8	7	4	6	5	7	7	4	6	6	43
250	7	9	8	9	7	7	9	9	6	6	6	7	7	4	7	6	43
300	8	9	10	9	9	8	10	9	7	6	6	7	7	5	8	7	50
350	8	9	10	10	10	9	10	10	8	6	7	7	8	7	8	7	53
400	8	9	10	10	10	10	10	10	8	7	7	7	8	8	8	7	57
450	9	9	12	10	11	10	10	11	8	8	7	7	8	9	8	7	61
500	10	10	13	10	11	11	11	11	11	8	8	7	8	9	9	10	67
550	10	11	14	10	11	11	11	11	12	9	8	7	9	9	11	10	71
600	10	11	14	10	12	12	11	12	12	9	8	7	9	9	12	10	72
650	10	11	15	11	12	12	11	12	12	9	8	8	9	9	12	10	74
700	10	12	17	11	12	13	12	12	13	10	8	10	9	9	12	11	75
750	10	12	19	11	12	13	13	12	13	10	8	10	9	8	12	12	80
800	10	12	19	11	14	13	13	12	14	10	9	11	9	8	12	12	81
850	10	12	20	12	15	13	13	12	14	10	10	11	10	9	12	12	86
900	10	12	20	12	16	13	13	12	14	10	11	11	10	9	12	12	87
950	10	12	20	12	16	13	13	12	15	10	11	11	11	9	13	12	87
1000	10	12	20	12	16	13	13	12	16	10	11	11	11	9	13	12	87
1050	10	12	20	12	16	13	13	12	16	10	11	11	11	9	13	12	88
1100	10	12	21	12	17	13	13	12	16	10	11	12	11	10	13	12	88
1150	10	12	21	12	17	13	13	12	16	10	11	12	11	10	13	12	86
1200	10	12	21	12	17	13	13	12	16	10	11	12	11	10	13	12	85
1250	10	12	21	12	17	13	14	12	16	10	11	12	11	10	13	12	86
1300	10	12	22	12	17	13	14	13	16	10	11	12	11	10	13	12	86
1350	10	12	22	12	17	13	13	13	16	10	11	12	11	10	13	12	86
1400	10	12	22	12	17	13	13	13	16	10	11	12	11	10	13	12	86
1450	10	12	22	12	17	13	13	13	16	10	11	12	11	10	13	12	86
1500	10	12	22	12	17	13	13	14	16	10	11	12	11	10	13	12	85
1550	10	12	22	12	18	13	13	14	16	10	11	12	11	10	13	12	86
1600	10	12	22	12	18	13	13	14	16	10	11	12	11	10	13	12	85
1650	9	12	22	12	18	13	13	14	16	10	11	12	11	10	13	12	86
1700	9	12	22	12	18	13	13	14	16	10	11	12	11	10	13	12	86
1750	9	12	22	12	18	13	13	14	16	12	11	12	11	10	12	12	85
1800	9	12	21	12	18	13	13	16	16	12	11	12	11	10	12	12	87
1850	9	12	21	12	18	13	13	16	16	13	11	12	11	10	12	12	89
1900	9	12	21	13	18	13	13	16	16	13	11	12	11	10	12	12	90
1950	9	12	21	13	18	13	13	16	15	13	11	12	11	10	12	12	90
2000	9	12	21	13	18	13	13	16	16	13	11	12	11	10	12	12	90
2050	9	12	21	13	18	13	13	16	16	13	11	12	11	10	12	12	91
2100	9	12	21	13	18	13	13	16	16	13	11	12	11	10	12	12	90
2150	9	12	21	13	18	13	14	16	16	14	11	12	11	11	12	12	90
2200	9	12	21	13	18	13	14	16	16	14	11	12	11	11	12	12	90
2250	9	12	21	13	18	13	14	16	16	16	11	12	11	11	12	12	91
2300	9	12	21	13	18	13	14	16	16	17	11	12	12	11	12	12	92
2350	9	12	20	13	18	13	14	16	16	17	11	12	12	11	12	12	92
2400	9	12	21	13	18	13	14	16	16	17	11	12	13	11	12	12	92
2450	9	12	21	13	18	13	14	16	16	18	11	12	13	11	12	12	90
2500	9	12	21	13	18	13	14	16	16	18	11	12	13	11	12	12	91
2550	9	12	21	13	18	13	14	16	16	19	11	12	14	11	12	12	92
2600	9	12	21	13	17	13	14	16	16	21	11	12	14	11	12	12	93
2650	9	12	20	13	17	12	14	16	16	21	11	13	14	11	12	12	92
2700	9	12	20	13	17	12	14	16	16	21	11	13	14	11	12	12	92
2750	9	12	20	13	17	12	14	16	16	24	11	13	16	11	12	12	96
2800	9	12	20	13	17	12	14	16	16	24	11	13	16	11	12	12	96
2850	9	12	20	13	15	12	14	16	16	24	11	13	16	11	12	12	96
2900	9	12	19	13	15	11	14	16	16	24	11	13	16	11	12	12	96
2950	10	12	18	13	15	11	14	16	16	25	12	13	16	11	12	12	96
3000	10	12	18	13	15	11	14	16	16	26	13	13	16	11	12	12	97
3050	10	12	18	13	15	11	14	16	16	27	13	13	16	11	12	12	99
3100	10	12	18	13	15	11	14	16	16	27	15	13	17	11	12	12	100
3150	10	12	18	13	15	11	14	16	16	27	15	13	17	11	12	12	100
3200	10	12	18	13	15	11	14	16	16	27	15	13	17	11	12	12	100
3250	10	12	18	13	15	11	14	16	16	27	15	13	17	11	12	12	100
3300	10	12	18	13	15	11	14	16	16	27	17	13	17	11	12	12	101
3350	10	12	18	13	15	11	14	16	16	27	17	13	17	11	12	12	101
3400	9	12	18	13	15	11	14	15	16	27	18	13	17	11	12	12	102
3450	9	12	18	13	15	11	14	15	16	26	19	13	18	11	12	12	101
3500	9	12	18	13	15	11	14	15	16	26	19	13	18	11	12	12	100
3550	9	12	18	13	15	11	14	15	16	26	19	13	18	11	12	12	100
3600	9	12	18	13	15	11	14	15	16	27	19	13	18	11	12	12	100
3650	10	12	18	13	15	11	15	15	16	27	19	13	18	11	12	12	101
3700	10	12	18	13	15	11	15	15	16	27	19	13	18	11	12	12	101
3750	10	12	18	13	15	11	16	15	16	27	20	13	18	11	12	12	102
3800	10	12	18	14	15	12	16	15	16	27	20	13	18	11	12	12	104
3850	10	12	18	15	15	12	16	15	16	27	20	13	18	11	12	12	103
3900	10	12	17	15	15	12	16	15	16	27	20	13	18	10	12	12	102
3950	10	12	17	15	15	12	16	15	16	27	20	13	18	10	12	12	101
4000	10	12	18	15	15	12	16	15	16	28	20	14	18	10	12	12	101
4050	10	12	18	15	16	12	17	15	16	28	20	14	18	10	12	12	104
4100	10	12	18	15	16	12	18	15	16	27	20	14	18	10	12	12	104
4150	10	12	17	15	16	12	18	15	16	26	20	14	18	10	12	12	103
4200	10	12	17	15	16	12	19	15	16	26	20	14	18	10	12	12	105
4250	10	12	16	15	16	12	19	15	16	26	20	14	18	10	12	12	104
4300	10	12	16	15	16	12	20	15	16	26	20	14	18	10	12	12	105
4350	10	12	16	15	16	12	20	15	16	26	21	14	18	10	12	12	107
4400	10	12	16	15	16	12	20	15	16	26	21	15	18	10	12	12	108
4450	10	12	16	16	16	12	20	15	16	26	21	15	18	10	12	12	108
4500	10	12	16	16	16	12	20	15	16	26	21	15	18	10	12	12	108
4550	10	12	16	16	16	12	20	15	16	26	21	15	19	10	12	12	106
4600	10	12	16	16	16	12	20	15	16	26	21	15	19	10	12	12	106
4650	10	12	16	16	16	11	20	15	16	26	21	15	19	10	12	12	106
4700	10	12	16	16	16	12	20	15	16	26	21	15	19	10	11	12	106
4750	10	12	16	16	16	12	20	15	16	26	21	15	20	10	12	12	106
4800	10	12	16	16	16	12	20	15	16	26	21	15	20	10	12	12	106
4850	10	12	17	16	16	12	21	15	16	27	21	15	21	10	12	12	107
4900	10	12	17	16	16	12	21	15	16	27	21	15	21	10	12	12	106
4950	10	12	17	16	16	12	22	15	16	27	21	15	22	10	12	12	108
5000	10	12	17	16	16	12	22	15	16	27	21	15	22	10	12	12	108
5050	10	12	17	16	16	12	22	15	16	27	21	15	22	10	12	12	108
5100	10	12	17	16	16	12	22	16	16	27	21	15	22	10	13	12	109
5150	10	12	17	16	16	12	22	16	17	26	21	15	21	10	13	12	108
5200	10	12	17	17	16	12	22	16	17	26	21	15	22	10	13	12	111
5250	10	12	17	17	16	12	22	16	17	26	21	15	24	10	13	12	112
5300	10	12	17	18	16	12	22	16	17	26	20	15	24	10	13	12	113
5350	10	12	17	19	16	12	22	16	18	26	20	15	24	10	13	12	116
5400	10	12	17	19	16	12	22	16	18	26	20	15	25	10	13	12	116
5450	10	12	17	19	16	12	22	16	19	26	20	15	26	10	14	12	119
5500	10	12	17	19	16	12	22	16	19	26	20	15	27	10	14	12	120
5550	10	12	17	19	16	12	22	16	19	26	20	15	29	10	15	12	123
5600	10	12	17	19	16	12	22	16	20	26	20	15	29	10	15	12	124
5650	10	12	17	19	15	12	22	16	19	26	20	15	29	10	15	12	123
5700	10	12	17	19	15	12	22	16	19	26	20	15	29	11	15	12	124
5750	10	12	17	19	15	12	22	16	19	26	20	15	29	11	15	12	123
5800	10	12	17	19	15	12	22	16	19	26	20	15	29	11	16	12	124
5850	10	13	17	20	15	12	22	16	19	26	20	15	29	11	17	12	127
5900	10	13	17	20	15	12	22	16	20	26	20	15	29	11	18	12	128
5950	11	13	17	20	15	12	22	16	20	26	20	15	29	11	18	12	129
6000	11	13	17	20	15	12	22	16	21	26	20	15	29	11	19	12	130
6050	11	13	17	20	15	12	22	16	23	26	20	15	30	11	19	12	132
6100	11	13	17	21	15	12	22	16	24	26	20	15	29	11	18	12	134
6150	11	13	17	21	15	12	22	16	25	26	20	15	30	11	18	13	134
6200	11	13	17	21	16	12	22	16	25	26	20	15	31	12	19	13	137
6250	11	13	17	21	18	12	22	16	25	26	20	15	31	13	19	13	140
6300	11	13	17	21	18	12	22	16	25	26	20	15	31	14	19	13	141
6350	11	13	17	21	18	12	22	16	25	26	20	15	31	15	20	13	142
6400	11	13	17	21	18	12	23	16	25	26	20	15	32	15	20	13	143
6450	11	13	17	21	18	12	23	16	26	26	20	15	32	15	20	13	142
6500	11	13	17	21	19	12	22	16	26	26	20	15	32	15	20	13	143
6550	12	13	17	21	19	12	23	15	26	26	20	15	32	15	20	14	146
6600	12	13	17	21	19	12	23	15	26	26	19	15	32	15	20	14	145
6650	12	13	17	21	19	12	23	15	26	26	19	15	32	15	20	15	145
6700	12	13	17	21	19	12	24	15	26	26	19	15	32	15	20	15	145
6750	12	13	17	21	19	12	23	15	26	26	19	16	31	15	20	15	144
6800	12	13	17	21	19	12	23	15	26	26	19	16	31	15	21	15	145
6850	12	13	17	21	19	12	24	15	26	26	19	16	30	15	21	16	147
6900	12	13	17	21	19	12	24	15	26	26	20	16	30	15	21	16	146
6950	12	13	17	21	19	12	24	15	27	26	20	16	30	15	21	16	147
7000	12	15	17	21	19	12	24	15	27	26	20	17	30	16	21	16	149
7050	12	15	17	21	19	12	24	15	27	26	21	17	30	17	20	16	148
7100	12	15	17	22	19	12	24	15	27	26	21	18	30	17	20	16	150
7150	12	15	17	23	19	12	23	15	27	26	22	18	30	17	20	16	151
7200	12	15	17	23	19	12	23	15	27	25	22	18	30	17	20	16	151
7250	12	15	17	23	19	12	23	15	27	25	23	18	29	17	20	16	152
7300	12	15	17	23	19	12	23	15	28	25	23	18	29	17	20	16	153
7350	12	15	17	23	19	12	21	15	28	25	23	18	29	17	20	16	151
7400	12	15	17	23	19	12	21	15	28	24	23	19	30	17	20	16	152
7450	12	15	17	23	19	12	21	15	29	24	23	19	30	17	20	16	153
7500	12	15	17	23	19	12	21	15	29	24	24	19	30	17	21	16	155
7550	12	15	17	22	19	12	21	15	29	24	24	20	29	17	21	16	155
7600	12	15	17	22	19	12	21	15	29	24	24	21	29	17	21	16	156
7650	12	15	17	22	19	12	21	15	29	24	25	21	29	17	21	16	156
7700	12	15	17	22	19	12	23	15	29	24	25	21	29	17	22	16	159
7750	12	15	17	22	19	12	23	15	29	24	25	22	29	17	22	16	159
7800	12	15	17	22	19	12	24	15	29	24	25	23	29	17	22	16	161
7850	12	15	17	22	19	12	24	15	29	24	25	24	29	17	22	16	163
7900	12	15	17	22	19	12	24	15	29	24	24	24	29	17	22	16	162
7950	12	15	17	22	19	12	26	15	29	24	24	24	29	17	22	16	163
8000	12	15	17	22	19	12	27	15	29	24	26	24	29	17	22	16	165
8050	12	15	17	22	19	12	27	15	28	24	26	24	29	17	22	16	164
8100	12	15	17	21	19	12	27	15	28	24	26	25	29	17	22	16	164
8150	12	15	17	20	19	12	27	15	28	24	26	25	29	16	22	16	163
8200	12	15	17	20	19	12	27	15	28	24	26	25	29	16	22	16	163
8250	12	15	17	20	19	12	27	15	28	24	25	25	29	16	22	16	163
8300	12	15	17	20	19	13	27	15	28	24	25	25	29	16	22	16	163
8350	12	15	17	20	19	13	27	15	28	24	25	25	29	16	22	16	163
8400	12	15	17	20	19	13	27	15	28	24	25	25	29	16	22	16	163
8450	12	15	17	20	19	14	27	15	28	24	25	25	30	16	22	16	165
8500	12	15	17	20	19	14	26	15	28	24	25	25	30	16	22	16	164
8550	12	15	17	20	19	14	26	15	28	24	25	25	30	16	22	16	164
8600	12	15	17	20	19	14	26	15	28	23	25	25	30	16	22	16	164
8650	12	15	17	20	19	14	26	14	28	23	25	25	30	16	22	16	163
8700	12	15	17	20	19	14	26	14	28	23	25	25	30	16	22	16	163
8750	12	15	17	20	19	14	26	14	28	23	25	25	30	16	22	16	163
8800	12	15	17	20	19	15	26	14	27	23	25	26	31	16	22	16	164
8850	12	15	17	20	19	15	26	14	26	23	25	26	31	16	23	16	164
8900	12	15	17	21	19	15	26	14	26	23	25	26	31	16	23	16	164
8950	12	15	17	21	19	15	26	14	26	23	25	26	31	16	23	16	164
9000	12	15	17	21	19	16	26	14	26	23	25	26	31	15	23	16	165
9050	13	15	17	21	19	16	26	14	26	23	25	26	31	15	23	16	165
9100	13	15	17	21	19	16	25	14	26	23	25	26	31	15	23	16	165
9150	13	15	17	22	19	16	25	14	26	23	25	26	31	15	23	16	165
9200	13	15	17	23	19	16	25	14	26	23	25	26	31	15	23	16	166
9250	13	14	17	24	20	16	25	14	26	23	25	26	31	15	23	16	167
9300	13	14	17	24	20	16	26	14	26	23	25	26	31	15	23	16	168
9350	13	14	17	24	20	17	26	14	26	23	25	26	31	15	23	16	170
9400	13	14	17	24	20	17	26	14	26	23	25	26	32	15	23	16	170
9450	13	13	17	23	20	17	26	14	26	23	25	26	32	15	23	16	168
9500	13	12	17	23	20	18	26	14	26	23	25	26	32	15	23	16	169
9550	13	12	17	23	20	18	26	14	26	23	25	26	32	15	23	16	169
9600	13	12	17	23	20	18	26	14	26	23	25	26	32	15	23	16	169
9650	14	12	17	23	20	18	26	14	26	23	25	26	32	15	23	16	169
9700	15	12	17	23	20	18	26	14	26	23	25	26	32	15	23	16	169
9750	15	12	17	24	20	18	26	14	26	23	24	26	32	15	23	16	168
9800	15	12	17	24	20	18	26	14	26	23	24	26	31	15	22	16	166
9850	15	12	17	22	20	17	26	14	26	23	24	26	31	15	22	16	164
9900	15	12	17	22	20	17	26	14	26	23	24	26	31	15	22	16	164
9950	15	12	17	22	20	17	25	15	26	23	24	26	31	15	22	16	163
10000	16	12	17	22	20	17	24	15	26	23	23	26	31	15	22	16	162
10050	18	12	17	22	20	17	24	15	26	23	23	26	32	15	22	16	165
10100	19	12	17	23	20	17	23	15	26	23	23	26	32	15	22	16	165
10150	19	12	17	23	20	17	23	15	26	23	23	26	32	15	22	16	166
10200	20	12	17	23	21	17	23	15	26	23	23	26	32	15	22	16	167
10250	21	12	17	23	22	17	23	15	26	23	23	26	31	15	21	16	167
10300	21	12	17	23	22	17	23	15	26	23	23	26	31	15	21	16	167
10350	21	12	17	23	22	17	23	15	26	23	23	27	31	15	21	16	167
10400	21	12	17	23	22	17	23	15	25	22	23	27	31	15	21	16	166
10450	21	12	17	23	22	17	23	15	25	22	23	27	31	15	21	16	166
10500	21	12	17	23	22	17	23	15	25	22	23	28	31	15	21	16	166
10550	21	12	17	23	22	17	22	15	25	22	23	28	31	15	21	16	165
10600	21	12	17	23	22	17	22	15	25	22	23	28	31	14	21	16	164
10650	21	12	17	23	22	17	22	15	25	22	23	28	32	14	21	16	164
10700	21	12	17	23	22	17	22	15	25	22	23	29	32	14	21	16	164
10750	21	12	17	23	22	17	22	15	25	22	23	29	32	14	21	16	164
10800	21	12	17	23	22	18	22	15	25	22	22	29	32	14	21	16	164
10850	21	12	17	23	22	18	21	15	25	22	22	29	32	14	21	17	162
10900	21	12	17	22	22	18	21	15	25	22	22	29	33	14	21	17	161
10950	21	12	17	22	22	18	21	14	25	22	22	29	32	14	21	16	161
11000	21	12	17	22	22	18	20	14	25	22	22	29	32	14	21	16	160
11050	21	12	17	22	22	18	20	14	25	22	22	29	33	14	21	16	160
11100	21	12	17	22	22	18	20	14	25	22	22	29	33	14	21	17	161
11150	21	12	17	22	22	18	20	14	24	22	22	29	33	14	21	17	159
11200	21	12	17	22	21	18	19	14	24	22	22	29	33	14	21	17	157
11250	21	12	17	21	21	18	19	14	24	22	22	29	32	14	21	17	155
11300	20	12	17	22	21	17	19	14	24	22	22	29	32	14	21	17	152
11350	20	12	17	21	21	16	19	14	24	22	22	29	32	14	21	18	152
11400	20	12	17	21	21	16	19	14	24	22	22	30	32	14	21	18	153
11450	20	13	17	21	21	16	19	14	24	22	22	30	32	14	21	19	153
11500	20	13	17	21	21	16	19	14	24	22	22	30	33	14	21	21	154
11550	20	14	17	22	21	16	19	14	24	22	22	30	34	14	21	21	156
11600	20	14	17	22	21	16	19	14	24	22	22	30	34	14	21	21	156
11650	20	14	17	22	21	16	19	14	24	22	22	29	34	14	21	21	155
11700	20	14	17	22	21	16	19	14	24	22	22	29	34	14	21	21	155
11750	20	14	17	22	21	16	21	14	24	22	22	28	34	14	22	21	156
11800	20	14	17	22	21	16	21	14	24	21	22	28	33	14	22	22	156
11850	20	14	17	22	21	16	21	14	24	21	22	28	33	14	22	22	155
11900	20	14	17	22	21	15	21	14	24	21	22	27	33	14	22	22	153
11950	20	14	17	22	21	15	21	13	25	21	22	27	33	14	22	22	153
12000	20	16	17	22	20	15	21	13	26	21	22	27	32	14	22	21	152
12050	20	16	17	22	20	15	21	13	26	21	22	27	33	14	22	22	152
12100	20	16	17	22	20	15	21	13	25	21	22	27	33	15	22	22	151
12150	20	16	17	22	20	15	21	13	25	21	22	26	33	15	22	22	151
12200	19	16	17	22	20	15	21	13	25	21	22	26	33	16	22	22	150
12250	19	16	17	21	20	15	21	13	25	21	22	26	33	16	22	22	150
12300	19	16	17	21	20	15	21	13	25	21	22	26	33	16	23	22	152
12350	19	16	17	21	20	15	21	13	25	21	22	26	34	16	24	22	152
12400	19	16	17	21	20	15	21	13	25	20	21	26	33	16	24	22	151
12450	19	16	17	21	20	16	21	13	26	20	20	26	33	16	24	22	152
12500	19	16	17	21	20	16	21	13	26	20	20	26	33	16	24	22	152
12550	19	16	17	21	20	17	21	13	26	20	20	26	33	16	23	22	151
12600	19	17	17	21	19	17	21	13	26	20	20	26	33	16	23	22	151
12650	19	17	17	21	19	17	21	13	26	20	20	26	33	16	23	22	149
12700	19	17	17	21	19	18	21	13	26	20	20	26	33	17	23	22	150
12750	19	17	17	21	19	18	22	13	27	20	20	26	33	17	23	21	150
12800	19	17	17	21	19	18	22	15	27	20	20	25	33	17	23	21	150
12850	19	18	17	22	19	18	22	14	27	20	20	25	33	17	23	21	151
12900	19	18	17	22	19	18	22	14	27	20	20	25	33	17	22	21	152
12950	19	19	17	22	19	19	22	14	27	20	20	25	33	17	22	22	152
13000	19	20	17	22	19	19	23	14	27	20	20	25	32	18	22	22	153
13050	19	20	17	22	19	19	23	15	27	20	20	25	32	18	22	22	153
13100	19	20	17	22	19	18	23	15	27	20	20	25	32	18	22	22	151
13150	19	20	17	22	19	17	23	15	27	20	20	25	32	18	22	22	149
13200	18	20	17	22	19	17	23	15	27	20	20	24	32	18	22	23	147
13250	18	19	17	22	19	17	23	16	27	20	20	24	32	18	22	23	146
13300	18	19	17	22	19	18	24	16	27	20	20	24	32	18	22	23	146
13350	17	19	17	21	19	19	24	17	27	20	20	24	33	18	22	23	147
13400	17	20	17	21	19	19	24	17	27	19	20	24	33	18	22	23	147
13450	17	20	17	21	19	19	24	17	27	20	20	24	33	18	22	23	148
13500	17	20	17	21	19	18	24	17	27	20	20	24	32	18	22	24	148
13550	17	21	17	21	19	19	24	17	27	20	20	24	32	19	22	25	151
13600	17	22	17	21	19	19	24	18	27	20	20	25	32	19	22	26	154
13650	17	22	17	22	19	17	24	19	27	20	21	25	32	19	22	26	156
13700	17	22	17	22	19	17	24	19	27	20	21	24	32	19	22	25	155
13750	17	22	17	22	18	18	24	20	27	20	21	26	32	19	22	25	158
13800	17	22	17	22	18	18	24	20	27	20	21	26	32	19	22	25	158
13850	17	22	17	22	18	18	24	22	26	20	21	26	32	19	21	25	158
13900	17	23	17	21	18	17	24	22	26	20	21	25	32	19	21	24	156
13950	17	23	17	21	18	17	24	22	26	20	21	25	32	19	20	24	155
14000	17	23	17	21	18	17	24	23	26	20	22	25	32	20	20	26	158
14050	17	23	17	21	18	17	24	23	25	20	22	27	32	20	20	27	159
14100	17	23	17	21	18	18	24	23	25	21	22	27	32	19	20	27	160
14150	17	22	17	21	18	18	24	23	25	20	23	26	32	20	20	27	157
14200	17	22	17	21	18	18	24	25	25	20	23	27	32	20	20	27	160
14250	17	22	17	21	18	18	24	25	26	20	23	27	30	20	20	27	159
14300	17	23	17	21	18	18	23	25	26	20	23	27	28	20	20	27	159
14350	17	23	17	21	18	18	23	25	26	20	23	27	28	20	20	27	159
14400	17	23	17	21	18	18	23	25	26	20	23	27	27	20	20	28	161
14450	17	24	17	21	18	18	23	25	26	20	23	27	27	20	20	29	162
14500	17	24	17	21	18	18	23	25	26	20	23	27	27	19	20	29	160
14550	17	24	17	21	18	18	22	25	26	20	23	27	26	19	20	29	159
14600	17	23	17	21	18	18	22	25	26	21	23	27	26	19	20	29	159
14650	17	23	17	21	18	18	22	25	25	21	22	27	26	19	20	29	157
14700	17	23	17	21	18	18	21	25	25	21	23	28	26	19	20	29	158
14750	17	23	17	21	18	18	22	25	24	22	24	28	26	19	20	29	158
14800	17	23	17	21	18	18	22	25	24	22	24	28	26	19	19	29	159
14850	16	23	17	21	18	18	22	25	24	22	24	29	25	19	19	29	159
14900	16	22	17	21	18	18	22	25	24	22	24	29	25	19	19	29	159
14950	16	22	17	22	19	18	22	26	24	22	24	29	25	19	19	29	159
15000	16	22	17	22	18	18	22	26	24	22	24	28	25	19	19	29	157
15050	16	22	17	22	19	18	22	26	24	22	24	28	25	19	19	29	158
15100	16	22	17	22	19	18	22	26	24	22	24	29	25	19	19	29	159
15150	16	22	17	23	20	18	22	26	24	22	24	28	25	19	19	29	160
15200	16	22	17	24	21	18	24	26	24	22	24	28	25	19	19	29	164
15250	16	22	17	24	22	18	24	26	24	22	24	28	25	19	19	29	165
15300	16	23	17	24	22	18	24	26	24	22	24	28	25	19	18	29	165
15350	15	23	17	24	22	17	24	25	24	22	25	29	25	18	17	29	163
15400	15	24	17	24	22	17	24	25	24	23	24	29	25	18	17	29	162
15450	15	24	17	25	23	15	24	25	24	23	24	29	25	18	16	29	162
15500	15	24	17	25	23	15	24	25	24	23	24	29	25	18	16	29	162
15550	15	24	17	24	23	16	24	25	24	23	24	29	25	18	16	29	162
15600	15	24	17	24	23	16	24	25	24	23	24	29	25	18	16	28	161
15650	15	24	17	24	23	16	23	26	24	23	24	29	25	18	16	28	161
15700	15	24	17	24	23	16	24	27	24	23	24	30	25	18	16	28	164
15750	15	24	17	24	23	17	24	26	24	23	24	32	25	18	16	28	165
15800	15	23	17	24	23	17	25	26	24	23	24	32	25	18	16	28	166
15850	15	23	17	24	23	17	24	26	24	23	24	31	25	18	16	27	163
15900	15	23	17	24	24	18	25	26	24	23	24	31	25	18	16	27	165
15950	15	23	17	24	24	17	25	26	24	22	24	31	25	18	16	27	163
16000	15	22	17	23	24	17	26	26	24	22	24	31	25	18	16	27	164
16050	14	22	17	23	24	19	26	27	24	22	24	32	25	18	16	26	166
16100	14	22	17	23	23	18	26	27	24	22	24	31	25	18	16	26	163
16150	14	22	17	23	23	18	27	27	24	22	24	31	25	18	16	26	163
16200	14	20	17	23	23	18	27	27	24	22	24	30	25	18	16	26	163
16250	14	20	17	23	23	18	27	26	24	22	24	30	25	18	16	26	162
16300	14	20	17	23	24	18	27	25	24	22	24	30	25	18	16	26	161
16350	14	20	17	23	24	18	27	25	24	22	23	30	25	18	16	26	161
16400	14	19	17	24	24	18	27	25	24	22	23	30	25	18	16	26	161
16450	14	19	17	24	24	17	28	25	24	22	23	29	25	18	16	26	160
16500	14	19	17	24	24	17	28	25	24	22	23	29	25	18	16	26	161
16550	14	19	17	24	24	19	28	25	24	22	23	29	25	18	16	26	163
16600	14	19	17	24	24	20	27	25	24	22	23	29	25	18	16	26	163
16650	14	21	17	24	24	20	27	25	24	22	23	28	25	18	16	26	165
16700	14	21	17	24	24	21	27	25	24	22	23	27	25	18	16	26	165
16750	14	21	17	24	24	21	27	25	24	22	23	27	25	18	16	25	164
16800	14	22	18	24	24	22	27	25	24	22	23	25	25	18	16	24	162
16850	14	22	18	23	24	22	27	25	24	22	23	25	25	18	16	24	161
16900	14	22	18	24	24	22	27	25	24	22	23	25	25	18	16	24	159
16950	14	22	18	24	24	22	27	25	24	22	23	24	25	18	16	24	157
17000	14	22	18	24	24	22	27	25	24	22	23	24	25	18	16	24	157
17050	14	23	18	24	24	22	27	25	23	22	23	24	25	18	16	25	157
17100	14	23	18	24	24	23	27	25	23	21	23	24	25	18	16	25	155
17150	14	23	18	25	24	23	27	25	23	21	23	24	25	18	16	25	156
17200	14	23	18	25	24	23	26	25	23	21	23	24	25	18	16	25	156
17250	14	23	18	25	24	23	26	25	23	21	22	24	25	18	17	25	156
17300	14	23	18	25	25	23	26	25	23	21	22	23	25	17	17	26	155
17350	14	24	18	25	25	23	26	24	23	21	22	23	25	17	18	26	155
17400	13	24	18	26	25	23	27	24	23	21	22	23	25	17	18	26	157
17450	13	24	18	26	25	22	27	24	23	21	22	23	25	17	18	26	158
17500	13	24	18	26	25	22	27	23	23	21	22	23	24	17	18	26	157
17550	13	24	18	26	26	22	28	23	23	21	22	23	24	17	18	28	158
17600	12	24	18	26	26	22	28	23	23	21	22	23	24	17	18	28	157
17650	13	24	19	27	26	23	28	23	24	21	22	23	24	17	18	28	160
17700	13	24	19	27	26	23	28	23	25	21	21	23	24	17	18	29	160
17750	13	24	20	26	26	23	28	23	25	21	21	23	24	17	18	28	159
17800	13	24	21	25	26	23	28	23	25	21	21	23	24	17	18	28	159
17850	13	25	21	25	27	23	28	23	25	21	21	23	24	17	18	28	161
17900	13	25	21	25	27	23	28	23	26	21	21	23	24	17	18	29	161
17950	13	25	23	25	27	23	28	23	26	21	21	23	24	17	18	29	163
18000	13	25	23	26	27	23	28	23	26	21	21	23	24	17	18	29	164
18050	16	25	23	26	28	23	28	23	26	21	21	23	24	17	18	29	167
18100	16	25	23	26	28	22	28	23	26	21	21	23	24	17	18	29	168
18150	16	25	24	26	28	22	28	23	26	20	21	23	24	17	18	29	168
18200	16	25	24	26	28	22	28	22	26	20	21	23	24	17	18	29	167
18250	16	25	24	26	28	22	28	22	27	20	21	23	24	17	18	29	166
18300	16	25	24	26	28	22	28	22	27	20	21	23	24	17	18	29	166
18350	16	25	24	26	28	22	28	22	27	20	22	23	24	17	18	30	167
18400	16	25	25	26	29	22	28	22	27	20	22	22	24	17	18	30	168
18450	16	25	25	26	29	22	28	22	27	20	22	22	24	17	18	30	168
18500	16	25	25	28	28	22	28	22	27	20	22	22	24	17	18	30	168
18550	16	25	25	28	28	23	28	22	27	20	22	22	24	17	18	30	169
18600	16	25	25	28	28	23	28	22	27	20	22	22	24	17	18	30	168
18650	16	25	25	27	28	24	28	22	27	20	21	22	24	17	18	30	168
18700	16	25	25	27	28	23	28	22	27	20	21	22	24	17	18	30	168
18750	16	25	25	27	28	23	28	22	27	20	21	22	24	17	17	30	168
18800	16	25	25	28	28	23	28	22	27	19	21	22	24	17	17	30	169
18850	16	26	25	28	29	23	28	22	27	19	21	22	24	17	17	30	171
18900	16	25	25	28	29	23	28	22	27	19	21	22	24	17	17	30	169
18950	16	25	25	28	29	24	29	22	27	19	21	21	24	17	17	31	172
19000	16	25	25	28	29	25	29	20	27	19	21	21	24	17	17	31	172
19050	16	25	25	28	30	25	29	21	27	19	21	21	24	17	17	32	174
19100	16	25	25	28	29	25	29	21	27	19	21	20	24	17	17	32	173
19150	16	25	25	28	29	25	29	21	27	19	21	20	24	17	17	32	174
19200	16	25	25	28	30	25	29	21	27	19	21	20	24	17	17	33	177
19250	16	25	25	27	30	25	29	21	26	19	21	20	24	17	17	33	175
19300	16	25	25	26	30	25	29	21	26	19	21	20	24	17	17	33	174
19350	16	25	25	25	30	25	28	21	26	19	21	20	24	17	17	33	171
19400	16	26	25	26	29	24	28	21	26	19	21	21	24	17	17	33	172
19450	16	26	25	25	29	25	28	22	26	19	21	21	24	17	17	32	170
19500	16	28	25	25	29	25	28	22	26	19	21	21	24	17	17	32	172
19550	16	28	25	25	29	24	28	22	26	19	21	21	24	17	17	32	172
19600	16	28	25	25	29	23	28	22	26	19	21	21	24	17	17	32	171
19650	16	28	25	25	29	23	28	22	26	19	21	21	24	17	17	32	171
19700	16	28	25	24	29	23	28	23	26	19	21	21	24	17	17	32	170
19750	16	28	25	24	29	23	28	23	26	19	21	21	24	17	17	32	170
19800	17	28	25	24	29	23	29	23	26	18	21	21	24	17	17	32	169
19850	17	28	25	24	29	24	29	23	26	18	21	21	24	17	17	32	172
19900	17	28	26	24	29	24	29	23	26	18	21	21	24	17	17	32	173
19950	17	27	26	24	29	23	29	23	27	18	21	21	24	17	17	32	172
20000	18	26	26	24	29	23	29	23	27	18	21	21	24	17	18	32	173
