0	0	0	0	0	0	0	0	0	0	0	0	0	0	0	0	0	0
50	6	3	3	2	2	2	2	0	2	2	1	1	1	2	4	3	9
100	7	5	3	5	3	2	4	3	3	3	1	4	2	5	4	3	12
150	10	5	5	5	4	2	5	3	5	4	4	6	3	6	5	4	19
200	10	5	6	6	4	5	6	4	5	6	6	7	3	7	5	4	21
250	10	5	7	6	5	5	6	6	5	7	6	7	5	8	6	4	24
300	15	6	7	6	7	5	6	6	6	8	7	7	5	8	6	6	32
350	17	8	7	6	7	6	6	6	6	8	7	7	6	9	6	6	38
400	17	8	8	7	7	7	6	7	6	8	7	7	6	9	6	6	42
450	17	8	8	7	8	7	7	8	6	9	7	7	8	9	6	6	44
500	17	8	8	7	8	7	7	8	6	9	8	7	8	10	6	6	45
550	17	9	8	7	7	7	8	8	6	9	9	7	8	10	7	7	45
600	17	9	8	7	7	8	8	9	7	9	10	7	8	11	8	7	46
650	16	9	8	7	7	8	9	9	7	9	10	8	8	11	8	7	47
700	16	9	9	7	7	9	9	9	7	9	10	8	8	11	10	7	50
750	14	9	9	8	7	9	9	9	7	9	10	8	8	11	10	7	49
800	14	9	9	8	8	10	9	9	7	9	11	9	8	11	10	7	53
850	14	9	9	8	7	11	9	9	7	9	11	10	8	11	10	6	52
900	14	9	9	8	7	11	10	9	7	10	12	10	8	11	10	7	53
950	14	9	10	8	7	11	10	9	7	10	13	10	8	11	10	7	56
1000	14	9	10	8	8	11	10	9	8	11	13	10	8	11	11	9	60
1050	14	9	10	8	9	11	11	9	9	11	13	10	9	11	11	9	62
1100	14	9	10	8	9	11	11	9	9	11	13	10	9	11	10	8	60
1150	14	9	10	8	9	11	11	9	9	11	13	10	10	11	10	9	61
1200	14	9	10	8	9	11	12	9	9	11	13	10	10	12	12	9	65
1250	14	9	10	8	9	11	13	9	9	11	13	10	10	12	12	10	66
1300	14	9	10	8	9	11	13	9	9	11	14	10	11	12	13	10	69
1350	15	9	10	8	9	11	13	9	9	11	14	10	11	12	13	10	69
1400	17	10	10	8	9	11	13	9	9	11	14	10	11	12	13	10	71
1450	18	10	10	8	9	11	13	9	9	11	14	10	11	12	13	10	72
1500	18	10	10	8	9	11	12	9	9	11	14	10	13	12	13	10	71
1550	18	10	10	8	9	11	12	9	9	11	14	10	13	12	13	10	72
1600	18	11	10	8	9	11	12	9	9	11	15	10	13	12	13	10	70
1650	18	11	10	8	9	11	12	9	9	11	15	10	13	12	13	10	69
1700	18	11	10	8	9	11	13	9	9	11	15	10	13	12	13	11	71
1750	18	11	10	8	9	11	13	9	9	11	15	10	13	12	13	12	70
1800	17	11	10	8	9	12	14	9	10	11	15	10	13	12	13	12	71
1850	17	11	10	9	9	12	14	9	10	11	15	10	14	12	13	12	72
1900	17	11	10	9	10	11	13	9	10	11	15	10	14	12	13	12	72
1950	17	11	10	9	11	11	13	9	10	11	15	10	14	12	13	12	74
2000	17	11	10	9	11	11	13	9	11	11	15	10	14	12	13	12	74
2050	17	11	10	10	11	12	13	9	12	11	15	10	14	12	13	12	78
2100	17	11	10	10	11	12	14	9	12	11	15	10	14	12	13	12	78
2150	15	11	10	10	11	12	14	9	13	11	15	10	14	12	13	13	79
2200	16	11	10	10	11	12	14	9	13	11	15	10	14	12	13	13	80
2250	17	11	10	12	12	12	14	9	13	11	15	10	14	12	13	14	82
2300	19	11	10	12	12	12	14	9	13	11	15	10	14	12	13	14	83
2350	21	11	10	12	12	12	15	9	13	11	15	10	14	12	13	14	83
2400	21	11	11	12	12	12	16	9	14	11	15	10	14	12	13	14	84
2450	22	11	11	12	12	12	16	9	14	11	15	10	14	12	13	14	87
2500	21	11	12	12	12	12	16	9	15	11	15	10	14	12	13	14	86
2550	21	11	12	12	12	12	16	10	15	11	15	10	14	12	13	14	86
2600	21	11	12	12	12	12	16	10	15	11	15	10	14	12	13	14	86
2650	20	11	12	12	12	12	16	10	16	11	15	10	14	12	13	14	85
2700	20	11	12	12	12	12	16	10	16	11	15	10	14	12	13	14	85
2750	19	11	12	12	12	12	16	10	16	11	15	10	14	12	13	15	84
2800	19	11	13	12	12	12	16	10	16	11	14	10	14	12	13	15	80
2850	21	11	12	12	12	12	16	10	16	11	14	10	14	12	13	15	82
2900	22	11	12	13	12	12	16	10	16	11	14	10	14	12	13	15	82
2950	22	11	12	13	12	12	16	10	17	11	14	10	14	14	13	15	83
3000	23	11	13	13	12	12	16	10	17	11	14	10	14	14	13	15	85
3050	23	11	13	13	12	12	16	11	17	11	14	10	14	14	14	15	86
3100	23	11	13	13	12	12	16	11	18	11	14	10	14	14	14	15	87
3150	23	11	13	13	12	12	16	12	18	11	14	10	14	14	15	16	88
3200	23	11	13	13	12	12	16	12	18	11	14	10	14	14	15	16	86
3250	22	11	13	13	12	12	16	12	18	11	14	10	14	15	15	16	86
3300	22	11	13	13	12	12	16	12	18	11	14	10	14	15	15	16	85
3350	22	11	13	13	12	12	16	12	18	11	14	10	14	15	15	17	85
3400	20	11	13	13	12	12	16	14	18	11	14	10	14	15	15	17	86
3450	20	11	13	13	12	12	16	14	18	11	14	10	14	15	15	17	87
3500	20	11	14	13	12	12	16	14	18	11	14	10	14	15	15	17	88
3550	21	11	14	13	12	12	16	14	18	11	14	10	14	15	15	17	89
3600	21	11	14	13	12	12	16	14	19	12	14	10	14	15	15	17	91
3650	22	11	14	15	12	12	16	14	19	12	14	10	14	15	15	17	93
3700	22	11	14	15	12	12	16	14	19	12	14	10	14	15	15	17	92
3750	22	11	14	15	12	13	16	14	19	12	14	10	14	15	15	18	93
3800	22	11	14	15	12	13	16	15	19	12	14	10	14	15	15	18	94
3850	21	11	14	15	12	14	16	15	19	12	14	10	14	15	15	18	95
3900	21	11	14	15	12	14	16	15	19	12	14	10	14	15	16	17	94
3950	23	11	14	15	12	14	16	16	19	12	14	10	14	16	16	17	97
4000	23	11	14	15	12	15	16	17	19	12	14	10	14	16	16	16	97
4050	21	11	14	15	12	15	16	17	19	12	14	10	14	16	16	17	97
4100	22	11	14	15	12	15	16	17	19	12	14	10	14	16	17	17	100
4150	24	11	14	15	12	15	16	17	19	13	14	10	14	16	17	16	100
4200	25	11	14	15	12	15	16	17	19	13	14	10	14	16	17	16	102
4250	27	11	14	15	12	15	16	17	19	13	14	10	14	16	17	16	103
4300	26	11	14	15	12	15	17	17	20	13	14	10	14	16	17	17	103
4350	26	12	14	15	12	15	17	18	20	13	14	10	14	16	17	17	103
4400	27	13	14	15	12	15	17	21	20	13	14	10	14	16	17	17	105
4450	26	13	14	15	12	15	17	22	20	14	14	10	14	16	17	17	106
4500	26	13	14	15	12	15	17	22	20	14	14	10	14	16	17	17	104
4550	26	13	14	15	12	15	17	22	20	14	14	10	14	16	17	16	104
4600	26	13	14	15	12	15	17	22	20	14	14	10	14	16	18	16	105
4650	23	13	14	15	12	16	17	22	20	14	14	10	14	16	18	17	103
4700	22	13	14	15	12	16	17	23	20	14	14	10	14	16	18	18	103
4750	22	13	14	15	12	16	17	23	20	14	14	10	14	16	18	19	103
4800	21	13	14	15	12	16	17	23	20	14	14	11	14	16	18	19	103
4850	20	13	14	15	12	16	17	24	20	14	14	11	14	16	18	19	102
4900	20	13	14	15	12	16	17	24	20	14	14	11	14	16	18	19	102
4950	20	14	14	15	12	16	17	24	20	14	14	11	14	16	18	19	104
5000	20	14	14	15	12	16	17	24	20	14	14	11	14	16	18	19	104
5050	20	14	14	15	12	16	17	24	20	15	14	11	14	16	18	19	105
5100	20	14	14	15	12	16	17	24	20	15	14	11	14	16	18	19	105
5150	20	14	14	15	12	16	17	24	20	16	15	11	14	16	19	19	107
5200	20	14	14	15	12	16	17	24	20	16	15	11	14	16	19	19	106
5250	21	14	14	15	12	16	17	24	20	16	15	11	14	16	19	19	106
5300	21	14	14	15	12	16	17	24	20	16	15	11	14	16	19	19	106
5350	22	14	14	15	12	16	17	24	20	17	15	12	14	16	19	19	108
5400	22	14	14	15	12	16	17	24	20	17	15	12	14	16	19	19	108
5450	23	14	14	15	12	16	17	24	20	18	15	12	14	16	19	19	109
5500	23	14	14	15	12	16	17	24	20	18	15	12	14	16	19	19	109
5550	22	14	14	15	12	16	17	24	20	18	15	12	14	16	19	18	110
5600	21	14	14	15	12	16	17	24	20	19	15	12	14	16	19	20	110
5650	21	14	14	15	12	16	17	24	20	19	15	13	14	16	19	20	110
5700	21	14	14	15	12	16	16	24	20	19	15	13	14	16	19	20	110
5750	21	15	14	15	12	16	16	24	20	19	15	13	14	17	19	20	111
5800	20	16	14	15	12	16	16	24	20	19	15	15	14	17	19	20	113
5850	20	17	14	15	12	16	16	24	20	19	15	15	14	17	19	20	114
5900	20	18	14	15	12	16	16	24	20	19	15	15	14	17	19	20	113
5950	20	19	14	15	12	16	16	24	20	19	15	15	14	17	19	20	112
6000	20	19	14	15	12	16	16	24	20	18	15	15	14	17	19	20	112
6050	20	19	14	15	12	16	16	24	19	18	15	15	14	17	19	20	111
6100	20	19	14	15	12	16	16	24	19	19	15	16	15	17	19	20	113
6150	19	19	14	15	12	16	16	24	19	19	15	16	15	17	19	20	113
6200	19	19	14	15	12	16	16	24	19	19	15	16	16	17	19	20	113
6250	20	19	14	15	12	16	17	24	19	19	15	16	16	17	19	20	114
6300	20	19	14	15	12	16	17	24	19	19	15	16	16	17	19	20	114
6350	22	19	14	15	12	16	17	24	19	19	15	16	16	17	19	20	116
6400	21	19	14	15	12	16	17	24	19	20	15	16	17	17	19	21	118
6450	21	19	14	15	12	16	17	24	19	20	15	16	17	17	19	21	118
6500	21	19	14	15	12	16	17	24	19	20	15	16	17	17	19	21	118
6550	21	19	14	15	12	16	17	24	19	20	15	16	17	17	19	21	117
6600	22	19	14	15	12	16	17	24	19	20	15	16	17	17	19	21	116
6650	23	19	14	15	12	16	17	24	19	20	15	16	17	18	19	21	118
6700	23	19	14	15	12	16	17	24	19	20	15	16	17	18	19	21	118
6750	23	19	14	15	12	16	17	24	19	20	15	16	17	19	19	22	119
6800	27	19	14	15	12	16	17	24	19	20	15	16	17	19	19	23	123
6850	27	19	14	15	12	16	17	24	19	20	15	16	17	19	19	23	123
6900	28	19	14	15	12	16	17	24	19	20	15	16	18	19	19	22	122
6950	28	19	14	15	12	16	17	24	19	20	15	16	18	20	19	22	123
7000	29	19	14	15	12	16	17	24	19	20	15	16	18	20	19	22	123
7050	31	19	14	15	12	16	17	24	19	21	15	16	18	20	19	22	125
7100	30	19	14	15	12	16	17	24	19	21	15	16	18	21	19	23	126
7150	32	19	14	15	12	16	17	24	19	21	15	16	18	21	19	22	128
7200	34	19	14	15	12	16	17	24	19	21	15	16	18	21	19	22	130
7250	34	19	14	15	12	16	17	24	19	21	15	16	18	22	19	23	131
7300	34	19	14	15	12	16	17	24	19	21	15	16	18	22	19	23	131
7350	36	19	14	15	12	16	17	24	19	21	15	16	18	22	19	23	133
7400	34	19	14	15	12	16	17	24	19	21	15	16	18	22	19	23	129
7450	33	19	14	15	12	16	17	24	19	21	15	16	18	22	19	23	128
7500	33	19	14	15	12	16	17	24	19	21	15	16	19	23	19	23	130
7550	31	19	14	15	12	16	17	24	19	21	15	16	19	23	19	23	129
7600	30	19	14	15	12	16	17	24	19	22	15	16	19	23	19	23	128
7650	29	19	14	15	12	16	17	24	19	22	15	16	19	23	19	23	127
7700	30	20	14	15	12	16	17	24	19	22	15	16	20	23	19	23	130
7750	29	20	14	15	12	16	17	24	18	22	15	16	20	23	19	23	129
7800	28	20	14	15	12	16	17	24	18	22	15	16	20	24	19	23	130
7850	29	20	14	15	12	16	17	24	18	22	15	16	20	24	19	24	130
7900	28	20	14	15	12	16	17	24	18	22	15	16	20	24	19	25	130
7950	27	20	14	15	12	17	17	24	18	22	15	16	20	24	19	25	130
8000	26	20	14	15	12	17	17	24	18	21	15	16	20	24	19	25	128
8050	28	20	14	15	12	17	17	24	19	22	15	17	20	24	19	25	132
8100	31	20	14	15	12	17	17	24	19	22	15	17	20	24	19	25	135
8150	32	20	14	15	12	17	17	24	19	22	15	17	20	24	19	24	136
8200	32	20	14	15	12	17	17	24	19	22	15	17	20	24	19	24	136
8250	31	20	14	15	12	17	17	24	19	23	15	17	20	23	19	24	136
8300	32	20	14	15	12	17	17	24	19	23	15	17	20	23	19	25	137
8350	33	20	14	15	12	17	17	24	19	23	15	17	20	23	19	25	139
8400	29	20	14	15	12	17	17	24	19	23	15	17	21	23	19	26	137
8450	29	21	14	15	12	17	17	24	20	24	15	17	21	23	19	26	139
8500	28	21	14	15	12	17	17	24	20	23	15	18	21	22	19	26	137
8550	29	21	14	15	12	18	17	24	20	23	15	18	22	22	19	26	139
8600	28	21	14	15	12	18	17	24	20	23	15	18	22	22	19	27	137
8650	28	21	14	15	12	18	17	24	20	23	15	18	22	22	19	27	136
8700	28	21	14	15	12	18	17	24	20	23	15	18	22	22	19	27	135
8750	28	21	14	15	12	18	17	24	20	23	16	18	22	22	19	27	134
8800	27	21	14	15	12	18	17	24	20	23	16	18	22	22	19	27	132
8850	27	21	14	15	12	18	17	24	19	23	16	18	23	22	19	27	132
8900	27	21	14	15	12	17	17	24	19	23	16	18	23	22	19	27	132
8950	27	21	14	15	12	18	17	24	19	23	16	18	23	22	19	27	133
9000	27	21	14	15	12	18	17	24	19	23	16	18	23	22	19	27	133
9050	27	21	14	15	12	18	17	24	19	23	16	18	23	22	19	27	133
9100	25	21	14	15	12	18	17	24	19	23	16	18	23	22	19	27	133
9150	27	21	14	15	12	18	17	24	19	23	16	18	23	22	19	27	135
9200	29	21	14	15	12	18	17	24	19	24	16	18	23	22	19	27	137
9250	29	21	14	15	12	18	17	24	19	24	16	18	24	22	19	27	138
9300	32	21	14	15	12	18	17	24	19	24	16	18	24	22	19	27	142
9350	32	21	14	15	12	19	17	24	19	24	17	18	24	22	19	27	144
9400	32	21	14	15	12	19	17	24	19	24	17	18	24	22	19	27	144
9450	33	21	14	15	12	19	17	24	19	25	17	18	25	22	19	27	146
9500	31	21	14	15	12	19	17	24	19	25	17	18	25	22	19	27	145
9550	29	21	14	15	12	19	17	24	19	25	17	18	25	22	19	27	144
9600	30	21	14	15	12	20	17	24	20	25	17	18	25	22	19	27	146
9650	32	21	14	15	12	20	18	24	20	25	17	18	24	22	19	27	148
9700	32	21	14	15	12	20	18	24	20	25	17	18	24	22	19	29	151
9750	32	21	14	15	12	20	18	24	20	25	17	18	24	22	19	29	151
9800	33	21	14	15	12	20	18	24	20	25	17	18	25	22	19	29	153
9850	32	21	14	15	12	20	18	24	20	25	17	18	25	22	19	29	152
9900	33	21	14	15	12	21	18	24	20	25	17	18	25	22	19	29	155
9950	32	21	14	15	12	21	19	24	20	25	17	18	25	22	19	30	155
10000	34	21	14	15	12	21	19	24	20	25	17	18	25	22	19	30	157
10050	38	21	14	15	12	21	19	24	20	26	17	18	25	23	19	31	162
10100	45	21	15	16	12	21	19	24	20	26	18	19	24	24	19	31	169
10150	43	21	15	16	13	21	19	24	20	25	18	19	24	24	19	32	167
10200	42	22	15	16	13	21	20	24	20	26	18	19	24	23	20	33	166
10250	40	22	16	16	14	21	20	26	20	26	20	19	24	24	20	33	165
10300	38	23	16	16	14	21	20	26	20	27	20	19	24	25	21	33	166
10350	37	23	16	16	14	21	21	26	21	28	20	19	24	25	21	33	167
10400	36	23	16	17	16	21	21	26	21	28	20	19	24	26	21	34	172
10450	36	24	16	17	16	22	21	26	21	29	20	19	24	26	21	34	174
10500	35	24	17	18	16	22	21	26	21	29	20	19	25	26	22	34	175
10550	34	24	17	18	16	22	22	26	21	29	22	19	25	29	22	34	180
10600	34	24	17	18	16	23	23	27	21	29	23	19	25	29	22	34	181
10650	34	24	17	19	17	23	23	27	20	29	23	19	25	29	22	34	178
10700	32	25	17	19	17	24	23	27	20	29	23	19	26	30	23	34	179
10750	31	25	17	20	17	24	23	27	21	29	23	20	26	30	23	34	180
10800	30	25	17	20	17	24	23	27	21	30	23	20	26	31	23	34	180
10850	31	26	17	20	17	24	24	27	22	31	23	21	26	31	23	34	182
10900	31	26	17	19	17	25	25	27	22	31	23	21	26	31	23	35	183
10950	30	26	17	19	18	26	25	27	22	31	23	22	27	31	23	35	187
11000	30	27	18	20	18	27	25	27	22	31	23	22	27	32	24	36	190
11050	30	27	18	20	19	28	25	28	22	31	23	22	27	33	24	36	191
11100	30	28	18	20	20	28	25	29	24	31	23	23	27	33	24	36	191
11150	31	29	19	20	20	29	27	29	24	31	23	23	27	33	24	36	197
11200	30	30	19	20	20	29	27	29	24	31	23	23	27	33	24	36	195
11250	29	31	19	20	20	29	27	31	24	31	23	23	27	33	24	36	198
11300	28	31	19	20	20	28	26	31	24	31	23	23	28	33	24	36	194
11350	29	31	19	20	20	29	27	32	24	31	23	23	28	33	24	36	196
11400	27	31	19	21	21	30	28	32	24	31	24	24	28	33	24	36	200
11450	27	31	19	21	21	30	28	32	24	31	24	24	29	33	24	36	200
11500	27	31	19	21	21	30	28	32	24	31	24	24	29	33	25	36	199
11550	27	31	19	21	21	30	28	32	24	31	24	24	29	34	25	36	199
11600	26	31	19	21	21	30	28	32	24	31	25	25	29	34	25	36	198
11650	28	31	19	21	21	30	28	32	24	31	25	25	29	34	25	36	199
11700	28	31	19	21	21	30	29	32	24	32	25	25	29	36	25	36	203
11750	29	31	19	21	21	30	29	32	24	32	25	25	29	36	26	36	206
11800	29	31	19	21	21	30	29	33	24	32	25	25	29	37	26	36	208
11850	27	31	19	21	21	30	30	33	24	32	25	25	29	37	26	36	208
11900	25	31	19	21	21	30	30	33	25	32	25	25	29	36	26	36	207
11950	24	31	19	21	21	30	30	33	25	32	25	25	29	36	26	36	207
12000	24	31	19	21	21	30	30	33	25	32	25	25	29	36	26	36	207
12050	22	31	18	21	21	30	30	33	25	32	25	25	29	36	26	36	207
12100	22	31	18	21	21	31	31	33	25	32	25	25	29	36	26	36	209
12150	24	31	18	21	21	31	31	33	26	32	25	25	29	36	26	36	212
12200	27	31	18	21	21	31	31	33	26	32	25	25	29	36	26	36	214
12250	29	31	18	21	21	31	32	33	26	32	25	25	29	37	26	36	216
12300	29	31	18	21	21	31	32	33	27	32	25	25	29	37	26	36	216
12350	31	31	18	21	21	31	32	33	27	32	25	25	29	37	25	36	216
12400	31	31	18	21	21	31	32	33	26	32	25	25	29	37	25	36	215
12450	28	31	18	21	21	31	32	33	26	32	25	25	29	37	25	36	213
12500	28	31	18	21	21	32	33	33	26	32	25	25	29	37	26	36	215
12550	28	31	18	21	21	32	33	33	26	32	25	25	29	37	27	36	215
12600	26	32	18	21	21	32	33	33	26	32	25	25	29	36	27	36	214
12650	26	32	18	21	21	32	33	33	26	32	25	25	29	36	27	36	215
12700	26	32	18	21	21	32	33	33	26	32	25	25	29	36	27	36	212
12750	25	32	18	21	21	32	33	33	27	32	25	25	29	36	27	36	213
12800	25	32	18	21	21	32	33	33	27	32	25	25	29	36	27	36	213
12850	25	32	18	21	21	32	33	33	28	32	25	25	29	36	27	36	213
12900	25	32	18	21	21	32	33	33	28	32	25	25	29	36	27	36	212
12950	25	32	18	21	21	32	33	33	28	32	25	25	29	36	27	36	212
13000	25	32	18	21	21	32	33	33	28	32	25	25	29	36	27	36	212
13050	24	32	18	21	21	32	33	33	28	32	25	25	29	36	27	36	207
13100	24	32	18	21	21	33	33	33	28	32	25	25	29	36	27	36	206
13150	24	32	18	21	21	33	34	33	28	32	25	25	29	37	27	36	205
13200	24	32	18	22	21	33	34	33	29	32	25	25	29	37	27	36	206
13250	23	32	18	22	21	33	35	33	29	32	25	25	29	38	27	36	207
13300	22	32	18	22	21	32	35	33	30	32	25	25	29	38	27	36	206
13350	22	32	18	22	21	32	34	33	30	32	25	24	29	38	27	36	205
13400	21	32	18	22	21	32	34	33	30	32	25	24	29	38	27	36	204
13450	21	32	18	22	21	32	30	33	31	32	25	24	29	38	27	36	204
13500	20	32	18	22	21	32	30	33	31	32	25	24	29	38	27	36	204
13550	21	32	18	22	21	32	30	33	31	32	25	24	29	38	26	36	204
13600	22	32	18	22	21	32	30	33	31	32	25	24	29	38	26	36	204
13650	23	32	18	22	21	32	31	33	32	32	25	24	29	38	26	36	207
13700	24	32	18	22	21	32	32	33	32	32	25	24	29	38	26	36	206
13750	25	32	18	22	21	32	32	33	33	32	25	24	29	38	26	36	207
13800	26	32	18	22	21	32	33	33	33	32	25	23	29	38	26	36	207
13850	26	32	18	22	21	32	33	33	33	32	25	24	29	38	26	36	206
13900	26	32	18	22	21	32	35	33	33	32	25	24	29	38	26	36	207
13950	29	32	19	22	21	32	35	33	33	32	25	24	29	38	26	36	208
14000	30	32	19	22	21	32	36	33	34	32	25	24	29	38	26	36	210
14050	30	32	20	22	21	32	36	33	34	32	25	24	29	38	26	36	210
14100	30	32	20	22	21	32	36	33	34	32	25	24	29	38	26	36	211
14150	30	32	20	22	21	32	36	33	34	32	25	24	29	38	26	36	211
14200	30	32	20	22	21	32	36	33	34	32	25	24	29	38	26	36	211
14250	30	32	20	22	21	32	36	33	34	32	25	25	29	38	26	36	211
14300	29	33	20	22	21	32	36	33	34	32	25	25	29	38	26	36	212
14350	29	33	20	22	21	32	36	33	34	32	25	25	29	38	26	36	212
14400	29	33	20	23	21	32	36	33	34	32	25	26	29	38	26	36	212
14450	29	33	20	23	21	32	36	33	34	32	25	26	29	38	26	36	212
14500	28	33	20	23	21	32	36	33	34	32	25	26	29	38	26	36	211
14550	28	33	20	23	21	32	36	33	34	32	25	26	29	38	26	36	211
14600	28	33	20	23	21	32	36	33	34	32	25	26	29	38	26	36	211
14650	28	34	20	23	21	32	36	33	34	32	25	26	29	38	26	36	212
14700	27	34	20	23	21	32	36	33	34	32	25	26	29	38	26	36	212
14750	27	34	20	23	21	31	36	33	34	32	25	26	29	38	26	36	211
14800	28	34	20	23	21	31	36	33	34	32	25	26	29	37	26	36	209
14850	29	33	20	23	21	31	36	33	34	32	25	26	29	37	26	36	209
14900	29	33	20	23	21	31	36	33	34	32	25	26	29	37	26	36	209
14950	27	34	20	23	21	31	36	33	34	32	25	26	29	37	26	36	209
15000	27	34	21	23	21	31	36	33	34	32	25	26	29	37	26	36	210
15050	27	34	23	23	21	31	37	33	34	32	25	27	29	37	26	36	215
15100	27	34	24	23	21	31	37	33	34	32	25	27	29	37	26	36	215
15150	27	34	23	23	21	31	38	33	34	32	25	27	29	37	26	36	215
15200	26	34	23	23	21	31	38	33	34	32	25	27	29	37	26	36	215
15250	26	34	23	23	21	31	38	33	34	32	25	27	29	37	26	36	216
15300	27	34	23	23	21	31	38	33	34	32	25	27	29	38	26	36	218
15350	27	34	23	23	21	31	38	33	35	32	25	27	29	38	26	36	220
15400	28	34	23	23	21	31	38	33	35	32	25	27	29	38	26	36	221
15450	28	34	23	23	21	31	38	33	35	32	25	27	29	38	26	36	220
15500	29	34	24	25	21	30	38	33	35	32	25	27	29	38	26	36	222
15550	29	34	24	25	21	30	38	33	35	32	25	28	29	38	26	36	224
15600	28	34	24	25	21	30	38	33	35	32	25	28	29	38	26	36	223
15650	28	34	24	25	21	30	38	33	35	32	25	28	29	38	26	36	223
15700	28	34	24	25	21	30	38	33	35	32	25	28	28	38	26	36	222
15750	28	34	24	25	21	30	38	33	35	32	25	28	28	38	26	36	222
15800	28	34	24	25	21	30	38	33	35	32	25	28	28	38	26	36	222
15850	28	34	24	25	21	30	38	33	35	32	25	28	28	38	26	36	221
15900	28	34	24	25	21	30	38	33	35	32	25	28	28	38	26	36	220
15950	28	34	24	25	21	30	38	33	35	32	25	28	28	38	26	36	219
16000	28	34	25	25	21	30	38	33	35	32	25	28	28	38	26	36	220
16050	28	34	25	25	21	30	38	33	35	32	25	28	28	38	27	36	219
16100	28	34	25	25	21	30	38	33	35	32	25	28	28	38	27	36	219
16150	28	34	25	25	21	30	38	33	35	32	25	28	28	38	27	36	219
16200	28	34	26	25	21	30	38	33	35	32	25	28	28	39	27	36	219
16250	28	34	26	26	21	30	38	33	35	32	25	28	29	39	27	34	220
16300	27	34	26	26	21	30	38	33	35	32	25	28	29	39	27	34	220
16350	27	34	26	26	21	30	38	33	35	33	25	28	28	39	27	34	219
16400	27	34	26	26	21	30	39	33	35	33	25	28	28	39	27	34	220
16450	27	34	26	26	21	30	39	33	35	33	25	29	28	39	27	34	221
16500	26	33	26	26	21	30	39	33	35	33	25	29	28	39	27	34	220
16550	25	33	26	26	21	30	38	33	34	33	25	29	28	38	27	34	219
16600	25	34	26	26	21	30	39	33	33	33	25	29	28	38	27	34	221
16650	27	33	27	26	21	30	39	33	33	33	25	29	28	38	27	34	223
16700	27	33	27	27	21	30	40	33	33	33	25	29	28	38	27	32	223
16750	28	34	27	27	21	30	41	33	33	33	25	29	28	38	27	32	225
16800	30	35	27	27	21	30	40	33	33	34	25	30	28	39	27	32	231
16850	30	35	27	27	22	30	40	33	33	34	25	30	28	39	27	32	231
16900	30	35	27	27	22	30	40	33	33	35	25	30	29	39	27	32	233
16950	30	35	27	27	22	30	39	33	33	35	25	30	29	40	27	32	234
17000	30	35	27	27	22	30	39	33	33	35	25	30	29	40	27	32	233
17050	29	36	27	27	22	30	39	33	33	35	25	31	29	39	27	32	233
17100	28	37	27	27	22	30	39	33	31	35	25	31	29	39	26	32	232
17150	28	37	27	27	23	30	39	33	31	35	25	31	29	38	26	32	231
17200	28	37	27	27	23	30	39	33	31	36	25	31	29	38	26	32	231
17250	30	37	27	27	23	30	39	33	31	36	25	31	29	38	26	32	233
17300	30	38	27	27	23	30	39	33	30	36	25	31	29	38	26	32	235
17350	30	38	27	27	23	30	39	33	30	36	25	32	29	40	26	32	236
17400	29	38	27	27	23	30	39	33	30	36	25	32	29	40	26	32	234
17450	28	38	27	27	24	30	39	33	30	35	25	32	30	40	26	32	234
17500	27	38	27	27	25	30	39	33	30	35	25	32	30	40	26	32	233
17550	26	38	28	27	25	30	39	33	30	36	25	32	30	40	26	32	233
17600	26	38	27	27	25	30	39	33	31	36	25	32	30	40	26	32	233
17650	25	38	28	27	26	30	39	33	31	36	25	32	30	40	26	32	234
17700	25	38	28	27	26	30	39	33	31	36	25	32	30	40	26	32	234
17750	25	36	28	27	26	30	39	33	31	36	25	33	30	40	26	32	234
17800	25	36	28	27	26	30	39	33	31	36	25	33	31	40	26	32	234
17850	25	36	28	27	26	30	39	33	31	36	25	33	31	40	26	32	234
17900	24	36	28	27	26	30	39	33	31	36	25	33	31	40	26	32	234
17950	24	36	28	27	26	30	39	33	31	36	25	33	31	40	26	32	234
18000	24	36	28	27	25	30	39	33	31	36	25	33	31	40	26	32	233
18050	24	36	28	27	25	30	39	33	31	37	25	33	31	40	26	32	233
18100	24	36	28	27	26	30	39	33	31	37	25	33	31	40	26	32	233
18150	24	36	28	27	26	30	39	33	31	37	25	33	31	40	26	32	233
18200	24	36	28	27	26	30	39	33	31	37	25	33	31	40	26	32	233
18250	24	36	27	27	27	30	39	33	31	37	25	33	31	39	26	32	233
18300	24	36	27	27	27	30	39	33	31	38	25	33	31	39	26	32	233
18350	24	36	27	27	27	30	39	33	31	38	25	33	31	39	26	32	233
18400	25	36	27	27	27	30	39	33	31	38	25	33	32	39	26	32	234
18450	25	36	27	27	27	30	39	33	31	38	25	32	34	39	26	32	234
18500	24	36	27	27	27	30	39	33	31	38	25	32	34	39	26	32	234
18550	24	36	27	27	27	30	39	33	31	38	25	32	34	39	26	32	234
18600	23	36	28	27	27	30	39	33	31	38	25	32	34	39	26	32	233
18650	24	36	28	27	28	30	39	33	31	38	25	32	34	39	26	32	234
18700	24	36	28	27	28	30	39	33	31	38	25	32	34	39	26	32	234
18750	25	36	28	27	28	30	39	33	30	38	25	32	34	39	26	32	235
18800	30	36	27	27	28	30	39	33	30	38	25	32	34	39	26	32	240
18850	31	36	27	27	28	30	39	33	30	38	25	32	34	39	26	32	241
18900	32	36	27	27	28	30	39	33	30	38	25	32	35	39	26	32	243
18950	35	36	27	27	28	30	38	34	30	38	25	32	35	39	26	32	245
19000	37	36	27	27	28	30	38	34	30	38	25	32	35	39	26	32	247
19050	35	36	28	27	29	30	38	34	30	38	25	32	35	39	26	32	246
19100	32	36	28	27	29	30	38	34	30	38	25	32	35	39	26	32	245
19150	32	36	27	27	29	30	38	34	29	37	25	32	35	39	26	32	245
19200	33	36	27	27	29	30	37	34	29	37	25	32	35	39	26	32	245
19250	32	36	27	27	29	30	37	34	29	37	25	32	35	39	26	32	243
19300	32	36	27	27	29	30	37	34	29	37	25	32	35	38	26	32	243
19350	31	36	28	27	29	30	37	34	29	37	25	33	35	38	26	32	243
19400	31	36	28	27	29	30	37	34	29	37	25	34	35	38	26	33	244
19450	31	36	28	27	29	30	37	34	29	37	25	33	35	38	26	34	243
19500	31	36	28	27	29	30	37	34	29	37	25	33	35	38	26	34	243
19550	31	36	28	27	29	30	37	34	29	37	25	33	35	38	26	34	244
19600	30	36	28	27	29	30	37	34	29	37	25	33	35	39	26	35	243
19650	30	36	28	27	29	30	37	34	29	37	25	33	35	39	26	35	245
19700	30	36	28	26	29	30	37	34	29	37	25	33	35	39	26	35	244
19750	30	37	29	26	29	30	37	34	29	37	25	33	35	39	26	35	245
19800	30	37	29	26	29	30	37	34	29	37	25	33	35	39	26	35	246
19850	33	37	29	26	29	30	37	34	29	37	25	33	35	39	26	36	250
19900	35	37	29	26	29	30	37	34	29	36	25	33	35	39	26	35	250
19950	35	37	29	26	29	30	37	34	29	37	25	32	35	39	26	35	249
20000	35	37	31	26	29	30	37	34	29	37	25	32	35	39	26	35	250
