0	0.0	0.0	0.0	0.0	0.0	0.0	0.0	0.0	0.0	0.0	0.0	0.0	0.0	0.0	0.0	0.0
50	0.0	0.0	0.0	0.0	0.0	0.6	0.0	0.0	0.0	0.0	0.0	0.0	0.0	0.2	0.0	0.0
100	0.2	0.0	0.0	0.166666666667	0.5	0.5	0.5	0.444444444444	0.5	0.428571428571	0.166666666667	0.333333333333	0.416666666667	0.545454545455	0.2	0.428571428571
150	0.333333333333	0.5	0.3	0.285714285714	0.611111111111	0.538461538462	0.666666666667	0.5	0.5	0.5	0.363636363636	0.571428571429	0.5625	0.571428571429	0.444444444444	0.545454545455
200	0.363636363636	0.571428571429	0.5	0.538461538462	0.774193548387	0.611111111111	0.681818181818	0.611111111111	0.6	0.625	0.588235294118	0.684210526316	0.588235294118	0.6	0.571428571429	0.666666666667
250	0.611111111111	0.608695652174	0.6	0.533333333333	0.810810810811	0.681818181818	0.724137931034	0.681818181818	0.714285714286	0.666666666667	0.6	0.727272727273	0.6	0.652173913043	0.739130434783	0.666666666667
300	0.681818181818	0.666666666667	0.625	0.652173913043	0.820512820513	0.72	0.741935483871	0.740740740741	0.76	0.75	0.666666666667	0.730769230769	0.692307692308	0.724137931034	0.75	0.730769230769
350	0.730769230769	0.727272727273	0.666666666667	0.703703703704	0.833333333333	0.741935483871	0.757575757576	0.758620689655	0.785714285714	0.787878787879	0.727272727273	0.8	0.71875	0.75	0.766666666667	0.758620689655
400	0.71875	0.75	0.709677419355	0.75	0.857142857143	0.777777777778	0.789473684211	0.815789473684	0.78125	0.810810810811	0.742857142857	0.815789473684	0.763157894737	0.756756756757	0.787878787879	0.787878787879
450	0.763157894737	0.775	0.735294117647	0.756756756757	0.94	0.809523809524	0.813953488372	0.833333333333	0.8	0.829268292683	0.756097560976	0.833333333333	0.785714285714	0.769230769231	0.820512820513	0.815789473684
500	0.785714285714	0.804347826087	0.763157894737	0.769230769231	0.98	0.829787234043	0.822222222222	0.851063829787	0.8	0.851063829787	0.772727272727	0.857142857143	0.808510638298	0.795454545455	0.854166666667	0.833333333333
550	0.816326530612	0.816326530612	0.785714285714	0.804347826087	0.98	0.84	0.829787234043	0.857142857143	0.813953488372	0.9	0.795918367347	0.98	0.82	0.787234042553	0.857142857143	0.851063829787
600	0.9	0.84	0.804347826087	0.86	0.98	0.88	0.88	0.96	0.829787234043	0.92	0.8	0.98	0.88	0.82	0.92	0.88
650	0.96	0.9	0.86	0.92	0.98	0.94	0.94	0.96	0.84	0.92	0.9	0.98	0.94	0.9	0.96	0.9
700	0.96	0.9	0.9	0.96	0.98	0.98	0.96	1.0	0.94	0.96	0.9	0.98	0.96	0.9	0.98	0.96
750	0.96	0.96	0.94	0.96	0.98	0.98	0.96	1.0	0.94	0.96	0.92	0.98	0.96	0.96	0.98	1.0
800	0.96	0.98	0.96	0.98	0.96	0.98	0.96	1.0	0.96	0.98	0.94	0.98	0.96	0.96	0.98	1.0
850	1.0	0.98	0.98	0.98	0.94	0.98	0.98	1.0	0.96	0.98	0.94	1.0	0.98	0.96	0.98	1.0
900	1.0	0.98	0.98	0.98	0.94	1.0	0.98	1.0	0.96	0.98	0.96	1.0	1.0	0.96	1.0	1.0
950	1.0	0.98	1.0	1.0	0.9	1.0	1.0	1.0	0.96	0.98	0.98	1.0	1.0	0.98	1.0	1.0
1000	1.0	0.98	1.0	1.0	0.9	1.0	1.0	0.98	0.98	0.98	0.96	1.0	1.0	0.98	1.0	1.0
1050	1.0	0.98	1.0	1.0	0.9	1.0	1.0	0.98	0.98	0.98	0.96	1.0	1.0	0.98	1.0	1.0
1100	0.98	0.98	1.0	1.0	0.9	1.0	1.0	0.98	0.98	0.98	0.98	1.0	1.0	1.0	1.0	1.0
1150	0.98	0.98	1.0	1.0	0.92	1.0	1.0	0.98	1.0	0.98	0.98	1.0	1.0	1.0	0.98	1.0
1200	0.98	0.98	1.0	1.0	0.92	1.0	1.0	0.98	1.0	0.98	0.98	1.0	1.0	0.98	0.98	1.0
1250	0.98	1.0	1.0	1.0	0.92	1.0	1.0	0.94	1.0	0.98	0.98	1.0	1.0	0.98	0.98	1.0
1300	0.98	1.0	1.0	1.0	0.92	1.0	1.0	0.94	1.0	1.0	0.96	1.0	1.0	0.98	0.98	1.0
1350	0.98	1.0	1.0	1.0	0.94	1.0	1.0	0.94	1.0	0.98	0.96	1.0	1.0	0.98	0.98	1.0
1400	0.98	1.0	1.0	0.98	0.96	1.0	1.0	0.94	1.0	0.98	0.96	1.0	1.0	0.94	0.96	1.0
1450	0.98	1.0	1.0	0.98	0.96	1.0	1.0	0.94	1.0	0.98	0.94	1.0	1.0	0.94	0.96	1.0
1500	0.98	1.0	1.0	0.98	1.0	1.0	1.0	0.94	1.0	0.98	0.92	1.0	1.0	0.94	0.94	1.0
1550	0.98	1.0	0.98	0.98	1.0	1.0	1.0	0.94	1.0	0.96	0.94	1.0	1.0	0.94	0.9	1.0
1600	0.98	1.0	0.98	0.98	1.0	1.0	1.0	0.94	1.0	0.94	0.94	1.0	1.0	0.94	0.9	1.0
1650	0.98	1.0	0.98	0.98	1.0	1.0	1.0	0.94	1.0	0.94	0.94	1.0	1.0	0.94	0.9	1.0
1700	0.98	1.0	0.98	0.98	1.0	1.0	1.0	0.94	1.0	0.94	0.94	1.0	1.0	0.94	0.9	1.0
1750	1.0	1.0	0.98	0.96	1.0	1.0	1.0	0.94	1.0	0.94	0.94	1.0	1.0	0.94	0.92	1.0
1800	1.0	1.0	0.98	0.96	1.0	1.0	1.0	0.96	1.0	0.94	0.92	1.0	1.0	0.94	0.92	1.0
1850	1.0	1.0	0.96	0.96	1.0	1.0	1.0	0.96	1.0	0.94	0.92	1.0	1.0	0.94	0.92	1.0
1900	1.0	1.0	0.94	0.96	1.0	1.0	1.0	0.96	1.0	0.94	0.94	1.0	1.0	0.94	0.92	1.0
1950	1.0	1.0	0.94	0.96	1.0	1.0	1.0	1.0	1.0	0.96	0.94	1.0	1.0	0.94	0.92	1.0
2000	1.0	1.0	0.92	0.94	1.0	1.0	1.0	1.0	1.0	0.96	0.96	1.0	1.0	0.94	0.94	1.0
2050	1.0	1.0	0.9	0.94	0.98	1.0	1.0	1.0	1.0	0.96	0.96	1.0	1.0	0.96	0.94	1.0
2100	1.0	1.0	0.9	0.96	0.98	1.0	1.0	1.0	1.0	1.0	0.96	1.0	1.0	0.96	0.94	1.0
2150	1.0	1.0	0.9	0.96	0.98	1.0	1.0	1.0	1.0	1.0	0.98	1.0	1.0	0.96	0.96	1.0
2200	1.0	1.0	0.9	0.96	0.98	1.0	1.0	1.0	1.0	1.0	0.98	1.0	1.0	1.0	0.96	1.0
2250	1.0	1.0	0.9	0.96	0.98	1.0	1.0	1.0	1.0	1.0	0.94	1.0	1.0	1.0	1.0	1.0
2300	1.0	1.0	0.9	0.96	0.98	1.0	1.0	0.98	1.0	1.0	0.94	1.0	1.0	1.0	1.0	1.0
2350	1.0	1.0	0.92	0.96	0.98	1.0	1.0	0.98	1.0	1.0	0.94	1.0	1.0	1.0	1.0	1.0
2400	1.0	1.0	0.92	0.98	0.98	1.0	1.0	0.98	1.0	1.0	0.94	1.0	1.0	1.0	1.0	1.0
2450	1.0	1.0	0.92	0.98	0.98	1.0	1.0	0.98	1.0	1.0	0.94	1.0	1.0	1.0	1.0	1.0
2500	1.0	0.98	0.92	0.98	0.98	1.0	1.0	0.98	1.0	1.0	0.94	1.0	1.0	1.0	1.0	1.0
2550	1.0	0.98	0.94	0.98	0.98	1.0	1.0	0.98	1.0	1.0	0.92	1.0	1.0	1.0	1.0	1.0
2600	0.96	0.98	0.92	1.0	0.98	1.0	1.0	0.98	1.0	1.0	0.92	1.0	1.0	1.0	1.0	1.0
2650	0.94	0.98	0.96	1.0	0.98	1.0	1.0	0.98	1.0	1.0	0.92	1.0	1.0	1.0	1.0	1.0
2700	0.94	0.98	0.98	1.0	0.98	1.0	1.0	0.98	1.0	1.0	0.92	1.0	1.0	1.0	1.0	0.98
2750	0.94	0.98	0.98	1.0	0.98	1.0	1.0	0.98	1.0	1.0	0.92	1.0	1.0	1.0	1.0	0.98
2800	0.94	0.98	0.98	1.0	1.0	1.0	1.0	0.98	1.0	1.0	0.92	1.0	0.98	1.0	1.0	0.96
2850	0.94	0.98	0.98	1.0	1.0	1.0	1.0	0.98	1.0	1.0	0.92	1.0	0.98	1.0	1.0	0.96
2900	0.94	0.98	0.98	1.0	1.0	0.98	1.0	0.98	1.0	1.0	0.9	1.0	0.98	1.0	1.0	0.96
2950	0.94	0.98	0.98	1.0	1.0	0.98	1.0	0.98	1.0	1.0	0.9	1.0	0.98	1.0	1.0	0.92
3000	0.94	0.98	0.98	1.0	1.0	0.98	1.0	0.98	1.0	1.0	0.94	1.0	0.98	0.98	1.0	0.92
3050	0.94	0.98	0.98	1.0	1.0	0.98	1.0	0.98	1.0	1.0	0.94	1.0	0.98	0.98	1.0	0.88
3100	0.94	0.98	0.96	1.0	1.0	0.98	1.0	1.0	1.0	1.0	0.94	1.0	0.98	0.98	1.0	0.88
3150	0.94	1.0	0.98	0.98	0.98	0.98	1.0	1.0	1.0	1.0	0.94	1.0	0.98	0.98	1.0	0.88
3200	0.94	1.0	0.98	0.98	0.98	0.98	1.0	1.0	1.0	1.0	0.96	1.0	0.98	0.98	1.0	0.88
3250	0.94	1.0	0.98	0.96	0.98	0.98	1.0	1.0	1.0	1.0	0.96	1.0	0.98	0.98	1.0	0.9
3300	0.94	1.0	0.98	0.96	0.98	0.98	1.0	1.0	1.0	0.98	0.96	1.0	0.98	0.98	1.0	0.9
3350	0.94	1.0	0.98	0.96	0.98	0.98	1.0	1.0	1.0	0.98	0.96	0.98	1.0	0.98	1.0	0.9
3400	0.96	1.0	0.96	0.96	0.98	0.98	1.0	1.0	1.0	0.96	0.96	0.98	0.98	0.98	1.0	0.9
3450	1.0	1.0	0.96	0.96	0.98	0.98	1.0	1.0	1.0	0.96	0.94	0.98	0.98	0.98	1.0	0.92
3500	1.0	1.0	0.96	0.96	0.98	0.98	1.0	1.0	1.0	0.94	0.94	0.96	0.98	0.98	1.0	0.92
3550	0.98	1.0	0.96	0.96	0.98	0.98	1.0	1.0	1.0	0.94	0.94	0.96	0.98	0.98	1.0	0.92
3600	0.98	1.0	0.96	0.96	0.98	0.98	1.0	0.96	1.0	0.94	0.94	0.94	0.98	0.98	1.0	0.92
3650	0.98	0.98	0.96	0.96	0.98	0.98	0.98	0.94	1.0	0.94	0.96	0.94	0.98	0.98	1.0	0.94
3700	0.98	0.98	0.96	0.96	0.98	0.98	0.98	0.94	1.0	0.94	0.96	0.94	0.98	0.98	1.0	0.94
3750	0.96	0.98	0.98	0.96	0.98	0.98	0.98	0.94	1.0	0.94	0.96	0.94	0.98	0.98	1.0	0.96
3800	0.96	0.98	0.98	0.96	0.98	0.98	0.98	0.94	1.0	0.94	0.96	0.94	0.98	0.98	1.0	0.96
3850	0.96	0.98	0.98	1.0	1.0	0.98	0.98	0.92	1.0	0.92	0.96	0.94	0.98	0.98	1.0	0.96
3900	0.96	0.98	0.98	1.0	1.0	0.98	0.98	0.92	1.0	0.92	0.96	0.94	0.98	1.0	1.0	1.0
3950	0.94	0.98	1.0	1.0	1.0	0.98	0.98	0.92	1.0	0.92	0.96	0.92	0.98	1.0	1.0	1.0
4000	0.94	0.98	1.0	1.0	1.0	0.98	0.98	0.92	1.0	0.92	0.96	0.92	0.98	1.0	1.0	1.0
4050	0.94	0.98	1.0	1.0	0.98	0.98	0.98	0.92	1.0	0.94	0.96	0.92	0.98	1.0	1.0	1.0
4100	0.92	0.98	1.0	1.0	0.98	0.98	0.98	0.9	1.0	0.94	0.98	0.92	0.98	1.0	1.0	1.0
4150	0.92	0.98	1.0	1.0	0.98	0.98	0.98	0.9	1.0	0.96	0.98	0.94	0.98	1.0	1.0	1.0
4200	0.92	0.98	1.0	1.0	0.98	0.98	0.98	0.9	1.0	0.96	0.98	0.94	0.98	1.0	1.0	1.0
4250	0.92	0.98	1.0	1.0	0.98	0.98	0.98	0.92	1.0	0.96	1.0	0.94	0.98	1.0	1.0	1.0
4300	0.92	0.98	1.0	1.0	0.98	0.98	0.98	0.92	1.0	0.98	1.0	0.98	1.0	1.0	1.0	1.0
4350	0.9	0.98	1.0	1.0	0.98	0.98	1.0	0.94	1.0	0.98	1.0	0.98	0.98	1.0	1.0	1.0
4400	0.9	0.98	1.0	0.98	0.98	1.0	1.0	0.94	1.0	0.98	1.0	0.98	0.96	1.0	1.0	0.98
4450	0.9	0.98	1.0	0.98	0.98	1.0	1.0	0.96	1.0	0.98	1.0	0.98	0.96	1.0	1.0	0.98
4500	0.9	1.0	1.0	0.98	0.98	0.98	1.0	0.94	1.0	0.98	0.98	0.98	0.96	1.0	1.0	0.98
4550	0.92	1.0	1.0	0.98	0.98	0.98	1.0	0.92	1.0	0.96	0.94	0.98	0.94	1.0	1.0	0.98
4600	0.92	1.0	1.0	0.98	0.98	0.98	1.0	0.92	1.0	0.96	0.94	0.98	0.92	1.0	1.0	0.98
4650	0.94	1.0	1.0	0.96	0.98	0.98	1.0	0.92	1.0	0.94	0.94	0.98	0.92	1.0	1.0	0.98
4700	0.94	1.0	1.0	0.96	0.98	0.98	1.0	0.92	1.0	0.94	0.94	0.98	0.92	1.0	1.0	0.98
4750	0.94	1.0	1.0	0.94	0.98	0.98	0.98	0.92	1.0	0.94	0.94	0.98	0.92	1.0	1.0	0.98
4800	0.94	0.96	0.98	0.94	0.96	0.98	0.98	0.92	1.0	0.94	0.94	0.98	0.9	1.0	1.0	0.98
4850	0.94	0.96	0.98	0.94	0.96	0.98	0.98	0.92	1.0	0.94	0.94	1.0	0.88	0.98	1.0	0.98
4900	0.94	0.96	0.98	0.92	0.96	0.98	0.98	0.94	1.0	0.94	0.94	1.0	0.88	0.98	1.0	0.98
4950	0.92	0.96	0.96	0.92	0.96	0.98	0.98	0.94	1.0	0.94	0.94	1.0	0.88	0.98	1.0	0.98
5000	0.9	0.96	0.94	0.92	0.96	0.98	0.98	0.94	1.0	0.94	0.94	0.98	0.86	0.98	1.0	0.96
5050	0.92	0.96	0.94	0.92	0.94	0.98	0.98	0.96	1.0	0.94	0.94	0.98	0.88	0.98	1.0	0.96
5100	0.92	0.96	0.94	0.92	0.94	0.98	0.96	0.96	1.0	0.94	0.94	0.98	0.9	0.98	1.0	0.96
5150	0.94	0.96	0.94	0.94	0.94	0.98	0.96	0.96	1.0	0.92	0.94	0.98	0.9	0.98	1.0	0.96
5200	0.94	0.96	0.94	0.94	0.96	0.98	0.96	0.96	1.0	0.96	0.96	0.98	0.92	0.98	1.0	0.96
5250	0.94	0.96	0.94	0.94	0.94	0.98	0.94	0.96	1.0	0.96	0.98	0.98	0.94	0.98	1.0	0.96
5300	0.94	0.96	0.94	0.94	0.94	1.0	0.94	0.96	1.0	0.98	1.0	0.98	0.94	0.98	1.0	0.96
5350	0.94	0.96	0.94	0.94	0.94	1.0	0.94	0.98	1.0	0.98	1.0	0.98	0.94	0.98	1.0	0.96
5400	0.94	0.98	0.92	0.94	0.96	1.0	0.94	1.0	0.98	0.98	1.0	0.98	0.94	0.98	1.0	0.96
5450	0.94	1.0	0.92	0.9	0.96	1.0	0.96	1.0	0.98	0.98	1.0	0.98	0.94	0.98	1.0	0.96
5500	0.96	1.0	0.92	0.92	0.94	1.0	0.96	1.0	0.98	0.98	1.0	0.98	0.96	0.98	1.0	0.96
5550	0.96	1.0	0.94	0.92	0.94	1.0	0.94	1.0	0.98	0.98	1.0	1.0	0.96	0.98	1.0	0.96
5600	0.96	1.0	0.94	0.94	0.94	1.0	0.94	1.0	0.98	0.98	1.0	1.0	0.98	0.98	1.0	0.96
5650	0.98	1.0	0.96	0.94	0.96	1.0	0.94	1.0	0.98	0.98	1.0	1.0	0.98	0.98	1.0	0.96
5700	0.98	1.0	0.98	0.94	0.94	1.0	0.94	1.0	0.98	0.98	1.0	1.0	0.98	0.98	1.0	0.98
5750	1.0	1.0	0.98	0.94	0.94	1.0	0.94	1.0	0.98	0.98	1.0	1.0	0.98	1.0	1.0	0.98
5800	1.0	1.0	0.98	0.96	0.94	1.0	0.94	1.0	0.98	1.0	1.0	1.0	1.0	1.0	1.0	0.98
5850	1.0	1.0	0.98	0.96	0.96	1.0	0.94	0.98	0.98	1.0	1.0	0.98	1.0	1.0	1.0	1.0
5900	1.0	1.0	0.98	0.96	0.96	1.0	0.96	0.98	0.96	1.0	1.0	0.98	1.0	1.0	1.0	1.0
5950	1.0	1.0	0.96	0.96	0.96	1.0	0.96	0.98	0.96	1.0	1.0	0.98	1.0	1.0	1.0	1.0
6000	1.0	1.0	0.96	0.96	0.96	1.0	0.96	0.98	0.94	0.98	1.0	0.98	1.0	1.0	1.0	0.98
6050	0.98	1.0	0.98	0.96	0.96	1.0	0.96	0.96	0.94	0.98	1.0	0.96	1.0	1.0	1.0	0.98
6100	0.98	1.0	0.98	0.96	0.96	1.0	0.98	0.96	0.96	0.98	1.0	0.96	1.0	1.0	1.0	0.98
6150	0.98	1.0	0.96	0.94	0.96	1.0	0.98	0.96	0.96	0.98	1.0	0.96	1.0	1.0	1.0	0.98
6200	0.98	1.0	0.96	0.94	0.96	1.0	0.98	0.96	0.96	0.98	1.0	0.96	1.0	1.0	1.0	0.98
6250	0.98	1.0	0.96	0.94	0.98	1.0	0.96	0.96	0.96	0.98	1.0	0.96	0.98	1.0	1.0	0.98
6300	0.98	1.0	0.96	0.94	0.98	1.0	0.96	0.96	0.96	0.98	1.0	0.96	0.98	1.0	1.0	0.98
6350	0.98	1.0	0.96	0.98	0.98	1.0	0.96	0.96	0.96	0.98	1.0	0.96	0.98	1.0	1.0	0.98
6400	0.98	1.0	0.94	0.98	0.96	1.0	0.98	0.96	0.96	0.98	1.0	0.96	0.96	1.0	1.0	0.98
6450	0.98	1.0	0.94	0.98	0.98	1.0	0.98	0.94	0.96	0.98	1.0	0.94	0.96	1.0	1.0	0.98
6500	0.98	1.0	0.94	0.96	0.98	1.0	0.98	0.96	0.96	0.98	1.0	0.94	0.96	1.0	1.0	0.98
6550	0.96	1.0	0.94	0.96	0.98	1.0	0.98	0.96	0.98	0.98	1.0	0.94	0.96	1.0	1.0	0.98
6600	0.96	1.0	0.94	0.96	0.98	1.0	0.98	0.96	1.0	0.98	1.0	0.94	0.96	1.0	1.0	0.98
6650	0.98	1.0	0.94	0.96	0.98	1.0	0.98	0.96	0.98	0.98	1.0	0.94	0.96	1.0	1.0	0.98
6700	0.98	1.0	0.96	0.94	0.98	1.0	0.98	0.96	0.98	0.98	1.0	0.96	0.94	1.0	1.0	0.96
6750	0.96	1.0	0.96	0.94	0.98	1.0	0.98	0.96	0.98	1.0	1.0	0.96	0.92	1.0	1.0	0.98
6800	0.96	1.0	0.96	0.94	0.98	1.0	0.98	0.96	0.98	1.0	1.0	0.96	0.92	1.0	1.0	0.98
6850	0.96	1.0	0.96	0.94	0.98	0.98	1.0	0.98	0.98	1.0	1.0	0.96	0.92	1.0	1.0	0.98
6900	0.94	1.0	0.98	0.96	0.98	0.98	1.0	0.98	0.98	1.0	1.0	0.96	0.92	1.0	1.0	0.98
6950	0.94	1.0	0.98	0.96	0.96	0.98	1.0	0.98	0.98	0.98	1.0	0.96	0.92	1.0	1.0	0.98
7000	0.94	1.0	0.98	0.96	0.96	0.98	1.0	0.98	0.98	0.98	1.0	0.98	0.94	1.0	1.0	0.98
7050	0.94	1.0	0.98	0.96	0.98	0.98	1.0	0.98	0.98	0.98	1.0	0.98	0.94	1.0	1.0	0.98
7100	0.94	1.0	1.0	0.96	0.98	0.98	1.0	0.98	0.96	0.98	1.0	0.98	0.94	1.0	1.0	0.98
7150	0.96	1.0	1.0	0.96	0.98	0.96	1.0	1.0	0.96	0.98	1.0	0.98	0.96	1.0	1.0	0.98
7200	0.96	1.0	1.0	0.96	0.98	0.96	1.0	0.98	0.96	0.98	1.0	0.98	0.96	1.0	1.0	0.96
7250	0.96	1.0	1.0	0.96	0.98	0.96	1.0	0.98	0.96	0.98	1.0	0.98	0.96	1.0	1.0	0.96
7300	0.96	1.0	1.0	0.98	0.98	0.96	1.0	0.98	0.96	0.98	1.0	1.0	0.98	1.0	1.0	0.96
7350	0.98	0.98	1.0	0.98	0.98	0.96	1.0	0.98	0.96	0.98	1.0	1.0	1.0	1.0	1.0	0.98
7400	0.98	0.98	1.0	0.98	0.98	0.96	1.0	0.98	0.96	0.98	1.0	1.0	1.0	1.0	1.0	0.96
7450	0.98	0.98	1.0	1.0	0.98	0.96	1.0	0.98	0.98	0.98	0.98	1.0	1.0	1.0	1.0	0.96
7500	0.98	0.98	1.0	1.0	0.98	0.96	1.0	0.98	0.98	0.98	0.98	1.0	1.0	1.0	1.0	0.96
7550	1.0	0.98	1.0	1.0	0.98	0.96	1.0	0.98	0.98	0.98	0.98	1.0	1.0	1.0	1.0	0.94
7600	0.98	0.96	1.0	1.0	0.98	0.96	1.0	0.98	0.98	0.98	0.98	1.0	1.0	0.98	1.0	0.94
7650	0.98	0.96	1.0	1.0	0.98	0.98	1.0	0.98	0.98	0.98	0.98	1.0	1.0	0.98	1.0	0.94
7700	0.98	0.96	1.0	1.0	1.0	0.98	1.0	0.98	0.98	1.0	0.98	1.0	1.0	0.98	1.0	0.94
7750	0.98	0.96	1.0	1.0	0.98	0.98	1.0	0.98	0.98	1.0	0.96	1.0	1.0	0.98	1.0	0.94
7800	0.98	0.96	1.0	1.0	0.98	0.98	1.0	0.98	0.98	1.0	0.96	1.0	1.0	0.98	1.0	0.94
7850	0.98	0.96	1.0	1.0	0.98	1.0	1.0	0.98	0.98	1.0	0.96	1.0	1.0	0.98	1.0	0.94
7900	0.98	0.96	1.0	1.0	0.98	1.0	1.0	0.98	1.0	1.0	0.96	1.0	1.0	0.98	1.0	0.96
7950	0.98	0.96	1.0	1.0	0.98	1.0	1.0	0.98	1.0	1.0	0.96	1.0	1.0	0.98	1.0	0.96
8000	0.98	0.96	1.0	0.98	0.98	1.0	1.0	0.98	1.0	1.0	0.96	1.0	0.98	0.98	1.0	0.96
8050	0.98	0.98	1.0	0.98	0.98	1.0	1.0	0.98	1.0	1.0	0.96	1.0	0.98	0.98	1.0	0.96
8100	0.98	0.98	1.0	0.98	0.98	1.0	1.0	0.96	1.0	0.98	0.96	1.0	0.98	0.98	1.0	0.96
8150	0.98	0.98	1.0	0.94	0.98	1.0	1.0	0.96	1.0	0.98	0.96	1.0	0.98	0.98	1.0	0.96
8200	1.0	0.96	1.0	0.94	0.98	1.0	1.0	0.98	1.0	0.96	0.96	1.0	0.98	0.98	1.0	0.96
8250	1.0	0.96	1.0	0.94	0.98	1.0	1.0	0.96	1.0	0.96	0.96	1.0	0.98	1.0	1.0	0.96
8300	1.0	0.96	1.0	0.94	0.98	1.0	1.0	0.96	1.0	0.94	0.98	1.0	0.96	1.0	1.0	0.98
8350	1.0	0.98	1.0	0.94	0.96	1.0	1.0	0.96	0.98	0.94	0.98	1.0	0.94	1.0	1.0	0.98
8400	1.0	0.98	1.0	0.94	0.98	1.0	1.0	0.96	0.98	0.94	0.98	1.0	0.94	1.0	1.0	0.98
8450	1.0	0.98	1.0	0.94	0.98	0.98	1.0	0.96	0.98	0.94	0.98	1.0	0.94	1.0	1.0	0.98
8500	1.0	0.98	1.0	0.94	0.98	0.98	1.0	0.96	0.98	0.94	1.0	1.0	0.94	0.98	1.0	0.98
8550	1.0	0.98	1.0	0.94	0.98	0.98	1.0	0.96	0.98	0.94	1.0	1.0	0.94	0.96	1.0	0.98
8600	1.0	0.98	0.98	0.94	0.98	0.98	1.0	0.96	0.96	0.94	1.0	1.0	0.96	0.96	1.0	0.98
8650	1.0	0.98	0.98	0.94	0.98	0.98	1.0	0.96	0.96	0.94	1.0	1.0	0.96	0.94	1.0	0.96
8700	0.98	0.98	0.98	0.94	0.98	0.98	1.0	0.96	0.96	0.94	1.0	1.0	0.96	0.94	1.0	0.96
8750	0.98	0.98	0.94	0.94	0.98	0.98	1.0	0.96	0.96	0.96	1.0	1.0	0.96	0.94	1.0	0.92
8800	0.98	0.98	0.94	0.94	0.98	0.98	1.0	0.96	0.96	0.96	1.0	1.0	0.96	0.94	1.0	0.92
8850	0.98	0.98	0.94	0.94	0.98	0.98	1.0	1.0	0.96	0.98	1.0	1.0	0.96	0.94	1.0	0.92
8900	0.98	0.98	0.94	0.94	0.98	0.98	1.0	0.98	0.96	1.0	1.0	1.0	0.94	0.94	1.0	0.92
8950	0.98	0.98	0.94	0.98	0.98	0.98	1.0	0.98	0.96	1.0	1.0	1.0	0.94	0.94	1.0	0.94
9000	0.98	1.0	0.94	1.0	0.98	0.98	1.0	0.98	0.94	0.98	1.0	1.0	0.96	0.94	1.0	0.94
9050	0.98	1.0	0.94	1.0	1.0	0.98	1.0	0.96	0.94	0.98	1.0	1.0	0.96	0.96	1.0	0.94
9100	0.98	1.0	0.94	1.0	1.0	0.98	1.0	0.96	0.96	0.98	1.0	1.0	0.96	0.96	1.0	0.94
9150	0.98	1.0	0.94	1.0	1.0	0.98	1.0	0.96	0.96	0.98	1.0	1.0	0.96	0.98	1.0	0.94
9200	0.98	1.0	0.94	1.0	1.0	0.98	1.0	0.96	0.98	0.98	1.0	1.0	0.96	0.98	1.0	0.94
9250	0.98	1.0	0.94	1.0	1.0	1.0	1.0	0.96	0.98	0.98	1.0	1.0	0.96	0.98	1.0	0.94
9300	0.98	0.98	0.94	1.0	1.0	1.0	1.0	0.96	0.98	0.98	1.0	1.0	0.96	1.0	1.0	0.96
9350	1.0	0.98	0.96	1.0	1.0	1.0	1.0	0.96	0.98	0.98	1.0	1.0	0.96	1.0	1.0	0.96
9400	1.0	0.98	0.96	1.0	1.0	1.0	1.0	0.96	0.98	0.98	1.0	1.0	0.96	1.0	1.0	0.96
9450	1.0	0.98	0.98	0.98	1.0	1.0	1.0	0.96	0.98	0.98	0.96	1.0	0.96	1.0	1.0	0.98
9500	1.0	0.98	1.0	0.98	1.0	1.0	1.0	0.98	0.98	0.98	0.96	1.0	0.94	1.0	1.0	1.0
9550	1.0	0.98	1.0	0.96	1.0	1.0	1.0	0.98	0.98	1.0	0.96	1.0	0.96	1.0	1.0	1.0
9600	1.0	0.98	1.0	0.96	1.0	1.0	1.0	1.0	0.98	1.0	0.96	1.0	0.94	1.0	1.0	1.0
9650	1.0	0.98	1.0	0.96	1.0	1.0	1.0	0.98	0.98	1.0	0.96	1.0	0.94	1.0	1.0	1.0
9700	1.0	0.98	1.0	0.96	1.0	0.98	1.0	0.98	0.98	1.0	0.96	1.0	0.92	1.0	1.0	1.0
9750	0.98	0.98	1.0	0.96	1.0	0.98	1.0	0.98	0.98	1.0	0.96	1.0	0.92	1.0	1.0	1.0
9800	0.98	0.98	1.0	0.96	1.0	0.98	1.0	0.98	0.98	1.0	0.96	1.0	0.92	1.0	1.0	1.0
9850	0.96	0.98	1.0	0.96	1.0	0.98	1.0	0.98	1.0	1.0	0.96	1.0	0.94	1.0	1.0	1.0
9900	0.96	0.98	1.0	0.96	1.0	0.96	1.0	0.98	1.0	1.0	0.96	1.0	0.94	1.0	1.0	1.0
9950	0.96	0.98	1.0	0.96	1.0	0.96	1.0	0.96	1.0	1.0	0.96	1.0	0.94	1.0	1.0	1.0
10000	0.96	1.0	1.0	0.96	1.0	0.94	1.0	0.96	1.0	1.0	0.96	1.0	0.94	1.0	1.0	1.0
10050	0.96	1.0	1.0	0.96	1.0	0.94	1.0	0.94	1.0	1.0	0.96	1.0	0.94	1.0	1.0	1.0
10100	0.96	0.98	1.0	0.96	1.0	0.94	1.0	0.94	1.0	1.0	0.96	1.0	0.92	1.0	1.0	1.0
10150	0.96	0.98	1.0	0.96	1.0	0.94	1.0	0.94	1.0	1.0	0.96	1.0	0.92	1.0	1.0	1.0
10200	0.96	0.98	1.0	0.96	1.0	0.94	1.0	0.94	1.0	1.0	0.96	1.0	0.92	1.0	1.0	1.0
10250	0.96	0.98	1.0	0.94	1.0	0.94	1.0	0.94	1.0	1.0	0.96	1.0	0.94	1.0	1.0	1.0
10300	0.94	0.96	1.0	0.94	1.0	0.94	1.0	0.94	1.0	1.0	0.98	1.0	0.94	1.0	1.0	1.0
10350	0.94	0.96	1.0	0.94	1.0	0.94	1.0	0.96	1.0	1.0	1.0	1.0	0.96	1.0	1.0	1.0
10400	0.94	0.96	1.0	0.94	1.0	0.94	1.0	0.96	1.0	1.0	0.98	1.0	0.98	1.0	1.0	1.0
10450	0.94	0.96	1.0	0.94	1.0	0.96	1.0	0.96	1.0	1.0	0.98	1.0	0.98	1.0	1.0	1.0
10500	0.94	0.96	1.0	0.94	1.0	0.94	1.0	0.96	1.0	1.0	0.98	1.0	0.98	1.0	1.0	1.0
10550	0.94	0.96	1.0	0.94	1.0	0.94	1.0	0.96	1.0	1.0	0.98	1.0	0.98	1.0	1.0	1.0
10600	0.94	0.96	1.0	0.94	1.0	0.94	1.0	0.98	1.0	1.0	0.96	1.0	0.98	0.98	1.0	1.0
10650	0.94	0.96	1.0	0.94	1.0	0.94	1.0	0.98	1.0	1.0	0.96	1.0	0.98	0.98	1.0	1.0
10700	0.96	0.96	1.0	0.94	1.0	0.94	1.0	0.98	1.0	1.0	0.96	1.0	0.98	0.98	1.0	1.0
10750	0.96	0.96	1.0	0.92	1.0	0.96	1.0	1.0	1.0	1.0	0.96	1.0	0.98	0.98	1.0	0.98
10800	0.98	0.96	1.0	0.9	0.98	0.96	1.0	1.0	1.0	1.0	0.96	1.0	0.98	0.98	1.0	0.98
10850	0.98	0.96	1.0	0.9	0.98	0.98	1.0	0.98	1.0	1.0	0.96	1.0	1.0	0.98	1.0	0.98
10900	0.98	0.96	1.0	0.9	0.98	0.96	1.0	0.98	1.0	1.0	0.96	1.0	1.0	0.98	1.0	0.98
10950	0.98	0.96	1.0	0.9	0.98	0.96	1.0	0.98	1.0	1.0	0.96	1.0	1.0	0.98	1.0	0.98
11000	0.98	0.98	1.0	0.9	0.98	0.96	1.0	0.98	1.0	1.0	0.96	1.0	1.0	0.98	1.0	0.98
11050	0.98	0.98	1.0	0.9	0.98	0.96	1.0	0.98	1.0	1.0	0.96	1.0	1.0	0.98	1.0	0.98
11100	0.98	0.98	1.0	0.94	0.98	0.96	1.0	0.98	1.0	1.0	0.96	1.0	1.0	0.98	1.0	0.98
11150	0.98	0.98	1.0	0.94	0.98	0.96	1.0	0.96	1.0	1.0	0.96	1.0	1.0	0.98	1.0	0.98
11200	0.98	0.98	1.0	0.94	0.98	0.98	1.0	0.96	1.0	1.0	0.96	1.0	1.0	0.98	1.0	0.98
11250	1.0	0.96	1.0	0.94	0.98	0.98	1.0	0.94	0.98	1.0	0.96	1.0	1.0	0.98	1.0	0.98
11300	0.98	0.96	1.0	0.96	0.98	0.98	1.0	0.94	0.98	1.0	0.94	1.0	1.0	0.98	1.0	0.98
11350	0.96	0.96	1.0	0.96	0.98	0.98	1.0	0.94	0.98	1.0	0.96	1.0	1.0	0.98	1.0	0.98
11400	0.96	0.98	1.0	0.96	0.98	0.98	1.0	0.94	0.98	1.0	0.96	1.0	1.0	1.0	1.0	0.98
11450	0.96	0.98	1.0	0.96	0.98	0.96	1.0	0.94	0.98	1.0	0.96	1.0	1.0	1.0	1.0	0.98
11500	0.96	0.98	1.0	0.96	0.98	0.96	1.0	0.94	0.98	1.0	0.96	1.0	1.0	1.0	1.0	0.98
11550	0.96	0.98	1.0	0.98	1.0	0.96	1.0	0.94	0.98	1.0	0.98	1.0	1.0	1.0	1.0	0.98
11600	0.96	0.98	1.0	0.98	1.0	0.96	0.98	0.94	0.98	1.0	0.98	1.0	1.0	1.0	1.0	0.98
11650	0.96	0.96	1.0	0.98	1.0	0.96	0.98	0.94	0.98	1.0	0.98	1.0	1.0	1.0	1.0	0.98
11700	0.96	0.96	1.0	0.98	1.0	0.96	0.98	0.94	0.98	1.0	0.98	1.0	1.0	0.98	1.0	1.0
11750	0.96	0.96	1.0	0.98	1.0	0.98	0.98	0.96	0.98	1.0	0.98	1.0	1.0	0.98	1.0	1.0
11800	0.96	0.96	1.0	0.98	1.0	0.98	0.98	0.96	0.98	1.0	0.98	1.0	1.0	0.98	1.0	1.0
11850	0.96	0.96	1.0	0.96	1.0	0.98	0.98	0.96	0.98	1.0	0.98	1.0	1.0	0.98	1.0	1.0
11900	0.96	0.96	1.0	0.96	1.0	0.98	0.98	0.96	0.98	1.0	0.98	1.0	1.0	0.98	1.0	1.0
11950	0.96	0.98	1.0	0.96	1.0	0.98	0.98	0.98	0.98	1.0	0.98	1.0	1.0	0.98	1.0	1.0
12000	0.96	0.98	1.0	0.96	1.0	0.98	0.98	0.98	0.98	1.0	0.98	1.0	1.0	0.98	1.0	1.0
12050	0.96	0.98	1.0	0.96	1.0	0.98	0.98	1.0	1.0	1.0	0.98	1.0	1.0	0.98	1.0	1.0
12100	0.92	0.98	1.0	0.96	1.0	0.98	0.98	1.0	1.0	1.0	1.0	1.0	1.0	0.98	1.0	1.0
12150	0.92	0.98	1.0	0.96	1.0	0.96	0.98	1.0	1.0	1.0	1.0	1.0	1.0	0.98	1.0	1.0
12200	0.94	0.98	1.0	0.96	1.0	0.96	0.98	1.0	1.0	1.0	1.0	1.0	0.98	0.98	1.0	1.0
12250	0.94	0.98	1.0	0.96	1.0	0.96	0.98	1.0	1.0	1.0	1.0	1.0	0.98	0.98	0.98	1.0
12300	0.94	0.96	1.0	0.96	1.0	0.98	0.98	1.0	1.0	1.0	1.0	1.0	0.98	0.98	0.98	1.0
12350	0.94	0.96	1.0	0.96	1.0	0.98	0.98	1.0	1.0	1.0	1.0	1.0	0.98	0.98	0.98	1.0
12400	0.94	0.98	1.0	0.96	0.98	0.98	0.98	1.0	1.0	1.0	1.0	1.0	0.98	0.98	0.98	1.0
12450	0.94	0.98	1.0	0.96	0.98	0.98	1.0	1.0	1.0	1.0	1.0	1.0	0.98	0.98	0.98	1.0
12500	0.94	0.98	1.0	0.98	0.98	0.98	1.0	1.0	1.0	1.0	1.0	1.0	0.98	0.98	0.98	1.0
12550	0.94	0.98	1.0	0.98	0.98	0.98	1.0	1.0	1.0	1.0	1.0	1.0	0.98	0.98	0.98	1.0
12600	0.94	0.98	1.0	0.98	0.98	0.96	1.0	1.0	1.0	1.0	1.0	1.0	0.98	0.98	0.98	1.0
12650	0.94	0.98	1.0	0.98	0.98	0.96	1.0	1.0	1.0	1.0	1.0	1.0	0.98	1.0	0.98	1.0
12700	0.94	0.98	1.0	0.98	0.98	0.94	1.0	1.0	1.0	1.0	1.0	1.0	0.98	1.0	0.98	1.0
12750	0.94	0.98	1.0	0.98	0.98	0.94	1.0	1.0	1.0	1.0	1.0	1.0	0.98	1.0	0.98	1.0
12800	0.94	0.98	1.0	0.98	0.98	0.96	1.0	0.98	1.0	1.0	1.0	1.0	0.98	1.0	0.98	1.0
12850	0.94	0.98	1.0	0.98	0.98	0.94	1.0	0.98	1.0	1.0	1.0	1.0	0.98	0.98	0.98	1.0
12900	0.96	0.98	1.0	0.98	0.98	0.94	1.0	0.96	1.0	1.0	1.0	1.0	0.98	0.98	0.98	1.0
12950	0.98	0.98	1.0	0.98	0.98	0.94	1.0	0.96	1.0	1.0	1.0	1.0	0.98	0.98	0.98	1.0
13000	0.98	0.98	1.0	0.98	0.98	0.92	1.0	0.96	1.0	1.0	1.0	1.0	0.98	0.98	0.98	1.0
13050	0.98	0.98	1.0	0.98	0.98	0.92	1.0	0.96	1.0	1.0	1.0	1.0	1.0	0.98	0.98	1.0
13100	0.98	0.98	1.0	0.98	0.96	0.92	1.0	0.96	1.0	1.0	1.0	1.0	1.0	0.98	0.98	1.0
13150	0.98	0.98	0.98	1.0	0.96	0.92	1.0	0.96	1.0	1.0	1.0	1.0	1.0	0.98	1.0	1.0
13200	0.98	0.98	0.98	1.0	0.96	0.92	1.0	0.96	1.0	1.0	1.0	1.0	1.0	0.98	1.0	1.0
13250	0.98	0.98	0.98	1.0	0.98	0.94	1.0	0.96	1.0	1.0	1.0	1.0	1.0	0.98	1.0	1.0
13300	0.98	0.98	0.98	1.0	0.98	0.92	1.0	0.96	1.0	1.0	1.0	1.0	1.0	0.98	1.0	1.0
13350	0.98	0.98	0.98	1.0	0.98	0.92	1.0	0.96	1.0	1.0	1.0	1.0	1.0	0.98	1.0	1.0
13400	0.98	0.98	0.98	1.0	0.98	0.92	1.0	0.98	1.0	1.0	1.0	1.0	1.0	0.96	1.0	1.0
13450	0.98	0.98	0.98	1.0	0.98	0.94	1.0	0.98	1.0	1.0	1.0	1.0	1.0	0.96	1.0	1.0
13500	0.98	0.98	0.98	1.0	0.98	0.94	1.0	0.98	1.0	1.0	1.0	1.0	1.0	0.96	1.0	1.0
13550	0.98	0.98	0.98	1.0	0.98	0.94	1.0	0.98	1.0	1.0	1.0	1.0	1.0	0.96	1.0	1.0
13600	0.98	0.98	0.98	1.0	0.98	0.94	1.0	1.0	1.0	1.0	1.0	1.0	1.0	0.94	1.0	1.0
13650	0.98	0.98	0.98	1.0	0.96	0.94	1.0	1.0	1.0	1.0	1.0	1.0	1.0	0.94	1.0	1.0
13700	0.98	0.98	0.98	1.0	0.96	0.94	1.0	1.0	1.0	1.0	1.0	1.0	1.0	0.96	1.0	1.0
13750	1.0	0.98	0.98	1.0	0.96	0.94	1.0	1.0	1.0	1.0	1.0	1.0	1.0	0.94	1.0	1.0
13800	0.98	0.98	0.98	1.0	0.96	0.96	1.0	1.0	1.0	1.0	1.0	0.98	1.0	0.94	1.0	1.0
13850	0.98	0.98	0.98	1.0	0.96	0.96	1.0	1.0	1.0	1.0	1.0	0.98	1.0	0.94	1.0	1.0
13900	0.98	0.98	0.98	1.0	0.96	0.98	1.0	1.0	1.0	1.0	1.0	0.98	1.0	0.94	1.0	1.0
13950	0.98	0.98	0.98	1.0	0.94	0.98	1.0	1.0	1.0	1.0	1.0	0.98	1.0	0.94	1.0	1.0
14000	0.98	0.98	0.98	1.0	0.96	0.98	1.0	1.0	1.0	1.0	1.0	0.98	1.0	0.96	1.0	1.0
14050	0.98	0.98	1.0	1.0	0.96	0.98	1.0	1.0	1.0	1.0	1.0	0.98	1.0	0.96	1.0	1.0
14100	0.98	0.98	1.0	1.0	0.96	0.96	1.0	0.98	1.0	1.0	1.0	0.98	1.0	0.96	1.0	1.0
14150	0.98	0.98	1.0	1.0	0.96	0.96	1.0	0.98	1.0	1.0	1.0	0.98	1.0	0.96	1.0	1.0
14200	0.98	0.98	1.0	1.0	0.96	0.96	1.0	0.98	1.0	0.98	1.0	0.98	1.0	0.96	1.0	0.98
14250	0.98	0.98	1.0	1.0	0.96	0.96	1.0	0.98	1.0	0.98	1.0	0.98	1.0	0.96	1.0	0.98
14300	0.98	0.98	1.0	1.0	0.96	0.96	1.0	0.98	1.0	0.98	1.0	0.98	1.0	0.98	1.0	0.98
14350	0.98	0.98	1.0	1.0	0.96	0.96	1.0	0.98	1.0	0.98	1.0	0.98	1.0	0.98	1.0	0.98
14400	0.98	0.98	1.0	1.0	0.96	0.96	1.0	0.98	1.0	0.98	1.0	0.98	1.0	0.98	1.0	0.96
14450	0.98	0.98	1.0	1.0	0.96	0.96	1.0	0.98	1.0	0.98	1.0	0.98	1.0	0.98	1.0	0.94
14500	0.98	0.98	1.0	1.0	0.96	0.96	1.0	0.98	1.0	0.98	1.0	0.98	1.0	1.0	1.0	0.94
14550	0.98	0.98	1.0	0.98	0.98	0.96	1.0	0.98	1.0	0.98	1.0	1.0	1.0	1.0	1.0	0.94
14600	0.96	0.98	1.0	0.98	0.98	0.96	1.0	0.98	1.0	0.98	1.0	1.0	1.0	1.0	1.0	0.94
14650	0.96	0.98	1.0	0.98	0.98	0.94	1.0	0.98	1.0	0.98	1.0	1.0	1.0	1.0	1.0	0.94
14700	0.98	0.98	1.0	0.98	0.98	0.94	1.0	0.98	1.0	0.98	1.0	1.0	1.0	1.0	1.0	0.94
14750	0.98	1.0	1.0	0.98	0.98	0.94	1.0	0.98	1.0	0.98	1.0	1.0	1.0	1.0	1.0	0.94
14800	0.98	1.0	1.0	0.96	0.98	0.94	1.0	0.98	1.0	0.98	1.0	1.0	1.0	1.0	1.0	0.94
14850	0.98	1.0	1.0	0.96	0.98	0.94	1.0	0.98	1.0	0.98	0.98	1.0	0.98	1.0	1.0	0.94
14900	0.98	1.0	1.0	0.96	0.98	0.94	1.0	0.98	1.0	0.98	0.98	1.0	0.98	1.0	1.0	0.94
14950	0.98	1.0	1.0	0.96	0.98	0.96	1.0	0.98	1.0	0.98	0.98	1.0	0.98	1.0	1.0	0.94
15000	0.98	1.0	1.0	0.96	0.96	0.96	1.0	0.98	1.0	1.0	0.98	1.0	0.98	1.0	1.0	0.96
15050	0.98	1.0	1.0	0.96	0.96	0.96	1.0	0.98	1.0	1.0	0.98	1.0	0.98	1.0	1.0	0.96
15100	0.98	0.98	1.0	0.96	0.94	0.96	1.0	0.98	1.0	1.0	0.98	1.0	0.98	1.0	1.0	0.96
15150	0.98	0.96	1.0	0.96	0.94	0.96	1.0	0.98	1.0	1.0	0.98	1.0	0.98	1.0	1.0	0.96
15200	0.98	0.96	0.98	0.96	0.94	0.96	1.0	0.98	1.0	1.0	0.98	1.0	0.98	1.0	1.0	0.94
15250	0.98	0.96	0.98	0.96	0.94	0.96	1.0	0.98	0.98	1.0	0.98	1.0	0.98	1.0	1.0	0.94
15300	0.98	0.96	0.98	0.98	0.94	0.96	1.0	0.98	0.98	1.0	0.98	1.0	0.98	1.0	1.0	0.94
15350	0.98	0.96	0.98	0.98	0.94	0.96	1.0	0.98	0.98	1.0	0.98	1.0	0.98	1.0	1.0	0.96
15400	0.98	0.96	0.98	0.98	0.94	0.96	1.0	0.98	0.98	1.0	0.98	1.0	0.98	1.0	1.0	0.96
15450	0.98	0.96	0.98	0.98	0.94	0.98	1.0	0.98	0.98	1.0	0.98	1.0	0.98	1.0	1.0	0.96
15500	0.98	0.96	0.98	0.98	0.94	0.98	1.0	0.98	0.98	0.98	0.98	1.0	0.98	1.0	1.0	0.96
15550	0.98	0.96	0.98	0.98	0.96	0.96	1.0	0.98	0.98	0.98	0.98	1.0	0.98	1.0	1.0	0.94
15600	1.0	0.96	0.96	0.98	0.98	0.96	1.0	0.98	0.98	0.98	0.98	1.0	0.98	0.98	1.0	0.94
15650	0.98	0.96	0.96	0.98	1.0	0.96	1.0	0.98	0.98	0.98	1.0	1.0	0.98	0.98	1.0	0.94
15700	0.98	0.96	0.96	1.0	1.0	0.96	1.0	0.98	0.98	0.98	1.0	1.0	0.98	0.98	1.0	0.92
15750	0.98	0.96	0.96	1.0	1.0	0.96	1.0	1.0	0.98	0.98	1.0	1.0	1.0	0.98	1.0	0.92
15800	0.98	0.96	0.96	1.0	1.0	0.96	1.0	1.0	0.98	0.98	1.0	1.0	1.0	0.98	1.0	0.92
15850	0.98	0.98	0.96	1.0	1.0	0.96	1.0	1.0	0.98	0.98	1.0	1.0	1.0	0.98	1.0	0.9
15900	0.98	0.98	0.96	1.0	1.0	0.96	1.0	1.0	1.0	0.98	1.0	1.0	1.0	0.98	1.0	0.9
15950	0.98	0.98	0.96	1.0	1.0	0.98	1.0	1.0	1.0	0.98	1.0	1.0	1.0	0.98	1.0	0.9
16000	0.98	0.98	0.98	1.0	1.0	0.98	1.0	1.0	1.0	0.98	1.0	1.0	1.0	0.98	1.0	0.9
16050	0.98	0.98	0.98	1.0	1.0	0.98	1.0	1.0	1.0	0.98	1.0	1.0	1.0	0.98	1.0	0.9
16100	0.96	0.98	0.98	1.0	1.0	0.98	1.0	1.0	1.0	0.98	1.0	1.0	1.0	0.98	1.0	0.9
16150	0.96	0.98	0.98	1.0	1.0	0.98	1.0	1.0	1.0	0.98	1.0	1.0	1.0	0.98	1.0	0.9
16200	0.94	0.98	0.98	1.0	1.0	0.98	1.0	1.0	1.0	0.98	1.0	1.0	1.0	0.98	1.0	0.9
16250	0.94	0.98	0.98	1.0	1.0	0.98	1.0	1.0	1.0	0.98	1.0	1.0	1.0	0.98	1.0	0.94
16300	0.94	0.98	1.0	1.0	1.0	0.98	1.0	1.0	1.0	0.98	1.0	1.0	1.0	0.98	1.0	0.94
16350	0.94	0.98	1.0	1.0	1.0	0.98	1.0	1.0	1.0	0.98	1.0	1.0	1.0	0.98	1.0	0.94
16400	0.94	0.98	1.0	1.0	1.0	0.98	1.0	1.0	1.0	1.0	1.0	1.0	1.0	1.0	1.0	0.94
16450	0.94	0.98	1.0	0.98	1.0	1.0	1.0	1.0	1.0	1.0	1.0	1.0	1.0	1.0	1.0	0.94
16500	0.94	0.98	1.0	0.98	0.98	0.98	1.0	1.0	1.0	1.0	1.0	1.0	1.0	1.0	1.0	0.96
16550	0.94	0.98	1.0	0.98	0.98	0.98	1.0	1.0	1.0	0.98	1.0	1.0	1.0	1.0	0.98	0.96
16600	0.94	0.98	1.0	0.98	0.98	0.98	1.0	1.0	1.0	0.98	1.0	1.0	1.0	1.0	0.98	0.96
16650	0.96	0.98	1.0	0.98	0.98	0.98	1.0	1.0	1.0	0.98	1.0	1.0	1.0	1.0	0.98	0.96
16700	0.96	1.0	1.0	0.98	0.98	0.98	1.0	1.0	1.0	0.96	1.0	1.0	1.0	1.0	0.98	0.98
16750	0.96	1.0	1.0	0.98	0.98	0.98	1.0	1.0	1.0	0.96	1.0	1.0	1.0	1.0	0.98	0.98
16800	0.96	1.0	1.0	0.98	0.98	0.96	1.0	1.0	1.0	0.96	1.0	1.0	1.0	1.0	0.98	0.98
16850	0.98	1.0	1.0	0.98	0.98	0.96	1.0	1.0	1.0	0.96	1.0	1.0	1.0	1.0	0.98	0.98
16900	0.98	1.0	1.0	0.96	0.98	0.96	1.0	1.0	1.0	0.94	1.0	1.0	1.0	1.0	0.98	0.98
16950	0.98	1.0	1.0	0.94	0.98	0.96	1.0	1.0	1.0	0.94	0.98	1.0	1.0	1.0	0.98	0.98
17000	1.0	1.0	1.0	0.94	0.98	0.96	1.0	1.0	1.0	0.94	0.98	1.0	1.0	1.0	0.98	0.98
17050	1.0	1.0	1.0	0.94	0.98	0.96	1.0	1.0	1.0	0.94	0.98	1.0	1.0	1.0	0.98	0.96
17100	1.0	1.0	1.0	0.94	0.98	0.96	1.0	1.0	1.0	0.94	0.98	1.0	1.0	1.0	0.98	0.94
17150	1.0	1.0	1.0	0.94	0.98	0.96	1.0	1.0	1.0	0.94	0.96	1.0	1.0	0.98	0.98	0.94
17200	1.0	1.0	1.0	0.94	0.98	0.96	1.0	1.0	1.0	0.94	0.96	1.0	1.0	0.98	0.98	0.94
17250	1.0	1.0	1.0	0.94	0.98	0.96	1.0	1.0	1.0	0.94	0.96	1.0	1.0	0.98	0.98	0.94
17300	1.0	1.0	0.98	0.96	0.98	0.96	1.0	1.0	1.0	0.94	0.96	1.0	1.0	0.98	0.98	0.94
17350	1.0	1.0	0.98	0.96	1.0	0.96	1.0	1.0	1.0	0.9	0.96	1.0	1.0	0.98	0.98	0.94
17400	1.0	1.0	0.98	0.96	1.0	0.96	1.0	1.0	1.0	0.9	0.96	1.0	1.0	0.98	0.98	0.96
17450	1.0	1.0	0.98	0.96	1.0	0.96	1.0	1.0	1.0	0.92	0.96	1.0	1.0	0.98	1.0	0.94
17500	1.0	1.0	0.96	0.96	1.0	0.96	1.0	1.0	1.0	0.92	0.96	0.98	1.0	0.98	1.0	0.94
17550	1.0	1.0	0.96	0.96	1.0	0.96	1.0	1.0	1.0	0.92	0.96	0.98	1.0	0.98	1.0	0.94
17600	1.0	1.0	0.96	0.98	1.0	0.98	1.0	1.0	1.0	0.92	0.96	0.98	1.0	0.98	1.0	0.94
17650	1.0	1.0	0.96	1.0	1.0	0.96	1.0	1.0	1.0	0.92	0.96	0.98	1.0	0.98	1.0	0.94
17700	1.0	1.0	0.96	1.0	1.0	0.96	1.0	1.0	1.0	0.94	0.98	0.98	1.0	0.98	1.0	0.94
17750	1.0	1.0	0.96	1.0	1.0	0.96	1.0	1.0	1.0	0.96	0.98	0.98	1.0	0.98	1.0	0.92
17800	1.0	1.0	0.96	1.0	1.0	0.96	1.0	1.0	1.0	0.96	0.98	0.98	1.0	0.98	1.0	0.9
17850	1.0	1.0	0.96	1.0	1.0	0.96	1.0	1.0	1.0	0.92	1.0	0.98	1.0	1.0	1.0	0.9
17900	1.0	1.0	0.96	1.0	1.0	0.96	1.0	1.0	1.0	0.92	1.0	0.98	1.0	1.0	1.0	0.92
17950	1.0	1.0	0.94	1.0	1.0	0.94	1.0	1.0	1.0	0.92	1.0	0.98	1.0	1.0	1.0	0.92
18000	0.98	1.0	0.94	1.0	1.0	0.94	1.0	1.0	1.0	0.92	1.0	0.98	1.0	1.0	1.0	0.92
18050	0.98	1.0	0.94	1.0	1.0	0.94	1.0	1.0	1.0	0.92	1.0	0.98	1.0	1.0	1.0	0.92
18100	0.98	1.0	0.96	1.0	1.0	0.94	1.0	1.0	1.0	0.92	1.0	0.98	1.0	1.0	1.0	0.92
18150	0.98	1.0	0.94	1.0	1.0	0.94	1.0	1.0	1.0	0.92	1.0	0.98	1.0	1.0	1.0	0.92
18200	0.98	1.0	0.94	1.0	1.0	0.94	1.0	1.0	1.0	0.96	1.0	0.96	1.0	1.0	1.0	0.92
18250	0.98	1.0	0.96	1.0	1.0	0.96	1.0	1.0	1.0	0.96	1.0	0.98	1.0	1.0	1.0	0.92
18300	0.98	1.0	0.96	1.0	1.0	0.96	1.0	1.0	1.0	0.96	1.0	0.98	1.0	1.0	1.0	0.94
18350	0.98	1.0	0.96	0.98	1.0	0.96	1.0	1.0	1.0	0.96	0.98	0.98	1.0	1.0	1.0	0.94
18400	0.98	1.0	0.96	0.98	1.0	0.96	1.0	1.0	1.0	0.96	0.98	0.98	1.0	1.0	1.0	0.96
18450	0.98	1.0	0.94	0.98	1.0	0.96	1.0	1.0	1.0	0.96	0.98	0.98	1.0	1.0	1.0	0.96
18500	0.98	1.0	0.94	0.98	1.0	0.96	1.0	1.0	1.0	0.96	0.98	0.98	1.0	1.0	1.0	0.94
18550	0.96	1.0	0.94	0.98	1.0	0.98	1.0	1.0	1.0	0.96	0.98	0.98	1.0	1.0	1.0	0.94
18600	0.96	1.0	0.94	0.98	1.0	0.98	1.0	1.0	1.0	0.94	0.98	0.98	1.0	1.0	1.0	0.94
18650	0.96	1.0	0.94	0.98	1.0	0.98	1.0	1.0	1.0	0.94	0.98	0.98	1.0	1.0	1.0	0.96
18700	0.96	1.0	0.94	0.98	1.0	0.98	1.0	1.0	1.0	0.94	0.98	0.98	1.0	1.0	0.98	0.96
18750	0.96	1.0	0.94	0.98	1.0	0.98	1.0	1.0	1.0	0.94	0.98	0.98	1.0	1.0	0.98	0.96
18800	0.98	1.0	0.96	0.98	1.0	0.96	1.0	1.0	1.0	0.98	0.98	0.98	1.0	1.0	0.98	0.96
18850	0.98	1.0	0.96	0.98	1.0	0.96	1.0	1.0	1.0	0.98	0.98	0.98	1.0	1.0	0.98	0.94
18900	0.98	1.0	0.96	0.96	1.0	0.96	1.0	1.0	1.0	0.98	0.98	0.98	1.0	1.0	0.98	0.94
18950	0.98	1.0	0.96	0.96	1.0	0.96	1.0	1.0	1.0	0.98	0.98	0.98	1.0	1.0	0.98	0.94
19000	0.98	1.0	0.98	0.94	1.0	0.96	1.0	1.0	1.0	0.98	0.98	0.98	1.0	1.0	0.98	0.94
19050	0.98	1.0	0.98	0.96	1.0	0.96	1.0	1.0	1.0	0.96	0.98	0.96	1.0	1.0	0.98	0.94
19100	0.98	1.0	0.98	0.96	1.0	0.96	1.0	1.0	1.0	0.96	0.98	0.96	1.0	1.0	0.98	0.94
19150	0.98	1.0	0.98	0.96	1.0	0.96	1.0	1.0	1.0	0.96	0.98	0.96	1.0	1.0	0.98	0.94
19200	0.98	1.0	0.96	0.96	1.0	0.96	1.0	1.0	1.0	0.96	1.0	0.98	1.0	1.0	0.98	0.94
19250	0.98	1.0	0.96	0.96	1.0	0.96	1.0	1.0	1.0	0.96	0.98	0.98	1.0	1.0	0.98	0.94
19300	0.98	1.0	0.98	0.96	1.0	0.96	1.0	1.0	0.98	0.96	0.98	0.96	1.0	1.0	0.98	0.94
19350	1.0	1.0	0.98	0.96	1.0	0.96	1.0	1.0	0.98	0.96	0.98	0.96	1.0	1.0	0.98	0.96
19400	1.0	0.98	0.98	0.96	1.0	0.98	1.0	1.0	0.98	0.98	0.98	0.96	1.0	1.0	0.98	0.94
19450	1.0	0.98	0.98	0.96	1.0	0.98	1.0	1.0	0.98	0.98	0.98	0.94	1.0	1.0	0.98	0.94
19500	1.0	0.98	0.98	0.96	1.0	0.98	1.0	1.0	0.98	0.98	0.98	0.94	1.0	1.0	0.98	0.94
19550	0.94	0.98	0.98	0.96	1.0	0.98	1.0	0.98	0.98	0.98	0.98	0.94	1.0	1.0	0.98	0.94
19600	0.92	0.98	0.98	0.98	1.0	0.98	1.0	0.98	0.98	0.98	0.98	0.94	1.0	1.0	0.98	0.94
19650	0.92	0.98	0.98	0.98	1.0	0.96	1.0	0.98	0.98	0.98	0.98	0.94	1.0	1.0	1.0	0.94
19700	0.92	0.98	0.98	0.98	1.0	0.96	1.0	0.98	0.98	0.98	0.98	0.94	1.0	1.0	1.0	0.96
19750	0.92	0.98	0.98	0.98	1.0	0.96	1.0	0.96	0.98	0.98	0.98	0.94	1.0	1.0	1.0	0.96
19800	0.92	0.96	0.98	0.98	1.0	0.96	1.0	0.96	0.98	0.98	0.98	0.96	1.0	1.0	1.0	0.94
19850	0.92	0.96	0.98	1.0	1.0	0.96	1.0	0.96	0.98	0.98	0.98	0.94	1.0	0.98	1.0	0.94
19900	0.92	0.96	0.98	1.0	1.0	0.94	1.0	0.96	0.98	0.98	0.98	0.94	1.0	0.98	1.0	0.92
19950	0.92	0.96	0.98	1.0	1.0	0.92	1.0	0.96	0.98	1.0	0.98	0.92	1.0	0.98	1.0	0.9
20000	0.92	0.96	1.0	1.0	1.0	0.92	1.0	0.96	0.98	1.0	1.0	0.94	1.0	0.96	1.0	0.9
