0	0.0	0.0	0.0	0.0	0.0	0.0	0.0	0.0	0.0	0.0	0.0	0.0	0.0	0.0	0.0	0.0
50	0.0	0.0	0.25	0.5	0.0	0.0	0.0	0.0	0.25	0.0	0.2	0.0	0.0	0.5	0.666666666667	0.0
100	0.0	0.4	0.444444444444	0.333333333333	0.0	0.166666666667	0.2	0.25	0.2	0.125	0.2	0.0	0.0	0.5	0.5	0.0
150	0.3125	0.571428571429	0.615384615385	0.444444444444	0.375	0.25	0.25	0.4	0.4	0.1	0.153846153846	0.111111111111	0.0	0.666666666667	0.5	0.25
200	0.315789473684	0.444444444444	0.625	0.5	0.416666666667	0.4	0.3	0.555555555556	0.5	0.285714285714	0.2	0.0909090909091	0.0833333333333	0.7	0.529411764706	0.5
250	0.333333333333	0.533333333333	0.684210526316	0.611111111111	0.384615384615	0.454545454545	0.416666666667	0.538461538462	0.571428571429	0.333333333333	0.1875	0.294117647059	0.117647058824	0.727272727273	0.526315789474	0.555555555556
300	0.346153846154	0.555555555556	0.714285714286	0.6	0.466666666667	0.538461538462	0.4	0.5	0.551724137931	0.333333333333	0.380952380952	0.368421052632	0.166666666667	0.666666666667	0.461538461538	0.615384615385
350	0.379310344828	0.619047619048	0.708333333333	0.608695652174	0.45	0.625	0.4375	0.526315789474	0.548387096774	0.363636363636	0.380952380952	0.434782608696	0.238095238095	0.6875	0.53125	0.625
400	0.382352941176	0.68	0.72	0.592592592593	0.541666666667	0.666666666667	0.473684210526	0.571428571429	0.514285714286	0.391304347826	0.391304347826	0.416666666667	0.291666666667	0.714285714286	0.542857142857	0.727272727273
450	0.432432432432	0.724137931034	0.714285714286	0.607142857143	0.6	0.619047619048	0.5	0.625	0.564102564103	0.423076923077	0.384615384615	0.481481481481	0.296296296296	0.75	0.552631578947	0.769230769231
500	0.447368421053	0.741935483871	0.714285714286	0.58064516129	0.612903225806	0.608695652174	0.52	0.620689655172	0.595238095238	0.483870967742	0.37037037037	0.46875	0.333333333333	0.766666666667	0.536585365854	0.806451612903
550	0.454545454545	0.771428571429	0.733333333333	0.611111111111	0.636363636364	0.625	0.518518518519	0.666666666667	0.630434782609	0.527777777778	0.392857142857	0.527777777778	0.354838709677	0.771428571429	0.511111111111	0.806451612903
600	0.454545454545	0.789473684211	0.742857142857	0.631578947368	0.666666666667	0.642857142857	0.551724137931	0.684210526316	0.65306122449	0.552631578947	0.46875	0.526315789474	0.405405405405	0.789473684211	0.52	0.8125
650	0.48	0.794871794872	0.72972972973	0.666666666667	0.648648648649	0.633333333333	0.575757575758	0.697674418605	0.7	0.585365853659	0.5	0.560975609756	0.414634146341	0.80487804878	0.52	0.823529411765
700	0.54	0.813953488372	0.717948717949	0.674418604651	0.658536585366	0.625	0.594594594595	0.695652173913	0.76	0.613636363636	0.538461538462	0.558139534884	0.431818181818	0.809523809524	0.52	0.837837837838
750	0.56	0.822222222222	0.731707317073	0.659090909091	0.659090909091	0.647058823529	0.605263157895	0.708333333333	0.74	0.68	0.568181818182	0.555555555556	0.468085106383	0.8125	0.5	0.785714285714
800	0.6	0.829787234043	0.744186046512	0.673469387755	0.659574468085	0.621621621622	0.625	0.74	0.76	0.74	0.553191489362	0.5625	0.5	0.816326530612	0.5	0.765957446809
850	0.6	0.833333333333	0.733333333333	0.7	0.7	0.631578947368	0.636363636364	0.76	0.76	0.76	0.56	0.62	0.52	0.84	0.46	0.8
900	0.62	0.88	0.755102040816	0.7	0.72	0.642857142857	0.644444444444	0.72	0.76	0.82	0.62	0.64	0.6	0.84	0.46	0.82
950	0.66	0.9	0.755102040816	0.72	0.74	0.644444444444	0.666666666667	0.74	0.78	0.8	0.62	0.66	0.66	0.84	0.5	0.8
1000	0.68	0.94	0.78	0.74	0.72	0.652173913043	0.7	0.74	0.82	0.84	0.66	0.72	0.7	0.86	0.54	0.82
1050	0.72	0.96	0.78	0.72	0.68	0.673469387755	0.78	0.76	0.82	0.9	0.72	0.74	0.74	0.86	0.5	0.82
1100	0.74	1.0	0.82	0.72	0.72	0.7	0.8	0.76	0.86	0.92	0.7	0.76	0.74	0.84	0.48	0.82
1150	0.74	1.0	0.84	0.7	0.68	0.7	0.78	0.74	0.86	0.88	0.7	0.74	0.76	0.84	0.46	0.8
1200	0.72	1.0	0.84	0.72	0.66	0.64	0.8	0.74	0.86	0.86	0.68	0.76	0.78	0.86	0.48	0.8
1250	0.74	1.0	0.84	0.68	0.66	0.64	0.8	0.72	0.88	0.84	0.68	0.74	0.8	0.88	0.48	0.78
1300	0.78	1.0	0.82	0.68	0.64	0.62	0.82	0.7	0.86	0.8	0.72	0.8	0.78	0.88	0.5	0.76
1350	0.78	1.0	0.82	0.7	0.68	0.58	0.84	0.64	0.84	0.78	0.72	0.8	0.8	0.86	0.5	0.76
1400	0.76	1.0	0.84	0.68	0.66	0.56	0.82	0.64	0.82	0.76	0.72	0.8	0.82	0.84	0.58	0.74
1450	0.78	1.0	0.84	0.64	0.68	0.6	0.82	0.62	0.8	0.76	0.72	0.82	0.84	0.84	0.58	0.78
1500	0.74	1.0	0.84	0.66	0.7	0.6	0.84	0.6	0.76	0.74	0.72	0.82	0.82	0.82	0.58	0.8
1550	0.74	1.0	0.82	0.66	0.7	0.56	0.82	0.58	0.78	0.72	0.7	0.84	0.82	0.82	0.58	0.82
1600	0.7	0.98	0.82	0.68	0.72	0.56	0.82	0.56	0.78	0.68	0.72	0.86	0.8	0.82	0.66	0.86
1650	0.68	0.96	0.84	0.66	0.72	0.58	0.82	0.54	0.8	0.64	0.68	0.86	0.82	0.8	0.66	0.86
1700	0.7	0.96	0.84	0.7	0.72	0.6	0.82	0.54	0.8	0.58	0.68	0.84	0.84	0.82	0.68	0.86
1750	0.72	0.96	0.84	0.7	0.76	0.6	0.8	0.54	0.82	0.62	0.68	0.86	0.82	0.84	0.68	0.86
1800	0.72	0.96	0.84	0.7	0.76	0.6	0.8	0.56	0.82	0.6	0.66	0.86	0.82	0.84	0.7	0.84
1850	0.72	0.96	0.84	0.72	0.78	0.6	0.82	0.56	0.84	0.56	0.72	0.86	0.8	0.84	0.68	0.82
1900	0.7	0.94	0.82	0.72	0.76	0.6	0.82	0.56	0.84	0.54	0.7	0.84	0.8	0.82	0.68	0.84
1950	0.66	0.94	0.82	0.74	0.76	0.6	0.84	0.56	0.82	0.52	0.72	0.82	0.8	0.86	0.66	0.84
2000	0.72	0.92	0.82	0.78	0.76	0.6	0.86	0.58	0.8	0.54	0.7	0.78	0.8	0.84	0.7	0.8
2050	0.74	0.92	0.84	0.82	0.72	0.6	0.84	0.58	0.82	0.56	0.68	0.78	0.82	0.84	0.74	0.8
2100	0.74	0.92	0.78	0.78	0.74	0.6	0.82	0.58	0.8	0.54	0.68	0.76	0.8	0.84	0.74	0.82
2150	0.74	0.92	0.8	0.78	0.74	0.6	0.82	0.58	0.76	0.5	0.68	0.74	0.8	0.84	0.72	0.8
2200	0.74	0.92	0.78	0.78	0.72	0.64	0.86	0.6	0.8	0.46	0.68	0.74	0.82	0.82	0.7	0.8
2250	0.74	0.92	0.8	0.78	0.7	0.64	0.86	0.62	0.78	0.46	0.68	0.72	0.84	0.82	0.7	0.78
2300	0.74	0.92	0.8	0.78	0.72	0.64	0.9	0.62	0.74	0.44	0.66	0.72	0.86	0.84	0.7	0.76
2350	0.7	0.94	0.82	0.78	0.72	0.68	0.9	0.68	0.76	0.46	0.66	0.66	0.86	0.84	0.72	0.76
2400	0.7	0.96	0.82	0.78	0.7	0.72	0.86	0.68	0.78	0.48	0.64	0.62	0.88	0.86	0.7	0.74
2450	0.68	0.94	0.82	0.8	0.7	0.76	0.84	0.68	0.76	0.46	0.64	0.64	0.84	0.86	0.68	0.76
2500	0.7	0.92	0.82	0.8	0.68	0.8	0.86	0.72	0.76	0.42	0.62	0.64	0.84	0.86	0.7	0.74
2550	0.68	0.92	0.84	0.8	0.7	0.8	0.84	0.72	0.76	0.46	0.6	0.64	0.86	0.84	0.7	0.76
2600	0.66	0.92	0.84	0.8	0.72	0.78	0.84	0.74	0.74	0.5	0.6	0.62	0.86	0.82	0.74	0.8
2650	0.66	0.94	0.86	0.72	0.76	0.78	0.84	0.74	0.68	0.5	0.62	0.6	0.86	0.82	0.7	0.82
2700	0.6	0.94	0.86	0.7	0.74	0.8	0.82	0.76	0.64	0.44	0.62	0.6	0.88	0.84	0.66	0.84
2750	0.6	0.92	0.86	0.72	0.72	0.82	0.82	0.82	0.64	0.46	0.62	0.58	0.9	0.84	0.64	0.86
2800	0.56	0.92	0.86	0.76	0.74	0.8	0.8	0.86	0.6	0.48	0.64	0.62	0.9	0.84	0.64	0.84
2850	0.56	0.92	0.86	0.82	0.74	0.8	0.8	0.86	0.64	0.48	0.64	0.62	0.88	0.84	0.66	0.82
2900	0.56	0.92	0.88	0.8	0.76	0.8	0.78	0.88	0.66	0.54	0.66	0.64	0.9	0.86	0.66	0.8
2950	0.56	0.92	0.88	0.78	0.74	0.84	0.76	0.88	0.66	0.52	0.66	0.62	0.9	0.88	0.64	0.8
3000	0.56	0.92	0.88	0.78	0.76	0.82	0.78	0.88	0.66	0.56	0.66	0.6	0.9	0.88	0.64	0.78
3050	0.62	0.9	0.88	0.74	0.74	0.82	0.8	0.9	0.66	0.58	0.72	0.58	0.92	0.9	0.62	0.78
3100	0.62	0.9	0.92	0.76	0.76	0.82	0.8	0.9	0.64	0.64	0.7	0.56	0.88	0.9	0.62	0.8
3150	0.62	0.92	0.92	0.76	0.8	0.8	0.8	0.9	0.66	0.64	0.7	0.56	0.84	0.9	0.62	0.8
3200	0.62	0.92	0.92	0.78	0.78	0.8	0.78	0.9	0.66	0.64	0.72	0.64	0.82	0.92	0.6	0.78
3250	0.62	0.94	0.9	0.8	0.76	0.8	0.76	0.9	0.66	0.64	0.68	0.6	0.8	0.9	0.62	0.8
3300	0.6	0.94	0.9	0.82	0.78	0.78	0.76	0.88	0.68	0.66	0.72	0.6	0.8	0.9	0.64	0.8
3350	0.62	0.92	0.9	0.82	0.8	0.8	0.8	0.9	0.7	0.66	0.78	0.58	0.82	0.88	0.64	0.78
3400	0.62	0.9	0.92	0.8	0.72	0.8	0.8	0.9	0.7	0.68	0.78	0.6	0.82	0.88	0.66	0.74
3450	0.62	0.9	0.9	0.82	0.7	0.76	0.8	0.9	0.74	0.7	0.76	0.6	0.8	0.88	0.66	0.7
3500	0.64	0.9	0.9	0.82	0.72	0.78	0.82	0.86	0.76	0.72	0.7	0.62	0.8	0.88	0.66	0.72
3550	0.66	0.92	0.9	0.82	0.72	0.8	0.84	0.86	0.78	0.72	0.68	0.62	0.78	0.9	0.64	0.72
3600	0.68	0.92	0.9	0.84	0.72	0.8	0.84	0.84	0.82	0.72	0.66	0.62	0.76	0.92	0.64	0.72
3650	0.72	0.94	0.88	0.78	0.72	0.78	0.82	0.86	0.8	0.72	0.62	0.62	0.76	0.94	0.66	0.72
3700	0.7	0.92	0.88	0.78	0.7	0.78	0.82	0.84	0.8	0.72	0.62	0.6	0.74	0.94	0.62	0.74
3750	0.7	0.92	0.88	0.82	0.7	0.76	0.84	0.86	0.86	0.7	0.62	0.62	0.74	0.94	0.64	0.74
3800	0.7	0.92	0.88	0.82	0.74	0.76	0.84	0.84	0.88	0.7	0.62	0.64	0.74	0.94	0.62	0.72
3850	0.68	0.92	0.88	0.84	0.76	0.78	0.84	0.84	0.88	0.76	0.66	0.66	0.78	0.94	0.56	0.72
3900	0.66	0.88	0.88	0.86	0.74	0.8	0.82	0.82	0.88	0.78	0.66	0.66	0.8	0.94	0.58	0.72
3950	0.64	0.9	0.86	0.86	0.72	0.82	0.8	0.82	0.88	0.78	0.7	0.66	0.8	0.94	0.56	0.7
4000	0.68	0.9	0.86	0.86	0.7	0.8	0.78	0.8	0.86	0.78	0.66	0.74	0.8	0.94	0.58	0.7
4050	0.68	0.9	0.84	0.88	0.68	0.82	0.76	0.8	0.86	0.78	0.6	0.74	0.76	0.94	0.58	0.7
4100	0.68	0.88	0.86	0.86	0.66	0.82	0.78	0.82	0.84	0.78	0.62	0.74	0.74	0.94	0.58	0.68
4150	0.7	0.9	0.86	0.86	0.72	0.8	0.78	0.82	0.86	0.8	0.62	0.74	0.74	0.94	0.54	0.66
4200	0.7	0.92	0.86	0.86	0.7	0.84	0.8	0.82	0.8	0.8	0.6	0.76	0.76	0.94	0.52	0.7
4250	0.74	0.92	0.88	0.84	0.7	0.86	0.8	0.84	0.78	0.8	0.58	0.74	0.74	0.92	0.5	0.72
4300	0.74	0.92	0.88	0.86	0.66	0.86	0.82	0.82	0.74	0.76	0.6	0.74	0.76	0.94	0.5	0.72
4350	0.74	0.94	0.88	0.86	0.64	0.84	0.82	0.78	0.72	0.76	0.6	0.76	0.72	0.94	0.52	0.76
4400	0.72	0.94	0.88	0.86	0.62	0.84	0.82	0.8	0.74	0.76	0.58	0.8	0.74	0.94	0.56	0.76
4450	0.76	0.92	0.86	0.86	0.62	0.82	0.82	0.82	0.74	0.8	0.58	0.84	0.74	0.92	0.58	0.78
4500	0.78	0.88	0.86	0.86	0.62	0.88	0.84	0.8	0.74	0.84	0.58	0.86	0.74	0.88	0.58	0.82
4550	0.78	0.86	0.9	0.84	0.62	0.88	0.84	0.8	0.72	0.82	0.58	0.86	0.76	0.84	0.6	0.78
4600	0.78	0.9	0.9	0.86	0.64	0.9	0.86	0.78	0.7	0.82	0.56	0.86	0.76	0.84	0.6	0.78
4650	0.78	0.9	0.9	0.88	0.64	0.9	0.88	0.78	0.68	0.86	0.56	0.86	0.78	0.82	0.6	0.82
4700	0.82	0.9	0.9	0.88	0.64	0.9	0.88	0.78	0.68	0.86	0.56	0.86	0.78	0.8	0.64	0.86
4750	0.82	0.92	0.9	0.88	0.62	0.92	0.88	0.82	0.7	0.84	0.58	0.86	0.74	0.8	0.64	0.84
4800	0.82	0.92	0.9	0.88	0.64	0.92	0.88	0.84	0.7	0.84	0.58	0.9	0.76	0.78	0.66	0.84
4850	0.78	0.92	0.9	0.9	0.68	0.92	0.88	0.82	0.72	0.84	0.56	0.92	0.78	0.74	0.68	0.86
4900	0.76	0.92	0.94	0.9	0.74	0.92	0.88	0.82	0.7	0.82	0.58	0.94	0.78	0.74	0.68	0.88
4950	0.74	0.9	0.94	0.9	0.78	0.92	0.9	0.8	0.74	0.82	0.58	0.94	0.8	0.72	0.7	0.9
5000	0.72	0.9	0.94	0.9	0.76	0.94	0.88	0.8	0.72	0.82	0.6	0.94	0.8	0.76	0.74	0.88
5050	0.7	0.9	0.94	0.88	0.76	0.94	0.88	0.8	0.66	0.82	0.64	0.98	0.84	0.8	0.76	0.86
5100	0.7	0.9	0.94	0.9	0.78	0.94	0.88	0.8	0.7	0.82	0.64	0.98	0.84	0.84	0.78	0.86
5150	0.7	0.88	0.96	0.92	0.8	0.94	0.88	0.76	0.68	0.82	0.64	0.98	0.82	0.84	0.8	0.86
5200	0.7	0.88	0.98	0.92	0.78	0.94	0.86	0.78	0.66	0.82	0.62	0.96	0.78	0.86	0.8	0.84
5250	0.7	0.88	1.0	0.92	0.78	0.94	0.86	0.78	0.66	0.78	0.64	0.94	0.8	0.86	0.82	0.84
5300	0.68	0.96	0.98	0.9	0.78	0.94	0.86	0.78	0.64	0.76	0.68	0.92	0.8	0.88	0.82	0.84
5350	0.66	0.96	0.98	0.92	0.72	0.96	0.86	0.78	0.66	0.78	0.68	0.92	0.78	0.86	0.82	0.84
5400	0.66	0.94	0.96	0.92	0.78	0.96	0.84	0.76	0.66	0.8	0.7	0.92	0.72	0.88	0.82	0.82
5450	0.66	0.9	0.96	0.92	0.8	0.98	0.84	0.78	0.66	0.8	0.7	0.92	0.72	0.9	0.84	0.82
5500	0.64	0.88	0.96	0.9	0.82	0.96	0.86	0.78	0.62	0.82	0.72	0.92	0.74	0.88	0.84	0.86
5550	0.64	0.88	0.96	0.9	0.84	0.96	0.86	0.78	0.64	0.82	0.72	0.92	0.7	0.88	0.88	0.84
5600	0.64	0.88	0.94	0.84	0.8	0.92	0.86	0.8	0.64	0.8	0.72	0.92	0.7	0.86	0.9	0.84
5650	0.66	0.84	0.94	0.86	0.8	0.92	0.9	0.78	0.66	0.82	0.72	0.9	0.74	0.86	0.9	0.84
5700	0.64	0.84	0.94	0.84	0.76	0.9	0.9	0.78	0.64	0.82	0.7	0.9	0.74	0.86	0.9	0.84
5750	0.66	0.86	0.92	0.78	0.74	0.9	0.9	0.76	0.66	0.84	0.62	0.9	0.74	0.86	0.9	0.84
5800	0.66	0.86	0.92	0.76	0.74	0.9	0.92	0.72	0.66	0.82	0.64	0.9	0.7	0.84	0.9	0.86
5850	0.7	0.86	0.88	0.76	0.74	0.9	0.92	0.74	0.7	0.82	0.64	0.9	0.66	0.84	0.92	0.84
5900	0.66	0.84	0.88	0.76	0.72	0.9	0.92	0.72	0.72	0.86	0.64	0.88	0.68	0.84	0.88	0.86
5950	0.62	0.84	0.88	0.76	0.74	0.88	0.92	0.7	0.8	0.86	0.64	0.9	0.72	0.84	0.88	0.84
6000	0.6	0.86	0.88	0.74	0.76	0.84	0.92	0.7	0.78	0.84	0.66	0.9	0.72	0.84	0.84	0.88
6050	0.62	0.86	0.88	0.72	0.74	0.84	0.92	0.68	0.78	0.84	0.68	0.92	0.7	0.82	0.84	0.88
6100	0.6	0.88	0.86	0.74	0.74	0.84	0.94	0.68	0.78	0.84	0.68	0.92	0.72	0.8	0.84	0.86
6150	0.64	0.9	0.86	0.76	0.72	0.82	0.94	0.7	0.78	0.84	0.72	0.96	0.72	0.8	0.84	0.88
6200	0.62	0.9	0.86	0.76	0.66	0.82	0.94	0.64	0.78	0.86	0.66	0.96	0.72	0.8	0.84	0.88
6250	0.64	0.9	0.88	0.76	0.68	0.82	0.94	0.6	0.8	0.86	0.68	0.96	0.74	0.78	0.84	0.88
6300	0.62	0.92	0.84	0.76	0.68	0.82	0.94	0.58	0.78	0.84	0.68	0.96	0.74	0.78	0.86	0.9
6350	0.62	0.94	0.84	0.78	0.7	0.82	0.94	0.6	0.76	0.86	0.64	0.96	0.72	0.78	0.86	0.9
6400	0.62	0.94	0.82	0.8	0.72	0.82	0.94	0.6	0.78	0.86	0.66	0.96	0.72	0.8	0.86	0.88
6450	0.64	0.94	0.8	0.8	0.7	0.8	0.94	0.64	0.78	0.86	0.64	0.96	0.76	0.8	0.86	0.88
6500	0.62	0.92	0.82	0.8	0.74	0.8	0.94	0.64	0.76	0.88	0.66	0.96	0.78	0.78	0.86	0.9
6550	0.6	0.92	0.82	0.78	0.78	0.8	0.94	0.64	0.8	0.92	0.68	0.96	0.8	0.8	0.86	0.92
6600	0.6	0.92	0.84	0.82	0.78	0.8	0.92	0.64	0.78	0.92	0.66	0.96	0.8	0.82	0.86	0.92
6650	0.6	0.92	0.86	0.84	0.78	0.8	0.92	0.68	0.76	0.92	0.64	0.98	0.76	0.8	0.9	0.92
6700	0.6	0.94	0.86	0.86	0.82	0.82	0.92	0.68	0.72	0.9	0.64	1.0	0.76	0.8	0.9	0.92
6750	0.56	0.94	0.88	0.88	0.84	0.78	0.92	0.68	0.72	0.9	0.62	1.0	0.74	0.82	0.84	0.92
6800	0.54	0.96	0.88	0.9	0.86	0.78	0.92	0.68	0.72	0.88	0.62	0.96	0.74	0.82	0.8	0.92
6850	0.56	0.94	0.88	0.92	0.86	0.8	0.92	0.66	0.72	0.88	0.6	0.96	0.76	0.82	0.78	0.9
6900	0.56	0.94	0.88	0.94	0.84	0.84	0.94	0.62	0.78	0.88	0.58	0.96	0.74	0.82	0.76	0.9
6950	0.6	0.94	0.86	0.94	0.82	0.86	0.94	0.6	0.8	0.86	0.6	0.94	0.72	0.82	0.76	0.92
7000	0.62	0.94	0.86	0.94	0.82	0.86	0.96	0.62	0.82	0.86	0.64	0.94	0.7	0.82	0.72	0.92
7050	0.6	0.94	0.86	0.94	0.82	0.86	0.96	0.62	0.84	0.88	0.64	0.94	0.7	0.84	0.72	0.92
7100	0.6	0.92	0.88	0.94	0.82	0.88	0.96	0.64	0.82	0.88	0.66	0.94	0.62	0.86	0.72	0.92
7150	0.6	0.92	0.88	0.94	0.84	0.9	0.94	0.7	0.84	0.86	0.7	0.94	0.62	0.86	0.7	0.92
7200	0.6	0.92	0.88	0.92	0.84	0.9	0.94	0.72	0.86	0.84	0.68	0.92	0.6	0.86	0.72	0.92
7250	0.58	0.94	0.86	0.92	0.86	0.88	0.94	0.72	0.86	0.84	0.68	0.92	0.6	0.88	0.72	0.94
7300	0.6	0.94	0.86	0.94	0.86	0.9	0.96	0.74	0.86	0.86	0.68	0.92	0.56	0.88	0.76	0.94
7350	0.6	0.92	0.84	0.94	0.84	0.9	0.94	0.7	0.88	0.9	0.76	0.92	0.54	0.88	0.76	0.94
7400	0.64	0.9	0.84	0.98	0.82	0.9	0.94	0.7	0.86	0.92	0.78	0.92	0.54	0.86	0.76	0.94
7450	0.68	0.9	0.84	0.98	0.82	0.9	0.96	0.72	0.84	0.92	0.76	0.92	0.54	0.88	0.76	0.92
7500	0.68	0.9	0.84	0.98	0.82	0.9	0.96	0.7	0.86	0.92	0.78	0.9	0.54	0.88	0.78	0.92
7550	0.7	0.9	0.84	0.96	0.82	0.9	0.96	0.68	0.86	0.92	0.82	0.88	0.52	0.92	0.78	0.92
7600	0.68	0.9	0.82	0.94	0.8	0.9	0.96	0.7	0.88	0.92	0.82	0.86	0.54	0.92	0.82	0.92
7650	0.7	0.9	0.82	0.9	0.8	0.9	0.96	0.72	0.84	0.92	0.84	0.9	0.52	0.9	0.84	0.94
7700	0.72	0.9	0.82	0.88	0.78	0.92	0.96	0.7	0.84	0.94	0.84	0.92	0.54	0.88	0.84	0.96
7750	0.74	0.9	0.84	0.86	0.78	0.92	0.96	0.68	0.8	0.94	0.86	0.9	0.56	0.88	0.86	0.96
7800	0.74	0.9	0.84	0.86	0.8	0.92	0.96	0.68	0.8	0.96	0.86	0.9	0.54	0.9	0.86	0.96
7850	0.74	0.9	0.86	0.82	0.78	0.92	0.96	0.66	0.8	0.94	0.82	0.9	0.56	0.88	0.86	0.96
7900	0.72	0.9	0.86	0.82	0.76	0.96	0.94	0.64	0.8	0.94	0.86	0.9	0.6	0.88	0.88	0.96
7950	0.74	0.88	0.86	0.82	0.74	0.96	0.94	0.62	0.82	0.9	0.88	0.92	0.66	0.88	0.88	0.96
8000	0.74	0.88	0.88	0.82	0.74	0.94	0.96	0.64	0.82	0.88	0.88	0.9	0.68	0.86	0.88	0.94
8050	0.72	0.88	0.88	0.82	0.74	0.94	0.96	0.64	0.82	0.88	0.88	0.88	0.66	0.82	0.88	0.94
8100	0.7	0.9	0.88	0.82	0.74	0.92	0.96	0.6	0.82	0.88	0.88	0.86	0.68	0.82	0.88	0.94
8150	0.7	0.92	0.88	0.8	0.74	0.92	0.96	0.62	0.82	0.86	0.84	0.86	0.72	0.8	0.88	0.94
8200	0.7	0.92	0.88	0.8	0.72	0.9	0.96	0.6	0.8	0.86	0.84	0.88	0.74	0.76	0.86	0.94
8250	0.66	0.88	0.9	0.78	0.72	0.88	0.96	0.58	0.78	0.88	0.86	0.9	0.74	0.78	0.82	0.96
8300	0.66	0.86	0.86	0.78	0.72	0.86	0.96	0.6	0.76	0.9	0.86	0.9	0.72	0.76	0.82	0.96
8350	0.66	0.88	0.88	0.82	0.72	0.84	0.96	0.6	0.78	0.9	0.86	0.9	0.74	0.76	0.82	0.94
8400	0.64	0.88	0.9	0.82	0.72	0.84	0.96	0.62	0.76	0.9	0.86	0.9	0.72	0.76	0.82	0.96
8450	0.66	0.88	0.9	0.84	0.7	0.84	0.96	0.6	0.74	0.9	0.84	0.88	0.76	0.74	0.84	0.96
8500	0.66	0.88	0.9	0.86	0.66	0.84	0.96	0.6	0.74	0.9	0.84	0.88	0.74	0.76	0.82	0.96
8550	0.7	0.88	0.9	0.86	0.66	0.84	0.96	0.62	0.72	0.9	0.82	0.88	0.72	0.74	0.86	0.94
8600	0.72	0.9	0.86	0.88	0.68	0.82	0.94	0.6	0.72	0.92	0.82	0.88	0.72	0.74	0.88	0.94
8650	0.72	0.9	0.86	0.88	0.68	0.8	0.94	0.64	0.7	0.92	0.8	0.88	0.72	0.72	0.88	0.94
8700	0.7	0.9	0.86	0.86	0.66	0.8	0.92	0.66	0.72	0.96	0.78	0.9	0.74	0.74	0.9	0.94
8750	0.7	0.9	0.86	0.86	0.64	0.82	0.92	0.68	0.72	0.98	0.82	0.9	0.76	0.74	0.9	0.94
8800	0.68	0.9	0.9	0.86	0.64	0.84	0.9	0.68	0.72	0.98	0.82	0.9	0.8	0.76	0.88	0.94
8850	0.7	0.9	0.9	0.84	0.64	0.84	0.9	0.68	0.7	0.98	0.82	0.94	0.78	0.78	0.88	0.94
8900	0.7	0.9	0.9	0.82	0.68	0.86	0.9	0.68	0.7	0.96	0.8	0.94	0.76	0.8	0.9	0.92
8950	0.7	0.9	0.9	0.8	0.64	0.84	0.88	0.7	0.7	0.96	0.8	0.94	0.78	0.82	0.94	0.92
9000	0.78	0.9	0.9	0.8	0.64	0.84	0.88	0.68	0.7	0.96	0.8	0.94	0.8	0.84	0.96	0.92
9050	0.82	0.88	0.92	0.78	0.62	0.84	0.86	0.7	0.68	0.96	0.8	0.94	0.82	0.84	0.96	0.9
9100	0.84	0.9	0.92	0.78	0.64	0.84	0.84	0.74	0.7	0.94	0.8	0.94	0.86	0.88	0.96	0.9
9150	0.82	0.92	0.92	0.78	0.62	0.84	0.8	0.74	0.76	0.94	0.8	0.9	0.86	0.86	0.98	0.9
9200	0.86	0.92	0.9	0.78	0.64	0.84	0.8	0.74	0.74	0.94	0.8	0.92	0.86	0.88	0.98	0.9
9250	0.88	0.94	0.9	0.8	0.64	0.84	0.82	0.74	0.74	0.94	0.82	0.92	0.9	0.88	0.98	0.92
9300	0.9	0.9	0.86	0.76	0.64	0.84	0.82	0.74	0.74	0.94	0.78	0.9	0.9	0.9	0.98	0.92
9350	0.86	0.9	0.9	0.76	0.68	0.84	0.82	0.74	0.78	0.94	0.78	0.9	0.9	0.9	0.98	0.92
9400	0.86	0.88	0.88	0.76	0.68	0.84	0.84	0.76	0.78	0.94	0.76	0.9	0.86	0.92	0.98	0.92
9450	0.86	0.88	0.88	0.74	0.72	0.86	0.86	0.76	0.76	0.96	0.78	0.9	0.84	0.94	1.0	0.92
9500	0.88	0.88	0.86	0.76	0.72	0.86	0.86	0.8	0.78	0.96	0.78	0.9	0.8	0.96	0.98	0.92
9550	0.88	0.86	0.86	0.76	0.72	0.88	0.86	0.8	0.78	0.96	0.8	0.88	0.84	0.96	0.98	0.92
9600	0.84	0.9	0.86	0.76	0.74	0.9	0.84	0.8	0.78	0.96	0.82	0.88	0.82	0.96	0.94	0.92
9650	0.86	0.9	0.86	0.76	0.72	0.94	0.88	0.8	0.8	0.96	0.8	0.86	0.8	0.94	0.94	0.94
9700	0.86	0.9	0.86	0.78	0.72	0.92	0.88	0.8	0.76	0.98	0.76	0.86	0.8	0.94	0.94	0.96
9750	0.86	0.9	0.86	0.76	0.72	0.86	0.88	0.82	0.76	0.98	0.78	0.86	0.8	0.92	0.92	0.96
9800	0.86	0.9	0.84	0.8	0.8	0.82	0.88	0.82	0.78	0.98	0.76	0.88	0.8	0.9	0.92	0.96
9850	0.84	0.9	0.82	0.8	0.82	0.82	0.86	0.84	0.78	1.0	0.76	0.88	0.8	0.9	0.9	0.96
9900	0.84	0.9	0.8	0.8	0.84	0.8	0.86	0.84	0.76	1.0	0.76	0.92	0.8	0.88	0.88	0.96
9950	0.84	0.9	0.8	0.82	0.86	0.78	0.86	0.82	0.76	1.0	0.74	0.9	0.8	0.9	0.88	0.94
10000	0.82	0.9	0.82	0.84	0.86	0.78	0.86	0.82	0.78	1.0	0.76	0.9	0.78	0.88	0.88	0.94
10050	0.8	0.9	0.82	0.84	0.9	0.78	0.86	0.84	0.78	0.98	0.74	0.9	0.78	0.88	0.88	0.94
10100	0.82	0.9	0.82	0.86	0.9	0.8	0.88	0.84	0.84	0.98	0.76	0.9	0.78	0.88	0.88	0.94
10150	0.84	0.92	0.82	0.88	0.9	0.78	0.88	0.84	0.82	0.98	0.8	0.9	0.8	0.88	0.88	0.92
10200	0.82	0.92	0.82	0.88	0.94	0.76	0.88	0.84	0.88	0.98	0.8	0.92	0.84	0.9	0.88	0.92
10250	0.84	0.94	0.84	0.88	0.94	0.76	0.88	0.82	0.88	0.94	0.82	0.92	0.8	0.9	0.9	0.9
10300	0.86	0.94	0.86	0.86	0.96	0.78	0.88	0.84	0.92	0.92	0.82	0.94	0.8	0.9	0.92	0.92
10350	0.9	0.94	0.86	0.88	0.94	0.84	0.9	0.86	0.92	0.92	0.86	0.96	0.82	0.92	0.94	0.92
10400	0.9	0.96	0.86	0.92	0.94	0.88	0.9	0.88	0.94	0.92	0.86	0.96	0.82	0.94	0.94	0.92
10450	0.9	0.94	0.88	0.92	0.94	0.9	0.94	0.86	0.94	0.92	0.88	0.96	0.82	0.96	0.94	0.92
10500	0.92	0.94	0.88	0.92	0.94	0.94	0.96	0.86	0.94	0.92	0.88	0.96	0.82	0.98	0.94	0.92
10550	0.94	0.94	0.9	0.92	0.92	0.96	0.96	0.86	0.96	0.92	0.92	0.96	0.84	0.98	0.96	0.92
10600	0.96	0.96	0.92	0.94	0.92	0.96	1.0	0.92	0.96	0.92	0.92	0.96	0.86	0.98	0.96	0.92
10650	0.98	0.96	0.94	0.94	0.92	0.96	1.0	0.92	0.96	0.92	0.94	0.98	0.88	0.98	0.98	0.92
10700	0.98	0.96	0.94	0.94	0.92	0.98	1.0	0.92	0.96	0.92	0.94	0.98	0.9	0.98	1.0	0.94
10750	1.0	0.96	0.96	0.94	0.92	1.0	1.0	0.96	0.98	0.92	0.98	0.98	0.9	0.98	1.0	0.96
10800	1.0	0.96	0.96	0.94	0.92	1.0	1.0	0.96	1.0	0.92	0.98	0.98	0.9	0.98	1.0	0.96
10850	1.0	0.98	0.98	0.96	0.94	1.0	1.0	0.94	1.0	0.92	0.98	1.0	0.9	0.96	1.0	0.98
10900	1.0	0.98	0.98	0.96	0.96	1.0	1.0	0.94	1.0	0.94	0.98	1.0	0.92	0.96	1.0	1.0
10950	1.0	0.98	0.98	0.98	0.96	1.0	1.0	0.94	1.0	0.98	0.98	1.0	0.94	0.96	1.0	1.0
11000	1.0	0.98	0.98	0.98	0.98	1.0	1.0	0.96	1.0	0.98	0.98	1.0	0.94	0.96	1.0	1.0
11050	1.0	0.98	0.98	0.98	0.98	1.0	1.0	0.98	1.0	0.98	0.98	1.0	0.94	0.96	1.0	1.0
11100	1.0	0.98	1.0	0.98	0.98	1.0	1.0	0.98	1.0	0.98	0.98	1.0	0.96	0.96	1.0	1.0
11150	1.0	0.98	1.0	1.0	0.98	0.98	1.0	0.98	1.0	0.98	1.0	1.0	0.98	0.96	1.0	1.0
11200	1.0	1.0	1.0	1.0	0.98	0.96	1.0	0.98	1.0	0.98	1.0	1.0	1.0	0.96	1.0	0.98
11250	1.0	1.0	1.0	1.0	0.98	0.96	1.0	0.96	1.0	0.98	1.0	1.0	1.0	0.96	1.0	0.98
11300	1.0	1.0	1.0	1.0	0.98	0.96	1.0	0.96	1.0	0.98	1.0	1.0	1.0	0.96	1.0	0.96
11350	1.0	1.0	1.0	1.0	0.98	0.96	1.0	0.94	1.0	1.0	1.0	1.0	1.0	0.96	1.0	0.96
11400	1.0	1.0	1.0	1.0	0.98	0.96	1.0	0.94	1.0	1.0	1.0	0.98	1.0	0.96	1.0	0.96
11450	1.0	1.0	1.0	1.0	0.98	0.96	1.0	0.94	1.0	1.0	1.0	0.98	0.98	0.94	1.0	0.94
11500	1.0	1.0	1.0	1.0	0.98	0.96	1.0	0.94	1.0	1.0	1.0	0.98	0.98	0.96	0.98	0.94
11550	1.0	1.0	1.0	1.0	0.98	0.96	1.0	0.94	1.0	1.0	1.0	0.98	0.98	0.96	0.98	0.94
11600	1.0	1.0	1.0	1.0	0.98	0.96	1.0	0.94	1.0	1.0	1.0	0.98	0.98	0.96	0.98	0.9
11650	1.0	1.0	1.0	1.0	0.98	0.96	1.0	0.94	1.0	1.0	1.0	0.98	0.98	0.96	0.98	0.92
11700	1.0	0.98	1.0	1.0	0.98	0.96	1.0	0.96	1.0	1.0	1.0	0.98	0.98	0.96	0.98	0.92
11750	1.0	0.98	1.0	1.0	0.96	0.96	1.0	0.96	1.0	1.0	1.0	0.98	0.98	0.94	0.98	0.92
11800	1.0	0.98	1.0	1.0	0.96	0.92	1.0	0.96	1.0	1.0	1.0	0.98	0.98	0.94	0.98	0.92
11850	1.0	0.98	1.0	1.0	0.96	0.92	1.0	0.96	1.0	1.0	1.0	0.98	0.98	0.96	0.96	0.94
11900	1.0	0.98	1.0	1.0	0.96	0.92	1.0	0.98	0.98	1.0	1.0	0.98	0.98	0.96	0.96	0.96
11950	1.0	0.98	1.0	1.0	0.94	0.94	1.0	0.98	0.98	1.0	1.0	0.98	0.98	0.96	0.96	0.96
12000	1.0	0.98	1.0	1.0	0.94	0.96	1.0	0.98	0.98	1.0	1.0	0.98	0.98	0.96	0.96	0.96
12050	1.0	0.98	1.0	1.0	0.96	0.96	1.0	1.0	0.98	1.0	1.0	1.0	0.98	0.96	0.94	0.96
12100	0.98	0.98	1.0	1.0	0.96	0.96	1.0	1.0	0.98	1.0	1.0	1.0	0.98	0.98	0.94	0.96
12150	0.96	0.98	1.0	1.0	0.96	0.96	1.0	1.0	0.98	1.0	1.0	1.0	0.98	0.98	0.94	1.0
12200	0.96	0.98	1.0	1.0	0.96	0.96	1.0	1.0	0.98	1.0	1.0	1.0	0.98	0.98	0.94	1.0
12250	0.96	0.98	1.0	1.0	0.96	0.96	1.0	1.0	0.96	1.0	1.0	1.0	0.98	0.98	0.94	1.0
12300	0.96	0.98	1.0	1.0	0.96	0.96	1.0	1.0	0.94	1.0	1.0	1.0	1.0	0.98	0.94	1.0
12350	0.96	0.98	1.0	1.0	0.96	0.96	1.0	1.0	0.94	1.0	1.0	1.0	1.0	0.98	0.94	1.0
12400	0.96	0.98	1.0	1.0	0.96	0.96	1.0	1.0	0.94	1.0	1.0	1.0	1.0	1.0	0.94	1.0
12450	0.96	0.98	1.0	1.0	0.96	0.96	1.0	1.0	0.94	1.0	1.0	1.0	1.0	1.0	0.94	1.0
12500	0.96	0.98	1.0	1.0	0.96	0.96	1.0	1.0	0.94	0.98	1.0	1.0	1.0	0.98	0.94	1.0
12550	0.96	0.98	1.0	1.0	0.96	1.0	1.0	1.0	0.94	0.98	1.0	1.0	1.0	0.96	0.94	1.0
12600	0.96	0.98	1.0	1.0	0.98	1.0	1.0	1.0	0.94	0.98	1.0	1.0	1.0	0.96	0.96	1.0
12650	0.94	0.98	1.0	1.0	0.98	1.0	1.0	1.0	0.96	0.98	1.0	0.98	1.0	0.96	0.96	1.0
12700	0.96	0.96	1.0	1.0	1.0	1.0	1.0	1.0	0.96	0.98	1.0	0.98	1.0	0.96	0.96	1.0
12750	0.96	0.96	1.0	1.0	1.0	1.0	1.0	1.0	0.96	0.98	1.0	0.98	1.0	0.96	0.96	1.0
12800	0.96	0.94	1.0	1.0	1.0	1.0	1.0	1.0	0.96	0.98	1.0	0.98	1.0	0.96	0.96	1.0
12850	0.98	0.94	1.0	1.0	1.0	1.0	1.0	1.0	0.96	0.98	1.0	0.98	0.98	0.96	0.96	0.98
12900	0.98	0.92	1.0	1.0	1.0	1.0	1.0	1.0	0.96	0.98	1.0	0.96	0.98	0.96	0.96	0.98
12950	0.98	0.92	1.0	1.0	1.0	1.0	1.0	1.0	0.96	0.98	1.0	0.96	0.98	0.96	0.98	0.98
13000	0.98	0.92	1.0	1.0	1.0	0.98	1.0	1.0	1.0	0.98	1.0	0.96	0.98	0.96	0.98	0.98
13050	0.98	0.92	1.0	1.0	1.0	0.98	1.0	1.0	1.0	0.98	1.0	0.94	0.98	0.96	0.98	0.98
13100	0.98	0.92	1.0	1.0	1.0	0.98	1.0	1.0	1.0	0.98	1.0	0.94	0.98	0.96	0.98	0.98
13150	0.98	0.92	1.0	1.0	0.98	0.96	1.0	1.0	1.0	1.0	1.0	0.94	0.98	0.96	0.98	0.98
13200	0.98	0.92	1.0	1.0	0.98	0.96	1.0	1.0	1.0	1.0	1.0	0.94	0.98	0.96	0.98	0.98
13250	0.98	0.92	1.0	1.0	0.98	0.96	1.0	1.0	1.0	1.0	1.0	0.94	0.98	0.98	0.98	0.98
13300	1.0	0.92	1.0	1.0	0.98	0.94	1.0	1.0	1.0	1.0	1.0	0.92	0.98	0.98	0.98	0.98
13350	1.0	0.94	1.0	1.0	0.98	0.94	1.0	1.0	1.0	1.0	1.0	0.92	0.98	1.0	0.98	0.98
13400	1.0	0.96	1.0	1.0	0.98	0.94	1.0	1.0	1.0	1.0	1.0	0.94	0.98	1.0	0.98	0.98
13450	1.0	0.96	1.0	1.0	0.98	0.94	1.0	0.98	1.0	1.0	1.0	0.92	0.98	1.0	0.96	0.98
13500	1.0	0.96	1.0	1.0	0.98	0.94	1.0	0.98	1.0	1.0	1.0	0.92	0.98	1.0	0.96	0.98
13550	1.0	0.96	1.0	1.0	0.98	0.94	1.0	0.98	1.0	1.0	1.0	0.92	0.98	1.0	0.96	0.98
13600	0.98	0.96	1.0	1.0	0.98	0.92	1.0	0.98	1.0	1.0	1.0	0.92	0.98	1.0	0.96	0.98
13650	0.98	0.96	1.0	1.0	0.98	0.94	1.0	0.98	1.0	1.0	1.0	0.92	1.0	0.98	0.96	1.0
13700	0.98	0.98	1.0	1.0	0.98	0.94	1.0	0.98	1.0	0.98	1.0	0.92	1.0	0.98	0.96	1.0
13750	0.98	0.98	1.0	1.0	0.98	0.94	1.0	0.98	1.0	0.98	1.0	0.94	1.0	0.98	0.96	1.0
13800	0.98	0.98	1.0	1.0	0.98	0.96	1.0	0.98	1.0	0.98	1.0	0.94	1.0	0.98	0.94	1.0
13850	0.98	0.98	1.0	1.0	0.98	0.96	1.0	0.98	1.0	0.98	1.0	0.94	1.0	0.98	0.94	1.0
13900	0.98	0.96	1.0	1.0	0.98	0.98	1.0	0.98	1.0	0.98	1.0	0.96	1.0	0.98	0.94	1.0
13950	0.98	0.96	1.0	1.0	0.98	0.98	1.0	0.98	1.0	0.98	1.0	0.96	1.0	0.98	0.96	1.0
14000	0.98	0.96	1.0	1.0	0.98	0.96	0.98	0.98	1.0	0.98	1.0	0.96	1.0	0.98	0.94	1.0
14050	0.98	0.96	1.0	1.0	0.98	0.96	0.98	0.98	1.0	0.98	1.0	0.98	1.0	0.98	0.94	1.0
14100	0.98	0.96	1.0	1.0	0.98	0.96	0.98	0.98	1.0	0.98	1.0	0.98	1.0	0.98	0.96	1.0
14150	0.98	0.96	1.0	1.0	0.98	0.96	0.98	0.98	1.0	0.98	1.0	0.98	1.0	0.98	0.96	1.0
14200	0.98	0.96	1.0	1.0	0.98	0.96	0.98	1.0	1.0	0.98	1.0	1.0	1.0	0.98	0.96	1.0
14250	1.0	0.96	1.0	1.0	0.98	0.96	0.98	1.0	1.0	0.98	1.0	1.0	1.0	0.98	0.96	1.0
14300	1.0	0.98	1.0	1.0	0.98	0.98	0.98	1.0	1.0	0.98	1.0	1.0	1.0	0.98	0.96	1.0
14350	1.0	0.98	1.0	1.0	0.98	0.98	0.98	1.0	0.98	1.0	1.0	1.0	1.0	1.0	0.96	1.0
14400	1.0	0.98	1.0	1.0	0.98	0.98	0.98	1.0	0.98	1.0	1.0	1.0	1.0	1.0	0.96	1.0
14450	1.0	0.98	1.0	1.0	0.98	0.98	0.98	1.0	0.98	1.0	1.0	1.0	1.0	1.0	0.98	1.0
14500	1.0	0.96	1.0	1.0	0.98	0.98	0.98	1.0	0.98	1.0	1.0	1.0	1.0	1.0	0.98	1.0
14550	1.0	0.96	1.0	1.0	0.98	0.98	0.98	1.0	0.98	1.0	1.0	1.0	1.0	1.0	0.98	1.0
14600	1.0	0.96	1.0	1.0	0.98	0.98	0.98	1.0	0.98	0.98	1.0	1.0	1.0	1.0	0.98	1.0
14650	1.0	0.94	1.0	1.0	1.0	0.98	0.98	1.0	0.98	0.98	1.0	1.0	1.0	1.0	0.98	1.0
14700	0.98	0.94	1.0	1.0	0.98	1.0	0.98	1.0	0.98	0.98	1.0	1.0	1.0	1.0	0.98	1.0
14750	0.98	0.94	1.0	1.0	0.98	1.0	0.98	1.0	0.96	0.98	1.0	1.0	1.0	1.0	1.0	1.0
14800	0.98	0.94	1.0	1.0	0.98	1.0	1.0	1.0	0.96	0.98	1.0	0.98	1.0	1.0	1.0	1.0
14850	0.98	0.94	1.0	1.0	0.98	1.0	1.0	0.98	0.96	0.98	1.0	0.96	1.0	1.0	1.0	1.0
14900	0.98	0.94	1.0	1.0	0.96	1.0	1.0	0.98	0.96	0.98	1.0	0.96	1.0	1.0	1.0	1.0
14950	0.98	0.94	1.0	1.0	0.96	0.98	1.0	0.98	0.96	0.98	1.0	0.96	1.0	1.0	1.0	1.0
15000	0.96	0.94	1.0	1.0	0.96	0.98	1.0	0.98	0.96	0.98	1.0	0.96	1.0	1.0	1.0	1.0
15050	0.94	0.94	1.0	1.0	0.96	0.98	1.0	0.98	0.96	0.98	1.0	0.96	1.0	1.0	1.0	1.0
15100	0.94	0.94	1.0	1.0	0.96	0.98	1.0	0.98	0.98	0.98	1.0	0.96	1.0	1.0	1.0	1.0
15150	0.94	0.94	1.0	1.0	0.96	0.96	1.0	0.98	0.98	0.98	1.0	0.96	1.0	1.0	1.0	1.0
15200	0.94	0.94	1.0	1.0	0.96	0.94	1.0	0.98	0.98	0.98	1.0	0.96	1.0	1.0	1.0	1.0
15250	0.94	0.94	1.0	1.0	0.96	0.92	1.0	0.98	0.98	0.98	1.0	0.96	1.0	1.0	1.0	1.0
15300	0.92	0.94	1.0	1.0	0.94	0.92	1.0	0.98	0.98	0.98	1.0	0.96	1.0	1.0	1.0	1.0
15350	0.9	0.94	1.0	1.0	0.92	0.92	1.0	0.98	0.98	0.98	1.0	0.96	1.0	1.0	1.0	1.0
15400	0.9	0.94	1.0	1.0	0.94	0.92	1.0	0.98	0.98	0.98	1.0	0.96	1.0	1.0	1.0	1.0
15450	0.9	0.94	1.0	1.0	0.94	0.92	1.0	0.98	1.0	0.98	1.0	0.96	1.0	0.98	1.0	1.0
15500	0.9	0.94	1.0	1.0	0.94	0.92	1.0	0.98	1.0	0.98	1.0	0.96	1.0	0.98	1.0	1.0
15550	0.9	0.94	1.0	1.0	0.96	0.94	1.0	0.98	1.0	0.98	1.0	0.96	1.0	0.98	1.0	1.0
15600	0.92	0.94	1.0	1.0	0.96	0.92	1.0	0.98	1.0	0.98	1.0	0.96	1.0	0.98	1.0	1.0
15650	0.92	0.94	1.0	1.0	0.96	0.92	1.0	1.0	1.0	0.98	1.0	1.0	1.0	0.98	1.0	1.0
15700	0.92	0.96	1.0	1.0	0.96	0.92	1.0	1.0	1.0	0.98	1.0	1.0	1.0	0.98	1.0	1.0
15750	0.92	0.96	1.0	1.0	0.96	0.94	1.0	1.0	1.0	0.98	1.0	1.0	1.0	0.96	1.0	1.0
15800	0.92	0.98	1.0	1.0	0.96	0.94	1.0	1.0	1.0	0.98	1.0	1.0	1.0	0.96	0.98	1.0
15850	0.96	0.98	1.0	1.0	0.96	0.94	1.0	1.0	1.0	0.98	1.0	1.0	1.0	0.96	0.98	1.0
15900	0.96	0.98	1.0	1.0	0.96	0.94	1.0	1.0	1.0	0.98	1.0	1.0	0.98	0.96	0.98	1.0
15950	0.96	0.96	1.0	1.0	0.98	0.98	1.0	1.0	1.0	0.98	1.0	1.0	0.98	0.96	0.98	1.0
16000	0.96	0.96	1.0	1.0	0.98	0.98	1.0	1.0	1.0	0.98	1.0	1.0	0.98	0.96	0.98	1.0
16050	0.96	0.96	1.0	1.0	1.0	0.98	1.0	1.0	0.98	0.98	1.0	1.0	0.98	0.96	0.98	1.0
16100	0.96	0.96	1.0	1.0	1.0	0.98	1.0	1.0	0.98	0.98	1.0	1.0	0.98	0.96	0.98	1.0
16150	0.96	0.96	1.0	1.0	1.0	1.0	1.0	1.0	0.98	0.98	1.0	1.0	0.98	0.96	0.98	1.0
16200	0.96	0.96	1.0	1.0	1.0	1.0	1.0	1.0	0.98	0.98	1.0	1.0	0.98	0.96	0.98	1.0
16250	0.98	0.96	1.0	1.0	1.0	1.0	1.0	1.0	0.98	1.0	1.0	1.0	0.98	0.96	0.98	1.0
16300	0.98	0.96	1.0	1.0	1.0	1.0	1.0	1.0	0.98	1.0	1.0	0.98	0.98	0.94	0.98	1.0
16350	0.98	0.96	1.0	1.0	1.0	1.0	1.0	1.0	0.98	1.0	1.0	0.98	0.98	0.94	0.98	1.0
16400	0.98	0.96	1.0	1.0	0.98	1.0	1.0	1.0	0.98	1.0	1.0	0.98	0.98	0.94	0.98	1.0
16450	0.98	0.98	1.0	1.0	0.98	1.0	1.0	1.0	0.98	1.0	1.0	0.96	0.98	0.96	0.98	1.0
16500	0.96	0.98	1.0	1.0	0.98	1.0	1.0	1.0	0.98	1.0	1.0	0.96	0.98	0.96	0.98	1.0
16550	0.96	0.98	1.0	1.0	0.98	1.0	1.0	1.0	0.98	0.98	1.0	0.96	0.98	0.96	1.0	1.0
16600	0.94	0.98	1.0	1.0	0.98	1.0	1.0	1.0	0.96	0.98	1.0	0.96	0.98	0.96	1.0	1.0
16650	0.94	0.98	1.0	1.0	0.98	1.0	1.0	1.0	0.96	0.98	1.0	0.96	0.98	0.98	1.0	1.0
16700	0.94	1.0	1.0	1.0	0.98	1.0	1.0	1.0	0.96	0.98	1.0	0.96	1.0	0.98	1.0	1.0
16750	0.92	1.0	1.0	1.0	0.98	1.0	1.0	1.0	0.98	0.98	1.0	0.96	1.0	0.98	1.0	1.0
16800	0.92	1.0	1.0	1.0	0.98	1.0	1.0	1.0	0.98	0.98	1.0	0.96	1.0	0.98	1.0	1.0
16850	0.92	1.0	1.0	1.0	0.98	1.0	1.0	1.0	0.98	0.98	1.0	0.96	1.0	0.98	1.0	1.0
16900	0.92	1.0	1.0	1.0	0.98	1.0	1.0	1.0	0.98	0.98	1.0	0.98	1.0	0.96	1.0	1.0
16950	0.9	1.0	1.0	1.0	0.98	1.0	0.98	1.0	0.98	0.98	1.0	0.96	1.0	0.96	1.0	1.0
17000	0.9	1.0	1.0	1.0	0.98	1.0	0.98	1.0	0.98	0.98	1.0	0.96	1.0	0.98	0.98	1.0
17050	0.92	0.98	1.0	1.0	0.98	1.0	0.98	1.0	0.98	0.98	1.0	0.96	1.0	0.98	0.98	1.0
17100	0.92	0.98	1.0	1.0	0.96	1.0	0.98	1.0	0.98	0.98	1.0	0.96	1.0	0.98	0.98	1.0
17150	0.92	0.98	1.0	1.0	0.96	1.0	0.98	1.0	0.98	0.98	1.0	0.96	0.98	0.98	0.98	1.0
17200	0.92	0.98	1.0	1.0	0.96	1.0	0.98	1.0	0.98	0.98	1.0	0.96	0.98	0.98	0.98	1.0
17250	0.92	0.98	1.0	1.0	0.98	1.0	0.98	1.0	0.98	0.98	1.0	0.96	0.98	0.98	0.98	1.0
17300	0.94	0.98	1.0	1.0	0.98	1.0	0.98	1.0	0.98	0.98	1.0	0.96	0.98	0.98	0.98	1.0
17350	0.94	0.98	1.0	1.0	0.98	1.0	0.98	1.0	0.98	1.0	1.0	0.96	0.98	0.98	0.98	1.0
17400	0.96	0.98	1.0	1.0	0.98	1.0	0.98	0.98	1.0	1.0	1.0	0.96	0.98	0.98	0.98	1.0
17450	0.96	0.98	1.0	1.0	0.98	1.0	0.98	0.98	1.0	1.0	1.0	0.96	0.98	0.98	0.98	0.98
17500	0.96	0.98	1.0	1.0	0.98	1.0	0.98	0.98	1.0	1.0	1.0	0.96	0.98	0.98	0.98	0.98
17550	0.98	0.98	1.0	1.0	0.98	1.0	0.98	0.98	1.0	1.0	1.0	0.96	0.96	0.98	0.98	0.98
17600	0.98	0.98	1.0	1.0	0.96	0.98	0.98	0.98	1.0	1.0	1.0	0.96	0.96	0.98	0.98	0.96
17650	0.98	0.98	1.0	1.0	0.96	0.98	0.98	0.98	1.0	1.0	1.0	0.96	0.96	1.0	0.98	0.96
17700	1.0	0.98	1.0	1.0	0.96	0.98	0.98	0.98	1.0	1.0	1.0	0.94	0.96	1.0	0.98	0.96
17750	1.0	0.98	1.0	1.0	0.96	0.98	1.0	0.98	0.98	0.98	1.0	0.96	0.96	1.0	0.96	0.96
17800	1.0	1.0	1.0	1.0	0.98	0.98	1.0	0.98	0.98	0.98	1.0	0.96	0.96	1.0	0.96	0.96
17850	1.0	1.0	1.0	1.0	0.96	0.98	1.0	0.98	0.98	0.98	1.0	0.96	0.96	1.0	0.94	0.96
17900	1.0	1.0	1.0	1.0	0.96	0.98	0.98	0.98	0.98	0.98	1.0	0.96	0.98	1.0	0.94	0.96
17950	1.0	1.0	1.0	1.0	0.96	0.98	0.98	0.98	0.98	0.98	1.0	0.96	0.98	0.98	0.94	0.96
18000	1.0	1.0	1.0	1.0	0.96	0.98	0.98	0.98	0.98	0.98	1.0	0.96	0.98	0.98	0.94	0.96
18050	1.0	1.0	1.0	1.0	0.96	0.98	0.98	0.98	0.98	0.98	1.0	0.94	0.98	0.98	0.94	0.96
18100	1.0	1.0	1.0	1.0	0.96	0.98	0.98	0.98	0.98	0.98	0.98	0.94	0.98	0.98	0.94	0.98
18150	1.0	0.98	1.0	1.0	0.96	0.98	0.98	0.98	0.98	0.98	0.98	0.94	0.98	0.98	0.94	0.98
18200	1.0	0.96	1.0	1.0	0.96	0.98	0.98	0.98	0.98	0.98	0.98	0.94	0.98	0.98	0.94	1.0
18250	1.0	0.96	0.98	1.0	0.96	1.0	0.98	0.98	0.98	0.98	0.98	0.94	1.0	0.98	0.94	1.0
18300	1.0	0.94	0.98	1.0	0.98	1.0	0.98	0.98	0.96	0.98	0.98	0.94	1.0	0.98	0.94	1.0
18350	1.0	0.94	0.98	1.0	0.98	1.0	0.98	1.0	0.96	0.98	0.98	0.96	1.0	0.98	0.94	1.0
18400	0.98	0.94	0.98	1.0	0.98	1.0	0.98	1.0	0.96	0.98	0.98	0.96	1.0	0.98	0.94	0.98
18450	0.98	0.94	0.98	1.0	0.98	1.0	0.98	1.0	0.96	0.98	0.98	0.94	1.0	0.98	0.94	0.98
18500	0.98	0.94	0.98	1.0	0.98	1.0	0.98	1.0	0.96	0.98	0.98	0.96	1.0	0.98	0.94	0.98
18550	0.96	0.94	0.98	1.0	0.98	1.0	0.98	1.0	0.96	0.98	0.98	0.96	1.0	0.98	0.94	0.96
18600	0.96	0.94	0.98	1.0	0.98	1.0	0.98	1.0	0.96	0.98	0.98	0.96	1.0	0.98	0.96	0.96
18650	0.96	0.94	0.98	1.0	1.0	1.0	0.98	1.0	0.98	1.0	0.98	0.96	1.0	1.0	0.98	0.96
18700	0.96	0.94	0.98	1.0	1.0	1.0	1.0	1.0	0.98	1.0	0.98	0.96	1.0	1.0	1.0	0.96
18750	0.94	0.94	0.98	1.0	1.0	1.0	1.0	1.0	0.98	1.0	0.98	0.96	1.0	1.0	1.0	0.96
18800	0.94	0.94	0.98	1.0	1.0	1.0	1.0	1.0	0.98	1.0	0.98	0.98	1.0	1.0	1.0	0.96
18850	0.94	0.94	1.0	1.0	1.0	1.0	1.0	1.0	0.98	1.0	1.0	0.98	1.0	1.0	1.0	0.96
18900	0.92	0.96	1.0	1.0	1.0	1.0	1.0	1.0	0.98	1.0	1.0	0.98	1.0	1.0	1.0	0.96
18950	0.92	0.94	1.0	1.0	1.0	1.0	1.0	1.0	0.98	1.0	1.0	0.96	0.98	1.0	1.0	0.94
19000	0.92	0.96	1.0	1.0	1.0	1.0	1.0	1.0	0.98	1.0	1.0	0.96	0.98	1.0	1.0	0.94
19050	0.94	0.98	1.0	1.0	1.0	1.0	1.0	1.0	0.98	1.0	1.0	0.96	0.98	1.0	1.0	0.94
19100	0.94	0.98	1.0	1.0	1.0	1.0	1.0	0.98	0.94	1.0	1.0	0.94	0.98	1.0	1.0	0.94
19150	0.94	0.98	1.0	1.0	1.0	1.0	1.0	0.98	0.94	1.0	1.0	0.94	0.98	1.0	1.0	0.94
19200	0.94	0.98	1.0	1.0	1.0	1.0	1.0	0.98	0.96	1.0	1.0	0.94	0.98	1.0	1.0	0.94
19250	0.96	0.98	1.0	1.0	1.0	1.0	1.0	0.98	0.96	1.0	1.0	0.96	0.98	1.0	1.0	0.96
19300	0.96	0.98	1.0	1.0	1.0	1.0	1.0	0.98	0.94	1.0	1.0	0.96	0.98	1.0	1.0	0.96
19350	0.96	0.96	1.0	1.0	1.0	1.0	1.0	0.98	0.94	1.0	1.0	0.96	0.98	1.0	1.0	0.98
19400	0.96	0.94	1.0	1.0	1.0	1.0	1.0	0.98	0.94	1.0	1.0	0.96	0.98	1.0	1.0	0.96
19450	0.96	0.92	1.0	1.0	1.0	1.0	1.0	0.98	0.92	1.0	1.0	0.96	0.98	1.0	1.0	0.96
19500	0.96	0.92	1.0	1.0	1.0	1.0	1.0	0.96	0.92	1.0	1.0	0.96	0.98	1.0	1.0	0.96
19550	0.98	0.92	1.0	1.0	1.0	1.0	1.0	0.96	0.92	1.0	1.0	0.96	0.98	1.0	1.0	0.98
19600	0.98	0.94	1.0	1.0	1.0	1.0	0.98	0.96	0.92	1.0	1.0	0.96	0.98	1.0	1.0	0.98
19650	0.98	0.92	1.0	1.0	1.0	1.0	0.98	0.96	0.92	1.0	1.0	0.96	0.98	1.0	1.0	0.98
19700	0.98	0.92	1.0	1.0	1.0	1.0	0.98	0.96	0.92	1.0	1.0	0.96	0.98	1.0	1.0	0.98
19750	1.0	0.9	1.0	1.0	0.98	1.0	0.98	0.96	0.92	1.0	1.0	0.96	0.98	0.98	1.0	0.98
19800	1.0	0.9	1.0	1.0	0.98	1.0	0.98	0.96	0.92	1.0	1.0	0.98	0.98	0.98	1.0	0.98
19850	1.0	0.9	1.0	1.0	0.96	1.0	0.98	0.98	0.92	1.0	1.0	0.98	0.98	0.98	1.0	0.98
19900	1.0	0.9	1.0	1.0	0.96	1.0	0.98	0.98	0.9	0.98	1.0	0.98	0.98	0.98	1.0	0.98
19950	1.0	0.9	1.0	1.0	0.96	1.0	0.98	0.98	0.94	0.98	1.0	1.0	0.98	0.98	1.0	0.98
20000	1.0	0.9	1.0	1.0	0.96	1.0	0.98	0.98	0.94	0.98	1.0	1.0	0.98	0.98	0.98	0.98
