0	0.0	0.0	0.0	0.0	0.0	0.0	0.0	0.0	0.0	0.0	0.0	0.0	0.0	0.0	0.0	0.0
50	0.0	0.25	0.0	0.0	0.142857142857	0.428571428571	0.0	0.0	0.0	0.0	0.0	0.0	0.0	0.0	0.0	0.0
100	0.142857142857	0.285714285714	0.0	0.0	0.461538461538	0.363636363636	0.5	0.428571428571	0.0	0.5	1.0	0.166666666667	0.0	0.125	0.142857142857	0.666666666667
150	0.416666666667	0.25	0.3	0.333333333333	0.5	0.416666666667	0.75	0.5	0.0	0.555555555556	0.428571428571	0.285714285714	0.0	0.2	0.4	0.454545454545
200	0.529411764706	0.25	0.428571428571	0.454545454545	0.473684210526	0.357142857143	0.833333333333	0.6	0.222222222222	0.583333333333	0.615384615385	0.235294117647	0.181818181818	0.357142857143	0.461538461538	0.5
250	0.473684210526	0.25	0.5	0.533333333333	0.47619047619	0.4375	0.818181818182	0.571428571429	0.333333333333	0.5	0.631578947368	0.222222222222	0.307692307692	0.388888888889	0.466666666667	0.529411764706
300	0.5	0.3	0.444444444444	0.533333333333	0.478260869565	0.473684210526	0.785714285714	0.631578947368	0.529411764706	0.5	0.625	0.272727272727	0.3125	0.5	0.529411764706	0.5
350	0.5	0.384615384615	0.52380952381	0.588235294118	0.518518518519	0.5	0.666666666667	0.652173913043	0.5	0.555555555556	0.625	0.32	0.285714285714	0.541666666667	0.5	0.541666666667
400	0.444444444444	0.357142857143	0.44	0.590909090909	0.53125	0.535714285714	0.714285714286	0.68	0.478260869565	0.586206896552	0.64	0.4	0.375	0.586206896552	0.545454545455	0.541666666667
450	0.413793103448	0.4375	0.444444444444	0.666666666667	0.526315789474	0.5	0.681818181818	0.7	0.5	0.617647058824	0.653846153846	0.424242424242	0.444444444444	0.59375	0.541666666667	0.52
500	0.5	0.5	0.53125	0.714285714286	0.512195121951	0.527777777778	0.72	0.727272727273	0.5	0.648648648649	0.678571428571	0.428571428571	0.466666666667	0.628571428571	0.592592592593	0.538461538462
550	0.512820512821	0.52	0.571428571429	0.736842105263	0.52380952381	0.527777777778	0.740740740741	0.75	0.535714285714	0.682926829268	0.709677419355	0.459459459459	0.555555555556	0.65	0.645161290323	0.535714285714
600	0.512820512821	0.58064516129	0.615384615385	0.756097560976	0.511111111111	0.540540540541	0.71875	0.756756756757	0.5625	0.666666666667	0.735294117647	0.487804878049	0.578947368421	0.666666666667	0.645161290323	0.575757575758
650	0.555555555556	0.5625	0.634146341463	0.767441860465	0.511111111111	0.512820512821	0.714285714286	0.756097560976	0.6	0.68085106383	0.717948717949	0.477272727273	0.613636363636	0.7	0.666666666667	0.611111111111
700	0.553191489362	0.571428571429	0.642857142857	0.782608695652	0.541666666667	0.512820512821	0.738095238095	0.723404255319	0.65	0.69387755102	0.714285714286	0.5	0.625	0.72	0.685714285714	0.6
750	0.58	0.605263157895	0.666666666667	0.78	0.530612244898	0.512195121951	0.739130434783	0.72	0.674418604651	0.7	0.704545454545	0.54	0.625	0.76	0.717948717949	0.6
800	0.64	0.634146341463	0.69387755102	0.82	0.58	0.488372093023	0.74	0.74	0.702127659574	0.7	0.69387755102	0.56	0.6	0.82	0.731707317073	0.632653061224
850	0.68	0.630434782609	0.78	0.88	0.6	0.488372093023	0.74	0.72	0.76	0.72	0.72	0.6	0.62	0.82	0.731707317073	0.66
900	0.7	0.66	0.82	0.88	0.64	0.477272727273	0.72	0.72	0.8	0.72	0.74	0.6	0.66	0.84	0.727272727273	0.64
950	0.68	0.7	0.82	0.88	0.66	0.45652173913	0.7	0.7	0.84	0.76	0.72	0.58	0.66	0.86	0.8	0.64
1000	0.72	0.72	0.84	0.9	0.64	0.44	0.68	0.7	0.84	0.78	0.72	0.62	0.66	0.86	0.84	0.64
1050	0.82	0.74	0.88	0.9	0.62	0.44	0.7	0.7	0.82	0.84	0.74	0.62	0.68	0.86	0.88	0.6
1100	0.84	0.78	0.88	0.88	0.62	0.46	0.72	0.7	0.82	0.88	0.74	0.6	0.66	0.9	0.86	0.6
1150	0.88	0.76	0.96	0.88	0.6	0.48	0.72	0.7	0.84	0.9	0.72	0.62	0.74	0.9	0.86	0.6
1200	0.88	0.76	0.96	0.86	0.62	0.46	0.72	0.68	0.86	0.9	0.72	0.62	0.76	0.9	0.88	0.62
1250	0.84	0.8	0.96	0.86	0.64	0.46	0.72	0.68	0.86	0.88	0.72	0.6	0.76	0.92	0.92	0.66
1300	0.88	0.82	0.96	0.86	0.68	0.44	0.74	0.66	0.88	0.84	0.68	0.58	0.76	0.92	0.92	0.66
1350	0.88	0.8	0.96	0.86	0.68	0.44	0.74	0.66	0.86	0.86	0.68	0.62	0.76	0.92	0.94	0.66
1400	0.88	0.8	0.96	0.86	0.68	0.42	0.74	0.66	0.86	0.86	0.68	0.6	0.76	0.9	0.94	0.64
1450	0.86	0.8	0.96	0.86	0.7	0.4	0.74	0.72	0.86	0.86	0.7	0.62	0.76	0.92	0.94	0.64
1500	0.86	0.8	0.96	0.86	0.68	0.38	0.74	0.74	0.86	0.86	0.72	0.64	0.78	0.94	0.94	0.66
1550	0.86	0.8	0.96	0.86	0.74	0.38	0.78	0.74	0.86	0.86	0.7	0.64	0.8	0.96	0.94	0.68
1600	0.9	0.82	0.96	0.84	0.76	0.38	0.8	0.76	0.84	0.88	0.7	0.66	0.84	0.96	0.94	0.7
1650	0.9	0.86	0.96	0.86	0.78	0.38	0.8	0.76	0.84	0.88	0.66	0.66	0.86	0.96	0.92	0.68
1700	0.9	0.86	0.94	0.86	0.82	0.38	0.8	0.76	0.84	0.9	0.64	0.66	0.86	0.96	0.92	0.68
1750	0.9	0.88	0.94	0.84	0.82	0.4	0.8	0.8	0.86	0.9	0.62	0.64	0.86	0.94	0.92	0.68
1800	0.88	0.9	0.94	0.84	0.82	0.4	0.84	0.84	0.86	0.88	0.62	0.72	0.86	0.94	0.9	0.68
1850	0.86	0.9	0.94	0.86	0.86	0.4	0.84	0.86	0.84	0.88	0.6	0.68	0.88	0.94	0.9	0.72
1900	0.86	0.9	0.94	0.88	0.86	0.4	0.82	0.88	0.84	0.9	0.56	0.66	0.86	0.94	0.92	0.7
1950	0.88	0.9	0.94	0.9	0.88	0.4	0.84	0.88	0.84	0.9	0.56	0.68	0.86	0.94	0.92	0.76
2000	0.88	0.9	0.94	0.88	0.9	0.44	0.86	0.88	0.84	0.9	0.56	0.7	0.86	0.96	0.9	0.8
2050	0.88	0.9	0.94	0.88	0.9	0.46	0.86	0.92	0.84	0.88	0.58	0.7	0.86	0.96	0.88	0.8
2100	0.86	0.86	0.94	0.88	0.9	0.48	0.86	0.94	0.84	0.86	0.54	0.7	0.86	0.96	0.88	0.82
2150	0.86	0.9	0.94	0.9	0.9	0.48	0.88	0.94	0.86	0.9	0.5	0.68	0.88	0.96	0.86	0.8
2200	0.84	0.9	0.92	0.9	0.94	0.48	0.88	0.96	0.88	0.86	0.48	0.7	0.86	0.96	0.8	0.82
2250	0.84	0.88	0.9	0.9	0.92	0.5	0.92	0.96	0.88	0.86	0.48	0.7	0.86	0.94	0.8	0.8
2300	0.86	0.86	0.92	0.9	0.92	0.54	0.9	0.96	0.9	0.84	0.48	0.68	0.9	0.94	0.82	0.8
2350	0.84	0.88	0.92	0.9	0.92	0.62	0.9	0.96	0.9	0.82	0.52	0.62	0.9	0.92	0.8	0.8
2400	0.86	0.84	0.92	0.88	0.92	0.66	0.88	0.98	0.9	0.82	0.56	0.64	0.92	0.92	0.78	0.8
2450	0.82	0.82	0.92	0.88	0.94	0.68	0.88	0.98	0.92	0.84	0.56	0.64	0.9	0.9	0.76	0.8
2500	0.8	0.82	0.9	0.88	0.94	0.7	0.88	0.98	0.92	0.8	0.64	0.66	0.9	0.9	0.78	0.8
2550	0.78	0.82	0.9	0.88	0.94	0.7	0.88	0.98	0.9	0.8	0.64	0.64	0.88	0.92	0.76	0.84
2600	0.8	0.82	0.9	0.9	0.94	0.72	0.88	0.98	0.9	0.8	0.64	0.6	0.86	0.9	0.74	0.82
2650	0.78	0.76	0.92	0.88	0.92	0.72	0.88	0.98	0.92	0.78	0.64	0.58	0.86	0.88	0.74	0.84
2700	0.78	0.7	0.9	0.88	0.92	0.74	0.9	0.98	0.92	0.78	0.64	0.64	0.9	0.86	0.74	0.82
2750	0.76	0.68	0.9	0.88	0.94	0.74	0.9	1.0	0.92	0.78	0.66	0.64	0.9	0.84	0.78	0.82
2800	0.74	0.68	0.88	0.88	0.92	0.76	0.9	1.0	0.92	0.76	0.66	0.64	0.9	0.84	0.78	0.82
2850	0.74	0.66	0.88	0.9	0.92	0.7	0.9	1.0	0.94	0.78	0.66	0.66	0.86	0.84	0.76	0.86
2900	0.78	0.68	0.88	0.9	0.9	0.7	0.9	0.98	0.94	0.78	0.66	0.64	0.86	0.84	0.76	0.86
2950	0.8	0.66	0.9	0.88	0.9	0.66	0.88	0.98	0.96	0.78	0.68	0.64	0.84	0.84	0.78	0.84
3000	0.8	0.64	0.92	0.86	0.9	0.66	0.88	0.94	0.96	0.78	0.7	0.66	0.84	0.8	0.78	0.86
3050	0.8	0.66	0.92	0.88	0.86	0.68	0.88	0.94	0.96	0.78	0.72	0.66	0.84	0.78	0.78	0.86
3100	0.8	0.66	0.92	0.88	0.88	0.68	0.86	0.92	0.96	0.8	0.68	0.7	0.84	0.8	0.8	0.78
3150	0.78	0.64	0.92	0.84	0.84	0.66	0.88	0.88	0.92	0.76	0.66	0.76	0.84	0.82	0.8	0.76
3200	0.78	0.66	0.94	0.86	0.82	0.66	0.88	0.88	0.9	0.76	0.66	0.76	0.84	0.82	0.8	0.76
3250	0.8	0.68	0.94	0.82	0.82	0.6	0.86	0.88	0.88	0.76	0.64	0.76	0.84	0.78	0.8	0.76
3300	0.82	0.68	0.92	0.82	0.8	0.54	0.82	0.86	0.86	0.78	0.66	0.78	0.84	0.78	0.8	0.78
3350	0.84	0.66	0.94	0.84	0.8	0.56	0.8	0.86	0.84	0.78	0.7	0.8	0.86	0.78	0.82	0.78
3400	0.82	0.68	0.96	0.84	0.76	0.56	0.82	0.86	0.84	0.8	0.7	0.82	0.88	0.82	0.84	0.74
3450	0.84	0.66	0.96	0.8	0.74	0.56	0.8	0.86	0.8	0.8	0.7	0.88	0.88	0.82	0.84	0.72
3500	0.84	0.66	0.94	0.78	0.72	0.56	0.78	0.86	0.8	0.84	0.68	0.86	0.86	0.84	0.82	0.7
3550	0.84	0.7	0.96	0.78	0.72	0.56	0.78	0.84	0.8	0.84	0.66	0.86	0.84	0.84	0.82	0.7
3600	0.84	0.72	0.96	0.82	0.7	0.56	0.78	0.82	0.82	0.84	0.7	0.88	0.84	0.86	0.84	0.7
3650	0.8	0.72	0.96	0.82	0.74	0.62	0.76	0.84	0.8	0.84	0.7	0.88	0.84	0.86	0.84	0.72
3700	0.78	0.74	0.96	0.8	0.72	0.6	0.76	0.84	0.78	0.84	0.72	0.88	0.82	0.82	0.84	0.68
3750	0.76	0.74	0.94	0.8	0.72	0.56	0.76	0.82	0.76	0.8	0.8	0.88	0.82	0.82	0.84	0.68
3800	0.76	0.74	0.94	0.78	0.74	0.56	0.76	0.82	0.72	0.82	0.8	0.88	0.82	0.82	0.88	0.7
3850	0.74	0.74	0.94	0.78	0.74	0.58	0.8	0.84	0.66	0.8	0.8	0.88	0.84	0.84	0.86	0.72
3900	0.74	0.72	0.94	0.8	0.7	0.6	0.82	0.84	0.66	0.8	0.82	0.9	0.86	0.84	0.86	0.7
3950	0.76	0.76	0.94	0.8	0.7	0.64	0.82	0.84	0.66	0.84	0.82	0.9	0.86	0.86	0.86	0.7
4000	0.76	0.78	0.94	0.82	0.7	0.6	0.8	0.84	0.68	0.84	0.84	0.9	0.84	0.86	0.88	0.78
4050	0.76	0.78	0.96	0.86	0.74	0.6	0.86	0.82	0.7	0.86	0.84	0.88	0.84	0.86	0.88	0.78
4100	0.76	0.78	0.96	0.86	0.76	0.6	0.88	0.84	0.72	0.84	0.8	0.88	0.84	0.88	0.88	0.78
4150	0.76	0.76	0.96	0.82	0.76	0.62	0.94	0.84	0.72	0.84	0.82	0.9	0.84	0.9	0.88	0.8
4200	0.76	0.76	0.96	0.8	0.78	0.62	0.94	0.84	0.72	0.82	0.82	0.88	0.84	0.9	0.88	0.8
4250	0.8	0.74	0.96	0.82	0.82	0.62	0.96	0.84	0.72	0.82	0.82	0.88	0.86	0.88	0.88	0.8
4300	0.84	0.7	0.96	0.82	0.82	0.66	0.96	0.84	0.72	0.86	0.84	0.88	0.86	0.88	0.88	0.84
4350	0.84	0.7	0.96	0.82	0.84	0.68	0.94	0.82	0.74	0.86	0.82	0.86	0.86	0.88	0.88	0.84
4400	0.82	0.64	0.96	0.82	0.86	0.66	0.94	0.86	0.74	0.9	0.76	0.86	0.84	0.88	0.88	0.86
4450	0.84	0.66	0.96	0.8	0.88	0.66	0.96	0.86	0.76	0.88	0.78	0.86	0.84	0.9	0.9	0.9
4500	0.84	0.64	0.98	0.78	0.88	0.7	0.96	0.9	0.78	0.9	0.78	0.84	0.86	0.9	0.9	0.9
4550	0.84	0.64	0.98	0.76	0.88	0.7	0.96	0.9	0.8	0.92	0.76	0.82	0.86	0.9	0.9	0.92
4600	0.86	0.64	0.98	0.74	0.92	0.74	0.92	0.9	0.86	0.92	0.76	0.82	0.86	0.92	0.9	0.94
4650	0.88	0.62	0.98	0.76	0.94	0.72	0.92	0.92	0.86	0.9	0.78	0.8	0.88	0.92	0.92	0.92
4700	0.9	0.62	0.98	0.76	0.94	0.72	0.9	0.9	0.92	0.88	0.78	0.8	0.88	0.92	0.94	0.92
4750	0.9	0.62	0.98	0.76	0.94	0.72	0.9	0.9	0.86	0.88	0.78	0.78	0.92	0.94	0.94	0.92
4800	0.9	0.66	0.96	0.76	0.96	0.74	0.88	0.9	0.86	0.82	0.78	0.8	0.92	0.94	0.96	0.94
4850	0.9	0.66	0.96	0.74	0.96	0.72	0.88	0.9	0.88	0.8	0.76	0.78	0.92	0.94	0.92	0.94
4900	0.9	0.68	0.96	0.74	0.96	0.7	0.9	0.92	0.88	0.8	0.72	0.78	0.94	0.94	0.94	0.92
4950	0.88	0.68	0.96	0.74	0.92	0.72	0.86	0.94	0.88	0.82	0.7	0.78	0.92	0.9	0.92	0.92
5000	0.86	0.74	0.96	0.74	0.92	0.7	0.86	0.92	0.88	0.82	0.68	0.74	0.92	0.9	0.92	0.94
5050	0.82	0.78	0.96	0.76	0.92	0.68	0.82	0.92	0.88	0.82	0.66	0.74	0.92	0.9	0.92	0.94
5100	0.82	0.82	0.94	0.78	0.9	0.66	0.82	0.92	0.88	0.82	0.66	0.72	0.92	0.9	0.92	0.94
5150	0.82	0.8	0.94	0.82	0.9	0.64	0.78	0.92	0.88	0.8	0.64	0.74	0.94	0.9	0.92	0.94
5200	0.82	0.78	0.94	0.84	0.9	0.62	0.76	0.9	0.86	0.8	0.66	0.74	0.94	0.9	0.92	0.94
5250	0.84	0.82	0.92	0.84	0.9	0.58	0.76	0.9	0.86	0.8	0.72	0.74	0.94	0.88	0.92	0.94
5300	0.8	0.84	0.9	0.86	0.88	0.58	0.74	0.88	0.86	0.78	0.72	0.76	0.94	0.88	0.88	0.92
5350	0.82	0.82	0.86	0.86	0.82	0.58	0.74	0.88	0.88	0.8	0.72	0.76	0.96	0.88	0.9	0.92
5400	0.82	0.84	0.86	0.86	0.82	0.58	0.74	0.82	0.88	0.84	0.72	0.76	0.96	0.88	0.9	0.92
5450	0.82	0.84	0.86	0.92	0.82	0.56	0.76	0.84	0.88	0.86	0.68	0.74	0.92	0.88	0.9	0.92
5500	0.78	0.84	0.86	0.9	0.82	0.54	0.78	0.84	0.86	0.86	0.68	0.72	0.94	0.88	0.9	0.92
5550	0.78	0.82	0.84	0.9	0.82	0.56	0.8	0.84	0.88	0.86	0.68	0.72	0.94	0.88	0.9	0.88
5600	0.78	0.82	0.84	0.92	0.82	0.56	0.82	0.78	0.9	0.86	0.68	0.72	0.94	0.86	0.88	0.88
5650	0.78	0.8	0.84	0.9	0.82	0.58	0.8	0.78	0.86	0.86	0.68	0.72	0.92	0.84	0.9	0.88
5700	0.8	0.78	0.86	0.9	0.84	0.6	0.78	0.82	0.88	0.86	0.68	0.68	0.9	0.82	0.88	0.88
5750	0.78	0.78	0.88	0.92	0.86	0.52	0.82	0.82	0.88	0.86	0.68	0.68	0.9	0.88	0.88	0.88
5800	0.78	0.78	0.88	0.9	0.86	0.5	0.84	0.82	0.86	0.86	0.68	0.68	0.88	0.88	0.9	0.9
5850	0.84	0.78	0.88	0.9	0.86	0.48	0.84	0.82	0.84	0.84	0.7	0.68	0.88	0.86	0.88	0.9
5900	0.84	0.78	0.84	0.9	0.88	0.52	0.86	0.84	0.86	0.84	0.74	0.7	0.88	0.84	0.86	0.9
5950	0.84	0.8	0.84	0.9	0.86	0.56	0.86	0.86	0.84	0.86	0.76	0.74	0.88	0.86	0.86	0.9
6000	0.82	0.8	0.86	0.9	0.84	0.56	0.88	0.86	0.84	0.86	0.76	0.74	0.86	0.84	0.86	0.88
6050	0.84	0.84	0.86	0.9	0.9	0.56	0.9	0.84	0.84	0.86	0.76	0.76	0.88	0.82	0.88	0.88
6100	0.82	0.82	0.88	0.92	0.9	0.56	0.88	0.84	0.84	0.86	0.76	0.78	0.88	0.82	0.88	0.88
6150	0.82	0.82	0.92	0.88	0.9	0.56	0.86	0.82	0.82	0.84	0.76	0.74	0.88	0.84	0.88	0.9
6200	0.86	0.78	0.92	0.88	0.9	0.56	0.84	0.82	0.82	0.84	0.76	0.76	0.88	0.84	0.88	0.9
6250	0.86	0.8	0.92	0.92	0.9	0.56	0.82	0.8	0.82	0.84	0.78	0.76	0.86	0.82	0.88	0.9
6300	0.86	0.8	0.92	0.9	0.9	0.56	0.82	0.8	0.78	0.86	0.78	0.74	0.9	0.82	0.86	0.9
6350	0.86	0.8	0.94	0.9	0.9	0.58	0.78	0.8	0.78	0.86	0.76	0.72	0.88	0.82	0.88	0.88
6400	0.92	0.8	0.94	0.9	0.9	0.56	0.82	0.82	0.76	0.86	0.78	0.7	0.88	0.82	0.86	0.92
6450	0.92	0.78	0.94	0.88	0.9	0.52	0.82	0.82	0.76	0.84	0.8	0.68	0.9	0.84	0.86	0.9
6500	0.92	0.8	0.92	0.88	0.9	0.54	0.82	0.8	0.78	0.84	0.8	0.66	0.9	0.8	0.88	0.88
6550	0.92	0.82	0.94	0.88	0.9	0.58	0.82	0.8	0.76	0.84	0.82	0.68	0.88	0.8	0.84	0.88
6600	0.92	0.8	0.96	0.86	0.92	0.64	0.78	0.8	0.76	0.8	0.86	0.68	0.88	0.78	0.82	0.86
6650	0.92	0.84	0.96	0.86	0.94	0.66	0.76	0.8	0.74	0.8	0.84	0.7	0.86	0.78	0.82	0.84
6700	0.92	0.82	0.98	0.84	0.94	0.72	0.76	0.8	0.74	0.78	0.84	0.68	0.86	0.76	0.82	0.82
6750	0.92	0.8	0.98	0.82	0.92	0.74	0.78	0.8	0.74	0.78	0.86	0.66	0.84	0.76	0.82	0.78
6800	0.92	0.8	0.98	0.82	0.94	0.74	0.76	0.8	0.74	0.8	0.86	0.7	0.86	0.76	0.8	0.78
6850	0.92	0.8	0.98	0.82	0.94	0.72	0.74	0.82	0.76	0.74	0.86	0.7	0.84	0.76	0.8	0.78
6900	0.92	0.82	0.98	0.86	0.94	0.72	0.74	0.84	0.78	0.76	0.88	0.72	0.8	0.74	0.8	0.78
6950	0.94	0.78	0.98	0.86	0.96	0.7	0.72	0.86	0.78	0.76	0.86	0.74	0.8	0.72	0.76	0.78
7000	0.9	0.82	0.98	0.88	0.96	0.72	0.72	0.92	0.78	0.78	0.82	0.74	0.78	0.7	0.76	0.76
7050	0.9	0.8	0.98	0.88	0.96	0.72	0.74	0.92	0.82	0.78	0.82	0.8	0.8	0.7	0.74	0.76
7100	0.9	0.8	0.98	0.88	0.96	0.72	0.74	0.96	0.84	0.8	0.8	0.8	0.8	0.66	0.74	0.74
7150	0.86	0.76	0.98	0.92	0.96	0.72	0.74	0.96	0.82	0.8	0.8	0.84	0.8	0.66	0.74	0.76
7200	0.86	0.76	0.98	0.92	0.96	0.7	0.74	0.96	0.84	0.8	0.8	0.84	0.8	0.66	0.76	0.76
7250	0.84	0.72	0.98	0.92	0.96	0.68	0.78	1.0	0.82	0.82	0.76	0.84	0.82	0.66	0.76	0.76
7300	0.84	0.74	1.0	0.94	0.96	0.66	0.78	1.0	0.84	0.86	0.76	0.82	0.82	0.66	0.78	0.76
7350	0.84	0.74	1.0	0.94	0.94	0.66	0.68	1.0	0.88	0.86	0.76	0.78	0.82	0.64	0.78	0.78
7400	0.82	0.74	1.0	0.94	0.94	0.66	0.7	1.0	0.84	0.84	0.78	0.78	0.82	0.66	0.78	0.78
7450	0.82	0.76	1.0	0.96	0.94	0.66	0.76	1.0	0.86	0.86	0.76	0.78	0.84	0.66	0.8	0.8
7500	0.84	0.78	0.98	0.98	0.94	0.66	0.72	1.0	0.86	0.86	0.78	0.78	0.84	0.64	0.84	0.82
7550	0.84	0.78	0.96	0.98	0.94	0.64	0.72	1.0	0.86	0.84	0.76	0.76	0.84	0.66	0.82	0.86
7600	0.8	0.76	0.96	0.98	0.94	0.64	0.74	1.0	0.86	0.84	0.76	0.76	0.84	0.64	0.84	0.88
7650	0.8	0.78	0.96	0.98	0.98	0.58	0.78	1.0	0.86	0.86	0.8	0.76	0.84	0.64	0.86	0.88
7700	0.82	0.8	0.96	0.98	0.98	0.58	0.76	1.0	0.86	0.8	0.8	0.76	0.84	0.64	0.86	0.88
7750	0.82	0.8	0.96	0.98	0.98	0.52	0.8	1.0	0.86	0.8	0.8	0.78	0.84	0.64	0.88	0.88
7800	0.82	0.78	0.94	0.98	0.98	0.54	0.8	0.98	0.86	0.8	0.8	0.72	0.88	0.68	0.9	0.9
7850	0.84	0.8	0.94	0.96	0.98	0.54	0.8	0.98	0.86	0.8	0.84	0.68	0.92	0.64	0.9	0.9
7900	0.84	0.8	0.94	0.96	0.96	0.56	0.8	0.96	0.88	0.8	0.82	0.68	0.94	0.64	0.88	0.88
7950	0.84	0.8	0.94	0.96	0.94	0.56	0.8	0.96	0.9	0.8	0.86	0.66	0.94	0.66	0.9	0.88
8000	0.84	0.8	0.94	0.96	0.94	0.58	0.8	0.96	0.88	0.8	0.88	0.64	0.92	0.66	0.9	0.86
8050	0.86	0.8	0.92	0.94	0.92	0.56	0.82	0.96	0.9	0.82	0.86	0.66	0.92	0.66	0.9	0.88
8100	0.86	0.8	0.92	0.96	0.9	0.56	0.82	0.94	0.92	0.84	0.86	0.66	0.92	0.66	0.88	0.9
8150	0.86	0.8	0.92	0.96	0.88	0.62	0.86	0.94	0.94	0.84	0.86	0.64	0.92	0.62	0.86	0.9
8200	0.84	0.8	0.92	0.96	0.9	0.68	0.9	0.92	0.94	0.84	0.86	0.64	0.9	0.66	0.84	0.9
8250	0.86	0.78	0.94	0.96	0.88	0.64	0.88	0.92	0.9	0.84	0.88	0.64	0.88	0.68	0.84	0.9
8300	0.86	0.76	0.94	0.96	0.86	0.62	0.88	0.92	0.9	0.84	0.88	0.62	0.88	0.66	0.84	0.92
8350	0.86	0.78	0.94	0.96	0.86	0.6	0.86	0.92	0.94	0.84	0.86	0.62	0.88	0.62	0.86	0.92
8400	0.84	0.76	0.94	0.96	0.86	0.58	0.84	0.92	0.94	0.8	0.86	0.62	0.88	0.62	0.86	0.9
8450	0.84	0.78	0.94	0.96	0.84	0.56	0.84	0.92	0.94	0.8	0.84	0.6	0.88	0.62	0.84	0.92
8500	0.84	0.78	0.94	0.98	0.84	0.58	0.84	0.92	0.94	0.78	0.82	0.6	0.88	0.68	0.82	0.96
8550	0.86	0.78	0.94	0.98	0.8	0.58	0.82	0.92	0.94	0.76	0.82	0.58	0.88	0.7	0.82	0.96
8600	0.86	0.76	0.94	0.94	0.8	0.58	0.82	0.94	0.94	0.78	0.82	0.56	0.88	0.66	0.82	0.98
8650	0.86	0.78	0.94	0.94	0.8	0.6	0.84	0.94	0.92	0.78	0.8	0.6	0.9	0.62	0.82	0.98
8700	0.86	0.78	0.92	0.94	0.8	0.58	0.84	0.96	0.92	0.78	0.8	0.64	0.9	0.68	0.8	0.98
8750	0.84	0.78	0.92	0.94	0.8	0.58	0.84	0.96	0.92	0.8	0.8	0.64	0.88	0.68	0.82	0.98
8800	0.86	0.78	0.92	0.9	0.82	0.56	0.86	0.9	0.94	0.8	0.8	0.64	0.88	0.68	0.82	0.98
8850	0.84	0.8	0.92	0.92	0.84	0.58	0.86	0.92	0.94	0.78	0.8	0.66	0.88	0.7	0.8	0.98
8900	0.82	0.82	0.92	0.92	0.88	0.58	0.86	0.9	0.96	0.8	0.8	0.68	0.9	0.7	0.8	0.98
8950	0.84	0.84	0.94	0.92	0.9	0.54	0.86	0.92	0.98	0.76	0.82	0.68	0.9	0.7	0.78	0.98
9000	0.84	0.82	0.92	0.9	0.88	0.54	0.86	0.92	0.98	0.76	0.82	0.7	0.92	0.7	0.78	0.98
9050	0.84	0.8	0.92	0.9	0.88	0.5	0.88	0.92	0.98	0.76	0.8	0.72	0.92	0.72	0.78	0.98
9100	0.84	0.74	0.92	0.88	0.86	0.46	0.88	0.92	0.98	0.76	0.78	0.7	0.88	0.72	0.82	1.0
9150	0.86	0.72	0.92	0.88	0.86	0.5	0.86	0.92	0.98	0.72	0.78	0.7	0.9	0.7	0.84	1.0
9200	0.86	0.7	0.92	0.88	0.86	0.54	0.88	0.92	0.98	0.7	0.8	0.72	0.9	0.72	0.84	0.98
9250	0.82	0.72	0.94	0.86	0.88	0.48	0.86	0.9	0.98	0.7	0.84	0.7	0.88	0.74	0.86	0.98
9300	0.84	0.72	0.94	0.9	0.84	0.52	0.82	0.9	0.98	0.78	0.88	0.7	0.88	0.74	0.88	0.98
9350	0.88	0.7	0.94	0.9	0.82	0.52	0.86	0.9	0.98	0.76	0.88	0.7	0.88	0.74	0.9	0.98
9400	0.88	0.68	0.94	0.9	0.82	0.52	0.84	0.9	0.98	0.76	0.9	0.72	0.88	0.8	0.9	0.98
9450	0.88	0.66	0.92	0.92	0.8	0.56	0.84	0.88	1.0	0.74	0.92	0.74	0.88	0.8	0.9	0.96
9500	0.9	0.66	0.92	0.92	0.8	0.54	0.8	0.88	1.0	0.72	0.92	0.76	0.9	0.8	0.9	0.94
9550	0.9	0.66	0.92	0.94	0.8	0.54	0.8	0.88	0.98	0.72	0.9	0.74	0.88	0.8	0.9	0.94
9600	0.88	0.66	0.94	0.94	0.78	0.54	0.8	0.92	0.98	0.7	0.88	0.74	0.88	0.78	0.92	0.94
9650	0.86	0.66	0.94	0.92	0.76	0.54	0.76	0.92	0.98	0.72	0.9	0.72	0.88	0.8	0.92	0.94
9700	0.86	0.66	0.94	0.92	0.76	0.52	0.72	0.92	0.96	0.74	0.9	0.72	0.86	0.8	0.94	0.94
9750	0.84	0.66	0.94	0.92	0.76	0.56	0.7	0.92	0.96	0.76	0.88	0.7	0.86	0.82	0.94	0.94
9800	0.86	0.72	0.94	0.92	0.78	0.56	0.7	0.92	0.96	0.76	0.86	0.68	0.88	0.82	0.92	0.92
9850	0.86	0.74	0.92	0.92	0.8	0.5	0.7	0.92	0.96	0.76	0.84	0.68	0.88	0.8	0.92	0.92
9900	0.86	0.78	0.92	0.9	0.8	0.5	0.74	0.92	0.96	0.78	0.82	0.68	0.88	0.82	0.92	0.92
9950	0.8	0.8	0.9	0.9	0.8	0.52	0.76	0.92	0.96	0.8	0.78	0.68	0.88	0.8	0.92	0.92
10000	0.8	0.84	0.88	0.92	0.82	0.52	0.78	0.92	0.96	0.82	0.78	0.7	0.9	0.78	0.92	0.92
10050	0.84	0.82	0.88	0.92	0.82	0.5	0.78	0.9	0.96	0.82	0.76	0.68	0.9	0.82	0.9	0.92
10100	0.84	0.82	0.9	0.9	0.82	0.56	0.74	0.92	0.96	0.86	0.76	0.66	0.92	0.82	0.9	0.92
10150	0.84	0.88	0.9	0.9	0.84	0.54	0.76	0.92	0.96	0.86	0.78	0.68	0.92	0.82	0.9	0.94
10200	0.82	0.92	0.9	0.9	0.84	0.52	0.78	0.94	0.96	0.88	0.8	0.7	0.92	0.8	0.9	0.94
10250	0.84	0.94	0.9	0.9	0.9	0.6	0.82	0.94	0.98	0.92	0.82	0.72	0.9	0.8	0.9	0.94
10300	0.84	0.94	0.9	0.9	0.9	0.68	0.86	0.96	0.98	0.94	0.84	0.72	0.9	0.84	0.9	0.94
10350	0.84	0.94	0.92	0.9	0.9	0.68	0.88	0.96	1.0	0.94	0.86	0.74	0.92	0.84	0.92	0.98
10400	0.82	0.94	0.94	0.9	0.92	0.68	0.9	0.96	1.0	0.94	0.88	0.76	0.92	0.9	0.92	0.98
10450	0.86	0.92	0.92	0.92	0.92	0.76	0.9	0.96	1.0	0.94	0.92	0.78	0.94	0.9	0.92	0.98
10500	0.88	0.92	0.92	0.94	0.92	0.82	0.92	0.96	0.98	0.94	0.94	0.78	0.94	0.92	0.92	0.96
10550	0.9	0.92	0.94	0.96	0.94	0.82	0.92	0.98	0.98	0.94	0.98	0.8	0.94	0.94	0.92	0.96
10600	0.9	0.92	0.96	0.96	0.94	0.84	0.94	1.0	0.98	0.96	1.0	0.84	0.94	0.94	0.92	0.96
10650	0.9	0.92	0.96	0.96	0.94	0.9	0.94	1.0	0.96	0.96	1.0	0.88	0.96	0.94	0.92	0.94
10700	0.92	0.96	0.98	1.0	0.96	0.92	0.96	1.0	0.96	0.98	1.0	0.9	0.96	0.94	0.92	0.94
10750	0.92	0.96	0.96	1.0	0.96	0.94	1.0	1.0	0.96	0.98	1.0	0.92	0.98	0.94	0.92	0.94
10800	0.92	0.96	0.92	1.0	0.98	0.98	1.0	1.0	0.94	0.98	1.0	0.94	1.0	0.96	0.94	0.94
10850	0.92	0.96	0.92	1.0	0.98	1.0	1.0	1.0	0.94	0.98	1.0	0.98	1.0	0.96	0.94	0.94
10900	0.92	0.96	0.92	1.0	0.98	1.0	0.98	1.0	0.94	0.98	1.0	0.98	1.0	0.98	0.94	0.94
10950	0.92	0.96	0.92	1.0	0.98	1.0	0.98	1.0	0.94	0.98	1.0	1.0	1.0	0.98	0.94	0.94
11000	0.94	0.96	0.92	1.0	0.98	1.0	0.98	1.0	0.94	0.98	1.0	1.0	1.0	0.98	0.96	0.94
11050	0.94	0.96	0.92	1.0	0.98	1.0	0.98	1.0	0.94	0.94	1.0	1.0	1.0	0.98	0.96	0.94
11100	0.96	0.98	0.94	1.0	0.98	1.0	0.98	1.0	0.96	0.94	1.0	1.0	1.0	0.98	0.96	0.98
11150	0.98	0.98	0.94	1.0	0.98	1.0	0.96	1.0	0.96	0.94	1.0	1.0	1.0	1.0	0.98	0.98
11200	0.96	0.98	0.94	1.0	1.0	1.0	0.96	1.0	0.96	0.96	1.0	1.0	1.0	1.0	1.0	0.98
11250	0.96	1.0	0.94	1.0	1.0	1.0	0.96	1.0	0.98	0.96	1.0	1.0	1.0	1.0	1.0	0.98
11300	0.96	1.0	0.94	1.0	1.0	1.0	0.96	1.0	0.98	0.96	1.0	1.0	1.0	1.0	1.0	1.0
11350	0.96	1.0	0.94	1.0	1.0	1.0	0.96	1.0	0.98	0.96	1.0	1.0	1.0	1.0	1.0	1.0
11400	0.96	1.0	0.94	1.0	1.0	1.0	0.96	1.0	1.0	0.96	0.96	1.0	1.0	1.0	1.0	1.0
11450	0.96	1.0	0.94	1.0	1.0	1.0	0.96	1.0	1.0	0.96	0.96	1.0	1.0	0.98	1.0	1.0
11500	0.96	1.0	0.98	1.0	1.0	1.0	0.96	1.0	0.98	0.96	0.94	1.0	1.0	0.98	1.0	0.98
11550	0.96	1.0	1.0	1.0	1.0	1.0	0.98	1.0	0.96	0.96	0.94	1.0	1.0	0.98	1.0	0.98
11600	0.96	1.0	1.0	0.98	1.0	1.0	0.98	1.0	0.96	0.96	0.94	1.0	1.0	0.98	1.0	0.98
11650	0.96	1.0	1.0	0.98	1.0	1.0	0.98	1.0	0.96	1.0	0.92	1.0	1.0	0.98	1.0	0.98
11700	0.96	1.0	1.0	0.98	0.98	1.0	0.98	1.0	0.94	1.0	0.92	1.0	1.0	0.98	1.0	0.96
11750	0.96	1.0	1.0	0.98	0.98	1.0	0.98	1.0	0.94	1.0	0.92	1.0	1.0	0.98	1.0	0.96
11800	0.96	1.0	1.0	0.98	0.98	1.0	1.0	1.0	0.94	1.0	0.9	1.0	1.0	0.98	1.0	0.96
11850	0.96	1.0	1.0	0.96	0.98	1.0	1.0	1.0	0.94	1.0	0.9	1.0	1.0	0.98	1.0	0.96
11900	0.92	1.0	1.0	0.96	0.98	1.0	1.0	1.0	0.94	1.0	0.88	1.0	1.0	0.96	1.0	0.96
11950	0.94	0.96	1.0	0.96	0.98	1.0	1.0	1.0	0.94	1.0	0.88	1.0	1.0	0.94	1.0	0.96
12000	0.94	0.96	1.0	0.96	0.98	1.0	1.0	1.0	0.94	1.0	0.88	1.0	1.0	0.94	1.0	0.96
12050	0.94	0.96	1.0	0.96	0.98	1.0	1.0	1.0	0.94	1.0	0.92	1.0	1.0	0.94	0.98	0.96
12100	0.94	0.96	1.0	0.94	0.98	1.0	1.0	1.0	0.94	1.0	0.94	1.0	1.0	0.94	0.98	0.96
12150	0.96	0.96	1.0	0.94	0.96	1.0	0.98	1.0	0.94	1.0	0.94	1.0	1.0	0.96	0.98	0.98
12200	0.96	0.94	1.0	0.94	0.96	1.0	0.98	1.0	0.96	1.0	0.96	1.0	1.0	0.96	0.98	0.98
12250	0.96	0.94	1.0	0.94	0.96	1.0	0.98	1.0	0.98	1.0	0.96	1.0	1.0	0.96	0.98	0.96
12300	0.96	0.92	1.0	0.94	0.98	1.0	0.98	1.0	0.98	1.0	0.96	1.0	1.0	0.96	0.98	0.96
12350	0.96	0.9	1.0	0.96	0.96	1.0	0.98	1.0	0.98	1.0	0.98	1.0	1.0	0.96	0.98	0.94
12400	0.96	0.88	1.0	0.96	0.96	1.0	0.98	1.0	0.98	1.0	0.98	1.0	1.0	0.96	0.98	0.96
12450	0.96	0.88	1.0	0.96	0.96	1.0	0.98	1.0	1.0	1.0	1.0	1.0	1.0	0.96	0.98	0.96
12500	0.96	0.88	1.0	0.98	0.96	1.0	0.98	1.0	1.0	1.0	1.0	1.0	1.0	0.96	0.98	0.96
12550	0.96	0.88	1.0	0.98	0.96	1.0	0.98	1.0	1.0	1.0	1.0	1.0	1.0	0.96	0.98	0.96
12600	0.96	0.9	1.0	0.98	0.96	1.0	0.98	1.0	1.0	1.0	1.0	1.0	1.0	0.96	0.98	0.96
12650	0.98	0.92	1.0	0.98	0.98	1.0	0.96	1.0	1.0	1.0	1.0	1.0	0.96	0.98	0.98	0.96
12700	1.0	0.92	1.0	0.98	0.98	1.0	0.96	1.0	1.0	1.0	1.0	0.98	0.96	0.98	0.98	0.96
12750	1.0	0.92	1.0	0.98	0.98	1.0	0.96	1.0	1.0	1.0	1.0	0.98	0.96	1.0	0.98	0.96
12800	1.0	0.92	1.0	0.98	0.98	1.0	0.96	1.0	1.0	1.0	1.0	0.98	0.96	1.0	1.0	0.96
12850	1.0	0.92	1.0	0.98	0.98	1.0	0.98	1.0	1.0	1.0	1.0	0.98	0.96	1.0	1.0	0.96
12900	1.0	0.94	1.0	0.98	0.96	1.0	0.98	1.0	1.0	1.0	1.0	0.98	0.94	1.0	1.0	0.94
12950	1.0	0.94	1.0	0.98	0.98	1.0	0.98	1.0	0.98	1.0	1.0	0.98	0.94	1.0	1.0	0.94
13000	1.0	0.94	1.0	1.0	0.98	1.0	0.98	0.98	0.98	1.0	1.0	0.98	0.94	1.0	1.0	0.94
13050	1.0	0.94	1.0	0.98	0.98	1.0	0.98	0.98	0.98	1.0	1.0	0.98	0.94	1.0	1.0	0.96
13100	0.98	0.98	1.0	0.98	0.98	1.0	0.98	0.98	0.98	1.0	1.0	0.98	0.9	1.0	0.98	0.96
13150	0.98	1.0	1.0	0.98	0.96	1.0	0.98	0.98	0.98	1.0	1.0	0.98	0.92	1.0	0.98	0.98
13200	0.98	1.0	1.0	0.98	0.96	1.0	0.98	0.98	0.98	1.0	1.0	0.98	0.94	1.0	0.98	0.98
13250	0.98	1.0	1.0	0.96	0.94	1.0	0.98	0.98	0.98	1.0	1.0	0.98	0.94	1.0	0.98	0.98
13300	0.98	1.0	1.0	0.96	0.94	1.0	0.98	0.98	0.96	1.0	1.0	0.98	0.94	1.0	0.98	0.98
13350	0.98	1.0	1.0	0.96	0.94	1.0	0.98	0.98	0.96	1.0	1.0	1.0	0.94	1.0	0.98	0.98
13400	0.98	1.0	1.0	0.94	0.9	1.0	0.98	0.98	0.96	1.0	1.0	0.98	0.94	1.0	0.98	0.98
13450	0.98	1.0	1.0	0.94	0.88	1.0	0.98	0.98	0.96	1.0	1.0	0.98	0.94	1.0	0.98	0.98
13500	0.98	1.0	1.0	0.94	0.88	1.0	0.98	0.98	0.96	1.0	1.0	0.98	0.94	1.0	0.96	0.96
13550	0.98	1.0	1.0	0.94	0.9	1.0	0.98	0.98	0.96	1.0	1.0	0.98	0.96	1.0	0.96	0.98
13600	0.98	1.0	1.0	0.94	0.9	1.0	1.0	0.98	0.96	1.0	1.0	0.98	0.96	0.98	0.96	0.98
13650	0.98	1.0	1.0	0.94	0.9	1.0	0.98	0.96	0.96	1.0	1.0	0.98	0.96	0.98	0.96	0.98
13700	0.98	1.0	1.0	0.94	0.9	1.0	0.98	0.98	0.96	1.0	1.0	0.98	0.98	0.98	0.96	0.98
13750	0.98	1.0	1.0	0.96	0.92	1.0	0.98	0.98	0.96	1.0	1.0	0.98	0.98	0.98	0.96	0.96
13800	0.98	1.0	1.0	0.96	0.9	1.0	0.98	0.98	0.94	1.0	1.0	0.98	1.0	0.96	0.96	0.96
13850	1.0	1.0	1.0	0.96	0.9	1.0	0.98	0.98	0.96	1.0	1.0	0.98	1.0	0.96	0.98	0.96
13900	1.0	1.0	1.0	0.98	0.92	1.0	0.98	0.98	0.96	1.0	1.0	0.98	1.0	0.96	0.98	0.96
13950	1.0	1.0	1.0	0.98	0.92	1.0	0.98	0.98	0.96	1.0	1.0	0.98	1.0	0.96	0.98	0.96
14000	1.0	1.0	1.0	0.98	0.92	1.0	0.98	0.98	0.96	1.0	1.0	0.98	1.0	0.96	0.98	0.96
14050	1.0	1.0	1.0	1.0	0.94	1.0	0.98	0.98	0.96	1.0	1.0	0.98	1.0	0.96	0.98	0.96
14100	1.0	1.0	1.0	1.0	0.96	1.0	0.98	0.98	0.96	1.0	1.0	1.0	1.0	0.94	0.98	0.96
14150	1.0	1.0	1.0	1.0	0.96	1.0	0.98	0.98	0.96	1.0	1.0	1.0	1.0	0.94	0.96	0.96
14200	1.0	1.0	1.0	1.0	0.98	1.0	0.98	0.98	0.96	1.0	1.0	1.0	1.0	0.94	0.94	0.94
14250	0.98	1.0	1.0	1.0	0.98	1.0	0.98	0.98	0.96	1.0	1.0	1.0	1.0	0.94	0.96	0.96
14300	0.98	1.0	1.0	1.0	0.98	1.0	0.98	0.98	0.96	1.0	1.0	1.0	1.0	0.94	0.96	0.94
14350	0.98	1.0	1.0	1.0	0.98	1.0	1.0	0.98	0.96	1.0	1.0	1.0	1.0	0.94	0.96	0.94
14400	0.98	1.0	1.0	1.0	0.98	1.0	1.0	0.98	0.96	1.0	1.0	1.0	1.0	0.94	0.96	0.94
14450	0.98	1.0	1.0	1.0	0.98	1.0	1.0	0.98	0.96	1.0	1.0	1.0	1.0	0.94	0.96	0.94
14500	0.98	1.0	1.0	1.0	0.96	1.0	1.0	0.96	0.98	1.0	1.0	1.0	1.0	0.94	0.96	0.96
14550	0.98	1.0	1.0	1.0	0.96	1.0	1.0	0.98	0.98	1.0	1.0	1.0	1.0	0.94	0.96	0.96
14600	0.98	1.0	1.0	1.0	0.98	1.0	1.0	0.98	0.94	1.0	1.0	1.0	1.0	0.96	0.96	0.96
14650	0.98	1.0	1.0	1.0	0.98	1.0	1.0	0.98	0.94	1.0	1.0	1.0	1.0	0.96	0.96	0.96
14700	0.98	1.0	1.0	1.0	0.98	1.0	1.0	0.98	0.94	0.98	1.0	1.0	1.0	0.96	0.96	0.96
14750	0.98	1.0	1.0	1.0	0.98	1.0	1.0	0.98	0.94	0.98	1.0	1.0	1.0	0.96	0.98	0.96
14800	0.98	1.0	1.0	1.0	0.98	1.0	1.0	0.98	0.94	0.98	1.0	1.0	1.0	0.98	1.0	0.96
14850	0.98	0.98	1.0	1.0	0.98	1.0	1.0	0.98	0.94	0.98	1.0	1.0	1.0	0.96	1.0	0.96
14900	0.98	0.98	1.0	1.0	0.96	1.0	1.0	0.98	0.94	0.98	1.0	1.0	1.0	0.96	1.0	0.98
14950	0.98	0.96	1.0	1.0	0.96	1.0	1.0	0.94	0.94	0.98	1.0	1.0	1.0	0.96	0.98	0.98
15000	0.98	0.94	1.0	1.0	0.96	1.0	1.0	0.94	0.94	0.98	1.0	1.0	0.98	0.96	0.98	0.98
15050	0.98	0.94	1.0	1.0	0.96	1.0	1.0	0.92	0.94	0.98	1.0	1.0	0.98	0.98	0.98	1.0
15100	1.0	0.92	1.0	1.0	0.96	1.0	1.0	0.92	0.94	0.98	1.0	1.0	0.96	0.98	0.98	1.0
15150	1.0	0.92	1.0	1.0	0.98	1.0	1.0	0.92	0.94	0.98	1.0	1.0	0.96	0.98	0.98	1.0
15200	1.0	0.92	1.0	1.0	0.98	1.0	1.0	0.92	0.96	0.98	1.0	1.0	0.96	0.98	0.98	1.0
15250	1.0	0.92	1.0	0.98	0.96	1.0	1.0	0.92	0.96	0.98	1.0	1.0	0.96	0.98	0.98	1.0
15300	1.0	0.92	1.0	0.98	0.92	1.0	1.0	0.92	0.96	0.98	1.0	1.0	0.96	0.98	0.98	1.0
15350	1.0	0.92	1.0	0.98	0.92	1.0	0.98	0.92	0.98	0.98	1.0	1.0	0.96	0.98	0.98	1.0
15400	1.0	0.92	1.0	0.98	0.92	1.0	0.98	0.92	1.0	0.98	1.0	0.98	0.96	0.98	0.96	0.98
15450	1.0	0.92	1.0	0.98	0.92	1.0	0.98	0.92	1.0	0.98	1.0	0.96	0.96	0.98	0.96	0.98
15500	1.0	0.92	1.0	0.98	0.92	1.0	0.98	0.92	1.0	1.0	1.0	0.96	0.96	0.96	0.96	0.98
15550	1.0	0.92	1.0	0.98	0.92	1.0	0.98	0.92	1.0	1.0	1.0	0.96	0.96	0.96	0.96	0.98
15600	1.0	0.92	1.0	0.98	0.92	1.0	0.96	0.92	1.0	1.0	1.0	0.96	0.96	0.96	0.96	0.98
15650	1.0	0.94	1.0	0.98	0.94	1.0	0.96	0.94	1.0	1.0	1.0	0.96	0.96	0.98	0.96	0.98
15700	1.0	0.96	1.0	0.98	0.94	1.0	0.96	0.96	0.98	1.0	1.0	0.96	0.98	0.98	0.98	0.98
15750	1.0	0.96	1.0	0.98	0.94	1.0	0.96	0.98	0.98	1.0	1.0	0.96	0.98	0.98	0.98	0.98
15800	1.0	0.98	1.0	0.98	0.94	1.0	0.96	0.98	0.96	1.0	1.0	0.96	0.98	0.98	0.96	0.98
15850	1.0	0.98	1.0	0.98	0.94	1.0	0.94	0.98	0.96	1.0	1.0	0.96	0.98	0.98	0.94	0.98
15900	1.0	0.98	1.0	0.98	0.94	1.0	0.94	0.98	0.94	1.0	1.0	0.96	0.98	0.98	0.94	0.96
15950	1.0	0.98	1.0	0.98	0.94	1.0	0.94	0.98	0.92	1.0	1.0	0.98	0.96	0.96	0.94	0.96
16000	1.0	0.98	1.0	0.98	0.94	1.0	0.94	1.0	0.9	1.0	1.0	1.0	0.96	0.94	0.94	0.96
16050	1.0	0.98	1.0	1.0	0.94	1.0	0.96	1.0	0.9	1.0	1.0	0.98	0.96	0.94	0.94	0.94
16100	1.0	0.98	1.0	1.0	0.94	1.0	0.96	1.0	0.9	1.0	1.0	0.98	0.96	0.94	0.94	0.92
16150	1.0	0.98	1.0	1.0	0.96	1.0	0.96	1.0	0.9	1.0	1.0	0.98	0.94	0.94	0.94	0.92
16200	1.0	0.98	1.0	0.98	0.98	1.0	0.96	1.0	0.9	1.0	1.0	0.98	0.94	0.94	0.94	0.92
16250	1.0	0.98	1.0	0.98	0.98	1.0	0.96	1.0	0.9	1.0	1.0	0.98	0.94	0.94	0.96	0.94
16300	1.0	1.0	1.0	0.98	0.98	1.0	0.96	1.0	0.9	1.0	1.0	0.98	0.94	0.94	0.96	0.94
16350	1.0	1.0	1.0	0.98	0.98	1.0	0.98	1.0	0.92	1.0	1.0	0.96	0.94	0.96	0.96	0.94
16400	1.0	1.0	1.0	0.98	0.98	1.0	0.98	1.0	0.92	1.0	1.0	0.96	0.94	0.96	0.96	0.94
16450	1.0	1.0	1.0	0.98	0.98	1.0	0.98	1.0	0.92	1.0	1.0	0.96	0.92	0.96	0.96	0.94
16500	1.0	1.0	1.0	0.98	0.98	1.0	0.98	1.0	0.92	1.0	1.0	0.96	0.92	0.96	0.98	0.94
16550	1.0	1.0	1.0	0.98	0.98	1.0	0.98	1.0	0.94	1.0	1.0	0.96	0.92	0.96	0.98	0.94
16600	1.0	1.0	1.0	0.98	0.98	1.0	1.0	1.0	0.94	1.0	1.0	0.96	0.94	0.96	1.0	0.94
16650	1.0	1.0	1.0	0.98	0.98	1.0	1.0	1.0	0.94	1.0	1.0	0.96	0.94	0.96	1.0	0.94
16700	1.0	1.0	1.0	0.98	0.98	1.0	1.0	1.0	0.94	0.98	1.0	0.96	0.94	0.96	1.0	0.96
16750	1.0	1.0	1.0	0.98	1.0	1.0	1.0	1.0	0.96	0.98	1.0	0.96	0.96	0.96	1.0	0.96
16800	1.0	1.0	1.0	0.98	1.0	1.0	1.0	1.0	0.96	0.98	1.0	0.94	0.96	0.98	1.0	1.0
16850	1.0	1.0	1.0	0.98	1.0	1.0	1.0	1.0	0.98	0.98	1.0	0.94	0.96	1.0	1.0	1.0
16900	1.0	1.0	1.0	1.0	1.0	1.0	1.0	1.0	1.0	0.98	1.0	0.94	0.98	1.0	1.0	1.0
16950	1.0	1.0	1.0	1.0	1.0	1.0	1.0	1.0	1.0	0.98	1.0	0.94	0.98	1.0	1.0	1.0
17000	1.0	1.0	1.0	1.0	1.0	1.0	1.0	1.0	1.0	0.98	1.0	0.96	0.98	1.0	1.0	1.0
17050	1.0	1.0	1.0	1.0	1.0	1.0	1.0	1.0	1.0	0.98	1.0	0.96	0.98	1.0	1.0	1.0
17100	1.0	1.0	1.0	1.0	1.0	1.0	1.0	1.0	1.0	0.98	1.0	0.94	0.98	1.0	1.0	1.0
17150	1.0	1.0	1.0	1.0	1.0	1.0	1.0	1.0	1.0	0.98	1.0	0.94	0.98	1.0	1.0	1.0
17200	1.0	1.0	1.0	1.0	1.0	1.0	1.0	1.0	1.0	0.98	1.0	0.94	0.96	1.0	1.0	1.0
17250	1.0	1.0	1.0	1.0	1.0	1.0	1.0	0.98	1.0	0.98	1.0	0.94	0.98	1.0	1.0	1.0
17300	1.0	1.0	1.0	1.0	1.0	1.0	1.0	0.98	1.0	0.98	1.0	0.96	0.98	1.0	1.0	1.0
17350	1.0	1.0	1.0	1.0	1.0	1.0	1.0	0.98	1.0	0.98	1.0	0.96	0.98	1.0	1.0	1.0
17400	1.0	1.0	1.0	1.0	1.0	1.0	0.98	0.98	1.0	0.96	1.0	0.96	0.98	1.0	1.0	1.0
17450	1.0	1.0	1.0	1.0	1.0	1.0	0.98	0.98	1.0	0.96	1.0	0.98	0.98	1.0	1.0	1.0
17500	1.0	1.0	1.0	1.0	1.0	1.0	0.98	0.98	0.98	0.96	1.0	0.98	0.98	1.0	1.0	0.98
17550	1.0	1.0	1.0	1.0	1.0	1.0	0.98	0.98	0.98	0.96	1.0	0.98	0.98	1.0	1.0	0.98
17600	1.0	1.0	1.0	1.0	1.0	1.0	0.98	0.98	0.98	0.98	1.0	0.98	0.98	1.0	1.0	0.98
17650	1.0	1.0	1.0	1.0	1.0	1.0	0.98	0.98	0.98	0.98	1.0	0.98	0.98	1.0	1.0	0.94
17700	1.0	1.0	1.0	1.0	1.0	1.0	0.98	0.98	0.98	0.98	1.0	1.0	0.98	1.0	1.0	0.94
17750	1.0	1.0	1.0	1.0	1.0	1.0	0.98	0.98	0.98	0.98	1.0	1.0	0.98	1.0	1.0	0.94
17800	1.0	1.0	1.0	1.0	1.0	1.0	0.98	0.98	0.98	0.98	1.0	1.0	0.98	0.98	1.0	0.94
17850	1.0	1.0	1.0	1.0	1.0	1.0	0.98	0.96	0.98	0.98	1.0	1.0	0.98	0.98	1.0	0.94
17900	1.0	1.0	1.0	1.0	1.0	1.0	0.98	0.96	0.98	0.98	1.0	1.0	1.0	0.98	1.0	0.94
17950	1.0	1.0	1.0	1.0	1.0	1.0	0.98	0.96	0.98	0.98	1.0	1.0	1.0	0.98	1.0	0.94
18000	1.0	1.0	1.0	1.0	1.0	1.0	0.98	0.96	0.98	0.98	1.0	1.0	1.0	0.98	1.0	0.94
18050	1.0	0.98	1.0	1.0	1.0	1.0	0.98	0.96	0.98	0.98	1.0	1.0	1.0	0.96	1.0	0.94
18100	1.0	0.98	1.0	1.0	1.0	1.0	0.98	0.98	0.98	0.98	1.0	1.0	1.0	0.96	1.0	0.94
18150	0.98	0.98	1.0	1.0	1.0	1.0	0.98	0.98	0.98	1.0	1.0	1.0	1.0	0.96	1.0	0.92
18200	0.98	0.98	1.0	1.0	1.0	1.0	0.98	0.98	0.98	1.0	1.0	1.0	1.0	0.96	1.0	0.92
18250	0.98	0.98	0.98	1.0	1.0	1.0	0.98	0.98	0.98	0.98	1.0	1.0	1.0	0.96	1.0	0.92
18300	0.98	0.96	0.98	1.0	1.0	1.0	1.0	0.98	0.98	0.98	1.0	1.0	1.0	0.96	1.0	0.94
18350	0.98	0.96	0.98	1.0	1.0	1.0	1.0	0.98	0.98	0.98	1.0	1.0	0.96	0.96	1.0	0.94
18400	0.98	0.96	0.98	1.0	1.0	1.0	1.0	0.98	1.0	0.98	1.0	1.0	0.96	0.96	1.0	0.94
18450	0.98	0.96	0.98	1.0	1.0	1.0	1.0	0.98	0.98	0.98	1.0	1.0	0.96	0.96	1.0	0.94
18500	0.98	0.94	0.98	1.0	1.0	1.0	0.98	0.98	0.98	0.98	1.0	1.0	0.96	0.96	1.0	0.94
18550	0.98	0.94	0.98	1.0	1.0	1.0	0.98	1.0	0.98	0.98	1.0	1.0	0.96	0.96	1.0	0.98
18600	0.98	0.94	0.98	1.0	1.0	1.0	0.98	1.0	0.98	0.98	1.0	1.0	0.96	0.96	1.0	0.96
18650	0.98	0.94	0.98	1.0	1.0	1.0	0.98	1.0	0.98	0.98	1.0	1.0	0.96	0.98	1.0	0.94
18700	0.98	0.94	0.98	1.0	1.0	1.0	0.98	1.0	0.98	0.98	1.0	1.0	0.96	0.98	1.0	0.94
18750	0.96	0.96	0.98	1.0	1.0	1.0	0.98	1.0	0.98	0.98	1.0	1.0	0.96	0.98	1.0	0.94
18800	0.98	0.96	0.98	1.0	1.0	1.0	0.98	1.0	0.98	0.98	1.0	1.0	0.96	0.98	1.0	0.94
18850	0.98	0.96	0.98	1.0	1.0	1.0	0.98	1.0	0.98	0.98	1.0	1.0	0.96	0.98	1.0	0.94
18900	0.98	0.96	0.98	1.0	1.0	1.0	0.98	1.0	0.98	1.0	1.0	1.0	0.96	1.0	1.0	0.94
18950	0.98	0.96	0.98	1.0	1.0	1.0	0.98	1.0	0.98	1.0	1.0	1.0	0.96	1.0	1.0	0.96
19000	0.98	0.96	0.98	1.0	1.0	1.0	0.98	1.0	0.98	1.0	1.0	1.0	0.96	1.0	1.0	0.96
19050	0.98	0.98	1.0	1.0	1.0	1.0	0.98	1.0	0.98	1.0	1.0	1.0	0.98	0.98	1.0	0.96
19100	0.98	0.98	1.0	1.0	1.0	1.0	0.98	1.0	0.98	1.0	1.0	1.0	1.0	0.98	1.0	0.96
19150	0.98	0.98	1.0	1.0	1.0	1.0	0.98	1.0	0.98	1.0	1.0	1.0	1.0	0.98	1.0	0.96
19200	0.98	0.98	1.0	1.0	1.0	1.0	0.98	1.0	1.0	1.0	1.0	1.0	1.0	0.98	1.0	0.98
19250	0.98	0.98	1.0	1.0	1.0	1.0	0.98	1.0	1.0	1.0	1.0	1.0	1.0	0.96	1.0	0.98
19300	0.98	1.0	1.0	1.0	1.0	1.0	1.0	1.0	1.0	1.0	1.0	1.0	1.0	0.96	1.0	1.0
19350	0.98	0.98	1.0	1.0	1.0	1.0	1.0	0.98	1.0	1.0	1.0	1.0	1.0	0.96	1.0	1.0
19400	0.98	0.98	1.0	1.0	1.0	1.0	1.0	0.98	1.0	1.0	1.0	1.0	0.98	0.96	1.0	1.0
19450	0.98	0.98	1.0	1.0	1.0	1.0	1.0	0.98	1.0	1.0	1.0	1.0	0.98	0.96	1.0	1.0
19500	1.0	0.98	1.0	1.0	1.0	1.0	1.0	0.98	0.98	1.0	1.0	1.0	0.98	0.96	1.0	1.0
19550	1.0	0.98	1.0	1.0	1.0	1.0	1.0	0.98	0.98	1.0	1.0	1.0	0.98	0.96	1.0	1.0
19600	1.0	0.98	1.0	1.0	1.0	1.0	1.0	0.96	0.96	1.0	1.0	1.0	0.98	0.96	1.0	1.0
19650	1.0	0.98	1.0	1.0	1.0	1.0	1.0	0.96	0.96	1.0	1.0	1.0	0.98	0.96	1.0	1.0
19700	1.0	0.98	1.0	1.0	1.0	1.0	1.0	0.96	0.96	1.0	1.0	1.0	0.98	0.96	0.98	1.0
19750	1.0	0.98	0.98	1.0	1.0	1.0	1.0	0.96	0.96	1.0	1.0	1.0	0.98	0.96	0.98	1.0
19800	1.0	0.98	0.98	1.0	1.0	1.0	1.0	0.96	0.94	1.0	1.0	0.98	0.98	0.96	0.98	1.0
19850	1.0	0.98	0.98	1.0	1.0	1.0	1.0	0.96	0.94	1.0	1.0	0.98	0.98	0.96	0.98	1.0
19900	1.0	0.98	0.96	1.0	1.0	1.0	1.0	0.98	0.94	1.0	1.0	0.98	0.98	0.94	0.98	1.0
19950	1.0	0.98	0.96	1.0	1.0	1.0	1.0	0.98	0.94	1.0	1.0	0.98	0.98	0.94	0.98	1.0
20000	1.0	0.96	0.94	1.0	1.0	1.0	1.0	0.96	0.94	1.0	1.0	0.98	0.98	0.94	0.98	1.0
