0	0.0	0.0	0.0	0.0	0.0	0.0	0.0	0.0	0.0	0.0	0.0	0.0	0.0	0.0	0.0	0.0
50	0.0	0.0	0.0	0.0	0.0	0.333333333333	0.0	0.0	0.0	0.0	0.0	0.0	0.0	0.0	0.0	0.0
100	0.5	0.125	0.0	0.285714285714	0.285714285714	0.333333333333	0.285714285714	0.25	0.333333333333	0.25	0.428571428571	0.333333333333	0.333333333333	0.2	0.0	0.125
150	0.428571428571	0.307692307692	0.625	0.375	0.333333333333	0.25	0.444444444444	0.5	0.4	0.307692307692	0.444444444444	0.444444444444	0.444444444444	0.428571428571	0.214285714286	0.0909090909091
200	0.444444444444	0.411764705882	0.75	0.416666666667	0.363636363636	0.363636363636	0.545454545455	0.625	0.470588235294	0.375	0.545454545455	0.583333333333	0.454545454545	0.5	0.1875	0.166666666667
250	0.545454545455	0.5	0.666666666667	0.461538461538	0.333333333333	0.428571428571	0.615384615385	0.636363636364	0.52380952381	0.421052631579	0.5625	0.571428571429	0.5	0.454545454545	0.25	0.285714285714
300	0.533333333333	0.481481481481	0.6875	0.352941176471	0.4	0.470588235294	0.571428571429	0.692307692308	0.541666666667	0.428571428571	0.631578947368	0.5	0.5	0.5	0.291666666667	0.347826086957
350	0.5625	0.5	0.75	0.4	0.409090909091	0.47619047619	0.588235294118	0.6875	0.612903225806	0.48	0.666666666667	0.571428571429	0.533333333333	0.5	0.321428571429	0.423076923077
400	0.590909090909	0.514285714286	0.761904761905	0.409090909091	0.384615384615	0.48	0.6	0.647058823529	0.625	0.466666666667	0.7	0.590909090909	0.555555555556	0.52380952381	0.344827586207	0.433333333333
450	0.52	0.525	0.821428571429	0.48	0.428571428571	0.444444444444	0.636363636364	0.611111111111	0.666666666667	0.454545454545	0.71875	0.608695652174	0.6	0.592592592593	0.387096774194	0.514285714286
500	0.5	0.568181818182	0.838709677419	0.481481481481	0.448275862069	0.5	0.592592592593	0.608695652174	0.692307692308	0.5	0.727272727273	0.576923076923	0.590909090909	0.6	0.393939393939	0.527777777778
550	0.533333333333	0.591836734694	0.823529411765	0.464285714286	0.5	0.525	0.592592592593	0.620689655172	0.720930232558	0.53488372093	0.735294117647	0.633333333333	0.64	0.628571428571	0.411764705882	0.513513513514
600	0.588235294118	0.66	0.783783783784	0.516129032258	0.484848484848	0.5	0.607142857143	0.58064516129	0.695652173913	0.520833333333	0.756756756757	0.676470588235	0.653846153846	0.642857142857	0.432432432432	0.513513513514
650	0.611111111111	0.66	0.809523809524	0.558823529412	0.514285714286	0.52	0.620689655172	0.575757575758	0.708333333333	0.54	0.75	0.710526315789	0.71875	0.673913043478	0.463414634146	0.512195121951
700	0.595238095238	0.74	0.818181818182	0.634146341463	0.527777777778	0.52	0.620689655172	0.540540540541	0.74	0.64	0.744186046512	0.692307692308	0.714285714286	0.69387755102	0.46511627907	0.533333333333
750	0.604651162791	0.76	0.829787234043	0.642857142857	0.525	0.52	0.65625	0.525	0.76	0.6	0.733333333333	0.707317073171	0.717948717949	0.72	0.489361702128	0.6
800	0.604651162791	0.76	0.84	0.666666666667	0.525	0.54	0.676470588235	0.54347826087	0.82	0.58	0.75	0.739130434783	0.690476190476	0.74	0.5	0.66
850	0.622222222222	0.78	0.86	0.72	0.547619047619	0.56	0.702702702703	0.5625	0.78	0.6	0.76	0.755102040816	0.717391304348	0.78	0.58	0.68
900	0.632653061224	0.78	0.9	0.74	0.558139534884	0.58	0.7	0.5625	0.82	0.62	0.82	0.8	0.714285714286	0.8	0.64	0.72
950	0.632653061224	0.84	0.9	0.72	0.577777777778	0.58	0.717391304348	0.551020408163	0.82	0.6	0.8	0.82	0.7	0.8	0.66	0.8
1000	0.64	0.84	0.88	0.74	0.586956521739	0.56	0.729166666667	0.56	0.8	0.64	0.8	0.84	0.7	0.8	0.66	0.78
1050	0.64	0.86	0.9	0.76	0.62	0.62	0.72	0.58	0.78	0.66	0.8	0.84	0.68	0.82	0.68	0.82
1100	0.66	0.9	0.92	0.86	0.64	0.58	0.76	0.58	0.76	0.66	0.82	0.9	0.74	0.84	0.68	0.8
1150	0.66	0.9	0.92	0.86	0.66	0.58	0.76	0.56	0.74	0.64	0.8	0.92	0.72	0.84	0.66	0.78
1200	0.66	0.94	0.92	0.86	0.7	0.5	0.74	0.58	0.74	0.66	0.8	0.92	0.72	0.86	0.64	0.8
1250	0.66	0.94	0.92	0.9	0.72	0.5	0.74	0.6	0.74	0.68	0.76	0.94	0.74	0.86	0.64	0.84
1300	0.64	0.92	0.92	0.9	0.72	0.5	0.72	0.6	0.74	0.64	0.74	0.96	0.74	0.92	0.64	0.84
1350	0.68	0.94	0.92	0.9	0.78	0.52	0.74	0.6	0.74	0.64	0.76	0.96	0.74	0.88	0.58	0.86
1400	0.72	0.94	0.92	0.88	0.78	0.48	0.76	0.58	0.72	0.7	0.76	0.96	0.68	0.86	0.58	0.86
1450	0.72	0.92	0.96	0.86	0.82	0.48	0.78	0.58	0.72	0.68	0.72	0.92	0.68	0.88	0.54	0.86
1500	0.78	0.92	0.96	0.88	0.84	0.52	0.8	0.62	0.74	0.68	0.72	0.9	0.68	0.9	0.52	0.88
1550	0.76	0.94	0.96	0.88	0.82	0.54	0.82	0.62	0.74	0.68	0.74	0.9	0.64	0.88	0.52	0.88
1600	0.76	0.94	0.94	0.88	0.82	0.54	0.82	0.64	0.74	0.7	0.74	0.9	0.6	0.88	0.5	0.92
1650	0.8	0.94	0.94	0.9	0.84	0.5	0.84	0.66	0.76	0.66	0.74	0.92	0.6	0.88	0.52	0.92
1700	0.8	0.94	0.94	0.9	0.8	0.5	0.84	0.68	0.8	0.66	0.7	0.9	0.6	0.88	0.52	0.92
1750	0.84	0.94	0.92	0.88	0.8	0.48	0.84	0.7	0.8	0.66	0.68	0.9	0.6	0.88	0.54	0.94
1800	0.8	0.94	0.94	0.9	0.8	0.48	0.84	0.72	0.8	0.66	0.68	0.9	0.58	0.9	0.54	0.96
1850	0.78	0.92	0.94	0.9	0.78	0.5	0.84	0.72	0.88	0.66	0.68	0.88	0.6	0.9	0.54	0.96
1900	0.78	0.92	0.94	0.9	0.76	0.52	0.86	0.72	0.88	0.66	0.68	0.86	0.64	0.88	0.58	0.96
1950	0.82	0.92	0.94	0.9	0.76	0.54	0.86	0.72	0.9	0.62	0.64	0.84	0.66	0.86	0.58	0.96
2000	0.84	0.92	0.92	0.9	0.78	0.62	0.88	0.74	0.92	0.64	0.64	0.84	0.64	0.86	0.6	0.96
2050	0.86	0.92	0.92	0.9	0.76	0.6	0.92	0.76	0.92	0.64	0.66	0.84	0.6	0.86	0.62	0.98
2100	0.86	0.92	0.92	0.92	0.74	0.6	0.92	0.76	0.92	0.68	0.68	0.82	0.6	0.9	0.64	0.98
2150	0.86	0.92	0.92	0.9	0.76	0.66	0.92	0.78	0.88	0.72	0.66	0.78	0.58	0.88	0.64	0.98
2200	0.78	0.94	0.92	0.9	0.78	0.66	0.92	0.82	0.88	0.74	0.66	0.76	0.6	0.84	0.64	0.98
2250	0.76	0.92	0.92	0.92	0.8	0.66	0.9	0.8	0.86	0.74	0.7	0.76	0.6	0.84	0.66	0.94
2300	0.76	0.92	0.92	0.94	0.76	0.68	0.9	0.84	0.88	0.74	0.7	0.74	0.6	0.84	0.7	0.94
2350	0.76	0.94	0.92	0.94	0.78	0.72	0.86	0.84	0.86	0.76	0.68	0.72	0.58	0.84	0.72	0.92
2400	0.74	0.94	0.94	0.92	0.8	0.68	0.84	0.84	0.86	0.74	0.7	0.72	0.68	0.84	0.72	0.92
2450	0.74	0.92	0.94	0.92	0.78	0.7	0.84	0.84	0.84	0.72	0.7	0.7	0.68	0.84	0.72	0.92
2500	0.8	0.9	0.94	0.92	0.78	0.7	0.84	0.84	0.84	0.72	0.7	0.72	0.66	0.82	0.7	0.92
2550	0.8	0.88	0.94	0.92	0.78	0.7	0.82	0.86	0.82	0.72	0.74	0.74	0.66	0.76	0.72	0.9
2600	0.84	0.86	0.92	0.9	0.78	0.7	0.84	0.86	0.82	0.76	0.74	0.74	0.7	0.74	0.72	0.9
2650	0.82	0.88	0.94	0.9	0.8	0.7	0.86	0.86	0.82	0.76	0.74	0.74	0.72	0.72	0.76	0.9
2700	0.82	0.86	0.94	0.92	0.78	0.68	0.88	0.86	0.8	0.74	0.76	0.72	0.72	0.72	0.76	0.9
2750	0.82	0.88	0.92	0.92	0.8	0.66	0.88	0.9	0.8	0.74	0.8	0.76	0.74	0.72	0.78	0.88
2800	0.88	0.88	0.92	0.92	0.78	0.6	0.86	0.92	0.78	0.74	0.74	0.76	0.72	0.72	0.8	0.9
2850	0.92	0.86	0.92	0.92	0.78	0.62	0.86	0.92	0.78	0.8	0.72	0.72	0.74	0.7	0.82	0.9
2900	0.92	0.86	0.92	0.92	0.78	0.6	0.86	0.92	0.78	0.8	0.72	0.72	0.74	0.68	0.82	0.88
2950	0.92	0.8	0.92	0.92	0.8	0.6	0.84	0.9	0.8	0.78	0.74	0.76	0.74	0.7	0.8	0.88
3000	0.92	0.78	0.92	0.92	0.82	0.62	0.84	0.86	0.8	0.78	0.74	0.76	0.78	0.72	0.8	0.88
3050	0.9	0.78	0.94	0.94	0.8	0.6	0.84	0.84	0.8	0.8	0.7	0.76	0.78	0.74	0.8	0.88
3100	0.9	0.78	0.94	0.96	0.82	0.6	0.88	0.86	0.82	0.8	0.66	0.76	0.82	0.72	0.8	0.88
3150	0.9	0.8	0.94	0.96	0.86	0.6	0.9	0.82	0.84	0.8	0.64	0.74	0.82	0.72	0.88	0.92
3200	0.9	0.8	0.96	0.96	0.88	0.58	0.9	0.82	0.8	0.82	0.64	0.76	0.82	0.68	0.88	0.92
3250	0.88	0.8	0.96	0.96	0.88	0.56	0.9	0.82	0.8	0.8	0.64	0.76	0.84	0.7	0.88	0.94
3300	0.88	0.82	0.94	0.96	0.88	0.54	0.92	0.8	0.78	0.8	0.66	0.74	0.82	0.7	0.88	0.94
3350	0.88	0.82	0.94	0.98	0.9	0.54	0.92	0.78	0.78	0.82	0.64	0.76	0.82	0.72	0.94	0.94
3400	0.88	0.8	0.94	0.96	0.88	0.56	0.9	0.78	0.8	0.86	0.64	0.76	0.84	0.72	0.94	0.94
3450	0.86	0.82	0.94	0.96	0.88	0.54	0.9	0.78	0.82	0.88	0.62	0.72	0.9	0.74	0.94	0.96
3500	0.86	0.8	0.96	0.96	0.84	0.54	0.9	0.78	0.82	0.88	0.62	0.72	0.88	0.76	0.94	0.96
3550	0.88	0.82	0.96	0.96	0.82	0.56	0.9	0.78	0.84	0.9	0.62	0.76	0.88	0.76	0.92	0.98
3600	0.86	0.82	0.96	0.96	0.84	0.56	0.9	0.78	0.86	0.92	0.64	0.78	0.9	0.76	0.92	0.98
3650	0.86	0.82	0.96	0.96	0.86	0.56	0.9	0.78	0.86	0.94	0.66	0.74	0.92	0.74	0.94	0.98
3700	0.86	0.84	0.98	0.98	0.84	0.56	0.94	0.78	0.86	0.94	0.7	0.76	0.92	0.76	0.94	0.98
3750	0.86	0.82	0.98	0.98	0.84	0.58	0.94	0.78	0.86	0.94	0.7	0.74	0.94	0.74	0.94	1.0
3800	0.84	0.82	0.98	0.98	0.84	0.58	0.94	0.84	0.86	0.96	0.72	0.74	0.94	0.7	0.94	1.0
3850	0.84	0.82	0.98	0.98	0.86	0.62	0.94	0.84	0.86	0.96	0.72	0.8	0.92	0.7	0.94	1.0
3900	0.84	0.82	0.98	0.98	0.86	0.6	0.94	0.86	0.88	0.96	0.72	0.78	0.92	0.72	0.94	1.0
3950	0.84	0.82	0.98	0.98	0.86	0.62	0.94	0.9	0.88	0.96	0.72	0.8	0.92	0.76	0.98	1.0
4000	0.84	0.82	0.98	0.98	0.86	0.68	0.94	0.9	0.9	0.98	0.74	0.8	0.92	0.76	0.98	0.96
4050	0.86	0.8	0.98	0.98	0.86	0.74	0.94	0.9	0.9	0.96	0.74	0.82	0.92	0.78	0.98	0.96
4100	0.84	0.82	0.98	0.98	0.86	0.76	0.94	0.88	0.9	0.96	0.76	0.82	0.92	0.76	0.98	0.96
4150	0.84	0.8	0.98	0.98	0.86	0.76	0.94	0.9	0.94	0.96	0.76	0.82	0.94	0.8	0.96	0.96
4200	0.86	0.8	0.98	0.98	0.86	0.78	0.92	0.92	0.96	0.94	0.76	0.82	0.94	0.78	0.96	0.96
4250	0.86	0.8	0.98	0.98	0.88	0.8	0.94	0.94	0.96	0.92	0.78	0.82	0.94	0.78	0.96	0.94
4300	0.86	0.8	0.98	0.98	0.86	0.8	0.92	0.92	0.96	0.88	0.78	0.84	0.94	0.8	0.96	0.94
4350	0.84	0.82	0.98	0.98	0.86	0.86	0.92	0.9	0.96	0.88	0.8	0.82	0.96	0.82	0.96	0.94
4400	0.86	0.84	0.98	0.98	0.88	0.88	0.92	0.9	0.96	0.88	0.8	0.82	0.96	0.86	0.96	0.92
4450	0.86	0.84	0.98	0.98	0.92	0.86	0.92	0.9	0.96	0.9	0.8	0.78	0.96	0.86	0.96	0.9
4500	0.84	0.8	0.98	0.96	0.94	0.84	0.92	0.88	0.96	0.9	0.8	0.8	0.96	0.86	0.96	0.9
4550	0.84	0.82	0.98	0.94	0.92	0.84	0.92	0.88	0.94	0.88	0.82	0.78	0.96	0.88	0.96	0.88
4600	0.82	0.84	0.98	0.94	0.92	0.8	0.9	0.88	0.94	0.88	0.86	0.78	0.96	0.9	0.96	0.88
4650	0.82	0.84	0.98	0.94	0.92	0.82	0.9	0.88	0.94	0.88	0.88	0.8	0.96	0.84	0.96	0.88
4700	0.84	0.84	0.98	0.92	0.94	0.84	0.9	0.88	0.94	0.88	0.88	0.8	0.96	0.82	0.94	0.86
4750	0.82	0.88	0.98	0.92	0.94	0.84	0.88	0.88	0.94	0.88	0.88	0.78	0.98	0.82	0.92	0.86
4800	0.82	0.9	0.96	0.92	0.94	0.84	0.86	0.9	0.92	0.88	0.88	0.8	0.98	0.82	0.9	0.86
4850	0.84	0.88	0.96	0.92	0.94	0.84	0.86	0.9	0.92	0.88	0.9	0.82	0.96	0.8	0.9	0.86
4900	0.84	0.9	0.96	0.9	0.92	0.82	0.88	0.9	0.92	0.88	0.92	0.8	0.94	0.76	0.92	0.86
4950	0.84	0.9	0.96	0.9	0.92	0.78	0.88	0.88	0.92	0.88	0.92	0.8	0.94	0.76	0.92	0.86
5000	0.86	0.92	0.96	0.9	0.92	0.76	0.88	0.88	0.88	0.88	0.92	0.8	0.94	0.76	0.92	0.86
5050	0.82	0.92	0.96	0.9	0.94	0.74	0.9	0.9	0.86	0.86	0.92	0.82	0.94	0.78	0.92	0.86
5100	0.8	0.92	0.98	0.88	0.94	0.7	0.9	0.92	0.86	0.86	0.92	0.8	0.94	0.78	0.94	0.86
5150	0.8	0.92	0.98	0.92	0.96	0.7	0.9	0.92	0.8	0.86	0.92	0.8	0.94	0.76	0.94	0.88
5200	0.8	0.9	0.98	0.92	0.96	0.68	0.92	0.94	0.8	0.88	0.88	0.82	0.94	0.72	0.94	0.88
5250	0.74	0.86	0.98	0.92	0.96	0.68	0.9	0.94	0.8	0.86	0.88	0.82	0.94	0.72	0.94	0.86
5300	0.74	0.86	0.98	0.92	0.96	0.68	0.9	0.94	0.8	0.9	0.88	0.82	0.94	0.76	0.94	0.88
5350	0.76	0.86	0.98	0.94	0.96	0.68	0.92	0.94	0.8	0.86	0.88	0.86	0.94	0.78	0.94	0.9
5400	0.74	0.86	0.98	0.94	0.94	0.68	0.92	0.96	0.76	0.84	0.92	0.86	0.94	0.8	0.96	0.9
5450	0.78	0.86	0.98	0.94	0.92	0.7	0.9	0.96	0.72	0.84	0.94	0.84	0.94	0.84	0.96	0.9
5500	0.74	0.86	0.98	0.94	0.88	0.68	0.94	0.94	0.72	0.84	0.92	0.84	0.94	0.82	1.0	0.88
5550	0.76	0.86	0.98	0.96	0.88	0.64	0.92	0.92	0.74	0.84	0.9	0.84	0.94	0.84	1.0	0.86
5600	0.76	0.86	0.98	0.96	0.88	0.6	0.9	0.92	0.74	0.82	0.9	0.84	0.96	0.9	1.0	0.86
5650	0.78	0.86	0.98	0.98	0.9	0.56	0.9	0.92	0.74	0.82	0.9	0.78	0.98	0.9	1.0	0.88
5700	0.8	0.86	0.98	0.98	0.9	0.54	0.9	0.92	0.74	0.82	0.92	0.78	0.98	0.9	0.98	0.88
5750	0.78	0.84	0.98	0.98	0.9	0.58	0.86	0.92	0.76	0.82	0.9	0.78	1.0	0.84	0.96	0.88
5800	0.78	0.84	0.98	1.0	0.9	0.58	0.84	0.92	0.76	0.8	0.9	0.82	0.98	0.84	0.96	0.88
5850	0.8	0.84	0.96	1.0	0.88	0.52	0.84	0.92	0.8	0.8	0.9	0.8	0.98	0.84	0.94	0.88
5900	0.8	0.84	0.96	0.98	0.86	0.58	0.86	0.92	0.82	0.8	0.9	0.8	0.98	0.86	0.92	0.86
5950	0.84	0.84	0.94	0.98	0.86	0.56	0.86	0.9	0.82	0.8	0.9	0.8	0.96	0.84	0.92	0.86
6000	0.86	0.84	0.94	0.98	0.82	0.58	0.86	0.86	0.82	0.8	0.88	0.78	0.96	0.84	0.92	0.88
6050	0.86	0.86	0.94	0.98	0.82	0.56	0.86	0.86	0.82	0.8	0.88	0.8	0.96	0.78	0.92	0.88
6100	0.86	0.84	0.94	0.96	0.82	0.58	0.86	0.86	0.78	0.82	0.88	0.74	0.96	0.76	0.92	0.88
6150	0.82	0.84	0.94	0.96	0.82	0.58	0.86	0.84	0.8	0.82	0.9	0.7	0.96	0.76	0.92	0.86
6200	0.86	0.84	0.94	0.96	0.82	0.62	0.86	0.84	0.82	0.86	0.9	0.7	0.96	0.74	0.92	0.86
6250	0.86	0.84	0.94	0.96	0.82	0.66	0.86	0.84	0.82	0.86	0.9	0.68	0.96	0.74	0.92	0.86
6300	0.88	0.84	0.94	0.96	0.84	0.68	0.9	0.86	0.82	0.86	0.9	0.68	0.96	0.76	0.9	0.86
6350	0.9	0.84	0.94	0.96	0.82	0.76	0.9	0.84	0.82	0.86	0.92	0.68	0.96	0.76	0.9	0.84
6400	0.9	0.82	0.94	0.96	0.82	0.74	0.92	0.84	0.82	0.88	0.94	0.66	0.94	0.76	0.9	0.86
6450	0.9	0.84	0.94	0.96	0.82	0.74	0.92	0.84	0.84	0.9	0.94	0.66	0.96	0.72	0.9	0.86
6500	0.9	0.82	0.94	0.96	0.78	0.74	0.92	0.86	0.86	0.9	0.94	0.66	0.96	0.74	0.92	0.88
6550	0.88	0.82	0.96	0.94	0.76	0.76	0.92	0.88	0.86	0.88	0.94	0.66	0.96	0.74	0.92	0.86
6600	0.84	0.84	0.96	0.92	0.74	0.8	0.94	0.88	0.84	0.88	0.94	0.66	0.98	0.7	0.92	0.88
6650	0.88	0.82	0.96	0.92	0.76	0.8	0.94	0.88	0.84	0.88	0.92	0.68	0.98	0.68	0.92	0.86
6700	0.86	0.82	0.96	0.9	0.78	0.82	0.96	0.88	0.84	0.88	0.92	0.68	0.98	0.72	0.92	0.86
6750	0.86	0.84	0.98	0.9	0.76	0.82	0.96	0.88	0.82	0.9	0.92	0.68	0.98	0.72	0.9	0.86
6800	0.84	0.84	0.98	0.9	0.76	0.82	0.96	0.86	0.8	0.9	0.94	0.7	0.98	0.72	0.9	0.86
6850	0.82	0.84	0.98	0.9	0.78	0.82	0.98	0.86	0.78	0.92	0.94	0.74	0.98	0.76	0.9	0.86
6900	0.84	0.86	0.98	0.9	0.78	0.8	0.98	0.86	0.82	0.92	0.92	0.76	0.98	0.76	0.9	0.88
6950	0.82	0.86	0.98	0.9	0.82	0.82	0.98	0.9	0.82	0.92	0.94	0.76	0.98	0.76	0.92	0.88
7000	0.84	0.86	0.98	0.88	0.84	0.82	0.98	0.86	0.82	0.92	0.94	0.76	0.96	0.78	0.9	0.88
7050	0.84	0.84	0.98	0.88	0.84	0.84	0.98	0.86	0.84	0.92	0.94	0.76	0.96	0.78	0.92	0.86
7100	0.84	0.86	0.98	0.88	0.8	0.84	0.98	0.88	0.84	0.92	0.94	0.78	0.96	0.78	0.92	0.86
7150	0.84	0.86	0.98	0.88	0.78	0.84	0.98	0.88	0.84	0.9	0.92	0.74	0.92	0.78	0.94	0.9
7200	0.84	0.88	0.98	0.88	0.82	0.84	1.0	0.86	0.8	0.92	0.92	0.76	0.92	0.78	0.94	0.9
7250	0.82	0.88	0.98	0.88	0.84	0.82	1.0	0.82	0.8	0.92	0.92	0.76	0.92	0.8	0.94	0.88
7300	0.82	0.9	0.96	0.88	0.86	0.76	1.0	0.82	0.8	0.9	0.92	0.78	0.94	0.82	0.94	0.88
7350	0.8	0.88	0.94	0.9	0.84	0.76	1.0	0.8	0.78	0.9	0.94	0.78	0.94	0.84	0.94	0.9
7400	0.8	0.88	0.94	0.9	0.86	0.76	1.0	0.8	0.76	0.88	0.94	0.82	0.94	0.84	0.96	0.9
7450	0.8	0.88	0.94	0.92	0.86	0.78	1.0	0.8	0.74	0.9	0.94	0.78	0.94	0.86	0.96	0.94
7500	0.8	0.9	0.94	0.9	0.82	0.78	1.0	0.82	0.74	0.9	0.96	0.82	0.94	0.88	0.96	0.94
7550	0.8	0.9	0.96	0.92	0.82	0.8	1.0	0.82	0.76	0.86	0.96	0.82	0.94	0.9	0.96	0.94
7600	0.78	0.92	0.96	0.92	0.8	0.8	1.0	0.82	0.76	0.86	0.96	0.82	0.94	0.88	0.96	0.94
7650	0.8	0.94	0.96	0.92	0.8	0.76	1.0	0.82	0.74	0.86	0.94	0.82	0.94	0.9	0.96	0.94
7700	0.78	0.94	0.96	0.92	0.8	0.76	1.0	0.8	0.78	0.86	0.94	0.82	0.94	0.9	0.98	0.96
7750	0.8	0.94	0.96	0.92	0.84	0.74	1.0	0.78	0.78	0.86	0.94	0.82	0.94	0.92	0.96	0.96
7800	0.8	0.96	0.96	0.92	0.84	0.74	1.0	0.76	0.76	0.86	0.96	0.86	0.94	0.9	0.96	0.96
7850	0.84	0.98	0.94	0.92	0.88	0.74	1.0	0.78	0.78	0.84	0.96	0.86	0.96	0.86	0.96	0.96
7900	0.84	0.98	0.96	0.92	0.86	0.72	1.0	0.78	0.78	0.84	0.96	0.86	0.96	0.86	0.98	0.96
7950	0.84	0.98	0.96	0.92	0.88	0.72	1.0	0.78	0.76	0.84	0.96	0.84	0.98	0.84	0.96	0.98
8000	0.86	0.98	0.94	0.9	0.84	0.74	1.0	0.78	0.78	0.82	0.96	0.82	1.0	0.84	0.96	0.98
8050	0.84	0.98	0.96	0.9	0.84	0.74	1.0	0.78	0.78	0.82	0.96	0.84	1.0	0.82	0.96	0.98
8100	0.86	0.98	0.94	0.92	0.84	0.74	1.0	0.82	0.8	0.8	0.96	0.84	1.0	0.84	0.94	0.98
8150	0.86	0.98	0.94	0.92	0.86	0.8	1.0	0.82	0.8	0.74	0.98	0.82	1.0	0.84	0.92	0.98
8200	0.82	0.98	0.94	0.92	0.88	0.8	1.0	0.82	0.76	0.72	0.98	0.82	1.0	0.84	0.92	0.96
8250	0.84	1.0	0.94	0.92	0.88	0.8	1.0	0.8	0.8	0.72	0.98	0.82	1.0	0.82	0.92	0.96
8300	0.86	0.98	0.92	0.88	0.88	0.8	1.0	0.78	0.78	0.7	0.98	0.82	1.0	0.82	0.92	0.96
8350	0.88	0.98	0.92	0.88	0.88	0.82	1.0	0.78	0.72	0.7	0.98	0.82	1.0	0.82	0.92	0.96
8400	0.88	0.98	0.92	0.88	0.86	0.84	1.0	0.84	0.7	0.7	0.94	0.82	1.0	0.82	0.92	0.94
8450	0.86	0.98	0.92	0.88	0.86	0.84	1.0	0.84	0.7	0.68	0.92	0.84	1.0	0.8	0.92	0.94
8500	0.86	0.98	0.92	0.9	0.86	0.84	1.0	0.82	0.7	0.72	0.92	0.82	1.0	0.8	0.92	0.94
8550	0.88	0.98	0.92	0.92	0.86	0.84	1.0	0.84	0.7	0.74	0.9	0.82	1.0	0.84	0.92	0.96
8600	0.88	0.98	0.92	0.92	0.84	0.84	1.0	0.84	0.72	0.74	0.9	0.82	1.0	0.82	0.94	0.94
8650	0.9	0.98	0.94	0.9	0.84	0.86	1.0	0.82	0.74	0.74	0.9	0.78	1.0	0.8	0.92	0.92
8700	0.9	0.96	0.94	0.9	0.84	0.86	0.98	0.78	0.74	0.74	0.9	0.78	1.0	0.82	0.92	0.92
8750	0.9	0.96	0.94	0.88	0.86	0.86	0.98	0.8	0.74	0.76	0.88	0.76	1.0	0.8	0.92	0.9
8800	0.9	0.96	0.94	0.9	0.86	0.84	0.98	0.8	0.74	0.74	0.88	0.78	1.0	0.74	0.9	0.88
8850	0.9	0.96	0.96	0.9	0.86	0.84	0.98	0.82	0.76	0.74	0.88	0.78	1.0	0.74	0.94	0.88
8900	0.9	0.96	0.96	0.9	0.84	0.82	0.98	0.84	0.8	0.76	0.88	0.76	1.0	0.72	0.94	0.88
8950	0.88	0.96	0.96	0.9	0.86	0.84	0.98	0.86	0.8	0.78	0.88	0.76	1.0	0.74	0.94	0.88
9000	0.86	0.96	0.96	0.9	0.86	0.84	0.98	0.88	0.84	0.76	0.88	0.74	1.0	0.74	0.94	0.88
9050	0.88	0.96	0.96	0.9	0.86	0.8	0.98	0.88	0.84	0.8	0.86	0.74	1.0	0.76	0.92	0.88
9100	0.88	0.96	0.96	0.9	0.86	0.78	0.98	0.88	0.86	0.84	0.86	0.76	0.98	0.74	0.92	0.88
9150	0.88	0.96	0.96	0.88	0.86	0.78	0.98	0.86	0.9	0.84	0.86	0.78	0.98	0.74	0.92	0.86
9200	0.88	0.96	0.96	0.86	0.84	0.76	0.98	0.88	0.9	0.86	0.86	0.8	0.98	0.72	0.94	0.84
9250	0.88	0.96	0.96	0.88	0.84	0.76	0.98	0.88	0.88	0.86	0.88	0.78	0.98	0.72	0.94	0.86
9300	0.88	0.94	0.96	0.9	0.84	0.72	0.98	0.9	0.86	0.86	0.9	0.74	0.98	0.72	0.94	0.86
9350	0.9	0.94	0.96	0.9	0.84	0.74	0.98	0.92	0.86	0.84	0.92	0.74	0.98	0.72	0.96	0.84
9400	0.9	0.94	0.94	0.88	0.86	0.72	0.98	0.92	0.84	0.82	0.92	0.74	0.98	0.7	0.96	0.84
9450	0.86	0.96	0.94	0.88	0.88	0.7	0.98	0.92	0.82	0.82	0.92	0.76	0.98	0.7	0.96	0.82
9500	0.86	0.96	0.92	0.9	0.86	0.72	0.98	0.92	0.8	0.82	0.94	0.76	0.98	0.7	0.96	0.82
9550	0.86	0.94	0.92	0.88	0.86	0.74	0.98	0.92	0.8	0.84	0.94	0.78	0.98	0.72	0.96	0.8
9600	0.86	0.94	0.92	0.88	0.86	0.74	0.98	0.92	0.8	0.84	0.94	0.76	0.98	0.7	0.96	0.82
9650	0.86	0.94	0.92	0.88	0.88	0.74	0.98	0.9	0.78	0.84	0.94	0.76	0.98	0.7	0.96	0.82
9700	0.86	0.94	0.92	0.88	0.88	0.76	0.98	0.92	0.76	0.84	0.94	0.78	0.98	0.7	0.96	0.84
9750	0.88	0.94	0.92	0.88	0.88	0.72	0.98	0.92	0.78	0.86	0.96	0.78	1.0	0.7	0.96	0.82
9800	0.86	0.94	0.92	0.88	0.88	0.74	0.98	0.88	0.82	0.88	0.96	0.8	1.0	0.72	0.96	0.82
9850	0.84	0.96	0.92	0.88	0.86	0.74	0.98	0.88	0.82	0.82	0.96	0.78	0.98	0.66	0.96	0.82
9900	0.84	0.96	0.92	0.9	0.86	0.74	0.98	0.86	0.82	0.8	0.96	0.78	0.98	0.66	0.96	0.84
9950	0.84	0.94	0.92	0.92	0.88	0.76	0.98	0.82	0.82	0.8	0.96	0.78	0.96	0.68	0.94	0.84
10000	0.84	0.94	0.92	0.94	0.86	0.76	0.98	0.84	0.84	0.8	0.96	0.78	0.96	0.7	0.94	0.86
10050	0.84	0.94	0.92	0.94	0.84	0.78	0.98	0.84	0.82	0.82	0.94	0.78	0.96	0.7	0.94	0.86
10100	0.82	0.96	0.92	0.94	0.84	0.8	0.96	0.84	0.84	0.86	0.96	0.78	0.96	0.7	0.94	0.86
10150	0.82	0.96	0.92	0.94	0.84	0.82	0.96	0.88	0.84	0.86	0.96	0.82	0.94	0.74	0.96	0.88
10200	0.82	0.94	0.92	0.96	0.86	0.84	0.96	0.88	0.84	0.88	0.96	0.86	0.94	0.76	0.96	0.9
10250	0.84	0.94	0.92	0.96	0.86	0.84	0.96	0.86	0.86	0.88	0.98	0.86	0.94	0.78	0.96	0.92
10300	0.86	0.96	0.92	0.96	0.88	0.86	0.96	0.86	0.88	0.88	0.96	0.88	0.94	0.78	0.98	0.94
10350	0.86	0.96	0.94	0.96	0.88	0.9	0.96	0.86	0.92	0.9	0.96	0.88	0.94	0.84	0.94	0.96
10400	0.86	0.96	0.96	0.98	0.88	0.96	0.96	0.92	0.92	0.9	0.96	0.9	0.94	0.86	0.92	0.96
10450	0.86	0.96	0.96	1.0	0.88	0.96	0.98	0.96	0.92	0.92	0.96	0.9	0.92	0.9	0.92	0.98
10500	0.88	0.96	0.96	1.0	0.9	0.98	0.98	0.96	0.92	1.0	0.96	0.9	0.88	0.9	0.94	0.98
10550	0.92	0.96	0.98	1.0	0.92	0.98	0.98	0.96	0.96	1.0	0.96	0.94	0.88	0.92	0.94	0.98
10600	0.94	0.94	0.98	1.0	0.94	0.98	0.98	0.96	0.96	1.0	0.96	0.96	0.92	0.96	0.94	0.98
10650	0.96	0.96	0.98	1.0	0.96	0.98	0.98	0.96	0.96	1.0	0.96	0.96	0.92	0.94	0.94	0.98
10700	0.98	0.96	1.0	1.0	0.96	0.94	0.98	0.96	0.96	1.0	0.96	0.96	0.9	0.94	0.94	0.98
10750	0.98	0.96	1.0	1.0	0.98	0.94	0.98	0.94	0.98	1.0	0.96	0.98	0.92	0.96	0.94	0.98
10800	1.0	0.96	0.98	1.0	1.0	0.92	0.98	0.96	0.98	1.0	0.96	0.98	0.92	0.96	0.94	0.98
10850	1.0	0.96	0.98	1.0	1.0	0.92	0.98	0.96	1.0	1.0	0.96	0.98	0.92	0.96	0.94	1.0
10900	1.0	0.94	0.94	1.0	1.0	0.92	0.98	0.96	1.0	1.0	0.96	0.94	0.92	0.96	0.94	1.0
10950	1.0	0.96	0.94	1.0	1.0	0.92	0.98	0.96	1.0	1.0	0.96	0.94	0.92	0.96	0.98	1.0
11000	1.0	0.96	0.94	1.0	1.0	0.92	0.96	0.96	1.0	1.0	0.98	0.94	0.92	0.96	0.98	1.0
11050	1.0	0.96	0.94	1.0	1.0	0.92	0.96	0.98	1.0	1.0	0.98	0.96	0.92	0.96	1.0	1.0
11100	1.0	0.96	0.94	1.0	1.0	0.92	0.94	0.98	1.0	1.0	0.98	0.96	0.98	0.96	1.0	1.0
11150	1.0	0.96	0.92	1.0	1.0	0.92	0.94	0.98	1.0	1.0	0.98	0.96	0.98	0.96	1.0	1.0
11200	1.0	0.96	0.92	1.0	1.0	0.92	0.94	0.98	1.0	0.98	0.96	0.96	0.98	0.96	1.0	1.0
11250	1.0	0.98	0.9	1.0	1.0	0.9	0.94	0.98	1.0	0.98	0.96	0.96	0.98	0.96	1.0	1.0
11300	1.0	0.98	0.9	1.0	1.0	0.9	0.94	0.98	1.0	0.98	0.98	0.96	1.0	0.96	1.0	1.0
11350	1.0	0.98	0.9	1.0	1.0	0.94	0.94	0.98	1.0	0.98	0.96	0.96	1.0	0.98	1.0	1.0
11400	1.0	0.98	0.92	1.0	1.0	0.94	0.94	1.0	1.0	0.98	0.96	0.96	1.0	0.98	1.0	1.0
11450	0.98	0.98	0.92	1.0	1.0	0.96	0.96	1.0	1.0	0.98	0.96	0.96	1.0	0.98	1.0	1.0
11500	0.98	1.0	0.94	1.0	1.0	0.96	0.96	1.0	1.0	0.98	0.96	0.96	1.0	1.0	1.0	0.98
11550	0.98	1.0	0.96	1.0	1.0	0.96	0.96	1.0	1.0	0.98	0.96	0.98	1.0	1.0	1.0	0.98
11600	0.98	1.0	0.96	1.0	1.0	0.96	0.96	1.0	1.0	0.98	0.96	1.0	1.0	1.0	1.0	0.98
11650	0.98	1.0	0.96	1.0	1.0	0.96	0.98	1.0	1.0	0.98	0.96	1.0	1.0	1.0	1.0	0.98
11700	0.98	1.0	0.96	1.0	1.0	0.98	0.98	1.0	1.0	0.98	0.98	1.0	1.0	1.0	1.0	0.98
11750	0.98	1.0	0.96	1.0	1.0	0.98	0.98	1.0	1.0	0.98	0.96	1.0	1.0	1.0	1.0	0.98
11800	0.96	1.0	0.96	1.0	1.0	0.98	1.0	1.0	1.0	0.98	0.96	1.0	1.0	1.0	1.0	0.98
11850	0.96	1.0	0.96	1.0	1.0	0.98	1.0	1.0	1.0	1.0	0.96	1.0	1.0	1.0	1.0	0.98
11900	0.96	1.0	0.98	1.0	1.0	0.96	1.0	1.0	1.0	1.0	0.96	1.0	1.0	1.0	1.0	0.98
11950	0.96	1.0	0.98	0.98	1.0	0.96	1.0	1.0	1.0	1.0	0.96	1.0	1.0	1.0	1.0	0.98
12000	0.94	1.0	1.0	0.98	1.0	0.96	1.0	1.0	0.98	1.0	0.94	1.0	1.0	1.0	1.0	0.98
12050	0.94	1.0	1.0	0.98	1.0	0.98	1.0	1.0	0.98	1.0	0.94	1.0	1.0	1.0	1.0	0.98
12100	0.94	0.98	1.0	0.96	0.98	0.98	1.0	1.0	0.98	1.0	0.94	1.0	1.0	1.0	1.0	0.98
12150	0.94	0.98	1.0	0.96	0.98	0.96	1.0	1.0	0.98	1.0	0.92	1.0	1.0	1.0	1.0	0.98
12200	0.94	0.98	1.0	0.96	0.98	0.96	1.0	1.0	0.98	1.0	0.92	1.0	1.0	1.0	1.0	0.98
12250	0.96	0.98	1.0	0.96	0.96	0.96	1.0	1.0	0.98	1.0	0.92	1.0	1.0	1.0	1.0	0.98
12300	0.96	0.98	1.0	0.96	0.96	0.92	1.0	1.0	0.98	1.0	0.92	1.0	1.0	1.0	1.0	1.0
12350	0.96	0.96	1.0	0.96	0.96	0.92	0.98	1.0	0.98	1.0	0.92	1.0	1.0	1.0	1.0	1.0
12400	0.96	0.96	1.0	0.96	0.96	0.92	0.98	1.0	0.98	1.0	0.92	1.0	1.0	1.0	0.98	1.0
12450	0.96	0.96	1.0	0.92	0.96	0.9	0.98	1.0	0.98	1.0	0.92	1.0	1.0	1.0	0.98	1.0
12500	0.96	0.96	1.0	0.92	0.96	0.9	0.98	1.0	0.98	0.98	0.94	1.0	1.0	1.0	0.98	1.0
12550	0.96	0.96	1.0	0.92	0.96	0.92	0.98	1.0	0.98	0.98	0.94	1.0	1.0	1.0	0.98	1.0
12600	0.94	0.96	1.0	0.92	0.94	0.92	0.98	1.0	0.98	0.98	0.94	1.0	1.0	1.0	0.98	1.0
12650	0.94	0.96	1.0	0.94	0.94	0.92	0.98	1.0	0.98	0.98	0.96	1.0	1.0	1.0	0.98	0.98
12700	0.94	0.96	1.0	0.94	0.96	0.92	0.98	1.0	0.98	0.98	0.98	0.98	1.0	1.0	0.98	0.98
12750	0.96	0.96	1.0	0.96	0.96	0.92	0.98	1.0	1.0	0.98	0.98	0.98	1.0	1.0	0.98	0.98
12800	0.96	0.98	1.0	0.96	0.96	0.92	0.98	1.0	1.0	0.96	1.0	0.98	1.0	1.0	0.98	0.98
12850	0.96	0.98	1.0	0.96	0.96	0.92	0.98	1.0	1.0	0.96	1.0	0.98	1.0	1.0	0.98	0.98
12900	0.96	0.98	1.0	0.96	0.98	0.94	0.98	1.0	1.0	0.96	1.0	0.98	1.0	1.0	0.98	0.98
12950	0.96	0.98	1.0	0.96	0.98	0.96	0.98	0.98	1.0	0.96	1.0	0.98	1.0	1.0	0.98	0.98
13000	0.94	0.98	1.0	0.96	0.98	0.96	0.98	0.98	1.0	0.96	1.0	0.98	1.0	1.0	0.98	0.98
13050	0.94	0.98	1.0	0.96	0.98	0.96	0.98	0.98	0.98	0.96	1.0	0.98	1.0	1.0	0.96	0.98
13100	0.94	0.98	1.0	0.96	0.98	0.98	1.0	0.98	0.98	0.94	1.0	0.98	1.0	1.0	0.96	0.98
13150	0.94	1.0	1.0	1.0	0.98	0.98	1.0	0.96	0.98	0.94	1.0	0.98	1.0	1.0	0.96	0.98
13200	0.94	1.0	1.0	1.0	0.98	0.98	1.0	0.96	0.98	0.94	1.0	0.98	1.0	1.0	0.94	0.98
13250	0.96	1.0	1.0	1.0	0.96	0.98	1.0	0.96	0.98	0.96	1.0	0.96	1.0	1.0	0.94	0.98
13300	0.96	1.0	1.0	0.98	0.96	0.98	1.0	0.96	0.98	0.96	1.0	0.96	1.0	1.0	0.94	0.98
13350	0.96	1.0	1.0	0.98	0.96	1.0	1.0	0.96	0.98	0.96	1.0	0.96	1.0	1.0	0.94	0.98
13400	0.96	1.0	1.0	0.98	0.96	1.0	1.0	0.96	0.98	0.96	0.98	0.96	1.0	1.0	0.94	0.98
13450	0.96	1.0	1.0	0.98	0.96	1.0	1.0	0.96	0.98	0.98	0.98	0.96	1.0	1.0	0.94	0.98
13500	0.96	1.0	1.0	0.98	0.98	1.0	1.0	0.96	0.96	0.98	0.98	0.96	1.0	1.0	0.94	0.98
13550	0.98	1.0	1.0	0.98	0.98	1.0	1.0	0.96	0.96	0.98	0.98	0.96	1.0	1.0	0.94	0.98
13600	0.98	1.0	1.0	0.98	0.98	1.0	1.0	0.96	0.96	0.98	0.98	0.98	1.0	1.0	0.94	0.98
13650	0.98	1.0	1.0	0.98	0.98	1.0	1.0	0.96	0.96	0.98	0.98	0.98	1.0	1.0	0.94	1.0
13700	1.0	1.0	1.0	0.98	0.98	1.0	1.0	0.98	0.98	0.98	0.98	0.98	1.0	1.0	0.94	1.0
13750	1.0	1.0	1.0	0.96	0.98	0.98	1.0	0.98	0.98	0.96	0.98	0.98	1.0	1.0	0.94	1.0
13800	1.0	1.0	1.0	0.96	0.98	0.98	1.0	0.98	0.98	0.98	0.98	0.98	1.0	1.0	0.96	1.0
13850	1.0	1.0	1.0	0.96	0.98	0.98	1.0	0.98	0.98	0.98	0.98	0.96	1.0	1.0	0.98	1.0
13900	1.0	1.0	1.0	0.96	0.98	0.98	1.0	0.98	0.98	0.98	0.98	0.96	1.0	1.0	0.98	1.0
13950	1.0	1.0	1.0	0.96	0.98	0.98	1.0	0.98	0.98	0.98	0.98	0.96	1.0	1.0	1.0	1.0
14000	1.0	1.0	1.0	0.96	0.98	0.98	0.98	1.0	0.98	0.98	0.98	0.98	1.0	1.0	1.0	1.0
14050	0.98	1.0	1.0	0.96	0.98	0.98	0.98	1.0	0.96	0.96	0.98	0.98	0.98	1.0	1.0	1.0
14100	0.98	0.96	1.0	0.96	0.98	0.98	0.98	0.98	0.96	0.94	0.96	0.98	0.98	1.0	1.0	1.0
14150	0.98	0.96	1.0	0.98	1.0	0.98	0.96	0.98	0.96	0.94	0.96	0.96	0.98	1.0	1.0	1.0
14200	0.96	0.96	1.0	0.98	1.0	0.98	0.96	0.98	0.96	0.94	0.96	0.96	0.98	1.0	1.0	1.0
14250	0.96	0.96	1.0	0.98	1.0	0.98	0.96	0.98	0.96	0.92	0.96	0.94	0.98	1.0	1.0	1.0
14300	0.96	0.96	1.0	0.98	1.0	0.98	0.96	0.98	0.96	0.92	0.96	0.94	0.98	1.0	1.0	1.0
14350	0.96	0.94	1.0	0.98	1.0	0.98	0.96	0.98	0.96	0.92	0.96	0.96	0.98	1.0	1.0	1.0
14400	0.94	0.94	1.0	0.98	1.0	0.98	0.96	0.98	0.96	0.92	0.94	0.96	0.98	1.0	0.98	1.0
14450	0.94	0.94	1.0	0.96	1.0	0.98	0.96	0.98	0.94	0.94	0.92	0.96	0.96	1.0	0.98	1.0
14500	0.94	0.94	1.0	0.96	1.0	0.98	0.96	0.96	0.94	0.94	0.92	0.96	0.96	1.0	0.98	1.0
14550	0.94	0.94	1.0	0.96	1.0	1.0	0.96	0.96	0.94	0.94	0.92	0.96	0.96	1.0	0.98	1.0
14600	0.94	0.94	1.0	0.96	1.0	1.0	0.96	0.96	0.94	0.94	0.92	0.96	0.96	1.0	0.98	1.0
14650	0.94	0.94	1.0	0.96	1.0	1.0	0.96	0.96	0.94	0.94	0.92	0.96	0.96	1.0	0.96	1.0
14700	0.94	0.94	1.0	0.96	1.0	1.0	0.96	0.96	0.94	0.9	0.92	0.96	0.96	1.0	0.96	1.0
14750	0.94	0.92	1.0	0.96	1.0	1.0	0.96	0.96	0.94	0.92	0.92	0.96	0.98	1.0	0.96	1.0
14800	0.94	0.94	1.0	0.96	1.0	1.0	0.96	0.96	0.94	0.92	0.92	0.96	0.98	1.0	0.96	1.0
14850	0.96	0.96	1.0	0.96	1.0	1.0	0.96	0.96	0.94	0.9	0.92	0.98	0.98	1.0	0.96	1.0
14900	0.96	0.96	1.0	0.96	1.0	1.0	0.98	0.96	0.92	0.9	0.94	0.98	0.98	1.0	0.96	1.0
14950	0.96	0.96	1.0	0.96	0.98	1.0	0.98	0.96	0.92	0.9	0.94	0.98	0.98	1.0	0.96	1.0
15000	0.98	0.96	1.0	0.96	0.98	1.0	0.98	0.94	0.94	0.92	0.94	1.0	0.98	1.0	0.96	1.0
15050	0.98	0.96	1.0	0.96	0.98	1.0	0.98	0.94	0.94	0.92	0.94	1.0	0.98	1.0	0.96	1.0
15100	1.0	0.98	1.0	0.96	0.98	1.0	0.98	0.94	0.96	0.92	0.96	1.0	0.98	1.0	0.96	1.0
15150	1.0	0.98	1.0	0.96	0.98	1.0	0.98	0.94	0.96	0.92	0.96	1.0	1.0	1.0	0.96	1.0
15200	1.0	0.98	1.0	0.98	0.98	1.0	0.98	0.96	0.96	0.92	0.98	1.0	1.0	1.0	0.96	1.0
15250	1.0	0.98	1.0	0.96	0.98	1.0	0.98	0.96	0.96	0.92	0.98	1.0	1.0	1.0	0.98	1.0
15300	1.0	0.98	1.0	0.94	0.98	1.0	0.98	0.96	0.96	0.92	0.98	1.0	1.0	1.0	0.98	1.0
15350	1.0	0.98	1.0	0.94	0.98	1.0	0.98	0.96	0.98	0.92	0.98	1.0	1.0	1.0	0.98	1.0
15400	1.0	0.98	1.0	0.96	0.98	1.0	0.98	0.96	0.98	0.9	0.98	1.0	1.0	1.0	0.98	1.0
15450	1.0	1.0	1.0	0.96	0.98	1.0	0.98	0.96	0.98	0.94	0.98	1.0	1.0	1.0	1.0	1.0
15500	1.0	1.0	1.0	0.94	0.98	1.0	1.0	0.96	0.98	0.94	0.98	1.0	1.0	1.0	0.98	1.0
15550	1.0	1.0	1.0	0.94	0.98	1.0	1.0	0.96	0.98	0.94	0.98	1.0	1.0	1.0	0.98	1.0
15600	1.0	1.0	1.0	0.94	0.98	1.0	1.0	0.96	0.98	0.94	1.0	0.98	1.0	1.0	0.98	1.0
15650	1.0	1.0	1.0	0.94	0.98	1.0	1.0	0.96	0.98	0.98	1.0	0.98	1.0	1.0	0.98	1.0
15700	1.0	1.0	1.0	0.94	0.98	1.0	1.0	0.96	1.0	0.98	1.0	0.98	1.0	1.0	0.98	1.0
15750	1.0	1.0	1.0	0.94	0.96	1.0	1.0	0.98	1.0	0.98	1.0	0.96	1.0	1.0	0.98	1.0
15800	1.0	1.0	1.0	0.94	0.96	1.0	1.0	1.0	1.0	0.98	1.0	0.96	1.0	1.0	0.98	1.0
15850	1.0	1.0	1.0	0.94	0.94	1.0	1.0	1.0	1.0	0.98	1.0	0.96	1.0	1.0	0.98	1.0
15900	1.0	1.0	1.0	0.94	0.94	1.0	1.0	1.0	1.0	0.98	1.0	0.96	1.0	1.0	0.98	1.0
15950	1.0	1.0	1.0	0.94	0.94	1.0	0.98	1.0	1.0	0.98	1.0	0.96	1.0	1.0	0.98	0.98
16000	1.0	1.0	1.0	0.94	0.94	1.0	0.96	1.0	1.0	0.98	1.0	0.94	1.0	1.0	0.98	0.98
16050	1.0	1.0	1.0	0.94	0.94	1.0	0.96	1.0	1.0	0.98	1.0	0.94	1.0	1.0	0.96	0.98
16100	1.0	1.0	1.0	0.94	0.94	1.0	0.94	0.98	1.0	0.98	1.0	0.94	1.0	1.0	0.96	0.98
16150	1.0	0.98	1.0	0.94	0.94	1.0	0.94	0.98	1.0	0.98	1.0	0.94	1.0	1.0	0.96	0.98
16200	1.0	0.98	1.0	0.96	0.94	1.0	0.94	0.98	1.0	0.98	1.0	0.94	1.0	1.0	0.96	0.98
16250	1.0	0.98	1.0	0.98	0.94	1.0	0.94	0.98	1.0	0.98	1.0	0.94	0.98	1.0	0.96	0.98
16300	1.0	0.98	1.0	1.0	0.94	1.0	0.92	0.98	1.0	0.98	1.0	0.94	0.96	1.0	0.96	0.98
16350	1.0	0.98	1.0	1.0	0.94	1.0	0.9	0.98	1.0	0.98	1.0	0.96	0.96	0.98	0.96	0.98
16400	1.0	0.98	1.0	1.0	0.98	1.0	0.9	0.98	1.0	0.98	1.0	0.96	0.96	0.98	0.96	0.98
16450	1.0	0.96	1.0	0.98	0.98	1.0	0.9	0.98	1.0	0.98	1.0	0.96	0.96	0.98	0.96	0.98
16500	1.0	0.96	1.0	0.96	0.98	0.98	0.9	0.98	1.0	0.98	1.0	0.98	0.96	0.98	0.96	0.98
16550	1.0	0.96	1.0	0.96	0.98	0.98	0.9	0.98	1.0	0.98	1.0	0.98	0.94	0.98	0.96	0.98
16600	1.0	0.96	1.0	0.96	0.98	0.98	0.9	0.98	1.0	0.98	1.0	0.98	0.94	0.98	0.96	0.98
16650	1.0	0.96	0.98	0.96	1.0	0.98	0.9	0.98	1.0	0.98	1.0	0.98	0.94	0.98	0.98	0.98
16700	1.0	0.96	0.98	0.96	1.0	0.96	0.92	0.98	1.0	0.98	1.0	0.98	0.94	0.98	0.98	0.98
16750	1.0	0.96	0.98	0.96	1.0	0.96	0.94	0.98	1.0	1.0	1.0	0.98	0.94	0.98	0.96	1.0
16800	1.0	0.96	0.96	0.94	1.0	0.96	0.96	0.98	1.0	1.0	1.0	1.0	0.94	0.98	0.96	1.0
16850	1.0	0.96	0.94	0.94	1.0	0.96	0.96	0.98	1.0	1.0	1.0	1.0	0.96	0.98	0.96	1.0
16900	1.0	0.94	0.94	0.94	1.0	0.96	0.96	0.98	1.0	1.0	1.0	1.0	0.96	0.98	0.96	1.0
16950	1.0	0.96	0.94	0.94	1.0	0.96	0.96	0.98	1.0	1.0	1.0	1.0	0.98	0.98	0.96	1.0
17000	1.0	0.96	0.94	0.94	1.0	0.96	1.0	0.98	1.0	1.0	1.0	0.98	0.98	0.98	0.96	1.0
17050	1.0	0.94	0.94	0.92	1.0	0.96	1.0	0.98	1.0	1.0	1.0	0.98	0.96	0.98	0.96	1.0
17100	1.0	0.94	0.94	0.92	1.0	0.96	1.0	0.98	1.0	1.0	1.0	0.98	0.96	0.98	0.96	1.0
17150	1.0	0.94	0.94	0.94	1.0	0.96	1.0	0.98	1.0	1.0	1.0	0.98	0.98	0.98	0.96	1.0
17200	1.0	0.94	0.94	0.96	1.0	0.96	1.0	0.98	1.0	1.0	1.0	0.98	0.98	0.98	0.96	1.0
17250	1.0	0.94	0.94	0.96	1.0	0.98	1.0	0.98	1.0	1.0	1.0	0.98	0.98	0.98	0.96	1.0
17300	1.0	0.96	0.94	0.96	1.0	0.98	1.0	0.98	1.0	1.0	1.0	0.98	0.98	1.0	0.96	1.0
17350	1.0	0.94	0.96	0.96	1.0	0.98	1.0	0.98	1.0	1.0	1.0	0.96	0.98	1.0	0.96	1.0
17400	1.0	0.94	0.96	0.96	1.0	0.98	1.0	0.98	1.0	1.0	1.0	0.96	0.98	1.0	0.98	1.0
17450	1.0	0.94	0.96	0.96	1.0	1.0	1.0	0.96	1.0	1.0	1.0	0.94	0.98	1.0	0.98	1.0
17500	1.0	0.94	0.96	0.96	1.0	1.0	1.0	0.98	1.0	1.0	1.0	0.94	0.98	1.0	0.98	1.0
17550	0.98	0.94	0.98	0.96	1.0	0.98	1.0	0.98	1.0	1.0	1.0	0.94	0.98	1.0	0.96	1.0
17600	0.98	0.92	1.0	0.96	1.0	0.98	1.0	0.98	1.0	1.0	1.0	0.96	0.98	1.0	0.98	1.0
17650	0.98	0.92	0.98	0.98	1.0	0.98	1.0	0.98	1.0	1.0	1.0	0.96	0.98	1.0	0.98	1.0
17700	0.96	0.94	0.96	0.96	1.0	0.98	1.0	0.98	1.0	1.0	1.0	0.96	0.98	1.0	0.98	1.0
17750	0.96	0.94	0.96	0.94	1.0	0.98	1.0	0.98	1.0	1.0	1.0	0.96	0.98	1.0	0.98	1.0
17800	0.94	0.94	0.96	0.94	1.0	0.98	1.0	0.98	1.0	1.0	1.0	0.96	0.98	1.0	0.98	1.0
17850	0.94	0.96	0.96	0.94	1.0	0.98	1.0	0.98	1.0	1.0	1.0	0.96	1.0	1.0	0.98	1.0
17900	0.94	0.96	0.96	0.92	1.0	0.98	1.0	0.98	1.0	1.0	1.0	0.96	1.0	1.0	0.98	1.0
17950	0.94	0.96	0.96	0.92	1.0	0.96	1.0	0.98	1.0	1.0	1.0	0.96	1.0	1.0	0.98	1.0
18000	0.94	0.98	0.96	0.94	1.0	0.96	1.0	0.98	1.0	1.0	1.0	0.96	1.0	1.0	0.98	1.0
18050	0.94	0.98	0.96	0.94	1.0	0.96	0.98	0.98	1.0	1.0	1.0	0.96	1.0	1.0	0.98	1.0
18100	0.94	0.98	0.96	0.94	0.98	0.96	0.98	0.98	1.0	1.0	1.0	0.96	1.0	1.0	0.98	1.0
18150	0.94	0.98	0.96	0.94	0.98	0.94	0.98	1.0	1.0	1.0	1.0	0.96	1.0	1.0	0.98	1.0
18200	0.94	0.98	0.96	0.94	0.98	0.94	0.98	1.0	1.0	1.0	1.0	0.98	1.0	1.0	0.98	1.0
18250	0.96	0.98	0.94	0.94	0.96	0.94	0.98	1.0	1.0	1.0	1.0	0.98	1.0	1.0	0.98	1.0
18300	0.96	1.0	0.96	0.94	0.96	0.94	0.98	1.0	1.0	1.0	1.0	1.0	1.0	1.0	0.98	1.0
18350	0.96	1.0	0.98	0.94	0.96	0.96	0.98	1.0	1.0	1.0	1.0	1.0	1.0	1.0	1.0	1.0
18400	0.96	1.0	0.96	0.96	0.96	0.96	0.96	1.0	1.0	1.0	1.0	1.0	0.96	1.0	1.0	1.0
18450	0.96	1.0	0.96	0.98	0.96	0.96	0.96	1.0	1.0	1.0	1.0	1.0	0.96	1.0	1.0	1.0
18500	0.98	1.0	0.96	0.98	0.96	0.96	0.96	1.0	1.0	1.0	1.0	1.0	0.96	1.0	0.96	1.0
18550	1.0	1.0	0.96	0.98	0.96	0.96	0.96	1.0	1.0	1.0	1.0	1.0	0.96	1.0	0.94	1.0
18600	1.0	1.0	0.96	0.98	0.98	0.96	0.96	1.0	1.0	1.0	1.0	1.0	0.96	1.0	0.94	1.0
18650	1.0	1.0	0.96	1.0	0.98	0.94	0.96	1.0	1.0	1.0	1.0	1.0	0.96	1.0	0.94	1.0
18700	1.0	1.0	0.96	1.0	0.98	0.94	0.96	1.0	1.0	1.0	1.0	1.0	0.96	1.0	0.94	1.0
18750	1.0	1.0	0.96	1.0	0.98	0.94	0.96	1.0	1.0	1.0	1.0	1.0	0.96	1.0	0.94	0.98
18800	1.0	1.0	0.96	1.0	0.98	0.94	0.96	1.0	1.0	1.0	1.0	1.0	0.96	1.0	0.94	0.98
18850	1.0	1.0	0.96	1.0	1.0	0.92	0.96	1.0	1.0	1.0	1.0	1.0	0.96	1.0	0.94	0.98
18900	1.0	1.0	0.94	1.0	1.0	0.9	0.94	1.0	1.0	1.0	1.0	1.0	0.96	1.0	0.94	0.96
18950	1.0	1.0	0.96	1.0	1.0	0.92	0.92	1.0	1.0	1.0	1.0	1.0	0.96	1.0	0.94	0.96
19000	1.0	1.0	0.96	1.0	1.0	0.92	0.94	1.0	1.0	1.0	1.0	1.0	0.96	1.0	0.94	0.96
19050	1.0	1.0	0.96	1.0	0.98	0.92	0.94	1.0	1.0	1.0	1.0	1.0	1.0	1.0	0.94	0.96
19100	1.0	1.0	0.98	1.0	0.98	0.92	0.94	1.0	1.0	1.0	1.0	1.0	0.96	1.0	0.94	0.96
19150	1.0	1.0	0.96	1.0	0.98	0.94	0.94	1.0	1.0	1.0	1.0	1.0	0.96	1.0	0.94	0.96
19200	1.0	1.0	0.96	1.0	0.98	0.94	0.94	1.0	1.0	1.0	1.0	1.0	0.96	1.0	0.94	0.96
19250	1.0	1.0	0.94	1.0	0.98	0.94	0.96	1.0	1.0	1.0	0.98	1.0	0.96	1.0	0.98	0.96
19300	1.0	1.0	0.92	1.0	0.98	0.94	0.96	1.0	1.0	1.0	0.98	1.0	0.96	1.0	0.98	0.96
19350	1.0	1.0	0.92	1.0	0.98	0.94	0.96	1.0	1.0	1.0	0.98	1.0	0.96	0.98	0.98	0.96
19400	1.0	1.0	0.92	1.0	0.98	0.94	0.96	1.0	1.0	1.0	0.98	1.0	0.96	0.98	0.98	0.98
19450	1.0	1.0	0.92	1.0	0.98	0.94	0.96	1.0	1.0	1.0	0.98	1.0	0.96	0.98	0.98	0.98
19500	1.0	1.0	0.94	1.0	0.98	0.94	0.96	1.0	1.0	1.0	0.98	1.0	0.96	0.98	0.98	0.98
19550	1.0	1.0	0.92	1.0	0.98	0.94	0.96	1.0	1.0	1.0	0.98	1.0	0.94	0.98	0.98	0.98
19600	1.0	1.0	0.92	1.0	0.98	0.96	0.96	1.0	1.0	1.0	0.96	1.0	0.94	0.98	0.98	0.98
19650	1.0	1.0	0.92	1.0	0.98	0.96	0.96	1.0	1.0	1.0	0.96	1.0	0.94	0.98	0.98	0.98
19700	1.0	1.0	0.92	1.0	0.98	0.98	0.98	1.0	0.98	1.0	0.96	1.0	0.94	0.98	0.98	0.98
19750	1.0	1.0	0.92	1.0	0.98	1.0	1.0	1.0	0.98	1.0	0.96	1.0	0.94	0.98	0.98	0.98
19800	0.98	1.0	0.92	0.98	1.0	1.0	1.0	1.0	0.98	1.0	0.96	1.0	0.94	0.98	0.98	0.96
19850	0.98	1.0	0.92	0.98	1.0	1.0	1.0	1.0	0.98	1.0	0.98	1.0	0.94	0.98	0.98	0.96
19900	0.98	1.0	0.92	0.98	1.0	1.0	1.0	1.0	0.98	1.0	0.98	1.0	0.96	0.96	0.98	0.96
19950	0.98	1.0	0.94	0.98	1.0	1.0	1.0	1.0	0.96	1.0	0.98	1.0	0.96	0.96	0.98	0.96
20000	0.98	1.0	0.94	0.98	1.0	1.0	1.0	1.0	0.96	1.0	0.98	1.0	0.96	0.96	1.0	0.96
