0	0	0	0	0	0	0	0	0	0	0	0	0	0	0	0	0	0
50	9	5	1	1	3	0	1	1	3	2	2	3	3	2	2	3	10
100	9	7	4	3	4	0	3	3	3	5	4	4	5	4	3	5	10
150	9	7	4	6	5	2	5	5	5	5	5	5	5	5	4	5	11
200	11	7	5	6	5	4	5	5	7	5	6	5	5	6	6	5	14
250	13	7	6	7	5	6	5	5	8	6	7	5	6	6	6	5	15
300	13	7	7	7	6	6	6	5	8	7	7	5	7	6	6	5	16
350	13	7	7	8	6	6	6	5	9	7	7	6	7	6	6	5	17
400	13	7	7	8	7	6	6	5	9	7	7	7	8	6	6	5	19
450	13	7	7	8	7	7	8	5	8	7	7	7	8	6	6	5	19
500	13	7	7	8	7	7	8	6	8	7	7	8	8	6	7	5	19
550	13	7	7	8	7	7	8	7	8	8	7	8	9	6	8	6	20
600	13	7	9	8	7	7	8	8	10	8	7	8	9	8	8	6	22
650	13	7	9	8	7	8	8	8	10	8	7	8	9	8	8	7	23
700	13	7	8	8	8	8	8	8	10	8	7	8	9	8	8	7	23
750	13	7	8	8	9	8	8	9	10	8	8	8	9	8	8	7	25
800	13	7	8	8	9	8	8	9	10	8	8	8	9	8	9	7	24
850	13	7	8	8	10	8	8	9	10	8	8	8	9	8	9	8	24
900	13	8	8	8	10	8	8	8	10	8	7	8	9	8	9	8	24
950	13	8	8	8	10	8	8	8	9	8	7	8	9	8	9	8	23
1000	13	8	8	8	9	8	8	8	9	8	7	8	9	8	9	8	22
1050	14	8	8	8	9	8	8	10	10	8	7	8	8	8	9	8	25
1100	15	8	8	8	9	8	9	10	10	8	7	8	8	8	9	8	27
1150	15	8	8	8	9	8	9	11	10	8	8	9	8	8	9	8	27
1200	15	8	8	8	9	8	9	10	10	8	8	9	8	8	9	8	25
1250	15	8	9	8	9	8	9	10	10	8	8	9	8	8	9	8	25
1300	15	9	9	8	9	8	9	8	10	8	9	9	8	8	9	8	26
1350	15	9	9	8	9	8	9	7	11	8	10	9	8	9	9	8	25
1400	15	9	9	9	9	8	8	8	11	8	10	9	8	9	9	8	26
1450	16	9	9	9	10	8	9	8	11	8	10	9	8	9	8	8	27
1500	18	9	9	9	10	8	9	8	11	8	10	9	8	9	9	8	29
1550	19	9	10	10	10	8	9	9	11	7	11	10	8	9	9	8	32
1600	19	9	10	10	11	10	9	9	11	7	11	10	8	9	10	8	33
1650	19	9	10	10	11	10	10	9	11	7	11	10	7	9	10	8	34
1700	19	9	11	10	11	12	10	9	11	7	11	10	7	9	10	8	35
1750	20	9	11	10	12	12	10	9	10	7	11	10	7	9	10	8	35
1800	20	9	12	10	12	12	10	8	10	8	11	10	8	9	10	9	35
1850	20	9	12	10	13	12	10	8	10	7	11	10	8	10	10	9	33
1900	20	9	12	10	14	12	11	8	12	7	11	10	8	10	10	9	36
1950	20	9	12	10	15	12	11	8	12	7	11	10	8	10	10	9	36
2000	20	9	12	10	14	12	11	9	13	7	11	10	8	10	10	9	37
2050	21	9	12	10	14	12	11	9	14	7	11	10	8	10	10	9	37
2100	22	10	12	10	14	12	11	9	14	7	12	10	8	11	10	9	40
2150	22	10	12	11	14	13	12	9	15	7	12	10	8	11	11	9	40
2200	24	10	13	12	14	13	11	10	12	8	12	10	8	11	11	9	42
2250	23	10	15	12	14	13	11	10	12	8	12	10	8	11	12	9	42
2300	23	10	15	12	14	13	11	10	12	8	12	10	8	11	12	9	41
2350	24	9	15	12	15	14	11	10	12	8	12	11	10	11	12	9	43
2400	25	9	15	12	15	14	11	10	12	8	12	11	10	11	12	9	44
2450	26	9	15	12	15	14	11	10	12	8	12	11	11	12	12	9	46
2500	26	9	15	12	15	14	11	11	11	9	12	11	12	12	12	9	46
2550	26	9	15	12	16	14	11	11	11	9	12	11	12	11	12	9	46
2600	26	9	15	12	16	14	10	11	11	9	12	11	12	11	13	9	45
2650	27	9	15	12	16	14	10	11	11	10	12	11	12	12	13	9	47
2700	28	9	15	13	15	15	10	11	11	10	12	11	12	12	13	9	50
2750	31	9	15	13	15	15	11	11	12	10	12	11	13	12	14	9	54
2800	31	8	15	13	15	15	12	13	13	10	13	11	11	12	14	10	55
2850	32	9	15	13	16	15	12	13	13	10	13	11	11	12	14	10	56
2900	33	9	16	13	16	15	12	13	13	10	13	11	11	12	13	10	57
2950	34	9	16	13	15	15	12	13	15	10	13	11	11	12	13	11	58
3000	34	9	16	13	16	15	12	13	16	10	13	11	12	12	13	11	57
3050	35	11	16	14	16	15	12	13	16	10	13	11	13	11	13	11	58
3100	35	11	16	13	16	15	13	14	16	10	13	11	13	12	13	11	57
3150	34	11	16	13	16	16	13	14	16	10	13	11	13	12	14	11	58
3200	34	11	16	13	16	16	13	14	16	10	13	11	13	12	14	11	57
3250	34	11	16	14	16	16	13	13	16	10	13	11	14	12	14	11	56
3300	34	12	17	14	16	17	14	13	17	11	13	11	14	11	14	11	56
3350	34	12	17	14	16	17	14	13	17	12	13	11	13	11	14	12	56
3400	34	12	17	14	16	17	14	13	17	13	13	11	12	10	14	12	56
3450	33	13	17	14	17	17	14	13	17	13	12	11	12	10	14	12	55
3500	32	13	18	14	16	17	13	13	17	13	12	12	12	10	14	12	55
3550	32	13	18	14	16	17	13	13	18	14	12	12	11	11	14	12	57
3600	32	13	18	14	16	17	13	13	18	15	12	12	11	11	14	13	58
3650	32	12	18	15	16	17	13	12	18	15	12	12	11	13	14	13	58
3700	33	12	19	15	16	17	13	14	18	15	12	12	11	13	14	14	59
3750	33	12	19	15	16	17	13	14	18	15	12	12	11	13	14	14	59
3800	33	12	19	15	17	17	13	14	18	15	12	12	11	14	15	14	60
3850	33	12	19	14	17	17	13	14	18	15	12	12	11	14	16	14	59
3900	33	13	19	14	17	17	14	14	18	16	12	13	11	14	16	14	60
3950	33	13	19	13	17	17	14	14	19	17	12	14	11	13	14	15	61
4000	33	13	19	13	17	17	14	14	17	18	12	14	11	13	14	14	61
4050	32	14	19	13	17	17	14	15	18	19	12	14	11	13	14	14	61
4100	32	14	19	13	17	16	14	14	19	19	12	14	11	14	14	14	61
4150	32	14	19	13	17	16	14	15	19	19	12	15	11	14	14	14	61
4200	32	14	19	13	17	16	14	15	20	19	13	15	11	14	14	14	61
4250	32	14	19	13	17	16	14	15	21	19	13	15	10	14	14	14	61
4300	32	14	19	13	17	16	15	14	21	19	13	15	11	14	14	14	63
4350	32	14	19	13	17	16	16	14	21	19	13	15	12	14	14	14	63
4400	32	14	19	14	17	16	16	14	21	19	13	15	12	15	14	14	64
4450	32	14	19	14	17	16	16	13	21	19	14	16	13	15	14	14	64
4500	31	14	19	14	17	16	17	13	21	20	14	16	13	15	14	13	65
4550	31	14	19	14	18	16	17	13	20	20	14	16	12	15	14	14	66
4600	30	14	19	14	18	17	18	13	20	20	14	16	12	15	14	14	66
4650	30	14	19	14	18	17	18	13	20	20	15	16	12	15	14	14	68
4700	30	15	19	14	19	17	18	13	20	20	15	16	12	15	14	14	69
4750	30	15	19	12	19	17	18	13	18	20	15	16	12	15	14	14	69
4800	30	15	19	13	19	17	19	13	18	20	15	16	12	15	14	14	70
4850	29	15	19	13	19	17	19	13	18	20	14	16	13	16	14	14	69
4900	30	15	19	12	19	17	19	13	16	20	14	16	14	15	16	15	67
4950	31	15	19	12	19	16	19	15	16	20	14	16	14	16	16	15	69
5000	31	15	19	12	19	16	19	15	15	20	14	17	14	16	16	16	68
5050	33	15	20	12	19	16	19	17	16	20	14	17	14	16	16	16	69
5100	33	15	20	11	19	17	19	17	16	20	14	17	14	16	16	16	70
5150	33	16	20	11	19	17	19	17	16	20	14	17	14	16	16	19	72
5200	33	16	20	11	19	18	19	17	15	19	14	17	14	16	16	19	72
5250	33	15	20	11	19	18	19	17	15	19	14	17	14	16	16	19	71
5300	33	15	20	11	19	18	19	17	15	19	14	17	14	16	16	19	71
5350	33	15	20	11	19	19	19	17	15	19	14	17	14	16	16	19	72
5400	33	15	20	12	19	20	20	18	15	19	14	17	15	16	16	19	75
5450	33	15	20	12	18	20	20	18	15	19	15	17	16	16	16	18	75
5500	34	15	20	12	18	20	20	17	15	19	15	17	16	16	16	18	75
5550	34	15	20	12	18	21	20	17	15	19	16	17	16	16	16	17	76
5600	34	15	20	12	18	21	20	16	15	19	17	17	16	17	16	17	77
5650	33	16	20	12	18	21	20	16	15	19	17	17	16	17	16	17	77
5700	33	17	20	12	18	21	20	16	15	19	17	17	16	18	16	17	78
5750	33	17	20	12	18	22	21	16	15	19	17	17	16	17	16	17	78
5800	33	18	20	11	18	22	21	16	16	19	17	17	16	17	16	17	79
5850	32	18	20	11	18	22	21	16	16	19	17	17	16	17	16	17	79
5900	32	18	20	11	18	22	21	15	16	19	17	17	16	17	16	17	79
5950	32	18	20	11	18	22	21	15	16	19	17	17	16	17	16	17	79
6000	32	18	20	11	18	22	21	15	17	19	17	17	17	17	16	17	80
6050	32	18	20	11	18	22	21	16	17	19	17	17	17	17	16	17	81
6100	32	18	20	11	19	22	21	16	17	19	17	17	17	17	16	17	81
6150	32	18	20	11	19	22	22	16	17	19	17	17	17	17	16	17	82
6200	32	18	20	11	20	22	22	17	17	19	17	17	17	17	16	17	83
6250	32	18	20	11	20	22	21	17	17	19	17	17	17	17	16	17	83
6300	31	18	20	11	20	21	21	17	16	19	17	17	17	17	16	15	82
6350	31	17	20	11	20	21	21	17	16	19	15	17	17	17	16	14	80
6400	32	17	20	12	20	21	21	17	16	19	15	17	17	17	16	14	82
6450	33	17	20	12	20	21	21	17	17	19	15	17	17	17	16	14	85
6500	34	18	20	12	20	21	21	17	18	19	15	17	17	17	16	15	85
6550	35	18	20	13	20	21	21	17	18	19	15	17	17	17	16	15	86
6600	36	18	20	13	20	21	21	17	18	19	15	17	17	18	16	15	87
6650	37	18	20	13	20	21	21	17	17	19	15	17	18	18	16	15	88
6700	38	19	20	14	20	21	22	17	17	19	15	17	18	18	16	16	91
6750	38	20	20	14	20	21	22	18	17	19	15	18	18	18	16	16	93
6800	39	20	20	14	20	21	22	19	18	19	15	18	18	18	16	17	93
6850	39	20	20	15	20	21	22	19	18	19	15	18	18	19	16	17	94
6900	39	20	20	16	20	21	22	19	18	19	15	18	18	19	16	17	94
6950	39	20	20	16	20	21	22	19	18	20	15	19	18	19	16	17	95
7000	40	20	20	16	20	21	22	17	18	20	16	19	18	20	16	17	94
7050	38	20	20	16	19	21	22	18	18	20	16	19	18	20	16	17	94
7100	37	20	20	16	19	21	22	18	18	20	16	19	18	20	16	17	94
7150	39	20	20	17	19	21	22	18	18	20	16	19	18	21	16	17	96
7200	40	20	20	17	19	21	22	18	18	20	16	19	18	21	16	17	94
7250	38	20	20	17	19	21	22	18	18	20	16	19	18	21	16	17	93
7300	38	20	20	17	19	21	22	18	18	20	17	19	18	21	16	17	93
7350	37	20	20	17	19	21	22	18	18	20	17	19	18	21	16	17	93
7400	37	20	20	17	19	21	22	17	18	20	17	19	18	21	16	17	92
7450	37	20	20	17	19	22	22	17	17	20	17	19	18	21	16	17	92
7500	38	20	20	16	19	22	22	17	17	20	17	19	18	21	16	17	93
7550	38	20	20	16	19	22	22	17	17	20	17	19	18	21	16	17	93
7600	38	20	20	15	19	22	22	17	17	20	17	19	18	21	16	17	93
7650	38	20	20	15	19	22	21	17	17	20	17	19	18	21	16	17	93
7700	38	20	20	15	19	22	21	17	17	20	18	19	18	20	16	17	95
7750	38	20	20	15	19	22	21	17	18	20	18	19	18	20	16	17	96
7800	38	21	20	15	19	22	21	17	18	20	18	19	18	20	16	17	98
7850	38	21	20	15	19	22	21	17	18	20	18	19	17	20	16	17	98
7900	38	21	20	15	19	22	21	18	18	20	18	19	17	20	16	17	98
7950	38	21	20	15	19	22	21	18	18	20	18	19	17	20	16	17	98
8000	38	21	20	15	19	22	21	18	18	20	18	19	17	20	16	17	98
8050	38	22	20	15	19	22	21	18	18	20	18	19	17	20	16	17	98
8100	39	22	20	15	19	22	21	18	18	20	18	19	17	20	16	17	98
8150	40	22	20	15	19	22	21	19	18	20	18	19	17	20	16	17	99
8200	40	22	20	15	19	22	21	19	18	20	18	19	17	20	16	17	99
8250	40	22	20	15	19	22	21	19	18	20	18	19	18	20	16	17	100
8300	39	22	20	15	19	22	21	19	18	20	18	19	18	20	16	17	100
8350	38	22	20	15	19	22	21	19	18	19	18	19	18	19	16	17	99
8400	38	22	20	15	19	22	21	19	18	18	18	19	18	18	16	17	98
8450	37	22	20	16	19	22	20	19	18	17	18	19	18	18	16	17	98
8500	37	22	20	16	19	22	20	19	18	17	18	19	19	18	16	17	98
8550	36	22	20	16	19	23	20	19	18	17	18	19	19	18	16	17	98
8600	36	22	20	16	19	23	20	19	18	17	19	19	19	18	16	17	100
8650	38	22	20	16	19	23	21	20	18	17	19	19	19	18	16	17	102
8700	40	22	20	16	19	23	21	20	18	17	20	19	19	18	16	17	104
8750	42	22	20	16	19	23	21	20	19	17	19	19	19	18	16	17	106
8800	42	22	20	16	19	23	21	21	19	17	19	19	19	18	16	17	107
8850	41	22	20	16	18	23	21	21	19	17	19	18	19	19	16	17	107
8900	41	22	20	16	18	23	21	19	19	17	19	18	19	18	15	17	106
8950	42	22	20	16	18	23	21	19	19	17	19	18	19	19	15	18	108
9000	42	22	20	17	17	23	21	20	19	17	19	18	19	20	15	18	109
9050	42	22	20	17	17	23	21	20	19	17	19	18	19	21	15	18	109
9100	42	22	20	17	17	23	21	20	19	17	20	18	19	21	15	18	109
9150	42	22	20	17	17	23	21	20	19	17	20	18	19	21	15	16	107
9200	42	22	20	17	17	23	21	20	19	17	20	18	19	21	15	16	107
9250	42	22	20	17	17	23	21	20	19	17	20	18	19	21	15	16	106
9300	44	22	20	18	17	23	21	20	19	17	19	18	19	21	15	16	109
9350	43	22	20	18	17	23	21	20	19	17	19	18	19	21	15	15	109
9400	43	22	20	17	17	23	21	20	18	17	19	18	19	21	15	16	107
9450	43	21	20	16	17	23	21	20	18	17	19	18	19	21	15	16	107
9500	43	21	20	15	17	23	21	20	19	17	19	18	19	21	15	16	107
9550	43	21	20	15	17	23	21	20	19	17	19	18	19	21	15	16	107
9600	43	21	20	15	17	22	21	20	19	17	19	18	19	21	15	16	107
9650	43	20	20	15	17	22	21	20	19	17	19	18	19	21	15	16	106
9700	43	20	20	15	17	22	21	20	19	17	19	18	19	21	15	16	107
9750	43	20	20	15	17	22	21	20	19	17	19	18	19	21	15	16	107
9800	42	20	20	15	17	22	21	20	19	17	19	18	19	21	15	16	105
9850	41	20	20	15	16	22	21	20	19	17	18	18	19	21	15	16	102
9900	41	20	20	15	16	22	21	20	19	17	18	18	19	21	15	16	102
9950	40	20	20	15	16	22	21	20	19	17	18	18	19	21	15	16	101
10000	40	20	20	15	16	22	21	20	19	17	18	18	19	21	15	16	100
10050	45	20	20	15	17	22	22	20	19	17	18	18	19	21	15	16	104
10100	45	20	22	16	17	22	22	20	21	17	18	19	19	21	15	17	106
10150	46	20	22	16	17	22	23	20	21	17	18	19	20	22	15	17	106
10200	46	20	23	16	17	22	23	21	21	18	18	20	20	22	15	17	108
10250	46	21	23	16	17	21	23	21	21	18	19	21	20	23	15	17	105
10300	46	22	23	17	18	22	23	22	21	18	19	21	20	23	16	17	107
10350	46	22	24	17	18	22	23	22	20	18	19	22	20	23	16	17	106
10400	46	22	24	17	18	22	23	22	20	18	20	22	20	24	16	17	106
10450	47	22	23	19	18	22	23	22	20	19	20	22	20	24	16	18	105
10500	49	22	23	19	18	21	24	22	21	19	20	22	20	25	16	18	109
10550	48	23	23	19	19	21	24	23	21	20	20	22	20	25	16	18	111
10600	47	23	23	19	19	21	26	23	23	20	20	23	20	26	17	18	112
10650	46	23	24	19	20	21	26	24	24	21	21	23	20	26	18	18	113
10700	44	23	24	20	20	21	28	24	24	21	22	23	20	26	18	18	114
10750	44	24	25	19	20	21	28	24	24	21	22	23	21	26	18	18	116
10800	44	25	25	19	20	21	28	23	24	21	22	24	21	26	18	18	117
10850	44	25	25	19	20	22	28	23	24	22	22	24	20	26	18	18	119
10900	41	26	25	19	21	22	28	23	24	22	22	24	20	26	19	18	119
10950	43	26	25	19	21	22	28	24	24	22	22	25	20	26	19	18	122
11000	48	26	25	19	22	22	29	25	24	22	22	26	19	26	20	18	127
11050	48	26	25	20	22	23	29	25	25	22	22	26	19	26	21	20	128
11100	49	26	25	20	23	23	29	25	25	23	22	26	19	26	21	20	129
11150	49	27	25	21	23	23	29	26	25	23	22	26	21	26	22	21	130
11200	49	27	26	21	23	24	29	26	26	23	25	26	21	27	22	21	132
11250	49	28	26	21	23	24	29	26	26	24	25	27	22	27	22	21	133
11300	49	28	26	20	23	24	30	27	24	24	25	27	23	27	22	22	133
11350	51	28	26	20	24	24	30	27	24	22	25	28	23	27	22	23	134
11400	51	28	26	20	24	24	30	27	24	22	25	28	23	28	22	23	132
11450	50	28	26	20	25	24	30	27	25	22	25	28	24	28	22	23	131
11500	51	28	28	20	25	24	30	27	25	22	25	28	24	27	22	23	130
11550	50	29	29	21	25	24	30	27	25	22	25	28	24	28	22	23	130
11600	50	29	29	21	26	26	30	27	26	23	25	28	24	28	22	23	131
11650	52	29	29	22	26	26	30	28	26	23	26	28	26	28	22	23	133
11700	51	30	30	22	26	26	30	28	26	23	27	28	25	28	22	23	132
11750	51	30	32	22	26	26	29	29	26	23	27	27	25	28	22	23	133
11800	51	30	32	22	26	26	29	29	26	23	27	27	26	29	22	23	133
11850	51	30	33	23	28	26	30	29	26	23	27	27	25	29	23	23	135
11900	51	30	33	24	28	26	30	28	27	24	27	27	25	30	24	23	136
11950	50	30	33	25	28	26	30	29	27	24	28	27	26	30	24	23	135
12000	50	31	33	25	29	26	30	29	28	24	28	27	26	30	24	23	136
12050	49	31	33	26	28	27	30	30	28	24	29	27	26	31	24	23	138
12100	48	31	33	26	28	26	30	31	28	25	29	27	26	31	24	23	138
12150	50	31	33	28	28	26	30	31	28	25	29	27	26	31	24	23	141
12200	47	31	33	27	28	26	30	32	28	25	29	27	27	31	24	24	140
12250	46	31	33	26	28	26	30	32	28	25	29	27	27	31	24	25	140
12300	45	32	33	26	28	26	30	32	28	25	30	27	27	31	24	25	140
12350	45	32	33	26	28	26	30	32	29	25	30	27	27	32	24	25	141
12400	44	32	33	26	28	26	29	32	27	24	30	27	26	32	24	26	139
12450	44	32	33	26	28	26	29	32	27	25	31	27	26	32	24	26	139
12500	45	33	34	26	29	26	29	32	27	25	30	27	26	32	24	26	138
12550	45	33	34	26	29	26	29	32	27	25	30	27	26	32	24	26	138
12600	43	32	34	26	29	27	29	32	27	25	30	27	26	32	23	26	135
12650	44	32	34	26	29	27	29	32	27	25	30	28	26	32	23	27	136
12700	43	32	34	27	29	27	29	32	28	25	30	28	28	32	23	27	136
12750	45	32	34	27	29	27	29	32	29	25	30	28	28	32	23	28	139
12800	45	32	34	27	29	28	29	32	29	25	31	28	29	32	23	28	141
12850	46	32	34	27	29	28	29	32	29	25	31	28	29	32	23	29	141
12900	46	32	34	27	29	28	29	32	29	25	31	28	29	32	23	29	141
12950	46	32	34	27	30	28	29	32	30	25	31	28	29	34	23	29	142
13000	46	32	34	25	30	28	29	32	29	25	31	28	29	34	23	29	142
13050	47	32	34	25	30	28	29	32	29	25	31	28	30	34	23	28	144
13100	47	32	34	25	30	28	29	32	30	25	31	28	30	34	23	28	144
13150	47	32	34	25	30	28	29	32	30	25	31	28	30	35	23	29	145
13200	46	32	34	26	30	28	29	33	30	25	31	28	30	35	23	29	146
13250	45	32	34	27	30	28	29	34	31	25	31	28	30	35	23	29	149
13300	46	32	35	27	30	27	29	34	31	25	31	28	30	35	23	29	150
13350	45	32	35	28	30	27	29	34	32	25	31	28	30	36	23	29	151
13400	45	32	35	28	30	27	29	34	32	25	31	28	29	36	23	29	152
13450	44	32	35	28	30	26	29	35	32	25	31	28	29	36	23	29	152
13500	43	32	35	28	30	26	29	35	31	25	31	28	30	36	23	29	152
13550	43	32	35	27	30	26	29	35	31	25	31	28	30	36	23	29	151
13600	43	33	35	27	30	26	29	35	32	25	31	28	31	36	23	29	153
13650	42	33	35	26	30	26	29	35	32	25	31	28	31	36	23	29	153
13700	43	33	35	26	30	26	29	34	32	25	31	27	31	36	23	29	153
13750	43	33	35	26	30	26	29	34	31	25	31	27	30	36	23	29	154
13800	43	33	35	27	30	26	29	34	31	25	31	27	30	36	23	29	152
13850	43	33	36	27	30	26	29	33	31	25	31	27	30	37	23	29	154
13900	43	33	36	27	30	26	29	33	31	25	31	27	30	35	23	29	153
13950	43	33	36	27	30	26	29	33	31	25	31	27	30	35	23	29	153
14000	41	33	36	27	30	26	29	33	31	25	31	27	30	35	23	29	152
14050	41	33	36	27	30	26	29	34	31	25	31	27	30	35	23	31	154
14100	41	33	36	27	31	26	29	33	31	25	31	27	31	35	23	31	154
14150	41	33	36	27	31	26	28	33	31	25	31	27	31	35	23	31	153
14200	39	33	37	27	32	26	28	33	31	25	31	27	31	34	23	31	154
14250	41	33	37	26	32	26	28	33	31	25	31	27	31	34	23	31	155
14300	42	33	38	26	32	26	28	33	31	25	31	27	31	34	23	31	156
14350	42	33	38	25	33	26	28	33	31	27	31	27	31	34	24	31	156
14400	41	33	38	26	33	26	28	33	31	27	31	27	31	34	24	31	156
14450	41	33	38	26	33	26	28	34	31	27	31	27	31	34	24	31	157
14500	42	33	38	26	33	26	28	34	31	27	31	27	32	34	24	31	159
14550	43	33	38	25	33	26	28	33	31	27	32	27	32	35	24	31	159
14600	43	34	38	24	33	26	28	33	31	27	32	27	32	35	24	32	159
14650	43	34	38	25	33	26	27	33	31	27	32	27	32	35	24	32	159
14700	43	34	38	25	33	26	27	33	31	27	32	27	32	35	25	32	160
14750	42	33	38	25	33	26	27	33	31	27	32	27	32	35	25	32	160
14800	42	33	37	25	33	25	27	33	32	27	32	27	32	35	26	32	161
14850	42	34	37	25	33	25	27	32	32	27	32	27	32	35	26	32	161
14900	42	34	37	25	33	25	27	32	32	27	32	27	33	35	26	32	161
14950	41	34	37	25	33	26	27	32	32	27	32	26	33	36	27	32	162
15000	41	34	37	25	33	26	26	32	32	27	32	26	33	36	27	32	161
15050	41	34	37	25	32	26	26	32	32	27	32	26	33	36	27	32	160
15100	41	34	37	25	32	26	26	32	32	27	32	26	33	36	27	32	160
15150	40	34	37	25	32	26	26	32	32	27	31	26	33	36	27	32	160
15200	40	35	37	25	33	26	26	32	31	27	31	26	33	36	27	32	160
15250	40	35	37	25	33	26	26	32	31	27	31	26	33	35	27	32	159
15300	39	35	37	25	33	26	26	32	31	27	31	26	33	35	27	32	158
15350	39	35	37	25	33	26	26	32	31	27	31	26	33	35	27	32	157
15400	38	35	37	24	33	26	26	31	31	27	31	26	33	35	27	32	157
15450	37	35	37	24	33	26	26	31	31	27	31	26	33	35	27	32	157
15500	36	35	37	24	33	26	26	31	31	27	31	26	33	35	27	31	156
15550	36	35	36	24	33	26	26	31	31	27	31	26	33	35	27	31	155
15600	38	35	36	25	33	26	26	31	31	27	31	26	33	35	27	31	156
15650	38	34	36	25	33	26	26	31	31	27	31	26	33	35	26	31	156
15700	39	34	36	25	33	27	26	31	31	27	31	26	33	35	26	31	156
15750	38	34	35	25	33	27	26	31	31	27	31	26	33	35	26	31	157
15800	38	34	35	25	33	27	26	31	31	27	31	26	33	35	26	31	156
15850	38	34	35	25	33	27	26	31	31	27	31	26	32	35	26	31	156
15900	37	34	35	25	33	27	26	31	31	27	31	27	32	35	26	31	157
15950	38	34	35	25	33	27	26	31	31	28	31	27	32	35	26	31	158
16000	38	35	35	25	33	27	26	31	31	28	31	27	31	35	26	32	159
16050	38	35	35	25	33	26	26	31	31	28	31	27	31	35	26	32	159
16100	39	37	35	25	33	26	26	31	31	28	30	28	32	35	26	32	161
16150	38	37	35	25	32	26	26	31	32	28	30	28	32	34	26	32	161
16200	39	37	35	26	32	26	26	31	32	28	30	28	32	34	27	32	162
16250	39	37	35	26	31	26	26	31	32	28	30	28	32	34	27	32	162
16300	40	37	35	26	31	26	26	31	32	28	30	28	32	34	27	32	163
16350	41	37	35	26	31	26	26	31	31	28	30	28	32	34	27	32	164
16400	41	37	35	26	32	26	26	31	31	28	30	28	32	34	27	32	166
16450	40	37	34	26	32	25	26	31	31	28	30	28	32	34	27	32	164
16500	41	37	34	26	32	25	26	31	31	28	30	27	31	34	27	32	163
16550	41	37	34	27	32	25	26	31	31	28	30	27	31	34	27	32	164
16600	40	37	34	28	32	26	26	31	31	28	30	27	31	34	27	32	163
16650	40	37	33	28	32	26	26	31	30	28	30	27	31	34	28	32	162
16700	41	37	34	28	32	26	26	31	30	28	30	26	31	34	29	32	164
16750	40	37	34	28	32	26	26	31	30	27	30	26	31	34	29	32	163
16800	39	37	34	28	32	26	26	31	30	27	30	26	31	34	29	32	161
16850	39	37	34	28	32	26	26	31	30	27	30	26	31	34	29	32	161
16900	39	37	34	28	33	26	26	31	30	27	30	26	31	34	29	32	161
16950	40	37	34	26	33	26	26	31	30	27	29	26	31	33	29	32	162
17000	40	37	34	26	33	26	26	31	30	27	29	26	31	33	29	32	162
17050	40	37	34	26	33	26	26	31	30	27	29	26	31	33	29	32	162
17100	39	37	33	26	33	26	26	31	29	27	29	26	31	33	29	32	160
17150	39	37	33	25	33	26	26	31	29	27	29	26	31	33	29	32	161
17200	39	37	33	25	33	26	26	31	29	27	29	26	31	33	29	32	161
17250	38	37	33	25	33	26	26	31	29	27	29	26	31	33	29	32	160
17300	36	37	33	25	33	26	26	31	29	27	29	26	31	33	29	32	159
17350	36	37	33	25	33	26	26	31	29	27	29	26	31	33	29	32	159
17400	36	37	33	25	33	26	26	30	29	27	28	26	31	33	29	32	158
17450	35	37	33	24	33	26	26	30	28	27	27	26	31	33	29	32	157
17500	34	37	33	24	33	25	26	30	28	27	27	26	31	33	30	32	157
17550	34	37	33	24	32	25	26	30	28	27	27	26	31	33	30	32	157
17600	34	37	33	24	32	25	26	30	28	27	27	25	31	33	30	32	157
17650	34	37	33	23	32	25	26	30	28	27	27	25	31	33	30	31	156
17700	35	37	33	23	31	25	26	30	28	27	27	25	31	33	30	31	155
17750	34	38	33	23	31	25	26	30	28	27	27	25	31	33	30	31	156
17800	33	38	33	23	31	25	26	30	28	27	27	24	31	33	30	31	155
17850	33	38	33	23	31	25	26	30	28	27	27	24	31	33	30	31	156
17900	33	38	33	23	31	24	26	30	28	27	27	24	31	33	30	31	156
17950	33	38	33	23	31	24	26	30	28	27	28	24	31	33	30	31	158
18000	35	38	33	23	31	24	26	30	28	26	28	24	31	33	30	31	160
18050	34	38	33	23	31	24	26	30	28	26	28	24	31	32	30	31	159
18100	35	38	33	23	31	24	26	30	28	26	28	24	31	32	29	31	160
18150	34	38	33	23	31	24	26	31	28	27	27	24	31	32	30	31	161
18200	34	38	33	23	31	24	26	30	28	26	27	24	31	32	30	31	160
18250	35	38	32	23	31	24	26	30	28	26	28	24	31	32	30	31	162
18300	35	38	32	23	31	24	26	30	28	26	28	24	31	32	30	31	162
18350	33	38	32	23	31	24	26	30	28	26	29	24	31	32	30	31	163
18400	33	38	32	23	31	24	26	30	28	26	29	24	31	32	30	31	162
18450	34	38	32	23	31	24	26	30	28	25	29	24	32	32	30	31	164
18500	34	38	32	23	31	24	26	30	28	25	29	24	32	33	30	31	164
18550	34	38	32	22	31	24	26	30	28	25	29	24	32	33	30	31	164
18600	33	38	32	22	31	24	26	30	28	26	29	24	32	33	30	31	165
18650	33	38	32	22	31	24	26	30	28	27	29	24	32	33	30	31	165
18700	33	38	32	22	31	24	26	30	28	27	29	24	31	33	30	31	165
18750	33	38	32	22	31	24	26	30	28	27	28	24	31	33	30	31	165
18800	33	38	32	22	31	24	26	30	28	27	28	24	31	33	30	31	165
18850	32	38	32	22	31	24	26	30	28	27	28	24	31	33	30	31	164
18900	31	38	32	22	31	24	26	30	28	27	28	24	31	33	30	31	164
18950	31	38	32	22	31	24	26	30	28	26	28	24	31	33	30	31	164
19000	31	38	32	22	31	24	26	30	28	26	28	24	31	33	30	31	164
19050	31	38	32	22	31	24	26	30	28	26	28	24	31	32	29	31	163
19100	31	38	32	22	31	24	26	30	28	26	28	24	31	32	29	32	163
19150	31	38	31	22	31	24	26	30	28	26	28	24	31	32	29	32	162
19200	32	38	32	22	31	24	26	30	28	26	28	24	31	31	29	32	163
19250	33	38	32	22	31	24	26	30	28	26	28	24	31	31	29	32	164
19300	33	38	32	22	31	24	26	30	27	26	28	24	31	31	29	32	163
19350	33	38	32	22	31	24	26	30	27	26	28	24	31	31	29	32	163
19400	32	38	32	22	31	24	26	30	27	26	28	24	31	31	29	32	163
19450	32	38	32	22	31	24	26	30	27	26	28	24	31	31	29	32	163
19500	33	38	32	22	31	24	26	30	26	26	28	24	31	31	28	32	164
19550	32	38	31	23	31	24	26	29	26	26	28	24	31	31	28	32	164
19600	32	38	31	24	31	23	26	29	26	26	28	24	31	31	28	32	165
19650	32	36	31	24	31	23	26	29	26	26	28	24	30	31	28	33	165
19700	33	36	31	24	31	23	26	29	26	26	28	24	30	31	28	33	165
19750	33	36	31	24	31	23	26	29	26	26	28	24	30	31	28	33	166
19800	33	36	31	24	32	23	26	28	26	26	28	24	30	31	28	32	166
19850	35	36	31	24	32	23	26	28	26	26	29	24	30	31	28	32	166
19900	36	36	31	24	32	23	26	28	26	26	29	24	29	31	28	32	167
19950	36	36	31	24	32	23	26	28	26	26	29	24	29	30	28	32	166
20000	36	36	31	24	32	23	26	28	26	26	29	24	29	30	28	32	165
