0	0	0	0	0	0	0	0	0	0	0	0	0	0	0	0	0	0
50	7	1	1	2	3	3	2	1	1	2	1	1	1	0	3	1	7
100	12	2	2	3	5	4	4	4	3	5	4	2	3	3	5	4	18
150	12	6	3	3	5	5	4	4	4	5	5	4	4	7	5	5	20
200	12	8	4	4	6	6	5	5	6	6	6	4	5	7	6	5	27
250	13	8	5	6	7	6	5	6	7	8	7	4	5	8	6	7	36
300	13	9	6	7	9	6	6	7	7	9	7	5	5	8	6	7	41
350	12	9	6	7	10	6	7	9	9	9	8	6	5	8	6	8	44
400	12	9	6	7	10	7	7	10	9	9	8	6	7	9	6	8	44
450	13	9	7	8	10	7	7	10	9	9	8	6	9	10	8	8	47
500	13	9	7	8	10	7	8	10	9	9	8	7	9	10	8	10	50
550	16	10	8	9	10	7	8	10	9	9	8	7	9	11	8	10	52
600	19	10	8	9	10	7	8	10	9	9	9	8	9	10	8	10	54
650	21	10	8	9	10	8	8	10	9	9	9	8	9	10	8	10	58
700	21	10	8	9	10	8	9	10	9	9	9	8	9	10	8	10	56
750	21	10	8	10	11	8	9	10	10	9	10	8	9	10	9	10	57
800	23	10	9	10	11	8	9	10	10	9	10	8	9	10	9	10	58
850	26	10	9	11	11	8	9	10	11	9	11	8	9	11	9	11	61
900	27	10	9	12	12	8	9	10	11	9	11	9	10	11	10	11	63
950	27	10	9	12	12	8	9	10	12	10	11	9	10	11	11	12	63
1000	27	10	9	12	12	8	10	10	12	10	11	9	10	11	11	12	62
1050	28	10	9	12	12	8	11	10	13	10	12	10	10	11	11	12	66
1100	27	11	9	13	12	9	11	10	14	10	12	10	10	11	11	12	69
1150	27	11	10	13	12	10	11	12	14	10	12	10	10	12	11	12	73
1200	27	12	10	13	12	10	12	12	15	11	12	11	10	12	11	13	76
1250	24	12	10	13	12	10	13	12	15	11	12	11	10	12	11	13	76
1300	25	12	11	13	12	10	13	12	15	11	12	11	10	12	11	13	79
1350	25	12	11	13	12	10	16	12	15	11	12	11	10	12	11	13	79
1400	24	12	11	13	12	10	16	12	15	11	12	11	10	12	11	13	77
1450	24	12	11	13	12	10	16	12	15	11	12	11	10	12	11	14	77
1500	22	12	11	13	12	11	16	12	16	11	12	11	10	12	11	14	78
1550	21	12	11	13	12	11	16	12	16	11	12	11	11	12	11	14	79
1600	22	12	11	13	12	11	17	12	16	11	12	11	11	12	11	14	78
1650	23	12	11	13	12	11	17	12	16	11	12	11	11	12	11	14	80
1700	23	12	11	13	12	11	17	12	16	11	12	11	11	12	11	14	81
1750	24	12	11	13	12	11	17	12	16	11	12	11	11	12	11	14	82
1800	25	12	11	13	12	11	17	12	16	11	12	11	11	12	11	14	84
1850	25	12	11	13	12	11	17	12	16	11	12	11	11	12	11	14	84
1900	24	12	11	13	12	11	17	12	16	12	12	11	11	12	11	14	83
1950	24	12	11	13	12	11	17	12	16	12	12	11	11	12	11	14	80
2000	23	12	11	13	12	11	17	12	16	12	12	11	11	12	11	14	80
2050	22	12	11	13	12	11	17	12	16	12	12	11	11	12	11	14	79
2100	22	12	11	13	12	11	17	12	16	13	12	11	11	12	11	14	80
2150	22	12	11	13	12	11	17	12	16	13	12	11	11	12	12	14	82
2200	22	12	11	13	12	11	17	12	16	13	12	11	11	12	12	14	83
2250	22	12	11	13	12	11	17	12	16	13	12	11	11	12	11	14	82
2300	21	12	11	13	12	11	17	12	16	13	12	11	11	12	11	14	82
2350	21	12	11	13	12	11	17	12	16	13	12	11	11	12	11	14	82
2400	21	12	11	13	12	11	17	12	16	13	12	12	11	12	11	14	82
2450	21	12	11	13	12	11	17	12	16	13	12	12	11	12	12	14	82
2500	21	12	11	13	12	11	17	12	16	13	12	12	11	12	13	14	84
2550	21	12	11	13	12	11	17	12	16	14	12	12	11	12	13	14	84
2600	21	12	11	13	12	11	17	12	17	14	12	12	11	12	13	14	84
2650	20	12	11	13	12	11	17	12	17	14	12	12	11	12	13	14	82
2700	20	12	11	13	12	11	17	12	17	13	12	12	11	12	13	14	81
2750	19	12	11	13	12	11	17	12	17	13	12	13	11	12	14	14	80
2800	19	12	11	13	12	11	17	12	17	14	12	13	11	12	13	14	80
2850	18	12	11	13	12	11	17	12	17	14	12	13	11	12	13	14	79
2900	18	12	11	13	12	11	17	12	17	14	13	13	11	13	13	14	78
2950	18	12	11	13	12	11	17	12	17	14	13	13	12	13	13	14	78
3000	18	12	11	13	12	11	17	12	17	14	13	13	12	14	13	14	79
3050	18	12	11	13	12	11	17	12	17	15	14	13	12	14	14	14	82
3100	18	12	11	13	12	11	17	12	17	15	14	14	12	14	14	14	83
3150	18	12	11	13	13	11	17	12	17	15	14	15	12	14	16	14	85
3200	19	12	11	13	13	11	17	12	17	15	14	15	12	14	16	13	85
3250	19	12	11	13	13	11	17	12	17	15	15	15	12	15	16	13	86
3300	20	12	11	13	13	11	17	12	17	15	15	15	12	15	16	13	86
3350	20	12	11	13	13	11	17	12	17	15	15	15	12	16	16	13	86
3400	20	12	11	13	13	11	17	12	17	15	15	15	12	16	18	13	88
3450	20	12	11	13	13	11	17	12	17	15	15	15	13	16	18	13	86
3500	20	12	11	13	13	11	17	12	17	15	16	15	13	17	21	13	89
3550	20	12	11	13	13	11	17	12	17	15	17	15	13	17	21	13	90
3600	20	12	11	13	13	11	17	12	17	15	17	16	13	17	21	13	91
3650	20	12	11	13	14	11	17	12	17	15	17	16	13	17	21	13	91
3700	20	12	11	13	14	12	17	12	17	15	17	16	13	17	21	13	92
3750	20	12	11	13	14	12	17	12	17	15	17	16	13	18	21	13	91
3800	20	12	11	13	14	12	17	12	17	15	17	16	13	18	21	13	90
3850	19	12	11	13	14	12	17	12	17	15	17	16	13	18	21	13	90
3900	19	12	11	13	13	12	17	12	17	15	18	16	13	19	21	13	89
3950	19	12	11	13	13	12	17	12	17	15	18	16	13	19	21	13	89
4000	19	12	11	13	13	12	17	12	17	15	18	16	15	20	21	13	91
4050	19	12	11	13	13	12	17	12	17	15	18	16	15	20	21	13	91
4100	19	12	11	13	13	12	17	12	17	15	18	16	15	20	21	13	91
4150	19	12	11	13	13	12	17	12	17	15	18	16	15	20	21	13	92
4200	19	12	11	13	13	12	17	12	17	15	18	16	15	20	21	13	92
4250	19	12	11	13	14	12	17	12	17	15	18	16	15	20	21	13	93
4300	19	12	11	13	14	12	17	12	17	15	18	16	15	20	21	13	94
4350	18	11	11	13	14	12	17	12	17	15	17	16	15	21	21	13	94
4400	18	11	11	13	15	12	17	12	17	15	17	16	15	21	21	13	95
4450	18	11	11	13	15	12	17	12	17	15	18	16	15	21	21	13	96
4500	18	11	11	13	17	12	17	12	17	15	20	16	15	21	21	13	98
4550	18	11	11	13	17	12	17	12	17	15	20	16	15	22	21	13	99
4600	18	11	11	13	17	13	17	12	17	15	20	16	15	21	21	13	99
4650	18	11	11	13	17	13	17	12	17	15	20	16	15	21	22	13	99
4700	18	11	11	13	17	13	17	12	17	15	20	16	15	21	22	13	100
4750	18	11	11	13	17	13	17	12	17	15	20	16	15	22	22	13	101
4800	18	11	11	13	17	13	17	12	17	15	20	16	15	22	22	13	101
4850	18	11	11	13	17	13	17	12	17	15	20	16	15	22	22	13	99
4900	18	11	11	13	17	13	17	12	17	15	20	16	15	23	23	13	100
4950	18	11	11	13	17	12	17	12	17	15	20	16	15	23	23	13	100
5000	18	11	11	13	18	12	17	12	17	15	20	16	15	24	23	13	101
5050	18	11	11	13	18	12	17	12	17	15	20	16	15	24	23	13	101
5100	18	11	11	13	18	12	17	12	17	15	20	16	15	24	23	13	101
5150	18	11	11	13	18	12	17	12	17	15	19	16	15	24	23	14	100
5200	18	11	11	13	18	12	17	12	17	15	19	16	15	24	23	14	100
5250	18	11	11	13	18	12	17	12	17	15	19	16	15	24	23	14	100
5300	18	11	11	13	18	12	17	12	17	15	19	16	15	24	23	14	100
5350	18	11	11	13	18	13	17	12	17	15	19	16	15	24	24	14	101
5400	18	11	11	13	18	13	17	12	17	15	19	16	15	24	24	15	102
5450	18	11	11	13	18	13	17	12	17	15	19	16	15	24	24	15	102
5500	18	11	11	13	18	13	17	12	17	15	19	16	15	24	24	15	102
5550	19	11	11	13	18	13	17	12	17	15	19	16	15	24	24	15	102
5600	19	11	11	13	18	13	17	12	17	15	19	16	15	24	24	15	102
5650	19	11	11	13	18	13	17	12	17	15	19	16	15	24	24	15	101
5700	19	11	11	13	18	14	17	12	17	15	19	16	15	24	24	15	102
5750	19	11	11	13	18	14	17	12	17	15	19	16	15	24	24	15	102
5800	19	11	11	13	18	13	17	12	17	15	19	16	15	24	24	15	102
5850	19	11	11	13	18	14	17	12	17	15	19	16	15	23	24	16	103
5900	19	11	11	13	18	14	17	12	17	15	19	16	15	23	24	16	103
5950	19	11	11	13	18	14	17	12	17	15	19	16	14	23	24	17	104
6000	19	11	11	13	18	14	17	12	17	15	19	16	14	24	24	17	105
6050	20	11	11	13	18	14	17	12	17	15	19	16	14	24	24	17	106
6100	20	11	11	13	18	14	17	12	17	15	19	16	14	24	24	17	106
6150	20	11	11	13	18	14	17	12	17	15	19	16	14	24	24	17	106
6200	20	11	11	13	18	14	17	12	17	15	19	16	14	24	24	17	105
6250	21	11	11	13	18	14	17	12	17	15	19	16	14	24	24	17	106
6300	20	11	11	13	19	14	17	12	17	15	19	16	14	24	24	17	106
6350	20	11	11	13	19	14	17	12	17	15	19	16	14	24	24	17	106
6400	20	11	11	13	19	14	17	12	17	15	19	16	14	24	24	17	107
6450	20	11	11	13	19	14	17	13	17	15	19	16	14	24	24	17	107
6500	20	11	11	13	19	14	17	13	17	15	19	16	14	23	24	17	107
6550	20	11	11	13	19	14	17	13	17	15	19	16	14	23	24	17	107
6600	20	11	11	13	19	14	17	13	17	15	19	16	14	23	24	17	108
6650	20	11	11	13	19	14	17	13	17	15	19	16	14	23	24	17	107
6700	19	11	11	13	19	14	17	13	17	15	19	16	14	24	24	17	107
6750	21	11	11	13	19	14	17	13	17	15	19	16	14	24	24	17	109
6800	22	11	11	13	19	14	17	14	17	15	19	16	14	25	24	17	111
6850	22	11	11	13	19	14	17	13	17	15	19	16	14	25	24	17	110
6900	23	11	11	13	19	14	17	13	17	15	19	16	14	25	24	17	110
6950	23	11	11	13	19	14	17	13	17	15	19	17	14	25	24	17	111
7000	23	11	11	13	19	14	17	14	17	15	19	17	14	26	24	17	112
7050	24	11	11	13	19	14	18	14	17	15	19	17	14	26	24	17	114
7100	25	11	11	13	19	14	18	14	17	15	19	17	14	26	24	17	115
7150	27	11	11	13	19	14	17	14	17	15	19	17	14	26	24	17	117
7200	29	11	11	13	19	14	17	14	17	15	19	18	14	26	24	17	120
7250	28	11	11	13	19	14	18	14	17	15	19	18	14	26	24	17	120
7300	27	11	11	13	19	14	18	14	17	15	19	18	15	26	24	17	119
7350	26	11	11	13	19	13	18	14	17	15	19	18	15	26	24	17	118
7400	26	11	11	13	19	13	18	14	17	15	19	18	15	26	24	17	118
7450	25	11	11	13	19	13	18	14	17	15	19	18	15	26	24	17	117
7500	26	11	11	13	19	13	18	14	17	15	19	18	15	26	24	17	117
7550	26	11	11	13	19	13	18	14	17	15	19	18	15	25	24	17	117
7600	26	11	11	13	19	14	18	14	17	15	19	18	15	25	24	17	117
7650	27	11	11	13	19	14	18	14	17	15	19	18	15	25	24	17	118
7700	25	11	11	13	19	14	18	14	17	15	19	18	16	25	23	17	115
7750	24	11	11	13	19	14	18	14	17	15	19	18	16	25	23	17	114
7800	22	11	11	13	19	14	18	14	17	15	19	18	16	25	23	17	113
7850	22	11	11	13	18	14	18	14	17	15	19	18	16	25	23	17	113
7900	20	11	12	13	18	14	18	14	17	15	19	18	16	25	23	17	112
7950	21	11	12	13	18	14	18	14	17	15	19	18	16	24	23	17	112
8000	20	11	13	13	18	14	18	14	17	15	19	18	16	24	23	17	112
8050	23	11	13	13	18	14	18	14	17	15	19	18	16	24	23	17	115
8100	26	11	13	13	18	14	18	15	17	15	19	18	16	24	23	17	117
8150	26	11	13	13	18	15	18	15	17	15	19	18	16	24	23	17	118
8200	25	11	13	13	18	15	18	15	18	15	19	18	16	24	23	17	118
8250	23	11	13	13	18	16	18	15	18	15	19	18	16	24	23	17	117
8300	21	11	13	13	18	16	18	15	18	15	19	18	16	24	23	17	114
8350	24	11	13	13	18	16	18	15	18	15	19	18	17	24	23	17	118
8400	23	11	13	13	18	16	18	15	18	15	19	18	17	24	23	17	118
8450	27	11	14	13	18	16	18	15	19	15	19	18	17	23	23	17	123
8500	27	11	14	13	18	16	18	15	19	15	19	18	17	23	23	17	123
8550	28	11	14	13	18	16	18	15	19	15	19	18	17	23	23	17	123
8600	29	11	14	13	18	16	18	15	20	15	19	18	17	23	23	17	124
8650	29	11	14	13	18	16	18	16	20	15	19	18	17	23	23	17	123
8700	29	11	14	13	18	16	18	16	20	15	19	18	18	23	23	17	125
8750	27	11	14	13	18	16	18	16	20	15	20	18	18	23	23	17	124
8800	27	11	14	13	18	16	18	16	21	15	20	18	19	23	23	17	124
8850	25	11	14	13	18	16	18	16	21	15	20	18	19	23	23	17	122
8900	25	11	14	13	18	16	18	16	21	15	20	18	19	23	23	17	122
8950	25	11	14	13	18	16	18	16	20	15	20	18	18	23	23	17	122
9000	25	11	14	13	18	16	18	16	20	15	20	18	18	22	23	17	122
9050	25	11	14	13	18	17	18	16	20	15	20	18	18	22	23	17	121
9100	25	11	14	13	18	17	18	16	20	15	20	18	18	22	23	17	122
9150	25	11	14	13	18	17	18	16	21	15	20	18	18	22	22	17	122
9200	25	11	14	13	18	17	18	16	21	15	20	18	18	22	22	17	121
9250	24	11	15	13	18	17	18	16	21	15	20	18	18	22	22	17	121
9300	24	11	15	13	18	17	18	16	21	15	20	18	18	22	22	17	121
9350	24	11	15	13	18	17	18	16	21	15	20	18	18	22	22	17	121
9400	24	11	15	13	18	17	18	16	21	15	20	18	18	22	22	17	121
9450	24	11	15	13	18	17	18	16	21	15	20	18	18	22	22	17	121
9500	24	11	15	13	18	17	18	16	21	15	20	18	18	22	22	17	120
9550	24	12	15	13	18	18	18	16	21	15	20	18	18	22	22	17	120
9600	24	12	15	13	18	18	18	16	21	15	20	18	18	22	22	17	120
9650	25	12	15	13	18	18	18	16	23	15	20	18	18	22	22	17	121
9700	25	12	16	13	18	18	18	16	24	15	20	18	18	22	22	17	123
9750	27	12	16	13	18	18	18	16	24	15	20	18	18	22	22	17	125
9800	27	12	16	13	18	18	18	16	24	15	20	19	18	22	22	17	122
9850	27	12	16	13	18	19	18	16	24	15	20	19	18	22	22	17	124
9900	27	12	16	13	18	20	18	16	25	15	20	19	18	22	22	17	125
9950	26	12	16	13	18	21	18	16	26	15	20	19	18	22	22	17	127
10000	26	12	16	13	18	21	18	16	26	15	20	19	18	22	22	17	126
10050	30	14	16	13	19	22	20	16	26	15	21	19	18	22	23	17	131
10100	31	14	16	13	19	23	20	17	26	15	21	19	18	23	24	17	135
10150	33	14	17	13	19	24	20	17	25	15	21	20	19	24	25	18	138
10200	33	14	17	13	20	25	20	18	25	15	22	20	19	24	26	18	140
10250	31	13	18	14	20	25	20	18	26	15	22	20	19	25	26	18	141
10300	31	13	18	15	20	25	21	19	26	16	22	21	20	25	27	18	142
10350	31	14	18	14	20	25	21	19	26	16	22	21	20	25	27	19	144
10400	30	14	19	14	20	25	21	19	26	16	22	21	20	26	28	22	147
10450	32	14	19	14	20	26	21	19	26	18	22	21	21	26	28	22	150
10500	31	14	20	14	21	26	21	19	26	19	23	21	21	26	28	22	150
10550	31	15	20	14	21	27	21	19	26	21	23	21	23	26	28	22	152
10600	30	15	20	14	21	27	21	19	28	21	23	21	23	27	28	23	154
10650	31	16	20	14	22	28	22	20	28	21	23	21	23	27	30	23	158
10700	31	16	20	14	22	29	24	20	28	21	24	21	23	27	30	24	165
10750	30	16	20	14	23	29	24	20	30	21	24	21	23	27	30	24	167
10800	30	16	20	14	23	29	24	21	31	21	24	22	23	27	30	24	168
10850	31	16	20	14	23	29	24	22	31	22	24	22	24	28	30	24	170
10900	31	16	20	14	23	29	24	22	30	22	25	22	24	29	30	24	170
10950	32	16	20	14	24	29	25	23	30	22	26	22	24	29	30	23	175
11000	32	16	20	14	24	29	26	23	30	22	26	23	24	29	30	26	181
11050	32	16	20	15	24	29	26	23	30	22	26	23	25	29	30	27	182
11100	31	16	20	15	24	30	27	23	30	22	26	23	25	29	30	29	185
11150	31	16	20	15	24	30	27	23	30	22	26	23	25	29	30	29	185
11200	30	16	20	15	25	30	27	23	30	22	26	23	25	29	30	29	184
11250	29	16	20	15	25	30	27	23	30	22	27	23	25	29	30	29	183
11300	29	16	20	15	26	30	27	24	30	22	27	24	25	29	30	29	185
11350	26	16	21	15	26	30	27	24	30	22	27	25	25	29	30	29	184
11400	25	17	21	15	26	31	27	25	30	22	27	25	25	29	30	29	186
11450	25	17	21	15	26	31	27	25	31	22	27	25	25	29	30	29	185
11500	24	17	21	15	26	31	27	25	31	22	27	26	25	29	30	29	186
11550	24	17	21	15	26	31	27	25	31	22	27	27	25	29	29	29	185
11600	24	17	21	15	26	31	27	25	31	22	27	27	25	29	29	29	184
11650	23	17	21	15	26	31	27	25	31	22	27	27	25	29	29	29	183
11700	20	17	21	15	26	31	27	25	31	22	27	27	28	29	29	29	182
11750	20	17	21	15	26	31	27	25	31	22	27	27	28	29	29	29	181
11800	20	18	21	15	26	31	27	25	31	22	27	27	28	29	29	29	180
11850	20	18	21	15	26	31	27	25	31	22	27	27	28	29	29	29	178
11900	20	18	21	16	26	31	27	25	31	22	27	27	29	29	29	29	180
11950	18	18	21	18	26	31	27	25	31	22	27	27	29	29	29	29	179
12000	18	18	21	18	26	31	27	25	31	22	27	27	29	29	29	29	181
12050	18	18	21	19	26	31	27	25	31	22	27	27	29	29	29	29	180
12100	18	18	21	19	26	31	27	25	31	22	27	27	29	29	29	30	180
12150	18	18	21	20	26	31	27	25	31	22	27	27	29	29	29	29	179
12200	19	18	21	20	26	31	27	25	31	22	27	27	29	29	29	29	179
12250	19	18	21	21	26	31	27	25	31	22	27	27	29	29	29	29	179
12300	19	18	21	21	26	31	27	25	31	22	27	27	29	29	29	29	179
12350	20	18	20	21	26	31	27	25	31	22	27	27	29	29	29	29	180
12400	20	18	20	21	26	31	27	25	31	22	27	27	29	29	29	29	180
12450	19	18	20	21	26	31	27	25	31	22	27	27	29	29	28	29	180
12500	18	18	20	21	26	31	27	25	31	22	27	27	29	29	28	29	180
12550	18	18	21	21	26	31	27	25	31	22	27	27	29	30	28	29	181
12600	18	18	21	21	26	31	27	25	31	22	27	27	29	30	28	29	182
12650	18	18	21	21	26	31	27	25	31	22	27	27	29	29	27	29	181
12700	18	18	21	21	26	31	27	25	31	22	27	27	29	29	27	29	181
12750	18	18	21	22	26	31	27	25	31	22	27	27	29	29	27	29	181
12800	18	18	21	22	26	31	27	25	31	22	27	27	29	29	27	28	181
12850	22	19	21	22	26	31	27	25	32	22	27	28	29	27	27	27	184
12900	23	19	21	22	26	31	27	25	32	22	27	28	29	27	27	27	184
12950	24	19	21	23	26	31	27	25	32	22	27	28	29	27	27	27	185
13000	24	19	21	23	26	31	27	25	33	22	27	28	29	26	27	27	186
13050	25	19	21	23	26	31	27	25	33	22	27	28	29	26	27	27	187
13100	26	20	21	23	26	31	27	25	33	22	27	28	29	26	27	27	187
13150	27	20	21	23	26	31	27	25	33	22	27	28	29	26	27	27	188
13200	24	20	21	23	26	31	27	25	33	22	27	28	29	28	27	27	187
13250	26	20	21	23	26	31	27	25	33	22	27	28	29	28	27	27	189
13300	27	20	21	23	26	31	27	25	33	22	27	28	29	28	27	26	190
13350	29	20	21	23	26	31	27	25	33	22	27	28	29	30	27	26	192
13400	30	21	21	23	26	31	27	25	33	22	27	28	29	30	27	26	193
13450	31	21	21	23	26	31	28	25	33	22	27	28	29	30	27	26	195
13500	31	20	21	23	26	31	28	25	33	22	27	28	29	30	27	26	195
13550	30	20	21	23	26	31	28	25	33	22	27	28	29	30	27	26	196
13600	28	20	21	23	26	31	29	25	33	23	27	28	29	31	27	26	194
13650	26	20	21	23	26	31	29	25	33	24	27	28	29	31	27	26	192
13700	26	20	21	23	26	31	30	25	33	24	27	28	29	32	27	26	194
13750	26	21	21	23	26	31	30	25	33	24	25	29	29	32	27	26	196
13800	26	21	21	23	26	31	30	25	33	24	25	29	29	32	27	26	196
13850	26	21	21	23	26	31	30	25	33	24	25	30	29	32	27	26	195
13900	26	21	21	23	26	31	30	25	33	23	25	30	29	32	27	26	193
13950	26	21	21	23	26	31	30	25	33	23	25	30	29	32	27	26	195
14000	23	21	21	23	26	31	30	25	33	23	25	30	29	32	27	26	195
14050	23	21	21	23	26	31	29	25	33	23	25	30	29	32	27	26	194
14100	23	21	21	23	26	31	29	25	33	23	25	30	29	32	27	26	195
14150	23	21	21	23	26	31	30	25	33	23	25	30	29	32	27	26	194
14200	22	21	21	23	26	31	30	25	33	23	25	30	29	32	27	26	193
14250	21	21	21	23	26	31	30	25	33	23	25	31	29	32	27	26	194
14300	21	21	21	23	26	31	30	25	33	23	25	31	29	32	27	27	194
14350	21	21	22	22	26	31	30	25	33	23	25	31	29	33	27	27	194
14400	21	22	23	22	26	31	30	25	33	23	25	31	29	33	27	27	195
14450	21	23	24	22	26	31	30	25	33	23	25	31	29	33	27	27	196
14500	23	23	24	22	26	31	30	25	33	23	25	31	29	33	27	27	199
14550	22	23	24	22	26	31	30	25	33	23	25	31	29	33	27	26	197
14600	22	23	24	22	26	31	31	25	33	23	25	31	29	33	27	26	198
14650	22	23	24	22	26	31	31	25	33	23	25	32	29	33	27	26	199
14700	19	23	25	22	26	31	31	25	33	23	25	32	29	33	27	26	198
14750	19	23	25	22	26	31	31	25	33	23	25	34	29	33	27	26	200
14800	19	23	25	22	26	31	31	25	33	24	25	34	29	33	27	26	201
14850	19	23	25	22	26	31	31	25	33	24	25	34	29	33	27	26	201
14900	19	23	25	22	26	31	32	25	33	24	25	34	30	33	27	26	202
14950	19	24	25	22	26	31	32	25	33	24	25	34	30	33	27	26	203
15000	19	24	25	22	26	31	32	25	33	24	25	34	30	33	27	26	203
15050	19	24	25	22	26	31	32	25	33	24	25	34	30	33	27	26	203
15100	19	24	25	22	26	31	32	25	33	24	25	34	30	33	27	26	201
15150	19	26	25	22	26	31	32	25	33	24	25	34	30	33	27	26	202
15200	19	26	25	22	26	31	32	25	33	24	25	34	30	33	27	26	202
15250	19	26	25	22	26	31	32	25	33	24	25	34	30	33	27	26	201
15300	19	26	25	22	26	31	32	25	33	24	25	34	30	33	27	26	200
15350	19	27	26	22	26	31	32	25	33	25	25	34	29	33	27	26	201
15400	21	27	26	22	26	31	32	25	33	25	25	34	29	33	27	26	201
15450	21	27	26	22	26	31	32	25	33	25	25	34	29	33	27	26	201
15500	21	28	26	22	26	31	32	25	33	25	25	33	29	34	27	26	200
15550	22	28	26	22	26	31	32	25	33	25	25	33	29	35	27	26	200
15600	23	28	26	22	26	31	32	24	33	25	25	33	29	35	27	25	201
15650	23	28	26	22	26	31	32	24	33	25	25	33	29	35	27	25	201
15700	23	28	26	22	26	31	32	24	33	25	25	33	29	35	27	25	201
15750	23	28	26	22	26	30	32	24	33	25	25	33	29	35	27	25	201
15800	23	28	26	22	26	30	33	24	33	25	25	33	29	35	27	25	201
15850	22	28	26	22	26	30	33	24	33	25	25	33	29	35	27	25	200
15900	22	28	26	22	26	30	33	24	33	25	25	33	29	35	27	25	200
15950	22	28	26	22	26	30	32	24	33	25	25	33	29	35	27	25	200
16000	22	28	26	22	26	30	32	24	33	25	25	33	29	35	27	25	200
16050	21	28	26	22	26	30	32	24	33	25	25	33	28	35	27	25	199
16100	21	28	26	22	26	30	32	24	33	25	25	33	28	35	27	25	199
16150	22	28	26	22	26	30	32	24	33	25	25	33	28	35	27	25	199
16200	24	28	26	22	26	30	32	24	33	25	25	33	28	35	27	25	201
16250	26	28	26	22	26	30	32	24	34	25	25	33	28	35	27	25	204
16300	26	27	26	22	26	30	32	24	34	25	25	33	28	35	27	25	203
16350	26	27	26	22	26	30	32	24	34	25	25	33	28	35	27	25	203
16400	26	27	26	22	26	30	32	24	34	25	25	33	28	35	27	25	204
16450	28	27	26	22	26	30	32	24	34	25	25	33	28	35	27	25	205
16500	27	27	26	22	26	30	32	24	34	25	25	33	28	35	27	25	204
16550	26	27	26	22	26	30	32	24	34	26	25	33	28	35	27	25	203
16600	25	27	26	22	26	30	32	24	34	26	25	33	28	35	27	25	201
16650	23	27	26	22	26	30	32	24	34	25	25	33	28	35	27	25	200
16700	22	27	26	22	26	30	32	24	34	25	25	33	28	35	27	25	200
16750	19	27	26	22	26	30	32	24	34	25	25	33	28	35	27	25	196
16800	20	27	26	22	26	30	32	24	34	25	25	33	28	36	27	25	195
16850	20	27	26	22	26	30	32	24	34	25	25	33	28	36	27	25	194
16900	21	27	26	22	26	30	32	24	34	25	25	33	28	36	27	25	195
16950	21	27	26	22	25	30	32	24	34	25	25	33	28	36	27	24	194
17000	21	27	26	22	25	30	32	24	34	25	25	33	28	36	27	24	195
17050	22	27	26	22	25	30	32	24	34	25	25	33	28	36	27	24	196
17100	22	27	26	22	25	30	32	24	34	26	25	33	28	36	27	24	198
17150	22	27	26	22	25	30	32	24	34	26	25	33	29	36	27	24	199
17200	22	27	26	22	25	30	32	24	34	26	25	33	29	37	27	24	198
17250	22	28	26	22	25	30	32	24	35	26	24	33	29	37	27	24	199
17300	22	28	26	22	25	30	32	24	35	26	24	33	28	37	27	24	199
17350	21	28	26	22	25	30	32	24	35	26	24	33	28	37	27	24	197
17400	20	28	26	22	26	30	32	24	35	26	24	33	28	37	27	24	198
17450	20	28	26	22	26	30	32	24	35	26	24	33	28	37	27	24	198
17500	20	28	26	22	26	30	32	24	36	26	24	33	28	37	27	24	199
17550	20	28	26	22	26	30	32	24	36	26	24	33	28	37	27	24	199
17600	20	28	26	22	27	30	32	24	36	26	24	33	28	37	26	24	199
17650	20	28	26	22	27	30	32	24	36	26	24	33	28	37	26	24	197
17700	21	28	27	22	27	30	32	24	35	26	24	33	28	37	26	24	197
17750	21	28	27	22	27	30	32	24	35	26	24	33	29	37	26	25	197
17800	21	28	27	22	27	30	32	23	35	26	24	33	29	37	26	25	195
17850	21	28	27	22	26	30	32	23	36	26	24	33	29	37	26	25	196
17900	21	28	27	22	26	30	32	23	36	26	24	33	29	37	26	25	196
17950	21	28	27	22	27	30	32	23	36	26	24	33	29	37	26	25	196
18000	21	28	27	22	27	30	32	23	36	27	24	33	29	37	26	25	196
18050	20	28	27	22	27	29	32	23	36	27	24	33	29	36	26	25	194
18100	20	28	27	22	27	29	32	23	36	27	24	33	29	36	26	25	192
18150	20	28	27	22	27	29	31	23	36	27	24	33	29	36	26	25	192
18200	20	28	27	22	28	29	31	23	36	27	24	33	29	36	26	25	193
18250	20	28	27	22	28	29	31	23	35	27	24	33	29	36	26	25	193
18300	20	28	27	22	28	29	31	23	35	27	24	33	29	36	26	25	194
18350	20	28	27	22	28	29	31	23	35	27	24	33	29	36	26	25	194
18400	20	28	27	22	28	29	31	23	35	27	24	33	29	36	26	25	193
18450	20	28	27	22	29	29	31	23	35	27	24	33	29	36	26	25	194
18500	20	28	27	22	29	29	31	23	35	27	24	33	29	36	26	25	194
18550	19	28	27	22	29	29	31	23	35	27	24	33	29	36	26	25	193
18600	19	28	27	22	29	29	31	23	35	27	24	33	29	36	26	25	193
18650	19	28	27	22	29	29	31	23	35	28	24	33	29	36	26	25	194
18700	19	28	27	22	28	29	31	23	35	28	24	33	29	36	26	25	193
18750	20	28	27	22	28	29	31	23	35	28	24	33	29	36	26	25	194
18800	20	28	27	22	28	29	31	24	35	28	24	33	29	36	26	25	194
18850	20	28	27	22	28	29	31	24	35	28	24	33	29	36	26	25	194
18900	20	28	27	22	29	29	31	24	35	28	24	33	29	36	26	25	196
18950	20	28	27	22	29	29	31	24	35	29	24	33	29	36	26	24	196
19000	20	27	27	22	29	28	31	24	35	29	24	33	29	36	24	24	194
19050	20	27	27	22	29	28	31	24	35	30	24	34	29	36	24	23	195
19100	20	27	27	22	29	28	31	24	35	30	24	34	29	36	24	23	195
19150	20	27	27	22	29	28	30	24	35	30	24	34	29	36	24	23	195
19200	19	27	27	22	29	28	30	24	35	30	24	34	29	37	24	23	196
19250	20	27	27	22	29	28	30	24	35	30	24	34	29	36	24	23	196
19300	21	27	27	22	29	28	30	24	35	30	24	34	29	36	24	23	197
19350	20	27	27	22	29	28	30	24	35	30	24	34	29	36	24	23	194
19400	21	27	27	22	29	28	30	24	35	30	24	34	29	36	24	23	195
19450	21	27	27	22	29	28	30	24	35	30	24	34	29	36	24	23	195
19500	21	27	27	22	29	28	29	24	35	30	24	34	29	36	24	22	195
19550	21	27	27	22	29	28	29	24	35	30	24	34	29	36	24	22	195
19600	20	27	27	22	29	28	29	24	35	30	24	34	29	36	24	22	194
19650	20	28	27	22	29	28	29	24	35	31	24	34	29	36	24	22	196
19700	20	28	27	22	29	28	26	24	35	31	24	34	29	36	24	22	193
19750	20	28	27	22	29	28	27	25	35	31	24	34	29	36	24	22	194
19800	20	28	27	22	29	28	27	25	35	31	24	34	29	36	24	22	195
19850	20	28	27	22	29	27	27	26	35	31	24	34	29	36	24	22	196
19900	19	28	27	22	29	27	27	26	35	31	24	34	29	36	24	22	196
19950	19	28	27	22	28	27	27	26	35	31	24	34	29	36	24	22	196
20000	20	28	27	22	28	27	27	27	35	31	24	34	29	36	24	22	197
