0	0.0	0.0	0.0	0.0	0.0	0.0	0.0	0.0	0.0	0.0	0.0	0.0	0.0	0.0	0.0	0.0
50	0.0	0.0	0.0	0.428571428571	0.0	0.0	0.2	0.2	0.0	0.0	0.0	0.0	0.0	0.0	0.0	0.0
100	0.375	0.363636363636	0.333333333333	0.583333333333	0.0	0.25	0.538461538462	0.25	0.0	0.285714285714	0.571428571429	0.363636363636	0.5	0.375	0.2	0.25
150	0.647058823529	0.578947368421	0.428571428571	0.5625	0.285714285714	0.466666666667	0.647058823529	0.454545454545	0.444444444444	0.583333333333	0.578947368421	0.384615384615	0.583333333333	0.615384615385	0.375	0.25
200	0.7	0.68	0.555555555556	0.65	0.4	0.619047619048	0.681818181818	0.5625	0.416666666667	0.647058823529	0.703703703704	0.619047619048	0.625	0.611111111111	0.615384615385	0.416666666667
250	0.75	0.666666666667	0.666666666667	0.703703703704	0.625	0.68	0.730769230769	0.666666666667	0.611111111111	0.666666666667	0.741935483871	0.619047619048	0.708333333333	0.75	0.6875	0.5
300	0.785714285714	0.71875	0.724137931034	0.757575757576	0.785714285714	0.733333333333	0.741935483871	0.681818181818	0.631578947368	0.703703703704	0.727272727273	0.692307692308	0.724137931034	0.8	0.772727272727	0.631578947368
350	0.8125	0.763157894737	0.757575757576	0.771428571429	0.806451612903	0.75	0.789473684211	0.692307692308	0.695652173913	0.709677419355	0.763157894737	0.741935483871	0.777777777778	0.825	0.814814814815	0.695652173913
400	0.828571428571	0.795454545455	0.771428571429	0.777777777778	0.794117647059	0.756756756757	0.8	0.741935483871	0.766666666667	0.756756756757	0.795454545455	0.777777777778	0.763157894737	0.851063829787	0.84375	0.730769230769
450	0.837837837838	0.816326530612	0.794871794872	0.813953488372	0.820512820513	0.760869565217	0.818181818182	0.757575757576	0.787878787879	0.780487804878	0.8125	0.775	0.780487804878	0.854166666667	0.852941176471	0.78125
500	0.846153846154	0.82	0.829787234043	0.833333333333	0.833333333333	0.78	0.829787234043	0.771428571429	0.820512820513	0.795918367347	0.84	0.795454545455	0.8	0.86	0.871794871795	0.783783783784
550	0.869565217391	0.94	0.86	0.88	0.844444444444	0.8	0.9	0.783783783784	0.840909090909	0.8	0.88	0.84	0.816326530612	0.96	0.883720930233	0.809523809524
600	0.92	0.94	0.92	0.9	0.9	0.9	0.94	0.775	0.847826086957	0.84	0.94	0.9	0.84	0.96	0.92	0.833333333333
650	0.98	0.98	1.0	0.92	0.94	0.92	0.96	0.795454545455	0.86	0.88	0.94	0.98	0.9	0.98	0.96	0.88
700	0.98	0.98	1.0	0.98	0.98	0.92	0.96	0.88	0.9	0.9	0.96	0.98	0.92	0.98	1.0	0.92
750	1.0	0.98	1.0	0.96	0.98	0.94	0.96	0.92	0.96	0.92	0.98	0.98	0.94	1.0	1.0	0.96
800	1.0	0.98	1.0	0.96	0.98	0.94	0.96	0.96	0.98	0.94	0.98	0.98	0.94	1.0	1.0	0.98
850	1.0	1.0	1.0	0.98	0.98	0.94	0.96	0.96	1.0	0.96	0.98	0.98	0.98	1.0	1.0	0.98
900	1.0	1.0	1.0	0.98	0.98	0.96	0.98	0.96	0.98	0.96	0.98	0.98	0.98	0.98	1.0	0.98
950	1.0	1.0	1.0	0.98	0.98	0.96	0.98	0.98	0.98	0.96	1.0	0.98	0.98	0.98	1.0	0.98
1000	1.0	1.0	1.0	0.96	0.98	1.0	0.96	0.98	0.98	0.98	1.0	1.0	1.0	0.98	0.98	0.98
1050	1.0	1.0	1.0	0.96	1.0	1.0	0.96	0.98	0.98	0.98	1.0	1.0	1.0	0.98	0.98	0.98
1100	1.0	1.0	1.0	0.94	1.0	1.0	0.96	0.98	0.98	0.98	1.0	1.0	1.0	0.98	0.98	1.0
1150	1.0	1.0	1.0	0.94	1.0	1.0	0.96	0.98	0.98	0.98	1.0	1.0	1.0	0.98	0.98	1.0
1200	1.0	1.0	1.0	0.92	1.0	1.0	0.94	1.0	0.98	0.98	1.0	1.0	1.0	0.98	0.98	1.0
1250	1.0	1.0	1.0	0.92	1.0	1.0	0.96	1.0	0.98	0.98	1.0	1.0	1.0	0.98	0.98	1.0
1300	1.0	1.0	1.0	0.92	1.0	1.0	0.96	1.0	0.98	1.0	1.0	1.0	1.0	0.96	0.98	1.0
1350	1.0	1.0	1.0	0.92	1.0	1.0	0.96	1.0	0.98	1.0	1.0	1.0	1.0	0.96	0.96	1.0
1400	1.0	1.0	1.0	0.92	1.0	1.0	0.96	1.0	0.98	1.0	1.0	1.0	1.0	0.96	0.96	1.0
1450	1.0	1.0	1.0	0.92	1.0	1.0	0.96	1.0	0.98	1.0	1.0	1.0	1.0	0.96	0.96	1.0
1500	1.0	1.0	1.0	0.92	1.0	1.0	0.96	1.0	1.0	1.0	1.0	1.0	1.0	0.96	0.98	1.0
1550	1.0	1.0	1.0	0.92	1.0	1.0	0.96	0.98	1.0	1.0	1.0	1.0	1.0	0.96	0.98	1.0
1600	1.0	1.0	1.0	0.92	1.0	1.0	0.96	0.98	1.0	1.0	1.0	1.0	1.0	0.94	0.98	1.0
1650	1.0	1.0	1.0	0.92	1.0	1.0	0.98	0.96	1.0	1.0	1.0	1.0	1.0	0.94	0.98	1.0
1700	1.0	1.0	1.0	0.94	1.0	1.0	0.98	0.96	1.0	1.0	1.0	1.0	1.0	0.94	0.98	1.0
1750	1.0	1.0	1.0	0.96	1.0	1.0	0.98	0.94	1.0	1.0	1.0	1.0	1.0	0.94	0.98	1.0
1800	1.0	1.0	1.0	0.96	1.0	1.0	1.0	0.94	1.0	1.0	0.98	1.0	0.98	0.94	0.98	1.0
1850	1.0	1.0	1.0	0.96	1.0	1.0	1.0	0.94	1.0	1.0	0.96	1.0	0.98	0.94	0.98	1.0
1900	1.0	1.0	1.0	0.98	1.0	1.0	1.0	0.94	1.0	1.0	0.96	1.0	0.98	0.94	0.98	1.0
1950	1.0	1.0	1.0	0.98	1.0	1.0	1.0	0.94	1.0	1.0	0.96	1.0	0.98	0.94	0.98	1.0
2000	1.0	1.0	1.0	0.98	0.98	1.0	1.0	0.94	1.0	1.0	0.96	1.0	0.98	0.94	0.98	0.98
2050	1.0	1.0	1.0	0.98	0.98	1.0	1.0	0.94	1.0	1.0	0.96	1.0	0.98	0.96	0.98	0.96
2100	1.0	1.0	1.0	1.0	0.98	1.0	1.0	0.94	1.0	1.0	0.96	1.0	0.98	0.96	1.0	0.96
2150	1.0	1.0	1.0	1.0	0.98	1.0	1.0	0.94	1.0	1.0	0.94	1.0	0.98	0.96	0.98	0.96
2200	1.0	1.0	1.0	1.0	0.94	1.0	1.0	0.94	1.0	1.0	0.94	1.0	0.96	0.96	0.98	0.96
2250	1.0	1.0	1.0	1.0	0.94	1.0	1.0	0.94	1.0	1.0	0.94	1.0	0.96	0.96	0.98	0.96
2300	1.0	1.0	0.98	1.0	0.94	1.0	1.0	0.94	1.0	1.0	0.94	1.0	0.96	0.96	0.98	0.96
2350	1.0	1.0	0.96	1.0	0.94	1.0	0.98	0.96	1.0	1.0	0.92	1.0	0.96	0.98	0.98	0.96
2400	1.0	1.0	0.96	1.0	0.94	1.0	0.98	0.98	1.0	1.0	0.92	1.0	0.96	0.98	0.98	0.96
2450	1.0	1.0	0.94	1.0	0.92	1.0	0.98	1.0	1.0	1.0	0.92	1.0	0.96	1.0	0.98	0.96
2500	0.98	1.0	0.94	1.0	0.92	1.0	0.96	1.0	1.0	1.0	0.92	1.0	0.96	1.0	0.98	0.96
2550	0.98	1.0	0.94	1.0	0.94	1.0	0.96	1.0	1.0	1.0	0.92	1.0	0.96	1.0	0.98	0.96
2600	0.98	1.0	0.94	1.0	0.94	1.0	0.96	1.0	1.0	1.0	0.94	1.0	0.96	1.0	0.98	0.96
2650	0.98	1.0	0.94	1.0	0.94	1.0	0.96	1.0	0.98	1.0	0.94	1.0	0.96	1.0	0.98	0.96
2700	0.98	1.0	0.94	1.0	0.92	1.0	0.96	1.0	0.98	1.0	0.94	1.0	0.96	1.0	0.98	0.96
2750	0.98	1.0	0.94	1.0	0.92	1.0	0.96	1.0	0.98	1.0	0.94	1.0	0.96	1.0	0.98	0.98
2800	0.98	1.0	0.94	1.0	0.92	1.0	0.96	1.0	0.98	1.0	0.92	1.0	0.96	1.0	1.0	0.98
2850	0.98	1.0	0.94	1.0	0.92	1.0	0.96	1.0	0.98	1.0	0.94	1.0	0.96	0.98	0.98	0.98
2900	0.98	1.0	0.94	1.0	0.96	1.0	0.96	1.0	0.98	1.0	0.94	1.0	0.98	0.98	0.98	0.98
2950	0.98	1.0	0.94	1.0	0.96	1.0	0.96	1.0	0.98	1.0	0.94	1.0	0.98	0.98	0.98	0.98
3000	0.98	1.0	0.94	1.0	0.96	1.0	0.96	1.0	0.98	1.0	0.94	1.0	0.98	0.98	0.98	0.98
3050	0.98	1.0	0.94	1.0	0.96	1.0	0.96	1.0	0.98	1.0	0.94	1.0	1.0	0.98	0.96	0.98
3100	0.98	1.0	0.94	1.0	0.96	1.0	0.98	1.0	0.98	1.0	0.96	1.0	1.0	0.98	0.96	0.98
3150	0.98	1.0	0.94	1.0	0.96	1.0	0.98	1.0	0.98	1.0	0.96	1.0	1.0	0.98	0.96	0.98
3200	0.98	1.0	0.96	1.0	0.96	1.0	1.0	1.0	0.98	1.0	0.96	1.0	1.0	0.98	0.94	0.98
3250	0.96	1.0	0.98	1.0	0.96	1.0	1.0	1.0	0.98	1.0	0.98	1.0	1.0	0.98	0.94	0.98
3300	0.96	1.0	0.98	1.0	0.98	1.0	1.0	1.0	0.98	1.0	0.98	0.98	1.0	0.98	0.94	0.98
3350	0.98	1.0	1.0	1.0	0.98	1.0	1.0	1.0	0.98	1.0	0.98	0.98	0.96	0.98	0.94	0.98
3400	0.98	1.0	1.0	1.0	0.98	1.0	0.98	1.0	1.0	1.0	0.98	0.98	0.96	0.98	0.96	0.96
3450	0.98	1.0	1.0	1.0	0.96	1.0	0.98	1.0	1.0	1.0	0.98	0.98	0.96	0.98	0.96	0.98
3500	0.98	1.0	0.98	1.0	0.96	1.0	0.98	1.0	0.98	1.0	0.98	0.98	0.96	0.98	0.94	0.98
3550	0.98	1.0	0.98	1.0	0.98	1.0	0.98	1.0	0.98	1.0	0.98	0.98	0.96	0.98	0.94	0.98
3600	0.98	1.0	0.98	1.0	0.98	1.0	0.98	1.0	0.98	0.98	0.98	0.96	0.96	0.98	0.94	0.98
3650	0.98	1.0	0.98	1.0	0.98	1.0	0.98	1.0	0.98	0.98	0.98	0.96	0.96	0.98	0.94	0.98
3700	0.98	1.0	0.98	1.0	0.98	1.0	0.98	1.0	0.96	0.98	0.98	0.96	0.96	1.0	0.94	0.98
3750	0.98	1.0	0.98	1.0	0.98	1.0	0.96	1.0	0.96	0.98	1.0	0.96	0.96	1.0	0.94	0.98
3800	0.98	1.0	0.98	1.0	0.98	1.0	0.96	1.0	0.96	0.98	1.0	0.96	0.94	1.0	0.94	0.98
3850	1.0	1.0	0.98	1.0	0.98	1.0	0.94	1.0	0.94	0.98	1.0	0.96	0.94	1.0	0.94	0.98
3900	1.0	1.0	0.98	1.0	0.98	1.0	0.94	1.0	0.94	0.98	1.0	0.96	0.98	1.0	0.96	0.96
3950	1.0	1.0	0.98	1.0	0.98	1.0	0.94	1.0	0.94	0.98	1.0	0.96	0.98	1.0	0.96	0.96
4000	1.0	1.0	0.98	1.0	0.98	1.0	0.94	1.0	0.94	0.98	1.0	0.96	0.98	1.0	0.96	0.96
4050	1.0	1.0	0.98	1.0	0.98	1.0	0.94	1.0	0.94	0.98	1.0	0.96	0.98	1.0	0.96	0.96
4100	1.0	1.0	0.98	1.0	0.98	1.0	0.96	1.0	0.94	0.98	1.0	0.96	0.94	1.0	0.94	0.96
4150	1.0	1.0	0.98	0.98	0.98	1.0	0.96	1.0	0.94	0.98	1.0	0.98	0.94	1.0	0.96	0.96
4200	1.0	1.0	0.98	0.98	1.0	1.0	0.96	1.0	0.94	0.98	1.0	0.98	0.94	1.0	0.96	0.98
4250	1.0	1.0	0.98	0.98	1.0	1.0	0.96	1.0	0.94	0.98	1.0	0.98	0.94	1.0	0.96	0.98
4300	1.0	1.0	1.0	0.98	1.0	1.0	0.96	1.0	0.96	0.98	1.0	0.98	0.94	0.98	0.96	0.98
4350	1.0	1.0	1.0	0.98	0.98	1.0	0.96	1.0	0.96	0.98	1.0	0.98	0.92	0.96	0.96	0.98
4400	1.0	1.0	1.0	0.98	0.98	1.0	0.96	0.98	0.96	0.98	1.0	0.98	0.92	0.96	0.96	0.98
4450	1.0	1.0	1.0	0.98	0.98	1.0	0.96	0.98	0.98	1.0	1.0	1.0	0.92	0.96	0.96	0.98
4500	1.0	1.0	1.0	0.98	0.98	1.0	0.96	0.98	0.98	1.0	1.0	1.0	0.92	0.96	0.96	0.98
4550	1.0	1.0	1.0	0.98	0.98	1.0	0.98	0.96	0.98	1.0	1.0	1.0	0.94	0.96	0.96	0.98
4600	1.0	1.0	1.0	0.98	0.98	1.0	0.98	0.96	0.96	1.0	1.0	1.0	0.94	0.96	0.96	0.98
4650	1.0	1.0	1.0	0.98	0.98	1.0	0.98	0.96	0.96	1.0	1.0	1.0	0.94	0.96	0.96	1.0
4700	1.0	1.0	0.98	0.98	0.98	1.0	1.0	0.96	0.96	1.0	0.98	1.0	0.92	0.94	0.96	1.0
4750	1.0	1.0	0.98	0.98	0.98	1.0	1.0	0.96	0.96	1.0	0.98	1.0	0.92	0.94	0.96	1.0
4800	1.0	1.0	0.98	0.98	0.98	1.0	1.0	0.96	0.96	1.0	0.98	1.0	0.9	0.94	0.96	1.0
4850	1.0	1.0	0.96	0.98	0.98	1.0	1.0	0.96	0.96	1.0	0.98	1.0	0.9	0.94	0.98	1.0
4900	1.0	1.0	0.96	0.98	0.98	1.0	1.0	0.96	0.98	0.98	0.98	1.0	0.9	0.94	0.98	1.0
4950	1.0	1.0	0.96	0.98	0.98	1.0	1.0	0.96	0.98	0.98	0.98	1.0	0.94	0.94	0.98	1.0
5000	1.0	1.0	0.96	0.98	0.98	1.0	1.0	0.96	0.98	0.98	0.98	1.0	0.94	0.92	0.98	1.0
5050	1.0	0.98	0.96	1.0	0.98	1.0	1.0	0.96	0.96	0.98	0.98	1.0	0.94	0.94	0.98	0.98
5100	1.0	0.98	0.96	1.0	1.0	1.0	1.0	0.98	0.96	0.98	0.98	0.98	0.96	0.96	1.0	0.98
5150	1.0	0.98	0.96	1.0	1.0	1.0	1.0	0.98	0.96	0.98	0.98	0.96	0.96	0.96	1.0	0.98
5200	1.0	0.98	0.96	1.0	1.0	1.0	1.0	0.98	0.96	0.98	0.98	0.96	0.96	0.96	1.0	0.98
5250	1.0	0.98	0.96	1.0	1.0	1.0	1.0	1.0	0.96	0.98	0.98	0.96	0.96	0.96	1.0	0.98
5300	1.0	0.98	0.96	1.0	1.0	1.0	1.0	1.0	0.94	0.98	0.98	0.96	0.96	0.98	1.0	0.98
5350	1.0	0.98	0.96	1.0	1.0	1.0	1.0	1.0	0.96	0.98	1.0	0.96	0.96	0.98	1.0	0.96
5400	0.98	0.98	0.96	1.0	1.0	1.0	1.0	1.0	0.96	0.98	1.0	0.96	0.96	0.98	1.0	0.96
5450	0.98	0.98	0.96	1.0	1.0	1.0	1.0	1.0	0.96	0.98	1.0	0.96	1.0	0.96	1.0	0.96
5500	0.98	0.98	0.98	1.0	0.98	1.0	1.0	1.0	0.96	0.98	1.0	0.96	1.0	0.96	1.0	0.94
5550	0.98	0.98	0.98	1.0	0.96	1.0	1.0	1.0	0.96	0.98	1.0	0.96	1.0	0.96	1.0	0.94
5600	0.98	0.98	0.98	1.0	0.96	1.0	1.0	1.0	0.94	0.98	1.0	0.96	1.0	0.96	1.0	0.94
5650	0.98	0.98	0.98	1.0	0.96	1.0	1.0	1.0	0.94	1.0	1.0	0.96	1.0	0.98	1.0	0.94
5700	0.98	0.98	0.98	1.0	0.94	1.0	1.0	1.0	0.94	0.98	1.0	0.96	1.0	0.98	1.0	0.94
5750	0.98	1.0	1.0	0.98	0.94	1.0	1.0	1.0	0.96	0.98	1.0	0.98	1.0	0.98	1.0	0.94
5800	0.98	1.0	1.0	0.98	0.94	1.0	1.0	1.0	0.96	0.98	1.0	1.0	1.0	0.98	1.0	0.96
5850	0.98	1.0	1.0	0.98	0.94	1.0	1.0	1.0	0.96	0.98	1.0	1.0	1.0	0.98	1.0	0.96
5900	0.98	1.0	1.0	0.98	0.94	1.0	1.0	0.98	0.96	0.98	1.0	1.0	1.0	0.98	1.0	0.96
5950	0.96	1.0	1.0	0.98	0.94	1.0	1.0	0.96	0.96	0.98	1.0	1.0	1.0	0.98	1.0	0.96
6000	0.96	1.0	1.0	0.96	0.94	1.0	1.0	0.96	0.98	0.96	1.0	1.0	1.0	0.98	1.0	0.96
6050	0.96	1.0	1.0	0.96	0.94	1.0	1.0	0.96	0.98	0.96	1.0	1.0	1.0	0.98	1.0	0.96
6100	0.96	1.0	1.0	0.96	0.94	1.0	1.0	0.96	0.98	0.94	1.0	1.0	1.0	0.98	1.0	0.98
6150	0.96	1.0	0.98	0.96	0.94	1.0	1.0	0.96	0.98	0.94	1.0	1.0	1.0	0.98	1.0	0.98
6200	0.96	1.0	0.96	0.96	0.94	1.0	1.0	0.96	0.98	0.92	1.0	1.0	1.0	1.0	1.0	0.96
6250	0.96	1.0	0.96	0.96	0.94	1.0	1.0	0.96	0.98	0.9	1.0	1.0	1.0	1.0	1.0	0.96
6300	0.96	1.0	0.96	0.98	0.94	1.0	1.0	0.96	0.98	0.9	1.0	1.0	1.0	1.0	1.0	0.96
6350	0.96	1.0	0.96	0.98	0.96	1.0	1.0	0.96	1.0	0.9	1.0	1.0	1.0	1.0	1.0	0.96
6400	0.96	1.0	0.96	0.98	0.98	1.0	1.0	0.96	1.0	0.9	0.98	1.0	1.0	1.0	1.0	0.96
6450	0.96	1.0	0.96	0.98	0.98	1.0	1.0	0.96	1.0	0.9	0.98	1.0	1.0	1.0	1.0	0.96
6500	0.96	1.0	0.96	0.98	0.98	1.0	1.0	0.96	1.0	0.9	0.98	1.0	1.0	0.98	1.0	0.96
6550	0.96	1.0	0.96	0.98	0.98	1.0	1.0	0.94	1.0	0.88	0.98	1.0	1.0	0.98	1.0	0.96
6600	0.96	1.0	0.96	0.98	0.98	1.0	1.0	0.94	1.0	0.88	0.98	1.0	1.0	0.96	1.0	0.94
6650	0.98	1.0	0.94	0.98	0.98	1.0	1.0	0.94	1.0	0.9	0.98	1.0	1.0	0.96	1.0	0.96
6700	0.98	1.0	0.94	0.98	0.98	1.0	1.0	0.96	1.0	0.9	0.98	1.0	1.0	0.96	1.0	0.96
6750	0.98	1.0	0.94	0.98	0.98	1.0	1.0	0.98	1.0	0.9	0.98	1.0	1.0	0.96	1.0	0.96
6800	1.0	1.0	0.94	0.98	0.98	1.0	0.98	0.98	1.0	0.9	0.98	1.0	1.0	0.96	1.0	0.96
6850	1.0	1.0	0.94	0.98	0.98	1.0	0.98	0.98	1.0	0.9	0.98	1.0	1.0	0.96	1.0	0.96
6900	1.0	1.0	0.94	0.98	0.98	1.0	0.98	0.98	1.0	0.9	0.96	0.98	1.0	0.96	1.0	0.96
6950	0.98	1.0	0.96	0.98	0.98	1.0	0.96	0.98	1.0	0.92	0.96	0.98	1.0	0.96	1.0	0.96
7000	0.98	1.0	0.98	0.98	0.98	1.0	0.96	0.98	1.0	0.94	0.96	0.98	1.0	0.96	1.0	0.96
7050	0.98	1.0	0.98	0.96	0.96	1.0	0.96	0.98	1.0	0.94	0.98	0.98	1.0	0.96	1.0	0.96
7100	0.98	1.0	0.98	0.96	0.96	1.0	0.96	0.98	1.0	0.94	0.98	0.98	1.0	0.96	1.0	0.96
7150	0.98	1.0	0.96	0.96	0.96	1.0	0.96	0.98	1.0	0.94	0.98	0.98	1.0	0.96	1.0	0.96
7200	0.98	1.0	0.96	0.96	0.96	1.0	0.96	0.98	1.0	0.96	0.98	0.96	1.0	0.96	1.0	0.96
7250	0.98	1.0	0.96	0.96	0.96	1.0	0.96	0.98	0.98	0.96	0.98	0.96	1.0	0.96	1.0	0.96
7300	0.98	1.0	0.96	0.96	0.96	1.0	0.96	0.98	0.98	0.96	0.98	0.96	1.0	0.98	1.0	0.96
7350	0.98	1.0	0.96	0.98	0.98	1.0	0.96	0.98	0.98	0.96	0.98	0.96	1.0	1.0	0.98	0.98
7400	0.98	1.0	0.96	0.98	0.98	1.0	0.96	1.0	0.98	0.96	0.98	0.96	1.0	1.0	0.98	0.98
7450	0.98	1.0	0.98	0.98	0.96	1.0	0.96	1.0	0.96	0.98	0.98	0.96	1.0	1.0	0.98	0.98
7500	0.98	1.0	0.98	0.98	0.96	1.0	0.96	1.0	0.96	0.98	0.98	0.98	1.0	1.0	0.98	1.0
7550	0.98	1.0	0.98	0.98	0.96	1.0	0.96	1.0	0.96	0.98	0.96	0.98	1.0	1.0	0.98	1.0
7600	0.98	1.0	0.98	0.98	0.96	1.0	0.96	1.0	0.96	0.98	0.98	0.98	1.0	1.0	0.98	1.0
7650	0.98	1.0	0.98	0.98	0.94	1.0	0.98	1.0	0.96	0.98	0.98	1.0	1.0	0.96	0.98	1.0
7700	0.98	1.0	0.98	0.98	0.94	1.0	0.98	1.0	0.96	0.98	0.98	1.0	1.0	0.96	0.98	1.0
7750	0.98	1.0	0.98	0.98	0.96	1.0	0.98	1.0	0.96	0.98	0.98	1.0	1.0	0.96	0.98	1.0
7800	0.98	1.0	0.98	0.98	0.96	1.0	0.98	1.0	0.96	0.98	0.98	1.0	1.0	0.96	0.98	1.0
7850	0.98	1.0	0.98	1.0	0.96	1.0	1.0	1.0	0.96	0.98	0.98	1.0	1.0	0.96	0.98	1.0
7900	1.0	1.0	1.0	1.0	0.96	1.0	1.0	1.0	0.96	0.98	0.98	1.0	1.0	0.96	0.98	1.0
7950	1.0	1.0	1.0	1.0	0.96	1.0	1.0	1.0	0.96	0.98	0.98	1.0	1.0	0.96	0.96	1.0
8000	1.0	0.98	1.0	1.0	0.98	1.0	1.0	1.0	0.96	0.98	0.98	1.0	1.0	0.96	0.96	1.0
8050	1.0	0.98	1.0	1.0	0.98	1.0	1.0	1.0	0.96	1.0	0.98	1.0	1.0	0.96	0.96	1.0
8100	1.0	0.98	1.0	1.0	0.98	1.0	1.0	1.0	0.98	1.0	0.98	1.0	1.0	0.96	0.96	1.0
8150	1.0	0.98	1.0	1.0	0.98	1.0	0.98	1.0	0.98	1.0	0.98	1.0	1.0	0.96	0.96	1.0
8200	1.0	0.98	1.0	1.0	0.98	1.0	0.98	1.0	0.98	1.0	0.98	1.0	1.0	0.96	0.96	1.0
8250	1.0	0.98	1.0	1.0	1.0	1.0	0.98	1.0	1.0	1.0	0.98	1.0	1.0	0.94	0.94	1.0
8300	1.0	0.98	1.0	1.0	1.0	1.0	0.98	1.0	1.0	1.0	0.98	1.0	1.0	0.94	0.96	1.0
8350	1.0	0.98	1.0	1.0	1.0	1.0	0.98	1.0	1.0	1.0	0.98	1.0	1.0	0.94	0.96	1.0
8400	1.0	0.98	1.0	1.0	1.0	1.0	0.98	1.0	1.0	1.0	0.98	1.0	1.0	0.94	0.96	1.0
8450	1.0	0.98	1.0	1.0	1.0	1.0	0.98	1.0	1.0	1.0	0.98	1.0	1.0	0.92	0.96	0.98
8500	1.0	0.98	1.0	1.0	1.0	1.0	0.98	1.0	1.0	1.0	0.98	1.0	1.0	0.96	0.96	0.98
8550	1.0	0.98	1.0	1.0	1.0	1.0	0.98	1.0	1.0	1.0	0.98	1.0	1.0	0.96	0.96	0.98
8600	1.0	0.98	1.0	1.0	1.0	1.0	0.98	1.0	1.0	1.0	0.98	1.0	1.0	0.94	0.96	0.98
8650	1.0	1.0	1.0	1.0	1.0	1.0	0.98	1.0	1.0	1.0	0.98	1.0	1.0	0.94	0.96	0.98
8700	1.0	1.0	1.0	1.0	1.0	1.0	0.98	1.0	1.0	1.0	0.98	1.0	1.0	0.94	0.96	0.96
8750	1.0	1.0	1.0	1.0	1.0	1.0	0.98	1.0	1.0	1.0	0.98	1.0	1.0	0.94	0.96	0.96
8800	1.0	1.0	1.0	1.0	1.0	1.0	0.98	1.0	1.0	1.0	0.96	1.0	1.0	0.94	0.98	0.96
8850	1.0	0.98	1.0	1.0	1.0	1.0	0.98	1.0	1.0	1.0	0.96	1.0	1.0	0.94	0.98	0.94
8900	1.0	0.98	1.0	1.0	0.98	1.0	0.98	1.0	0.98	1.0	0.96	1.0	1.0	0.96	0.96	0.94
8950	1.0	0.98	1.0	1.0	0.98	1.0	1.0	1.0	0.98	1.0	0.96	0.98	1.0	0.96	0.98	0.94
9000	1.0	0.98	1.0	1.0	0.98	1.0	1.0	0.98	0.98	1.0	0.96	0.98	1.0	0.96	0.98	0.92
9050	1.0	0.96	1.0	1.0	0.98	1.0	1.0	0.98	0.98	1.0	0.96	0.98	1.0	0.96	0.98	0.92
9100	1.0	0.96	1.0	1.0	0.98	1.0	1.0	0.96	0.98	1.0	0.96	0.98	1.0	0.96	0.98	0.92
9150	1.0	0.96	1.0	1.0	0.98	1.0	1.0	0.96	0.98	1.0	0.96	0.98	1.0	0.96	0.98	0.92
9200	1.0	0.96	1.0	1.0	0.98	1.0	1.0	0.96	0.98	1.0	0.96	0.98	1.0	0.98	0.98	0.92
9250	1.0	0.96	1.0	0.98	0.98	1.0	1.0	0.96	0.98	1.0	0.96	0.98	1.0	0.98	0.98	0.92
9300	1.0	0.96	1.0	0.98	0.98	1.0	1.0	0.96	0.98	1.0	0.96	0.98	1.0	0.98	0.98	0.92
9350	1.0	0.96	0.98	0.98	0.98	1.0	0.98	0.96	0.98	1.0	0.96	0.98	1.0	0.98	0.98	0.94
9400	1.0	0.96	0.98	0.98	0.98	1.0	0.98	0.96	0.98	1.0	0.96	0.98	1.0	1.0	0.98	0.94
9450	1.0	0.96	0.98	0.98	0.98	1.0	0.98	0.94	0.98	1.0	0.96	0.98	1.0	1.0	0.98	0.96
9500	1.0	0.96	0.98	0.98	0.98	1.0	0.98	0.94	0.98	1.0	0.96	0.98	1.0	1.0	0.98	0.96
9550	1.0	0.96	0.96	0.98	0.98	1.0	0.98	0.94	0.98	1.0	0.94	0.98	1.0	1.0	0.98	0.96
9600	1.0	0.96	0.96	0.98	0.98	1.0	0.98	0.94	0.98	1.0	0.96	0.98	1.0	1.0	0.98	0.96
9650	1.0	0.98	0.96	0.98	0.98	1.0	0.98	0.94	0.98	0.98	0.96	1.0	1.0	1.0	1.0	0.98
9700	1.0	0.98	0.96	0.98	0.98	1.0	0.98	0.94	0.96	0.98	0.96	0.98	1.0	1.0	1.0	0.98
9750	1.0	0.98	0.96	0.98	0.96	1.0	0.98	0.96	0.98	0.98	0.96	0.98	1.0	1.0	0.98	0.98
9800	1.0	0.98	0.96	0.98	0.96	1.0	0.98	0.96	0.98	0.98	0.96	0.98	1.0	1.0	0.98	1.0
9850	1.0	0.98	0.96	0.98	0.94	1.0	0.98	0.96	0.98	0.98	0.96	0.98	1.0	1.0	0.98	1.0
9900	1.0	0.98	0.96	1.0	0.94	1.0	0.98	0.98	0.96	0.98	0.96	0.98	1.0	1.0	0.98	1.0
9950	1.0	1.0	0.96	1.0	0.94	1.0	0.98	0.98	0.96	0.98	0.96	0.98	1.0	1.0	0.98	1.0
10000	1.0	1.0	0.96	1.0	0.94	1.0	0.98	0.98	0.96	0.98	0.96	0.98	1.0	1.0	0.98	1.0
10050	1.0	1.0	0.96	1.0	0.94	1.0	0.98	0.94	0.96	0.98	0.96	0.98	1.0	1.0	0.98	1.0
10100	1.0	1.0	0.98	1.0	0.94	1.0	0.98	0.94	0.96	0.98	0.96	0.98	1.0	0.98	0.98	1.0
10150	1.0	1.0	0.98	1.0	0.94	1.0	0.98	0.94	0.96	0.98	0.96	0.98	1.0	0.98	0.98	1.0
10200	1.0	0.98	0.98	1.0	0.92	1.0	0.98	0.94	0.96	0.98	0.96	0.98	1.0	0.98	0.98	1.0
10250	1.0	0.98	0.98	1.0	0.92	1.0	0.98	0.94	0.96	0.98	0.96	0.98	1.0	0.98	0.98	1.0
10300	1.0	0.98	0.98	1.0	0.94	1.0	1.0	0.94	0.96	0.98	1.0	0.98	1.0	0.98	0.98	1.0
10350	1.0	0.98	0.96	1.0	0.94	1.0	1.0	0.96	0.96	0.98	1.0	1.0	1.0	0.98	0.98	1.0
10400	1.0	0.98	0.96	1.0	0.94	1.0	1.0	0.94	0.96	0.98	1.0	1.0	1.0	0.98	0.98	1.0
10450	1.0	0.98	0.98	1.0	0.94	1.0	1.0	0.94	0.94	0.98	0.98	1.0	1.0	0.98	0.98	1.0
10500	1.0	0.98	0.98	1.0	0.94	1.0	1.0	0.94	0.94	0.98	0.98	1.0	1.0	0.98	0.98	1.0
10550	1.0	0.98	0.98	1.0	0.94	1.0	1.0	0.94	0.94	1.0	0.98	1.0	1.0	0.98	0.98	1.0
10600	1.0	0.98	0.96	1.0	0.96	1.0	0.98	0.94	0.94	1.0	0.98	1.0	1.0	0.98	1.0	1.0
10650	1.0	0.94	0.96	1.0	0.96	1.0	0.98	0.94	0.94	1.0	0.98	1.0	1.0	0.98	1.0	1.0
10700	1.0	0.94	0.96	1.0	0.96	1.0	0.98	0.94	0.94	0.98	0.98	1.0	1.0	0.98	1.0	1.0
10750	1.0	0.92	0.96	1.0	0.96	1.0	0.98	0.94	0.96	0.98	0.98	1.0	1.0	0.98	1.0	1.0
10800	1.0	0.94	0.96	1.0	0.98	0.98	0.98	0.94	0.96	0.98	0.98	1.0	0.98	0.98	1.0	1.0
10850	1.0	0.94	0.96	1.0	0.98	0.98	0.98	0.98	0.96	0.98	0.98	1.0	0.98	0.98	1.0	1.0
10900	1.0	0.94	0.96	1.0	0.98	0.98	0.98	0.96	0.96	0.98	0.98	1.0	0.98	0.98	1.0	1.0
10950	1.0	0.94	0.96	1.0	0.98	0.98	0.98	0.96	0.94	0.98	0.98	1.0	0.98	0.98	1.0	1.0
11000	1.0	0.94	0.96	1.0	0.98	0.98	0.96	0.96	0.96	0.98	0.98	1.0	0.98	0.98	1.0	1.0
11050	0.98	0.94	0.98	1.0	0.98	0.98	0.96	0.96	0.96	0.96	0.98	1.0	0.98	0.98	1.0	1.0
11100	0.98	0.94	0.96	1.0	1.0	0.98	0.96	0.96	0.96	0.96	0.98	1.0	0.98	0.98	1.0	1.0
11150	0.98	0.94	0.96	1.0	1.0	0.98	0.96	0.98	0.96	0.96	0.98	1.0	0.98	0.98	1.0	1.0
11200	0.98	0.94	0.96	1.0	1.0	0.98	0.96	0.98	0.96	0.96	0.98	1.0	0.98	0.98	1.0	1.0
11250	0.98	0.94	0.96	1.0	1.0	0.98	0.96	0.98	0.94	0.96	0.98	1.0	0.98	0.96	1.0	1.0
11300	0.98	0.98	0.96	1.0	1.0	0.98	0.96	0.98	0.92	0.96	1.0	1.0	0.98	0.96	1.0	1.0
11350	0.98	0.98	0.98	1.0	1.0	0.96	0.96	0.98	0.92	0.96	1.0	1.0	0.98	0.96	1.0	1.0
11400	0.98	0.98	0.98	1.0	1.0	0.96	0.96	0.98	0.92	0.94	1.0	1.0	0.98	0.96	0.98	1.0
11450	0.98	0.98	0.98	1.0	1.0	0.96	0.96	0.98	0.92	0.94	1.0	0.98	0.98	0.96	0.98	1.0
11500	0.98	1.0	0.98	1.0	1.0	0.96	0.96	0.98	0.92	0.94	1.0	0.98	0.98	0.96	0.98	1.0
11550	0.98	1.0	0.98	1.0	1.0	0.96	0.98	0.98	0.92	0.94	1.0	0.98	1.0	0.96	0.96	1.0
11600	0.98	1.0	0.98	1.0	1.0	0.96	0.98	0.98	0.94	0.94	1.0	0.98	1.0	0.96	0.96	1.0
11650	0.98	0.98	0.98	1.0	1.0	0.96	0.98	0.98	0.94	0.96	1.0	0.98	1.0	0.96	0.94	1.0
11700	0.98	0.98	0.98	1.0	1.0	0.96	0.98	0.98	0.94	0.96	1.0	0.98	1.0	0.96	0.94	1.0
11750	0.98	0.98	0.98	1.0	1.0	0.96	1.0	0.98	0.94	0.96	1.0	0.98	1.0	0.98	0.94	1.0
11800	0.98	0.98	0.98	1.0	0.98	0.98	1.0	0.98	0.94	0.94	1.0	0.98	1.0	0.98	0.94	1.0
11850	0.98	0.98	0.98	1.0	0.98	0.98	1.0	0.98	0.94	0.94	1.0	0.98	1.0	1.0	0.94	1.0
11900	0.98	0.98	0.98	1.0	0.98	0.98	1.0	1.0	0.94	0.96	1.0	0.98	1.0	0.98	0.94	1.0
11950	0.98	0.98	0.98	1.0	0.98	0.98	1.0	1.0	0.94	0.96	1.0	0.98	1.0	0.98	0.94	1.0
12000	0.98	0.98	0.98	1.0	0.98	0.98	1.0	1.0	0.96	0.96	1.0	0.98	1.0	0.98	0.94	1.0
12050	0.98	0.96	0.98	1.0	0.96	0.98	1.0	0.98	0.96	0.96	1.0	0.98	1.0	0.98	0.92	1.0
12100	0.98	0.96	1.0	1.0	0.96	0.98	1.0	0.98	0.96	0.96	1.0	0.98	1.0	0.98	0.92	1.0
12150	0.98	0.96	1.0	1.0	0.96	0.98	1.0	0.98	0.96	0.96	1.0	0.98	1.0	0.98	0.92	1.0
12200	0.98	0.96	1.0	1.0	0.96	0.98	1.0	0.98	0.96	0.96	1.0	0.98	1.0	0.98	0.94	1.0
12250	0.98	0.96	0.98	1.0	0.96	0.98	1.0	0.98	0.96	0.96	1.0	1.0	1.0	0.98	0.94	1.0
12300	0.98	0.96	0.98	1.0	0.96	1.0	1.0	0.98	0.96	0.96	0.98	1.0	1.0	0.98	0.96	1.0
12350	0.98	0.96	0.98	1.0	0.96	1.0	1.0	0.96	0.96	0.98	0.98	1.0	1.0	0.98	0.98	1.0
12400	0.98	0.96	0.98	1.0	0.94	1.0	1.0	0.96	0.96	0.98	0.98	1.0	1.0	0.98	0.98	1.0
12450	0.98	0.96	0.98	1.0	0.94	1.0	1.0	0.96	0.96	0.98	0.98	1.0	1.0	0.98	0.98	1.0
12500	0.98	0.96	0.98	1.0	0.96	1.0	0.98	0.96	0.96	0.98	0.98	1.0	1.0	0.96	0.98	1.0
12550	0.98	0.96	0.98	1.0	0.96	1.0	0.98	0.96	0.96	1.0	0.98	1.0	1.0	0.96	0.98	1.0
12600	0.98	0.96	0.98	1.0	0.96	1.0	0.98	0.96	0.96	1.0	0.98	1.0	1.0	0.96	0.98	1.0
12650	0.96	0.96	0.98	1.0	0.96	1.0	0.98	0.96	0.96	1.0	0.96	1.0	1.0	0.96	0.98	1.0
12700	0.96	0.98	0.98	1.0	0.96	1.0	0.98	0.96	0.96	1.0	0.96	1.0	1.0	0.96	0.98	1.0
12750	0.96	0.98	0.98	1.0	0.96	1.0	0.98	0.96	0.92	1.0	0.96	1.0	1.0	0.96	0.98	1.0
12800	0.96	0.98	0.96	1.0	0.94	1.0	0.98	0.98	0.92	1.0	0.96	1.0	1.0	0.96	0.98	1.0
12850	0.96	0.98	0.96	0.98	0.94	1.0	0.98	0.96	0.92	1.0	0.96	1.0	1.0	0.96	0.98	1.0
12900	0.98	0.98	0.96	0.98	0.94	1.0	0.98	0.96	0.92	1.0	0.96	1.0	1.0	0.96	0.96	1.0
12950	0.98	0.98	0.96	0.98	0.94	1.0	0.98	0.96	0.9	1.0	0.96	1.0	1.0	0.98	0.98	1.0
13000	0.98	0.98	0.98	0.98	0.94	1.0	0.98	0.96	0.9	1.0	0.96	1.0	1.0	0.96	0.98	1.0
13050	0.98	1.0	0.96	0.98	0.94	1.0	0.98	0.96	0.9	1.0	0.96	1.0	1.0	0.96	0.98	1.0
13100	0.98	1.0	0.96	0.98	0.94	1.0	0.98	0.98	0.94	1.0	0.98	1.0	1.0	0.96	0.98	1.0
13150	0.98	1.0	0.94	0.98	0.94	1.0	0.98	0.98	0.94	1.0	0.98	1.0	1.0	0.96	0.98	1.0
13200	0.98	1.0	0.92	0.98	0.94	1.0	0.98	0.98	0.94	1.0	0.98	1.0	1.0	0.96	0.98	1.0
13250	0.98	1.0	0.9	0.98	0.92	1.0	0.98	0.98	0.94	1.0	0.98	1.0	1.0	0.96	0.98	1.0
13300	0.98	1.0	0.9	0.98	0.94	1.0	0.98	0.98	0.94	1.0	0.94	1.0	1.0	0.96	0.98	1.0
13350	0.98	1.0	0.9	0.98	0.94	1.0	0.98	0.98	0.94	1.0	0.96	1.0	1.0	0.98	0.98	1.0
13400	0.98	1.0	0.88	0.98	0.94	1.0	1.0	0.98	0.94	1.0	0.96	0.98	1.0	0.96	0.98	1.0
13450	1.0	0.98	0.88	0.98	0.94	1.0	1.0	0.98	0.94	1.0	0.96	0.98	1.0	0.96	0.98	1.0
13500	1.0	0.98	0.9	0.98	0.94	1.0	1.0	0.98	0.94	1.0	0.96	0.98	1.0	0.96	0.98	1.0
13550	1.0	0.98	0.9	0.98	0.94	1.0	1.0	0.98	0.94	1.0	0.96	0.98	1.0	0.96	0.96	1.0
13600	1.0	0.98	0.88	1.0	0.94	1.0	1.0	0.98	0.94	1.0	0.96	0.98	1.0	0.96	0.96	1.0
13650	1.0	0.98	0.88	1.0	0.94	1.0	1.0	0.98	0.94	1.0	0.96	0.98	1.0	0.96	0.98	1.0
13700	1.0	0.98	0.86	1.0	0.94	1.0	1.0	0.98	0.94	1.0	0.96	0.98	1.0	0.96	0.98	1.0
13750	1.0	0.98	0.88	1.0	0.96	0.98	1.0	1.0	0.94	1.0	0.96	0.98	1.0	0.98	0.98	1.0
13800	1.0	0.98	0.9	1.0	0.96	0.98	0.96	1.0	0.94	1.0	0.96	0.98	1.0	0.98	0.98	1.0
13850	1.0	0.98	0.92	1.0	0.98	0.98	0.96	1.0	0.94	1.0	0.96	0.98	1.0	0.98	0.98	1.0
13900	1.0	0.98	0.94	1.0	0.98	0.98	0.96	1.0	0.92	1.0	0.96	0.98	1.0	0.98	0.98	1.0
13950	1.0	0.98	0.94	1.0	0.98	0.98	0.96	1.0	0.92	1.0	0.96	0.98	1.0	0.98	0.98	1.0
14000	1.0	0.98	0.96	1.0	0.98	0.98	0.96	1.0	0.92	1.0	0.98	0.98	1.0	0.98	0.98	0.98
14050	1.0	0.98	0.96	1.0	0.98	0.98	0.96	0.98	0.9	0.98	1.0	0.98	1.0	0.98	0.98	0.98
14100	1.0	0.98	0.94	1.0	0.98	0.98	0.96	0.98	0.9	0.98	0.98	0.98	1.0	0.98	0.98	0.98
14150	1.0	0.96	0.94	1.0	1.0	0.98	0.94	0.96	0.9	0.98	0.96	1.0	1.0	0.94	0.98	0.98
14200	1.0	0.96	0.94	1.0	1.0	0.98	0.94	0.96	0.9	0.98	0.96	0.98	1.0	0.94	0.98	0.98
14250	1.0	0.96	0.94	1.0	1.0	0.98	0.94	0.96	0.9	0.98	0.96	0.96	1.0	0.94	0.98	0.96
14300	1.0	0.96	0.94	1.0	1.0	0.98	0.94	0.96	0.9	0.98	0.96	0.96	1.0	0.96	0.98	0.94
14350	1.0	0.96	0.94	1.0	1.0	0.98	0.94	0.96	0.9	0.98	0.96	0.96	1.0	0.96	0.98	0.94
14400	1.0	0.96	0.94	1.0	1.0	0.98	0.92	0.96	0.94	0.98	0.96	0.96	1.0	0.96	0.98	0.94
14450	1.0	0.96	0.96	1.0	1.0	0.98	0.92	0.96	0.94	0.98	0.96	0.96	1.0	0.96	0.98	0.94
14500	1.0	0.96	0.98	1.0	0.98	0.98	0.92	0.96	0.94	0.98	0.96	0.96	1.0	0.96	0.98	0.94
14550	1.0	0.96	0.98	1.0	0.98	0.98	0.94	0.96	0.94	0.98	0.96	0.96	1.0	0.94	0.98	0.94
14600	1.0	0.96	0.98	1.0	0.98	0.98	0.94	0.96	0.94	0.98	0.96	0.94	1.0	0.94	1.0	0.92
14650	1.0	0.96	0.98	1.0	0.96	1.0	0.94	0.96	0.94	0.98	0.96	0.94	1.0	0.94	1.0	0.92
14700	1.0	0.96	0.96	1.0	0.96	1.0	0.9	0.96	0.96	0.98	0.96	0.94	1.0	0.94	1.0	0.92
14750	1.0	0.96	0.96	1.0	0.96	1.0	0.9	0.96	0.96	0.98	0.96	0.94	1.0	0.94	1.0	0.92
14800	1.0	0.96	0.96	1.0	0.96	1.0	0.9	0.98	0.98	1.0	0.96	0.94	1.0	0.92	1.0	0.92
14850	1.0	0.98	0.98	1.0	0.96	0.98	0.92	0.98	0.98	1.0	0.96	0.94	1.0	0.92	1.0	0.94
14900	1.0	0.98	0.98	1.0	0.96	0.98	0.92	1.0	1.0	1.0	0.96	0.94	1.0	0.92	1.0	0.92
14950	1.0	0.98	0.98	1.0	0.96	0.98	0.92	1.0	0.98	1.0	0.96	0.94	1.0	0.92	1.0	0.92
15000	1.0	0.98	0.98	1.0	0.96	0.98	0.9	1.0	0.98	1.0	0.98	0.96	1.0	0.96	1.0	0.92
15050	1.0	1.0	0.98	1.0	0.96	0.98	0.9	1.0	0.96	1.0	0.96	0.96	1.0	0.96	0.98	0.92
15100	1.0	1.0	0.96	1.0	0.96	0.98	0.9	1.0	0.96	1.0	0.96	0.96	1.0	0.96	0.98	0.92
15150	1.0	1.0	0.96	1.0	0.96	0.98	0.9	1.0	0.96	1.0	0.96	0.96	1.0	0.96	0.98	0.92
15200	1.0	1.0	0.96	1.0	0.96	0.98	0.9	1.0	0.96	1.0	0.94	0.96	1.0	0.96	0.98	0.92
15250	1.0	1.0	0.96	1.0	0.96	0.98	0.9	1.0	0.96	1.0	0.94	0.96	1.0	0.98	0.98	0.94
15300	1.0	1.0	0.96	1.0	0.96	0.98	0.92	1.0	0.96	1.0	0.94	0.96	1.0	0.98	0.98	0.94
15350	1.0	1.0	0.96	1.0	0.96	0.98	0.94	1.0	0.96	1.0	0.94	0.96	1.0	0.98	0.98	0.94
15400	1.0	1.0	0.96	1.0	0.98	0.98	0.94	1.0	0.94	1.0	0.94	0.96	1.0	0.98	0.98	0.94
15450	1.0	1.0	0.98	1.0	0.98	0.98	0.94	1.0	0.94	1.0	0.92	0.96	1.0	1.0	0.98	0.94
15500	1.0	1.0	0.98	1.0	0.98	0.98	0.94	0.98	0.92	1.0	0.92	0.96	1.0	1.0	0.98	0.94
15550	1.0	1.0	0.98	1.0	0.98	0.98	0.94	0.98	0.92	1.0	0.92	0.98	1.0	1.0	0.98	0.96
15600	1.0	1.0	0.98	1.0	1.0	0.98	0.94	0.98	0.92	1.0	0.9	0.98	1.0	1.0	0.98	0.96
15650	1.0	1.0	0.98	1.0	0.98	0.98	0.94	0.98	0.9	1.0	0.9	0.98	1.0	1.0	0.98	0.96
15700	1.0	1.0	0.98	1.0	0.98	1.0	0.94	0.98	0.9	1.0	0.9	0.98	1.0	1.0	0.98	0.96
15750	1.0	1.0	0.98	1.0	0.98	1.0	0.94	0.98	0.92	1.0	0.9	0.98	1.0	1.0	0.98	0.96
15800	1.0	1.0	0.98	1.0	0.98	1.0	0.98	0.98	0.9	1.0	0.9	0.98	1.0	1.0	0.98	0.98
15850	1.0	1.0	0.98	1.0	0.98	1.0	0.98	0.98	0.9	1.0	0.92	0.98	1.0	1.0	0.98	0.98
15900	1.0	1.0	0.98	1.0	0.98	1.0	1.0	0.98	0.9	1.0	0.92	1.0	1.0	1.0	1.0	0.98
15950	1.0	1.0	1.0	1.0	0.98	1.0	1.0	0.98	0.92	1.0	0.92	1.0	1.0	1.0	1.0	0.98
16000	1.0	1.0	1.0	1.0	0.98	1.0	1.0	0.98	0.92	1.0	0.94	1.0	1.0	1.0	1.0	0.98
16050	1.0	1.0	1.0	1.0	0.96	1.0	1.0	0.96	0.92	1.0	0.94	1.0	1.0	1.0	0.98	1.0
16100	1.0	1.0	1.0	1.0	0.96	1.0	0.98	0.96	0.88	1.0	0.96	1.0	1.0	1.0	0.98	0.98
16150	1.0	1.0	1.0	1.0	0.96	1.0	0.98	0.96	0.88	1.0	0.96	1.0	1.0	1.0	0.98	0.98
16200	1.0	1.0	1.0	1.0	0.96	1.0	0.98	0.98	0.88	1.0	0.96	1.0	1.0	1.0	0.98	0.98
16250	1.0	1.0	1.0	1.0	0.96	1.0	0.96	0.98	0.88	1.0	0.96	1.0	1.0	1.0	0.98	0.98
16300	1.0	1.0	1.0	1.0	0.96	1.0	0.96	0.98	0.86	1.0	0.96	1.0	1.0	1.0	0.98	0.98
16350	1.0	1.0	1.0	1.0	0.94	1.0	0.96	0.96	0.88	1.0	0.96	1.0	1.0	1.0	0.98	0.96
16400	1.0	1.0	1.0	1.0	0.92	1.0	0.96	0.96	0.88	1.0	0.96	1.0	1.0	1.0	0.98	0.96
16450	1.0	1.0	1.0	1.0	0.92	1.0	0.96	0.96	0.88	1.0	0.98	1.0	1.0	1.0	0.98	0.96
16500	1.0	1.0	1.0	1.0	0.9	1.0	0.96	0.96	0.88	1.0	0.98	1.0	1.0	1.0	0.98	0.96
16550	1.0	1.0	1.0	1.0	0.9	1.0	0.96	0.96	0.88	1.0	1.0	1.0	1.0	1.0	0.98	0.96
16600	1.0	1.0	1.0	1.0	0.9	1.0	0.96	0.94	0.88	1.0	1.0	1.0	1.0	1.0	0.98	0.96
16650	1.0	1.0	1.0	1.0	0.9	1.0	0.96	0.94	0.88	1.0	1.0	1.0	1.0	1.0	0.98	0.96
16700	1.0	1.0	1.0	1.0	0.9	1.0	0.96	0.94	0.88	1.0	1.0	0.98	1.0	1.0	1.0	0.96
16750	1.0	1.0	1.0	1.0	0.9	1.0	0.96	0.96	0.9	1.0	0.98	0.98	1.0	1.0	1.0	0.96
16800	1.0	1.0	1.0	1.0	0.88	1.0	0.96	0.96	0.9	1.0	0.98	0.98	1.0	1.0	1.0	0.96
16850	1.0	0.98	1.0	1.0	0.9	1.0	0.96	0.96	0.9	1.0	0.98	0.98	1.0	1.0	1.0	0.98
16900	1.0	0.98	1.0	1.0	0.9	1.0	0.94	0.96	0.9	1.0	0.98	0.98	1.0	1.0	1.0	0.98
16950	1.0	0.98	1.0	1.0	0.9	1.0	0.96	0.96	0.9	1.0	0.98	0.96	1.0	1.0	1.0	0.98
17000	1.0	0.98	1.0	1.0	0.9	1.0	0.96	0.98	0.88	1.0	0.98	0.96	1.0	1.0	1.0	0.98
17050	1.0	0.98	1.0	1.0	0.88	1.0	0.96	0.96	0.88	1.0	0.98	0.96	1.0	1.0	1.0	0.98
17100	1.0	0.98	1.0	1.0	0.92	1.0	0.98	0.96	0.88	1.0	0.98	0.94	1.0	1.0	1.0	0.98
17150	1.0	0.98	1.0	1.0	0.92	1.0	0.98	0.96	0.92	1.0	0.98	0.94	1.0	1.0	1.0	0.98
17200	1.0	0.98	1.0	1.0	0.94	1.0	0.98	0.96	0.94	1.0	0.98	0.94	1.0	1.0	1.0	0.98
17250	1.0	0.98	1.0	1.0	0.94	1.0	0.98	0.96	0.96	1.0	0.98	0.94	1.0	1.0	1.0	0.96
17300	1.0	0.96	1.0	1.0	0.94	1.0	0.96	0.96	0.96	1.0	0.98	0.94	1.0	1.0	1.0	0.98
17350	1.0	0.96	1.0	1.0	0.94	1.0	0.96	0.98	0.96	1.0	0.98	0.94	1.0	1.0	1.0	0.96
17400	1.0	0.96	1.0	1.0	0.94	1.0	0.96	0.98	0.98	1.0	0.98	0.94	1.0	1.0	1.0	0.94
17450	1.0	0.96	1.0	1.0	0.94	1.0	0.94	0.98	0.98	1.0	0.98	0.94	1.0	1.0	1.0	0.94
17500	1.0	0.96	1.0	1.0	0.92	1.0	0.94	0.98	0.98	1.0	0.98	0.96	1.0	1.0	1.0	0.94
17550	1.0	0.96	1.0	1.0	0.9	1.0	0.9	0.98	0.98	1.0	0.98	0.96	1.0	1.0	1.0	0.94
17600	1.0	0.96	1.0	1.0	0.9	1.0	0.9	0.98	0.98	1.0	1.0	0.98	1.0	1.0	1.0	0.94
17650	1.0	0.96	1.0	1.0	0.92	1.0	0.92	0.98	0.98	1.0	1.0	0.98	1.0	1.0	1.0	0.92
17700	1.0	0.96	1.0	1.0	0.9	1.0	0.9	0.98	0.96	1.0	1.0	0.98	1.0	1.0	1.0	0.92
17750	1.0	0.96	1.0	1.0	0.9	1.0	0.9	0.98	0.98	0.98	1.0	1.0	1.0	0.98	1.0	0.92
17800	1.0	0.98	1.0	1.0	0.88	1.0	0.88	0.98	0.96	0.98	1.0	1.0	1.0	0.98	1.0	0.92
17850	1.0	0.98	1.0	1.0	0.9	1.0	0.88	0.98	0.94	0.98	1.0	1.0	1.0	0.98	1.0	0.92
17900	1.0	0.98	1.0	1.0	0.9	1.0	0.88	0.98	0.94	0.98	1.0	1.0	1.0	0.98	1.0	0.88
17950	1.0	0.96	1.0	1.0	0.9	1.0	0.88	0.98	0.92	0.98	1.0	1.0	0.98	0.98	1.0	0.88
18000	1.0	0.96	1.0	1.0	0.94	1.0	0.88	1.0	0.92	0.98	1.0	1.0	0.98	0.98	1.0	0.88
18050	1.0	0.96	1.0	1.0	0.94	1.0	0.88	1.0	0.92	0.98	1.0	1.0	0.98	0.98	1.0	0.86
18100	1.0	0.96	1.0	1.0	0.96	1.0	0.88	1.0	0.92	0.98	1.0	1.0	0.98	0.98	1.0	0.88
18150	1.0	0.96	1.0	1.0	0.94	1.0	0.88	1.0	0.92	0.98	0.98	1.0	0.98	0.98	1.0	0.88
18200	1.0	0.94	1.0	1.0	0.9	1.0	0.9	1.0	0.92	0.98	0.98	1.0	0.98	0.96	1.0	0.88
18250	1.0	0.96	1.0	1.0	0.9	1.0	0.92	1.0	0.92	0.98	0.98	1.0	0.98	0.96	1.0	0.9
18300	1.0	0.96	1.0	1.0	0.9	1.0	0.94	1.0	0.92	0.98	0.98	1.0	0.98	0.96	1.0	0.9
18350	1.0	0.96	1.0	1.0	0.88	1.0	0.96	1.0	0.9	0.98	0.98	1.0	0.98	0.96	1.0	0.9
18400	1.0	0.96	1.0	1.0	0.9	1.0	0.96	1.0	0.92	0.98	0.98	1.0	0.98	0.96	0.98	0.9
18450	1.0	0.96	1.0	1.0	0.9	1.0	0.98	1.0	0.92	0.98	0.98	1.0	0.98	0.96	0.98	0.9
18500	1.0	0.96	1.0	1.0	0.9	1.0	1.0	1.0	0.92	1.0	0.98	1.0	0.98	0.96	0.98	0.9
18550	1.0	0.96	1.0	1.0	0.9	1.0	1.0	1.0	0.96	1.0	0.98	1.0	0.98	0.96	0.98	0.9
18600	1.0	0.94	1.0	1.0	0.9	1.0	1.0	1.0	0.96	1.0	0.98	1.0	0.98	0.96	0.98	0.9
18650	1.0	0.94	1.0	1.0	0.9	1.0	0.98	1.0	0.96	1.0	0.98	1.0	0.98	0.96	0.98	0.88
18700	1.0	0.94	1.0	1.0	0.9	1.0	0.98	1.0	0.98	1.0	0.98	0.98	0.98	0.98	0.98	0.92
18750	1.0	0.96	1.0	1.0	0.9	1.0	0.98	1.0	0.98	1.0	0.98	0.98	0.98	0.98	0.98	0.92
18800	1.0	0.96	1.0	1.0	0.9	1.0	0.98	1.0	0.98	1.0	0.98	0.98	1.0	0.98	0.98	0.92
18850	1.0	0.98	1.0	1.0	0.9	1.0	0.98	1.0	0.98	1.0	0.96	0.98	1.0	0.98	0.96	0.92
18900	1.0	0.98	1.0	1.0	0.92	1.0	0.98	1.0	0.98	1.0	0.98	0.98	1.0	0.98	0.96	0.9
18950	1.0	0.96	1.0	1.0	0.92	1.0	0.98	1.0	0.98	1.0	0.98	0.98	1.0	0.98	0.96	0.9
19000	1.0	0.96	1.0	1.0	0.9	1.0	0.98	1.0	0.98	1.0	0.98	0.98	1.0	0.98	0.96	0.9
19050	1.0	0.96	1.0	1.0	0.92	1.0	0.98	1.0	0.98	1.0	0.98	0.98	1.0	0.98	0.96	0.92
19100	1.0	0.96	1.0	1.0	0.9	1.0	0.96	1.0	0.98	1.0	0.98	0.98	1.0	0.98	0.96	0.92
19150	1.0	0.96	1.0	1.0	0.94	1.0	0.96	1.0	1.0	1.0	0.98	0.98	1.0	0.98	0.96	0.92
19200	1.0	0.96	1.0	1.0	0.94	1.0	0.94	1.0	1.0	1.0	0.98	0.98	1.0	0.98	0.98	0.92
19250	1.0	0.96	1.0	1.0	0.94	1.0	0.94	1.0	1.0	1.0	0.98	0.98	0.98	1.0	0.98	0.92
19300	1.0	0.96	1.0	1.0	0.94	1.0	0.94	1.0	1.0	1.0	0.98	0.98	0.98	1.0	0.96	0.94
19350	1.0	0.96	1.0	1.0	0.94	1.0	0.94	1.0	1.0	1.0	0.96	0.98	0.98	1.0	0.96	0.92
19400	1.0	0.98	1.0	1.0	0.94	1.0	0.94	1.0	1.0	1.0	0.96	0.96	0.98	1.0	0.94	0.92
19450	1.0	0.98	1.0	1.0	0.94	1.0	0.92	1.0	1.0	1.0	0.96	0.94	0.98	1.0	0.94	0.92
19500	1.0	0.98	1.0	1.0	0.94	1.0	0.92	1.0	1.0	1.0	0.96	0.94	0.98	1.0	0.94	0.94
19550	1.0	0.98	1.0	1.0	0.94	1.0	0.92	1.0	1.0	1.0	0.96	0.94	0.98	0.98	0.94	0.94
19600	1.0	0.98	1.0	1.0	0.94	1.0	0.9	1.0	1.0	1.0	0.96	0.94	0.98	0.98	0.94	0.94
19650	1.0	0.98	1.0	1.0	0.94	1.0	0.9	1.0	1.0	1.0	0.96	0.94	0.98	0.98	0.96	0.94
19700	1.0	0.96	1.0	1.0	0.94	1.0	0.9	1.0	1.0	1.0	0.96	0.94	0.98	0.98	0.96	0.94
19750	1.0	0.98	1.0	1.0	0.9	1.0	0.88	1.0	1.0	1.0	0.96	0.94	0.98	0.98	0.96	0.94
19800	1.0	0.98	1.0	1.0	0.94	1.0	0.88	1.0	1.0	1.0	0.96	0.94	0.98	0.98	0.96	0.94
19850	1.0	0.98	1.0	1.0	0.94	1.0	0.88	1.0	1.0	1.0	0.96	0.94	0.98	0.98	0.96	0.96
19900	1.0	0.98	1.0	1.0	0.94	1.0	0.9	1.0	1.0	1.0	0.96	0.94	0.98	0.98	0.96	0.96
19950	1.0	0.98	1.0	1.0	0.96	1.0	0.9	1.0	1.0	1.0	0.96	0.94	0.98	0.98	0.96	0.94
20000	1.0	0.98	1.0	1.0	0.96	1.0	0.9	1.0	1.0	1.0	0.96	0.94	0.98	0.98	0.98	0.94
