0	0	0	0	0	0	0	0	0	0	0	0	0	0	0	0	0	0
50	3	2	1	1	1	1	2	2	3	1	2	3	2	2	2	3	9
100	5	4	3	3	3	2	3	6	5	4	4	5	5	5	4	4	24
150	6	5	5	5	4	6	6	7	6	7	5	7	7	5	5	5	34
200	6	6	6	5	7	6	6	7	6	7	7	7	7	5	8	7	38
250	8	6	6	6	7	7	8	9	7	8	7	8	8	8	8	8	45
300	8	7	6	7	7	7	8	10	7	8	7	9	8	8	8	9	46
350	8	8	6	7	8	8	8	11	7	9	8	10	9	9	8	9	50
400	8	10	7	7	9	8	9	11	7	9	8	11	10	10	9	9	56
450	9	10	8	7	9	8	9	11	8	9	8	11	11	10	9	9	57
500	9	10	9	7	9	8	10	13	9	9	8	11	12	10	10	9	61
550	9	10	10	8	9	8	11	13	9	9	9	11	12	10	10	9	61
600	9	11	10	8	10	8	10	13	9	10	11	12	12	10	10	9	60
650	10	11	10	8	10	8	10	14	9	10	11	12	12	11	11	9	62
700	10	11	10	9	10	8	10	14	10	10	11	12	12	13	11	9	66
750	10	12	10	10	11	8	10	15	10	10	11	12	12	13	11	9	69
800	10	12	10	10	11	8	10	15	10	10	11	12	12	14	11	9	71
850	10	12	11	10	11	8	10	16	10	10	11	12	12	14	11	9	73
900	10	12	11	10	11	8	10	16	10	10	11	12	12	14	11	9	72
950	10	12	13	10	12	8	10	17	10	10	11	12	12	14	11	9	72
1000	10	12	13	10	12	9	10	18	10	10	11	13	12	14	11	9	73
1050	10	12	13	10	12	9	10	18	10	10	11	13	12	14	11	9	72
1100	10	12	14	10	12	9	10	18	10	10	11	13	12	14	11	9	73
1150	10	12	14	10	12	9	10	18	10	10	11	13	12	14	11	9	72
1200	12	12	14	10	12	10	10	18	10	10	11	14	12	14	11	9	73
1250	13	13	15	10	12	10	10	18	10	10	11	14	12	14	11	9	74
1300	15	13	15	10	12	10	10	18	10	10	11	14	12	14	11	9	77
1350	17	14	15	9	12	10	11	19	10	10	11	14	12	14	11	9	82
1400	17	14	15	9	12	12	11	19	10	11	11	14	12	14	11	9	82
1450	17	15	15	9	12	12	11	19	10	11	11	16	12	15	11	9	85
1500	17	15	15	9	12	13	11	19	10	12	11	16	12	15	11	9	87
1550	17	16	15	9	12	13	11	19	10	13	11	16	12	15	11	9	88
1600	16	16	15	9	12	13	11	19	10	13	11	16	12	15	11	9	87
1650	16	16	15	9	12	13	11	19	10	14	11	17	12	15	11	9	86
1700	17	16	15	9	12	13	11	20	10	14	11	17	12	15	11	9	89
1750	20	16	15	9	12	14	11	20	10	15	11	17	12	15	11	9	90
1800	21	16	15	9	12	15	11	20	10	15	11	17	12	15	11	9	93
1850	21	16	15	9	12	15	11	20	10	15	11	17	12	15	11	9	93
1900	21	16	15	9	12	15	11	20	10	15	11	18	12	15	11	10	94
1950	21	16	15	9	12	15	12	20	10	15	11	18	12	15	11	10	95
2000	21	16	15	9	12	15	12	20	10	15	11	18	12	15	11	11	95
2050	21	16	15	9	12	16	12	20	10	15	11	18	12	15	11	11	95
2100	22	16	15	9	12	16	12	20	10	15	11	17	12	15	11	11	95
2150	22	16	15	9	12	16	12	20	10	15	11	17	12	15	11	11	94
2200	22	16	15	9	12	16	13	20	10	15	11	17	12	15	11	11	95
2250	22	16	15	9	12	16	14	20	10	15	11	18	12	15	11	11	97
2300	22	16	15	9	12	16	14	20	10	15	11	18	12	15	11	11	98
2350	22	16	15	9	12	16	14	20	10	15	11	18	12	15	11	12	97
2400	23	16	15	9	12	16	15	20	10	15	11	18	12	15	11	12	96
2450	23	16	15	9	12	16	15	20	10	15	11	18	12	15	11	12	96
2500	24	16	15	9	12	16	15	20	10	15	11	18	12	15	11	12	96
2550	25	16	15	9	12	16	15	20	10	15	12	18	12	15	11	13	98
2600	27	16	15	9	12	16	17	20	10	15	12	20	12	15	11	14	103
2650	27	16	15	9	12	16	15	20	10	15	12	21	12	15	11	14	103
2700	27	16	15	9	12	16	15	20	10	15	13	21	12	15	11	14	102
2750	27	16	15	9	12	16	15	20	10	15	13	21	12	15	11	14	104
2800	28	16	15	9	12	16	15	20	10	15	12	21	12	15	11	14	105
2850	28	16	15	9	12	16	15	20	10	15	13	21	12	15	11	14	106
2900	29	16	15	9	12	16	15	20	10	15	13	21	12	15	11	14	106
2950	29	16	15	9	12	16	15	20	10	15	14	22	12	15	11	14	105
3000	29	16	15	9	12	16	15	20	10	15	14	23	12	15	11	14	106
3050	29	16	15	9	12	16	16	20	10	15	15	23	12	15	11	14	107
3100	29	16	15	9	12	16	16	19	10	15	15	23	12	15	11	14	107
3150	29	16	15	9	12	16	16	19	10	15	15	23	12	15	11	14	107
3200	29	16	15	9	12	16	16	19	10	15	16	23	12	15	12	14	108
3250	29	16	15	9	12	16	16	19	10	15	16	23	12	15	13	14	110
3300	29	16	15	9	12	16	16	19	11	15	16	23	12	15	14	14	110
3350	29	16	14	9	12	16	16	19	11	15	16	23	12	15	14	14	109
3400	29	16	14	9	12	16	16	19	13	16	16	23	12	15	14	14	110
3450	29	15	14	9	12	16	16	19	14	16	17	23	12	15	15	14	114
3500	30	15	14	9	12	16	16	19	14	16	17	23	13	15	15	14	115
3550	30	15	14	9	12	16	16	19	14	16	17	23	13	15	15	14	115
3600	30	15	15	9	12	16	17	19	14	16	17	23	13	15	15	14	115
3650	30	15	15	9	12	16	17	19	14	17	18	23	13	15	15	14	114
3700	30	15	16	9	12	16	17	19	14	17	18	23	13	15	16	14	115
3750	30	15	16	9	12	16	17	19	15	17	19	23	13	15	16	14	118
3800	30	15	16	9	12	16	16	19	16	17	19	23	14	15	16	14	119
3850	30	15	16	9	12	16	18	19	18	17	19	23	14	15	16	14	120
3900	30	15	17	9	12	16	20	19	18	17	19	23	14	15	16	14	123
3950	30	15	17	9	12	16	20	19	18	17	20	23	14	15	16	14	122
4000	30	16	17	9	12	16	20	19	18	17	20	23	14	15	16	14	121
4050	31	16	17	9	12	16	19	19	18	17	20	23	14	15	16	14	120
4100	32	16	17	9	12	16	19	19	18	17	20	23	14	15	16	14	120
4150	32	17	18	9	12	16	20	19	18	17	21	23	16	15	16	14	125
4200	32	18	19	9	12	16	20	19	18	18	21	23	16	15	16	14	124
4250	32	18	19	9	12	15	20	19	18	18	21	23	16	15	16	14	125
4300	31	18	19	9	12	15	21	19	18	19	21	23	17	15	16	14	126
4350	31	18	20	9	12	15	21	19	18	19	21	23	17	15	16	14	127
4400	30	18	20	9	12	15	21	19	18	19	20	23	17	15	16	14	126
4450	30	17	20	9	12	15	21	19	18	19	20	23	17	15	16	14	126
4500	30	17	20	9	12	15	21	19	18	19	19	23	17	15	16	14	126
4550	30	17	20	9	12	15	21	19	18	19	19	23	17	15	16	14	127
4600	30	17	21	9	12	15	21	19	18	19	19	23	17	15	16	14	126
4650	30	17	21	9	12	15	21	19	18	19	19	23	17	15	16	14	126
4700	30	17	21	9	12	15	20	19	18	19	19	23	17	15	16	14	125
4750	30	17	21	9	12	15	20	19	18	19	19	23	17	15	16	14	126
4800	30	17	21	9	12	15	21	18	18	19	19	23	17	15	16	14	125
4850	30	17	21	9	12	15	22	18	18	19	19	23	17	15	16	14	126
4900	30	17	21	10	12	15	22	18	18	19	19	23	17	15	16	14	125
4950	30	17	21	10	12	15	23	18	18	19	19	23	17	15	16	14	126
5000	30	17	22	10	12	15	23	18	18	19	19	23	17	15	16	14	127
5050	30	17	22	10	12	15	23	18	18	19	19	22	17	15	16	14	127
5100	30	17	22	10	12	15	23	18	18	19	19	22	17	15	16	14	126
5150	30	18	22	12	12	15	23	18	18	19	19	22	17	15	16	14	129
5200	30	18	22	12	12	15	24	18	18	19	19	22	17	15	16	14	130
5250	30	18	22	12	12	15	24	18	18	19	19	22	17	15	16	14	130
5300	30	18	22	12	12	15	26	18	18	20	19	22	17	15	16	14	132
5350	30	18	22	12	12	15	26	17	18	20	19	22	17	15	16	14	130
5400	30	18	22	12	12	15	26	17	18	21	19	22	17	15	16	14	131
5450	30	18	22	12	12	15	26	17	18	21	19	22	17	15	16	14	131
5500	30	18	22	13	12	15	27	17	18	21	19	22	17	15	16	14	133
5550	30	18	22	13	12	15	27	17	18	21	19	22	17	15	16	14	133
5600	30	18	22	13	12	15	27	17	18	21	19	22	17	15	16	14	133
5650	30	18	23	13	12	15	27	17	18	21	20	22	17	15	16	15	133
5700	30	18	23	13	12	15	27	17	18	22	20	22	17	15	16	15	133
5750	30	18	23	13	12	15	27	17	18	22	21	22	17	15	16	16	134
5800	30	18	23	13	12	15	28	17	18	22	21	22	17	15	16	16	135
5850	30	18	23	13	12	15	28	17	18	21	21	22	17	15	16	16	135
5900	30	18	23	13	12	15	28	17	18	21	21	22	17	15	16	16	135
5950	30	18	23	13	12	15	28	17	18	22	21	22	17	15	16	16	136
6000	30	18	23	13	12	15	28	17	18	23	21	22	17	15	16	16	137
6050	30	18	23	13	12	15	28	17	18	23	21	22	17	15	16	16	136
6100	30	18	23	13	12	15	28	17	18	24	21	22	17	15	16	17	139
6150	30	18	23	13	12	15	28	18	18	24	21	22	17	15	16	17	140
6200	30	18	23	13	12	15	28	18	18	24	21	22	17	15	16	17	139
6250	30	18	23	13	12	15	28	18	18	24	21	22	17	15	16	17	139
6300	30	18	23	14	12	15	28	18	18	24	21	22	17	15	16	17	140
6350	30	18	23	14	12	15	27	18	19	24	21	22	17	15	16	17	139
6400	30	18	23	14	12	15	27	18	19	25	21	22	17	15	16	17	140
6450	30	18	23	14	12	15	27	18	19	25	21	22	17	15	16	17	140
6500	30	18	23	14	12	15	27	18	19	25	21	22	17	15	16	17	140
6550	30	18	23	14	12	15	27	18	19	25	20	22	17	15	16	17	140
6600	30	18	23	14	12	15	27	18	19	25	20	22	17	15	16	17	140
6650	30	18	23	14	12	15	27	18	19	24	20	22	17	15	16	17	140
6700	30	18	23	14	12	15	27	18	19	24	20	22	17	15	16	17	140
6750	30	18	23	14	12	15	27	18	19	24	20	22	17	15	16	17	140
6800	30	18	23	14	12	15	27	18	19	24	20	22	17	15	16	17	140
6850	30	18	23	14	12	15	27	18	19	24	20	22	17	15	17	17	139
6900	30	18	23	15	12	15	27	18	20	24	20	22	17	15	17	17	140
6950	30	18	23	14	12	15	27	18	20	24	20	22	17	15	17	17	139
7000	30	18	23	14	12	15	27	18	20	24	20	22	17	15	17	17	139
7050	30	18	23	14	12	15	27	18	20	24	20	22	17	15	17	17	139
7100	30	18	23	14	12	15	27	18	20	24	20	22	17	15	17	17	138
7150	30	18	23	13	12	15	27	18	20	24	20	21	17	15	17	17	138
7200	30	18	23	13	12	15	27	18	20	24	20	21	17	15	17	17	137
7250	30	18	23	15	12	15	27	18	19	24	20	21	17	15	17	17	138
7300	30	18	23	15	12	15	27	18	19	24	20	21	17	15	18	17	138
7350	30	18	23	16	12	15	27	18	19	24	20	21	17	15	18	17	139
7400	30	18	23	16	12	15	27	18	19	24	20	21	17	15	18	17	140
7450	30	18	23	15	12	15	27	18	19	24	20	21	17	15	18	17	139
7500	30	18	23	16	12	15	27	18	19	24	20	21	17	15	18	17	139
7550	30	18	23	16	12	15	27	18	19	24	20	21	17	15	18	17	139
7600	30	18	23	17	12	15	27	18	19	24	20	20	17	15	18	17	140
7650	30	18	23	17	12	15	28	18	19	24	20	20	17	15	18	17	139
7700	30	18	23	17	12	15	27	18	19	24	20	20	17	15	18	17	139
7750	30	18	23	18	12	15	27	18	19	25	20	20	17	15	18	17	140
7800	30	18	23	18	12	15	27	18	19	25	20	20	17	15	18	17	140
7850	30	19	23	18	12	15	27	18	19	25	20	20	17	15	18	17	138
7900	30	19	23	18	12	15	27	18	19	25	20	20	17	15	18	17	138
7950	30	19	23	18	12	15	27	18	19	25	20	20	17	15	18	17	140
8000	30	19	23	17	12	15	27	18	19	25	20	20	17	15	18	17	139
8050	30	20	23	18	12	15	27	18	19	25	20	20	17	15	18	17	142
8100	30	20	23	20	12	15	27	18	19	25	20	20	17	15	18	17	145
8150	30	20	23	20	13	15	27	18	19	25	20	20	17	15	18	17	145
8200	30	20	23	20	13	15	27	18	19	25	20	20	17	15	18	17	145
8250	30	19	23	20	13	15	27	18	19	25	20	20	17	15	18	17	144
8300	30	20	24	21	13	15	27	18	20	25	20	20	17	15	18	17	146
8350	30	20	23	21	13	15	27	18	20	25	20	20	17	15	19	17	145
8400	30	20	23	22	13	15	26	18	20	25	20	20	17	14	19	17	145
8450	30	20	23	22	13	15	26	18	20	25	20	20	17	14	19	17	145
8500	30	20	23	23	13	14	26	18	20	25	20	20	17	14	20	17	147
8550	30	20	23	24	13	14	26	18	20	24	20	20	17	14	20	17	147
8600	30	20	23	24	13	14	26	18	20	24	20	20	17	14	20	17	147
8650	30	20	23	24	14	14	26	18	20	24	20	20	17	14	20	17	148
8700	30	20	23	25	15	14	26	18	20	24	20	20	17	14	20	17	150
8750	30	21	23	25	15	14	26	18	20	24	20	20	17	14	20	17	151
8800	30	21	23	25	15	14	26	18	20	24	20	20	17	14	20	17	151
8850	30	22	23	26	15	14	26	18	20	24	19	20	17	14	20	17	153
8900	30	23	23	27	15	14	26	18	20	24	19	20	17	14	20	17	155
8950	30	23	23	28	15	14	26	18	20	24	19	20	17	14	20	17	156
9000	30	23	23	28	15	14	26	19	20	24	19	20	17	14	20	17	156
9050	30	23	23	28	16	14	26	19	21	24	19	20	17	14	20	17	158
9100	30	23	23	27	16	14	26	19	21	24	19	20	17	14	20	17	155
9150	29	23	23	27	16	14	26	19	20	24	19	20	17	14	20	17	155
9200	29	23	23	28	16	14	27	19	20	24	19	20	17	14	20	17	156
9250	29	23	23	28	16	14	26	19	20	24	19	20	17	14	20	17	155
9300	29	23	23	28	16	14	27	19	20	24	19	20	17	14	20	17	156
9350	29	23	23	28	16	14	27	19	20	24	19	20	17	14	20	17	155
9400	29	23	23	28	16	14	26	19	19	24	19	20	17	14	20	17	154
9450	29	23	23	29	16	14	26	19	20	24	19	20	17	14	20	17	155
9500	29	23	23	29	16	14	26	19	20	24	19	20	17	14	20	17	155
9550	29	23	23	29	16	14	26	19	20	24	19	20	17	14	19	17	156
9600	29	23	23	29	16	14	28	19	20	24	19	20	17	14	19	17	157
9650	29	24	23	29	16	14	28	19	20	24	19	20	17	14	19	17	157
9700	29	24	23	29	16	14	28	19	21	24	19	20	17	14	19	17	159
9750	29	24	23	28	16	14	28	19	21	24	19	20	18	14	19	17	157
9800	29	25	23	27	16	14	28	19	21	24	19	20	18	14	19	17	158
9850	29	25	23	26	16	14	28	19	22	24	19	20	18	14	19	17	158
9900	29	25	23	26	16	14	28	19	22	24	19	20	18	14	19	17	158
9950	29	25	23	25	16	14	28	19	22	24	19	20	18	14	19	17	157
10000	29	25	23	25	16	14	28	19	22	24	19	20	18	14	19	17	157
10050	29	26	23	25	16	15	28	20	22	25	20	20	18	15	20	18	156
10100	29	27	25	25	16	15	28	20	22	25	21	21	18	15	21	18	161
10150	29	27	26	26	16	15	28	21	24	26	21	21	18	17	22	19	164
10200	29	27	26	26	17	15	28	22	25	27	21	23	18	18	22	20	168
10250	29	28	27	26	17	16	28	22	25	27	21	23	21	19	23	20	172
10300	29	28	27	26	17	18	29	23	25	26	21	23	22	19	25	21	177
10350	29	29	27	27	18	20	29	23	26	27	22	23	22	20	24	21	180
10400	29	31	27	26	19	20	29	24	26	25	22	23	22	21	25	21	186
10450	29	31	28	26	20	21	30	25	27	25	22	24	23	21	26	21	189
10500	30	31	28	27	21	21	31	26	28	25	22	26	24	21	27	21	193
10550	30	32	28	29	21	23	31	26	29	28	22	26	25	21	27	21	199
10600	30	33	28	29	21	24	31	26	29	28	22	27	26	21	28	21	200
10650	30	33	28	29	21	24	32	26	28	28	22	27	26	21	28	21	200
10700	30	34	28	29	22	24	32	26	28	28	22	28	26	21	28	21	203
10750	30	35	28	30	22	24	32	26	29	28	22	29	27	21	28	22	206
10800	31	36	28	30	22	25	32	27	29	28	22	29	27	21	28	22	208
10850	34	36	28	30	22	25	32	27	29	28	22	30	27	21	28	23	212
10900	34	36	28	33	23	25	32	27	29	28	22	30	27	21	28	23	214
10950	35	36	28	34	24	25	32	27	30	28	22	30	27	21	28	24	216
11000	36	36	28	34	24	25	32	28	30	27	22	30	27	21	28	25	216
11050	35	36	28	34	24	25	32	28	30	27	22	30	27	21	28	26	216
11100	35	36	28	33	24	25	32	28	30	26	23	30	27	21	28	26	214
11150	36	36	28	35	24	25	32	28	30	26	23	31	27	21	28	26	218
11200	37	36	28	35	24	25	32	28	30	26	24	31	27	21	29	26	218
11250	37	36	28	35	24	25	32	28	30	26	23	31	27	21	29	26	215
11300	37	36	28	37	24	25	32	28	30	26	23	31	27	21	29	26	216
11350	39	36	28	38	24	25	32	28	30	26	23	31	28	21	29	26	219
11400	40	36	28	38	24	25	32	28	30	27	23	31	28	21	29	26	220
11450	41	36	28	38	24	25	32	28	30	27	23	31	28	21	29	26	220
11500	41	35	28	39	24	25	32	28	30	27	23	31	28	21	29	26	221
11550	41	35	28	39	24	25	32	28	30	28	24	31	28	21	29	26	222
11600	41	35	28	39	24	25	32	28	30	28	24	31	28	21	29	26	224
11650	41	35	28	39	24	25	32	28	30	28	27	31	29	21	29	26	227
11700	41	36	28	39	24	25	32	28	31	28	27	31	30	21	29	26	227
11750	41	36	28	39	24	25	32	28	32	28	27	31	30	21	29	26	229
11800	41	36	28	39	24	25	32	28	32	28	27	31	30	21	30	26	230
11850	42	35	28	39	24	25	32	28	32	29	28	31	31	21	30	26	232
11900	42	35	28	39	24	25	32	28	32	29	30	31	32	21	30	26	234
11950	41	35	28	39	24	25	32	28	32	29	30	31	31	21	30	26	231
12000	42	35	28	39	24	25	32	28	32	29	30	31	31	21	30	26	232
12050	42	35	28	39	24	25	32	28	32	29	30	31	31	21	30	26	231
12100	42	35	28	39	24	25	32	28	32	29	30	31	31	21	30	26	230
12150	42	35	28	39	24	25	32	28	32	29	30	31	31	21	30	26	229
12200	42	35	28	39	24	25	31	28	32	29	30	31	33	21	30	26	226
12250	41	35	28	39	24	25	31	28	32	28	30	31	34	21	30	26	227
12300	41	35	28	39	24	25	31	28	32	28	30	31	34	21	30	26	228
12350	41	35	27	39	24	25	31	28	32	28	30	31	34	21	30	26	228
12400	41	35	27	39	24	25	31	28	32	28	30	31	34	21	30	26	228
12450	42	35	27	39	25	25	30	28	32	28	30	31	34	21	30	26	228
12500	42	35	27	39	25	25	30	29	32	28	30	31	34	21	30	26	228
12550	42	35	27	39	27	25	30	29	31	28	30	31	34	21	30	26	229
12600	42	35	27	39	27	25	30	29	31	28	30	31	34	21	30	26	229
12650	42	35	27	39	26	26	30	30	31	28	30	31	34	22	30	26	229
12700	42	35	27	39	27	26	30	30	31	28	30	31	34	22	30	26	230
12750	42	35	27	40	27	26	30	30	31	28	30	31	34	22	30	26	231
12800	42	35	27	40	27	27	30	30	31	27	30	31	34	23	30	26	231
12850	42	36	27	40	28	29	30	30	31	27	30	31	34	23	30	26	232
12900	42	36	27	40	28	29	30	31	30	27	30	31	34	23	30	26	234
12950	42	36	27	40	28	30	30	31	30	27	30	31	34	23	30	26	232
13000	42	36	27	40	29	30	29	31	30	27	30	31	34	24	30	26	233
13050	42	36	27	41	29	30	29	31	30	27	30	31	33	24	30	26	232
13100	43	36	27	40	29	31	29	31	30	28	30	31	33	24	29	26	232
13150	43	36	27	40	30	31	29	31	30	28	30	31	33	25	29	26	233
13200	43	36	27	40	30	31	30	31	30	28	30	31	33	25	29	26	233
13250	43	36	27	40	31	32	31	31	30	28	30	31	33	26	28	27	236
13300	43	36	27	40	32	31	31	31	30	28	30	31	33	27	28	27	237
13350	43	36	27	40	31	31	31	31	30	28	30	31	33	27	28	27	236
13400	43	36	27	40	32	32	31	31	30	28	30	31	33	27	28	27	238
13450	43	36	27	40	32	32	31	31	30	28	30	31	33	27	28	27	238
13500	43	36	27	40	32	32	31	31	30	28	30	31	33	27	28	27	238
13550	43	36	27	40	32	32	32	30	29	28	30	31	33	27	28	27	238
13600	43	36	28	40	33	32	32	30	29	28	30	31	33	27	28	27	239
13650	42	35	28	40	34	32	32	30	29	28	30	31	33	27	28	27	237
13700	42	35	28	40	34	33	32	30	29	27	30	31	32	27	28	27	235
13750	42	35	28	40	34	33	32	30	29	27	30	31	32	27	28	27	235
13800	42	35	28	40	34	33	32	30	29	27	30	31	32	26	28	27	234
13850	42	35	28	40	34	33	32	30	29	27	30	31	32	26	28	27	234
13900	42	35	29	40	34	33	32	30	29	27	30	31	32	26	28	28	236
13950	42	35	29	40	34	33	32	31	29	26	30	31	32	26	28	28	237
14000	42	35	30	40	34	33	32	32	29	26	30	31	32	27	28	28	239
14050	42	35	30	40	35	33	32	32	29	26	29	31	32	27	28	28	237
14100	42	35	31	40	35	33	33	32	29	26	29	31	32	28	28	28	240
14150	42	35	31	40	35	33	33	33	29	26	29	31	32	28	28	28	240
14200	42	35	31	40	35	33	33	33	29	26	29	31	32	28	28	28	240
14250	42	35	32	40	35	33	35	33	29	26	29	31	32	28	28	28	241
14300	42	35	32	40	35	33	35	33	29	26	29	31	32	28	28	28	241
14350	41	35	32	40	36	33	36	33	29	26	29	31	32	28	28	28	242
14400	40	35	32	40	36	33	37	33	29	26	29	31	32	28	28	28	244
14450	40	35	32	40	36	33	38	33	29	26	29	31	33	28	28	28	245
14500	40	35	32	40	36	33	39	33	29	26	29	31	33	28	28	28	246
14550	40	35	32	40	36	33	39	33	28	26	29	31	33	28	28	28	246
14600	41	35	32	40	36	32	39	33	28	26	30	31	33	28	28	28	245
14650	41	35	32	40	36	32	39	33	28	26	30	31	33	28	28	28	245
14700	41	35	32	40	36	32	38	33	28	26	30	31	33	28	28	28	245
14750	40	35	32	40	36	32	38	33	28	26	30	31	33	28	28	28	245
14800	40	35	32	40	36	32	38	33	28	26	30	31	33	28	28	28	245
14850	40	35	32	40	36	32	38	33	28	26	30	31	33	28	28	28	243
14900	40	35	32	40	37	32	37	33	28	26	30	31	32	28	28	28	243
14950	40	35	32	40	37	32	37	33	28	26	30	31	32	28	28	28	243
15000	39	35	32	40	37	32	37	33	28	26	30	31	32	28	28	28	241
15050	39	34	32	40	37	32	36	33	28	26	29	31	32	28	28	28	242
15100	38	34	32	40	37	32	36	33	28	26	29	31	32	28	28	28	241
15150	38	34	32	40	37	32	38	33	28	26	29	31	32	28	28	28	243
15200	38	34	32	40	37	32	38	33	28	26	29	31	32	28	28	28	243
15250	38	34	32	40	37	32	38	33	28	26	30	31	32	28	28	28	244
15300	38	34	32	40	37	32	38	33	28	26	30	31	32	28	28	28	243
15350	38	33	32	40	37	32	38	33	28	26	30	31	32	28	28	28	243
15400	38	34	32	39	36	32	38	33	28	26	31	31	32	28	28	28	242
15450	38	34	32	39	36	32	38	33	28	26	30	31	32	28	28	28	241
15500	38	34	32	39	36	32	38	33	28	26	30	31	32	28	28	28	241
15550	38	34	32	39	36	32	38	33	28	26	30	31	32	28	28	28	241
15600	38	34	32	39	36	33	37	33	28	26	30	31	32	28	28	28	242
15650	38	34	32	39	36	33	37	33	28	26	30	31	32	28	28	28	241
15700	38	34	32	39	36	33	37	33	28	26	30	31	32	28	28	28	241
15750	38	34	32	39	36	33	37	33	28	26	29	31	32	28	28	28	241
15800	38	34	32	39	36	33	37	33	28	26	29	32	32	28	28	28	241
15850	38	34	32	39	36	33	37	33	28	26	29	32	32	28	28	28	241
15900	38	34	32	39	36	33	37	33	28	26	29	32	32	28	28	28	242
15950	38	34	32	39	36	33	37	33	28	26	29	34	32	28	28	28	244
16000	38	34	32	39	36	33	37	33	28	26	29	34	32	28	28	28	244
16050	38	34	32	39	36	33	37	33	28	26	29	34	32	28	28	28	244
16100	38	34	32	39	36	33	37	33	28	26	29	34	32	28	28	28	244
16150	38	34	32	39	36	33	37	33	27	26	30	34	32	28	28	28	244
16200	38	34	31	39	36	32	37	33	27	26	30	34	32	28	28	28	243
16250	38	34	31	39	36	32	37	33	27	26	30	35	32	28	28	28	243
16300	38	34	31	39	36	31	37	33	27	26	30	35	31	28	28	28	241
16350	38	33	31	39	36	31	37	32	27	26	30	35	31	28	28	28	241
16400	38	33	31	39	36	31	37	32	27	26	30	35	31	28	27	28	240
16450	38	33	30	39	36	31	37	32	27	26	30	35	30	28	27	28	238
16500	38	33	30	39	36	31	37	32	26	26	29	35	30	28	27	28	237
16550	38	33	29	39	36	31	37	32	26	26	29	35	30	28	27	28	236
16600	38	33	29	39	36	31	37	32	26	26	28	35	30	28	27	28	236
16650	38	33	29	39	36	31	36	32	26	26	28	35	30	28	27	28	236
16700	38	33	29	39	36	31	36	32	26	26	28	35	30	28	28	28	236
16750	38	33	29	39	35	31	36	32	26	26	28	35	30	28	28	28	234
16800	38	33	29	39	35	31	36	31	26	26	28	36	30	28	28	28	233
16850	38	33	29	39	35	31	36	31	26	26	28	36	29	28	28	28	232
16900	38	33	29	39	35	31	36	31	26	26	28	37	29	28	28	28	233
16950	38	33	29	39	35	31	36	31	27	26	28	38	29	28	28	28	233
17000	38	33	29	39	35	31	37	31	27	26	29	38	29	28	28	28	232
17050	38	33	29	39	35	31	37	30	27	26	29	38	29	28	28	28	232
17100	38	33	29	39	35	31	37	30	28	26	30	38	29	28	28	28	234
17150	38	33	29	39	35	31	37	30	28	26	30	39	29	28	28	28	234
17200	38	33	29	39	35	31	37	29	28	26	30	39	29	28	28	28	233
17250	38	32	29	39	35	31	37	30	28	26	30	39	29	28	28	28	233
17300	38	32	29	39	35	31	37	31	28	26	30	39	29	28	28	28	235
17350	37	32	29	39	35	31	37	31	28	26	30	39	29	28	28	28	234
17400	36	32	29	39	35	31	37	31	28	26	31	39	29	28	28	28	233
17450	36	32	29	39	35	32	37	30	28	26	31	39	29	28	28	28	233
17500	36	32	29	39	35	32	37	31	28	26	31	39	29	28	28	28	235
17550	36	32	29	39	35	32	37	31	28	26	31	39	29	28	28	28	235
17600	36	32	29	39	35	32	37	31	28	26	31	39	29	28	28	28	235
17650	36	32	29	39	35	32	36	31	28	26	32	39	29	28	28	28	236
17700	36	32	29	39	35	32	35	31	28	26	32	39	29	28	28	28	236
17750	35	32	29	39	35	32	35	31	28	26	32	39	29	28	28	28	236
17800	35	32	29	39	35	32	35	31	28	26	32	39	29	28	28	28	236
17850	35	32	29	39	35	32	34	31	28	26	33	39	29	28	29	28	236
17900	35	32	29	39	35	32	34	31	28	26	33	39	29	28	29	28	236
17950	35	32	29	39	35	32	34	30	28	26	33	39	29	28	29	28	235
18000	35	32	29	39	35	31	34	30	28	26	33	39	29	27	30	28	236
18050	35	32	29	39	35	31	34	30	28	26	32	39	29	27	30	28	235
18100	35	32	29	39	35	31	34	30	28	26	32	38	29	27	30	28	234
18150	35	32	29	39	36	31	34	30	28	25	31	38	29	27	30	28	234
18200	35	32	29	39	36	31	34	30	28	25	31	38	29	27	30	27	234
18250	35	32	29	39	36	31	34	30	29	25	30	38	29	27	30	27	234
18300	35	32	29	39	36	31	34	30	30	25	30	38	29	27	30	27	235
18350	35	32	29	39	36	31	34	30	29	25	30	38	29	27	30	27	233
18400	35	32	29	38	36	31	34	30	29	25	30	38	29	27	30	27	233
18450	35	32	29	38	36	31	34	30	29	25	30	38	29	27	30	27	233
18500	35	32	29	38	36	31	34	30	29	25	30	38	29	27	30	27	232
18550	35	32	29	38	36	31	34	30	29	25	30	38	29	27	30	27	232
18600	35	32	29	38	36	31	34	30	29	25	30	38	29	27	29	27	232
18650	35	32	29	38	36	30	34	30	29	25	30	38	29	27	29	27	232
18700	35	32	29	38	36	30	34	30	29	25	30	38	29	27	29	27	232
18750	35	32	29	38	36	30	34	31	30	24	30	38	29	27	29	27	233
18800	35	32	29	38	36	30	34	32	30	24	30	38	29	27	29	27	234
18850	35	32	29	38	36	30	34	33	30	24	30	38	29	27	29	27	234
18900	35	32	29	38	36	30	34	33	30	24	30	38	29	27	29	27	234
18950	35	32	29	38	36	30	34	32	30	24	30	38	29	27	29	27	233
19000	35	32	29	38	36	31	34	32	30	24	30	38	29	27	29	27	232
19050	35	32	29	38	35	31	34	32	30	24	30	38	29	27	30	27	232
19100	35	31	29	38	35	31	33	33	30	24	30	38	29	27	30	27	231
19150	35	31	29	38	35	31	32	34	30	24	30	38	29	27	30	27	231
19200	35	31	29	38	35	30	32	34	30	24	30	38	29	27	30	27	231
19250	35	31	29	38	35	30	32	34	30	24	30	38	29	27	29	27	230
19300	35	31	29	38	35	30	32	35	31	24	30	38	29	27	29	27	230
19350	35	31	29	38	35	30	32	35	31	24	30	38	29	27	29	27	230
19400	35	31	27	38	35	29	32	35	31	25	30	38	29	27	29	27	228
19450	35	31	27	38	35	29	32	35	31	25	30	38	29	27	29	27	228
19500	35	31	27	38	35	29	32	34	32	26	30	38	29	27	29	27	230
19550	35	31	27	38	35	29	31	34	32	26	30	38	29	27	29	26	230
19600	35	31	27	38	35	30	31	35	32	26	30	38	29	27	29	26	232
19650	35	31	27	38	35	31	30	35	32	27	30	38	29	27	29	26	232
19700	35	31	27	38	35	31	30	35	32	27	30	38	29	27	29	26	232
19750	35	31	27	37	35	31	31	35	32	27	30	38	28	27	29	26	233
19800	35	31	26	37	35	31	31	35	32	27	30	38	28	27	29	26	233
19850	36	31	26	37	35	31	31	35	32	28	31	38	28	27	29	26	234
19900	36	31	26	37	35	31	31	35	32	28	31	38	28	26	29	26	235
19950	36	31	26	37	35	31	31	35	32	28	31	38	28	25	29	26	235
20000	36	31	27	37	35	31	31	35	32	28	31	38	28	25	29	26	235
