0	0	0	0	0	0	0	0	0	0	0	0	0	0	0	0	0	0
50	2	1	1	0	2	1	1	1	2	3	4	3	1	1	3	1	6
100	3	4	5	3	3	2	3	4	3	3	5	5	7	5	6	5	19
150	4	6	6	6	4	6	5	4	5	4	7	7	6	6	7	5	25
200	6	6	6	9	7	6	5	6	7	5	7	7	8	8	7	6	34
250	7	7	8	10	7	7	5	7	8	6	9	7	9	9	7	7	40
300	8	7	8	10	7	9	6	7	8	7	9	8	10	11	8	8	47
350	9	7	9	10	8	10	6	8	8	7	9	8	10	13	8	8	49
400	10	9	10	11	8	10	6	11	8	7	9	8	10	13	8	8	52
450	10	9	11	11	8	10	7	11	9	7	10	9	10	13	8	8	52
500	10	9	11	11	8	11	7	11	9	8	11	10	11	13	8	8	55
550	10	10	11	11	8	11	7	11	9	7	12	10	12	12	8	10	51
600	10	11	12	11	8	11	7	11	9	8	12	11	12	12	8	10	50
650	10	11	12	11	8	11	7	10	9	9	13	11	12	12	8	11	53
700	13	11	12	11	8	12	8	10	9	9	13	11	12	12	8	11	54
750	13	11	12	11	8	12	9	10	9	9	13	11	12	13	8	13	57
800	13	12	12	11	8	12	10	10	9	9	13	11	12	13	8	13	57
850	13	12	12	11	8	12	10	10	9	9	13	11	12	13	8	13	56
900	13	12	12	11	8	12	10	10	9	9	13	11	12	13	8	13	55
950	13	12	12	11	8	12	10	10	9	9	13	11	12	13	8	13	56
1000	13	12	12	11	8	12	11	10	9	9	13	11	12	13	8	13	57
1050	13	12	12	11	8	12	12	10	9	9	13	11	12	13	8	13	59
1100	13	12	12	11	8	12	12	10	9	9	13	11	12	13	8	13	59
1150	13	12	12	11	8	12	13	10	10	9	13	11	12	14	8	13	60
1200	13	12	12	12	8	12	14	10	10	9	13	11	12	14	8	13	61
1250	13	12	12	13	8	12	14	10	11	9	13	11	12	15	8	13	60
1300	13	12	12	14	8	12	15	10	11	9	13	11	12	16	8	13	60
1350	13	12	12	14	8	12	15	10	12	9	13	11	12	16	8	13	62
1400	13	12	12	14	8	12	15	10	12	9	13	11	12	16	8	13	62
1450	13	12	12	14	8	12	15	10	13	9	13	11	12	16	8	13	63
1500	13	12	12	14	8	12	16	10	13	9	13	11	12	16	8	13	64
1550	13	12	12	14	8	12	17	10	13	10	13	11	12	16	8	13	64
1600	13	12	12	14	8	12	17	10	13	10	13	11	12	16	9	13	64
1650	13	12	12	14	8	12	17	10	13	11	13	11	12	16	9	13	64
1700	13	12	12	14	8	12	17	10	13	12	14	11	12	18	9	13	66
1750	13	12	12	15	8	12	17	11	14	12	14	11	12	17	10	13	66
1800	13	12	12	16	9	12	17	11	14	12	14	11	12	16	10	13	66
1850	13	12	12	17	9	12	17	12	14	13	14	11	12	16	11	13	69
1900	13	12	12	17	9	12	17	12	14	14	14	11	12	16	12	13	69
1950	13	12	12	17	10	12	17	12	14	14	14	11	12	17	12	13	69
2000	13	12	12	17	10	12	17	13	14	15	14	11	12	19	14	13	74
2050	14	12	12	17	10	12	17	15	14	17	14	11	12	19	16	13	79
2100	14	12	12	17	10	12	17	16	14	17	14	11	12	19	16	13	80
2150	14	13	12	17	10	12	17	15	14	17	14	11	12	19	17	13	80
2200	14	13	12	18	10	12	17	16	14	17	15	11	14	19	18	13	82
2250	14	15	12	18	10	12	17	16	14	18	15	11	14	19	19	13	86
2300	14	15	12	18	10	12	17	17	14	18	15	11	14	19	20	13	85
2350	15	15	12	18	10	12	17	17	14	16	15	11	14	19	20	13	85
2400	15	15	12	18	11	12	17	17	14	16	15	11	14	19	21	13	86
2450	15	15	12	18	11	12	17	17	14	17	15	11	15	20	22	13	89
2500	16	16	12	18	11	12	17	17	15	18	15	11	16	20	23	13	95
2550	16	16	12	18	11	12	17	17	15	18	16	11	16	21	23	13	97
2600	17	16	12	18	11	12	17	17	15	19	16	11	16	21	24	13	98
2650	18	16	14	18	11	12	17	17	16	19	16	11	16	21	24	13	100
2700	18	16	14	19	11	12	17	17	17	20	16	11	16	18	24	14	102
2750	18	17	14	19	11	12	17	17	16	20	16	11	16	20	24	14	101
2800	18	17	14	19	11	12	17	17	17	20	16	11	16	20	25	14	101
2850	18	17	14	19	12	12	17	17	17	20	16	11	16	19	25	14	101
2900	18	17	14	19	12	12	17	17	17	20	17	11	16	21	25	14	104
2950	18	17	14	19	12	12	17	17	17	20	18	11	16	21	26	15	106
3000	18	17	14	19	12	12	17	17	18	20	18	11	16	21	27	15	108
3050	18	17	14	19	12	12	17	17	18	20	18	11	16	21	28	15	110
3100	18	17	15	19	12	12	17	17	18	20	18	11	16	21	28	15	110
3150	19	17	15	19	12	12	17	17	18	20	19	11	16	21	28	15	112
3200	19	17	15	19	12	12	17	17	17	20	19	11	16	22	29	15	112
3250	19	17	15	19	12	12	17	18	18	20	19	11	16	22	29	15	112
3300	19	17	16	19	12	12	17	17	19	20	19	11	16	22	29	15	112
3350	19	17	17	19	12	12	17	17	21	20	19	11	16	23	29	16	114
3400	19	17	17	19	12	12	17	18	22	20	19	11	16	23	29	16	118
3450	19	17	17	19	12	12	17	18	22	20	19	11	16	23	29	16	120
3500	19	17	17	19	12	12	17	18	22	20	19	11	17	23	29	17	121
3550	19	17	17	19	12	12	17	19	23	20	18	11	17	23	29	17	121
3600	19	17	17	19	12	12	17	19	23	20	18	11	15	23	29	17	121
3650	19	17	18	19	12	12	17	20	23	20	17	11	16	24	29	17	122
3700	19	17	18	19	12	12	17	20	23	20	17	12	16	24	29	17	122
3750	19	17	18	19	12	12	17	20	23	20	18	12	18	24	29	17	123
3800	19	17	18	19	12	12	18	20	23	20	18	12	18	24	29	17	120
3850	19	17	18	19	12	12	18	22	23	20	18	13	18	24	29	17	122
3900	19	17	18	19	12	12	18	22	23	20	18	14	18	24	29	17	122
3950	19	17	18	19	12	12	19	22	24	20	18	14	18	24	29	17	123
4000	20	17	19	19	13	12	20	22	24	20	18	14	20	24	29	17	125
4050	20	17	19	18	13	12	20	23	25	20	18	15	21	24	29	17	130
4100	20	17	19	18	13	12	20	23	25	20	18	16	22	24	29	17	130
4150	20	17	19	18	13	12	20	23	25	20	18	16	22	24	29	17	129
4200	19	17	19	18	13	12	20	23	25	20	18	16	23	24	29	17	128
4250	19	17	20	18	13	12	20	23	25	20	18	16	24	24	29	17	130
4300	19	17	20	18	13	12	20	23	25	20	18	16	24	24	29	17	130
4350	19	17	20	18	13	12	20	23	25	20	18	16	24	24	29	17	129
4400	19	17	19	18	12	12	21	23	25	20	18	16	24	24	29	17	130
4450	19	17	20	18	12	12	21	23	24	20	18	16	24	24	29	17	131
4500	19	17	21	18	12	12	21	23	24	20	18	16	25	24	29	17	133
4550	19	17	22	18	12	12	21	23	24	20	18	17	25	24	29	17	135
4600	19	17	22	18	12	12	21	23	24	20	18	18	25	24	29	17	135
4650	19	17	22	17	12	12	21	23	24	20	18	18	25	24	29	17	135
4700	19	17	22	17	12	12	22	23	22	20	17	18	26	23	29	17	133
4750	19	17	22	17	12	12	22	23	22	20	17	18	26	23	29	17	133
4800	20	17	23	16	12	12	22	23	22	20	17	18	26	23	29	17	134
4850	20	17	23	16	12	12	22	23	22	20	16	18	26	23	29	17	135
4900	20	17	23	16	12	12	22	22	22	20	15	18	26	23	29	17	134
4950	20	17	23	16	12	12	22	22	22	20	15	18	26	23	29	17	134
5000	20	17	23	16	12	12	21	24	22	20	17	18	26	23	29	17	137
5050	20	17	23	16	12	12	21	24	22	20	17	18	26	23	29	17	136
5100	20	17	25	16	12	12	21	24	22	20	18	18	26	23	29	17	138
5150	20	17	25	16	12	12	21	24	22	20	18	18	26	23	29	17	138
5200	20	17	24	16	12	12	21	26	22	20	18	18	27	23	29	17	140
5250	20	18	24	16	12	12	21	26	21	20	18	18	27	23	29	17	140
5300	20	18	24	16	12	12	21	27	21	20	19	18	27	23	29	17	141
5350	20	18	24	16	12	12	21	28	21	20	19	18	27	23	29	17	141
5400	20	18	24	15	12	12	21	28	21	20	19	19	27	23	29	17	142
5450	20	18	24	15	12	12	21	29	20	21	19	19	27	23	29	17	143
5500	20	18	24	15	12	12	21	29	20	21	19	19	27	23	29	17	142
5550	20	18	24	15	12	12	21	29	20	21	19	19	28	23	29	17	143
5600	20	19	24	15	12	12	21	29	20	21	20	19	28	23	29	17	143
5650	20	19	24	15	12	12	22	29	20	21	21	18	28	23	29	17	145
5700	20	19	24	15	12	12	22	29	20	21	21	18	26	23	29	17	145
5750	20	19	24	15	12	12	22	29	20	21	21	18	26	23	29	17	144
5800	19	19	24	15	12	12	22	29	21	23	21	20	26	23	29	17	146
5850	19	19	24	15	12	12	22	29	20	23	20	20	26	23	29	17	145
5900	19	19	24	15	12	12	22	29	21	23	20	20	25	23	29	17	144
5950	19	19	23	15	12	12	22	30	21	24	20	20	25	23	29	17	144
6000	19	19	23	15	12	12	22	30	21	25	22	20	24	23	29	17	145
6050	19	19	23	15	12	12	22	30	22	26	22	20	24	23	29	17	146
6100	18	19	23	15	12	12	22	30	22	26	22	20	23	23	28	17	142
6150	18	19	23	15	12	12	22	30	23	26	23	20	23	23	28	17	143
6200	18	19	23	15	12	12	22	30	23	26	22	20	23	23	28	17	143
6250	19	18	23	15	12	12	22	30	23	26	22	20	23	23	28	17	141
6300	19	18	23	15	12	12	22	30	24	26	22	20	23	23	28	17	142
6350	19	18	23	15	12	12	23	30	24	26	22	21	23	23	28	17	141
6400	19	18	23	15	12	12	23	31	24	26	22	21	23	23	28	17	142
6450	19	18	23	15	12	12	23	30	25	25	22	21	23	23	28	18	142
6500	19	18	23	15	12	12	23	30	24	25	22	21	23	23	28	18	141
6550	19	18	23	15	12	12	23	30	24	25	22	21	23	23	28	18	141
6600	19	19	22	15	12	12	23	30	24	24	22	21	22	23	28	19	144
6650	19	19	22	15	12	12	23	30	24	24	22	21	22	24	28	19	142
6700	19	19	22	15	12	12	23	30	24	24	22	21	22	24	28	19	142
6750	20	19	21	15	13	12	24	30	24	24	22	21	22	24	28	20	143
6800	20	19	21	15	13	12	24	30	26	24	22	21	22	25	28	20	147
6850	20	19	21	15	13	12	25	29	27	24	22	21	22	25	28	21	146
6900	20	19	21	15	14	12	24	29	27	24	22	21	22	24	28	21	146
6950	20	19	21	15	14	12	24	29	27	24	22	21	22	24	28	21	145
7000	20	19	21	15	14	12	24	28	27	24	22	21	23	24	28	21	145
7050	20	19	21	15	14	12	26	29	28	24	22	21	23	26	28	22	150
7100	20	19	21	15	14	12	26	29	27	24	22	21	23	25	28	22	149
7150	20	19	20	15	14	12	26	29	29	24	22	22	23	25	28	22	151
7200	20	19	20	15	14	12	26	29	29	24	22	22	22	25	28	22	150
7250	20	19	20	15	15	12	27	29	30	24	22	22	22	25	28	22	152
7300	20	19	20	15	15	12	27	29	30	24	22	22	20	26	28	22	153
7350	20	19	20	15	15	12	27	29	30	24	22	22	19	26	28	22	152
7400	20	20	20	15	15	12	27	28	30	24	22	22	20	26	28	22	154
7450	20	20	20	15	15	12	27	28	29	24	22	22	22	27	28	22	155
7500	20	20	20	15	15	12	27	28	30	24	22	21	22	27	28	22	155
7550	20	21	20	16	15	12	27	28	30	22	22	21	23	27	28	22	154
7600	20	21	20	16	15	12	26	28	30	22	22	21	23	27	28	22	153
7650	20	21	20	16	15	12	26	28	30	22	22	21	25	27	28	22	155
7700	20	21	20	16	15	12	26	28	30	22	22	21	26	27	28	22	154
7750	20	20	20	16	15	12	26	28	30	22	22	21	26	27	28	22	153
7800	20	20	20	16	15	12	27	28	30	22	22	20	27	27	28	22	152
7850	20	21	20	16	15	12	27	28	30	22	22	20	27	27	28	23	152
7900	20	21	20	16	15	12	27	28	30	22	22	20	29	27	28	23	153
7950	20	21	20	16	15	12	27	28	30	22	22	20	29	26	28	23	150
8000	20	21	20	16	15	12	27	28	31	22	22	20	29	26	28	23	150
8050	20	21	20	16	15	12	27	28	31	22	22	20	29	26	28	23	150
8100	20	21	20	16	15	12	27	28	31	22	23	20	29	26	28	23	150
8150	20	21	20	16	15	12	27	27	31	22	23	20	29	26	28	23	148
8200	20	20	20	16	15	12	27	27	32	22	23	20	29	26	28	23	150
8250	20	20	20	16	15	12	27	27	32	22	23	20	29	26	28	23	149
8300	20	20	20	16	15	12	27	27	32	22	23	20	29	25	28	23	148
8350	20	20	20	16	15	12	27	27	32	21	23	20	29	25	28	23	146
8400	20	20	20	16	15	12	27	27	33	21	23	20	29	25	28	23	146
8450	20	20	20	16	15	12	27	27	33	22	23	20	29	25	28	23	146
8500	20	20	20	16	15	12	26	27	33	21	23	20	29	25	28	23	146
8550	20	20	20	16	15	12	26	27	33	21	23	20	29	25	28	23	146
8600	20	20	20	16	15	12	26	27	34	21	23	20	29	25	28	23	146
8650	20	20	20	16	15	12	26	27	34	21	22	20	29	25	28	23	146
8700	20	20	20	16	15	13	26	27	34	21	23	20	29	25	28	23	147
8750	20	20	21	16	15	13	26	27	34	22	23	20	29	25	28	23	148
8800	20	20	21	16	15	13	26	27	34	22	23	20	30	25	28	23	150
8850	19	20	21	16	15	14	26	26	35	22	23	20	30	25	28	23	151
8900	19	20	21	16	15	14	26	26	35	22	23	20	30	25	28	23	150
8950	19	20	21	16	16	15	26	26	35	22	23	20	30	25	28	23	151
9000	19	21	21	16	16	15	25	26	35	23	23	20	30	25	28	23	154
9050	19	22	21	16	17	16	25	26	35	23	23	20	30	25	28	23	154
9100	19	22	21	16	18	16	25	26	35	23	23	20	29	25	28	23	154
9150	19	22	22	16	18	16	25	26	35	23	25	20	29	25	28	23	154
9200	19	23	22	16	18	16	25	26	35	23	26	20	29	25	28	23	155
9250	19	23	22	16	17	16	25	26	35	23	26	20	29	24	28	23	152
9300	19	23	22	16	17	16	25	26	35	23	26	20	29	24	28	23	152
9350	19	23	23	16	17	16	25	26	35	23	26	20	29	24	28	23	153
9400	19	23	23	16	17	16	25	26	35	23	26	20	29	24	28	23	154
9450	19	23	23	16	18	16	25	26	35	23	26	20	29	24	28	23	154
9500	19	24	25	16	19	16	26	26	35	23	26	20	28	24	28	23	158
9550	19	24	25	16	19	17	26	26	35	23	26	20	27	24	28	23	158
9600	19	25	25	16	19	19	25	27	35	23	26	20	27	24	28	23	158
9650	19	25	25	16	19	19	25	27	35	23	26	20	27	24	28	23	158
9700	19	26	24	16	19	19	25	27	35	23	25	20	27	24	28	23	159
9750	19	26	24	16	21	19	25	27	35	23	25	20	27	24	28	23	160
9800	19	26	24	16	21	19	25	27	35	23	25	20	27	24	28	23	161
9850	19	26	24	16	21	19	26	27	35	23	25	20	27	24	28	23	160
9900	19	26	25	16	20	19	26	27	35	23	25	20	26	24	28	23	161
9950	19	26	25	16	20	19	26	27	35	23	25	20	26	24	28	23	161
10000	19	26	25	16	20	19	26	26	35	22	25	20	26	24	28	23	160
10050	19	26	26	17	21	20	27	27	35	22	26	21	26	25	29	24	164
10100	21	26	26	17	23	22	27	27	35	22	27	22	26	25	29	24	169
10150	21	26	27	17	23	23	28	27	36	23	26	22	27	25	29	24	172
10200	21	26	27	17	26	24	28	28	37	23	26	23	27	25	29	25	173
10250	22	26	27	18	26	24	27	29	37	23	27	23	28	26	31	25	175
10300	24	26	27	19	26	28	28	29	36	23	28	23	29	27	32	27	183
10350	24	26	27	22	26	28	28	28	36	24	29	24	29	28	33	28	187
10400	24	26	27	22	26	28	30	28	36	24	28	24	29	28	33	29	188
10450	24	26	27	23	26	29	30	29	37	24	28	24	29	28	34	29	189
10500	24	27	30	23	25	29	30	29	37	24	28	25	29	28	33	29	189
10550	24	27	30	23	25	31	29	29	38	25	28	25	29	28	33	29	192
10600	24	27	31	23	25	31	30	30	38	25	28	25	30	28	34	29	199
10650	24	27	31	23	25	31	31	30	38	25	29	25	30	28	35	29	198
10700	24	27	32	24	25	31	31	30	38	25	30	26	31	28	36	29	201
10750	24	27	32	24	26	31	31	30	38	25	32	26	30	28	36	29	200
10800	24	27	32	25	26	31	31	32	38	25	32	27	30	28	37	30	202
10850	24	27	32	26	28	31	31	32	38	26	32	27	30	28	37	31	205
10900	24	27	33	26	31	31	32	32	39	27	32	27	30	28	37	31	211
10950	24	27	34	26	32	30	32	32	39	26	32	27	30	28	38	31	208
11000	24	27	34	26	33	31	33	32	39	27	32	27	30	28	38	31	208
11050	24	27	34	26	33	31	33	32	39	29	32	27	30	28	38	32	208
11100	24	27	35	26	33	31	32	32	39	30	32	27	29	28	38	32	205
11150	24	27	34	26	33	31	32	32	39	29	32	27	29	28	38	31	202
11200	24	27	34	26	33	31	32	31	39	29	32	27	29	28	38	31	203
11250	24	27	35	26	33	32	33	31	39	31	32	27	29	28	38	31	210
11300	24	27	35	26	34	32	33	31	39	31	32	27	29	28	39	31	211
11350	24	27	36	27	34	31	34	31	39	31	32	27	29	28	39	31	214
11400	24	27	36	27	34	30	34	31	39	31	32	27	29	28	38	31	212
11450	24	26	36	27	34	30	35	31	39	31	33	27	30	28	38	31	210
11500	24	26	36	27	34	30	36	31	39	31	33	27	30	28	38	31	207
11550	24	26	36	27	34	30	36	32	39	31	33	27	31	28	38	31	209
11600	26	26	36	27	34	30	36	32	39	31	32	27	31	28	38	31	208
11650	26	26	36	27	34	30	37	32	39	31	32	27	31	28	38	31	207
11700	26	26	36	28	33	30	37	32	39	31	32	27	32	28	37	31	207
11750	27	26	36	28	33	30	37	32	39	31	32	27	32	28	37	31	209
11800	27	26	36	28	33	30	36	32	38	31	31	27	32	28	37	31	208
11850	27	26	36	29	34	30	35	33	39	31	31	27	32	28	37	31	210
11900	27	26	36	29	34	30	35	33	39	31	31	27	32	28	37	32	210
11950	27	26	36	29	34	30	35	33	39	31	31	27	32	28	37	32	211
12000	27	26	36	30	34	30	35	33	39	31	31	27	32	28	37	33	212
12050	28	26	36	30	34	30	35	33	39	31	31	28	32	28	37	33	212
12100	28	26	36	30	34	30	35	33	39	31	31	28	32	28	37	33	212
12150	28	26	36	30	34	30	35	34	39	31	31	28	32	28	37	33	213
12200	29	26	36	30	34	30	35	35	39	31	31	28	32	27	37	33	213
12250	29	26	36	29	34	30	34	36	39	31	31	28	32	27	37	33	214
12300	29	26	36	28	34	30	34	36	39	31	31	28	32	27	37	33	211
12350	30	26	36	29	34	29	34	37	39	31	31	27	32	27	37	34	211
12400	31	26	36	30	34	29	34	38	39	31	31	28	32	27	37	34	212
12450	31	26	36	30	34	29	34	38	39	31	31	29	32	27	37	34	212
12500	31	26	36	30	34	29	34	38	39	31	31	30	32	27	37	34	211
12550	31	26	36	30	34	27	34	38	39	31	31	30	32	27	37	34	208
12600	31	26	36	30	34	27	34	39	39	31	31	30	32	27	37	34	208
12650	32	26	35	30	34	27	34	39	39	30	30	30	32	27	37	34	207
12700	32	26	35	30	34	27	34	39	39	30	30	31	32	27	36	34	206
12750	32	26	35	30	34	27	34	39	39	30	30	32	32	27	36	34	210
12800	32	26	35	30	34	27	33	39	39	30	30	32	32	27	36	34	207
12850	33	26	35	30	33	27	33	39	39	30	30	32	32	27	36	34	206
12900	33	26	35	30	33	27	33	39	39	30	30	32	32	27	36	34	206
12950	33	26	35	30	33	27	33	39	39	30	30	32	32	27	36	34	206
13000	32	26	35	30	33	27	33	39	39	30	30	32	32	27	35	34	205
13050	33	26	34	29	33	27	33	39	39	30	30	32	32	27	35	35	206
13100	34	26	34	29	33	27	33	39	39	30	30	32	32	27	35	35	208
13150	34	26	34	29	33	26	34	40	39	30	30	32	32	27	35	35	209
13200	34	26	34	30	33	26	34	40	39	30	30	32	32	27	35	35	209
13250	34	26	34	30	33	26	34	40	39	30	30	32	32	27	35	35	207
13300	35	26	34	30	33	26	34	40	39	30	30	33	32	27	35	34	208
13350	35	26	34	30	33	26	34	40	39	30	30	33	31	27	35	34	206
13400	35	26	34	31	33	25	34	40	39	30	30	33	31	27	35	35	207
13450	35	26	34	31	33	25	34	40	39	31	30	33	31	27	35	35	206
13500	35	26	34	31	33	25	34	40	39	31	30	33	31	27	35	34	204
13550	36	26	34	31	33	25	34	40	39	31	30	34	31	27	35	35	205
13600	36	26	34	30	32	25	34	40	39	31	30	34	31	27	35	35	204
13650	36	26	34	31	32	25	33	40	39	32	30	34	31	27	35	35	205
13700	36	26	34	32	32	25	33	40	39	32	30	32	31	27	35	35	205
13750	36	26	34	32	32	25	31	40	39	32	30	32	31	27	35	35	203
13800	34	26	34	32	32	25	31	40	39	31	30	32	31	27	35	35	203
13850	35	26	34	32	32	25	30	40	39	32	30	33	31	27	35	35	203
13900	35	26	34	32	32	25	30	40	39	32	30	33	31	27	35	35	203
13950	35	26	34	33	31	25	30	40	39	32	30	34	31	27	35	35	204
14000	34	26	34	33	31	25	30	40	39	32	30	34	33	27	35	35	205
14050	34	26	34	33	31	25	30	40	39	32	30	34	33	27	35	35	205
14100	34	26	34	33	31	25	30	40	39	33	30	33	33	27	35	35	205
14150	34	26	34	33	31	25	30	40	39	33	30	33	33	27	35	35	204
14200	34	26	34	33	31	25	30	40	39	33	30	33	34	27	35	35	205
14250	33	26	34	33	31	25	30	40	39	33	30	33	34	27	35	35	204
14300	33	26	34	33	31	25	30	40	39	34	30	33	34	27	35	35	204
14350	35	26	34	33	30	24	30	40	39	34	30	33	34	27	35	35	204
14400	35	26	34	33	30	24	30	40	37	34	30	33	34	27	35	35	203
14450	37	26	34	33	30	24	30	40	37	34	30	33	35	27	35	35	204
14500	38	26	34	33	30	24	29	40	37	35	30	33	32	27	35	35	206
14550	38	26	34	31	31	24	29	40	37	35	30	33	34	27	35	35	209
14600	40	26	34	30	31	24	29	40	37	35	30	33	34	27	35	35	211
14650	40	26	34	30	31	24	29	40	36	35	30	33	34	27	35	35	212
14700	40	26	34	30	32	24	30	40	36	35	30	33	34	26	35	35	210
14750	41	26	33	30	32	24	29	40	36	35	30	33	35	25	35	35	207
14800	42	26	33	30	33	24	29	40	36	35	30	33	36	25	35	35	209
14850	42	26	33	30	33	24	29	40	36	35	30	33	36	25	34	35	206
14900	42	26	33	29	34	24	29	40	35	35	30	33	36	25	34	35	205
14950	42	26	33	29	34	24	29	40	35	35	30	33	36	25	34	35	206
15000	42	26	33	29	34	24	29	40	35	35	30	33	34	25	34	35	206
15050	42	26	33	29	34	24	29	40	35	35	30	33	34	25	34	35	207
15100	43	27	33	29	34	24	29	40	35	35	30	33	34	25	34	35	208
15150	43	27	34	29	35	24	28	39	35	35	30	33	34	25	34	35	210
15200	43	27	34	29	35	24	28	39	35	34	30	33	34	25	33	35	209
15250	43	27	34	29	35	24	28	39	35	34	30	33	34	25	33	35	207
15300	43	28	34	29	35	24	28	39	35	34	30	33	34	25	33	35	207
15350	44	28	34	29	35	24	28	39	35	34	30	33	34	25	33	35	208
15400	44	28	34	29	35	24	28	38	34	34	30	33	34	25	33	35	207
15450	44	28	34	29	35	24	28	38	34	34	30	33	34	25	33	35	207
15500	44	28	34	29	35	24	28	38	32	34	30	33	34	25	33	34	207
15550	44	29	34	29	35	24	27	39	32	34	30	32	34	25	33	34	207
15600	44	29	35	29	35	24	27	39	32	34	30	32	35	25	33	34	207
15650	45	29	35	29	35	24	29	39	32	34	30	32	35	25	32	34	209
15700	45	29	35	29	35	24	29	38	32	34	30	32	35	25	31	34	209
15750	45	27	35	29	35	24	28	38	32	34	30	32	34	25	31	34	205
15800	43	27	35	29	33	24	28	39	31	35	30	32	34	25	31	34	207
15850	43	27	35	29	33	24	28	39	31	35	30	32	34	25	31	34	207
15900	43	27	35	29	33	24	28	39	31	36	30	32	35	25	31	34	208
15950	43	27	35	28	33	24	28	40	31	36	30	32	36	25	31	34	210
16000	43	27	35	28	34	24	28	42	31	35	30	32	36	25	30	34	214
16050	43	27	35	28	34	24	29	42	30	34	30	32	36	25	30	35	213
16100	42	28	35	28	34	24	29	43	31	34	30	31	36	25	30	35	214
16150	41	28	35	28	35	24	29	43	31	33	30	31	36	25	30	35	216
16200	41	28	35	28	35	24	29	44	31	33	30	31	35	25	30	35	217
16250	41	28	35	28	35	24	29	44	31	34	30	31	34	25	30	35	217
16300	41	28	35	28	35	24	29	44	31	34	30	31	34	25	30	35	217
16350	41	28	34	28	35	24	29	45	31	37	30	31	34	25	30	35	217
16400	41	28	34	28	35	24	29	45	31	37	30	31	34	25	30	35	215
16450	41	27	34	28	35	24	29	45	31	37	30	31	34	25	30	34	213
16500	41	27	34	28	35	24	29	45	31	36	30	32	35	25	30	34	212
16550	41	27	34	29	35	24	28	45	31	36	30	32	35	25	30	34	210
16600	41	27	34	31	35	24	27	45	31	36	30	32	35	25	30	34	212
16650	41	27	34	31	35	24	27	45	31	36	30	32	35	25	30	34	211
16700	41	27	34	31	35	24	27	43	31	36	30	32	34	25	30	35	209
16750	41	27	34	31	35	24	28	43	31	36	30	32	34	25	30	34	209
16800	41	27	34	31	35	24	28	42	31	37	30	32	34	24	30	34	210
16850	41	27	34	31	35	24	28	42	31	37	30	33	34	24	30	34	211
16900	41	28	34	31	35	24	29	42	31	38	30	33	34	24	30	34	214
16950	39	28	34	31	35	24	29	42	31	39	30	33	34	24	30	35	214
17000	40	28	34	33	35	24	29	42	31	41	30	33	34	24	30	35	220
17050	40	28	34	33	35	24	29	42	31	41	30	34	34	24	30	35	216
17100	40	29	34	33	35	24	29	41	31	41	30	34	34	24	30	36	216
17150	39	28	34	33	35	24	30	41	31	41	29	34	34	24	30	36	217
17200	39	28	34	33	35	24	30	41	31	41	29	34	34	24	30	36	215
17250	39	29	34	32	35	24	30	40	29	42	29	34	34	24	30	36	212
17300	39	29	34	32	35	24	30	40	29	42	29	34	34	24	30	35	212
17350	39	29	34	31	35	23	29	40	29	42	29	34	33	24	30	35	211
17400	39	29	34	31	35	23	29	39	29	42	29	34	33	24	30	34	210
17450	39	28	34	31	35	23	31	39	29	42	29	34	33	24	30	34	212
17500	39	28	34	31	36	23	31	39	29	42	29	34	33	23	30	34	213
17550	38	28	33	31	35	23	31	39	29	42	29	34	33	23	30	33	209
17600	38	28	33	30	34	23	31	39	29	42	29	34	33	23	30	33	208
17650	37	26	33	30	34	22	32	38	29	42	29	34	33	23	30	33	208
17700	37	28	33	30	34	22	32	38	29	42	29	34	33	23	30	33	210
17750	37	29	33	30	34	22	32	37	29	42	29	34	33	23	30	33	209
17800	37	29	33	30	34	22	32	37	29	42	29	34	33	23	30	33	208
17850	36	29	33	30	34	22	32	36	29	42	29	34	34	23	30	33	209
17900	36	29	32	30	34	22	32	36	29	42	29	34	34	23	30	33	207
17950	36	28	32	30	34	22	32	36	29	42	29	34	35	23	30	33	208
18000	36	28	32	30	34	22	32	36	29	42	29	34	35	23	30	33	206
18050	36	28	32	29	34	22	32	36	29	42	29	34	35	23	30	33	205
18100	36	28	32	29	34	22	32	36	28	42	28	34	34	23	30	33	205
18150	36	28	32	29	34	22	32	36	28	41	28	34	35	23	29	33	203
18200	35	28	32	29	34	22	32	36	28	41	28	34	37	23	29	33	206
18250	35	28	32	29	34	22	32	36	28	41	28	34	37	23	29	33	205
18300	35	28	32	28	34	22	32	36	28	41	28	34	37	23	29	33	205
18350	35	28	31	28	34	22	32	36	28	41	28	34	37	23	29	33	205
18400	35	28	31	28	34	22	32	36	28	41	28	34	37	23	29	32	204
18450	35	28	31	27	33	22	32	36	28	41	28	34	38	23	29	32	203
18500	33	28	30	26	33	22	32	36	28	41	28	34	38	23	29	32	202
18550	33	28	30	26	33	22	32	36	28	41	28	34	38	23	28	32	202
18600	33	29	30	26	33	22	32	36	28	41	28	34	39	22	28	30	201
18650	33	29	30	26	33	22	32	36	28	41	28	34	39	22	28	30	202
18700	33	29	30	26	33	22	32	36	28	41	28	34	40	22	28	30	203
18750	33	29	30	26	33	21	32	36	28	41	28	34	40	22	28	30	202
18800	33	29	30	26	32	21	32	36	28	40	28	34	39	22	28	30	201
18850	33	29	30	26	32	21	32	36	28	40	28	34	39	21	28	31	201
18900	33	29	30	26	32	21	32	36	28	40	28	34	39	21	28	31	203
18950	33	29	30	26	32	21	32	37	28	40	27	34	39	21	28	31	202
19000	33	29	30	26	32	21	32	37	28	40	27	34	39	21	28	31	203
19050	33	29	29	26	32	21	31	37	29	39	27	33	40	21	28	31	201
19100	32	29	29	26	32	21	31	37	30	39	27	33	40	21	28	31	202
19150	32	29	29	26	32	21	31	36	30	39	27	33	40	21	28	31	202
19200	32	29	29	26	32	21	31	36	31	39	27	33	40	21	28	30	202
19250	32	29	29	26	32	21	31	36	32	38	27	33	40	21	28	30	203
19300	32	29	29	26	32	21	31	36	33	38	27	33	40	21	28	30	203
19350	32	29	29	26	32	21	31	36	33	37	27	33	40	21	28	30	204
19400	32	29	29	26	32	21	31	36	34	37	27	33	40	21	28	30	205
19450	32	29	29	26	32	21	31	36	34	37	29	33	40	21	28	30	206
19500	32	29	29	26	32	21	31	36	34	37	29	33	40	21	28	30	206
19550	32	29	29	26	32	21	31	36	34	37	29	33	40	21	28	30	206
19600	32	29	29	26	32	21	31	36	34	36	29	33	40	21	28	30	204
19650	32	29	29	26	32	21	31	36	34	36	29	32	40	21	28	30	204
19700	32	29	29	26	32	21	31	36	34	36	29	32	40	21	28	30	205
19750	32	29	29	26	32	21	31	36	34	36	29	32	39	21	28	30	205
19800	32	29	29	26	32	21	31	36	34	36	29	32	38	20	28	30	202
19850	32	29	29	26	32	21	31	36	34	36	29	32	38	20	28	30	201
19900	32	29	29	26	32	21	31	36	35	36	29	32	38	20	28	30	202
19950	32	29	27	26	32	21	31	36	35	36	28	32	38	20	28	30	200
20000	32	28	27	26	32	21	31	36	35	36	28	32	38	20	28	30	199
