0	0	0	0	0	0	0	0	0	0	0	0	0	0	0	0	0	0
50	2	2	2	2	1	2	1	2	1	0	1	1	2	2	1	1	5
100	4	4	5	4	4	4	6	4	2	2	4	3	4	5	3	3	22
150	4	5	6	7	6	4	6	5	6	4	5	4	5	6	6	5	35
200	5	7	7	9	7	4	6	6	6	5	7	5	5	7	6	6	38
250	5	6	8	9	7	5	9	7	6	5	8	7	7	8	6	7	40
300	5	7	8	9	7	5	9	8	7	6	8	7	8	9	7	10	44
350	5	7	9	9	7	7	9	8	8	7	10	9	9	11	9	10	50
400	6	7	9	10	7	7	10	9	9	7	10	9	10	11	9	11	54
450	6	8	10	10	9	7	10	10	9	7	11	9	11	11	9	12	56
500	8	8	10	10	9	7	10	11	10	8	11	9	11	12	10	12	57
550	9	8	10	10	9	7	10	12	10	8	11	10	11	12	10	14	61
600	9	8	10	10	10	9	10	12	10	10	11	10	11	12	10	14	63
650	9	10	10	11	10	9	10	12	11	10	11	10	11	12	10	15	65
700	9	10	11	11	10	9	12	13	12	10	12	10	12	13	10	15	64
750	9	10	11	12	10	9	12	14	13	12	13	10	12	13	10	15	68
800	9	11	11	12	10	9	12	14	15	12	13	12	12	14	10	15	74
850	9	11	11	12	10	9	12	14	15	12	13	12	12	14	10	15	76
900	9	12	11	12	11	9	12	14	16	12	13	13	12	14	10	15	81
950	9	12	11	12	11	9	12	14	16	12	13	13	12	14	10	15	81
1000	9	12	11	12	11	9	12	14	17	12	13	13	12	14	10	15	82
1050	9	12	11	12	11	10	12	14	17	12	13	13	13	14	10	15	83
1100	9	12	11	12	11	11	12	14	17	12	13	14	13	14	10	15	83
1150	11	12	11	12	11	12	12	14	17	12	13	14	13	14	10	15	81
1200	11	12	11	12	11	13	12	14	17	12	13	14	13	14	10	15	83
1250	11	12	11	12	11	13	12	14	17	12	13	14	13	14	10	15	82
1300	11	12	11	12	11	13	12	14	17	12	13	14	13	14	10	15	84
1350	11	12	11	12	11	13	12	14	17	12	13	14	13	14	11	15	86
1400	13	12	11	12	11	14	12	14	17	12	13	14	13	14	11	15	88
1450	15	12	11	12	11	14	12	14	17	12	13	14	13	14	11	15	89
1500	15	12	11	12	11	14	12	14	17	12	13	14	13	14	12	15	89
1550	15	12	12	12	11	15	12	14	17	12	13	14	13	14	12	15	90
1600	15	12	13	12	11	15	12	14	17	12	13	14	13	13	12	15	90
1650	15	12	13	12	11	15	12	14	17	12	13	14	13	13	12	15	90
1700	15	12	13	12	11	15	12	14	17	12	14	14	13	13	14	15	89
1750	15	12	13	12	11	16	12	14	17	12	14	14	13	13	14	15	90
1800	15	12	13	12	11	16	12	14	17	12	14	14	13	13	15	15	91
1850	16	12	14	12	11	16	12	14	17	12	15	14	13	13	15	16	94
1900	16	12	14	12	11	17	13	14	17	12	15	14	13	13	16	17	95
1950	16	12	14	12	12	19	14	14	17	12	15	14	13	13	17	16	96
2000	16	12	13	13	12	19	14	14	17	12	15	14	13	13	17	16	97
2050	16	12	13	13	12	19	14	14	17	12	16	14	13	13	17	16	96
2100	16	12	13	13	12	20	14	14	17	12	17	14	13	13	17	16	97
2150	16	12	13	13	12	20	14	14	17	12	17	14	12	13	17	16	97
2200	16	12	13	13	12	20	14	14	17	12	17	14	12	13	17	16	96
2250	16	12	15	13	12	20	14	14	18	12	17	14	12	13	17	16	96
2300	16	12	15	14	12	20	14	14	18	12	17	14	12	13	18	16	96
2350	16	12	15	14	12	20	14	14	18	12	17	14	12	13	18	16	94
2400	16	12	15	16	13	20	14	14	18	12	17	14	12	13	18	16	97
2450	16	12	15	16	13	20	14	14	18	12	18	14	12	13	18	16	98
2500	16	12	16	16	13	20	14	14	18	12	17	14	12	13	18	16	100
2550	16	12	16	16	13	20	14	14	20	12	18	14	12	13	18	16	101
2600	16	12	16	16	13	20	14	14	19	12	18	14	12	13	18	16	101
2650	16	12	16	16	14	20	14	14	19	12	20	14	12	13	19	16	105
2700	16	12	17	16	14	20	14	14	20	12	21	14	12	13	19	16	108
2750	16	12	17	16	14	20	14	14	22	12	22	14	12	13	20	16	111
2800	16	12	17	16	14	20	14	14	21	12	23	14	12	13	20	16	111
2850	16	12	17	16	14	20	14	14	20	12	23	14	12	13	20	16	112
2900	16	12	17	16	14	20	14	14	20	12	23	14	12	13	20	16	111
2950	16	12	17	16	14	20	14	14	20	12	23	14	12	13	20	16	111
3000	16	12	17	16	14	20	14	14	20	12	23	14	12	13	20	16	111
3050	16	12	17	16	14	20	14	14	22	12	23	14	12	13	21	16	114
3100	16	12	17	16	14	20	14	14	22	12	23	14	12	13	21	16	114
3150	16	12	17	16	14	20	14	14	23	12	23	14	12	13	21	16	114
3200	16	12	17	15	14	20	14	14	23	12	23	14	12	13	21	16	114
3250	16	12	17	15	14	20	14	14	23	12	23	14	12	13	21	16	114
3300	16	12	17	15	14	20	14	14	23	12	23	14	12	13	21	16	114
3350	16	12	17	15	14	20	14	14	23	12	23	14	12	13	21	16	114
3400	16	12	17	15	14	20	14	14	23	12	23	14	12	13	21	16	113
3450	16	12	17	15	14	20	14	14	23	12	23	14	12	13	21	16	113
3500	16	12	17	15	14	20	14	14	23	12	23	14	12	13	21	16	112
3550	16	12	17	15	15	20	14	14	23	12	23	14	12	13	21	16	112
3600	16	12	17	15	15	20	14	14	24	12	23	14	12	13	21	16	113
3650	16	12	17	15	16	20	14	13	24	12	23	14	12	13	21	16	115
3700	16	12	17	15	16	20	14	13	24	12	23	14	12	13	21	16	113
3750	16	12	17	15	16	20	14	13	24	12	23	14	12	13	21	16	114
3800	16	12	17	15	16	20	14	13	24	12	23	14	12	13	21	16	114
3850	16	13	17	15	16	20	14	13	24	12	23	15	12	13	21	16	114
3900	16	13	16	15	16	19	14	13	24	12	23	15	12	13	21	16	115
3950	16	14	16	15	16	19	14	13	24	12	23	16	12	13	21	16	116
4000	16	14	16	15	17	19	14	13	24	12	23	16	13	13	21	16	116
4050	16	14	16	16	18	19	14	13	24	12	23	17	13	13	21	16	118
4100	16	14	16	17	18	19	14	13	25	12	23	17	13	13	21	16	119
4150	16	14	16	17	20	19	14	13	25	12	23	18	14	13	21	16	122
4200	16	14	16	17	20	19	14	13	25	12	23	18	15	13	21	16	123
4250	16	15	16	17	20	19	14	13	25	12	23	18	15	13	21	16	124
4300	16	15	16	17	19	19	14	13	25	12	23	18	15	13	21	16	124
4350	16	15	16	19	20	19	14	13	25	12	24	18	15	13	21	16	127
4400	16	15	16	19	20	19	14	13	25	12	24	18	16	13	21	17	127
4450	16	16	16	19	20	19	14	13	25	12	24	18	17	13	21	17	129
4500	16	17	16	20	20	19	14	13	25	12	24	18	17	13	21	18	128
4550	16	17	16	20	21	19	14	13	25	12	24	18	18	13	21	18	130
4600	16	17	16	20	22	19	14	13	25	12	24	18	18	13	21	18	130
4650	16	17	16	20	23	18	14	13	25	12	24	18	18	13	21	18	130
4700	16	17	16	21	24	18	14	13	25	12	24	18	19	13	21	18	133
4750	16	17	16	21	24	18	14	13	25	12	24	19	19	13	21	18	133
4800	16	17	16	21	25	18	14	13	25	12	23	20	19	13	21	18	133
4850	16	17	16	21	26	16	14	13	25	12	23	20	19	13	21	18	133
4900	16	17	16	22	26	16	14	13	25	12	23	20	19	13	21	18	134
4950	16	18	16	22	26	18	14	13	25	12	23	20	20	13	21	18	135
5000	16	18	16	22	26	19	14	13	25	12	22	20	20	13	21	18	135
5050	16	18	16	22	26	19	14	13	25	12	22	20	20	13	21	18	135
5100	16	19	16	23	26	19	14	13	25	12	22	20	20	13	21	19	138
5150	16	20	16	24	26	20	14	13	25	12	22	20	20	13	21	19	140
5200	16	21	16	26	26	20	14	13	25	12	22	20	20	13	21	20	144
5250	16	21	16	26	26	20	14	13	25	12	22	20	20	13	21	20	144
5300	16	21	16	26	26	19	14	13	25	12	22	20	20	13	21	20	144
5350	16	21	16	26	26	19	14	12	25	12	22	20	20	13	21	20	143
5400	16	21	17	25	26	20	14	12	25	12	22	20	20	13	21	20	143
5450	16	21	18	26	26	20	14	12	25	12	22	20	20	13	21	20	143
5500	16	21	18	26	27	20	14	12	25	12	22	21	20	13	21	20	145
5550	16	22	18	27	27	22	14	12	25	12	22	21	20	13	21	20	149
5600	16	22	18	27	27	22	14	12	25	12	22	21	20	13	21	21	149
5650	16	22	19	26	27	22	14	12	25	12	22	21	20	13	21	21	147
5700	16	22	19	25	27	22	14	12	25	12	22	21	20	13	21	21	147
5750	16	22	19	26	27	22	14	12	25	12	22	21	20	13	21	21	147
5800	16	22	20	26	27	22	14	12	25	12	22	21	20	13	21	21	147
5850	16	22	21	26	27	23	14	12	25	12	22	21	20	13	21	21	147
5900	16	22	21	26	27	23	14	12	25	12	22	21	20	13	21	21	147
5950	16	22	21	26	27	25	14	12	24	12	22	21	20	13	21	21	148
6000	16	22	21	26	27	25	14	12	24	12	22	21	20	13	21	21	148
6050	16	22	21	26	26	25	14	12	24	12	22	21	20	13	21	22	149
6100	16	22	22	26	26	25	14	12	24	12	22	21	20	13	21	22	149
6150	16	22	23	26	26	25	14	12	24	12	22	21	20	13	21	22	149
6200	17	22	23	26	26	25	14	12	24	12	22	21	20	13	22	22	149
6250	17	22	23	26	26	25	14	12	24	12	22	21	20	13	22	22	149
6300	17	22	23	26	26	25	14	12	24	12	22	21	20	13	22	22	148
6350	17	22	23	27	26	25	14	12	24	12	22	21	20	13	22	22	148
6400	16	22	23	28	26	24	14	12	24	12	22	21	20	13	22	22	148
6450	16	22	23	29	26	24	14	12	24	12	22	21	21	13	22	21	149
6500	16	22	23	30	26	24	14	12	24	12	22	21	21	13	22	21	149
6550	16	22	23	30	26	24	14	12	24	12	22	21	21	13	22	21	149
6600	16	22	23	31	26	24	14	12	24	12	22	21	21	13	22	21	151
6650	17	22	23	31	26	24	14	12	24	12	22	21	21	13	22	21	151
6700	17	22	23	31	26	25	14	12	24	12	22	21	21	13	22	21	151
6750	17	22	23	31	26	25	14	12	24	12	22	21	21	13	22	21	151
6800	19	22	23	32	26	25	14	12	24	12	22	22	21	13	22	21	152
6850	20	22	23	32	26	25	14	12	24	12	22	22	22	13	21	21	153
6900	21	22	23	32	26	25	14	12	24	12	22	22	22	13	22	21	154
6950	20	22	23	32	26	25	14	12	24	12	22	22	23	13	22	21	155
7000	21	22	23	31	26	25	14	12	24	12	22	22	23	13	22	21	154
7050	22	22	23	31	26	26	14	12	24	12	22	22	23	13	22	21	155
7100	22	22	23	31	26	27	14	12	23	12	22	22	22	13	22	21	155
7150	22	22	23	31	26	26	14	12	23	12	22	22	22	13	21	21	153
7200	22	22	23	31	26	26	14	12	23	12	22	22	23	13	21	21	155
7250	22	22	23	32	26	26	14	12	23	12	22	22	23	13	21	21	155
7300	22	22	23	32	26	27	14	13	23	12	22	22	24	13	21	21	157
7350	23	22	23	32	26	28	14	13	23	12	22	22	24	13	23	21	159
7400	23	22	23	32	26	28	14	14	23	13	22	22	25	13	23	21	161
7450	23	22	23	32	26	28	14	14	23	13	22	21	25	13	23	21	162
7500	23	22	23	32	26	28	14	14	23	13	22	21	25	13	23	22	162
7550	23	22	23	32	26	28	14	14	23	13	22	21	25	13	23	22	162
7600	23	22	23	32	25	28	14	14	23	13	22	22	25	13	23	22	161
7650	23	22	23	32	25	28	14	14	23	15	22	22	26	13	23	22	163
7700	23	22	23	32	25	28	14	14	23	15	22	22	26	13	23	22	163
7750	23	22	23	32	25	29	14	14	23	15	22	22	25	13	23	22	164
7800	23	22	23	32	25	29	14	14	23	15	22	22	25	13	23	22	164
7850	23	22	23	32	25	30	14	14	22	15	22	23	25	14	25	22	166
7900	23	22	23	32	25	30	14	16	22	15	22	23	25	14	25	22	169
7950	23	22	23	32	25	30	14	16	22	14	22	24	25	14	25	22	170
8000	23	22	23	32	25	30	14	16	22	14	22	24	26	14	25	22	170
8050	23	22	23	32	25	29	14	16	22	14	22	24	26	15	25	22	171
8100	23	22	23	32	25	29	14	16	22	14	22	24	27	15	25	22	171
8150	23	22	23	31	25	29	14	16	22	14	22	24	27	15	25	22	170
8200	23	22	23	31	25	29	14	17	22	14	22	24	28	15	25	22	172
8250	23	22	23	31	25	29	14	17	22	14	22	24	29	15	25	22	173
8300	23	22	23	31	25	29	14	17	22	14	22	24	29	15	25	22	173
8350	23	21	23	31	25	30	14	17	22	14	22	24	29	15	25	22	174
8400	23	21	23	31	25	30	14	17	22	14	22	24	29	15	25	22	174
8450	23	21	23	31	25	30	14	16	21	14	22	24	28	15	25	22	174
8500	23	21	23	31	25	30	14	16	21	15	22	24	28	15	25	22	174
8550	23	21	23	31	25	30	14	16	21	15	22	24	28	15	25	22	175
8600	23	21	24	31	25	30	14	16	21	16	22	24	28	15	24	22	176
8650	23	21	24	31	25	30	14	16	21	16	22	24	28	15	24	22	176
8700	23	21	24	31	25	30	14	16	21	16	22	24	28	15	24	21	175
8750	23	21	24	31	25	30	15	16	21	16	22	24	28	15	23	21	174
8800	23	21	24	31	25	30	15	16	21	16	22	24	28	15	23	21	175
8850	23	21	24	31	25	30	15	16	21	16	22	24	28	15	23	21	175
8900	23	21	24	31	25	30	16	16	21	16	22	24	28	15	23	21	175
8950	23	21	24	31	25	30	16	16	21	16	22	24	28	15	23	21	175
9000	23	21	24	31	24	30	16	16	21	16	22	24	28	15	23	21	175
9050	23	21	24	31	24	30	16	16	21	16	22	24	28	15	23	21	176
9100	23	21	24	31	24	30	16	16	21	16	22	24	28	15	23	21	176
9150	23	21	24	31	24	30	17	17	21	16	22	24	29	15	23	21	179
9200	23	21	24	31	24	28	17	17	21	16	22	24	30	15	23	21	177
9250	23	21	24	31	24	28	17	17	21	16	22	24	30	16	23	21	177
9300	23	21	24	31	24	28	18	17	21	16	22	24	30	16	23	21	175
9350	23	21	24	31	24	28	18	17	21	16	22	24	30	16	23	21	175
9400	23	21	24	31	24	28	18	17	21	16	22	24	30	16	23	21	175
9450	23	21	24	31	24	28	18	17	21	17	22	24	30	17	23	21	177
9500	23	21	24	31	24	28	18	17	21	17	22	24	31	17	23	21	178
9550	23	21	24	31	24	29	18	17	21	17	22	24	31	17	23	21	178
9600	23	21	24	31	24	29	18	17	21	17	22	24	31	17	22	21	177
9650	23	21	24	31	24	29	18	17	21	17	22	24	31	17	22	21	177
9700	23	21	24	31	24	29	18	17	21	17	22	24	31	17	22	21	176
9750	23	21	24	31	24	29	18	17	21	17	22	24	31	18	22	21	177
9800	23	21	24	31	24	29	18	17	21	17	22	24	31	17	22	21	176
9850	23	21	24	31	24	29	18	17	21	17	22	24	31	17	22	21	176
9900	23	21	24	31	24	29	18	17	21	17	22	24	31	17	22	21	176
9950	23	21	24	31	24	29	18	17	21	17	22	24	30	17	22	22	175
10000	23	21	24	31	24	29	18	17	21	17	22	24	30	17	22	22	175
10050	23	22	24	31	26	30	18	17	23	18	23	25	31	17	23	22	179
10100	22	22	24	32	26	30	18	17	23	19	24	25	31	17	24	22	179
10150	22	23	24	33	27	32	20	18	24	19	24	25	31	17	24	22	184
10200	22	24	25	34	28	34	20	20	25	19	24	26	31	19	24	23	188
10250	22	24	26	34	28	35	20	21	27	19	26	27	31	19	24	23	195
10300	23	24	27	34	29	35	20	21	26	19	26	27	31	19	24	23	196
10350	25	27	27	34	29	35	20	21	27	19	26	28	31	19	25	25	201
10400	25	28	27	34	30	35	21	21	28	19	26	28	31	21	26	26	206
10450	26	30	27	35	30	35	22	21	28	19	26	29	31	21	26	26	209
10500	28	30	27	35	30	35	23	21	28	19	27	29	31	22	27	26	212
10550	28	29	27	35	30	35	23	21	29	19	27	29	32	22	28	28	213
10600	29	30	27	35	30	35	23	22	29	19	27	30	32	22	28	28	215
10650	30	29	27	35	30	35	23	22	29	19	27	30	32	22	29	28	214
10700	31	30	27	35	30	35	25	23	29	19	27	30	32	23	29	28	218
10750	32	30	27	35	30	35	25	24	29	19	27	30	32	23	29	30	219
10800	33	30	29	35	30	35	27	24	29	19	27	31	32	23	31	32	223
10850	34	30	30	35	30	35	27	24	30	19	28	31	32	23	31	32	225
10900	34	32	30	35	30	35	27	24	31	19	28	32	31	23	31	37	229
10950	34	32	30	35	30	35	27	24	31	19	28	32	31	23	31	37	230
11000	34	32	31	35	30	35	27	23	31	19	28	32	31	23	31	37	233
11050	35	32	31	35	31	35	27	23	31	19	28	32	32	23	31	37	234
11100	36	32	30	35	31	35	27	23	31	19	28	32	32	24	31	37	233
11150	36	32	30	35	32	35	27	24	31	19	28	32	32	24	31	37	233
11200	37	32	30	35	32	35	27	24	31	19	28	32	32	24	31	39	232
11250	37	32	30	35	31	35	27	24	31	20	28	32	34	24	31	39	233
11300	37	32	31	35	31	35	27	24	31	20	28	33	34	24	31	39	234
11350	37	32	31	35	30	35	27	24	31	20	28	33	34	24	31	39	233
11400	37	32	32	35	31	35	27	24	31	21	28	33	34	24	31	39	235
11450	37	32	32	35	32	36	27	24	31	21	28	33	34	24	31	39	235
11500	37	32	32	35	33	36	27	24	31	22	28	33	34	24	31	39	235
11550	37	32	32	35	33	36	27	24	31	23	28	33	34	24	31	39	233
11600	37	33	32	35	33	34	27	24	31	23	28	33	34	24	31	39	232
11650	37	33	32	35	33	34	27	24	31	25	28	33	34	24	31	39	233
11700	37	32	32	35	36	34	27	24	31	25	28	33	34	24	31	39	234
11750	37	32	32	35	36	34	27	25	31	25	28	33	34	24	31	39	235
11800	37	33	32	35	38	35	27	25	31	25	28	33	34	24	31	39	237
11850	37	32	32	35	38	35	25	25	31	26	28	33	34	24	31	39	235
11900	37	32	32	35	38	35	25	25	31	27	28	33	34	24	31	39	236
11950	37	32	32	35	38	36	25	25	31	28	28	33	34	25	31	39	239
12000	37	32	32	35	38	36	25	25	31	28	28	33	34	25	31	39	239
12050	37	33	32	35	38	36	25	25	31	28	28	33	34	25	31	39	238
12100	37	33	32	35	38	36	25	25	31	27	28	33	34	25	31	39	238
12150	37	33	32	35	38	36	25	25	31	27	28	33	34	25	31	39	238
12200	37	33	32	35	37	36	25	25	31	27	28	33	34	25	31	39	237
12250	37	34	32	35	37	36	25	25	31	28	28	33	34	25	31	39	239
12300	37	34	32	35	37	35	25	25	31	28	28	33	35	25	31	39	239
12350	37	35	32	35	37	35	25	25	31	27	28	33	35	25	31	39	240
12400	37	36	32	35	37	35	25	25	31	28	28	33	35	25	31	39	242
12450	37	38	32	35	36	35	25	25	31	28	28	33	35	25	31	39	242
12500	37	38	32	35	36	35	25	25	31	29	28	33	35	25	31	39	243
12550	37	37	32	35	36	35	25	25	31	28	28	33	35	25	31	39	239
12600	35	37	32	35	36	35	25	23	31	28	28	33	35	25	31	39	237
12650	35	37	32	34	36	35	25	23	31	28	28	33	35	25	31	39	237
12700	34	37	32	34	36	35	25	24	31	28	28	33	35	25	31	39	238
12750	34	37	32	34	36	35	25	24	31	28	28	33	35	25	31	39	237
12800	34	37	32	34	36	35	25	25	31	28	28	33	35	25	31	39	238
12850	34	37	32	34	36	35	25	25	31	28	28	33	35	25	31	39	238
12900	34	37	31	34	36	35	25	25	31	28	28	33	35	25	31	39	237
12950	34	37	31	34	36	35	25	26	31	28	28	33	35	25	31	39	236
13000	33	37	31	34	36	35	25	26	31	28	28	33	35	25	31	39	236
13050	33	38	31	34	37	35	25	27	31	28	28	33	35	25	31	39	238
13100	33	38	31	34	37	35	25	27	31	28	28	33	35	25	31	39	237
13150	33	38	31	34	37	34	25	27	31	28	28	33	35	25	31	39	237
13200	33	38	31	34	37	34	25	27	31	28	28	33	35	25	31	39	238
13250	34	37	30	34	37	34	25	27	31	28	28	33	35	25	30	39	238
13300	34	37	30	34	37	34	25	27	31	28	28	33	35	25	30	38	237
13350	33	37	30	34	37	34	25	27	31	28	28	33	35	25	30	38	237
13400	33	37	30	34	36	34	25	27	31	28	28	33	35	25	30	38	235
13450	33	38	30	34	36	34	25	27	31	28	28	33	35	25	30	39	236
13500	33	38	30	34	36	34	25	27	31	28	28	33	35	25	30	39	237
13550	33	36	30	34	36	34	25	27	31	28	28	33	35	25	30	39	237
13600	33	37	30	34	36	34	25	27	31	28	28	33	35	25	30	39	238
13650	32	37	30	34	35	34	25	28	31	28	28	33	35	25	30	39	238
13700	31	38	30	34	35	34	25	28	31	28	28	33	34	25	30	39	237
13750	31	37	30	35	35	34	25	28	31	28	28	32	34	25	30	39	237
13800	31	39	30	35	35	34	25	28	31	28	28	32	34	25	30	40	239
13850	31	39	30	35	35	34	25	28	31	28	28	32	34	25	30	40	239
13900	31	40	30	35	35	34	25	27	31	28	28	32	35	25	30	40	240
13950	31	41	30	35	35	34	25	27	31	28	28	32	36	25	30	40	242
14000	31	40	30	35	35	34	25	28	31	28	28	32	36	25	30	40	242
14050	31	42	30	35	35	34	25	28	31	28	28	32	36	25	30	40	243
14100	31	42	30	36	35	34	25	28	31	28	28	32	36	25	30	40	244
14150	31	42	30	36	35	34	25	28	31	28	28	32	36	25	30	40	244
14200	31	42	30	36	34	34	25	28	31	28	28	32	36	25	30	40	244
14250	31	42	30	36	34	34	25	28	31	28	28	32	36	25	30	40	245
14300	31	42	30	35	33	34	25	27	31	28	28	32	36	25	30	39	243
14350	31	42	31	35	33	34	25	28	31	28	28	32	36	25	30	39	245
14400	31	42	31	36	33	34	25	28	30	28	28	32	36	25	30	39	245
14450	32	43	31	36	33	34	25	28	29	28	28	32	37	25	30	40	246
14500	32	41	31	36	33	34	24	28	29	28	28	32	37	25	30	40	245
14550	32	41	31	36	33	34	24	28	29	28	28	32	37	25	31	40	245
14600	32	41	31	36	32	34	24	28	29	28	27	32	37	25	31	40	244
14650	33	41	31	36	32	34	24	28	29	28	27	32	37	25	31	40	245
14700	33	41	31	36	32	34	24	28	29	28	27	32	37	25	31	40	244
14750	33	41	31	37	32	34	24	27	29	28	26	32	37	25	31	40	244
14800	33	41	31	37	32	34	24	27	29	27	26	32	37	25	31	40	243
14850	33	40	31	37	32	34	24	26	29	27	26	32	37	25	31	40	241
14900	33	41	31	37	32	35	26	27	29	27	26	32	36	25	31	40	244
14950	32	41	31	37	33	36	26	28	29	27	26	32	35	24	31	40	244
15000	33	41	31	36	33	36	27	28	29	27	26	32	35	24	31	40	246
15050	33	41	31	35	33	36	27	29	29	27	26	32	35	24	31	41	249
15100	33	41	31	35	33	35	27	29	29	26	25	32	35	24	31	41	247
15150	33	41	31	36	33	36	27	29	29	26	25	32	35	24	31	41	247
15200	33	41	31	38	33	36	28	29	29	26	25	32	35	24	31	41	250
15250	33	41	31	38	34	36	28	29	29	26	25	32	35	24	31	41	250
15300	34	41	31	38	34	35	28	29	29	26	25	32	35	24	31	41	252
15350	34	41	31	38	34	35	28	29	29	26	25	32	35	24	31	41	252
15400	34	41	31	39	34	37	31	29	29	26	25	32	35	24	31	41	258
15450	34	41	31	39	34	38	31	29	29	26	25	32	35	24	31	41	258
15500	34	41	31	39	34	39	31	28	29	26	25	32	35	24	31	41	259
15550	34	41	31	39	34	39	31	28	29	26	25	32	37	24	31	42	261
15600	34	41	31	39	33	40	31	29	29	26	25	32	37	24	31	42	263
15650	34	41	31	39	33	40	31	29	29	26	25	32	37	24	31	42	263
15700	34	41	31	38	33	39	31	29	29	26	25	32	36	24	31	42	262
15750	34	41	31	38	34	39	31	29	29	26	25	32	36	24	31	43	263
15800	34	40	31	38	34	40	31	28	29	26	25	32	36	24	31	44	264
15850	34	40	30	38	34	40	31	28	29	26	25	32	36	24	31	44	263
15900	34	40	30	38	34	40	31	28	29	26	25	32	36	24	31	44	261
15950	34	40	30	38	34	38	31	28	29	26	25	32	36	24	31	44	259
16000	34	40	30	38	34	39	31	29	29	26	25	32	36	24	31	44	261
16050	34	40	30	38	34	39	31	29	29	26	25	32	36	24	31	44	261
16100	34	40	30	38	34	40	31	30	29	26	25	32	36	24	31	44	263
16150	33	40	29	38	34	40	32	31	29	25	25	32	36	25	31	44	263
16200	34	40	29	38	35	40	32	31	29	25	25	32	36	25	31	44	265
16250	34	40	29	38	35	41	32	31	30	25	25	32	36	26	31	45	268
16300	34	40	29	38	35	41	32	31	30	25	26	32	36	26	31	46	267
16350	34	40	29	38	35	41	32	31	30	25	26	32	37	26	31	46	268
16400	35	40	29	38	35	41	32	32	31	25	26	32	36	27	31	47	272
16450	35	40	29	38	35	41	32	32	31	25	26	32	36	26	31	47	271
16500	35	40	29	38	35	42	32	32	31	25	27	32	36	27	30	47	270
16550	35	40	29	38	35	42	32	33	31	25	27	32	36	28	30	47	272
16600	35	40	29	38	35	42	33	33	30	25	27	32	37	29	30	47	273
16650	35	40	29	38	35	42	32	34	31	25	27	32	37	29	30	47	273
16700	35	40	29	38	35	41	32	34	31	25	28	32	37	29	30	47	273
16750	35	40	29	38	35	41	32	34	31	25	28	32	38	30	30	47	274
16800	35	40	29	38	35	41	32	34	31	25	28	32	38	30	30	47	274
16850	35	40	29	38	35	41	32	34	31	25	28	32	38	30	30	48	273
16900	35	40	29	38	35	41	32	34	31	25	29	32	38	29	30	48	272
16950	35	40	29	38	35	41	32	34	31	25	29	32	38	29	30	48	270
17000	35	40	29	38	35	41	32	34	31	25	29	32	38	29	30	48	269
17050	35	40	29	37	36	41	32	34	31	25	29	32	38	29	30	48	268
17100	35	40	29	37	36	41	32	34	31	25	28	32	40	29	30	49	270
17150	35	40	29	37	36	41	32	34	30	25	28	32	40	29	30	49	270
17200	35	40	29	37	37	41	32	35	30	25	29	32	40	29	30	49	273
17250	35	40	29	37	37	40	32	35	30	25	29	32	41	29	30	47	273
17300	35	40	29	37	37	40	31	36	30	25	29	32	41	29	30	48	273
17350	35	40	28	37	37	40	31	35	30	25	29	32	42	29	30	49	274
17400	35	40	28	37	37	40	31	36	30	25	29	32	43	29	30	49	276
17450	35	40	28	37	37	40	31	36	30	25	29	32	43	29	30	49	277
17500	35	40	28	36	37	40	31	36	31	24	29	32	43	30	30	49	276
17550	35	40	28	36	37	40	31	36	31	24	29	32	43	30	30	50	276
17600	35	40	28	36	37	40	31	36	31	24	29	32	43	30	30	50	276
17650	35	38	29	36	37	40	31	36	31	24	28	32	43	30	30	50	273
17700	35	38	29	36	37	40	31	36	31	24	28	32	43	30	30	50	273
17750	35	38	29	36	37	40	29	36	31	24	28	32	43	29	30	50	272
17800	35	38	29	36	37	40	29	36	31	24	29	32	43	29	30	50	272
17850	35	38	29	36	37	40	28	37	31	24	29	32	43	29	30	50	273
17900	35	38	29	36	37	40	28	37	31	24	29	32	44	29	30	51	275
17950	35	38	29	36	37	40	28	37	31	24	29	32	43	29	29	51	275
18000	35	38	29	36	37	40	27	38	31	24	29	32	43	29	29	51	276
18050	35	38	30	36	37	40	27	38	31	24	29	32	43	29	29	51	274
18100	35	38	30	36	37	39	27	39	31	24	29	32	43	29	29	52	273
18150	35	38	30	36	37	39	27	39	31	24	29	32	43	29	29	52	274
18200	35	38	30	36	37	39	26	39	31	24	29	32	43	29	29	52	273
18250	35	38	30	37	37	39	27	39	31	24	29	32	43	28	29	53	274
18300	35	38	30	37	37	39	28	39	31	24	29	32	43	27	29	53	275
18350	35	38	30	37	37	39	28	40	31	24	29	32	43	27	29	52	275
18400	35	38	29	37	37	39	28	40	31	24	29	32	43	26	29	52	275
18450	35	37	29	37	37	39	29	40	31	24	29	32	42	26	29	52	276
18500	35	36	30	37	37	39	29	40	31	24	29	32	43	25	29	54	279
18550	35	36	31	37	37	39	30	40	31	24	29	32	43	25	29	53	281
18600	35	37	31	37	37	40	30	40	31	24	29	32	42	25	29	53	279
18650	34	37	30	36	37	40	30	40	31	24	29	32	41	25	29	53	276
18700	34	37	30	36	37	40	30	40	31	24	29	32	41	25	29	54	277
18750	34	37	30	36	37	40	31	40	31	24	29	32	41	24	29	54	278
18800	34	37	30	36	37	40	32	40	31	24	29	32	41	24	29	54	280
18850	34	37	30	36	37	40	32	40	31	24	29	32	40	24	29	54	279
18900	34	37	30	36	37	40	32	40	31	24	29	32	41	24	29	54	279
18950	34	37	30	36	37	39	33	40	31	24	29	32	40	24	29	54	278
19000	34	37	30	36	37	39	34	40	31	24	28	32	40	24	29	54	278
19050	34	37	30	36	37	39	34	39	30	24	28	32	39	24	29	54	278
19100	34	37	30	36	37	39	34	39	30	24	27	32	39	24	29	53	276
19150	34	36	30	36	37	40	34	38	30	24	27	31	39	24	29	53	276
19200	34	36	30	36	37	40	33	38	30	24	27	31	39	24	29	53	275
19250	34	36	32	36	37	40	33	38	30	24	27	31	38	24	29	53	276
19300	34	36	32	36	37	40	32	38	30	25	27	31	38	24	29	53	276
19350	34	36	32	36	37	39	32	38	31	25	27	31	38	24	29	53	274
19400	34	36	32	36	36	39	32	38	31	25	27	31	39	24	29	55	275
19450	34	36	32	36	36	39	32	38	31	25	27	31	39	24	29	55	275
19500	34	36	32	36	36	39	32	37	31	25	26	31	39	24	29	54	274
19550	34	36	32	36	36	39	32	37	31	25	26	31	40	24	29	54	274
19600	34	36	32	36	36	39	32	37	32	25	26	31	41	24	29	54	276
19650	34	36	32	36	36	39	32	37	33	25	26	31	41	24	29	54	276
19700	34	36	33	36	36	39	32	37	33	26	26	31	41	24	29	54	278
19750	34	36	33	36	36	39	32	37	33	26	26	31	41	24	29	54	277
19800	34	36	32	36	36	39	32	36	33	26	26	31	41	23	29	54	277
19850	34	36	31	36	36	39	32	36	34	26	26	31	40	23	29	54	277
19900	34	36	32	36	36	39	32	36	34	26	26	31	41	23	29	54	278
19950	34	36	33	36	36	39	32	36	34	26	26	31	41	23	29	54	279
20000	34	36	33	36	36	39	32	36	34	27	26	31	43	23	28	54	281
