0	0.0	0.0	0.0	0.0	0.0	0.0	0.0	0.0	0.0	0.0	0.0	0.0	0.0	0.0	0.0	0.0
50	0.0	0.0	0.0	0.0	0.0	0.0	0.0	0.5	0.2	0.0	0.0	0.333333333333	0.2	0.0	0.2	0.0
100	0.583333333333	0.166666666667	0.166666666667	0.333333333333	0.25	0.0	0.2	0.545454545455	0.333333333333	0.2	0.428571428571	0.444444444444	0.5	0.166666666667	0.222222222222	0.444444444444
150	0.647058823529	0.583333333333	0.6	0.5	0.571428571429	0.285714285714	0.4	0.722222222222	0.5	0.272727272727	0.625	0.666666666667	0.5	0.375	0.363636363636	0.545454545455
200	0.75	0.6875	0.65	0.615384615385	0.625	0.5	0.666666666667	0.76	0.65	0.5	0.611111111111	0.727272727273	0.5	0.583333333333	0.466666666667	0.666666666667
250	0.72	0.65	0.68	0.625	0.684210526316	0.631578947368	0.727272727273	0.785714285714	0.681818181818	0.571428571429	0.666666666667	0.75	0.588235294118	0.65	0.6	0.739130434783
300	0.774193548387	0.708333333333	0.733333333333	0.739130434783	0.695652173913	0.681818181818	0.739130434783	0.806451612903	0.708333333333	0.64	0.703703703704	0.806451612903	0.666666666667	0.72	0.62962962963	0.769230769231
350	0.8	0.758620689655	0.764705882353	0.75	0.740740740741	0.730769230769	0.8	0.828571428571	0.740740740741	0.678571428571	0.733333333333	0.820512820513	0.730769230769	0.741935483871	0.666666666667	0.78125
400	0.820512820513	0.766666666667	0.8	0.793103448276	0.78125	0.758620689655	0.8125	0.85	0.766666666667	0.709677419355	0.771428571429	0.833333333333	0.757575757576	0.771428571429	0.722222222222	0.794117647059
450	0.833333333333	0.815789473684	0.829787234043	0.823529411765	0.810810810811	0.777777777778	0.823529411765	0.863636363636	0.794117647059	0.780487804878	0.794871794872	0.822222222222	0.777777777778	0.8	0.74358974359	0.805555555556
500	0.854166666667	0.844444444444	0.84	0.846153846154	0.829268292683	0.813953488372	0.842105263158	0.869565217391	0.8	0.785714285714	0.809523809524	0.833333333333	0.809523809524	0.813953488372	0.767441860465	0.820512820513
550	0.9	0.86	0.94	0.853658536585	0.837209302326	0.826086956522	0.853658536585	0.9	0.833333333333	0.816326530612	0.809523809524	0.88	0.818181818182	0.84	0.782608695652	0.833333333333
600	0.96	0.94	0.96	0.860465116279	0.840909090909	0.836734693878	0.851063829787	0.96	0.847826086957	0.9	0.829787234043	0.94	0.833333333333	0.9	0.84	0.844444444444
650	0.96	0.94	0.96	0.88	0.857142857143	0.92	0.86	0.96	0.854166666667	0.98	0.86	0.94	0.86	0.94	0.9	0.88
700	0.96	0.94	0.98	0.94	0.94	0.94	0.98	0.98	0.88	0.98	0.92	0.96	0.92	0.94	0.92	0.96
750	0.98	0.94	1.0	0.98	0.98	0.96	0.98	0.98	0.9	0.98	0.94	0.94	0.94	0.94	0.94	0.96
800	0.98	0.98	1.0	0.98	0.98	0.96	0.98	1.0	0.96	1.0	0.96	0.94	0.94	0.96	0.96	0.96
850	0.98	0.98	1.0	0.98	0.98	0.98	0.98	1.0	1.0	1.0	0.96	0.94	0.96	0.98	0.96	0.98
900	1.0	0.98	1.0	0.98	0.98	0.98	0.98	1.0	1.0	1.0	0.96	0.94	0.96	0.98	0.96	0.98
950	1.0	0.98	1.0	1.0	0.98	0.96	0.98	1.0	1.0	1.0	0.98	0.94	0.96	1.0	0.98	0.98
1000	1.0	0.98	1.0	1.0	1.0	0.98	0.96	1.0	1.0	1.0	0.98	0.94	0.98	1.0	1.0	0.96
1050	1.0	0.98	1.0	1.0	1.0	0.96	0.92	1.0	1.0	1.0	1.0	0.96	0.98	1.0	1.0	0.96
1100	1.0	0.98	1.0	1.0	1.0	0.94	0.94	1.0	1.0	0.96	1.0	0.98	0.98	1.0	1.0	0.96
1150	1.0	1.0	1.0	1.0	1.0	0.94	0.94	1.0	1.0	0.96	1.0	0.98	0.98	1.0	1.0	0.96
1200	1.0	1.0	1.0	1.0	0.98	0.94	0.94	1.0	1.0	0.94	1.0	0.96	0.98	1.0	1.0	0.96
1250	1.0	1.0	1.0	1.0	0.98	0.94	0.94	1.0	1.0	0.94	1.0	0.96	0.96	1.0	1.0	0.94
1300	1.0	1.0	1.0	1.0	0.94	0.94	0.94	1.0	1.0	0.94	1.0	0.94	0.96	1.0	1.0	0.94
1350	1.0	1.0	1.0	1.0	0.94	0.94	0.94	1.0	1.0	0.94	1.0	0.94	0.96	1.0	1.0	0.94
1400	1.0	1.0	1.0	1.0	0.94	0.94	0.94	1.0	1.0	0.9	1.0	0.94	0.98	1.0	1.0	0.94
1450	0.98	1.0	0.98	1.0	0.94	0.92	0.94	1.0	1.0	0.9	1.0	0.94	0.98	0.98	1.0	0.94
1500	0.98	1.0	0.98	1.0	0.94	0.92	0.94	1.0	1.0	0.9	1.0	0.96	0.98	0.96	1.0	0.94
1550	0.98	1.0	0.96	1.0	0.94	0.92	0.94	1.0	1.0	0.88	1.0	0.96	0.98	0.96	1.0	0.94
1600	0.94	1.0	0.94	1.0	0.94	0.92	0.98	1.0	1.0	0.88	1.0	0.96	0.98	0.96	1.0	0.94
1650	0.94	1.0	0.94	1.0	0.94	0.94	0.98	1.0	1.0	0.88	1.0	0.96	0.98	0.96	1.0	0.96
1700	0.94	1.0	0.92	1.0	0.94	0.94	0.98	1.0	1.0	0.88	1.0	0.96	0.98	0.96	1.0	0.98
1750	0.92	1.0	0.92	1.0	0.94	0.96	0.98	1.0	1.0	0.9	1.0	0.96	0.98	0.96	1.0	0.98
1800	0.92	1.0	0.92	1.0	0.94	0.98	0.98	1.0	1.0	0.9	1.0	0.96	0.98	0.96	1.0	0.98
1850	0.92	1.0	0.92	1.0	0.94	0.98	0.98	1.0	1.0	0.9	1.0	0.98	0.98	0.96	0.98	0.98
1900	0.92	1.0	0.92	1.0	0.96	0.98	0.98	1.0	1.0	0.9	1.0	0.98	0.98	0.94	0.98	0.98
1950	0.92	1.0	0.92	1.0	0.96	0.98	0.98	1.0	1.0	0.92	1.0	0.98	1.0	0.94	0.98	1.0
2000	0.92	1.0	0.92	1.0	0.96	0.98	0.98	1.0	1.0	0.92	1.0	1.0	1.0	0.92	0.98	1.0
2050	0.92	1.0	0.92	1.0	0.98	0.98	0.98	1.0	1.0	0.92	0.98	1.0	1.0	0.9	0.98	1.0
2100	0.92	1.0	0.94	1.0	1.0	0.98	0.98	1.0	1.0	0.92	0.98	1.0	1.0	0.9	0.98	1.0
2150	0.92	1.0	0.94	1.0	1.0	0.96	0.98	1.0	1.0	0.92	0.98	1.0	1.0	0.94	0.96	1.0
2200	0.92	1.0	0.96	1.0	1.0	0.96	0.98	1.0	1.0	0.92	0.98	1.0	1.0	0.94	0.96	0.98
2250	0.92	1.0	0.96	1.0	1.0	0.94	0.98	1.0	1.0	0.94	0.98	1.0	0.98	0.94	0.92	0.98
2300	0.94	1.0	0.98	1.0	1.0	0.94	0.98	1.0	1.0	0.94	0.98	1.0	0.98	0.92	0.92	0.98
2350	0.94	1.0	0.98	1.0	1.0	0.9	1.0	1.0	1.0	0.94	0.98	1.0	0.98	0.92	0.92	0.98
2400	0.98	1.0	1.0	1.0	1.0	0.9	0.98	1.0	1.0	0.94	0.98	1.0	0.96	0.92	0.92	0.98
2450	0.98	1.0	1.0	1.0	1.0	0.9	0.98	1.0	1.0	0.96	0.98	1.0	0.96	0.92	0.92	0.98
2500	0.98	1.0	1.0	1.0	1.0	0.9	0.98	1.0	1.0	0.96	0.98	1.0	0.96	0.92	0.92	0.98
2550	0.98	1.0	0.98	1.0	1.0	0.9	0.98	1.0	1.0	0.96	0.98	0.98	0.96	0.92	0.94	0.98
2600	1.0	1.0	0.98	1.0	1.0	0.9	0.98	1.0	1.0	0.98	0.98	0.98	0.96	0.92	0.94	0.98
2650	1.0	1.0	0.98	0.98	1.0	0.9	0.96	1.0	1.0	0.98	0.98	0.98	0.96	0.92	0.94	0.98
2700	1.0	1.0	0.98	0.98	1.0	0.9	0.96	1.0	1.0	0.98	1.0	0.98	0.96	0.94	0.96	0.98
2750	1.0	1.0	0.98	0.98	1.0	0.9	0.96	1.0	1.0	0.98	1.0	0.98	0.96	0.94	0.98	0.98
2800	1.0	1.0	0.98	0.96	1.0	0.94	0.96	1.0	1.0	0.98	0.98	0.98	0.96	0.96	1.0	0.98
2850	1.0	1.0	0.98	0.94	1.0	0.96	0.94	1.0	1.0	0.98	0.98	0.98	0.96	0.96	1.0	0.98
2900	1.0	1.0	0.98	0.94	1.0	1.0	0.94	1.0	1.0	0.98	0.96	0.98	0.94	0.96	1.0	1.0
2950	1.0	1.0	0.98	0.94	1.0	1.0	0.94	1.0	1.0	0.98	0.96	0.98	0.94	0.94	1.0	1.0
3000	1.0	1.0	0.98	0.94	0.98	1.0	0.94	1.0	1.0	0.98	0.96	0.96	0.96	0.94	1.0	1.0
3050	1.0	1.0	0.98	0.94	0.98	1.0	0.94	1.0	1.0	0.98	0.96	0.96	0.96	0.94	0.98	1.0
3100	1.0	1.0	0.98	0.94	0.96	1.0	0.94	1.0	1.0	1.0	0.96	0.96	0.98	0.94	0.98	0.98
3150	1.0	1.0	1.0	0.92	0.96	1.0	0.96	1.0	1.0	1.0	0.96	0.96	0.98	0.94	0.98	0.98
3200	1.0	1.0	1.0	0.92	0.96	1.0	0.96	1.0	1.0	1.0	0.96	0.96	0.98	0.94	0.98	0.94
3250	1.0	1.0	1.0	0.92	0.96	1.0	0.96	1.0	1.0	1.0	0.96	0.96	0.98	0.96	0.96	0.94
3300	1.0	1.0	1.0	0.92	0.96	1.0	0.96	1.0	1.0	1.0	0.96	0.94	0.98	0.96	0.96	0.94
3350	1.0	1.0	1.0	0.92	0.96	1.0	0.98	1.0	1.0	1.0	0.96	0.94	0.98	0.96	0.96	0.94
3400	1.0	1.0	1.0	0.94	0.96	1.0	0.98	1.0	1.0	1.0	0.96	0.94	0.98	0.96	0.96	0.94
3450	1.0	1.0	1.0	0.96	0.96	1.0	0.98	1.0	1.0	1.0	0.98	0.94	1.0	0.96	0.96	0.94
3500	1.0	1.0	1.0	0.98	0.96	1.0	0.98	1.0	1.0	0.98	1.0	0.92	0.98	0.96	0.96	0.94
3550	1.0	1.0	1.0	0.98	0.94	1.0	0.98	1.0	1.0	0.98	1.0	0.92	0.98	0.96	0.96	0.94
3600	1.0	1.0	0.98	0.98	0.94	1.0	0.98	1.0	1.0	0.98	1.0	0.92	0.98	0.98	0.96	0.94
3650	1.0	1.0	0.98	0.98	0.94	1.0	1.0	1.0	1.0	0.98	1.0	0.92	0.98	0.98	0.94	0.92
3700	1.0	1.0	0.98	0.98	0.96	1.0	1.0	1.0	1.0	0.98	1.0	0.9	0.98	0.98	0.96	0.94
3750	1.0	1.0	0.98	0.98	0.94	0.98	1.0	1.0	1.0	0.96	1.0	0.92	0.98	1.0	0.98	0.96
3800	1.0	1.0	0.98	1.0	0.94	0.98	1.0	1.0	1.0	0.96	1.0	0.92	0.98	1.0	0.98	0.98
3850	1.0	1.0	0.98	1.0	0.94	0.98	1.0	1.0	1.0	0.96	0.98	0.92	0.98	1.0	0.98	0.94
3900	1.0	1.0	0.98	1.0	0.94	0.98	1.0	1.0	1.0	0.96	0.96	0.92	0.98	1.0	0.96	0.94
3950	1.0	1.0	0.98	1.0	0.94	0.98	1.0	1.0	1.0	0.96	0.96	0.92	0.98	1.0	0.96	0.94
4000	1.0	1.0	0.98	1.0	0.94	0.98	1.0	1.0	1.0	0.96	0.96	0.92	0.98	1.0	0.96	0.94
4050	1.0	1.0	0.98	1.0	0.94	0.98	1.0	1.0	1.0	0.96	0.96	0.96	0.98	1.0	0.96	0.94
4100	1.0	1.0	0.96	0.98	0.94	0.98	1.0	1.0	1.0	0.96	0.96	0.96	0.98	1.0	0.96	0.94
4150	1.0	1.0	0.96	0.98	0.96	0.98	1.0	1.0	1.0	0.96	0.96	0.96	1.0	1.0	0.96	0.92
4200	1.0	1.0	0.96	0.98	0.96	0.98	1.0	1.0	1.0	0.96	0.96	0.96	1.0	1.0	0.94	0.92
4250	1.0	1.0	0.94	0.98	0.96	0.98	1.0	1.0	1.0	0.96	0.96	0.96	1.0	1.0	0.94	0.92
4300	1.0	1.0	0.92	0.98	0.96	0.98	1.0	0.98	1.0	0.96	0.96	0.96	1.0	1.0	0.94	0.92
4350	1.0	1.0	0.94	0.98	0.96	0.98	1.0	0.98	1.0	0.98	0.96	0.96	1.0	1.0	0.94	0.9
4400	1.0	1.0	0.94	0.98	0.98	0.98	1.0	0.98	1.0	0.96	0.96	0.98	1.0	1.0	0.96	0.92
4450	1.0	1.0	0.94	0.98	1.0	0.98	1.0	0.98	1.0	0.96	0.98	0.98	0.98	1.0	0.96	0.92
4500	1.0	1.0	0.94	0.98	1.0	0.98	1.0	0.98	1.0	0.98	0.98	0.98	0.98	1.0	0.96	0.9
4550	1.0	1.0	0.94	0.98	1.0	1.0	1.0	0.98	1.0	0.98	1.0	0.98	0.98	1.0	0.96	0.9
4600	1.0	1.0	0.92	0.98	1.0	1.0	1.0	0.98	1.0	0.98	1.0	0.98	0.98	1.0	0.96	0.94
4650	1.0	1.0	0.92	0.98	1.0	1.0	1.0	0.98	1.0	0.98	1.0	0.98	0.98	1.0	0.96	0.94
4700	1.0	1.0	0.92	1.0	1.0	1.0	1.0	0.98	1.0	0.98	1.0	0.98	0.98	1.0	0.96	0.94
4750	1.0	1.0	0.92	1.0	1.0	1.0	1.0	0.98	1.0	0.96	0.98	0.98	0.98	1.0	0.96	0.94
4800	1.0	1.0	0.92	1.0	1.0	1.0	1.0	0.98	1.0	0.96	0.98	0.98	0.98	1.0	0.98	0.96
4850	1.0	1.0	0.94	1.0	1.0	1.0	1.0	0.98	1.0	0.96	0.98	0.98	0.94	1.0	0.96	0.96
4900	1.0	1.0	0.92	1.0	1.0	1.0	1.0	0.98	1.0	0.96	0.98	0.98	0.94	1.0	0.96	0.96
4950	1.0	1.0	0.92	1.0	1.0	1.0	1.0	0.96	1.0	0.94	0.94	1.0	0.94	1.0	0.98	0.96
5000	1.0	1.0	0.92	1.0	1.0	1.0	1.0	0.96	1.0	0.92	0.94	1.0	0.94	1.0	0.98	0.94
5050	1.0	1.0	0.94	1.0	1.0	1.0	1.0	0.98	1.0	0.9	0.94	1.0	0.94	1.0	0.98	0.96
5100	1.0	1.0	0.94	1.0	1.0	1.0	1.0	0.96	1.0	0.9	0.94	1.0	0.94	1.0	0.98	0.96
5150	1.0	1.0	0.94	1.0	1.0	1.0	1.0	0.96	1.0	0.9	0.94	1.0	0.96	1.0	0.98	0.96
5200	1.0	1.0	0.94	1.0	1.0	1.0	1.0	0.96	1.0	0.9	0.94	1.0	0.96	1.0	0.98	0.98
5250	1.0	1.0	0.94	1.0	1.0	1.0	1.0	0.96	1.0	0.92	0.94	1.0	0.96	1.0	0.98	0.98
5300	1.0	1.0	0.94	1.0	1.0	1.0	1.0	0.96	1.0	0.92	0.94	1.0	0.96	1.0	0.98	0.98
5350	1.0	1.0	0.96	1.0	0.98	1.0	1.0	0.96	1.0	0.92	0.94	1.0	0.96	1.0	0.98	0.98
5400	1.0	1.0	0.96	1.0	0.98	1.0	1.0	0.96	1.0	0.92	0.94	1.0	0.96	1.0	0.98	0.98
5450	1.0	1.0	0.96	1.0	0.98	1.0	1.0	0.96	1.0	0.92	0.94	1.0	0.96	1.0	0.98	0.98
5500	1.0	1.0	0.96	1.0	0.98	1.0	1.0	0.96	1.0	0.92	0.96	1.0	0.96	1.0	1.0	0.98
5550	1.0	1.0	0.96	1.0	0.96	1.0	1.0	0.96	1.0	0.94	0.96	1.0	0.96	1.0	1.0	0.98
5600	1.0	1.0	0.96	1.0	0.96	1.0	1.0	0.96	1.0	0.92	0.96	1.0	0.98	1.0	1.0	0.98
5650	1.0	1.0	0.96	1.0	0.96	1.0	1.0	0.96	1.0	0.92	1.0	1.0	0.98	1.0	1.0	1.0
5700	1.0	1.0	0.98	1.0	0.96	1.0	1.0	0.98	1.0	0.92	1.0	1.0	0.96	1.0	1.0	1.0
5750	1.0	1.0	0.98	1.0	0.96	1.0	1.0	0.98	1.0	0.92	1.0	1.0	0.96	1.0	1.0	1.0
5800	1.0	1.0	0.98	1.0	0.96	1.0	1.0	0.98	1.0	0.92	1.0	1.0	0.96	1.0	1.0	1.0
5850	1.0	1.0	0.98	0.98	0.98	1.0	1.0	0.98	1.0	0.9	1.0	1.0	0.96	1.0	1.0	1.0
5900	1.0	1.0	0.98	0.98	0.98	1.0	1.0	0.98	1.0	0.92	1.0	1.0	0.96	1.0	0.98	1.0
5950	1.0	1.0	1.0	0.98	0.98	1.0	1.0	1.0	1.0	0.92	1.0	1.0	0.96	1.0	0.98	1.0
6000	1.0	1.0	1.0	0.98	0.98	1.0	1.0	1.0	1.0	0.94	1.0	1.0	0.96	1.0	0.98	1.0
6050	1.0	1.0	1.0	0.98	0.98	1.0	1.0	0.98	1.0	0.96	1.0	1.0	0.96	1.0	0.98	1.0
6100	1.0	1.0	1.0	0.98	0.98	1.0	1.0	0.98	1.0	0.94	1.0	1.0	0.96	1.0	0.96	1.0
6150	1.0	1.0	1.0	0.98	1.0	0.98	1.0	0.98	1.0	0.94	1.0	1.0	0.96	1.0	0.94	1.0
6200	1.0	1.0	1.0	0.98	1.0	0.96	1.0	0.98	1.0	0.94	1.0	1.0	0.96	1.0	0.94	1.0
6250	1.0	1.0	1.0	0.98	1.0	0.96	1.0	0.98	1.0	0.94	1.0	1.0	0.96	1.0	0.94	1.0
6300	1.0	1.0	1.0	0.98	1.0	0.96	1.0	0.98	1.0	0.94	1.0	1.0	0.96	1.0	0.94	1.0
6350	1.0	1.0	1.0	0.98	1.0	0.96	1.0	0.98	1.0	0.94	1.0	1.0	0.96	1.0	0.92	1.0
6400	1.0	1.0	1.0	0.98	1.0	0.96	1.0	0.98	1.0	0.94	1.0	1.0	0.96	1.0	0.92	1.0
6450	1.0	1.0	1.0	0.98	1.0	0.96	1.0	0.98	1.0	0.94	0.98	1.0	0.96	1.0	0.92	1.0
6500	1.0	1.0	1.0	1.0	1.0	0.96	1.0	0.96	1.0	0.94	0.98	0.98	1.0	1.0	0.92	1.0
6550	1.0	1.0	1.0	1.0	1.0	0.94	1.0	0.96	1.0	0.94	0.98	0.98	1.0	1.0	0.94	1.0
6600	1.0	1.0	1.0	1.0	0.98	0.94	1.0	0.96	1.0	0.94	0.96	0.98	0.98	1.0	0.94	1.0
6650	1.0	1.0	1.0	1.0	0.98	0.94	1.0	0.96	1.0	0.94	0.96	0.98	0.98	1.0	0.94	1.0
6700	1.0	1.0	1.0	1.0	0.98	0.94	1.0	0.96	1.0	0.96	0.96	0.98	0.96	1.0	0.94	1.0
6750	1.0	1.0	1.0	1.0	0.98	0.94	1.0	0.96	1.0	0.96	0.96	0.96	0.96	1.0	0.96	1.0
6800	1.0	1.0	1.0	0.98	0.98	0.94	1.0	0.96	1.0	0.96	0.96	0.96	0.94	1.0	0.98	1.0
6850	1.0	1.0	1.0	0.98	0.98	0.94	1.0	0.96	1.0	0.98	0.96	0.96	0.94	1.0	0.98	1.0
6900	1.0	1.0	1.0	0.96	0.98	0.96	1.0	0.94	1.0	0.98	0.96	0.94	0.94	1.0	0.98	1.0
6950	1.0	1.0	1.0	0.96	0.98	0.98	1.0	0.94	1.0	0.98	0.96	0.94	0.94	1.0	0.98	1.0
7000	1.0	1.0	1.0	0.96	0.98	0.98	1.0	0.96	1.0	1.0	0.96	0.94	0.94	1.0	0.98	1.0
7050	1.0	1.0	1.0	0.96	0.98	0.98	1.0	0.96	1.0	1.0	0.96	0.94	0.94	1.0	0.98	1.0
7100	1.0	1.0	1.0	0.96	0.98	0.98	1.0	0.96	1.0	1.0	0.96	0.92	0.94	1.0	1.0	1.0
7150	1.0	1.0	1.0	0.96	0.98	0.98	1.0	0.96	1.0	1.0	0.96	0.92	0.92	1.0	1.0	1.0
7200	1.0	1.0	1.0	0.96	0.98	0.98	1.0	0.96	1.0	1.0	0.96	0.94	0.92	1.0	1.0	1.0
7250	1.0	1.0	1.0	0.96	0.98	1.0	1.0	0.96	1.0	1.0	0.96	0.94	0.92	1.0	1.0	1.0
7300	1.0	1.0	1.0	0.96	0.98	1.0	1.0	0.96	1.0	1.0	0.98	0.94	0.92	1.0	1.0	1.0
7350	1.0	1.0	1.0	0.96	0.96	1.0	1.0	0.96	1.0	1.0	0.98	0.94	0.94	1.0	1.0	1.0
7400	1.0	1.0	1.0	0.96	0.96	1.0	1.0	0.96	1.0	1.0	0.96	0.94	0.92	1.0	1.0	1.0
7450	1.0	1.0	1.0	0.96	0.96	1.0	1.0	0.96	1.0	1.0	0.98	0.94	0.94	1.0	0.98	1.0
7500	1.0	1.0	1.0	0.98	0.96	1.0	1.0	0.96	1.0	1.0	0.98	0.96	0.94	1.0	0.98	1.0
7550	1.0	1.0	1.0	0.96	0.96	1.0	1.0	0.96	1.0	1.0	0.98	0.96	0.96	1.0	0.98	1.0
7600	1.0	1.0	1.0	0.94	0.98	1.0	1.0	0.98	1.0	1.0	0.98	0.98	0.96	1.0	0.98	1.0
7650	1.0	1.0	1.0	0.96	0.98	1.0	1.0	0.98	1.0	1.0	0.96	0.98	0.96	1.0	0.98	1.0
7700	1.0	1.0	1.0	0.94	0.98	1.0	1.0	0.98	1.0	1.0	0.96	0.98	0.96	1.0	0.98	1.0
7750	1.0	1.0	1.0	0.94	0.96	1.0	1.0	0.98	1.0	1.0	0.96	0.98	0.96	1.0	0.98	1.0
7800	1.0	1.0	1.0	0.94	0.96	1.0	1.0	0.98	1.0	1.0	0.96	1.0	0.96	1.0	0.98	1.0
7850	1.0	1.0	1.0	0.94	0.96	1.0	1.0	0.98	1.0	1.0	0.96	1.0	0.98	1.0	0.98	1.0
7900	1.0	1.0	1.0	0.94	0.96	1.0	1.0	0.98	1.0	1.0	0.96	1.0	0.98	1.0	0.98	1.0
7950	1.0	1.0	1.0	0.94	0.96	1.0	1.0	1.0	1.0	1.0	0.96	1.0	0.98	1.0	0.98	1.0
8000	1.0	1.0	1.0	0.94	0.96	1.0	1.0	1.0	1.0	1.0	0.96	1.0	0.98	1.0	0.98	1.0
8050	1.0	1.0	1.0	0.94	0.94	1.0	1.0	1.0	1.0	1.0	0.96	1.0	0.98	1.0	0.98	1.0
8100	1.0	1.0	1.0	0.94	0.96	1.0	1.0	1.0	1.0	1.0	0.96	1.0	0.98	1.0	0.98	1.0
8150	1.0	1.0	1.0	0.94	0.96	1.0	0.98	1.0	1.0	1.0	0.96	1.0	0.98	1.0	0.98	1.0
8200	1.0	1.0	1.0	0.94	0.96	1.0	0.98	1.0	1.0	1.0	0.96	1.0	0.98	1.0	0.98	1.0
8250	1.0	1.0	1.0	0.94	0.96	1.0	0.98	1.0	1.0	1.0	0.94	1.0	1.0	1.0	0.96	1.0
8300	1.0	1.0	1.0	0.94	0.96	1.0	0.98	1.0	1.0	1.0	0.94	1.0	1.0	1.0	0.98	1.0
8350	1.0	1.0	1.0	0.98	0.96	1.0	0.98	1.0	1.0	1.0	0.94	1.0	1.0	1.0	0.96	1.0
8400	1.0	1.0	1.0	0.98	0.98	1.0	0.98	1.0	1.0	1.0	0.92	1.0	1.0	1.0	0.96	1.0
8450	1.0	1.0	1.0	1.0	0.98	1.0	0.98	1.0	1.0	1.0	0.94	1.0	1.0	1.0	0.96	1.0
8500	1.0	1.0	1.0	1.0	0.98	1.0	0.98	1.0	1.0	1.0	0.92	1.0	1.0	1.0	0.96	1.0
8550	1.0	1.0	1.0	1.0	0.98	1.0	0.98	1.0	1.0	1.0	0.92	1.0	1.0	1.0	0.96	1.0
8600	1.0	1.0	1.0	1.0	0.98	1.0	0.98	1.0	1.0	1.0	0.92	1.0	1.0	1.0	0.94	1.0
8650	1.0	1.0	1.0	1.0	0.98	1.0	0.98	1.0	1.0	1.0	0.92	1.0	1.0	1.0	0.94	1.0
8700	1.0	1.0	0.98	1.0	0.98	1.0	0.98	1.0	1.0	1.0	0.92	1.0	1.0	1.0	0.94	1.0
8750	1.0	1.0	0.98	0.98	1.0	1.0	0.98	0.98	1.0	1.0	0.9	1.0	1.0	1.0	0.94	1.0
8800	1.0	1.0	0.96	0.98	1.0	1.0	1.0	0.98	1.0	1.0	0.92	1.0	1.0	1.0	0.94	1.0
8850	1.0	1.0	0.96	0.98	1.0	1.0	1.0	0.98	0.98	1.0	0.92	1.0	1.0	1.0	0.92	1.0
8900	1.0	1.0	0.96	0.98	1.0	1.0	0.98	0.98	0.98	1.0	0.92	1.0	1.0	1.0	0.92	1.0
8950	1.0	1.0	0.96	0.98	1.0	1.0	0.98	0.98	0.98	1.0	0.94	1.0	1.0	1.0	0.92	1.0
9000	1.0	1.0	0.94	0.98	1.0	1.0	0.98	0.98	0.98	1.0	0.94	1.0	1.0	1.0	0.92	1.0
9050	1.0	1.0	0.94	0.98	1.0	1.0	0.98	0.96	0.98	1.0	0.94	1.0	1.0	1.0	0.92	1.0
9100	1.0	1.0	0.94	0.98	1.0	1.0	0.98	0.94	0.98	1.0	0.96	1.0	1.0	1.0	0.94	1.0
9150	1.0	1.0	0.94	0.98	1.0	1.0	0.98	0.94	0.98	1.0	0.96	1.0	1.0	1.0	0.96	1.0
9200	1.0	1.0	0.94	0.98	1.0	1.0	0.98	0.94	0.98	1.0	0.96	1.0	1.0	1.0	0.96	1.0
9250	1.0	1.0	0.94	0.98	1.0	1.0	0.98	0.94	0.98	1.0	0.96	1.0	1.0	1.0	0.94	1.0
9300	1.0	1.0	0.94	0.98	1.0	1.0	0.98	0.94	0.98	1.0	0.96	1.0	1.0	1.0	0.92	1.0
9350	1.0	1.0	0.94	0.98	1.0	1.0	0.98	0.94	0.98	1.0	0.96	1.0	1.0	1.0	0.92	1.0
9400	1.0	1.0	0.96	0.98	1.0	1.0	0.98	0.94	0.98	1.0	0.96	1.0	1.0	1.0	0.94	1.0
9450	1.0	1.0	0.96	1.0	0.98	1.0	0.98	0.94	0.98	1.0	0.96	1.0	1.0	1.0	0.94	1.0
9500	1.0	1.0	0.96	1.0	0.98	1.0	0.98	0.94	0.98	1.0	0.94	1.0	1.0	1.0	0.94	1.0
9550	1.0	1.0	0.96	1.0	0.98	1.0	0.98	0.94	0.98	1.0	0.94	1.0	1.0	1.0	0.94	1.0
9600	1.0	1.0	0.96	1.0	0.98	1.0	0.98	0.94	0.98	1.0	0.96	1.0	1.0	1.0	0.94	1.0
9650	1.0	1.0	0.96	1.0	0.98	1.0	0.96	0.94	0.98	1.0	0.96	1.0	1.0	1.0	0.94	1.0
9700	1.0	1.0	0.96	1.0	0.98	1.0	0.98	0.96	0.98	1.0	0.94	1.0	0.98	1.0	0.94	1.0
9750	1.0	1.0	0.96	1.0	0.98	1.0	0.98	0.96	0.98	1.0	0.94	1.0	0.98	1.0	0.96	1.0
9800	1.0	1.0	0.98	1.0	0.98	1.0	0.98	0.96	0.98	1.0	0.94	1.0	0.98	1.0	0.96	1.0
9850	1.0	1.0	0.98	1.0	0.98	1.0	0.98	0.96	0.98	1.0	0.94	1.0	0.98	1.0	0.96	1.0
9900	1.0	1.0	0.98	1.0	0.98	1.0	0.98	0.96	0.98	1.0	0.94	1.0	0.98	1.0	0.96	1.0
9950	1.0	1.0	0.98	1.0	0.98	1.0	0.98	0.98	0.98	1.0	0.94	1.0	0.98	1.0	0.96	1.0
10000	1.0	1.0	0.98	1.0	0.98	1.0	0.98	0.98	0.98	1.0	0.94	1.0	0.94	1.0	0.96	1.0
10050	1.0	1.0	0.98	1.0	0.98	1.0	0.98	0.98	0.96	1.0	0.96	1.0	0.94	1.0	1.0	1.0
10100	1.0	1.0	0.98	1.0	0.98	1.0	0.98	1.0	0.96	1.0	0.96	1.0	0.94	1.0	1.0	1.0
10150	1.0	1.0	0.98	1.0	0.98	1.0	0.98	1.0	0.96	1.0	0.96	1.0	0.94	1.0	1.0	1.0
10200	1.0	1.0	0.98	1.0	0.98	1.0	0.98	1.0	0.96	1.0	0.96	1.0	0.94	1.0	1.0	1.0
10250	1.0	1.0	1.0	1.0	0.98	1.0	0.98	1.0	0.98	1.0	0.96	1.0	0.94	1.0	1.0	1.0
10300	1.0	1.0	1.0	1.0	0.98	1.0	0.98	1.0	0.98	1.0	0.98	1.0	0.94	1.0	0.98	1.0
10350	1.0	1.0	1.0	1.0	0.98	1.0	0.98	1.0	0.98	1.0	0.98	1.0	0.94	1.0	0.98	1.0
10400	1.0	1.0	1.0	1.0	0.98	1.0	1.0	1.0	0.98	1.0	0.98	1.0	0.94	1.0	0.98	1.0
10450	1.0	1.0	1.0	1.0	1.0	1.0	1.0	1.0	0.98	1.0	0.98	1.0	0.96	1.0	0.98	1.0
10500	1.0	1.0	1.0	1.0	0.98	1.0	1.0	1.0	0.98	1.0	0.98	1.0	0.96	1.0	0.98	1.0
10550	1.0	1.0	1.0	1.0	0.98	1.0	1.0	1.0	0.98	1.0	1.0	1.0	0.96	1.0	0.98	1.0
10600	1.0	1.0	1.0	1.0	0.98	1.0	1.0	1.0	0.98	1.0	1.0	1.0	0.96	1.0	0.96	1.0
10650	1.0	1.0	1.0	1.0	0.98	1.0	1.0	1.0	1.0	1.0	1.0	1.0	0.96	1.0	0.96	1.0
10700	1.0	1.0	1.0	1.0	0.98	1.0	1.0	1.0	1.0	1.0	1.0	1.0	0.96	1.0	0.96	1.0
10750	1.0	1.0	1.0	1.0	0.98	1.0	1.0	1.0	1.0	1.0	1.0	1.0	0.98	1.0	0.96	1.0
10800	1.0	1.0	1.0	1.0	0.98	1.0	1.0	1.0	1.0	1.0	1.0	1.0	1.0	1.0	0.96	1.0
10850	1.0	1.0	1.0	1.0	0.98	1.0	1.0	1.0	1.0	1.0	1.0	1.0	1.0	1.0	0.96	1.0
10900	1.0	1.0	1.0	1.0	0.98	1.0	1.0	1.0	1.0	1.0	1.0	1.0	1.0	1.0	0.96	1.0
10950	0.98	1.0	1.0	1.0	0.98	1.0	1.0	1.0	1.0	1.0	1.0	1.0	1.0	1.0	0.96	1.0
11000	0.98	1.0	1.0	1.0	0.98	1.0	1.0	1.0	1.0	1.0	1.0	1.0	1.0	1.0	0.94	1.0
11050	0.98	1.0	1.0	1.0	0.98	1.0	1.0	1.0	1.0	1.0	1.0	1.0	0.98	1.0	0.94	1.0
11100	0.98	0.98	1.0	1.0	0.98	1.0	1.0	1.0	1.0	1.0	1.0	1.0	0.98	1.0	0.94	1.0
11150	0.98	0.98	1.0	1.0	0.98	1.0	1.0	1.0	1.0	1.0	1.0	1.0	0.98	1.0	0.94	1.0
11200	0.98	0.98	1.0	1.0	0.98	1.0	1.0	1.0	1.0	1.0	1.0	1.0	0.98	1.0	0.96	1.0
11250	0.98	0.98	1.0	1.0	0.98	1.0	1.0	1.0	1.0	1.0	1.0	1.0	0.98	1.0	0.96	1.0
11300	0.98	0.98	1.0	1.0	1.0	1.0	1.0	1.0	1.0	1.0	1.0	1.0	0.98	1.0	0.96	1.0
11350	0.98	0.98	1.0	1.0	1.0	1.0	1.0	1.0	1.0	1.0	1.0	1.0	0.98	1.0	0.96	1.0
11400	0.98	0.98	1.0	1.0	1.0	1.0	1.0	1.0	1.0	1.0	0.98	1.0	0.98	1.0	0.96	1.0
11450	0.98	0.98	1.0	1.0	1.0	1.0	1.0	1.0	1.0	1.0	0.98	1.0	0.98	1.0	0.98	1.0
11500	0.96	0.98	0.98	1.0	1.0	1.0	1.0	1.0	1.0	1.0	0.98	1.0	0.98	1.0	0.98	1.0
11550	0.96	0.98	0.98	1.0	1.0	1.0	1.0	1.0	1.0	1.0	0.98	1.0	0.96	1.0	0.98	1.0
11600	0.96	0.98	0.98	1.0	1.0	1.0	1.0	1.0	1.0	1.0	0.98	1.0	0.96	1.0	0.98	1.0
11650	0.96	0.98	0.98	1.0	1.0	1.0	1.0	1.0	1.0	1.0	0.98	1.0	0.96	1.0	0.98	1.0
11700	0.98	0.98	0.98	1.0	1.0	1.0	1.0	1.0	1.0	1.0	0.98	1.0	0.96	0.98	0.98	1.0
11750	0.98	0.98	0.98	1.0	1.0	1.0	1.0	1.0	1.0	1.0	0.98	1.0	0.96	0.98	0.98	1.0
11800	0.98	1.0	0.98	1.0	0.98	1.0	1.0	1.0	1.0	1.0	0.98	1.0	0.98	0.98	0.98	1.0
11850	0.98	1.0	0.98	1.0	0.98	1.0	1.0	1.0	1.0	1.0	0.98	1.0	0.98	0.98	0.98	1.0
11900	0.98	1.0	0.98	1.0	0.98	1.0	1.0	1.0	1.0	1.0	0.98	1.0	0.98	0.98	1.0	1.0
11950	0.98	1.0	0.98	1.0	0.98	1.0	1.0	1.0	1.0	1.0	0.98	1.0	0.98	0.98	1.0	1.0
12000	0.98	1.0	0.98	1.0	0.96	1.0	1.0	1.0	1.0	0.98	0.98	1.0	0.98	0.98	1.0	1.0
12050	0.98	1.0	0.98	1.0	0.96	1.0	1.0	1.0	1.0	0.98	0.98	1.0	0.98	0.98	1.0	1.0
12100	0.98	1.0	0.98	1.0	0.96	1.0	1.0	1.0	1.0	0.98	0.98	1.0	0.98	0.98	1.0	1.0
12150	0.98	1.0	0.98	1.0	0.96	1.0	1.0	1.0	1.0	0.98	0.98	1.0	0.98	0.98	1.0	1.0
12200	0.98	1.0	1.0	1.0	0.96	1.0	1.0	1.0	1.0	0.98	0.98	1.0	0.98	0.98	1.0	1.0
12250	0.98	1.0	1.0	1.0	0.96	1.0	1.0	1.0	1.0	0.98	0.98	1.0	0.98	0.98	1.0	1.0
12300	0.98	1.0	1.0	1.0	0.96	1.0	1.0	1.0	1.0	0.98	1.0	1.0	0.96	0.98	1.0	1.0
12350	1.0	1.0	1.0	1.0	0.96	1.0	1.0	1.0	1.0	0.98	1.0	1.0	0.96	0.98	1.0	1.0
12400	1.0	1.0	1.0	1.0	0.96	1.0	1.0	1.0	1.0	0.98	1.0	1.0	0.96	0.98	1.0	1.0
12450	1.0	1.0	1.0	1.0	0.96	1.0	1.0	1.0	1.0	0.98	1.0	1.0	0.98	1.0	1.0	1.0
12500	1.0	1.0	1.0	1.0	0.98	1.0	1.0	1.0	1.0	0.98	1.0	1.0	0.98	1.0	1.0	0.98
12550	1.0	1.0	1.0	1.0	0.98	1.0	1.0	1.0	1.0	0.98	1.0	1.0	0.98	1.0	1.0	0.98
12600	1.0	1.0	1.0	0.98	0.98	0.98	0.98	1.0	1.0	0.98	1.0	1.0	0.98	1.0	1.0	0.98
12650	1.0	1.0	1.0	0.98	0.98	0.98	0.98	1.0	1.0	0.98	1.0	1.0	0.98	1.0	1.0	0.98
12700	1.0	0.98	1.0	0.98	0.98	0.98	0.98	1.0	1.0	0.98	1.0	1.0	0.98	1.0	1.0	0.98
12750	0.98	0.98	1.0	0.98	1.0	0.98	0.98	1.0	1.0	0.98	1.0	1.0	0.98	1.0	1.0	0.98
12800	0.98	0.98	1.0	0.98	1.0	0.98	0.98	1.0	1.0	0.96	1.0	1.0	0.96	1.0	1.0	0.98
12850	0.98	0.98	1.0	0.98	1.0	0.98	0.98	1.0	1.0	0.96	1.0	1.0	0.96	1.0	1.0	0.98
12900	0.98	0.98	1.0	0.98	1.0	0.98	0.98	1.0	1.0	0.96	1.0	1.0	0.96	1.0	1.0	0.98
12950	0.98	0.98	1.0	0.98	1.0	0.98	0.96	1.0	1.0	0.98	0.98	1.0	0.96	1.0	1.0	0.98
13000	0.98	0.98	0.98	0.98	1.0	0.98	0.96	1.0	1.0	0.98	0.98	1.0	0.96	1.0	1.0	0.98
13050	0.98	0.98	0.98	0.98	1.0	0.98	0.96	1.0	1.0	0.98	0.98	1.0	0.98	1.0	1.0	0.98
13100	0.98	0.98	0.96	0.98	1.0	0.98	0.96	1.0	1.0	0.98	0.98	1.0	0.98	1.0	1.0	1.0
13150	0.98	0.98	0.96	0.98	1.0	1.0	0.96	1.0	1.0	0.98	0.98	1.0	0.98	1.0	1.0	1.0
13200	0.98	0.98	0.96	0.98	1.0	1.0	0.96	1.0	1.0	0.98	0.98	1.0	0.98	1.0	1.0	1.0
13250	0.98	0.98	0.96	0.98	1.0	1.0	0.96	1.0	1.0	0.98	0.98	1.0	0.98	1.0	1.0	0.98
13300	0.98	0.98	0.96	0.98	1.0	1.0	0.96	1.0	1.0	0.98	0.98	1.0	0.98	1.0	1.0	0.98
13350	0.98	0.98	0.96	0.98	1.0	1.0	0.96	1.0	1.0	0.98	0.98	1.0	0.96	1.0	1.0	0.98
13400	0.98	0.98	0.96	0.98	1.0	1.0	0.96	1.0	1.0	0.98	0.98	1.0	0.96	1.0	1.0	0.98
13450	0.98	0.98	0.96	1.0	1.0	1.0	0.98	1.0	1.0	0.98	0.98	1.0	0.96	1.0	1.0	0.98
13500	0.98	1.0	0.96	1.0	1.0	1.0	0.98	1.0	1.0	0.98	0.98	1.0	0.96	1.0	1.0	0.98
13550	0.98	1.0	0.96	1.0	1.0	1.0	0.98	1.0	1.0	0.98	0.98	1.0	0.96	1.0	1.0	0.98
13600	1.0	1.0	0.96	1.0	1.0	1.0	0.98	1.0	1.0	0.98	0.98	1.0	0.96	1.0	1.0	0.98
13650	1.0	1.0	0.96	1.0	1.0	1.0	0.98	1.0	1.0	0.98	0.98	1.0	0.98	1.0	1.0	0.98
13700	1.0	1.0	0.96	1.0	1.0	1.0	1.0	1.0	1.0	0.98	0.98	1.0	0.98	1.0	1.0	0.98
13750	1.0	1.0	0.96	1.0	1.0	1.0	1.0	1.0	1.0	1.0	0.98	1.0	0.98	1.0	1.0	0.98
13800	1.0	1.0	0.94	0.98	1.0	1.0	1.0	1.0	1.0	1.0	0.98	1.0	0.98	1.0	1.0	0.98
13850	0.98	1.0	0.92	0.98	1.0	1.0	1.0	1.0	1.0	1.0	0.98	1.0	0.98	1.0	1.0	0.98
13900	0.98	1.0	0.92	0.96	1.0	1.0	1.0	1.0	1.0	1.0	0.98	1.0	0.98	1.0	1.0	0.98
13950	0.98	1.0	0.92	0.96	1.0	1.0	1.0	1.0	1.0	1.0	1.0	1.0	0.98	1.0	1.0	0.98
14000	0.98	1.0	0.92	0.96	1.0	1.0	1.0	1.0	1.0	1.0	1.0	1.0	0.96	1.0	1.0	0.96
14050	0.98	1.0	0.92	0.96	1.0	1.0	1.0	1.0	1.0	1.0	1.0	1.0	0.96	1.0	1.0	0.96
14100	0.98	1.0	0.92	0.96	1.0	1.0	1.0	1.0	0.98	1.0	1.0	1.0	0.96	1.0	1.0	0.96
14150	0.98	1.0	0.92	0.96	1.0	1.0	1.0	1.0	0.98	1.0	1.0	1.0	0.96	1.0	1.0	0.96
14200	0.98	1.0	0.92	0.96	1.0	1.0	1.0	1.0	0.98	1.0	1.0	1.0	0.96	1.0	1.0	0.96
14250	0.98	1.0	0.92	0.96	1.0	1.0	1.0	1.0	0.98	1.0	1.0	1.0	0.96	1.0	1.0	0.96
14300	0.98	1.0	0.92	0.96	1.0	1.0	1.0	1.0	0.98	1.0	1.0	1.0	0.98	1.0	1.0	0.96
14350	0.98	1.0	0.92	0.96	1.0	1.0	1.0	1.0	0.98	1.0	1.0	1.0	0.94	1.0	1.0	0.96
14400	0.98	1.0	0.92	0.96	1.0	1.0	1.0	1.0	0.98	1.0	1.0	1.0	0.94	1.0	1.0	0.96
14450	0.98	1.0	0.9	0.96	1.0	1.0	1.0	1.0	0.98	1.0	1.0	1.0	0.94	1.0	1.0	0.96
14500	0.98	1.0	0.9	0.96	1.0	1.0	1.0	1.0	0.98	1.0	1.0	1.0	0.94	1.0	1.0	0.96
14550	0.98	1.0	0.94	0.96	1.0	0.98	1.0	1.0	0.98	1.0	1.0	1.0	0.94	1.0	1.0	0.96
14600	0.98	1.0	0.94	0.98	1.0	0.98	1.0	1.0	0.98	1.0	1.0	1.0	0.94	1.0	1.0	0.96
14650	0.98	1.0	0.96	1.0	1.0	0.98	1.0	1.0	0.98	1.0	0.98	1.0	0.94	1.0	1.0	0.98
14700	1.0	1.0	0.96	1.0	1.0	0.98	1.0	1.0	0.98	1.0	0.98	1.0	0.94	1.0	1.0	0.98
14750	1.0	1.0	0.96	1.0	1.0	0.98	0.98	1.0	0.98	1.0	0.98	1.0	0.96	1.0	1.0	0.98
14800	1.0	1.0	0.98	1.0	1.0	0.98	0.98	1.0	0.98	1.0	0.98	1.0	0.96	1.0	1.0	1.0
14850	1.0	1.0	0.98	1.0	1.0	0.98	0.98	1.0	0.98	1.0	0.98	1.0	0.96	1.0	1.0	1.0
14900	1.0	1.0	0.98	1.0	1.0	0.98	0.98	1.0	1.0	1.0	0.98	1.0	0.96	1.0	1.0	1.0
14950	1.0	1.0	0.98	1.0	1.0	0.98	0.98	1.0	1.0	1.0	0.98	1.0	0.96	1.0	1.0	1.0
15000	1.0	1.0	0.98	1.0	1.0	0.98	0.98	1.0	1.0	0.98	0.98	1.0	0.96	1.0	1.0	1.0
15050	1.0	1.0	0.98	1.0	1.0	0.98	0.98	1.0	1.0	0.98	0.98	1.0	0.96	1.0	1.0	1.0
15100	1.0	1.0	0.98	1.0	1.0	0.98	0.98	1.0	1.0	0.98	0.98	1.0	0.96	1.0	1.0	1.0
15150	1.0	1.0	0.98	1.0	1.0	0.98	0.98	1.0	1.0	0.98	0.98	1.0	0.94	1.0	1.0	1.0
15200	1.0	1.0	0.98	1.0	1.0	0.98	0.98	1.0	1.0	0.98	0.98	1.0	0.96	1.0	1.0	1.0
15250	1.0	1.0	0.98	1.0	1.0	0.98	0.98	1.0	1.0	0.98	0.96	1.0	0.98	1.0	1.0	1.0
15300	0.98	1.0	1.0	1.0	1.0	0.98	0.98	1.0	1.0	0.98	0.96	1.0	0.98	1.0	1.0	1.0
15350	0.98	1.0	1.0	1.0	1.0	0.98	0.98	1.0	1.0	0.98	0.96	1.0	0.98	1.0	1.0	0.98
15400	0.98	1.0	1.0	1.0	1.0	1.0	0.98	1.0	0.98	0.98	0.96	1.0	0.98	1.0	1.0	0.98
15450	0.98	1.0	1.0	1.0	1.0	1.0	0.98	1.0	0.98	0.98	0.96	1.0	0.98	1.0	1.0	0.98
15500	0.98	1.0	1.0	1.0	1.0	1.0	0.98	1.0	0.98	0.98	0.96	1.0	0.98	1.0	1.0	0.96
15550	0.98	1.0	1.0	1.0	1.0	1.0	0.98	1.0	0.98	0.98	0.96	1.0	0.98	1.0	1.0	0.94
15600	0.96	1.0	1.0	1.0	1.0	1.0	0.98	1.0	0.98	0.98	0.98	1.0	0.98	1.0	1.0	0.94
15650	0.96	1.0	1.0	1.0	1.0	1.0	1.0	1.0	0.98	1.0	0.98	1.0	0.98	1.0	1.0	0.94
15700	0.94	1.0	1.0	1.0	1.0	1.0	1.0	1.0	0.98	1.0	0.98	1.0	0.98	1.0	1.0	0.94
15750	0.94	1.0	1.0	1.0	1.0	1.0	1.0	1.0	0.98	1.0	0.98	1.0	0.98	1.0	1.0	0.94
15800	0.94	1.0	1.0	1.0	1.0	1.0	1.0	1.0	0.98	1.0	0.98	1.0	0.98	1.0	1.0	0.94
15850	0.94	1.0	1.0	1.0	1.0	1.0	1.0	1.0	0.98	1.0	0.98	1.0	0.98	1.0	1.0	0.94
15900	0.94	1.0	1.0	0.98	1.0	1.0	1.0	1.0	0.98	0.98	0.98	1.0	0.98	1.0	1.0	0.94
15950	0.94	1.0	1.0	0.98	1.0	1.0	0.98	1.0	0.98	0.98	0.98	1.0	0.98	1.0	1.0	0.94
16000	0.94	1.0	0.98	0.98	1.0	1.0	0.98	1.0	0.98	0.98	0.98	1.0	0.98	1.0	1.0	0.94
16050	0.94	1.0	0.94	0.98	1.0	1.0	0.98	1.0	0.98	0.96	0.98	1.0	0.98	1.0	1.0	0.94
16100	0.96	1.0	0.92	0.98	1.0	1.0	0.98	1.0	0.98	0.96	0.98	1.0	0.96	1.0	1.0	0.94
16150	0.96	1.0	0.92	0.98	1.0	1.0	0.96	1.0	0.98	0.96	1.0	1.0	0.96	1.0	1.0	0.96
16200	0.96	1.0	0.92	0.98	1.0	1.0	0.96	1.0	0.98	0.96	1.0	1.0	0.96	1.0	1.0	0.96
16250	0.94	1.0	0.92	0.98	1.0	1.0	0.96	1.0	1.0	0.96	1.0	1.0	0.96	1.0	1.0	1.0
16300	0.94	1.0	0.92	0.98	1.0	1.0	0.94	1.0	1.0	0.96	1.0	1.0	0.96	1.0	1.0	0.98
16350	0.94	1.0	0.9	0.98	1.0	1.0	0.94	1.0	1.0	0.96	1.0	1.0	0.96	1.0	1.0	0.98
16400	0.94	1.0	0.9	0.98	1.0	0.98	0.94	1.0	1.0	0.96	1.0	1.0	0.94	1.0	1.0	0.98
16450	0.96	1.0	0.9	0.98	1.0	0.98	0.94	1.0	1.0	0.96	1.0	1.0	0.94	1.0	1.0	0.98
16500	0.94	1.0	0.9	0.98	1.0	0.98	0.94	1.0	1.0	0.96	1.0	0.98	0.94	1.0	1.0	0.98
16550	0.92	1.0	0.9	0.98	1.0	0.98	0.94	1.0	1.0	0.96	1.0	0.98	0.92	1.0	1.0	0.98
16600	0.9	1.0	0.9	0.98	1.0	0.98	0.94	1.0	1.0	0.96	1.0	0.98	0.92	1.0	1.0	0.98
16650	0.9	1.0	0.9	1.0	0.98	0.98	0.94	1.0	1.0	0.96	0.98	0.98	0.9	1.0	1.0	0.98
16700	0.9	1.0	0.9	1.0	0.98	0.98	0.94	1.0	1.0	0.96	0.98	0.98	0.9	1.0	1.0	0.96
16750	0.9	1.0	0.9	1.0	0.98	0.98	0.94	1.0	1.0	0.96	0.98	0.98	0.9	1.0	1.0	0.96
16800	0.88	1.0	0.9	1.0	0.98	0.98	0.96	1.0	1.0	0.98	0.98	0.98	0.92	1.0	1.0	0.96
16850	0.9	1.0	0.92	1.0	0.98	0.98	0.96	1.0	1.0	0.98	0.98	0.98	0.92	1.0	1.0	0.96
16900	0.88	1.0	0.94	1.0	0.98	0.98	0.96	1.0	1.0	1.0	0.98	0.98	0.92	1.0	1.0	0.96
16950	0.88	1.0	0.98	1.0	0.96	0.98	0.96	1.0	1.0	1.0	0.98	0.98	0.94	1.0	1.0	0.96
17000	0.88	1.0	0.98	1.0	0.96	0.98	0.96	1.0	1.0	1.0	0.98	0.98	0.94	1.0	1.0	0.96
17050	0.84	1.0	0.96	1.0	0.96	0.98	0.98	1.0	1.0	1.0	0.98	0.98	0.94	1.0	1.0	0.96
17100	0.84	1.0	0.96	1.0	0.96	0.98	0.98	1.0	1.0	1.0	0.98	0.98	0.94	1.0	1.0	0.96
17150	0.86	1.0	0.96	1.0	0.94	0.98	0.98	1.0	1.0	0.98	0.98	1.0	0.94	1.0	1.0	0.94
17200	0.88	1.0	0.96	1.0	0.94	0.98	1.0	1.0	1.0	0.98	0.98	1.0	0.94	1.0	1.0	0.94
17250	0.88	1.0	0.98	1.0	0.94	0.98	1.0	1.0	1.0	0.98	0.98	1.0	0.94	1.0	1.0	0.94
17300	0.88	1.0	0.98	1.0	0.94	1.0	1.0	1.0	1.0	0.98	0.98	1.0	0.92	1.0	1.0	0.92
17350	0.88	1.0	0.98	1.0	0.94	1.0	1.0	1.0	1.0	0.98	1.0	1.0	0.92	1.0	1.0	0.9
17400	0.9	1.0	0.98	1.0	0.96	1.0	1.0	1.0	1.0	0.98	1.0	1.0	0.94	1.0	1.0	0.88
17450	0.9	1.0	0.98	1.0	0.94	1.0	1.0	1.0	1.0	0.98	1.0	1.0	0.96	1.0	1.0	0.88
17500	0.9	1.0	0.98	1.0	0.94	1.0	1.0	1.0	0.98	0.98	1.0	1.0	0.96	1.0	1.0	0.88
17550	0.9	1.0	0.98	1.0	0.94	1.0	1.0	1.0	0.96	0.98	1.0	1.0	0.96	1.0	1.0	0.88
17600	0.88	1.0	0.98	1.0	0.94	1.0	1.0	1.0	0.96	0.98	1.0	1.0	0.96	1.0	1.0	0.86
17650	0.88	1.0	0.98	1.0	0.96	1.0	1.0	1.0	0.96	0.98	1.0	1.0	0.96	1.0	1.0	0.86
17700	0.9	1.0	0.98	1.0	0.96	1.0	1.0	1.0	0.96	0.98	1.0	1.0	0.96	1.0	1.0	0.86
17750	0.88	1.0	1.0	1.0	0.96	1.0	1.0	1.0	0.96	0.98	1.0	1.0	0.96	1.0	1.0	0.84
17800	0.9	1.0	1.0	1.0	0.96	1.0	1.0	1.0	0.96	0.98	1.0	1.0	0.96	1.0	1.0	0.84
17850	0.9	1.0	1.0	1.0	0.98	1.0	1.0	1.0	0.96	0.98	1.0	1.0	0.94	1.0	1.0	0.86
17900	0.94	1.0	1.0	1.0	0.98	1.0	1.0	1.0	0.96	0.98	1.0	1.0	0.94	1.0	1.0	0.86
17950	0.94	1.0	0.98	1.0	0.98	1.0	1.0	1.0	0.96	0.98	1.0	1.0	0.94	1.0	1.0	0.86
18000	0.94	1.0	0.98	1.0	1.0	1.0	1.0	1.0	0.96	1.0	1.0	1.0	0.94	1.0	1.0	0.86
18050	0.94	1.0	0.98	1.0	1.0	1.0	1.0	1.0	0.96	1.0	1.0	1.0	0.94	1.0	1.0	0.86
18100	0.94	1.0	0.98	1.0	1.0	1.0	1.0	1.0	0.96	1.0	1.0	1.0	0.94	1.0	1.0	0.88
18150	0.94	1.0	0.98	1.0	1.0	1.0	1.0	1.0	0.94	1.0	1.0	1.0	0.94	1.0	0.98	0.88
18200	0.92	1.0	0.98	1.0	1.0	1.0	1.0	1.0	0.94	1.0	1.0	1.0	0.92	1.0	0.98	0.9
18250	0.88	1.0	0.98	1.0	1.0	1.0	1.0	1.0	0.94	1.0	1.0	1.0	0.96	1.0	0.98	0.9
18300	0.9	1.0	0.98	1.0	1.0	1.0	1.0	1.0	0.92	1.0	1.0	1.0	0.96	1.0	0.98	0.92
18350	0.9	1.0	0.96	1.0	1.0	1.0	1.0	1.0	0.96	1.0	1.0	1.0	0.96	1.0	0.98	0.94
18400	0.9	1.0	0.96	1.0	1.0	1.0	1.0	1.0	0.96	1.0	1.0	1.0	0.96	1.0	0.98	0.94
18450	0.92	1.0	0.96	1.0	1.0	1.0	1.0	1.0	0.94	1.0	1.0	1.0	0.96	1.0	0.98	0.94
18500	0.92	1.0	0.98	1.0	1.0	1.0	1.0	1.0	0.94	1.0	1.0	1.0	0.96	1.0	0.98	0.96
18550	0.9	1.0	0.98	1.0	1.0	1.0	1.0	1.0	0.94	1.0	1.0	1.0	0.96	1.0	0.98	0.96
18600	0.9	1.0	0.98	1.0	1.0	1.0	1.0	1.0	0.94	1.0	1.0	1.0	0.94	1.0	0.98	0.98
18650	0.86	1.0	0.98	1.0	1.0	1.0	1.0	1.0	0.94	1.0	1.0	1.0	0.94	1.0	0.98	0.98
18700	0.82	1.0	0.98	1.0	1.0	1.0	1.0	1.0	0.94	1.0	1.0	1.0	0.94	1.0	0.98	0.96
18750	0.8	1.0	0.98	1.0	1.0	1.0	1.0	1.0	0.9	1.0	1.0	1.0	0.94	1.0	0.98	0.94
18800	0.8	1.0	0.98	1.0	1.0	1.0	1.0	1.0	0.9	1.0	1.0	1.0	0.96	1.0	0.98	0.94
18850	0.82	1.0	0.98	1.0	1.0	1.0	1.0	1.0	0.92	1.0	1.0	1.0	0.96	1.0	0.98	0.94
18900	0.84	1.0	0.98	1.0	1.0	1.0	1.0	1.0	0.94	1.0	1.0	1.0	0.96	1.0	1.0	0.94
18950	0.84	1.0	0.98	1.0	1.0	1.0	1.0	1.0	0.94	1.0	1.0	1.0	0.96	1.0	1.0	0.88
19000	0.86	1.0	0.96	1.0	1.0	1.0	1.0	1.0	0.94	1.0	1.0	1.0	0.96	1.0	1.0	0.88
19050	0.86	1.0	0.96	1.0	1.0	1.0	1.0	1.0	0.94	1.0	1.0	1.0	0.98	1.0	1.0	0.86
19100	0.86	1.0	0.96	1.0	1.0	1.0	1.0	1.0	0.92	1.0	0.98	0.98	0.96	1.0	1.0	0.84
19150	0.86	1.0	0.96	1.0	1.0	1.0	1.0	1.0	0.94	1.0	0.98	0.98	0.96	1.0	1.0	0.84
19200	0.88	1.0	0.96	1.0	1.0	1.0	1.0	1.0	0.94	1.0	0.98	0.98	0.96	1.0	1.0	0.84
19250	0.88	1.0	0.98	1.0	1.0	1.0	1.0	1.0	0.94	1.0	0.98	0.98	0.96	1.0	1.0	0.78
19300	0.94	1.0	0.98	1.0	1.0	1.0	1.0	1.0	0.94	1.0	0.96	0.98	0.98	1.0	1.0	0.78
19350	0.94	1.0	0.98	1.0	1.0	1.0	1.0	1.0	0.94	1.0	0.96	0.96	0.98	1.0	1.0	0.78
19400	0.94	1.0	0.98	1.0	0.98	1.0	1.0	1.0	0.94	1.0	0.96	0.96	0.98	1.0	1.0	0.78
19450	0.94	1.0	0.96	1.0	0.98	1.0	1.0	1.0	0.92	1.0	0.96	0.96	0.98	1.0	1.0	0.82
19500	0.94	1.0	0.96	1.0	0.98	1.0	1.0	1.0	0.92	1.0	0.94	0.96	0.98	1.0	1.0	0.8
19550	0.94	1.0	0.96	1.0	0.98	1.0	1.0	1.0	0.92	1.0	0.94	0.94	0.98	1.0	1.0	0.78
19600	0.92	1.0	0.96	1.0	0.98	1.0	1.0	1.0	0.92	1.0	0.94	0.94	0.98	1.0	1.0	0.8
19650	0.92	1.0	0.96	1.0	0.96	1.0	1.0	1.0	0.92	1.0	0.94	0.94	0.98	1.0	1.0	0.84
19700	0.9	1.0	0.96	1.0	0.96	1.0	1.0	1.0	0.92	1.0	0.92	0.96	0.98	1.0	1.0	0.82
19750	0.92	1.0	0.96	1.0	0.96	1.0	1.0	1.0	0.92	1.0	0.92	0.96	1.0	1.0	1.0	0.82
19800	0.9	1.0	0.94	1.0	0.96	1.0	1.0	1.0	0.92	1.0	0.92	0.96	1.0	1.0	1.0	0.82
19850	0.9	1.0	0.94	1.0	0.96	1.0	1.0	1.0	0.94	1.0	0.94	0.96	1.0	1.0	1.0	0.84
19900	0.9	1.0	0.96	1.0	0.96	1.0	1.0	1.0	0.94	1.0	0.92	0.96	1.0	1.0	1.0	0.82
19950	0.9	1.0	0.94	1.0	0.96	1.0	1.0	1.0	0.94	1.0	0.94	0.96	1.0	1.0	1.0	0.84
20000	0.88	1.0	0.94	1.0	0.96	1.0	1.0	1.0	0.94	1.0	0.94	0.96	1.0	1.0	1.0	0.84
