0	0.0	0.0	0.0	0.0	0.0	0.0	0.0	0.0	0.0	0.0	0.0	0.0	0.0	0.0	0.0	0.0
50	0.5	0.0	0.0	0.0	0.0	0.0	0.0	0.0	0.0	0.0	0.0	0.0	0.0	0.333333333333	0.0	0.2
100	0.428571428571	0.0	0.25	0.333333333333	0.0	0.0	0.125	0.0	0.166666666667	0.428571428571	0.166666666667	0.222222222222	0.4	0.166666666667	0.4	0.555555555556
150	0.454545454545	0.0	0.4	0.5	0.25	0.142857142857	0.272727272727	0.333333333333	0.222222222222	0.555555555556	0.142857142857	0.266666666667	0.5	0.142857142857	0.285714285714	0.454545454545
200	0.538461538462	0.133333333333	0.461538461538	0.428571428571	0.333333333333	0.142857142857	0.307692307692	0.4	0.166666666667	0.733333333333	0.125	0.368421052632	0.458333333333	0.4	0.454545454545	0.5
250	0.473684210526	0.210526315789	0.588235294118	0.428571428571	0.333333333333	0.272727272727	0.357142857143	0.416666666667	0.176470588235	0.6875	0.166666666667	0.409090909091	0.5	0.466666666667	0.4	0.631578947368
300	0.521739130435	0.217391304348	0.555555555556	0.416666666667	0.454545454545	0.384615384615	0.4375	0.4375	0.222222222222	0.7	0.133333333333	0.423076923077	0.483870967742	0.470588235294	0.45	0.619047619048
350	0.592592592593	0.24	0.619047619048	0.5	0.5	0.4375	0.5	0.411764705882	0.333333333333	0.727272727273	0.277777777778	0.41935483871	0.46875	0.5	0.56	0.625
400	0.586206896552	0.259259259259	0.666666666667	0.5	0.631578947368	0.5	0.52380952381	0.388888888889	0.384615384615	0.769230769231	0.35	0.457142857143	0.444444444444	0.454545454545	0.592592592593	0.576923076923
450	0.617647058824	0.290322580645	0.703703703704	0.52	0.695652173913	0.5	0.6	0.4	0.466666666667	0.777777777778	0.384615384615	0.472222222222	0.421052631579	0.434782608696	0.645161290323	0.6
500	0.631578947368	0.285714285714	0.724137931034	0.548387096774	0.72	0.551724137931	0.642857142857	0.458333333333	0.515151515152	0.793103448276	0.37037037037	0.525	0.4	0.434782608696	0.638888888889	0.636363636364
550	0.625	0.342105263158	0.69696969697	0.548387096774	0.733333333333	0.59375	0.69696969697	0.518518518519	0.514285714286	0.806451612903	0.363636363636	0.53488372093	0.404761904762	0.48	0.658536585366	0.666666666667
600	0.636363636364	0.358974358974	0.714285714286	0.588235294118	0.75	0.588235294118	0.722222222222	0.545454545455	0.486486486486	0.787878787879	0.342857142857	0.64	0.434782608696	0.566666666667	0.674418604651	0.675675675676
650	0.652173913043	0.390243902439	0.722222222222	0.567567567568	0.685714285714	0.625	0.74358974359	0.558823529412	0.5	0.810810810811	0.333333333333	0.7	0.446808510638	0.59375	0.695652173913	0.739130434783
700	0.64	0.446808510638	0.736842105263	0.552631578947	0.692307692308	0.608695652174	0.75	0.594594594595	0.533333333333	0.825	0.351351351351	0.74	0.46	0.617647058824	0.714285714286	0.744680851064
750	0.68	0.44	0.756097560976	0.590909090909	0.707317073171	0.632653061224	0.738095238095	0.571428571429	0.531914893617	0.847826086957	0.380952380952	0.74	0.46	0.638888888889	0.714285714286	0.755102040816
800	0.7	0.48	0.767441860465	0.604166666667	0.681818181818	0.64	0.775510204082	0.617021276596	0.56	0.86	0.422222222222	0.74	0.5	0.641025641026	0.72	0.76
850	0.7	0.5	0.755555555556	0.6	0.702127659574	0.68	0.8	0.66	0.58	0.9	0.428571428571	0.78	0.48	0.651162790698	0.76	0.84
900	0.74	0.5	0.755102040816	0.64	0.714285714286	0.72	0.82	0.68	0.62	0.88	0.48	0.82	0.44	0.63829787234	0.78	0.82
950	0.76	0.58	0.84	0.64	0.76	0.74	0.86	0.68	0.64	0.88	0.48	0.82	0.4	0.63829787234	0.8	0.86
1000	0.78	0.62	0.84	0.66	0.78	0.76	0.92	0.68	0.66	0.9	0.48	0.82	0.4	0.645833333333	0.82	0.86
1050	0.8	0.64	0.86	0.68	0.76	0.74	0.94	0.76	0.68	0.92	0.48	0.82	0.36	0.64	0.84	0.9
1100	0.84	0.66	0.86	0.68	0.74	0.82	0.96	0.76	0.72	0.92	0.54	0.82	0.36	0.66	0.86	0.94
1150	0.84	0.7	0.88	0.72	0.74	0.8	0.96	0.74	0.8	0.92	0.58	0.84	0.4	0.68	0.86	0.96
1200	0.84	0.72	0.88	0.74	0.72	0.78	0.9	0.74	0.8	0.92	0.6	0.82	0.38	0.72	0.86	0.96
1250	0.84	0.72	0.86	0.76	0.74	0.78	0.92	0.74	0.82	0.92	0.62	0.82	0.42	0.74	0.84	0.94
1300	0.86	0.72	0.84	0.76	0.78	0.8	0.92	0.72	0.82	0.92	0.62	0.84	0.42	0.74	0.82	0.94
1350	0.86	0.74	0.82	0.74	0.8	0.82	0.88	0.72	0.8	0.92	0.6	0.84	0.42	0.74	0.82	0.94
1400	0.86	0.76	0.74	0.74	0.8	0.82	0.88	0.72	0.84	0.92	0.54	0.82	0.42	0.76	0.82	0.94
1450	0.86	0.76	0.74	0.7	0.8	0.8	0.88	0.76	0.84	0.9	0.52	0.82	0.46	0.8	0.78	0.94
1500	0.86	0.74	0.74	0.7	0.8	0.8	0.88	0.76	0.82	0.86	0.52	0.86	0.48	0.82	0.78	0.94
1550	0.88	0.76	0.74	0.7	0.78	0.82	0.88	0.74	0.8	0.86	0.54	0.88	0.48	0.82	0.76	0.94
1600	0.92	0.74	0.72	0.7	0.78	0.8	0.9	0.74	0.78	0.82	0.56	0.88	0.54	0.82	0.74	0.96
1650	0.92	0.74	0.72	0.66	0.78	0.78	0.9	0.74	0.8	0.86	0.56	0.88	0.56	0.8	0.76	0.98
1700	0.92	0.78	0.72	0.64	0.78	0.78	0.9	0.72	0.78	0.86	0.56	0.88	0.6	0.8	0.74	0.98
1750	0.94	0.76	0.7	0.66	0.76	0.8	0.9	0.74	0.7	0.86	0.54	0.88	0.6	0.8	0.74	0.98
1800	0.96	0.76	0.7	0.64	0.78	0.8	0.9	0.72	0.66	0.86	0.52	0.92	0.6	0.82	0.72	0.96
1850	0.96	0.72	0.7	0.6	0.82	0.8	0.9	0.7	0.62	0.82	0.54	0.92	0.6	0.82	0.66	0.96
1900	0.96	0.72	0.68	0.58	0.82	0.8	0.9	0.68	0.62	0.82	0.58	0.92	0.6	0.86	0.66	0.96
1950	0.96	0.74	0.68	0.56	0.82	0.8	0.9	0.66	0.62	0.8	0.58	0.92	0.62	0.86	0.7	0.96
2000	0.96	0.78	0.64	0.54	0.82	0.8	0.96	0.66	0.6	0.78	0.58	0.92	0.6	0.9	0.7	0.96
2050	0.96	0.78	0.64	0.56	0.82	0.8	0.94	0.72	0.56	0.78	0.6	0.92	0.58	0.9	0.74	0.96
2100	0.96	0.78	0.64	0.56	0.8	0.8	0.94	0.68	0.56	0.8	0.6	0.92	0.58	0.9	0.74	0.96
2150	0.96	0.8	0.62	0.56	0.8	0.8	0.96	0.68	0.56	0.8	0.58	0.9	0.6	0.9	0.74	0.92
2200	0.96	0.8	0.62	0.58	0.78	0.78	0.98	0.66	0.56	0.8	0.6	0.9	0.58	0.9	0.78	0.92
2250	0.94	0.8	0.6	0.6	0.78	0.76	0.96	0.7	0.56	0.82	0.64	0.92	0.56	0.9	0.76	0.92
2300	0.96	0.82	0.58	0.6	0.82	0.76	0.94	0.74	0.52	0.8	0.68	0.9	0.58	0.9	0.76	0.92
2350	0.96	0.84	0.58	0.66	0.84	0.76	0.94	0.76	0.54	0.8	0.72	0.9	0.54	0.94	0.76	0.92
2400	0.96	0.84	0.58	0.68	0.86	0.76	0.94	0.8	0.54	0.8	0.72	0.9	0.54	0.94	0.74	0.9
2450	0.96	0.8	0.62	0.68	0.84	0.78	0.94	0.8	0.5	0.8	0.74	0.86	0.54	0.94	0.76	0.92
2500	0.96	0.8	0.6	0.68	0.84	0.78	0.94	0.82	0.5	0.76	0.74	0.86	0.52	0.96	0.78	0.9
2550	0.96	0.82	0.62	0.68	0.82	0.78	0.94	0.84	0.5	0.76	0.72	0.86	0.5	0.96	0.8	0.88
2600	0.96	0.86	0.64	0.68	0.82	0.78	0.94	0.86	0.56	0.8	0.74	0.86	0.48	0.94	0.78	0.88
2650	0.96	0.86	0.62	0.72	0.8	0.78	0.92	0.9	0.6	0.8	0.8	0.86	0.5	0.94	0.78	0.88
2700	0.96	0.84	0.62	0.72	0.82	0.82	0.9	0.9	0.6	0.82	0.78	0.84	0.5	0.94	0.8	0.88
2750	0.96	0.84	0.62	0.74	0.8	0.82	0.9	0.9	0.64	0.84	0.78	0.86	0.48	0.94	0.8	0.9
2800	0.96	0.84	0.62	0.72	0.8	0.74	0.92	0.92	0.64	0.82	0.8	0.86	0.5	0.94	0.78	0.88
2850	0.96	0.82	0.6	0.74	0.74	0.72	0.92	0.88	0.62	0.82	0.76	0.84	0.56	0.94	0.78	0.88
2900	0.96	0.84	0.6	0.78	0.76	0.72	0.92	0.86	0.64	0.84	0.76	0.88	0.56	0.96	0.8	0.9
2950	0.96	0.84	0.62	0.74	0.74	0.74	0.92	0.86	0.66	0.84	0.74	0.88	0.58	0.96	0.82	0.9
3000	0.96	0.84	0.64	0.68	0.72	0.74	0.9	0.86	0.7	0.86	0.74	0.9	0.62	0.96	0.82	0.88
3050	0.96	0.84	0.64	0.68	0.74	0.74	0.86	0.86	0.72	0.86	0.74	0.92	0.64	0.96	0.8	0.88
3100	0.96	0.82	0.66	0.66	0.7	0.74	0.9	0.86	0.74	0.88	0.76	0.94	0.66	0.96	0.78	0.88
3150	0.94	0.82	0.68	0.68	0.7	0.72	0.9	0.86	0.8	0.84	0.76	0.94	0.66	0.96	0.78	0.88
3200	0.96	0.86	0.66	0.7	0.66	0.72	0.88	0.82	0.82	0.84	0.74	0.94	0.68	0.96	0.8	0.9
3250	0.98	0.86	0.64	0.68	0.66	0.7	0.86	0.78	0.84	0.82	0.72	0.94	0.68	0.98	0.8	0.9
3300	0.96	0.86	0.64	0.7	0.7	0.72	0.86	0.76	0.84	0.82	0.72	0.94	0.68	0.98	0.8	0.88
3350	0.96	0.86	0.6	0.7	0.7	0.72	0.88	0.74	0.82	0.84	0.74	0.94	0.68	0.98	0.76	0.88
3400	0.96	0.88	0.6	0.7	0.7	0.72	0.88	0.74	0.8	0.82	0.76	0.94	0.66	0.98	0.76	0.88
3450	0.94	0.86	0.58	0.7	0.74	0.72	0.9	0.72	0.8	0.82	0.74	0.96	0.7	0.98	0.76	0.9
3500	0.94	0.86	0.6	0.68	0.74	0.7	0.9	0.74	0.78	0.82	0.76	0.96	0.68	1.0	0.8	0.9
3550	0.94	0.88	0.56	0.68	0.74	0.7	0.9	0.74	0.82	0.8	0.72	0.96	0.68	1.0	0.82	0.9
3600	0.94	0.9	0.54	0.66	0.74	0.78	0.9	0.74	0.82	0.82	0.7	0.96	0.64	1.0	0.78	0.9
3650	0.94	0.9	0.56	0.68	0.74	0.76	0.9	0.76	0.82	0.82	0.68	0.96	0.66	1.0	0.78	0.92
3700	0.94	0.9	0.56	0.76	0.76	0.74	0.88	0.78	0.82	0.82	0.68	0.96	0.66	0.96	0.78	0.92
3750	0.94	0.88	0.56	0.76	0.82	0.74	0.88	0.8	0.8	0.8	0.66	0.96	0.62	0.96	0.8	0.9
3800	0.94	0.88	0.56	0.78	0.82	0.72	0.92	0.78	0.78	0.8	0.66	0.98	0.64	0.96	0.8	0.9
3850	0.94	0.88	0.54	0.76	0.84	0.76	0.94	0.78	0.8	0.76	0.68	0.98	0.64	0.96	0.82	0.88
3900	0.94	0.9	0.54	0.74	0.86	0.76	0.94	0.82	0.78	0.78	0.68	0.98	0.64	0.96	0.82	0.88
3950	0.92	0.9	0.54	0.72	0.84	0.8	0.92	0.82	0.76	0.8	0.68	0.98	0.62	0.96	0.8	0.86
4000	0.92	0.9	0.56	0.72	0.82	0.8	0.9	0.84	0.76	0.8	0.66	0.98	0.64	0.94	0.8	0.84
4050	0.92	0.9	0.58	0.72	0.86	0.82	0.9	0.84	0.76	0.82	0.66	0.98	0.68	0.94	0.8	0.84
4100	0.92	0.9	0.56	0.72	0.88	0.84	0.9	0.82	0.72	0.82	0.66	0.96	0.68	0.94	0.8	0.84
4150	0.9	0.9	0.58	0.7	0.88	0.84	0.88	0.84	0.7	0.82	0.64	0.96	0.7	0.94	0.82	0.84
4200	0.9	0.9	0.58	0.72	0.86	0.82	0.88	0.82	0.72	0.8	0.62	0.96	0.72	0.9	0.82	0.86
4250	0.9	0.9	0.58	0.72	0.82	0.8	0.9	0.84	0.7	0.8	0.62	0.96	0.74	0.9	0.82	0.86
4300	0.9	0.9	0.6	0.74	0.8	0.82	0.9	0.84	0.72	0.82	0.64	0.96	0.76	0.9	0.84	0.88
4350	0.9	0.9	0.64	0.76	0.8	0.82	0.9	0.84	0.76	0.82	0.62	0.96	0.74	0.88	0.82	0.88
4400	0.9	0.88	0.66	0.72	0.8	0.84	0.9	0.86	0.78	0.82	0.62	0.98	0.76	0.88	0.84	0.88
4450	0.9	0.9	0.68	0.74	0.8	0.82	0.9	0.84	0.76	0.84	0.62	0.96	0.74	0.92	0.86	0.88
4500	0.9	0.92	0.66	0.72	0.78	0.84	0.9	0.82	0.76	0.84	0.62	0.96	0.72	0.92	0.86	0.88
4550	0.9	0.9	0.66	0.7	0.76	0.86	0.9	0.86	0.74	0.86	0.62	0.96	0.72	0.9	0.86	0.84
4600	0.88	0.88	0.7	0.72	0.76	0.86	0.88	0.84	0.76	0.86	0.62	0.96	0.7	0.9	0.84	0.84
4650	0.88	0.88	0.72	0.74	0.72	0.84	0.92	0.84	0.76	0.88	0.62	0.96	0.68	0.9	0.82	0.82
4700	0.88	0.88	0.7	0.74	0.72	0.84	0.92	0.84	0.74	0.86	0.6	0.96	0.66	0.9	0.8	0.82
4750	0.86	0.88	0.66	0.72	0.72	0.84	0.92	0.84	0.76	0.86	0.66	0.96	0.68	0.9	0.8	0.88
4800	0.86	0.86	0.66	0.72	0.74	0.84	0.92	0.84	0.74	0.86	0.66	0.96	0.7	0.86	0.8	0.88
4850	0.84	0.84	0.66	0.68	0.74	0.84	0.9	0.82	0.76	0.9	0.68	0.96	0.7	0.86	0.82	0.88
4900	0.84	0.82	0.64	0.64	0.72	0.86	0.92	0.82	0.78	0.9	0.68	0.96	0.7	0.86	0.8	0.88
4950	0.84	0.84	0.7	0.64	0.68	0.84	0.92	0.82	0.78	0.9	0.66	0.96	0.7	0.88	0.82	0.88
5000	0.84	0.78	0.7	0.66	0.68	0.84	0.92	0.8	0.76	0.9	0.66	0.94	0.7	0.88	0.82	0.88
5050	0.84	0.78	0.64	0.66	0.7	0.82	0.92	0.78	0.74	0.9	0.68	0.94	0.68	0.88	0.8	0.86
5100	0.84	0.8	0.62	0.68	0.72	0.82	0.92	0.78	0.76	0.88	0.7	0.94	0.7	0.88	0.78	0.86
5150	0.86	0.8	0.62	0.64	0.76	0.82	0.92	0.78	0.74	0.94	0.72	0.94	0.68	0.86	0.78	0.86
5200	0.84	0.8	0.62	0.64	0.76	0.84	0.92	0.76	0.76	0.9	0.72	0.94	0.68	0.86	0.74	0.88
5250	0.86	0.78	0.62	0.64	0.76	0.84	0.9	0.74	0.76	0.88	0.74	0.92	0.68	0.86	0.74	0.86
5300	0.86	0.8	0.64	0.62	0.78	0.78	0.9	0.74	0.72	0.9	0.74	0.92	0.68	0.84	0.74	0.88
5350	0.84	0.82	0.64	0.6	0.8	0.8	0.94	0.72	0.72	0.9	0.74	0.92	0.72	0.84	0.74	0.88
5400	0.86	0.82	0.68	0.62	0.82	0.8	0.96	0.7	0.72	0.9	0.76	0.88	0.76	0.84	0.74	0.9
5450	0.86	0.86	0.72	0.64	0.82	0.8	0.94	0.7	0.7	0.9	0.76	0.88	0.74	0.86	0.78	0.88
5500	0.86	0.86	0.7	0.68	0.84	0.78	0.94	0.7	0.74	0.92	0.78	0.88	0.8	0.86	0.78	0.88
5550	0.86	0.88	0.74	0.68	0.86	0.78	0.92	0.7	0.72	0.9	0.78	0.88	0.82	0.86	0.74	0.88
5600	0.88	0.88	0.74	0.68	0.86	0.78	0.92	0.72	0.74	0.9	0.78	0.88	0.8	0.86	0.74	0.9
5650	0.88	0.9	0.74	0.68	0.88	0.76	0.94	0.72	0.74	0.88	0.8	0.88	0.8	0.88	0.76	0.9
5700	0.9	0.88	0.78	0.7	0.88	0.74	0.94	0.72	0.74	0.88	0.82	0.88	0.78	0.9	0.76	0.88
5750	0.9	0.88	0.78	0.72	0.88	0.76	0.94	0.72	0.74	0.88	0.82	0.88	0.74	0.92	0.74	0.88
5800	0.94	0.9	0.78	0.72	0.86	0.8	0.94	0.68	0.74	0.86	0.82	0.9	0.7	0.92	0.76	0.88
5850	0.94	0.92	0.82	0.74	0.84	0.78	0.94	0.68	0.74	0.86	0.84	0.92	0.7	0.92	0.74	0.86
5900	0.94	0.9	0.86	0.74	0.84	0.8	0.94	0.72	0.76	0.88	0.82	0.9	0.72	0.92	0.74	0.88
5950	0.94	0.9	0.88	0.74	0.84	0.8	0.96	0.68	0.8	0.86	0.82	0.9	0.7	0.92	0.76	0.86
6000	0.94	0.9	0.9	0.72	0.82	0.78	0.94	0.66	0.78	0.88	0.86	0.9	0.7	0.94	0.76	0.86
6050	0.92	0.9	0.92	0.72	0.84	0.78	0.94	0.66	0.8	0.86	0.86	0.9	0.68	0.94	0.8	0.86
6100	0.94	0.9	0.94	0.7	0.82	0.78	0.94	0.66	0.8	0.86	0.86	0.94	0.66	0.96	0.76	0.88
6150	0.94	0.92	0.94	0.7	0.8	0.8	0.94	0.64	0.76	0.84	0.88	0.94	0.62	0.96	0.76	0.86
6200	0.92	0.92	0.94	0.7	0.8	0.88	0.96	0.64	0.76	0.82	0.88	0.92	0.6	0.98	0.8	0.86
6250	0.94	0.92	0.96	0.74	0.8	0.86	0.98	0.58	0.8	0.8	0.88	0.94	0.62	0.98	0.78	0.86
6300	0.94	0.92	0.98	0.76	0.82	0.86	0.98	0.6	0.8	0.78	0.9	0.94	0.6	1.0	0.78	0.86
6350	0.94	0.92	0.98	0.76	0.84	0.84	0.98	0.56	0.82	0.78	0.9	0.92	0.62	1.0	0.78	0.86
6400	0.94	0.9	0.98	0.78	0.8	0.84	0.98	0.58	0.82	0.8	0.88	0.92	0.62	1.0	0.8	0.84
6450	0.94	0.88	0.96	0.78	0.78	0.86	0.96	0.6	0.84	0.78	0.9	0.92	0.68	0.98	0.78	0.84
6500	0.94	0.88	0.94	0.78	0.78	0.86	0.94	0.64	0.86	0.78	0.94	0.9	0.66	0.98	0.76	0.82
6550	0.92	0.88	0.94	0.78	0.74	0.8	0.92	0.62	0.88	0.78	0.92	0.9	0.66	0.98	0.78	0.82
6600	0.92	0.88	0.94	0.78	0.74	0.8	0.92	0.6	0.88	0.76	0.92	0.88	0.66	0.98	0.78	0.82
6650	0.9	0.88	0.94	0.74	0.74	0.8	0.92	0.6	0.88	0.78	0.9	0.9	0.66	0.98	0.76	0.86
6700	0.9	0.86	0.92	0.74	0.72	0.8	0.92	0.58	0.86	0.78	0.92	0.92	0.64	0.98	0.76	0.88
6750	0.9	0.84	0.94	0.74	0.72	0.78	0.92	0.58	0.86	0.76	0.92	0.92	0.6	0.98	0.76	0.88
6800	0.88	0.84	0.94	0.72	0.72	0.78	0.92	0.64	0.86	0.78	0.92	0.92	0.6	0.98	0.74	0.9
6850	0.9	0.86	0.92	0.76	0.7	0.76	0.92	0.64	0.86	0.78	0.9	0.92	0.58	0.98	0.74	0.9
6900	0.9	0.86	0.92	0.8	0.7	0.76	0.92	0.64	0.86	0.8	0.9	0.94	0.62	0.98	0.72	0.9
6950	0.9	0.88	0.92	0.8	0.68	0.76	0.94	0.66	0.9	0.78	0.9	0.94	0.64	0.98	0.74	0.9
7000	0.92	0.84	0.9	0.8	0.64	0.78	0.94	0.68	0.92	0.78	0.9	0.96	0.64	0.98	0.76	0.9
7050	0.92	0.84	0.88	0.76	0.64	0.78	0.94	0.72	0.94	0.8	0.9	0.96	0.68	0.98	0.74	0.9
7100	0.92	0.82	0.86	0.76	0.64	0.8	0.9	0.72	0.88	0.82	0.9	0.96	0.68	0.96	0.76	0.88
7150	0.92	0.82	0.84	0.72	0.6	0.8	0.9	0.74	0.88	0.8	0.92	0.96	0.64	0.96	0.76	0.88
7200	0.92	0.82	0.82	0.72	0.6	0.82	0.9	0.76	0.88	0.8	0.9	0.96	0.64	0.98	0.74	0.88
7250	0.92	0.82	0.82	0.7	0.6	0.82	0.92	0.76	0.88	0.8	0.9	0.98	0.66	0.98	0.78	0.9
7300	0.92	0.84	0.82	0.72	0.66	0.82	0.92	0.76	0.88	0.8	0.9	0.96	0.68	0.98	0.78	0.9
7350	0.92	0.84	0.84	0.76	0.68	0.84	0.96	0.84	0.88	0.8	0.88	0.92	0.68	0.98	0.78	0.9
7400	0.94	0.86	0.84	0.72	0.74	0.84	0.96	0.82	0.88	0.8	0.88	0.92	0.72	0.98	0.76	0.9
7450	0.94	0.88	0.86	0.72	0.74	0.86	0.94	0.84	0.86	0.82	0.88	0.92	0.72	0.98	0.76	0.9
7500	0.94	0.84	0.84	0.72	0.74	0.86	0.94	0.82	0.86	0.8	0.88	0.86	0.72	0.98	0.76	0.92
7550	0.94	0.84	0.8	0.72	0.76	0.88	0.94	0.78	0.86	0.8	0.88	0.86	0.76	0.98	0.76	0.92
7600	0.94	0.84	0.82	0.72	0.78	0.86	0.94	0.78	0.86	0.78	0.88	0.84	0.74	0.96	0.76	0.88
7650	0.94	0.86	0.8	0.68	0.78	0.82	0.94	0.78	0.84	0.78	0.86	0.84	0.74	0.96	0.78	0.88
7700	0.94	0.88	0.8	0.68	0.82	0.82	0.94	0.8	0.84	0.76	0.86	0.84	0.76	0.96	0.78	0.86
7750	0.94	0.88	0.82	0.7	0.84	0.84	0.94	0.8	0.82	0.76	0.82	0.82	0.76	0.94	0.78	0.86
7800	0.94	0.9	0.78	0.66	0.82	0.84	0.94	0.8	0.8	0.78	0.84	0.84	0.76	0.94	0.78	0.86
7850	0.94	0.88	0.82	0.68	0.8	0.84	0.98	0.82	0.78	0.76	0.84	0.82	0.76	0.94	0.78	0.86
7900	0.94	0.88	0.84	0.66	0.78	0.84	0.98	0.8	0.78	0.74	0.84	0.82	0.76	0.96	0.76	0.86
7950	0.92	0.84	0.86	0.7	0.76	0.84	0.96	0.8	0.82	0.76	0.84	0.82	0.76	0.96	0.74	0.86
8000	0.92	0.88	0.86	0.74	0.72	0.82	0.96	0.8	0.84	0.74	0.84	0.82	0.76	0.96	0.74	0.84
8050	0.92	0.88	0.86	0.74	0.68	0.82	0.96	0.78	0.82	0.72	0.84	0.82	0.74	0.96	0.74	0.84
8100	0.94	0.84	0.86	0.74	0.68	0.8	0.94	0.76	0.82	0.74	0.82	0.86	0.76	0.96	0.72	0.86
8150	0.96	0.84	0.84	0.74	0.66	0.82	0.94	0.76	0.8	0.76	0.84	0.86	0.78	0.96	0.72	0.9
8200	0.96	0.84	0.82	0.74	0.66	0.82	0.94	0.76	0.8	0.72	0.86	0.86	0.8	0.96	0.74	0.88
8250	0.96	0.82	0.8	0.74	0.66	0.84	0.96	0.76	0.8	0.74	0.86	0.86	0.78	0.98	0.72	0.88
8300	0.96	0.82	0.8	0.74	0.66	0.82	0.96	0.78	0.8	0.76	0.86	0.92	0.8	0.98	0.74	0.88
8350	0.96	0.8	0.8	0.74	0.68	0.82	0.94	0.8	0.76	0.76	0.88	0.92	0.8	0.96	0.72	0.9
8400	0.98	0.8	0.8	0.74	0.66	0.82	0.94	0.78	0.78	0.76	0.88	0.92	0.84	0.96	0.74	0.9
8450	0.98	0.8	0.82	0.76	0.68	0.84	0.94	0.78	0.8	0.76	0.88	0.92	0.84	0.98	0.74	0.94
8500	0.96	0.8	0.82	0.76	0.68	0.84	0.9	0.78	0.74	0.72	0.92	0.94	0.84	0.98	0.72	0.94
8550	0.96	0.82	0.8	0.74	0.68	0.84	0.9	0.78	0.74	0.74	0.94	0.94	0.84	0.98	0.72	0.96
8600	0.96	0.82	0.76	0.74	0.68	0.84	0.92	0.78	0.76	0.72	0.94	0.96	0.84	0.98	0.72	0.96
8650	0.96	0.8	0.72	0.72	0.72	0.86	0.9	0.76	0.78	0.72	0.9	0.96	0.86	0.98	0.7	0.94
8700	0.96	0.8	0.72	0.72	0.72	0.82	0.9	0.74	0.76	0.74	0.88	0.98	0.88	0.98	0.7	0.9
8750	0.96	0.8	0.74	0.7	0.74	0.84	0.9	0.7	0.76	0.74	0.86	0.96	0.88	0.98	0.72	0.9
8800	0.96	0.82	0.72	0.74	0.72	0.84	0.92	0.7	0.74	0.76	0.86	0.96	0.88	0.98	0.7	0.9
8850	0.96	0.84	0.72	0.72	0.76	0.84	0.92	0.7	0.74	0.78	0.86	0.96	0.88	0.98	0.7	0.9
8900	0.98	0.82	0.72	0.74	0.76	0.86	0.92	0.7	0.74	0.78	0.86	0.96	0.88	0.98	0.66	0.9
8950	0.96	0.82	0.72	0.72	0.76	0.84	0.92	0.7	0.76	0.76	0.84	0.96	0.86	0.98	0.68	0.88
9000	0.96	0.84	0.72	0.72	0.76	0.84	0.94	0.72	0.76	0.74	0.84	0.96	0.86	0.98	0.68	0.88
9050	0.96	0.88	0.72	0.68	0.76	0.84	0.94	0.74	0.78	0.76	0.82	0.96	0.86	0.98	0.7	0.86
9100	0.96	0.88	0.72	0.7	0.74	0.84	0.94	0.74	0.76	0.74	0.82	0.96	0.86	0.98	0.7	0.88
9150	0.96	0.9	0.74	0.74	0.74	0.86	0.96	0.76	0.76	0.74	0.78	0.98	0.84	0.98	0.68	0.88
9200	0.96	0.92	0.74	0.76	0.72	0.84	0.98	0.78	0.74	0.78	0.8	0.98	0.84	0.98	0.68	0.88
9250	0.96	0.92	0.78	0.76	0.7	0.9	0.98	0.78	0.74	0.76	0.8	0.98	0.84	0.98	0.7	0.86
9300	0.96	0.94	0.84	0.74	0.72	0.9	0.98	0.78	0.74	0.76	0.8	0.98	0.88	1.0	0.68	0.82
9350	0.96	0.92	0.86	0.76	0.68	0.9	0.98	0.78	0.76	0.76	0.82	0.98	0.9	1.0	0.66	0.82
9400	0.96	0.92	0.86	0.76	0.66	0.88	0.98	0.78	0.76	0.8	0.84	0.98	0.88	0.98	0.66	0.78
9450	0.96	0.9	0.84	0.74	0.66	0.9	1.0	0.78	0.78	0.8	0.86	1.0	0.86	0.96	0.68	0.76
9500	0.96	0.9	0.88	0.72	0.68	0.9	1.0	0.8	0.78	0.8	0.84	1.0	0.86	0.96	0.7	0.74
9550	0.94	0.9	0.92	0.68	0.66	0.9	1.0	0.8	0.78	0.74	0.86	0.96	0.88	0.96	0.7	0.78
9600	0.94	0.9	0.92	0.68	0.66	0.88	1.0	0.82	0.8	0.76	0.84	0.96	0.84	0.94	0.72	0.76
9650	0.96	0.9	0.88	0.7	0.68	0.88	1.0	0.82	0.8	0.72	0.84	0.96	0.84	0.94	0.7	0.8
9700	0.94	0.9	0.84	0.68	0.7	0.88	1.0	0.84	0.8	0.72	0.82	0.94	0.88	0.92	0.7	0.8
9750	0.94	0.9	0.86	0.7	0.72	0.84	1.0	0.82	0.8	0.74	0.84	0.94	0.86	0.92	0.72	0.76
9800	0.94	0.9	0.86	0.68	0.74	0.82	0.98	0.8	0.82	0.74	0.8	0.94	0.86	0.92	0.74	0.76
9850	0.92	0.9	0.88	0.68	0.72	0.84	0.98	0.78	0.84	0.76	0.82	0.94	0.84	0.92	0.76	0.76
9900	0.92	0.88	0.88	0.7	0.72	0.84	0.98	0.78	0.84	0.76	0.84	0.94	0.84	0.9	0.76	0.76
9950	0.92	0.88	0.88	0.68	0.72	0.84	0.98	0.78	0.8	0.76	0.82	0.94	0.76	0.88	0.76	0.76
10000	0.92	0.86	0.88	0.72	0.72	0.84	0.98	0.78	0.76	0.76	0.8	0.94	0.76	0.88	0.76	0.78
10050	0.94	0.84	0.86	0.7	0.74	0.84	0.98	0.8	0.76	0.76	0.8	0.94	0.76	0.88	0.76	0.76
10100	0.94	0.84	0.86	0.7	0.76	0.84	0.98	0.8	0.78	0.76	0.8	0.94	0.8	0.88	0.8	0.78
10150	0.94	0.84	0.84	0.7	0.8	0.82	0.98	0.84	0.78	0.78	0.82	0.98	0.82	0.9	0.84	0.84
10200	0.96	0.84	0.86	0.7	0.82	0.82	0.98	0.84	0.82	0.8	0.82	0.98	0.82	0.92	0.84	0.88
10250	0.96	0.84	0.86	0.72	0.84	0.84	0.98	0.84	0.82	0.82	0.82	0.98	0.84	0.92	0.84	0.92
10300	0.98	0.86	0.86	0.74	0.86	0.84	0.98	0.86	0.82	0.88	0.84	1.0	0.84	0.92	0.88	0.92
10350	0.98	0.86	0.84	0.82	0.84	0.88	0.98	0.86	0.8	0.9	0.84	1.0	0.86	0.94	0.92	0.94
10400	0.98	0.86	0.84	0.86	0.84	0.9	0.98	0.86	0.8	0.92	0.84	0.98	0.9	0.94	0.92	0.96
10450	1.0	0.88	0.86	0.88	0.84	0.94	0.98	0.88	0.82	0.94	0.86	0.98	0.96	0.96	0.9	0.94
10500	1.0	0.88	0.92	0.9	0.86	0.94	1.0	0.92	0.82	0.98	0.88	0.98	0.96	0.96	0.96	0.94
10550	1.0	0.9	0.92	0.92	0.88	0.94	1.0	0.96	0.86	0.98	0.9	0.98	0.96	0.96	0.96	0.92
10600	1.0	0.94	0.9	0.92	0.92	0.94	0.98	0.96	0.88	1.0	0.92	0.98	0.96	1.0	0.96	0.94
10650	1.0	0.94	0.9	0.92	0.94	0.96	0.98	0.96	0.92	1.0	0.94	0.98	0.96	1.0	0.96	0.94
10700	1.0	0.94	0.92	0.96	0.94	0.96	0.96	0.98	0.96	1.0	0.94	0.98	0.96	1.0	0.96	0.94
10750	1.0	0.96	0.94	0.98	0.96	0.96	0.94	0.98	0.98	0.98	0.96	0.98	0.98	1.0	0.98	0.94
10800	1.0	0.96	0.94	0.98	0.96	0.98	0.94	0.98	0.98	0.98	0.96	0.98	0.98	1.0	0.98	0.94
10850	1.0	0.98	0.96	0.98	0.96	1.0	0.94	0.98	0.98	0.98	0.96	0.98	0.98	1.0	0.98	0.94
10900	1.0	0.98	0.96	0.98	0.96	1.0	0.94	0.98	0.96	0.98	0.96	0.98	0.98	1.0	0.98	0.92
10950	1.0	0.98	0.96	0.98	0.96	1.0	0.94	0.98	0.98	0.98	0.98	0.98	1.0	1.0	1.0	0.94
11000	1.0	0.98	0.98	0.98	0.98	1.0	0.94	0.98	0.98	0.98	0.98	0.98	1.0	1.0	1.0	0.94
11050	1.0	0.98	0.98	0.98	0.98	1.0	0.94	0.98	0.98	0.98	0.96	0.98	1.0	1.0	1.0	0.96
11100	1.0	0.98	0.98	0.98	0.98	1.0	0.94	0.98	0.98	0.98	0.96	0.96	1.0	1.0	1.0	0.98
11150	1.0	0.98	1.0	0.98	0.98	1.0	0.94	1.0	0.98	0.98	0.96	0.96	1.0	1.0	1.0	0.98
11200	1.0	0.98	1.0	0.98	0.98	1.0	0.94	1.0	0.96	0.98	0.96	0.96	1.0	1.0	1.0	0.98
11250	1.0	0.98	1.0	1.0	0.98	1.0	0.94	0.98	0.96	0.98	0.96	0.96	1.0	1.0	1.0	0.98
11300	1.0	0.98	1.0	1.0	0.98	1.0	0.96	0.94	0.96	1.0	0.96	0.96	1.0	1.0	1.0	0.98
11350	1.0	0.98	1.0	1.0	0.98	1.0	0.96	0.94	0.96	1.0	0.96	0.96	1.0	1.0	1.0	0.98
11400	1.0	1.0	1.0	1.0	1.0	1.0	0.96	0.92	0.94	1.0	0.96	0.94	1.0	1.0	1.0	0.98
11450	1.0	1.0	1.0	1.0	1.0	1.0	0.98	0.92	0.94	1.0	0.96	0.94	1.0	1.0	1.0	1.0
11500	1.0	1.0	1.0	1.0	0.98	1.0	0.98	0.92	0.94	1.0	0.96	0.96	1.0	1.0	1.0	1.0
11550	1.0	0.98	0.98	1.0	0.98	1.0	0.98	0.92	0.94	1.0	0.96	0.96	1.0	1.0	1.0	1.0
11600	1.0	0.98	0.98	1.0	0.98	1.0	0.98	0.92	0.94	1.0	0.94	0.98	1.0	1.0	1.0	1.0
11650	1.0	0.98	0.98	1.0	0.98	1.0	0.98	0.92	0.94	1.0	0.96	0.98	1.0	1.0	1.0	1.0
11700	1.0	0.98	0.98	1.0	0.98	1.0	0.98	0.92	0.94	0.98	0.96	0.98	1.0	1.0	1.0	1.0
11750	1.0	0.96	0.98	1.0	0.98	1.0	0.98	0.88	0.94	0.98	0.96	0.98	1.0	1.0	1.0	1.0
11800	1.0	0.96	0.98	1.0	0.98	1.0	0.98	0.88	0.94	0.98	0.96	0.98	1.0	1.0	1.0	1.0
11850	1.0	0.96	0.98	1.0	0.98	1.0	0.98	0.88	0.96	0.98	0.96	0.98	1.0	1.0	1.0	1.0
11900	1.0	0.96	0.98	1.0	0.98	1.0	0.98	0.86	0.96	0.98	0.96	1.0	1.0	1.0	1.0	1.0
11950	1.0	0.96	1.0	1.0	0.98	1.0	0.98	0.86	0.96	0.98	0.96	1.0	1.0	1.0	1.0	1.0
12000	1.0	0.94	1.0	1.0	0.98	1.0	0.98	0.86	0.96	0.98	0.96	1.0	1.0	1.0	1.0	1.0
12050	1.0	0.94	1.0	1.0	0.98	1.0	0.98	0.9	0.96	0.98	0.96	1.0	1.0	1.0	1.0	1.0
12100	1.0	0.94	1.0	1.0	0.98	1.0	0.98	0.92	0.96	0.98	0.98	1.0	1.0	1.0	1.0	1.0
12150	1.0	0.92	1.0	1.0	0.98	1.0	1.0	0.92	0.98	0.98	1.0	1.0	1.0	1.0	1.0	1.0
12200	1.0	0.92	1.0	1.0	1.0	1.0	0.96	0.92	0.98	0.98	1.0	1.0	1.0	1.0	1.0	1.0
12250	1.0	0.92	1.0	1.0	1.0	1.0	0.96	0.92	0.98	0.98	1.0	1.0	1.0	1.0	1.0	1.0
12300	1.0	0.9	1.0	1.0	1.0	1.0	0.94	0.96	0.98	0.98	1.0	1.0	1.0	1.0	1.0	1.0
12350	1.0	0.86	1.0	1.0	1.0	1.0	0.92	0.96	1.0	0.98	1.0	1.0	0.98	1.0	1.0	1.0
12400	1.0	0.88	0.98	0.98	1.0	1.0	0.92	0.96	1.0	0.98	1.0	0.96	0.96	1.0	1.0	1.0
12450	1.0	0.9	0.98	0.98	1.0	1.0	0.92	0.98	1.0	0.98	0.96	0.96	0.96	1.0	1.0	1.0
12500	0.98	0.9	0.98	0.98	1.0	1.0	0.92	0.98	1.0	0.98	0.96	0.96	0.94	1.0	1.0	1.0
12550	0.98	0.9	0.98	0.98	1.0	1.0	0.92	0.98	1.0	0.98	0.94	0.96	0.94	1.0	1.0	1.0
12600	0.98	0.9	0.98	0.96	1.0	1.0	0.92	0.98	1.0	0.98	0.94	0.96	0.94	1.0	1.0	1.0
12650	0.98	0.9	0.98	0.96	1.0	1.0	0.92	0.98	1.0	0.98	0.94	0.96	0.94	0.98	1.0	1.0
12700	0.98	0.9	0.98	0.96	1.0	1.0	0.92	0.98	1.0	0.98	0.94	0.94	0.94	0.98	0.96	1.0
12750	0.96	0.9	0.98	0.96	1.0	1.0	0.92	0.98	1.0	0.98	0.92	0.92	0.94	0.98	0.94	1.0
12800	0.96	0.9	0.98	0.96	1.0	1.0	0.92	0.98	1.0	0.98	0.92	0.92	0.94	0.98	0.94	1.0
12850	0.96	0.9	0.98	0.96	1.0	1.0	0.9	0.98	1.0	0.98	0.92	0.92	0.96	0.98	0.94	0.98
12900	0.96	0.92	0.98	0.96	1.0	1.0	0.92	0.98	1.0	0.98	0.92	0.92	0.96	0.96	0.94	0.98
12950	0.96	0.92	0.98	0.96	1.0	1.0	0.92	0.98	0.98	0.98	0.92	0.92	0.96	0.96	0.94	0.98
13000	0.96	0.94	0.98	0.96	1.0	1.0	0.92	0.96	0.98	0.98	0.92	0.92	0.98	0.92	0.94	0.98
13050	0.96	0.98	0.98	0.96	1.0	1.0	0.92	0.96	0.98	0.98	0.92	0.9	1.0	0.92	0.94	0.98
13100	0.96	0.98	0.98	0.98	1.0	1.0	0.94	0.96	0.96	0.98	0.92	0.94	1.0	0.92	0.92	0.98
13150	0.98	0.98	0.98	0.98	1.0	0.98	0.94	0.96	0.96	0.98	0.94	0.94	1.0	0.92	0.92	0.98
13200	0.98	0.98	1.0	0.98	1.0	0.98	0.94	0.96	0.96	0.98	0.96	0.94	1.0	0.92	0.92	0.98
13250	0.98	0.98	0.98	0.98	1.0	0.98	0.94	0.96	0.94	0.98	0.98	0.94	1.0	0.92	0.92	0.98
13300	0.98	0.98	0.98	0.98	1.0	0.98	0.94	0.96	0.94	0.98	0.98	0.94	1.0	0.92	0.94	0.98
13350	0.98	0.98	0.98	0.98	1.0	0.98	0.94	0.96	0.94	0.98	0.98	0.94	1.0	0.92	0.98	0.98
13400	1.0	0.98	0.98	0.98	1.0	0.98	0.94	0.96	0.92	0.98	1.0	0.94	1.0	0.94	0.98	0.98
13450	1.0	1.0	0.98	0.98	1.0	0.98	0.94	0.96	0.9	0.98	1.0	0.96	1.0	0.94	0.98	0.98
13500	1.0	1.0	0.98	0.98	1.0	0.98	0.96	0.96	0.9	0.96	1.0	0.98	1.0	0.96	0.98	0.98
13550	1.0	1.0	0.98	0.98	1.0	0.98	0.96	0.96	0.92	0.98	1.0	0.98	1.0	0.98	0.98	0.98
13600	1.0	1.0	0.98	0.98	1.0	0.98	0.96	0.96	0.94	0.98	1.0	0.98	1.0	1.0	0.98	0.98
13650	1.0	1.0	0.98	0.98	1.0	0.98	0.96	0.96	0.94	0.98	1.0	1.0	1.0	1.0	0.98	0.98
13700	1.0	1.0	0.98	0.98	1.0	0.98	0.96	0.96	0.94	0.98	1.0	1.0	1.0	1.0	0.98	1.0
13750	1.0	1.0	0.98	0.98	1.0	1.0	0.96	0.98	0.92	0.98	1.0	1.0	1.0	1.0	0.98	0.98
13800	1.0	1.0	0.98	0.98	1.0	1.0	0.96	0.96	0.94	0.98	1.0	1.0	1.0	1.0	0.98	0.98
13850	1.0	1.0	0.98	0.98	1.0	1.0	0.96	0.96	0.94	0.98	1.0	1.0	1.0	1.0	1.0	0.98
13900	1.0	1.0	1.0	1.0	1.0	1.0	0.96	0.96	0.92	0.98	1.0	1.0	1.0	1.0	0.96	0.98
13950	1.0	1.0	1.0	1.0	1.0	1.0	0.96	0.96	0.92	0.98	1.0	1.0	1.0	1.0	0.96	0.98
14000	1.0	1.0	1.0	1.0	1.0	1.0	0.96	0.96	0.92	0.98	0.98	1.0	0.98	1.0	0.96	0.98
14050	1.0	1.0	1.0	1.0	1.0	0.98	0.96	0.96	0.94	1.0	0.96	1.0	0.98	1.0	0.96	0.98
14100	1.0	1.0	1.0	1.0	1.0	0.98	0.98	0.96	0.96	1.0	0.96	1.0	0.98	1.0	0.96	0.98
14150	0.98	1.0	1.0	0.98	1.0	0.96	0.98	0.96	0.96	1.0	0.96	1.0	0.98	1.0	0.96	0.98
14200	0.98	1.0	1.0	0.98	0.98	0.94	1.0	0.96	0.96	1.0	0.96	1.0	0.98	1.0	0.96	0.96
14250	0.98	1.0	1.0	0.98	0.98	0.94	1.0	0.96	0.96	1.0	0.96	1.0	0.98	1.0	0.94	0.96
14300	0.98	1.0	1.0	0.98	0.98	0.94	1.0	0.96	0.96	1.0	0.96	1.0	0.98	1.0	0.94	0.96
14350	0.98	1.0	1.0	0.98	0.98	0.94	0.98	0.96	0.96	1.0	0.96	1.0	0.98	1.0	0.94	0.96
14400	0.98	1.0	1.0	0.98	0.98	0.94	0.98	0.96	0.94	1.0	0.96	1.0	0.98	1.0	0.94	0.96
14450	0.98	1.0	1.0	0.98	0.98	0.94	0.98	0.98	0.94	1.0	0.96	0.98	0.98	1.0	0.94	0.96
14500	0.98	1.0	1.0	0.98	0.98	0.94	0.98	0.98	0.96	1.0	0.96	0.98	0.98	1.0	0.92	0.96
14550	0.98	1.0	1.0	0.98	0.94	0.94	0.98	1.0	0.98	1.0	0.96	0.98	0.98	1.0	0.92	0.94
14600	0.98	1.0	1.0	0.98	0.94	0.94	0.98	1.0	0.98	1.0	0.96	0.98	0.98	1.0	0.92	0.94
14650	0.98	1.0	1.0	1.0	0.94	0.94	0.98	1.0	0.98	1.0	0.96	0.98	0.98	1.0	0.94	0.94
14700	0.98	0.98	0.98	1.0	0.94	0.94	0.98	1.0	0.98	1.0	0.98	0.98	1.0	1.0	0.96	0.94
14750	0.98	0.98	0.98	1.0	0.94	0.94	0.98	1.0	0.98	1.0	1.0	0.98	1.0	1.0	0.96	0.94
14800	0.98	0.98	0.98	1.0	0.92	0.94	0.98	1.0	0.98	1.0	1.0	0.98	1.0	1.0	0.96	0.94
14850	1.0	0.98	0.98	1.0	0.92	0.96	0.98	1.0	0.98	1.0	1.0	0.98	1.0	1.0	0.96	0.94
14900	1.0	0.98	0.98	1.0	0.92	0.96	0.98	0.98	0.98	1.0	1.0	0.98	1.0	1.0	0.96	0.94
14950	0.98	0.98	0.98	1.0	0.94	0.98	0.98	0.98	0.98	1.0	1.0	0.98	1.0	1.0	0.96	0.94
15000	0.98	0.98	0.98	1.0	0.92	0.98	0.98	0.98	0.98	1.0	1.0	0.98	1.0	1.0	0.98	0.94
15050	0.98	0.96	0.98	1.0	0.92	0.96	0.98	0.98	0.98	1.0	1.0	0.98	1.0	1.0	0.98	0.94
15100	0.98	0.96	0.96	1.0	0.9	0.96	0.98	0.98	1.0	1.0	1.0	0.98	1.0	1.0	0.98	0.94
15150	0.98	0.96	0.96	1.0	0.9	0.96	0.98	0.96	1.0	1.0	1.0	0.98	1.0	1.0	0.98	0.96
15200	0.98	0.96	0.96	0.98	0.94	0.96	0.98	0.96	1.0	1.0	1.0	0.98	1.0	1.0	0.98	0.96
15250	0.96	0.96	0.96	0.98	0.94	0.96	0.98	0.94	1.0	1.0	1.0	0.98	1.0	1.0	0.98	0.96
15300	0.96	0.96	0.96	0.98	0.96	0.96	0.98	0.92	1.0	1.0	1.0	1.0	1.0	1.0	1.0	0.96
15350	0.96	0.96	0.96	0.98	0.96	0.96	0.98	0.92	1.0	1.0	1.0	1.0	1.0	1.0	1.0	0.94
15400	0.96	0.96	0.96	0.96	0.96	0.96	0.98	0.92	1.0	1.0	1.0	1.0	1.0	1.0	1.0	0.94
15450	0.96	0.96	0.96	0.96	0.98	0.98	0.98	0.94	1.0	1.0	1.0	1.0	0.98	1.0	1.0	0.94
15500	0.96	0.96	0.94	0.96	0.98	0.98	0.98	0.94	1.0	1.0	1.0	1.0	0.98	1.0	0.98	0.94
15550	0.96	0.96	0.94	0.94	0.98	0.98	0.98	0.94	1.0	1.0	1.0	1.0	0.98	1.0	0.98	0.94
15600	0.96	0.96	0.94	0.94	1.0	0.98	0.98	0.94	1.0	1.0	1.0	1.0	0.98	1.0	0.98	0.94
15650	0.96	0.96	0.96	0.94	1.0	0.98	0.98	0.94	1.0	1.0	1.0	1.0	0.98	1.0	0.98	0.94
15700	0.96	0.96	0.96	0.94	1.0	0.98	0.98	0.94	1.0	1.0	1.0	0.98	0.98	1.0	0.98	0.94
15750	0.96	0.96	0.96	0.94	1.0	1.0	0.98	0.94	1.0	0.96	1.0	0.98	0.98	1.0	0.98	0.96
15800	0.98	0.96	0.96	0.94	1.0	0.98	0.98	0.94	1.0	0.96	1.0	0.98	0.98	1.0	0.98	0.96
15850	0.98	0.98	0.96	0.96	1.0	0.98	1.0	0.96	1.0	0.96	1.0	0.98	0.98	1.0	0.98	0.96
15900	0.98	0.98	0.96	0.98	1.0	0.98	1.0	0.98	1.0	0.96	1.0	0.98	0.98	1.0	0.98	0.96
15950	0.98	0.98	0.94	0.96	1.0	0.98	1.0	1.0	1.0	0.96	0.98	0.98	0.98	1.0	0.98	0.98
16000	1.0	0.98	0.96	0.96	1.0	0.98	1.0	1.0	1.0	0.94	0.98	0.98	0.98	1.0	0.98	0.98
16050	1.0	0.98	0.94	0.96	1.0	0.96	1.0	0.98	1.0	0.94	0.98	0.98	0.96	1.0	0.98	0.98
16100	1.0	1.0	0.94	0.94	1.0	0.96	0.98	0.98	1.0	0.94	0.98	0.96	0.96	1.0	0.98	0.98
16150	1.0	1.0	0.94	0.94	1.0	0.96	0.98	0.98	1.0	0.94	0.98	0.94	0.98	1.0	1.0	0.98
16200	0.98	1.0	0.94	0.96	1.0	0.96	0.98	0.98	1.0	0.94	0.98	0.94	0.98	1.0	1.0	1.0
16250	0.96	1.0	0.96	0.96	1.0	0.96	0.98	0.98	1.0	0.94	0.98	0.94	0.98	1.0	1.0	0.98
16300	0.96	1.0	0.92	0.96	1.0	0.96	0.98	0.98	1.0	0.94	0.94	0.94	0.98	1.0	1.0	0.98
16350	0.96	1.0	0.92	0.96	1.0	0.96	0.98	0.98	1.0	0.96	0.94	0.94	0.98	1.0	1.0	0.98
16400	0.94	1.0	0.92	0.94	1.0	0.96	0.98	0.98	1.0	0.96	0.94	0.94	0.98	1.0	1.0	0.98
16450	0.94	1.0	0.92	0.94	1.0	0.98	0.98	0.98	1.0	0.96	0.94	0.94	0.98	1.0	1.0	0.98
16500	0.94	1.0	0.92	0.94	1.0	0.98	0.98	0.96	1.0	0.94	0.94	0.94	0.98	1.0	1.0	0.98
16550	0.94	1.0	0.92	0.94	1.0	0.98	0.98	0.96	1.0	0.94	0.94	0.96	0.98	1.0	1.0	0.98
16600	0.94	1.0	0.94	0.94	1.0	0.98	0.98	0.96	1.0	0.94	0.96	0.96	0.98	1.0	1.0	0.98
16650	0.94	0.98	0.96	0.94	1.0	0.98	0.98	0.96	1.0	0.96	0.96	0.96	0.98	1.0	1.0	0.98
16700	0.92	0.98	0.96	0.94	1.0	0.98	0.98	0.94	1.0	0.96	0.96	0.96	0.98	1.0	1.0	0.98
16750	0.92	0.98	0.96	0.96	1.0	0.98	0.98	0.94	1.0	0.96	0.96	0.96	0.98	1.0	1.0	0.98
16800	0.92	0.98	0.96	0.96	1.0	0.98	0.98	0.92	1.0	0.96	0.96	0.96	0.98	1.0	1.0	0.98
16850	0.92	0.98	0.96	0.96	1.0	0.98	0.98	0.94	1.0	0.96	0.96	0.96	0.98	1.0	1.0	0.98
16900	0.92	0.98	0.98	0.96	1.0	0.96	0.98	0.94	1.0	0.96	0.96	1.0	0.98	1.0	1.0	0.98
16950	0.9	0.98	1.0	0.98	1.0	0.96	0.98	0.94	1.0	0.98	1.0	0.98	0.98	1.0	1.0	1.0
17000	0.9	0.98	1.0	0.98	1.0	0.96	0.98	0.94	1.0	0.98	1.0	0.98	0.98	1.0	1.0	1.0
17050	0.94	0.98	1.0	0.98	1.0	0.96	0.98	0.94	1.0	1.0	1.0	0.98	0.98	1.0	1.0	1.0
17100	0.94	0.98	1.0	0.98	1.0	0.96	0.98	0.94	1.0	1.0	0.98	0.98	0.98	1.0	1.0	1.0
17150	0.94	0.98	1.0	0.98	1.0	0.96	0.98	0.96	1.0	1.0	0.98	0.98	0.98	1.0	1.0	0.98
17200	0.94	0.98	1.0	1.0	1.0	0.96	0.98	0.96	1.0	1.0	0.98	0.98	0.98	0.98	1.0	0.98
17250	0.96	0.98	1.0	1.0	1.0	0.96	0.98	0.96	1.0	1.0	0.98	0.96	0.98	0.98	1.0	0.98
17300	0.96	0.98	1.0	1.0	1.0	0.96	0.98	0.98	1.0	1.0	0.98	0.96	0.98	0.98	1.0	0.98
17350	0.96	1.0	1.0	1.0	1.0	0.98	0.98	1.0	1.0	1.0	0.98	0.96	0.98	0.98	1.0	0.98
17400	0.94	1.0	1.0	1.0	1.0	0.98	0.98	0.96	1.0	1.0	0.98	0.94	0.98	0.98	1.0	0.98
17450	0.94	1.0	1.0	1.0	1.0	0.98	0.98	0.96	1.0	1.0	0.96	0.94	0.98	0.98	1.0	0.98
17500	0.94	1.0	1.0	1.0	1.0	0.98	0.98	0.96	1.0	1.0	0.96	0.94	0.98	0.98	1.0	0.98
17550	0.96	1.0	1.0	1.0	1.0	0.98	0.98	0.96	1.0	1.0	0.96	0.94	1.0	0.98	1.0	0.98
17600	0.96	1.0	1.0	1.0	1.0	0.98	0.96	0.96	1.0	1.0	0.96	0.94	1.0	0.98	1.0	0.98
17650	0.96	1.0	1.0	1.0	1.0	0.98	0.96	0.94	1.0	1.0	0.96	0.96	1.0	0.98	1.0	0.98
17700	0.96	1.0	1.0	0.98	1.0	0.98	0.96	0.92	1.0	1.0	0.96	0.96	1.0	0.98	1.0	0.98
17750	0.98	1.0	1.0	0.98	1.0	1.0	0.98	0.9	1.0	1.0	0.98	0.96	1.0	0.98	1.0	0.98
17800	0.98	1.0	1.0	0.98	1.0	1.0	0.98	0.88	1.0	1.0	0.98	0.96	1.0	0.98	1.0	0.98
17850	0.98	1.0	1.0	0.98	1.0	0.98	0.98	0.88	1.0	1.0	0.98	0.96	1.0	0.98	1.0	0.98
17900	0.98	1.0	1.0	0.98	1.0	0.98	0.98	0.86	1.0	1.0	0.98	0.98	1.0	0.98	1.0	1.0
17950	0.98	1.0	1.0	0.98	1.0	0.98	0.98	0.86	1.0	1.0	0.98	0.98	1.0	1.0	1.0	0.98
18000	0.98	1.0	1.0	0.98	1.0	0.98	0.98	0.86	1.0	1.0	0.98	0.98	1.0	0.98	1.0	0.98
18050	1.0	1.0	1.0	0.98	1.0	0.98	0.98	0.86	1.0	1.0	0.98	0.98	1.0	0.98	1.0	0.98
18100	1.0	1.0	1.0	0.98	1.0	0.98	0.98	0.86	1.0	1.0	1.0	0.98	1.0	0.98	1.0	0.98
18150	1.0	1.0	1.0	0.98	1.0	0.98	0.98	0.86	1.0	1.0	1.0	1.0	1.0	0.98	1.0	0.98
18200	1.0	1.0	1.0	0.98	1.0	0.98	0.96	0.86	1.0	1.0	1.0	1.0	1.0	0.98	1.0	0.98
18250	1.0	1.0	1.0	1.0	1.0	0.98	0.96	0.86	1.0	1.0	1.0	1.0	1.0	0.98	1.0	0.98
18300	0.98	1.0	1.0	1.0	1.0	0.98	0.98	0.88	1.0	0.98	1.0	1.0	1.0	0.98	1.0	0.98
18350	0.98	1.0	1.0	1.0	0.98	0.98	0.98	0.9	1.0	0.96	1.0	1.0	1.0	0.98	1.0	0.98
18400	0.98	1.0	1.0	0.98	0.98	0.98	0.96	0.9	1.0	0.96	1.0	1.0	1.0	0.98	1.0	0.98
18450	0.98	1.0	1.0	0.98	0.98	0.98	0.96	0.9	1.0	0.94	1.0	1.0	1.0	0.98	1.0	0.98
18500	0.98	1.0	1.0	0.98	0.98	0.98	0.96	0.9	1.0	0.94	1.0	1.0	1.0	0.98	1.0	0.98
18550	0.98	1.0	1.0	0.98	0.98	1.0	0.96	0.9	1.0	0.94	1.0	1.0	1.0	0.98	1.0	0.98
18600	0.98	0.98	1.0	0.96	0.98	1.0	0.96	0.94	1.0	0.94	1.0	1.0	1.0	0.98	1.0	0.98
18650	0.98	0.98	1.0	0.96	0.98	1.0	0.96	0.96	1.0	0.94	1.0	1.0	1.0	1.0	1.0	0.98
18700	0.96	0.98	1.0	0.96	0.96	1.0	0.96	0.96	1.0	0.94	1.0	1.0	1.0	1.0	1.0	0.98
18750	0.96	0.96	1.0	0.96	0.96	1.0	0.96	0.96	1.0	0.94	1.0	1.0	0.98	1.0	1.0	1.0
18800	0.96	0.96	1.0	0.96	0.96	1.0	0.92	0.96	1.0	0.94	1.0	1.0	0.98	0.98	1.0	1.0
18850	0.96	0.94	1.0	0.96	0.94	1.0	0.92	0.96	1.0	0.94	1.0	1.0	0.98	0.98	1.0	1.0
18900	0.96	0.92	1.0	0.96	0.94	1.0	0.94	0.96	1.0	0.94	1.0	1.0	0.98	0.98	1.0	1.0
18950	0.96	0.92	1.0	0.96	0.94	1.0	0.94	0.96	1.0	0.94	1.0	1.0	0.98	0.98	1.0	1.0
19000	0.96	0.9	1.0	0.96	0.94	1.0	0.94	0.96	1.0	0.96	1.0	1.0	0.98	0.98	1.0	1.0
19050	0.98	0.9	1.0	0.96	0.94	0.98	0.94	0.96	1.0	0.98	1.0	1.0	0.98	0.98	1.0	1.0
19100	0.98	0.9	1.0	0.94	0.96	0.98	0.94	0.96	1.0	0.98	1.0	1.0	0.98	0.98	1.0	1.0
19150	0.98	0.9	1.0	0.92	0.96	0.98	0.94	0.96	1.0	1.0	1.0	1.0	0.98	0.98	0.98	1.0
19200	0.98	0.9	1.0	0.94	0.96	0.98	0.96	0.96	1.0	1.0	1.0	1.0	0.98	0.98	0.98	1.0
19250	0.98	0.9	1.0	0.92	0.96	0.98	0.96	0.96	1.0	1.0	1.0	1.0	0.98	0.98	0.98	1.0
19300	0.98	0.9	1.0	0.92	0.94	0.98	0.96	0.96	1.0	1.0	1.0	1.0	0.98	0.96	0.98	1.0
19350	0.98	0.92	1.0	0.92	0.96	0.98	0.96	0.98	1.0	0.98	1.0	0.98	1.0	0.96	0.98	1.0
19400	1.0	0.92	1.0	0.92	0.96	0.98	0.96	0.98	1.0	0.98	1.0	0.98	1.0	0.96	0.98	1.0
19450	0.98	0.92	1.0	0.92	0.98	0.98	0.98	0.98	1.0	0.98	1.0	0.98	1.0	0.96	0.98	1.0
19500	0.98	0.94	1.0	0.92	0.98	0.98	1.0	0.98	1.0	0.98	1.0	0.98	0.98	0.96	0.98	1.0
19550	0.98	0.96	1.0	0.92	0.96	0.98	1.0	1.0	1.0	0.98	1.0	0.98	0.98	0.96	0.98	1.0
19600	0.98	0.96	1.0	0.92	0.96	0.98	1.0	1.0	1.0	0.98	1.0	0.98	0.96	0.96	0.98	1.0
19650	0.98	0.96	1.0	0.92	0.96	0.98	1.0	1.0	1.0	0.98	1.0	0.98	0.96	0.96	0.98	1.0
19700	0.98	0.98	1.0	0.96	0.96	0.98	1.0	1.0	1.0	0.98	1.0	0.98	0.96	0.96	0.98	1.0
19750	0.98	1.0	1.0	0.94	0.98	0.98	1.0	1.0	1.0	0.98	1.0	0.98	0.96	0.96	0.98	1.0
19800	0.98	1.0	1.0	0.94	0.98	1.0	1.0	0.98	1.0	0.96	1.0	0.98	0.94	0.94	0.98	1.0
19850	0.98	1.0	1.0	0.94	0.98	0.98	1.0	0.98	1.0	0.94	1.0	0.98	0.94	0.94	0.98	1.0
19900	0.98	1.0	1.0	0.96	0.98	0.98	0.98	0.96	1.0	0.94	1.0	0.98	0.94	0.94	0.98	1.0
19950	0.98	1.0	1.0	0.96	0.98	0.98	0.98	0.96	1.0	0.94	1.0	0.98	0.94	0.94	1.0	1.0
20000	0.98	1.0	1.0	0.96	0.98	0.94	0.98	0.94	1.0	0.94	1.0	0.98	0.94	0.94	1.0	1.0
