0	0	0	0	0	0	0	0	0	0	0	0	0	0	0	0	0	0
50	1	1	2	2	2	2	2	1	2	2	2	2	1	1	1	1	4
100	2	5	4	4	3	4	5	2	4	5	3	2	3	5	3	4	20
150	5	7	6	5	6	5	8	4	5	7	5	5	7	5	3	5	33
200	6	7	8	5	7	6	8	7	7	7	7	7	8	8	5	6	41
250	6	7	8	6	7	6	8	8	7	8	8	8	10	8	6	6	44
300	6	7	9	8	7	6	8	9	8	9	9	9	10	8	6	8	45
350	7	10	9	10	8	6	8	9	9	9	10	9	11	9	6	8	44
400	8	10	9	11	7	8	8	9	11	10	10	9	13	9	7	8	50
450	11	11	10	11	9	9	8	10	11	10	11	9	14	10	8	9	61
500	11	11	11	11	9	9	9	10	11	10	11	10	15	10	9	9	60
550	12	11	11	12	9	9	11	10	11	10	12	11	15	10	9	9	63
600	12	14	11	12	9	10	11	10	11	12	13	11	15	10	9	10	67
650	12	14	12	12	9	11	11	10	11	13	13	11	15	10	10	10	70
700	12	14	12	12	10	12	11	11	11	14	13	11	15	12	10	11	77
750	12	14	13	12	10	12	11	14	11	14	13	11	15	13	10	11	79
800	12	14	12	12	10	12	11	14	11	14	13	11	16	13	10	12	78
850	12	15	13	13	10	12	11	14	11	14	13	11	16	13	10	12	81
900	12	15	13	13	11	12	11	14	11	14	13	11	16	13	10	12	79
950	12	17	13	13	12	12	11	14	11	14	13	11	16	13	10	12	79
1000	12	18	13	13	12	12	11	14	11	14	13	11	16	13	10	12	81
1050	12	18	13	13	12	12	11	14	11	14	13	11	16	13	10	12	82
1100	12	18	13	13	12	12	11	14	11	14	13	11	16	13	10	12	81
1150	12	18	13	13	12	12	11	14	11	14	13	11	16	13	10	12	82
1200	12	18	14	13	12	12	11	14	11	14	13	11	16	13	10	12	82
1250	12	18	14	13	12	12	11	14	11	14	13	11	16	13	10	12	80
1300	12	18	14	13	12	12	11	14	11	14	13	11	16	13	10	12	80
1350	12	18	14	13	12	12	11	14	11	14	13	11	16	13	11	12	80
1400	12	18	14	13	12	12	11	14	11	14	13	11	16	13	11	12	81
1450	12	18	14	13	12	12	12	14	11	14	13	11	16	13	11	12	82
1500	12	18	14	13	12	12	12	14	11	14	13	11	16	13	11	12	81
1550	12	18	14	13	12	12	12	14	11	14	13	11	16	13	11	12	81
1600	12	18	14	13	12	12	13	14	11	14	13	11	15	13	11	12	82
1650	12	18	14	13	12	12	13	14	11	14	13	11	15	13	11	12	83
1700	12	18	14	13	12	12	14	14	11	14	13	11	15	13	11	12	84
1750	12	18	14	13	11	13	15	14	11	14	13	11	15	13	11	12	85
1800	12	18	14	13	14	13	16	14	11	14	13	11	15	13	11	12	88
1850	12	18	14	13	15	14	16	14	11	14	12	11	15	13	11	12	91
1900	12	18	14	13	16	14	16	14	11	14	13	11	15	13	11	12	92
1950	12	18	14	13	16	13	16	14	11	14	13	11	15	13	11	12	92
2000	12	18	14	13	15	14	16	14	11	14	12	11	15	13	12	12	92
2050	12	18	14	13	17	14	16	14	11	14	12	11	15	13	13	12	92
2100	12	18	14	13	17	14	16	14	11	14	12	11	15	13	13	12	91
2150	12	18	14	13	16	14	16	14	11	14	13	11	15	13	13	12	92
2200	12	18	14	13	17	14	16	14	11	15	14	11	15	13	13	12	93
2250	12	18	14	13	17	15	16	14	11	15	14	11	15	13	13	12	94
2300	13	18	14	13	17	15	16	14	11	15	15	11	15	14	13	12	95
2350	13	18	14	13	17	15	16	14	11	15	16	11	15	14	13	12	98
2400	14	18	14	13	17	15	16	14	11	15	16	11	15	14	13	12	98
2450	14	18	14	13	17	15	16	14	11	15	16	11	15	14	13	12	98
2500	14	18	14	13	17	15	16	14	11	15	16	11	15	14	13	12	98
2550	14	18	14	13	17	15	17	14	11	15	16	11	15	15	13	12	99
2600	14	18	15	13	17	15	18	13	11	16	17	11	15	15	13	12	102
2650	14	18	15	13	17	15	18	13	11	16	18	12	15	15	13	12	103
2700	14	18	15	13	17	15	18	13	11	17	18	12	15	17	13	12	105
2750	14	18	15	13	17	15	18	13	11	18	20	12	15	16	13	12	107
2800	14	18	15	13	17	15	18	13	11	18	20	14	15	17	13	12	110
2850	15	18	14	13	17	15	18	13	11	19	21	14	15	17	14	12	112
2900	15	18	16	13	17	15	18	13	11	19	21	14	15	17	14	12	114
2950	15	18	16	13	17	15	18	13	11	19	21	14	15	18	14	12	114
3000	15	18	16	13	17	15	19	13	11	19	21	14	15	18	14	12	114
3050	15	18	16	13	17	17	19	13	11	19	22	15	15	18	14	12	116
3100	15	18	16	13	17	18	19	13	11	19	22	15	15	18	14	12	116
3150	15	18	18	13	17	17	19	13	11	19	22	15	15	18	14	12	118
3200	15	18	18	13	17	17	19	13	11	19	22	15	15	18	14	12	118
3250	15	18	20	13	17	17	19	13	11	19	23	15	15	18	14	12	119
3300	15	18	21	13	17	17	19	13	11	19	23	15	15	18	14	13	118
3350	15	18	20	13	17	18	20	13	11	19	23	15	15	18	14	13	119
3400	15	18	20	13	17	18	20	13	11	19	23	15	15	18	14	15	121
3450	15	18	20	13	17	18	21	13	11	19	23	15	15	18	14	16	124
3500	15	18	20	13	17	18	21	13	11	20	23	15	15	18	14	16	124
3550	15	18	20	13	17	19	21	13	11	20	23	15	15	18	14	16	124
3600	15	18	20	13	17	20	21	13	11	20	23	15	15	18	14	16	125
3650	15	18	21	13	17	20	21	13	11	20	23	15	15	19	14	17	128
3700	15	18	21	13	17	20	22	13	11	20	23	15	15	19	14	17	129
3750	15	18	21	13	17	20	22	13	11	21	23	15	15	19	14	17	129
3800	15	18	22	13	17	20	22	13	11	21	23	15	15	19	14	18	131
3850	15	18	22	13	17	20	22	13	11	21	23	15	15	19	13	18	130
3900	15	18	22	13	17	20	22	14	11	21	23	15	15	19	13	18	130
3950	15	18	22	13	17	20	22	15	11	21	23	15	15	19	13	18	130
4000	15	18	23	13	17	20	22	15	11	23	23	15	15	19	13	18	132
4050	15	18	23	13	17	20	22	15	11	24	23	15	15	19	13	18	133
4100	15	18	24	13	17	20	22	15	11	24	23	15	15	19	13	18	135
4150	15	18	24	13	17	20	22	15	11	24	23	15	15	19	13	18	134
4200	15	18	24	13	17	20	22	15	11	25	23	15	15	19	13	18	134
4250	15	18	24	13	17	20	22	15	11	25	23	15	15	19	13	18	133
4300	15	18	25	13	17	20	22	15	11	25	23	15	15	19	13	19	133
4350	15	18	25	13	17	20	22	17	12	25	23	15	15	19	13	19	137
4400	15	18	25	13	17	20	22	17	12	25	23	15	15	19	13	19	136
4450	15	18	25	13	17	20	22	17	12	25	23	15	15	19	13	19	136
4500	15	18	25	13	17	20	22	17	12	25	23	15	15	19	13	19	136
4550	15	18	25	13	17	20	22	17	12	25	23	15	15	19	13	19	136
4600	15	18	25	13	17	20	22	19	12	25	23	15	15	19	13	19	136
4650	15	18	25	13	17	20	22	19	12	25	23	15	15	19	13	20	137
4700	15	18	26	13	17	20	22	19	13	25	22	15	15	19	13	20	137
4750	15	18	26	13	17	20	22	19	13	25	21	15	15	19	13	20	137
4800	15	18	26	13	17	20	24	19	13	25	21	15	15	19	13	21	140
4850	15	18	26	13	17	20	24	19	13	25	21	15	15	19	13	21	140
4900	15	18	26	13	17	20	24	20	13	25	21	15	15	19	13	21	140
4950	15	18	26	13	17	20	24	20	13	24	21	15	15	19	13	21	139
5000	15	18	26	13	17	20	24	20	13	24	21	15	15	19	13	22	140
5050	15	18	26	13	17	20	24	21	13	24	21	15	15	19	13	22	141
5100	15	18	26	13	17	20	25	21	14	24	21	15	15	19	13	22	142
5150	15	18	26	13	17	20	26	21	14	24	21	15	15	19	13	22	143
5200	15	18	25	13	17	20	26	21	14	24	21	15	15	19	13	23	143
5250	15	18	25	13	17	20	26	22	15	21	21	15	15	19	13	24	143
5300	15	18	25	13	17	20	26	23	15	22	21	15	15	19	13	25	145
5350	15	18	25	13	17	20	25	23	15	22	21	15	15	19	13	25	144
5400	15	18	25	13	17	20	26	23	15	22	21	15	15	19	13	25	143
5450	15	18	25	13	17	20	26	23	15	22	21	15	15	19	13	25	144
5500	15	18	25	13	17	20	26	23	15	22	21	15	15	19	13	25	144
5550	15	18	25	13	17	20	26	23	15	22	21	15	15	19	13	25	144
5600	15	18	25	13	17	20	26	23	15	22	21	15	15	19	14	25	144
5650	15	18	25	13	17	20	26	23	15	22	21	15	15	19	14	25	144
5700	15	18	25	13	17	20	26	23	15	22	22	15	15	19	14	25	144
5750	15	18	25	13	17	20	26	23	15	22	22	15	15	19	14	25	144
5800	15	18	25	13	17	20	26	23	15	22	23	15	15	19	14	25	145
5850	14	18	25	13	17	20	26	23	15	22	23	15	15	19	14	25	144
5900	14	18	25	13	17	20	26	23	15	22	23	15	15	19	14	25	144
5950	14	18	25	13	17	20	26	23	15	22	23	15	15	19	14	25	144
6000	14	18	25	13	16	20	26	23	15	22	23	15	15	19	14	25	144
6050	14	18	25	13	16	20	26	23	15	22	24	15	15	19	14	25	145
6100	14	18	25	13	17	20	26	22	15	22	24	15	15	19	14	25	145
6150	14	18	25	13	17	20	25	22	15	23	23	15	15	20	14	25	146
6200	14	18	25	13	17	20	25	22	15	23	23	15	15	19	14	25	145
6250	14	18	26	13	17	20	26	22	15	23	23	15	15	19	14	25	147
6300	14	18	26	13	17	20	26	22	15	23	23	15	15	19	14	25	147
6350	14	18	27	13	17	20	26	22	15	23	25	15	15	19	14	25	149
6400	14	18	27	13	17	20	26	22	15	23	27	15	15	19	14	25	151
6450	14	18	26	13	17	20	26	22	15	23	27	15	15	20	14	24	151
6500	14	18	26	13	17	20	26	22	15	23	27	15	15	20	14	24	151
6550	14	18	26	13	17	20	26	22	15	23	27	15	15	20	14	24	150
6600	14	18	27	13	17	20	26	22	15	23	27	15	15	20	14	24	150
6650	14	18	26	13	17	20	26	22	15	24	26	15	15	21	14	24	151
6700	14	18	26	13	17	20	25	21	15	24	26	15	15	21	14	24	150
6750	14	18	26	13	17	20	25	21	15	23	27	15	15	21	14	24	151
6800	14	18	26	13	17	20	25	21	16	23	27	15	15	21	15	24	151
6850	14	18	27	13	17	20	25	21	16	23	27	17	15	21	15	24	151
6900	14	18	27	13	17	20	24	21	16	23	28	17	15	21	15	24	151
6950	14	18	28	13	17	20	24	21	16	23	28	17	15	21	15	24	151
7000	14	18	28	13	17	20	24	21	16	23	28	17	15	21	15	24	152
7050	14	18	29	13	17	20	24	21	16	23	29	17	15	21	16	24	153
7100	14	18	29	13	17	20	24	21	16	23	29	17	15	21	16	24	153
7150	14	18	30	13	17	20	25	21	16	23	29	17	15	21	16	24	156
7200	14	18	30	13	17	20	25	21	16	23	29	17	15	21	18	24	159
7250	14	18	30	13	17	20	25	21	16	23	29	17	15	21	19	24	160
7300	14	18	30	13	17	20	25	21	16	23	29	17	15	21	19	24	160
7350	14	18	30	13	17	20	26	21	16	23	29	17	15	22	21	24	160
7400	14	18	30	13	17	20	25	21	16	23	29	17	15	22	20	24	159
7450	14	18	30	13	16	20	25	21	18	23	29	17	15	22	20	24	159
7500	14	18	30	13	16	20	25	21	18	23	28	17	15	22	21	24	160
7550	14	18	30	13	16	20	25	21	18	23	28	17	15	22	21	24	160
7600	14	18	30	13	16	20	25	21	18	23	28	17	14	22	21	24	160
7650	14	18	30	13	16	20	26	21	18	23	28	18	14	22	21	24	160
7700	14	18	30	13	16	20	26	21	18	23	28	18	14	22	21	24	160
7750	14	18	30	13	16	20	26	21	18	23	28	19	15	22	21	23	160
7800	14	18	30	13	16	20	26	21	18	23	28	20	15	22	21	23	161
7850	14	18	30	13	16	20	26	21	18	23	28	20	16	23	21	23	162
7900	14	18	30	13	16	20	26	21	18	23	27	20	17	24	21	23	162
7950	14	18	30	13	16	20	26	21	19	24	27	21	16	24	21	23	165
8000	14	18	30	13	16	20	26	21	19	23	28	20	16	24	21	23	164
8050	14	18	30	13	16	20	26	21	19	23	28	20	16	24	21	23	161
8100	14	18	30	13	16	20	26	21	20	23	28	20	16	24	21	23	161
8150	14	18	30	13	16	20	27	21	20	23	28	20	17	24	21	23	161
8200	14	18	29	13	16	20	27	21	20	23	28	21	17	24	21	23	160
8250	14	18	29	13	16	20	27	21	20	23	28	21	17	24	21	22	160
8300	15	18	29	13	16	20	27	21	20	23	28	21	17	24	21	22	160
8350	16	18	29	13	16	20	27	21	20	23	28	21	18	24	21	22	161
8400	16	18	29	13	16	20	27	21	20	23	28	21	18	24	21	22	161
8450	16	18	29	13	16	20	28	21	20	23	28	21	19	24	21	22	163
8500	16	18	29	13	16	20	28	21	21	23	28	21	19	24	21	22	163
8550	16	18	29	13	16	20	28	21	21	23	28	21	19	24	22	22	163
8600	17	18	29	13	16	20	29	21	21	23	28	21	19	24	22	22	165
8650	17	18	29	13	16	20	29	21	21	23	28	21	20	24	22	22	166
8700	17	18	29	13	16	20	29	21	21	23	28	21	21	25	22	22	168
8750	17	18	29	13	16	20	29	21	21	23	28	21	21	25	22	22	168
8800	17	18	29	13	16	20	29	21	21	23	28	21	21	25	22	22	168
8850	17	18	29	13	16	20	29	21	21	23	28	21	21	25	22	22	168
8900	17	18	29	13	16	20	29	20	21	23	29	21	21	25	22	22	169
8950	17	18	29	13	16	20	29	20	21	23	29	21	21	24	22	22	170
9000	17	18	29	13	16	21	29	20	21	23	28	21	21	24	22	22	168
9050	17	18	29	13	16	21	29	20	21	24	28	21	21	24	22	22	169
9100	17	18	29	13	16	21	29	20	21	24	27	21	21	24	22	22	168
9150	17	18	29	13	16	21	29	20	21	24	27	21	21	24	22	22	168
9200	17	18	29	13	16	21	29	20	21	24	27	21	21	24	22	22	168
9250	17	18	29	13	16	22	29	20	21	24	27	21	21	24	22	22	169
9300	17	18	29	13	16	22	29	20	21	24	27	21	21	24	22	22	167
9350	17	18	29	13	16	22	29	20	21	24	27	21	21	24	22	22	167
9400	17	18	29	13	16	22	29	20	21	24	27	21	21	24	22	22	167
9450	17	18	29	13	16	22	28	20	21	24	27	21	21	25	22	22	167
9500	17	18	29	13	16	24	28	20	21	24	27	21	21	25	22	22	168
9550	17	18	29	13	16	24	28	20	21	24	27	21	21	25	22	22	168
9600	17	18	29	13	16	24	28	20	21	24	27	21	21	25	22	22	168
9650	17	18	29	13	16	24	28	20	21	24	27	21	20	25	22	22	168
9700	17	18	29	13	16	24	28	21	21	24	27	21	20	25	22	22	168
9750	17	18	29	13	16	24	28	21	21	24	27	21	20	25	22	22	168
9800	17	18	29	13	16	24	28	22	21	24	27	21	20	25	22	22	167
9850	17	18	29	13	16	24	28	22	21	24	27	21	20	25	22	22	167
9900	17	18	29	13	16	24	28	22	21	24	27	21	20	25	22	22	166
9950	17	18	29	13	16	24	28	22	21	24	26	21	20	25	22	22	165
10000	17	18	28	13	16	24	28	22	21	24	26	21	20	25	22	22	165
10050	18	18	29	14	18	24	28	22	22	24	27	21	20	25	22	23	166
10100	18	19	30	15	19	24	28	22	24	26	28	22	22	25	22	23	171
10150	18	19	30	15	19	24	28	22	24	26	29	22	22	26	23	23	172
10200	18	20	30	15	20	25	29	22	25	27	29	21	21	26	25	25	178
10250	19	21	31	15	21	26	29	23	26	27	29	21	21	26	25	26	181
10300	19	22	31	17	23	26	29	23	26	26	29	22	23	27	25	26	183
10350	20	23	31	17	25	26	29	23	27	28	29	22	23	28	25	27	188
10400	21	25	31	17	25	27	28	23	27	31	29	22	23	29	26	27	194
10450	21	25	31	18	26	27	28	24	26	31	29	22	24	29	26	28	196
10500	22	25	31	18	26	27	28	25	26	31	29	22	24	30	26	31	199
10550	23	26	31	18	26	27	28	25	26	31	29	22	24	31	27	32	202
10600	23	27	31	19	26	29	29	25	28	31	30	22	24	31	27	32	208
10650	25	27	31	19	26	29	30	26	28	31	30	22	25	32	27	34	213
10700	26	27	31	20	26	29	30	26	28	31	30	22	27	32	27	34	216
10750	25	27	31	21	26	29	30	27	28	31	30	22	27	33	28	34	215
10800	25	27	31	21	26	30	30	27	28	31	30	22	27	33	30	34	216
10850	26	27	31	21	26	30	30	28	28	31	30	22	28	33	30	34	218
10900	27	27	31	21	26	30	30	28	28	31	30	23	28	33	30	36	221
10950	27	28	31	21	26	30	30	29	28	31	30	22	28	33	30	36	219
11000	28	28	31	21	26	30	30	29	28	31	31	22	28	33	30	36	222
11050	29	28	31	21	26	31	30	29	28	31	31	22	28	33	31	37	223
11100	29	28	31	21	26	31	30	30	28	31	31	23	28	33	31	37	223
11150	29	28	31	21	26	30	30	30	28	31	31	23	28	33	31	37	222
11200	29	28	31	21	26	30	30	30	29	31	31	23	28	33	31	37	223
11250	29	28	31	21	26	30	30	30	29	31	31	23	28	33	31	37	223
11300	29	28	31	21	26	30	30	30	29	31	31	23	28	33	31	37	224
11350	29	28	31	21	26	30	30	30	29	31	31	23	28	33	31	37	223
11400	29	28	31	21	26	30	30	30	29	31	31	23	28	33	31	37	223
11450	29	28	31	21	25	30	30	30	29	31	31	23	28	33	31	37	222
11500	29	28	31	21	25	31	30	31	29	31	31	23	28	33	31	37	223
11550	29	28	31	21	25	31	30	31	29	31	31	23	28	33	30	37	222
11600	29	27	31	21	25	31	30	31	29	32	31	24	28	33	30	37	224
11650	29	27	30	21	25	32	30	31	29	32	31	24	28	33	30	37	225
11700	29	27	29	21	25	33	30	32	29	32	31	24	29	33	30	37	226
11750	29	27	29	21	25	33	30	33	29	32	31	24	30	33	30	36	228
11800	29	27	29	21	25	33	30	33	29	33	31	25	30	33	30	35	229
11850	29	27	29	21	25	33	30	33	29	33	31	26	31	33	30	35	230
11900	29	27	28	21	24	34	30	34	29	33	31	26	32	33	30	35	229
11950	29	27	28	21	24	35	30	33	29	34	31	26	32	32	30	35	230
12000	29	27	28	21	23	34	30	34	29	34	31	27	32	32	30	35	231
12050	30	27	28	20	23	34	29	34	29	34	31	27	33	32	30	35	233
12100	30	27	28	20	23	33	29	35	29	34	31	27	35	32	30	35	235
12150	30	27	28	20	23	33	29	35	29	34	31	27	36	32	30	35	236
12200	30	27	28	20	23	35	29	35	29	34	31	27	36	32	30	35	238
12250	30	27	28	20	23	35	28	36	29	35	31	28	36	33	30	35	237
12300	30	27	28	19	23	35	28	35	29	35	31	28	36	33	30	35	236
12350	30	27	28	19	23	34	28	35	29	35	31	29	37	32	30	35	236
12400	30	27	28	19	23	34	27	35	31	35	31	29	38	32	29	35	237
12450	30	27	28	19	23	34	27	35	31	35	31	31	38	33	28	35	238
12500	30	27	28	19	23	34	27	35	30	35	32	31	38	33	28	35	240
12550	30	27	28	19	23	34	27	35	31	34	32	31	38	33	28	35	239
12600	29	27	28	19	23	34	27	34	32	34	32	31	38	34	28	34	237
12650	29	27	28	19	23	35	29	34	33	33	32	31	38	34	28	34	239
12700	29	27	28	19	23	35	29	35	34	33	32	32	39	34	28	34	241
12750	29	27	28	19	23	35	29	35	34	33	32	32	40	34	28	34	242
12800	29	27	28	19	23	35	30	35	34	32	32	33	40	34	28	34	244
12850	29	27	28	19	23	35	30	35	35	31	32	33	40	34	28	34	244
12900	29	27	28	19	23	35	30	34	36	31	32	34	40	33	28	34	245
12950	29	27	28	19	23	35	30	34	36	31	32	34	40	33	28	34	246
13000	29	27	28	19	23	35	30	34	37	31	32	34	40	33	28	33	245
13050	29	27	28	19	23	35	30	34	37	31	32	34	40	33	27	33	245
13100	29	27	28	19	23	35	30	34	37	31	33	32	40	32	27	33	242
13150	29	27	28	19	23	34	30	33	37	32	32	33	39	32	27	33	241
13200	29	27	28	19	23	34	30	33	38	32	32	33	38	32	28	33	243
13250	28	27	28	19	23	34	30	33	39	32	32	33	38	32	28	33	242
13300	28	27	28	19	23	34	31	33	39	32	32	33	38	32	28	33	242
13350	28	27	28	19	23	34	32	33	38	32	32	33	38	32	28	33	244
13400	28	27	28	19	22	34	32	33	38	32	32	33	38	32	28	33	244
13450	28	27	28	19	22	34	32	33	39	32	32	33	38	32	28	33	243
13500	28	27	28	19	22	34	32	33	39	32	32	33	38	32	28	33	244
13550	28	27	28	19	22	34	32	33	39	32	32	33	38	32	28	33	244
13600	28	27	28	19	22	34	32	33	41	32	32	33	38	32	28	33	245
13650	28	27	28	19	22	34	33	33	41	32	32	33	37	32	27	33	246
13700	28	27	28	19	22	34	32	33	41	32	32	33	36	32	28	33	244
13750	28	27	28	19	22	34	32	33	41	32	32	33	36	32	28	33	243
13800	28	27	28	19	22	34	32	33	41	32	32	33	36	32	28	33	243
13850	28	27	28	19	22	34	31	33	41	32	32	33	35	32	28	32	242
13900	28	26	28	19	22	34	31	33	41	32	32	33	35	32	28	32	241
13950	28	26	28	19	22	34	31	33	41	32	32	33	35	32	28	33	242
14000	28	26	28	19	22	34	31	34	41	32	32	33	35	32	28	33	242
14050	28	26	28	19	22	34	31	34	41	32	32	34	35	32	28	33	242
14100	28	26	28	19	22	34	32	34	41	32	32	35	35	32	28	33	243
14150	28	26	28	19	22	34	31	34	41	32	32	35	35	32	28	33	242
14200	28	26	28	19	22	34	31	34	41	32	32	34	35	32	28	33	242
14250	28	26	28	19	22	34	31	34	41	32	32	34	35	32	28	32	242
14300	28	27	28	19	22	34	31	34	41	32	34	34	35	32	28	32	241
14350	28	27	28	19	22	34	31	34	41	32	34	34	35	32	28	33	241
14400	28	27	28	19	22	34	31	34	41	32	34	35	35	32	28	33	242
14450	28	27	28	19	22	34	31	34	41	32	34	36	35	32	28	33	242
14500	28	27	28	19	22	34	31	34	41	32	34	36	35	32	28	33	242
14550	28	27	28	18	22	34	31	35	41	32	34	36	35	32	28	33	242
14600	28	26	28	18	22	34	30	35	41	32	34	36	35	32	28	33	242
14650	28	26	26	18	22	34	30	35	41	32	34	36	35	32	28	33	241
14700	28	26	26	18	22	34	30	35	41	32	34	36	35	32	28	33	239
14750	28	26	26	18	22	34	30	35	41	32	34	36	35	32	28	33	238
14800	28	26	25	19	22	35	30	34	41	32	34	36	35	32	28	33	238
14850	28	26	25	19	22	35	29	34	41	32	34	36	35	31	28	33	237
14900	28	26	25	20	22	35	29	34	40	32	34	36	35	31	28	33	237
14950	28	26	25	20	22	35	29	34	40	32	34	36	35	31	29	33	237
15000	28	26	25	21	22	35	29	34	40	32	34	36	35	31	30	33	238
15050	28	26	25	21	22	35	29	34	40	32	34	36	35	31	30	33	238
15100	28	26	25	21	22	35	28	34	40	32	34	36	34	31	30	33	236
15150	28	26	25	23	22	35	28	34	40	32	34	35	34	31	30	33	236
15200	28	26	25	24	22	35	28	34	40	32	34	35	34	31	30	33	240
15250	27	26	25	25	22	35	28	34	40	32	34	35	34	31	31	32	240
15300	27	26	25	25	22	35	27	35	40	32	34	35	34	31	31	32	239
15350	27	26	25	25	22	35	27	34	40	32	34	34	34	31	31	32	238
15400	27	25	26	25	22	35	27	34	40	32	34	33	34	31	31	32	239
15450	27	25	26	26	22	35	27	34	40	32	34	33	34	31	31	32	241
15500	27	25	26	26	22	35	27	34	40	32	34	33	34	31	31	32	240
15550	27	25	26	27	22	35	27	34	40	32	33	34	34	31	31	32	242
15600	27	26	26	27	22	35	27	34	40	32	33	34	34	31	31	32	242
15650	27	26	26	28	22	35	27	34	40	32	33	34	34	30	30	32	242
15700	27	27	26	30	22	35	27	34	40	32	33	34	34	29	31	32	245
15750	27	27	26	31	22	35	27	34	40	32	33	33	34	29	31	32	246
15800	27	27	26	31	22	35	27	33	40	32	33	32	34	29	31	32	243
15850	27	28	26	32	22	35	27	33	40	32	33	32	34	29	32	32	245
15900	27	28	27	32	21	35	27	33	40	32	33	32	34	29	32	32	245
15950	27	28	27	32	21	35	27	32	40	31	33	33	34	29	32	32	244
16000	27	28	27	32	21	35	27	31	40	31	33	31	34	29	32	32	244
16050	28	29	27	32	21	35	27	32	40	31	33	31	34	29	32	32	245
16100	28	29	27	32	21	35	27	32	40	31	33	31	34	29	32	32	245
16150	28	29	27	32	21	35	27	32	40	31	33	31	34	29	32	32	245
16200	28	30	28	32	21	35	27	32	40	31	33	31	33	29	34	32	248
16250	28	30	27	32	21	35	28	32	40	31	33	31	33	29	34	32	246
16300	28	30	27	32	21	35	28	32	40	30	33	31	33	29	34	32	245
16350	28	30	28	33	21	35	28	32	40	30	33	31	33	29	34	32	247
16400	28	30	28	33	21	35	28	32	40	30	33	31	33	29	34	32	246
16450	28	30	28	33	21	35	28	32	40	30	33	31	33	29	34	32	246
16500	28	30	28	33	21	35	28	32	40	30	33	31	33	29	34	32	245
16550	28	31	27	33	21	35	28	32	38	30	33	31	34	29	34	32	244
16600	28	32	27	33	21	35	28	32	37	31	33	31	34	29	34	32	243
16650	28	32	27	33	21	35	28	32	37	31	33	31	34	29	34	32	243
16700	28	32	28	33	20	35	28	32	37	31	33	31	34	29	33	32	243
16750	28	33	28	32	20	35	28	32	37	31	33	31	34	29	33	32	244
16800	28	34	28	33	20	35	28	32	37	31	33	31	34	29	33	32	246
16850	28	34	29	33	20	35	28	32	37	31	33	31	34	29	33	32	247
16900	28	34	30	33	20	35	28	32	37	31	33	31	36	29	33	32	248
16950	28	34	30	34	20	35	28	32	37	31	33	31	36	29	33	32	248
17000	28	34	30	34	20	35	28	32	37	31	33	32	37	29	33	32	250
17050	29	34	30	34	20	35	28	32	37	31	33	32	35	29	33	32	250
17100	29	34	30	35	20	35	28	32	37	31	33	32	35	29	33	32	251
17150	29	34	31	35	20	35	28	32	37	31	33	33	35	29	33	32	251
17200	29	34	32	35	20	35	28	32	37	31	33	33	35	29	33	32	250
17250	29	35	35	35	19	35	28	32	37	31	33	33	36	29	33	32	256
17300	29	35	35	35	19	35	28	31	37	31	33	33	35	29	33	32	254
17350	29	35	35	34	19	35	28	31	37	31	33	34	35	29	32	32	254
17400	29	35	36	34	19	35	28	31	37	31	33	34	35	29	32	32	254
17450	29	35	36	34	19	35	28	31	37	31	32	35	35	29	32	31	254
17500	29	35	36	34	19	35	29	31	37	31	32	35	35	29	32	31	255
17550	29	35	36	34	19	35	29	31	37	31	32	35	35	29	32	31	255
17600	29	34	36	34	19	34	29	31	37	31	32	35	35	29	32	31	255
17650	29	34	36	34	19	34	29	31	37	31	31	35	35	29	32	31	255
17700	29	34	35	34	19	34	29	31	37	31	31	34	35	29	31	31	253
17750	29	34	35	34	19	34	29	31	37	31	30	34	35	29	31	31	253
17800	29	34	35	33	19	34	29	31	37	31	30	34	35	29	31	30	252
17850	29	34	35	33	19	34	29	31	37	31	30	34	35	29	31	30	252
17900	29	34	36	33	19	34	29	31	37	31	30	34	35	29	31	30	252
17950	29	34	36	31	19	34	29	31	36	31	30	34	35	30	31	30	250
18000	30	34	37	31	19	34	29	31	36	31	30	33	35	30	31	30	250
18050	30	34	37	31	19	34	29	31	36	31	30	33	35	30	31	30	250
18100	30	34	37	31	19	34	29	31	36	31	30	33	35	30	31	30	250
18150	30	33	37	31	19	34	28	31	36	31	30	33	35	30	31	30	247
18200	30	33	37	31	19	34	28	31	36	31	30	33	35	30	31	30	246
18250	30	33	37	31	19	34	28	31	36	31	30	33	35	30	31	30	246
18300	30	32	37	30	19	34	27	31	36	31	30	33	35	30	31	30	244
18350	30	32	37	30	19	34	27	31	36	31	30	33	35	30	31	30	244
18400	30	32	37	30	19	34	28	31	36	31	30	33	35	30	30	30	245
18450	29	32	37	30	19	34	28	31	36	31	30	33	35	29	30	30	245
18500	29	32	37	30	19	34	28	31	36	31	30	33	35	29	30	30	246
18550	29	32	37	30	19	34	28	31	36	30	30	33	35	28	30	30	244
18600	29	32	37	30	19	34	28	31	36	30	30	33	35	29	30	30	245
18650	29	32	37	30	19	34	28	31	36	30	30	33	35	29	30	29	244
18700	29	32	37	30	19	34	28	31	36	30	29	33	35	29	30	29	244
18750	29	32	37	30	19	33	28	32	36	30	29	33	35	29	30	29	243
18800	29	32	37	30	19	33	28	32	36	30	29	33	35	31	30	29	245
18850	29	31	37	30	19	33	28	32	36	30	29	33	35	31	30	29	244
18900	29	31	37	30	19	33	28	32	36	30	29	33	35	32	30	29	246
18950	29	31	37	30	19	33	28	32	36	30	29	32	35	32	29	29	245
19000	29	31	37	30	19	33	28	32	36	30	29	32	35	32	29	29	245
19050	29	31	37	30	19	32	28	32	36	30	29	32	35	32	29	31	244
19100	29	31	36	30	19	32	28	32	36	30	29	32	35	32	29	31	243
19150	29	31	36	30	19	32	28	32	36	30	29	32	35	33	29	31	244
19200	29	31	36	30	19	32	28	32	36	30	29	32	35	33	29	31	244
19250	29	31	37	30	19	32	28	32	36	30	29	32	35	33	29	31	245
19300	29	31	37	30	19	32	28	33	36	30	29	32	35	33	29	31	246
19350	29	31	37	30	19	32	28	33	36	30	29	32	35	33	29	31	246
19400	29	31	38	30	19	32	28	33	36	30	29	32	35	33	29	31	245
19450	29	31	38	30	19	32	28	33	36	30	29	32	35	33	29	32	246
19500	30	31	38	30	19	32	29	33	36	30	29	32	35	33	29	33	248
19550	30	31	38	30	18	32	29	33	36	30	29	31	35	33	29	33	248
19600	30	31	38	30	18	32	29	33	36	30	29	31	35	33	29	33	248
19650	30	31	38	29	18	32	29	33	36	30	29	31	35	33	29	33	248
19700	30	31	38	29	18	32	29	33	36	30	29	31	35	33	29	34	249
19750	30	31	38	29	18	32	29	33	36	30	29	31	35	33	29	34	249
19800	30	31	36	29	18	32	29	33	36	30	29	31	35	32	29	34	247
19850	30	31	36	29	18	32	29	33	36	30	29	31	35	32	29	34	247
19900	30	31	36	29	18	32	29	33	36	30	29	31	35	32	29	34	247
19950	30	31	36	29	18	32	30	33	36	30	28	31	35	33	29	34	249
20000	30	31	37	29	18	32	30	33	36	30	28	31	35	33	29	34	250
