0	0.0	0.0	0.0	0.0	0.0	0.0	0.0	0.0	0.0	0.0	0.0	0.0	0.0	0.0	0.0	0.0
50	0.0	0.0	0.333333333333	0.0	0.333333333333	0.0	0.0	0.0	0.285714285714	0.4	0.0	0.0	0.0	0.0	0.2	0.0
100	0.5	0.545454545455	0.5	0.2	0.5	0.545454545455	0.25	0.285714285714	0.444444444444	0.375	0.363636363636	0.2	0.333333333333	0.0	0.428571428571	0.285714285714
150	0.733333333333	0.571428571429	0.571428571429	0.25	0.615384615385	0.6875	0.2	0.583333333333	0.6	0.6	0.5625	0.3	0.428571428571	0.583333333333	0.545454545455	0.454545454545
200	0.736842105263	0.611111111111	0.647058823529	0.5	0.666666666667	0.727272727273	0.333333333333	0.625	0.695652173913	0.7	0.681818181818	0.466666666667	0.555555555556	0.7	0.583333333333	0.538461538462
250	0.807692307692	0.695652173913	0.739130434783	0.631578947368	0.705882352941	0.769230769231	0.4	0.65	0.730769230769	0.75	0.692307692308	0.555555555556	0.636363636364	0.76	0.677419354839	0.631578947368
300	0.833333333333	0.730769230769	0.8	0.695652173913	0.666666666667	0.8	0.5	0.652173913043	0.758620689655	0.793103448276	0.703703703704	0.652173913043	0.692307692308	0.769230769231	0.705882352941	0.666666666667
350	0.853658536585	0.766666666667	0.818181818182	0.740740740741	0.689655172414	0.8	0.538461538462	0.703703703704	0.805555555556	0.8125	0.741935483871	0.692307692308	0.75	0.78125	0.72972972973	0.703703703704
400	0.866666666667	0.794117647059	0.842105263158	0.78125	0.714285714286	0.80487804878	0.684210526316	0.757575757576	0.810810810811	0.805555555556	0.771428571429	0.714285714286	0.757575757576	0.810810810811	0.782608695652	0.709677419355
450	0.854166666667	0.815789473684	0.85	0.820512820513	0.75	0.813953488372	0.695652173913	0.789473684211	0.829268292683	0.80487804878	0.794871794872	0.771428571429	0.783783783784	0.829268292683	0.791666666667	0.736842105263
500	0.92	0.854166666667	0.866666666667	0.840909090909	0.767441860465	0.826086956522	0.75	0.822222222222	0.837209302326	0.818181818182	0.818181818182	0.794871794872	0.8	0.837209302326	0.8	0.756097560976
550	0.94	0.88	0.875	0.854166666667	0.777777777778	0.84	0.757575757576	0.836734693878	0.840909090909	0.829787234043	0.88	0.822222222222	0.822222222222	0.86	0.88	0.782608695652
600	0.94	0.94	0.96	0.9	0.777777777778	0.92	0.8	0.94	0.854166666667	0.9	0.94	0.833333333333	0.833333333333	0.94	0.94	0.795918367347
650	0.94	0.94	0.96	0.94	0.795918367347	0.92	0.826086956522	0.94	0.92	0.94	0.96	0.92	0.94	0.94	0.96	0.86
700	0.96	0.96	0.98	0.98	0.82	0.94	0.86	0.94	0.96	0.96	0.98	0.98	0.98	0.96	1.0	0.86
750	0.96	0.96	1.0	0.98	0.88	0.94	0.92	0.96	0.98	0.96	0.98	0.98	1.0	0.96	1.0	0.9
800	0.98	0.98	1.0	1.0	0.9	0.96	0.94	0.98	0.98	0.96	0.98	0.98	1.0	0.98	1.0	0.9
850	0.98	1.0	1.0	1.0	0.92	0.96	0.96	0.98	0.98	0.96	1.0	0.98	1.0	0.96	1.0	0.9
900	0.98	1.0	1.0	0.98	0.96	0.96	0.98	1.0	0.98	0.96	1.0	0.98	1.0	0.96	1.0	0.92
950	1.0	1.0	1.0	0.98	0.96	1.0	0.98	1.0	0.98	0.98	1.0	0.98	1.0	0.96	1.0	0.94
1000	1.0	1.0	1.0	0.98	0.98	1.0	1.0	1.0	0.98	1.0	1.0	0.98	1.0	0.96	1.0	0.96
1050	1.0	1.0	1.0	0.98	1.0	1.0	1.0	1.0	0.98	1.0	1.0	0.98	1.0	0.96	1.0	0.96
1100	1.0	1.0	1.0	0.96	1.0	1.0	1.0	1.0	0.96	1.0	1.0	0.98	1.0	0.96	1.0	0.96
1150	1.0	1.0	1.0	0.96	1.0	1.0	1.0	1.0	0.96	1.0	1.0	0.98	1.0	0.98	1.0	0.96
1200	0.98	1.0	1.0	0.94	1.0	0.98	1.0	1.0	0.96	1.0	1.0	0.96	1.0	0.98	1.0	0.98
1250	0.98	1.0	1.0	0.94	1.0	0.96	1.0	1.0	0.96	1.0	1.0	0.96	1.0	0.98	1.0	0.98
1300	0.96	1.0	1.0	0.92	1.0	0.96	1.0	1.0	0.96	1.0	1.0	0.96	1.0	0.98	1.0	0.98
1350	0.94	1.0	0.98	0.92	1.0	0.96	0.98	1.0	0.96	1.0	1.0	0.94	0.98	0.98	1.0	1.0
1400	0.92	0.96	0.98	0.92	1.0	0.96	0.98	1.0	0.96	1.0	1.0	0.94	0.98	0.98	1.0	1.0
1450	0.9	0.96	0.98	0.92	1.0	0.96	0.98	1.0	0.96	1.0	1.0	0.96	0.98	0.98	1.0	1.0
1500	0.9	0.96	0.94	0.92	1.0	0.96	0.98	1.0	0.96	1.0	1.0	0.96	0.98	0.96	1.0	1.0
1550	0.9	0.96	0.94	0.92	1.0	0.96	0.98	1.0	0.96	1.0	1.0	0.96	0.98	0.96	1.0	1.0
1600	0.88	0.96	0.94	0.92	1.0	0.94	0.98	1.0	0.94	1.0	1.0	0.94	0.98	0.98	1.0	1.0
1650	0.88	0.96	0.92	0.94	1.0	0.94	0.98	1.0	0.94	1.0	1.0	0.94	0.98	0.98	1.0	1.0
1700	0.88	0.96	0.92	0.94	1.0	0.94	0.98	1.0	0.94	1.0	1.0	0.94	0.98	0.98	1.0	1.0
1750	0.86	0.96	0.92	0.96	1.0	0.94	0.98	1.0	0.94	1.0	1.0	0.94	0.98	0.98	1.0	1.0
1800	0.86	0.96	0.92	0.96	1.0	0.92	0.98	1.0	0.94	1.0	1.0	0.94	0.98	0.98	1.0	1.0
1850	0.86	0.96	0.9	0.98	1.0	0.9	0.96	1.0	0.94	1.0	1.0	0.94	0.98	0.98	1.0	1.0
1900	0.9	0.96	0.92	0.98	1.0	0.9	0.96	1.0	0.94	1.0	1.0	0.94	0.98	0.98	1.0	1.0
1950	0.9	1.0	0.92	0.98	1.0	0.9	0.96	1.0	0.94	1.0	1.0	0.94	0.98	0.98	1.0	1.0
2000	0.92	1.0	0.92	0.98	1.0	0.88	0.96	0.98	0.94	1.0	0.96	0.92	0.98	0.98	1.0	1.0
2050	0.94	1.0	0.92	0.98	1.0	0.88	0.94	0.96	0.94	1.0	0.96	0.92	0.98	0.98	1.0	1.0
2100	0.96	1.0	0.94	0.98	1.0	0.9	0.96	0.96	0.94	1.0	0.96	0.94	0.98	0.98	1.0	1.0
2150	0.96	1.0	0.96	1.0	1.0	0.92	0.96	0.96	0.94	1.0	0.96	0.94	0.98	0.98	1.0	1.0
2200	0.96	1.0	0.96	1.0	1.0	0.92	0.96	0.96	0.94	1.0	0.94	0.94	1.0	0.98	1.0	1.0
2250	0.98	1.0	0.98	1.0	1.0	0.92	0.96	0.96	0.96	1.0	0.94	0.94	1.0	0.98	1.0	1.0
2300	0.98	1.0	0.98	1.0	1.0	0.92	0.96	0.96	0.98	1.0	0.94	0.94	1.0	1.0	1.0	1.0
2350	0.98	1.0	0.98	1.0	0.98	0.92	0.96	0.96	0.98	1.0	0.94	0.96	1.0	1.0	1.0	1.0
2400	0.98	1.0	0.98	1.0	0.98	0.94	0.96	0.96	0.98	1.0	0.92	0.96	1.0	1.0	1.0	1.0
2450	0.98	1.0	0.98	1.0	0.98	0.96	0.94	0.94	0.98	1.0	0.92	0.96	1.0	1.0	1.0	1.0
2500	1.0	1.0	1.0	1.0	0.96	0.98	0.92	0.94	1.0	1.0	0.92	0.96	1.0	1.0	1.0	1.0
2550	1.0	1.0	1.0	1.0	0.96	0.98	0.94	0.94	1.0	1.0	0.92	0.96	1.0	0.98	1.0	1.0
2600	1.0	1.0	0.98	1.0	0.94	0.98	0.94	0.94	1.0	1.0	0.92	0.96	1.0	0.98	1.0	1.0
2650	1.0	1.0	0.98	1.0	0.94	0.98	0.94	0.94	1.0	1.0	0.92	0.96	1.0	0.98	1.0	1.0
2700	1.0	1.0	0.98	1.0	0.94	1.0	0.94	0.96	1.0	1.0	0.92	0.98	1.0	0.98	1.0	1.0
2750	1.0	0.98	0.98	1.0	0.94	1.0	0.94	0.98	1.0	1.0	0.96	0.98	1.0	0.98	1.0	1.0
2800	1.0	0.98	0.98	1.0	0.92	1.0	0.96	0.98	1.0	1.0	0.96	0.98	1.0	0.98	1.0	1.0
2850	1.0	0.98	0.98	1.0	0.9	1.0	0.96	0.98	1.0	1.0	0.96	0.96	1.0	0.98	1.0	1.0
2900	1.0	0.98	0.98	1.0	0.9	1.0	0.96	0.98	1.0	1.0	0.96	0.96	1.0	0.96	1.0	1.0
2950	1.0	0.98	0.98	1.0	0.92	1.0	0.96	0.98	1.0	1.0	0.96	0.96	1.0	0.96	1.0	1.0
3000	1.0	0.98	0.98	1.0	0.94	1.0	0.96	0.96	1.0	1.0	0.96	0.94	1.0	0.96	1.0	1.0
3050	1.0	0.98	0.98	1.0	0.94	1.0	0.96	0.96	1.0	1.0	0.96	0.94	1.0	0.96	1.0	1.0
3100	1.0	0.98	0.98	0.98	0.96	1.0	0.96	0.98	1.0	1.0	0.94	0.94	1.0	0.96	1.0	1.0
3150	1.0	0.98	0.98	0.98	0.96	1.0	0.94	0.98	1.0	1.0	0.96	0.94	1.0	0.96	1.0	1.0
3200	1.0	0.98	0.98	0.98	0.96	1.0	0.96	0.98	1.0	0.98	0.96	0.94	1.0	0.96	1.0	1.0
3250	1.0	0.98	0.98	0.98	0.96	1.0	0.98	0.98	1.0	0.98	0.96	0.96	1.0	0.96	1.0	1.0
3300	1.0	0.98	1.0	0.98	0.96	1.0	0.98	0.98	1.0	0.98	0.96	0.96	1.0	0.94	1.0	1.0
3350	1.0	0.96	1.0	0.98	0.98	1.0	0.98	0.98	1.0	0.98	0.96	0.96	1.0	0.94	1.0	1.0
3400	1.0	0.96	1.0	0.98	1.0	1.0	0.98	0.98	1.0	0.96	0.96	0.96	1.0	0.96	1.0	1.0
3450	1.0	0.96	1.0	0.98	1.0	1.0	0.98	0.98	1.0	0.96	0.94	0.96	1.0	0.96	1.0	1.0
3500	1.0	0.98	1.0	0.98	1.0	1.0	0.96	0.98	1.0	0.96	0.94	0.98	1.0	0.96	1.0	1.0
3550	1.0	0.98	1.0	0.98	1.0	1.0	0.96	0.98	1.0	0.96	0.94	0.98	1.0	0.98	1.0	1.0
3600	1.0	0.98	1.0	0.96	1.0	1.0	0.96	0.98	1.0	0.96	0.94	0.98	1.0	0.98	0.98	1.0
3650	1.0	0.98	1.0	0.96	1.0	1.0	0.96	0.98	1.0	0.96	0.96	0.98	1.0	0.98	0.98	1.0
3700	1.0	0.98	1.0	0.96	1.0	1.0	0.96	0.98	1.0	0.96	0.96	0.98	1.0	0.98	0.96	1.0
3750	1.0	0.98	1.0	0.96	1.0	1.0	0.96	0.98	1.0	0.96	0.98	1.0	1.0	0.98	0.96	1.0
3800	1.0	0.98	1.0	0.98	1.0	1.0	0.96	0.98	1.0	0.96	0.98	1.0	1.0	0.98	0.96	1.0
3850	1.0	0.98	1.0	0.98	1.0	1.0	0.98	0.98	1.0	0.96	0.98	1.0	1.0	0.98	0.96	1.0
3900	1.0	0.98	1.0	0.98	1.0	1.0	0.96	0.96	1.0	0.96	0.98	1.0	1.0	0.98	0.96	1.0
3950	1.0	0.98	1.0	0.98	1.0	1.0	0.96	0.94	1.0	0.96	0.98	0.98	1.0	1.0	0.94	1.0
4000	1.0	0.98	1.0	0.98	1.0	1.0	0.96	0.94	1.0	0.96	0.98	0.98	1.0	1.0	0.94	1.0
4050	1.0	0.98	1.0	0.98	1.0	1.0	0.94	0.94	1.0	0.96	1.0	0.96	1.0	1.0	0.94	1.0
4100	1.0	0.98	1.0	0.98	1.0	1.0	0.92	0.94	1.0	0.98	1.0	0.96	1.0	1.0	0.94	1.0
4150	1.0	0.98	0.98	0.98	1.0	1.0	0.92	0.94	1.0	0.98	1.0	0.96	1.0	1.0	0.94	1.0
4200	1.0	1.0	0.98	0.98	1.0	1.0	0.92	0.94	1.0	0.98	1.0	0.96	1.0	1.0	0.94	1.0
4250	1.0	1.0	0.98	0.98	1.0	1.0	0.94	0.94	1.0	0.98	1.0	0.96	1.0	1.0	0.94	1.0
4300	1.0	1.0	0.98	1.0	0.96	1.0	0.94	0.94	1.0	0.98	1.0	0.96	1.0	1.0	0.96	1.0
4350	1.0	1.0	0.98	1.0	0.96	1.0	0.94	0.94	1.0	0.98	0.96	0.96	1.0	0.98	0.96	1.0
4400	1.0	1.0	0.98	1.0	0.96	1.0	0.92	0.94	1.0	1.0	0.94	0.96	0.98	0.98	0.98	1.0
4450	1.0	1.0	0.98	1.0	0.96	1.0	0.92	0.94	1.0	1.0	0.92	0.96	0.98	0.98	0.98	1.0
4500	1.0	1.0	0.98	0.98	0.96	1.0	0.92	0.94	1.0	1.0	0.92	0.98	0.98	0.98	0.98	1.0
4550	1.0	1.0	0.98	0.98	0.96	1.0	0.92	0.94	1.0	1.0	0.9	0.96	0.98	0.98	0.98	1.0
4600	1.0	1.0	0.98	0.98	0.96	1.0	0.92	0.94	1.0	1.0	0.9	0.96	0.98	0.98	0.98	1.0
4650	1.0	1.0	0.98	0.98	0.94	1.0	0.92	0.92	1.0	1.0	0.88	0.98	0.98	0.98	0.98	1.0
4700	1.0	1.0	0.98	0.98	0.94	1.0	0.92	0.94	1.0	1.0	0.88	0.98	0.98	0.98	0.98	1.0
4750	1.0	1.0	0.98	0.98	0.94	1.0	0.94	0.94	1.0	1.0	0.88	0.98	0.96	0.98	1.0	1.0
4800	1.0	1.0	0.98	0.98	0.94	1.0	0.94	0.98	1.0	1.0	0.88	0.96	0.96	0.98	1.0	1.0
4850	1.0	1.0	0.98	0.98	0.94	1.0	0.96	0.98	1.0	1.0	0.88	0.96	0.96	0.98	0.98	1.0
4900	1.0	0.98	0.98	0.96	0.94	1.0	0.98	0.96	1.0	0.98	0.88	0.94	0.96	0.98	0.96	1.0
4950	1.0	0.98	1.0	0.96	0.92	1.0	0.98	0.96	1.0	0.98	0.86	0.94	0.96	0.98	0.96	1.0
5000	1.0	0.98	1.0	0.94	0.9	1.0	0.98	0.96	1.0	0.98	0.86	0.94	0.96	0.98	0.96	1.0
5050	1.0	0.98	1.0	0.94	0.9	1.0	0.98	0.96	1.0	0.98	0.86	0.94	0.96	1.0	0.96	1.0
5100	1.0	0.98	1.0	0.94	0.9	1.0	0.98	0.94	1.0	0.98	0.86	0.94	0.98	1.0	0.96	1.0
5150	1.0	0.98	0.98	0.94	0.92	1.0	1.0	0.94	1.0	0.98	0.86	0.94	0.98	1.0	0.94	1.0
5200	1.0	0.98	0.98	0.94	0.92	1.0	1.0	0.94	1.0	0.98	0.88	0.94	0.98	1.0	0.94	1.0
5250	1.0	0.98	0.98	0.96	0.92	1.0	1.0	0.94	1.0	0.98	0.92	0.94	0.98	1.0	0.94	1.0
5300	1.0	0.98	0.98	0.96	0.92	1.0	1.0	0.94	1.0	0.98	0.94	0.94	0.98	1.0	0.94	1.0
5350	1.0	0.98	0.98	0.96	0.94	1.0	1.0	0.94	1.0	0.98	0.94	0.94	0.98	1.0	0.94	1.0
5400	1.0	0.98	0.98	0.96	0.94	1.0	1.0	0.94	1.0	0.98	0.96	0.94	1.0	1.0	0.94	1.0
5450	1.0	0.98	0.96	0.96	0.94	1.0	1.0	0.96	1.0	0.98	0.98	0.94	1.0	0.98	0.94	1.0
5500	1.0	0.98	0.96	0.96	0.94	1.0	1.0	0.96	1.0	0.98	0.98	0.94	1.0	0.98	0.94	1.0
5550	1.0	0.98	0.96	0.92	0.94	1.0	1.0	0.96	1.0	0.98	0.98	0.96	1.0	0.98	0.94	1.0
5600	1.0	1.0	0.96	0.92	0.96	1.0	1.0	0.96	1.0	0.94	0.98	0.96	1.0	0.98	0.94	1.0
5650	1.0	1.0	0.96	0.92	0.98	1.0	1.0	0.94	1.0	0.94	0.98	0.96	1.0	0.98	0.92	1.0
5700	1.0	1.0	0.96	0.94	0.98	0.98	0.98	0.96	1.0	0.94	1.0	0.98	1.0	0.98	0.96	1.0
5750	1.0	1.0	0.96	0.94	0.98	0.98	0.98	0.96	1.0	0.92	1.0	0.98	1.0	0.98	0.96	1.0
5800	1.0	1.0	0.96	0.94	1.0	0.98	0.98	0.96	1.0	0.92	0.98	0.98	1.0	0.98	0.96	1.0
5850	1.0	1.0	0.96	0.94	1.0	0.98	0.98	0.96	1.0	0.92	0.98	0.98	1.0	0.98	0.98	1.0
5900	1.0	1.0	0.98	0.94	1.0	0.98	0.94	0.96	1.0	0.92	0.98	0.98	1.0	0.98	0.98	1.0
5950	1.0	1.0	0.98	0.94	1.0	0.98	0.92	0.98	1.0	0.92	0.98	0.98	0.98	0.98	0.98	1.0
6000	1.0	1.0	0.98	0.94	1.0	0.98	0.92	0.96	1.0	0.92	0.98	0.98	0.98	0.96	0.98	1.0
6050	1.0	1.0	0.98	0.94	1.0	0.98	0.92	0.96	1.0	0.92	0.98	0.98	0.98	0.96	0.98	1.0
6100	1.0	1.0	1.0	0.94	1.0	0.98	0.92	0.96	1.0	0.92	0.98	1.0	0.98	0.96	0.98	1.0
6150	1.0	1.0	1.0	0.94	0.98	0.96	0.92	0.96	1.0	0.92	0.98	1.0	0.96	0.92	0.98	1.0
6200	1.0	1.0	1.0	1.0	0.98	0.96	0.92	0.96	1.0	0.94	0.98	1.0	0.96	0.92	1.0	1.0
6250	1.0	1.0	1.0	1.0	0.98	0.94	0.92	0.96	1.0	0.96	0.98	1.0	0.94	0.94	1.0	1.0
6300	1.0	1.0	1.0	1.0	0.98	0.94	0.92	0.96	1.0	0.96	0.98	1.0	0.92	0.94	1.0	1.0
6350	1.0	1.0	1.0	1.0	0.98	0.94	0.92	0.96	1.0	0.96	0.98	1.0	0.92	0.94	1.0	1.0
6400	1.0	1.0	1.0	1.0	0.98	0.96	0.92	0.94	1.0	0.96	0.98	1.0	0.92	0.94	1.0	1.0
6450	1.0	1.0	1.0	1.0	0.98	0.94	0.94	0.94	1.0	0.98	0.98	1.0	0.92	0.94	1.0	1.0
6500	1.0	1.0	1.0	1.0	0.98	0.94	0.94	0.96	1.0	1.0	0.98	1.0	0.92	0.94	1.0	1.0
6550	1.0	0.98	1.0	1.0	0.98	0.92	0.94	0.96	1.0	1.0	0.98	1.0	0.92	0.94	1.0	1.0
6600	1.0	0.98	1.0	0.98	0.98	0.92	0.94	0.96	1.0	1.0	0.98	1.0	0.92	0.94	1.0	1.0
6650	1.0	0.98	1.0	0.98	0.98	0.92	0.94	0.96	1.0	1.0	0.98	1.0	0.94	0.94	1.0	1.0
6700	1.0	0.98	1.0	0.98	0.94	0.92	0.96	0.96	1.0	1.0	1.0	1.0	0.92	0.94	0.98	1.0
6750	1.0	0.98	1.0	0.98	0.94	0.94	0.98	0.96	1.0	1.0	1.0	1.0	0.92	0.96	0.98	1.0
6800	1.0	0.98	1.0	0.96	0.92	0.94	0.98	0.96	1.0	1.0	1.0	1.0	0.94	0.96	0.98	1.0
6850	1.0	0.98	1.0	0.96	0.92	0.94	0.98	0.98	1.0	1.0	1.0	1.0	0.96	0.96	0.96	1.0
6900	1.0	0.98	1.0	0.96	0.92	0.94	0.98	0.98	1.0	1.0	1.0	1.0	0.96	1.0	0.96	1.0
6950	1.0	0.98	1.0	0.96	0.92	0.94	0.98	0.98	1.0	1.0	1.0	1.0	0.98	1.0	0.96	1.0
7000	1.0	0.98	1.0	0.96	0.94	0.96	0.98	0.96	1.0	1.0	1.0	1.0	0.98	1.0	0.96	1.0
7050	1.0	0.98	1.0	0.96	0.94	0.94	0.98	0.96	1.0	1.0	1.0	1.0	0.98	1.0	0.96	1.0
7100	1.0	0.98	1.0	0.96	0.94	0.94	0.98	0.96	1.0	1.0	1.0	1.0	0.98	1.0	0.96	1.0
7150	1.0	0.96	1.0	0.96	0.94	0.96	0.98	0.98	1.0	1.0	1.0	1.0	1.0	1.0	0.96	1.0
7200	1.0	0.96	1.0	0.96	0.94	0.98	0.98	0.98	1.0	1.0	1.0	1.0	1.0	1.0	0.96	1.0
7250	1.0	0.96	1.0	0.96	0.94	0.98	0.98	0.98	1.0	1.0	1.0	1.0	1.0	1.0	0.96	1.0
7300	1.0	0.98	1.0	0.96	0.94	0.98	0.98	0.98	1.0	1.0	1.0	1.0	1.0	1.0	0.96	1.0
7350	1.0	0.98	1.0	0.96	0.94	0.98	0.98	0.98	1.0	1.0	1.0	1.0	1.0	1.0	0.96	1.0
7400	1.0	0.98	1.0	0.98	0.94	0.98	1.0	0.98	1.0	1.0	0.98	1.0	1.0	1.0	0.98	1.0
7450	1.0	0.98	1.0	0.98	0.94	0.98	1.0	0.98	1.0	1.0	0.94	1.0	1.0	1.0	0.98	1.0
7500	1.0	0.98	1.0	1.0	0.94	0.98	1.0	0.98	1.0	1.0	0.94	1.0	1.0	1.0	1.0	1.0
7550	1.0	0.98	0.98	1.0	0.94	0.98	1.0	0.98	1.0	0.98	0.94	1.0	1.0	1.0	1.0	1.0
7600	1.0	0.98	0.98	1.0	0.98	0.98	1.0	0.98	1.0	0.98	0.94	1.0	1.0	1.0	0.98	1.0
7650	1.0	0.98	0.98	1.0	1.0	0.98	1.0	0.98	1.0	0.98	0.94	0.98	1.0	1.0	0.98	1.0
7700	1.0	0.98	0.98	1.0	1.0	0.98	1.0	0.98	1.0	0.98	0.94	0.98	1.0	1.0	0.98	1.0
7750	1.0	0.98	0.98	1.0	1.0	0.98	1.0	0.98	1.0	0.98	0.94	0.98	1.0	1.0	0.96	1.0
7800	1.0	1.0	0.98	1.0	1.0	0.98	1.0	1.0	1.0	0.98	0.94	0.98	1.0	1.0	0.96	1.0
7850	1.0	1.0	0.98	1.0	1.0	1.0	1.0	0.98	1.0	0.98	0.94	0.98	1.0	1.0	0.96	1.0
7900	1.0	1.0	0.98	1.0	0.96	1.0	1.0	0.98	1.0	0.98	0.94	0.98	1.0	1.0	0.96	1.0
7950	0.98	1.0	0.98	1.0	0.96	1.0	1.0	0.98	1.0	0.98	0.92	0.98	1.0	1.0	0.96	1.0
8000	0.98	1.0	0.98	1.0	0.96	1.0	1.0	0.98	1.0	0.98	0.92	0.98	1.0	1.0	0.96	1.0
8050	0.98	1.0	0.98	1.0	0.96	1.0	1.0	0.98	1.0	0.98	0.92	0.98	1.0	1.0	0.96	1.0
8100	0.98	1.0	0.98	1.0	0.96	1.0	1.0	0.98	1.0	0.98	0.9	0.98	1.0	1.0	0.96	1.0
8150	0.98	1.0	0.98	1.0	0.96	1.0	1.0	0.98	1.0	0.98	0.92	0.98	1.0	1.0	0.96	1.0
8200	0.98	1.0	0.98	1.0	0.96	1.0	1.0	0.98	1.0	1.0	0.94	0.98	1.0	1.0	0.96	1.0
8250	0.98	1.0	1.0	1.0	0.96	1.0	1.0	0.98	1.0	1.0	0.94	0.98	1.0	1.0	0.94	1.0
8300	0.98	1.0	1.0	1.0	0.96	1.0	0.98	0.98	1.0	1.0	0.96	0.98	1.0	1.0	0.94	1.0
8350	0.98	1.0	0.98	1.0	0.96	1.0	0.96	0.96	1.0	1.0	0.96	0.98	1.0	1.0	0.96	1.0
8400	0.98	1.0	0.98	1.0	0.96	1.0	0.96	0.94	1.0	0.98	0.96	0.98	1.0	1.0	0.94	1.0
8450	0.98	1.0	0.98	1.0	0.96	1.0	0.96	0.94	1.0	0.98	0.96	0.98	1.0	1.0	0.94	1.0
8500	0.98	1.0	0.96	1.0	0.96	1.0	0.96	0.94	1.0	0.98	0.96	1.0	1.0	1.0	0.94	1.0
8550	0.98	1.0	0.96	1.0	0.98	1.0	0.96	0.96	1.0	0.98	0.96	1.0	1.0	1.0	0.94	1.0
8600	0.98	1.0	0.96	1.0	0.98	1.0	0.96	0.96	1.0	0.98	0.96	1.0	1.0	1.0	0.94	1.0
8650	1.0	1.0	0.96	1.0	0.98	1.0	0.96	0.96	1.0	0.98	0.96	1.0	1.0	1.0	0.94	1.0
8700	1.0	1.0	0.96	1.0	0.98	1.0	0.96	0.96	1.0	0.98	0.96	1.0	1.0	1.0	0.94	1.0
8750	1.0	1.0	0.96	0.98	0.98	1.0	0.96	0.96	1.0	0.96	0.96	1.0	1.0	1.0	0.96	1.0
8800	1.0	1.0	0.96	0.98	0.98	1.0	0.96	0.96	1.0	0.96	0.96	1.0	1.0	1.0	0.96	1.0
8850	1.0	1.0	0.96	0.98	0.98	1.0	0.96	0.94	1.0	0.96	0.96	1.0	1.0	1.0	0.96	1.0
8900	1.0	1.0	0.96	0.98	0.98	1.0	0.96	0.94	1.0	0.96	0.98	1.0	1.0	1.0	0.96	1.0
8950	1.0	1.0	0.96	0.98	0.98	0.98	0.96	0.94	1.0	0.96	0.98	1.0	1.0	1.0	1.0	1.0
9000	1.0	1.0	0.96	0.98	0.96	0.98	1.0	0.94	1.0	0.94	0.98	1.0	1.0	1.0	1.0	1.0
9050	1.0	1.0	0.96	0.98	0.96	0.98	1.0	0.96	1.0	0.94	1.0	1.0	1.0	1.0	1.0	1.0
9100	1.0	1.0	0.96	0.98	0.96	0.98	1.0	0.98	1.0	0.94	1.0	1.0	1.0	1.0	1.0	1.0
9150	1.0	0.98	0.98	0.98	0.96	0.98	1.0	0.98	1.0	0.94	1.0	1.0	1.0	1.0	1.0	1.0
9200	1.0	0.98	0.98	0.98	0.96	0.98	1.0	0.98	1.0	0.94	0.98	1.0	1.0	1.0	1.0	1.0
9250	1.0	0.98	0.98	0.98	0.96	0.98	1.0	0.98	1.0	0.96	0.98	1.0	1.0	1.0	1.0	1.0
9300	1.0	0.98	0.98	0.98	0.98	0.98	1.0	0.98	1.0	0.96	0.98	1.0	1.0	1.0	1.0	1.0
9350	1.0	0.98	1.0	0.98	0.98	0.98	1.0	0.98	1.0	0.96	0.96	1.0	1.0	1.0	1.0	1.0
9400	1.0	0.98	1.0	0.98	0.98	0.98	1.0	0.98	1.0	0.96	0.96	0.98	1.0	1.0	1.0	1.0
9450	1.0	0.98	1.0	0.98	0.98	0.98	1.0	0.98	1.0	0.96	0.96	0.98	1.0	1.0	1.0	1.0
9500	1.0	0.98	1.0	1.0	0.98	1.0	1.0	0.98	1.0	0.96	0.96	0.98	1.0	1.0	1.0	1.0
9550	0.98	0.98	1.0	1.0	0.98	1.0	1.0	0.98	1.0	0.96	0.96	0.98	1.0	1.0	1.0	1.0
9600	0.98	0.98	1.0	1.0	0.98	1.0	1.0	0.98	1.0	0.96	0.96	0.98	1.0	1.0	1.0	1.0
9650	0.98	0.98	1.0	1.0	0.98	1.0	1.0	0.98	1.0	0.96	0.96	0.98	1.0	1.0	1.0	1.0
9700	0.98	0.98	1.0	1.0	0.98	1.0	1.0	0.98	1.0	0.96	0.96	0.98	1.0	1.0	1.0	1.0
9750	0.98	0.98	1.0	1.0	0.98	1.0	1.0	1.0	1.0	0.96	0.96	0.98	1.0	1.0	1.0	1.0
9800	0.98	0.98	1.0	1.0	0.98	1.0	1.0	1.0	1.0	0.98	0.96	0.98	1.0	1.0	1.0	1.0
9850	0.98	1.0	1.0	1.0	0.98	1.0	0.98	1.0	1.0	0.98	0.96	0.98	1.0	1.0	1.0	1.0
9900	0.98	1.0	1.0	1.0	0.98	1.0	0.98	1.0	1.0	0.98	0.98	0.98	1.0	1.0	1.0	1.0
9950	0.98	1.0	1.0	1.0	0.98	1.0	0.98	1.0	1.0	0.98	0.98	0.98	1.0	0.98	1.0	1.0
10000	0.98	1.0	1.0	1.0	0.98	1.0	0.98	1.0	1.0	0.98	1.0	0.98	1.0	0.98	1.0	1.0
10050	0.98	1.0	1.0	0.98	1.0	1.0	0.98	1.0	1.0	0.98	1.0	0.98	1.0	0.98	1.0	1.0
10100	0.98	1.0	1.0	0.98	1.0	1.0	0.98	1.0	1.0	0.98	1.0	1.0	1.0	0.98	1.0	1.0
10150	0.98	1.0	1.0	0.98	1.0	1.0	0.98	1.0	1.0	0.98	1.0	1.0	1.0	0.98	1.0	1.0
10200	0.98	1.0	1.0	0.98	1.0	1.0	0.98	1.0	1.0	0.98	1.0	1.0	1.0	0.98	1.0	1.0
10250	0.98	0.98	1.0	0.98	1.0	1.0	0.98	1.0	1.0	0.98	1.0	1.0	1.0	0.98	1.0	1.0
10300	0.98	0.98	1.0	0.96	1.0	1.0	0.98	1.0	1.0	0.98	1.0	1.0	1.0	0.98	1.0	1.0
10350	0.98	0.98	0.98	0.96	1.0	1.0	0.98	1.0	1.0	0.98	1.0	1.0	1.0	0.98	0.98	1.0
10400	1.0	0.98	0.98	0.96	0.98	1.0	0.98	1.0	1.0	0.98	1.0	1.0	1.0	0.96	0.98	1.0
10450	1.0	0.98	0.98	0.96	0.98	1.0	0.98	1.0	1.0	0.98	1.0	1.0	1.0	0.96	0.98	1.0
10500	1.0	0.98	0.98	0.96	0.98	1.0	0.98	1.0	1.0	0.98	1.0	1.0	1.0	0.96	0.98	0.98
10550	1.0	0.98	0.98	0.96	0.98	1.0	0.98	1.0	1.0	1.0	1.0	1.0	1.0	0.96	0.98	0.98
10600	1.0	0.98	0.98	0.96	0.98	1.0	0.98	1.0	1.0	1.0	1.0	1.0	1.0	0.96	0.98	0.98
10650	1.0	0.98	0.98	0.96	0.98	1.0	1.0	1.0	1.0	1.0	1.0	1.0	1.0	0.96	0.96	0.98
10700	1.0	0.98	0.98	0.96	0.98	1.0	1.0	1.0	1.0	1.0	1.0	1.0	1.0	0.98	0.96	0.98
10750	1.0	0.98	0.98	0.96	0.98	1.0	1.0	1.0	1.0	1.0	1.0	1.0	1.0	0.98	0.96	0.98
10800	1.0	0.98	0.98	0.96	0.98	1.0	1.0	1.0	1.0	1.0	1.0	1.0	1.0	0.98	0.96	0.98
10850	1.0	0.98	0.98	0.98	0.98	1.0	1.0	1.0	1.0	1.0	1.0	1.0	1.0	0.98	0.96	0.98
10900	1.0	0.98	0.98	0.98	0.98	1.0	1.0	1.0	1.0	1.0	1.0	1.0	1.0	0.98	0.96	0.98
10950	1.0	0.98	0.98	1.0	0.98	1.0	1.0	1.0	1.0	1.0	1.0	1.0	1.0	0.98	0.96	0.98
11000	1.0	1.0	0.98	1.0	0.96	1.0	1.0	1.0	1.0	1.0	1.0	1.0	1.0	1.0	0.96	0.98
11050	1.0	1.0	0.98	1.0	0.96	0.98	1.0	1.0	1.0	1.0	1.0	1.0	1.0	1.0	0.96	0.98
11100	1.0	1.0	0.98	1.0	0.96	0.98	1.0	1.0	1.0	1.0	1.0	1.0	1.0	1.0	0.94	0.98
11150	1.0	1.0	0.98	1.0	0.96	0.98	1.0	1.0	1.0	1.0	1.0	1.0	1.0	1.0	0.94	0.98
11200	1.0	1.0	0.98	1.0	0.96	0.98	1.0	1.0	1.0	1.0	1.0	1.0	1.0	1.0	0.94	0.98
11250	1.0	1.0	1.0	1.0	0.96	0.98	1.0	1.0	1.0	1.0	1.0	1.0	1.0	1.0	0.94	0.98
11300	1.0	1.0	1.0	1.0	0.96	0.98	1.0	1.0	1.0	1.0	1.0	1.0	1.0	1.0	0.94	0.98
11350	1.0	0.98	1.0	1.0	0.96	0.98	1.0	1.0	1.0	1.0	1.0	1.0	1.0	1.0	0.94	1.0
11400	1.0	0.98	1.0	1.0	0.98	0.98	1.0	1.0	1.0	1.0	1.0	1.0	1.0	1.0	0.96	1.0
11450	1.0	0.98	1.0	1.0	0.98	0.98	1.0	1.0	1.0	1.0	1.0	1.0	1.0	1.0	0.96	1.0
11500	1.0	0.98	1.0	1.0	0.98	0.98	1.0	1.0	1.0	1.0	1.0	1.0	1.0	1.0	0.96	1.0
11550	1.0	0.96	1.0	1.0	0.98	0.96	1.0	1.0	1.0	1.0	1.0	1.0	1.0	1.0	0.96	1.0
11600	1.0	0.96	1.0	1.0	0.98	0.96	1.0	1.0	1.0	1.0	1.0	1.0	1.0	1.0	0.96	1.0
11650	1.0	0.96	1.0	1.0	0.98	0.94	1.0	1.0	1.0	1.0	0.98	1.0	1.0	1.0	0.96	1.0
11700	1.0	0.96	1.0	1.0	0.98	0.94	1.0	1.0	1.0	1.0	0.96	1.0	1.0	1.0	0.98	1.0
11750	1.0	0.96	1.0	1.0	0.98	0.94	1.0	1.0	1.0	1.0	0.96	1.0	1.0	1.0	0.98	1.0
11800	1.0	0.96	1.0	1.0	0.98	0.96	1.0	1.0	1.0	1.0	0.96	0.98	1.0	1.0	0.98	1.0
11850	1.0	0.96	1.0	1.0	0.98	0.96	1.0	1.0	1.0	1.0	0.96	0.98	1.0	1.0	0.98	1.0
11900	1.0	0.96	1.0	1.0	0.98	0.96	1.0	1.0	1.0	1.0	0.96	0.98	1.0	0.98	0.98	1.0
11950	1.0	0.96	1.0	1.0	0.98	0.96	1.0	1.0	1.0	1.0	0.96	0.98	1.0	0.98	0.98	1.0
12000	1.0	0.96	1.0	1.0	1.0	0.96	1.0	1.0	1.0	1.0	0.96	0.98	1.0	0.98	1.0	1.0
12050	1.0	0.96	1.0	1.0	1.0	0.96	1.0	1.0	1.0	1.0	0.96	0.98	1.0	0.96	1.0	1.0
12100	0.98	0.96	1.0	1.0	1.0	0.96	1.0	1.0	1.0	1.0	0.96	0.98	1.0	0.96	1.0	1.0
12150	0.98	0.96	1.0	1.0	1.0	0.96	1.0	1.0	1.0	1.0	0.96	0.98	1.0	0.96	1.0	1.0
12200	0.98	0.96	1.0	1.0	1.0	0.96	1.0	1.0	1.0	1.0	0.96	0.98	1.0	0.96	1.0	1.0
12250	0.98	0.96	1.0	1.0	1.0	0.96	1.0	1.0	1.0	1.0	0.96	0.98	1.0	0.96	1.0	1.0
12300	0.98	0.96	1.0	1.0	1.0	0.96	1.0	1.0	1.0	1.0	0.96	0.98	1.0	0.96	1.0	1.0
12350	0.98	0.96	1.0	1.0	0.98	0.96	1.0	1.0	1.0	1.0	0.96	0.98	1.0	0.96	1.0	1.0
12400	0.98	0.96	1.0	1.0	0.98	0.96	1.0	1.0	1.0	1.0	0.96	0.98	1.0	0.96	0.98	1.0
12450	0.98	0.96	1.0	1.0	0.98	0.96	1.0	1.0	1.0	1.0	0.96	0.98	1.0	0.96	0.98	1.0
12500	0.98	0.96	1.0	1.0	0.94	0.98	1.0	1.0	1.0	1.0	0.96	0.98	1.0	0.96	0.98	1.0
12550	0.98	0.96	1.0	1.0	0.94	0.98	1.0	1.0	1.0	1.0	0.96	0.98	1.0	0.96	0.98	1.0
12600	0.98	0.96	1.0	1.0	0.94	0.98	1.0	1.0	1.0	1.0	0.98	0.98	1.0	0.96	0.98	1.0
12650	0.98	0.96	1.0	1.0	0.92	0.98	1.0	1.0	1.0	1.0	1.0	1.0	1.0	0.98	0.98	1.0
12700	0.98	0.96	1.0	1.0	0.92	1.0	1.0	1.0	1.0	1.0	1.0	1.0	1.0	0.98	0.98	1.0
12750	0.98	0.96	1.0	1.0	0.92	1.0	1.0	0.98	1.0	1.0	1.0	1.0	1.0	0.98	0.98	1.0
12800	0.98	0.96	1.0	1.0	0.92	1.0	1.0	0.98	1.0	1.0	1.0	1.0	1.0	1.0	0.98	1.0
12850	0.98	0.98	1.0	1.0	0.92	1.0	1.0	0.98	1.0	1.0	1.0	1.0	1.0	1.0	0.98	1.0
12900	0.98	0.98	1.0	1.0	0.92	1.0	1.0	0.98	1.0	1.0	1.0	1.0	1.0	1.0	0.98	1.0
12950	0.98	0.98	1.0	1.0	0.92	1.0	1.0	0.98	1.0	1.0	1.0	1.0	1.0	1.0	0.98	1.0
13000	0.98	0.98	1.0	1.0	0.9	1.0	0.98	0.98	1.0	1.0	1.0	1.0	1.0	1.0	0.98	1.0
13050	0.98	0.98	1.0	1.0	0.9	0.96	0.98	0.98	1.0	1.0	1.0	1.0	1.0	0.98	0.98	1.0
13100	0.98	0.98	1.0	1.0	0.9	0.94	0.98	0.98	1.0	0.98	1.0	0.98	1.0	0.98	1.0	1.0
13150	0.98	0.98	0.98	1.0	0.94	0.94	0.98	0.98	1.0	0.98	1.0	0.98	1.0	0.96	1.0	1.0
13200	0.98	0.98	0.98	1.0	0.94	0.94	0.98	0.98	1.0	0.98	0.98	0.98	1.0	0.96	1.0	1.0
13250	0.98	0.98	0.98	1.0	0.94	0.94	0.98	0.98	0.98	0.98	0.98	0.96	1.0	0.96	1.0	1.0
13300	0.98	0.98	0.98	1.0	0.94	0.94	0.98	0.98	0.98	0.98	0.96	0.96	1.0	0.96	1.0	1.0
13350	0.96	0.98	0.98	1.0	0.96	0.92	0.98	0.98	0.98	0.98	0.96	0.96	1.0	0.96	1.0	1.0
13400	0.96	0.98	0.98	1.0	0.94	0.92	0.98	0.98	0.98	0.98	0.96	0.96	1.0	0.96	1.0	1.0
13450	0.96	0.98	0.96	1.0	0.94	0.92	0.98	0.98	0.98	0.98	0.96	0.96	1.0	0.96	1.0	1.0
13500	0.96	0.98	0.96	1.0	0.94	0.92	0.98	0.98	0.98	0.96	0.96	0.96	1.0	0.96	1.0	1.0
13550	0.96	0.98	0.96	1.0	0.94	0.9	0.98	1.0	0.98	0.96	0.96	0.96	1.0	0.96	1.0	1.0
13600	0.96	0.98	0.96	1.0	0.94	0.9	0.98	1.0	0.98	0.96	0.96	0.96	1.0	0.94	1.0	1.0
13650	0.96	0.98	0.96	1.0	0.98	0.9	0.98	1.0	0.98	0.96	0.96	0.96	1.0	0.94	1.0	1.0
13700	0.96	0.98	0.96	1.0	0.96	0.9	0.98	1.0	0.98	0.96	0.96	0.96	1.0	0.94	1.0	1.0
13750	0.96	0.98	0.96	1.0	0.94	0.94	0.98	1.0	0.98	0.96	0.96	0.96	1.0	0.94	1.0	1.0
13800	0.96	0.98	0.96	1.0	0.94	0.94	0.98	1.0	0.98	0.96	0.96	0.98	1.0	0.94	1.0	1.0
13850	0.96	0.98	0.96	1.0	0.94	0.94	1.0	0.98	0.98	0.96	0.96	0.98	1.0	0.94	1.0	1.0
13900	0.96	0.98	0.96	1.0	0.96	0.94	1.0	0.98	0.98	0.96	0.96	0.98	1.0	0.96	1.0	1.0
13950	0.96	0.98	0.98	1.0	0.96	0.94	1.0	0.98	0.98	0.96	0.98	0.98	1.0	0.96	1.0	1.0
14000	0.96	0.96	0.98	1.0	0.96	0.94	1.0	0.98	0.98	0.96	0.98	1.0	1.0	0.98	1.0	1.0
14050	0.96	0.96	0.98	1.0	0.96	0.94	1.0	0.98	0.98	0.96	1.0	1.0	1.0	0.96	1.0	1.0
14100	0.98	0.96	0.98	1.0	0.96	0.94	1.0	0.98	1.0	0.96	1.0	1.0	1.0	0.96	1.0	1.0
14150	0.98	0.96	0.98	1.0	0.96	0.96	1.0	0.98	1.0	0.96	1.0	1.0	1.0	0.96	1.0	1.0
14200	0.98	0.96	0.98	1.0	0.96	0.96	1.0	0.98	1.0	0.96	1.0	1.0	1.0	0.96	1.0	1.0
14250	1.0	0.96	1.0	1.0	0.94	0.96	1.0	0.96	1.0	0.96	1.0	1.0	1.0	0.96	1.0	1.0
14300	1.0	0.96	1.0	1.0	0.96	0.96	1.0	0.96	1.0	0.98	1.0	1.0	1.0	0.98	1.0	1.0
14350	1.0	0.96	1.0	1.0	0.96	0.96	1.0	0.96	1.0	0.98	1.0	1.0	1.0	0.98	1.0	1.0
14400	1.0	0.96	1.0	1.0	0.96	0.96	1.0	0.96	1.0	0.98	1.0	1.0	1.0	0.98	1.0	1.0
14450	1.0	0.98	1.0	1.0	0.96	0.96	1.0	0.96	1.0	0.98	1.0	1.0	1.0	0.96	1.0	1.0
14500	1.0	0.98	1.0	1.0	0.96	0.96	1.0	0.96	1.0	0.96	1.0	1.0	1.0	0.96	1.0	1.0
14550	1.0	0.98	1.0	1.0	0.96	0.96	1.0	0.98	1.0	0.96	1.0	1.0	1.0	0.96	1.0	1.0
14600	1.0	0.98	1.0	1.0	0.96	0.96	1.0	0.98	1.0	0.98	1.0	1.0	1.0	0.96	1.0	1.0
14650	1.0	0.98	1.0	1.0	0.94	0.98	1.0	0.98	1.0	0.98	1.0	1.0	1.0	0.96	1.0	1.0
14700	1.0	0.96	1.0	1.0	0.94	0.98	1.0	0.98	1.0	0.96	1.0	1.0	1.0	0.96	1.0	1.0
14750	1.0	0.96	1.0	1.0	0.94	0.98	1.0	0.98	1.0	0.96	1.0	1.0	1.0	0.98	1.0	1.0
14800	1.0	0.96	1.0	1.0	0.94	0.98	1.0	0.98	1.0	0.96	1.0	1.0	1.0	0.98	1.0	1.0
14850	1.0	0.98	1.0	1.0	0.94	0.98	1.0	0.98	1.0	0.96	1.0	1.0	1.0	0.98	1.0	1.0
14900	1.0	0.98	1.0	1.0	0.94	0.98	1.0	0.98	1.0	0.96	1.0	1.0	1.0	0.98	1.0	1.0
14950	1.0	0.98	1.0	1.0	0.94	0.98	1.0	1.0	1.0	0.96	1.0	1.0	1.0	0.98	1.0	1.0
15000	1.0	0.98	1.0	1.0	0.96	0.98	1.0	1.0	1.0	0.96	1.0	1.0	1.0	0.98	1.0	1.0
15050	1.0	0.98	1.0	1.0	0.94	0.98	1.0	1.0	1.0	0.96	1.0	1.0	1.0	0.98	1.0	1.0
15100	1.0	0.98	1.0	1.0	0.92	1.0	1.0	1.0	1.0	0.96	1.0	1.0	1.0	0.98	1.0	1.0
15150	1.0	0.98	1.0	1.0	0.92	1.0	1.0	0.98	1.0	0.96	1.0	0.98	1.0	0.98	1.0	1.0
15200	1.0	0.98	0.98	1.0	0.94	1.0	1.0	0.98	1.0	0.96	1.0	0.98	1.0	0.96	1.0	1.0
15250	1.0	0.98	0.98	1.0	0.92	1.0	1.0	0.98	1.0	0.96	1.0	0.98	1.0	0.98	1.0	1.0
15300	1.0	0.98	0.98	1.0	0.92	1.0	1.0	0.98	1.0	0.96	1.0	0.98	1.0	0.98	1.0	1.0
15350	1.0	0.98	0.98	1.0	0.92	0.98	1.0	0.96	1.0	0.98	1.0	0.98	1.0	0.98	1.0	1.0
15400	1.0	0.98	0.98	1.0	0.94	0.98	1.0	0.96	1.0	0.98	1.0	0.98	1.0	0.98	1.0	1.0
15450	1.0	0.98	0.98	1.0	0.94	0.98	1.0	0.96	1.0	0.98	1.0	0.98	1.0	0.98	1.0	1.0
15500	1.0	0.98	0.98	0.98	0.94	0.98	1.0	0.96	1.0	0.98	1.0	0.98	1.0	0.96	1.0	1.0
15550	1.0	0.98	0.98	0.98	0.94	0.98	1.0	0.94	1.0	1.0	1.0	0.98	1.0	0.96	1.0	1.0
15600	1.0	0.98	0.98	0.98	0.94	0.98	1.0	0.94	1.0	1.0	1.0	0.98	1.0	0.96	1.0	1.0
15650	1.0	0.98	0.98	0.98	0.94	0.98	1.0	0.94	1.0	1.0	1.0	0.98	1.0	0.96	1.0	1.0
15700	1.0	0.98	0.96	0.98	0.94	0.98	1.0	0.94	1.0	0.98	0.98	0.98	1.0	0.96	1.0	1.0
15750	1.0	1.0	0.96	0.98	0.94	0.98	1.0	0.94	1.0	0.98	0.98	0.98	1.0	0.96	1.0	1.0
15800	1.0	1.0	0.96	0.98	0.92	0.98	1.0	0.96	1.0	0.98	0.98	0.98	1.0	0.96	1.0	1.0
15850	1.0	1.0	0.96	0.98	0.94	0.98	1.0	0.96	1.0	0.98	0.98	0.98	1.0	0.96	1.0	1.0
15900	0.98	1.0	0.96	0.98	0.94	0.98	1.0	0.96	1.0	0.98	0.98	0.98	1.0	0.96	1.0	1.0
15950	0.98	1.0	0.96	0.98	0.94	0.98	1.0	0.96	1.0	0.98	0.98	0.96	1.0	0.96	1.0	1.0
16000	0.96	1.0	0.96	0.98	0.96	0.98	1.0	0.96	1.0	0.98	0.98	0.98	1.0	0.96	1.0	1.0
16050	0.96	1.0	0.96	0.98	0.96	1.0	1.0	0.96	1.0	0.98	0.98	0.98	1.0	0.98	1.0	1.0
16100	0.96	1.0	0.96	0.98	0.96	1.0	1.0	0.98	1.0	0.98	0.98	0.98	1.0	0.98	1.0	1.0
16150	0.94	1.0	0.96	0.98	0.96	1.0	1.0	0.98	1.0	0.98	0.98	0.98	1.0	0.98	1.0	1.0
16200	0.94	1.0	0.96	0.98	0.96	1.0	1.0	1.0	1.0	0.98	0.98	0.98	1.0	1.0	1.0	1.0
16250	0.94	1.0	0.96	0.98	0.96	1.0	1.0	1.0	1.0	0.98	0.98	0.98	1.0	1.0	1.0	1.0
16300	0.94	1.0	0.96	1.0	0.96	1.0	1.0	1.0	0.98	0.98	0.98	0.98	1.0	1.0	1.0	1.0
16350	0.94	1.0	0.98	1.0	0.94	1.0	1.0	1.0	0.98	0.98	0.98	0.98	1.0	1.0	1.0	1.0
16400	0.94	1.0	0.98	1.0	0.92	1.0	1.0	1.0	0.98	0.98	0.98	0.98	1.0	1.0	1.0	1.0
16450	0.94	1.0	0.98	1.0	0.92	1.0	1.0	1.0	0.98	0.98	0.96	0.98	1.0	1.0	1.0	1.0
16500	0.94	1.0	0.98	1.0	0.94	1.0	1.0	1.0	0.98	1.0	0.96	0.98	1.0	1.0	1.0	1.0
16550	0.94	1.0	0.98	1.0	0.94	1.0	1.0	1.0	0.98	1.0	0.96	0.96	1.0	0.98	1.0	1.0
16600	0.96	1.0	0.98	1.0	0.94	1.0	1.0	1.0	0.98	0.98	0.96	0.96	1.0	0.98	1.0	1.0
16650	0.96	1.0	1.0	1.0	0.92	1.0	1.0	1.0	0.98	0.98	0.96	0.98	1.0	0.98	1.0	1.0
16700	0.98	1.0	1.0	1.0	0.92	1.0	1.0	1.0	0.98	0.96	0.96	0.98	1.0	0.98	1.0	1.0
16750	0.98	1.0	1.0	1.0	0.92	1.0	1.0	1.0	0.98	0.96	0.96	0.98	1.0	0.96	1.0	1.0
16800	0.98	1.0	1.0	1.0	0.92	1.0	1.0	1.0	0.98	0.96	0.96	0.98	1.0	0.96	1.0	1.0
16850	1.0	1.0	1.0	1.0	0.92	1.0	1.0	1.0	0.98	0.96	0.96	0.98	1.0	0.96	1.0	1.0
16900	1.0	1.0	1.0	1.0	0.92	1.0	1.0	1.0	0.98	0.96	0.96	0.98	1.0	0.96	1.0	1.0
16950	1.0	1.0	1.0	1.0	0.92	1.0	1.0	1.0	0.98	0.96	0.96	0.98	1.0	0.96	1.0	1.0
17000	1.0	1.0	1.0	1.0	0.92	1.0	1.0	1.0	0.98	0.96	0.98	0.98	1.0	0.96	1.0	1.0
17050	1.0	1.0	0.98	1.0	0.92	1.0	1.0	1.0	0.98	0.94	0.98	0.98	1.0	0.96	1.0	1.0
17100	1.0	1.0	0.98	1.0	0.92	1.0	1.0	1.0	0.96	0.94	1.0	0.98	1.0	0.96	1.0	1.0
17150	1.0	1.0	0.98	1.0	0.92	1.0	1.0	1.0	0.98	0.94	1.0	0.98	0.98	0.96	1.0	1.0
17200	1.0	1.0	0.98	1.0	0.9	1.0	1.0	1.0	0.98	0.94	1.0	0.98	0.98	0.96	1.0	1.0
17250	1.0	1.0	0.98	1.0	0.9	1.0	1.0	1.0	0.96	0.94	1.0	0.98	0.98	0.96	1.0	1.0
17300	1.0	1.0	0.98	1.0	0.94	1.0	1.0	1.0	0.96	0.94	1.0	1.0	0.98	0.96	1.0	1.0
17350	1.0	1.0	0.98	1.0	0.94	1.0	1.0	1.0	0.96	0.94	1.0	1.0	0.98	0.98	1.0	1.0
17400	1.0	1.0	0.96	1.0	0.92	1.0	1.0	1.0	0.94	0.94	1.0	1.0	0.98	0.98	1.0	1.0
17450	1.0	1.0	0.96	1.0	0.94	1.0	1.0	1.0	0.94	0.96	1.0	1.0	0.98	1.0	1.0	1.0
17500	1.0	1.0	0.96	1.0	0.94	1.0	1.0	1.0	0.94	0.96	1.0	1.0	0.98	1.0	1.0	1.0
17550	1.0	1.0	0.96	1.0	0.94	1.0	1.0	1.0	0.92	0.98	1.0	1.0	0.98	1.0	1.0	1.0
17600	1.0	1.0	0.96	1.0	0.94	1.0	1.0	1.0	0.92	0.98	1.0	1.0	0.98	1.0	1.0	1.0
17650	1.0	1.0	0.96	1.0	0.94	0.98	1.0	1.0	0.92	0.98	1.0	1.0	0.98	1.0	1.0	1.0
17700	1.0	1.0	0.96	1.0	0.94	0.98	1.0	1.0	0.94	0.98	1.0	1.0	0.98	1.0	1.0	1.0
17750	1.0	1.0	0.96	1.0	0.92	0.98	1.0	1.0	0.94	0.98	1.0	1.0	0.98	1.0	1.0	1.0
17800	1.0	1.0	0.96	1.0	0.9	0.98	1.0	1.0	0.94	0.98	1.0	1.0	1.0	1.0	1.0	1.0
17850	1.0	1.0	0.96	1.0	0.9	0.98	1.0	1.0	0.94	0.98	1.0	1.0	1.0	1.0	1.0	1.0
17900	0.98	1.0	0.94	1.0	0.92	0.98	1.0	1.0	0.94	0.98	1.0	1.0	1.0	1.0	1.0	1.0
17950	0.98	1.0	0.94	1.0	0.92	0.98	1.0	1.0	0.94	1.0	1.0	0.98	1.0	1.0	1.0	1.0
18000	0.98	1.0	0.94	1.0	0.9	0.98	1.0	1.0	0.94	1.0	1.0	0.98	1.0	1.0	1.0	1.0
18050	0.98	1.0	0.96	1.0	0.9	0.98	1.0	1.0	0.94	0.98	1.0	0.98	1.0	1.0	1.0	1.0
18100	0.98	1.0	0.96	1.0	0.9	0.98	1.0	1.0	0.94	0.98	1.0	0.98	1.0	0.98	1.0	1.0
18150	0.98	1.0	0.96	1.0	0.92	0.98	1.0	1.0	0.92	0.98	1.0	0.98	1.0	0.98	1.0	1.0
18200	0.98	0.98	0.98	1.0	0.92	0.98	1.0	1.0	0.94	0.98	1.0	0.98	1.0	0.98	1.0	1.0
18250	0.98	0.98	0.96	1.0	0.92	0.98	1.0	1.0	0.94	0.98	1.0	0.98	1.0	0.98	1.0	1.0
18300	0.98	0.98	0.96	1.0	0.94	0.96	1.0	1.0	0.94	0.98	1.0	0.98	1.0	0.98	1.0	1.0
18350	0.98	0.98	0.96	1.0	0.94	0.96	1.0	1.0	0.94	0.98	1.0	0.96	1.0	0.98	1.0	1.0
18400	0.98	0.98	0.96	1.0	0.94	0.96	1.0	1.0	0.94	0.98	1.0	0.96	1.0	0.98	1.0	1.0
18450	0.98	0.98	0.98	1.0	0.92	0.96	1.0	1.0	0.92	0.98	1.0	0.96	1.0	0.96	1.0	1.0
18500	0.98	0.98	0.98	1.0	0.9	0.96	0.98	1.0	0.92	0.96	1.0	0.94	1.0	0.96	1.0	1.0
18550	0.98	0.98	0.98	1.0	0.9	0.96	0.98	1.0	0.94	0.96	1.0	0.94	1.0	0.96	1.0	1.0
18600	0.98	0.98	0.98	1.0	0.9	0.96	0.98	1.0	0.94	0.96	1.0	0.94	1.0	0.96	1.0	1.0
18650	0.98	0.96	0.98	1.0	0.88	0.96	0.98	1.0	0.94	0.96	1.0	0.94	1.0	0.96	1.0	1.0
18700	0.98	0.96	0.98	1.0	0.88	0.96	0.98	1.0	0.94	0.96	1.0	0.96	1.0	0.96	1.0	1.0
18750	1.0	0.96	0.98	1.0	0.9	0.96	0.98	1.0	0.92	0.96	1.0	0.96	1.0	0.98	1.0	1.0
18800	1.0	0.96	0.98	1.0	0.9	0.96	0.98	1.0	0.92	0.96	1.0	0.96	1.0	0.96	1.0	1.0
18850	1.0	0.96	0.98	1.0	0.9	0.96	0.98	1.0	0.92	0.98	1.0	0.96	0.98	0.96	1.0	1.0
18900	1.0	0.96	0.98	1.0	0.9	0.96	0.98	1.0	0.94	0.98	1.0	0.96	0.98	0.96	1.0	1.0
18950	1.0	0.96	0.98	1.0	0.9	0.96	0.98	1.0	0.94	0.98	1.0	0.96	0.96	0.96	1.0	1.0
19000	1.0	0.96	1.0	1.0	0.88	0.96	0.98	1.0	0.94	0.98	1.0	0.96	0.94	0.96	1.0	1.0
19050	1.0	0.96	1.0	1.0	0.84	0.96	0.98	1.0	0.94	0.98	1.0	0.96	0.94	0.96	1.0	1.0
19100	1.0	0.96	1.0	1.0	0.84	0.96	0.98	0.98	0.94	0.98	1.0	0.96	0.92	0.96	1.0	1.0
19150	1.0	0.96	1.0	1.0	0.84	0.98	1.0	0.98	0.96	0.98	1.0	0.98	0.92	0.96	1.0	1.0
19200	1.0	0.96	1.0	1.0	0.84	0.98	1.0	0.98	0.96	0.98	1.0	0.98	0.92	0.96	1.0	1.0
19250	1.0	0.96	1.0	1.0	0.84	0.98	1.0	0.98	0.94	0.98	1.0	1.0	0.92	0.96	1.0	1.0
19300	1.0	0.96	1.0	1.0	0.86	0.98	1.0	0.98	0.94	1.0	1.0	1.0	0.92	0.96	1.0	1.0
19350	1.0	0.96	1.0	1.0	0.86	0.98	1.0	0.98	0.94	1.0	1.0	1.0	0.92	0.96	1.0	1.0
19400	0.98	0.96	1.0	1.0	0.84	0.98	1.0	0.98	0.94	1.0	1.0	1.0	0.92	0.96	1.0	1.0
19450	0.98	0.96	1.0	1.0	0.84	0.98	1.0	0.98	0.96	1.0	1.0	1.0	0.92	0.96	1.0	1.0
19500	0.98	0.96	1.0	1.0	0.86	0.98	1.0	0.98	0.98	1.0	1.0	1.0	0.9	0.94	1.0	1.0
19550	0.98	0.98	1.0	1.0	0.86	0.98	1.0	0.98	0.98	1.0	1.0	1.0	0.9	0.94	1.0	1.0
19600	0.98	0.98	0.98	1.0	0.86	1.0	1.0	0.98	0.98	1.0	1.0	0.98	0.9	0.94	1.0	1.0
19650	0.98	0.98	0.98	1.0	0.86	1.0	1.0	0.98	0.98	1.0	1.0	0.98	0.9	0.96	1.0	1.0
19700	0.98	0.98	0.98	0.98	0.86	1.0	1.0	0.98	0.98	0.98	1.0	0.98	0.92	0.96	1.0	1.0
19750	0.98	0.98	0.98	0.98	0.86	1.0	1.0	0.98	0.98	0.98	1.0	0.98	0.9	0.96	1.0	1.0
19800	0.98	0.98	0.98	0.98	0.88	1.0	0.98	0.98	0.98	0.96	1.0	0.96	0.92	0.96	1.0	1.0
19850	0.98	0.98	0.98	0.98	0.92	1.0	0.98	0.98	1.0	0.96	1.0	0.96	0.9	0.98	1.0	1.0
19900	0.98	0.96	0.98	0.98	0.9	1.0	0.98	1.0	1.0	0.96	1.0	0.94	0.9	0.98	1.0	1.0
19950	0.98	0.96	0.98	0.98	0.9	1.0	0.98	1.0	1.0	0.94	1.0	0.94	0.9	0.98	1.0	1.0
20000	0.98	0.98	0.98	0.98	0.92	1.0	0.98	1.0	1.0	0.94	1.0	0.94	0.9	0.98	1.0	1.0
