0	0.0	0.0	0.0	0.0	0.0	0.0	0.0	0.0	0.0	0.0	0.0	0.0	0.0	0.0	0.0	0.0
50	0.0	0.0	0.0	0.0	0.0	0.0	0.0	0.0	0.0	0.0	0.0	0.0	0.0	0.0	0.0	0.0
100	0.0	0.0	0.0	0.0	0.0	0.166666666667	0.0	0.0	0.0	0.0	0.0	0.0769230769231	0.0909090909091	0.0	0.0625	0.0
150	0.0714285714286	0.0	0.0	0.0	0.0526315789474	0.181818181818	0.0	0.0	0.0	0.0	0.0	0.12	0.210526315789	0.0869565217391	0.0454545454545	0.0
200	0.111111111111	0.0	0.0	0.0322580645161	0.037037037037	0.166666666667	0.0	0.0357142857143	0.0	0.0	0.0	0.0967741935484	0.227272727273	0.129032258065	0.0322580645161	0.0434782608696
250	0.130434782609	0.0357142857143	0.0540540540541	0.0810810810811	0.0322580645161	0.142857142857	0.0416666666667	0.0810810810811	0.0512820512821	0.0	0.0	0.0857142857143	0.192307692308	0.170731707317	0.0714285714286	0.0344827586207
300	0.148148148148	0.0333333333333	0.047619047619	0.0666666666667	0.0243902439024	0.12	0.0333333333333	0.0909090909091	0.06	0.0	0.0	0.116279069767	0.189189189189	0.166666666667	0.0833333333333	0.0666666666667
350	0.114285714286	0.0277777777778	0.06	0.1	0.0217391304348	0.0909090909091	0.0526315789474	0.130434782609	0.08	0.0	0.0	0.106382978723	0.222222222222	0.28	0.12	0.0606060606061
400	0.125	0.0243902439024	0.1	0.16	0.06	0.135135135135	0.0816326530612	0.12	0.12	0.0232558139535	0.025	0.1	0.224489795918	0.32	0.18	0.05
450	0.152173913043	0.0666666666667	0.16	0.18	0.06	0.113636363636	0.08	0.12	0.12	0.0208333333333	0.0454545454545	0.1	0.26	0.34	0.18	0.0681818181818
500	0.2	0.06	0.18	0.22	0.1	0.16	0.14	0.16	0.12	0.06	0.04	0.12	0.28	0.36	0.2	0.102040816327
550	0.24	0.14	0.26	0.26	0.18	0.16	0.2	0.18	0.12	0.06	0.06	0.12	0.28	0.32	0.18	0.14
600	0.22	0.14	0.22	0.26	0.22	0.16	0.2	0.24	0.12	0.1	0.08	0.14	0.28	0.3	0.18	0.16
650	0.26	0.14	0.26	0.24	0.3	0.26	0.22	0.24	0.14	0.12	0.08	0.2	0.28	0.36	0.2	0.16
700	0.3	0.2	0.3	0.28	0.3	0.3	0.24	0.3	0.18	0.18	0.18	0.22	0.32	0.4	0.26	0.16
750	0.3	0.24	0.32	0.28	0.34	0.3	0.26	0.3	0.18	0.2	0.2	0.26	0.38	0.36	0.28	0.16
800	0.34	0.26	0.3	0.28	0.34	0.32	0.26	0.28	0.2	0.26	0.22	0.26	0.38	0.36	0.3	0.2
850	0.34	0.24	0.32	0.28	0.34	0.4	0.28	0.3	0.2	0.28	0.24	0.26	0.36	0.38	0.32	0.2
900	0.34	0.24	0.28	0.3	0.34	0.4	0.3	0.38	0.2	0.32	0.28	0.24	0.34	0.36	0.3	0.26
950	0.34	0.22	0.3	0.26	0.34	0.42	0.28	0.36	0.28	0.34	0.32	0.22	0.34	0.38	0.36	0.26
1000	0.3	0.26	0.3	0.24	0.34	0.46	0.3	0.36	0.28	0.38	0.34	0.24	0.34	0.36	0.38	0.24
1050	0.34	0.18	0.28	0.26	0.3	0.48	0.3	0.36	0.26	0.44	0.34	0.18	0.28	0.32	0.38	0.28
1100	0.42	0.18	0.22	0.28	0.3	0.5	0.32	0.36	0.34	0.52	0.36	0.14	0.3	0.28	0.34	0.44
1150	0.4	0.18	0.2	0.26	0.3	0.5	0.3	0.34	0.36	0.48	0.38	0.16	0.32	0.34	0.38	0.44
1200	0.46	0.18	0.24	0.24	0.28	0.52	0.3	0.34	0.4	0.52	0.44	0.2	0.34	0.34	0.32	0.44
1250	0.5	0.18	0.28	0.26	0.34	0.52	0.38	0.38	0.48	0.58	0.48	0.3	0.5	0.4	0.42	0.44
1300	0.56	0.22	0.34	0.26	0.38	0.52	0.4	0.44	0.48	0.58	0.5	0.38	0.48	0.44	0.46	0.54
1350	0.54	0.26	0.34	0.3	0.34	0.52	0.4	0.42	0.52	0.6	0.46	0.36	0.5	0.48	0.48	0.56
1400	0.52	0.28	0.4	0.34	0.4	0.5	0.42	0.44	0.52	0.56	0.48	0.42	0.52	0.52	0.52	0.54
1450	0.48	0.28	0.44	0.34	0.42	0.46	0.42	0.46	0.5	0.56	0.48	0.48	0.52	0.56	0.52	0.54
1500	0.5	0.32	0.46	0.34	0.46	0.44	0.42	0.5	0.5	0.56	0.5	0.54	0.56	0.52	0.56	0.48
1550	0.48	0.34	0.46	0.34	0.4	0.42	0.42	0.5	0.5	0.52	0.52	0.46	0.56	0.52	0.52	0.5
1600	0.5	0.32	0.46	0.36	0.34	0.44	0.4	0.52	0.48	0.5	0.5	0.46	0.42	0.44	0.54	0.52
1650	0.46	0.28	0.42	0.32	0.32	0.46	0.4	0.48	0.5	0.52	0.48	0.42	0.42	0.4	0.52	0.52
1700	0.44	0.36	0.4	0.36	0.38	0.46	0.42	0.48	0.56	0.4	0.42	0.44	0.38	0.4	0.5	0.48
1750	0.48	0.32	0.38	0.32	0.32	0.44	0.38	0.48	0.56	0.38	0.44	0.4	0.34	0.4	0.5	0.42
1800	0.5	0.32	0.42	0.36	0.32	0.42	0.46	0.54	0.56	0.32	0.44	0.4	0.34	0.36	0.46	0.4
1850	0.48	0.36	0.38	0.38	0.34	0.5	0.52	0.52	0.56	0.32	0.48	0.38	0.3	0.36	0.46	0.4
1900	0.5	0.38	0.44	0.44	0.4	0.56	0.52	0.52	0.56	0.36	0.5	0.42	0.34	0.42	0.52	0.38
1950	0.54	0.34	0.48	0.46	0.42	0.6	0.54	0.52	0.62	0.3	0.52	0.36	0.32	0.42	0.54	0.4
2000	0.54	0.4	0.52	0.46	0.42	0.54	0.6	0.5	0.6	0.24	0.5	0.36	0.34	0.46	0.54	0.38
2050	0.54	0.32	0.5	0.46	0.48	0.52	0.64	0.54	0.62	0.26	0.46	0.34	0.34	0.4	0.5	0.4
2100	0.54	0.3	0.42	0.42	0.46	0.5	0.64	0.54	0.58	0.22	0.46	0.34	0.34	0.4	0.5	0.4
2150	0.44	0.32	0.34	0.36	0.48	0.5	0.66	0.58	0.58	0.26	0.5	0.38	0.4	0.36	0.48	0.44
2200	0.42	0.26	0.3	0.28	0.5	0.52	0.66	0.56	0.56	0.32	0.52	0.38	0.38	0.38	0.5	0.46
2250	0.4	0.32	0.28	0.22	0.48	0.48	0.6	0.52	0.58	0.38	0.58	0.38	0.42	0.36	0.46	0.46
2300	0.42	0.34	0.28	0.2	0.48	0.46	0.58	0.58	0.62	0.42	0.54	0.36	0.4	0.3	0.5	0.44
2350	0.4	0.38	0.28	0.24	0.42	0.42	0.54	0.58	0.64	0.42	0.52	0.44	0.4	0.28	0.5	0.46
2400	0.38	0.34	0.26	0.26	0.4	0.44	0.56	0.6	0.64	0.44	0.52	0.48	0.46	0.36	0.54	0.44
2450	0.36	0.42	0.32	0.26	0.4	0.48	0.52	0.56	0.66	0.5	0.52	0.5	0.48	0.38	0.54	0.46
2500	0.34	0.44	0.36	0.28	0.44	0.46	0.52	0.56	0.64	0.54	0.56	0.5	0.5	0.38	0.54	0.48
2550	0.4	0.44	0.4	0.28	0.42	0.44	0.54	0.54	0.64	0.54	0.54	0.48	0.44	0.42	0.58	0.42
2600	0.4	0.46	0.4	0.32	0.4	0.42	0.48	0.5	0.62	0.52	0.58	0.42	0.42	0.42	0.58	0.42
2650	0.36	0.38	0.34	0.34	0.38	0.44	0.46	0.48	0.6	0.52	0.56	0.38	0.4	0.38	0.48	0.48
2700	0.42	0.36	0.4	0.34	0.38	0.44	0.44	0.48	0.54	0.56	0.6	0.4	0.34	0.34	0.44	0.48
2750	0.42	0.36	0.38	0.36	0.4	0.48	0.44	0.48	0.58	0.54	0.54	0.38	0.34	0.3	0.44	0.48
2800	0.42	0.36	0.34	0.32	0.36	0.54	0.48	0.5	0.6	0.54	0.52	0.38	0.28	0.28	0.48	0.46
2850	0.42	0.36	0.32	0.32	0.36	0.54	0.48	0.52	0.58	0.52	0.56	0.36	0.32	0.28	0.46	0.42
2900	0.4	0.34	0.36	0.34	0.38	0.54	0.5	0.52	0.58	0.52	0.52	0.38	0.36	0.26	0.46	0.44
2950	0.36	0.32	0.32	0.36	0.38	0.5	0.44	0.5	0.62	0.54	0.52	0.34	0.36	0.24	0.4	0.4
3000	0.36	0.4	0.38	0.36	0.42	0.48	0.42	0.52	0.64	0.52	0.52	0.44	0.46	0.26	0.42	0.36
3050	0.34	0.42	0.38	0.36	0.42	0.48	0.46	0.58	0.64	0.54	0.54	0.48	0.48	0.28	0.42	0.38
3100	0.38	0.44	0.34	0.3	0.42	0.46	0.5	0.6	0.66	0.52	0.54	0.54	0.52	0.32	0.48	0.38
3150	0.4	0.46	0.34	0.34	0.4	0.52	0.54	0.56	0.6	0.5	0.54	0.56	0.56	0.34	0.5	0.38
3200	0.4	0.4	0.36	0.32	0.44	0.5	0.52	0.52	0.6	0.52	0.52	0.56	0.6	0.36	0.56	0.42
3250	0.4	0.4	0.36	0.34	0.36	0.44	0.54	0.54	0.6	0.6	0.56	0.48	0.6	0.36	0.54	0.42
3300	0.38	0.36	0.36	0.3	0.32	0.52	0.58	0.54	0.6	0.58	0.54	0.46	0.66	0.38	0.52	0.44
3350	0.46	0.44	0.36	0.26	0.3	0.56	0.58	0.54	0.54	0.58	0.56	0.56	0.66	0.34	0.52	0.46
3400	0.46	0.42	0.36	0.26	0.3	0.58	0.54	0.5	0.5	0.56	0.58	0.52	0.64	0.42	0.5	0.42
3450	0.42	0.44	0.36	0.26	0.3	0.48	0.5	0.52	0.5	0.56	0.56	0.5	0.62	0.38	0.44	0.42
3500	0.42	0.46	0.4	0.28	0.3	0.48	0.48	0.46	0.52	0.54	0.56	0.5	0.58	0.36	0.46	0.38
3550	0.4	0.42	0.36	0.32	0.34	0.42	0.48	0.46	0.54	0.5	0.58	0.52	0.54	0.38	0.4	0.38
3600	0.42	0.4	0.34	0.36	0.4	0.44	0.46	0.42	0.54	0.48	0.56	0.64	0.48	0.36	0.38	0.38
3650	0.46	0.42	0.32	0.38	0.48	0.48	0.52	0.48	0.56	0.48	0.56	0.64	0.52	0.32	0.42	0.42
3700	0.48	0.46	0.36	0.38	0.44	0.54	0.54	0.54	0.56	0.48	0.6	0.6	0.5	0.38	0.44	0.48
3750	0.48	0.52	0.38	0.4	0.5	0.54	0.56	0.62	0.58	0.52	0.56	0.6	0.52	0.36	0.46	0.5
3800	0.5	0.44	0.42	0.4	0.5	0.6	0.56	0.62	0.62	0.54	0.52	0.58	0.56	0.34	0.46	0.5
3850	0.52	0.5	0.46	0.4	0.58	0.58	0.56	0.64	0.6	0.52	0.5	0.62	0.56	0.3	0.46	0.52
3900	0.5	0.52	0.44	0.44	0.56	0.62	0.62	0.62	0.6	0.54	0.52	0.64	0.6	0.36	0.5	0.52
3950	0.52	0.48	0.52	0.44	0.52	0.64	0.54	0.5	0.58	0.56	0.5	0.64	0.6	0.42	0.54	0.48
4000	0.5	0.48	0.54	0.44	0.52	0.6	0.5	0.5	0.6	0.56	0.4	0.64	0.58	0.42	0.54	0.48
4050	0.46	0.54	0.58	0.44	0.42	0.58	0.42	0.46	0.56	0.58	0.42	0.62	0.58	0.42	0.52	0.46
4100	0.44	0.54	0.56	0.48	0.46	0.5	0.38	0.46	0.5	0.5	0.38	0.58	0.62	0.48	0.5	0.42
4150	0.34	0.54	0.54	0.5	0.42	0.48	0.38	0.46	0.52	0.46	0.42	0.54	0.56	0.48	0.46	0.38
4200	0.3	0.54	0.52	0.48	0.36	0.42	0.38	0.48	0.56	0.46	0.44	0.56	0.6	0.5	0.48	0.32
4250	0.32	0.6	0.52	0.48	0.38	0.38	0.4	0.5	0.54	0.44	0.44	0.56	0.56	0.5	0.5	0.32
4300	0.34	0.56	0.48	0.52	0.42	0.42	0.4	0.5	0.58	0.48	0.44	0.54	0.58	0.46	0.46	0.36
4350	0.32	0.56	0.52	0.5	0.4	0.38	0.42	0.56	0.54	0.46	0.44	0.54	0.58	0.44	0.48	0.4
4400	0.4	0.56	0.5	0.48	0.42	0.42	0.42	0.54	0.52	0.46	0.44	0.6	0.58	0.46	0.48	0.38
4450	0.4	0.56	0.5	0.5	0.44	0.42	0.42	0.54	0.52	0.44	0.42	0.6	0.56	0.44	0.5	0.4
4500	0.42	0.52	0.48	0.44	0.38	0.4	0.44	0.52	0.58	0.48	0.46	0.6	0.54	0.46	0.54	0.38
4550	0.42	0.48	0.5	0.38	0.38	0.4	0.46	0.52	0.56	0.5	0.46	0.56	0.52	0.42	0.48	0.42
4600	0.48	0.5	0.5	0.42	0.4	0.44	0.5	0.46	0.56	0.5	0.46	0.54	0.5	0.42	0.52	0.38
4650	0.5	0.44	0.48	0.4	0.32	0.44	0.48	0.46	0.48	0.54	0.46	0.48	0.48	0.4	0.5	0.42
4700	0.48	0.44	0.48	0.38	0.3	0.44	0.48	0.46	0.48	0.46	0.4	0.46	0.48	0.4	0.5	0.38
4750	0.46	0.4	0.44	0.36	0.34	0.46	0.52	0.46	0.48	0.46	0.38	0.4	0.48	0.42	0.48	0.36
4800	0.48	0.4	0.44	0.38	0.3	0.48	0.54	0.5	0.46	0.48	0.44	0.36	0.48	0.44	0.46	0.38
4850	0.44	0.44	0.44	0.38	0.36	0.5	0.54	0.46	0.44	0.54	0.46	0.4	0.44	0.4	0.48	0.34
4900	0.44	0.44	0.42	0.38	0.42	0.56	0.54	0.44	0.44	0.54	0.48	0.4	0.44	0.36	0.46	0.32
4950	0.4	0.48	0.42	0.42	0.4	0.52	0.56	0.5	0.48	0.5	0.5	0.42	0.42	0.38	0.48	0.34
5000	0.44	0.48	0.38	0.38	0.36	0.52	0.56	0.5	0.54	0.48	0.5	0.44	0.44	0.34	0.48	0.38
5050	0.46	0.52	0.42	0.36	0.38	0.54	0.54	0.52	0.58	0.48	0.54	0.44	0.44	0.38	0.5	0.38
5100	0.46	0.52	0.42	0.32	0.36	0.54	0.52	0.52	0.58	0.5	0.56	0.44	0.42	0.38	0.48	0.42
5150	0.44	0.5	0.4	0.3	0.34	0.54	0.52	0.56	0.54	0.54	0.56	0.46	0.48	0.34	0.42	0.4
5200	0.48	0.48	0.4	0.34	0.42	0.54	0.5	0.58	0.6	0.54	0.56	0.48	0.54	0.42	0.42	0.36
5250	0.46	0.48	0.42	0.36	0.4	0.54	0.5	0.54	0.56	0.54	0.58	0.48	0.56	0.46	0.42	0.32
5300	0.48	0.46	0.4	0.42	0.4	0.54	0.52	0.54	0.52	0.46	0.54	0.44	0.56	0.56	0.42	0.34
5350	0.52	0.4	0.38	0.44	0.44	0.56	0.54	0.56	0.52	0.56	0.56	0.44	0.58	0.56	0.44	0.4
5400	0.54	0.36	0.32	0.44	0.44	0.56	0.6	0.52	0.46	0.58	0.52	0.42	0.6	0.5	0.36	0.4
5450	0.54	0.4	0.34	0.48	0.5	0.52	0.62	0.52	0.54	0.62	0.58	0.4	0.64	0.5	0.4	0.46
5500	0.52	0.4	0.38	0.54	0.48	0.46	0.6	0.52	0.56	0.64	0.6	0.44	0.66	0.54	0.4	0.44
5550	0.5	0.46	0.4	0.62	0.52	0.48	0.58	0.5	0.52	0.6	0.62	0.48	0.6	0.5	0.38	0.42
5600	0.42	0.46	0.4	0.58	0.5	0.46	0.56	0.44	0.48	0.6	0.56	0.48	0.6	0.42	0.34	0.46
5650	0.42	0.46	0.42	0.54	0.48	0.46	0.54	0.48	0.56	0.6	0.56	0.54	0.6	0.42	0.34	0.44
5700	0.42	0.48	0.46	0.54	0.52	0.4	0.5	0.52	0.54	0.62	0.54	0.6	0.62	0.32	0.32	0.48
5750	0.46	0.5	0.46	0.54	0.5	0.4	0.48	0.52	0.52	0.62	0.56	0.64	0.62	0.34	0.28	0.5
5800	0.52	0.5	0.5	0.54	0.48	0.48	0.46	0.48	0.52	0.54	0.54	0.66	0.58	0.32	0.32	0.48
5850	0.52	0.46	0.42	0.46	0.44	0.5	0.42	0.46	0.56	0.54	0.52	0.62	0.58	0.32	0.36	0.5
5900	0.56	0.42	0.44	0.44	0.44	0.52	0.44	0.48	0.48	0.52	0.46	0.58	0.6	0.36	0.36	0.48
5950	0.56	0.44	0.42	0.44	0.48	0.5	0.44	0.4	0.44	0.54	0.48	0.62	0.56	0.34	0.36	0.52
6000	0.62	0.48	0.46	0.42	0.44	0.58	0.44	0.44	0.44	0.56	0.52	0.62	0.6	0.32	0.38	0.54
6050	0.62	0.46	0.46	0.44	0.44	0.56	0.42	0.44	0.48	0.56	0.48	0.6	0.58	0.36	0.42	0.5
6100	0.66	0.44	0.44	0.46	0.4	0.62	0.42	0.38	0.44	0.52	0.46	0.6	0.6	0.44	0.44	0.4
6150	0.6	0.42	0.42	0.46	0.44	0.62	0.4	0.36	0.46	0.56	0.44	0.58	0.56	0.46	0.48	0.44
6200	0.54	0.46	0.46	0.52	0.46	0.62	0.38	0.42	0.42	0.54	0.48	0.62	0.58	0.54	0.5	0.44
6250	0.48	0.44	0.42	0.48	0.48	0.58	0.36	0.44	0.5	0.56	0.42	0.6	0.56	0.52	0.48	0.48
6300	0.44	0.48	0.42	0.56	0.58	0.52	0.4	0.46	0.52	0.58	0.42	0.6	0.52	0.48	0.46	0.5
6350	0.44	0.46	0.36	0.56	0.58	0.56	0.44	0.5	0.5	0.54	0.4	0.54	0.52	0.54	0.48	0.52
6400	0.42	0.42	0.36	0.56	0.56	0.54	0.46	0.46	0.5	0.54	0.38	0.52	0.52	0.54	0.46	0.56
6450	0.44	0.46	0.36	0.62	0.56	0.54	0.44	0.48	0.5	0.56	0.38	0.6	0.52	0.58	0.46	0.66
6500	0.44	0.52	0.34	0.62	0.58	0.52	0.44	0.54	0.52	0.58	0.42	0.6	0.48	0.56	0.44	0.58
6550	0.4	0.54	0.36	0.6	0.6	0.54	0.46	0.56	0.54	0.58	0.46	0.58	0.52	0.5	0.44	0.58
6600	0.46	0.52	0.32	0.56	0.54	0.5	0.46	0.5	0.56	0.58	0.5	0.56	0.52	0.42	0.4	0.6
6650	0.48	0.5	0.36	0.54	0.5	0.5	0.48	0.5	0.52	0.6	0.48	0.54	0.5	0.4	0.4	0.56
6700	0.46	0.5	0.34	0.54	0.5	0.5	0.46	0.46	0.52	0.58	0.54	0.54	0.52	0.44	0.42	0.56
6750	0.42	0.52	0.36	0.48	0.42	0.52	0.5	0.48	0.56	0.6	0.62	0.56	0.56	0.44	0.46	0.52
6800	0.44	0.48	0.38	0.46	0.4	0.48	0.48	0.52	0.58	0.64	0.62	0.56	0.6	0.48	0.48	0.54
6850	0.48	0.44	0.4	0.42	0.36	0.5	0.46	0.5	0.58	0.72	0.62	0.52	0.6	0.46	0.48	0.56
6900	0.5	0.42	0.44	0.48	0.38	0.52	0.46	0.52	0.58	0.74	0.6	0.54	0.6	0.44	0.48	0.58
6950	0.44	0.42	0.42	0.4	0.42	0.5	0.5	0.5	0.6	0.74	0.58	0.54	0.6	0.48	0.5	0.58
7000	0.4	0.4	0.42	0.4	0.42	0.46	0.54	0.54	0.6	0.74	0.56	0.54	0.6	0.5	0.48	0.58
7050	0.4	0.4	0.42	0.48	0.48	0.44	0.5	0.58	0.68	0.74	0.54	0.56	0.66	0.5	0.52	0.6
7100	0.44	0.38	0.38	0.46	0.48	0.4	0.42	0.6	0.7	0.76	0.52	0.58	0.66	0.58	0.54	0.58
7150	0.44	0.36	0.38	0.48	0.5	0.42	0.46	0.48	0.64	0.72	0.52	0.58	0.62	0.56	0.48	0.58
7200	0.42	0.34	0.38	0.56	0.54	0.48	0.48	0.5	0.6	0.7	0.5	0.58	0.62	0.54	0.48	0.52
7250	0.42	0.34	0.4	0.56	0.54	0.44	0.5	0.52	0.6	0.68	0.52	0.56	0.6	0.56	0.42	0.54
7300	0.42	0.34	0.38	0.56	0.48	0.44	0.46	0.48	0.64	0.66	0.56	0.56	0.54	0.56	0.42	0.54
7350	0.44	0.32	0.4	0.58	0.5	0.46	0.52	0.48	0.66	0.62	0.5	0.5	0.56	0.56	0.44	0.52
7400	0.46	0.32	0.44	0.54	0.48	0.5	0.56	0.52	0.62	0.56	0.5	0.44	0.54	0.48	0.5	0.52
7450	0.48	0.38	0.44	0.5	0.44	0.54	0.58	0.5	0.6	0.6	0.56	0.44	0.52	0.46	0.5	0.54
7500	0.44	0.46	0.48	0.48	0.46	0.52	0.54	0.54	0.62	0.58	0.6	0.44	0.44	0.46	0.5	0.52
7550	0.42	0.48	0.5	0.46	0.52	0.54	0.54	0.54	0.68	0.58	0.58	0.5	0.48	0.44	0.5	0.52
7600	0.44	0.5	0.5	0.48	0.52	0.46	0.52	0.56	0.7	0.6	0.6	0.5	0.46	0.38	0.5	0.52
7650	0.48	0.54	0.5	0.48	0.52	0.46	0.58	0.54	0.7	0.6	0.6	0.54	0.46	0.4	0.48	0.54
7700	0.46	0.6	0.56	0.52	0.56	0.5	0.56	0.54	0.66	0.6	0.62	0.6	0.52	0.36	0.48	0.5
7750	0.42	0.56	0.56	0.54	0.58	0.46	0.54	0.5	0.64	0.66	0.62	0.62	0.56	0.32	0.44	0.44
7800	0.36	0.56	0.54	0.5	0.6	0.46	0.56	0.48	0.64	0.64	0.68	0.68	0.6	0.38	0.46	0.38
7850	0.38	0.54	0.46	0.52	0.56	0.48	0.56	0.5	0.64	0.64	0.58	0.66	0.6	0.38	0.4	0.34
7900	0.4	0.48	0.46	0.54	0.56	0.48	0.6	0.48	0.64	0.58	0.54	0.64	0.58	0.34	0.36	0.3
7950	0.42	0.52	0.48	0.54	0.46	0.54	0.58	0.5	0.66	0.56	0.5	0.62	0.58	0.34	0.36	0.34
8000	0.44	0.58	0.46	0.54	0.52	0.56	0.58	0.54	0.6	0.56	0.46	0.7	0.6	0.38	0.38	0.34
8050	0.44	0.54	0.46	0.56	0.56	0.52	0.58	0.54	0.62	0.54	0.44	0.68	0.64	0.42	0.38	0.38
8100	0.48	0.5	0.44	0.62	0.56	0.54	0.56	0.56	0.6	0.44	0.46	0.68	0.66	0.52	0.42	0.42
8150	0.48	0.52	0.46	0.6	0.54	0.56	0.64	0.6	0.58	0.38	0.4	0.64	0.66	0.56	0.4	0.46
8200	0.5	0.58	0.5	0.56	0.5	0.56	0.66	0.56	0.6	0.46	0.38	0.68	0.64	0.54	0.42	0.48
8250	0.52	0.6	0.54	0.52	0.56	0.54	0.68	0.6	0.58	0.52	0.4	0.7	0.66	0.56	0.46	0.54
8300	0.52	0.6	0.54	0.5	0.6	0.56	0.7	0.6	0.56	0.58	0.44	0.64	0.58	0.56	0.46	0.52
8350	0.52	0.58	0.54	0.52	0.6	0.54	0.68	0.56	0.48	0.56	0.46	0.62	0.58	0.54	0.46	0.52
8400	0.52	0.62	0.54	0.5	0.6	0.54	0.72	0.52	0.5	0.6	0.48	0.62	0.62	0.58	0.44	0.5
8450	0.54	0.6	0.48	0.44	0.56	0.56	0.74	0.52	0.5	0.66	0.52	0.64	0.58	0.58	0.46	0.5
8500	0.48	0.64	0.44	0.42	0.58	0.56	0.8	0.62	0.52	0.64	0.5	0.68	0.58	0.56	0.48	0.52
8550	0.5	0.64	0.44	0.42	0.54	0.6	0.78	0.62	0.56	0.6	0.56	0.62	0.56	0.58	0.44	0.54
8600	0.5	0.56	0.4	0.5	0.52	0.6	0.76	0.64	0.58	0.62	0.62	0.66	0.62	0.44	0.42	0.54
8650	0.5	0.52	0.4	0.52	0.54	0.6	0.74	0.66	0.58	0.54	0.56	0.64	0.68	0.5	0.42	0.54
8700	0.52	0.48	0.36	0.56	0.54	0.58	0.74	0.7	0.6	0.58	0.5	0.68	0.6	0.5	0.42	0.54
8750	0.52	0.46	0.32	0.54	0.54	0.6	0.72	0.7	0.56	0.58	0.46	0.64	0.64	0.48	0.38	0.58
8800	0.52	0.48	0.46	0.5	0.56	0.6	0.68	0.72	0.62	0.6	0.48	0.58	0.66	0.46	0.42	0.6
8850	0.52	0.44	0.44	0.42	0.56	0.6	0.6	0.66	0.64	0.54	0.44	0.54	0.66	0.44	0.46	0.56
8900	0.58	0.48	0.52	0.52	0.54	0.6	0.54	0.64	0.64	0.52	0.42	0.58	0.68	0.46	0.42	0.56
8950	0.54	0.56	0.54	0.54	0.62	0.56	0.52	0.58	0.62	0.5	0.46	0.66	0.66	0.5	0.4	0.52
9000	0.54	0.62	0.54	0.52	0.62	0.58	0.5	0.52	0.6	0.56	0.48	0.66	0.66	0.44	0.42	0.52
9050	0.54	0.6	0.58	0.52	0.6	0.6	0.52	0.5	0.62	0.56	0.5	0.56	0.68	0.48	0.46	0.48
9100	0.5	0.54	0.62	0.54	0.58	0.56	0.54	0.46	0.56	0.56	0.48	0.54	0.68	0.5	0.4	0.38
9150	0.46	0.56	0.62	0.52	0.54	0.5	0.52	0.44	0.56	0.6	0.52	0.56	0.68	0.46	0.38	0.42
9200	0.46	0.54	0.62	0.56	0.56	0.46	0.52	0.38	0.54	0.6	0.6	0.62	0.68	0.5	0.38	0.42
9250	0.4	0.56	0.6	0.46	0.52	0.46	0.5	0.4	0.58	0.62	0.6	0.66	0.7	0.46	0.38	0.42
9300	0.4	0.58	0.6	0.42	0.48	0.46	0.52	0.4	0.56	0.56	0.54	0.62	0.62	0.42	0.42	0.42
9350	0.38	0.58	0.54	0.46	0.46	0.46	0.52	0.48	0.54	0.64	0.6	0.62	0.6	0.44	0.4	0.42
9400	0.42	0.62	0.56	0.44	0.5	0.42	0.52	0.46	0.56	0.66	0.62	0.6	0.62	0.5	0.42	0.42
9450	0.42	0.6	0.5	0.38	0.48	0.4	0.48	0.54	0.64	0.64	0.58	0.6	0.62	0.5	0.46	0.44
9500	0.4	0.64	0.52	0.42	0.48	0.46	0.54	0.56	0.62	0.52	0.58	0.6	0.56	0.52	0.52	0.44
9550	0.44	0.7	0.54	0.46	0.4	0.5	0.58	0.66	0.68	0.52	0.58	0.6	0.5	0.54	0.5	0.46
9600	0.42	0.72	0.54	0.44	0.42	0.48	0.6	0.68	0.62	0.48	0.6	0.58	0.46	0.54	0.46	0.5
9650	0.4	0.68	0.5	0.44	0.46	0.42	0.64	0.68	0.62	0.48	0.6	0.62	0.5	0.56	0.44	0.5
9700	0.42	0.6	0.46	0.52	0.54	0.44	0.66	0.7	0.66	0.5	0.64	0.64	0.54	0.56	0.44	0.54
9750	0.44	0.52	0.5	0.54	0.54	0.44	0.6	0.68	0.68	0.52	0.58	0.62	0.5	0.44	0.44	0.58
9800	0.48	0.52	0.5	0.52	0.56	0.46	0.64	0.7	0.66	0.54	0.56	0.6	0.52	0.42	0.44	0.6
9850	0.54	0.48	0.52	0.54	0.52	0.46	0.62	0.72	0.66	0.62	0.54	0.6	0.56	0.44	0.44	0.6
9900	0.54	0.46	0.52	0.56	0.56	0.44	0.64	0.68	0.62	0.62	0.58	0.62	0.6	0.46	0.44	0.6
9950	0.56	0.44	0.48	0.58	0.58	0.52	0.62	0.68	0.62	0.64	0.56	0.62	0.62	0.46	0.44	0.6
10000	0.58	0.42	0.44	0.56	0.54	0.5	0.6	0.66	0.58	0.66	0.6	0.54	0.6	0.48	0.42	0.58
10050	0.6	0.46	0.48	0.56	0.52	0.56	0.58	0.66	0.58	0.62	0.56	0.5	0.58	0.52	0.42	0.56
10100	0.6	0.5	0.48	0.58	0.54	0.52	0.62	0.64	0.56	0.58	0.58	0.52	0.56	0.54	0.38	0.54
10150	0.52	0.5	0.48	0.56	0.54	0.5	0.6	0.62	0.6	0.56	0.58	0.52	0.56	0.54	0.4	0.42
10200	0.5	0.56	0.44	0.5	0.52	0.5	0.58	0.62	0.54	0.56	0.6	0.58	0.6	0.54	0.42	0.44
10250	0.5	0.52	0.42	0.48	0.46	0.54	0.56	0.58	0.5	0.58	0.58	0.6	0.58	0.46	0.44	0.4
10300	0.5	0.56	0.42	0.48	0.48	0.56	0.5	0.58	0.52	0.6	0.6	0.58	0.58	0.44	0.44	0.4
10350	0.48	0.56	0.46	0.48	0.48	0.6	0.46	0.54	0.56	0.6	0.56	0.56	0.58	0.44	0.58	0.4
10400	0.52	0.52	0.48	0.48	0.48	0.66	0.46	0.56	0.62	0.56	0.6	0.56	0.52	0.44	0.6	0.4
10450	0.52	0.6	0.44	0.46	0.44	0.68	0.48	0.58	0.66	0.54	0.62	0.6	0.54	0.44	0.66	0.46
10500	0.52	0.6	0.5	0.48	0.36	0.64	0.44	0.62	0.66	0.54	0.62	0.6	0.56	0.48	0.7	0.5
10550	0.54	0.64	0.54	0.52	0.38	0.66	0.5	0.62	0.72	0.58	0.7	0.64	0.56	0.5	0.72	0.54
10600	0.54	0.62	0.58	0.56	0.42	0.76	0.54	0.6	0.78	0.62	0.72	0.64	0.6	0.52	0.72	0.54
10650	0.56	0.68	0.62	0.52	0.32	0.74	0.52	0.58	0.72	0.6	0.74	0.64	0.64	0.54	0.68	0.56
10700	0.62	0.68	0.62	0.58	0.44	0.74	0.62	0.64	0.78	0.64	0.78	0.62	0.66	0.56	0.68	0.6
10750	0.64	0.7	0.64	0.58	0.42	0.76	0.66	0.68	0.74	0.64	0.74	0.62	0.68	0.56	0.62	0.6
10800	0.64	0.72	0.66	0.62	0.48	0.72	0.66	0.74	0.76	0.66	0.78	0.74	0.66	0.52	0.56	0.64
10850	0.64	0.66	0.6	0.62	0.48	0.74	0.64	0.74	0.74	0.7	0.78	0.76	0.7	0.56	0.54	0.6
10900	0.62	0.66	0.6	0.64	0.6	0.74	0.68	0.74	0.74	0.74	0.78	0.74	0.7	0.56	0.52	0.58
10950	0.62	0.68	0.56	0.66	0.6	0.72	0.68	0.74	0.74	0.74	0.8	0.76	0.74	0.6	0.48	0.56
11000	0.66	0.64	0.52	0.7	0.68	0.7	0.62	0.68	0.74	0.76	0.78	0.74	0.74	0.62	0.52	0.56
11050	0.64	0.62	0.54	0.72	0.7	0.7	0.66	0.66	0.74	0.74	0.76	0.78	0.74	0.64	0.58	0.58
11100	0.66	0.64	0.52	0.74	0.76	0.7	0.66	0.64	0.72	0.76	0.8	0.82	0.72	0.64	0.6	0.62
11150	0.66	0.6	0.5	0.74	0.72	0.7	0.6	0.62	0.74	0.7	0.78	0.82	0.76	0.64	0.62	0.58
11200	0.7	0.64	0.48	0.7	0.74	0.7	0.58	0.6	0.78	0.7	0.8	0.86	0.8	0.64	0.58	0.6
11250	0.66	0.7	0.48	0.68	0.74	0.72	0.64	0.6	0.78	0.68	0.8	0.9	0.76	0.64	0.64	0.56
11300	0.68	0.66	0.5	0.66	0.72	0.7	0.6	0.64	0.8	0.7	0.82	0.86	0.8	0.7	0.66	0.58
11350	0.74	0.6	0.52	0.66	0.78	0.68	0.66	0.64	0.78	0.7	0.78	0.84	0.82	0.7	0.68	0.56
11400	0.72	0.6	0.56	0.64	0.76	0.66	0.68	0.66	0.82	0.72	0.82	0.8	0.78	0.66	0.66	0.6
11450	0.66	0.62	0.56	0.62	0.76	0.66	0.68	0.68	0.84	0.72	0.8	0.76	0.74	0.68	0.68	0.6
11500	0.66	0.58	0.54	0.6	0.8	0.7	0.72	0.7	0.82	0.7	0.76	0.74	0.74	0.68	0.68	0.6
11550	0.7	0.6	0.58	0.58	0.8	0.64	0.72	0.64	0.78	0.7	0.78	0.74	0.76	0.68	0.66	0.54
11600	0.62	0.6	0.54	0.56	0.78	0.64	0.7	0.66	0.74	0.72	0.76	0.68	0.7	0.62	0.6	0.54
11650	0.64	0.58	0.56	0.58	0.82	0.64	0.72	0.6	0.72	0.72	0.76	0.64	0.68	0.58	0.62	0.56
11700	0.62	0.54	0.54	0.58	0.8	0.62	0.74	0.6	0.78	0.76	0.74	0.64	0.64	0.54	0.62	0.54
11750	0.62	0.64	0.58	0.54	0.76	0.6	0.66	0.6	0.82	0.76	0.8	0.66	0.64	0.52	0.64	0.6
11800	0.64	0.68	0.58	0.58	0.74	0.58	0.66	0.66	0.82	0.7	0.78	0.66	0.62	0.52	0.64	0.58
11850	0.62	0.68	0.6	0.6	0.76	0.54	0.64	0.66	0.82	0.68	0.78	0.72	0.62	0.48	0.68	0.58
11900	0.62	0.7	0.64	0.62	0.78	0.6	0.62	0.66	0.82	0.64	0.78	0.74	0.64	0.48	0.68	0.56
11950	0.64	0.68	0.6	0.56	0.72	0.56	0.62	0.68	0.82	0.68	0.82	0.74	0.62	0.48	0.64	0.62
12000	0.6	0.74	0.58	0.58	0.72	0.52	0.58	0.7	0.84	0.7	0.82	0.72	0.64	0.5	0.66	0.7
12050	0.58	0.72	0.54	0.6	0.74	0.52	0.58	0.74	0.86	0.68	0.8	0.8	0.72	0.56	0.7	0.68
12100	0.56	0.74	0.56	0.64	0.74	0.56	0.64	0.78	0.82	0.68	0.82	0.78	0.74	0.6	0.64	0.7
12150	0.58	0.72	0.56	0.7	0.74	0.58	0.64	0.78	0.8	0.7	0.78	0.82	0.76	0.62	0.62	0.64
12200	0.58	0.72	0.56	0.74	0.74	0.62	0.62	0.78	0.8	0.64	0.78	0.82	0.78	0.66	0.62	0.62
12250	0.58	0.66	0.5	0.74	0.74	0.6	0.6	0.74	0.78	0.68	0.8	0.82	0.8	0.7	0.6	0.64
12300	0.62	0.66	0.5	0.72	0.72	0.62	0.58	0.7	0.82	0.68	0.8	0.78	0.8	0.74	0.64	0.56
12350	0.56	0.66	0.46	0.7	0.72	0.64	0.66	0.7	0.84	0.7	0.78	0.78	0.8	0.7	0.66	0.58
12400	0.52	0.62	0.44	0.68	0.74	0.7	0.7	0.68	0.84	0.72	0.8	0.8	0.82	0.68	0.66	0.56
12450	0.54	0.6	0.48	0.68	0.72	0.7	0.64	0.68	0.82	0.74	0.82	0.78	0.78	0.58	0.68	0.54
12500	0.6	0.62	0.52	0.66	0.76	0.66	0.66	0.66	0.9	0.7	0.82	0.78	0.72	0.54	0.72	0.54
12550	0.62	0.62	0.54	0.68	0.78	0.64	0.68	0.68	0.86	0.74	0.84	0.74	0.7	0.54	0.7	0.56
12600	0.56	0.64	0.62	0.68	0.78	0.66	0.7	0.68	0.82	0.76	0.84	0.76	0.68	0.5	0.68	0.56
12650	0.6	0.58	0.62	0.7	0.78	0.62	0.7	0.7	0.76	0.82	0.82	0.76	0.66	0.4	0.6	0.62
12700	0.58	0.6	0.66	0.7	0.82	0.66	0.7	0.7	0.74	0.76	0.78	0.76	0.64	0.46	0.62	0.6
12750	0.6	0.62	0.7	0.68	0.78	0.7	0.7	0.68	0.74	0.7	0.8	0.76	0.6	0.48	0.64	0.6
12800	0.64	0.64	0.7	0.64	0.72	0.7	0.68	0.7	0.74	0.7	0.82	0.78	0.6	0.52	0.64	0.62
12850	0.74	0.66	0.68	0.64	0.76	0.68	0.68	0.7	0.72	0.68	0.82	0.82	0.6	0.56	0.66	0.68
12900	0.72	0.66	0.66	0.64	0.72	0.66	0.64	0.68	0.72	0.72	0.84	0.82	0.68	0.56	0.66	0.7
12950	0.74	0.64	0.64	0.58	0.7	0.66	0.62	0.64	0.74	0.66	0.84	0.82	0.66	0.6	0.66	0.68
13000	0.8	0.62	0.64	0.6	0.76	0.72	0.72	0.62	0.74	0.68	0.84	0.8	0.68	0.66	0.7	0.7
13050	0.82	0.64	0.64	0.68	0.74	0.72	0.72	0.64	0.76	0.64	0.84	0.76	0.66	0.66	0.74	0.72
13100	0.84	0.62	0.66	0.76	0.8	0.8	0.72	0.66	0.76	0.64	0.78	0.8	0.62	0.68	0.78	0.76
13150	0.78	0.64	0.66	0.76	0.84	0.78	0.76	0.7	0.7	0.66	0.76	0.84	0.64	0.66	0.76	0.72
13200	0.76	0.66	0.68	0.78	0.8	0.76	0.78	0.72	0.68	0.7	0.78	0.84	0.64	0.72	0.76	0.76
13250	0.72	0.7	0.74	0.82	0.8	0.8	0.78	0.74	0.68	0.64	0.76	0.82	0.66	0.76	0.74	0.76
13300	0.74	0.7	0.74	0.78	0.74	0.8	0.84	0.78	0.68	0.62	0.72	0.76	0.66	0.7	0.68	0.7
13350	0.72	0.74	0.76	0.78	0.76	0.8	0.86	0.82	0.7	0.58	0.7	0.74	0.62	0.68	0.66	0.76
13400	0.7	0.74	0.76	0.76	0.74	0.74	0.82	0.78	0.74	0.6	0.8	0.66	0.66	0.72	0.68	0.72
13450	0.7	0.78	0.76	0.78	0.7	0.78	0.8	0.8	0.72	0.64	0.84	0.7	0.72	0.76	0.68	0.7
13500	0.7	0.8	0.78	0.8	0.68	0.72	0.76	0.78	0.74	0.66	0.86	0.68	0.74	0.72	0.64	0.68
13550	0.68	0.82	0.8	0.78	0.7	0.72	0.78	0.74	0.78	0.66	0.84	0.7	0.74	0.74	0.6	0.66
13600	0.7	0.82	0.82	0.72	0.68	0.72	0.78	0.76	0.8	0.68	0.84	0.68	0.74	0.72	0.66	0.66
13650	0.72	0.72	0.78	0.78	0.74	0.72	0.8	0.76	0.78	0.72	0.78	0.74	0.82	0.68	0.62	0.66
13700	0.72	0.74	0.72	0.78	0.74	0.74	0.78	0.76	0.74	0.72	0.78	0.78	0.8	0.72	0.62	0.64
13750	0.72	0.72	0.74	0.82	0.76	0.7	0.76	0.72	0.78	0.76	0.78	0.78	0.78	0.8	0.64	0.64
13800	0.74	0.7	0.7	0.76	0.74	0.72	0.72	0.66	0.72	0.74	0.72	0.8	0.8	0.78	0.68	0.68
13850	0.74	0.72	0.72	0.74	0.78	0.74	0.76	0.62	0.68	0.74	0.7	0.8	0.78	0.8	0.7	0.72
13900	0.74	0.7	0.7	0.76	0.78	0.76	0.74	0.64	0.7	0.76	0.7	0.84	0.76	0.82	0.68	0.72
13950	0.76	0.72	0.72	0.78	0.78	0.8	0.76	0.72	0.66	0.72	0.66	0.82	0.78	0.82	0.72	0.78
14000	0.8	0.68	0.74	0.74	0.78	0.82	0.78	0.7	0.7	0.7	0.64	0.84	0.78	0.8	0.7	0.78
14050	0.8	0.78	0.78	0.7	0.7	0.82	0.76	0.72	0.66	0.68	0.68	0.84	0.78	0.84	0.72	0.76
14100	0.82	0.82	0.78	0.7	0.7	0.82	0.74	0.76	0.72	0.68	0.7	0.82	0.78	0.82	0.74	0.78
14150	0.82	0.8	0.74	0.74	0.7	0.86	0.8	0.8	0.74	0.68	0.7	0.76	0.78	0.82	0.78	0.78
14200	0.82	0.8	0.78	0.8	0.72	0.86	0.78	0.82	0.72	0.68	0.7	0.78	0.84	0.84	0.8	0.78
14250	0.82	0.8	0.78	0.78	0.7	0.82	0.82	0.82	0.72	0.7	0.74	0.76	0.82	0.8	0.72	0.76
14300	0.8	0.8	0.8	0.8	0.72	0.82	0.84	0.84	0.72	0.72	0.74	0.7	0.8	0.78	0.68	0.8
14350	0.78	0.82	0.8	0.78	0.7	0.76	0.8	0.78	0.76	0.74	0.88	0.7	0.8	0.8	0.66	0.74
14400	0.8	0.86	0.8	0.8	0.68	0.72	0.76	0.8	0.78	0.74	0.9	0.68	0.8	0.8	0.68	0.74
14450	0.82	0.84	0.78	0.82	0.74	0.76	0.78	0.76	0.8	0.82	0.9	0.72	0.8	0.78	0.7	0.76
14500	0.8	0.82	0.76	0.84	0.74	0.74	0.74	0.76	0.8	0.82	0.9	0.76	0.74	0.82	0.68	0.74
14550	0.78	0.82	0.78	0.86	0.7	0.72	0.72	0.7	0.84	0.84	0.9	0.76	0.74	0.8	0.7	0.74
14600	0.74	0.82	0.76	0.84	0.74	0.78	0.68	0.7	0.82	0.84	0.9	0.72	0.7	0.7	0.72	0.72
14650	0.78	0.8	0.74	0.82	0.74	0.82	0.7	0.7	0.82	0.86	0.86	0.74	0.7	0.7	0.72	0.72
14700	0.78	0.8	0.76	0.82	0.74	0.82	0.74	0.74	0.8	0.84	0.86	0.78	0.72	0.68	0.66	0.7
14750	0.8	0.74	0.76	0.76	0.72	0.82	0.74	0.72	0.78	0.8	0.82	0.74	0.7	0.68	0.7	0.68
14800	0.76	0.7	0.72	0.74	0.72	0.8	0.76	0.68	0.78	0.8	0.76	0.74	0.68	0.66	0.66	0.68
14850	0.76	0.68	0.7	0.68	0.78	0.76	0.8	0.66	0.74	0.76	0.74	0.74	0.68	0.66	0.64	0.68
14900	0.72	0.7	0.68	0.7	0.76	0.76	0.76	0.6	0.7	0.8	0.72	0.74	0.72	0.74	0.66	0.66
14950	0.78	0.7	0.68	0.7	0.8	0.8	0.76	0.58	0.64	0.8	0.72	0.74	0.78	0.8	0.64	0.68
15000	0.8	0.68	0.66	0.66	0.82	0.8	0.76	0.54	0.66	0.78	0.74	0.76	0.78	0.78	0.64	0.64
15050	0.74	0.7	0.7	0.7	0.82	0.78	0.76	0.56	0.68	0.8	0.74	0.8	0.8	0.82	0.7	0.6
15100	0.72	0.74	0.7	0.68	0.8	0.78	0.74	0.54	0.74	0.78	0.76	0.8	0.8	0.8	0.74	0.66
15150	0.72	0.78	0.72	0.72	0.8	0.8	0.74	0.54	0.74	0.86	0.8	0.8	0.82	0.82	0.74	0.7
15200	0.78	0.8	0.7	0.76	0.8	0.8	0.76	0.58	0.78	0.84	0.82	0.84	0.82	0.78	0.76	0.68
15250	0.76	0.78	0.74	0.72	0.84	0.82	0.78	0.58	0.78	0.82	0.84	0.86	0.84	0.72	0.8	0.7
15300	0.72	0.72	0.76	0.72	0.82	0.76	0.76	0.58	0.82	0.8	0.84	0.86	0.84	0.78	0.78	0.66
15350	0.76	0.74	0.76	0.7	0.82	0.72	0.74	0.62	0.8	0.78	0.8	0.84	0.84	0.74	0.74	0.76
15400	0.74	0.74	0.78	0.74	0.82	0.7	0.74	0.64	0.78	0.8	0.8	0.8	0.8	0.76	0.72	0.8
15450	0.78	0.76	0.82	0.76	0.78	0.7	0.72	0.66	0.76	0.8	0.78	0.8	0.76	0.78	0.76	0.8
15500	0.8	0.74	0.78	0.72	0.82	0.72	0.76	0.7	0.76	0.74	0.76	0.82	0.78	0.8	0.78	0.8
15550	0.8	0.76	0.78	0.76	0.8	0.74	0.82	0.74	0.76	0.8	0.76	0.8	0.82	0.82	0.78	0.82
15600	0.78	0.7	0.74	0.76	0.82	0.74	0.8	0.72	0.76	0.78	0.74	0.82	0.82	0.86	0.76	0.78
15650	0.78	0.7	0.74	0.78	0.82	0.7	0.8	0.7	0.78	0.76	0.74	0.84	0.84	0.88	0.7	0.72
15700	0.78	0.72	0.72	0.8	0.86	0.76	0.84	0.68	0.78	0.72	0.76	0.82	0.82	0.84	0.72	0.72
15750	0.8	0.78	0.74	0.84	0.86	0.78	0.84	0.68	0.74	0.72	0.76	0.82	0.82	0.84	0.72	0.72
15800	0.76	0.78	0.68	0.82	0.84	0.78	0.82	0.7	0.76	0.74	0.78	0.9	0.84	0.84	0.72	0.74
15850	0.74	0.76	0.62	0.82	0.82	0.76	0.8	0.72	0.74	0.74	0.78	0.9	0.88	0.84	0.72	0.74
15900	0.72	0.76	0.62	0.8	0.8	0.72	0.76	0.74	0.78	0.78	0.82	0.9	0.86	0.8	0.7	0.72
15950	0.72	0.78	0.66	0.76	0.8	0.74	0.78	0.74	0.76	0.8	0.82	0.86	0.86	0.76	0.74	0.76
16000	0.72	0.78	0.62	0.76	0.8	0.74	0.76	0.7	0.74	0.8	0.8	0.82	0.84	0.76	0.76	0.78
16050	0.68	0.74	0.64	0.78	0.76	0.76	0.74	0.74	0.76	0.82	0.78	0.8	0.86	0.8	0.82	0.76
16100	0.72	0.74	0.68	0.78	0.76	0.74	0.76	0.76	0.76	0.82	0.78	0.8	0.88	0.82	0.8	0.8
16150	0.7	0.74	0.7	0.74	0.76	0.72	0.78	0.78	0.74	0.82	0.76	0.74	0.84	0.8	0.78	0.8
16200	0.7	0.8	0.74	0.74	0.74	0.76	0.78	0.8	0.76	0.82	0.78	0.7	0.8	0.76	0.8	0.78
16250	0.74	0.82	0.8	0.78	0.7	0.78	0.82	0.8	0.8	0.82	0.82	0.66	0.84	0.76	0.8	0.74
16300	0.74	0.8	0.82	0.82	0.7	0.8	0.8	0.76	0.82	0.76	0.8	0.66	0.84	0.82	0.82	0.66
16350	0.78	0.72	0.8	0.76	0.72	0.82	0.82	0.74	0.84	0.78	0.76	0.68	0.9	0.82	0.78	0.66
16400	0.74	0.76	0.84	0.74	0.64	0.82	0.82	0.76	0.8	0.8	0.78	0.66	0.86	0.8	0.74	0.7
16450	0.76	0.78	0.78	0.74	0.68	0.8	0.86	0.74	0.78	0.82	0.76	0.74	0.86	0.78	0.72	0.7
16500	0.8	0.78	0.76	0.8	0.68	0.84	0.86	0.8	0.78	0.8	0.8	0.72	0.88	0.78	0.7	0.76
16550	0.7	0.76	0.74	0.8	0.66	0.84	0.8	0.78	0.78	0.8	0.82	0.74	0.88	0.8	0.74	0.7
16600	0.7	0.72	0.7	0.78	0.74	0.84	0.8	0.8	0.82	0.82	0.82	0.8	0.9	0.82	0.78	0.74
16650	0.72	0.72	0.68	0.74	0.72	0.82	0.76	0.8	0.82	0.84	0.84	0.8	0.9	0.8	0.8	0.76
16700	0.72	0.78	0.64	0.74	0.7	0.84	0.78	0.78	0.82	0.88	0.82	0.82	0.88	0.8	0.8	0.8
16750	0.74	0.8	0.7	0.78	0.74	0.84	0.8	0.76	0.78	0.86	0.82	0.82	0.88	0.8	0.8	0.78
16800	0.7	0.78	0.7	0.78	0.72	0.84	0.78	0.76	0.76	0.82	0.84	0.78	0.86	0.82	0.84	0.76
16850	0.72	0.78	0.76	0.74	0.74	0.82	0.84	0.74	0.76	0.8	0.82	0.78	0.84	0.76	0.8	0.76
16900	0.76	0.72	0.8	0.74	0.76	0.74	0.84	0.74	0.74	0.78	0.76	0.78	0.84	0.76	0.76	0.72
16950	0.76	0.72	0.76	0.72	0.8	0.72	0.8	0.7	0.72	0.8	0.76	0.82	0.86	0.78	0.74	0.74
17000	0.8	0.72	0.76	0.78	0.78	0.66	0.82	0.74	0.72	0.8	0.76	0.78	0.84	0.78	0.72	0.8
17050	0.8	0.7	0.8	0.82	0.74	0.68	0.84	0.76	0.7	0.82	0.74	0.78	0.82	0.8	0.72	0.82
17100	0.78	0.72	0.8	0.84	0.74	0.64	0.78	0.74	0.72	0.8	0.72	0.78	0.86	0.82	0.7	0.82
17150	0.78	0.68	0.8	0.82	0.78	0.66	0.78	0.78	0.74	0.88	0.72	0.78	0.86	0.8	0.68	0.82
17200	0.74	0.68	0.76	0.8	0.72	0.64	0.74	0.76	0.76	0.88	0.74	0.78	0.9	0.84	0.68	0.86
17250	0.78	0.66	0.74	0.76	0.68	0.66	0.72	0.78	0.76	0.84	0.78	0.8	0.88	0.84	0.7	0.9
17300	0.78	0.66	0.72	0.78	0.66	0.68	0.72	0.76	0.74	0.82	0.78	0.8	0.88	0.84	0.74	0.84
17350	0.86	0.66	0.78	0.78	0.66	0.74	0.72	0.74	0.76	0.82	0.78	0.78	0.9	0.82	0.76	0.82
17400	0.84	0.7	0.78	0.8	0.66	0.76	0.76	0.76	0.8	0.84	0.8	0.78	0.88	0.78	0.76	0.82
17450	0.82	0.72	0.78	0.8	0.64	0.78	0.74	0.74	0.8	0.84	0.8	0.72	0.86	0.76	0.74	0.8
17500	0.84	0.74	0.84	0.78	0.62	0.74	0.76	0.78	0.8	0.84	0.82	0.74	0.84	0.76	0.72	0.8
17550	0.86	0.72	0.8	0.82	0.62	0.74	0.74	0.8	0.76	0.78	0.84	0.72	0.84	0.76	0.74	0.76
17600	0.92	0.72	0.82	0.84	0.66	0.78	0.78	0.8	0.76	0.72	0.8	0.7	0.8	0.76	0.74	0.78
17650	0.88	0.72	0.8	0.86	0.68	0.76	0.8	0.84	0.78	0.78	0.8	0.74	0.8	0.8	0.74	0.82
17700	0.88	0.78	0.82	0.86	0.64	0.78	0.82	0.8	0.76	0.76	0.8	0.72	0.78	0.8	0.74	0.84
17750	0.88	0.76	0.8	0.86	0.64	0.78	0.78	0.8	0.78	0.76	0.84	0.72	0.74	0.8	0.72	0.84
17800	0.86	0.82	0.84	0.82	0.62	0.82	0.84	0.76	0.74	0.72	0.88	0.72	0.74	0.78	0.74	0.82
17850	0.82	0.8	0.8	0.78	0.62	0.84	0.84	0.72	0.7	0.8	0.86	0.76	0.76	0.8	0.76	0.82
17900	0.82	0.82	0.82	0.78	0.64	0.86	0.84	0.72	0.72	0.8	0.86	0.74	0.72	0.78	0.82	0.86
17950	0.82	0.86	0.8	0.76	0.66	0.88	0.84	0.76	0.72	0.78	0.84	0.82	0.78	0.8	0.86	0.86
18000	0.8	0.84	0.82	0.76	0.68	0.94	0.84	0.74	0.74	0.82	0.82	0.78	0.78	0.82	0.9	0.84
18050	0.78	0.86	0.82	0.74	0.7	0.9	0.84	0.76	0.74	0.8	0.82	0.78	0.8	0.8	0.9	0.82
18100	0.78	0.88	0.82	0.68	0.72	0.88	0.84	0.8	0.76	0.8	0.86	0.74	0.8	0.76	0.9	0.86
18150	0.78	0.88	0.76	0.68	0.74	0.84	0.82	0.8	0.8	0.82	0.84	0.78	0.82	0.78	0.9	0.84
18200	0.78	0.84	0.76	0.66	0.78	0.82	0.78	0.8	0.78	0.8	0.82	0.78	0.82	0.78	0.88	0.82
18250	0.76	0.82	0.78	0.72	0.8	0.78	0.8	0.8	0.8	0.82	0.8	0.8	0.84	0.8	0.88	0.86
18300	0.74	0.82	0.74	0.64	0.74	0.8	0.8	0.86	0.82	0.8	0.76	0.84	0.86	0.84	0.84	0.88
18350	0.8	0.82	0.72	0.7	0.76	0.76	0.78	0.84	0.82	0.8	0.78	0.86	0.88	0.84	0.82	0.88
18400	0.78	0.8	0.74	0.7	0.76	0.74	0.8	0.88	0.8	0.82	0.8	0.84	0.88	0.82	0.76	0.9
18450	0.78	0.8	0.74	0.68	0.76	0.76	0.8	0.88	0.78	0.82	0.78	0.86	0.86	0.82	0.76	0.88
18500	0.76	0.8	0.74	0.68	0.7	0.74	0.78	0.86	0.82	0.78	0.78	0.82	0.78	0.78	0.76	0.88
18550	0.76	0.82	0.72	0.64	0.68	0.78	0.82	0.86	0.76	0.78	0.76	0.82	0.76	0.78	0.74	0.86
18600	0.8	0.84	0.76	0.66	0.62	0.8	0.84	0.9	0.82	0.78	0.78	0.82	0.78	0.78	0.74	0.88
18650	0.8	0.86	0.76	0.64	0.6	0.78	0.86	0.9	0.78	0.76	0.76	0.82	0.78	0.78	0.78	0.86
18700	0.82	0.9	0.82	0.72	0.6	0.76	0.86	0.88	0.8	0.76	0.8	0.8	0.74	0.78	0.8	0.82
18750	0.82	0.88	0.86	0.66	0.6	0.78	0.86	0.88	0.82	0.74	0.8	0.74	0.72	0.76	0.8	0.82
18800	0.86	0.9	0.84	0.66	0.6	0.8	0.86	0.88	0.86	0.72	0.82	0.76	0.68	0.76	0.84	0.82
18850	0.86	0.9	0.88	0.74	0.62	0.82	0.88	0.84	0.78	0.74	0.8	0.78	0.78	0.82	0.84	0.84
18900	0.88	0.9	0.9	0.72	0.62	0.84	0.88	0.74	0.78	0.8	0.82	0.82	0.78	0.8	0.82	0.78
18950	0.88	0.9	0.88	0.74	0.64	0.82	0.84	0.76	0.8	0.8	0.82	0.82	0.8	0.84	0.82	0.8
19000	0.88	0.9	0.86	0.76	0.68	0.82	0.86	0.78	0.8	0.78	0.84	0.82	0.8	0.82	0.82	0.78
19050	0.9	0.86	0.88	0.78	0.74	0.82	0.84	0.78	0.8	0.8	0.8	0.82	0.78	0.84	0.82	0.78
19100	0.88	0.84	0.88	0.82	0.8	0.82	0.82	0.8	0.8	0.78	0.82	0.84	0.78	0.84	0.84	0.8
19150	0.9	0.82	0.86	0.8	0.76	0.86	0.82	0.84	0.8	0.78	0.82	0.84	0.78	0.82	0.78	0.8
19200	0.84	0.84	0.86	0.8	0.76	0.84	0.8	0.82	0.78	0.76	0.82	0.84	0.8	0.84	0.8	0.76
19250	0.78	0.86	0.86	0.82	0.8	0.86	0.8	0.88	0.8	0.76	0.82	0.86	0.82	0.8	0.8	0.72
19300	0.8	0.86	0.82	0.78	0.78	0.84	0.78	0.92	0.84	0.72	0.8	0.9	0.84	0.76	0.78	0.76
19350	0.78	0.88	0.8	0.72	0.76	0.86	0.8	0.9	0.82	0.72	0.8	0.88	0.8	0.74	0.78	0.76
19400	0.74	0.9	0.78	0.68	0.7	0.86	0.8	0.88	0.82	0.78	0.84	0.84	0.8	0.72	0.76	0.8
19450	0.74	0.88	0.76	0.66	0.68	0.84	0.8	0.86	0.8	0.8	0.86	0.84	0.78	0.72	0.74	0.8
19500	0.7	0.88	0.7	0.64	0.64	0.78	0.8	0.82	0.76	0.82	0.88	0.82	0.8	0.72	0.74	0.82
19550	0.68	0.92	0.7	0.6	0.62	0.8	0.8	0.8	0.74	0.8	0.9	0.84	0.78	0.68	0.74	0.8
19600	0.7	0.92	0.7	0.56	0.64	0.8	0.84	0.82	0.76	0.78	0.88	0.82	0.76	0.68	0.74	0.78
19650	0.74	0.86	0.68	0.52	0.62	0.78	0.82	0.82	0.78	0.78	0.88	0.8	0.74	0.64	0.74	0.84
19700	0.72	0.82	0.72	0.58	0.6	0.78	0.82	0.82	0.76	0.78	0.86	0.74	0.7	0.7	0.76	0.84
19750	0.72	0.82	0.74	0.68	0.68	0.8	0.84	0.84	0.8	0.76	0.86	0.76	0.7	0.76	0.82	0.8
19800	0.72	0.8	0.74	0.66	0.64	0.74	0.8	0.84	0.8	0.78	0.86	0.76	0.74	0.78	0.78	0.76
19850	0.7	0.78	0.72	0.68	0.68	0.72	0.8	0.86	0.82	0.8	0.86	0.78	0.72	0.8	0.76	0.8
19900	0.66	0.8	0.76	0.68	0.7	0.72	0.84	0.84	0.82	0.8	0.88	0.8	0.72	0.78	0.78	0.8
19950	0.72	0.8	0.82	0.7	0.74	0.74	0.84	0.82	0.8	0.8	0.86	0.78	0.74	0.74	0.78	0.8
20000	0.72	0.78	0.8	0.68	0.74	0.74	0.86	0.84	0.82	0.8	0.88	0.78	0.78	0.78	0.82	0.8
