0	0.0	0.0	0.0	0.0	0.0	0.0	0.0	0.0	0.0	0.0	0.0	0.0	0.0	0.0	0.0	0.0
50	0.0	0.0	0.0	0.333333333333	0.0	0.0	0.0	0.0	0.0	0.666666666667	0.0	0.0	0.0	0.0	0.0	0.0
100	0.0909090909091	0.0	0.166666666667	0.25	0.0	0.2	0.166666666667	0.625	0.125	0.666666666667	0.307692307692	0.2	0.2	0.5	0.25	0.0
150	0.352941176471	0.375	0.1	0.25	0.375	0.333333333333	0.285714285714	0.666666666667	0.0909090909091	0.615384615385	0.375	0.285714285714	0.5	0.5	0.375	0.181818181818
200	0.458333333333	0.363636363636	0.214285714286	0.285714285714	0.5	0.333333333333	0.538461538462	0.692307692308	0.0833333333333	0.625	0.411764705882	0.272727272727	0.615384615385	0.25	0.5	0.181818181818
250	0.518518518519	0.357142857143	0.315789473684	0.285714285714	0.545454545455	0.352941176471	0.533333333333	0.666666666667	0.294117647059	0.684210526316	0.545454545455	0.375	0.529411764706	0.25	0.533333333333	0.333333333333
300	0.5	0.333333333333	0.318181818182	0.375	0.5625	0.333333333333	0.578947368421	0.666666666667	0.380952380952	0.65	0.677419354839	0.368421052632	0.555555555556	0.5	0.55	0.5
350	0.516129032258	0.380952380952	0.347826086957	0.5	0.636363636364	0.409090909091	0.52380952381	0.75	0.44	0.636363636364	0.714285714286	0.347826086957	0.578947368421	0.5	0.55	0.5
400	0.545454545455	0.4	0.428571428571	0.538461538462	0.666666666667	0.428571428571	0.545454545455	0.75	0.481481481481	0.692307692308	0.702702702703	0.36	0.625	0.555555555556	0.6	0.56
450	0.594594594595	0.413793103448	0.46875	0.625	0.68	0.41935483871	0.583333333333	0.761904761905	0.53125	0.689655172414	0.725	0.384615384615	0.689655172414	0.555555555556	0.642857142857	0.606060606061
500	0.605263157895	0.4	0.512820512821	0.6	0.724137931034	0.424242424242	0.56	0.777777777778	0.515151515152	0.65625	0.731707317073	0.384615384615	0.685714285714	0.521739130435	0.583333333333	0.606060606061
550	0.625	0.375	0.512820512821	0.64	0.764705882353	0.4	0.586206896552	0.766666666667	0.564102564103	0.666666666667	0.75	0.484848484848	0.675675675676	0.592592592593	0.615384615385	0.617647058824
600	0.651162790698	0.432432432432	0.512820512821	0.653846153846	0.789473684211	0.447368421053	0.548387096774	0.794117647059	0.585365853659	0.648648648649	0.770833333333	0.485714285714	0.682926829268	0.620689655172	0.652173913043	0.594594594595
650	0.666666666667	0.45	0.547619047619	0.653846153846	0.822222222222	0.463414634146	0.542857142857	0.771428571429	0.595238095238	0.666666666667	0.78	0.485714285714	0.68085106383	0.633333333333	0.7	0.605263157895
700	0.666666666667	0.463414634146	0.545454545455	0.642857142857	0.816326530612	0.5	0.578947368421	0.794871794872	0.630434782609	0.68	0.86	0.485714285714	0.69387755102	0.666666666667	0.74	0.642857142857
750	0.68085106383	0.477272727273	0.5625	0.642857142857	0.82	0.520833333333	0.571428571429	0.818181818182	0.632653061224	0.68	0.92	0.5	0.72	0.684210526316	0.72	0.673913043478
800	0.74	0.52	0.62	0.6875	0.9	0.52	0.581395348837	0.816326530612	0.72	0.68	0.92	0.486486486486	0.72	0.666666666667	0.72	0.673913043478
850	0.8	0.56	0.66	0.736842105263	0.9	0.56	0.590909090909	0.84	0.78	0.7	0.88	0.487179487179	0.72	0.690476190476	0.72	0.6875
900	0.88	0.58	0.68	0.731707317073	0.92	0.58	0.612244897959	0.84	0.82	0.7	0.88	0.5	0.72	0.688888888889	0.74	0.74
950	0.9	0.56	0.7	0.755555555556	0.92	0.64	0.62	0.86	0.84	0.7	0.88	0.488372093023	0.7	0.68	0.76	0.76
1000	0.94	0.58	0.76	0.755555555556	0.94	0.62	0.64	0.86	0.84	0.74	0.9	0.521739130435	0.72	0.72	0.76	0.78
1050	0.96	0.58	0.76	0.78	0.94	0.66	0.68	0.84	0.84	0.76	0.9	0.56	0.74	0.74	0.74	0.82
1100	0.92	0.56	0.78	0.82	0.92	0.72	0.68	0.84	0.84	0.76	0.9	0.62	0.74	0.74	0.78	0.84
1150	0.92	0.58	0.76	0.86	0.92	0.74	0.68	0.84	0.86	0.74	0.92	0.66	0.74	0.8	0.78	0.86
1200	0.92	0.6	0.74	0.86	0.92	0.8	0.66	0.82	0.88	0.74	0.94	0.7	0.74	0.84	0.78	0.86
1250	0.94	0.62	0.76	0.84	0.92	0.84	0.64	0.8	0.88	0.76	0.92	0.72	0.76	0.84	0.78	0.86
1300	0.94	0.64	0.8	0.86	0.9	0.88	0.66	0.82	0.88	0.76	0.92	0.7	0.74	0.84	0.78	0.88
1350	0.94	0.62	0.8	0.88	0.92	0.88	0.68	0.82	0.88	0.8	0.92	0.68	0.72	0.84	0.8	0.86
1400	0.94	0.64	0.8	0.9	0.92	0.88	0.74	0.82	0.88	0.82	0.92	0.68	0.72	0.84	0.78	0.88
1450	0.94	0.68	0.78	0.92	0.92	0.88	0.72	0.84	0.86	0.8	0.9	0.68	0.74	0.8	0.78	0.86
1500	0.94	0.74	0.78	0.92	0.92	0.9	0.7	0.84	0.86	0.84	0.9	0.66	0.74	0.82	0.8	0.86
1550	0.9	0.72	0.8	0.94	0.92	0.86	0.7	0.82	0.84	0.84	0.9	0.62	0.76	0.86	0.76	0.8
1600	0.9	0.72	0.78	0.94	0.92	0.86	0.68	0.82	0.84	0.84	0.92	0.58	0.76	0.86	0.78	0.8
1650	0.88	0.68	0.78	0.94	0.94	0.86	0.66	0.82	0.84	0.86	0.92	0.58	0.76	0.88	0.82	0.78
1700	0.88	0.68	0.82	0.92	0.94	0.86	0.68	0.84	0.84	0.86	0.9	0.58	0.78	0.86	0.82	0.78
1750	0.88	0.7	0.84	0.92	0.94	0.84	0.7	0.84	0.82	0.82	0.9	0.58	0.82	0.88	0.82	0.78
1800	0.88	0.7	0.86	0.92	0.94	0.8	0.68	0.84	0.86	0.82	0.88	0.6	0.82	0.86	0.82	0.82
1850	0.88	0.74	0.86	0.9	0.94	0.78	0.68	0.84	0.84	0.82	0.84	0.56	0.82	0.86	0.84	0.8
1900	0.86	0.74	0.86	0.9	0.94	0.76	0.7	0.82	0.86	0.84	0.82	0.56	0.78	0.86	0.84	0.8
1950	0.9	0.76	0.9	0.92	0.94	0.76	0.72	0.86	0.86	0.8	0.8	0.56	0.78	0.86	0.8	0.78
2000	0.9	0.74	0.9	0.92	0.94	0.74	0.7	0.86	0.86	0.82	0.78	0.52	0.76	0.86	0.8	0.78
2050	0.9	0.74	0.9	0.92	0.94	0.72	0.72	0.82	0.86	0.82	0.8	0.46	0.78	0.86	0.82	0.78
2100	0.92	0.74	0.9	0.94	0.96	0.7	0.72	0.82	0.88	0.8	0.82	0.48	0.78	0.86	0.82	0.76
2150	0.92	0.72	0.88	0.94	0.92	0.68	0.72	0.8	0.9	0.78	0.82	0.58	0.78	0.86	0.78	0.76
2200	0.92	0.68	0.88	0.94	0.92	0.68	0.72	0.82	0.9	0.74	0.8	0.58	0.8	0.86	0.78	0.76
2250	0.92	0.7	0.88	0.94	0.94	0.68	0.72	0.82	0.9	0.72	0.82	0.58	0.84	0.86	0.76	0.74
2300	0.92	0.72	0.86	0.94	0.94	0.76	0.7	0.78	0.9	0.7	0.78	0.6	0.84	0.86	0.76	0.74
2350	0.92	0.7	0.86	0.94	0.9	0.74	0.68	0.78	0.92	0.74	0.76	0.64	0.84	0.8	0.76	0.74
2400	0.94	0.68	0.86	0.94	0.86	0.74	0.66	0.78	0.94	0.74	0.76	0.64	0.82	0.82	0.74	0.78
2450	0.94	0.64	0.88	0.94	0.82	0.74	0.6	0.78	0.94	0.7	0.76	0.64	0.84	0.82	0.74	0.8
2500	0.96	0.64	0.88	0.96	0.82	0.76	0.62	0.78	0.94	0.7	0.78	0.64	0.82	0.84	0.72	0.76
2550	0.96	0.64	0.86	0.98	0.8	0.74	0.64	0.76	0.94	0.7	0.8	0.66	0.84	0.84	0.72	0.76
2600	0.96	0.6	0.88	0.96	0.78	0.74	0.68	0.78	0.94	0.7	0.82	0.66	0.84	0.84	0.7	0.74
2650	0.92	0.62	0.88	0.96	0.76	0.76	0.66	0.8	0.92	0.7	0.82	0.68	0.84	0.86	0.66	0.74
2700	0.94	0.6	0.86	0.96	0.74	0.78	0.68	0.76	0.92	0.74	0.82	0.68	0.84	0.88	0.64	0.72
2750	0.94	0.6	0.86	0.94	0.72	0.78	0.68	0.76	0.92	0.72	0.82	0.68	0.86	0.88	0.64	0.7
2800	0.92	0.62	0.84	0.94	0.74	0.78	0.68	0.76	0.92	0.72	0.82	0.72	0.9	0.88	0.62	0.7
2850	0.92	0.6	0.84	0.94	0.76	0.8	0.68	0.78	0.92	0.76	0.82	0.74	0.88	0.86	0.64	0.72
2900	0.9	0.56	0.84	0.94	0.76	0.86	0.68	0.76	0.94	0.76	0.84	0.74	0.88	0.82	0.64	0.74
2950	0.9	0.58	0.88	0.92	0.76	0.86	0.66	0.76	0.94	0.78	0.84	0.74	0.86	0.86	0.62	0.76
3000	0.88	0.58	0.88	0.92	0.82	0.86	0.64	0.76	0.92	0.78	0.84	0.72	0.86	0.86	0.64	0.74
3050	0.88	0.6	0.88	0.9	0.84	0.86	0.7	0.78	0.92	0.8	0.84	0.76	0.86	0.84	0.64	0.7
3100	0.9	0.62	0.86	0.9	0.86	0.86	0.76	0.8	0.92	0.82	0.84	0.7	0.88	0.88	0.62	0.72
3150	0.88	0.6	0.86	0.9	0.88	0.86	0.76	0.76	0.92	0.82	0.84	0.74	0.9	0.86	0.62	0.68
3200	0.88	0.62	0.88	0.88	0.88	0.84	0.78	0.76	0.94	0.84	0.82	0.72	0.92	0.86	0.64	0.68
3250	0.86	0.62	0.9	0.88	0.88	0.86	0.76	0.76	0.94	0.82	0.82	0.74	0.94	0.86	0.66	0.72
3300	0.86	0.62	0.9	0.88	0.92	0.88	0.76	0.78	0.92	0.82	0.86	0.72	0.92	0.86	0.7	0.72
3350	0.9	0.66	0.9	0.88	0.92	0.88	0.74	0.78	0.92	0.84	0.88	0.7	0.9	0.86	0.66	0.72
3400	0.88	0.62	0.9	0.88	0.94	0.92	0.74	0.76	0.92	0.82	0.88	0.68	0.92	0.84	0.68	0.72
3450	0.9	0.62	0.88	0.88	0.94	0.94	0.72	0.76	0.9	0.8	0.88	0.68	0.92	0.82	0.72	0.72
3500	0.92	0.62	0.9	0.88	0.96	0.96	0.7	0.76	0.9	0.78	0.86	0.7	0.92	0.8	0.72	0.74
3550	0.9	0.6	0.9	0.88	0.98	0.92	0.74	0.78	0.9	0.8	0.86	0.7	0.92	0.76	0.76	0.76
3600	0.9	0.58	0.9	0.86	0.94	0.94	0.76	0.78	0.9	0.78	0.86	0.72	0.94	0.76	0.78	0.74
3650	0.9	0.58	0.86	0.86	0.94	0.92	0.76	0.84	0.9	0.78	0.86	0.7	0.94	0.76	0.78	0.74
3700	0.9	0.56	0.88	0.86	0.94	0.92	0.76	0.78	0.88	0.78	0.86	0.7	0.94	0.78	0.8	0.78
3750	0.9	0.56	0.86	0.86	0.94	0.9	0.76	0.8	0.88	0.78	0.86	0.64	0.94	0.78	0.8	0.78
3800	0.88	0.62	0.88	0.86	0.94	0.92	0.76	0.8	0.88	0.74	0.86	0.64	0.94	0.8	0.76	0.76
3850	0.88	0.58	0.86	0.82	0.94	0.9	0.76	0.8	0.9	0.72	0.88	0.64	0.94	0.82	0.76	0.76
3900	0.9	0.56	0.88	0.8	0.92	0.9	0.74	0.76	0.9	0.72	0.86	0.64	0.94	0.82	0.76	0.76
3950	0.92	0.54	0.88	0.84	0.92	0.9	0.74	0.76	0.9	0.72	0.86	0.64	0.94	0.84	0.76	0.78
4000	0.92	0.56	0.88	0.86	0.92	0.9	0.74	0.78	0.92	0.76	0.84	0.64	0.94	0.84	0.74	0.78
4050	0.9	0.56	0.9	0.86	0.92	0.9	0.78	0.78	0.9	0.72	0.86	0.7	0.92	0.84	0.76	0.78
4100	0.92	0.58	0.9	0.88	0.92	0.9	0.82	0.8	0.9	0.7	0.84	0.68	0.92	0.82	0.78	0.78
4150	0.92	0.58	0.9	0.88	0.92	0.9	0.84	0.78	0.9	0.7	0.82	0.68	0.94	0.82	0.76	0.76
4200	0.92	0.6	0.9	0.84	0.94	0.9	0.88	0.76	0.9	0.72	0.8	0.68	0.96	0.84	0.74	0.78
4250	0.92	0.6	0.94	0.86	0.96	0.9	0.86	0.76	0.9	0.7	0.76	0.7	0.96	0.86	0.76	0.78
4300	0.96	0.6	0.94	0.88	0.96	0.92	0.86	0.74	0.88	0.72	0.76	0.7	0.94	0.86	0.76	0.78
4350	0.94	0.62	0.94	0.88	0.94	0.94	0.84	0.72	0.9	0.72	0.74	0.68	0.94	0.88	0.76	0.76
4400	0.94	0.64	0.94	0.9	0.96	0.92	0.88	0.7	0.9	0.72	0.76	0.7	0.94	0.88	0.76	0.78
4450	0.94	0.62	0.9	0.9	0.96	0.92	0.86	0.7	0.88	0.72	0.76	0.66	0.94	0.9	0.74	0.76
4500	0.92	0.66	0.9	0.92	0.94	0.92	0.84	0.7	0.9	0.7	0.78	0.68	0.94	0.94	0.76	0.72
4550	0.94	0.66	0.9	0.92	0.94	0.94	0.86	0.7	0.92	0.7	0.78	0.68	0.94	0.94	0.78	0.72
4600	0.92	0.66	0.92	0.92	0.94	0.96	0.88	0.72	0.92	0.7	0.8	0.68	0.96	0.94	0.82	0.7
4650	0.92	0.68	0.9	0.9	0.92	0.96	0.84	0.72	0.92	0.7	0.8	0.66	0.94	0.94	0.8	0.68
4700	0.9	0.72	0.88	0.88	0.94	0.96	0.84	0.76	0.92	0.7	0.82	0.68	0.92	0.94	0.8	0.68
4750	0.9	0.7	0.86	0.88	0.94	0.96	0.82	0.76	0.92	0.68	0.82	0.68	0.94	0.94	0.78	0.74
4800	0.9	0.7	0.88	0.88	0.94	0.96	0.82	0.8	0.92	0.68	0.84	0.64	0.94	0.94	0.78	0.74
4850	0.9	0.7	0.84	0.88	0.94	0.96	0.82	0.78	0.9	0.68	0.84	0.64	0.94	0.94	0.76	0.74
4900	0.88	0.74	0.84	0.88	0.92	0.96	0.84	0.78	0.9	0.7	0.88	0.62	0.92	0.94	0.74	0.74
4950	0.88	0.76	0.84	0.88	0.92	0.96	0.8	0.78	0.92	0.64	0.88	0.64	0.92	0.92	0.74	0.72
5000	0.86	0.78	0.84	0.86	0.9	0.96	0.82	0.8	0.92	0.7	0.9	0.62	0.92	0.92	0.76	0.72
5050	0.86	0.78	0.84	0.86	0.9	0.98	0.82	0.78	0.94	0.68	0.92	0.56	0.9	0.92	0.74	0.68
5100	0.86	0.76	0.84	0.86	0.9	0.98	0.82	0.82	0.94	0.66	0.94	0.54	0.9	0.9	0.74	0.66
5150	0.86	0.76	0.84	0.86	0.9	0.94	0.84	0.84	0.94	0.66	0.96	0.54	0.88	0.9	0.76	0.64
5200	0.86	0.76	0.82	0.86	0.92	0.94	0.86	0.86	0.96	0.66	0.98	0.6	0.9	0.9	0.76	0.64
5250	0.84	0.78	0.76	0.86	0.92	0.94	0.84	0.88	0.96	0.66	0.98	0.6	0.9	0.9	0.76	0.66
5300	0.84	0.8	0.82	0.86	0.92	0.92	0.82	0.86	0.96	0.68	0.98	0.64	0.9	0.9	0.78	0.68
5350	0.86	0.82	0.8	0.86	0.94	0.9	0.8	0.82	0.94	0.68	1.0	0.62	0.9	0.86	0.82	0.68
5400	0.86	0.82	0.8	0.9	0.94	0.88	0.8	0.82	0.94	0.68	1.0	0.62	0.9	0.84	0.84	0.68
5450	0.86	0.82	0.82	0.9	0.94	0.88	0.76	0.82	0.94	0.7	1.0	0.66	0.9	0.84	0.84	0.7
5500	0.88	0.88	0.84	0.88	0.94	0.88	0.76	0.82	0.94	0.72	0.98	0.64	0.92	0.82	0.84	0.72
5550	0.88	0.88	0.84	0.88	0.94	0.88	0.74	0.82	0.92	0.74	0.98	0.66	0.94	0.82	0.84	0.74
5600	0.9	0.92	0.84	0.9	0.96	0.88	0.74	0.84	0.94	0.78	0.98	0.66	0.94	0.82	0.84	0.74
5650	0.9	0.92	0.86	0.92	0.96	0.88	0.76	0.86	0.94	0.8	0.98	0.7	0.92	0.8	0.86	0.76
5700	0.9	0.94	0.82	0.92	0.96	0.88	0.72	0.86	0.94	0.78	0.98	0.74	0.92	0.8	0.86	0.78
5750	0.9	0.94	0.82	0.92	0.98	0.86	0.72	0.86	0.94	0.8	0.98	0.72	0.94	0.8	0.9	0.82
5800	0.86	0.94	0.8	0.92	0.98	0.88	0.7	0.86	0.94	0.82	0.98	0.72	0.94	0.8	0.92	0.88
5850	0.84	0.94	0.78	0.94	1.0	0.88	0.66	0.88	0.94	0.82	0.94	0.7	0.94	0.8	0.94	0.86
5900	0.84	0.96	0.78	0.94	1.0	0.9	0.62	0.88	0.94	0.84	0.94	0.72	0.96	0.8	0.92	0.84
5950	0.84	0.94	0.76	0.96	1.0	0.9	0.6	0.88	0.94	0.84	0.92	0.74	0.96	0.82	0.9	0.82
6000	0.84	0.94	0.78	0.96	1.0	0.9	0.6	0.86	0.94	0.86	0.9	0.72	0.96	0.84	0.94	0.84
6050	0.84	0.94	0.76	0.94	1.0	0.92	0.56	0.82	0.94	0.86	0.9	0.68	0.94	0.86	0.88	0.84
6100	0.82	0.94	0.74	0.94	1.0	0.92	0.56	0.84	0.94	0.86	0.9	0.66	0.94	0.88	0.88	0.84
6150	0.82	0.94	0.74	0.94	1.0	0.92	0.58	0.84	0.94	0.9	0.9	0.68	0.94	0.92	0.88	0.84
6200	0.82	0.94	0.72	0.94	1.0	0.92	0.62	0.88	0.94	0.86	0.9	0.72	0.94	0.92	0.88	0.84
6250	0.8	0.92	0.74	0.94	0.98	0.94	0.6	0.84	0.96	0.86	0.9	0.74	0.94	0.92	0.88	0.82
6300	0.8	0.92	0.74	0.94	0.98	0.94	0.64	0.84	0.94	0.86	0.9	0.7	0.94	0.92	0.88	0.78
6350	0.78	0.92	0.72	0.96	0.98	0.94	0.64	0.84	0.96	0.86	0.9	0.72	0.96	0.92	0.88	0.78
6400	0.78	0.92	0.7	0.92	0.96	0.94	0.62	0.84	0.96	0.86	0.9	0.72	0.96	0.9	0.86	0.76
6450	0.8	0.92	0.68	0.92	0.96	0.92	0.64	0.8	0.98	0.86	0.9	0.7	0.9	0.9	0.84	0.76
6500	0.82	0.92	0.68	0.92	0.96	0.92	0.62	0.8	0.98	0.86	0.86	0.68	0.92	0.9	0.84	0.76
6550	0.84	0.9	0.7	0.92	0.96	0.92	0.62	0.78	0.96	0.86	0.88	0.66	0.92	0.9	0.84	0.76
6600	0.86	0.9	0.7	0.92	0.96	0.9	0.64	0.76	0.94	0.88	0.9	0.62	0.92	0.88	0.86	0.78
6650	0.84	0.9	0.68	0.92	0.96	0.9	0.7	0.76	0.94	0.86	0.86	0.64	0.92	0.88	0.86	0.78
6700	0.86	0.9	0.68	0.92	0.96	0.92	0.74	0.76	0.94	0.86	0.86	0.62	0.92	0.88	0.86	0.74
6750	0.88	0.88	0.64	0.92	0.96	0.9	0.78	0.78	0.94	0.86	0.84	0.64	0.92	0.88	0.88	0.72
6800	0.84	0.92	0.62	0.92	0.94	0.9	0.78	0.78	0.94	0.88	0.86	0.62	0.94	0.88	0.88	0.74
6850	0.86	0.94	0.64	0.94	0.94	0.9	0.82	0.78	0.94	0.88	0.86	0.64	0.94	0.9	0.88	0.76
6900	0.84	0.94	0.64	0.94	0.94	0.92	0.8	0.82	0.94	0.88	0.86	0.64	0.94	0.9	0.86	0.78
6950	0.86	0.94	0.66	0.94	0.94	0.9	0.82	0.84	0.94	0.86	0.84	0.64	0.94	0.88	0.82	0.78
7000	0.84	0.92	0.66	0.92	0.94	0.9	0.82	0.84	0.94	0.86	0.82	0.64	0.94	0.88	0.82	0.76
7050	0.82	0.92	0.68	0.92	0.92	0.9	0.78	0.82	0.94	0.88	0.82	0.64	0.94	0.86	0.82	0.76
7100	0.82	0.94	0.7	0.92	0.94	0.9	0.76	0.82	0.94	0.88	0.82	0.66	0.94	0.88	0.82	0.76
7150	0.78	0.92	0.68	0.92	0.94	0.92	0.78	0.8	0.94	0.9	0.82	0.68	0.94	0.9	0.82	0.76
7200	0.76	0.9	0.68	0.94	0.94	0.92	0.8	0.78	0.96	0.88	0.82	0.7	0.94	0.88	0.82	0.78
7250	0.72	0.9	0.72	0.94	0.96	0.92	0.82	0.8	0.96	0.86	0.8	0.72	0.98	0.86	0.82	0.82
7300	0.72	0.9	0.72	0.92	0.94	0.92	0.78	0.82	0.96	0.86	0.8	0.74	1.0	0.86	0.8	0.84
7350	0.74	0.88	0.74	0.9	0.94	0.94	0.78	0.82	0.94	0.88	0.8	0.74	1.0	0.88	0.8	0.82
7400	0.74	0.88	0.74	0.9	0.94	0.94	0.74	0.84	0.94	0.88	0.82	0.76	1.0	0.88	0.8	0.8
7450	0.74	0.88	0.74	0.88	0.94	0.94	0.7	0.88	0.96	0.92	0.82	0.78	1.0	0.88	0.78	0.84
7500	0.74	0.86	0.74	0.86	0.92	0.96	0.72	0.88	0.96	0.92	0.82	0.76	1.0	0.88	0.76	0.84
7550	0.74	0.86	0.78	0.86	0.92	0.96	0.7	0.9	0.96	0.92	0.82	0.74	1.0	0.86	0.78	0.84
7600	0.74	0.86	0.84	0.86	0.92	0.96	0.7	0.88	0.96	0.94	0.86	0.72	1.0	0.86	0.78	0.84
7650	0.8	0.84	0.84	0.86	0.92	0.98	0.7	0.88	0.96	0.94	0.88	0.68	1.0	0.82	0.78	0.86
7700	0.74	0.82	0.88	0.88	0.92	0.98	0.68	0.86	0.96	0.94	0.88	0.72	1.0	0.82	0.78	0.86
7750	0.72	0.82	0.86	0.88	0.92	0.98	0.7	0.86	0.96	0.92	0.86	0.72	1.0	0.8	0.8	0.86
7800	0.8	0.84	0.9	0.88	0.94	0.96	0.74	0.86	0.96	0.92	0.86	0.74	1.0	0.8	0.8	0.86
7850	0.8	0.82	0.86	0.88	0.94	0.96	0.74	0.86	0.96	0.94	0.9	0.72	1.0	0.84	0.8	0.84
7900	0.82	0.82	0.86	0.88	0.94	0.92	0.74	0.88	0.96	0.96	0.88	0.72	0.98	0.84	0.8	0.84
7950	0.84	0.78	0.86	0.92	0.94	0.92	0.76	0.88	0.96	0.96	0.88	0.7	0.98	0.82	0.82	0.82
8000	0.84	0.8	0.86	0.92	0.94	0.94	0.72	0.9	0.96	0.96	0.9	0.7	0.98	0.82	0.82	0.84
8050	0.84	0.82	0.86	0.92	0.96	0.94	0.74	0.9	0.96	0.96	0.92	0.72	0.98	0.84	0.84	0.86
8100	0.88	0.8	0.84	0.94	0.96	0.92	0.74	0.9	0.96	0.96	0.92	0.74	0.96	0.84	0.84	0.82
8150	0.88	0.84	0.86	0.94	0.96	0.92	0.74	0.9	0.96	0.94	0.92	0.74	0.96	0.84	0.84	0.82
8200	0.9	0.82	0.84	0.96	0.96	0.9	0.76	0.9	0.98	0.94	0.92	0.76	0.96	0.86	0.86	0.82
8250	0.88	0.82	0.78	0.96	0.96	0.88	0.76	0.88	0.98	0.94	0.92	0.78	0.96	0.86	0.82	0.82
8300	0.88	0.82	0.76	0.96	0.96	0.84	0.74	0.88	1.0	0.94	0.94	0.78	0.96	0.86	0.8	0.82
8350	0.88	0.84	0.76	0.96	0.96	0.84	0.8	0.88	1.0	0.96	0.94	0.8	0.96	0.88	0.8	0.86
8400	0.86	0.84	0.76	0.96	0.98	0.84	0.84	0.88	1.0	0.96	0.98	0.82	0.96	0.88	0.78	0.82
8450	0.86	0.86	0.74	0.98	0.98	0.86	0.84	0.92	1.0	0.96	0.98	0.82	0.96	0.9	0.78	0.84
8500	0.86	0.88	0.7	0.98	1.0	0.86	0.84	0.92	0.98	0.94	0.98	0.8	0.94	0.9	0.78	0.82
8550	0.84	0.9	0.7	0.96	1.0	0.88	0.82	0.9	0.98	0.94	0.98	0.8	0.94	0.9	0.76	0.8
8600	0.86	0.9	0.7	0.96	1.0	0.88	0.82	0.88	0.98	0.96	0.98	0.78	0.94	0.92	0.78	0.78
8650	0.88	0.9	0.7	0.94	0.96	0.88	0.82	0.88	0.98	0.96	1.0	0.8	0.96	0.94	0.8	0.78
8700	0.9	0.9	0.7	0.94	0.96	0.88	0.8	0.86	0.98	0.96	1.0	0.8	0.96	0.94	0.78	0.78
8750	0.9	0.88	0.7	0.94	0.96	0.88	0.82	0.86	0.98	0.96	1.0	0.78	0.96	0.94	0.8	0.82
8800	0.9	0.9	0.66	0.94	0.94	0.9	0.82	0.86	0.98	0.96	0.98	0.78	0.96	0.94	0.8	0.82
8850	0.88	0.9	0.7	0.92	0.94	0.9	0.82	0.88	0.98	0.96	0.98	0.76	0.96	0.94	0.78	0.8
8900	0.84	0.9	0.66	0.9	0.94	0.92	0.82	0.84	0.96	0.98	0.98	0.78	0.98	0.92	0.78	0.84
8950	0.84	0.9	0.72	0.92	0.94	0.9	0.86	0.84	0.96	0.98	0.98	0.78	0.96	0.9	0.78	0.84
9000	0.8	0.9	0.76	0.9	0.94	0.92	0.86	0.82	0.94	0.98	0.98	0.78	0.96	0.9	0.82	0.86
9050	0.76	0.9	0.76	0.88	0.94	0.96	0.88	0.82	0.94	0.98	0.98	0.76	0.96	0.9	0.82	0.8
9100	0.74	0.9	0.76	0.86	0.94	0.96	0.86	0.82	0.94	0.98	0.98	0.74	0.96	0.94	0.8	0.82
9150	0.76	0.92	0.78	0.86	0.94	0.96	0.88	0.82	0.94	0.98	0.98	0.76	0.96	0.94	0.82	0.82
9200	0.78	0.92	0.82	0.86	0.94	0.96	0.88	0.82	0.94	0.96	0.98	0.76	0.96	0.94	0.82	0.82
9250	0.78	0.92	0.84	0.86	0.94	0.96	0.86	0.78	0.94	0.96	0.98	0.74	0.96	0.92	0.82	0.82
9300	0.78	0.92	0.82	0.86	0.92	0.94	0.9	0.8	0.96	0.96	0.98	0.76	0.96	0.9	0.84	0.86
9350	0.76	0.92	0.84	0.84	0.92	0.96	0.9	0.8	0.96	0.98	0.98	0.76	0.96	0.88	0.84	0.82
9400	0.74	0.9	0.86	0.84	0.9	0.96	0.9	0.8	0.96	0.96	0.98	0.78	0.98	0.88	0.84	0.82
9450	0.74	0.88	0.88	0.82	0.9	0.96	0.9	0.8	0.96	0.96	0.98	0.78	0.98	0.86	0.84	0.8
9500	0.72	0.9	0.86	0.84	0.88	0.96	0.88	0.78	0.96	0.96	0.98	0.74	0.98	0.86	0.84	0.8
9550	0.7	0.92	0.86	0.86	0.88	0.96	0.88	0.78	0.96	0.94	0.98	0.74	0.98	0.86	0.84	0.78
9600	0.68	0.9	0.86	0.86	0.88	0.96	0.9	0.78	0.98	0.94	0.98	0.74	0.98	0.88	0.82	0.78
9650	0.68	0.9	0.9	0.86	0.86	0.96	0.88	0.76	0.98	0.94	0.98	0.74	0.98	0.86	0.82	0.78
9700	0.68	0.9	0.9	0.86	0.86	0.96	0.88	0.8	0.98	0.94	0.98	0.74	0.96	0.86	0.8	0.76
9750	0.68	0.9	0.9	0.88	0.88	0.94	0.88	0.8	1.0	0.94	0.98	0.78	0.98	0.88	0.8	0.76
9800	0.7	0.9	0.9	0.9	0.86	0.94	0.84	0.8	1.0	0.94	0.98	0.8	0.98	0.88	0.8	0.78
9850	0.74	0.9	0.92	0.92	0.86	0.96	0.82	0.82	1.0	0.94	0.98	0.8	0.98	0.88	0.82	0.78
9900	0.72	0.88	0.92	0.94	0.84	0.94	0.76	0.78	0.98	0.94	0.98	0.8	0.98	0.88	0.8	0.76
9950	0.72	0.86	0.92	0.96	0.84	0.94	0.78	0.8	0.96	0.94	0.98	0.8	0.98	0.88	0.78	0.74
10000	0.74	0.84	0.92	0.96	0.82	0.94	0.76	0.82	0.96	0.94	0.98	0.8	0.98	0.88	0.78	0.74
10050	0.72	0.84	0.92	0.96	0.82	0.94	0.76	0.82	0.94	0.92	0.98	0.84	0.98	0.88	0.76	0.74
10100	0.7	0.84	0.94	0.94	0.84	0.96	0.74	0.84	0.94	0.92	0.98	0.82	0.98	0.9	0.76	0.76
10150	0.72	0.82	0.94	0.94	0.84	0.96	0.74	0.88	0.94	0.92	0.96	0.84	0.98	0.94	0.76	0.76
10200	0.74	0.82	0.96	0.94	0.84	0.96	0.76	0.9	0.94	0.94	0.94	0.88	0.98	0.94	0.76	0.78
10250	0.74	0.84	0.96	0.96	0.86	0.96	0.78	0.9	0.94	0.94	0.94	0.88	0.98	0.94	0.76	0.82
10300	0.76	0.84	0.96	0.96	0.86	0.96	0.78	0.9	0.94	0.98	0.96	0.9	0.98	0.96	0.76	0.84
10350	0.76	0.86	0.94	0.96	0.9	0.96	0.8	0.92	0.94	0.98	0.96	0.9	1.0	0.94	0.76	0.86
10400	0.82	0.86	0.94	0.96	0.88	0.96	0.82	0.92	0.94	0.98	0.96	0.9	1.0	0.94	0.78	0.9
10450	0.84	0.86	0.94	0.96	0.9	0.98	0.84	0.94	0.94	0.98	0.96	0.9	0.98	0.98	0.82	0.9
10500	0.86	0.88	0.94	0.96	0.92	0.98	0.86	0.94	0.94	0.98	0.96	0.92	0.96	0.98	0.82	0.9
10550	0.9	0.88	0.94	0.94	0.92	0.98	0.88	0.98	0.94	0.98	0.96	0.94	0.94	0.98	0.86	0.92
10600	0.9	0.88	0.96	0.94	0.94	1.0	0.9	1.0	0.94	1.0	0.94	0.96	0.94	0.98	0.86	0.96
10650	0.92	0.88	0.98	0.94	0.96	1.0	0.92	1.0	0.94	1.0	0.94	0.98	0.94	0.98	0.86	0.98
10700	0.98	0.9	0.98	0.96	0.96	1.0	0.94	0.98	0.96	1.0	0.96	0.98	0.94	0.98	0.94	0.98
10750	0.98	0.94	0.98	0.96	0.96	1.0	0.94	0.98	0.98	1.0	0.94	1.0	0.94	0.98	1.0	0.98
10800	1.0	0.94	0.98	0.98	0.96	0.98	0.96	0.96	0.98	0.98	0.96	1.0	0.94	0.98	1.0	0.98
10850	1.0	0.96	0.98	0.98	0.96	0.98	0.96	0.96	0.98	0.96	0.96	1.0	0.94	0.98	1.0	0.98
10900	1.0	0.94	0.98	0.98	0.96	0.98	0.96	0.94	0.98	0.96	0.96	1.0	0.92	0.98	1.0	0.96
10950	1.0	0.96	0.98	0.98	0.96	0.96	0.98	0.94	1.0	0.96	0.96	1.0	0.92	0.98	1.0	0.98
11000	1.0	0.96	0.96	0.98	0.98	0.94	0.98	0.92	1.0	0.96	0.96	1.0	0.92	1.0	1.0	0.98
11050	1.0	0.96	0.96	0.98	1.0	0.94	0.98	0.92	1.0	0.96	0.96	1.0	0.94	1.0	1.0	0.98
11100	1.0	0.96	0.98	0.98	1.0	0.94	0.98	0.92	1.0	0.94	0.96	1.0	0.94	1.0	1.0	0.98
11150	1.0	0.96	0.98	0.98	1.0	0.94	0.98	0.92	1.0	0.94	0.96	1.0	0.98	0.98	1.0	0.98
11200	1.0	0.96	0.98	1.0	1.0	0.92	0.98	0.92	1.0	0.94	0.96	1.0	0.98	0.98	1.0	0.96
11250	1.0	0.96	0.96	1.0	1.0	0.92	1.0	0.94	1.0	0.94	0.96	1.0	0.98	0.98	1.0	0.96
11300	1.0	0.96	0.94	1.0	1.0	0.92	1.0	0.94	1.0	0.94	0.96	1.0	0.98	0.98	1.0	0.94
11350	1.0	0.98	0.94	1.0	1.0	0.92	1.0	0.96	1.0	0.92	0.96	1.0	0.98	0.98	1.0	0.94
11400	1.0	0.98	0.94	1.0	1.0	0.92	1.0	0.96	1.0	0.92	0.98	1.0	0.98	0.98	1.0	0.94
11450	1.0	0.98	0.94	0.98	1.0	0.94	1.0	0.94	1.0	0.92	0.98	1.0	0.98	0.98	1.0	0.94
11500	1.0	0.98	0.94	0.98	1.0	0.94	1.0	0.96	1.0	0.92	1.0	1.0	0.98	0.98	1.0	0.96
11550	0.98	0.98	0.94	0.98	1.0	0.94	1.0	0.98	1.0	0.92	1.0	1.0	0.98	0.98	1.0	0.96
11600	0.98	0.98	0.94	0.98	1.0	0.94	1.0	0.98	1.0	0.94	1.0	1.0	0.98	0.98	1.0	0.96
11650	0.98	1.0	0.94	0.96	1.0	0.96	1.0	0.98	1.0	0.96	1.0	1.0	0.98	0.98	1.0	0.96
11700	0.98	1.0	0.94	0.96	1.0	0.98	1.0	0.98	1.0	0.96	1.0	1.0	0.98	0.98	1.0	0.96
11750	0.98	1.0	0.96	0.96	1.0	0.98	1.0	0.98	1.0	0.98	1.0	1.0	1.0	0.98	0.98	0.96
11800	0.98	1.0	0.96	0.96	1.0	0.98	1.0	0.98	1.0	0.98	1.0	1.0	1.0	1.0	0.98	0.94
11850	0.98	1.0	0.96	0.96	1.0	0.98	1.0	0.94	1.0	0.98	1.0	1.0	0.98	1.0	0.98	0.92
11900	0.98	1.0	0.96	0.96	1.0	0.98	1.0	0.94	0.98	0.98	1.0	1.0	0.98	1.0	0.96	0.92
11950	0.98	1.0	0.96	0.96	1.0	0.98	1.0	0.94	0.98	1.0	1.0	1.0	0.98	0.98	0.92	0.92
12000	0.98	1.0	1.0	0.98	1.0	0.98	1.0	0.96	0.98	1.0	1.0	1.0	0.98	0.98	0.92	0.92
12050	0.96	1.0	1.0	0.98	1.0	1.0	1.0	0.96	0.98	1.0	1.0	0.98	0.98	0.98	0.92	0.94
12100	0.96	1.0	1.0	0.98	1.0	1.0	1.0	0.96	0.98	1.0	1.0	0.98	0.98	0.98	0.92	0.94
12150	0.96	1.0	1.0	0.98	1.0	1.0	1.0	0.96	0.98	1.0	1.0	0.98	0.98	0.98	0.92	0.96
12200	0.96	1.0	1.0	0.98	1.0	1.0	1.0	0.96	0.98	0.96	0.98	0.98	0.98	0.98	0.92	0.96
12250	0.96	1.0	1.0	0.98	1.0	1.0	1.0	0.96	0.98	0.96	0.98	0.96	0.98	0.98	0.92	0.96
12300	0.96	1.0	0.98	0.98	1.0	1.0	1.0	0.94	0.98	0.96	0.98	0.96	0.98	0.98	0.92	0.96
12350	0.96	1.0	0.98	0.98	1.0	1.0	1.0	0.94	0.98	0.96	0.98	0.96	0.98	0.98	0.92	0.96
12400	0.96	1.0	0.98	0.98	1.0	1.0	1.0	0.94	0.98	0.96	0.96	0.96	0.98	0.98	0.92	0.92
12450	0.96	1.0	0.98	0.98	1.0	1.0	1.0	0.94	0.96	0.94	0.96	0.96	1.0	0.98	0.92	0.96
12500	0.94	1.0	0.98	0.96	1.0	1.0	1.0	0.94	0.96	0.92	0.96	0.94	1.0	0.98	0.94	0.96
12550	0.94	1.0	0.98	0.96	1.0	1.0	1.0	0.94	0.96	0.92	0.96	0.94	1.0	1.0	0.94	0.96
12600	0.94	1.0	0.96	0.96	1.0	1.0	1.0	0.98	0.96	0.92	0.96	0.92	0.98	1.0	0.94	0.96
12650	0.96	1.0	0.96	0.92	1.0	1.0	1.0	0.98	0.96	0.92	0.96	0.92	0.98	1.0	0.94	0.96
12700	0.96	1.0	0.96	0.88	1.0	1.0	1.0	0.98	0.98	0.92	0.96	0.92	0.98	0.98	0.94	0.96
12750	0.96	1.0	0.96	0.88	1.0	1.0	1.0	0.98	0.98	0.9	0.96	0.92	0.98	0.98	0.96	0.96
12800	0.96	1.0	0.96	0.88	1.0	1.0	1.0	0.98	0.98	0.9	0.96	0.92	0.98	0.98	0.96	0.96
12850	0.98	1.0	0.96	0.86	1.0	1.0	1.0	0.98	0.98	0.9	0.96	0.94	0.98	0.98	0.98	0.96
12900	0.98	1.0	0.96	0.86	1.0	1.0	1.0	0.98	0.98	0.9	0.96	0.94	0.98	0.98	0.98	0.96
12950	0.98	1.0	0.96	0.88	1.0	1.0	1.0	0.98	0.98	0.9	0.96	0.94	0.98	0.96	0.98	0.96
13000	1.0	1.0	0.96	0.86	1.0	1.0	1.0	0.98	0.98	0.92	0.96	0.96	0.98	0.96	0.98	0.98
13050	1.0	1.0	0.98	0.86	1.0	1.0	1.0	0.98	0.98	0.94	0.98	0.96	0.98	0.96	0.98	0.98
13100	1.0	1.0	0.98	0.86	1.0	1.0	1.0	0.98	1.0	0.94	0.96	0.94	0.98	0.96	0.98	1.0
13150	1.0	1.0	0.98	0.88	1.0	1.0	1.0	0.98	1.0	0.94	0.96	0.96	0.98	0.96	0.98	1.0
13200	1.0	1.0	0.98	0.88	1.0	1.0	1.0	1.0	1.0	0.98	0.94	0.96	0.98	0.96	0.98	0.98
13250	1.0	1.0	1.0	0.88	1.0	1.0	1.0	1.0	1.0	0.98	0.94	0.96	0.98	0.96	0.98	0.98
13300	1.0	1.0	1.0	0.92	1.0	1.0	1.0	1.0	1.0	0.98	0.96	0.98	1.0	0.96	0.98	0.98
13350	1.0	1.0	1.0	0.92	1.0	1.0	1.0	1.0	0.96	0.98	0.96	0.98	1.0	0.98	0.98	0.98
13400	0.98	1.0	1.0	0.96	1.0	1.0	1.0	1.0	0.94	0.96	0.96	0.96	1.0	0.98	0.98	0.98
13450	0.98	1.0	1.0	0.96	1.0	1.0	1.0	1.0	0.94	0.96	0.96	0.96	0.98	0.98	0.98	0.98
13500	0.98	1.0	1.0	0.96	1.0	1.0	1.0	1.0	0.92	0.96	0.96	0.96	0.98	0.98	0.98	0.98
13550	0.98	1.0	1.0	0.98	1.0	1.0	1.0	1.0	0.92	0.96	0.96	0.94	0.98	0.98	0.98	0.98
13600	0.98	1.0	1.0	0.98	0.98	1.0	1.0	1.0	0.92	0.96	0.96	0.94	0.98	1.0	0.98	0.98
13650	0.98	1.0	1.0	0.98	0.98	1.0	1.0	1.0	0.92	0.96	0.96	0.92	0.98	1.0	1.0	0.98
13700	0.98	1.0	1.0	0.98	0.98	1.0	1.0	1.0	0.92	0.96	0.96	0.92	0.98	1.0	1.0	0.98
13750	0.98	1.0	1.0	1.0	0.98	1.0	1.0	1.0	0.92	0.94	0.98	0.9	0.98	1.0	1.0	0.98
13800	0.96	1.0	1.0	1.0	0.98	1.0	1.0	1.0	0.92	0.94	1.0	0.9	0.98	1.0	1.0	0.98
13850	0.96	1.0	1.0	1.0	0.98	1.0	1.0	1.0	0.92	0.94	1.0	0.9	0.98	1.0	1.0	0.98
13900	0.96	1.0	1.0	1.0	0.98	1.0	1.0	1.0	0.92	0.94	1.0	0.92	0.98	1.0	1.0	0.98
13950	0.96	1.0	1.0	1.0	0.98	1.0	1.0	1.0	0.92	0.94	1.0	0.92	0.98	1.0	1.0	0.98
14000	0.94	1.0	1.0	1.0	0.98	1.0	1.0	1.0	0.92	0.94	1.0	0.92	0.98	1.0	1.0	1.0
14050	0.96	1.0	1.0	1.0	0.98	1.0	1.0	1.0	0.92	0.98	1.0	0.92	0.96	1.0	1.0	1.0
14100	0.96	1.0	1.0	1.0	0.98	1.0	1.0	1.0	0.94	0.98	1.0	0.92	0.98	1.0	1.0	1.0
14150	0.96	1.0	1.0	1.0	0.98	1.0	1.0	1.0	0.94	0.98	1.0	0.92	0.98	1.0	1.0	1.0
14200	0.96	1.0	1.0	1.0	0.98	1.0	1.0	1.0	0.94	0.98	1.0	0.94	0.98	1.0	1.0	1.0
14250	0.96	1.0	1.0	1.0	1.0	1.0	1.0	1.0	0.96	0.98	1.0	0.94	0.98	1.0	1.0	1.0
14300	0.96	1.0	1.0	1.0	1.0	1.0	1.0	1.0	0.96	0.98	1.0	0.94	0.98	1.0	1.0	1.0
14350	0.96	1.0	1.0	1.0	1.0	1.0	1.0	1.0	0.98	0.98	1.0	0.96	0.98	1.0	1.0	1.0
14400	0.98	1.0	1.0	1.0	1.0	1.0	1.0	1.0	0.98	0.98	0.98	0.96	0.98	1.0	1.0	1.0
14450	0.98	1.0	1.0	1.0	1.0	1.0	1.0	1.0	0.98	1.0	0.98	0.98	0.98	1.0	1.0	1.0
14500	0.96	1.0	0.98	1.0	1.0	1.0	1.0	1.0	0.98	1.0	0.98	0.98	0.98	1.0	0.98	1.0
14550	0.96	1.0	0.98	1.0	1.0	1.0	1.0	1.0	0.98	1.0	0.98	0.98	0.98	1.0	0.98	0.98
14600	0.96	1.0	0.98	1.0	1.0	1.0	1.0	1.0	0.98	0.98	0.98	0.98	0.98	1.0	0.98	0.98
14650	0.98	1.0	0.98	1.0	1.0	1.0	1.0	1.0	0.98	0.98	0.98	0.98	0.98	1.0	0.98	0.98
14700	0.98	1.0	0.98	1.0	1.0	1.0	0.98	1.0	0.98	0.98	0.98	0.98	0.98	1.0	0.98	0.98
14750	0.98	1.0	0.98	1.0	0.98	1.0	0.98	1.0	1.0	0.98	0.96	0.98	0.98	1.0	0.98	0.98
14800	0.98	1.0	0.98	1.0	0.98	1.0	0.98	1.0	1.0	0.98	0.96	0.98	0.98	1.0	0.98	0.98
14850	0.98	1.0	0.98	1.0	0.98	1.0	0.98	1.0	1.0	0.98	0.96	1.0	0.98	1.0	0.98	0.98
14900	0.96	1.0	0.98	1.0	0.98	1.0	0.98	1.0	1.0	0.98	0.96	1.0	1.0	1.0	0.98	0.98
14950	0.96	1.0	0.98	1.0	0.98	1.0	0.98	1.0	0.98	0.98	0.96	1.0	1.0	1.0	0.98	0.98
15000	0.96	1.0	0.98	1.0	0.98	1.0	0.98	1.0	0.98	0.98	0.96	1.0	1.0	1.0	0.98	0.98
15050	0.96	1.0	0.98	1.0	0.98	1.0	0.98	1.0	0.98	0.96	0.98	1.0	1.0	1.0	0.98	0.98
15100	0.96	1.0	0.98	1.0	0.98	1.0	0.98	1.0	0.98	0.96	0.98	1.0	1.0	1.0	0.98	0.98
15150	0.96	1.0	0.98	1.0	0.98	1.0	0.98	1.0	0.98	0.98	0.98	1.0	1.0	1.0	0.98	0.98
15200	0.98	1.0	0.98	1.0	0.98	1.0	0.98	1.0	0.98	0.98	0.98	1.0	1.0	1.0	0.98	0.98
15250	0.98	1.0	0.98	1.0	0.98	1.0	0.98	1.0	0.98	0.98	0.98	1.0	1.0	1.0	0.96	0.96
15300	0.98	0.98	0.98	1.0	0.98	1.0	0.98	1.0	0.98	0.98	1.0	1.0	1.0	1.0	0.98	0.96
15350	0.98	0.98	0.98	1.0	0.98	1.0	0.98	1.0	0.98	0.98	1.0	1.0	1.0	1.0	0.98	0.96
15400	0.98	0.98	1.0	1.0	0.98	1.0	0.98	0.98	0.98	0.98	1.0	1.0	1.0	1.0	0.98	0.96
15450	0.98	0.98	1.0	1.0	0.96	1.0	0.98	0.98	0.98	0.98	1.0	1.0	0.98	1.0	0.98	0.98
15500	0.98	0.98	1.0	1.0	0.98	1.0	0.98	0.98	0.98	0.98	1.0	1.0	0.98	1.0	0.98	0.98
15550	0.98	0.98	1.0	1.0	0.98	1.0	1.0	0.98	0.98	0.98	1.0	1.0	0.98	1.0	0.98	0.98
15600	0.98	0.98	1.0	1.0	0.98	1.0	1.0	0.98	0.98	0.96	1.0	1.0	0.98	1.0	0.98	0.98
15650	0.98	0.98	1.0	1.0	0.98	1.0	1.0	0.98	0.98	0.96	1.0	1.0	0.98	1.0	0.98	0.98
15700	0.98	0.98	1.0	1.0	0.98	1.0	1.0	0.98	0.98	0.96	1.0	1.0	0.98	0.98	0.98	0.98
15750	0.96	0.98	1.0	1.0	0.98	1.0	1.0	0.98	0.98	0.96	1.0	0.98	0.98	0.98	0.98	0.96
15800	0.96	0.98	1.0	1.0	0.96	0.98	1.0	0.98	0.98	0.98	1.0	0.98	0.98	0.98	0.98	0.96
15850	0.96	0.98	1.0	1.0	0.94	0.98	1.0	0.96	0.98	0.98	1.0	0.98	0.98	0.98	0.98	0.96
15900	0.96	1.0	1.0	1.0	0.94	0.98	1.0	0.96	0.98	0.98	1.0	0.98	0.98	0.98	0.98	0.94
15950	0.96	1.0	1.0	1.0	0.94	0.98	1.0	0.96	0.98	0.98	1.0	0.98	0.98	0.98	1.0	0.94
16000	0.96	1.0	1.0	1.0	0.94	0.98	1.0	0.96	0.98	0.98	1.0	0.98	0.98	0.98	1.0	0.96
16050	0.96	1.0	1.0	1.0	0.94	0.98	1.0	0.96	0.98	0.98	1.0	0.98	0.98	0.98	1.0	0.96
16100	0.96	1.0	1.0	1.0	0.96	0.98	1.0	0.96	0.98	0.98	1.0	0.98	0.98	0.98	1.0	0.96
16150	0.96	1.0	1.0	1.0	0.96	0.98	1.0	0.96	0.98	0.98	1.0	0.98	1.0	0.98	1.0	0.96
16200	0.96	1.0	1.0	1.0	0.96	0.98	1.0	0.98	0.98	0.98	1.0	0.98	1.0	0.98	1.0	0.96
16250	0.94	1.0	1.0	1.0	0.96	0.98	1.0	0.98	0.98	0.98	1.0	0.98	1.0	0.98	1.0	0.96
16300	0.94	1.0	1.0	1.0	0.96	0.98	1.0	0.98	0.98	0.98	1.0	0.98	1.0	0.98	1.0	0.96
16350	0.94	1.0	1.0	1.0	0.96	0.98	1.0	0.98	0.98	0.98	1.0	0.98	1.0	0.98	1.0	0.96
16400	0.94	1.0	0.98	0.98	0.96	0.98	1.0	0.98	1.0	0.98	1.0	0.98	1.0	0.98	1.0	0.96
16450	0.94	1.0	0.98	0.98	0.96	0.98	1.0	0.98	1.0	1.0	1.0	1.0	1.0	0.98	1.0	0.96
16500	0.96	1.0	0.98	0.98	0.96	0.98	1.0	0.98	1.0	1.0	1.0	1.0	1.0	0.98	1.0	0.98
16550	0.98	1.0	0.98	0.98	0.98	1.0	1.0	0.98	1.0	1.0	1.0	1.0	1.0	0.98	1.0	0.98
16600	0.98	1.0	0.98	0.98	0.98	1.0	1.0	1.0	1.0	1.0	1.0	1.0	1.0	1.0	1.0	0.98
16650	0.98	1.0	0.98	0.98	1.0	1.0	1.0	1.0	1.0	1.0	1.0	1.0	1.0	1.0	1.0	0.98
16700	0.98	1.0	0.98	0.98	1.0	1.0	1.0	1.0	1.0	1.0	1.0	1.0	1.0	1.0	1.0	1.0
16750	0.98	1.0	0.98	0.98	1.0	1.0	1.0	1.0	1.0	1.0	1.0	1.0	1.0	1.0	1.0	1.0
16800	0.98	1.0	0.98	0.98	1.0	1.0	1.0	0.98	1.0	1.0	1.0	1.0	1.0	0.98	1.0	1.0
16850	0.98	1.0	0.98	0.98	1.0	0.98	1.0	0.98	1.0	1.0	1.0	1.0	1.0	0.98	1.0	1.0
16900	0.98	1.0	0.98	0.96	1.0	0.98	1.0	0.98	1.0	1.0	1.0	1.0	1.0	0.98	1.0	1.0
16950	0.98	1.0	0.98	0.96	1.0	0.98	1.0	0.98	1.0	1.0	1.0	1.0	1.0	0.98	1.0	1.0
17000	0.98	1.0	0.96	0.96	1.0	0.98	1.0	0.98	1.0	1.0	1.0	1.0	1.0	0.98	1.0	0.98
17050	0.98	1.0	0.96	0.96	1.0	0.98	1.0	0.98	1.0	1.0	1.0	1.0	1.0	0.96	1.0	0.98
17100	0.98	1.0	0.96	0.98	1.0	0.98	1.0	0.98	1.0	1.0	1.0	1.0	1.0	0.96	1.0	0.98
17150	1.0	1.0	0.96	0.98	1.0	0.98	1.0	0.98	1.0	1.0	1.0	1.0	1.0	0.96	1.0	0.98
17200	1.0	1.0	0.96	0.98	1.0	0.98	1.0	0.98	1.0	1.0	1.0	1.0	1.0	0.96	1.0	0.98
17250	1.0	1.0	0.96	0.98	1.0	0.98	1.0	0.98	1.0	1.0	1.0	1.0	1.0	0.96	1.0	0.98
17300	1.0	1.0	0.98	0.98	1.0	0.98	1.0	0.98	1.0	1.0	1.0	1.0	1.0	0.96	1.0	0.98
17350	1.0	1.0	0.98	0.98	1.0	0.98	1.0	0.98	1.0	1.0	1.0	1.0	1.0	0.96	1.0	0.98
17400	1.0	1.0	0.98	0.98	1.0	0.98	1.0	0.98	1.0	1.0	1.0	1.0	1.0	0.96	1.0	0.98
17450	1.0	1.0	0.98	0.98	1.0	0.98	1.0	1.0	1.0	1.0	1.0	1.0	1.0	0.96	1.0	0.98
17500	1.0	1.0	0.98	0.98	1.0	0.98	1.0	1.0	1.0	1.0	1.0	1.0	1.0	0.96	1.0	0.98
17550	1.0	1.0	0.96	0.98	1.0	0.98	1.0	1.0	1.0	1.0	1.0	1.0	1.0	0.96	1.0	0.98
17600	1.0	1.0	0.96	0.98	1.0	0.98	1.0	1.0	1.0	1.0	0.98	1.0	1.0	0.96	1.0	0.98
17650	0.98	1.0	0.96	0.98	1.0	1.0	1.0	1.0	1.0	1.0	0.98	1.0	1.0	0.98	1.0	0.98
17700	0.98	1.0	0.96	0.98	1.0	1.0	1.0	1.0	1.0	1.0	0.98	1.0	1.0	0.98	1.0	0.98
17750	0.98	1.0	0.96	1.0	1.0	1.0	1.0	1.0	1.0	1.0	0.98	1.0	1.0	0.98	1.0	0.98
17800	0.98	1.0	0.96	1.0	0.98	1.0	1.0	1.0	1.0	1.0	0.98	1.0	1.0	0.98	1.0	0.98
17850	0.96	1.0	0.98	1.0	0.98	1.0	1.0	1.0	1.0	1.0	0.96	1.0	1.0	0.98	1.0	0.98
17900	0.96	1.0	0.96	1.0	0.98	1.0	1.0	1.0	1.0	1.0	0.96	1.0	1.0	1.0	1.0	0.98
17950	0.96	1.0	0.96	1.0	0.98	1.0	1.0	1.0	1.0	1.0	0.96	1.0	1.0	1.0	1.0	0.98
18000	0.96	1.0	0.96	1.0	0.98	1.0	1.0	1.0	1.0	1.0	0.96	1.0	1.0	1.0	1.0	1.0
18050	0.96	1.0	0.96	1.0	0.96	1.0	1.0	1.0	1.0	1.0	0.96	1.0	1.0	1.0	1.0	1.0
18100	0.96	1.0	0.96	1.0	0.96	1.0	1.0	1.0	1.0	1.0	0.96	1.0	1.0	1.0	1.0	1.0
18150	0.96	1.0	0.96	1.0	0.96	1.0	1.0	1.0	1.0	1.0	0.96	1.0	1.0	1.0	1.0	1.0
18200	0.96	1.0	0.92	1.0	0.96	1.0	1.0	1.0	1.0	1.0	0.96	1.0	1.0	1.0	1.0	1.0
18250	0.96	1.0	0.94	1.0	0.96	1.0	1.0	1.0	1.0	1.0	0.96	1.0	1.0	0.98	0.98	0.98
18300	0.96	1.0	0.94	1.0	0.96	1.0	1.0	1.0	1.0	1.0	0.96	0.98	1.0	0.98	0.98	0.98
18350	0.94	1.0	0.94	1.0	0.96	1.0	1.0	1.0	1.0	1.0	0.96	0.98	0.98	0.98	0.98	0.98
18400	0.94	1.0	0.94	1.0	0.94	1.0	1.0	1.0	0.98	1.0	0.96	0.98	0.98	0.94	0.98	0.98
18450	0.94	1.0	0.94	1.0	0.94	1.0	1.0	1.0	0.98	0.98	0.96	0.98	0.98	0.94	0.98	0.98
18500	0.96	1.0	0.94	0.98	0.94	1.0	1.0	1.0	0.98	0.98	0.96	0.98	0.98	0.94	0.98	0.98
18550	0.96	1.0	0.94	0.96	0.94	1.0	1.0	1.0	0.98	0.98	0.98	0.98	0.98	0.94	0.98	0.98
18600	0.96	1.0	0.96	0.96	0.94	1.0	1.0	1.0	0.96	0.98	0.98	0.98	0.98	0.92	0.98	0.96
18650	0.96	1.0	0.96	0.96	0.96	0.98	1.0	1.0	0.96	0.98	0.98	0.98	0.98	0.92	0.98	0.96
18700	0.96	1.0	0.96	0.96	0.96	0.98	1.0	0.98	0.96	0.98	0.96	0.98	0.98	0.92	0.98	0.96
18750	0.96	1.0	0.96	0.96	0.96	0.98	1.0	0.98	0.96	0.98	0.98	0.98	0.98	0.92	0.98	0.96
18800	0.96	1.0	0.96	0.96	0.98	0.98	1.0	0.98	0.96	0.98	0.98	0.98	0.98	0.92	0.98	0.96
18850	0.96	1.0	0.96	0.96	0.98	0.98	1.0	0.98	0.96	0.98	0.98	0.98	0.98	0.94	0.98	0.96
18900	0.94	1.0	0.98	0.96	0.98	0.98	1.0	0.98	0.96	0.98	0.98	0.98	0.98	0.94	0.98	0.98
18950	0.96	1.0	1.0	0.94	0.98	0.98	1.0	0.98	0.96	0.98	0.98	0.98	0.98	0.94	0.98	0.98
19000	0.96	1.0	1.0	0.94	0.96	0.98	1.0	0.98	0.96	0.98	0.98	0.98	0.98	0.92	0.98	0.98
19050	0.96	1.0	1.0	0.94	0.96	0.98	1.0	0.98	0.94	0.98	0.98	0.98	0.98	0.96	0.96	0.98
19100	0.96	1.0	1.0	0.94	0.96	0.98	1.0	0.98	0.94	0.98	0.98	0.98	0.98	0.96	0.96	0.98
19150	0.96	1.0	1.0	0.96	0.96	0.98	1.0	0.98	0.94	0.98	0.98	0.98	0.98	0.94	0.96	0.98
19200	0.98	1.0	1.0	0.98	0.96	0.98	1.0	0.98	0.94	1.0	0.98	0.98	0.96	0.92	0.96	0.98
19250	0.98	1.0	1.0	0.98	0.96	0.98	1.0	0.96	0.94	1.0	0.98	0.98	0.98	0.92	0.96	0.96
19300	0.98	1.0	1.0	0.98	0.96	0.98	1.0	0.98	0.96	1.0	0.98	0.98	0.98	0.92	0.96	0.98
19350	0.98	1.0	1.0	0.98	0.96	0.98	1.0	0.98	0.96	1.0	1.0	1.0	0.98	0.94	0.96	0.98
19400	0.98	1.0	1.0	0.98	0.96	0.98	1.0	0.98	0.96	1.0	1.0	1.0	0.98	0.94	0.96	0.98
19450	0.98	1.0	1.0	0.98	0.96	0.98	1.0	0.96	0.98	1.0	1.0	0.98	0.98	0.94	0.96	0.98
19500	0.98	1.0	0.96	0.98	0.96	0.98	1.0	0.96	0.98	1.0	1.0	0.98	0.98	0.94	0.96	0.98
19550	0.98	1.0	0.96	0.98	0.96	1.0	1.0	0.96	0.98	1.0	1.0	0.98	0.98	0.94	0.96	0.98
19600	0.98	1.0	0.96	0.98	0.96	1.0	1.0	0.96	0.98	1.0	1.0	0.98	0.96	0.94	0.96	0.98
19650	1.0	1.0	0.96	1.0	0.96	1.0	1.0	0.96	0.98	1.0	1.0	0.98	0.96	0.94	0.96	0.96
19700	1.0	1.0	0.96	1.0	0.98	1.0	1.0	0.96	0.98	1.0	1.0	0.98	0.96	0.94	0.96	0.96
19750	1.0	1.0	0.96	1.0	0.98	1.0	1.0	0.96	0.98	0.98	1.0	0.98	0.94	0.96	0.96	0.96
19800	0.98	1.0	0.96	1.0	0.98	1.0	1.0	0.96	1.0	0.98	1.0	0.98	0.94	0.96	0.96	0.96
19850	0.98	1.0	0.96	1.0	0.98	1.0	1.0	0.96	1.0	0.98	1.0	0.98	0.94	0.96	0.96	0.96
19900	0.98	1.0	0.96	1.0	0.98	1.0	1.0	0.94	1.0	0.98	1.0	0.98	0.94	0.98	0.96	0.96
19950	0.98	1.0	0.96	1.0	0.98	1.0	1.0	0.94	1.0	0.98	1.0	0.98	0.96	1.0	0.98	0.96
20000	0.98	1.0	0.96	1.0	0.98	1.0	1.0	0.94	1.0	0.98	1.0	0.98	0.96	1.0	0.98	0.94
