0	0.0	0.0	0.0	0.0	0.0	0.0	0.0	0.0	0.0	0.0	0.0	0.0	0.0	0.0	0.0	0.0
50	0.0	0.0	0.0	0.0	0.0	0.0	0.0	0.0	0.0	0.0	0.0	0.0	0.0	0.0	0.0	0.0
100	0.0833333333333	0.0	0.0	0.0	0.0	0.0	0.0	0.0	0.0	0.0	0.0	0.0	0.0	0.0	0.111111111111	0.0
150	0.0555555555556	0.04	0.0555555555556	0.0434782608696	0.0625	0.0588235294118	0.0	0.111111111111	0.0666666666667	0.0526315789474	0.1	0.130434782609	0.0	0.047619047619	0.0909090909091	0.0714285714286
200	0.0454545454545	0.121212121212	0.111111111111	0.129032258065	0.130434782609	0.047619047619	0.0357142857143	0.08	0.0833333333333	0.04	0.0769230769231	0.153846153846	0.0416666666667	0.037037037037	0.0588235294118	0.047619047619
250	0.0344827586207	0.108695652174	0.151515151515	0.105263157895	0.133333333333	0.0384615384615	0.117647058824	0.15625	0.0714285714286	0.0967741935484	0.114285714286	0.172413793103	0.0714285714286	0.0606060606061	0.142857142857	0.0740740740741
300	0.0789473684211	0.12	0.128205128205	0.0888888888889	0.138888888889	0.0645161290323	0.157894736842	0.243243243243	0.125	0.0857142857143	0.152173913043	0.222222222222	0.0625	0.0526315789474	0.142857142857	0.0526315789474
350	0.08	0.2	0.191489361702	0.12	0.146341463415	0.0857142857143	0.186046511628	0.25	0.135135135135	0.111111111111	0.2	0.243902439024	0.105263157895	0.0714285714286	0.189189189189	0.0909090909091
400	0.1	0.24	0.2	0.12	0.122448979592	0.0769230769231	0.204081632653	0.244897959184	0.173913043478	0.162790697674	0.24	0.25	0.139534883721	0.0833333333333	0.186046511628	0.12
450	0.12	0.24	0.2	0.16	0.12	0.127659574468	0.22	0.3	0.2	0.2	0.24	0.265306122449	0.125	0.08	0.18	0.14
500	0.12	0.26	0.22	0.18	0.12	0.18	0.32	0.32	0.22	0.36	0.34	0.34	0.14	0.12	0.2	0.18
550	0.16	0.36	0.24	0.18	0.12	0.18	0.32	0.34	0.24	0.42	0.36	0.44	0.2	0.14	0.2	0.18
600	0.18	0.34	0.2	0.18	0.12	0.26	0.38	0.32	0.26	0.48	0.4	0.42	0.24	0.16	0.22	0.18
650	0.16	0.38	0.18	0.22	0.12	0.3	0.36	0.28	0.22	0.5	0.44	0.48	0.28	0.18	0.22	0.16
700	0.18	0.36	0.22	0.28	0.1	0.28	0.36	0.3	0.32	0.54	0.46	0.48	0.3	0.18	0.16	0.18
750	0.18	0.36	0.24	0.32	0.16	0.3	0.34	0.32	0.3	0.56	0.48	0.52	0.3	0.26	0.2	0.18
800	0.16	0.34	0.18	0.36	0.18	0.3	0.38	0.36	0.34	0.54	0.5	0.52	0.34	0.32	0.22	0.14
850	0.16	0.38	0.18	0.36	0.2	0.32	0.38	0.38	0.34	0.52	0.54	0.54	0.36	0.3	0.24	0.14
900	0.18	0.4	0.2	0.42	0.24	0.3	0.42	0.36	0.34	0.56	0.58	0.58	0.42	0.3	0.2	0.14
950	0.18	0.42	0.2	0.44	0.24	0.3	0.46	0.38	0.34	0.56	0.58	0.6	0.48	0.32	0.18	0.14
1000	0.24	0.42	0.26	0.46	0.22	0.3	0.52	0.42	0.36	0.48	0.58	0.6	0.48	0.34	0.26	0.18
1050	0.26	0.42	0.24	0.4	0.22	0.32	0.52	0.44	0.36	0.46	0.6	0.6	0.5	0.38	0.36	0.26
1100	0.26	0.42	0.26	0.38	0.2	0.34	0.5	0.42	0.42	0.44	0.58	0.64	0.56	0.36	0.36	0.3
1150	0.28	0.46	0.28	0.42	0.18	0.36	0.44	0.4	0.4	0.42	0.58	0.64	0.6	0.38	0.32	0.3
1200	0.32	0.46	0.32	0.48	0.18	0.34	0.42	0.42	0.4	0.48	0.56	0.68	0.58	0.38	0.3	0.36
1250	0.3	0.44	0.32	0.42	0.22	0.36	0.44	0.46	0.44	0.5	0.54	0.7	0.62	0.36	0.32	0.36
1300	0.32	0.44	0.34	0.44	0.26	0.4	0.36	0.38	0.44	0.52	0.58	0.7	0.62	0.38	0.36	0.36
1350	0.36	0.42	0.38	0.44	0.3	0.4	0.36	0.4	0.42	0.52	0.58	0.64	0.56	0.42	0.4	0.44
1400	0.4	0.5	0.46	0.48	0.38	0.38	0.32	0.38	0.44	0.52	0.56	0.6	0.52	0.38	0.38	0.44
1450	0.38	0.48	0.44	0.52	0.36	0.36	0.28	0.38	0.44	0.54	0.52	0.58	0.44	0.38	0.34	0.38
1500	0.44	0.48	0.46	0.48	0.36	0.34	0.3	0.34	0.44	0.52	0.46	0.54	0.44	0.42	0.38	0.44
1550	0.38	0.5	0.48	0.44	0.34	0.32	0.3	0.28	0.44	0.54	0.48	0.54	0.44	0.5	0.42	0.4
1600	0.42	0.44	0.5	0.5	0.3	0.34	0.28	0.28	0.48	0.52	0.52	0.52	0.44	0.5	0.44	0.4
1650	0.34	0.44	0.52	0.46	0.34	0.32	0.26	0.32	0.48	0.5	0.52	0.52	0.42	0.46	0.44	0.4
1700	0.34	0.46	0.5	0.42	0.34	0.34	0.28	0.4	0.42	0.48	0.48	0.52	0.48	0.46	0.4	0.38
1750	0.28	0.42	0.46	0.48	0.36	0.38	0.3	0.4	0.36	0.46	0.5	0.52	0.56	0.5	0.42	0.42
1800	0.26	0.44	0.44	0.46	0.36	0.42	0.38	0.36	0.4	0.48	0.48	0.6	0.58	0.54	0.42	0.46
1850	0.32	0.44	0.46	0.46	0.32	0.42	0.4	0.4	0.46	0.52	0.5	0.6	0.58	0.52	0.44	0.42
1900	0.3	0.42	0.48	0.44	0.34	0.44	0.44	0.44	0.46	0.58	0.54	0.58	0.5	0.48	0.44	0.42
1950	0.3	0.42	0.42	0.4	0.38	0.44	0.44	0.4	0.42	0.6	0.54	0.56	0.48	0.42	0.44	0.4
2000	0.3	0.46	0.46	0.44	0.46	0.46	0.44	0.4	0.46	0.56	0.5	0.56	0.5	0.42	0.5	0.46
2050	0.28	0.46	0.5	0.44	0.48	0.44	0.44	0.36	0.44	0.5	0.4	0.48	0.48	0.46	0.52	0.44
2100	0.32	0.46	0.48	0.46	0.44	0.44	0.44	0.32	0.38	0.54	0.42	0.44	0.42	0.44	0.6	0.46
2150	0.36	0.46	0.5	0.5	0.44	0.42	0.42	0.24	0.4	0.58	0.42	0.42	0.46	0.44	0.64	0.36
2200	0.34	0.44	0.5	0.5	0.46	0.38	0.38	0.26	0.4	0.54	0.36	0.42	0.44	0.44	0.68	0.38
2250	0.38	0.42	0.5	0.5	0.42	0.44	0.42	0.24	0.44	0.46	0.42	0.44	0.48	0.48	0.7	0.44
2300	0.38	0.42	0.5	0.54	0.44	0.38	0.42	0.3	0.42	0.44	0.38	0.42	0.52	0.42	0.58	0.38
2350	0.36	0.42	0.46	0.54	0.38	0.4	0.46	0.32	0.38	0.44	0.44	0.4	0.5	0.44	0.6	0.36
2400	0.42	0.4	0.44	0.52	0.44	0.46	0.46	0.34	0.44	0.52	0.46	0.44	0.5	0.44	0.58	0.34
2450	0.46	0.34	0.36	0.38	0.48	0.54	0.46	0.34	0.42	0.52	0.46	0.48	0.52	0.46	0.5	0.34
2500	0.44	0.36	0.38	0.38	0.44	0.54	0.48	0.36	0.48	0.56	0.48	0.5	0.54	0.46	0.46	0.36
2550	0.52	0.38	0.44	0.4	0.46	0.56	0.52	0.4	0.48	0.54	0.48	0.48	0.56	0.46	0.46	0.4
2600	0.54	0.34	0.44	0.4	0.46	0.56	0.54	0.4	0.5	0.56	0.52	0.5	0.52	0.46	0.38	0.46
2650	0.52	0.4	0.46	0.38	0.52	0.58	0.5	0.38	0.52	0.6	0.48	0.5	0.52	0.44	0.36	0.4
2700	0.52	0.44	0.48	0.44	0.54	0.56	0.46	0.4	0.52	0.68	0.56	0.5	0.5	0.48	0.44	0.4
2750	0.52	0.48	0.58	0.48	0.6	0.54	0.42	0.38	0.48	0.68	0.56	0.5	0.52	0.5	0.4	0.4
2800	0.54	0.5	0.64	0.56	0.52	0.46	0.42	0.38	0.48	0.64	0.56	0.54	0.5	0.48	0.4	0.38
2850	0.58	0.5	0.62	0.62	0.52	0.44	0.42	0.44	0.54	0.62	0.6	0.52	0.48	0.42	0.4	0.4
2900	0.56	0.54	0.56	0.62	0.5	0.46	0.36	0.44	0.54	0.66	0.6	0.5	0.48	0.44	0.4	0.42
2950	0.54	0.6	0.58	0.62	0.46	0.42	0.38	0.44	0.56	0.64	0.6	0.46	0.48	0.44	0.44	0.42
3000	0.54	0.56	0.56	0.62	0.42	0.42	0.36	0.44	0.58	0.6	0.58	0.44	0.5	0.52	0.48	0.5
3050	0.52	0.54	0.56	0.62	0.44	0.44	0.38	0.4	0.58	0.56	0.56	0.44	0.5	0.5	0.48	0.48
3100	0.54	0.5	0.52	0.56	0.42	0.5	0.42	0.46	0.54	0.52	0.5	0.48	0.5	0.46	0.46	0.44
3150	0.5	0.52	0.5	0.52	0.4	0.46	0.44	0.42	0.56	0.5	0.46	0.42	0.46	0.52	0.46	0.5
3200	0.48	0.56	0.48	0.44	0.38	0.46	0.44	0.42	0.58	0.5	0.46	0.46	0.46	0.5	0.5	0.5
3250	0.5	0.54	0.46	0.44	0.36	0.48	0.42	0.4	0.58	0.54	0.44	0.4	0.46	0.52	0.5	0.46
3300	0.48	0.56	0.46	0.5	0.36	0.48	0.38	0.38	0.6	0.54	0.4	0.42	0.46	0.52	0.48	0.44
3350	0.5	0.54	0.46	0.52	0.42	0.38	0.44	0.42	0.62	0.54	0.38	0.44	0.46	0.52	0.5	0.46
3400	0.56	0.62	0.46	0.5	0.38	0.44	0.5	0.48	0.64	0.54	0.4	0.5	0.5	0.5	0.54	0.5
3450	0.58	0.68	0.44	0.54	0.34	0.42	0.5	0.52	0.62	0.58	0.4	0.48	0.46	0.5	0.56	0.46
3500	0.56	0.68	0.46	0.6	0.3	0.46	0.5	0.56	0.66	0.6	0.44	0.44	0.46	0.52	0.52	0.46
3550	0.52	0.64	0.42	0.6	0.28	0.44	0.46	0.52	0.62	0.62	0.42	0.42	0.46	0.52	0.48	0.5
3600	0.52	0.64	0.36	0.58	0.32	0.46	0.52	0.56	0.62	0.64	0.4	0.4	0.48	0.46	0.48	0.5
3650	0.5	0.56	0.36	0.52	0.32	0.4	0.5	0.52	0.58	0.62	0.46	0.44	0.52	0.48	0.48	0.5
3700	0.44	0.54	0.38	0.5	0.32	0.4	0.48	0.52	0.54	0.52	0.48	0.42	0.52	0.44	0.46	0.52
3750	0.34	0.54	0.38	0.5	0.34	0.4	0.44	0.46	0.52	0.52	0.46	0.42	0.48	0.46	0.42	0.48
3800	0.38	0.48	0.36	0.42	0.32	0.34	0.44	0.4	0.5	0.48	0.46	0.34	0.5	0.44	0.44	0.5
3850	0.3	0.42	0.36	0.38	0.32	0.4	0.42	0.38	0.46	0.42	0.42	0.44	0.52	0.48	0.38	0.54
3900	0.34	0.4	0.36	0.4	0.3	0.44	0.38	0.44	0.44	0.44	0.42	0.46	0.52	0.46	0.38	0.48
3950	0.32	0.44	0.38	0.44	0.34	0.42	0.36	0.44	0.44	0.42	0.42	0.54	0.52	0.44	0.46	0.46
4000	0.28	0.44	0.44	0.44	0.34	0.46	0.4	0.46	0.44	0.44	0.44	0.5	0.48	0.48	0.48	0.52
4050	0.28	0.48	0.44	0.5	0.34	0.48	0.34	0.5	0.44	0.42	0.48	0.46	0.48	0.46	0.42	0.48
4100	0.32	0.46	0.42	0.46	0.36	0.5	0.34	0.52	0.4	0.44	0.5	0.48	0.52	0.42	0.42	0.46
4150	0.36	0.44	0.44	0.46	0.36	0.52	0.34	0.54	0.4	0.54	0.52	0.48	0.52	0.52	0.48	0.46
4200	0.36	0.46	0.44	0.46	0.4	0.52	0.34	0.52	0.46	0.52	0.46	0.48	0.48	0.52	0.46	0.48
4250	0.38	0.54	0.44	0.52	0.42	0.48	0.42	0.54	0.44	0.52	0.48	0.46	0.48	0.52	0.46	0.42
4300	0.38	0.52	0.44	0.52	0.42	0.56	0.4	0.5	0.44	0.54	0.5	0.42	0.48	0.48	0.48	0.38
4350	0.38	0.54	0.46	0.5	0.46	0.6	0.4	0.5	0.46	0.54	0.42	0.38	0.48	0.42	0.48	0.38
4400	0.42	0.58	0.52	0.48	0.48	0.56	0.46	0.46	0.42	0.52	0.46	0.44	0.52	0.48	0.44	0.38
4450	0.48	0.58	0.5	0.42	0.42	0.56	0.48	0.44	0.38	0.5	0.48	0.52	0.52	0.42	0.44	0.32
4500	0.48	0.58	0.52	0.5	0.46	0.6	0.48	0.48	0.38	0.52	0.42	0.56	0.52	0.46	0.54	0.38
4550	0.46	0.56	0.58	0.48	0.5	0.58	0.5	0.44	0.4	0.54	0.46	0.56	0.54	0.46	0.56	0.44
4600	0.44	0.58	0.58	0.5	0.5	0.54	0.54	0.46	0.4	0.5	0.5	0.54	0.54	0.44	0.54	0.42
4650	0.46	0.54	0.58	0.52	0.5	0.56	0.48	0.52	0.38	0.5	0.54	0.56	0.52	0.42	0.54	0.44
4700	0.44	0.52	0.6	0.58	0.5	0.5	0.42	0.48	0.36	0.6	0.56	0.56	0.48	0.44	0.58	0.46
4750	0.44	0.5	0.58	0.62	0.52	0.46	0.4	0.48	0.32	0.6	0.56	0.52	0.46	0.44	0.6	0.46
4800	0.42	0.48	0.6	0.64	0.56	0.42	0.38	0.5	0.34	0.62	0.56	0.52	0.44	0.42	0.58	0.5
4850	0.4	0.46	0.62	0.64	0.54	0.4	0.34	0.5	0.32	0.6	0.5	0.54	0.46	0.42	0.54	0.52
4900	0.44	0.46	0.6	0.62	0.52	0.42	0.3	0.46	0.32	0.6	0.52	0.46	0.4	0.38	0.52	0.52
4950	0.46	0.46	0.6	0.62	0.5	0.42	0.34	0.48	0.3	0.62	0.54	0.44	0.42	0.34	0.5	0.48
5000	0.46	0.42	0.52	0.54	0.48	0.42	0.34	0.48	0.3	0.6	0.54	0.44	0.38	0.34	0.48	0.48
5050	0.46	0.4	0.5	0.5	0.48	0.4	0.38	0.44	0.24	0.58	0.54	0.48	0.44	0.36	0.46	0.44
5100	0.46	0.42	0.48	0.52	0.48	0.48	0.36	0.5	0.22	0.48	0.52	0.48	0.46	0.34	0.46	0.44
5150	0.46	0.42	0.5	0.54	0.48	0.48	0.36	0.52	0.24	0.52	0.54	0.5	0.48	0.38	0.44	0.5
5200	0.44	0.44	0.48	0.52	0.44	0.46	0.4	0.52	0.26	0.54	0.54	0.48	0.48	0.42	0.52	0.5
5250	0.48	0.48	0.54	0.5	0.5	0.46	0.44	0.52	0.34	0.52	0.56	0.52	0.46	0.44	0.56	0.52
5300	0.44	0.46	0.54	0.5	0.54	0.52	0.5	0.56	0.36	0.52	0.58	0.48	0.44	0.44	0.52	0.52
5350	0.4	0.48	0.62	0.5	0.54	0.52	0.5	0.52	0.42	0.54	0.58	0.58	0.46	0.46	0.54	0.5
5400	0.4	0.48	0.68	0.5	0.56	0.52	0.5	0.5	0.42	0.56	0.56	0.54	0.46	0.44	0.52	0.52
5450	0.48	0.52	0.7	0.56	0.5	0.5	0.48	0.54	0.44	0.54	0.54	0.56	0.5	0.44	0.52	0.6
5500	0.48	0.54	0.64	0.58	0.58	0.54	0.48	0.56	0.42	0.48	0.5	0.5	0.5	0.44	0.48	0.62
5550	0.48	0.58	0.64	0.54	0.62	0.56	0.5	0.56	0.48	0.52	0.48	0.5	0.48	0.46	0.46	0.64
5600	0.52	0.58	0.62	0.56	0.62	0.56	0.5	0.6	0.48	0.5	0.48	0.5	0.5	0.46	0.48	0.64
5650	0.52	0.56	0.58	0.6	0.6	0.56	0.5	0.52	0.48	0.48	0.46	0.48	0.5	0.42	0.44	0.62
5700	0.54	0.62	0.58	0.62	0.62	0.52	0.42	0.52	0.46	0.44	0.48	0.44	0.58	0.42	0.42	0.6
5750	0.56	0.66	0.54	0.64	0.6	0.5	0.4	0.54	0.44	0.42	0.42	0.44	0.58	0.48	0.44	0.58
5800	0.58	0.7	0.54	0.64	0.64	0.54	0.4	0.6	0.46	0.44	0.46	0.48	0.6	0.56	0.44	0.62
5850	0.62	0.7	0.54	0.64	0.62	0.5	0.46	0.6	0.5	0.44	0.46	0.52	0.6	0.6	0.46	0.56
5900	0.62	0.66	0.5	0.6	0.58	0.52	0.46	0.62	0.54	0.54	0.46	0.52	0.62	0.62	0.5	0.56
5950	0.62	0.62	0.5	0.6	0.58	0.48	0.48	0.6	0.52	0.58	0.44	0.52	0.62	0.64	0.48	0.52
6000	0.66	0.6	0.48	0.58	0.54	0.48	0.5	0.56	0.54	0.58	0.42	0.54	0.6	0.68	0.56	0.56
6050	0.64	0.58	0.46	0.6	0.56	0.52	0.54	0.58	0.54	0.6	0.44	0.52	0.56	0.62	0.54	0.56
6100	0.64	0.52	0.48	0.58	0.52	0.48	0.5	0.56	0.52	0.6	0.48	0.6	0.56	0.62	0.56	0.58
6150	0.64	0.52	0.46	0.6	0.56	0.5	0.46	0.56	0.44	0.6	0.46	0.56	0.56	0.58	0.56	0.64
6200	0.66	0.52	0.48	0.58	0.58	0.52	0.48	0.54	0.4	0.54	0.5	0.52	0.56	0.56	0.58	0.68
6250	0.68	0.5	0.5	0.58	0.58	0.52	0.44	0.5	0.42	0.56	0.52	0.52	0.54	0.56	0.56	0.64
6300	0.7	0.54	0.5	0.56	0.64	0.62	0.46	0.52	0.4	0.58	0.58	0.52	0.52	0.54	0.6	0.62
6350	0.66	0.6	0.58	0.54	0.62	0.68	0.44	0.54	0.42	0.56	0.54	0.5	0.48	0.54	0.58	0.64
6400	0.64	0.54	0.58	0.52	0.6	0.6	0.4	0.5	0.36	0.56	0.54	0.46	0.46	0.5	0.58	0.64
6450	0.66	0.5	0.58	0.54	0.56	0.58	0.4	0.5	0.4	0.56	0.52	0.48	0.44	0.48	0.6	0.64
6500	0.64	0.5	0.6	0.52	0.44	0.58	0.44	0.5	0.36	0.56	0.52	0.52	0.54	0.54	0.62	0.64
6550	0.56	0.44	0.56	0.48	0.46	0.6	0.46	0.5	0.42	0.58	0.54	0.56	0.54	0.6	0.62	0.62
6600	0.54	0.42	0.54	0.48	0.44	0.56	0.48	0.54	0.38	0.58	0.5	0.54	0.52	0.58	0.58	0.62
6650	0.5	0.42	0.54	0.5	0.48	0.52	0.46	0.5	0.4	0.58	0.44	0.56	0.54	0.58	0.54	0.64
6700	0.5	0.4	0.58	0.5	0.46	0.48	0.52	0.46	0.42	0.56	0.44	0.58	0.56	0.6	0.54	0.64
6750	0.5	0.34	0.56	0.44	0.5	0.42	0.46	0.44	0.36	0.5	0.48	0.54	0.58	0.6	0.52	0.64
6800	0.52	0.32	0.46	0.44	0.52	0.42	0.5	0.48	0.38	0.5	0.48	0.58	0.58	0.64	0.52	0.6
6850	0.48	0.32	0.44	0.48	0.52	0.42	0.56	0.5	0.4	0.48	0.42	0.48	0.5	0.64	0.54	0.58
6900	0.46	0.34	0.46	0.5	0.5	0.44	0.52	0.52	0.38	0.48	0.46	0.42	0.48	0.62	0.52	0.58
6950	0.52	0.42	0.48	0.54	0.5	0.4	0.44	0.52	0.34	0.46	0.46	0.44	0.42	0.58	0.52	0.6
7000	0.46	0.4	0.48	0.54	0.5	0.36	0.48	0.52	0.3	0.42	0.42	0.44	0.42	0.54	0.48	0.54
7050	0.5	0.4	0.44	0.52	0.48	0.38	0.46	0.54	0.34	0.44	0.42	0.42	0.34	0.48	0.52	0.5
7100	0.46	0.5	0.42	0.52	0.48	0.38	0.52	0.58	0.38	0.52	0.52	0.44	0.36	0.5	0.52	0.5
7150	0.52	0.52	0.44	0.54	0.46	0.4	0.58	0.62	0.48	0.52	0.52	0.48	0.4	0.48	0.52	0.58
7200	0.56	0.54	0.5	0.56	0.52	0.4	0.56	0.6	0.5	0.6	0.52	0.54	0.4	0.38	0.5	0.52
7250	0.54	0.58	0.52	0.56	0.52	0.44	0.6	0.62	0.5	0.58	0.56	0.56	0.4	0.38	0.54	0.48
7300	0.54	0.62	0.58	0.62	0.58	0.5	0.6	0.64	0.5	0.62	0.6	0.66	0.4	0.44	0.5	0.48
7350	0.58	0.58	0.58	0.62	0.62	0.54	0.62	0.64	0.56	0.64	0.6	0.68	0.42	0.42	0.5	0.48
7400	0.62	0.66	0.56	0.6	0.58	0.54	0.66	0.62	0.62	0.66	0.58	0.68	0.4	0.42	0.52	0.5
7450	0.64	0.68	0.6	0.64	0.62	0.56	0.66	0.64	0.62	0.62	0.56	0.76	0.38	0.38	0.54	0.46
7500	0.58	0.64	0.64	0.64	0.62	0.54	0.68	0.66	0.6	0.56	0.52	0.72	0.4	0.42	0.56	0.48
7550	0.54	0.6	0.68	0.58	0.64	0.56	0.7	0.66	0.6	0.56	0.46	0.76	0.4	0.46	0.56	0.52
7600	0.56	0.62	0.66	0.6	0.62	0.52	0.6	0.66	0.54	0.56	0.5	0.76	0.4	0.46	0.58	0.46
7650	0.6	0.6	0.64	0.6	0.62	0.52	0.58	0.64	0.54	0.58	0.5	0.8	0.38	0.52	0.62	0.52
7700	0.6	0.62	0.66	0.62	0.56	0.5	0.58	0.64	0.54	0.58	0.54	0.76	0.4	0.54	0.66	0.56
7750	0.58	0.58	0.62	0.62	0.48	0.48	0.58	0.62	0.56	0.6	0.54	0.76	0.46	0.56	0.62	0.54
7800	0.56	0.58	0.56	0.6	0.56	0.48	0.6	0.56	0.58	0.64	0.56	0.76	0.46	0.58	0.58	0.58
7850	0.58	0.56	0.56	0.6	0.5	0.48	0.58	0.58	0.56	0.66	0.58	0.74	0.54	0.6	0.52	0.58
7900	0.56	0.56	0.58	0.64	0.5	0.48	0.56	0.58	0.54	0.68	0.56	0.72	0.58	0.64	0.56	0.58
7950	0.6	0.6	0.56	0.66	0.54	0.52	0.52	0.52	0.52	0.7	0.6	0.7	0.62	0.62	0.54	0.58
8000	0.6	0.64	0.58	0.64	0.56	0.56	0.5	0.44	0.48	0.68	0.62	0.66	0.62	0.54	0.5	0.58
8050	0.6	0.64	0.64	0.62	0.54	0.56	0.5	0.42	0.52	0.66	0.64	0.64	0.66	0.6	0.46	0.62
8100	0.6	0.6	0.64	0.56	0.58	0.54	0.42	0.44	0.5	0.6	0.54	0.6	0.64	0.58	0.46	0.62
8150	0.54	0.6	0.64	0.6	0.58	0.52	0.42	0.48	0.48	0.58	0.58	0.64	0.66	0.54	0.46	0.62
8200	0.46	0.58	0.64	0.58	0.52	0.52	0.42	0.48	0.42	0.56	0.54	0.62	0.6	0.46	0.44	0.54
8250	0.44	0.48	0.6	0.5	0.54	0.56	0.46	0.48	0.4	0.54	0.56	0.62	0.64	0.44	0.42	0.46
8300	0.36	0.42	0.58	0.46	0.52	0.52	0.44	0.48	0.42	0.46	0.58	0.62	0.66	0.46	0.42	0.48
8350	0.36	0.34	0.58	0.48	0.52	0.52	0.46	0.48	0.36	0.48	0.56	0.62	0.6	0.46	0.44	0.44
8400	0.36	0.3	0.52	0.42	0.44	0.46	0.46	0.6	0.44	0.5	0.5	0.6	0.5	0.46	0.46	0.42
8450	0.32	0.3	0.46	0.38	0.44	0.46	0.44	0.54	0.4	0.48	0.52	0.66	0.5	0.52	0.5	0.46
8500	0.44	0.32	0.42	0.32	0.36	0.42	0.46	0.54	0.4	0.5	0.52	0.62	0.42	0.46	0.54	0.44
8550	0.48	0.44	0.46	0.4	0.4	0.4	0.48	0.44	0.44	0.56	0.48	0.62	0.38	0.5	0.56	0.48
8600	0.56	0.5	0.52	0.42	0.48	0.42	0.52	0.44	0.46	0.58	0.5	0.6	0.36	0.52	0.6	0.5
8650	0.62	0.54	0.54	0.42	0.5	0.38	0.56	0.44	0.5	0.64	0.52	0.64	0.36	0.52	0.62	0.56
8700	0.64	0.52	0.52	0.44	0.5	0.34	0.54	0.42	0.52	0.62	0.48	0.62	0.34	0.48	0.6	0.58
8750	0.64	0.56	0.52	0.42	0.56	0.42	0.56	0.46	0.56	0.68	0.52	0.6	0.38	0.48	0.58	0.56
8800	0.66	0.56	0.54	0.48	0.6	0.44	0.54	0.44	0.54	0.64	0.54	0.62	0.4	0.52	0.56	0.56
8850	0.62	0.56	0.56	0.56	0.62	0.44	0.54	0.42	0.56	0.62	0.52	0.62	0.44	0.52	0.54	0.5
8900	0.56	0.52	0.56	0.5	0.64	0.56	0.56	0.5	0.56	0.64	0.58	0.62	0.54	0.52	0.54	0.46
8950	0.56	0.5	0.56	0.48	0.66	0.58	0.52	0.58	0.62	0.66	0.6	0.64	0.56	0.54	0.52	0.46
9000	0.46	0.46	0.56	0.5	0.6	0.54	0.48	0.58	0.62	0.64	0.58	0.66	0.52	0.54	0.48	0.38
9050	0.48	0.48	0.56	0.48	0.56	0.5	0.46	0.66	0.66	0.7	0.52	0.6	0.5	0.52	0.44	0.36
9100	0.48	0.42	0.54	0.5	0.62	0.54	0.44	0.68	0.66	0.66	0.56	0.6	0.5	0.54	0.46	0.38
9150	0.5	0.42	0.54	0.46	0.52	0.54	0.5	0.76	0.7	0.64	0.56	0.52	0.48	0.56	0.46	0.38
9200	0.5	0.46	0.54	0.44	0.48	0.5	0.5	0.74	0.72	0.68	0.58	0.54	0.52	0.58	0.46	0.4
9250	0.54	0.5	0.52	0.44	0.5	0.48	0.5	0.68	0.66	0.56	0.62	0.52	0.46	0.56	0.48	0.44
9300	0.54	0.54	0.5	0.48	0.5	0.44	0.56	0.68	0.6	0.48	0.64	0.48	0.48	0.54	0.5	0.44
9350	0.56	0.6	0.58	0.48	0.44	0.4	0.54	0.7	0.56	0.44	0.6	0.46	0.52	0.56	0.56	0.44
9400	0.58	0.62	0.58	0.48	0.4	0.36	0.58	0.72	0.52	0.42	0.62	0.56	0.56	0.52	0.54	0.48
9450	0.58	0.66	0.58	0.48	0.44	0.4	0.6	0.66	0.54	0.4	0.58	0.56	0.54	0.46	0.54	0.48
9500	0.58	0.64	0.56	0.5	0.48	0.42	0.62	0.66	0.52	0.38	0.58	0.5	0.46	0.46	0.54	0.48
9550	0.56	0.62	0.54	0.5	0.46	0.42	0.6	0.66	0.5	0.42	0.52	0.5	0.42	0.46	0.58	0.52
9600	0.58	0.56	0.56	0.5	0.48	0.46	0.54	0.62	0.48	0.4	0.52	0.5	0.4	0.44	0.6	0.56
9650	0.54	0.54	0.56	0.5	0.46	0.52	0.56	0.62	0.5	0.5	0.5	0.56	0.44	0.42	0.6	0.56
9700	0.5	0.48	0.56	0.46	0.5	0.5	0.52	0.56	0.52	0.52	0.48	0.6	0.36	0.4	0.62	0.52
9750	0.58	0.52	0.54	0.44	0.46	0.52	0.5	0.54	0.54	0.54	0.48	0.58	0.44	0.42	0.62	0.58
9800	0.56	0.54	0.52	0.46	0.52	0.56	0.52	0.56	0.54	0.6	0.48	0.52	0.42	0.4	0.6	0.56
9850	0.62	0.54	0.48	0.48	0.52	0.56	0.5	0.6	0.54	0.58	0.5	0.56	0.46	0.46	0.66	0.64
9900	0.64	0.58	0.44	0.48	0.5	0.52	0.52	0.54	0.54	0.58	0.52	0.58	0.46	0.44	0.66	0.58
9950	0.62	0.58	0.4	0.48	0.48	0.5	0.46	0.5	0.54	0.58	0.5	0.58	0.52	0.44	0.66	0.56
10000	0.64	0.64	0.36	0.5	0.44	0.48	0.5	0.48	0.56	0.58	0.46	0.6	0.56	0.42	0.64	0.52
10050	0.68	0.64	0.36	0.52	0.48	0.46	0.48	0.5	0.54	0.5	0.36	0.62	0.52	0.36	0.68	0.5
10100	0.64	0.58	0.4	0.56	0.5	0.46	0.5	0.52	0.54	0.48	0.34	0.54	0.52	0.44	0.7	0.5
10150	0.58	0.58	0.38	0.54	0.48	0.5	0.48	0.5	0.56	0.5	0.36	0.46	0.5	0.48	0.64	0.52
10200	0.58	0.56	0.44	0.56	0.48	0.54	0.46	0.54	0.58	0.46	0.36	0.5	0.5	0.5	0.66	0.54
10250	0.52	0.54	0.48	0.56	0.5	0.54	0.44	0.5	0.48	0.46	0.42	0.56	0.58	0.5	0.64	0.56
10300	0.46	0.52	0.58	0.58	0.5	0.5	0.44	0.5	0.54	0.46	0.44	0.56	0.54	0.5	0.6	0.52
10350	0.5	0.5	0.6	0.54	0.52	0.46	0.48	0.54	0.54	0.46	0.5	0.54	0.52	0.48	0.62	0.56
10400	0.54	0.54	0.62	0.52	0.54	0.54	0.52	0.56	0.52	0.42	0.52	0.54	0.56	0.52	0.58	0.56
10450	0.52	0.54	0.62	0.56	0.52	0.5	0.56	0.58	0.54	0.44	0.5	0.6	0.62	0.52	0.56	0.6
10500	0.56	0.6	0.64	0.52	0.5	0.46	0.54	0.54	0.52	0.48	0.52	0.6	0.64	0.52	0.58	0.6
10550	0.64	0.62	0.7	0.52	0.52	0.5	0.54	0.56	0.56	0.48	0.58	0.56	0.56	0.5	0.62	0.6
10600	0.64	0.6	0.7	0.56	0.5	0.5	0.58	0.58	0.6	0.5	0.58	0.52	0.54	0.56	0.6	0.62
10650	0.74	0.66	0.68	0.54	0.52	0.56	0.6	0.64	0.68	0.58	0.58	0.62	0.6	0.6	0.64	0.72
10700	0.72	0.64	0.64	0.52	0.52	0.62	0.6	0.64	0.66	0.62	0.54	0.64	0.48	0.58	0.7	0.7
10750	0.68	0.64	0.62	0.5	0.46	0.62	0.68	0.62	0.64	0.6	0.54	0.6	0.52	0.62	0.74	0.7
10800	0.68	0.64	0.6	0.54	0.48	0.66	0.66	0.66	0.68	0.68	0.54	0.58	0.54	0.64	0.74	0.72
10850	0.68	0.68	0.66	0.58	0.46	0.66	0.64	0.64	0.66	0.66	0.52	0.6	0.52	0.66	0.74	0.74
10900	0.58	0.68	0.66	0.6	0.44	0.7	0.64	0.64	0.66	0.64	0.6	0.7	0.64	0.66	0.7	0.7
10950	0.58	0.7	0.66	0.62	0.48	0.76	0.62	0.7	0.64	0.58	0.62	0.72	0.68	0.7	0.68	0.66
11000	0.6	0.66	0.68	0.66	0.56	0.76	0.66	0.68	0.58	0.58	0.66	0.72	0.66	0.64	0.64	0.64
11050	0.6	0.7	0.76	0.68	0.58	0.8	0.68	0.7	0.62	0.58	0.66	0.7	0.6	0.56	0.62	0.64
11100	0.62	0.7	0.86	0.76	0.6	0.78	0.66	0.72	0.6	0.56	0.7	0.7	0.66	0.6	0.62	0.62
11150	0.64	0.74	0.86	0.82	0.68	0.78	0.66	0.72	0.62	0.54	0.72	0.72	0.7	0.54	0.56	0.62
11200	0.66	0.8	0.86	0.86	0.72	0.78	0.7	0.68	0.62	0.54	0.74	0.82	0.66	0.54	0.58	0.6
11250	0.68	0.8	0.82	0.86	0.68	0.72	0.7	0.68	0.64	0.58	0.72	0.82	0.68	0.54	0.6	0.66
11300	0.7	0.8	0.8	0.86	0.72	0.76	0.76	0.7	0.66	0.6	0.7	0.78	0.62	0.54	0.62	0.66
11350	0.72	0.78	0.8	0.82	0.72	0.68	0.7	0.66	0.66	0.62	0.7	0.76	0.58	0.56	0.66	0.74
11400	0.68	0.76	0.8	0.8	0.74	0.68	0.7	0.68	0.66	0.6	0.6	0.7	0.54	0.52	0.66	0.76
11450	0.68	0.76	0.8	0.78	0.74	0.7	0.74	0.7	0.64	0.6	0.6	0.7	0.54	0.54	0.66	0.78
11500	0.68	0.76	0.82	0.76	0.72	0.72	0.76	0.66	0.66	0.6	0.6	0.72	0.56	0.58	0.7	0.78
11550	0.66	0.76	0.8	0.72	0.66	0.64	0.68	0.66	0.66	0.6	0.58	0.7	0.56	0.58	0.6	0.78
11600	0.64	0.74	0.8	0.72	0.64	0.58	0.7	0.72	0.7	0.62	0.62	0.72	0.58	0.66	0.64	0.8
11650	0.66	0.74	0.82	0.7	0.7	0.62	0.7	0.7	0.64	0.54	0.56	0.72	0.54	0.64	0.64	0.78
11700	0.64	0.72	0.86	0.74	0.7	0.6	0.7	0.68	0.62	0.54	0.62	0.74	0.66	0.58	0.6	0.74
11750	0.64	0.74	0.82	0.68	0.62	0.64	0.74	0.7	0.62	0.5	0.6	0.72	0.72	0.62	0.64	0.76
11800	0.68	0.74	0.82	0.74	0.6	0.62	0.7	0.68	0.6	0.46	0.62	0.68	0.7	0.62	0.66	0.76
11850	0.66	0.76	0.84	0.72	0.6	0.58	0.66	0.66	0.6	0.42	0.64	0.72	0.66	0.56	0.7	0.72
11900	0.68	0.72	0.82	0.74	0.66	0.52	0.64	0.64	0.62	0.42	0.64	0.72	0.74	0.62	0.78	0.74
11950	0.72	0.7	0.76	0.74	0.66	0.56	0.6	0.66	0.64	0.44	0.64	0.72	0.72	0.62	0.8	0.72
12000	0.72	0.7	0.74	0.78	0.66	0.64	0.66	0.7	0.62	0.46	0.6	0.72	0.7	0.62	0.78	0.72
12050	0.78	0.66	0.74	0.78	0.68	0.64	0.68	0.7	0.62	0.48	0.66	0.7	0.7	0.62	0.76	0.76
12100	0.74	0.6	0.7	0.72	0.74	0.64	0.66	0.7	0.64	0.54	0.72	0.7	0.72	0.64	0.78	0.72
12150	0.72	0.6	0.72	0.68	0.72	0.62	0.68	0.74	0.66	0.52	0.76	0.7	0.72	0.68	0.74	0.7
12200	0.72	0.58	0.72	0.68	0.76	0.7	0.66	0.7	0.74	0.56	0.74	0.72	0.72	0.66	0.72	0.68
12250	0.74	0.58	0.76	0.68	0.68	0.66	0.64	0.68	0.7	0.68	0.76	0.7	0.76	0.64	0.7	0.68
12300	0.72	0.58	0.76	0.72	0.72	0.66	0.62	0.66	0.68	0.72	0.8	0.66	0.8	0.66	0.72	0.64
12350	0.7	0.64	0.74	0.7	0.7	0.66	0.58	0.68	0.66	0.7	0.78	0.66	0.76	0.64	0.66	0.56
12400	0.68	0.62	0.76	0.68	0.66	0.66	0.54	0.6	0.62	0.68	0.76	0.64	0.72	0.64	0.66	0.56
12450	0.66	0.64	0.78	0.7	0.66	0.64	0.56	0.58	0.58	0.68	0.76	0.68	0.74	0.66	0.72	0.6
12500	0.66	0.66	0.76	0.74	0.64	0.64	0.56	0.62	0.6	0.7	0.72	0.68	0.78	0.66	0.72	0.54
12550	0.7	0.7	0.76	0.76	0.6	0.64	0.54	0.6	0.58	0.7	0.72	0.7	0.8	0.66	0.72	0.54
12600	0.7	0.7	0.72	0.78	0.62	0.64	0.6	0.6	0.56	0.66	0.76	0.76	0.78	0.68	0.72	0.58
12650	0.66	0.7	0.72	0.78	0.64	0.68	0.66	0.62	0.58	0.64	0.72	0.8	0.78	0.76	0.76	0.64
12700	0.7	0.7	0.72	0.84	0.62	0.7	0.7	0.64	0.64	0.64	0.7	0.8	0.74	0.8	0.82	0.72
12750	0.74	0.68	0.74	0.84	0.6	0.62	0.66	0.58	0.62	0.66	0.74	0.84	0.76	0.8	0.82	0.68
12800	0.7	0.68	0.72	0.82	0.6	0.62	0.76	0.54	0.64	0.66	0.8	0.84	0.8	0.8	0.8	0.7
12850	0.7	0.76	0.72	0.82	0.58	0.66	0.76	0.64	0.64	0.64	0.78	0.86	0.8	0.8	0.8	0.7
12900	0.72	0.7	0.64	0.82	0.6	0.68	0.78	0.68	0.72	0.66	0.76	0.88	0.76	0.78	0.76	0.7
12950	0.68	0.64	0.64	0.8	0.62	0.68	0.84	0.66	0.66	0.66	0.72	0.9	0.76	0.76	0.8	0.7
13000	0.66	0.66	0.66	0.8	0.64	0.7	0.78	0.7	0.62	0.66	0.7	0.88	0.76	0.74	0.76	0.66
13050	0.66	0.62	0.64	0.82	0.66	0.68	0.76	0.72	0.64	0.66	0.7	0.88	0.74	0.68	0.74	0.62
13100	0.64	0.64	0.66	0.8	0.68	0.68	0.72	0.72	0.64	0.72	0.76	0.88	0.74	0.62	0.74	0.62
13150	0.64	0.64	0.68	0.78	0.72	0.68	0.72	0.68	0.66	0.7	0.78	0.84	0.72	0.56	0.68	0.62
13200	0.68	0.66	0.68	0.8	0.76	0.7	0.74	0.72	0.66	0.74	0.78	0.84	0.74	0.54	0.68	0.62
13250	0.64	0.7	0.7	0.8	0.8	0.74	0.72	0.7	0.64	0.76	0.78	0.84	0.76	0.62	0.72	0.6
13300	0.68	0.72	0.74	0.76	0.82	0.78	0.72	0.68	0.64	0.76	0.84	0.86	0.8	0.64	0.74	0.6
13350	0.7	0.7	0.74	0.78	0.8	0.76	0.7	0.64	0.64	0.8	0.88	0.86	0.76	0.66	0.76	0.66
13400	0.7	0.68	0.76	0.74	0.8	0.74	0.68	0.68	0.7	0.8	0.9	0.84	0.76	0.66	0.76	0.66
13450	0.68	0.72	0.74	0.7	0.8	0.72	0.7	0.72	0.68	0.84	0.9	0.86	0.72	0.64	0.76	0.68
13500	0.62	0.74	0.76	0.7	0.76	0.72	0.72	0.78	0.68	0.82	0.9	0.84	0.68	0.64	0.7	0.66
13550	0.58	0.68	0.74	0.68	0.76	0.78	0.76	0.76	0.66	0.82	0.88	0.86	0.68	0.64	0.66	0.64
13600	0.56	0.62	0.72	0.68	0.76	0.78	0.74	0.72	0.6	0.8	0.9	0.88	0.66	0.6	0.7	0.6
13650	0.58	0.62	0.72	0.7	0.76	0.74	0.68	0.74	0.6	0.82	0.88	0.9	0.62	0.56	0.68	0.6
13700	0.62	0.64	0.72	0.7	0.72	0.8	0.66	0.74	0.58	0.84	0.86	0.84	0.62	0.54	0.64	0.6
13750	0.62	0.7	0.8	0.72	0.8	0.82	0.64	0.7	0.54	0.78	0.8	0.84	0.64	0.58	0.62	0.6
13800	0.58	0.72	0.78	0.72	0.72	0.78	0.66	0.7	0.56	0.8	0.8	0.86	0.64	0.64	0.64	0.62
13850	0.64	0.74	0.74	0.76	0.74	0.78	0.62	0.56	0.56	0.78	0.76	0.84	0.56	0.64	0.64	0.66
13900	0.7	0.72	0.72	0.72	0.7	0.74	0.64	0.56	0.62	0.8	0.76	0.84	0.64	0.7	0.7	0.68
13950	0.7	0.72	0.72	0.72	0.7	0.8	0.68	0.62	0.68	0.8	0.76	0.82	0.62	0.68	0.76	0.7
14000	0.72	0.76	0.74	0.68	0.74	0.74	0.66	0.64	0.7	0.76	0.74	0.84	0.62	0.66	0.7	0.74
14050	0.72	0.68	0.72	0.62	0.72	0.72	0.68	0.66	0.74	0.76	0.76	0.84	0.62	0.66	0.7	0.74
14100	0.72	0.64	0.72	0.62	0.7	0.7	0.7	0.7	0.82	0.72	0.76	0.84	0.64	0.64	0.68	0.76
14150	0.76	0.66	0.72	0.56	0.76	0.78	0.72	0.76	0.82	0.7	0.76	0.8	0.64	0.62	0.72	0.78
14200	0.76	0.66	0.72	0.58	0.7	0.66	0.72	0.72	0.82	0.68	0.74	0.82	0.64	0.64	0.74	0.76
14250	0.8	0.62	0.72	0.6	0.72	0.68	0.78	0.8	0.82	0.72	0.8	0.84	0.7	0.62	0.78	0.76
14300	0.7	0.62	0.72	0.66	0.74	0.7	0.74	0.76	0.82	0.72	0.8	0.82	0.68	0.58	0.78	0.72
14350	0.72	0.58	0.74	0.66	0.72	0.68	0.76	0.74	0.8	0.76	0.8	0.82	0.66	0.6	0.8	0.72
14400	0.76	0.64	0.74	0.66	0.66	0.7	0.78	0.76	0.8	0.74	0.8	0.84	0.66	0.64	0.82	0.76
14450	0.76	0.66	0.72	0.7	0.68	0.68	0.76	0.74	0.78	0.78	0.82	0.8	0.64	0.68	0.82	0.8
14500	0.76	0.68	0.76	0.78	0.7	0.68	0.74	0.76	0.78	0.8	0.78	0.78	0.68	0.68	0.76	0.8
14550	0.74	0.72	0.78	0.76	0.7	0.74	0.78	0.76	0.78	0.82	0.84	0.76	0.66	0.68	0.76	0.76
14600	0.72	0.7	0.8	0.78	0.74	0.72	0.76	0.78	0.8	0.8	0.8	0.8	0.68	0.7	0.76	0.78
14650	0.7	0.7	0.78	0.78	0.74	0.72	0.7	0.7	0.78	0.8	0.78	0.78	0.72	0.72	0.8	0.74
14700	0.7	0.68	0.78	0.82	0.76	0.68	0.74	0.72	0.78	0.76	0.76	0.72	0.76	0.72	0.76	0.76
14750	0.72	0.76	0.8	0.86	0.8	0.68	0.74	0.72	0.8	0.74	0.74	0.7	0.74	0.74	0.76	0.72
14800	0.72	0.8	0.82	0.86	0.8	0.7	0.72	0.74	0.8	0.74	0.74	0.68	0.72	0.72	0.86	0.72
14850	0.68	0.84	0.86	0.88	0.8	0.72	0.7	0.76	0.78	0.74	0.76	0.7	0.72	0.7	0.82	0.76
14900	0.64	0.86	0.86	0.86	0.78	0.76	0.72	0.78	0.76	0.74	0.78	0.74	0.7	0.68	0.8	0.74
14950	0.68	0.86	0.86	0.86	0.82	0.76	0.72	0.76	0.7	0.78	0.76	0.72	0.66	0.72	0.78	0.76
15000	0.66	0.82	0.84	0.86	0.84	0.76	0.72	0.72	0.76	0.78	0.74	0.68	0.68	0.72	0.8	0.76
15050	0.7	0.82	0.8	0.88	0.8	0.78	0.64	0.74	0.7	0.76	0.76	0.72	0.7	0.72	0.8	0.78
15100	0.72	0.86	0.84	0.88	0.8	0.76	0.6	0.76	0.64	0.76	0.78	0.76	0.7	0.72	0.8	0.78
15150	0.68	0.8	0.76	0.82	0.8	0.76	0.64	0.74	0.62	0.78	0.8	0.84	0.72	0.74	0.8	0.8
15200	0.66	0.76	0.8	0.8	0.82	0.82	0.66	0.74	0.66	0.78	0.82	0.84	0.7	0.74	0.78	0.76
15250	0.68	0.76	0.76	0.78	0.84	0.8	0.66	0.72	0.62	0.78	0.82	0.82	0.7	0.74	0.78	0.82
15300	0.72	0.72	0.78	0.76	0.84	0.82	0.6	0.66	0.52	0.8	0.74	0.84	0.66	0.76	0.78	0.78
15350	0.72	0.7	0.78	0.8	0.84	0.8	0.6	0.64	0.52	0.78	0.76	0.86	0.72	0.78	0.76	0.84
15400	0.68	0.68	0.8	0.82	0.88	0.84	0.6	0.66	0.48	0.78	0.78	0.84	0.7	0.76	0.78	0.8
15450	0.7	0.68	0.8	0.8	0.86	0.84	0.64	0.68	0.5	0.8	0.78	0.86	0.7	0.8	0.8	0.82
15500	0.72	0.72	0.9	0.82	0.9	0.88	0.7	0.74	0.52	0.8	0.76	0.84	0.7	0.8	0.82	0.86
15550	0.7	0.76	0.88	0.82	0.9	0.86	0.72	0.74	0.52	0.76	0.72	0.84	0.68	0.84	0.78	0.86
15600	0.72	0.78	0.88	0.82	0.92	0.86	0.74	0.72	0.54	0.76	0.74	0.82	0.72	0.82	0.8	0.86
15650	0.72	0.82	0.84	0.8	0.92	0.84	0.74	0.76	0.54	0.7	0.74	0.8	0.76	0.86	0.86	0.9
15700	0.78	0.8	0.84	0.8	0.88	0.8	0.72	0.74	0.58	0.7	0.76	0.78	0.84	0.88	0.88	0.92
15750	0.78	0.82	0.82	0.8	0.86	0.8	0.72	0.76	0.62	0.7	0.8	0.78	0.84	0.9	0.9	0.96
15800	0.78	0.82	0.82	0.8	0.9	0.78	0.74	0.76	0.64	0.7	0.8	0.76	0.8	0.82	0.86	0.94
15850	0.78	0.8	0.84	0.74	0.88	0.78	0.76	0.74	0.64	0.7	0.84	0.78	0.8	0.8	0.88	0.94
15900	0.78	0.82	0.84	0.8	0.9	0.76	0.7	0.74	0.64	0.68	0.82	0.76	0.74	0.78	0.84	0.88
15950	0.82	0.84	0.84	0.78	0.86	0.76	0.74	0.76	0.62	0.64	0.76	0.72	0.72	0.76	0.86	0.86
16000	0.8	0.84	0.84	0.8	0.82	0.7	0.7	0.76	0.66	0.7	0.78	0.76	0.72	0.78	0.84	0.84
16050	0.86	0.82	0.84	0.8	0.84	0.78	0.66	0.78	0.66	0.72	0.76	0.7	0.68	0.78	0.88	0.82
16100	0.82	0.82	0.82	0.8	0.82	0.78	0.72	0.8	0.66	0.72	0.8	0.7	0.68	0.76	0.84	0.8
16150	0.8	0.84	0.86	0.82	0.82	0.78	0.74	0.82	0.66	0.7	0.78	0.74	0.74	0.76	0.78	0.78
16200	0.8	0.86	0.9	0.82	0.8	0.76	0.76	0.86	0.64	0.66	0.76	0.74	0.76	0.82	0.78	0.8
16250	0.82	0.86	0.86	0.86	0.78	0.82	0.78	0.86	0.68	0.66	0.78	0.76	0.78	0.86	0.78	0.8
16300	0.78	0.84	0.86	0.84	0.78	0.84	0.78	0.86	0.64	0.68	0.82	0.76	0.84	0.9	0.78	0.84
16350	0.78	0.86	0.84	0.84	0.8	0.84	0.78	0.86	0.68	0.7	0.88	0.8	0.84	0.9	0.78	0.84
16400	0.82	0.84	0.84	0.84	0.78	0.82	0.8	0.86	0.68	0.74	0.9	0.84	0.82	0.88	0.8	0.84
16450	0.84	0.86	0.88	0.86	0.78	0.84	0.84	0.86	0.7	0.76	0.88	0.82	0.84	0.86	0.8	0.82
16500	0.82	0.88	0.88	0.86	0.82	0.84	0.84	0.9	0.74	0.78	0.86	0.8	0.86	0.86	0.8	0.82
16550	0.84	0.88	0.88	0.84	0.84	0.84	0.82	0.88	0.72	0.76	0.84	0.78	0.84	0.86	0.86	0.82
16600	0.86	0.88	0.88	0.86	0.86	0.84	0.8	0.9	0.72	0.78	0.8	0.76	0.76	0.86	0.88	0.82
16650	0.88	0.9	0.9	0.86	0.84	0.84	0.78	0.86	0.74	0.78	0.78	0.7	0.66	0.8	0.88	0.86
16700	0.88	0.94	0.86	0.88	0.86	0.82	0.72	0.8	0.7	0.78	0.76	0.72	0.68	0.8	0.84	0.84
16750	0.86	0.94	0.86	0.88	0.92	0.82	0.78	0.8	0.72	0.8	0.78	0.78	0.7	0.82	0.82	0.84
16800	0.84	0.92	0.86	0.88	0.9	0.84	0.8	0.82	0.74	0.84	0.8	0.84	0.72	0.82	0.84	0.84
16850	0.8	0.92	0.9	0.88	0.9	0.86	0.8	0.82	0.74	0.8	0.76	0.82	0.74	0.82	0.8	0.84
16900	0.78	0.9	0.88	0.9	0.88	0.8	0.78	0.82	0.74	0.8	0.74	0.82	0.7	0.8	0.82	0.88
16950	0.78	0.86	0.86	0.84	0.84	0.78	0.8	0.78	0.74	0.82	0.76	0.88	0.7	0.78	0.84	0.86
17000	0.76	0.86	0.84	0.82	0.82	0.78	0.84	0.82	0.78	0.82	0.76	0.88	0.72	0.82	0.82	0.84
17050	0.78	0.86	0.84	0.82	0.82	0.82	0.84	0.8	0.8	0.84	0.76	0.9	0.78	0.82	0.82	0.86
17100	0.78	0.84	0.86	0.84	0.86	0.82	0.84	0.8	0.84	0.86	0.74	0.88	0.82	0.8	0.82	0.88
17150	0.82	0.82	0.84	0.84	0.84	0.84	0.82	0.82	0.84	0.8	0.74	0.84	0.78	0.84	0.88	0.9
17200	0.86	0.82	0.82	0.84	0.82	0.84	0.8	0.82	0.82	0.8	0.78	0.84	0.74	0.84	0.9	0.92
17250	0.86	0.82	0.8	0.82	0.82	0.8	0.78	0.82	0.84	0.82	0.76	0.88	0.74	0.8	0.9	0.9
17300	0.9	0.88	0.8	0.84	0.82	0.82	0.78	0.84	0.82	0.84	0.78	0.86	0.72	0.86	0.94	0.94
17350	0.92	0.86	0.82	0.86	0.84	0.84	0.78	0.86	0.82	0.84	0.8	0.9	0.78	0.88	0.94	0.9
17400	0.92	0.88	0.84	0.88	0.88	0.84	0.78	0.82	0.82	0.84	0.8	0.88	0.78	0.86	0.92	0.9
17450	0.92	0.86	0.84	0.86	0.86	0.8	0.78	0.8	0.82	0.82	0.8	0.84	0.74	0.86	0.9	0.9
17500	0.92	0.86	0.84	0.82	0.84	0.8	0.78	0.82	0.8	0.82	0.82	0.88	0.72	0.86	0.9	0.92
17550	0.92	0.88	0.84	0.86	0.84	0.78	0.78	0.82	0.82	0.8	0.84	0.84	0.74	0.82	0.9	0.88
17600	0.9	0.9	0.82	0.86	0.86	0.76	0.74	0.8	0.8	0.8	0.8	0.82	0.76	0.84	0.86	0.88
17650	0.88	0.88	0.86	0.86	0.84	0.78	0.76	0.8	0.8	0.8	0.82	0.84	0.78	0.84	0.88	0.9
17700	0.82	0.88	0.9	0.86	0.86	0.82	0.8	0.8	0.86	0.78	0.84	0.82	0.78	0.84	0.84	0.88
17750	0.82	0.86	0.86	0.84	0.84	0.78	0.78	0.76	0.82	0.82	0.84	0.86	0.8	0.88	0.86	0.92
17800	0.84	0.88	0.84	0.88	0.82	0.8	0.78	0.78	0.88	0.82	0.84	0.9	0.9	0.92	0.92	0.92
17850	0.86	0.86	0.82	0.88	0.88	0.82	0.8	0.76	0.84	0.8	0.84	0.86	0.88	0.9	0.9	0.88
17900	0.82	0.88	0.84	0.88	0.9	0.84	0.8	0.78	0.84	0.78	0.84	0.88	0.88	0.92	0.88	0.88
17950	0.78	0.88	0.84	0.92	0.88	0.82	0.78	0.76	0.82	0.78	0.82	0.9	0.86	0.92	0.86	0.86
18000	0.82	0.88	0.86	0.92	0.88	0.84	0.82	0.74	0.82	0.84	0.82	0.86	0.86	0.92	0.9	0.88
18050	0.8	0.86	0.84	0.92	0.88	0.86	0.82	0.74	0.78	0.84	0.8	0.84	0.82	0.9	0.9	0.84
18100	0.8	0.88	0.82	0.92	0.88	0.86	0.78	0.72	0.78	0.86	0.8	0.84	0.76	0.84	0.88	0.84
18150	0.8	0.82	0.78	0.84	0.88	0.9	0.78	0.74	0.76	0.88	0.82	0.84	0.74	0.82	0.86	0.8
18200	0.82	0.84	0.76	0.84	0.86	0.86	0.78	0.72	0.74	0.88	0.82	0.84	0.7	0.76	0.84	0.8
18250	0.82	0.82	0.76	0.8	0.84	0.86	0.8	0.72	0.72	0.88	0.82	0.84	0.7	0.72	0.86	0.78
18300	0.8	0.78	0.76	0.82	0.82	0.88	0.74	0.74	0.68	0.84	0.82	0.84	0.68	0.72	0.84	0.76
18350	0.8	0.8	0.78	0.8	0.84	0.88	0.76	0.76	0.7	0.9	0.86	0.88	0.72	0.7	0.82	0.74
18400	0.78	0.74	0.76	0.78	0.82	0.86	0.74	0.74	0.74	0.9	0.9	0.88	0.7	0.7	0.8	0.78
18450	0.8	0.76	0.76	0.76	0.8	0.86	0.74	0.76	0.74	0.92	0.84	0.9	0.7	0.68	0.76	0.78
18500	0.78	0.78	0.82	0.78	0.78	0.86	0.74	0.74	0.74	0.9	0.84	0.92	0.7	0.68	0.78	0.8
18550	0.82	0.82	0.9	0.78	0.8	0.86	0.76	0.74	0.74	0.88	0.8	0.9	0.7	0.72	0.8	0.84
18600	0.82	0.8	0.88	0.76	0.84	0.84	0.74	0.76	0.74	0.88	0.82	0.86	0.66	0.7	0.8	0.86
18650	0.8	0.8	0.82	0.78	0.8	0.84	0.76	0.76	0.78	0.9	0.84	0.86	0.7	0.72	0.84	0.88
18700	0.8	0.84	0.82	0.78	0.76	0.84	0.74	0.78	0.76	0.88	0.86	0.84	0.7	0.74	0.82	0.9
18750	0.78	0.84	0.78	0.76	0.76	0.84	0.74	0.8	0.76	0.86	0.82	0.8	0.68	0.72	0.82	0.86
18800	0.8	0.86	0.78	0.74	0.8	0.84	0.72	0.8	0.76	0.84	0.78	0.76	0.68	0.7	0.78	0.88
18850	0.8	0.86	0.76	0.8	0.8	0.82	0.7	0.8	0.72	0.84	0.76	0.76	0.68	0.68	0.82	0.84
18900	0.8	0.88	0.76	0.78	0.8	0.82	0.68	0.72	0.7	0.84	0.78	0.8	0.66	0.68	0.84	0.8
18950	0.72	0.82	0.74	0.78	0.76	0.76	0.64	0.72	0.66	0.86	0.74	0.78	0.68	0.66	0.76	0.74
19000	0.74	0.84	0.76	0.78	0.76	0.76	0.64	0.72	0.66	0.88	0.76	0.78	0.68	0.7	0.76	0.76
19050	0.74	0.82	0.76	0.8	0.78	0.76	0.66	0.72	0.72	0.88	0.78	0.8	0.72	0.72	0.76	0.74
19100	0.76	0.82	0.8	0.82	0.82	0.78	0.66	0.72	0.7	0.88	0.8	0.84	0.74	0.7	0.74	0.7
19150	0.8	0.84	0.82	0.8	0.84	0.78	0.7	0.74	0.68	0.86	0.84	0.86	0.78	0.7	0.78	0.7
19200	0.8	0.86	0.82	0.82	0.84	0.74	0.74	0.8	0.64	0.82	0.82	0.84	0.78	0.74	0.82	0.68
19250	0.8	0.86	0.86	0.84	0.88	0.8	0.78	0.84	0.68	0.82	0.84	0.86	0.78	0.78	0.82	0.68
19300	0.84	0.9	0.88	0.86	0.88	0.82	0.76	0.84	0.74	0.82	0.86	0.86	0.8	0.76	0.9	0.78
19350	0.92	0.9	0.88	0.88	0.88	0.82	0.78	0.92	0.76	0.84	0.88	0.9	0.8	0.78	0.9	0.84
19400	0.92	0.9	0.88	0.92	0.86	0.76	0.76	0.86	0.72	0.78	0.9	0.9	0.8	0.78	0.9	0.84
19450	0.94	0.9	0.86	0.92	0.88	0.76	0.78	0.86	0.72	0.78	0.9	0.88	0.8	0.78	0.92	0.84
19500	0.92	0.9	0.8	0.86	0.84	0.74	0.8	0.86	0.72	0.78	0.9	0.88	0.78	0.82	0.92	0.92
19550	0.96	0.92	0.8	0.88	0.84	0.76	0.8	0.86	0.74	0.86	0.9	0.92	0.78	0.82	0.9	0.92
19600	0.94	0.92	0.84	0.9	0.84	0.78	0.78	0.84	0.72	0.88	0.94	0.96	0.82	0.82	0.9	0.94
19650	0.92	0.92	0.84	0.88	0.82	0.74	0.8	0.8	0.74	0.9	0.94	0.96	0.84	0.82	0.88	0.96
19700	0.92	0.84	0.82	0.84	0.84	0.74	0.8	0.8	0.74	0.92	0.94	0.98	0.86	0.82	0.86	0.94
19750	0.88	0.84	0.82	0.82	0.88	0.76	0.78	0.76	0.76	0.92	0.96	0.98	0.86	0.8	0.82	0.9
19800	0.88	0.84	0.86	0.8	0.9	0.76	0.78	0.76	0.76	0.88	0.92	0.94	0.88	0.82	0.84	0.9
19850	0.86	0.86	0.82	0.8	0.9	0.78	0.8	0.76	0.76	0.88	0.9	0.92	0.92	0.8	0.84	0.88
19900	0.9	0.86	0.82	0.76	0.86	0.84	0.82	0.82	0.76	0.84	0.9	0.88	0.92	0.8	0.84	0.88
19950	0.88	0.86	0.8	0.76	0.84	0.84	0.82	0.8	0.74	0.78	0.9	0.86	0.92	0.8	0.86	0.84
20000	0.88	0.86	0.82	0.8	0.82	0.82	0.78	0.76	0.74	0.78	0.92	0.86	0.92	0.8	0.88	0.84
