0	0	0	0	0	0	0	0	0	0	0	0	0	0	0	0	0	0
50	2	2	1	2	1	1	2	2	1	1	1	2	3	2	3	3	8
100	4	3	3	3	5	5	2	2	1	2	2	4	4	3	5	5	17
150	5	6	6	7	7	6	4	4	4	5	5	6	6	4	7	6	31
200	7	9	6	7	7	7	6	6	6	6	9	7	7	6	7	7	42
250	7	10	7	8	7	7	9	6	6	7	9	8	7	6	7	9	46
300	7	11	8	9	7	8	9	6	6	7	10	9	8	6	10	10	53
350	8	11	9	9	9	8	10	6	8	8	10	9	8	6	10	10	58
400	8	12	9	10	10	9	10	6	10	8	12	9	8	7	11	11	60
450	9	12	10	11	12	9	11	9	10	8	15	9	8	7	13	11	65
500	9	11	11	11	12	9	11	11	10	8	15	10	7	8	13	11	66
550	10	11	11	11	12	9	11	11	10	8	15	10	8	7	13	11	66
600	10	11	11	11	12	10	11	11	11	9	16	10	9	8	13	11	66
650	10	13	11	12	12	10	11	11	11	9	16	10	10	8	13	12	69
700	10	13	13	13	12	10	12	10	12	9	16	11	10	8	13	12	69
750	10	14	13	13	14	11	11	11	12	9	16	10	11	9	13	13	72
800	10	13	13	13	14	11	13	11	12	9	16	10	11	10	13	14	72
850	10	13	13	13	14	11	13	11	12	9	16	10	11	10	13	14	74
900	10	13	14	13	14	11	13	11	12	9	16	10	11	12	13	15	76
950	10	13	14	13	14	11	13	11	12	9	16	10	11	13	13	15	76
1000	10	13	14	13	14	11	13	11	12	9	16	10	11	13	13	15	75
1050	10	13	14	13	14	11	13	11	12	9	16	10	11	13	13	16	75
1100	10	13	14	13	14	12	13	11	12	9	16	10	11	13	13	16	73
1150	10	13	14	13	14	12	13	11	12	9	16	10	11	14	13	16	73
1200	10	13	14	13	14	12	13	11	12	9	16	11	11	14	13	16	75
1250	10	13	14	13	13	12	13	11	12	9	16	11	11	14	13	16	74
1300	10	13	14	13	13	13	13	11	12	9	16	13	11	14	13	16	74
1350	10	13	14	13	13	13	13	11	12	9	16	13	11	14	13	16	75
1400	10	13	14	13	13	14	13	11	12	9	16	13	11	14	13	16	74
1450	10	13	14	13	13	14	13	11	12	9	16	13	11	14	13	16	75
1500	10	13	14	13	13	14	13	11	12	9	16	14	11	14	13	16	76
1550	10	13	14	13	13	14	13	11	12	9	16	14	11	14	13	16	76
1600	10	13	14	14	13	14	13	11	12	9	16	14	11	14	13	16	75
1650	10	13	14	15	13	14	13	11	12	9	16	14	11	14	14	16	75
1700	10	13	14	15	13	15	13	11	12	9	16	14	11	14	14	16	76
1750	10	13	14	15	13	15	13	11	12	9	16	14	11	14	14	16	76
1800	10	13	14	15	13	15	13	11	12	9	16	14	11	14	14	16	76
1850	10	13	14	15	13	16	13	11	12	9	16	14	11	14	15	16	77
1900	10	13	14	15	13	16	13	11	12	9	16	14	11	14	15	16	75
1950	10	13	14	15	13	16	13	11	12	9	16	14	11	14	15	16	74
2000	10	13	14	15	13	16	13	11	12	10	16	14	11	14	15	16	74
2050	10	13	14	16	13	17	13	11	12	10	16	14	11	14	15	16	76
2100	10	13	14	16	13	17	13	11	12	11	16	14	11	14	17	16	79
2150	10	13	14	17	13	17	13	11	12	11	16	14	11	14	17	16	80
2200	10	13	14	17	13	17	13	11	12	11	16	14	11	15	17	16	80
2250	10	13	14	17	13	17	13	11	12	11	16	14	11	15	17	15	78
2300	10	13	14	16	13	17	13	11	12	12	16	14	11	15	17	15	79
2350	10	13	14	16	13	17	13	11	12	12	16	14	11	15	17	15	80
2400	10	13	14	16	13	17	13	11	12	12	16	14	11	15	17	15	81
2450	10	13	14	16	13	17	13	11	12	12	16	14	11	15	17	15	81
2500	10	13	14	16	13	17	13	11	12	14	16	14	11	15	17	15	82
2550	10	13	14	16	13	17	13	11	12	13	16	14	11	15	17	15	82
2600	10	13	15	16	13	17	13	11	12	13	16	14	11	15	17	15	83
2650	10	14	15	16	13	17	13	11	12	13	16	14	11	16	17	15	85
2700	10	14	15	16	13	18	13	11	12	13	16	14	11	16	17	15	85
2750	10	14	15	16	13	18	13	11	12	13	16	14	11	16	17	15	85
2800	10	14	15	16	13	19	13	11	12	13	16	14	11	16	17	15	85
2850	10	16	15	16	13	19	13	11	12	13	16	14	11	16	17	15	87
2900	10	17	15	16	13	19	13	11	12	13	16	14	11	17	17	15	88
2950	10	18	15	16	13	19	13	11	12	13	16	14	11	19	17	15	91
3000	10	18	15	16	13	19	13	11	12	13	16	14	11	19	17	13	88
3050	10	18	16	16	13	19	13	11	12	13	16	14	11	19	17	13	88
3100	10	18	16	16	13	19	13	11	12	13	16	14	11	21	17	13	90
3150	10	19	17	16	13	20	13	11	12	13	16	14	11	21	17	13	93
3200	10	19	17	17	13	21	13	11	12	13	16	14	11	21	17	13	94
3250	10	19	19	17	13	21	13	11	12	13	16	14	11	21	17	13	95
3300	10	19	19	17	13	21	13	11	12	13	16	14	11	21	17	13	94
3350	10	19	20	17	13	21	13	11	12	14	16	14	11	21	17	13	95
3400	10	19	20	17	13	20	13	11	12	14	16	14	11	21	17	13	95
3450	10	19	20	17	13	20	13	11	12	14	16	14	11	21	17	13	96
3500	10	19	20	17	13	22	13	11	12	14	16	14	11	21	17	13	99
3550	10	20	20	17	13	22	13	11	12	14	16	14	11	21	17	13	98
3600	10	21	20	17	13	22	13	11	12	14	16	14	11	21	17	13	99
3650	10	21	20	17	13	22	13	11	12	14	16	15	11	21	17	13	98
3700	10	20	20	17	13	22	13	11	12	14	16	15	11	21	17	13	96
3750	10	20	20	17	13	23	13	11	12	14	16	15	11	21	17	13	97
3800	10	20	20	17	13	23	13	11	12	14	16	15	11	21	17	13	97
3850	10	20	20	17	13	23	13	11	12	14	16	15	11	21	17	13	97
3900	10	20	20	17	13	24	13	11	12	14	16	16	11	21	17	13	99
3950	10	20	20	17	13	24	13	11	12	14	16	16	11	21	17	13	99
4000	10	20	20	17	13	24	13	11	12	14	16	16	11	21	17	13	100
4050	10	20	20	17	13	24	13	11	12	14	16	17	11	21	17	13	100
4100	10	20	20	18	13	25	13	11	12	14	16	16	11	21	17	13	101
4150	11	20	20	18	13	25	13	11	12	14	16	16	11	21	16	13	101
4200	11	20	20	18	13	25	13	11	12	15	16	16	11	21	16	13	102
4250	11	20	20	17	13	25	13	11	12	15	16	16	11	21	16	13	102
4300	13	20	20	17	13	24	13	11	13	15	16	16	11	21	16	13	103
4350	13	20	20	16	13	24	13	11	13	15	16	16	11	21	16	13	103
4400	13	20	20	17	13	24	13	11	13	15	16	16	11	21	16	13	103
4450	13	20	20	18	14	24	13	11	13	15	16	16	11	20	16	13	103
4500	13	20	20	19	14	23	13	11	13	15	16	17	11	20	16	13	104
4550	13	20	20	19	14	23	13	11	13	16	16	17	11	20	16	13	105
4600	13	20	20	19	14	24	14	11	13	16	16	18	11	20	16	13	108
4650	13	20	20	19	14	24	14	11	13	16	16	17	11	20	16	13	108
4700	13	20	20	19	14	24	16	11	13	17	16	17	11	20	16	13	108
4750	13	20	20	19	14	24	16	11	13	17	16	17	11	20	16	13	108
4800	13	20	20	19	14	24	17	11	13	17	16	17	11	20	16	13	110
4850	13	20	20	20	14	24	17	11	13	17	16	17	12	20	16	13	112
4900	14	20	20	20	14	24	17	11	13	17	16	17	12	20	16	13	114
4950	14	20	20	20	14	23	17	11	13	17	16	17	12	20	16	13	113
5000	14	20	20	20	14	23	17	11	13	19	16	17	12	20	16	13	114
5050	15	20	21	20	14	22	17	11	13	19	16	17	14	20	16	13	117
5100	15	20	21	21	15	22	17	11	13	18	16	17	14	20	16	13	119
5150	16	20	21	21	15	22	17	11	13	17	16	17	14	20	16	13	119
5200	16	20	21	21	15	22	20	11	13	17	16	17	15	20	16	13	121
5250	16	21	22	23	15	22	20	11	13	19	16	17	15	20	16	13	127
5300	16	21	22	24	15	22	20	11	13	19	16	17	15	20	16	13	128
5350	16	21	22	25	15	22	20	11	13	19	16	17	15	20	16	13	129
5400	16	21	22	25	16	22	21	11	13	19	16	17	15	20	16	13	131
5450	16	21	22	25	16	22	21	11	13	19	16	17	15	20	16	13	131
5500	16	21	22	26	16	22	21	11	13	19	16	17	15	20	16	13	133
5550	17	21	22	26	16	22	21	11	13	19	16	17	17	20	16	13	135
5600	17	21	22	26	16	22	21	11	13	18	16	17	17	20	16	13	135
5650	17	22	22	26	16	22	21	11	13	20	16	17	17	20	16	13	136
5700	17	22	22	26	16	22	21	11	13	22	16	17	18	20	16	13	138
5750	17	22	22	26	17	22	21	11	13	22	16	17	18	20	16	13	138
5800	17	22	22	26	17	22	21	11	13	22	16	17	19	20	16	13	139
5850	17	22	22	27	17	22	21	11	13	22	16	17	19	20	16	13	138
5900	17	22	22	27	17	22	21	11	13	22	16	17	19	20	16	13	138
5950	17	22	22	27	17	22	21	11	13	23	16	17	19	20	16	13	137
6000	17	22	22	27	18	22	21	11	13	23	16	17	19	20	16	13	138
6050	17	22	22	27	18	22	21	11	13	23	16	17	19	20	16	13	138
6100	17	22	22	27	19	22	21	11	13	24	16	17	19	20	16	13	137
6150	17	22	22	27	19	22	21	11	13	24	16	17	20	20	16	13	138
6200	17	22	22	27	20	22	21	11	13	24	16	17	20	20	16	13	139
6250	17	22	22	27	20	22	21	11	13	24	16	17	20	20	16	13	138
6300	17	22	22	27	20	22	21	11	13	24	16	17	20	20	16	13	138
6350	17	22	22	27	20	22	21	11	13	24	16	17	20	20	16	13	137
6400	17	22	22	27	20	22	21	11	14	24	16	17	20	20	16	13	137
6450	17	22	22	27	21	22	21	11	14	24	16	17	20	20	16	13	136
6500	17	22	22	27	21	22	21	11	14	24	16	17	20	20	16	13	136
6550	17	22	23	27	21	21	21	11	14	24	16	17	21	20	16	13	136
6600	17	22	23	27	22	21	22	11	14	24	16	17	21	20	16	13	139
6650	17	22	23	27	22	21	22	11	14	24	16	17	21	20	16	13	138
6700	17	22	23	27	22	21	22	11	14	24	16	17	21	20	16	13	139
6750	17	22	23	27	23	21	22	11	16	24	16	17	21	20	16	13	141
6800	18	22	23	27	23	21	22	11	17	24	16	17	21	21	16	13	141
6850	18	22	24	27	24	21	22	11	17	24	16	17	21	21	16	13	143
6900	18	21	25	27	24	21	22	11	17	24	16	17	21	21	16	13	142
6950	18	21	26	28	24	21	22	11	17	24	16	17	21	21	16	13	143
7000	19	21	26	28	24	21	22	11	17	24	16	17	22	23	16	13	146
7050	19	21	25	28	24	21	22	11	17	24	16	17	22	22	16	13	145
7100	19	21	26	28	24	21	22	11	17	24	17	17	22	22	16	13	147
7150	19	21	27	28	24	21	22	11	17	24	17	17	22	22	16	13	148
7200	19	21	27	29	24	21	22	11	17	24	17	17	22	22	16	13	148
7250	19	21	27	29	24	21	22	11	17	24	17	17	22	23	16	13	147
7300	19	21	27	29	25	21	22	11	17	24	17	17	22	24	16	14	149
7350	19	21	28	29	25	21	22	11	17	24	17	17	22	24	16	14	149
7400	19	20	28	29	25	21	22	11	17	24	17	17	22	24	16	14	149
7450	19	20	28	29	25	21	22	11	17	24	17	17	22	24	16	14	148
7500	19	21	29	29	25	21	22	11	17	23	17	17	22	24	16	14	148
7550	20	21	29	29	25	21	21	11	17	23	17	17	22	24	16	14	146
7600	20	22	29	29	25	20	21	12	17	23	17	17	22	24	16	14	147
7650	20	22	30	29	26	20	21	12	17	22	17	17	22	24	16	15	151
7700	20	22	30	29	26	20	21	12	17	22	17	17	22	23	16	15	150
7750	20	22	30	29	26	20	21	12	17	21	17	17	22	23	16	17	152
7800	20	22	30	29	26	19	21	12	17	21	17	17	22	24	17	16	152
7850	20	22	28	29	26	19	21	12	17	22	17	17	22	24	17	18	152
7900	21	22	29	29	26	19	21	12	17	22	17	17	22	24	17	18	153
7950	21	22	29	29	26	19	21	12	17	23	17	17	22	24	17	18	154
8000	21	23	30	28	26	19	21	12	17	23	17	17	22	24	17	19	155
8050	21	23	30	28	26	19	21	12	17	23	17	18	22	24	17	19	154
8100	22	23	31	28	26	19	21	12	17	23	17	19	22	24	17	19	154
8150	22	23	33	28	26	19	21	12	17	24	17	19	22	24	17	19	155
8200	22	24	32	28	26	19	21	12	17	24	17	19	22	24	17	19	157
8250	22	24	32	28	26	19	21	12	17	24	17	19	22	24	17	19	158
8300	23	24	31	28	26	19	21	12	17	24	17	19	22	24	18	19	158
8350	22	24	31	28	26	19	21	12	17	24	17	19	22	24	18	19	159
8400	24	24	31	28	26	20	21	12	17	24	17	19	22	24	18	20	162
8450	25	24	31	28	27	20	21	12	17	24	17	19	22	24	18	20	165
8500	25	24	31	28	27	21	21	12	17	24	17	20	22	24	19	20	167
8550	25	24	31	28	27	21	21	12	17	24	17	21	22	24	19	20	168
8600	25	24	31	28	27	21	21	12	17	24	17	22	22	24	20	20	169
8650	25	24	32	28	27	21	21	12	17	24	17	22	23	24	20	20	171
8700	25	24	34	28	27	21	21	12	17	24	17	23	23	24	20	20	172
8750	25	24	34	28	27	21	21	12	17	24	17	24	23	24	20	20	173
8800	26	24	34	28	27	21	21	12	17	24	17	24	23	24	20	20	173
8850	26	24	34	28	27	21	21	12	17	24	17	25	24	24	20	20	175
8900	26	24	34	28	27	23	21	12	17	23	17	25	24	24	20	20	176
8950	26	24	34	29	27	23	21	12	17	23	17	25	24	24	20	20	177
9000	26	24	34	29	27	23	21	12	17	23	17	26	24	24	20	20	178
9050	26	24	34	29	27	24	21	12	17	23	17	26	25	24	20	20	179
9100	26	24	34	29	27	24	21	12	17	23	17	26	25	24	20	20	179
9150	26	24	34	29	27	24	21	12	17	23	17	26	24	24	20	20	178
9200	26	24	34	30	27	24	21	12	17	23	17	26	24	24	20	21	182
9250	26	25	34	30	27	24	21	12	17	23	17	26	24	24	20	21	183
9300	26	25	34	30	27	24	21	12	17	23	17	26	24	24	21	21	183
9350	25	25	34	29	27	24	21	12	17	23	17	26	24	24	21	21	181
9400	25	25	34	29	27	24	21	12	17	23	17	26	24	24	21	21	181
9450	26	25	34	31	27	24	21	12	17	23	17	26	24	24	21	21	182
9500	26	25	34	31	27	24	21	12	17	23	17	26	23	24	21	21	180
9550	27	25	34	31	27	24	21	12	17	23	17	26	23	24	21	21	180
9600	27	25	34	31	27	24	21	12	17	23	17	26	23	24	21	21	179
9650	27	25	34	31	27	24	21	12	17	23	17	25	23	24	22	21	180
9700	27	25	34	31	27	25	21	12	17	23	17	25	23	24	22	21	181
9750	27	26	34	31	27	25	21	12	17	23	17	26	23	24	22	21	181
9800	27	26	34	31	27	24	21	12	17	23	17	26	23	24	22	21	181
9850	27	26	34	31	27	24	21	12	17	23	17	26	23	24	22	21	181
9900	27	26	34	31	27	24	21	12	17	23	17	27	23	24	22	21	181
9950	27	26	34	31	27	24	21	12	17	23	17	27	23	25	22	21	182
10000	26	27	34	31	27	25	21	12	17	23	17	27	23	27	22	21	184
10050	27	27	34	31	27	25	21	12	18	24	17	28	24	27	23	21	185
10100	28	28	34	32	27	25	23	13	19	24	17	28	24	28	23	21	189
10150	30	29	35	32	28	25	23	14	19	26	17	29	25	28	23	21	192
10200	31	30	35	32	28	25	23	15	20	26	17	31	26	28	23	21	196
10250	31	30	36	33	29	25	24	15	20	26	17	32	28	28	23	23	199
10300	31	31	36	33	30	25	25	15	21	26	17	32	29	30	23	25	205
10350	32	32	36	33	31	25	25	16	21	28	17	32	29	30	23	26	209
10400	32	33	35	33	31	26	25	16	22	30	17	33	29	30	24	26	214
10450	33	33	36	35	31	26	25	16	22	30	18	34	29	30	24	26	212
10500	34	34	37	35	31	26	25	16	23	30	18	34	29	30	24	26	214
10550	35	35	37	36	29	27	27	16	23	30	18	34	30	31	25	26	215
10600	36	37	37	37	29	27	27	16	24	30	18	34	30	33	26	26	218
10650	37	37	38	37	30	29	28	16	26	31	21	34	30	33	27	27	225
10700	37	38	38	38	31	30	28	16	27	30	21	35	30	33	27	27	229
10750	38	39	39	39	31	30	28	16	27	30	21	36	30	33	27	27	234
10800	38	39	40	39	33	32	28	16	28	30	21	36	30	33	27	28	235
10850	38	39	40	39	33	32	28	16	28	31	21	36	29	33	27	28	234
10900	38	39	40	40	33	32	27	16	29	31	22	36	29	33	27	28	234
10950	38	39	40	41	33	32	27	16	29	32	22	38	29	33	27	27	234
11000	38	39	40	41	33	33	27	16	29	32	22	39	29	33	29	27	235
11050	38	40	40	41	33	33	27	16	29	33	22	40	29	33	29	27	235
11100	38	40	40	41	33	34	27	16	29	33	22	40	28	33	29	27	235
11150	38	40	40	41	33	35	27	16	29	33	22	41	28	33	29	27	236
11200	38	40	39	42	33	35	27	16	29	33	22	41	28	33	29	27	237
11250	38	40	40	42	33	36	27	16	29	33	22	41	28	33	29	27	240
11300	38	40	40	42	33	36	27	16	29	33	22	41	28	33	29	27	240
11350	38	40	40	42	33	36	27	16	29	32	22	41	28	33	29	27	240
11400	38	40	40	42	33	36	27	16	29	32	22	41	28	33	29	28	241
11450	38	40	40	42	33	36	27	16	29	32	22	41	28	33	29	28	241
11500	38	40	39	41	33	36	27	16	29	32	22	41	28	33	29	28	240
11550	38	40	39	41	33	36	27	16	29	32	23	41	28	33	29	28	240
11600	38	40	39	41	33	37	27	16	29	32	23	41	28	33	29	28	240
11650	38	40	39	41	33	37	27	16	29	32	23	41	28	33	29	28	240
11700	38	40	39	41	33	37	27	16	29	32	23	41	28	33	29	28	241
11750	38	40	39	41	32	37	27	16	29	32	24	41	28	33	29	29	242
11800	38	40	39	41	32	37	27	16	29	32	24	41	28	33	29	29	242
11850	38	40	39	41	32	37	27	16	29	32	24	41	28	33	29	29	241
11900	38	40	39	41	32	36	28	16	29	32	24	41	28	33	29	29	240
11950	38	40	39	41	32	36	28	16	29	32	24	41	28	33	29	29	241
12000	38	39	39	41	32	36	28	16	29	32	24	42	28	33	29	29	242
12050	38	39	39	41	32	35	28	16	29	32	24	42	28	33	29	29	240
12100	38	39	39	38	32	35	28	16	29	32	24	41	28	33	29	29	238
12150	38	39	38	38	32	35	28	16	29	32	24	41	28	33	29	29	237
12200	38	39	38	38	32	35	28	16	29	32	24	41	28	33	29	29	237
12250	38	38	38	37	32	35	28	16	29	31	25	41	28	33	29	29	237
12300	37	38	38	37	32	35	28	16	29	31	25	41	28	33	29	29	235
12350	37	38	38	36	32	35	28	16	29	31	25	41	28	33	30	29	236
12400	37	37	38	36	32	35	28	17	29	31	25	41	28	33	31	30	236
12450	37	37	38	36	32	35	29	17	29	31	25	41	28	33	32	31	236
12500	37	37	38	36	32	35	29	18	29	30	26	41	28	32	32	32	238
12550	37	36	38	36	32	35	29	18	29	30	26	41	28	32	34	32	238
12600	37	36	38	36	32	35	28	19	30	30	26	41	28	32	34	32	238
12650	37	36	37	36	32	35	28	19	30	30	26	41	28	32	34	32	237
12700	37	36	37	36	32	35	28	19	30	30	26	41	29	32	34	32	237
12750	37	36	37	35	32	35	28	20	30	30	27	41	29	32	34	32	241
12800	37	36	37	35	32	35	28	21	30	30	27	41	29	32	35	32	241
12850	37	36	37	35	32	35	28	21	31	30	27	41	29	32	36	32	242
12900	37	36	37	35	32	35	28	21	31	30	27	41	28	32	35	32	241
12950	37	36	37	36	32	35	28	21	31	29	27	41	27	32	35	32	242
13000	37	36	37	36	32	35	28	21	31	29	27	41	27	32	35	33	242
13050	37	36	37	36	32	35	28	22	31	29	27	41	27	32	35	33	243
13100	37	36	35	36	32	35	28	22	31	29	27	41	28	32	35	33	243
13150	36	36	35	35	32	35	28	22	31	29	27	41	29	32	35	33	244
13200	36	36	34	35	32	35	28	22	31	29	27	41	29	32	35	33	242
13250	36	36	33	35	32	35	28	22	31	29	27	41	29	32	35	33	242
13300	36	36	33	35	32	35	28	22	31	29	27	41	29	32	35	33	241
13350	36	35	33	35	32	35	28	22	31	29	27	41	29	32	35	33	241
13400	36	35	33	34	32	35	28	22	31	29	27	41	29	32	35	33	240
13450	36	35	33	34	32	35	28	22	31	29	27	41	29	32	35	33	240
13500	36	35	33	34	32	35	28	22	31	30	27	41	29	32	35	33	239
13550	36	35	33	34	32	35	28	22	31	30	27	40	28	32	35	33	238
13600	36	35	33	33	32	35	28	22	31	30	27	40	28	32	35	33	238
13650	36	35	33	33	32	35	28	23	31	30	27	40	29	32	35	33	240
13700	36	35	32	33	32	35	28	23	32	30	27	40	29	32	35	33	239
13750	36	35	32	33	32	35	28	23	32	30	27	40	30	32	35	33	239
13800	36	35	31	33	32	35	28	23	33	30	27	40	30	32	35	33	238
13850	36	35	31	33	32	35	28	23	33	30	27	40	30	32	35	33	239
13900	36	35	31	33	32	35	28	23	33	30	27	40	30	32	35	33	239
13950	36	35	30	33	32	35	28	23	33	31	27	40	30	32	35	33	240
14000	36	34	31	33	32	35	28	23	33	31	27	40	30	32	35	33	238
14050	36	35	31	33	32	35	28	23	33	31	27	40	31	31	34	33	241
14100	36	34	31	33	32	35	28	23	34	32	27	40	33	31	34	33	245
14150	36	34	31	31	32	35	28	23	34	32	27	40	33	30	34	33	243
14200	36	34	31	31	32	35	28	23	34	32	27	40	33	30	34	33	243
14250	36	34	31	31	32	35	28	23	34	32	26	40	33	30	34	33	242
14300	36	34	31	31	32	35	28	23	34	33	26	39	33	30	34	33	243
14350	36	34	31	31	32	35	28	23	34	33	26	39	32	30	34	33	241
14400	36	34	31	31	32	35	28	23	34	33	26	39	32	30	34	33	241
14450	36	34	31	31	33	35	28	23	34	33	26	39	32	30	35	33	242
14500	36	33	30	32	33	35	28	23	34	33	26	39	32	30	35	33	243
14550	36	33	30	32	33	35	28	23	34	33	26	39	31	30	35	33	243
14600	36	33	30	32	33	35	28	23	34	33	26	41	31	30	35	33	245
14650	36	33	30	32	33	35	28	23	33	33	26	42	31	30	35	33	247
14700	36	33	30	33	33	35	28	23	33	33	26	42	31	29	36	33	248
14750	36	33	30	33	33	35	28	23	33	33	26	42	31	29	36	31	246
14800	36	34	30	33	34	35	28	23	33	33	26	42	31	29	36	31	247
14850	36	34	30	33	34	35	28	23	33	33	26	42	31	29	35	31	246
14900	36	34	30	33	33	35	28	23	33	33	26	42	31	29	35	31	246
14950	36	34	30	33	33	35	28	23	33	33	26	42	31	29	35	31	245
15000	36	34	30	33	33	35	28	23	33	33	26	42	31	29	35	31	245
15050	36	34	30	33	33	35	27	23	33	33	26	42	31	29	35	31	246
15100	36	34	30	33	33	35	27	23	33	33	25	42	31	29	35	31	245
15150	36	33	30	33	33	35	27	23	33	33	25	42	31	29	35	31	245
15200	36	33	29	33	33	35	27	23	33	33	25	43	31	29	35	31	244
15250	35	33	28	33	33	35	27	23	33	33	25	42	31	29	35	31	243
15300	35	33	28	33	33	35	27	23	33	33	25	42	32	29	35	31	244
15350	35	32	28	33	32	35	27	23	33	33	25	42	31	29	36	31	244
15400	35	32	28	33	32	35	27	23	33	33	25	43	31	28	35	31	242
15450	35	32	28	33	32	35	27	23	33	33	25	43	31	28	35	31	241
15500	35	32	28	33	33	35	28	23	33	33	25	43	31	28	35	31	241
15550	35	32	27	33	33	35	28	23	33	33	25	42	31	28	35	31	239
15600	35	32	27	33	33	35	29	23	33	33	24	42	30	28	35	31	238
15650	35	32	27	33	33	35	29	24	33	33	24	42	30	28	35	31	241
15700	35	32	27	33	34	35	29	24	33	33	24	42	30	28	36	31	242
15750	35	32	27	33	34	33	29	24	33	33	24	43	30	28	36	31	241
15800	35	32	27	33	34	33	29	26	33	33	24	42	30	28	36	31	243
15850	35	32	27	33	35	33	29	26	33	33	24	42	30	28	36	31	245
15900	35	32	27	33	35	33	29	26	33	33	24	42	30	28	36	32	246
15950	35	32	27	33	35	33	29	26	33	33	24	42	30	28	36	32	245
16000	35	32	27	33	35	33	29	26	33	33	24	42	30	28	36	32	244
16050	35	32	27	33	35	33	29	26	33	32	24	42	30	28	36	33	243
16100	34	33	27	33	35	33	29	26	33	32	24	42	30	28	36	33	241
16150	34	33	27	33	35	33	29	26	33	32	24	41	30	28	35	33	241
16200	34	33	27	33	36	33	29	26	33	32	24	41	30	28	34	33	242
16250	34	33	27	33	36	33	29	27	33	32	24	41	31	28	34	33	242
16300	34	34	27	33	36	32	29	27	33	32	24	41	32	28	34	33	242
16350	34	34	27	33	36	32	29	27	33	32	24	41	32	28	34	33	242
16400	34	34	27	33	36	32	28	27	33	32	24	40	32	28	35	33	242
16450	34	35	27	33	36	32	28	27	33	32	25	40	32	28	35	33	243
16500	34	35	27	33	36	32	28	27	33	32	25	40	32	28	35	33	243
16550	33	36	27	33	36	32	28	27	33	32	25	40	32	28	35	32	242
16600	33	36	27	33	35	32	28	27	33	31	25	40	32	28	36	32	242
16650	33	36	27	33	35	32	28	27	33	31	25	40	31	28	36	32	242
16700	33	36	27	33	35	32	28	27	33	31	25	40	32	28	36	32	242
16750	33	36	27	33	35	32	28	27	33	30	25	40	32	28	36	32	239
16800	33	36	27	33	35	32	28	27	32	30	26	40	32	29	36	32	240
16850	33	37	27	33	35	32	28	26	32	30	26	40	33	29	36	32	241
16900	33	37	27	33	35	31	28	26	32	30	26	40	34	29	36	32	239
16950	33	37	27	33	34	31	28	26	32	30	26	40	34	29	36	32	238
17000	33	38	27	33	34	30	28	26	32	30	26	40	34	29	36	32	238
17050	33	38	27	33	34	30	28	26	32	30	26	40	34	29	36	33	239
17100	34	39	27	33	34	30	28	25	33	30	26	40	36	29	36	33	242
17150	34	38	27	33	35	30	28	25	33	29	26	40	34	30	36	33	243
17200	34	38	27	32	35	30	28	25	33	29	26	40	34	31	36	33	242
17250	34	38	27	32	35	30	28	24	33	29	26	38	37	31	36	33	244
17300	34	38	27	32	34	30	28	24	33	29	26	38	37	31	36	33	244
17350	34	38	27	32	34	30	28	24	33	29	26	38	37	31	36	33	245
17400	34	38	27	32	34	30	28	24	33	29	26	38	37	31	36	33	245
17450	34	38	27	32	34	29	28	24	34	29	26	38	40	31	36	33	247
17500	34	38	27	32	34	29	27	24	34	30	26	38	41	32	36	34	250
17550	33	38	27	32	34	29	27	24	34	31	26	38	41	32	36	34	249
17600	33	38	27	32	34	29	27	24	34	31	26	38	41	32	36	34	248
17650	33	38	27	32	34	29	27	24	34	31	26	38	41	33	36	34	248
17700	33	38	27	32	34	29	27	24	34	31	26	36	40	33	36	34	245
17750	33	37	27	32	34	29	27	24	34	31	26	36	40	33	36	34	245
17800	33	37	27	34	34	29	27	24	34	31	26	36	40	33	36	34	245
17850	34	37	27	34	34	29	27	24	34	31	26	35	41	33	37	34	247
17900	34	37	27	34	34	29	27	24	35	31	26	35	41	33	37	34	248
17950	33	37	27	33	34	29	27	24	34	31	26	35	41	33	36	34	247
18000	33	36	27	33	34	29	27	24	34	31	26	34	41	33	36	34	246
18050	33	36	27	33	33	29	27	24	34	32	26	34	41	33	36	34	246
18100	33	36	27	33	33	29	27	24	35	32	26	34	40	33	36	34	247
18150	32	36	27	33	33	29	27	24	35	32	26	34	40	33	35	34	245
18200	32	36	27	34	33	29	27	24	35	32	26	34	40	33	35	34	246
18250	31	36	27	34	34	29	27	24	36	32	26	34	40	33	35	34	247
18300	31	36	27	34	34	29	27	23	36	32	26	34	41	33	36	34	248
18350	32	37	26	34	35	29	27	22	37	33	26	34	41	33	36	34	253
18400	32	36	26	34	35	29	27	22	37	33	26	34	41	33	36	35	254
18450	33	37	26	33	35	29	27	22	37	33	26	34	41	33	37	36	255
18500	33	37	26	33	35	29	27	22	37	33	26	34	41	33	37	36	255
18550	33	37	26	33	35	29	27	22	37	34	26	34	41	33	37	36	256
18600	33	37	26	33	35	29	27	22	37	36	26	35	41	33	37	36	259
18650	33	37	26	33	35	29	27	22	37	36	26	35	41	33	37	36	259
18700	33	37	26	34	35	29	27	22	38	36	27	35	41	34	37	36	262
18750	33	37	26	34	36	29	27	22	38	36	27	35	41	34	37	36	263
18800	33	37	26	34	36	29	27	22	38	36	27	35	41	34	37	36	263
18850	34	37	26	34	36	30	27	22	38	36	27	35	41	33	37	37	266
18900	34	37	26	34	36	30	27	22	37	37	27	35	41	33	37	36	269
18950	33	37	26	34	36	30	27	22	38	37	28	35	40	33	37	36	269
19000	33	37	26	34	36	30	27	22	38	36	28	35	40	33	37	35	269
19050	33	38	26	34	36	30	27	22	38	36	28	35	39	33	37	35	270
19100	33	38	26	34	36	30	27	22	38	36	28	35	39	33	37	35	268
19150	34	39	26	34	36	30	27	22	38	37	28	35	39	33	37	34	271
19200	34	40	26	34	36	30	27	22	40	37	28	35	39	32	37	35	273
19250	34	40	27	33	36	30	27	22	40	37	28	35	39	32	36	35	271
19300	33	40	27	33	36	30	27	22	40	37	28	35	39	32	36	35	270
19350	34	40	28	33	36	30	27	22	40	37	28	35	39	32	36	35	271
19400	34	40	28	33	36	30	27	22	40	37	28	35	39	32	36	35	271
19450	34	40	28	33	36	30	27	22	40	37	28	35	39	31	36	35	269
19500	34	40	28	33	36	30	27	22	40	37	28	35	38	31	36	35	269
19550	34	41	28	33	36	30	27	22	40	37	28	35	39	31	36	36	268
19600	34	42	28	33	36	30	27	22	40	37	28	35	39	31	36	36	268
19650	34	42	27	33	36	30	27	22	40	37	28	35	39	31	36	36	266
19700	34	42	27	33	36	30	27	22	40	37	28	35	39	31	36	35	266
19750	34	42	27	33	36	30	27	22	40	38	28	35	39	31	36	35	267
19800	34	42	27	33	36	30	27	22	40	38	28	35	39	31	36	35	266
19850	34	43	27	33	36	30	27	22	40	38	28	35	39	31	36	36	267
19900	34	43	27	33	35	30	27	22	40	38	28	36	39	31	35	37	267
19950	34	43	27	33	35	30	27	22	40	38	28	36	39	31	35	36	266
20000	34	43	27	33	35	30	27	21	40	38	28	36	39	31	35	36	266
