0	0.0	0.0	0.0	0.0	0.0	0.0	0.0	0.0	0.0	0.0	0.0	0.0	0.0	0.0	0.0	0.0
50	0.0	0.0	0.0	0.0	0.0	0.0	0.0	0.0	0.0	0.0	0.0	0.0	0.0	0.0	0.0	0.0
100	0.1	0.0	0.0	0.0	0.0	0.0	0.0	0.0	0.0666666666667	0.0625	0.0833333333333	0.0	0.0714285714286	0.0	0.0588235294118	0.0714285714286
150	0.111111111111	0.0	0.0	0.0	0.0	0.047619047619	0.111111111111	0.0	0.0526315789474	0.047619047619	0.0666666666667	0.05	0.0909090909091	0.0	0.04	0.130434782609
200	0.16	0.0	0.0555555555556	0.05	0.0	0.0434782608696	0.125	0.0555555555556	0.0689655172414	0.0666666666667	0.1	0.04	0.148148148148	0.0454545454545	0.0625	0.21875
250	0.148148148148	0.0384615384615	0.115384615385	0.0769230769231	0.0833333333333	0.0357142857143	0.111111111111	0.12	0.166666666667	0.142857142857	0.0888888888889	0.125	0.205882352941	0.1	0.0975609756098	0.210526315789
300	0.111111111111	0.0588235294118	0.181818181818	0.172413793103	0.21875	0.142857142857	0.121212121212	0.161290322581	0.190476190476	0.170731707317	0.12	0.142857142857	0.216216216216	0.157894736842	0.148936170213	0.2
350	0.146341463415	0.15	0.25641025641	0.176470588235	0.25	0.146341463415	0.162162162162	0.2	0.28	0.152173913043	0.2	0.116279069767	0.217391304348	0.162790697674	0.14	0.26
400	0.130434782609	0.173913043478	0.304347826087	0.279069767442	0.227272727273	0.152173913043	0.170731707317	0.205128205128	0.36	0.22	0.26	0.145833333333	0.28	0.170212765957	0.22	0.28
450	0.14	0.18	0.326530612245	0.272727272727	0.25	0.18	0.24	0.227272727273	0.46	0.26	0.38	0.18	0.34	0.18	0.26	0.34
500	0.16	0.22	0.38	0.276595744681	0.26	0.3	0.4	0.36	0.56	0.32	0.42	0.22	0.34	0.2	0.3	0.32
550	0.18	0.24	0.44	0.26	0.3	0.32	0.46	0.42	0.54	0.34	0.4	0.24	0.34	0.28	0.38	0.4
600	0.22	0.32	0.52	0.3	0.38	0.36	0.5	0.44	0.56	0.36	0.42	0.26	0.34	0.36	0.42	0.42
650	0.28	0.36	0.6	0.38	0.46	0.42	0.52	0.48	0.56	0.4	0.48	0.26	0.4	0.36	0.46	0.5
700	0.28	0.4	0.66	0.48	0.46	0.44	0.58	0.5	0.5	0.4	0.46	0.26	0.42	0.36	0.46	0.52
750	0.28	0.44	0.66	0.54	0.46	0.44	0.58	0.48	0.52	0.42	0.42	0.24	0.38	0.36	0.46	0.52
800	0.34	0.52	0.64	0.52	0.44	0.42	0.58	0.5	0.52	0.4	0.44	0.3	0.34	0.36	0.44	0.52
850	0.36	0.5	0.66	0.54	0.44	0.48	0.56	0.52	0.48	0.44	0.42	0.4	0.34	0.46	0.42	0.5
900	0.48	0.54	0.66	0.54	0.46	0.52	0.56	0.54	0.54	0.46	0.4	0.32	0.38	0.54	0.42	0.52
950	0.5	0.58	0.66	0.58	0.48	0.56	0.56	0.52	0.52	0.46	0.4	0.32	0.44	0.52	0.48	0.54
1000	0.5	0.58	0.64	0.56	0.48	0.54	0.58	0.54	0.5	0.48	0.44	0.3	0.42	0.5	0.54	0.54
1050	0.48	0.62	0.7	0.52	0.48	0.56	0.58	0.52	0.5	0.46	0.48	0.32	0.38	0.44	0.52	0.54
1100	0.48	0.66	0.68	0.56	0.56	0.56	0.6	0.52	0.5	0.5	0.5	0.4	0.42	0.44	0.48	0.54
1150	0.54	0.68	0.66	0.56	0.6	0.56	0.56	0.52	0.48	0.6	0.54	0.5	0.48	0.5	0.54	0.6
1200	0.54	0.68	0.74	0.58	0.64	0.56	0.6	0.56	0.52	0.68	0.58	0.54	0.54	0.48	0.6	0.6
1250	0.56	0.7	0.7	0.6	0.64	0.6	0.64	0.52	0.58	0.74	0.6	0.62	0.58	0.46	0.64	0.72
1300	0.56	0.7	0.7	0.6	0.66	0.6	0.64	0.5	0.68	0.78	0.62	0.7	0.6	0.42	0.62	0.7
1350	0.6	0.66	0.7	0.6	0.66	0.56	0.66	0.5	0.64	0.76	0.62	0.72	0.64	0.46	0.62	0.76
1400	0.56	0.62	0.66	0.6	0.62	0.56	0.72	0.56	0.66	0.8	0.68	0.7	0.64	0.5	0.58	0.78
1450	0.58	0.62	0.64	0.6	0.62	0.56	0.74	0.56	0.7	0.8	0.76	0.66	0.66	0.58	0.6	0.8
1500	0.66	0.58	0.72	0.6	0.64	0.64	0.74	0.58	0.74	0.74	0.74	0.6	0.64	0.6	0.6	0.78
1550	0.72	0.62	0.72	0.62	0.66	0.62	0.76	0.54	0.76	0.7	0.74	0.58	0.62	0.62	0.56	0.8
1600	0.68	0.62	0.74	0.66	0.7	0.6	0.72	0.58	0.74	0.64	0.76	0.58	0.64	0.6	0.62	0.8
1650	0.7	0.7	0.72	0.66	0.66	0.62	0.72	0.58	0.66	0.62	0.78	0.6	0.66	0.56	0.6	0.8
1700	0.68	0.74	0.74	0.7	0.7	0.64	0.74	0.6	0.64	0.7	0.8	0.6	0.64	0.56	0.58	0.84
1750	0.7	0.74	0.76	0.72	0.74	0.64	0.72	0.58	0.62	0.68	0.76	0.68	0.66	0.58	0.58	0.8
1800	0.74	0.72	0.76	0.72	0.7	0.6	0.68	0.58	0.62	0.7	0.8	0.7	0.68	0.62	0.58	0.8
1850	0.72	0.7	0.78	0.74	0.72	0.6	0.7	0.54	0.6	0.7	0.82	0.7	0.74	0.62	0.6	0.78
1900	0.7	0.7	0.76	0.8	0.74	0.58	0.68	0.52	0.6	0.76	0.84	0.74	0.76	0.58	0.58	0.8
1950	0.7	0.74	0.78	0.78	0.74	0.54	0.62	0.5	0.68	0.78	0.82	0.72	0.72	0.52	0.52	0.78
2000	0.7	0.74	0.82	0.82	0.76	0.5	0.54	0.48	0.72	0.84	0.86	0.72	0.68	0.56	0.56	0.74
2050	0.68	0.76	0.86	0.84	0.78	0.52	0.54	0.5	0.78	0.8	0.82	0.66	0.7	0.54	0.5	0.74
2100	0.66	0.78	0.84	0.82	0.74	0.56	0.52	0.46	0.76	0.84	0.82	0.64	0.7	0.52	0.56	0.76
2150	0.64	0.72	0.86	0.82	0.76	0.54	0.54	0.46	0.76	0.82	0.82	0.64	0.72	0.48	0.62	0.78
2200	0.64	0.8	0.84	0.84	0.72	0.52	0.58	0.52	0.74	0.8	0.86	0.64	0.74	0.5	0.62	0.78
2250	0.66	0.82	0.86	0.84	0.7	0.6	0.64	0.54	0.74	0.82	0.82	0.66	0.72	0.5	0.58	0.78
2300	0.66	0.84	0.84	0.86	0.7	0.6	0.66	0.54	0.7	0.78	0.82	0.66	0.7	0.58	0.66	0.8
2350	0.66	0.84	0.8	0.86	0.7	0.62	0.64	0.52	0.7	0.78	0.82	0.68	0.72	0.52	0.64	0.82
2400	0.68	0.82	0.8	0.84	0.68	0.6	0.66	0.48	0.66	0.78	0.88	0.7	0.72	0.6	0.68	0.78
2450	0.74	0.82	0.78	0.86	0.66	0.6	0.68	0.54	0.68	0.82	0.86	0.74	0.72	0.66	0.7	0.76
2500	0.74	0.82	0.76	0.86	0.7	0.6	0.68	0.54	0.74	0.84	0.88	0.8	0.72	0.66	0.7	0.78
2550	0.72	0.76	0.78	0.88	0.74	0.6	0.66	0.54	0.74	0.84	0.86	0.76	0.7	0.68	0.72	0.8
2600	0.72	0.82	0.78	0.88	0.78	0.66	0.7	0.54	0.74	0.8	0.84	0.68	0.62	0.66	0.66	0.8
2650	0.76	0.74	0.8	0.8	0.8	0.58	0.66	0.56	0.76	0.82	0.82	0.68	0.62	0.64	0.64	0.8
2700	0.8	0.72	0.8	0.76	0.88	0.64	0.68	0.52	0.78	0.82	0.8	0.66	0.68	0.62	0.64	0.8
2750	0.78	0.74	0.84	0.78	0.9	0.64	0.7	0.54	0.82	0.78	0.82	0.64	0.66	0.66	0.62	0.76
2800	0.82	0.72	0.86	0.78	0.9	0.62	0.74	0.58	0.8	0.78	0.8	0.66	0.68	0.64	0.6	0.84
2850	0.82	0.7	0.8	0.78	0.9	0.66	0.74	0.58	0.78	0.78	0.76	0.64	0.68	0.64	0.6	0.88
2900	0.84	0.72	0.8	0.78	0.88	0.64	0.76	0.6	0.74	0.78	0.76	0.66	0.66	0.72	0.6	0.92
2950	0.88	0.74	0.84	0.76	0.9	0.64	0.66	0.7	0.76	0.76	0.76	0.68	0.68	0.78	0.64	0.88
3000	0.88	0.72	0.86	0.78	0.88	0.72	0.72	0.68	0.74	0.8	0.78	0.72	0.72	0.76	0.68	0.88
3050	0.86	0.7	0.8	0.78	0.84	0.72	0.72	0.66	0.7	0.78	0.8	0.8	0.72	0.76	0.66	0.88
3100	0.82	0.7	0.78	0.84	0.84	0.72	0.76	0.68	0.66	0.78	0.76	0.76	0.66	0.72	0.68	0.88
3150	0.78	0.7	0.74	0.84	0.86	0.72	0.72	0.72	0.72	0.78	0.78	0.78	0.7	0.72	0.66	0.84
3200	0.78	0.76	0.7	0.8	0.84	0.68	0.7	0.76	0.7	0.74	0.78	0.78	0.72	0.72	0.7	0.84
3250	0.78	0.78	0.72	0.8	0.78	0.68	0.72	0.78	0.68	0.74	0.76	0.74	0.7	0.72	0.68	0.8
3300	0.76	0.76	0.7	0.8	0.82	0.7	0.76	0.8	0.68	0.76	0.72	0.74	0.68	0.72	0.66	0.74
3350	0.76	0.76	0.72	0.8	0.82	0.72	0.82	0.78	0.7	0.78	0.74	0.76	0.68	0.68	0.66	0.74
3400	0.72	0.76	0.74	0.82	0.8	0.7	0.78	0.82	0.7	0.76	0.74	0.76	0.66	0.68	0.66	0.72
3450	0.72	0.78	0.76	0.8	0.76	0.68	0.72	0.8	0.68	0.78	0.68	0.74	0.68	0.7	0.72	0.7
3500	0.74	0.8	0.78	0.78	0.76	0.68	0.68	0.78	0.7	0.82	0.58	0.68	0.68	0.76	0.78	0.68
3550	0.76	0.76	0.84	0.8	0.76	0.66	0.62	0.8	0.72	0.84	0.6	0.74	0.68	0.78	0.76	0.66
3600	0.72	0.74	0.8	0.78	0.82	0.68	0.68	0.74	0.7	0.84	0.64	0.76	0.7	0.8	0.78	0.68
3650	0.76	0.76	0.84	0.78	0.8	0.66	0.66	0.72	0.72	0.8	0.66	0.8	0.7	0.8	0.78	0.66
3700	0.74	0.76	0.82	0.78	0.78	0.66	0.66	0.76	0.7	0.76	0.66	0.82	0.74	0.8	0.8	0.68
3750	0.76	0.74	0.86	0.76	0.82	0.66	0.68	0.74	0.7	0.76	0.66	0.72	0.74	0.84	0.8	0.72
3800	0.78	0.76	0.86	0.82	0.8	0.7	0.68	0.74	0.72	0.74	0.64	0.72	0.74	0.78	0.72	0.72
3850	0.76	0.76	0.84	0.78	0.84	0.76	0.72	0.74	0.74	0.76	0.64	0.76	0.72	0.76	0.68	0.72
3900	0.8	0.74	0.82	0.8	0.84	0.74	0.72	0.72	0.74	0.76	0.74	0.74	0.72	0.76	0.7	0.74
3950	0.82	0.76	0.84	0.8	0.84	0.76	0.8	0.76	0.68	0.72	0.7	0.72	0.72	0.72	0.68	0.78
4000	0.78	0.76	0.84	0.8	0.86	0.76	0.78	0.78	0.7	0.68	0.7	0.7	0.7	0.76	0.7	0.76
4050	0.76	0.7	0.86	0.84	0.86	0.78	0.8	0.8	0.64	0.66	0.72	0.74	0.7	0.76	0.7	0.8
4100	0.76	0.72	0.78	0.86	0.8	0.8	0.82	0.76	0.66	0.72	0.78	0.8	0.72	0.74	0.72	0.78
4150	0.74	0.66	0.76	0.8	0.8	0.76	0.84	0.78	0.66	0.74	0.78	0.84	0.72	0.8	0.7	0.74
4200	0.76	0.64	0.72	0.78	0.8	0.78	0.84	0.78	0.68	0.72	0.82	0.84	0.78	0.82	0.72	0.72
4250	0.74	0.64	0.72	0.82	0.8	0.72	0.84	0.76	0.68	0.76	0.88	0.84	0.74	0.78	0.72	0.7
4300	0.74	0.62	0.76	0.82	0.8	0.72	0.84	0.8	0.72	0.72	0.84	0.8	0.7	0.76	0.76	0.74
4350	0.74	0.62	0.74	0.78	0.8	0.7	0.86	0.78	0.76	0.72	0.82	0.84	0.7	0.8	0.72	0.7
4400	0.74	0.62	0.68	0.7	0.78	0.7	0.86	0.78	0.74	0.78	0.82	0.86	0.72	0.78	0.7	0.72
4450	0.76	0.66	0.7	0.76	0.78	0.7	0.86	0.76	0.74	0.8	0.82	0.88	0.7	0.8	0.66	0.76
4500	0.78	0.68	0.72	0.78	0.76	0.66	0.84	0.78	0.74	0.84	0.8	0.88	0.72	0.78	0.66	0.76
4550	0.78	0.7	0.74	0.78	0.84	0.68	0.8	0.74	0.64	0.84	0.76	0.88	0.74	0.78	0.72	0.74
4600	0.78	0.7	0.76	0.8	0.84	0.7	0.78	0.76	0.66	0.82	0.76	0.88	0.76	0.8	0.74	0.76
4650	0.76	0.72	0.74	0.78	0.84	0.72	0.8	0.74	0.66	0.78	0.78	0.84	0.8	0.78	0.7	0.78
4700	0.74	0.7	0.68	0.78	0.84	0.78	0.82	0.74	0.6	0.76	0.72	0.82	0.84	0.78	0.78	0.78
4750	0.72	0.68	0.68	0.84	0.86	0.74	0.8	0.74	0.66	0.74	0.72	0.8	0.84	0.74	0.74	0.8
4800	0.66	0.66	0.74	0.84	0.88	0.74	0.76	0.74	0.68	0.72	0.68	0.76	0.84	0.72	0.74	0.78
4850	0.64	0.64	0.72	0.82	0.9	0.7	0.7	0.76	0.72	0.72	0.68	0.72	0.82	0.72	0.72	0.72
4900	0.62	0.6	0.7	0.82	0.88	0.72	0.7	0.78	0.76	0.64	0.68	0.66	0.76	0.76	0.72	0.7
4950	0.62	0.62	0.7	0.8	0.92	0.7	0.72	0.8	0.78	0.68	0.7	0.64	0.74	0.76	0.7	0.72
5000	0.64	0.62	0.74	0.74	0.86	0.68	0.72	0.82	0.78	0.68	0.68	0.58	0.74	0.78	0.74	0.72
5050	0.68	0.62	0.74	0.74	0.84	0.7	0.74	0.82	0.78	0.7	0.68	0.62	0.74	0.8	0.72	0.72
5100	0.7	0.66	0.74	0.76	0.84	0.64	0.76	0.82	0.78	0.7	0.7	0.66	0.74	0.82	0.72	0.74
5150	0.7	0.7	0.8	0.78	0.84	0.62	0.78	0.84	0.78	0.7	0.68	0.7	0.76	0.8	0.72	0.72
5200	0.68	0.7	0.86	0.8	0.82	0.64	0.78	0.86	0.8	0.72	0.7	0.74	0.84	0.82	0.7	0.74
5250	0.7	0.66	0.86	0.76	0.84	0.68	0.76	0.78	0.78	0.68	0.68	0.74	0.82	0.8	0.7	0.74
5300	0.72	0.72	0.8	0.76	0.8	0.72	0.82	0.78	0.74	0.68	0.7	0.78	0.86	0.78	0.72	0.78
5350	0.8	0.72	0.78	0.72	0.76	0.74	0.86	0.78	0.74	0.68	0.7	0.78	0.88	0.78	0.76	0.8
5400	0.8	0.72	0.8	0.74	0.82	0.76	0.84	0.76	0.72	0.72	0.72	0.8	0.86	0.76	0.82	0.8
5450	0.82	0.74	0.82	0.7	0.82	0.8	0.84	0.76	0.72	0.74	0.7	0.82	0.84	0.78	0.82	0.8
5500	0.76	0.7	0.84	0.68	0.8	0.78	0.78	0.76	0.72	0.8	0.7	0.78	0.82	0.74	0.78	0.78
5550	0.74	0.7	0.84	0.68	0.78	0.72	0.74	0.76	0.7	0.78	0.7	0.78	0.8	0.76	0.78	0.78
5600	0.78	0.66	0.82	0.7	0.76	0.72	0.68	0.7	0.7	0.78	0.76	0.76	0.78	0.82	0.8	0.82
5650	0.74	0.74	0.82	0.74	0.76	0.68	0.72	0.72	0.68	0.82	0.78	0.82	0.78	0.82	0.78	0.78
5700	0.66	0.68	0.76	0.76	0.76	0.7	0.72	0.74	0.72	0.84	0.8	0.84	0.78	0.78	0.78	0.82
5750	0.66	0.7	0.8	0.78	0.76	0.68	0.72	0.76	0.72	0.86	0.82	0.8	0.78	0.78	0.76	0.86
5800	0.64	0.68	0.82	0.8	0.76	0.7	0.74	0.74	0.7	0.76	0.74	0.76	0.76	0.76	0.78	0.86
5850	0.74	0.7	0.82	0.8	0.76	0.68	0.72	0.76	0.68	0.72	0.76	0.78	0.76	0.74	0.68	0.9
5900	0.76	0.72	0.78	0.78	0.76	0.78	0.8	0.72	0.68	0.68	0.76	0.8	0.82	0.7	0.68	0.88
5950	0.76	0.74	0.8	0.82	0.8	0.76	0.8	0.62	0.66	0.68	0.8	0.82	0.8	0.68	0.74	0.88
6000	0.74	0.8	0.8	0.86	0.8	0.8	0.8	0.64	0.66	0.68	0.78	0.84	0.82	0.62	0.72	0.86
6050	0.76	0.76	0.8	0.86	0.84	0.8	0.8	0.68	0.7	0.7	0.8	0.78	0.72	0.64	0.72	0.84
6100	0.82	0.82	0.78	0.84	0.86	0.74	0.74	0.6	0.62	0.68	0.86	0.8	0.74	0.64	0.68	0.84
6150	0.86	0.84	0.84	0.86	0.86	0.7	0.72	0.62	0.64	0.64	0.88	0.78	0.78	0.68	0.72	0.8
6200	0.8	0.82	0.84	0.86	0.88	0.7	0.74	0.6	0.66	0.7	0.9	0.78	0.76	0.68	0.74	0.8
6250	0.8	0.78	0.82	0.84	0.84	0.7	0.74	0.64	0.68	0.7	0.86	0.74	0.7	0.66	0.74	0.76
6300	0.8	0.72	0.82	0.82	0.86	0.7	0.78	0.68	0.68	0.68	0.82	0.62	0.74	0.72	0.76	0.8
6350	0.8	0.72	0.82	0.82	0.84	0.68	0.76	0.72	0.68	0.64	0.8	0.52	0.64	0.76	0.72	0.78
6400	0.82	0.72	0.82	0.82	0.8	0.68	0.76	0.74	0.74	0.64	0.8	0.56	0.64	0.82	0.76	0.76
6450	0.8	0.7	0.84	0.86	0.82	0.7	0.78	0.76	0.74	0.64	0.8	0.6	0.72	0.84	0.78	0.76
6500	0.8	0.7	0.82	0.84	0.82	0.76	0.8	0.82	0.78	0.64	0.78	0.64	0.7	0.84	0.78	0.74
6550	0.84	0.68	0.78	0.84	0.82	0.78	0.76	0.78	0.76	0.66	0.72	0.6	0.64	0.84	0.78	0.76
6600	0.84	0.68	0.76	0.82	0.78	0.78	0.8	0.8	0.8	0.7	0.74	0.58	0.7	0.84	0.8	0.78
6650	0.84	0.74	0.76	0.84	0.78	0.78	0.82	0.8	0.78	0.66	0.74	0.58	0.68	0.86	0.82	0.76
6700	0.86	0.8	0.76	0.86	0.78	0.82	0.82	0.76	0.82	0.72	0.74	0.64	0.68	0.86	0.82	0.82
6750	0.8	0.76	0.76	0.88	0.8	0.8	0.8	0.78	0.82	0.72	0.8	0.72	0.76	0.86	0.84	0.84
6800	0.8	0.74	0.76	0.88	0.78	0.8	0.8	0.78	0.8	0.72	0.82	0.72	0.74	0.86	0.82	0.82
6850	0.82	0.78	0.82	0.9	0.78	0.78	0.78	0.76	0.78	0.72	0.78	0.72	0.74	0.86	0.82	0.8
6900	0.8	0.8	0.78	0.86	0.78	0.76	0.8	0.74	0.8	0.66	0.72	0.7	0.74	0.84	0.78	0.84
6950	0.78	0.8	0.8	0.86	0.84	0.76	0.74	0.72	0.84	0.66	0.72	0.72	0.78	0.84	0.82	0.82
7000	0.82	0.82	0.84	0.88	0.86	0.76	0.7	0.68	0.82	0.64	0.76	0.7	0.8	0.82	0.86	0.76
7050	0.82	0.8	0.86	0.9	0.9	0.76	0.7	0.7	0.84	0.62	0.72	0.76	0.82	0.82	0.86	0.76
7100	0.8	0.72	0.86	0.86	0.88	0.74	0.68	0.74	0.86	0.66	0.7	0.8	0.84	0.82	0.82	0.74
7150	0.8	0.72	0.86	0.86	0.9	0.72	0.7	0.74	0.86	0.66	0.7	0.76	0.84	0.86	0.8	0.74
7200	0.82	0.74	0.84	0.84	0.88	0.72	0.74	0.7	0.8	0.64	0.64	0.7	0.82	0.8	0.84	0.76
7250	0.82	0.76	0.86	0.84	0.86	0.7	0.7	0.72	0.82	0.64	0.58	0.68	0.8	0.78	0.82	0.72
7300	0.82	0.74	0.88	0.88	0.82	0.7	0.7	0.68	0.8	0.68	0.62	0.64	0.76	0.78	0.8	0.72
7350	0.82	0.7	0.86	0.9	0.8	0.64	0.7	0.68	0.76	0.7	0.66	0.62	0.74	0.78	0.8	0.74
7400	0.84	0.74	0.88	0.9	0.78	0.64	0.7	0.68	0.76	0.68	0.68	0.64	0.76	0.78	0.78	0.78
7450	0.8	0.72	0.86	0.88	0.78	0.66	0.72	0.68	0.72	0.66	0.74	0.68	0.76	0.76	0.76	0.8
7500	0.8	0.7	0.86	0.86	0.8	0.66	0.72	0.62	0.7	0.72	0.78	0.7	0.74	0.72	0.76	0.78
7550	0.82	0.76	0.88	0.84	0.78	0.68	0.7	0.6	0.72	0.76	0.8	0.78	0.76	0.72	0.76	0.74
7600	0.8	0.76	0.84	0.88	0.78	0.72	0.68	0.6	0.74	0.74	0.86	0.8	0.76	0.7	0.76	0.78
7650	0.82	0.76	0.84	0.88	0.8	0.68	0.66	0.62	0.7	0.76	0.84	0.78	0.78	0.74	0.74	0.82
7700	0.8	0.74	0.86	0.86	0.84	0.68	0.66	0.62	0.72	0.84	0.86	0.8	0.78	0.76	0.78	0.84
7750	0.76	0.74	0.86	0.84	0.86	0.76	0.7	0.6	0.74	0.84	0.86	0.8	0.78	0.74	0.74	0.88
7800	0.74	0.66	0.84	0.82	0.86	0.74	0.74	0.62	0.74	0.86	0.82	0.76	0.78	0.72	0.72	0.86
7850	0.72	0.7	0.84	0.84	0.82	0.7	0.7	0.62	0.72	0.84	0.8	0.7	0.76	0.72	0.74	0.84
7900	0.74	0.7	0.86	0.84	0.86	0.74	0.72	0.64	0.74	0.84	0.8	0.72	0.76	0.72	0.7	0.9
7950	0.7	0.64	0.88	0.78	0.84	0.74	0.74	0.66	0.8	0.82	0.8	0.64	0.8	0.72	0.72	0.84
8000	0.7	0.62	0.88	0.78	0.84	0.76	0.74	0.72	0.86	0.86	0.8	0.64	0.76	0.76	0.72	0.84
8050	0.66	0.6	0.88	0.78	0.86	0.68	0.74	0.7	0.88	0.82	0.84	0.6	0.78	0.78	0.72	0.86
8100	0.68	0.66	0.84	0.8	0.88	0.7	0.76	0.72	0.92	0.84	0.86	0.66	0.76	0.78	0.74	0.86
8150	0.7	0.68	0.84	0.82	0.88	0.68	0.72	0.72	0.9	0.84	0.86	0.64	0.76	0.8	0.76	0.9
8200	0.72	0.68	0.82	0.82	0.88	0.66	0.72	0.74	0.88	0.8	0.82	0.68	0.74	0.8	0.76	0.9
8250	0.74	0.7	0.86	0.88	0.9	0.64	0.72	0.74	0.82	0.84	0.84	0.68	0.74	0.78	0.76	0.9
8300	0.76	0.8	0.84	0.86	0.94	0.6	0.7	0.7	0.82	0.84	0.82	0.72	0.76	0.76	0.72	0.94
8350	0.82	0.82	0.82	0.86	0.94	0.64	0.74	0.72	0.8	0.84	0.82	0.66	0.76	0.82	0.72	0.94
8400	0.84	0.86	0.8	0.88	0.94	0.6	0.76	0.8	0.8	0.84	0.8	0.68	0.78	0.82	0.74	0.88
8450	0.88	0.88	0.82	0.88	0.94	0.62	0.74	0.8	0.84	0.84	0.76	0.6	0.78	0.84	0.74	0.88
8500	0.88	0.86	0.8	0.88	0.96	0.64	0.72	0.8	0.82	0.84	0.76	0.64	0.8	0.8	0.74	0.88
8550	0.84	0.84	0.78	0.86	0.9	0.66	0.76	0.8	0.8	0.84	0.76	0.66	0.82	0.8	0.76	0.86
8600	0.8	0.84	0.78	0.88	0.9	0.7	0.8	0.88	0.84	0.8	0.8	0.68	0.8	0.82	0.78	0.86
8650	0.78	0.78	0.76	0.84	0.86	0.72	0.8	0.88	0.88	0.82	0.82	0.66	0.78	0.86	0.82	0.84
8700	0.8	0.78	0.78	0.86	0.86	0.68	0.78	0.9	0.9	0.86	0.82	0.68	0.84	0.88	0.86	0.84
8750	0.76	0.72	0.7	0.88	0.84	0.66	0.8	0.88	0.88	0.88	0.82	0.72	0.84	0.86	0.86	0.9
8800	0.76	0.72	0.76	0.88	0.82	0.66	0.84	0.84	0.84	0.88	0.86	0.8	0.84	0.86	0.9	0.88
8850	0.72	0.68	0.8	0.86	0.82	0.66	0.76	0.76	0.8	0.88	0.88	0.82	0.8	0.86	0.9	0.8
8900	0.74	0.68	0.84	0.88	0.84	0.7	0.76	0.76	0.78	0.88	0.86	0.86	0.82	0.88	0.9	0.78
8950	0.8	0.68	0.86	0.9	0.84	0.64	0.76	0.76	0.74	0.84	0.84	0.84	0.78	0.94	0.88	0.8
9000	0.8	0.7	0.88	0.9	0.82	0.64	0.72	0.76	0.74	0.8	0.84	0.86	0.8	0.94	0.88	0.76
9050	0.84	0.7	0.9	0.88	0.82	0.66	0.7	0.74	0.72	0.8	0.86	0.86	0.8	0.94	0.88	0.76
9100	0.78	0.74	0.9	0.86	0.76	0.64	0.72	0.74	0.74	0.78	0.86	0.84	0.82	0.9	0.86	0.76
9150	0.82	0.74	0.9	0.86	0.76	0.68	0.74	0.78	0.76	0.78	0.88	0.82	0.78	0.88	0.8	0.78
9200	0.82	0.74	0.88	0.9	0.76	0.66	0.72	0.8	0.8	0.76	0.9	0.8	0.74	0.9	0.76	0.84
9250	0.82	0.76	0.86	0.88	0.82	0.68	0.76	0.84	0.8	0.84	0.9	0.76	0.78	0.9	0.78	0.86
9300	0.82	0.8	0.86	0.9	0.82	0.68	0.8	0.86	0.82	0.86	0.96	0.74	0.74	0.88	0.8	0.88
9350	0.86	0.82	0.88	0.9	0.84	0.7	0.84	0.88	0.82	0.88	0.94	0.76	0.72	0.88	0.8	0.88
9400	0.84	0.84	0.84	0.88	0.84	0.74	0.86	0.9	0.8	0.86	0.94	0.76	0.72	0.88	0.84	0.88
9450	0.86	0.84	0.82	0.9	0.9	0.72	0.84	0.88	0.8	0.84	0.94	0.78	0.7	0.92	0.8	0.92
9500	0.84	0.8	0.82	0.9	0.92	0.72	0.78	0.92	0.82	0.84	0.92	0.82	0.76	0.92	0.8	0.94
9550	0.88	0.78	0.86	0.9	0.92	0.7	0.78	0.88	0.76	0.78	0.88	0.8	0.78	0.92	0.82	0.92
9600	0.88	0.76	0.9	0.9	0.9	0.7	0.8	0.86	0.74	0.78	0.84	0.82	0.8	0.96	0.9	0.92
9650	0.88	0.76	0.84	0.86	0.86	0.7	0.78	0.82	0.74	0.8	0.82	0.82	0.84	0.98	0.9	0.94
9700	0.9	0.72	0.82	0.88	0.86	0.7	0.74	0.78	0.72	0.84	0.8	0.84	0.88	0.98	0.88	0.94
9750	0.88	0.68	0.8	0.86	0.82	0.66	0.7	0.78	0.8	0.88	0.84	0.86	0.82	0.98	0.86	0.9
9800	0.86	0.68	0.82	0.84	0.78	0.66	0.72	0.76	0.8	0.88	0.82	0.84	0.78	0.96	0.8	0.88
9850	0.88	0.7	0.84	0.82	0.78	0.68	0.72	0.74	0.78	0.88	0.8	0.82	0.78	0.94	0.82	0.92
9900	0.88	0.66	0.82	0.82	0.8	0.7	0.76	0.76	0.8	0.88	0.78	0.84	0.78	0.94	0.82	0.88
9950	0.88	0.64	0.78	0.82	0.82	0.74	0.8	0.78	0.82	0.94	0.78	0.84	0.78	0.94	0.86	0.86
10000	0.88	0.68	0.74	0.8	0.8	0.74	0.78	0.8	0.84	0.9	0.76	0.76	0.68	0.94	0.82	0.84
10050	0.88	0.7	0.76	0.82	0.84	0.76	0.8	0.84	0.86	0.9	0.8	0.78	0.72	0.9	0.78	0.82
10100	0.88	0.74	0.82	0.82	0.84	0.74	0.8	0.9	0.8	0.86	0.8	0.74	0.74	0.88	0.76	0.82
10150	0.88	0.76	0.82	0.82	0.82	0.76	0.82	0.9	0.8	0.84	0.82	0.72	0.78	0.9	0.8	0.84
10200	0.88	0.74	0.8	0.82	0.84	0.8	0.86	0.92	0.8	0.84	0.82	0.74	0.78	0.88	0.82	0.84
10250	0.88	0.7	0.8	0.76	0.84	0.8	0.86	0.9	0.76	0.84	0.82	0.72	0.76	0.84	0.8	0.84
10300	0.84	0.66	0.8	0.76	0.84	0.82	0.84	0.88	0.78	0.84	0.84	0.76	0.8	0.84	0.8	0.86
10350	0.8	0.66	0.82	0.76	0.78	0.82	0.86	0.88	0.84	0.84	0.86	0.86	0.82	0.8	0.8	0.82
10400	0.8	0.66	0.86	0.76	0.8	0.84	0.86	0.86	0.82	0.82	0.86	0.84	0.84	0.84	0.78	0.82
10450	0.8	0.66	0.86	0.78	0.8	0.82	0.9	0.86	0.84	0.84	0.84	0.84	0.82	0.84	0.78	0.84
10500	0.8	0.68	0.86	0.82	0.84	0.86	0.86	0.84	0.84	0.82	0.82	0.88	0.82	0.88	0.8	0.84
10550	0.82	0.64	0.88	0.82	0.88	0.88	0.86	0.84	0.88	0.86	0.86	0.88	0.82	0.92	0.82	0.86
10600	0.82	0.7	0.88	0.88	0.9	0.86	0.86	0.9	0.9	0.88	0.86	0.88	0.78	0.94	0.78	0.82
10650	0.82	0.74	0.84	0.9	0.82	0.8	0.84	0.92	0.92	0.88	0.84	0.88	0.8	0.94	0.8	0.84
10700	0.84	0.76	0.84	0.92	0.84	0.8	0.84	0.9	0.9	0.88	0.86	0.84	0.78	0.92	0.78	0.84
10750	0.86	0.78	0.82	0.92	0.84	0.72	0.82	0.9	0.92	0.88	0.88	0.78	0.74	0.9	0.78	0.86
10800	0.86	0.74	0.82	0.92	0.82	0.68	0.82	0.88	0.88	0.86	0.86	0.78	0.72	0.92	0.78	0.88
10850	0.88	0.72	0.82	0.9	0.82	0.72	0.84	0.9	0.88	0.86	0.86	0.72	0.72	0.92	0.78	0.88
10900	0.9	0.76	0.82	0.86	0.78	0.7	0.84	0.9	0.86	0.84	0.84	0.74	0.74	0.9	0.78	0.88
10950	0.86	0.76	0.8	0.86	0.78	0.68	0.86	0.92	0.84	0.86	0.82	0.74	0.76	0.86	0.78	0.88
11000	0.86	0.8	0.78	0.88	0.76	0.68	0.84	0.92	0.86	0.86	0.82	0.74	0.74	0.88	0.78	0.88
11050	0.84	0.78	0.78	0.88	0.76	0.7	0.82	0.9	0.86	0.84	0.82	0.76	0.66	0.9	0.72	0.88
11100	0.82	0.74	0.74	0.86	0.8	0.76	0.84	0.9	0.9	0.84	0.84	0.78	0.68	0.88	0.72	0.88
11150	0.8	0.78	0.74	0.86	0.8	0.8	0.86	0.9	0.86	0.84	0.82	0.78	0.7	0.84	0.72	0.82
11200	0.82	0.8	0.8	0.88	0.82	0.76	0.82	0.88	0.88	0.86	0.84	0.8	0.7	0.82	0.76	0.78
11250	0.82	0.8	0.8	0.88	0.84	0.76	0.8	0.88	0.9	0.86	0.86	0.8	0.7	0.82	0.74	0.78
11300	0.8	0.78	0.76	0.86	0.8	0.78	0.82	0.86	0.9	0.88	0.88	0.78	0.68	0.8	0.72	0.78
11350	0.84	0.78	0.76	0.9	0.8	0.8	0.8	0.84	0.88	0.86	0.84	0.7	0.62	0.8	0.72	0.78
11400	0.84	0.76	0.76	0.86	0.8	0.78	0.8	0.82	0.88	0.84	0.82	0.7	0.62	0.82	0.7	0.78
11450	0.82	0.76	0.74	0.82	0.8	0.76	0.8	0.86	0.88	0.84	0.82	0.72	0.66	0.82	0.72	0.8
11500	0.86	0.8	0.74	0.82	0.76	0.78	0.76	0.88	0.88	0.82	0.84	0.74	0.7	0.82	0.74	0.76
11550	0.88	0.82	0.78	0.84	0.74	0.76	0.76	0.88	0.88	0.76	0.86	0.74	0.7	0.78	0.72	0.8
11600	0.86	0.8	0.8	0.82	0.78	0.74	0.76	0.86	0.86	0.74	0.82	0.74	0.74	0.86	0.78	0.86
11650	0.88	0.74	0.74	0.78	0.78	0.76	0.74	0.86	0.86	0.74	0.8	0.76	0.74	0.86	0.76	0.86
11700	0.86	0.76	0.74	0.82	0.72	0.74	0.78	0.88	0.86	0.76	0.8	0.72	0.72	0.84	0.8	0.84
11750	0.8	0.7	0.74	0.8	0.72	0.7	0.78	0.86	0.84	0.76	0.78	0.74	0.78	0.84	0.8	0.88
11800	0.84	0.78	0.76	0.78	0.74	0.68	0.8	0.82	0.8	0.74	0.82	0.78	0.78	0.8	0.8	0.88
11850	0.82	0.78	0.78	0.8	0.72	0.7	0.8	0.82	0.82	0.76	0.82	0.76	0.78	0.86	0.82	0.86
11900	0.82	0.78	0.82	0.82	0.8	0.7	0.82	0.84	0.84	0.78	0.86	0.8	0.8	0.84	0.84	0.88
11950	0.78	0.66	0.78	0.78	0.76	0.64	0.8	0.8	0.82	0.78	0.86	0.8	0.8	0.8	0.8	0.88
12000	0.78	0.6	0.8	0.8	0.8	0.66	0.82	0.82	0.84	0.84	0.88	0.82	0.74	0.8	0.78	0.84
12050	0.84	0.64	0.8	0.8	0.82	0.66	0.84	0.8	0.86	0.88	0.94	0.82	0.74	0.78	0.76	0.8
12100	0.84	0.64	0.82	0.76	0.82	0.66	0.8	0.8	0.86	0.88	0.94	0.82	0.74	0.8	0.72	0.78
12150	0.8	0.64	0.8	0.8	0.82	0.7	0.82	0.82	0.88	0.88	0.96	0.94	0.74	0.76	0.72	0.74
12200	0.78	0.6	0.78	0.78	0.84	0.72	0.82	0.84	0.9	0.86	0.92	0.9	0.76	0.76	0.7	0.74
12250	0.82	0.56	0.74	0.8	0.8	0.72	0.86	0.82	0.9	0.88	0.9	0.88	0.76	0.8	0.7	0.76
12300	0.84	0.58	0.74	0.8	0.82	0.76	0.84	0.82	0.88	0.86	0.86	0.88	0.76	0.82	0.7	0.76
12350	0.82	0.66	0.72	0.78	0.84	0.76	0.84	0.82	0.88	0.88	0.84	0.86	0.76	0.82	0.68	0.76
12400	0.78	0.68	0.74	0.76	0.8	0.74	0.82	0.8	0.9	0.88	0.84	0.88	0.76	0.8	0.68	0.74
12450	0.76	0.72	0.72	0.76	0.8	0.74	0.82	0.78	0.86	0.86	0.8	0.8	0.78	0.8	0.7	0.78
12500	0.8	0.72	0.76	0.76	0.78	0.7	0.82	0.78	0.86	0.8	0.76	0.78	0.76	0.84	0.72	0.82
12550	0.76	0.72	0.76	0.78	0.76	0.72	0.86	0.78	0.86	0.78	0.72	0.8	0.76	0.84	0.74	0.82
12600	0.76	0.74	0.8	0.76	0.8	0.7	0.84	0.78	0.9	0.82	0.74	0.78	0.72	0.88	0.74	0.8
12650	0.74	0.8	0.78	0.76	0.8	0.68	0.8	0.78	0.86	0.78	0.7	0.74	0.66	0.84	0.7	0.76
12700	0.72	0.74	0.78	0.76	0.82	0.64	0.8	0.78	0.8	0.78	0.74	0.78	0.62	0.84	0.68	0.78
12750	0.74	0.72	0.76	0.76	0.84	0.66	0.76	0.76	0.8	0.78	0.76	0.76	0.6	0.82	0.68	0.76
12800	0.74	0.72	0.78	0.82	0.86	0.7	0.8	0.76	0.8	0.78	0.78	0.7	0.62	0.82	0.7	0.8
12850	0.78	0.7	0.8	0.78	0.8	0.7	0.82	0.78	0.82	0.82	0.86	0.74	0.64	0.82	0.68	0.84
12900	0.78	0.72	0.8	0.76	0.82	0.7	0.82	0.8	0.82	0.82	0.84	0.72	0.6	0.78	0.66	0.84
12950	0.8	0.7	0.78	0.74	0.8	0.72	0.84	0.82	0.8	0.84	0.86	0.72	0.62	0.8	0.64	0.86
13000	0.8	0.68	0.8	0.74	0.82	0.68	0.78	0.84	0.78	0.8	0.82	0.72	0.64	0.78	0.66	0.88
13050	0.86	0.64	0.8	0.74	0.78	0.68	0.78	0.82	0.8	0.8	0.84	0.76	0.64	0.8	0.72	0.88
13100	0.88	0.62	0.74	0.78	0.76	0.7	0.78	0.8	0.82	0.8	0.82	0.76	0.66	0.82	0.7	0.9
13150	0.9	0.58	0.78	0.72	0.78	0.66	0.78	0.8	0.78	0.72	0.82	0.72	0.7	0.86	0.74	0.9
13200	0.86	0.58	0.76	0.74	0.78	0.58	0.8	0.82	0.78	0.7	0.8	0.72	0.72	0.86	0.7	0.86
13250	0.84	0.56	0.74	0.74	0.78	0.62	0.84	0.84	0.74	0.68	0.82	0.74	0.7	0.88	0.7	0.84
13300	0.78	0.54	0.76	0.76	0.78	0.62	0.8	0.86	0.74	0.66	0.78	0.7	0.7	0.88	0.74	0.8
13350	0.78	0.6	0.74	0.78	0.8	0.6	0.8	0.86	0.76	0.66	0.76	0.68	0.76	0.9	0.72	0.82
13400	0.78	0.66	0.76	0.78	0.78	0.62	0.78	0.9	0.76	0.66	0.8	0.7	0.76	0.88	0.74	0.8
13450	0.74	0.64	0.74	0.78	0.8	0.62	0.78	0.9	0.8	0.66	0.76	0.68	0.7	0.88	0.66	0.8
13500	0.72	0.66	0.78	0.78	0.8	0.62	0.82	0.92	0.8	0.62	0.8	0.68	0.72	0.86	0.64	0.82
13550	0.72	0.68	0.76	0.76	0.78	0.62	0.78	0.9	0.8	0.66	0.76	0.66	0.7	0.86	0.68	0.82
13600	0.72	0.68	0.76	0.74	0.74	0.64	0.82	0.92	0.78	0.66	0.74	0.7	0.68	0.84	0.7	0.82
13650	0.74	0.72	0.76	0.74	0.76	0.66	0.76	0.88	0.82	0.66	0.74	0.7	0.68	0.82	0.7	0.78
13700	0.76	0.72	0.76	0.7	0.74	0.66	0.76	0.86	0.82	0.66	0.74	0.68	0.64	0.8	0.68	0.74
13750	0.78	0.74	0.76	0.72	0.76	0.66	0.78	0.88	0.84	0.7	0.76	0.66	0.66	0.84	0.7	0.72
13800	0.84	0.72	0.76	0.74	0.74	0.66	0.76	0.86	0.82	0.7	0.78	0.68	0.68	0.82	0.68	0.7
13850	0.82	0.76	0.76	0.74	0.76	0.68	0.74	0.84	0.8	0.7	0.74	0.72	0.66	0.8	0.68	0.68
13900	0.78	0.76	0.74	0.76	0.72	0.72	0.74	0.84	0.82	0.76	0.76	0.68	0.72	0.8	0.76	0.64
13950	0.76	0.76	0.74	0.76	0.76	0.72	0.76	0.84	0.84	0.78	0.8	0.72	0.7	0.84	0.78	0.64
14000	0.78	0.78	0.74	0.74	0.76	0.76	0.76	0.86	0.9	0.78	0.8	0.74	0.74	0.88	0.8	0.64
14050	0.8	0.8	0.74	0.78	0.8	0.78	0.76	0.82	0.9	0.78	0.84	0.72	0.74	0.9	0.82	0.64
14100	0.8	0.82	0.78	0.82	0.8	0.78	0.76	0.88	0.9	0.78	0.86	0.76	0.76	0.9	0.86	0.7
14150	0.8	0.76	0.78	0.8	0.8	0.76	0.78	0.9	0.9	0.72	0.82	0.8	0.74	0.9	0.86	0.68
14200	0.74	0.7	0.78	0.76	0.78	0.76	0.76	0.92	0.92	0.76	0.76	0.72	0.74	0.92	0.82	0.7
14250	0.8	0.7	0.78	0.8	0.72	0.72	0.78	0.92	0.92	0.74	0.78	0.78	0.7	0.92	0.8	0.66
14300	0.84	0.72	0.78	0.8	0.72	0.68	0.78	0.88	0.9	0.72	0.8	0.78	0.66	0.9	0.76	0.68
14350	0.78	0.74	0.8	0.82	0.74	0.7	0.78	0.92	0.9	0.68	0.82	0.72	0.6	0.84	0.72	0.64
14400	0.78	0.64	0.8	0.8	0.72	0.68	0.74	0.9	0.9	0.7	0.78	0.74	0.62	0.8	0.7	0.66
14450	0.78	0.64	0.82	0.78	0.76	0.7	0.78	0.84	0.9	0.74	0.78	0.72	0.62	0.78	0.7	0.68
14500	0.8	0.68	0.8	0.76	0.76	0.74	0.78	0.78	0.86	0.74	0.76	0.72	0.58	0.72	0.66	0.64
14550	0.82	0.72	0.8	0.74	0.7	0.72	0.82	0.76	0.84	0.74	0.78	0.72	0.58	0.72	0.62	0.7
14600	0.76	0.72	0.78	0.7	0.7	0.74	0.82	0.76	0.84	0.76	0.8	0.74	0.6	0.72	0.6	0.7
14650	0.72	0.7	0.76	0.72	0.66	0.76	0.76	0.76	0.84	0.76	0.76	0.7	0.6	0.76	0.72	0.7
14700	0.8	0.7	0.78	0.74	0.66	0.76	0.7	0.72	0.84	0.76	0.74	0.68	0.64	0.8	0.74	0.7
14750	0.8	0.72	0.78	0.72	0.7	0.72	0.68	0.72	0.84	0.76	0.74	0.66	0.64	0.82	0.72	0.76
14800	0.78	0.74	0.74	0.66	0.68	0.76	0.76	0.72	0.76	0.74	0.74	0.72	0.66	0.8	0.72	0.76
14850	0.8	0.72	0.76	0.68	0.7	0.76	0.76	0.74	0.78	0.78	0.78	0.72	0.7	0.8	0.74	0.82
14900	0.8	0.72	0.76	0.72	0.68	0.68	0.74	0.76	0.76	0.78	0.8	0.7	0.66	0.84	0.76	0.78
14950	0.82	0.78	0.8	0.72	0.74	0.72	0.74	0.78	0.8	0.8	0.84	0.74	0.68	0.84	0.74	0.82
15000	0.86	0.8	0.84	0.72	0.76	0.72	0.76	0.82	0.8	0.78	0.84	0.72	0.68	0.88	0.82	0.8
15050	0.86	0.8	0.82	0.7	0.76	0.78	0.8	0.8	0.82	0.8	0.86	0.7	0.68	0.88	0.8	0.8
15100	0.88	0.74	0.78	0.68	0.8	0.84	0.88	0.78	0.82	0.78	0.86	0.68	0.64	0.82	0.76	0.78
15150	0.88	0.78	0.78	0.68	0.8	0.8	0.88	0.82	0.82	0.82	0.88	0.7	0.64	0.84	0.74	0.8
15200	0.86	0.78	0.78	0.74	0.8	0.82	0.84	0.8	0.84	0.84	0.92	0.74	0.64	0.84	0.76	0.8
15250	0.88	0.78	0.72	0.7	0.84	0.78	0.78	0.8	0.84	0.78	0.9	0.8	0.64	0.84	0.76	0.8
15300	0.88	0.78	0.7	0.72	0.82	0.76	0.8	0.78	0.8	0.7	0.88	0.72	0.62	0.84	0.76	0.8
15350	0.88	0.74	0.72	0.72	0.8	0.74	0.8	0.8	0.8	0.7	0.88	0.72	0.66	0.82	0.72	0.78
15400	0.86	0.72	0.74	0.7	0.8	0.72	0.78	0.8	0.8	0.7	0.88	0.76	0.66	0.82	0.76	0.8
15450	0.9	0.66	0.7	0.72	0.8	0.74	0.78	0.8	0.8	0.72	0.86	0.72	0.66	0.82	0.74	0.82
15500	0.9	0.66	0.7	0.76	0.84	0.8	0.78	0.8	0.82	0.72	0.86	0.76	0.72	0.84	0.76	0.84
15550	0.88	0.66	0.72	0.76	0.82	0.8	0.8	0.84	0.84	0.74	0.9	0.78	0.78	0.84	0.78	0.84
15600	0.88	0.64	0.72	0.72	0.82	0.82	0.8	0.8	0.86	0.78	0.9	0.82	0.78	0.82	0.8	0.8
15650	0.88	0.66	0.72	0.72	0.8	0.84	0.82	0.78	0.86	0.84	0.92	0.8	0.76	0.82	0.76	0.8
15700	0.88	0.66	0.76	0.74	0.84	0.86	0.82	0.76	0.88	0.84	0.92	0.82	0.74	0.86	0.8	0.8
15750	0.88	0.66	0.78	0.72	0.86	0.88	0.8	0.76	0.88	0.9	0.96	0.86	0.72	0.84	0.8	0.76
15800	0.88	0.66	0.74	0.72	0.84	0.88	0.8	0.74	0.84	0.9	0.94	0.86	0.68	0.82	0.8	0.68
15850	0.84	0.64	0.74	0.7	0.84	0.9	0.82	0.74	0.82	0.9	0.94	0.92	0.7	0.8	0.82	0.64
15900	0.82	0.66	0.76	0.7	0.82	0.86	0.76	0.7	0.84	0.8	0.9	0.86	0.64	0.82	0.82	0.6
15950	0.8	0.68	0.78	0.68	0.8	0.84	0.76	0.72	0.84	0.8	0.9	0.86	0.64	0.82	0.84	0.56
16000	0.78	0.68	0.74	0.68	0.82	0.82	0.74	0.76	0.88	0.8	0.9	0.88	0.62	0.8	0.82	0.54
16050	0.78	0.68	0.74	0.66	0.78	0.78	0.72	0.76	0.86	0.78	0.86	0.86	0.6	0.8	0.84	0.48
16100	0.74	0.68	0.76	0.68	0.78	0.8	0.72	0.78	0.84	0.78	0.82	0.84	0.62	0.78	0.82	0.48
16150	0.7	0.7	0.76	0.76	0.76	0.8	0.74	0.8	0.88	0.76	0.82	0.82	0.62	0.78	0.84	0.48
16200	0.68	0.66	0.74	0.72	0.8	0.78	0.76	0.78	0.88	0.78	0.86	0.78	0.62	0.78	0.82	0.48
16250	0.7	0.68	0.72	0.74	0.8	0.74	0.72	0.76	0.88	0.82	0.8	0.78	0.62	0.8	0.82	0.48
16300	0.7	0.7	0.72	0.74	0.78	0.74	0.68	0.76	0.86	0.82	0.78	0.82	0.66	0.8	0.8	0.52
16350	0.76	0.72	0.76	0.78	0.8	0.78	0.74	0.78	0.88	0.82	0.84	0.8	0.68	0.84	0.82	0.58
16400	0.78	0.7	0.78	0.82	0.84	0.78	0.7	0.8	0.9	0.86	0.86	0.8	0.68	0.82	0.8	0.62
16450	0.76	0.68	0.78	0.82	0.84	0.8	0.74	0.8	0.88	0.82	0.84	0.86	0.7	0.84	0.8	0.62
16500	0.78	0.68	0.74	0.8	0.86	0.82	0.7	0.86	0.88	0.82	0.84	0.86	0.72	0.86	0.84	0.64
16550	0.78	0.72	0.8	0.78	0.86	0.82	0.76	0.82	0.84	0.84	0.82	0.84	0.68	0.84	0.86	0.64
16600	0.8	0.66	0.76	0.8	0.82	0.82	0.76	0.9	0.82	0.84	0.82	0.86	0.64	0.86	0.8	0.64
16650	0.84	0.68	0.7	0.8	0.74	0.82	0.8	0.88	0.8	0.88	0.84	0.86	0.66	0.86	0.82	0.66
16700	0.82	0.58	0.58	0.74	0.72	0.82	0.82	0.86	0.8	0.86	0.86	0.88	0.64	0.86	0.82	0.66
16750	0.8	0.62	0.58	0.74	0.68	0.82	0.8	0.86	0.8	0.88	0.86	0.88	0.66	0.9	0.84	0.66
16800	0.8	0.62	0.62	0.66	0.62	0.82	0.8	0.82	0.78	0.86	0.82	0.82	0.6	0.86	0.84	0.64
16850	0.78	0.64	0.64	0.66	0.6	0.84	0.82	0.82	0.78	0.86	0.82	0.76	0.62	0.84	0.82	0.68
16900	0.78	0.62	0.6	0.66	0.54	0.76	0.86	0.82	0.74	0.88	0.82	0.74	0.58	0.86	0.78	0.68
16950	0.76	0.58	0.64	0.64	0.56	0.72	0.8	0.8	0.78	0.88	0.82	0.72	0.56	0.86	0.76	0.62
17000	0.74	0.62	0.7	0.68	0.62	0.72	0.74	0.8	0.8	0.86	0.82	0.68	0.56	0.84	0.78	0.56
17050	0.76	0.6	0.78	0.68	0.68	0.74	0.76	0.84	0.84	0.86	0.8	0.68	0.6	0.84	0.72	0.58
17100	0.74	0.68	0.8	0.7	0.68	0.72	0.78	0.86	0.84	0.84	0.8	0.64	0.62	0.82	0.68	0.6
17150	0.72	0.62	0.78	0.64	0.7	0.72	0.76	0.84	0.86	0.84	0.8	0.62	0.58	0.82	0.68	0.62
17200	0.72	0.64	0.8	0.7	0.74	0.68	0.76	0.82	0.86	0.8	0.86	0.64	0.6	0.8	0.68	0.64
17250	0.7	0.68	0.82	0.74	0.74	0.68	0.78	0.8	0.8	0.76	0.8	0.64	0.58	0.8	0.66	0.66
17300	0.74	0.66	0.82	0.72	0.76	0.66	0.8	0.8	0.8	0.74	0.8	0.64	0.6	0.82	0.72	0.7
17350	0.76	0.7	0.82	0.74	0.74	0.72	0.8	0.8	0.8	0.74	0.8	0.66	0.58	0.8	0.72	0.72
17400	0.8	0.72	0.78	0.74	0.74	0.68	0.8	0.8	0.8	0.74	0.8	0.7	0.6	0.82	0.74	0.74
17450	0.74	0.7	0.78	0.72	0.7	0.66	0.82	0.8	0.74	0.74	0.76	0.66	0.6	0.82	0.8	0.74
17500	0.74	0.74	0.76	0.74	0.68	0.66	0.84	0.82	0.72	0.7	0.74	0.7	0.64	0.84	0.82	0.74
17550	0.76	0.7	0.74	0.7	0.7	0.72	0.84	0.8	0.72	0.7	0.72	0.68	0.66	0.86	0.86	0.72
17600	0.78	0.72	0.72	0.68	0.68	0.76	0.86	0.8	0.74	0.76	0.74	0.76	0.7	0.92	0.88	0.72
17650	0.84	0.7	0.66	0.68	0.68	0.78	0.84	0.8	0.7	0.8	0.72	0.78	0.72	0.92	0.82	0.74
17700	0.84	0.68	0.66	0.68	0.7	0.78	0.86	0.82	0.7	0.84	0.76	0.76	0.68	0.88	0.72	0.72
17750	0.82	0.7	0.7	0.66	0.7	0.82	0.8	0.82	0.7	0.82	0.76	0.72	0.7	0.88	0.74	0.68
17800	0.8	0.74	0.74	0.66	0.74	0.86	0.82	0.82	0.68	0.82	0.72	0.76	0.66	0.88	0.72	0.62
17850	0.8	0.72	0.74	0.68	0.7	0.82	0.8	0.8	0.66	0.76	0.74	0.72	0.58	0.88	0.7	0.6
17900	0.84	0.76	0.72	0.68	0.72	0.84	0.8	0.8	0.68	0.82	0.78	0.8	0.58	0.9	0.66	0.62
17950	0.86	0.72	0.72	0.68	0.72	0.82	0.74	0.74	0.74	0.84	0.8	0.8	0.56	0.88	0.64	0.62
18000	0.86	0.72	0.74	0.66	0.72	0.82	0.74	0.74	0.76	0.82	0.82	0.78	0.56	0.88	0.72	0.62
18050	0.86	0.74	0.74	0.7	0.7	0.8	0.72	0.76	0.74	0.82	0.8	0.76	0.56	0.88	0.78	0.58
18100	0.84	0.78	0.78	0.7	0.72	0.78	0.72	0.76	0.78	0.82	0.84	0.76	0.52	0.88	0.74	0.54
18150	0.84	0.76	0.78	0.7	0.72	0.74	0.76	0.78	0.86	0.84	0.86	0.76	0.5	0.88	0.76	0.6
18200	0.82	0.72	0.78	0.68	0.72	0.78	0.76	0.8	0.86	0.9	0.84	0.8	0.56	0.9	0.76	0.58
18250	0.82	0.7	0.72	0.64	0.7	0.8	0.78	0.8	0.88	0.86	0.82	0.78	0.56	0.88	0.8	0.62
18300	0.8	0.74	0.72	0.66	0.72	0.76	0.76	0.78	0.86	0.84	0.82	0.78	0.56	0.88	0.76	0.62
18350	0.78	0.7	0.72	0.64	0.72	0.72	0.78	0.8	0.84	0.84	0.84	0.74	0.56	0.88	0.72	0.64
18400	0.76	0.76	0.72	0.68	0.68	0.68	0.8	0.84	0.82	0.8	0.84	0.78	0.6	0.88	0.72	0.66
18450	0.76	0.8	0.7	0.72	0.74	0.7	0.74	0.82	0.84	0.78	0.84	0.78	0.6	0.88	0.72	0.62
18500	0.74	0.76	0.68	0.76	0.76	0.7	0.72	0.84	0.86	0.78	0.82	0.78	0.6	0.86	0.74	0.62
18550	0.76	0.82	0.7	0.78	0.76	0.76	0.7	0.84	0.84	0.76	0.78	0.76	0.64	0.86	0.76	0.62
18600	0.74	0.8	0.72	0.8	0.74	0.72	0.72	0.86	0.84	0.76	0.76	0.72	0.66	0.88	0.74	0.66
18650	0.76	0.8	0.72	0.82	0.82	0.76	0.66	0.8	0.82	0.76	0.8	0.7	0.66	0.88	0.74	0.66
18700	0.72	0.74	0.74	0.8	0.8	0.82	0.68	0.78	0.82	0.76	0.8	0.68	0.66	0.82	0.74	0.68
18750	0.72	0.72	0.74	0.76	0.8	0.78	0.68	0.82	0.82	0.76	0.8	0.68	0.68	0.84	0.76	0.7
18800	0.76	0.72	0.76	0.8	0.76	0.76	0.7	0.82	0.84	0.74	0.8	0.68	0.72	0.86	0.8	0.64
18850	0.7	0.66	0.76	0.76	0.76	0.76	0.76	0.86	0.86	0.74	0.78	0.66	0.7	0.84	0.8	0.68
18900	0.68	0.68	0.74	0.76	0.72	0.7	0.74	0.84	0.86	0.72	0.78	0.66	0.7	0.84	0.78	0.72
18950	0.66	0.68	0.68	0.76	0.66	0.72	0.78	0.82	0.82	0.7	0.74	0.64	0.72	0.78	0.72	0.74
19000	0.68	0.7	0.72	0.74	0.64	0.7	0.8	0.84	0.84	0.7	0.76	0.62	0.7	0.8	0.76	0.78
19050	0.66	0.7	0.7	0.7	0.64	0.72	0.86	0.86	0.84	0.7	0.78	0.66	0.72	0.84	0.76	0.8
19100	0.7	0.68	0.7	0.72	0.64	0.74	0.86	0.9	0.84	0.7	0.76	0.62	0.72	0.84	0.74	0.8
19150	0.74	0.66	0.68	0.74	0.64	0.76	0.88	0.92	0.84	0.72	0.76	0.6	0.68	0.78	0.7	0.82
19200	0.7	0.64	0.68	0.66	0.58	0.76	0.88	0.88	0.84	0.7	0.74	0.64	0.72	0.76	0.68	0.86
19250	0.72	0.7	0.74	0.72	0.62	0.72	0.86	0.84	0.8	0.66	0.78	0.68	0.72	0.74	0.68	0.84
19300	0.74	0.7	0.76	0.72	0.68	0.74	0.84	0.78	0.78	0.66	0.74	0.66	0.72	0.76	0.72	0.86
19350	0.74	0.7	0.74	0.72	0.68	0.76	0.8	0.78	0.76	0.72	0.8	0.7	0.74	0.8	0.76	0.84
19400	0.76	0.68	0.78	0.72	0.74	0.78	0.8	0.78	0.8	0.68	0.82	0.72	0.72	0.78	0.74	0.82
19450	0.76	0.76	0.78	0.74	0.74	0.78	0.8	0.74	0.78	0.7	0.82	0.72	0.74	0.74	0.78	0.84
19500	0.76	0.78	0.76	0.74	0.74	0.8	0.76	0.72	0.76	0.68	0.82	0.74	0.74	0.74	0.76	0.82
19550	0.78	0.78	0.76	0.78	0.72	0.74	0.74	0.74	0.8	0.72	0.84	0.76	0.74	0.78	0.76	0.82
19600	0.8	0.8	0.78	0.78	0.72	0.8	0.76	0.72	0.8	0.74	0.88	0.8	0.78	0.8	0.76	0.84
19650	0.78	0.76	0.76	0.72	0.76	0.8	0.76	0.74	0.8	0.8	0.9	0.8	0.78	0.8	0.8	0.82
19700	0.8	0.76	0.68	0.72	0.7	0.76	0.78	0.72	0.78	0.76	0.88	0.84	0.76	0.82	0.8	0.78
19750	0.76	0.74	0.7	0.74	0.66	0.74	0.8	0.74	0.82	0.8	0.88	0.8	0.78	0.84	0.78	0.8
19800	0.78	0.68	0.7	0.74	0.68	0.72	0.78	0.78	0.76	0.8	0.86	0.76	0.7	0.8	0.74	0.82
19850	0.78	0.7	0.72	0.72	0.62	0.62	0.74	0.8	0.8	0.78	0.88	0.76	0.68	0.78	0.7	0.8
19900	0.74	0.66	0.7	0.72	0.66	0.62	0.78	0.8	0.76	0.74	0.82	0.74	0.66	0.78	0.64	0.78
19950	0.72	0.66	0.74	0.68	0.64	0.58	0.82	0.82	0.76	0.74	0.84	0.74	0.66	0.74	0.6	0.8
20000	0.68	0.68	0.7	0.68	0.62	0.56	0.8	0.82	0.76	0.78	0.84	0.72	0.6	0.76	0.62	0.78
