0	0.0	0.0	0.0	0.0	0.0	0.0	0.0	0.0	0.0	0.0	0.0	0.0	0.0	0.0	0.0	0.0
50	0.0	0.0	0.0	0.0	0.0	0.0	0.0	0.0	0.0	0.0	0.0	0.0	0.0	0.0	0.0	0.0
100	0.0	0.0	0.0	0.0526315789474	0.0666666666667	0.0	0.0666666666667	0.0	0.0	0.0	0.0	0.0	0.0	0.0	0.0	0.0625
150	0.117647058824	0.047619047619	0.047619047619	0.0909090909091	0.105263157895	0.0666666666667	0.15	0.125	0.0555555555556	0.0526315789474	0.0	0.047619047619	0.0526315789474	0.117647058824	0.0	0.111111111111
200	0.12	0.0689655172414	0.0714285714286	0.0714285714286	0.0833333333333	0.111111111111	0.16	0.142857142857	0.0434782608696	0.0384615384615	0.0	0.0689655172414	0.111111111111	0.153846153846	0.0344827586207	0.0909090909091
250	0.212121212121	0.121212121212	0.0882352941176	0.142857142857	0.121212121212	0.166666666667	0.25	0.185185185185	0.0689655172414	0.037037037037	0.0	0.135135135135	0.117647058824	0.25	0.0833333333333	0.15625
300	0.25	0.128205128205	0.119047619048	0.209302325581	0.138888888889	0.225806451613	0.358974358974	0.21875	0.142857142857	0.0606060606061	0.0344827586207	0.133333333333	0.142857142857	0.27027027027	0.102564102564	0.210526315789
350	0.239130434783	0.152173913043	0.142857142857	0.22	0.166666666667	0.212121212121	0.333333333333	0.2	0.15	0.0526315789474	0.0789473684211	0.18	0.191489361702	0.268292682927	0.119047619048	0.204081632653
400	0.24	0.18	0.2	0.26	0.177777777778	0.333333333333	0.34	0.204545454545	0.195652173913	0.0888888888889	0.0731707317073	0.2	0.22	0.244444444444	0.24	0.2
450	0.28	0.24	0.28	0.34	0.24	0.32	0.4	0.204081632653	0.2	0.14	0.127659574468	0.24	0.32	0.32	0.26	0.26
500	0.34	0.3	0.3	0.4	0.28	0.38	0.42	0.22	0.3	0.2	0.2	0.28	0.34	0.32	0.28	0.32
550	0.36	0.34	0.32	0.46	0.38	0.4	0.4	0.24	0.36	0.22	0.24	0.4	0.36	0.38	0.36	0.36
600	0.4	0.42	0.38	0.5	0.38	0.42	0.36	0.24	0.38	0.22	0.28	0.5	0.38	0.4	0.44	0.38
650	0.4	0.48	0.4	0.52	0.44	0.48	0.34	0.24	0.42	0.26	0.32	0.56	0.44	0.44	0.5	0.4
700	0.46	0.56	0.42	0.5	0.46	0.48	0.38	0.22	0.44	0.32	0.38	0.6	0.44	0.42	0.52	0.48
750	0.46	0.58	0.44	0.5	0.48	0.52	0.48	0.24	0.54	0.34	0.4	0.62	0.46	0.44	0.56	0.5
800	0.58	0.62	0.44	0.56	0.54	0.56	0.5	0.28	0.54	0.38	0.42	0.64	0.44	0.48	0.56	0.54
850	0.66	0.58	0.4	0.6	0.56	0.54	0.52	0.3	0.58	0.42	0.5	0.6	0.42	0.5	0.58	0.62
900	0.64	0.52	0.4	0.56	0.56	0.54	0.54	0.38	0.58	0.48	0.46	0.62	0.44	0.52	0.62	0.58
950	0.68	0.52	0.38	0.54	0.58	0.52	0.56	0.38	0.58	0.56	0.48	0.6	0.42	0.54	0.64	0.6
1000	0.66	0.5	0.38	0.54	0.58	0.54	0.56	0.38	0.56	0.6	0.48	0.54	0.42	0.56	0.68	0.62
1050	0.64	0.44	0.38	0.62	0.58	0.56	0.58	0.42	0.56	0.58	0.48	0.5	0.4	0.6	0.7	0.64
1100	0.66	0.48	0.36	0.62	0.6	0.56	0.56	0.46	0.56	0.64	0.52	0.54	0.4	0.64	0.7	0.64
1150	0.68	0.48	0.36	0.66	0.62	0.56	0.62	0.5	0.58	0.64	0.52	0.54	0.42	0.66	0.7	0.62
1200	0.6	0.46	0.38	0.64	0.64	0.56	0.56	0.46	0.6	0.62	0.5	0.54	0.4	0.62	0.7	0.62
1250	0.54	0.5	0.42	0.66	0.64	0.62	0.54	0.54	0.6	0.66	0.48	0.5	0.46	0.64	0.74	0.6
1300	0.52	0.48	0.48	0.62	0.64	0.64	0.52	0.48	0.58	0.6	0.54	0.52	0.5	0.62	0.76	0.58
1350	0.54	0.52	0.5	0.68	0.66	0.7	0.54	0.52	0.66	0.56	0.54	0.54	0.58	0.64	0.78	0.58
1400	0.64	0.58	0.54	0.68	0.7	0.74	0.54	0.54	0.64	0.56	0.56	0.54	0.62	0.7	0.8	0.52
1450	0.64	0.6	0.54	0.64	0.66	0.76	0.56	0.54	0.6	0.52	0.54	0.54	0.62	0.62	0.78	0.54
1500	0.64	0.58	0.56	0.66	0.7	0.78	0.56	0.6	0.6	0.48	0.54	0.56	0.66	0.62	0.7	0.54
1550	0.66	0.6	0.6	0.7	0.72	0.8	0.54	0.56	0.58	0.42	0.5	0.58	0.64	0.62	0.74	0.52
1600	0.62	0.58	0.58	0.72	0.74	0.78	0.56	0.58	0.54	0.36	0.5	0.56	0.64	0.64	0.72	0.54
1650	0.62	0.64	0.62	0.74	0.74	0.82	0.6	0.62	0.52	0.4	0.44	0.5	0.66	0.6	0.72	0.54
1700	0.56	0.64	0.62	0.8	0.72	0.8	0.58	0.56	0.58	0.4	0.46	0.52	0.62	0.56	0.7	0.58
1750	0.52	0.6	0.6	0.78	0.74	0.78	0.6	0.6	0.62	0.5	0.46	0.54	0.58	0.52	0.68	0.62
1800	0.5	0.6	0.64	0.78	0.76	0.78	0.66	0.64	0.64	0.52	0.5	0.56	0.54	0.52	0.68	0.68
1850	0.5	0.6	0.62	0.76	0.78	0.76	0.74	0.62	0.64	0.5	0.52	0.56	0.56	0.54	0.68	0.68
1900	0.54	0.58	0.62	0.74	0.8	0.76	0.78	0.66	0.66	0.56	0.54	0.56	0.6	0.56	0.76	0.72
1950	0.58	0.6	0.66	0.72	0.74	0.72	0.8	0.68	0.66	0.54	0.54	0.62	0.62	0.54	0.72	0.72
2000	0.64	0.62	0.68	0.64	0.72	0.68	0.78	0.7	0.74	0.6	0.58	0.58	0.62	0.6	0.74	0.62
2050	0.66	0.66	0.68	0.6	0.74	0.7	0.8	0.72	0.76	0.66	0.62	0.6	0.68	0.6	0.72	0.66
2100	0.7	0.68	0.72	0.6	0.7	0.7	0.8	0.72	0.76	0.64	0.58	0.54	0.66	0.62	0.72	0.66
2150	0.72	0.68	0.7	0.58	0.68	0.68	0.78	0.72	0.74	0.66	0.56	0.5	0.66	0.62	0.7	0.62
2200	0.68	0.64	0.66	0.6	0.64	0.7	0.74	0.78	0.7	0.58	0.44	0.52	0.7	0.6	0.68	0.58
2250	0.68	0.62	0.7	0.62	0.64	0.72	0.72	0.76	0.7	0.56	0.46	0.52	0.74	0.64	0.7	0.58
2300	0.68	0.66	0.66	0.64	0.64	0.76	0.68	0.78	0.68	0.56	0.44	0.52	0.78	0.66	0.68	0.58
2350	0.7	0.64	0.66	0.66	0.62	0.76	0.68	0.78	0.7	0.52	0.4	0.5	0.8	0.62	0.66	0.58
2400	0.66	0.68	0.64	0.7	0.66	0.78	0.68	0.78	0.72	0.52	0.44	0.5	0.74	0.62	0.74	0.58
2450	0.66	0.64	0.62	0.72	0.72	0.72	0.7	0.78	0.74	0.56	0.48	0.54	0.76	0.62	0.68	0.58
2500	0.62	0.62	0.62	0.78	0.76	0.72	0.72	0.76	0.74	0.62	0.54	0.6	0.76	0.6	0.68	0.6
2550	0.64	0.64	0.66	0.8	0.78	0.7	0.76	0.74	0.74	0.64	0.56	0.62	0.78	0.64	0.66	0.62
2600	0.62	0.6	0.66	0.76	0.76	0.68	0.78	0.76	0.76	0.66	0.64	0.6	0.76	0.58	0.66	0.6
2650	0.66	0.6	0.66	0.76	0.8	0.64	0.8	0.74	0.84	0.7	0.66	0.66	0.76	0.56	0.68	0.64
2700	0.68	0.64	0.64	0.72	0.76	0.64	0.8	0.72	0.82	0.76	0.68	0.64	0.78	0.58	0.66	0.68
2750	0.66	0.66	0.68	0.72	0.74	0.64	0.84	0.74	0.86	0.72	0.7	0.68	0.8	0.56	0.6	0.74
2800	0.74	0.7	0.72	0.66	0.72	0.64	0.84	0.72	0.82	0.68	0.7	0.66	0.78	0.6	0.58	0.76
2850	0.74	0.74	0.72	0.64	0.7	0.66	0.84	0.72	0.8	0.68	0.66	0.7	0.76	0.62	0.64	0.78
2900	0.74	0.74	0.72	0.62	0.64	0.64	0.84	0.74	0.82	0.7	0.62	0.7	0.76	0.64	0.64	0.8
2950	0.76	0.74	0.7	0.58	0.54	0.64	0.84	0.76	0.82	0.68	0.64	0.72	0.76	0.6	0.58	0.8
3000	0.8	0.74	0.7	0.58	0.54	0.62	0.82	0.72	0.78	0.68	0.72	0.74	0.7	0.62	0.56	0.78
3050	0.82	0.78	0.7	0.64	0.54	0.68	0.84	0.72	0.78	0.66	0.7	0.78	0.64	0.64	0.58	0.82
3100	0.8	0.78	0.66	0.64	0.54	0.66	0.86	0.7	0.78	0.68	0.72	0.8	0.58	0.64	0.56	0.78
3150	0.84	0.76	0.66	0.66	0.56	0.68	0.84	0.74	0.76	0.7	0.74	0.78	0.58	0.68	0.6	0.74
3200	0.82	0.72	0.68	0.66	0.6	0.68	0.82	0.74	0.74	0.72	0.78	0.76	0.6	0.7	0.66	0.72
3250	0.8	0.74	0.66	0.66	0.6	0.7	0.82	0.78	0.74	0.74	0.76	0.74	0.56	0.66	0.64	0.68
3300	0.78	0.76	0.66	0.66	0.6	0.66	0.8	0.74	0.74	0.74	0.8	0.72	0.58	0.58	0.64	0.7
3350	0.8	0.78	0.64	0.7	0.66	0.72	0.8	0.76	0.72	0.76	0.76	0.7	0.64	0.64	0.68	0.7
3400	0.78	0.8	0.66	0.64	0.62	0.74	0.8	0.74	0.76	0.76	0.8	0.72	0.68	0.64	0.7	0.7
3450	0.76	0.82	0.66	0.62	0.64	0.7	0.78	0.74	0.78	0.8	0.76	0.74	0.72	0.68	0.7	0.74
3500	0.72	0.82	0.68	0.66	0.64	0.68	0.74	0.76	0.8	0.86	0.74	0.7	0.74	0.68	0.72	0.72
3550	0.74	0.78	0.64	0.6	0.68	0.66	0.72	0.78	0.78	0.84	0.74	0.72	0.7	0.72	0.72	0.78
3600	0.76	0.8	0.62	0.6	0.64	0.64	0.76	0.8	0.8	0.84	0.76	0.72	0.68	0.76	0.66	0.76
3650	0.8	0.78	0.64	0.64	0.62	0.68	0.76	0.78	0.84	0.86	0.8	0.74	0.72	0.78	0.66	0.78
3700	0.76	0.74	0.6	0.66	0.7	0.64	0.76	0.72	0.84	0.88	0.8	0.76	0.7	0.72	0.66	0.78
3750	0.74	0.72	0.64	0.7	0.62	0.66	0.74	0.68	0.88	0.86	0.8	0.74	0.7	0.7	0.64	0.74
3800	0.72	0.68	0.66	0.74	0.66	0.72	0.72	0.64	0.86	0.82	0.82	0.72	0.7	0.68	0.66	0.76
3850	0.72	0.66	0.7	0.72	0.74	0.74	0.82	0.68	0.86	0.82	0.84	0.72	0.7	0.72	0.68	0.84
3900	0.76	0.68	0.74	0.72	0.66	0.68	0.8	0.66	0.84	0.82	0.8	0.74	0.72	0.7	0.68	0.8
3950	0.78	0.72	0.7	0.7	0.68	0.7	0.78	0.68	0.8	0.82	0.84	0.76	0.7	0.7	0.68	0.82
4000	0.72	0.72	0.76	0.7	0.7	0.68	0.78	0.72	0.78	0.8	0.84	0.8	0.76	0.74	0.7	0.86
4050	0.68	0.74	0.8	0.66	0.68	0.66	0.82	0.78	0.8	0.82	0.8	0.8	0.76	0.76	0.7	0.84
4100	0.72	0.74	0.82	0.66	0.7	0.64	0.8	0.74	0.8	0.78	0.78	0.82	0.74	0.78	0.76	0.84
4150	0.74	0.78	0.78	0.62	0.7	0.6	0.8	0.74	0.8	0.76	0.76	0.78	0.74	0.8	0.72	0.8
4200	0.68	0.84	0.76	0.66	0.64	0.58	0.84	0.76	0.8	0.76	0.68	0.86	0.74	0.76	0.72	0.8
4250	0.68	0.86	0.76	0.68	0.64	0.58	0.82	0.78	0.78	0.76	0.66	0.88	0.72	0.78	0.7	0.76
4300	0.68	0.84	0.76	0.7	0.66	0.62	0.86	0.8	0.78	0.8	0.64	0.88	0.7	0.78	0.7	0.76
4350	0.66	0.86	0.76	0.76	0.68	0.64	0.84	0.78	0.74	0.78	0.64	0.84	0.74	0.74	0.68	0.78
4400	0.7	0.88	0.74	0.78	0.7	0.68	0.86	0.78	0.8	0.78	0.62	0.84	0.74	0.72	0.68	0.78
4450	0.74	0.9	0.78	0.76	0.74	0.62	0.86	0.78	0.8	0.78	0.62	0.84	0.74	0.74	0.66	0.78
4500	0.72	0.84	0.8	0.74	0.72	0.68	0.86	0.78	0.78	0.78	0.64	0.84	0.8	0.78	0.76	0.76
4550	0.7	0.8	0.8	0.78	0.74	0.72	0.86	0.84	0.74	0.8	0.62	0.86	0.8	0.76	0.72	0.82
4600	0.72	0.82	0.8	0.82	0.78	0.72	0.82	0.8	0.76	0.78	0.62	0.84	0.76	0.76	0.72	0.8
4650	0.72	0.82	0.8	0.86	0.84	0.74	0.8	0.8	0.74	0.8	0.6	0.86	0.78	0.78	0.74	0.8
4700	0.7	0.82	0.78	0.82	0.88	0.7	0.82	0.8	0.76	0.76	0.6	0.88	0.78	0.76	0.7	0.84
4750	0.68	0.8	0.76	0.78	0.86	0.7	0.84	0.78	0.78	0.7	0.62	0.88	0.8	0.76	0.68	0.86
4800	0.66	0.76	0.72	0.74	0.8	0.74	0.84	0.8	0.78	0.72	0.66	0.88	0.74	0.78	0.7	0.84
4850	0.66	0.74	0.7	0.72	0.78	0.74	0.8	0.78	0.8	0.7	0.68	0.88	0.7	0.78	0.7	0.84
4900	0.68	0.78	0.72	0.72	0.78	0.74	0.8	0.76	0.82	0.7	0.7	0.88	0.68	0.76	0.72	0.8
4950	0.72	0.8	0.74	0.68	0.74	0.74	0.82	0.76	0.86	0.72	0.7	0.84	0.72	0.76	0.76	0.8
5000	0.72	0.82	0.74	0.72	0.66	0.76	0.84	0.76	0.84	0.68	0.74	0.86	0.72	0.76	0.74	0.82
5050	0.74	0.8	0.78	0.78	0.68	0.82	0.86	0.78	0.86	0.76	0.74	0.86	0.76	0.76	0.76	0.78
5100	0.76	0.78	0.8	0.8	0.72	0.84	0.84	0.78	0.88	0.72	0.74	0.82	0.76	0.76	0.76	0.74
5150	0.74	0.74	0.8	0.8	0.74	0.88	0.84	0.8	0.86	0.72	0.78	0.76	0.76	0.8	0.84	0.7
5200	0.78	0.76	0.86	0.86	0.78	0.86	0.86	0.8	0.88	0.74	0.78	0.76	0.74	0.7	0.78	0.76
5250	0.78	0.74	0.82	0.86	0.76	0.86	0.88	0.8	0.88	0.76	0.78	0.72	0.72	0.72	0.8	0.76
5300	0.76	0.7	0.76	0.84	0.76	0.86	0.88	0.82	0.9	0.82	0.74	0.74	0.76	0.76	0.8	0.76
5350	0.72	0.66	0.74	0.84	0.8	0.86	0.88	0.8	0.9	0.82	0.68	0.68	0.76	0.74	0.78	0.74
5400	0.68	0.68	0.72	0.86	0.82	0.82	0.92	0.82	0.94	0.76	0.58	0.66	0.76	0.74	0.76	0.78
5450	0.68	0.7	0.72	0.8	0.8	0.74	0.94	0.82	0.94	0.76	0.62	0.68	0.78	0.76	0.78	0.82
5500	0.66	0.74	0.74	0.82	0.84	0.78	0.96	0.82	0.88	0.74	0.6	0.76	0.72	0.76	0.8	0.86
5550	0.64	0.72	0.7	0.84	0.8	0.7	0.96	0.82	0.88	0.72	0.58	0.74	0.74	0.74	0.76	0.86
5600	0.68	0.72	0.66	0.8	0.78	0.64	0.94	0.82	0.86	0.7	0.52	0.72	0.76	0.72	0.7	0.82
5650	0.72	0.74	0.64	0.78	0.74	0.58	0.94	0.8	0.86	0.7	0.56	0.76	0.78	0.78	0.72	0.78
5700	0.76	0.76	0.68	0.8	0.76	0.6	0.9	0.82	0.82	0.72	0.6	0.78	0.78	0.84	0.72	0.78
5750	0.68	0.74	0.74	0.8	0.76	0.66	0.9	0.84	0.82	0.78	0.64	0.8	0.78	0.84	0.74	0.78
5800	0.66	0.76	0.76	0.78	0.78	0.72	0.88	0.86	0.8	0.82	0.76	0.88	0.8	0.8	0.8	0.84
5850	0.68	0.74	0.74	0.76	0.8	0.72	0.88	0.86	0.78	0.86	0.7	0.82	0.78	0.8	0.8	0.8
5900	0.64	0.7	0.74	0.84	0.82	0.78	0.88	0.84	0.8	0.86	0.7	0.78	0.8	0.82	0.86	0.76
5950	0.56	0.72	0.76	0.84	0.88	0.82	0.88	0.9	0.86	0.86	0.68	0.82	0.84	0.82	0.9	0.8
6000	0.56	0.7	0.8	0.86	0.94	0.84	0.86	0.92	0.82	0.84	0.7	0.82	0.86	0.82	0.92	0.82
6050	0.54	0.7	0.84	0.86	0.9	0.9	0.84	0.94	0.8	0.82	0.72	0.84	0.88	0.8	0.94	0.86
6100	0.6	0.68	0.86	0.84	0.84	0.86	0.84	0.92	0.78	0.86	0.78	0.82	0.88	0.8	0.9	0.84
6150	0.6	0.6	0.8	0.82	0.82	0.84	0.84	0.88	0.82	0.86	0.76	0.8	0.88	0.82	0.86	0.84
6200	0.62	0.6	0.78	0.84	0.84	0.84	0.84	0.88	0.78	0.84	0.76	0.84	0.9	0.84	0.84	0.88
6250	0.66	0.64	0.78	0.86	0.86	0.86	0.8	0.84	0.74	0.8	0.76	0.9	0.86	0.86	0.84	0.92
6300	0.68	0.62	0.76	0.86	0.82	0.84	0.74	0.8	0.72	0.8	0.82	0.88	0.84	0.84	0.8	0.92
6350	0.74	0.62	0.76	0.8	0.76	0.88	0.72	0.76	0.68	0.76	0.84	0.86	0.84	0.86	0.8	0.9
6400	0.74	0.68	0.8	0.78	0.72	0.86	0.76	0.78	0.68	0.78	0.84	0.84	0.8	0.86	0.8	0.88
6450	0.74	0.66	0.74	0.76	0.76	0.86	0.8	0.78	0.72	0.8	0.82	0.8	0.78	0.88	0.84	0.88
6500	0.76	0.7	0.74	0.78	0.8	0.86	0.8	0.8	0.72	0.82	0.8	0.8	0.74	0.86	0.88	0.88
6550	0.76	0.7	0.7	0.74	0.78	0.84	0.82	0.8	0.72	0.84	0.8	0.78	0.76	0.88	0.88	0.82
6600	0.72	0.72	0.68	0.74	0.74	0.84	0.86	0.82	0.72	0.78	0.78	0.78	0.78	0.88	0.9	0.8
6650	0.7	0.74	0.66	0.72	0.74	0.8	0.86	0.86	0.82	0.84	0.8	0.78	0.8	0.86	0.9	0.8
6700	0.66	0.74	0.72	0.7	0.72	0.78	0.84	0.88	0.82	0.86	0.84	0.78	0.8	0.8	0.86	0.76
6750	0.66	0.72	0.68	0.7	0.74	0.78	0.92	0.9	0.8	0.84	0.82	0.78	0.8	0.82	0.84	0.76
6800	0.68	0.7	0.7	0.74	0.78	0.78	0.9	0.88	0.76	0.88	0.84	0.74	0.82	0.82	0.84	0.76
6850	0.66	0.7	0.74	0.78	0.8	0.8	0.88	0.88	0.78	0.84	0.82	0.76	0.8	0.82	0.84	0.74
6900	0.64	0.66	0.72	0.86	0.78	0.8	0.8	0.88	0.76	0.84	0.84	0.76	0.84	0.82	0.8	0.72
6950	0.64	0.6	0.68	0.86	0.82	0.82	0.8	0.9	0.78	0.84	0.84	0.76	0.82	0.82	0.78	0.78
7000	0.62	0.6	0.7	0.9	0.84	0.78	0.8	0.86	0.8	0.86	0.82	0.78	0.8	0.78	0.78	0.8
7050	0.62	0.56	0.72	0.9	0.86	0.8	0.8	0.86	0.8	0.84	0.8	0.72	0.8	0.82	0.8	0.76
7100	0.68	0.6	0.76	0.88	0.88	0.8	0.82	0.86	0.86	0.84	0.74	0.66	0.84	0.88	0.8	0.76
7150	0.66	0.64	0.74	0.88	0.88	0.84	0.82	0.86	0.88	0.86	0.74	0.64	0.9	0.88	0.78	0.76
7200	0.68	0.64	0.76	0.86	0.86	0.84	0.82	0.82	0.88	0.84	0.74	0.66	0.94	0.88	0.84	0.8
7250	0.66	0.66	0.74	0.8	0.84	0.82	0.84	0.84	0.9	0.84	0.68	0.66	0.94	0.88	0.82	0.82
7300	0.68	0.7	0.76	0.78	0.84	0.82	0.82	0.84	0.84	0.8	0.64	0.64	0.9	0.9	0.86	0.78
7350	0.66	0.66	0.8	0.78	0.86	0.82	0.84	0.8	0.78	0.74	0.66	0.62	0.92	0.9	0.84	0.78
7400	0.66	0.68	0.78	0.78	0.86	0.82	0.82	0.84	0.76	0.7	0.68	0.66	0.9	0.86	0.82	0.84
7450	0.7	0.68	0.78	0.78	0.84	0.82	0.8	0.84	0.72	0.74	0.7	0.74	0.86	0.88	0.86	0.8
7500	0.72	0.7	0.76	0.74	0.84	0.84	0.8	0.84	0.72	0.76	0.72	0.72	0.84	0.88	0.86	0.8
7550	0.76	0.72	0.72	0.7	0.8	0.86	0.82	0.84	0.72	0.76	0.7	0.74	0.8	0.84	0.88	0.8
7600	0.8	0.68	0.66	0.66	0.82	0.86	0.82	0.84	0.74	0.76	0.7	0.76	0.8	0.86	0.9	0.82
7650	0.8	0.72	0.62	0.7	0.84	0.86	0.8	0.84	0.74	0.74	0.74	0.78	0.8	0.86	0.92	0.8
7700	0.86	0.72	0.6	0.7	0.86	0.84	0.82	0.88	0.74	0.78	0.82	0.8	0.78	0.84	0.88	0.8
7750	0.84	0.72	0.66	0.68	0.86	0.82	0.84	0.88	0.78	0.8	0.82	0.72	0.8	0.9	0.88	0.78
7800	0.84	0.74	0.62	0.64	0.84	0.84	0.86	0.86	0.82	0.82	0.78	0.7	0.78	0.86	0.9	0.78
7850	0.82	0.72	0.64	0.66	0.8	0.82	0.86	0.8	0.86	0.82	0.78	0.7	0.8	0.88	0.92	0.76
7900	0.82	0.72	0.66	0.68	0.76	0.8	0.86	0.78	0.9	0.82	0.78	0.7	0.86	0.88	0.88	0.76
7950	0.84	0.76	0.68	0.66	0.78	0.8	0.86	0.78	0.9	0.82	0.78	0.68	0.86	0.88	0.9	0.78
8000	0.82	0.78	0.74	0.72	0.78	0.8	0.84	0.76	0.86	0.76	0.74	0.66	0.82	0.86	0.9	0.78
8050	0.78	0.8	0.76	0.76	0.82	0.8	0.84	0.78	0.88	0.78	0.7	0.64	0.8	0.84	0.88	0.76
8100	0.74	0.8	0.76	0.78	0.78	0.8	0.82	0.78	0.88	0.8	0.64	0.6	0.84	0.86	0.9	0.74
8150	0.74	0.78	0.8	0.8	0.74	0.84	0.84	0.8	0.84	0.78	0.62	0.6	0.82	0.86	0.88	0.76
8200	0.72	0.72	0.8	0.82	0.76	0.86	0.86	0.86	0.84	0.78	0.64	0.62	0.82	0.86	0.88	0.74
8250	0.7	0.74	0.8	0.84	0.8	0.86	0.86	0.88	0.78	0.8	0.62	0.68	0.82	0.86	0.92	0.78
8300	0.7	0.72	0.78	0.88	0.82	0.88	0.82	0.88	0.74	0.78	0.66	0.66	0.8	0.84	0.94	0.78
8350	0.72	0.72	0.82	0.9	0.88	0.88	0.8	0.9	0.74	0.76	0.68	0.68	0.78	0.84	0.92	0.78
8400	0.7	0.72	0.8	0.9	0.88	0.88	0.8	0.9	0.7	0.76	0.66	0.7	0.78	0.82	0.92	0.8
8450	0.78	0.72	0.82	0.9	0.86	0.92	0.78	0.92	0.74	0.78	0.66	0.66	0.82	0.86	0.9	0.76
8500	0.78	0.72	0.78	0.86	0.86	0.94	0.8	0.94	0.72	0.78	0.62	0.68	0.82	0.84	0.92	0.8
8550	0.8	0.72	0.76	0.8	0.84	0.96	0.8	0.9	0.74	0.74	0.66	0.66	0.84	0.86	0.92	0.8
8600	0.8	0.78	0.76	0.82	0.84	0.96	0.8	0.88	0.78	0.78	0.74	0.7	0.84	0.84	0.92	0.78
8650	0.8	0.76	0.76	0.8	0.8	0.94	0.86	0.88	0.84	0.8	0.76	0.64	0.86	0.84	0.88	0.74
8700	0.74	0.74	0.76	0.8	0.78	0.94	0.84	0.86	0.82	0.8	0.72	0.66	0.84	0.84	0.88	0.74
8750	0.74	0.72	0.74	0.8	0.78	0.92	0.86	0.9	0.86	0.82	0.68	0.64	0.82	0.86	0.9	0.76
8800	0.74	0.7	0.72	0.82	0.8	0.94	0.88	0.9	0.9	0.82	0.64	0.7	0.82	0.86	0.9	0.76
8850	0.72	0.72	0.72	0.76	0.82	0.86	0.88	0.92	0.86	0.84	0.7	0.72	0.8	0.86	0.9	0.76
8900	0.7	0.72	0.7	0.74	0.84	0.86	0.84	0.9	0.8	0.84	0.76	0.66	0.76	0.82	0.88	0.72
8950	0.7	0.72	0.7	0.76	0.84	0.84	0.82	0.9	0.82	0.88	0.78	0.66	0.76	0.84	0.84	0.66
9000	0.7	0.74	0.7	0.78	0.82	0.84	0.8	0.9	0.78	0.84	0.7	0.7	0.76	0.86	0.88	0.7
9050	0.74	0.78	0.68	0.78	0.86	0.78	0.8	0.88	0.78	0.84	0.74	0.7	0.78	0.88	0.88	0.74
9100	0.78	0.8	0.72	0.78	0.82	0.8	0.78	0.9	0.78	0.82	0.76	0.7	0.78	0.9	0.84	0.74
9150	0.76	0.76	0.76	0.76	0.8	0.74	0.78	0.88	0.8	0.82	0.74	0.7	0.8	0.88	0.86	0.7
9200	0.74	0.8	0.78	0.78	0.8	0.74	0.76	0.86	0.76	0.82	0.72	0.7	0.8	0.84	0.88	0.68
9250	0.72	0.8	0.76	0.76	0.78	0.7	0.76	0.86	0.74	0.84	0.72	0.74	0.82	0.86	0.84	0.66
9300	0.74	0.82	0.8	0.78	0.76	0.78	0.76	0.84	0.78	0.84	0.74	0.8	0.84	0.88	0.86	0.72
9350	0.7	0.78	0.84	0.8	0.78	0.78	0.78	0.82	0.78	0.78	0.68	0.76	0.84	0.88	0.86	0.76
9400	0.68	0.76	0.88	0.82	0.74	0.82	0.76	0.84	0.76	0.8	0.74	0.8	0.88	0.88	0.86	0.78
9450	0.68	0.74	0.86	0.82	0.72	0.86	0.74	0.86	0.78	0.82	0.72	0.78	0.86	0.84	0.84	0.72
9500	0.68	0.76	0.88	0.78	0.72	0.84	0.76	0.88	0.78	0.82	0.76	0.82	0.88	0.82	0.8	0.74
9550	0.7	0.78	0.86	0.78	0.74	0.88	0.78	0.9	0.78	0.78	0.68	0.78	0.88	0.78	0.78	0.74
9600	0.7	0.8	0.86	0.78	0.74	0.86	0.76	0.84	0.78	0.74	0.7	0.78	0.84	0.78	0.72	0.76
9650	0.78	0.8	0.82	0.8	0.74	0.9	0.76	0.8	0.78	0.72	0.7	0.78	0.82	0.8	0.72	0.8
9700	0.78	0.82	0.84	0.86	0.72	0.9	0.78	0.8	0.84	0.76	0.72	0.8	0.76	0.72	0.72	0.8
9750	0.82	0.84	0.82	0.84	0.7	0.9	0.78	0.8	0.86	0.78	0.72	0.84	0.78	0.74	0.72	0.8
9800	0.82	0.86	0.76	0.82	0.74	0.9	0.78	0.82	0.86	0.8	0.7	0.8	0.76	0.76	0.72	0.8
9850	0.78	0.88	0.72	0.8	0.76	0.9	0.82	0.82	0.86	0.82	0.7	0.8	0.72	0.84	0.76	0.8
9900	0.76	0.86	0.7	0.76	0.78	0.84	0.84	0.82	0.9	0.88	0.72	0.82	0.74	0.84	0.76	0.84
9950	0.76	0.86	0.72	0.82	0.8	0.86	0.84	0.82	0.88	0.86	0.74	0.8	0.76	0.86	0.82	0.84
10000	0.78	0.84	0.74	0.8	0.78	0.86	0.84	0.8	0.84	0.9	0.78	0.84	0.78	0.9	0.84	0.84
10050	0.78	0.8	0.72	0.78	0.74	0.86	0.84	0.8	0.82	0.88	0.82	0.78	0.78	0.92	0.84	0.82
10100	0.76	0.8	0.74	0.74	0.7	0.88	0.86	0.88	0.78	0.86	0.78	0.72	0.76	0.92	0.86	0.8
10150	0.72	0.76	0.7	0.72	0.68	0.86	0.84	0.88	0.76	0.82	0.82	0.74	0.74	0.9	0.82	0.76
10200	0.76	0.78	0.7	0.72	0.66	0.82	0.86	0.9	0.76	0.84	0.84	0.72	0.74	0.84	0.78	0.78
10250	0.78	0.78	0.76	0.68	0.66	0.82	0.82	0.9	0.76	0.82	0.82	0.74	0.72	0.8	0.8	0.74
10300	0.78	0.8	0.84	0.68	0.64	0.8	0.8	0.88	0.78	0.82	0.76	0.7	0.76	0.76	0.74	0.72
10350	0.8	0.84	0.84	0.68	0.64	0.8	0.8	0.86	0.72	0.74	0.8	0.72	0.78	0.76	0.76	0.72
10400	0.8	0.86	0.8	0.68	0.7	0.8	0.78	0.84	0.74	0.74	0.8	0.72	0.78	0.76	0.76	0.72
10450	0.82	0.92	0.82	0.66	0.78	0.76	0.78	0.84	0.72	0.74	0.8	0.76	0.74	0.72	0.78	0.8
10500	0.84	0.94	0.8	0.64	0.78	0.72	0.78	0.78	0.7	0.74	0.84	0.76	0.72	0.72	0.78	0.8
10550	0.88	0.88	0.78	0.64	0.9	0.72	0.82	0.8	0.72	0.72	0.84	0.8	0.72	0.7	0.84	0.8
10600	0.86	0.84	0.8	0.7	0.92	0.72	0.8	0.78	0.7	0.76	0.84	0.8	0.78	0.72	0.86	0.82
10650	0.86	0.76	0.74	0.7	0.88	0.76	0.82	0.8	0.7	0.78	0.84	0.78	0.78	0.76	0.84	0.78
10700	0.84	0.74	0.74	0.68	0.9	0.8	0.72	0.8	0.76	0.84	0.94	0.78	0.78	0.78	0.9	0.74
10750	0.82	0.7	0.74	0.72	0.88	0.8	0.7	0.8	0.76	0.88	0.96	0.76	0.74	0.76	0.88	0.72
10800	0.82	0.68	0.76	0.7	0.84	0.8	0.7	0.76	0.76	0.84	0.92	0.72	0.74	0.78	0.88	0.68
10850	0.8	0.62	0.8	0.78	0.84	0.76	0.68	0.74	0.76	0.82	0.86	0.6	0.76	0.78	0.8	0.64
10900	0.76	0.6	0.86	0.82	0.84	0.8	0.66	0.74	0.76	0.8	0.82	0.66	0.76	0.78	0.76	0.66
10950	0.76	0.68	0.84	0.82	0.82	0.78	0.62	0.72	0.78	0.82	0.82	0.66	0.74	0.76	0.7	0.64
11000	0.72	0.68	0.84	0.84	0.76	0.76	0.64	0.72	0.78	0.82	0.78	0.7	0.74	0.68	0.62	0.64
11050	0.7	0.74	0.86	0.86	0.74	0.72	0.68	0.76	0.76	0.78	0.74	0.68	0.72	0.7	0.54	0.66
11100	0.7	0.74	0.86	0.88	0.76	0.76	0.72	0.74	0.76	0.74	0.72	0.7	0.72	0.68	0.58	0.7
11150	0.72	0.72	0.82	0.86	0.76	0.74	0.8	0.74	0.76	0.72	0.74	0.72	0.74	0.7	0.62	0.7
11200	0.7	0.78	0.8	0.86	0.8	0.8	0.84	0.78	0.74	0.72	0.76	0.82	0.76	0.74	0.7	0.74
11250	0.68	0.74	0.78	0.86	0.78	0.8	0.86	0.8	0.78	0.74	0.78	0.86	0.78	0.76	0.76	0.76
11300	0.66	0.72	0.78	0.84	0.8	0.86	0.86	0.86	0.78	0.76	0.76	0.82	0.76	0.8	0.86	0.82
11350	0.7	0.76	0.78	0.82	0.78	0.9	0.86	0.86	0.8	0.84	0.8	0.84	0.78	0.84	0.9	0.78
11400	0.7	0.72	0.78	0.82	0.8	0.9	0.84	0.84	0.8	0.82	0.8	0.78	0.8	0.84	0.9	0.72
11450	0.74	0.72	0.78	0.86	0.76	0.92	0.8	0.84	0.72	0.8	0.8	0.74	0.8	0.86	0.9	0.68
11500	0.66	0.72	0.8	0.84	0.76	0.92	0.76	0.8	0.68	0.8	0.78	0.74	0.78	0.84	0.92	0.66
11550	0.7	0.74	0.84	0.86	0.74	0.92	0.76	0.82	0.64	0.8	0.76	0.74	0.72	0.8	0.86	0.64
11600	0.7	0.74	0.84	0.88	0.74	0.88	0.76	0.82	0.7	0.82	0.76	0.74	0.72	0.8	0.86	0.64
11650	0.7	0.74	0.86	0.9	0.76	0.88	0.72	0.8	0.66	0.82	0.78	0.76	0.72	0.8	0.86	0.66
11700	0.7	0.72	0.84	0.92	0.76	0.9	0.72	0.8	0.7	0.82	0.8	0.76	0.72	0.76	0.82	0.64
11750	0.7	0.74	0.84	0.9	0.74	0.88	0.68	0.78	0.74	0.8	0.8	0.74	0.74	0.78	0.78	0.6
11800	0.68	0.72	0.86	0.88	0.8	0.86	0.66	0.8	0.76	0.84	0.78	0.76	0.76	0.8	0.78	0.62
11850	0.68	0.64	0.84	0.9	0.78	0.86	0.7	0.84	0.78	0.84	0.78	0.76	0.82	0.88	0.76	0.68
11900	0.7	0.64	0.84	0.9	0.8	0.9	0.76	0.84	0.8	0.84	0.76	0.78	0.84	0.84	0.78	0.74
11950	0.72	0.68	0.84	0.92	0.76	0.94	0.78	0.86	0.82	0.84	0.76	0.78	0.82	0.82	0.78	0.74
12000	0.72	0.66	0.86	0.92	0.78	0.94	0.84	0.9	0.82	0.84	0.76	0.7	0.82	0.78	0.74	0.72
12050	0.74	0.7	0.88	0.92	0.8	0.88	0.84	0.9	0.82	0.86	0.76	0.7	0.84	0.82	0.74	0.76
12100	0.74	0.7	0.84	0.84	0.78	0.9	0.88	0.9	0.8	0.82	0.72	0.7	0.86	0.8	0.76	0.76
12150	0.78	0.68	0.88	0.84	0.68	0.88	0.86	0.88	0.8	0.84	0.74	0.7	0.82	0.78	0.78	0.76
12200	0.78	0.72	0.86	0.82	0.7	0.86	0.84	0.86	0.82	0.82	0.72	0.68	0.82	0.76	0.8	0.76
12250	0.72	0.74	0.86	0.8	0.68	0.84	0.86	0.82	0.86	0.78	0.66	0.64	0.84	0.74	0.72	0.76
12300	0.7	0.78	0.9	0.8	0.7	0.8	0.82	0.82	0.88	0.76	0.66	0.64	0.82	0.72	0.72	0.7
12350	0.7	0.8	0.86	0.8	0.7	0.8	0.82	0.82	0.86	0.78	0.62	0.66	0.82	0.78	0.78	0.74
12400	0.7	0.8	0.88	0.78	0.66	0.84	0.84	0.8	0.92	0.78	0.58	0.68	0.84	0.7	0.7	0.78
12450	0.68	0.74	0.8	0.78	0.7	0.86	0.86	0.84	0.9	0.78	0.56	0.68	0.82	0.7	0.72	0.78
12500	0.66	0.76	0.8	0.82	0.74	0.82	0.88	0.86	0.92	0.76	0.58	0.72	0.82	0.74	0.7	0.82
12550	0.66	0.74	0.82	0.84	0.8	0.82	0.92	0.88	0.94	0.8	0.56	0.76	0.86	0.72	0.7	0.82
12600	0.68	0.72	0.86	0.84	0.8	0.78	0.9	0.9	0.9	0.8	0.58	0.78	0.86	0.78	0.7	0.84
12650	0.72	0.76	0.86	0.86	0.82	0.82	0.94	0.96	0.9	0.82	0.64	0.84	0.84	0.78	0.74	0.84
12700	0.78	0.8	0.86	0.88	0.82	0.8	0.92	0.98	0.88	0.8	0.68	0.86	0.86	0.8	0.74	0.84
12750	0.76	0.8	0.84	0.86	0.8	0.76	0.92	0.98	0.86	0.82	0.68	0.82	0.86	0.8	0.68	0.82
12800	0.78	0.8	0.88	0.84	0.82	0.72	0.9	0.94	0.84	0.78	0.72	0.84	0.9	0.86	0.7	0.82
12850	0.8	0.88	0.92	0.84	0.86	0.72	0.9	0.94	0.84	0.76	0.7	0.84	0.9	0.86	0.76	0.82
12900	0.82	0.88	0.94	0.84	0.84	0.74	0.86	0.88	0.84	0.74	0.64	0.78	0.86	0.84	0.76	0.8
12950	0.82	0.9	0.94	0.8	0.8	0.76	0.82	0.88	0.82	0.74	0.68	0.78	0.84	0.86	0.76	0.76
13000	0.82	0.88	0.92	0.78	0.82	0.8	0.84	0.88	0.8	0.72	0.66	0.78	0.8	0.86	0.8	0.78
13050	0.82	0.84	0.9	0.8	0.78	0.82	0.8	0.86	0.78	0.68	0.68	0.74	0.82	0.84	0.8	0.74
13100	0.82	0.84	0.88	0.84	0.74	0.84	0.74	0.82	0.72	0.68	0.7	0.72	0.74	0.82	0.78	0.66
13150	0.78	0.84	0.9	0.88	0.8	0.9	0.78	0.86	0.76	0.68	0.62	0.74	0.72	0.8	0.78	0.72
13200	0.78	0.84	0.88	0.88	0.78	0.9	0.74	0.86	0.74	0.68	0.66	0.74	0.7	0.76	0.76	0.74
13250	0.8	0.84	0.88	0.88	0.78	0.9	0.78	0.86	0.66	0.72	0.74	0.72	0.74	0.74	0.74	0.74
13300	0.76	0.82	0.88	0.92	0.8	0.88	0.8	0.82	0.7	0.74	0.76	0.78	0.76	0.72	0.74	0.74
13350	0.76	0.8	0.92	0.94	0.82	0.84	0.78	0.82	0.72	0.72	0.72	0.82	0.8	0.72	0.7	0.74
13400	0.76	0.82	0.92	0.96	0.8	0.84	0.78	0.82	0.7	0.74	0.7	0.8	0.8	0.72	0.68	0.74
13450	0.76	0.82	0.9	0.94	0.8	0.84	0.84	0.82	0.7	0.7	0.64	0.8	0.8	0.72	0.66	0.78
13500	0.76	0.86	0.9	0.88	0.74	0.78	0.82	0.8	0.74	0.68	0.66	0.8	0.86	0.74	0.64	0.72
13550	0.74	0.88	0.88	0.84	0.76	0.76	0.8	0.72	0.72	0.6	0.62	0.82	0.82	0.76	0.64	0.74
13600	0.76	0.82	0.86	0.86	0.76	0.74	0.8	0.72	0.7	0.54	0.6	0.84	0.84	0.8	0.68	0.8
13650	0.72	0.76	0.82	0.84	0.74	0.72	0.8	0.7	0.72	0.52	0.6	0.8	0.82	0.8	0.72	0.76
13700	0.78	0.78	0.82	0.84	0.7	0.74	0.78	0.76	0.76	0.56	0.6	0.8	0.84	0.82	0.68	0.74
13750	0.76	0.78	0.74	0.8	0.74	0.78	0.8	0.78	0.76	0.58	0.62	0.78	0.84	0.84	0.66	0.74
13800	0.82	0.78	0.76	0.78	0.74	0.76	0.8	0.76	0.68	0.52	0.64	0.78	0.8	0.82	0.68	0.7
13850	0.78	0.82	0.74	0.78	0.82	0.76	0.78	0.78	0.72	0.56	0.66	0.8	0.82	0.82	0.68	0.74
13900	0.82	0.78	0.76	0.82	0.82	0.82	0.76	0.82	0.68	0.56	0.72	0.8	0.8	0.84	0.68	0.76
13950	0.82	0.8	0.78	0.82	0.8	0.82	0.78	0.86	0.64	0.6	0.72	0.8	0.78	0.78	0.7	0.74
14000	0.78	0.78	0.8	0.84	0.76	0.86	0.8	0.84	0.64	0.58	0.68	0.78	0.78	0.76	0.7	0.76
14050	0.78	0.8	0.78	0.84	0.78	0.88	0.84	0.84	0.68	0.6	0.7	0.78	0.76	0.76	0.68	0.78
14100	0.72	0.74	0.78	0.8	0.76	0.86	0.84	0.78	0.68	0.56	0.7	0.78	0.78	0.8	0.76	0.76
14150	0.7	0.72	0.82	0.82	0.78	0.86	0.82	0.8	0.66	0.58	0.66	0.76	0.78	0.8	0.78	0.8
14200	0.66	0.68	0.88	0.84	0.76	0.88	0.86	0.8	0.74	0.6	0.64	0.72	0.8	0.74	0.78	0.78
14250	0.68	0.66	0.88	0.86	0.76	0.9	0.82	0.84	0.74	0.64	0.7	0.66	0.84	0.8	0.82	0.72
14300	0.7	0.68	0.86	0.9	0.8	0.88	0.8	0.84	0.76	0.66	0.66	0.66	0.84	0.8	0.86	0.76
14350	0.66	0.68	0.82	0.88	0.84	0.88	0.76	0.8	0.74	0.66	0.68	0.66	0.82	0.8	0.86	0.72
14400	0.64	0.6	0.8	0.86	0.88	0.88	0.7	0.8	0.68	0.64	0.64	0.6	0.82	0.8	0.88	0.74
14450	0.66	0.62	0.8	0.84	0.88	0.88	0.68	0.8	0.68	0.66	0.68	0.6	0.8	0.76	0.88	0.74
14500	0.7	0.66	0.78	0.84	0.82	0.86	0.68	0.8	0.7	0.66	0.68	0.64	0.76	0.78	0.84	0.68
14550	0.74	0.66	0.74	0.82	0.84	0.88	0.64	0.78	0.7	0.66	0.66	0.62	0.76	0.76	0.82	0.7
14600	0.76	0.66	0.7	0.82	0.86	0.84	0.62	0.76	0.72	0.66	0.68	0.62	0.76	0.7	0.78	0.66
14650	0.74	0.62	0.74	0.84	0.86	0.82	0.68	0.8	0.72	0.74	0.68	0.64	0.74	0.72	0.78	0.68
14700	0.74	0.62	0.72	0.82	0.82	0.86	0.7	0.82	0.74	0.78	0.7	0.66	0.82	0.74	0.76	0.68
14750	0.78	0.7	0.76	0.82	0.82	0.82	0.7	0.84	0.78	0.82	0.7	0.68	0.82	0.74	0.72	0.7
14800	0.76	0.7	0.76	0.82	0.84	0.82	0.8	0.84	0.86	0.82	0.68	0.74	0.8	0.72	0.72	0.74
14850	0.78	0.7	0.74	0.78	0.84	0.78	0.76	0.84	0.86	0.8	0.68	0.76	0.82	0.8	0.74	0.74
14900	0.72	0.72	0.76	0.8	0.86	0.78	0.74	0.86	0.84	0.8	0.7	0.76	0.84	0.8	0.76	0.78
14950	0.74	0.78	0.8	0.82	0.8	0.76	0.8	0.86	0.82	0.82	0.66	0.78	0.84	0.86	0.72	0.78
15000	0.76	0.78	0.8	0.86	0.82	0.76	0.82	0.9	0.82	0.78	0.6	0.82	0.84	0.88	0.72	0.8
15050	0.76	0.78	0.86	0.86	0.82	0.74	0.82	0.88	0.82	0.7	0.58	0.78	0.86	0.88	0.72	0.8
15100	0.76	0.8	0.86	0.84	0.82	0.72	0.86	0.86	0.82	0.72	0.6	0.74	0.84	0.8	0.72	0.82
15150	0.76	0.8	0.9	0.82	0.82	0.72	0.86	0.84	0.82	0.68	0.58	0.72	0.82	0.78	0.74	0.8
15200	0.7	0.76	0.86	0.86	0.82	0.68	0.84	0.82	0.82	0.72	0.58	0.72	0.8	0.8	0.72	0.78
15250	0.76	0.78	0.88	0.84	0.82	0.68	0.84	0.76	0.8	0.7	0.62	0.7	0.84	0.8	0.74	0.8
15300	0.76	0.78	0.86	0.86	0.9	0.66	0.9	0.78	0.82	0.74	0.64	0.7	0.82	0.76	0.66	0.82
15350	0.74	0.8	0.8	0.88	0.88	0.64	0.88	0.8	0.82	0.76	0.66	0.7	0.8	0.74	0.6	0.82
15400	0.78	0.78	0.74	0.84	0.86	0.64	0.78	0.84	0.84	0.82	0.72	0.74	0.82	0.74	0.6	0.8
15450	0.78	0.82	0.72	0.82	0.86	0.64	0.78	0.82	0.8	0.8	0.7	0.68	0.78	0.76	0.66	0.74
15500	0.82	0.88	0.74	0.82	0.82	0.6	0.76	0.82	0.82	0.84	0.7	0.76	0.8	0.76	0.62	0.7
15550	0.84	0.86	0.72	0.82	0.76	0.6	0.74	0.86	0.76	0.84	0.74	0.78	0.8	0.78	0.62	0.64
15600	0.8	0.88	0.72	0.82	0.72	0.64	0.74	0.86	0.8	0.86	0.72	0.8	0.8	0.76	0.56	0.62
15650	0.82	0.88	0.74	0.8	0.66	0.64	0.7	0.84	0.78	0.84	0.74	0.78	0.84	0.76	0.54	0.6
15700	0.84	0.9	0.74	0.8	0.7	0.68	0.68	0.82	0.76	0.86	0.74	0.76	0.84	0.78	0.6	0.62
15750	0.84	0.92	0.76	0.8	0.62	0.7	0.72	0.78	0.84	0.86	0.76	0.76	0.82	0.76	0.58	0.58
15800	0.82	0.9	0.78	0.78	0.62	0.72	0.66	0.7	0.86	0.8	0.7	0.78	0.86	0.76	0.68	0.6
15850	0.74	0.84	0.78	0.8	0.62	0.72	0.66	0.66	0.88	0.76	0.72	0.76	0.88	0.78	0.66	0.58
15900	0.72	0.8	0.86	0.82	0.6	0.76	0.64	0.64	0.84	0.78	0.7	0.7	0.86	0.78	0.66	0.62
15950	0.68	0.76	0.92	0.84	0.6	0.8	0.64	0.64	0.86	0.8	0.68	0.72	0.88	0.76	0.68	0.66
16000	0.72	0.78	0.92	0.8	0.62	0.8	0.62	0.62	0.8	0.76	0.72	0.74	0.88	0.76	0.68	0.68
16050	0.7	0.74	0.88	0.8	0.68	0.78	0.68	0.7	0.8	0.78	0.72	0.74	0.82	0.76	0.7	0.72
16100	0.66	0.74	0.88	0.82	0.7	0.78	0.66	0.64	0.76	0.76	0.64	0.68	0.82	0.74	0.7	0.66
16150	0.66	0.72	0.86	0.82	0.72	0.8	0.68	0.64	0.76	0.7	0.6	0.64	0.84	0.74	0.7	0.66
16200	0.66	0.68	0.84	0.8	0.72	0.7	0.7	0.72	0.78	0.7	0.6	0.66	0.82	0.74	0.68	0.7
16250	0.7	0.72	0.82	0.76	0.7	0.72	0.74	0.72	0.8	0.72	0.6	0.66	0.84	0.74	0.66	0.7
16300	0.66	0.8	0.82	0.74	0.72	0.74	0.7	0.68	0.78	0.72	0.58	0.68	0.78	0.7	0.68	0.72
16350	0.64	0.8	0.82	0.74	0.78	0.72	0.72	0.68	0.78	0.7	0.58	0.7	0.78	0.72	0.72	0.74
16400	0.64	0.76	0.8	0.78	0.76	0.7	0.68	0.7	0.8	0.7	0.54	0.68	0.8	0.7	0.72	0.72
16450	0.68	0.78	0.76	0.72	0.74	0.7	0.7	0.66	0.82	0.68	0.5	0.64	0.8	0.74	0.72	0.7
16500	0.68	0.76	0.74	0.7	0.72	0.74	0.68	0.66	0.84	0.66	0.56	0.68	0.76	0.74	0.78	0.74
16550	0.68	0.76	0.72	0.72	0.74	0.84	0.68	0.68	0.8	0.64	0.56	0.7	0.78	0.74	0.82	0.76
16600	0.7	0.78	0.74	0.74	0.74	0.82	0.68	0.72	0.8	0.7	0.62	0.72	0.76	0.7	0.8	0.78
16650	0.72	0.78	0.74	0.72	0.74	0.8	0.74	0.66	0.86	0.68	0.58	0.74	0.76	0.74	0.76	0.8
16700	0.74	0.74	0.76	0.74	0.74	0.76	0.74	0.7	0.86	0.72	0.66	0.68	0.8	0.74	0.78	0.8
16750	0.7	0.7	0.76	0.68	0.72	0.72	0.8	0.7	0.88	0.74	0.7	0.72	0.82	0.78	0.7	0.8
16800	0.68	0.68	0.8	0.7	0.66	0.76	0.8	0.7	0.9	0.74	0.72	0.7	0.82	0.74	0.68	0.78
16850	0.66	0.7	0.82	0.78	0.64	0.76	0.82	0.72	0.88	0.74	0.7	0.68	0.82	0.68	0.64	0.72
16900	0.66	0.7	0.84	0.8	0.66	0.72	0.78	0.74	0.84	0.76	0.74	0.66	0.82	0.62	0.6	0.72
16950	0.68	0.74	0.84	0.82	0.68	0.72	0.74	0.74	0.84	0.82	0.76	0.7	0.84	0.64	0.66	0.66
17000	0.72	0.76	0.84	0.84	0.66	0.7	0.76	0.72	0.86	0.8	0.74	0.72	0.82	0.66	0.64	0.7
17050	0.68	0.72	0.8	0.8	0.7	0.68	0.74	0.72	0.82	0.78	0.76	0.74	0.84	0.68	0.68	0.72
17100	0.7	0.76	0.82	0.82	0.72	0.64	0.7	0.7	0.78	0.74	0.74	0.7	0.84	0.68	0.68	0.7
17150	0.62	0.78	0.82	0.82	0.72	0.7	0.66	0.72	0.72	0.76	0.68	0.7	0.82	0.64	0.7	0.7
17200	0.68	0.78	0.82	0.8	0.74	0.62	0.72	0.72	0.76	0.78	0.7	0.66	0.82	0.64	0.68	0.7
17250	0.68	0.8	0.84	0.86	0.78	0.66	0.7	0.72	0.78	0.8	0.66	0.72	0.8	0.68	0.72	0.68
17300	0.68	0.8	0.84	0.84	0.78	0.62	0.7	0.72	0.78	0.82	0.66	0.72	0.8	0.72	0.7	0.72
17350	0.66	0.78	0.84	0.82	0.74	0.62	0.68	0.7	0.76	0.78	0.64	0.66	0.8	0.74	0.68	0.66
17400	0.64	0.76	0.8	0.78	0.72	0.64	0.64	0.66	0.78	0.76	0.58	0.68	0.82	0.68	0.64	0.58
17450	0.64	0.76	0.78	0.78	0.72	0.7	0.68	0.7	0.78	0.78	0.62	0.7	0.82	0.7	0.66	0.6
17500	0.68	0.8	0.76	0.82	0.76	0.76	0.64	0.72	0.76	0.78	0.62	0.72	0.8	0.76	0.72	0.6
17550	0.68	0.82	0.72	0.82	0.74	0.76	0.66	0.74	0.78	0.78	0.62	0.78	0.78	0.76	0.7	0.74
17600	0.68	0.82	0.72	0.8	0.74	0.76	0.68	0.66	0.76	0.74	0.62	0.84	0.78	0.76	0.7	0.76
17650	0.7	0.84	0.74	0.82	0.76	0.82	0.68	0.66	0.76	0.7	0.62	0.8	0.76	0.7	0.72	0.78
17700	0.7	0.86	0.74	0.76	0.72	0.84	0.64	0.66	0.76	0.62	0.58	0.82	0.8	0.76	0.74	0.76
17750	0.72	0.9	0.74	0.78	0.76	0.88	0.66	0.7	0.76	0.6	0.6	0.8	0.8	0.78	0.8	0.78
17800	0.7	0.9	0.8	0.8	0.8	0.86	0.72	0.78	0.72	0.64	0.62	0.78	0.78	0.76	0.72	0.84
17850	0.64	0.9	0.8	0.8	0.8	0.88	0.8	0.78	0.7	0.68	0.6	0.78	0.76	0.68	0.74	0.84
17900	0.58	0.9	0.82	0.78	0.74	0.88	0.82	0.78	0.7	0.68	0.58	0.74	0.78	0.68	0.8	0.82
17950	0.58	0.92	0.84	0.78	0.74	0.82	0.82	0.86	0.72	0.7	0.62	0.76	0.76	0.72	0.74	0.8
18000	0.62	0.9	0.84	0.8	0.7	0.8	0.82	0.86	0.74	0.74	0.62	0.74	0.78	0.76	0.72	0.78
18050	0.6	0.86	0.8	0.76	0.7	0.8	0.8	0.82	0.76	0.72	0.6	0.72	0.8	0.76	0.7	0.78
18100	0.5	0.84	0.8	0.74	0.66	0.82	0.74	0.82	0.68	0.8	0.58	0.72	0.8	0.72	0.72	0.76
18150	0.54	0.84	0.8	0.72	0.68	0.82	0.7	0.82	0.7	0.78	0.58	0.7	0.8	0.72	0.72	0.74
18200	0.58	0.76	0.76	0.68	0.64	0.8	0.7	0.82	0.76	0.76	0.6	0.72	0.8	0.7	0.68	0.78
18250	0.58	0.78	0.74	0.66	0.66	0.82	0.72	0.84	0.78	0.74	0.6	0.68	0.86	0.7	0.68	0.76
18300	0.58	0.76	0.76	0.68	0.66	0.82	0.68	0.82	0.78	0.68	0.58	0.68	0.86	0.68	0.7	0.74
18350	0.56	0.72	0.74	0.68	0.64	0.78	0.68	0.8	0.76	0.68	0.6	0.7	0.86	0.64	0.66	0.74
18400	0.64	0.7	0.68	0.68	0.68	0.78	0.64	0.8	0.74	0.72	0.62	0.64	0.84	0.6	0.66	0.7
18450	0.6	0.68	0.68	0.72	0.72	0.84	0.68	0.76	0.74	0.66	0.62	0.64	0.8	0.58	0.64	0.7
18500	0.66	0.7	0.7	0.76	0.7	0.84	0.72	0.74	0.74	0.64	0.64	0.64	0.78	0.58	0.72	0.72
18550	0.68	0.72	0.7	0.78	0.74	0.84	0.74	0.74	0.74	0.68	0.64	0.64	0.76	0.54	0.66	0.74
18600	0.7	0.72	0.74	0.82	0.76	0.8	0.74	0.74	0.72	0.72	0.68	0.64	0.74	0.6	0.66	0.74
18650	0.72	0.72	0.8	0.86	0.74	0.84	0.74	0.74	0.7	0.74	0.74	0.7	0.72	0.6	0.66	0.74
18700	0.76	0.76	0.8	0.84	0.76	0.82	0.74	0.74	0.7	0.78	0.7	0.7	0.72	0.62	0.74	0.76
18750	0.78	0.8	0.82	0.78	0.72	0.8	0.78	0.8	0.74	0.78	0.68	0.7	0.7	0.64	0.66	0.74
18800	0.8	0.84	0.8	0.78	0.74	0.8	0.78	0.84	0.78	0.78	0.72	0.76	0.72	0.62	0.64	0.76
18850	0.78	0.8	0.84	0.76	0.74	0.74	0.82	0.9	0.76	0.78	0.68	0.78	0.72	0.62	0.64	0.82
18900	0.76	0.8	0.8	0.72	0.8	0.72	0.76	0.9	0.74	0.8	0.68	0.8	0.76	0.66	0.68	0.84
18950	0.76	0.82	0.82	0.72	0.82	0.78	0.8	0.94	0.74	0.78	0.64	0.82	0.82	0.68	0.74	0.84
19000	0.78	0.86	0.86	0.72	0.82	0.76	0.78	0.92	0.74	0.76	0.6	0.82	0.82	0.7	0.72	0.84
19050	0.72	0.8	0.84	0.72	0.82	0.74	0.82	0.9	0.74	0.66	0.58	0.78	0.86	0.74	0.7	0.84
19100	0.7	0.76	0.84	0.7	0.84	0.74	0.8	0.84	0.76	0.66	0.6	0.78	0.84	0.74	0.76	0.86
19150	0.72	0.78	0.82	0.68	0.86	0.72	0.76	0.78	0.76	0.66	0.58	0.78	0.88	0.76	0.78	0.86
19200	0.7	0.78	0.86	0.66	0.84	0.76	0.74	0.78	0.72	0.66	0.6	0.78	0.88	0.8	0.78	0.84
19250	0.64	0.76	0.88	0.72	0.82	0.76	0.8	0.76	0.74	0.68	0.6	0.8	0.88	0.78	0.82	0.86
19300	0.64	0.74	0.86	0.7	0.72	0.7	0.78	0.76	0.74	0.7	0.62	0.76	0.86	0.76	0.8	0.82
19350	0.64	0.76	0.86	0.68	0.74	0.64	0.8	0.72	0.78	0.7	0.6	0.74	0.86	0.78	0.8	0.84
19400	0.66	0.78	0.82	0.6	0.72	0.64	0.82	0.74	0.82	0.74	0.6	0.72	0.86	0.82	0.84	0.86
19450	0.6	0.7	0.76	0.58	0.68	0.66	0.8	0.7	0.84	0.78	0.6	0.74	0.84	0.78	0.78	0.84
19500	0.64	0.7	0.76	0.62	0.66	0.68	0.82	0.72	0.84	0.82	0.62	0.74	0.78	0.74	0.76	0.82
19550	0.66	0.7	0.74	0.64	0.68	0.7	0.84	0.76	0.82	0.78	0.64	0.74	0.74	0.72	0.76	0.82
19600	0.7	0.7	0.7	0.62	0.7	0.7	0.82	0.76	0.84	0.8	0.66	0.74	0.7	0.68	0.76	0.84
19650	0.7	0.66	0.7	0.64	0.74	0.72	0.86	0.76	0.82	0.8	0.66	0.7	0.7	0.68	0.7	0.84
19700	0.72	0.66	0.72	0.66	0.74	0.68	0.86	0.76	0.84	0.8	0.64	0.7	0.66	0.66	0.64	0.84
19750	0.64	0.64	0.72	0.64	0.7	0.74	0.86	0.8	0.8	0.8	0.64	0.74	0.74	0.7	0.62	0.84
19800	0.68	0.72	0.78	0.68	0.68	0.76	0.9	0.82	0.8	0.78	0.62	0.74	0.72	0.72	0.64	0.82
19850	0.68	0.74	0.8	0.74	0.7	0.76	0.92	0.82	0.84	0.78	0.66	0.76	0.7	0.66	0.66	0.8
19900	0.66	0.72	0.82	0.8	0.74	0.74	0.88	0.88	0.8	0.76	0.7	0.76	0.7	0.68	0.66	0.8
19950	0.72	0.76	0.84	0.8	0.76	0.72	0.86	0.86	0.82	0.78	0.68	0.76	0.76	0.68	0.68	0.74
20000	0.78	0.8	0.8	0.76	0.74	0.74	0.82	0.82	0.8	0.76	0.74	0.76	0.76	0.72	0.74	0.74
