0	0.0	0.0	0.0	0.0	0.0	0.0	0.0	0.0	0.0	0.0	0.0	0.0	0.0	0.0	0.0	0.0
50	0.0	0.0	0.0	0.0	0.0	0.0	0.0	0.0	0.0	0.0	0.0	0.0	0.0	0.0	0.0	0.0
100	0.0	0.0666666666667	0.0769230769231	0.0	0.0	0.0	0.0	0.0	0.0	0.0	0.0	0.0	0.0	0.0	0.0	0.0
150	0.0454545454545	0.0909090909091	0.105263157895	0.0	0.0	0.0	0.0	0.0	0.0	0.0	0.0	0.0	0.0	0.0	0.0	0.0357142857143
200	0.0833333333333	0.12	0.0952380952381	0.0952380952381	0.0555555555556	0.0357142857143	0.0454545454545	0.0416666666667	0.0416666666667	0.0434782608696	0.130434782609	0.0454545454545	0.030303030303	0.0	0.0606060606061	0.0625
250	0.103448275862	0.111111111111	0.0833333333333	0.0769230769231	0.0416666666667	0.0285714285714	0.037037037037	0.0322580645161	0.151515151515	0.107142857143	0.233333333333	0.09375	0.025641025641	0.0	0.05	0.0789473684211
300	0.111111111111	0.09375	0.0967741935484	0.0625	0.0689655172414	0.0243902439024	0.03125	0.0555555555556	0.190476190476	0.131578947368	0.210526315789	0.0975609756098	0.0227272727273	0.0238095238095	0.0444444444444	0.0731707317073
350	0.146341463415	0.102564102564	0.102564102564	0.121951219512	0.0882352941176	0.0217391304348	0.0588235294118	0.146341463415	0.24	0.155555555556	0.239130434783	0.130434782609	0.08	0.0208333333333	0.04	0.130434782609
400	0.133333333333	0.148936170213	0.136363636364	0.170212765957	0.0789473684211	0.04	0.0731707317073	0.16	0.28	0.22	0.3	0.12	0.1	0.08	0.1	0.14
450	0.18	0.18	0.16	0.18	0.063829787234	0.04	0.0888888888889	0.24	0.36	0.22	0.32	0.12	0.1	0.1	0.1	0.16
500	0.24	0.24	0.18	0.22	0.0612244897959	0.04	0.0816326530612	0.24	0.38	0.24	0.36	0.16	0.16	0.12	0.1	0.22
550	0.24	0.28	0.22	0.26	0.08	0.08	0.1	0.22	0.36	0.24	0.26	0.14	0.14	0.12	0.1	0.24
600	0.28	0.28	0.24	0.3	0.12	0.08	0.14	0.26	0.38	0.24	0.28	0.12	0.14	0.16	0.14	0.26
650	0.28	0.28	0.28	0.3	0.16	0.08	0.18	0.22	0.32	0.22	0.3	0.1	0.14	0.2	0.16	0.32
700	0.32	0.3	0.28	0.3	0.16	0.1	0.18	0.22	0.36	0.22	0.26	0.14	0.14	0.22	0.18	0.3
750	0.32	0.32	0.3	0.4	0.18	0.12	0.2	0.2	0.34	0.2	0.26	0.14	0.16	0.24	0.22	0.34
800	0.34	0.38	0.34	0.42	0.18	0.14	0.22	0.24	0.36	0.22	0.3	0.16	0.16	0.24	0.2	0.3
850	0.36	0.34	0.36	0.4	0.18	0.16	0.26	0.2	0.38	0.24	0.32	0.18	0.2	0.28	0.24	0.36
900	0.36	0.3	0.32	0.38	0.18	0.16	0.26	0.22	0.38	0.28	0.34	0.16	0.16	0.28	0.24	0.38
950	0.38	0.3	0.32	0.4	0.24	0.16	0.22	0.26	0.44	0.3	0.36	0.22	0.22	0.3	0.22	0.34
1000	0.34	0.34	0.36	0.42	0.32	0.18	0.22	0.26	0.4	0.32	0.34	0.24	0.34	0.3	0.22	0.36
1050	0.34	0.28	0.34	0.4	0.3	0.26	0.2	0.28	0.42	0.36	0.32	0.28	0.34	0.3	0.24	0.34
1100	0.34	0.3	0.38	0.44	0.34	0.3	0.22	0.26	0.38	0.38	0.34	0.28	0.3	0.3	0.3	0.38
1150	0.36	0.32	0.42	0.48	0.34	0.36	0.22	0.3	0.38	0.4	0.32	0.24	0.3	0.36	0.36	0.34
1200	0.38	0.38	0.46	0.48	0.36	0.36	0.24	0.26	0.36	0.38	0.36	0.26	0.3	0.34	0.38	0.3
1250	0.32	0.38	0.48	0.48	0.42	0.44	0.26	0.28	0.3	0.36	0.34	0.24	0.34	0.32	0.44	0.28
1300	0.3	0.42	0.54	0.5	0.44	0.44	0.26	0.3	0.26	0.34	0.34	0.26	0.34	0.28	0.44	0.24
1350	0.3	0.46	0.58	0.5	0.46	0.44	0.28	0.32	0.32	0.38	0.38	0.28	0.32	0.28	0.38	0.24
1400	0.34	0.44	0.54	0.5	0.5	0.42	0.32	0.32	0.28	0.4	0.38	0.26	0.28	0.3	0.38	0.24
1450	0.36	0.46	0.5	0.48	0.48	0.44	0.34	0.32	0.34	0.36	0.36	0.26	0.24	0.3	0.36	0.24
1500	0.4	0.48	0.54	0.5	0.52	0.4	0.32	0.36	0.38	0.4	0.4	0.26	0.24	0.36	0.26	0.24
1550	0.44	0.5	0.46	0.42	0.56	0.44	0.42	0.38	0.42	0.42	0.42	0.24	0.22	0.4	0.22	0.3
1600	0.42	0.44	0.42	0.42	0.5	0.38	0.42	0.4	0.42	0.46	0.44	0.24	0.22	0.42	0.16	0.28
1650	0.46	0.46	0.36	0.4	0.5	0.4	0.36	0.4	0.46	0.46	0.46	0.22	0.16	0.44	0.2	0.24
1700	0.46	0.44	0.36	0.46	0.5	0.42	0.36	0.46	0.6	0.5	0.52	0.24	0.2	0.46	0.28	0.26
1750	0.42	0.46	0.36	0.44	0.54	0.38	0.34	0.44	0.6	0.48	0.54	0.22	0.2	0.5	0.28	0.3
1800	0.4	0.44	0.32	0.46	0.46	0.36	0.32	0.42	0.54	0.46	0.52	0.24	0.22	0.48	0.34	0.24
1850	0.38	0.5	0.34	0.48	0.44	0.4	0.32	0.48	0.44	0.4	0.56	0.24	0.22	0.52	0.36	0.22
1900	0.38	0.5	0.34	0.44	0.42	0.42	0.32	0.46	0.42	0.44	0.56	0.24	0.22	0.52	0.42	0.2
1950	0.36	0.52	0.34	0.42	0.42	0.44	0.36	0.46	0.36	0.44	0.54	0.22	0.24	0.48	0.44	0.2
2000	0.36	0.46	0.32	0.46	0.42	0.48	0.4	0.5	0.34	0.38	0.48	0.24	0.28	0.42	0.42	0.26
2050	0.38	0.44	0.34	0.48	0.44	0.52	0.36	0.48	0.34	0.36	0.54	0.26	0.3	0.48	0.48	0.3
2100	0.38	0.48	0.36	0.5	0.42	0.52	0.42	0.48	0.28	0.38	0.46	0.26	0.28	0.46	0.48	0.26
2150	0.4	0.4	0.34	0.48	0.32	0.54	0.42	0.46	0.28	0.44	0.5	0.3	0.3	0.48	0.48	0.3
2200	0.36	0.4	0.34	0.5	0.4	0.52	0.44	0.44	0.32	0.46	0.54	0.32	0.36	0.44	0.5	0.34
2250	0.42	0.38	0.3	0.44	0.4	0.54	0.42	0.46	0.36	0.5	0.56	0.36	0.38	0.42	0.5	0.36
2300	0.44	0.44	0.3	0.44	0.4	0.46	0.42	0.44	0.42	0.52	0.58	0.38	0.46	0.4	0.5	0.36
2350	0.46	0.46	0.32	0.5	0.4	0.46	0.42	0.4	0.44	0.58	0.6	0.4	0.48	0.4	0.48	0.4
2400	0.46	0.48	0.36	0.46	0.38	0.4	0.38	0.4	0.44	0.54	0.6	0.42	0.52	0.44	0.5	0.4
2450	0.4	0.44	0.36	0.44	0.34	0.4	0.38	0.34	0.46	0.58	0.58	0.46	0.54	0.42	0.46	0.42
2500	0.4	0.5	0.32	0.48	0.36	0.38	0.38	0.32	0.42	0.56	0.58	0.48	0.52	0.34	0.44	0.42
2550	0.36	0.5	0.34	0.5	0.44	0.4	0.44	0.32	0.42	0.46	0.58	0.44	0.48	0.32	0.38	0.36
2600	0.38	0.54	0.38	0.48	0.46	0.34	0.42	0.34	0.46	0.46	0.44	0.5	0.48	0.3	0.34	0.4
2650	0.38	0.5	0.44	0.48	0.4	0.34	0.42	0.4	0.44	0.42	0.46	0.44	0.46	0.3	0.34	0.44
2700	0.36	0.48	0.44	0.48	0.42	0.26	0.42	0.42	0.42	0.42	0.42	0.5	0.5	0.3	0.32	0.46
2750	0.36	0.46	0.42	0.42	0.42	0.28	0.4	0.42	0.36	0.44	0.42	0.52	0.5	0.32	0.28	0.46
2800	0.38	0.44	0.4	0.42	0.44	0.28	0.42	0.44	0.36	0.42	0.42	0.5	0.48	0.26	0.22	0.44
2850	0.42	0.46	0.46	0.42	0.4	0.26	0.5	0.46	0.38	0.44	0.4	0.54	0.5	0.3	0.2	0.46
2900	0.42	0.42	0.44	0.38	0.36	0.26	0.48	0.48	0.42	0.5	0.46	0.56	0.52	0.34	0.2	0.5
2950	0.46	0.4	0.42	0.34	0.42	0.26	0.46	0.5	0.48	0.48	0.52	0.52	0.5	0.36	0.2	0.56
3000	0.56	0.4	0.4	0.32	0.44	0.34	0.48	0.52	0.48	0.42	0.48	0.54	0.6	0.4	0.26	0.58
3050	0.54	0.38	0.4	0.34	0.48	0.38	0.44	0.46	0.44	0.4	0.48	0.54	0.62	0.4	0.28	0.58
3100	0.56	0.38	0.44	0.38	0.48	0.42	0.44	0.46	0.5	0.36	0.5	0.46	0.6	0.42	0.32	0.58
3150	0.58	0.4	0.42	0.38	0.46	0.42	0.48	0.46	0.52	0.32	0.44	0.4	0.54	0.44	0.34	0.62
3200	0.62	0.38	0.44	0.42	0.54	0.42	0.44	0.5	0.54	0.3	0.42	0.4	0.52	0.44	0.34	0.58
3250	0.66	0.38	0.4	0.38	0.52	0.48	0.42	0.44	0.54	0.36	0.4	0.4	0.46	0.44	0.36	0.62
3300	0.62	0.38	0.36	0.44	0.54	0.5	0.44	0.42	0.5	0.32	0.38	0.4	0.44	0.46	0.38	0.62
3350	0.56	0.4	0.38	0.46	0.56	0.52	0.46	0.42	0.48	0.36	0.34	0.4	0.48	0.44	0.42	0.6
3400	0.56	0.42	0.4	0.42	0.52	0.56	0.5	0.4	0.44	0.4	0.36	0.38	0.44	0.5	0.48	0.58
3450	0.6	0.38	0.36	0.44	0.54	0.58	0.5	0.38	0.42	0.48	0.36	0.46	0.36	0.48	0.42	0.58
3500	0.6	0.46	0.36	0.5	0.52	0.56	0.54	0.4	0.4	0.48	0.4	0.5	0.38	0.5	0.42	0.52
3550	0.5	0.46	0.4	0.58	0.58	0.54	0.56	0.36	0.38	0.52	0.48	0.5	0.36	0.4	0.38	0.56
3600	0.54	0.44	0.34	0.54	0.52	0.6	0.58	0.34	0.4	0.52	0.5	0.48	0.36	0.46	0.36	0.6
3650	0.54	0.46	0.34	0.62	0.54	0.62	0.56	0.34	0.46	0.48	0.54	0.48	0.38	0.44	0.4	0.6
3700	0.54	0.46	0.36	0.62	0.52	0.6	0.56	0.34	0.44	0.5	0.56	0.48	0.4	0.4	0.46	0.56
3750	0.56	0.5	0.4	0.62	0.5	0.52	0.58	0.36	0.46	0.48	0.6	0.44	0.36	0.42	0.42	0.56
3800	0.56	0.48	0.46	0.58	0.48	0.5	0.58	0.38	0.46	0.5	0.6	0.48	0.36	0.4	0.42	0.6
3850	0.54	0.44	0.44	0.52	0.42	0.44	0.5	0.34	0.44	0.52	0.62	0.5	0.38	0.4	0.4	0.58
3900	0.54	0.42	0.44	0.54	0.48	0.48	0.5	0.36	0.38	0.52	0.58	0.48	0.38	0.36	0.36	0.56
3950	0.52	0.38	0.4	0.48	0.48	0.44	0.48	0.38	0.44	0.48	0.6	0.46	0.38	0.4	0.4	0.52
4000	0.52	0.4	0.44	0.46	0.5	0.48	0.44	0.38	0.46	0.5	0.6	0.46	0.4	0.42	0.42	0.48
4050	0.48	0.34	0.38	0.46	0.5	0.46	0.44	0.38	0.42	0.48	0.56	0.42	0.4	0.44	0.42	0.44
4100	0.48	0.38	0.38	0.46	0.52	0.46	0.46	0.38	0.4	0.48	0.5	0.44	0.48	0.46	0.44	0.54
4150	0.48	0.38	0.36	0.46	0.5	0.46	0.44	0.42	0.42	0.54	0.54	0.52	0.5	0.44	0.44	0.54
4200	0.48	0.4	0.32	0.5	0.52	0.5	0.46	0.46	0.5	0.48	0.5	0.5	0.5	0.46	0.42	0.52
4250	0.56	0.4	0.36	0.48	0.56	0.54	0.4	0.4	0.48	0.48	0.46	0.48	0.5	0.44	0.42	0.58
4300	0.56	0.34	0.34	0.46	0.56	0.52	0.42	0.44	0.54	0.48	0.48	0.52	0.5	0.48	0.44	0.62
4350	0.58	0.38	0.34	0.46	0.5	0.46	0.4	0.46	0.48	0.48	0.46	0.58	0.52	0.48	0.46	0.62
4400	0.6	0.38	0.38	0.44	0.5	0.38	0.38	0.42	0.5	0.5	0.5	0.58	0.54	0.48	0.46	0.62
4450	0.62	0.4	0.4	0.42	0.48	0.34	0.38	0.4	0.48	0.5	0.5	0.58	0.58	0.48	0.46	0.66
4500	0.6	0.32	0.4	0.44	0.46	0.3	0.44	0.44	0.44	0.5	0.48	0.6	0.52	0.5	0.42	0.68
4550	0.56	0.36	0.38	0.48	0.54	0.3	0.44	0.38	0.46	0.52	0.52	0.62	0.5	0.52	0.42	0.66
4600	0.52	0.34	0.4	0.54	0.52	0.34	0.38	0.38	0.48	0.5	0.48	0.6	0.48	0.5	0.48	0.64
4650	0.56	0.4	0.44	0.58	0.5	0.36	0.36	0.32	0.48	0.5	0.5	0.6	0.48	0.5	0.5	0.66
4700	0.48	0.36	0.42	0.54	0.5	0.38	0.36	0.28	0.48	0.5	0.54	0.6	0.5	0.48	0.52	0.62
4750	0.46	0.36	0.4	0.54	0.52	0.42	0.34	0.26	0.48	0.5	0.56	0.58	0.46	0.44	0.44	0.56
4800	0.44	0.38	0.42	0.52	0.5	0.46	0.42	0.32	0.5	0.5	0.6	0.56	0.4	0.44	0.46	0.54
4850	0.48	0.38	0.42	0.52	0.54	0.48	0.4	0.3	0.48	0.48	0.6	0.56	0.44	0.5	0.5	0.56
4900	0.46	0.38	0.44	0.48	0.56	0.44	0.48	0.38	0.46	0.5	0.54	0.52	0.46	0.46	0.46	0.56
4950	0.52	0.36	0.46	0.46	0.54	0.42	0.48	0.44	0.44	0.42	0.52	0.48	0.46	0.48	0.46	0.6
5000	0.5	0.36	0.48	0.5	0.62	0.44	0.48	0.5	0.44	0.44	0.54	0.5	0.48	0.5	0.42	0.58
5050	0.46	0.32	0.52	0.54	0.64	0.48	0.52	0.5	0.44	0.46	0.52	0.5	0.5	0.52	0.36	0.5
5100	0.5	0.38	0.52	0.5	0.64	0.46	0.54	0.5	0.44	0.5	0.54	0.52	0.48	0.52	0.38	0.5
5150	0.48	0.34	0.56	0.5	0.72	0.56	0.58	0.56	0.42	0.46	0.52	0.52	0.46	0.48	0.4	0.54
5200	0.44	0.36	0.58	0.52	0.74	0.58	0.52	0.56	0.42	0.44	0.54	0.46	0.48	0.5	0.38	0.5
5250	0.44	0.38	0.56	0.54	0.72	0.54	0.48	0.54	0.46	0.48	0.52	0.52	0.46	0.5	0.4	0.44
5300	0.46	0.4	0.54	0.56	0.68	0.56	0.42	0.5	0.48	0.46	0.54	0.46	0.48	0.48	0.38	0.4
5350	0.52	0.36	0.54	0.46	0.6	0.56	0.42	0.44	0.48	0.44	0.6	0.44	0.46	0.5	0.42	0.44
5400	0.56	0.42	0.52	0.4	0.54	0.54	0.42	0.42	0.48	0.5	0.54	0.44	0.4	0.5	0.46	0.46
5450	0.54	0.44	0.52	0.42	0.58	0.48	0.42	0.46	0.5	0.54	0.58	0.44	0.34	0.52	0.48	0.48
5500	0.62	0.44	0.5	0.4	0.54	0.46	0.4	0.42	0.52	0.52	0.56	0.42	0.3	0.58	0.5	0.48
5550	0.64	0.44	0.52	0.42	0.5	0.48	0.4	0.38	0.5	0.52	0.58	0.46	0.38	0.56	0.52	0.54
5600	0.66	0.48	0.5	0.42	0.52	0.5	0.4	0.42	0.54	0.58	0.6	0.48	0.38	0.52	0.5	0.54
5650	0.64	0.46	0.54	0.42	0.62	0.48	0.42	0.44	0.54	0.58	0.62	0.52	0.36	0.46	0.48	0.52
5700	0.64	0.46	0.6	0.42	0.68	0.52	0.4	0.44	0.56	0.62	0.62	0.56	0.42	0.54	0.58	0.54
5750	0.58	0.5	0.64	0.52	0.68	0.5	0.42	0.46	0.58	0.6	0.72	0.64	0.48	0.56	0.52	0.5
5800	0.6	0.52	0.66	0.52	0.64	0.54	0.48	0.46	0.58	0.66	0.72	0.68	0.52	0.54	0.52	0.5
5850	0.6	0.5	0.66	0.58	0.66	0.56	0.46	0.42	0.54	0.56	0.68	0.7	0.56	0.54	0.56	0.54
5900	0.56	0.48	0.64	0.62	0.66	0.6	0.42	0.46	0.64	0.58	0.66	0.66	0.6	0.58	0.62	0.52
5950	0.56	0.52	0.64	0.58	0.68	0.6	0.44	0.48	0.64	0.62	0.62	0.66	0.6	0.56	0.62	0.48
6000	0.54	0.54	0.64	0.56	0.68	0.56	0.42	0.44	0.56	0.6	0.64	0.66	0.62	0.56	0.6	0.48
6050	0.56	0.52	0.58	0.58	0.66	0.54	0.44	0.44	0.6	0.58	0.64	0.68	0.68	0.62	0.6	0.48
6100	0.52	0.54	0.54	0.58	0.64	0.52	0.42	0.48	0.6	0.56	0.62	0.66	0.66	0.56	0.62	0.48
6150	0.46	0.54	0.56	0.62	0.64	0.5	0.4	0.46	0.54	0.56	0.6	0.6	0.62	0.54	0.64	0.52
6200	0.5	0.5	0.58	0.58	0.66	0.5	0.48	0.52	0.52	0.54	0.54	0.54	0.6	0.56	0.6	0.54
6250	0.54	0.54	0.62	0.52	0.7	0.52	0.52	0.54	0.48	0.54	0.6	0.58	0.56	0.58	0.6	0.54
6300	0.52	0.54	0.62	0.54	0.66	0.5	0.5	0.54	0.46	0.54	0.6	0.64	0.54	0.58	0.58	0.52
6350	0.5	0.54	0.62	0.6	0.62	0.5	0.52	0.56	0.5	0.56	0.6	0.6	0.56	0.54	0.56	0.56
6400	0.48	0.48	0.62	0.6	0.58	0.46	0.52	0.56	0.5	0.58	0.56	0.56	0.56	0.52	0.6	0.6
6450	0.46	0.48	0.6	0.58	0.56	0.42	0.56	0.58	0.46	0.56	0.54	0.54	0.54	0.56	0.54	0.62
6500	0.5	0.42	0.62	0.52	0.56	0.5	0.6	0.58	0.56	0.54	0.58	0.52	0.48	0.58	0.52	0.62
6550	0.48	0.42	0.62	0.5	0.52	0.46	0.52	0.56	0.52	0.5	0.56	0.58	0.46	0.54	0.48	0.62
6600	0.46	0.42	0.6	0.46	0.48	0.46	0.48	0.54	0.46	0.5	0.46	0.54	0.46	0.52	0.48	0.6
6650	0.46	0.4	0.56	0.46	0.48	0.46	0.54	0.52	0.44	0.48	0.4	0.46	0.52	0.52	0.48	0.62
6700	0.44	0.32	0.48	0.46	0.48	0.48	0.52	0.56	0.46	0.48	0.42	0.44	0.54	0.48	0.44	0.68
6750	0.44	0.3	0.44	0.46	0.52	0.5	0.58	0.56	0.48	0.54	0.46	0.46	0.56	0.46	0.38	0.64
6800	0.5	0.34	0.42	0.44	0.52	0.5	0.54	0.58	0.52	0.5	0.46	0.48	0.54	0.46	0.38	0.66
6850	0.5	0.34	0.44	0.4	0.56	0.5	0.52	0.58	0.56	0.58	0.46	0.46	0.5	0.5	0.4	0.64
6900	0.48	0.38	0.44	0.4	0.56	0.46	0.48	0.54	0.56	0.48	0.54	0.42	0.5	0.48	0.34	0.64
6950	0.48	0.42	0.38	0.42	0.52	0.48	0.5	0.52	0.6	0.56	0.58	0.5	0.52	0.42	0.4	0.64
7000	0.48	0.42	0.38	0.46	0.62	0.44	0.5	0.62	0.62	0.56	0.58	0.54	0.56	0.46	0.4	0.62
7050	0.46	0.4	0.38	0.46	0.6	0.48	0.52	0.6	0.66	0.58	0.6	0.54	0.58	0.46	0.44	0.6
7100	0.4	0.44	0.4	0.58	0.6	0.52	0.54	0.58	0.64	0.58	0.64	0.52	0.58	0.54	0.52	0.52
7150	0.38	0.46	0.38	0.56	0.52	0.54	0.52	0.54	0.64	0.58	0.62	0.56	0.62	0.52	0.56	0.56
7200	0.38	0.5	0.5	0.6	0.54	0.56	0.56	0.5	0.62	0.54	0.58	0.56	0.64	0.5	0.5	0.5
7250	0.42	0.48	0.5	0.6	0.56	0.58	0.58	0.5	0.6	0.62	0.56	0.58	0.66	0.52	0.54	0.52
7300	0.4	0.5	0.5	0.68	0.58	0.54	0.54	0.48	0.52	0.62	0.56	0.56	0.66	0.52	0.6	0.48
7350	0.4	0.5	0.52	0.64	0.62	0.58	0.56	0.5	0.56	0.62	0.56	0.56	0.7	0.48	0.58	0.48
7400	0.42	0.52	0.54	0.58	0.58	0.54	0.54	0.42	0.54	0.6	0.56	0.56	0.72	0.48	0.58	0.48
7450	0.48	0.52	0.58	0.58	0.6	0.52	0.54	0.4	0.48	0.6	0.52	0.6	0.68	0.48	0.58	0.48
7500	0.48	0.52	0.62	0.56	0.6	0.52	0.54	0.38	0.46	0.58	0.52	0.56	0.66	0.46	0.58	0.46
7550	0.48	0.5	0.6	0.62	0.62	0.42	0.5	0.38	0.4	0.56	0.52	0.56	0.66	0.42	0.58	0.52
7600	0.48	0.46	0.6	0.6	0.58	0.44	0.44	0.4	0.42	0.58	0.52	0.54	0.64	0.44	0.56	0.52
7650	0.48	0.46	0.62	0.56	0.56	0.48	0.48	0.42	0.42	0.54	0.56	0.54	0.68	0.48	0.52	0.58
7700	0.48	0.48	0.58	0.54	0.52	0.44	0.48	0.38	0.42	0.5	0.54	0.5	0.68	0.46	0.5	0.58
7750	0.5	0.48	0.54	0.54	0.54	0.4	0.46	0.42	0.4	0.48	0.54	0.5	0.68	0.48	0.48	0.62
7800	0.54	0.46	0.52	0.54	0.56	0.42	0.48	0.38	0.34	0.44	0.48	0.5	0.62	0.5	0.48	0.64
7850	0.56	0.46	0.52	0.52	0.52	0.44	0.4	0.36	0.36	0.42	0.46	0.42	0.62	0.5	0.5	0.66
7900	0.58	0.5	0.52	0.5	0.5	0.44	0.42	0.36	0.36	0.42	0.48	0.46	0.62	0.52	0.5	0.62
7950	0.6	0.46	0.5	0.5	0.54	0.44	0.36	0.38	0.4	0.46	0.48	0.48	0.56	0.52	0.48	0.6
8000	0.56	0.5	0.52	0.46	0.54	0.46	0.38	0.38	0.38	0.44	0.48	0.54	0.54	0.5	0.48	0.54
8050	0.58	0.46	0.48	0.44	0.5	0.44	0.42	0.44	0.34	0.42	0.44	0.54	0.58	0.54	0.48	0.56
8100	0.6	0.5	0.48	0.46	0.48	0.42	0.4	0.48	0.42	0.5	0.46	0.6	0.56	0.52	0.46	0.54
8150	0.6	0.48	0.48	0.46	0.5	0.5	0.44	0.5	0.4	0.48	0.48	0.64	0.58	0.52	0.46	0.5
8200	0.62	0.44	0.46	0.46	0.52	0.48	0.5	0.56	0.48	0.5	0.52	0.7	0.62	0.54	0.48	0.5
8250	0.62	0.4	0.44	0.46	0.52	0.5	0.5	0.5	0.48	0.46	0.54	0.7	0.6	0.6	0.48	0.52
8300	0.62	0.38	0.4	0.44	0.52	0.54	0.56	0.56	0.44	0.44	0.54	0.66	0.66	0.6	0.48	0.58
8350	0.62	0.4	0.4	0.44	0.52	0.52	0.52	0.54	0.48	0.44	0.54	0.64	0.66	0.62	0.52	0.58
8400	0.66	0.36	0.4	0.4	0.48	0.52	0.54	0.56	0.54	0.46	0.54	0.62	0.64	0.62	0.44	0.58
8450	0.64	0.36	0.4	0.48	0.56	0.54	0.58	0.54	0.52	0.42	0.6	0.6	0.64	0.58	0.42	0.6
8500	0.64	0.36	0.4	0.46	0.6	0.52	0.52	0.54	0.48	0.4	0.6	0.54	0.6	0.56	0.4	0.6
8550	0.6	0.3	0.46	0.5	0.6	0.48	0.5	0.48	0.5	0.4	0.58	0.5	0.6	0.56	0.46	0.6
8600	0.58	0.32	0.48	0.5	0.6	0.44	0.52	0.5	0.48	0.38	0.56	0.48	0.58	0.6	0.5	0.56
8650	0.54	0.34	0.5	0.6	0.58	0.46	0.52	0.48	0.5	0.38	0.58	0.48	0.54	0.58	0.52	0.54
8700	0.44	0.38	0.5	0.62	0.54	0.44	0.44	0.52	0.5	0.38	0.58	0.54	0.52	0.48	0.52	0.5
8750	0.42	0.38	0.52	0.62	0.52	0.44	0.52	0.48	0.46	0.42	0.62	0.52	0.5	0.52	0.54	0.46
8800	0.5	0.38	0.56	0.68	0.58	0.46	0.5	0.42	0.46	0.44	0.6	0.48	0.5	0.56	0.56	0.48
8850	0.5	0.42	0.54	0.68	0.58	0.46	0.5	0.42	0.5	0.5	0.58	0.5	0.48	0.56	0.54	0.48
8900	0.44	0.42	0.52	0.62	0.52	0.5	0.54	0.44	0.52	0.46	0.6	0.5	0.48	0.48	0.56	0.48
8950	0.44	0.44	0.46	0.56	0.56	0.48	0.5	0.46	0.54	0.44	0.6	0.54	0.54	0.42	0.46	0.5
9000	0.48	0.44	0.48	0.56	0.58	0.5	0.54	0.44	0.44	0.46	0.62	0.58	0.54	0.44	0.4	0.5
9050	0.6	0.48	0.48	0.56	0.58	0.5	0.56	0.48	0.48	0.52	0.64	0.56	0.52	0.52	0.44	0.54
9100	0.6	0.5	0.48	0.56	0.56	0.54	0.6	0.52	0.54	0.56	0.6	0.52	0.52	0.48	0.46	0.54
9150	0.62	0.54	0.5	0.54	0.58	0.6	0.62	0.54	0.56	0.6	0.66	0.52	0.44	0.5	0.46	0.52
9200	0.58	0.54	0.52	0.52	0.56	0.58	0.64	0.52	0.54	0.56	0.66	0.5	0.48	0.48	0.46	0.56
9250	0.6	0.54	0.56	0.54	0.58	0.56	0.6	0.54	0.6	0.62	0.62	0.5	0.48	0.5	0.48	0.56
9300	0.66	0.56	0.54	0.58	0.62	0.54	0.58	0.56	0.58	0.62	0.62	0.52	0.46	0.58	0.44	0.58
9350	0.7	0.6	0.54	0.56	0.58	0.52	0.58	0.58	0.58	0.58	0.6	0.5	0.5	0.56	0.44	0.6
9400	0.64	0.62	0.56	0.6	0.54	0.54	0.58	0.58	0.54	0.56	0.56	0.5	0.48	0.52	0.5	0.58
9450	0.62	0.6	0.56	0.6	0.48	0.48	0.54	0.56	0.6	0.54	0.62	0.48	0.48	0.56	0.5	0.6
9500	0.62	0.58	0.56	0.6	0.5	0.48	0.5	0.54	0.62	0.6	0.62	0.52	0.5	0.6	0.46	0.64
9550	0.58	0.52	0.5	0.6	0.46	0.48	0.48	0.56	0.6	0.58	0.56	0.54	0.48	0.6	0.46	0.62
9600	0.62	0.54	0.5	0.64	0.44	0.48	0.48	0.52	0.54	0.54	0.56	0.5	0.54	0.54	0.44	0.66
9650	0.66	0.56	0.46	0.64	0.46	0.54	0.52	0.52	0.6	0.5	0.58	0.54	0.52	0.54	0.5	0.68
9700	0.66	0.54	0.46	0.62	0.5	0.56	0.54	0.48	0.58	0.52	0.64	0.54	0.54	0.58	0.5	0.66
9750	0.64	0.56	0.44	0.62	0.48	0.52	0.54	0.48	0.56	0.52	0.6	0.54	0.54	0.5	0.5	0.66
9800	0.62	0.54	0.5	0.58	0.5	0.5	0.56	0.46	0.54	0.54	0.64	0.5	0.56	0.48	0.46	0.66
9850	0.66	0.58	0.48	0.54	0.52	0.52	0.54	0.46	0.54	0.48	0.62	0.48	0.58	0.46	0.4	0.64
9900	0.62	0.58	0.46	0.56	0.56	0.46	0.6	0.46	0.5	0.46	0.54	0.46	0.58	0.46	0.38	0.68
9950	0.62	0.6	0.5	0.54	0.54	0.46	0.56	0.46	0.46	0.48	0.52	0.46	0.58	0.48	0.4	0.66
10000	0.6	0.58	0.48	0.46	0.52	0.44	0.52	0.48	0.46	0.48	0.5	0.46	0.58	0.5	0.44	0.64
10050	0.6	0.56	0.46	0.46	0.52	0.42	0.48	0.52	0.46	0.48	0.5	0.48	0.5	0.52	0.42	0.58
10100	0.54	0.54	0.5	0.46	0.56	0.4	0.48	0.54	0.54	0.48	0.5	0.46	0.5	0.54	0.46	0.56
10150	0.6	0.56	0.46	0.5	0.54	0.38	0.48	0.52	0.52	0.48	0.5	0.44	0.52	0.6	0.5	0.58
10200	0.62	0.56	0.48	0.5	0.58	0.42	0.46	0.52	0.56	0.5	0.5	0.46	0.52	0.54	0.44	0.58
10250	0.58	0.52	0.46	0.5	0.54	0.38	0.46	0.56	0.54	0.56	0.5	0.5	0.5	0.54	0.46	0.56
10300	0.58	0.54	0.46	0.48	0.56	0.44	0.46	0.58	0.56	0.62	0.58	0.54	0.5	0.56	0.52	0.54
10350	0.56	0.5	0.54	0.52	0.66	0.46	0.44	0.58	0.58	0.62	0.58	0.54	0.5	0.56	0.58	0.54
10400	0.54	0.56	0.62	0.62	0.72	0.46	0.44	0.54	0.6	0.66	0.58	0.56	0.54	0.56	0.52	0.54
10450	0.56	0.56	0.62	0.68	0.7	0.48	0.46	0.52	0.64	0.62	0.6	0.56	0.54	0.44	0.48	0.52
10500	0.56	0.64	0.6	0.7	0.66	0.48	0.44	0.48	0.56	0.62	0.54	0.6	0.52	0.42	0.44	0.48
10550	0.58	0.64	0.6	0.7	0.68	0.54	0.48	0.5	0.52	0.62	0.54	0.62	0.56	0.44	0.46	0.52
10600	0.64	0.62	0.68	0.72	0.72	0.6	0.5	0.52	0.56	0.64	0.52	0.62	0.56	0.46	0.54	0.52
10650	0.62	0.62	0.68	0.74	0.64	0.62	0.52	0.52	0.58	0.62	0.54	0.66	0.6	0.48	0.54	0.52
10700	0.68	0.64	0.64	0.7	0.64	0.58	0.46	0.5	0.6	0.6	0.56	0.66	0.62	0.54	0.5	0.5
10750	0.66	0.62	0.6	0.7	0.62	0.6	0.48	0.58	0.6	0.58	0.58	0.68	0.62	0.56	0.48	0.54
10800	0.66	0.62	0.62	0.74	0.62	0.6	0.5	0.58	0.64	0.66	0.58	0.76	0.66	0.56	0.48	0.62
10850	0.66	0.6	0.68	0.8	0.72	0.64	0.5	0.56	0.66	0.74	0.58	0.78	0.6	0.56	0.5	0.6
10900	0.66	0.6	0.7	0.84	0.72	0.68	0.52	0.62	0.72	0.72	0.6	0.76	0.62	0.68	0.54	0.58
10950	0.66	0.66	0.7	0.82	0.7	0.7	0.6	0.7	0.84	0.78	0.62	0.78	0.68	0.66	0.56	0.58
11000	0.68	0.7	0.68	0.88	0.7	0.7	0.54	0.64	0.8	0.76	0.6	0.78	0.66	0.74	0.6	0.54
11050	0.68	0.76	0.74	0.88	0.74	0.64	0.56	0.7	0.8	0.8	0.6	0.78	0.62	0.74	0.66	0.54
11100	0.7	0.82	0.74	0.9	0.74	0.66	0.58	0.72	0.76	0.82	0.64	0.8	0.64	0.74	0.68	0.54
11150	0.7	0.82	0.74	0.82	0.72	0.66	0.58	0.7	0.8	0.78	0.64	0.74	0.64	0.74	0.68	0.52
11200	0.72	0.82	0.72	0.78	0.74	0.68	0.56	0.68	0.8	0.78	0.7	0.74	0.68	0.8	0.74	0.5
11250	0.74	0.84	0.72	0.72	0.72	0.64	0.62	0.72	0.78	0.8	0.72	0.76	0.66	0.8	0.82	0.5
11300	0.76	0.82	0.7	0.7	0.72	0.62	0.6	0.7	0.74	0.78	0.72	0.76	0.66	0.76	0.8	0.52
11350	0.78	0.84	0.76	0.7	0.7	0.64	0.6	0.7	0.68	0.72	0.72	0.7	0.64	0.7	0.78	0.56
11400	0.8	0.8	0.76	0.7	0.72	0.7	0.6	0.7	0.7	0.72	0.68	0.66	0.58	0.72	0.74	0.56
11450	0.76	0.8	0.8	0.72	0.72	0.74	0.58	0.66	0.7	0.72	0.74	0.68	0.6	0.74	0.78	0.54
11500	0.76	0.78	0.8	0.7	0.72	0.78	0.58	0.72	0.74	0.7	0.72	0.62	0.56	0.76	0.82	0.46
11550	0.82	0.8	0.8	0.7	0.72	0.74	0.62	0.66	0.68	0.68	0.7	0.66	0.6	0.72	0.72	0.56
11600	0.78	0.8	0.8	0.76	0.76	0.8	0.62	0.62	0.64	0.66	0.68	0.68	0.66	0.74	0.78	0.54
11650	0.76	0.8	0.82	0.78	0.8	0.82	0.6	0.6	0.66	0.62	0.6	0.64	0.66	0.74	0.76	0.58
11700	0.74	0.8	0.82	0.82	0.82	0.8	0.62	0.6	0.68	0.66	0.6	0.6	0.64	0.72	0.74	0.6
11750	0.74	0.82	0.82	0.88	0.82	0.76	0.64	0.64	0.7	0.66	0.58	0.64	0.64	0.78	0.74	0.6
11800	0.7	0.78	0.8	0.9	0.86	0.76	0.64	0.64	0.7	0.68	0.58	0.66	0.7	0.76	0.72	0.54
11850	0.72	0.8	0.8	0.88	0.82	0.7	0.64	0.66	0.68	0.68	0.6	0.66	0.74	0.76	0.7	0.54
11900	0.72	0.76	0.78	0.88	0.8	0.7	0.7	0.62	0.7	0.78	0.56	0.7	0.78	0.76	0.72	0.68
11950	0.7	0.78	0.76	0.88	0.78	0.74	0.7	0.68	0.66	0.74	0.6	0.68	0.78	0.76	0.74	0.64
12000	0.7	0.78	0.78	0.82	0.74	0.72	0.68	0.66	0.62	0.76	0.62	0.72	0.74	0.76	0.74	0.62
12050	0.68	0.76	0.78	0.76	0.68	0.74	0.62	0.64	0.66	0.78	0.62	0.66	0.72	0.76	0.78	0.64
12100	0.62	0.74	0.74	0.7	0.66	0.74	0.64	0.58	0.66	0.82	0.64	0.74	0.74	0.76	0.76	0.62
12150	0.6	0.78	0.74	0.62	0.62	0.76	0.58	0.58	0.64	0.82	0.64	0.74	0.78	0.8	0.74	0.64
12200	0.64	0.78	0.72	0.62	0.62	0.74	0.62	0.52	0.52	0.74	0.64	0.74	0.82	0.76	0.78	0.64
12250	0.6	0.84	0.78	0.6	0.62	0.74	0.64	0.48	0.54	0.72	0.62	0.74	0.8	0.7	0.8	0.66
12300	0.62	0.8	0.78	0.6	0.64	0.82	0.66	0.54	0.56	0.72	0.64	0.78	0.78	0.72	0.78	0.6
12350	0.56	0.82	0.74	0.56	0.58	0.76	0.62	0.56	0.6	0.76	0.64	0.76	0.76	0.6	0.74	0.56
12400	0.52	0.82	0.72	0.6	0.54	0.74	0.66	0.6	0.6	0.72	0.62	0.7	0.76	0.6	0.76	0.58
12450	0.52	0.8	0.7	0.68	0.62	0.76	0.7	0.6	0.58	0.7	0.62	0.72	0.78	0.62	0.8	0.56
12500	0.54	0.82	0.74	0.68	0.68	0.76	0.72	0.62	0.58	0.66	0.64	0.68	0.72	0.56	0.74	0.56
12550	0.56	0.84	0.72	0.7	0.64	0.74	0.72	0.64	0.64	0.68	0.64	0.66	0.7	0.56	0.68	0.58
12600	0.56	0.84	0.7	0.74	0.64	0.74	0.78	0.68	0.72	0.7	0.64	0.64	0.66	0.58	0.64	0.56
12650	0.56	0.84	0.72	0.76	0.72	0.74	0.8	0.7	0.72	0.8	0.62	0.64	0.6	0.54	0.62	0.56
12700	0.54	0.78	0.76	0.72	0.8	0.76	0.8	0.7	0.7	0.72	0.58	0.66	0.6	0.5	0.62	0.5
12750	0.54	0.78	0.74	0.72	0.8	0.82	0.78	0.68	0.76	0.72	0.58	0.6	0.62	0.5	0.64	0.52
12800	0.46	0.76	0.74	0.76	0.8	0.86	0.76	0.7	0.78	0.76	0.58	0.68	0.62	0.54	0.68	0.54
12850	0.48	0.8	0.7	0.7	0.76	0.88	0.8	0.72	0.8	0.8	0.6	0.7	0.66	0.52	0.76	0.58
12900	0.52	0.72	0.7	0.72	0.74	0.88	0.78	0.7	0.78	0.82	0.64	0.74	0.72	0.54	0.8	0.62
12950	0.56	0.72	0.72	0.68	0.7	0.88	0.76	0.72	0.8	0.8	0.64	0.76	0.8	0.6	0.84	0.62
13000	0.56	0.72	0.74	0.68	0.68	0.86	0.76	0.76	0.76	0.74	0.6	0.74	0.82	0.62	0.84	0.68
13050	0.62	0.74	0.7	0.64	0.62	0.84	0.74	0.74	0.76	0.74	0.6	0.68	0.72	0.56	0.74	0.72
13100	0.6	0.7	0.72	0.64	0.6	0.72	0.68	0.74	0.72	0.8	0.6	0.66	0.72	0.62	0.72	0.74
13150	0.66	0.72	0.74	0.66	0.66	0.72	0.62	0.74	0.7	0.78	0.62	0.66	0.66	0.68	0.72	0.72
13200	0.68	0.72	0.74	0.66	0.64	0.7	0.62	0.76	0.7	0.78	0.62	0.64	0.6	0.66	0.68	0.68
13250	0.74	0.72	0.76	0.68	0.66	0.7	0.62	0.74	0.7	0.76	0.62	0.66	0.56	0.76	0.7	0.66
13300	0.7	0.7	0.78	0.7	0.74	0.7	0.62	0.72	0.7	0.72	0.62	0.64	0.58	0.72	0.68	0.68
13350	0.72	0.74	0.82	0.72	0.76	0.72	0.54	0.74	0.72	0.7	0.58	0.66	0.64	0.72	0.7	0.64
13400	0.7	0.76	0.82	0.72	0.76	0.74	0.56	0.76	0.7	0.66	0.64	0.7	0.7	0.74	0.78	0.64
13450	0.68	0.78	0.84	0.72	0.8	0.82	0.56	0.74	0.7	0.64	0.66	0.72	0.7	0.68	0.72	0.66
13500	0.64	0.76	0.84	0.74	0.8	0.84	0.6	0.7	0.7	0.68	0.68	0.72	0.72	0.66	0.72	0.66
13550	0.6	0.8	0.84	0.74	0.82	0.86	0.64	0.7	0.74	0.7	0.68	0.74	0.72	0.62	0.72	0.72
13600	0.6	0.78	0.86	0.78	0.82	0.86	0.64	0.68	0.74	0.7	0.68	0.72	0.72	0.66	0.72	0.72
13650	0.6	0.82	0.88	0.8	0.82	0.88	0.66	0.66	0.68	0.66	0.66	0.72	0.74	0.64	0.7	0.72
13700	0.6	0.82	0.88	0.8	0.84	0.86	0.66	0.66	0.66	0.68	0.68	0.72	0.74	0.7	0.74	0.74
13750	0.62	0.82	0.88	0.78	0.86	0.9	0.66	0.68	0.72	0.68	0.64	0.62	0.74	0.66	0.7	0.76
13800	0.56	0.82	0.88	0.8	0.86	0.84	0.68	0.74	0.72	0.7	0.64	0.64	0.74	0.68	0.72	0.76
13850	0.54	0.84	0.86	0.82	0.86	0.82	0.72	0.76	0.74	0.68	0.66	0.68	0.78	0.68	0.74	0.72
13900	0.56	0.84	0.84	0.84	0.82	0.8	0.74	0.72	0.72	0.68	0.66	0.7	0.82	0.64	0.78	0.74
13950	0.56	0.82	0.88	0.84	0.82	0.82	0.72	0.8	0.76	0.7	0.62	0.74	0.86	0.64	0.78	0.72
14000	0.6	0.8	0.84	0.82	0.84	0.8	0.74	0.78	0.8	0.76	0.66	0.74	0.82	0.68	0.76	0.74
14050	0.6	0.82	0.84	0.82	0.84	0.78	0.76	0.72	0.78	0.82	0.68	0.72	0.8	0.66	0.78	0.78
14100	0.66	0.82	0.84	0.76	0.78	0.8	0.82	0.72	0.76	0.82	0.68	0.76	0.78	0.66	0.74	0.8
14150	0.62	0.84	0.8	0.78	0.76	0.78	0.78	0.76	0.76	0.84	0.72	0.72	0.76	0.62	0.76	0.74
14200	0.58	0.84	0.78	0.78	0.74	0.76	0.68	0.7	0.74	0.82	0.74	0.74	0.72	0.62	0.78	0.66
14250	0.62	0.84	0.76	0.8	0.72	0.78	0.68	0.76	0.74	0.82	0.74	0.72	0.7	0.66	0.76	0.64
14300	0.68	0.82	0.74	0.76	0.74	0.76	0.68	0.72	0.7	0.8	0.72	0.7	0.66	0.68	0.72	0.62
14350	0.68	0.8	0.7	0.74	0.74	0.78	0.7	0.7	0.68	0.8	0.68	0.68	0.66	0.72	0.7	0.7
14400	0.7	0.8	0.68	0.78	0.76	0.78	0.66	0.64	0.64	0.74	0.62	0.66	0.64	0.72	0.68	0.64
14450	0.72	0.8	0.68	0.74	0.78	0.84	0.64	0.68	0.66	0.72	0.64	0.66	0.64	0.72	0.68	0.62
14500	0.72	0.84	0.68	0.74	0.82	0.8	0.6	0.68	0.66	0.74	0.64	0.7	0.62	0.72	0.64	0.62
14550	0.76	0.82	0.72	0.74	0.86	0.86	0.6	0.66	0.66	0.78	0.64	0.72	0.66	0.74	0.66	0.68
14600	0.8	0.84	0.76	0.74	0.84	0.86	0.68	0.68	0.66	0.76	0.64	0.76	0.7	0.74	0.7	0.74
14650	0.78	0.84	0.82	0.74	0.88	0.86	0.7	0.74	0.66	0.76	0.62	0.72	0.68	0.66	0.68	0.74
14700	0.8	0.84	0.86	0.78	0.9	0.86	0.74	0.74	0.7	0.8	0.62	0.72	0.64	0.7	0.66	0.72
14750	0.78	0.82	0.88	0.78	0.88	0.84	0.74	0.78	0.7	0.78	0.62	0.72	0.66	0.68	0.66	0.7
14800	0.76	0.82	0.88	0.84	0.86	0.82	0.8	0.82	0.74	0.8	0.66	0.72	0.72	0.68	0.66	0.76
14850	0.76	0.84	0.9	0.88	0.86	0.78	0.78	0.8	0.72	0.84	0.7	0.76	0.74	0.66	0.66	0.78
14900	0.78	0.86	0.9	0.9	0.84	0.78	0.82	0.78	0.72	0.82	0.74	0.76	0.78	0.68	0.68	0.8
14950	0.76	0.82	0.9	0.9	0.88	0.76	0.78	0.82	0.74	0.8	0.74	0.76	0.78	0.7	0.7	0.82
15000	0.74	0.76	0.92	0.9	0.88	0.76	0.78	0.8	0.72	0.8	0.74	0.76	0.74	0.72	0.7	0.84
15050	0.7	0.74	0.88	0.84	0.88	0.78	0.76	0.76	0.72	0.82	0.74	0.72	0.72	0.76	0.72	0.84
15100	0.74	0.74	0.88	0.84	0.86	0.8	0.74	0.72	0.7	0.78	0.74	0.76	0.74	0.78	0.76	0.84
15150	0.74	0.74	0.84	0.84	0.84	0.78	0.74	0.72	0.74	0.78	0.8	0.82	0.76	0.78	0.76	0.88
15200	0.7	0.78	0.86	0.84	0.86	0.82	0.76	0.8	0.78	0.8	0.8	0.82	0.72	0.78	0.76	0.8
15250	0.7	0.78	0.84	0.82	0.8	0.8	0.74	0.78	0.82	0.8	0.84	0.82	0.68	0.82	0.8	0.78
15300	0.72	0.72	0.82	0.78	0.78	0.84	0.78	0.8	0.86	0.82	0.86	0.82	0.68	0.82	0.82	0.78
15350	0.74	0.72	0.84	0.8	0.74	0.8	0.76	0.82	0.84	0.78	0.86	0.8	0.66	0.8	0.78	0.72
15400	0.74	0.76	0.84	0.8	0.78	0.82	0.78	0.82	0.84	0.8	0.86	0.84	0.7	0.82	0.82	0.74
15450	0.74	0.78	0.84	0.86	0.8	0.8	0.82	0.82	0.88	0.82	0.84	0.86	0.76	0.82	0.8	0.76
15500	0.78	0.82	0.88	0.88	0.82	0.8	0.8	0.84	0.86	0.84	0.84	0.88	0.76	0.82	0.76	0.76
15550	0.78	0.84	0.86	0.9	0.82	0.82	0.8	0.84	0.82	0.78	0.84	0.82	0.74	0.8	0.78	0.76
15600	0.82	0.78	0.86	0.86	0.84	0.82	0.8	0.82	0.82	0.72	0.8	0.8	0.76	0.8	0.78	0.74
15650	0.8	0.78	0.9	0.88	0.9	0.82	0.78	0.82	0.82	0.72	0.78	0.76	0.78	0.8	0.74	0.72
15700	0.8	0.76	0.84	0.86	0.92	0.8	0.8	0.82	0.84	0.74	0.78	0.7	0.78	0.8	0.74	0.78
15750	0.8	0.76	0.78	0.86	0.9	0.8	0.78	0.82	0.84	0.74	0.7	0.64	0.76	0.84	0.76	0.8
15800	0.78	0.74	0.8	0.84	0.88	0.76	0.76	0.8	0.84	0.72	0.76	0.64	0.74	0.76	0.76	0.84
15850	0.8	0.74	0.82	0.84	0.88	0.78	0.8	0.8	0.86	0.68	0.74	0.58	0.74	0.74	0.72	0.84
15900	0.82	0.72	0.82	0.86	0.88	0.78	0.82	0.82	0.86	0.68	0.78	0.62	0.78	0.72	0.72	0.84
15950	0.78	0.72	0.8	0.82	0.88	0.82	0.84	0.82	0.82	0.68	0.7	0.64	0.78	0.66	0.76	0.84
16000	0.76	0.76	0.8	0.82	0.88	0.82	0.84	0.82	0.78	0.66	0.7	0.62	0.76	0.66	0.72	0.88
16050	0.76	0.78	0.8	0.82	0.88	0.84	0.8	0.82	0.74	0.66	0.7	0.6	0.72	0.68	0.7	0.92
16100	0.74	0.76	0.84	0.82	0.86	0.86	0.84	0.8	0.7	0.66	0.7	0.68	0.72	0.6	0.68	0.92
16150	0.74	0.76	0.84	0.82	0.88	0.92	0.8	0.76	0.72	0.68	0.72	0.68	0.7	0.6	0.72	0.86
16200	0.7	0.78	0.84	0.8	0.9	0.88	0.8	0.8	0.72	0.64	0.74	0.64	0.64	0.66	0.68	0.82
16250	0.72	0.84	0.84	0.84	0.9	0.84	0.76	0.78	0.7	0.64	0.76	0.66	0.7	0.64	0.7	0.82
16300	0.7	0.84	0.84	0.86	0.9	0.84	0.72	0.74	0.7	0.68	0.72	0.64	0.66	0.7	0.72	0.8
16350	0.7	0.84	0.84	0.88	0.92	0.84	0.7	0.72	0.7	0.72	0.82	0.68	0.7	0.68	0.74	0.78
16400	0.74	0.84	0.82	0.88	0.92	0.88	0.7	0.74	0.68	0.72	0.8	0.66	0.7	0.72	0.76	0.76
16450	0.76	0.86	0.82	0.9	0.92	0.84	0.66	0.76	0.72	0.68	0.8	0.64	0.76	0.76	0.8	0.74
16500	0.74	0.82	0.82	0.92	0.92	0.82	0.7	0.8	0.72	0.68	0.82	0.64	0.7	0.76	0.78	0.74
16550	0.74	0.82	0.82	0.92	0.92	0.86	0.72	0.76	0.7	0.68	0.8	0.62	0.74	0.82	0.8	0.74
16600	0.76	0.84	0.84	0.96	0.88	0.9	0.76	0.74	0.72	0.66	0.8	0.62	0.74	0.78	0.8	0.76
16650	0.8	0.9	0.84	0.94	0.88	0.88	0.74	0.74	0.76	0.66	0.76	0.58	0.74	0.78	0.8	0.72
16700	0.78	0.9	0.84	0.94	0.86	0.86	0.68	0.76	0.78	0.64	0.74	0.56	0.74	0.78	0.82	0.7
16750	0.78	0.9	0.86	0.94	0.9	0.82	0.66	0.74	0.78	0.7	0.72	0.52	0.7	0.74	0.8	0.72
16800	0.78	0.92	0.9	0.96	0.88	0.84	0.7	0.7	0.78	0.7	0.74	0.56	0.72	0.74	0.8	0.74
16850	0.8	0.9	0.9	0.98	0.88	0.84	0.68	0.68	0.8	0.74	0.76	0.56	0.72	0.72	0.8	0.72
16900	0.8	0.92	0.92	0.96	0.9	0.84	0.62	0.64	0.76	0.72	0.74	0.6	0.74	0.7	0.84	0.74
16950	0.78	0.94	0.94	0.92	0.9	0.86	0.66	0.7	0.76	0.7	0.74	0.58	0.76	0.74	0.86	0.74
17000	0.74	0.94	0.92	0.92	0.88	0.84	0.62	0.72	0.8	0.72	0.76	0.64	0.74	0.74	0.84	0.72
17050	0.76	0.96	0.92	0.94	0.88	0.84	0.64	0.72	0.84	0.78	0.82	0.68	0.82	0.76	0.88	0.8
17100	0.8	0.94	0.92	0.88	0.88	0.88	0.66	0.74	0.84	0.82	0.82	0.78	0.84	0.8	0.86	0.82
17150	0.8	0.92	0.92	0.88	0.9	0.92	0.66	0.78	0.82	0.82	0.86	0.82	0.86	0.82	0.88	0.8
17200	0.76	0.88	0.9	0.84	0.88	0.92	0.7	0.8	0.86	0.82	0.88	0.84	0.84	0.82	0.88	0.8
17250	0.72	0.84	0.86	0.8	0.88	0.9	0.72	0.78	0.86	0.84	0.86	0.8	0.78	0.78	0.84	0.78
17300	0.74	0.84	0.84	0.8	0.86	0.88	0.78	0.86	0.88	0.84	0.88	0.84	0.82	0.76	0.82	0.82
17350	0.78	0.84	0.86	0.8	0.9	0.86	0.72	0.82	0.92	0.88	0.84	0.8	0.84	0.8	0.84	0.82
17400	0.82	0.82	0.86	0.8	0.92	0.88	0.72	0.8	0.92	0.86	0.82	0.72	0.78	0.82	0.86	0.82
17450	0.82	0.82	0.86	0.82	0.94	0.88	0.76	0.8	0.92	0.86	0.8	0.66	0.74	0.78	0.86	0.82
17500	0.86	0.82	0.88	0.84	0.94	0.88	0.76	0.8	0.9	0.86	0.82	0.66	0.76	0.78	0.84	0.78
17550	0.86	0.86	0.9	0.82	0.94	0.86	0.78	0.78	0.86	0.82	0.8	0.66	0.76	0.74	0.8	0.82
17600	0.88	0.86	0.9	0.8	0.92	0.82	0.82	0.74	0.84	0.8	0.78	0.62	0.74	0.72	0.76	0.84
17650	0.92	0.92	0.94	0.82	0.9	0.78	0.8	0.74	0.82	0.76	0.76	0.64	0.76	0.74	0.76	0.84
17700	0.92	0.9	0.92	0.84	0.88	0.76	0.78	0.74	0.78	0.78	0.74	0.68	0.76	0.76	0.78	0.86
17750	0.9	0.92	0.92	0.86	0.88	0.78	0.8	0.8	0.8	0.8	0.78	0.76	0.78	0.74	0.76	0.86
17800	0.86	0.9	0.9	0.86	0.86	0.78	0.84	0.78	0.78	0.78	0.78	0.76	0.76	0.74	0.76	0.86
17850	0.86	0.86	0.88	0.78	0.8	0.8	0.84	0.76	0.78	0.8	0.8	0.74	0.76	0.74	0.74	0.88
17900	0.84	0.84	0.84	0.78	0.78	0.82	0.86	0.8	0.8	0.78	0.82	0.8	0.74	0.78	0.72	0.9
17950	0.84	0.84	0.82	0.8	0.8	0.82	0.86	0.78	0.8	0.8	0.82	0.78	0.74	0.78	0.72	0.9
18000	0.78	0.84	0.8	0.8	0.76	0.8	0.86	0.8	0.78	0.78	0.74	0.74	0.72	0.82	0.7	0.84
18050	0.8	0.84	0.78	0.8	0.76	0.8	0.84	0.78	0.74	0.76	0.76	0.72	0.7	0.82	0.74	0.82
18100	0.76	0.84	0.76	0.8	0.8	0.82	0.82	0.74	0.74	0.76	0.72	0.7	0.7	0.82	0.74	0.76
18150	0.78	0.84	0.78	0.78	0.8	0.86	0.76	0.74	0.7	0.72	0.72	0.72	0.7	0.82	0.76	0.7
18200	0.82	0.86	0.8	0.78	0.8	0.9	0.82	0.74	0.72	0.7	0.74	0.72	0.66	0.8	0.76	0.72
18250	0.8	0.84	0.78	0.8	0.82	0.9	0.82	0.74	0.74	0.68	0.72	0.7	0.66	0.82	0.74	0.74
18300	0.82	0.86	0.8	0.84	0.84	0.86	0.78	0.76	0.74	0.7	0.78	0.72	0.7	0.8	0.74	0.68
18350	0.86	0.86	0.82	0.84	0.82	0.86	0.78	0.74	0.74	0.68	0.78	0.64	0.7	0.78	0.78	0.68
18400	0.88	0.86	0.84	0.86	0.86	0.84	0.76	0.74	0.74	0.7	0.78	0.66	0.7	0.8	0.8	0.72
18450	0.88	0.88	0.86	0.88	0.9	0.84	0.76	0.76	0.8	0.76	0.78	0.68	0.72	0.82	0.84	0.7
18500	0.82	0.84	0.84	0.9	0.82	0.78	0.76	0.74	0.8	0.76	0.76	0.66	0.7	0.82	0.82	0.72
18550	0.82	0.84	0.88	0.92	0.84	0.78	0.78	0.82	0.84	0.74	0.74	0.66	0.7	0.84	0.8	0.74
18600	0.8	0.84	0.9	0.94	0.82	0.72	0.72	0.76	0.82	0.74	0.76	0.68	0.7	0.82	0.8	0.76
18650	0.82	0.84	0.88	0.96	0.8	0.74	0.74	0.74	0.78	0.78	0.76	0.68	0.7	0.82	0.78	0.76
18700	0.8	0.86	0.92	0.98	0.84	0.76	0.74	0.7	0.78	0.72	0.74	0.72	0.7	0.78	0.78	0.78
18750	0.78	0.88	0.9	0.98	0.84	0.72	0.76	0.7	0.8	0.82	0.76	0.72	0.76	0.74	0.74	0.78
18800	0.8	0.86	0.94	0.92	0.82	0.66	0.72	0.74	0.82	0.8	0.8	0.7	0.72	0.74	0.72	0.84
18850	0.82	0.86	0.94	0.92	0.82	0.66	0.78	0.74	0.82	0.8	0.82	0.7	0.7	0.7	0.62	0.88
18900	0.84	0.84	0.86	0.86	0.8	0.64	0.78	0.7	0.8	0.8	0.84	0.74	0.76	0.68	0.6	0.92
18950	0.8	0.84	0.86	0.86	0.84	0.68	0.78	0.64	0.74	0.78	0.84	0.76	0.78	0.64	0.62	0.96
19000	0.8	0.82	0.78	0.84	0.82	0.7	0.82	0.66	0.74	0.84	0.84	0.76	0.7	0.64	0.56	0.98
19050	0.78	0.82	0.74	0.8	0.8	0.72	0.82	0.68	0.78	0.84	0.82	0.76	0.64	0.68	0.6	0.96
19100	0.78	0.8	0.76	0.78	0.82	0.74	0.82	0.7	0.8	0.86	0.86	0.72	0.66	0.72	0.62	0.96
19150	0.82	0.82	0.78	0.8	0.82	0.8	0.86	0.74	0.8	0.88	0.88	0.74	0.7	0.72	0.64	0.94
19200	0.8	0.82	0.78	0.82	0.84	0.9	0.86	0.76	0.78	0.88	0.84	0.76	0.68	0.76	0.7	0.94
19250	0.82	0.82	0.76	0.86	0.9	0.92	0.86	0.74	0.78	0.86	0.86	0.78	0.68	0.76	0.7	0.88
19300	0.82	0.82	0.8	0.84	0.88	0.92	0.84	0.78	0.78	0.86	0.86	0.78	0.62	0.8	0.7	0.86
19350	0.86	0.86	0.82	0.84	0.88	0.92	0.82	0.82	0.78	0.86	0.88	0.8	0.64	0.84	0.76	0.82
19400	0.9	0.86	0.9	0.8	0.84	0.9	0.8	0.84	0.8	0.86	0.94	0.8	0.68	0.84	0.78	0.8
19450	0.9	0.9	0.92	0.84	0.82	0.86	0.82	0.84	0.84	0.86	0.88	0.84	0.72	0.82	0.72	0.8
19500	0.9	0.9	0.9	0.84	0.86	0.86	0.82	0.82	0.78	0.84	0.86	0.84	0.72	0.82	0.66	0.82
19550	0.88	0.9	0.88	0.86	0.88	0.86	0.8	0.78	0.74	0.84	0.88	0.86	0.74	0.8	0.66	0.8
19600	0.88	0.9	0.84	0.86	0.88	0.84	0.8	0.76	0.76	0.86	0.88	0.88	0.78	0.8	0.72	0.82
19650	0.88	0.9	0.82	0.86	0.88	0.82	0.76	0.78	0.72	0.82	0.82	0.86	0.8	0.82	0.72	0.8
19700	0.86	0.9	0.86	0.88	0.82	0.8	0.74	0.74	0.68	0.8	0.82	0.9	0.84	0.8	0.74	0.78
19750	0.88	0.9	0.88	0.88	0.86	0.84	0.82	0.72	0.66	0.78	0.8	0.94	0.86	0.82	0.8	0.84
19800	0.86	0.92	0.86	0.88	0.88	0.84	0.8	0.72	0.6	0.8	0.8	0.92	0.84	0.84	0.84	0.86
19850	0.86	0.92	0.84	0.9	0.94	0.9	0.82	0.72	0.66	0.8	0.8	0.88	0.84	0.84	0.86	0.86
19900	0.86	0.92	0.84	0.9	0.92	0.9	0.76	0.72	0.66	0.82	0.76	0.86	0.86	0.84	0.88	0.86
19950	0.86	0.92	0.86	0.92	0.92	0.9	0.78	0.72	0.62	0.8	0.78	0.84	0.88	0.86	0.86	0.84
20000	0.88	0.94	0.88	0.88	0.88	0.9	0.8	0.7	0.62	0.84	0.76	0.84	0.88	0.9	0.9	0.82
