0	0.0	0.0	0.0	0.0	0.0	0.0	0.0	0.0	0.0	0.0	0.0	0.0	0.0	0.0	0.0	0.0
50	0.02	0.0	0.0	0.0	0.0	0.0	0.166666666667	0.0	0.0	0.0	0.0	0.0	0.0	0.0	0.0	0.0
100	0.02	0.0	0.0	0.0	0.0	0.0	0.0769230769231	0.0	0.0	0.0	0.0	0.0	0.0	0.166666666667	0.0	0.0
150	0.18	0.3	0.0666666666667	0.0769230769231	0.0	0.222222222222	0.0588235294118	0.125	0.0	0.0	0.0	0.0	0.0	0.2	0.0	0.0
200	0.34	0.333333333333	0.0588235294118	0.133333333333	0.1	0.3125	0.130434782609	0.153846153846	0.214285714286	0.0	0.0	0.142857142857	0.125	0.25	0.111111111111	0.0
250	0.32	0.411764705882	0.05	0.117647058824	0.166666666667	0.318181818182	0.185185185185	0.176470588235	0.263157894737	0.0	0.0	0.1875	0.1	0.230769230769	0.142857142857	0.176470588235
300	0.2	0.5	0.08	0.105263157895	0.125	0.269230769231	0.25	0.190476190476	0.227272727273	0.0	0.0	0.1875	0.0666666666667	0.222222222222	0.125	0.136363636364
350	0.26	0.458333333333	0.166666666667	0.16	0.1	0.275862068966	0.27027027027	0.230769230769	0.192307692308	0.0	0.0	0.157894736842	0.0555555555556	0.25	0.166666666667	0.173913043478
400	0.32	0.44	0.205882352941	0.129032258065	0.0909090909091	0.258064516129	0.289473684211	0.28125	0.233333333333	0.04	0.1	0.2	0.0909090909091	0.24	0.25	0.16
450	0.38	0.392857142857	0.25	0.117647058824	0.08	0.264705882353	0.3	0.277777777778	0.285714285714	0.137931034483	0.192307692308	0.307692307692	0.130434782609	0.222222222222	0.25	0.129032258065
500	0.28	0.366666666667	0.225	0.105263157895	0.0740740740741	0.317073170732	0.340909090909	0.289473684211	0.3	0.15625	0.178571428571	0.310344827586	0.148148148148	0.206896551724	0.260869565217	0.117647058824
550	0.36	0.411764705882	0.25	0.116279069767	0.107142857143	0.333333333333	0.347826086957	0.282051282051	0.272727272727	0.222222222222	0.212121212121	0.285714285714	0.142857142857	0.21875	0.275862068966	0.108108108108
600	0.26	0.421052631579	0.229166666667	0.170212765957	0.103448275862	0.340909090909	0.34	0.279069767442	0.26	0.236842105263	0.243243243243	0.282051282051	0.137931034483	0.205882352941	0.275862068966	0.0952380952381
650	0.26	0.4	0.22	0.163265306122	0.1	0.355555555556	0.36	0.304347826087	0.26	0.261904761905	0.214285714286	0.302325581395	0.212121212121	0.219512195122	0.25	0.0816326530612
700	0.42	0.409090909091	0.22	0.22	0.114285714286	0.367346938776	0.38	0.285714285714	0.26	0.279069767442	0.234042553191	0.297872340426	0.3	0.214285714286	0.277777777778	0.08
750	0.26	0.4	0.22	0.22	0.105263157895	0.4	0.4	0.28	0.24	0.285714285714	0.224489795918	0.3	0.292682926829	0.222222222222	0.3	0.12
800	0.34	0.391304347826	0.26	0.24	0.116279069767	0.42	0.44	0.28	0.24	0.32	0.224489795918	0.36	0.279069767442	0.208333333333	0.282608695652	0.14
850	0.44	0.391304347826	0.26	0.26	0.152173913043	0.38	0.44	0.3	0.26	0.36	0.24	0.46	0.304347826087	0.24	0.270833333333	0.18
900	0.34	0.382978723404	0.24	0.32	0.148936170213	0.36	0.48	0.3	0.22	0.38	0.3	0.48	0.297872340426	0.26	0.270833333333	0.16
950	0.38	0.367346938776	0.26	0.38	0.14	0.34	0.5	0.3	0.22	0.38	0.36	0.52	0.30612244898	0.26	0.3	0.12
1000	0.42	0.38	0.26	0.4	0.2	0.38	0.5	0.28	0.22	0.44	0.34	0.52	0.32	0.28	0.32	0.12
1050	0.26	0.38	0.26	0.4	0.18	0.42	0.5	0.26	0.22	0.44	0.38	0.54	0.34	0.32	0.32	0.1
1100	0.36	0.4	0.3	0.42	0.16	0.38	0.54	0.22	0.2	0.46	0.4	0.5	0.34	0.32	0.32	0.12
1150	0.26	0.36	0.3	0.38	0.18	0.4	0.52	0.22	0.2	0.46	0.4	0.52	0.38	0.3	0.3	0.12
1200	0.32	0.36	0.3	0.38	0.18	0.36	0.54	0.24	0.14	0.44	0.38	0.56	0.38	0.3	0.28	0.12
1250	0.18	0.34	0.26	0.36	0.18	0.32	0.52	0.2	0.1	0.44	0.4	0.56	0.38	0.32	0.28	0.14
1300	0.42	0.34	0.26	0.38	0.2	0.28	0.52	0.18	0.1	0.38	0.38	0.58	0.4	0.32	0.32	0.18
1350	0.48	0.4	0.26	0.38	0.2	0.3	0.52	0.22	0.12	0.38	0.42	0.6	0.42	0.34	0.32	0.2
1400	0.34	0.4	0.28	0.38	0.22	0.3	0.5	0.26	0.12	0.34	0.48	0.6	0.4	0.32	0.34	0.2
1450	0.42	0.42	0.28	0.38	0.24	0.36	0.52	0.26	0.14	0.32	0.48	0.6	0.44	0.32	0.36	0.18
1500	0.5	0.4	0.32	0.4	0.24	0.36	0.54	0.28	0.14	0.32	0.52	0.58	0.46	0.34	0.36	0.2
1550	0.44	0.42	0.38	0.36	0.24	0.38	0.54	0.26	0.12	0.34	0.56	0.56	0.46	0.36	0.36	0.22
1600	0.4	0.44	0.44	0.32	0.24	0.38	0.54	0.26	0.14	0.34	0.54	0.56	0.42	0.36	0.36	0.28
1650	0.44	0.42	0.46	0.28	0.24	0.34	0.56	0.3	0.14	0.34	0.54	0.54	0.4	0.38	0.34	0.32
1700	0.32	0.44	0.46	0.28	0.24	0.36	0.56	0.34	0.14	0.32	0.48	0.52	0.38	0.44	0.32	0.32
1750	0.42	0.46	0.48	0.24	0.24	0.36	0.54	0.32	0.18	0.32	0.48	0.5	0.38	0.44	0.36	0.32
1800	0.38	0.46	0.48	0.26	0.28	0.36	0.54	0.34	0.2	0.3	0.46	0.52	0.42	0.46	0.34	0.32
1850	0.44	0.48	0.46	0.26	0.28	0.38	0.56	0.36	0.24	0.32	0.46	0.52	0.42	0.42	0.32	0.34
1900	0.44	0.52	0.48	0.28	0.3	0.4	0.62	0.34	0.28	0.34	0.46	0.56	0.42	0.38	0.34	0.34
1950	0.5	0.5	0.5	0.32	0.36	0.42	0.62	0.38	0.28	0.36	0.48	0.56	0.44	0.4	0.34	0.34
2000	0.48	0.48	0.54	0.38	0.34	0.42	0.66	0.38	0.26	0.38	0.46	0.54	0.48	0.4	0.36	0.34
2050	0.32	0.52	0.52	0.4	0.32	0.42	0.62	0.38	0.24	0.36	0.46	0.54	0.5	0.42	0.36	0.32
2100	0.28	0.48	0.54	0.4	0.34	0.4	0.62	0.38	0.24	0.34	0.48	0.54	0.5	0.4	0.28	0.3
2150	0.38	0.48	0.54	0.38	0.34	0.36	0.6	0.36	0.2	0.34	0.46	0.56	0.5	0.4	0.32	0.32
2200	0.5	0.46	0.54	0.42	0.34	0.38	0.56	0.44	0.24	0.32	0.42	0.58	0.58	0.4	0.34	0.32
2250	0.4	0.46	0.54	0.42	0.32	0.38	0.58	0.44	0.24	0.32	0.42	0.56	0.58	0.4	0.32	0.28
2300	0.5	0.48	0.54	0.44	0.34	0.42	0.58	0.44	0.28	0.28	0.42	0.58	0.6	0.42	0.34	0.26
2350	0.36	0.44	0.52	0.42	0.36	0.44	0.62	0.42	0.28	0.3	0.42	0.56	0.56	0.42	0.34	0.24
2400	0.42	0.44	0.5	0.44	0.34	0.46	0.6	0.42	0.28	0.34	0.4	0.54	0.58	0.4	0.36	0.24
2450	0.36	0.42	0.48	0.46	0.36	0.4	0.6	0.4	0.28	0.32	0.4	0.54	0.6	0.36	0.34	0.2
2500	0.56	0.42	0.48	0.46	0.34	0.4	0.58	0.4	0.3	0.3	0.44	0.54	0.6	0.38	0.38	0.22
2550	0.38	0.44	0.46	0.44	0.34	0.42	0.54	0.42	0.28	0.28	0.44	0.5	0.62	0.36	0.42	0.22
2600	0.38	0.42	0.48	0.42	0.36	0.46	0.52	0.4	0.26	0.3	0.46	0.46	0.62	0.34	0.4	0.24
2650	0.38	0.42	0.52	0.4	0.32	0.46	0.5	0.4	0.26	0.3	0.48	0.48	0.6	0.32	0.4	0.22
2700	0.46	0.44	0.54	0.4	0.34	0.48	0.52	0.4	0.28	0.28	0.46	0.48	0.56	0.3	0.4	0.26
2750	0.44	0.44	0.54	0.4	0.4	0.44	0.52	0.42	0.32	0.28	0.48	0.46	0.58	0.32	0.38	0.28
2800	0.38	0.42	0.54	0.36	0.4	0.5	0.56	0.42	0.34	0.28	0.42	0.46	0.58	0.32	0.38	0.24
2850	0.28	0.44	0.54	0.32	0.38	0.5	0.56	0.38	0.34	0.28	0.42	0.44	0.58	0.32	0.42	0.26
2900	0.46	0.44	0.54	0.34	0.38	0.52	0.54	0.36	0.34	0.28	0.44	0.44	0.62	0.34	0.4	0.28
2950	0.36	0.44	0.56	0.34	0.38	0.48	0.52	0.28	0.36	0.32	0.46	0.44	0.58	0.36	0.4	0.28
3000	0.38	0.42	0.58	0.3	0.34	0.44	0.5	0.24	0.36	0.32	0.52	0.46	0.58	0.38	0.4	0.32
3050	0.34	0.38	0.54	0.3	0.32	0.44	0.52	0.22	0.36	0.3	0.52	0.5	0.56	0.34	0.4	0.34
3100	0.4	0.42	0.52	0.3	0.32	0.38	0.52	0.26	0.34	0.28	0.52	0.5	0.54	0.34	0.38	0.38
3150	0.48	0.4	0.5	0.28	0.3	0.42	0.54	0.28	0.32	0.28	0.52	0.52	0.5	0.34	0.34	0.42
3200	0.38	0.4	0.54	0.26	0.3	0.48	0.52	0.24	0.3	0.28	0.48	0.52	0.54	0.34	0.32	0.44
3250	0.62	0.48	0.54	0.24	0.32	0.46	0.52	0.26	0.3	0.28	0.5	0.56	0.58	0.36	0.3	0.44
3300	0.5	0.48	0.6	0.26	0.32	0.42	0.56	0.26	0.3	0.3	0.56	0.54	0.58	0.36	0.3	0.44
3350	0.5	0.48	0.6	0.26	0.26	0.46	0.6	0.2	0.32	0.28	0.62	0.54	0.6	0.38	0.3	0.4
3400	0.5	0.5	0.62	0.28	0.26	0.44	0.58	0.2	0.3	0.28	0.64	0.58	0.62	0.38	0.32	0.4
3450	0.68	0.54	0.66	0.32	0.34	0.46	0.58	0.2	0.3	0.28	0.64	0.62	0.6	0.4	0.36	0.4
3500	0.38	0.52	0.68	0.34	0.34	0.44	0.58	0.18	0.34	0.24	0.62	0.64	0.6	0.36	0.38	0.4
3550	0.42	0.5	0.64	0.32	0.3	0.44	0.6	0.2	0.36	0.28	0.6	0.62	0.62	0.34	0.38	0.44
3600	0.42	0.5	0.66	0.3	0.3	0.42	0.62	0.22	0.34	0.28	0.6	0.64	0.64	0.34	0.36	0.46
3650	0.46	0.5	0.7	0.38	0.28	0.44	0.6	0.22	0.34	0.28	0.56	0.7	0.64	0.36	0.34	0.44
3700	0.36	0.5	0.68	0.42	0.28	0.44	0.56	0.24	0.3	0.24	0.58	0.72	0.64	0.38	0.34	0.4
3750	0.4	0.48	0.62	0.46	0.32	0.44	0.54	0.24	0.28	0.26	0.58	0.68	0.64	0.38	0.3	0.38
3800	0.5	0.46	0.64	0.48	0.32	0.46	0.5	0.28	0.28	0.3	0.56	0.68	0.68	0.38	0.34	0.38
3850	0.46	0.5	0.66	0.48	0.32	0.46	0.56	0.3	0.3	0.28	0.58	0.62	0.66	0.38	0.32	0.36
3900	0.58	0.5	0.68	0.48	0.36	0.46	0.58	0.3	0.32	0.3	0.54	0.6	0.64	0.42	0.34	0.34
3950	0.38	0.48	0.68	0.52	0.4	0.44	0.58	0.32	0.34	0.3	0.48	0.58	0.62	0.4	0.32	0.38
4000	0.58	0.44	0.66	0.54	0.46	0.44	0.58	0.34	0.4	0.3	0.46	0.6	0.64	0.4	0.32	0.36
4050	0.54	0.44	0.68	0.52	0.48	0.44	0.58	0.4	0.4	0.3	0.48	0.58	0.62	0.42	0.34	0.36
4100	0.4	0.4	0.64	0.52	0.5	0.44	0.62	0.42	0.38	0.3	0.46	0.54	0.64	0.42	0.34	0.36
4150	0.58	0.38	0.66	0.52	0.52	0.48	0.62	0.48	0.36	0.3	0.46	0.54	0.6	0.4	0.36	0.36
4200	0.48	0.38	0.6	0.52	0.5	0.46	0.64	0.46	0.34	0.3	0.48	0.56	0.6	0.44	0.38	0.42
4250	0.5	0.4	0.58	0.54	0.5	0.44	0.62	0.46	0.36	0.36	0.48	0.58	0.56	0.44	0.38	0.42
4300	0.5	0.42	0.6	0.54	0.5	0.44	0.64	0.5	0.42	0.38	0.46	0.56	0.52	0.44	0.36	0.4
4350	0.54	0.44	0.58	0.52	0.52	0.46	0.64	0.54	0.48	0.42	0.48	0.54	0.48	0.42	0.36	0.4
4400	0.56	0.44	0.62	0.52	0.54	0.46	0.68	0.54	0.54	0.44	0.48	0.52	0.44	0.42	0.38	0.44
4450	0.42	0.42	0.62	0.5	0.52	0.44	0.66	0.56	0.62	0.48	0.44	0.52	0.48	0.42	0.36	0.5
4500	0.62	0.44	0.64	0.58	0.52	0.46	0.66	0.54	0.66	0.52	0.44	0.52	0.46	0.42	0.36	0.48
4550	0.52	0.44	0.66	0.58	0.52	0.42	0.64	0.52	0.68	0.54	0.48	0.56	0.4	0.4	0.38	0.48
4600	0.64	0.44	0.62	0.6	0.5	0.44	0.64	0.52	0.66	0.56	0.52	0.56	0.42	0.44	0.38	0.48
4650	0.54	0.44	0.6	0.54	0.56	0.46	0.6	0.54	0.7	0.56	0.52	0.62	0.46	0.42	0.38	0.48
4700	0.54	0.42	0.6	0.58	0.52	0.46	0.62	0.54	0.78	0.58	0.52	0.6	0.42	0.4	0.38	0.48
4750	0.6	0.46	0.6	0.54	0.48	0.46	0.62	0.58	0.78	0.6	0.56	0.62	0.42	0.42	0.38	0.48
4800	0.44	0.44	0.6	0.52	0.44	0.44	0.6	0.58	0.74	0.64	0.56	0.64	0.4	0.4	0.36	0.48
4850	0.52	0.44	0.6	0.48	0.44	0.44	0.58	0.6	0.72	0.7	0.54	0.64	0.42	0.4	0.32	0.46
4900	0.44	0.46	0.6	0.48	0.4	0.44	0.54	0.58	0.7	0.72	0.54	0.62	0.44	0.4	0.32	0.44
4950	0.46	0.48	0.6	0.48	0.42	0.42	0.54	0.58	0.68	0.76	0.56	0.6	0.46	0.36	0.34	0.44
5000	0.6	0.46	0.6	0.5	0.42	0.42	0.54	0.58	0.68	0.7	0.6	0.62	0.52	0.38	0.36	0.44
5050	0.58	0.46	0.58	0.52	0.46	0.44	0.58	0.56	0.68	0.68	0.58	0.64	0.52	0.38	0.38	0.46
5100	0.5	0.44	0.6	0.5	0.48	0.44	0.58	0.56	0.66	0.64	0.6	0.66	0.5	0.38	0.36	0.46
5150	0.44	0.44	0.6	0.48	0.48	0.46	0.54	0.54	0.64	0.64	0.52	0.64	0.54	0.38	0.36	0.46
5200	0.48	0.48	0.58	0.46	0.46	0.44	0.56	0.56	0.64	0.66	0.5	0.7	0.54	0.4	0.36	0.44
5250	0.42	0.46	0.58	0.48	0.44	0.42	0.58	0.56	0.68	0.6	0.46	0.64	0.52	0.38	0.34	0.46
5300	0.6	0.48	0.58	0.46	0.46	0.44	0.56	0.6	0.62	0.6	0.48	0.62	0.54	0.42	0.34	0.48
5350	0.44	0.44	0.6	0.46	0.44	0.5	0.56	0.56	0.6	0.56	0.48	0.6	0.56	0.44	0.32	0.46
5400	0.54	0.46	0.56	0.46	0.48	0.5	0.56	0.56	0.56	0.56	0.44	0.58	0.56	0.44	0.32	0.46
5450	0.54	0.46	0.56	0.44	0.42	0.48	0.56	0.54	0.6	0.54	0.44	0.6	0.56	0.48	0.3	0.46
5500	0.52	0.46	0.54	0.5	0.42	0.48	0.5	0.56	0.62	0.54	0.42	0.62	0.54	0.5	0.3	0.42
5550	0.44	0.46	0.54	0.46	0.5	0.46	0.54	0.54	0.62	0.54	0.36	0.62	0.54	0.48	0.3	0.44
5600	0.5	0.5	0.54	0.46	0.54	0.46	0.54	0.54	0.62	0.52	0.3	0.66	0.52	0.48	0.3	0.46
5650	0.54	0.5	0.54	0.5	0.58	0.48	0.58	0.54	0.62	0.5	0.32	0.64	0.52	0.48	0.34	0.46
5700	0.6	0.48	0.52	0.52	0.56	0.48	0.62	0.56	0.64	0.5	0.3	0.66	0.5	0.44	0.32	0.46
5750	0.4	0.48	0.52	0.52	0.52	0.48	0.62	0.56	0.64	0.5	0.3	0.66	0.5	0.44	0.32	0.46
5800	0.56	0.5	0.52	0.5	0.52	0.52	0.62	0.56	0.64	0.44	0.32	0.66	0.5	0.44	0.3	0.48
5850	0.6	0.52	0.52	0.48	0.58	0.52	0.62	0.6	0.64	0.42	0.36	0.66	0.48	0.44	0.3	0.52
5900	0.46	0.54	0.52	0.5	0.62	0.5	0.58	0.56	0.62	0.42	0.38	0.66	0.46	0.38	0.3	0.48
5950	0.54	0.54	0.54	0.52	0.58	0.5	0.6	0.6	0.64	0.44	0.38	0.68	0.46	0.36	0.3	0.52
6000	0.66	0.54	0.58	0.54	0.58	0.52	0.58	0.58	0.6	0.52	0.4	0.74	0.46	0.36	0.3	0.54
6050	0.52	0.54	0.56	0.54	0.56	0.52	0.58	0.6	0.62	0.52	0.42	0.7	0.46	0.3	0.3	0.56
6100	0.52	0.54	0.58	0.54	0.6	0.52	0.54	0.58	0.6	0.54	0.46	0.66	0.48	0.3	0.3	0.54
6150	0.6	0.54	0.58	0.58	0.62	0.5	0.54	0.58	0.64	0.54	0.42	0.62	0.48	0.34	0.3	0.52
6200	0.58	0.52	0.64	0.58	0.62	0.52	0.58	0.54	0.62	0.56	0.46	0.62	0.44	0.34	0.32	0.54
6250	0.46	0.58	0.66	0.54	0.62	0.5	0.58	0.56	0.64	0.56	0.46	0.56	0.48	0.34	0.34	0.52
6300	0.5	0.6	0.62	0.54	0.62	0.56	0.58	0.54	0.62	0.56	0.46	0.54	0.5	0.32	0.38	0.48
6350	0.62	0.6	0.7	0.58	0.6	0.56	0.6	0.54	0.62	0.6	0.5	0.5	0.5	0.34	0.42	0.5
6400	0.48	0.58	0.72	0.58	0.58	0.56	0.6	0.54	0.6	0.62	0.48	0.46	0.48	0.36	0.44	0.48
6450	0.44	0.58	0.66	0.58	0.6	0.54	0.58	0.56	0.6	0.58	0.48	0.46	0.52	0.36	0.44	0.46
6500	0.48	0.58	0.62	0.6	0.6	0.52	0.58	0.56	0.6	0.6	0.52	0.42	0.52	0.34	0.42	0.46
6550	0.56	0.58	0.66	0.62	0.58	0.48	0.56	0.54	0.64	0.62	0.52	0.4	0.54	0.34	0.42	0.42
6600	0.62	0.56	0.66	0.64	0.58	0.48	0.54	0.54	0.7	0.66	0.52	0.36	0.58	0.32	0.42	0.4
6650	0.56	0.62	0.64	0.64	0.6	0.44	0.56	0.54	0.7	0.68	0.46	0.38	0.54	0.3	0.4	0.4
6700	0.54	0.62	0.66	0.6	0.62	0.4	0.54	0.58	0.72	0.66	0.46	0.42	0.54	0.34	0.4	0.38
6750	0.48	0.58	0.64	0.54	0.62	0.38	0.52	0.56	0.74	0.66	0.46	0.44	0.56	0.32	0.4	0.4
6800	0.5	0.58	0.6	0.56	0.6	0.4	0.54	0.54	0.74	0.66	0.44	0.46	0.56	0.32	0.42	0.42
6850	0.44	0.56	0.64	0.54	0.54	0.42	0.58	0.54	0.72	0.66	0.42	0.48	0.54	0.3	0.44	0.44
6900	0.56	0.56	0.58	0.56	0.54	0.34	0.58	0.56	0.72	0.68	0.42	0.48	0.54	0.38	0.46	0.38
6950	0.64	0.56	0.56	0.58	0.52	0.34	0.58	0.56	0.76	0.66	0.42	0.48	0.54	0.46	0.48	0.38
7000	0.46	0.54	0.56	0.56	0.56	0.32	0.6	0.58	0.74	0.68	0.42	0.5	0.56	0.48	0.48	0.38
7050	0.54	0.54	0.56	0.56	0.62	0.36	0.58	0.58	0.74	0.7	0.4	0.48	0.56	0.48	0.46	0.38
7100	0.56	0.52	0.54	0.6	0.64	0.38	0.54	0.62	0.72	0.7	0.42	0.48	0.54	0.44	0.42	0.36
7150	0.48	0.48	0.56	0.62	0.62	0.38	0.54	0.58	0.72	0.7	0.46	0.5	0.58	0.44	0.38	0.42
7200	0.54	0.52	0.56	0.6	0.62	0.38	0.56	0.6	0.72	0.66	0.44	0.48	0.6	0.5	0.38	0.38
7250	0.48	0.54	0.54	0.6	0.58	0.38	0.56	0.58	0.72	0.68	0.48	0.48	0.56	0.52	0.4	0.38
7300	0.62	0.52	0.52	0.6	0.62	0.44	0.52	0.54	0.76	0.66	0.52	0.48	0.54	0.54	0.42	0.38
7350	0.46	0.48	0.5	0.64	0.6	0.42	0.5	0.52	0.74	0.64	0.52	0.5	0.54	0.56	0.44	0.4
7400	0.56	0.46	0.5	0.64	0.62	0.44	0.52	0.52	0.74	0.6	0.52	0.54	0.52	0.56	0.42	0.42
7450	0.52	0.44	0.5	0.64	0.62	0.46	0.54	0.5	0.74	0.58	0.52	0.5	0.52	0.56	0.42	0.46
7500	0.44	0.5	0.52	0.62	0.6	0.48	0.54	0.52	0.7	0.58	0.52	0.5	0.52	0.46	0.38	0.42
7550	0.7	0.52	0.5	0.64	0.6	0.48	0.52	0.5	0.68	0.6	0.52	0.56	0.54	0.44	0.4	0.46
7600	0.52	0.5	0.5	0.68	0.58	0.48	0.5	0.52	0.68	0.62	0.56	0.56	0.54	0.36	0.4	0.5
7650	0.38	0.5	0.46	0.7	0.56	0.48	0.54	0.52	0.62	0.58	0.5	0.56	0.56	0.4	0.38	0.54
7700	0.48	0.48	0.46	0.72	0.54	0.48	0.52	0.48	0.6	0.58	0.52	0.56	0.58	0.38	0.42	0.56
7750	0.56	0.48	0.46	0.72	0.52	0.48	0.5	0.44	0.58	0.58	0.54	0.56	0.56	0.4	0.46	0.56
7800	0.62	0.5	0.46	0.74	0.46	0.5	0.5	0.44	0.56	0.58	0.5	0.58	0.56	0.42	0.48	0.58
7850	0.54	0.52	0.5	0.7	0.46	0.52	0.54	0.42	0.58	0.56	0.5	0.64	0.56	0.36	0.48	0.58
7900	0.42	0.52	0.48	0.72	0.44	0.5	0.54	0.38	0.58	0.58	0.48	0.68	0.54	0.34	0.46	0.62
7950	0.56	0.52	0.5	0.72	0.44	0.52	0.52	0.38	0.58	0.58	0.48	0.7	0.54	0.34	0.48	0.62
8000	0.54	0.5	0.5	0.68	0.44	0.56	0.5	0.4	0.62	0.58	0.46	0.64	0.52	0.36	0.46	0.62
8050	0.44	0.5	0.52	0.68	0.44	0.54	0.46	0.42	0.56	0.58	0.44	0.62	0.54	0.36	0.46	0.6
8100	0.52	0.52	0.54	0.66	0.42	0.48	0.44	0.42	0.56	0.6	0.46	0.66	0.52	0.34	0.48	0.6
8150	0.66	0.54	0.54	0.68	0.4	0.48	0.46	0.46	0.56	0.64	0.48	0.62	0.54	0.34	0.54	0.6
8200	0.48	0.54	0.54	0.7	0.4	0.44	0.46	0.48	0.56	0.66	0.42	0.6	0.5	0.36	0.54	0.54
8250	0.62	0.6	0.58	0.68	0.38	0.42	0.46	0.52	0.56	0.66	0.44	0.6	0.5	0.4	0.54	0.5
8300	0.46	0.62	0.54	0.66	0.38	0.38	0.48	0.54	0.56	0.64	0.44	0.58	0.5	0.42	0.6	0.5
8350	0.42	0.6	0.56	0.66	0.4	0.38	0.48	0.52	0.56	0.6	0.46	0.58	0.52	0.44	0.6	0.48
8400	0.5	0.6	0.56	0.66	0.4	0.4	0.5	0.52	0.56	0.6	0.48	0.52	0.52	0.46	0.54	0.48
8450	0.48	0.6	0.6	0.7	0.36	0.42	0.5	0.54	0.58	0.56	0.46	0.52	0.54	0.44	0.5	0.48
8500	0.7	0.6	0.6	0.7	0.36	0.42	0.56	0.58	0.6	0.58	0.52	0.5	0.52	0.52	0.46	0.48
8550	0.54	0.62	0.6	0.7	0.38	0.4	0.56	0.6	0.58	0.58	0.48	0.48	0.5	0.52	0.42	0.48
8600	0.58	0.6	0.6	0.68	0.4	0.4	0.58	0.6	0.6	0.58	0.48	0.48	0.56	0.52	0.42	0.48
8650	0.54	0.64	0.62	0.72	0.4	0.38	0.62	0.6	0.62	0.56	0.46	0.54	0.54	0.5	0.44	0.44
8700	0.54	0.66	0.62	0.7	0.4	0.38	0.64	0.58	0.64	0.58	0.46	0.5	0.56	0.5	0.42	0.46
8750	0.64	0.68	0.62	0.7	0.42	0.4	0.66	0.58	0.64	0.56	0.46	0.5	0.54	0.56	0.42	0.48
8800	0.6	0.72	0.62	0.7	0.42	0.4	0.68	0.58	0.64	0.6	0.4	0.5	0.56	0.56	0.38	0.5
8850	0.42	0.7	0.6	0.66	0.36	0.32	0.68	0.58	0.66	0.58	0.4	0.48	0.54	0.54	0.4	0.5
8900	0.48	0.7	0.6	0.68	0.36	0.34	0.68	0.54	0.66	0.56	0.44	0.48	0.56	0.54	0.34	0.5
8950	0.48	0.7	0.6	0.68	0.36	0.34	0.68	0.52	0.62	0.56	0.44	0.52	0.58	0.54	0.32	0.5
9000	0.68	0.72	0.56	0.68	0.38	0.32	0.66	0.52	0.62	0.56	0.44	0.52	0.58	0.54	0.34	0.52
9050	0.5	0.7	0.58	0.68	0.42	0.34	0.66	0.54	0.62	0.58	0.46	0.54	0.54	0.54	0.34	0.5
9100	0.48	0.68	0.56	0.64	0.42	0.36	0.66	0.54	0.64	0.6	0.44	0.54	0.5	0.54	0.32	0.52
9150	0.48	0.64	0.56	0.64	0.44	0.36	0.68	0.5	0.66	0.6	0.44	0.58	0.46	0.54	0.36	0.52
9200	0.5	0.66	0.56	0.64	0.44	0.36	0.64	0.48	0.66	0.58	0.4	0.6	0.44	0.52	0.38	0.5
9250	0.58	0.66	0.52	0.66	0.48	0.38	0.66	0.48	0.66	0.58	0.4	0.58	0.46	0.52	0.4	0.5
9300	0.52	0.64	0.54	0.64	0.5	0.36	0.66	0.54	0.66	0.56	0.48	0.56	0.46	0.48	0.44	0.5
9350	0.6	0.62	0.54	0.64	0.52	0.34	0.64	0.54	0.62	0.56	0.48	0.58	0.42	0.5	0.44	0.54
9400	0.6	0.62	0.56	0.68	0.5	0.34	0.6	0.56	0.58	0.58	0.46	0.56	0.44	0.48	0.48	0.54
9450	0.66	0.62	0.54	0.68	0.52	0.4	0.58	0.56	0.58	0.6	0.46	0.6	0.5	0.48	0.46	0.52
9500	0.46	0.6	0.54	0.68	0.52	0.36	0.6	0.54	0.58	0.58	0.46	0.62	0.52	0.44	0.5	0.52
9550	0.6	0.6	0.56	0.7	0.5	0.44	0.56	0.5	0.6	0.58	0.5	0.58	0.56	0.38	0.54	0.54
9600	0.66	0.62	0.54	0.72	0.54	0.46	0.56	0.48	0.62	0.58	0.56	0.6	0.58	0.38	0.56	0.54
9650	0.36	0.6	0.54	0.72	0.54	0.44	0.54	0.54	0.6	0.56	0.56	0.56	0.54	0.36	0.52	0.52
9700	0.44	0.6	0.54	0.7	0.56	0.42	0.5	0.56	0.58	0.6	0.5	0.54	0.56	0.4	0.56	0.5
9750	0.66	0.62	0.56	0.7	0.58	0.42	0.46	0.58	0.58	0.6	0.54	0.58	0.56	0.4	0.56	0.5
9800	0.68	0.6	0.62	0.72	0.56	0.42	0.5	0.58	0.58	0.58	0.58	0.56	0.62	0.38	0.58	0.5
9850	0.54	0.6	0.64	0.72	0.56	0.44	0.52	0.56	0.56	0.52	0.58	0.56	0.66	0.4	0.6	0.5
9900	0.62	0.62	0.64	0.72	0.58	0.46	0.52	0.54	0.54	0.58	0.6	0.54	0.68	0.42	0.58	0.5
9950	0.56	0.6	0.62	0.68	0.56	0.5	0.52	0.56	0.54	0.58	0.6	0.56	0.68	0.38	0.58	0.5
10000	0.54	0.56	0.64	0.68	0.56	0.5	0.5	0.56	0.54	0.58	0.6	0.6	0.66	0.38	0.58	0.48
10050	0.6	0.54	0.62	0.66	0.52	0.56	0.58	0.54	0.5	0.64	0.6	0.6	0.66	0.36	0.6	0.5
10100	0.6	0.6	0.64	0.68	0.52	0.56	0.6	0.54	0.56	0.64	0.58	0.6	0.66	0.38	0.58	0.52
10150	0.66	0.62	0.66	0.68	0.52	0.56	0.62	0.54	0.58	0.64	0.6	0.58	0.66	0.4	0.62	0.48
10200	0.6	0.64	0.66	0.68	0.52	0.56	0.62	0.52	0.6	0.64	0.64	0.52	0.68	0.36	0.6	0.44
10250	0.54	0.6	0.66	0.68	0.54	0.54	0.64	0.48	0.64	0.62	0.6	0.54	0.66	0.4	0.62	0.48
10300	0.6	0.62	0.68	0.66	0.54	0.54	0.66	0.48	0.64	0.58	0.62	0.54	0.64	0.44	0.6	0.5
10350	0.66	0.6	0.68	0.64	0.56	0.54	0.68	0.48	0.64	0.6	0.64	0.56	0.66	0.46	0.62	0.48
10400	0.74	0.58	0.7	0.64	0.58	0.64	0.68	0.48	0.62	0.62	0.68	0.54	0.68	0.46	0.66	0.52
10450	0.74	0.58	0.7	0.64	0.62	0.62	0.76	0.46	0.58	0.62	0.7	0.52	0.66	0.48	0.66	0.54
10500	0.58	0.58	0.68	0.64	0.62	0.62	0.72	0.48	0.58	0.62	0.7	0.48	0.66	0.52	0.68	0.58
10550	0.64	0.6	0.7	0.58	0.62	0.64	0.74	0.46	0.64	0.66	0.7	0.46	0.66	0.54	0.7	0.58
10600	0.66	0.6	0.7	0.56	0.64	0.68	0.72	0.46	0.62	0.66	0.7	0.46	0.66	0.54	0.7	0.6
10650	0.74	0.62	0.7	0.56	0.66	0.7	0.74	0.46	0.66	0.68	0.7	0.48	0.66	0.54	0.74	0.62
10700	0.82	0.62	0.7	0.58	0.7	0.7	0.72	0.52	0.68	0.68	0.7	0.52	0.64	0.54	0.76	0.62
10750	0.68	0.64	0.74	0.56	0.66	0.74	0.72	0.52	0.68	0.68	0.7	0.52	0.64	0.56	0.8	0.64
10800	0.6	0.6	0.76	0.56	0.64	0.72	0.74	0.54	0.68	0.68	0.68	0.52	0.62	0.54	0.78	0.66
10850	0.78	0.6	0.78	0.56	0.68	0.74	0.74	0.56	0.72	0.7	0.7	0.56	0.6	0.5	0.8	0.66
10900	0.8	0.6	0.84	0.56	0.68	0.76	0.74	0.56	0.76	0.7	0.7	0.64	0.6	0.52	0.82	0.68
10950	0.72	0.58	0.82	0.58	0.7	0.74	0.76	0.56	0.76	0.8	0.74	0.62	0.6	0.56	0.82	0.66
11000	0.72	0.62	0.82	0.58	0.74	0.76	0.78	0.54	0.76	0.8	0.72	0.62	0.58	0.62	0.82	0.66
11050	0.64	0.6	0.8	0.54	0.74	0.8	0.78	0.52	0.74	0.8	0.7	0.66	0.6	0.64	0.82	0.7
11100	0.64	0.62	0.82	0.56	0.72	0.82	0.78	0.58	0.74	0.82	0.68	0.6	0.54	0.68	0.76	0.72
11150	0.76	0.64	0.78	0.58	0.74	0.8	0.76	0.6	0.74	0.84	0.68	0.62	0.56	0.68	0.74	0.72
11200	0.74	0.64	0.82	0.62	0.74	0.78	0.8	0.58	0.74	0.86	0.68	0.64	0.56	0.68	0.72	0.72
11250	0.64	0.64	0.8	0.68	0.72	0.78	0.76	0.58	0.74	0.9	0.68	0.66	0.54	0.66	0.72	0.72
11300	0.74	0.66	0.82	0.64	0.72	0.78	0.8	0.56	0.72	0.88	0.72	0.66	0.56	0.66	0.74	0.74
11350	0.72	0.66	0.8	0.66	0.76	0.8	0.8	0.52	0.74	0.86	0.74	0.66	0.56	0.68	0.72	0.74
11400	0.58	0.64	0.78	0.7	0.76	0.78	0.76	0.54	0.76	0.86	0.78	0.62	0.56	0.66	0.66	0.72
11450	0.72	0.64	0.76	0.7	0.74	0.78	0.78	0.54	0.76	0.86	0.8	0.6	0.58	0.64	0.62	0.74
11500	0.68	0.68	0.76	0.74	0.74	0.76	0.78	0.52	0.78	0.86	0.78	0.54	0.58	0.64	0.6	0.78
11550	0.68	0.66	0.72	0.74	0.82	0.78	0.76	0.52	0.78	0.84	0.8	0.52	0.58	0.66	0.64	0.74
11600	0.66	0.7	0.7	0.76	0.8	0.78	0.74	0.5	0.76	0.84	0.8	0.48	0.6	0.68	0.58	0.72
11650	0.8	0.72	0.7	0.76	0.8	0.78	0.74	0.5	0.76	0.82	0.8	0.46	0.6	0.7	0.58	0.74
11700	0.74	0.7	0.7	0.78	0.8	0.76	0.74	0.5	0.78	0.82	0.8	0.48	0.6	0.72	0.56	0.74
11750	0.58	0.72	0.72	0.78	0.78	0.74	0.76	0.5	0.82	0.8	0.8	0.5	0.58	0.66	0.56	0.76
11800	0.74	0.72	0.72	0.78	0.76	0.74	0.74	0.52	0.84	0.8	0.8	0.44	0.6	0.66	0.56	0.76
11850	0.68	0.74	0.74	0.78	0.72	0.72	0.74	0.52	0.82	0.8	0.82	0.48	0.62	0.64	0.58	0.76
11900	0.68	0.74	0.74	0.78	0.74	0.74	0.74	0.52	0.8	0.76	0.8	0.52	0.66	0.6	0.56	0.76
11950	0.68	0.7	0.74	0.8	0.72	0.74	0.74	0.46	0.76	0.76	0.8	0.5	0.66	0.6	0.56	0.76
12000	0.76	0.7	0.76	0.82	0.76	0.76	0.76	0.46	0.74	0.76	0.78	0.5	0.7	0.6	0.58	0.78
12050	0.54	0.7	0.78	0.82	0.78	0.76	0.74	0.42	0.7	0.74	0.76	0.5	0.68	0.54	0.56	0.78
12100	0.68	0.7	0.78	0.74	0.82	0.76	0.72	0.46	0.7	0.72	0.74	0.5	0.7	0.58	0.56	0.78
12150	0.6	0.72	0.78	0.76	0.8	0.72	0.76	0.44	0.68	0.72	0.72	0.5	0.72	0.54	0.56	0.74
12200	0.7	0.78	0.78	0.76	0.76	0.72	0.76	0.44	0.68	0.72	0.72	0.56	0.74	0.54	0.56	0.72
12250	0.7	0.74	0.8	0.74	0.76	0.72	0.8	0.42	0.7	0.68	0.7	0.58	0.76	0.52	0.58	0.72
12300	0.64	0.74	0.76	0.76	0.74	0.72	0.78	0.46	0.72	0.68	0.66	0.58	0.78	0.5	0.58	0.72
12350	0.72	0.72	0.8	0.74	0.72	0.72	0.82	0.44	0.74	0.68	0.66	0.64	0.76	0.48	0.52	0.74
12400	0.78	0.72	0.8	0.74	0.7	0.74	0.82	0.46	0.74	0.7	0.66	0.64	0.78	0.46	0.54	0.76
12450	0.64	0.72	0.8	0.74	0.68	0.76	0.74	0.46	0.72	0.7	0.7	0.68	0.8	0.46	0.52	0.7
12500	0.64	0.72	0.78	0.72	0.68	0.78	0.72	0.48	0.7	0.7	0.72	0.66	0.82	0.44	0.52	0.7
12550	0.7	0.7	0.8	0.74	0.7	0.78	0.72	0.48	0.7	0.68	0.74	0.64	0.82	0.44	0.5	0.72
12600	0.7	0.7	0.8	0.76	0.7	0.76	0.7	0.46	0.7	0.68	0.74	0.62	0.8	0.5	0.52	0.7
12650	0.7	0.68	0.8	0.74	0.7	0.76	0.7	0.52	0.68	0.68	0.72	0.64	0.78	0.52	0.54	0.7
12700	0.76	0.68	0.78	0.72	0.7	0.74	0.68	0.52	0.72	0.66	0.74	0.66	0.78	0.56	0.58	0.7
12750	0.76	0.68	0.72	0.74	0.7	0.76	0.68	0.56	0.72	0.66	0.76	0.68	0.76	0.6	0.62	0.72
12800	0.74	0.7	0.7	0.8	0.68	0.78	0.66	0.6	0.74	0.68	0.76	0.66	0.78	0.6	0.64	0.76
12850	0.64	0.66	0.68	0.78	0.64	0.8	0.66	0.56	0.76	0.72	0.78	0.66	0.76	0.6	0.68	0.72
12900	0.74	0.7	0.64	0.78	0.62	0.8	0.66	0.58	0.78	0.72	0.78	0.66	0.76	0.6	0.7	0.7
12950	0.68	0.72	0.64	0.78	0.62	0.84	0.68	0.58	0.78	0.74	0.78	0.64	0.68	0.6	0.74	0.68
13000	0.82	0.72	0.66	0.78	0.64	0.86	0.68	0.6	0.74	0.74	0.78	0.7	0.72	0.58	0.78	0.7
13050	0.74	0.7	0.66	0.78	0.68	0.86	0.66	0.6	0.74	0.74	0.8	0.7	0.7	0.6	0.74	0.68
13100	0.68	0.7	0.66	0.78	0.72	0.82	0.68	0.6	0.7	0.76	0.8	0.66	0.66	0.64	0.74	0.66
13150	0.82	0.68	0.64	0.8	0.74	0.84	0.7	0.6	0.7	0.74	0.8	0.68	0.64	0.64	0.78	0.68
13200	0.86	0.74	0.72	0.84	0.74	0.84	0.72	0.64	0.74	0.78	0.82	0.66	0.64	0.72	0.8	0.68
13250	0.76	0.74	0.7	0.8	0.78	0.82	0.7	0.66	0.74	0.78	0.78	0.7	0.66	0.74	0.78	0.72
13300	0.82	0.72	0.7	0.8	0.76	0.84	0.74	0.7	0.74	0.82	0.72	0.74	0.66	0.72	0.8	0.72
13350	0.66	0.72	0.7	0.82	0.72	0.88	0.74	0.68	0.7	0.86	0.7	0.78	0.64	0.7	0.78	0.72
13400	0.74	0.76	0.72	0.84	0.7	0.88	0.72	0.68	0.72	0.86	0.68	0.78	0.62	0.74	0.78	0.72
13450	0.66	0.74	0.74	0.82	0.74	0.9	0.74	0.7	0.72	0.84	0.68	0.76	0.58	0.74	0.76	0.68
13500	0.68	0.72	0.76	0.8	0.76	0.88	0.74	0.74	0.72	0.84	0.66	0.76	0.58	0.72	0.68	0.68
13550	0.76	0.74	0.8	0.78	0.8	0.86	0.78	0.74	0.7	0.82	0.64	0.78	0.62	0.72	0.66	0.7
13600	0.82	0.74	0.84	0.72	0.82	0.86	0.78	0.76	0.7	0.84	0.64	0.8	0.68	0.72	0.62	0.7
13650	0.78	0.78	0.86	0.74	0.82	0.86	0.78	0.8	0.68	0.86	0.62	0.78	0.66	0.7	0.6	0.72
13700	0.9	0.78	0.88	0.76	0.82	0.88	0.74	0.8	0.7	0.88	0.64	0.78	0.68	0.72	0.6	0.72
13750	0.72	0.8	0.86	0.76	0.82	0.86	0.74	0.82	0.66	0.9	0.62	0.78	0.68	0.76	0.58	0.74
13800	0.78	0.8	0.84	0.76	0.82	0.86	0.72	0.84	0.72	0.88	0.6	0.76	0.7	0.76	0.56	0.74
13850	0.62	0.78	0.84	0.74	0.82	0.84	0.74	0.84	0.7	0.88	0.62	0.76	0.74	0.7	0.58	0.7
13900	0.7	0.78	0.82	0.74	0.8	0.84	0.76	0.84	0.7	0.84	0.62	0.74	0.72	0.66	0.58	0.7
13950	0.72	0.76	0.84	0.74	0.8	0.84	0.78	0.84	0.72	0.82	0.62	0.7	0.7	0.66	0.62	0.68
14000	0.8	0.76	0.88	0.76	0.8	0.86	0.78	0.82	0.72	0.82	0.66	0.72	0.72	0.68	0.62	0.64
14050	0.78	0.76	0.9	0.74	0.78	0.86	0.8	0.8	0.72	0.78	0.64	0.72	0.7	0.72	0.62	0.62
14100	0.68	0.76	0.92	0.7	0.78	0.86	0.82	0.78	0.76	0.78	0.62	0.7	0.74	0.7	0.58	0.6
14150	0.72	0.78	0.9	0.7	0.82	0.86	0.8	0.78	0.76	0.82	0.62	0.7	0.72	0.68	0.6	0.58
14200	0.8	0.76	0.9	0.72	0.82	0.86	0.82	0.78	0.76	0.82	0.6	0.7	0.74	0.68	0.6	0.6
14250	0.74	0.78	0.88	0.7	0.82	0.86	0.8	0.76	0.8	0.84	0.58	0.72	0.74	0.66	0.58	0.6
14300	0.76	0.8	0.88	0.74	0.84	0.88	0.8	0.76	0.78	0.82	0.58	0.72	0.72	0.66	0.56	0.62
14350	0.74	0.82	0.88	0.78	0.86	0.88	0.8	0.72	0.78	0.82	0.56	0.68	0.68	0.66	0.54	0.64
14400	0.68	0.82	0.88	0.78	0.82	0.88	0.78	0.72	0.82	0.8	0.54	0.68	0.64	0.66	0.58	0.64
14450	0.76	0.8	0.9	0.74	0.82	0.9	0.78	0.72	0.82	0.8	0.56	0.68	0.6	0.7	0.6	0.64
14500	0.82	0.8	0.92	0.76	0.8	0.9	0.8	0.74	0.84	0.84	0.52	0.7	0.56	0.78	0.64	0.64
14550	0.78	0.8	0.92	0.78	0.76	0.9	0.8	0.74	0.86	0.84	0.52	0.72	0.62	0.76	0.6	0.62
14600	0.78	0.82	0.92	0.78	0.74	0.88	0.8	0.68	0.88	0.84	0.52	0.74	0.62	0.78	0.6	0.62
14650	0.66	0.78	0.92	0.78	0.74	0.86	0.76	0.68	0.9	0.82	0.52	0.76	0.64	0.76	0.6	0.62
14700	0.7	0.78	0.92	0.78	0.76	0.86	0.74	0.68	0.88	0.8	0.56	0.76	0.62	0.74	0.6	0.62
14750	0.62	0.78	0.92	0.78	0.74	0.88	0.7	0.68	0.78	0.84	0.54	0.74	0.62	0.74	0.58	0.56
14800	0.74	0.78	0.92	0.7	0.74	0.88	0.72	0.7	0.78	0.82	0.56	0.8	0.6	0.76	0.6	0.58
14850	0.68	0.76	0.9	0.68	0.7	0.88	0.76	0.7	0.78	0.86	0.58	0.76	0.6	0.74	0.62	0.6
14900	0.7	0.76	0.9	0.62	0.74	0.88	0.74	0.7	0.8	0.86	0.54	0.76	0.58	0.74	0.62	0.64
14950	0.74	0.82	0.86	0.64	0.74	0.82	0.72	0.7	0.8	0.86	0.54	0.76	0.6	0.74	0.6	0.66
15000	0.8	0.82	0.88	0.66	0.74	0.82	0.74	0.74	0.8	0.82	0.56	0.74	0.66	0.72	0.64	0.72
15050	0.76	0.8	0.9	0.64	0.74	0.82	0.76	0.74	0.8	0.8	0.56	0.74	0.64	0.72	0.66	0.74
15100	0.74	0.8	0.92	0.62	0.74	0.84	0.78	0.72	0.78	0.78	0.58	0.74	0.64	0.7	0.66	0.7
15150	0.74	0.78	0.92	0.6	0.74	0.84	0.78	0.72	0.76	0.78	0.56	0.76	0.68	0.7	0.62	0.72
15200	0.84	0.78	0.92	0.58	0.72	0.84	0.82	0.72	0.78	0.8	0.56	0.76	0.72	0.7	0.64	0.72
15250	0.76	0.82	0.9	0.6	0.68	0.86	0.8	0.72	0.78	0.8	0.54	0.76	0.74	0.7	0.68	0.72
15300	0.82	0.82	0.92	0.6	0.7	0.88	0.76	0.72	0.78	0.76	0.54	0.78	0.74	0.7	0.68	0.78
15350	0.74	0.82	0.92	0.58	0.7	0.92	0.74	0.74	0.76	0.76	0.56	0.78	0.74	0.72	0.68	0.82
15400	0.7	0.8	0.92	0.58	0.7	0.92	0.78	0.72	0.76	0.78	0.58	0.76	0.72	0.76	0.64	0.82
15450	0.8	0.84	0.92	0.6	0.68	0.9	0.8	0.74	0.76	0.74	0.56	0.76	0.76	0.78	0.66	0.84
15500	0.74	0.86	0.88	0.62	0.7	0.88	0.8	0.74	0.8	0.74	0.56	0.74	0.76	0.78	0.64	0.82
15550	0.76	0.86	0.88	0.64	0.68	0.9	0.8	0.72	0.84	0.72	0.56	0.72	0.8	0.8	0.6	0.8
15600	0.72	0.82	0.88	0.72	0.7	0.92	0.78	0.74	0.84	0.64	0.56	0.7	0.82	0.82	0.6	0.82
15650	0.78	0.82	0.88	0.72	0.68	0.92	0.78	0.72	0.84	0.6	0.58	0.7	0.84	0.86	0.62	0.8
15700	0.84	0.8	0.9	0.74	0.68	0.9	0.78	0.74	0.84	0.62	0.62	0.72	0.82	0.86	0.64	0.78
15750	0.8	0.8	0.9	0.72	0.68	0.9	0.74	0.74	0.84	0.64	0.68	0.72	0.82	0.84	0.66	0.82
15800	0.76	0.78	0.9	0.78	0.68	0.9	0.74	0.76	0.84	0.66	0.68	0.68	0.8	0.86	0.68	0.84
15850	0.74	0.76	0.9	0.76	0.66	0.9	0.76	0.74	0.84	0.66	0.7	0.66	0.82	0.86	0.64	0.84
15900	0.84	0.74	0.9	0.8	0.7	0.9	0.78	0.74	0.82	0.66	0.72	0.66	0.8	0.84	0.64	0.86
15950	0.84	0.74	0.88	0.78	0.74	0.9	0.78	0.72	0.84	0.66	0.74	0.7	0.8	0.82	0.68	0.88
16000	0.78	0.76	0.86	0.78	0.72	0.9	0.78	0.72	0.8	0.66	0.76	0.72	0.78	0.82	0.7	0.88
16050	0.66	0.76	0.86	0.8	0.7	0.88	0.76	0.72	0.76	0.68	0.74	0.68	0.78	0.82	0.72	0.86
16100	0.74	0.76	0.88	0.76	0.7	0.86	0.76	0.74	0.78	0.68	0.76	0.68	0.78	0.82	0.68	0.86
16150	0.78	0.72	0.84	0.74	0.72	0.86	0.76	0.76	0.78	0.68	0.78	0.66	0.8	0.82	0.7	0.88
16200	0.88	0.72	0.84	0.74	0.72	0.84	0.78	0.76	0.76	0.68	0.8	0.7	0.78	0.84	0.72	0.9
16250	0.72	0.7	0.84	0.72	0.72	0.84	0.8	0.74	0.76	0.7	0.78	0.7	0.76	0.84	0.74	0.92
16300	0.66	0.7	0.84	0.66	0.72	0.84	0.82	0.72	0.76	0.7	0.78	0.68	0.72	0.84	0.72	0.92
16350	0.74	0.72	0.86	0.64	0.72	0.86	0.82	0.74	0.76	0.7	0.76	0.68	0.64	0.88	0.7	0.9
16400	0.74	0.72	0.88	0.66	0.72	0.84	0.84	0.74	0.76	0.74	0.78	0.72	0.64	0.84	0.7	0.9
16450	0.76	0.76	0.88	0.66	0.72	0.82	0.82	0.74	0.78	0.8	0.76	0.72	0.62	0.8	0.7	0.88
16500	0.84	0.74	0.88	0.66	0.7	0.84	0.86	0.74	0.78	0.78	0.78	0.76	0.64	0.78	0.72	0.9
16550	0.88	0.78	0.88	0.72	0.68	0.86	0.84	0.74	0.78	0.78	0.78	0.78	0.64	0.78	0.72	0.9
16600	0.76	0.8	0.86	0.72	0.68	0.86	0.84	0.72	0.78	0.8	0.74	0.78	0.66	0.76	0.74	0.9
16650	0.74	0.8	0.86	0.74	0.68	0.86	0.84	0.74	0.8	0.8	0.72	0.76	0.68	0.74	0.72	0.86
16700	0.64	0.8	0.86	0.68	0.66	0.86	0.82	0.74	0.78	0.78	0.7	0.76	0.68	0.74	0.7	0.88
16750	0.76	0.8	0.86	0.7	0.66	0.86	0.82	0.78	0.76	0.76	0.7	0.8	0.62	0.74	0.7	0.88
16800	0.78	0.8	0.82	0.66	0.66	0.86	0.84	0.76	0.76	0.78	0.7	0.8	0.62	0.74	0.68	0.86
16850	0.84	0.82	0.82	0.7	0.66	0.86	0.82	0.78	0.76	0.78	0.72	0.8	0.62	0.74	0.66	0.84
16900	0.86	0.8	0.82	0.7	0.64	0.86	0.82	0.78	0.76	0.8	0.72	0.86	0.64	0.72	0.68	0.82
16950	0.8	0.84	0.82	0.74	0.66	0.9	0.8	0.78	0.76	0.8	0.7	0.86	0.66	0.72	0.68	0.8
17000	0.82	0.82	0.82	0.76	0.68	0.9	0.82	0.76	0.8	0.82	0.72	0.86	0.66	0.78	0.66	0.78
17050	0.76	0.84	0.82	0.76	0.68	0.9	0.8	0.74	0.8	0.82	0.72	0.8	0.66	0.8	0.64	0.78
17100	0.84	0.82	0.84	0.76	0.68	0.92	0.82	0.78	0.82	0.84	0.72	0.8	0.7	0.84	0.68	0.76
17150	0.8	0.84	0.84	0.76	0.7	0.94	0.82	0.76	0.82	0.86	0.72	0.78	0.72	0.86	0.68	0.76
17200	0.78	0.84	0.82	0.74	0.68	0.94	0.82	0.78	0.82	0.86	0.72	0.76	0.76	0.88	0.7	0.76
17250	0.82	0.86	0.82	0.74	0.7	0.94	0.84	0.76	0.84	0.86	0.66	0.78	0.76	0.88	0.66	0.74
17300	0.84	0.86	0.86	0.76	0.74	0.94	0.86	0.76	0.86	0.84	0.68	0.8	0.8	0.86	0.66	0.74
17350	0.74	0.8	0.84	0.76	0.76	0.9	0.84	0.78	0.86	0.84	0.7	0.84	0.78	0.84	0.7	0.72
17400	0.76	0.8	0.84	0.76	0.78	0.88	0.84	0.78	0.82	0.86	0.7	0.84	0.76	0.86	0.72	0.7
17450	0.84	0.8	0.84	0.76	0.8	0.88	0.84	0.82	0.82	0.86	0.68	0.8	0.74	0.86	0.76	0.7
17500	0.8	0.82	0.84	0.78	0.84	0.86	0.84	0.8	0.82	0.88	0.7	0.8	0.78	0.88	0.74	0.7
17550	0.8	0.82	0.82	0.8	0.82	0.88	0.84	0.8	0.8	0.86	0.72	0.82	0.76	0.88	0.76	0.68
17600	0.72	0.82	0.82	0.82	0.78	0.88	0.84	0.84	0.8	0.84	0.72	0.84	0.7	0.86	0.74	0.66
17650	0.76	0.82	0.8	0.82	0.8	0.86	0.84	0.82	0.84	0.82	0.7	0.82	0.68	0.86	0.74	0.64
17700	0.92	0.82	0.8	0.84	0.8	0.86	0.86	0.86	0.84	0.84	0.7	0.82	0.7	0.86	0.74	0.64
17750	0.74	0.8	0.76	0.84	0.8	0.86	0.84	0.88	0.86	0.84	0.68	0.82	0.7	0.82	0.8	0.68
17800	0.86	0.8	0.76	0.84	0.78	0.86	0.82	0.88	0.86	0.78	0.68	0.84	0.68	0.82	0.8	0.7
17850	0.86	0.78	0.78	0.88	0.8	0.84	0.82	0.9	0.88	0.78	0.7	0.84	0.68	0.82	0.82	0.74
17900	0.82	0.76	0.76	0.88	0.8	0.84	0.8	0.92	0.88	0.76	0.68	0.88	0.68	0.86	0.8	0.76
17950	0.76	0.74	0.8	0.86	0.8	0.86	0.8	0.88	0.88	0.78	0.68	0.9	0.62	0.84	0.8	0.76
18000	0.76	0.76	0.78	0.88	0.8	0.82	0.78	0.88	0.88	0.78	0.68	0.9	0.62	0.84	0.76	0.78
18050	0.8	0.8	0.78	0.9	0.82	0.78	0.8	0.88	0.88	0.78	0.7	0.9	0.6	0.82	0.76	0.78
18100	0.82	0.8	0.82	0.9	0.8	0.8	0.8	0.84	0.88	0.78	0.72	0.86	0.62	0.86	0.76	0.78
18150	0.82	0.78	0.82	0.88	0.78	0.78	0.8	0.84	0.88	0.76	0.76	0.88	0.62	0.86	0.76	0.84
18200	0.7	0.76	0.84	0.86	0.78	0.76	0.8	0.84	0.88	0.76	0.76	0.88	0.66	0.84	0.7	0.82
18250	0.82	0.74	0.84	0.88	0.76	0.76	0.78	0.84	0.86	0.8	0.78	0.9	0.66	0.86	0.7	0.82
18300	0.74	0.72	0.86	0.88	0.76	0.78	0.76	0.8	0.84	0.8	0.76	0.88	0.66	0.88	0.7	0.86
18350	0.82	0.72	0.86	0.86	0.76	0.76	0.76	0.78	0.86	0.8	0.76	0.88	0.66	0.88	0.7	0.86
18400	0.82	0.76	0.88	0.8	0.82	0.8	0.74	0.78	0.88	0.82	0.74	0.88	0.7	0.84	0.7	0.84
18450	0.84	0.78	0.88	0.8	0.82	0.8	0.74	0.78	0.84	0.8	0.76	0.88	0.7	0.88	0.72	0.84
18500	0.74	0.78	0.88	0.76	0.82	0.78	0.78	0.78	0.82	0.8	0.74	0.86	0.7	0.86	0.72	0.84
18550	0.76	0.76	0.88	0.76	0.82	0.76	0.8	0.78	0.8	0.8	0.72	0.86	0.72	0.86	0.74	0.8
18600	0.84	0.78	0.94	0.76	0.8	0.76	0.76	0.76	0.8	0.82	0.66	0.86	0.72	0.86	0.76	0.8
18650	0.78	0.78	0.92	0.74	0.84	0.76	0.74	0.74	0.78	0.8	0.68	0.86	0.76	0.84	0.8	0.8
18700	0.7	0.78	0.92	0.74	0.82	0.78	0.74	0.74	0.74	0.8	0.68	0.84	0.74	0.82	0.8	0.78
18750	0.82	0.8	0.92	0.74	0.82	0.8	0.72	0.76	0.72	0.82	0.66	0.86	0.72	0.84	0.8	0.78
18800	0.84	0.8	0.92	0.74	0.82	0.8	0.72	0.76	0.74	0.82	0.66	0.88	0.72	0.88	0.76	0.78
18850	0.8	0.76	0.92	0.74	0.82	0.82	0.72	0.78	0.66	0.8	0.7	0.9	0.74	0.88	0.74	0.78
18900	0.8	0.76	0.92	0.76	0.78	0.82	0.72	0.78	0.64	0.78	0.72	0.9	0.76	0.88	0.78	0.78
18950	0.82	0.72	0.92	0.76	0.78	0.84	0.72	0.8	0.68	0.8	0.72	0.9	0.78	0.88	0.8	0.78
19000	0.82	0.74	0.92	0.8	0.78	0.84	0.72	0.82	0.66	0.8	0.72	0.92	0.76	0.88	0.82	0.76
19050	0.8	0.76	0.94	0.78	0.82	0.82	0.7	0.8	0.64	0.8	0.72	0.94	0.78	0.86	0.86	0.76
19100	0.76	0.76	0.96	0.8	0.78	0.82	0.7	0.8	0.62	0.82	0.74	0.94	0.74	0.84	0.9	0.74
19150	0.68	0.78	0.9	0.82	0.76	0.8	0.74	0.8	0.64	0.8	0.74	0.96	0.74	0.82	0.9	0.68
19200	0.78	0.76	0.88	0.82	0.74	0.8	0.74	0.78	0.66	0.82	0.72	0.96	0.74	0.84	0.88	0.68
19250	0.72	0.76	0.86	0.82	0.76	0.82	0.76	0.8	0.64	0.84	0.76	0.94	0.66	0.84	0.86	0.68
19300	0.78	0.76	0.86	0.8	0.74	0.84	0.78	0.8	0.64	0.84	0.76	0.94	0.66	0.86	0.86	0.68
19350	0.86	0.76	0.86	0.86	0.74	0.84	0.78	0.78	0.68	0.84	0.76	0.94	0.66	0.86	0.84	0.68
19400	0.72	0.76	0.84	0.86	0.72	0.84	0.74	0.76	0.68	0.84	0.74	0.96	0.74	0.82	0.84	0.68
19450	0.76	0.76	0.82	0.84	0.72	0.84	0.74	0.76	0.68	0.84	0.76	0.96	0.76	0.82	0.74	0.72
19500	0.74	0.74	0.8	0.82	0.72	0.82	0.78	0.74	0.68	0.84	0.74	0.92	0.76	0.82	0.76	0.72
19550	0.74	0.74	0.8	0.82	0.72	0.82	0.78	0.74	0.68	0.82	0.76	0.92	0.74	0.78	0.78	0.68
19600	0.78	0.76	0.8	0.82	0.72	0.82	0.76	0.74	0.7	0.84	0.74	0.9	0.74	0.78	0.74	0.7
19650	0.72	0.78	0.8	0.82	0.72	0.84	0.74	0.74	0.7	0.8	0.7	0.88	0.72	0.76	0.72	0.7
19700	0.82	0.82	0.8	0.82	0.72	0.8	0.74	0.72	0.76	0.8	0.68	0.88	0.72	0.78	0.7	0.72
19750	0.86	0.82	0.8	0.8	0.74	0.82	0.74	0.72	0.76	0.78	0.66	0.86	0.72	0.78	0.7	0.76
19800	0.76	0.8	0.78	0.78	0.78	0.82	0.74	0.68	0.78	0.76	0.62	0.86	0.76	0.84	0.72	0.76
19850	0.82	0.78	0.82	0.78	0.82	0.84	0.76	0.68	0.8	0.74	0.62	0.84	0.74	0.84	0.72	0.76
19900	0.84	0.8	0.84	0.8	0.82	0.84	0.78	0.68	0.8	0.74	0.64	0.84	0.76	0.84	0.7	0.78
19950	0.86	0.84	0.86	0.8	0.78	0.84	0.78	0.68	0.82	0.76	0.66	0.84	0.8	0.82	0.7	0.8
20000	0.88	0.84	0.88	0.78	0.78	0.84	0.8	0.66	0.84	0.76	0.68	0.84	0.84	0.82	0.7	0.82
