0	0.0	0.0	0.0	0.0	0.0	0.0	0.0	0.0	0.0	0.0	0.0	0.0	0.0	0.0	0.0	0.0
50	0.04	0.0	0.0	0.0	0.0	0.0	0.0	0.0	0.0	0.0	0.0	0.0	0.0	0.2	0.333333333333	0.0
100	0.24	0.0	0.5	0.0	0.125	0.1	0.0	0.0	0.0	0.0	0.5	0.0	0.0	0.285714285714	0.4	0.166666666667
150	0.38	0.166666666667	0.615384615385	0.0	0.357142857143	0.142857142857	0.384615384615	0.0	0.333333333333	0.0	0.25	0.0833333333333	0.0	0.222222222222	0.5	0.166666666667
200	0.3	0.117647058824	0.684210526316	0.0	0.315789473684	0.294117647059	0.357142857143	0.0	0.428571428571	0.0	0.25	0.0666666666667	0.111111111111	0.272727272727	0.555555555556	0.0833333333333
250	0.44	0.1	0.75	0.0526315789474	0.32	0.35	0.4	0.0	0.555555555556	0.0	0.285714285714	0.105263157895	0.230769230769	0.384615384615	0.533333333333	0.0714285714286
300	0.44	0.0952380952381	0.666666666667	0.111111111111	0.333333333333	0.444444444444	0.5	0.0	0.615384615385	0.0	0.388888888889	0.130434782609	0.1875	0.375	0.578947368421	0.0714285714286
350	0.42	0.136363636364	0.642857142857	0.193548387097	0.322580645161	0.363636363636	0.526315789474	0.1	0.529411764706	0.15	0.47619047619	0.12	0.238095238095	0.333333333333	0.565217391304	0.111111111111
400	0.38	0.16	0.633333333333	0.205882352941	0.342857142857	0.388888888889	0.55	0.111111111111	0.590909090909	0.190476190476	0.434782608696	0.129032258065	0.24	0.318181818182	0.5	0.157894736842
450	0.34	0.178571428571	0.606060606061	0.194444444444	0.409090909091	0.368421052632	0.478260869565	0.151515151515	0.565217391304	0.24	0.44	0.114285714286	0.25	0.304347826087	0.5	0.15
500	0.52	0.172413793103	0.628571428571	0.190476190476	0.425531914894	0.380952380952	0.423076923077	0.210526315789	0.555555555556	0.3	0.516129032258	0.114285714286	0.28125	0.36	0.5	0.173913043478
550	0.26	0.176470588235	0.589743589744	0.190476190476	0.44	0.409090909091	0.423076923077	0.205128205128	0.551724137931	0.28125	0.472222222222	0.121951219512	0.314285714286	0.357142857143	0.452380952381	0.172413793103
600	0.3	0.153846153846	0.575	0.2	0.48	0.391304347826	0.48275862069	0.214285714286	0.551724137931	0.257142857143	0.5	0.127659574468	0.275	0.30303030303	0.45652173913	0.166666666667
650	0.34	0.136363636364	0.545454545455	0.224489795918	0.48	0.382978723404	0.4375	0.227272727273	0.545454545455	0.289473684211	0.489361702128	0.122448979592	0.318181818182	0.323529411765	0.428571428571	0.176470588235
700	0.28	0.125	0.565217391304	0.24	0.44	0.36	0.428571428571	0.265306122449	0.487179487179	0.285714285714	0.510204081633	0.12	0.3125	0.342857142857	0.42	0.157894736842
750	0.38	0.12	0.583333333333	0.26	0.44	0.36	0.428571428571	0.3	0.46511627907	0.318181818182	0.56	0.12	0.3	0.380952380952	0.38	0.170731707317
800	0.48	0.12	0.6	0.3	0.48	0.4	0.435897435897	0.36	0.454545454545	0.318181818182	0.64	0.12	0.34	0.413043478261	0.34	0.173913043478
850	0.42	0.16	0.56	0.32	0.46	0.42	0.439024390244	0.42	0.469387755102	0.3125	0.66	0.14	0.34	0.44	0.32	0.166666666667
900	0.4	0.16	0.52	0.36	0.48	0.4	0.431818181818	0.46	0.44	0.34	0.62	0.14	0.34	0.46	0.32	0.18
950	0.36	0.18	0.52	0.36	0.46	0.4	0.413043478261	0.46	0.42	0.36	0.6	0.12	0.32	0.5	0.32	0.18
1000	0.22	0.22	0.5	0.4	0.46	0.34	0.4	0.48	0.4	0.38	0.58	0.1	0.3	0.48	0.3	0.18
1050	0.32	0.18	0.5	0.38	0.44	0.3	0.4	0.46	0.4	0.38	0.58	0.1	0.32	0.48	0.32	0.24
1100	0.28	0.2	0.44	0.38	0.38	0.3	0.4	0.48	0.4	0.38	0.56	0.12	0.28	0.52	0.3	0.24
1150	0.4	0.2	0.42	0.34	0.34	0.34	0.4	0.46	0.4	0.36	0.58	0.1	0.28	0.54	0.28	0.28
1200	0.34	0.22	0.4	0.36	0.32	0.34	0.38	0.46	0.42	0.32	0.54	0.16	0.32	0.54	0.28	0.26
1250	0.44	0.22	0.38	0.4	0.32	0.36	0.38	0.5	0.4	0.32	0.54	0.2	0.3	0.54	0.3	0.24
1300	0.54	0.3	0.38	0.4	0.34	0.38	0.4	0.46	0.4	0.36	0.5	0.2	0.3	0.52	0.34	0.24
1350	0.44	0.32	0.4	0.42	0.34	0.34	0.42	0.5	0.38	0.4	0.5	0.22	0.28	0.52	0.32	0.28
1400	0.44	0.34	0.44	0.42	0.34	0.36	0.44	0.48	0.4	0.42	0.5	0.18	0.28	0.52	0.34	0.26
1450	0.6	0.38	0.46	0.44	0.36	0.42	0.48	0.44	0.4	0.38	0.52	0.18	0.32	0.52	0.38	0.3
1500	0.46	0.38	0.42	0.44	0.4	0.44	0.52	0.42	0.4	0.4	0.5	0.2	0.32	0.48	0.36	0.32
1550	0.58	0.44	0.42	0.44	0.4	0.46	0.52	0.44	0.36	0.38	0.5	0.24	0.34	0.5	0.4	0.38
1600	0.6	0.44	0.4	0.48	0.42	0.48	0.56	0.44	0.36	0.38	0.46	0.26	0.32	0.54	0.46	0.38
1650	0.34	0.44	0.42	0.52	0.4	0.48	0.56	0.42	0.38	0.4	0.44	0.26	0.36	0.54	0.5	0.36
1700	0.56	0.42	0.48	0.54	0.4	0.5	0.58	0.42	0.4	0.46	0.42	0.3	0.34	0.54	0.5	0.36
1750	0.54	0.42	0.52	0.54	0.4	0.54	0.64	0.4	0.42	0.46	0.4	0.28	0.34	0.54	0.56	0.38
1800	0.44	0.44	0.54	0.52	0.42	0.54	0.66	0.38	0.42	0.48	0.4	0.28	0.4	0.54	0.54	0.42
1850	0.4	0.42	0.52	0.52	0.4	0.58	0.64	0.38	0.44	0.52	0.42	0.26	0.42	0.52	0.56	0.44
1900	0.48	0.48	0.52	0.52	0.42	0.52	0.64	0.4	0.44	0.52	0.44	0.28	0.42	0.5	0.6	0.44
1950	0.54	0.5	0.54	0.52	0.48	0.56	0.66	0.42	0.44	0.54	0.44	0.3	0.42	0.46	0.56	0.5
2000	0.52	0.5	0.52	0.52	0.5	0.6	0.62	0.46	0.46	0.58	0.4	0.32	0.42	0.48	0.56	0.48
2050	0.66	0.54	0.52	0.5	0.56	0.6	0.62	0.48	0.44	0.6	0.42	0.32	0.46	0.5	0.54	0.5
2100	0.52	0.54	0.52	0.5	0.54	0.56	0.6	0.52	0.48	0.64	0.44	0.3	0.46	0.5	0.54	0.48
2150	0.44	0.5	0.5	0.48	0.54	0.54	0.58	0.5	0.48	0.66	0.48	0.32	0.46	0.46	0.58	0.5
2200	0.52	0.54	0.48	0.48	0.5	0.54	0.58	0.52	0.52	0.62	0.48	0.34	0.48	0.46	0.56	0.52
2250	0.6	0.54	0.48	0.5	0.48	0.52	0.58	0.54	0.56	0.64	0.48	0.28	0.46	0.46	0.6	0.52
2300	0.6	0.56	0.52	0.52	0.5	0.54	0.58	0.5	0.56	0.68	0.48	0.28	0.44	0.48	0.62	0.52
2350	0.5	0.58	0.52	0.54	0.48	0.5	0.56	0.48	0.56	0.66	0.52	0.28	0.5	0.5	0.58	0.56
2400	0.52	0.6	0.54	0.54	0.48	0.5	0.54	0.5	0.6	0.64	0.52	0.3	0.52	0.48	0.58	0.56
2450	0.6	0.6	0.52	0.56	0.5	0.5	0.56	0.5	0.62	0.64	0.54	0.32	0.52	0.46	0.58	0.6
2500	0.56	0.62	0.5	0.48	0.52	0.5	0.58	0.5	0.6	0.64	0.56	0.34	0.54	0.48	0.58	0.58
2550	0.4	0.64	0.5	0.46	0.54	0.5	0.56	0.48	0.56	0.6	0.6	0.34	0.52	0.48	0.6	0.56
2600	0.48	0.58	0.5	0.5	0.56	0.48	0.56	0.5	0.56	0.62	0.6	0.32	0.52	0.5	0.58	0.5
2650	0.52	0.6	0.54	0.46	0.56	0.48	0.56	0.52	0.54	0.62	0.58	0.34	0.54	0.52	0.58	0.48
2700	0.42	0.58	0.52	0.44	0.54	0.48	0.56	0.48	0.44	0.6	0.56	0.3	0.56	0.54	0.6	0.48
2750	0.42	0.58	0.52	0.46	0.54	0.48	0.6	0.5	0.44	0.54	0.58	0.34	0.54	0.58	0.56	0.48
2800	0.38	0.56	0.5	0.42	0.56	0.44	0.62	0.44	0.42	0.54	0.54	0.34	0.54	0.62	0.56	0.46
2850	0.36	0.56	0.48	0.38	0.56	0.46	0.64	0.4	0.4	0.48	0.54	0.34	0.54	0.6	0.52	0.46
2900	0.44	0.52	0.5	0.34	0.62	0.46	0.62	0.38	0.4	0.46	0.54	0.36	0.52	0.62	0.5	0.46
2950	0.42	0.5	0.5	0.32	0.58	0.46	0.62	0.36	0.4	0.44	0.54	0.34	0.52	0.6	0.52	0.42
3000	0.5	0.46	0.54	0.32	0.52	0.44	0.62	0.32	0.38	0.42	0.54	0.36	0.52	0.6	0.5	0.42
3050	0.5	0.48	0.56	0.3	0.52	0.44	0.64	0.38	0.36	0.44	0.54	0.4	0.46	0.62	0.48	0.44
3100	0.44	0.48	0.6	0.3	0.56	0.42	0.64	0.38	0.34	0.4	0.54	0.36	0.42	0.64	0.46	0.44
3150	0.6	0.48	0.58	0.32	0.58	0.4	0.64	0.38	0.32	0.4	0.56	0.32	0.42	0.62	0.5	0.42
3200	0.42	0.48	0.56	0.36	0.6	0.4	0.64	0.38	0.3	0.4	0.56	0.3	0.44	0.6	0.48	0.46
3250	0.54	0.46	0.58	0.34	0.58	0.4	0.64	0.4	0.3	0.4	0.58	0.32	0.48	0.6	0.54	0.5
3300	0.58	0.5	0.56	0.36	0.58	0.44	0.6	0.42	0.34	0.4	0.54	0.38	0.46	0.6	0.5	0.5
3350	0.6	0.52	0.56	0.38	0.58	0.42	0.64	0.42	0.36	0.4	0.54	0.4	0.48	0.58	0.46	0.56
3400	0.4	0.48	0.54	0.38	0.58	0.4	0.62	0.4	0.4	0.4	0.58	0.34	0.46	0.58	0.5	0.56
3450	0.5	0.4	0.5	0.4	0.64	0.42	0.62	0.4	0.44	0.42	0.54	0.32	0.48	0.6	0.48	0.56
3500	0.58	0.4	0.52	0.4	0.64	0.4	0.6	0.48	0.44	0.42	0.52	0.3	0.52	0.58	0.52	0.58
3550	0.46	0.4	0.5	0.38	0.64	0.44	0.6	0.5	0.48	0.4	0.56	0.3	0.5	0.58	0.54	0.58
3600	0.6	0.4	0.5	0.4	0.64	0.46	0.6	0.48	0.5	0.42	0.56	0.28	0.56	0.6	0.58	0.62
3650	0.6	0.42	0.52	0.38	0.64	0.44	0.58	0.52	0.52	0.42	0.56	0.32	0.56	0.58	0.58	0.62
3700	0.52	0.38	0.52	0.44	0.66	0.46	0.64	0.52	0.56	0.38	0.58	0.34	0.56	0.6	0.6	0.6
3750	0.5	0.38	0.54	0.44	0.66	0.48	0.6	0.56	0.58	0.38	0.6	0.36	0.62	0.62	0.62	0.6
3800	0.46	0.36	0.48	0.42	0.68	0.46	0.58	0.54	0.58	0.38	0.6	0.4	0.62	0.62	0.62	0.58
3850	0.58	0.36	0.48	0.4	0.64	0.44	0.62	0.58	0.58	0.38	0.6	0.4	0.62	0.6	0.62	0.6
3900	0.4	0.34	0.48	0.42	0.62	0.42	0.64	0.52	0.6	0.38	0.58	0.4	0.62	0.62	0.58	0.6
3950	0.56	0.32	0.48	0.44	0.62	0.44	0.62	0.54	0.58	0.44	0.58	0.36	0.6	0.68	0.6	0.58
4000	0.58	0.32	0.4	0.46	0.58	0.46	0.62	0.54	0.58	0.44	0.62	0.36	0.64	0.64	0.58	0.62
4050	0.38	0.3	0.36	0.44	0.6	0.46	0.64	0.48	0.58	0.44	0.66	0.34	0.6	0.64	0.6	0.62
4100	0.54	0.34	0.4	0.42	0.58	0.46	0.66	0.48	0.58	0.44	0.64	0.36	0.54	0.62	0.58	0.6
4150	0.46	0.36	0.4	0.38	0.58	0.44	0.68	0.48	0.58	0.42	0.62	0.36	0.54	0.6	0.58	0.58
4200	0.66	0.4	0.42	0.38	0.56	0.46	0.7	0.5	0.58	0.38	0.64	0.38	0.56	0.58	0.58	0.6
4250	0.56	0.46	0.4	0.38	0.5	0.46	0.72	0.48	0.56	0.4	0.62	0.4	0.56	0.58	0.56	0.62
4300	0.44	0.46	0.44	0.36	0.48	0.44	0.7	0.46	0.6	0.42	0.62	0.4	0.5	0.56	0.56	0.64
4350	0.64	0.5	0.46	0.36	0.46	0.44	0.76	0.46	0.6	0.44	0.7	0.4	0.54	0.54	0.52	0.62
4400	0.38	0.5	0.46	0.38	0.4	0.44	0.76	0.46	0.58	0.42	0.72	0.42	0.5	0.52	0.52	0.64
4450	0.48	0.5	0.46	0.36	0.4	0.44	0.76	0.46	0.58	0.42	0.7	0.42	0.48	0.56	0.52	0.64
4500	0.6	0.52	0.52	0.36	0.44	0.42	0.76	0.46	0.58	0.44	0.68	0.42	0.48	0.54	0.48	0.62
4550	0.58	0.52	0.52	0.38	0.46	0.42	0.74	0.5	0.52	0.48	0.7	0.4	0.5	0.54	0.5	0.62
4600	0.6	0.54	0.52	0.4	0.42	0.42	0.76	0.44	0.52	0.5	0.68	0.4	0.5	0.58	0.52	0.64
4650	0.52	0.56	0.52	0.42	0.4	0.46	0.76	0.48	0.52	0.5	0.66	0.42	0.48	0.56	0.54	0.62
4700	0.6	0.56	0.54	0.48	0.42	0.5	0.76	0.48	0.52	0.52	0.62	0.44	0.48	0.54	0.58	0.62
4750	0.52	0.58	0.56	0.52	0.4	0.48	0.74	0.48	0.5	0.52	0.62	0.44	0.46	0.56	0.6	0.6
4800	0.5	0.56	0.62	0.52	0.4	0.46	0.7	0.5	0.5	0.56	0.64	0.46	0.44	0.54	0.56	0.6
4850	0.48	0.56	0.6	0.52	0.4	0.48	0.68	0.48	0.5	0.54	0.64	0.46	0.44	0.56	0.56	0.58
4900	0.64	0.5	0.6	0.56	0.38	0.46	0.7	0.5	0.48	0.54	0.6	0.5	0.48	0.58	0.6	0.58
4950	0.46	0.46	0.6	0.56	0.42	0.44	0.72	0.48	0.4	0.52	0.6	0.5	0.5	0.6	0.62	0.58
5000	0.46	0.42	0.58	0.56	0.44	0.44	0.76	0.46	0.44	0.52	0.6	0.48	0.54	0.6	0.6	0.54
5050	0.46	0.42	0.6	0.54	0.44	0.44	0.76	0.46	0.44	0.56	0.6	0.48	0.52	0.6	0.6	0.5
5100	0.58	0.46	0.56	0.54	0.46	0.44	0.74	0.44	0.4	0.6	0.58	0.5	0.54	0.6	0.64	0.5
5150	0.52	0.46	0.58	0.58	0.46	0.4	0.74	0.46	0.38	0.64	0.56	0.52	0.54	0.6	0.64	0.52
5200	0.52	0.48	0.56	0.58	0.46	0.42	0.74	0.48	0.38	0.66	0.58	0.54	0.54	0.58	0.62	0.5
5250	0.54	0.44	0.54	0.58	0.42	0.42	0.72	0.44	0.36	0.66	0.58	0.54	0.56	0.56	0.62	0.52
5300	0.52	0.48	0.52	0.54	0.44	0.38	0.72	0.4	0.38	0.64	0.6	0.54	0.56	0.54	0.62	0.52
5350	0.6	0.46	0.48	0.54	0.48	0.38	0.72	0.4	0.4	0.64	0.6	0.56	0.58	0.5	0.62	0.5
5400	0.58	0.46	0.52	0.48	0.5	0.42	0.74	0.38	0.4	0.66	0.62	0.54	0.6	0.48	0.6	0.5
5450	0.48	0.48	0.54	0.54	0.52	0.4	0.76	0.38	0.44	0.6	0.64	0.5	0.58	0.48	0.58	0.5
5500	0.64	0.46	0.56	0.54	0.5	0.4	0.74	0.4	0.48	0.62	0.64	0.5	0.6	0.48	0.6	0.48
5550	0.6	0.46	0.58	0.54	0.5	0.44	0.74	0.4	0.52	0.64	0.68	0.5	0.62	0.5	0.6	0.48
5600	0.48	0.46	0.56	0.52	0.52	0.42	0.76	0.42	0.52	0.66	0.68	0.54	0.62	0.48	0.56	0.5
5650	0.42	0.48	0.52	0.48	0.54	0.4	0.7	0.42	0.52	0.62	0.68	0.52	0.56	0.48	0.52	0.52
5700	0.48	0.48	0.56	0.46	0.52	0.4	0.7	0.44	0.56	0.62	0.66	0.46	0.54	0.48	0.52	0.5
5750	0.58	0.5	0.54	0.44	0.5	0.4	0.7	0.42	0.62	0.6	0.68	0.48	0.58	0.46	0.52	0.48
5800	0.74	0.52	0.6	0.42	0.52	0.44	0.72	0.44	0.64	0.58	0.7	0.5	0.58	0.48	0.54	0.52
5850	0.6	0.54	0.62	0.46	0.52	0.48	0.72	0.48	0.66	0.58	0.68	0.48	0.58	0.48	0.5	0.52
5900	0.46	0.52	0.58	0.5	0.52	0.5	0.72	0.52	0.66	0.54	0.62	0.46	0.58	0.48	0.48	0.5
5950	0.54	0.52	0.6	0.48	0.5	0.48	0.72	0.52	0.68	0.54	0.62	0.44	0.62	0.5	0.5	0.52
6000	0.62	0.52	0.6	0.46	0.5	0.52	0.78	0.52	0.68	0.52	0.6	0.44	0.6	0.5	0.52	0.54
6050	0.4	0.46	0.62	0.46	0.52	0.5	0.78	0.56	0.64	0.52	0.56	0.44	0.6	0.52	0.48	0.54
6100	0.52	0.44	0.62	0.44	0.52	0.52	0.74	0.56	0.64	0.52	0.54	0.44	0.6	0.54	0.44	0.52
6150	0.5	0.46	0.62	0.44	0.52	0.5	0.72	0.54	0.62	0.48	0.52	0.46	0.58	0.54	0.48	0.52
6200	0.58	0.48	0.62	0.44	0.56	0.48	0.68	0.54	0.62	0.46	0.52	0.48	0.56	0.54	0.52	0.48
6250	0.4	0.42	0.64	0.44	0.56	0.48	0.68	0.56	0.62	0.5	0.52	0.46	0.5	0.56	0.48	0.5
6300	0.58	0.4	0.66	0.4	0.58	0.46	0.74	0.54	0.62	0.48	0.5	0.48	0.5	0.58	0.48	0.58
6350	0.52	0.44	0.7	0.44	0.62	0.46	0.66	0.6	0.6	0.48	0.5	0.48	0.46	0.58	0.46	0.58
6400	0.6	0.46	0.72	0.44	0.62	0.46	0.68	0.62	0.6	0.44	0.48	0.48	0.54	0.6	0.46	0.58
6450	0.32	0.48	0.68	0.46	0.56	0.44	0.68	0.62	0.56	0.44	0.48	0.46	0.52	0.6	0.44	0.6
6500	0.66	0.46	0.68	0.48	0.56	0.42	0.7	0.6	0.56	0.44	0.5	0.48	0.52	0.64	0.42	0.62
6550	0.48	0.42	0.66	0.44	0.54	0.38	0.7	0.58	0.58	0.46	0.54	0.5	0.5	0.64	0.4	0.6
6600	0.6	0.44	0.72	0.42	0.56	0.38	0.66	0.56	0.56	0.5	0.56	0.52	0.46	0.6	0.42	0.6
6650	0.54	0.44	0.7	0.42	0.56	0.38	0.64	0.58	0.52	0.5	0.58	0.52	0.44	0.64	0.46	0.58
6700	0.5	0.44	0.7	0.4	0.56	0.36	0.62	0.62	0.5	0.5	0.56	0.5	0.48	0.6	0.5	0.6
6750	0.5	0.46	0.7	0.42	0.52	0.36	0.6	0.6	0.48	0.5	0.56	0.48	0.46	0.6	0.52	0.6
6800	0.52	0.46	0.66	0.44	0.5	0.38	0.58	0.6	0.5	0.48	0.56	0.48	0.46	0.6	0.54	0.6
6850	0.56	0.48	0.66	0.44	0.48	0.36	0.56	0.62	0.5	0.52	0.54	0.46	0.46	0.62	0.52	0.62
6900	0.38	0.52	0.68	0.4	0.5	0.44	0.56	0.66	0.5	0.52	0.46	0.44	0.46	0.58	0.48	0.58
6950	0.54	0.54	0.66	0.42	0.48	0.4	0.54	0.68	0.5	0.52	0.5	0.44	0.44	0.6	0.52	0.58
7000	0.5	0.54	0.58	0.42	0.44	0.4	0.54	0.68	0.5	0.52	0.48	0.44	0.46	0.58	0.54	0.58
7050	0.48	0.54	0.6	0.4	0.46	0.38	0.54	0.66	0.52	0.56	0.5	0.4	0.46	0.56	0.54	0.6
7100	0.54	0.56	0.58	0.4	0.48	0.42	0.54	0.66	0.52	0.54	0.5	0.4	0.44	0.56	0.52	0.6
7150	0.5	0.58	0.56	0.42	0.52	0.44	0.48	0.66	0.5	0.54	0.5	0.4	0.42	0.54	0.54	0.62
7200	0.58	0.58	0.54	0.42	0.56	0.44	0.54	0.64	0.54	0.56	0.48	0.4	0.42	0.52	0.54	0.62
7250	0.38	0.56	0.58	0.4	0.54	0.48	0.52	0.62	0.52	0.56	0.42	0.4	0.42	0.52	0.5	0.58
7300	0.64	0.58	0.62	0.42	0.56	0.46	0.54	0.64	0.5	0.56	0.44	0.4	0.42	0.52	0.5	0.6
7350	0.58	0.58	0.6	0.46	0.6	0.46	0.54	0.6	0.54	0.56	0.46	0.38	0.42	0.5	0.46	0.62
7400	0.6	0.58	0.58	0.46	0.6	0.48	0.52	0.6	0.56	0.56	0.48	0.4	0.42	0.46	0.48	0.66
7450	0.56	0.62	0.56	0.44	0.6	0.48	0.54	0.58	0.54	0.56	0.48	0.42	0.4	0.46	0.5	0.74
7500	0.54	0.64	0.58	0.44	0.54	0.5	0.56	0.58	0.54	0.52	0.46	0.44	0.38	0.48	0.52	0.72
7550	0.5	0.62	0.6	0.4	0.56	0.46	0.54	0.58	0.58	0.54	0.46	0.46	0.4	0.48	0.52	0.74
7600	0.5	0.64	0.6	0.38	0.58	0.46	0.52	0.58	0.62	0.56	0.48	0.44	0.4	0.5	0.5	0.72
7650	0.56	0.62	0.58	0.38	0.54	0.44	0.54	0.56	0.64	0.56	0.5	0.44	0.38	0.48	0.5	0.7
7700	0.62	0.6	0.56	0.44	0.56	0.42	0.56	0.56	0.64	0.58	0.48	0.42	0.38	0.5	0.52	0.7
7750	0.42	0.6	0.58	0.42	0.52	0.46	0.56	0.56	0.64	0.58	0.48	0.46	0.38	0.5	0.5	0.7
7800	0.38	0.54	0.58	0.4	0.5	0.5	0.52	0.54	0.64	0.58	0.44	0.46	0.36	0.48	0.5	0.68
7850	0.6	0.52	0.58	0.44	0.48	0.52	0.5	0.56	0.64	0.56	0.42	0.48	0.34	0.48	0.54	0.68
7900	0.4	0.54	0.58	0.46	0.48	0.48	0.46	0.56	0.64	0.56	0.4	0.5	0.34	0.46	0.54	0.74
7950	0.54	0.58	0.56	0.46	0.46	0.46	0.48	0.56	0.62	0.56	0.38	0.5	0.36	0.44	0.58	0.72
8000	0.52	0.6	0.54	0.46	0.44	0.46	0.5	0.56	0.6	0.54	0.4	0.46	0.38	0.44	0.54	0.68
8050	0.58	0.6	0.54	0.46	0.44	0.54	0.52	0.56	0.58	0.56	0.4	0.46	0.38	0.44	0.54	0.68
8100	0.58	0.6	0.54	0.48	0.44	0.58	0.52	0.6	0.56	0.58	0.42	0.44	0.44	0.44	0.54	0.64
8150	0.58	0.62	0.54	0.5	0.42	0.58	0.54	0.56	0.56	0.56	0.42	0.48	0.48	0.42	0.56	0.64
8200	0.72	0.6	0.54	0.5	0.42	0.6	0.54	0.58	0.5	0.58	0.44	0.5	0.52	0.46	0.56	0.66
8250	0.5	0.62	0.54	0.48	0.42	0.64	0.58	0.6	0.5	0.54	0.46	0.46	0.5	0.42	0.5	0.64
8300	0.72	0.62	0.58	0.52	0.44	0.68	0.58	0.62	0.5	0.56	0.48	0.42	0.5	0.44	0.5	0.64
8350	0.62	0.66	0.58	0.52	0.4	0.7	0.58	0.62	0.46	0.54	0.52	0.44	0.52	0.46	0.5	0.64
8400	0.58	0.72	0.58	0.58	0.44	0.68	0.6	0.64	0.38	0.58	0.56	0.44	0.58	0.4	0.5	0.58
8450	0.66	0.74	0.56	0.62	0.46	0.66	0.62	0.62	0.4	0.58	0.56	0.5	0.58	0.42	0.5	0.56
8500	0.6	0.74	0.6	0.66	0.48	0.72	0.62	0.6	0.4	0.6	0.56	0.5	0.64	0.4	0.46	0.56
8550	0.52	0.76	0.58	0.68	0.5	0.72	0.64	0.6	0.44	0.6	0.56	0.5	0.64	0.44	0.42	0.52
8600	0.6	0.8	0.58	0.72	0.5	0.68	0.62	0.62	0.44	0.64	0.56	0.48	0.66	0.5	0.4	0.52
8650	0.56	0.76	0.62	0.7	0.48	0.66	0.62	0.62	0.46	0.68	0.58	0.48	0.66	0.58	0.36	0.54
8700	0.48	0.76	0.56	0.7	0.48	0.64	0.6	0.6	0.46	0.68	0.56	0.52	0.64	0.58	0.4	0.52
8750	0.54	0.72	0.6	0.74	0.48	0.64	0.56	0.56	0.54	0.68	0.56	0.52	0.66	0.6	0.42	0.54
8800	0.58	0.72	0.6	0.7	0.48	0.6	0.56	0.58	0.56	0.68	0.56	0.54	0.66	0.58	0.4	0.54
8850	0.5	0.74	0.58	0.68	0.48	0.58	0.52	0.58	0.6	0.7	0.52	0.54	0.68	0.6	0.4	0.52
8900	0.6	0.76	0.58	0.68	0.5	0.58	0.52	0.56	0.64	0.68	0.5	0.52	0.74	0.6	0.42	0.48
8950	0.64	0.74	0.6	0.68	0.5	0.58	0.54	0.58	0.64	0.7	0.48	0.46	0.74	0.6	0.46	0.5
9000	0.56	0.72	0.6	0.66	0.46	0.58	0.52	0.56	0.64	0.7	0.5	0.5	0.8	0.6	0.48	0.52
9050	0.6	0.7	0.62	0.62	0.42	0.56	0.52	0.56	0.66	0.72	0.44	0.52	0.8	0.6	0.48	0.56
9100	0.66	0.68	0.62	0.62	0.48	0.58	0.52	0.54	0.66	0.72	0.4	0.48	0.82	0.62	0.48	0.56
9150	0.64	0.68	0.6	0.6	0.44	0.6	0.5	0.54	0.64	0.74	0.38	0.48	0.82	0.68	0.5	0.54
9200	0.68	0.68	0.66	0.6	0.44	0.56	0.54	0.54	0.64	0.7	0.4	0.42	0.82	0.7	0.52	0.6
9250	0.64	0.68	0.66	0.58	0.46	0.6	0.56	0.52	0.62	0.66	0.42	0.44	0.78	0.74	0.56	0.64
9300	0.54	0.66	0.66	0.58	0.42	0.58	0.56	0.52	0.6	0.66	0.42	0.4	0.8	0.7	0.6	0.6
9350	0.76	0.68	0.66	0.6	0.42	0.62	0.6	0.58	0.6	0.64	0.52	0.4	0.82	0.7	0.64	0.58
9400	0.64	0.68	0.74	0.56	0.42	0.64	0.6	0.58	0.66	0.66	0.54	0.4	0.76	0.68	0.66	0.58
9450	0.64	0.72	0.74	0.58	0.5	0.68	0.6	0.58	0.66	0.66	0.52	0.4	0.78	0.7	0.72	0.58
9500	0.54	0.68	0.72	0.58	0.52	0.72	0.6	0.56	0.66	0.66	0.52	0.38	0.76	0.72	0.7	0.58
9550	0.7	0.66	0.7	0.58	0.54	0.76	0.62	0.58	0.66	0.66	0.54	0.38	0.78	0.72	0.7	0.6
9600	0.58	0.62	0.68	0.62	0.58	0.76	0.6	0.6	0.62	0.68	0.52	0.42	0.78	0.72	0.68	0.56
9650	0.62	0.66	0.72	0.58	0.56	0.74	0.66	0.64	0.64	0.66	0.54	0.4	0.78	0.74	0.68	0.54
9700	0.6	0.66	0.74	0.58	0.56	0.7	0.64	0.6	0.64	0.64	0.52	0.42	0.8	0.76	0.7	0.54
9750	0.64	0.66	0.76	0.6	0.6	0.7	0.62	0.6	0.68	0.62	0.48	0.42	0.8	0.74	0.72	0.5
9800	0.52	0.66	0.76	0.56	0.62	0.7	0.6	0.62	0.66	0.6	0.46	0.38	0.72	0.78	0.74	0.48
9850	0.56	0.68	0.76	0.56	0.6	0.66	0.58	0.62	0.7	0.6	0.4	0.4	0.76	0.78	0.72	0.5
9900	0.58	0.68	0.76	0.58	0.6	0.7	0.56	0.6	0.74	0.58	0.4	0.38	0.76	0.76	0.7	0.48
9950	0.58	0.66	0.76	0.58	0.6	0.72	0.56	0.62	0.72	0.62	0.38	0.38	0.76	0.74	0.64	0.48
10000	0.64	0.66	0.8	0.58	0.64	0.72	0.56	0.64	0.76	0.62	0.34	0.4	0.78	0.72	0.62	0.48
10050	0.54	0.62	0.76	0.56	0.6	0.72	0.56	0.64	0.78	0.62	0.36	0.42	0.76	0.7	0.58	0.5
10100	0.4	0.6	0.72	0.54	0.62	0.7	0.52	0.58	0.76	0.58	0.36	0.44	0.72	0.7	0.5	0.48
10150	0.62	0.62	0.72	0.54	0.6	0.7	0.54	0.58	0.76	0.58	0.38	0.42	0.7	0.7	0.48	0.5
10200	0.64	0.62	0.7	0.52	0.58	0.7	0.54	0.6	0.74	0.58	0.38	0.4	0.7	0.7	0.46	0.58
10250	0.7	0.66	0.76	0.54	0.56	0.64	0.54	0.62	0.74	0.58	0.4	0.4	0.7	0.7	0.46	0.6
10300	0.58	0.64	0.78	0.54	0.58	0.64	0.58	0.6	0.7	0.58	0.38	0.42	0.7	0.7	0.46	0.6
10350	0.6	0.66	0.74	0.54	0.58	0.64	0.62	0.62	0.74	0.58	0.4	0.42	0.68	0.68	0.46	0.58
10400	0.76	0.68	0.74	0.54	0.58	0.66	0.64	0.66	0.7	0.58	0.4	0.44	0.66	0.68	0.44	0.58
10450	0.7	0.66	0.74	0.54	0.6	0.68	0.64	0.68	0.72	0.6	0.44	0.44	0.64	0.66	0.44	0.6
10500	0.6	0.68	0.72	0.54	0.62	0.64	0.64	0.66	0.72	0.6	0.5	0.48	0.64	0.7	0.46	0.58
10550	0.72	0.7	0.7	0.58	0.64	0.7	0.66	0.7	0.7	0.56	0.5	0.5	0.64	0.68	0.44	0.64
10600	0.6	0.66	0.7	0.54	0.66	0.7	0.7	0.7	0.64	0.58	0.58	0.54	0.68	0.68	0.48	0.6
10650	0.62	0.72	0.68	0.52	0.64	0.72	0.72	0.7	0.58	0.56	0.58	0.56	0.7	0.64	0.52	0.6
10700	0.66	0.72	0.66	0.52	0.62	0.7	0.74	0.7	0.56	0.6	0.64	0.58	0.7	0.64	0.54	0.58
10750	0.52	0.74	0.62	0.48	0.62	0.66	0.78	0.7	0.56	0.6	0.66	0.56	0.68	0.66	0.56	0.58
10800	0.54	0.78	0.62	0.52	0.6	0.64	0.74	0.68	0.54	0.6	0.64	0.54	0.68	0.64	0.54	0.6
10850	0.64	0.78	0.58	0.54	0.58	0.6	0.7	0.72	0.5	0.64	0.64	0.52	0.68	0.68	0.6	0.6
10900	0.42	0.78	0.54	0.54	0.6	0.56	0.7	0.72	0.5	0.62	0.66	0.52	0.68	0.62	0.6	0.62
10950	0.64	0.78	0.54	0.56	0.64	0.6	0.72	0.68	0.48	0.64	0.68	0.48	0.68	0.58	0.6	0.6
11000	0.6	0.76	0.52	0.58	0.64	0.62	0.74	0.68	0.46	0.64	0.68	0.5	0.7	0.58	0.6	0.62
11050	0.62	0.72	0.54	0.58	0.64	0.62	0.74	0.68	0.48	0.6	0.68	0.5	0.68	0.56	0.56	0.62
11100	0.72	0.72	0.52	0.6	0.68	0.62	0.72	0.7	0.5	0.62	0.7	0.5	0.68	0.56	0.6	0.64
11150	0.6	0.74	0.52	0.6	0.68	0.62	0.74	0.7	0.5	0.64	0.68	0.48	0.68	0.52	0.62	0.62
11200	0.6	0.74	0.56	0.72	0.68	0.58	0.72	0.7	0.46	0.64	0.64	0.46	0.68	0.5	0.58	0.6
11250	0.72	0.76	0.6	0.74	0.68	0.54	0.74	0.7	0.52	0.66	0.66	0.48	0.66	0.5	0.58	0.6
11300	0.62	0.74	0.64	0.74	0.68	0.52	0.72	0.7	0.54	0.62	0.62	0.46	0.64	0.5	0.52	0.62
11350	0.68	0.74	0.64	0.74	0.68	0.54	0.74	0.7	0.58	0.64	0.58	0.44	0.62	0.52	0.54	0.6
11400	0.72	0.76	0.66	0.78	0.66	0.54	0.76	0.76	0.58	0.64	0.56	0.48	0.6	0.54	0.54	0.62
11450	0.62	0.74	0.66	0.76	0.68	0.58	0.76	0.78	0.56	0.64	0.56	0.5	0.56	0.56	0.54	0.64
11500	0.52	0.68	0.66	0.78	0.66	0.62	0.72	0.78	0.56	0.6	0.54	0.5	0.56	0.54	0.52	0.64
11550	0.7	0.66	0.66	0.8	0.66	0.6	0.72	0.74	0.6	0.6	0.56	0.52	0.58	0.54	0.52	0.64
11600	0.72	0.7	0.66	0.8	0.68	0.66	0.74	0.7	0.62	0.6	0.56	0.58	0.58	0.58	0.52	0.66
11650	0.8	0.7	0.68	0.76	0.66	0.66	0.74	0.7	0.62	0.62	0.54	0.6	0.62	0.6	0.56	0.7
11700	0.6	0.66	0.72	0.74	0.68	0.64	0.76	0.72	0.64	0.62	0.54	0.6	0.6	0.64	0.54	0.7
11750	0.68	0.68	0.76	0.72	0.64	0.66	0.76	0.74	0.66	0.62	0.5	0.64	0.64	0.64	0.58	0.68
11800	0.76	0.72	0.76	0.68	0.62	0.66	0.82	0.74	0.66	0.6	0.54	0.7	0.64	0.64	0.66	0.68
11850	0.6	0.76	0.76	0.66	0.6	0.7	0.78	0.76	0.66	0.58	0.56	0.68	0.64	0.64	0.68	0.66
11900	0.7	0.74	0.76	0.6	0.64	0.7	0.72	0.76	0.68	0.58	0.58	0.72	0.64	0.64	0.68	0.68
11950	0.68	0.72	0.76	0.58	0.56	0.76	0.68	0.78	0.7	0.58	0.6	0.72	0.66	0.68	0.66	0.72
12000	0.78	0.72	0.78	0.58	0.54	0.78	0.68	0.76	0.64	0.6	0.58	0.74	0.68	0.7	0.72	0.72
12050	0.68	0.7	0.76	0.58	0.54	0.78	0.66	0.76	0.64	0.62	0.56	0.76	0.72	0.74	0.74	0.74
12100	0.74	0.74	0.7	0.56	0.54	0.8	0.68	0.76	0.66	0.66	0.6	0.76	0.7	0.72	0.76	0.76
12150	0.8	0.78	0.7	0.56	0.54	0.8	0.7	0.76	0.68	0.66	0.6	0.76	0.7	0.7	0.76	0.76
12200	0.72	0.82	0.72	0.56	0.56	0.8	0.68	0.78	0.68	0.66	0.6	0.8	0.68	0.7	0.74	0.76
12250	0.76	0.84	0.72	0.56	0.6	0.78	0.68	0.82	0.68	0.68	0.62	0.84	0.72	0.74	0.74	0.74
12300	0.72	0.84	0.72	0.54	0.6	0.76	0.7	0.84	0.68	0.68	0.58	0.86	0.72	0.74	0.74	0.74
12350	0.68	0.84	0.74	0.52	0.6	0.76	0.68	0.8	0.72	0.7	0.58	0.8	0.68	0.74	0.74	0.76
12400	0.76	0.84	0.72	0.54	0.6	0.76	0.72	0.78	0.72	0.72	0.62	0.8	0.68	0.74	0.76	0.74
12450	0.62	0.76	0.74	0.56	0.6	0.78	0.7	0.78	0.7	0.72	0.58	0.8	0.66	0.72	0.78	0.76
12500	0.82	0.76	0.74	0.58	0.64	0.8	0.68	0.78	0.72	0.7	0.58	0.8	0.66	0.74	0.76	0.88
12550	0.76	0.76	0.74	0.62	0.64	0.78	0.66	0.74	0.74	0.7	0.6	0.8	0.7	0.74	0.76	0.88
12600	0.78	0.76	0.72	0.7	0.66	0.78	0.64	0.76	0.74	0.7	0.6	0.8	0.72	0.74	0.74	0.86
12650	0.84	0.76	0.78	0.72	0.66	0.82	0.68	0.72	0.76	0.78	0.6	0.82	0.74	0.74	0.72	0.84
12700	0.7	0.76	0.76	0.72	0.68	0.8	0.7	0.68	0.76	0.78	0.6	0.84	0.72	0.76	0.76	0.84
12750	0.7	0.76	0.72	0.74	0.7	0.8	0.7	0.68	0.8	0.76	0.6	0.84	0.74	0.74	0.76	0.82
12800	0.82	0.8	0.74	0.76	0.72	0.8	0.68	0.66	0.8	0.76	0.66	0.84	0.76	0.74	0.7	0.8
12850	0.64	0.8	0.78	0.74	0.72	0.8	0.66	0.64	0.8	0.76	0.64	0.82	0.72	0.72	0.66	0.82
12900	0.8	0.74	0.8	0.72	0.76	0.8	0.66	0.66	0.8	0.76	0.68	0.8	0.7	0.72	0.7	0.84
12950	0.82	0.72	0.82	0.72	0.76	0.84	0.66	0.66	0.78	0.76	0.68	0.84	0.74	0.72	0.68	0.86
13000	0.76	0.74	0.78	0.76	0.74	0.82	0.66	0.66	0.78	0.74	0.66	0.82	0.72	0.72	0.72	0.88
13050	0.74	0.74	0.76	0.78	0.74	0.82	0.66	0.7	0.82	0.76	0.66	0.82	0.72	0.7	0.7	0.9
13100	0.9	0.74	0.76	0.76	0.74	0.84	0.7	0.72	0.82	0.8	0.68	0.84	0.72	0.72	0.74	0.9
13150	0.76	0.74	0.78	0.78	0.76	0.84	0.7	0.76	0.82	0.78	0.7	0.82	0.78	0.66	0.74	0.9
13200	0.8	0.78	0.78	0.78	0.76	0.84	0.72	0.76	0.8	0.78	0.7	0.82	0.8	0.64	0.72	0.9
13250	0.68	0.78	0.74	0.78	0.72	0.84	0.74	0.8	0.84	0.8	0.68	0.82	0.78	0.62	0.68	0.9
13300	0.8	0.82	0.76	0.8	0.72	0.82	0.72	0.82	0.84	0.78	0.7	0.8	0.78	0.64	0.68	0.9
13350	0.74	0.8	0.76	0.78	0.74	0.84	0.8	0.82	0.82	0.76	0.7	0.82	0.78	0.66	0.66	0.9
13400	0.84	0.82	0.76	0.78	0.74	0.84	0.8	0.86	0.82	0.76	0.7	0.82	0.76	0.66	0.66	0.88
13450	0.72	0.82	0.78	0.78	0.76	0.82	0.84	0.86	0.82	0.68	0.68	0.82	0.76	0.7	0.66	0.84
13500	0.74	0.8	0.78	0.82	0.74	0.82	0.84	0.86	0.84	0.68	0.66	0.8	0.76	0.68	0.68	0.84
13550	0.78	0.78	0.78	0.82	0.74	0.86	0.82	0.88	0.86	0.68	0.64	0.78	0.76	0.66	0.72	0.84
13600	0.86	0.78	0.78	0.82	0.74	0.86	0.84	0.9	0.84	0.68	0.66	0.8	0.76	0.62	0.74	0.84
13650	0.78	0.76	0.78	0.8	0.76	0.86	0.86	0.9	0.84	0.68	0.66	0.78	0.76	0.62	0.7	0.82
13700	0.72	0.76	0.78	0.8	0.78	0.86	0.86	0.9	0.82	0.66	0.68	0.8	0.76	0.58	0.7	0.82
13750	0.76	0.78	0.78	0.84	0.8	0.84	0.88	0.9	0.82	0.64	0.7	0.74	0.78	0.62	0.68	0.8
13800	0.82	0.8	0.78	0.84	0.8	0.86	0.88	0.9	0.82	0.66	0.72	0.74	0.8	0.62	0.66	0.78
13850	0.82	0.8	0.76	0.88	0.82	0.86	0.88	0.9	0.82	0.64	0.72	0.74	0.8	0.62	0.66	0.76
13900	0.82	0.78	0.78	0.86	0.86	0.86	0.88	0.92	0.8	0.62	0.74	0.74	0.82	0.62	0.7	0.78
13950	0.7	0.76	0.78	0.86	0.84	0.82	0.92	0.92	0.8	0.62	0.76	0.74	0.82	0.64	0.66	0.78
14000	0.86	0.76	0.78	0.86	0.82	0.78	0.92	0.92	0.8	0.66	0.78	0.74	0.8	0.64	0.66	0.8
14050	0.84	0.8	0.8	0.86	0.84	0.78	0.94	0.9	0.8	0.66	0.8	0.74	0.8	0.68	0.7	0.8
14100	0.84	0.8	0.8	0.88	0.8	0.78	0.94	0.92	0.8	0.64	0.8	0.76	0.8	0.68	0.68	0.8
14150	0.86	0.8	0.8	0.9	0.78	0.8	0.96	0.92	0.82	0.64	0.8	0.76	0.84	0.68	0.68	0.76
14200	0.82	0.78	0.8	0.92	0.74	0.8	0.96	0.92	0.82	0.68	0.84	0.76	0.82	0.68	0.66	0.74
14250	0.84	0.78	0.82	0.92	0.74	0.84	0.96	0.9	0.82	0.72	0.86	0.74	0.82	0.68	0.68	0.74
14300	0.78	0.8	0.78	0.94	0.74	0.84	0.94	0.92	0.82	0.72	0.84	0.72	0.8	0.7	0.6	0.78
14350	0.84	0.82	0.78	0.94	0.72	0.84	0.94	0.94	0.82	0.72	0.86	0.76	0.8	0.68	0.6	0.76
14400	0.84	0.84	0.8	0.96	0.72	0.86	0.94	0.96	0.8	0.74	0.84	0.76	0.8	0.7	0.64	0.72
14450	0.8	0.84	0.8	0.96	0.7	0.86	0.94	0.96	0.82	0.78	0.78	0.78	0.8	0.72	0.64	0.72
14500	0.82	0.86	0.82	0.96	0.72	0.84	0.92	0.94	0.84	0.8	0.78	0.78	0.78	0.76	0.64	0.72
14550	0.8	0.82	0.84	0.94	0.72	0.86	0.9	0.94	0.86	0.82	0.74	0.8	0.8	0.76	0.66	0.74
14600	0.7	0.82	0.82	0.96	0.76	0.86	0.88	0.92	0.86	0.8	0.74	0.8	0.78	0.76	0.66	0.74
14650	0.78	0.84	0.82	0.96	0.74	0.92	0.88	0.9	0.88	0.78	0.74	0.8	0.78	0.76	0.66	0.72
14700	0.72	0.84	0.78	0.96	0.7	0.94	0.88	0.9	0.88	0.78	0.76	0.78	0.76	0.78	0.66	0.72
14750	0.8	0.84	0.78	0.94	0.7	0.92	0.88	0.9	0.86	0.76	0.76	0.78	0.76	0.8	0.7	0.72
14800	0.9	0.84	0.8	0.94	0.7	0.92	0.86	0.92	0.86	0.78	0.76	0.78	0.76	0.82	0.68	0.72
14850	0.88	0.86	0.82	0.92	0.7	0.92	0.86	0.92	0.86	0.78	0.74	0.78	0.76	0.8	0.68	0.72
14900	0.8	0.9	0.84	0.92	0.72	0.92	0.86	0.9	0.84	0.78	0.76	0.74	0.76	0.8	0.66	0.72
14950	0.76	0.9	0.82	0.92	0.72	0.9	0.84	0.88	0.84	0.74	0.76	0.76	0.76	0.8	0.66	0.76
15000	0.82	0.9	0.84	0.92	0.74	0.92	0.82	0.9	0.84	0.72	0.72	0.74	0.78	0.8	0.72	0.72
15050	0.82	0.9	0.82	0.92	0.76	0.92	0.82	0.9	0.82	0.66	0.68	0.72	0.8	0.82	0.74	0.72
15100	0.74	0.9	0.82	0.92	0.78	0.88	0.82	0.9	0.82	0.62	0.68	0.72	0.8	0.82	0.8	0.7
15150	0.8	0.9	0.82	0.92	0.78	0.88	0.82	0.9	0.82	0.64	0.66	0.76	0.8	0.76	0.8	0.74
15200	0.7	0.88	0.82	0.94	0.78	0.84	0.82	0.86	0.82	0.62	0.7	0.78	0.78	0.68	0.8	0.76
15250	0.82	0.84	0.82	0.92	0.78	0.84	0.84	0.88	0.82	0.62	0.7	0.76	0.8	0.68	0.8	0.74
15300	0.72	0.88	0.82	0.9	0.76	0.84	0.82	0.9	0.82	0.62	0.66	0.76	0.8	0.68	0.78	0.76
15350	0.76	0.9	0.82	0.88	0.76	0.82	0.86	0.9	0.82	0.62	0.66	0.78	0.82	0.7	0.78	0.76
15400	0.9	0.92	0.82	0.9	0.78	0.82	0.88	0.9	0.82	0.66	0.66	0.78	0.84	0.68	0.76	0.74
15450	0.84	0.9	0.84	0.9	0.74	0.84	0.88	0.92	0.84	0.7	0.68	0.78	0.86	0.68	0.78	0.76
15500	0.72	0.88	0.82	0.9	0.74	0.84	0.84	0.92	0.82	0.66	0.68	0.76	0.86	0.66	0.78	0.74
15550	0.72	0.88	0.82	0.88	0.74	0.84	0.84	0.9	0.76	0.68	0.68	0.76	0.84	0.66	0.76	0.74
15600	0.84	0.88	0.78	0.9	0.76	0.86	0.82	0.9	0.76	0.7	0.68	0.78	0.84	0.64	0.76	0.76
15650	0.78	0.88	0.8	0.9	0.8	0.84	0.82	0.88	0.72	0.78	0.7	0.8	0.84	0.64	0.74	0.74
15700	0.76	0.86	0.82	0.92	0.74	0.82	0.82	0.86	0.7	0.78	0.68	0.8	0.84	0.64	0.74	0.76
15750	0.86	0.86	0.82	0.92	0.76	0.8	0.82	0.88	0.72	0.78	0.7	0.82	0.82	0.64	0.72	0.76
15800	0.82	0.86	0.82	0.88	0.74	0.82	0.86	0.86	0.74	0.78	0.74	0.84	0.8	0.64	0.74	0.76
15850	0.78	0.86	0.8	0.88	0.72	0.82	0.86	0.84	0.72	0.78	0.74	0.82	0.8	0.66	0.74	0.76
15900	0.86	0.84	0.82	0.88	0.74	0.86	0.86	0.82	0.68	0.8	0.78	0.82	0.8	0.68	0.72	0.78
15950	0.8	0.86	0.82	0.86	0.7	0.88	0.86	0.82	0.68	0.8	0.76	0.82	0.8	0.74	0.72	0.78
16000	0.58	0.84	0.84	0.86	0.62	0.84	0.86	0.84	0.62	0.76	0.78	0.82	0.8	0.7	0.7	0.78
16050	0.8	0.86	0.8	0.86	0.64	0.84	0.86	0.8	0.66	0.8	0.84	0.84	0.78	0.72	0.7	0.8
16100	0.78	0.86	0.82	0.88	0.64	0.84	0.86	0.8	0.68	0.8	0.86	0.86	0.76	0.74	0.7	0.76
16150	0.82	0.84	0.82	0.88	0.64	0.82	0.84	0.78	0.7	0.78	0.86	0.86	0.76	0.74	0.72	0.76
16200	0.7	0.82	0.8	0.88	0.66	0.76	0.8	0.76	0.7	0.82	0.86	0.84	0.76	0.72	0.76	0.76
16250	0.82	0.84	0.8	0.88	0.66	0.76	0.8	0.74	0.7	0.84	0.86	0.82	0.76	0.7	0.78	0.76
16300	0.74	0.82	0.8	0.88	0.62	0.78	0.8	0.74	0.72	0.82	0.86	0.84	0.76	0.68	0.78	0.76
16350	0.84	0.82	0.82	0.9	0.6	0.8	0.82	0.78	0.72	0.82	0.86	0.84	0.76	0.68	0.78	0.74
16400	0.74	0.8	0.84	0.9	0.6	0.8	0.84	0.78	0.72	0.8	0.84	0.84	0.76	0.7	0.76	0.74
16450	0.9	0.8	0.84	0.9	0.6	0.82	0.84	0.8	0.72	0.8	0.84	0.86	0.78	0.68	0.76	0.74
16500	0.9	0.8	0.84	0.9	0.6	0.82	0.84	0.84	0.72	0.8	0.86	0.86	0.8	0.66	0.76	0.74
16550	0.86	0.82	0.86	0.9	0.68	0.82	0.84	0.82	0.72	0.82	0.84	0.86	0.8	0.66	0.78	0.74
16600	0.76	0.84	0.84	0.92	0.68	0.82	0.8	0.78	0.74	0.82	0.84	0.86	0.78	0.68	0.78	0.76
16650	0.78	0.84	0.82	0.94	0.64	0.82	0.82	0.76	0.74	0.88	0.84	0.86	0.76	0.68	0.74	0.76
16700	0.78	0.82	0.82	0.96	0.62	0.84	0.8	0.8	0.78	0.88	0.82	0.88	0.76	0.7	0.72	0.78
16750	0.8	0.82	0.82	0.98	0.6	0.86	0.78	0.8	0.78	0.86	0.8	0.88	0.78	0.7	0.74	0.74
16800	0.74	0.8	0.84	0.98	0.62	0.88	0.8	0.8	0.8	0.86	0.78	0.88	0.8	0.7	0.74	0.72
16850	0.76	0.84	0.84	0.98	0.64	0.88	0.82	0.8	0.8	0.84	0.78	0.84	0.78	0.7	0.7	0.7
16900	0.88	0.84	0.84	0.98	0.64	0.88	0.82	0.82	0.76	0.86	0.78	0.82	0.78	0.68	0.7	0.72
16950	0.82	0.88	0.86	0.98	0.66	0.9	0.8	0.86	0.76	0.84	0.8	0.82	0.76	0.66	0.7	0.74
17000	0.62	0.88	0.84	0.98	0.66	0.88	0.8	0.86	0.74	0.82	0.8	0.82	0.72	0.64	0.68	0.7
17050	0.84	0.9	0.86	0.98	0.68	0.86	0.78	0.86	0.74	0.82	0.76	0.82	0.72	0.72	0.7	0.68
17100	0.84	0.92	0.86	0.98	0.7	0.84	0.8	0.86	0.72	0.8	0.78	0.84	0.74	0.72	0.72	0.7
17150	0.8	0.9	0.86	0.98	0.7	0.86	0.78	0.84	0.72	0.78	0.78	0.84	0.76	0.72	0.74	0.72
17200	0.7	0.9	0.86	0.98	0.7	0.82	0.76	0.84	0.7	0.74	0.74	0.86	0.76	0.7	0.72	0.72
17250	0.76	0.9	0.88	0.98	0.68	0.76	0.76	0.86	0.66	0.76	0.74	0.84	0.76	0.74	0.68	0.74
17300	0.84	0.9	0.88	0.98	0.68	0.76	0.74	0.9	0.7	0.74	0.76	0.84	0.76	0.72	0.7	0.72
17350	0.84	0.88	0.88	0.98	0.68	0.76	0.78	0.88	0.72	0.72	0.76	0.82	0.76	0.74	0.7	0.72
17400	0.82	0.9	0.9	0.96	0.66	0.78	0.78	0.88	0.74	0.68	0.78	0.82	0.76	0.76	0.72	0.7
17450	0.8	0.88	0.9	0.96	0.7	0.8	0.78	0.88	0.78	0.64	0.76	0.8	0.76	0.78	0.72	0.7
17500	0.7	0.88	0.88	0.94	0.74	0.8	0.78	0.88	0.78	0.64	0.76	0.8	0.78	0.8	0.72	0.66
17550	0.82	0.9	0.9	0.94	0.78	0.78	0.8	0.84	0.78	0.64	0.76	0.8	0.78	0.82	0.72	0.68
17600	0.76	0.88	0.88	0.92	0.78	0.76	0.8	0.84	0.8	0.64	0.76	0.76	0.78	0.8	0.72	0.68
17650	0.78	0.88	0.88	0.92	0.78	0.76	0.78	0.82	0.82	0.64	0.76	0.76	0.76	0.84	0.72	0.7
17700	0.74	0.86	0.86	0.92	0.78	0.78	0.76	0.78	0.86	0.66	0.76	0.76	0.72	0.84	0.7	0.72
17750	0.74	0.86	0.88	0.92	0.7	0.82	0.78	0.8	0.88	0.66	0.76	0.76	0.74	0.78	0.7	0.74
17800	0.82	0.86	0.9	0.92	0.7	0.82	0.78	0.8	0.88	0.68	0.74	0.76	0.78	0.8	0.68	0.74
17850	0.78	0.86	0.84	0.92	0.68	0.82	0.8	0.8	0.88	0.72	0.72	0.8	0.8	0.78	0.7	0.74
17900	0.88	0.86	0.84	0.9	0.7	0.82	0.82	0.82	0.88	0.74	0.72	0.82	0.78	0.8	0.7	0.76
17950	0.92	0.84	0.86	0.9	0.72	0.82	0.84	0.82	0.88	0.76	0.76	0.82	0.76	0.8	0.72	0.76
18000	0.72	0.84	0.84	0.9	0.72	0.86	0.84	0.82	0.82	0.76	0.76	0.84	0.7	0.76	0.72	0.74
18050	0.92	0.84	0.84	0.9	0.74	0.88	0.82	0.84	0.82	0.76	0.76	0.84	0.7	0.76	0.74	0.76
18100	0.8	0.84	0.84	0.88	0.72	0.9	0.86	0.84	0.82	0.76	0.72	0.86	0.72	0.78	0.72	0.76
18150	0.86	0.86	0.86	0.88	0.72	0.88	0.84	0.86	0.82	0.76	0.74	0.84	0.72	0.78	0.78	0.8
18200	0.84	0.88	0.86	0.9	0.7	0.88	0.84	0.86	0.8	0.72	0.76	0.86	0.76	0.78	0.78	0.78
18250	0.68	0.84	0.86	0.88	0.66	0.86	0.86	0.88	0.78	0.7	0.76	0.86	0.76	0.78	0.8	0.76
18300	0.84	0.84	0.86	0.9	0.68	0.84	0.86	0.9	0.8	0.68	0.74	0.86	0.78	0.78	0.84	0.78
18350	0.82	0.86	0.82	0.9	0.7	0.84	0.84	0.92	0.8	0.68	0.74	0.86	0.8	0.78	0.88	0.8
18400	0.8	0.86	0.84	0.9	0.68	0.82	0.84	0.92	0.8	0.7	0.76	0.86	0.8	0.82	0.9	0.8
18450	0.78	0.86	0.82	0.9	0.7	0.82	0.82	0.92	0.8	0.7	0.76	0.86	0.82	0.82	0.9	0.8
18500	0.68	0.86	0.82	0.9	0.68	0.78	0.82	0.92	0.76	0.7	0.76	0.86	0.84	0.82	0.86	0.8
18550	0.84	0.86	0.8	0.86	0.72	0.78	0.8	0.9	0.76	0.74	0.76	0.86	0.86	0.84	0.86	0.8
18600	0.74	0.82	0.78	0.86	0.7	0.74	0.8	0.9	0.78	0.7	0.76	0.86	0.84	0.84	0.86	0.82
18650	0.8	0.8	0.82	0.86	0.68	0.7	0.8	0.9	0.78	0.66	0.78	0.88	0.84	0.86	0.86	0.82
18700	0.84	0.82	0.84	0.88	0.66	0.7	0.82	0.9	0.78	0.64	0.8	0.86	0.84	0.82	0.86	0.8
18750	0.7	0.8	0.84	0.88	0.68	0.68	0.8	0.88	0.8	0.62	0.78	0.8	0.84	0.8	0.84	0.82
18800	0.76	0.8	0.86	0.86	0.66	0.66	0.76	0.88	0.78	0.62	0.82	0.78	0.82	0.8	0.84	0.82
18850	0.86	0.8	0.86	0.88	0.64	0.66	0.78	0.86	0.8	0.64	0.82	0.78	0.86	0.8	0.8	0.82
18900	0.8	0.8	0.86	0.88	0.66	0.68	0.78	0.86	0.76	0.66	0.82	0.8	0.84	0.82	0.78	0.78
18950	0.86	0.8	0.86	0.88	0.68	0.72	0.82	0.86	0.78	0.66	0.8	0.8	0.84	0.84	0.76	0.78
19000	0.88	0.8	0.88	0.88	0.66	0.74	0.82	0.88	0.8	0.68	0.8	0.8	0.86	0.84	0.76	0.8
19050	0.78	0.78	0.9	0.88	0.68	0.72	0.84	0.86	0.8	0.66	0.8	0.8	0.82	0.82	0.76	0.82
19100	0.86	0.78	0.92	0.88	0.7	0.76	0.88	0.84	0.8	0.68	0.8	0.82	0.82	0.82	0.76	0.8
19150	0.8	0.78	0.92	0.88	0.72	0.8	0.92	0.86	0.84	0.66	0.8	0.84	0.82	0.82	0.74	0.78
19200	0.76	0.78	0.92	0.9	0.72	0.8	0.88	0.86	0.84	0.58	0.8	0.82	0.82	0.8	0.76	0.78
19250	0.82	0.78	0.88	0.88	0.72	0.84	0.88	0.86	0.84	0.62	0.78	0.82	0.82	0.8	0.74	0.76
19300	0.82	0.8	0.9	0.92	0.74	0.86	0.88	0.88	0.84	0.64	0.78	0.78	0.82	0.78	0.72	0.78
19350	0.8	0.8	0.9	0.92	0.74	0.86	0.88	0.86	0.84	0.66	0.78	0.8	0.82	0.78	0.76	0.78
19400	0.66	0.78	0.88	0.9	0.72	0.86	0.86	0.84	0.84	0.66	0.8	0.8	0.8	0.78	0.74	0.78
19450	0.8	0.8	0.88	0.88	0.72	0.84	0.82	0.84	0.84	0.64	0.76	0.82	0.8	0.78	0.76	0.8
19500	0.78	0.8	0.86	0.9	0.72	0.88	0.8	0.84	0.86	0.64	0.74	0.8	0.82	0.76	0.78	0.8
19550	0.88	0.8	0.86	0.9	0.74	0.9	0.8	0.86	0.86	0.66	0.72	0.8	0.82	0.78	0.74	0.8
19600	0.74	0.82	0.84	0.88	0.72	0.9	0.8	0.84	0.84	0.66	0.72	0.78	0.82	0.76	0.76	0.8
19650	0.84	0.84	0.84	0.88	0.74	0.9	0.8	0.88	0.86	0.68	0.7	0.8	0.8	0.76	0.8	0.8
19700	0.8	0.82	0.84	0.9	0.78	0.88	0.8	0.88	0.82	0.68	0.72	0.8	0.82	0.76	0.82	0.8
19750	0.74	0.8	0.82	0.9	0.78	0.88	0.78	0.88	0.8	0.72	0.72	0.76	0.8	0.76	0.8	0.8
19800	0.84	0.8	0.8	0.9	0.8	0.88	0.74	0.88	0.8	0.78	0.74	0.76	0.82	0.74	0.8	0.78
19850	0.76	0.76	0.78	0.9	0.8	0.86	0.72	0.88	0.78	0.76	0.72	0.78	0.82	0.74	0.8	0.78
19900	0.94	0.78	0.78	0.92	0.82	0.88	0.72	0.88	0.78	0.78	0.76	0.78	0.82	0.74	0.8	0.82
19950	0.78	0.78	0.76	0.92	0.84	0.88	0.7	0.84	0.78	0.78	0.8	0.78	0.8	0.78	0.8	0.84
20000	0.82	0.78	0.78	0.92	0.84	0.86	0.7	0.84	0.78	0.78	0.8	0.8	0.78	0.76	0.84	0.82
