0	0.0	0.0	0.0	0.0	0.0	0.0	0.0	0.0	0.0	0.0	0.0	0.0	0.0	0.0	0.0	0.0
50	0.06	0.0	0.0	0.0	0.0	0.0	0.0	0.166666666667	0.333333333333	0.0	0.0	0.0	0.0	0.0	0.0	0.0
100	0.36	0.25	0.142857142857	0.25	0.0	0.4	0.166666666667	0.142857142857	0.333333333333	0.333333333333	0.0	0.142857142857	0.0	0.2	0.0	0.285714285714
150	0.5	0.352941176471	0.333333333333	0.166666666667	0.333333333333	0.428571428571	0.142857142857	0.142857142857	0.333333333333	0.333333333333	0.333333333333	0.4	0.166666666667	0.272727272727	0.0	0.4
200	0.66	0.454545454545	0.363636363636	0.25	0.333333333333	0.529411764706	0.153846153846	0.25	0.428571428571	0.52	0.266666666667	0.454545454545	0.3	0.4	0.285714285714	0.533333333333
250	0.66	0.518518518519	0.333333333333	0.25	0.454545454545	0.578947368421	0.294117647059	0.2	0.45	0.518518518519	0.333333333333	0.538461538462	0.588235294118	0.411764705882	0.384615384615	0.555555555556
300	0.62	0.515151515152	0.384615384615	0.461538461538	0.416666666667	0.625	0.368421052632	0.230769230769	0.478260869565	0.53125	0.375	0.533333333333	0.5	0.428571428571	0.529411764706	0.571428571429
350	0.72	0.513513513514	0.466666666667	0.631578947368	0.533333333333	0.655172413793	0.409090909091	0.266666666667	0.461538461538	0.515151515152	0.384615384615	0.55	0.6	0.434782608696	0.6	0.56
400	0.64	0.512195121951	0.55	0.619047619048	0.5	0.655172413793	0.433333333333	0.315789473684	0.464285714286	0.542857142857	0.379310344828	0.608695652174	0.6	0.51724137931	0.619047619048	0.586206896552
450	0.46	0.511111111111	0.518518518519	0.576923076923	0.45	0.625	0.5	0.3	0.483870967742	0.5	0.34375	0.592592592593	0.5625	0.533333333333	0.64	0.612903225806
500	0.6	0.510638297872	0.516129032258	0.6	0.481481481481	0.617647058824	0.486486486486	0.3	0.470588235294	0.5	0.4	0.551724137931	0.558823529412	0.6	0.633333333333	0.628571428571
550	0.54	0.54	0.484848484848	0.575757575758	0.464285714286	0.675	0.5	0.36	0.473684210526	0.511111111111	0.435897435897	0.533333333333	0.583333333333	0.552631578947	0.588235294118	0.648648648649
600	0.64	0.56	0.525	0.540540540541	0.5	0.666666666667	0.545454545455	0.36	0.511627906977	0.5	0.47619047619	0.484848484848	0.594594594595	0.53488372093	0.594594594595	0.658536585366
650	0.58	0.64	0.511627906977	0.538461538462	0.513513513514	0.644444444444	0.565217391304	0.357142857143	0.511111111111	0.48	0.466666666667	0.5	0.581395348837	0.583333333333	0.585365853659	0.651162790698
700	0.6	0.64	0.510638297872	0.538461538462	0.5	0.65306122449	0.571428571429	0.34375	0.54	0.52	0.489361702128	0.5	0.604166666667	0.571428571429	0.590909090909	0.659090909091
750	0.6	0.64	0.5	0.558139534884	0.520833333333	0.65306122449	0.66	0.333333333333	0.56	0.54	0.469387755102	0.488372093023	0.62	0.62	0.6	0.63829787234
800	0.74	0.62	0.52	0.565217391304	0.58	0.72	0.7	0.410256410256	0.62	0.54	0.48	0.478260869565	0.68	0.64	0.62	0.66
850	0.6	0.58	0.54	0.583333333333	0.6	0.76	0.74	0.428571428571	0.6	0.58	0.5	0.489795918367	0.68	0.64	0.68	0.7
900	0.66	0.56	0.6	0.62	0.58	0.72	0.74	0.422222222222	0.64	0.58	0.48	0.54	0.64	0.58	0.66	0.72
950	0.48	0.56	0.58	0.62	0.56	0.74	0.76	0.416666666667	0.66	0.52	0.48	0.56	0.64	0.52	0.68	0.68
1000	0.62	0.6	0.6	0.64	0.56	0.7	0.74	0.44	0.64	0.5	0.5	0.56	0.66	0.52	0.68	0.68
1050	0.58	0.6	0.56	0.62	0.52	0.72	0.74	0.46	0.66	0.5	0.54	0.54	0.66	0.5	0.58	0.68
1100	0.48	0.6	0.52	0.58	0.54	0.72	0.72	0.46	0.66	0.5	0.52	0.5	0.64	0.46	0.6	0.68
1150	0.56	0.62	0.54	0.6	0.58	0.7	0.74	0.48	0.66	0.5	0.54	0.54	0.64	0.44	0.62	0.64
1200	0.6	0.62	0.54	0.62	0.58	0.66	0.74	0.5	0.64	0.52	0.5	0.5	0.72	0.42	0.68	0.62
1250	0.68	0.64	0.56	0.64	0.54	0.66	0.76	0.54	0.62	0.52	0.48	0.54	0.72	0.48	0.68	0.62
1300	0.46	0.6	0.56	0.68	0.56	0.62	0.7	0.52	0.58	0.5	0.5	0.58	0.72	0.48	0.7	0.6
1350	0.58	0.6	0.62	0.68	0.56	0.6	0.72	0.52	0.58	0.48	0.5	0.58	0.68	0.5	0.7	0.6
1400	0.68	0.68	0.62	0.62	0.56	0.62	0.72	0.5	0.6	0.5	0.52	0.58	0.7	0.5	0.68	0.58
1450	0.6	0.7	0.6	0.64	0.58	0.64	0.64	0.5	0.58	0.5	0.5	0.58	0.66	0.48	0.7	0.58
1500	0.6	0.68	0.58	0.62	0.58	0.66	0.6	0.48	0.54	0.5	0.52	0.64	0.64	0.48	0.72	0.58
1550	0.76	0.66	0.58	0.64	0.6	0.64	0.6	0.54	0.56	0.54	0.54	0.62	0.62	0.48	0.72	0.6
1600	0.62	0.68	0.6	0.68	0.58	0.64	0.6	0.5	0.54	0.52	0.56	0.62	0.62	0.52	0.72	0.58
1650	0.58	0.68	0.6	0.66	0.58	0.66	0.56	0.5	0.56	0.54	0.58	0.62	0.6	0.56	0.72	0.6
1700	0.68	0.72	0.58	0.66	0.62	0.64	0.56	0.5	0.56	0.58	0.58	0.62	0.64	0.58	0.76	0.64
1750	0.72	0.74	0.58	0.7	0.64	0.62	0.54	0.48	0.54	0.56	0.58	0.64	0.62	0.58	0.8	0.6
1800	0.64	0.76	0.58	0.7	0.66	0.64	0.52	0.5	0.54	0.56	0.56	0.64	0.64	0.58	0.76	0.58
1850	0.56	0.78	0.56	0.7	0.6	0.7	0.5	0.5	0.54	0.58	0.56	0.62	0.64	0.56	0.76	0.58
1900	0.56	0.76	0.58	0.7	0.6	0.7	0.5	0.42	0.52	0.6	0.6	0.64	0.64	0.58	0.76	0.58
1950	0.52	0.8	0.58	0.7	0.66	0.7	0.46	0.4	0.5	0.58	0.62	0.62	0.66	0.6	0.74	0.56
2000	0.56	0.8	0.58	0.72	0.62	0.68	0.44	0.42	0.5	0.62	0.64	0.6	0.64	0.6	0.74	0.56
2050	0.72	0.76	0.6	0.72	0.62	0.64	0.5	0.46	0.5	0.64	0.68	0.6	0.64	0.56	0.74	0.6
2100	0.78	0.74	0.6	0.74	0.66	0.66	0.56	0.48	0.54	0.68	0.72	0.62	0.66	0.56	0.74	0.62
2150	0.72	0.76	0.6	0.76	0.68	0.64	0.6	0.52	0.56	0.62	0.72	0.64	0.7	0.56	0.76	0.66
2200	0.76	0.76	0.6	0.76	0.64	0.62	0.62	0.54	0.56	0.62	0.72	0.68	0.7	0.52	0.78	0.66
2250	0.78	0.76	0.58	0.76	0.68	0.64	0.62	0.54	0.56	0.64	0.72	0.68	0.72	0.58	0.78	0.66
2300	0.74	0.72	0.6	0.76	0.7	0.66	0.64	0.56	0.58	0.64	0.74	0.66	0.74	0.54	0.78	0.68
2350	0.82	0.74	0.6	0.8	0.7	0.66	0.64	0.56	0.6	0.64	0.74	0.66	0.8	0.54	0.76	0.72
2400	0.66	0.74	0.58	0.78	0.76	0.66	0.68	0.56	0.6	0.66	0.72	0.66	0.84	0.54	0.8	0.68
2450	0.82	0.74	0.6	0.78	0.8	0.72	0.7	0.58	0.6	0.68	0.68	0.64	0.84	0.58	0.78	0.7
2500	0.66	0.72	0.62	0.82	0.8	0.7	0.7	0.6	0.6	0.7	0.64	0.62	0.84	0.58	0.76	0.72
2550	0.76	0.72	0.66	0.82	0.8	0.68	0.74	0.66	0.6	0.7	0.64	0.64	0.86	0.56	0.76	0.74
2600	0.78	0.72	0.66	0.8	0.82	0.7	0.74	0.68	0.66	0.72	0.64	0.64	0.88	0.62	0.76	0.74
2650	0.74	0.68	0.66	0.82	0.86	0.72	0.74	0.7	0.7	0.7	0.64	0.66	0.86	0.6	0.76	0.76
2700	0.72	0.68	0.64	0.84	0.84	0.72	0.76	0.74	0.74	0.74	0.66	0.66	0.86	0.6	0.74	0.78
2750	0.7	0.68	0.68	0.84	0.8	0.76	0.74	0.74	0.76	0.76	0.64	0.66	0.86	0.64	0.72	0.76
2800	0.76	0.7	0.68	0.84	0.78	0.76	0.7	0.72	0.8	0.8	0.66	0.66	0.86	0.64	0.72	0.78
2850	0.68	0.72	0.66	0.84	0.8	0.76	0.7	0.68	0.78	0.82	0.62	0.68	0.86	0.64	0.72	0.78
2900	0.82	0.72	0.66	0.86	0.78	0.78	0.7	0.72	0.78	0.84	0.64	0.66	0.86	0.66	0.72	0.78
2950	0.8	0.74	0.68	0.86	0.78	0.8	0.7	0.7	0.76	0.88	0.64	0.64	0.84	0.64	0.7	0.8
3000	0.84	0.76	0.68	0.88	0.8	0.8	0.68	0.72	0.76	0.86	0.64	0.62	0.84	0.68	0.7	0.8
3050	0.8	0.8	0.72	0.88	0.78	0.8	0.7	0.7	0.8	0.86	0.64	0.62	0.84	0.68	0.72	0.78
3100	0.84	0.78	0.7	0.88	0.8	0.78	0.74	0.78	0.78	0.84	0.66	0.64	0.84	0.72	0.74	0.78
3150	0.74	0.78	0.7	0.86	0.8	0.78	0.76	0.76	0.76	0.8	0.64	0.64	0.84	0.7	0.72	0.78
3200	0.76	0.78	0.7	0.86	0.78	0.76	0.8	0.74	0.76	0.78	0.64	0.66	0.84	0.72	0.74	0.78
3250	0.8	0.78	0.7	0.88	0.78	0.76	0.8	0.78	0.76	0.8	0.62	0.64	0.86	0.72	0.74	0.8
3300	0.72	0.78	0.66	0.88	0.78	0.74	0.82	0.78	0.76	0.8	0.64	0.66	0.88	0.7	0.74	0.78
3350	0.82	0.76	0.66	0.88	0.78	0.74	0.84	0.78	0.76	0.78	0.66	0.66	0.88	0.72	0.72	0.8
3400	0.66	0.78	0.66	0.88	0.76	0.72	0.76	0.8	0.74	0.8	0.7	0.64	0.9	0.72	0.72	0.84
3450	0.76	0.78	0.7	0.88	0.76	0.74	0.74	0.8	0.72	0.8	0.7	0.62	0.94	0.72	0.74	0.84
3500	0.66	0.78	0.7	0.9	0.78	0.74	0.72	0.78	0.7	0.76	0.72	0.68	0.92	0.7	0.74	0.84
3550	0.8	0.78	0.7	0.88	0.78	0.76	0.74	0.74	0.7	0.76	0.76	0.7	0.92	0.68	0.78	0.8
3600	0.88	0.76	0.7	0.88	0.82	0.78	0.74	0.78	0.7	0.76	0.76	0.74	0.94	0.7	0.82	0.8
3650	0.84	0.76	0.7	0.88	0.82	0.78	0.72	0.76	0.7	0.76	0.8	0.74	0.96	0.74	0.84	0.82
3700	0.82	0.76	0.7	0.86	0.82	0.76	0.72	0.76	0.74	0.74	0.82	0.74	0.96	0.7	0.84	0.82
3750	0.78	0.8	0.72	0.84	0.82	0.72	0.7	0.78	0.76	0.7	0.82	0.78	0.96	0.7	0.88	0.78
3800	0.82	0.78	0.7	0.82	0.86	0.72	0.72	0.78	0.76	0.68	0.8	0.76	0.98	0.72	0.9	0.74
3850	0.7	0.76	0.68	0.82	0.82	0.72	0.7	0.78	0.78	0.68	0.78	0.78	0.98	0.76	0.9	0.72
3900	0.72	0.76	0.68	0.8	0.82	0.74	0.7	0.76	0.78	0.66	0.78	0.76	0.9	0.74	0.9	0.68
3950	0.64	0.74	0.68	0.82	0.8	0.74	0.66	0.74	0.78	0.72	0.78	0.74	0.86	0.7	0.9	0.72
4000	0.66	0.76	0.66	0.82	0.82	0.7	0.64	0.76	0.78	0.74	0.74	0.72	0.8	0.7	0.86	0.68
4050	0.84	0.78	0.7	0.82	0.8	0.74	0.64	0.76	0.8	0.74	0.72	0.76	0.78	0.72	0.84	0.7
4100	0.8	0.76	0.76	0.82	0.8	0.76	0.64	0.76	0.84	0.74	0.72	0.76	0.76	0.74	0.86	0.7
4150	0.68	0.76	0.78	0.8	0.78	0.78	0.64	0.78	0.84	0.74	0.72	0.74	0.76	0.72	0.84	0.66
4200	0.78	0.76	0.8	0.8	0.78	0.8	0.64	0.78	0.84	0.74	0.68	0.72	0.74	0.7	0.84	0.7
4250	0.78	0.74	0.82	0.78	0.78	0.8	0.66	0.78	0.86	0.72	0.7	0.74	0.76	0.72	0.84	0.7
4300	0.72	0.74	0.8	0.8	0.78	0.8	0.66	0.78	0.9	0.74	0.7	0.7	0.72	0.72	0.84	0.7
4350	0.76	0.74	0.8	0.82	0.74	0.86	0.7	0.76	0.88	0.76	0.68	0.68	0.68	0.72	0.8	0.7
4400	0.84	0.72	0.8	0.8	0.74	0.88	0.72	0.76	0.88	0.74	0.68	0.68	0.68	0.72	0.8	0.7
4450	0.68	0.72	0.8	0.82	0.74	0.88	0.74	0.78	0.82	0.76	0.68	0.66	0.68	0.72	0.78	0.72
4500	0.74	0.72	0.78	0.8	0.74	0.86	0.72	0.76	0.8	0.8	0.66	0.64	0.68	0.7	0.78	0.72
4550	0.82	0.74	0.78	0.84	0.74	0.84	0.72	0.74	0.78	0.8	0.66	0.64	0.68	0.7	0.78	0.72
4600	0.72	0.72	0.78	0.86	0.74	0.84	0.74	0.72	0.74	0.8	0.68	0.64	0.72	0.62	0.8	0.72
4650	0.7	0.72	0.82	0.88	0.74	0.86	0.74	0.72	0.7	0.8	0.7	0.6	0.74	0.64	0.78	0.74
4700	0.82	0.72	0.84	0.9	0.72	0.84	0.72	0.76	0.7	0.82	0.7	0.62	0.78	0.6	0.78	0.72
4750	0.82	0.72	0.86	0.88	0.72	0.86	0.72	0.74	0.7	0.82	0.7	0.66	0.78	0.62	0.82	0.74
4800	0.76	0.7	0.86	0.9	0.72	0.86	0.76	0.7	0.7	0.82	0.76	0.68	0.8	0.6	0.86	0.76
4850	0.6	0.68	0.86	0.88	0.7	0.82	0.72	0.66	0.7	0.82	0.78	0.64	0.76	0.6	0.84	0.78
4900	0.76	0.66	0.86	0.9	0.68	0.82	0.7	0.66	0.7	0.86	0.76	0.64	0.76	0.6	0.84	0.74
4950	0.84	0.66	0.86	0.92	0.7	0.8	0.74	0.64	0.7	0.86	0.82	0.66	0.76	0.62	0.82	0.74
5000	0.8	0.7	0.86	0.92	0.72	0.78	0.74	0.64	0.68	0.86	0.82	0.66	0.78	0.64	0.82	0.7
5050	0.78	0.7	0.86	0.88	0.7	0.76	0.76	0.64	0.68	0.88	0.82	0.66	0.84	0.62	0.8	0.72
5100	0.8	0.72	0.84	0.84	0.7	0.76	0.76	0.68	0.68	0.88	0.84	0.68	0.84	0.62	0.84	0.7
5150	0.86	0.72	0.82	0.84	0.7	0.76	0.74	0.66	0.68	0.9	0.86	0.7	0.84	0.62	0.84	0.72
5200	0.76	0.74	0.82	0.84	0.72	0.74	0.74	0.66	0.68	0.92	0.82	0.72	0.84	0.6	0.82	0.74
5250	0.8	0.72	0.78	0.86	0.74	0.76	0.76	0.68	0.68	0.92	0.82	0.76	0.84	0.62	0.8	0.74
5300	0.78	0.72	0.78	0.86	0.74	0.78	0.74	0.7	0.68	0.92	0.82	0.74	0.84	0.64	0.8	0.78
5350	0.76	0.7	0.8	0.86	0.7	0.76	0.78	0.68	0.7	0.94	0.82	0.72	0.84	0.64	0.78	0.78
5400	0.86	0.76	0.78	0.88	0.74	0.78	0.78	0.7	0.7	0.94	0.8	0.72	0.86	0.7	0.78	0.8
5450	0.68	0.74	0.74	0.88	0.76	0.78	0.78	0.72	0.74	0.84	0.78	0.76	0.84	0.76	0.78	0.82
5500	0.74	0.76	0.72	0.9	0.76	0.78	0.8	0.74	0.72	0.84	0.78	0.74	0.88	0.72	0.78	0.78
5550	0.8	0.78	0.72	0.9	0.76	0.8	0.8	0.74	0.72	0.82	0.76	0.74	0.88	0.68	0.78	0.76
5600	0.78	0.78	0.74	0.88	0.76	0.8	0.86	0.74	0.74	0.82	0.7	0.78	0.9	0.72	0.76	0.76
5650	0.84	0.78	0.72	0.9	0.76	0.8	0.86	0.74	0.78	0.82	0.7	0.78	0.9	0.72	0.76	0.76
5700	0.82	0.8	0.72	0.88	0.76	0.82	0.86	0.74	0.76	0.82	0.7	0.78	0.9	0.72	0.76	0.8
5750	0.9	0.8	0.72	0.9	0.78	0.8	0.86	0.76	0.8	0.84	0.72	0.78	0.88	0.7	0.76	0.84
5800	0.76	0.76	0.76	0.92	0.78	0.78	0.86	0.78	0.78	0.84	0.66	0.76	0.88	0.74	0.78	0.84
5850	0.86	0.8	0.76	0.92	0.78	0.78	0.88	0.78	0.8	0.84	0.66	0.76	0.86	0.72	0.76	0.84
5900	0.7	0.82	0.78	0.9	0.8	0.76	0.92	0.78	0.8	0.76	0.66	0.76	0.84	0.72	0.76	0.84
5950	0.7	0.84	0.78	0.9	0.74	0.76	0.92	0.76	0.8	0.76	0.64	0.72	0.84	0.7	0.78	0.86
6000	0.84	0.84	0.78	0.9	0.74	0.78	0.92	0.78	0.84	0.76	0.66	0.7	0.84	0.7	0.78	0.86
6050	0.64	0.84	0.76	0.88	0.76	0.76	0.92	0.78	0.84	0.74	0.6	0.7	0.84	0.7	0.78	0.82
6100	0.78	0.84	0.78	0.86	0.74	0.78	0.9	0.8	0.84	0.76	0.62	0.72	0.8	0.72	0.8	0.82
6150	0.8	0.84	0.78	0.86	0.74	0.78	0.9	0.8	0.82	0.74	0.64	0.72	0.8	0.68	0.82	0.84
6200	0.78	0.84	0.78	0.86	0.76	0.78	0.9	0.8	0.82	0.74	0.7	0.72	0.76	0.64	0.8	0.84
6250	0.76	0.86	0.8	0.84	0.76	0.74	0.86	0.78	0.82	0.74	0.7	0.72	0.76	0.64	0.8	0.84
6300	0.76	0.88	0.8	0.84	0.78	0.74	0.82	0.8	0.82	0.74	0.72	0.72	0.8	0.68	0.78	0.84
6350	0.8	0.88	0.78	0.84	0.78	0.76	0.84	0.78	0.8	0.76	0.72	0.68	0.8	0.72	0.78	0.84
6400	0.86	0.88	0.76	0.84	0.8	0.76	0.84	0.78	0.78	0.76	0.72	0.68	0.8	0.72	0.78	0.82
6450	0.82	0.84	0.76	0.82	0.76	0.78	0.84	0.78	0.8	0.82	0.72	0.7	0.78	0.74	0.76	0.8
6500	0.78	0.84	0.76	0.86	0.74	0.8	0.8	0.8	0.8	0.78	0.74	0.72	0.8	0.72	0.72	0.8
6550	0.82	0.84	0.76	0.86	0.74	0.82	0.84	0.8	0.8	0.74	0.7	0.74	0.82	0.72	0.72	0.8
6600	0.86	0.84	0.72	0.86	0.76	0.86	0.84	0.8	0.8	0.74	0.7	0.78	0.82	0.74	0.74	0.78
6650	0.86	0.84	0.72	0.86	0.78	0.86	0.84	0.82	0.8	0.74	0.7	0.78	0.82	0.74	0.76	0.76
6700	0.86	0.84	0.7	0.88	0.82	0.86	0.84	0.82	0.8	0.72	0.7	0.82	0.82	0.74	0.76	0.76
6750	0.78	0.84	0.74	0.88	0.82	0.86	0.82	0.82	0.82	0.72	0.68	0.84	0.82	0.78	0.72	0.78
6800	0.84	0.84	0.76	0.86	0.82	0.9	0.8	0.84	0.86	0.76	0.72	0.84	0.82	0.8	0.72	0.78
6850	0.8	0.86	0.76	0.88	0.8	0.88	0.82	0.86	0.86	0.74	0.72	0.86	0.82	0.8	0.68	0.76
6900	0.88	0.86	0.76	0.9	0.84	0.9	0.82	0.82	0.84	0.76	0.8	0.86	0.78	0.8	0.68	0.82
6950	0.78	0.86	0.76	0.88	0.86	0.92	0.84	0.82	0.84	0.78	0.82	0.86	0.78	0.78	0.68	0.78
7000	0.82	0.84	0.76	0.9	0.84	0.9	0.86	0.82	0.82	0.78	0.8	0.84	0.76	0.8	0.7	0.8
7050	0.86	0.84	0.76	0.92	0.84	0.9	0.86	0.84	0.84	0.78	0.86	0.88	0.72	0.88	0.7	0.8
7100	0.84	0.8	0.82	0.92	0.84	0.9	0.88	0.82	0.86	0.82	0.82	0.88	0.72	0.88	0.7	0.8
7150	0.84	0.8	0.84	0.94	0.82	0.88	0.88	0.8	0.84	0.82	0.82	0.88	0.74	0.9	0.7	0.82
7200	0.72	0.78	0.86	0.94	0.82	0.86	0.88	0.8	0.84	0.8	0.8	0.82	0.74	0.9	0.76	0.78
7250	0.72	0.76	0.84	0.94	0.82	0.86	0.84	0.74	0.82	0.82	0.82	0.82	0.74	0.9	0.74	0.8
7300	0.76	0.76	0.82	0.92	0.8	0.8	0.86	0.74	0.8	0.86	0.84	0.82	0.76	0.88	0.74	0.8
7350	0.8	0.76	0.84	0.92	0.78	0.78	0.84	0.76	0.8	0.82	0.82	0.8	0.74	0.88	0.74	0.8
7400	0.66	0.8	0.84	0.9	0.78	0.78	0.82	0.78	0.74	0.82	0.8	0.8	0.72	0.84	0.7	0.8
7450	0.76	0.82	0.86	0.88	0.8	0.74	0.8	0.78	0.74	0.78	0.82	0.78	0.74	0.84	0.7	0.8
7500	0.76	0.84	0.86	0.9	0.82	0.7	0.8	0.76	0.74	0.74	0.8	0.78	0.72	0.84	0.72	0.76
7550	0.82	0.84	0.86	0.86	0.8	0.66	0.8	0.76	0.74	0.74	0.78	0.76	0.78	0.86	0.78	0.74
7600	0.86	0.82	0.88	0.84	0.78	0.68	0.84	0.82	0.74	0.74	0.78	0.76	0.8	0.86	0.8	0.74
7650	0.86	0.82	0.88	0.86	0.8	0.66	0.84	0.76	0.78	0.74	0.8	0.74	0.84	0.88	0.8	0.76
7700	0.86	0.78	0.88	0.86	0.78	0.66	0.84	0.8	0.78	0.74	0.8	0.78	0.84	0.88	0.78	0.76
7750	0.84	0.76	0.9	0.86	0.78	0.66	0.84	0.8	0.8	0.72	0.8	0.8	0.86	0.86	0.78	0.74
7800	0.8	0.76	0.9	0.86	0.78	0.68	0.8	0.82	0.8	0.7	0.82	0.78	0.82	0.86	0.78	0.78
7850	0.86	0.76	0.86	0.86	0.78	0.7	0.8	0.82	0.8	0.74	0.84	0.78	0.82	0.84	0.8	0.76
7900	0.88	0.76	0.82	0.86	0.76	0.7	0.8	0.82	0.82	0.76	0.84	0.76	0.82	0.82	0.82	0.82
7950	0.8	0.76	0.78	0.86	0.76	0.68	0.8	0.86	0.82	0.76	0.82	0.76	0.82	0.86	0.82	0.82
8000	0.86	0.76	0.78	0.86	0.78	0.68	0.82	0.84	0.86	0.76	0.82	0.76	0.8	0.88	0.88	0.82
8050	0.92	0.78	0.78	0.88	0.8	0.68	0.84	0.84	0.9	0.74	0.82	0.74	0.86	0.88	0.88	0.82
8100	0.86	0.82	0.8	0.9	0.82	0.72	0.86	0.82	0.9	0.76	0.82	0.74	0.88	0.88	0.86	0.84
8150	0.82	0.8	0.82	0.92	0.82	0.68	0.9	0.82	0.92	0.78	0.84	0.74	0.88	0.88	0.88	0.84
8200	0.82	0.82	0.8	0.96	0.84	0.72	0.9	0.82	0.9	0.8	0.82	0.78	0.84	0.88	0.9	0.84
8250	0.82	0.84	0.76	0.98	0.84	0.72	0.88	0.82	0.9	0.84	0.84	0.74	0.8	0.88	0.9	0.86
8300	0.76	0.84	0.74	0.98	0.84	0.78	0.88	0.84	0.9	0.84	0.86	0.76	0.78	0.84	0.86	0.84
8350	0.86	0.8	0.74	0.96	0.9	0.76	0.88	0.86	0.88	0.86	0.86	0.76	0.8	0.84	0.84	0.86
8400	0.86	0.8	0.76	0.9	0.9	0.76	0.88	0.84	0.88	0.86	0.88	0.76	0.8	0.86	0.84	0.88
8450	0.9	0.84	0.76	0.88	0.92	0.76	0.94	0.84	0.9	0.84	0.88	0.74	0.82	0.86	0.84	0.88
8500	0.82	0.84	0.74	0.9	0.92	0.76	0.94	0.82	0.9	0.82	0.88	0.74	0.84	0.84	0.84	0.9
8550	0.92	0.84	0.74	0.9	0.92	0.76	0.94	0.84	0.9	0.84	0.9	0.76	0.84	0.82	0.82	0.9
8600	0.84	0.84	0.74	0.88	0.92	0.76	0.94	0.84	0.9	0.82	0.9	0.78	0.84	0.82	0.8	0.9
8650	0.88	0.86	0.74	0.88	0.92	0.76	0.94	0.84	0.9	0.82	0.92	0.8	0.82	0.8	0.8	0.92
8700	0.92	0.88	0.74	0.88	0.92	0.78	0.94	0.84	0.92	0.82	0.92	0.84	0.82	0.82	0.8	0.92
8750	0.84	0.88	0.74	0.88	0.92	0.74	0.92	0.86	0.92	0.84	0.88	0.86	0.8	0.82	0.78	0.9
8800	0.88	0.86	0.76	0.88	0.94	0.76	0.92	0.86	0.88	0.84	0.88	0.88	0.8	0.82	0.8	0.9
8850	0.8	0.86	0.78	0.9	0.94	0.74	0.92	0.84	0.86	0.86	0.86	0.86	0.8	0.84	0.76	0.9
8900	0.84	0.86	0.82	0.9	0.92	0.72	0.94	0.84	0.84	0.86	0.86	0.88	0.76	0.82	0.8	0.92
8950	0.84	0.88	0.8	0.92	0.92	0.74	0.94	0.84	0.82	0.86	0.88	0.88	0.8	0.8	0.82	0.92
9000	0.78	0.86	0.78	0.96	0.92	0.72	0.96	0.84	0.84	0.86	0.9	0.9	0.78	0.78	0.8	0.9
9050	0.88	0.86	0.78	0.98	0.9	0.72	0.94	0.84	0.84	0.86	0.9	0.9	0.78	0.8	0.8	0.92
9100	0.86	0.86	0.76	0.98	0.88	0.72	0.92	0.86	0.84	0.88	0.88	0.9	0.78	0.8	0.8	0.94
9150	0.86	0.9	0.78	0.98	0.86	0.72	0.92	0.88	0.84	0.88	0.9	0.88	0.8	0.78	0.8	0.94
9200	0.88	0.86	0.8	0.98	0.88	0.72	0.92	0.88	0.86	0.9	0.9	0.88	0.78	0.82	0.78	0.94
9250	0.84	0.82	0.82	0.98	0.88	0.7	0.92	0.88	0.86	0.9	0.9	0.9	0.78	0.82	0.8	0.92
9300	0.82	0.8	0.78	1.0	0.9	0.7	0.9	0.86	0.86	0.9	0.9	0.9	0.76	0.84	0.8	0.92
9350	0.84	0.8	0.78	0.98	0.9	0.74	0.9	0.86	0.82	0.9	0.9	0.88	0.76	0.84	0.8	0.92
9400	0.94	0.8	0.78	0.96	0.92	0.74	0.9	0.86	0.82	0.92	0.9	0.9	0.74	0.84	0.82	0.92
9450	0.8	0.8	0.76	0.96	0.92	0.76	0.9	0.88	0.82	0.92	0.84	0.9	0.74	0.82	0.82	0.92
9500	0.8	0.78	0.74	0.94	0.92	0.76	0.9	0.88	0.84	0.86	0.84	0.9	0.76	0.82	0.84	0.92
9550	0.8	0.76	0.74	0.94	0.92	0.78	0.9	0.9	0.86	0.86	0.82	0.84	0.78	0.8	0.84	0.9
9600	0.82	0.72	0.72	0.94	0.92	0.8	0.88	0.92	0.9	0.86	0.84	0.82	0.78	0.78	0.86	0.9
9650	0.84	0.74	0.72	0.94	0.92	0.8	0.88	0.92	0.86	0.82	0.86	0.8	0.82	0.78	0.86	0.9
9700	0.88	0.72	0.72	0.94	0.92	0.82	0.86	0.92	0.88	0.82	0.88	0.8	0.84	0.78	0.86	0.9
9750	0.8	0.7	0.72	0.94	0.92	0.8	0.84	0.92	0.86	0.84	0.88	0.8	0.86	0.74	0.88	0.9
9800	0.8	0.7	0.72	0.94	0.92	0.78	0.86	0.94	0.88	0.84	0.86	0.8	0.86	0.72	0.86	0.9
9850	0.96	0.72	0.74	0.94	0.94	0.76	0.86	0.94	0.9	0.84	0.86	0.82	0.86	0.74	0.88	0.92
9900	0.8	0.72	0.72	0.94	0.92	0.76	0.86	0.96	0.9	0.84	0.86	0.8	0.86	0.72	0.88	0.9
9950	0.78	0.72	0.72	0.92	0.94	0.74	0.86	0.96	0.88	0.84	0.82	0.8	0.86	0.68	0.88	0.9
10000	0.8	0.72	0.7	0.92	0.94	0.72	0.86	0.96	0.86	0.82	0.82	0.78	0.84	0.74	0.88	0.9
10050	0.94	0.72	0.72	0.94	0.94	0.72	0.84	0.96	0.86	0.84	0.82	0.78	0.88	0.74	0.88	0.9
10100	0.72	0.72	0.76	0.96	0.92	0.68	0.84	0.94	0.88	0.84	0.8	0.78	0.86	0.74	0.9	0.9
10150	0.88	0.74	0.76	0.96	0.92	0.68	0.82	0.92	0.84	0.84	0.8	0.78	0.86	0.76	0.88	0.92
10200	0.76	0.76	0.76	0.96	0.92	0.68	0.8	0.92	0.84	0.84	0.76	0.8	0.86	0.72	0.88	0.92
10250	0.84	0.78	0.76	0.92	0.92	0.68	0.76	0.92	0.82	0.86	0.78	0.84	0.86	0.74	0.88	0.9
10300	0.92	0.78	0.78	0.94	0.92	0.68	0.78	0.92	0.8	0.92	0.82	0.86	0.84	0.72	0.88	0.9
10350	0.8	0.76	0.78	0.94	0.92	0.72	0.78	0.9	0.8	0.9	0.84	0.86	0.84	0.7	0.86	0.9
10400	0.74	0.76	0.78	0.9	0.92	0.74	0.76	0.86	0.78	0.86	0.82	0.86	0.84	0.7	0.86	0.92
10450	0.9	0.78	0.78	0.88	0.92	0.74	0.74	0.86	0.78	0.88	0.82	0.86	0.84	0.7	0.86	0.9
10500	0.82	0.84	0.76	0.86	0.92	0.8	0.72	0.86	0.76	0.86	0.8	0.86	0.86	0.72	0.86	0.9
10550	0.86	0.86	0.78	0.86	0.94	0.8	0.74	0.86	0.76	0.86	0.8	0.88	0.88	0.72	0.86	0.86
10600	0.78	0.82	0.74	0.86	0.94	0.8	0.76	0.86	0.76	0.84	0.78	0.88	0.86	0.74	0.9	0.84
10650	0.8	0.8	0.72	0.86	0.92	0.8	0.76	0.84	0.74	0.84	0.78	0.86	0.86	0.74	0.88	0.84
10700	0.76	0.82	0.72	0.84	0.92	0.82	0.74	0.84	0.74	0.82	0.8	0.88	0.9	0.74	0.86	0.82
10750	0.84	0.84	0.66	0.82	0.92	0.84	0.74	0.84	0.74	0.82	0.84	0.9	0.9	0.78	0.84	0.82
10800	0.76	0.84	0.64	0.82	0.96	0.86	0.74	0.86	0.76	0.8	0.84	0.9	0.9	0.8	0.84	0.78
10850	0.64	0.82	0.6	0.82	0.94	0.84	0.76	0.84	0.74	0.82	0.82	0.86	0.9	0.78	0.8	0.78
10900	0.84	0.82	0.58	0.84	0.92	0.88	0.78	0.78	0.82	0.8	0.82	0.9	0.9	0.78	0.8	0.78
10950	0.66	0.82	0.54	0.84	0.92	0.88	0.76	0.78	0.82	0.78	0.78	0.84	0.9	0.76	0.8	0.78
11000	0.76	0.82	0.54	0.82	0.9	0.82	0.76	0.78	0.8	0.76	0.78	0.84	0.92	0.76	0.78	0.8
11050	0.6	0.8	0.52	0.8	0.88	0.82	0.76	0.78	0.82	0.74	0.74	0.82	0.92	0.76	0.76	0.78
11100	0.74	0.8	0.54	0.84	0.88	0.78	0.74	0.78	0.8	0.7	0.7	0.8	0.9	0.76	0.74	0.78
11150	0.68	0.78	0.54	0.84	0.88	0.78	0.7	0.76	0.82	0.72	0.68	0.76	0.9	0.78	0.74	0.8
11200	0.6	0.76	0.52	0.82	0.88	0.76	0.68	0.74	0.82	0.7	0.68	0.7	0.9	0.74	0.74	0.78
11250	0.8	0.76	0.6	0.8	0.86	0.76	0.72	0.74	0.84	0.7	0.66	0.7	0.84	0.78	0.72	0.8
11300	0.84	0.76	0.6	0.74	0.86	0.76	0.72	0.72	0.84	0.7	0.68	0.7	0.82	0.78	0.72	0.78
11350	0.78	0.76	0.68	0.74	0.84	0.72	0.74	0.72	0.84	0.72	0.66	0.7	0.82	0.76	0.72	0.78
11400	0.7	0.76	0.72	0.74	0.82	0.74	0.72	0.72	0.86	0.68	0.66	0.68	0.82	0.76	0.68	0.78
11450	0.68	0.8	0.74	0.7	0.78	0.72	0.72	0.74	0.86	0.68	0.64	0.68	0.82	0.74	0.66	0.78
11500	0.72	0.8	0.76	0.64	0.78	0.7	0.72	0.7	0.82	0.68	0.62	0.68	0.82	0.74	0.68	0.76
11550	0.62	0.78	0.76	0.64	0.76	0.68	0.72	0.72	0.84	0.66	0.62	0.64	0.8	0.72	0.66	0.78
11600	0.78	0.78	0.78	0.64	0.74	0.66	0.72	0.74	0.86	0.64	0.62	0.64	0.82	0.72	0.62	0.76
11650	0.88	0.78	0.76	0.64	0.78	0.66	0.72	0.74	0.88	0.64	0.62	0.66	0.82	0.72	0.66	0.8
11700	0.86	0.8	0.78	0.7	0.8	0.68	0.74	0.7	0.88	0.68	0.62	0.7	0.82	0.7	0.68	0.8
11750	0.74	0.8	0.8	0.72	0.8	0.72	0.76	0.66	0.88	0.7	0.66	0.7	0.8	0.7	0.68	0.78
11800	0.58	0.78	0.78	0.74	0.74	0.72	0.76	0.7	0.88	0.72	0.64	0.7	0.78	0.66	0.66	0.76
11850	0.78	0.78	0.76	0.74	0.74	0.7	0.78	0.68	0.88	0.7	0.62	0.72	0.82	0.66	0.66	0.8
11900	0.74	0.82	0.74	0.72	0.72	0.74	0.8	0.66	0.9	0.72	0.64	0.74	0.82	0.68	0.66	0.78
11950	0.86	0.82	0.76	0.72	0.72	0.76	0.8	0.68	0.9	0.7	0.66	0.76	0.84	0.68	0.68	0.78
12000	0.82	0.82	0.76	0.78	0.74	0.74	0.82	0.72	0.9	0.7	0.7	0.78	0.86	0.64	0.68	0.76
12050	0.72	0.86	0.76	0.76	0.74	0.72	0.8	0.66	0.9	0.72	0.72	0.76	0.84	0.64	0.7	0.76
12100	0.66	0.84	0.78	0.76	0.74	0.68	0.76	0.64	0.9	0.74	0.7	0.76	0.86	0.62	0.68	0.74
12150	0.7	0.82	0.78	0.78	0.74	0.68	0.76	0.66	0.88	0.72	0.7	0.74	0.86	0.64	0.68	0.74
12200	0.7	0.8	0.78	0.78	0.78	0.68	0.74	0.64	0.88	0.76	0.68	0.76	0.8	0.64	0.68	0.72
12250	0.76	0.82	0.76	0.8	0.8	0.74	0.76	0.62	0.88	0.74	0.68	0.78	0.82	0.66	0.68	0.74
12300	0.68	0.78	0.74	0.78	0.82	0.7	0.74	0.66	0.86	0.74	0.66	0.76	0.8	0.66	0.68	0.74
12350	0.74	0.8	0.74	0.76	0.8	0.7	0.74	0.68	0.86	0.76	0.66	0.76	0.8	0.64	0.64	0.76
12400	0.68	0.8	0.74	0.74	0.82	0.68	0.74	0.6	0.84	0.82	0.68	0.74	0.8	0.6	0.68	0.76
12450	0.76	0.78	0.72	0.74	0.8	0.68	0.76	0.6	0.84	0.8	0.72	0.76	0.8	0.64	0.74	0.76
12500	0.68	0.74	0.72	0.74	0.82	0.66	0.8	0.6	0.82	0.8	0.74	0.74	0.8	0.66	0.76	0.72
12550	0.62	0.72	0.7	0.7	0.8	0.64	0.8	0.6	0.8	0.76	0.7	0.8	0.78	0.66	0.78	0.74
12600	0.74	0.72	0.7	0.7	0.8	0.62	0.78	0.58	0.82	0.76	0.68	0.8	0.78	0.68	0.78	0.68
12650	0.76	0.72	0.72	0.72	0.8	0.62	0.78	0.54	0.82	0.76	0.64	0.78	0.78	0.68	0.78	0.7
12700	0.76	0.72	0.7	0.68	0.8	0.64	0.78	0.54	0.82	0.78	0.7	0.76	0.76	0.68	0.78	0.72
12750	0.72	0.72	0.68	0.7	0.8	0.68	0.74	0.58	0.8	0.74	0.7	0.76	0.76	0.66	0.78	0.74
12800	0.8	0.7	0.68	0.72	0.82	0.68	0.76	0.6	0.8	0.72	0.68	0.78	0.74	0.68	0.8	0.76
12850	0.64	0.72	0.64	0.72	0.78	0.68	0.78	0.58	0.78	0.72	0.66	0.74	0.74	0.68	0.78	0.8
12900	0.8	0.7	0.66	0.72	0.76	0.68	0.78	0.62	0.76	0.74	0.7	0.74	0.72	0.68	0.76	0.78
12950	0.7	0.72	0.64	0.7	0.76	0.7	0.78	0.62	0.74	0.7	0.7	0.72	0.78	0.66	0.76	0.78
13000	0.76	0.7	0.64	0.72	0.76	0.7	0.76	0.6	0.74	0.68	0.72	0.74	0.78	0.68	0.76	0.78
13050	0.78	0.7	0.64	0.76	0.76	0.68	0.76	0.62	0.72	0.72	0.7	0.72	0.82	0.7	0.8	0.78
13100	0.74	0.66	0.66	0.76	0.78	0.72	0.76	0.64	0.72	0.7	0.7	0.7	0.82	0.72	0.76	0.78
13150	0.86	0.7	0.7	0.76	0.8	0.76	0.78	0.66	0.72	0.76	0.7	0.7	0.82	0.74	0.76	0.8
13200	0.76	0.7	0.7	0.76	0.8	0.78	0.76	0.66	0.72	0.78	0.68	0.68	0.8	0.7	0.78	0.8
13250	0.72	0.68	0.72	0.76	0.78	0.78	0.74	0.66	0.72	0.76	0.7	0.68	0.78	0.7	0.78	0.82
13300	0.76	0.7	0.74	0.76	0.82	0.78	0.74	0.7	0.72	0.76	0.7	0.7	0.74	0.7	0.8	0.82
13350	0.8	0.76	0.76	0.76	0.8	0.76	0.72	0.7	0.74	0.78	0.72	0.68	0.76	0.7	0.8	0.86
13400	0.8	0.78	0.8	0.78	0.84	0.76	0.7	0.72	0.74	0.78	0.72	0.68	0.76	0.74	0.78	0.84
13450	0.74	0.76	0.84	0.8	0.82	0.74	0.7	0.74	0.78	0.76	0.7	0.68	0.76	0.72	0.78	0.84
13500	0.82	0.72	0.84	0.8	0.8	0.76	0.7	0.76	0.8	0.76	0.74	0.68	0.74	0.74	0.78	0.84
13550	0.74	0.68	0.86	0.8	0.8	0.76	0.72	0.74	0.78	0.72	0.76	0.72	0.74	0.76	0.78	0.84
13600	0.78	0.72	0.86	0.82	0.8	0.8	0.72	0.78	0.78	0.7	0.74	0.7	0.74	0.78	0.8	0.84
13650	0.82	0.76	0.84	0.84	0.82	0.82	0.72	0.76	0.78	0.68	0.7	0.7	0.72	0.78	0.8	0.84
13700	0.66	0.76	0.86	0.84	0.8	0.84	0.68	0.76	0.8	0.66	0.68	0.66	0.7	0.82	0.84	0.84
13750	0.68	0.78	0.84	0.84	0.8	0.82	0.68	0.78	0.8	0.64	0.72	0.62	0.68	0.82	0.86	0.82
13800	0.74	0.76	0.84	0.82	0.8	0.8	0.68	0.76	0.82	0.64	0.7	0.62	0.68	0.86	0.86	0.8
13850	0.72	0.76	0.88	0.8	0.8	0.8	0.66	0.76	0.84	0.6	0.68	0.6	0.7	0.84	0.86	0.8
13900	0.76	0.74	0.88	0.78	0.82	0.8	0.68	0.8	0.82	0.6	0.68	0.54	0.7	0.82	0.86	0.78
13950	0.82	0.72	0.88	0.78	0.82	0.8	0.72	0.8	0.78	0.6	0.68	0.54	0.7	0.84	0.88	0.78
14000	0.86	0.78	0.92	0.8	0.84	0.8	0.72	0.82	0.78	0.6	0.7	0.56	0.7	0.84	0.9	0.78
14050	0.7	0.8	0.92	0.78	0.82	0.82	0.72	0.8	0.78	0.6	0.68	0.52	0.64	0.86	0.88	0.82
14100	0.78	0.8	0.92	0.8	0.8	0.82	0.74	0.78	0.76	0.6	0.7	0.5	0.64	0.84	0.9	0.82
14150	0.82	0.8	0.92	0.8	0.8	0.8	0.74	0.78	0.76	0.6	0.7	0.5	0.64	0.82	0.9	0.84
14200	0.66	0.82	0.9	0.82	0.82	0.84	0.7	0.76	0.76	0.62	0.68	0.5	0.64	0.8	0.86	0.84
14250	0.88	0.84	0.9	0.82	0.82	0.84	0.7	0.74	0.76	0.68	0.7	0.5	0.64	0.82	0.88	0.84
14300	0.8	0.82	0.88	0.84	0.82	0.84	0.7	0.72	0.76	0.7	0.7	0.52	0.62	0.82	0.9	0.86
14350	0.78	0.8	0.86	0.84	0.84	0.84	0.68	0.76	0.74	0.72	0.72	0.54	0.64	0.82	0.9	0.84
14400	0.76	0.82	0.9	0.82	0.86	0.78	0.68	0.74	0.74	0.74	0.72	0.52	0.66	0.8	0.9	0.84
14450	0.76	0.82	0.88	0.8	0.86	0.78	0.66	0.74	0.76	0.8	0.72	0.44	0.7	0.78	0.9	0.84
14500	0.7	0.82	0.84	0.8	0.86	0.76	0.66	0.74	0.74	0.8	0.68	0.52	0.72	0.76	0.9	0.84
14550	0.76	0.78	0.84	0.86	0.84	0.74	0.66	0.72	0.76	0.8	0.68	0.6	0.74	0.74	0.9	0.82
14600	0.86	0.8	0.82	0.88	0.84	0.8	0.66	0.68	0.74	0.8	0.72	0.68	0.76	0.74	0.9	0.86
14650	0.8	0.78	0.8	0.86	0.84	0.8	0.66	0.7	0.76	0.82	0.76	0.74	0.78	0.76	0.88	0.88
14700	0.74	0.8	0.78	0.88	0.82	0.8	0.68	0.68	0.8	0.82	0.72	0.72	0.78	0.74	0.88	0.88
14750	0.78	0.76	0.74	0.92	0.8	0.8	0.68	0.72	0.78	0.82	0.72	0.72	0.78	0.74	0.86	0.86
14800	0.78	0.72	0.74	0.9	0.8	0.8	0.72	0.72	0.78	0.84	0.72	0.72	0.82	0.74	0.84	0.86
14850	0.7	0.7	0.72	0.88	0.82	0.8	0.7	0.72	0.8	0.8	0.76	0.72	0.82	0.72	0.82	0.86
14900	0.7	0.68	0.7	0.86	0.82	0.82	0.7	0.72	0.8	0.8	0.74	0.72	0.8	0.74	0.84	0.86
14950	0.7	0.7	0.68	0.84	0.84	0.82	0.68	0.7	0.8	0.8	0.7	0.68	0.8	0.74	0.8	0.86
15000	0.8	0.74	0.7	0.84	0.84	0.8	0.66	0.72	0.8	0.8	0.66	0.68	0.82	0.74	0.78	0.82
15050	0.66	0.74	0.7	0.84	0.84	0.84	0.64	0.74	0.78	0.74	0.68	0.7	0.84	0.72	0.76	0.78
15100	0.8	0.74	0.68	0.84	0.84	0.84	0.62	0.74	0.8	0.76	0.74	0.7	0.84	0.72	0.76	0.76
15150	0.7	0.72	0.64	0.86	0.82	0.88	0.64	0.76	0.8	0.76	0.74	0.7	0.84	0.7	0.76	0.72
15200	0.66	0.7	0.64	0.82	0.8	0.82	0.64	0.76	0.8	0.76	0.7	0.68	0.84	0.72	0.76	0.7
15250	0.7	0.74	0.62	0.82	0.8	0.8	0.6	0.8	0.74	0.78	0.74	0.66	0.82	0.72	0.76	0.7
15300	0.68	0.76	0.62	0.8	0.8	0.78	0.56	0.8	0.74	0.8	0.68	0.62	0.82	0.72	0.76	0.7
15350	0.74	0.76	0.64	0.8	0.8	0.8	0.56	0.74	0.76	0.78	0.68	0.62	0.8	0.74	0.76	0.7
15400	0.8	0.74	0.62	0.8	0.82	0.76	0.58	0.76	0.78	0.8	0.66	0.62	0.78	0.76	0.78	0.66
15450	0.7	0.74	0.64	0.76	0.82	0.76	0.6	0.76	0.78	0.78	0.68	0.64	0.74	0.72	0.76	0.66
15500	0.8	0.76	0.64	0.76	0.82	0.76	0.6	0.78	0.76	0.76	0.68	0.62	0.74	0.76	0.76	0.64
15550	0.72	0.78	0.62	0.76	0.84	0.76	0.64	0.8	0.74	0.74	0.7	0.62	0.74	0.76	0.76	0.64
15600	0.66	0.78	0.64	0.76	0.84	0.76	0.58	0.8	0.76	0.7	0.68	0.6	0.8	0.76	0.76	0.62
15650	0.88	0.8	0.64	0.8	0.86	0.76	0.58	0.8	0.74	0.74	0.7	0.6	0.8	0.78	0.8	0.62
15700	0.76	0.82	0.62	0.8	0.88	0.76	0.62	0.8	0.72	0.72	0.68	0.58	0.82	0.78	0.82	0.64
15750	0.8	0.82	0.62	0.8	0.86	0.74	0.62	0.8	0.7	0.7	0.7	0.6	0.8	0.78	0.86	0.66
15800	0.68	0.8	0.6	0.8	0.86	0.74	0.62	0.8	0.7	0.7	0.66	0.6	0.8	0.82	0.84	0.66
15850	0.82	0.8	0.58	0.8	0.88	0.74	0.64	0.78	0.7	0.76	0.62	0.6	0.8	0.8	0.84	0.72
15900	0.86	0.82	0.64	0.76	0.9	0.76	0.64	0.8	0.74	0.76	0.6	0.6	0.76	0.82	0.86	0.74
15950	0.76	0.84	0.66	0.76	0.9	0.78	0.62	0.76	0.72	0.7	0.6	0.66	0.76	0.82	0.86	0.78
16000	0.74	0.86	0.66	0.8	0.9	0.78	0.66	0.76	0.7	0.7	0.62	0.68	0.76	0.82	0.86	0.82
16050	0.82	0.84	0.7	0.82	0.88	0.78	0.72	0.82	0.76	0.68	0.62	0.7	0.8	0.82	0.84	0.82
16100	0.7	0.82	0.72	0.84	0.84	0.8	0.7	0.82	0.78	0.68	0.66	0.62	0.8	0.82	0.84	0.8
16150	0.72	0.82	0.68	0.84	0.84	0.8	0.68	0.78	0.78	0.72	0.68	0.64	0.76	0.8	0.88	0.82
16200	0.6	0.8	0.66	0.84	0.84	0.84	0.68	0.78	0.72	0.68	0.62	0.64	0.72	0.8	0.88	0.84
16250	0.7	0.82	0.58	0.84	0.84	0.84	0.7	0.74	0.72	0.74	0.62	0.62	0.74	0.8	0.88	0.86
16300	0.6	0.76	0.58	0.84	0.8	0.84	0.7	0.68	0.72	0.76	0.64	0.64	0.72	0.76	0.9	0.84
16350	0.72	0.74	0.6	0.82	0.8	0.86	0.74	0.68	0.68	0.76	0.62	0.64	0.72	0.74	0.9	0.84
16400	0.72	0.72	0.6	0.82	0.78	0.86	0.74	0.68	0.7	0.76	0.64	0.6	0.7	0.76	0.9	0.82
16450	0.72	0.72	0.56	0.82	0.8	0.84	0.72	0.7	0.72	0.74	0.64	0.6	0.7	0.74	0.92	0.82
16500	0.66	0.72	0.52	0.84	0.8	0.86	0.72	0.64	0.74	0.72	0.68	0.56	0.66	0.72	0.92	0.78
16550	0.62	0.72	0.54	0.84	0.76	0.88	0.68	0.62	0.74	0.7	0.68	0.56	0.66	0.68	0.9	0.76
16600	0.76	0.72	0.46	0.88	0.76	0.88	0.68	0.62	0.78	0.7	0.68	0.56	0.68	0.68	0.92	0.72
16650	0.68	0.72	0.44	0.86	0.72	0.88	0.68	0.62	0.78	0.78	0.72	0.54	0.68	0.7	0.9	0.7
16700	0.72	0.72	0.44	0.86	0.72	0.86	0.66	0.62	0.78	0.8	0.72	0.52	0.64	0.7	0.88	0.7
16750	0.76	0.72	0.42	0.86	0.7	0.84	0.66	0.62	0.76	0.8	0.72	0.48	0.66	0.7	0.88	0.7
16800	0.7	0.72	0.42	0.86	0.68	0.84	0.62	0.62	0.76	0.8	0.66	0.48	0.68	0.7	0.9	0.7
16850	0.74	0.72	0.44	0.86	0.68	0.84	0.64	0.64	0.8	0.8	0.66	0.48	0.68	0.72	0.88	0.66
16900	0.78	0.74	0.44	0.86	0.7	0.84	0.64	0.62	0.78	0.76	0.62	0.5	0.68	0.76	0.88	0.68
16950	0.72	0.76	0.44	0.86	0.72	0.86	0.62	0.64	0.8	0.8	0.64	0.52	0.7	0.76	0.84	0.68
17000	0.7	0.78	0.42	0.82	0.72	0.86	0.62	0.68	0.76	0.82	0.62	0.52	0.68	0.8	0.84	0.66
17050	0.74	0.82	0.4	0.88	0.72	0.86	0.62	0.72	0.82	0.82	0.62	0.5	0.68	0.84	0.8	0.64
17100	0.9	0.84	0.4	0.88	0.76	0.9	0.66	0.7	0.82	0.82	0.62	0.5	0.7	0.84	0.8	0.66
17150	0.76	0.88	0.4	0.88	0.78	0.88	0.66	0.7	0.82	0.8	0.62	0.52	0.66	0.86	0.8	0.66
17200	0.7	0.9	0.4	0.86	0.78	0.86	0.64	0.72	0.8	0.76	0.64	0.52	0.68	0.86	0.78	0.68
17250	0.82	0.92	0.44	0.86	0.78	0.9	0.64	0.72	0.78	0.76	0.62	0.52	0.66	0.88	0.76	0.7
17300	0.74	0.9	0.52	0.86	0.78	0.92	0.64	0.76	0.74	0.8	0.6	0.54	0.64	0.88	0.78	0.7
17350	0.76	0.9	0.52	0.86	0.78	0.92	0.66	0.8	0.74	0.78	0.6	0.58	0.66	0.9	0.78	0.72
17400	0.72	0.88	0.52	0.84	0.8	0.92	0.7	0.8	0.74	0.8	0.62	0.54	0.68	0.9	0.8	0.74
17450	0.86	0.88	0.52	0.86	0.8	0.92	0.74	0.8	0.76	0.78	0.6	0.54	0.7	0.9	0.8	0.76
17500	0.82	0.88	0.54	0.84	0.78	0.92	0.72	0.8	0.74	0.78	0.62	0.54	0.72	0.88	0.8	0.8
17550	0.64	0.9	0.56	0.82	0.78	0.92	0.74	0.8	0.7	0.72	0.6	0.54	0.76	0.86	0.8	0.82
17600	0.74	0.92	0.58	0.78	0.8	0.92	0.72	0.84	0.66	0.72	0.68	0.54	0.78	0.84	0.8	0.8
17650	0.72	0.9	0.58	0.82	0.78	0.92	0.72	0.84	0.66	0.76	0.64	0.52	0.78	0.84	0.78	0.8
17700	0.8	0.9	0.58	0.82	0.76	0.92	0.7	0.86	0.7	0.76	0.62	0.52	0.74	0.86	0.78	0.84
17750	0.76	0.9	0.58	0.82	0.78	0.92	0.74	0.82	0.7	0.76	0.66	0.52	0.78	0.82	0.76	0.86
17800	0.78	0.88	0.6	0.8	0.78	0.92	0.74	0.8	0.68	0.76	0.68	0.54	0.74	0.82	0.76	0.82
17850	0.76	0.86	0.58	0.78	0.78	0.92	0.74	0.8	0.68	0.74	0.64	0.56	0.76	0.84	0.78	0.82
17900	0.7	0.86	0.58	0.8	0.78	0.92	0.76	0.82	0.68	0.78	0.62	0.56	0.72	0.84	0.78	0.84
17950	0.72	0.86	0.58	0.82	0.78	0.94	0.78	0.84	0.7	0.8	0.62	0.6	0.68	0.84	0.78	0.82
18000	0.78	0.86	0.58	0.82	0.78	0.94	0.78	0.84	0.74	0.82	0.6	0.6	0.68	0.84	0.78	0.82
18050	0.72	0.88	0.58	0.84	0.76	0.92	0.76	0.82	0.7	0.8	0.62	0.62	0.68	0.82	0.78	0.8
18100	0.78	0.86	0.54	0.86	0.78	0.9	0.74	0.82	0.68	0.8	0.62	0.62	0.7	0.82	0.82	0.78
18150	0.7	0.82	0.52	0.86	0.76	0.9	0.72	0.8	0.68	0.82	0.6	0.6	0.72	0.82	0.82	0.8
18200	0.76	0.8	0.56	0.86	0.76	0.88	0.7	0.8	0.68	0.8	0.6	0.66	0.7	0.82	0.82	0.8
18250	0.6	0.78	0.56	0.86	0.76	0.86	0.68	0.74	0.7	0.76	0.56	0.64	0.68	0.82	0.82	0.76
18300	0.76	0.78	0.54	0.86	0.8	0.86	0.7	0.76	0.72	0.76	0.56	0.62	0.68	0.8	0.82	0.74
18350	0.8	0.78	0.54	0.92	0.82	0.86	0.74	0.76	0.76	0.76	0.56	0.64	0.68	0.8	0.8	0.74
18400	0.82	0.8	0.56	0.88	0.8	0.86	0.76	0.78	0.76	0.78	0.62	0.66	0.66	0.82	0.84	0.74
18450	0.74	0.8	0.58	0.88	0.8	0.86	0.76	0.76	0.74	0.74	0.62	0.66	0.64	0.82	0.82	0.74
18500	0.84	0.82	0.62	0.84	0.8	0.86	0.74	0.76	0.74	0.74	0.62	0.66	0.66	0.84	0.84	0.74
18550	0.7	0.78	0.6	0.82	0.78	0.86	0.74	0.8	0.72	0.74	0.6	0.68	0.68	0.84	0.86	0.7
18600	0.68	0.8	0.64	0.78	0.76	0.86	0.72	0.8	0.72	0.72	0.62	0.66	0.64	0.82	0.86	0.72
18650	0.76	0.8	0.68	0.78	0.76	0.86	0.68	0.78	0.7	0.7	0.64	0.66	0.68	0.82	0.84	0.72
18700	0.7	0.82	0.64	0.76	0.74	0.88	0.64	0.78	0.7	0.7	0.68	0.66	0.66	0.82	0.88	0.72
18750	0.68	0.82	0.66	0.76	0.72	0.88	0.64	0.74	0.7	0.72	0.68	0.68	0.7	0.84	0.88	0.7
18800	0.84	0.82	0.66	0.74	0.72	0.9	0.68	0.72	0.7	0.74	0.68	0.68	0.74	0.84	0.88	0.7
18850	0.72	0.82	0.68	0.74	0.74	0.88	0.62	0.78	0.7	0.72	0.66	0.66	0.74	0.84	0.9	0.7
18900	0.6	0.82	0.62	0.76	0.74	0.88	0.62	0.78	0.68	0.76	0.68	0.6	0.74	0.86	0.84	0.72
18950	0.7	0.84	0.62	0.74	0.72	0.88	0.64	0.76	0.7	0.74	0.66	0.62	0.74	0.84	0.82	0.74
19000	0.8	0.88	0.62	0.74	0.74	0.88	0.68	0.76	0.66	0.72	0.66	0.62	0.76	0.82	0.84	0.74
19050	0.74	0.88	0.6	0.76	0.72	0.88	0.7	0.76	0.68	0.7	0.68	0.64	0.72	0.78	0.84	0.74
19100	0.78	0.88	0.64	0.74	0.7	0.82	0.7	0.76	0.7	0.72	0.7	0.66	0.72	0.78	0.84	0.74
19150	0.74	0.88	0.64	0.76	0.7	0.82	0.68	0.74	0.72	0.76	0.7	0.64	0.7	0.76	0.86	0.76
19200	0.76	0.88	0.66	0.8	0.7	0.82	0.64	0.74	0.72	0.72	0.72	0.62	0.68	0.74	0.86	0.74
19250	0.74	0.88	0.64	0.84	0.68	0.82	0.66	0.74	0.7	0.74	0.74	0.66	0.64	0.74	0.86	0.7
19300	0.76	0.92	0.58	0.84	0.7	0.84	0.64	0.74	0.72	0.74	0.7	0.66	0.66	0.74	0.86	0.68
19350	0.78	0.92	0.6	0.84	0.72	0.84	0.68	0.76	0.74	0.76	0.72	0.64	0.66	0.74	0.86	0.68
19400	0.68	0.9	0.6	0.82	0.72	0.78	0.68	0.76	0.72	0.76	0.72	0.62	0.66	0.76	0.86	0.68
19450	0.76	0.9	0.62	0.84	0.76	0.76	0.66	0.76	0.72	0.76	0.74	0.66	0.64	0.72	0.84	0.72
19500	0.64	0.86	0.6	0.82	0.74	0.74	0.68	0.8	0.72	0.8	0.76	0.64	0.64	0.68	0.78	0.7
19550	0.74	0.9	0.56	0.82	0.72	0.74	0.7	0.8	0.7	0.8	0.78	0.7	0.6	0.64	0.76	0.72
19600	0.78	0.9	0.58	0.8	0.74	0.74	0.7	0.8	0.74	0.8	0.8	0.76	0.58	0.66	0.74	0.72
19650	0.84	0.9	0.6	0.8	0.78	0.78	0.66	0.82	0.74	0.82	0.84	0.78	0.58	0.66	0.78	0.72
19700	0.72	0.9	0.58	0.78	0.78	0.8	0.68	0.8	0.74	0.82	0.88	0.8	0.54	0.62	0.78	0.72
19750	0.64	0.9	0.56	0.8	0.78	0.78	0.7	0.78	0.78	0.82	0.84	0.78	0.5	0.64	0.76	0.72
19800	0.82	0.9	0.56	0.82	0.8	0.78	0.74	0.76	0.78	0.84	0.88	0.78	0.54	0.64	0.76	0.7
19850	0.78	0.9	0.54	0.82	0.8	0.82	0.74	0.74	0.76	0.84	0.88	0.76	0.56	0.64	0.76	0.68
19900	0.8	0.9	0.52	0.82	0.82	0.82	0.72	0.72	0.74	0.86	0.9	0.74	0.62	0.7	0.72	0.68
19950	0.78	0.9	0.54	0.82	0.84	0.82	0.72	0.7	0.74	0.84	0.94	0.74	0.66	0.7	0.72	0.68
20000	0.8	0.9	0.6	0.84	0.86	0.82	0.68	0.7	0.76	0.84	0.94	0.76	0.66	0.7	0.72	0.68
