0	0.0	0.0	0.0	0.0	0.0	0.0	0.0	0.0	0.0	0.0	0.0	0.0	0.0	0.0	0.0	0.0
50	0.333333333333	0.0	0.0	0.25	0.0	0.0	0.0	0.166666666667	0.2	0.0	0.0	0.0	0.428571428571	0.0	0.0	0.0
100	0.444444444444	0.0	0.0	0.333333333333	0.375	0.285714285714	0.375	0.454545454545	0.545454545455	0.5	0.444444444444	0.166666666667	0.538461538462	0.375	0.375	0.285714285714
150	0.5625	0.25	0.538461538462	0.642857142857	0.615384615385	0.466666666667	0.538461538462	0.631578947368	0.6875	0.6	0.538461538462	0.333333333333	0.666666666667	0.454545454545	0.444444444444	0.5
200	0.695652173913	0.533333333333	0.666666666667	0.7	0.625	0.555555555556	0.611111111111	0.571428571429	0.722222222222	0.684210526316	0.611111111111	0.5	0.695652173913	0.5625	0.5	0.666666666667
250	0.740740740741	0.681818181818	0.615384615385	0.739130434783	0.647058823529	0.625	0.636363636364	0.590909090909	0.791666666667	0.76	0.695652173913	0.578947368421	0.758620689655	0.631578947368	0.666666666667	0.681818181818
300	0.774193548387	0.758620689655	0.69696969697	0.76	0.7	0.666666666667	0.724137931034	0.678571428571	0.821428571429	0.806451612903	0.758620689655	0.608695652174	0.794117647059	0.695652173913	0.727272727273	0.758620689655
350	0.787878787879	0.815789473684	0.736842105263	0.8125	0.76	0.727272727273	0.757575757576	0.709677419355	0.848484848485	0.823529411765	0.794117647059	0.666666666667	0.810810810811	0.766666666667	0.76	0.766666666667
400	0.820512820513	0.837209302326	0.75	0.842105263158	0.793103448276	0.756756756757	0.783783783784	0.75	0.846153846154	0.810810810811	0.805555555556	0.727272727273	0.815789473684	0.794117647059	0.758620689655	0.763157894737
450	0.844444444444	0.836734693878	0.772727272727	0.853658536585	0.794117647059	0.780487804878	0.80487804878	0.785714285714	0.853658536585	0.833333333333	0.820512820513	0.74358974359	0.829268292683	0.810810810811	0.794117647059	0.8
500	0.86	0.86	0.787234042553	0.863636363636	0.810810810811	0.8125	0.833333333333	0.8125	0.860465116279	0.844444444444	0.840909090909	0.733333333333	0.847826086957	0.844444444444	0.825	0.808510638298
550	0.9	0.92	0.86	0.9	0.825	0.88	0.86	0.92	0.877551020408	0.851063829787	0.851063829787	0.744680851064	0.857142857143	0.851063829787	0.837209302326	0.86
600	0.92	0.96	0.92	0.96	0.837209302326	0.94	0.94	0.94	0.92	0.96	0.96	0.75	0.94	0.86	0.818181818182	0.92
650	0.94	0.96	0.92	0.96	0.857142857143	0.98	0.96	0.94	0.98	0.96	0.96	0.82	0.96	0.94	0.836734693878	0.92
700	0.98	0.94	0.94	0.98	0.92	0.98	0.96	0.96	0.98	0.98	0.98	0.86	0.98	0.98	0.92	0.92
750	1.0	0.94	0.94	0.98	0.94	1.0	0.98	1.0	0.96	0.98	1.0	0.9	0.94	0.98	0.94	0.92
800	1.0	0.92	1.0	0.98	0.94	1.0	0.96	1.0	0.96	0.98	1.0	0.9	0.94	1.0	0.96	0.96
850	1.0	0.92	1.0	0.98	0.96	1.0	0.98	1.0	0.96	0.98	1.0	0.94	0.94	1.0	0.96	0.96
900	1.0	0.92	1.0	0.98	0.96	1.0	0.98	1.0	0.96	0.96	1.0	0.94	0.94	1.0	0.96	0.96
950	1.0	0.92	1.0	0.98	0.96	1.0	0.98	1.0	0.96	0.98	1.0	0.96	0.94	1.0	0.96	0.98
1000	0.98	0.92	1.0	0.98	0.96	1.0	0.98	1.0	0.98	0.98	1.0	0.96	0.94	1.0	0.98	0.98
1050	0.96	0.92	1.0	0.98	0.96	1.0	0.98	1.0	0.96	0.96	1.0	1.0	0.94	1.0	0.98	1.0
1100	0.96	0.92	1.0	0.98	0.96	1.0	0.98	1.0	0.96	0.96	1.0	1.0	0.94	1.0	0.98	1.0
1150	0.96	0.94	1.0	0.98	0.98	1.0	0.96	1.0	0.94	0.96	1.0	1.0	0.94	1.0	0.98	1.0
1200	0.96	0.94	1.0	0.98	0.98	1.0	0.94	1.0	0.94	0.96	1.0	1.0	0.94	1.0	1.0	1.0
1250	0.96	0.96	1.0	0.98	0.98	1.0	0.94	1.0	0.94	0.96	1.0	1.0	0.94	1.0	1.0	1.0
1300	0.96	0.98	1.0	0.98	0.98	1.0	0.94	1.0	0.94	0.96	1.0	1.0	0.94	1.0	1.0	1.0
1350	0.96	1.0	1.0	0.98	0.98	1.0	0.92	1.0	0.94	0.94	1.0	1.0	0.98	1.0	0.98	1.0
1400	0.96	1.0	1.0	0.98	0.96	1.0	0.92	1.0	0.94	0.94	1.0	1.0	1.0	1.0	0.98	1.0
1450	0.94	1.0	1.0	0.98	0.94	1.0	0.9	1.0	0.96	0.94	1.0	1.0	1.0	1.0	0.98	1.0
1500	0.94	1.0	1.0	0.96	0.92	1.0	0.9	1.0	0.96	0.94	1.0	1.0	1.0	1.0	0.98	1.0
1550	0.94	1.0	1.0	0.94	0.9	1.0	0.92	1.0	0.96	0.96	1.0	1.0	1.0	1.0	0.98	1.0
1600	0.96	0.98	1.0	0.94	0.88	1.0	0.92	1.0	0.94	0.96	1.0	1.0	1.0	1.0	0.98	1.0
1650	0.96	0.98	1.0	0.94	0.88	1.0	0.9	1.0	0.94	0.96	1.0	1.0	1.0	1.0	0.98	1.0
1700	0.98	0.98	1.0	0.94	0.88	1.0	0.9	1.0	0.94	0.96	1.0	1.0	1.0	1.0	0.98	1.0
1750	0.98	0.98	1.0	0.92	0.86	1.0	0.9	1.0	0.96	0.96	1.0	1.0	1.0	1.0	0.98	1.0
1800	0.98	0.98	1.0	0.92	0.86	1.0	0.9	1.0	0.98	0.98	1.0	1.0	1.0	1.0	0.98	1.0
1850	0.98	0.98	1.0	0.94	0.86	1.0	0.9	1.0	0.98	0.98	1.0	1.0	1.0	1.0	0.98	1.0
1900	0.98	0.98	1.0	0.94	0.84	1.0	0.92	1.0	0.98	0.98	1.0	1.0	1.0	1.0	0.98	1.0
1950	0.98	0.98	1.0	0.94	0.84	1.0	0.94	1.0	0.98	0.98	1.0	1.0	1.0	1.0	0.98	1.0
2000	0.98	0.98	1.0	0.94	0.86	0.98	0.96	1.0	0.98	0.98	1.0	1.0	1.0	1.0	0.98	1.0
2050	0.98	0.98	1.0	0.94	0.88	0.98	0.98	1.0	0.98	0.98	1.0	1.0	1.0	1.0	0.98	1.0
2100	0.98	0.98	1.0	0.96	0.9	0.98	0.98	1.0	0.98	1.0	1.0	1.0	1.0	1.0	0.98	1.0
2150	0.98	0.96	1.0	0.96	0.9	0.98	0.98	1.0	0.98	0.98	1.0	1.0	1.0	1.0	1.0	1.0
2200	0.98	0.96	1.0	0.96	0.94	0.98	0.96	1.0	0.98	0.98	1.0	1.0	1.0	1.0	1.0	0.98
2250	0.98	0.96	1.0	0.96	0.94	0.98	0.96	1.0	0.98	0.98	1.0	1.0	1.0	1.0	1.0	0.98
2300	0.98	0.96	1.0	0.96	0.96	0.98	0.96	0.98	0.98	0.98	1.0	1.0	1.0	1.0	1.0	0.98
2350	1.0	0.96	1.0	0.98	0.98	0.98	0.96	0.98	1.0	0.98	1.0	1.0	1.0	1.0	1.0	0.98
2400	1.0	0.98	1.0	0.98	0.98	0.98	0.96	0.98	1.0	0.98	1.0	1.0	1.0	1.0	1.0	0.98
2450	0.98	0.98	1.0	0.98	0.98	0.96	0.96	0.98	1.0	0.98	1.0	1.0	1.0	1.0	1.0	0.98
2500	0.98	0.98	1.0	0.98	0.98	0.96	0.96	0.98	1.0	0.98	1.0	1.0	1.0	1.0	1.0	0.98
2550	0.98	0.98	1.0	0.98	0.98	0.94	0.96	0.98	1.0	0.98	1.0	1.0	1.0	1.0	1.0	0.98
2600	0.98	0.98	1.0	0.98	1.0	0.96	0.96	0.98	1.0	0.98	1.0	1.0	0.98	1.0	1.0	0.98
2650	0.98	0.98	1.0	0.98	1.0	0.96	0.96	0.98	1.0	0.96	1.0	1.0	0.98	1.0	1.0	0.98
2700	0.98	0.98	1.0	0.94	1.0	0.96	0.96	0.98	1.0	0.94	1.0	1.0	0.98	1.0	1.0	0.98
2750	0.98	0.98	1.0	0.94	1.0	0.96	0.94	0.98	1.0	0.94	1.0	1.0	0.98	1.0	1.0	0.98
2800	0.98	0.98	1.0	0.94	1.0	0.96	0.94	1.0	1.0	0.94	1.0	1.0	0.98	1.0	1.0	0.98
2850	0.98	0.98	1.0	0.94	1.0	0.96	0.94	1.0	1.0	0.94	1.0	1.0	0.98	1.0	1.0	1.0
2900	0.98	0.98	1.0	0.94	1.0	0.96	0.92	1.0	1.0	0.94	1.0	1.0	0.98	1.0	1.0	1.0
2950	0.98	0.98	1.0	0.94	1.0	0.96	0.94	1.0	1.0	0.96	1.0	1.0	0.98	1.0	1.0	1.0
3000	0.98	1.0	1.0	0.94	1.0	0.96	0.94	1.0	1.0	0.96	1.0	1.0	0.98	1.0	1.0	1.0
3050	0.98	1.0	1.0	0.94	1.0	0.96	0.96	1.0	1.0	0.96	1.0	1.0	0.98	1.0	1.0	1.0
3100	1.0	1.0	1.0	0.94	1.0	0.96	0.96	1.0	1.0	0.96	1.0	1.0	0.98	1.0	1.0	1.0
3150	1.0	1.0	1.0	0.94	0.98	0.96	0.96	1.0	1.0	0.96	1.0	1.0	0.98	1.0	1.0	1.0
3200	1.0	1.0	1.0	0.92	0.98	0.98	0.96	1.0	1.0	0.96	1.0	1.0	0.98	1.0	1.0	1.0
3250	1.0	1.0	1.0	0.92	0.98	0.98	0.96	1.0	1.0	0.96	1.0	1.0	0.98	1.0	1.0	1.0
3300	1.0	0.98	1.0	0.92	0.98	1.0	0.96	1.0	1.0	0.96	1.0	1.0	0.98	1.0	1.0	1.0
3350	0.98	0.98	1.0	0.92	0.98	1.0	0.96	1.0	1.0	0.98	1.0	1.0	0.98	1.0	1.0	1.0
3400	0.96	0.96	1.0	0.92	0.98	1.0	0.96	1.0	0.98	0.98	1.0	1.0	1.0	1.0	1.0	1.0
3450	0.94	0.96	1.0	0.92	0.98	1.0	0.98	1.0	0.98	1.0	1.0	1.0	1.0	1.0	1.0	1.0
3500	0.92	0.96	1.0	0.92	0.98	1.0	0.98	1.0	0.98	1.0	1.0	1.0	1.0	1.0	1.0	1.0
3550	0.92	0.96	1.0	0.96	0.98	1.0	0.98	1.0	0.98	1.0	1.0	1.0	1.0	1.0	1.0	1.0
3600	0.92	0.96	1.0	0.96	0.98	1.0	0.98	1.0	0.98	1.0	1.0	1.0	1.0	1.0	1.0	1.0
3650	0.92	0.96	1.0	0.98	0.98	0.98	1.0	1.0	0.98	1.0	0.98	1.0	1.0	1.0	1.0	1.0
3700	0.92	0.96	1.0	0.96	0.98	0.98	1.0	1.0	0.98	1.0	0.96	1.0	1.0	1.0	1.0	1.0
3750	0.92	0.96	1.0	0.96	0.98	0.98	1.0	1.0	0.98	0.98	0.96	1.0	1.0	1.0	1.0	1.0
3800	0.92	0.96	1.0	0.96	0.98	0.98	1.0	1.0	0.98	0.96	0.94	1.0	1.0	1.0	1.0	1.0
3850	0.92	0.96	1.0	0.98	1.0	0.98	1.0	1.0	0.98	0.96	0.94	1.0	1.0	1.0	1.0	1.0
3900	0.9	0.96	1.0	0.98	1.0	0.98	1.0	1.0	0.98	0.96	0.94	1.0	1.0	1.0	1.0	1.0
3950	0.9	0.96	1.0	0.98	1.0	0.98	1.0	1.0	0.98	0.96	0.94	1.0	1.0	1.0	1.0	1.0
4000	0.9	0.98	1.0	0.98	1.0	0.98	1.0	1.0	0.98	0.96	0.94	1.0	1.0	1.0	1.0	1.0
4050	0.9	1.0	1.0	0.98	1.0	0.98	0.98	1.0	1.0	0.96	0.94	1.0	1.0	1.0	1.0	1.0
4100	0.9	1.0	1.0	0.98	1.0	0.98	0.98	1.0	0.98	0.96	0.94	1.0	1.0	1.0	1.0	1.0
4150	0.9	1.0	1.0	0.98	1.0	0.98	0.98	1.0	0.98	0.96	0.94	1.0	1.0	1.0	1.0	1.0
4200	0.92	1.0	1.0	0.98	1.0	0.98	0.98	1.0	0.98	0.96	0.94	1.0	1.0	1.0	1.0	1.0
4250	0.92	1.0	1.0	0.98	1.0	0.96	0.98	1.0	0.98	0.96	0.94	1.0	0.98	1.0	1.0	1.0
4300	0.94	1.0	1.0	1.0	1.0	0.96	0.98	1.0	0.98	0.96	0.94	1.0	0.96	1.0	1.0	1.0
4350	0.98	1.0	1.0	1.0	1.0	0.96	0.98	1.0	0.98	0.94	0.94	1.0	0.96	1.0	1.0	1.0
4400	0.98	1.0	1.0	1.0	1.0	0.96	0.98	1.0	0.98	0.94	0.94	1.0	0.96	1.0	1.0	1.0
4450	0.98	1.0	1.0	1.0	1.0	0.96	0.98	1.0	0.98	0.94	0.96	1.0	0.96	1.0	1.0	1.0
4500	0.98	1.0	1.0	1.0	1.0	0.96	0.98	1.0	0.98	0.94	0.98	0.98	0.96	0.98	1.0	1.0
4550	0.98	0.98	1.0	1.0	1.0	0.96	0.98	1.0	0.98	0.94	0.98	0.98	0.96	0.98	1.0	1.0
4600	1.0	0.98	1.0	1.0	1.0	0.96	0.98	1.0	0.98	0.96	1.0	0.98	0.96	0.98	1.0	1.0
4650	1.0	0.98	1.0	1.0	1.0	0.96	0.98	1.0	0.96	0.98	1.0	0.96	0.96	0.98	1.0	1.0
4700	1.0	0.96	1.0	1.0	1.0	0.96	0.98	1.0	0.96	0.98	1.0	0.94	0.96	0.98	1.0	0.98
4750	1.0	0.96	1.0	1.0	1.0	0.96	0.98	1.0	0.96	0.98	1.0	0.94	0.94	0.98	1.0	0.98
4800	1.0	0.96	1.0	1.0	1.0	0.94	0.98	1.0	0.94	0.98	1.0	0.94	0.96	0.98	1.0	0.98
4850	1.0	0.94	1.0	1.0	1.0	0.94	0.98	1.0	0.94	0.98	1.0	0.94	0.98	0.98	1.0	0.98
4900	1.0	0.94	1.0	1.0	1.0	0.94	0.98	1.0	0.94	0.98	1.0	0.94	0.98	0.98	1.0	0.98
4950	1.0	0.94	1.0	1.0	1.0	0.96	0.98	1.0	0.96	0.98	1.0	0.94	0.98	0.98	1.0	0.98
5000	1.0	0.94	1.0	1.0	1.0	0.98	1.0	0.98	0.96	0.98	0.98	0.94	0.98	0.98	1.0	0.98
5050	1.0	0.94	1.0	1.0	1.0	0.98	1.0	0.98	0.96	0.98	0.98	0.94	0.98	0.98	1.0	0.98
5100	1.0	0.94	1.0	1.0	1.0	0.98	0.98	0.98	0.96	1.0	0.98	0.94	0.98	0.98	1.0	0.96
5150	1.0	0.94	1.0	1.0	1.0	0.98	0.98	0.98	0.96	1.0	0.98	0.96	0.98	0.96	1.0	0.96
5200	1.0	0.94	1.0	1.0	1.0	0.98	0.98	0.98	0.96	1.0	0.98	0.96	0.98	0.98	1.0	0.96
5250	1.0	0.94	1.0	1.0	1.0	0.98	0.96	0.98	0.96	1.0	0.98	0.96	0.98	0.98	1.0	0.96
5300	1.0	0.94	1.0	1.0	1.0	0.98	0.96	0.98	0.98	1.0	0.98	0.96	1.0	0.98	1.0	0.96
5350	1.0	0.94	1.0	1.0	1.0	0.98	0.96	0.98	0.98	1.0	0.98	0.98	1.0	0.98	1.0	0.96
5400	1.0	0.94	1.0	1.0	1.0	0.98	0.96	0.98	0.96	1.0	0.98	1.0	1.0	0.98	1.0	0.96
5450	1.0	0.96	1.0	1.0	1.0	0.98	0.96	0.98	0.96	1.0	0.98	0.98	1.0	0.98	1.0	0.96
5500	1.0	0.96	1.0	1.0	1.0	0.98	0.96	0.98	0.98	1.0	0.98	0.98	1.0	0.98	1.0	0.96
5550	1.0	0.96	0.98	1.0	1.0	1.0	0.94	0.96	0.98	1.0	0.98	0.98	1.0	0.98	0.98	0.96
5600	1.0	0.96	0.98	1.0	1.0	1.0	0.94	0.98	0.98	1.0	0.98	0.98	1.0	0.98	0.96	0.96
5650	1.0	0.96	0.96	1.0	1.0	1.0	0.94	0.98	0.98	1.0	0.98	0.98	1.0	0.98	0.96	0.96
5700	1.0	0.98	0.96	1.0	1.0	1.0	0.94	0.98	0.98	1.0	0.98	0.98	1.0	0.98	0.96	0.96
5750	1.0	0.98	0.96	1.0	1.0	1.0	0.94	0.98	0.98	1.0	0.98	0.98	1.0	0.98	0.94	0.98
5800	1.0	0.98	0.96	1.0	1.0	1.0	0.94	0.98	0.98	1.0	0.98	0.98	1.0	0.98	0.94	0.96
5850	1.0	0.98	0.96	1.0	1.0	1.0	0.94	0.98	0.98	1.0	0.98	0.98	1.0	1.0	0.94	0.96
5900	1.0	0.98	0.96	1.0	1.0	1.0	0.94	0.98	0.98	1.0	0.98	0.98	1.0	1.0	0.94	0.96
5950	1.0	0.98	0.96	1.0	1.0	0.98	0.96	0.98	0.98	1.0	0.98	0.98	1.0	1.0	0.94	0.94
6000	1.0	0.98	0.96	1.0	1.0	0.98	0.96	0.96	0.98	1.0	1.0	0.98	1.0	1.0	0.94	0.96
6050	0.98	0.98	0.96	1.0	1.0	0.98	0.98	0.96	0.98	1.0	1.0	0.98	1.0	1.0	0.94	0.96
6100	0.98	1.0	0.96	1.0	1.0	0.98	0.98	0.96	0.98	1.0	1.0	1.0	1.0	1.0	0.94	0.96
6150	0.98	1.0	0.96	0.98	1.0	0.98	0.98	0.96	0.96	1.0	1.0	1.0	1.0	1.0	0.94	0.96
6200	0.96	1.0	0.96	0.98	1.0	0.98	0.98	0.98	0.96	1.0	1.0	1.0	1.0	1.0	0.94	0.96
6250	0.96	1.0	0.96	0.98	1.0	0.98	0.98	0.98	0.96	1.0	1.0	1.0	1.0	1.0	0.94	0.96
6300	0.96	1.0	0.98	0.98	1.0	0.98	1.0	0.98	0.98	1.0	1.0	1.0	1.0	1.0	0.94	0.96
6350	0.96	1.0	0.98	0.98	1.0	0.98	1.0	0.98	0.98	1.0	1.0	1.0	1.0	1.0	0.96	0.96
6400	0.96	1.0	0.98	0.98	1.0	0.98	1.0	0.98	0.98	1.0	1.0	1.0	1.0	1.0	0.96	0.96
6450	0.96	1.0	0.98	0.98	1.0	0.98	1.0	0.98	0.98	1.0	1.0	1.0	1.0	1.0	0.96	0.96
6500	0.96	1.0	0.98	0.98	1.0	0.98	1.0	0.98	0.98	1.0	1.0	1.0	1.0	1.0	0.96	0.96
6550	0.96	1.0	0.98	0.98	1.0	0.98	1.0	0.98	0.98	1.0	1.0	1.0	1.0	0.98	0.98	0.98
6600	0.96	0.98	0.98	0.98	1.0	0.98	1.0	0.98	0.98	1.0	1.0	0.98	1.0	0.98	0.98	0.98
6650	0.96	0.98	0.98	0.98	1.0	0.98	1.0	0.98	0.98	1.0	1.0	0.98	1.0	0.96	0.98	0.98
6700	0.96	0.98	0.98	1.0	1.0	0.98	1.0	0.98	0.96	1.0	1.0	0.98	1.0	0.96	0.98	0.98
6750	0.98	0.98	0.98	1.0	1.0	0.98	1.0	1.0	0.96	1.0	1.0	0.96	1.0	0.96	0.98	0.98
6800	0.98	0.98	0.98	1.0	1.0	1.0	1.0	1.0	0.98	1.0	1.0	0.96	1.0	0.96	0.98	0.98
6850	0.98	0.98	0.98	1.0	1.0	1.0	1.0	1.0	0.98	1.0	0.98	0.96	1.0	0.96	0.98	0.98
6900	0.98	0.98	0.98	1.0	1.0	1.0	1.0	0.98	0.98	1.0	0.98	0.96	1.0	0.96	0.98	0.98
6950	1.0	0.98	0.98	1.0	1.0	1.0	1.0	0.98	0.98	1.0	0.96	0.96	1.0	0.96	0.98	0.98
7000	1.0	0.98	0.98	1.0	1.0	1.0	0.98	0.98	0.98	1.0	0.96	0.96	1.0	0.96	0.98	0.98
7050	1.0	0.98	0.98	1.0	1.0	1.0	0.98	0.98	0.96	1.0	0.96	0.96	1.0	0.96	0.98	0.98
7100	1.0	0.98	0.98	1.0	1.0	1.0	0.98	0.94	0.96	1.0	0.96	0.96	1.0	0.96	0.98	0.98
7150	1.0	0.98	0.98	1.0	1.0	1.0	0.98	0.92	0.96	1.0	0.96	0.96	1.0	0.96	0.98	0.98
7200	1.0	0.98	1.0	1.0	1.0	1.0	0.98	0.92	0.96	1.0	0.96	0.94	0.98	0.98	1.0	0.98
7250	1.0	0.98	1.0	1.0	1.0	1.0	0.98	0.92	0.96	1.0	0.96	0.94	0.98	0.98	1.0	0.98
7300	1.0	0.94	1.0	1.0	1.0	1.0	0.98	0.92	0.96	1.0	0.94	0.96	0.98	1.0	1.0	0.98
7350	1.0	0.96	1.0	1.0	1.0	1.0	0.98	0.9	0.96	1.0	0.94	0.96	0.98	0.98	1.0	0.98
7400	1.0	0.96	1.0	1.0	1.0	1.0	0.98	0.9	0.98	1.0	0.94	0.98	0.96	0.98	1.0	0.98
7450	1.0	0.96	1.0	1.0	1.0	1.0	0.98	0.9	0.98	1.0	0.94	0.98	0.94	0.98	1.0	1.0
7500	1.0	0.96	1.0	1.0	1.0	1.0	0.98	0.9	0.98	1.0	0.94	0.98	0.94	0.98	1.0	1.0
7550	1.0	0.96	1.0	1.0	1.0	1.0	0.98	0.88	0.98	1.0	0.94	0.98	0.94	0.98	1.0	1.0
7600	1.0	0.96	0.98	1.0	1.0	1.0	0.96	0.88	0.98	1.0	0.94	0.98	0.94	0.96	1.0	1.0
7650	1.0	0.96	0.98	1.0	1.0	1.0	0.96	0.88	1.0	1.0	0.96	0.98	0.94	0.96	0.98	1.0
7700	1.0	0.96	0.96	1.0	1.0	1.0	0.96	0.88	1.0	1.0	0.96	0.98	0.92	0.96	0.98	1.0
7750	1.0	0.96	0.96	1.0	1.0	1.0	0.96	0.9	1.0	1.0	0.96	0.98	0.92	0.96	0.98	0.98
7800	1.0	0.94	0.94	1.0	1.0	1.0	0.96	0.9	0.98	1.0	0.96	0.98	0.92	0.96	0.98	0.96
7850	1.0	0.94	0.94	1.0	1.0	1.0	0.96	0.9	0.98	1.0	0.96	0.98	0.94	0.96	0.98	0.96
7900	1.0	0.94	0.94	1.0	1.0	1.0	0.96	0.9	0.98	1.0	0.94	0.98	0.94	0.96	0.98	0.96
7950	1.0	0.94	0.94	1.0	1.0	1.0	0.96	0.9	0.98	1.0	0.94	0.98	0.94	0.96	0.98	0.96
8000	1.0	0.94	0.94	1.0	1.0	1.0	0.96	0.94	0.98	1.0	0.92	0.98	0.94	0.96	0.98	0.96
8050	1.0	0.94	0.94	1.0	1.0	1.0	0.96	0.94	0.98	1.0	0.92	0.98	0.92	0.96	0.98	0.96
8100	1.0	0.94	0.94	1.0	1.0	1.0	0.96	0.94	0.98	1.0	0.92	0.98	0.92	0.96	0.98	0.96
8150	1.0	0.98	0.94	1.0	1.0	0.98	0.96	0.96	0.98	1.0	0.94	0.98	0.92	0.96	0.94	0.96
8200	1.0	0.98	0.92	1.0	1.0	0.98	0.96	0.96	0.98	1.0	0.94	1.0	0.96	0.96	0.94	0.96
8250	1.0	0.98	0.92	1.0	1.0	0.98	0.96	0.96	0.98	1.0	0.94	1.0	0.96	0.96	0.92	0.96
8300	1.0	0.98	0.92	1.0	1.0	0.98	0.96	0.96	0.96	1.0	0.94	1.0	0.96	0.96	0.92	0.96
8350	1.0	0.98	0.92	1.0	1.0	0.98	0.96	0.98	0.96	1.0	0.94	1.0	0.96	0.94	0.92	0.98
8400	1.0	0.98	0.92	1.0	1.0	0.98	0.98	0.98	0.96	1.0	0.94	1.0	0.96	0.96	0.94	1.0
8450	1.0	0.98	0.92	1.0	1.0	0.96	0.98	0.96	0.96	0.98	0.94	1.0	0.96	0.96	0.94	1.0
8500	1.0	1.0	0.94	1.0	1.0	0.96	0.96	0.96	0.98	0.98	0.94	1.0	0.96	0.96	0.94	1.0
8550	1.0	1.0	0.94	1.0	1.0	0.96	0.96	0.96	0.98	0.98	0.96	1.0	0.98	0.96	0.94	0.98
8600	1.0	1.0	0.94	1.0	1.0	0.96	0.96	0.96	0.98	0.98	0.96	1.0	0.98	0.96	0.94	0.98
8650	1.0	0.96	0.94	0.98	1.0	0.96	0.94	0.96	0.98	0.98	0.96	0.98	0.98	0.96	0.94	0.98
8700	1.0	0.92	0.96	0.98	1.0	0.96	0.94	0.96	0.98	0.98	0.96	0.98	0.98	0.96	0.94	0.98
8750	1.0	0.92	0.96	0.96	1.0	0.96	0.94	0.98	0.98	0.98	0.96	0.98	0.98	0.96	0.92	0.98
8800	1.0	0.9	0.96	0.96	1.0	0.94	0.92	0.98	0.98	0.98	0.96	0.98	1.0	0.96	0.94	0.98
8850	1.0	0.9	0.96	0.96	1.0	0.94	0.92	0.98	0.98	0.98	0.96	0.98	1.0	0.98	0.96	0.98
8900	0.98	0.9	0.96	0.96	1.0	0.96	0.92	0.98	0.98	0.98	0.96	0.96	1.0	0.98	0.98	0.98
8950	0.96	0.9	0.94	0.96	1.0	0.96	0.92	0.98	0.98	0.98	0.96	0.96	1.0	1.0	0.98	0.98
9000	0.96	0.9	0.96	0.96	1.0	0.94	0.92	0.98	0.98	0.98	0.96	0.96	1.0	1.0	0.98	0.96
9050	0.96	0.9	0.98	0.96	1.0	0.94	0.92	0.98	0.98	0.98	0.96	0.96	1.0	1.0	0.98	0.94
9100	0.96	0.9	0.98	0.96	1.0	0.94	0.92	0.96	0.98	0.98	0.96	0.96	1.0	1.0	0.96	0.94
9150	0.96	0.9	0.98	0.96	1.0	0.96	0.92	0.96	1.0	0.98	0.96	0.96	1.0	1.0	0.94	0.94
9200	0.96	0.88	0.96	0.96	1.0	0.96	0.9	0.98	1.0	0.98	0.96	0.96	1.0	1.0	0.94	0.94
9250	0.96	0.9	0.96	0.96	1.0	0.96	0.9	0.96	1.0	0.98	0.96	0.96	1.0	1.0	0.94	0.94
9300	0.96	0.92	0.96	0.96	1.0	0.96	0.9	0.96	1.0	1.0	0.94	0.96	1.0	1.0	0.94	0.94
9350	0.96	0.96	0.96	1.0	1.0	0.96	0.94	0.96	1.0	1.0	0.94	0.96	1.0	1.0	0.94	0.96
9400	0.96	0.96	0.96	1.0	1.0	0.96	0.94	0.94	1.0	1.0	0.94	0.96	1.0	1.0	0.94	0.96
9450	0.96	0.98	0.96	1.0	1.0	0.96	0.96	0.94	0.98	1.0	0.94	0.92	1.0	1.0	0.96	0.96
9500	0.98	0.98	0.96	1.0	1.0	0.96	0.96	0.94	0.98	1.0	0.94	0.94	1.0	1.0	0.96	0.96
9550	1.0	0.98	0.96	1.0	1.0	0.96	0.98	0.94	0.98	1.0	0.96	0.94	1.0	1.0	0.96	0.96
9600	1.0	0.98	0.96	0.98	1.0	0.96	0.98	0.94	0.98	1.0	0.96	0.94	1.0	1.0	0.96	0.94
9650	1.0	0.98	0.96	0.98	1.0	0.96	0.98	0.94	0.98	1.0	0.98	0.94	0.98	0.98	0.96	0.94
9700	1.0	0.98	0.98	0.98	1.0	0.96	0.98	0.94	0.98	1.0	0.98	0.94	0.98	0.98	0.98	0.96
9750	1.0	0.98	0.98	0.98	1.0	0.96	0.98	0.94	0.98	1.0	0.98	0.94	0.98	0.98	0.98	0.96
9800	1.0	0.98	0.98	0.98	1.0	0.98	0.98	0.96	0.98	1.0	0.98	0.94	0.98	0.98	1.0	0.98
9850	1.0	0.98	0.98	0.98	1.0	0.98	0.98	0.96	0.98	1.0	0.98	0.94	0.98	0.98	1.0	0.98
9900	1.0	1.0	0.98	0.98	1.0	0.98	0.98	0.96	0.98	1.0	0.98	0.96	0.98	0.98	0.98	0.98
9950	1.0	1.0	0.98	0.98	1.0	0.98	0.98	0.98	0.96	1.0	0.98	0.94	0.98	0.98	0.98	0.98
10000	1.0	1.0	0.98	0.98	1.0	0.98	1.0	0.98	0.96	1.0	0.98	0.94	0.98	0.98	0.98	0.98
10050	1.0	1.0	1.0	0.98	1.0	0.98	1.0	0.98	0.98	1.0	1.0	0.98	0.98	0.98	0.98	0.96
10100	1.0	1.0	1.0	0.98	1.0	0.98	1.0	0.98	0.96	1.0	1.0	0.98	0.98	0.98	0.98	0.96
10150	1.0	1.0	1.0	0.98	1.0	0.98	1.0	1.0	0.96	1.0	1.0	0.98	0.98	0.98	0.98	0.96
10200	1.0	1.0	1.0	0.98	1.0	0.98	1.0	1.0	0.96	0.98	1.0	0.98	0.96	0.96	0.96	0.96
10250	1.0	1.0	1.0	0.98	1.0	0.98	1.0	1.0	0.96	0.98	1.0	0.98	0.96	0.96	0.96	0.96
10300	1.0	1.0	1.0	0.98	1.0	0.98	1.0	1.0	0.96	0.98	1.0	0.98	0.96	0.96	0.96	0.96
10350	1.0	1.0	1.0	0.98	1.0	0.98	1.0	1.0	0.96	0.98	1.0	0.98	0.96	0.98	0.96	0.96
10400	1.0	0.98	1.0	0.98	1.0	0.98	1.0	1.0	0.96	0.98	1.0	0.98	0.96	0.98	0.96	0.96
10450	1.0	0.98	1.0	1.0	1.0	0.98	1.0	1.0	0.96	0.98	1.0	0.98	0.96	0.98	0.96	0.96
10500	1.0	0.98	1.0	1.0	1.0	0.98	1.0	1.0	0.96	0.98	1.0	0.98	0.98	0.98	0.96	0.96
10550	1.0	0.98	1.0	1.0	1.0	0.98	1.0	1.0	0.94	0.98	1.0	0.98	0.98	0.98	0.96	0.96
10600	1.0	0.98	1.0	1.0	1.0	0.98	0.98	1.0	0.94	0.96	1.0	0.98	0.98	0.98	0.96	0.96
10650	1.0	0.98	1.0	1.0	1.0	0.98	0.98	1.0	0.94	0.96	1.0	0.98	0.98	0.98	0.96	0.96
10700	1.0	0.98	1.0	1.0	1.0	0.98	0.98	1.0	0.96	0.96	1.0	1.0	0.98	0.98	0.96	0.98
10750	1.0	0.98	1.0	1.0	1.0	0.96	0.98	1.0	0.96	0.96	1.0	1.0	0.98	0.98	0.96	0.98
10800	1.0	0.98	1.0	1.0	1.0	0.96	0.98	1.0	0.94	0.96	1.0	1.0	0.98	0.98	0.96	0.96
10850	1.0	0.98	1.0	1.0	1.0	0.92	0.98	1.0	0.94	0.96	1.0	1.0	0.98	0.98	0.96	0.96
10900	1.0	0.98	1.0	1.0	1.0	0.92	0.98	1.0	0.94	0.96	1.0	1.0	0.98	0.98	0.98	0.96
10950	1.0	0.98	1.0	1.0	1.0	0.94	0.98	1.0	0.94	0.96	1.0	1.0	0.98	0.98	0.98	0.96
11000	1.0	0.98	1.0	1.0	1.0	0.94	0.98	1.0	0.92	0.96	1.0	1.0	0.98	1.0	1.0	0.96
11050	1.0	0.98	1.0	1.0	1.0	0.94	0.96	1.0	0.92	0.96	1.0	1.0	1.0	1.0	1.0	0.98
11100	1.0	0.98	1.0	1.0	1.0	0.94	0.96	1.0	0.94	0.96	1.0	1.0	1.0	1.0	1.0	0.98
11150	1.0	0.96	1.0	1.0	1.0	0.94	0.96	1.0	0.94	0.98	1.0	1.0	1.0	1.0	1.0	0.98
11200	1.0	0.96	1.0	1.0	1.0	0.94	0.96	1.0	0.94	0.98	0.98	1.0	1.0	1.0	1.0	0.98
11250	1.0	0.96	1.0	1.0	1.0	0.94	0.96	1.0	0.94	0.98	0.96	1.0	1.0	1.0	1.0	0.98
11300	1.0	0.96	1.0	1.0	1.0	0.94	0.96	1.0	0.94	0.98	0.96	1.0	1.0	1.0	1.0	0.98
11350	1.0	0.96	1.0	1.0	1.0	0.94	0.96	1.0	0.94	0.98	0.96	1.0	1.0	1.0	1.0	0.98
11400	1.0	0.96	1.0	1.0	1.0	0.94	0.96	1.0	0.94	0.98	0.96	1.0	1.0	1.0	1.0	0.98
11450	1.0	0.96	0.98	1.0	1.0	0.94	0.98	1.0	0.94	0.98	0.96	1.0	1.0	1.0	1.0	0.98
11500	1.0	0.96	0.98	1.0	1.0	0.92	0.98	1.0	0.94	1.0	0.96	1.0	1.0	1.0	0.98	0.98
11550	0.98	0.96	0.98	1.0	1.0	0.92	0.98	1.0	0.96	1.0	0.96	1.0	1.0	1.0	0.98	0.98
11600	0.98	0.96	0.98	1.0	1.0	0.92	0.98	1.0	0.98	1.0	0.96	1.0	1.0	0.98	0.98	1.0
11650	0.98	0.96	0.98	1.0	1.0	0.94	0.98	1.0	0.98	1.0	0.96	1.0	1.0	0.98	0.98	1.0
11700	0.98	0.96	0.96	1.0	1.0	0.98	0.98	1.0	0.96	1.0	0.96	1.0	0.98	0.98	0.98	1.0
11750	0.98	0.96	0.96	1.0	1.0	0.98	0.98	1.0	0.96	1.0	0.96	1.0	0.98	0.98	0.98	1.0
11800	0.98	0.96	0.96	1.0	1.0	0.98	0.98	1.0	0.98	1.0	0.96	1.0	0.98	0.98	0.98	1.0
11850	0.98	0.96	0.96	1.0	1.0	0.98	0.98	1.0	0.98	1.0	0.98	1.0	0.98	0.98	0.98	1.0
11900	0.98	0.96	0.96	1.0	1.0	0.98	0.98	1.0	0.98	1.0	0.98	1.0	0.98	0.98	0.98	0.98
11950	0.98	0.96	0.96	1.0	1.0	0.98	0.96	1.0	0.98	1.0	0.98	1.0	0.98	0.96	0.98	0.98
12000	0.98	0.96	0.96	1.0	1.0	0.98	0.98	1.0	0.98	1.0	0.98	1.0	0.98	0.96	0.98	0.98
12050	0.98	0.98	0.96	1.0	1.0	0.98	0.98	1.0	0.98	0.98	0.98	1.0	0.96	0.96	0.98	0.98
12100	0.98	0.98	0.96	1.0	1.0	0.98	0.98	1.0	0.98	0.98	0.98	1.0	0.96	0.96	0.98	0.98
12150	0.98	0.98	0.96	1.0	1.0	0.98	0.98	1.0	0.98	0.98	0.98	1.0	0.96	0.96	1.0	0.98
12200	0.98	0.98	0.96	1.0	1.0	0.98	0.98	1.0	0.98	0.98	0.98	1.0	0.96	0.96	1.0	0.98
12250	0.98	0.98	0.96	1.0	1.0	0.98	0.98	1.0	0.98	0.98	0.98	1.0	0.94	0.96	1.0	0.98
12300	0.98	0.96	0.96	1.0	1.0	1.0	0.98	0.98	0.98	0.98	0.98	1.0	0.94	0.96	1.0	0.98
12350	0.98	0.98	0.96	0.98	1.0	1.0	0.98	0.98	0.98	0.98	0.98	1.0	0.94	0.96	0.98	0.98
12400	0.98	0.98	0.96	0.98	1.0	1.0	0.98	0.98	0.98	0.98	0.98	1.0	0.94	0.98	0.98	0.98
12450	1.0	0.98	0.96	0.98	1.0	1.0	0.98	0.98	0.98	0.98	0.98	1.0	0.94	0.98	0.98	0.98
12500	0.98	0.98	0.96	0.98	1.0	1.0	0.98	0.98	0.96	0.98	0.98	1.0	0.96	0.98	0.98	0.98
12550	0.98	0.98	0.96	0.96	1.0	1.0	0.98	0.98	0.96	0.98	0.98	0.98	0.94	0.98	0.98	0.98
12600	0.98	0.98	0.96	0.96	1.0	1.0	0.98	0.98	0.96	0.98	0.98	0.98	0.94	0.98	0.98	0.96
12650	0.98	0.98	0.96	0.96	1.0	1.0	0.98	0.98	0.96	0.98	0.98	0.98	0.92	0.98	0.96	0.98
12700	0.98	0.98	0.96	0.96	1.0	1.0	0.98	0.98	0.96	0.98	0.98	0.98	0.92	0.98	0.96	0.98
12750	0.98	0.98	0.98	0.96	1.0	1.0	0.98	0.98	0.98	0.98	1.0	0.98	0.94	0.98	0.96	0.98
12800	0.96	0.98	0.98	0.94	1.0	1.0	1.0	0.98	0.98	0.98	1.0	0.98	0.94	1.0	0.96	0.98
12850	0.96	0.98	0.98	0.94	1.0	1.0	1.0	0.98	0.98	0.98	1.0	0.98	0.96	1.0	0.96	0.98
12900	0.96	0.98	0.98	0.94	1.0	0.98	1.0	0.98	0.98	1.0	0.98	0.98	0.96	1.0	0.96	0.98
12950	0.96	0.98	0.98	0.94	1.0	0.98	1.0	0.98	0.96	1.0	0.98	0.98	0.96	1.0	0.96	0.98
13000	0.96	0.98	0.98	0.94	1.0	0.98	1.0	0.98	0.96	1.0	0.98	0.98	0.94	1.0	0.96	0.98
13050	0.96	1.0	0.98	0.94	1.0	0.98	1.0	0.98	0.96	1.0	0.98	0.98	0.94	1.0	0.96	0.98
13100	0.98	1.0	0.98	0.96	1.0	0.98	1.0	0.98	0.96	1.0	0.98	0.96	0.94	1.0	0.96	0.98
13150	0.98	1.0	0.98	0.96	1.0	0.98	0.98	0.98	0.96	1.0	0.98	0.96	0.94	1.0	0.96	0.98
13200	0.98	1.0	0.98	0.96	1.0	0.98	0.98	1.0	0.96	1.0	0.98	0.96	0.94	1.0	0.96	0.98
13250	0.98	1.0	1.0	0.96	1.0	0.98	0.98	1.0	0.94	1.0	0.98	0.96	0.96	1.0	0.96	0.98
13300	0.98	1.0	1.0	0.96	1.0	0.98	0.98	1.0	0.94	1.0	0.98	0.94	0.98	1.0	0.96	0.96
13350	0.98	1.0	1.0	0.96	1.0	0.98	0.98	1.0	0.96	1.0	0.98	0.94	0.98	1.0	0.98	0.96
13400	0.98	1.0	1.0	0.96	1.0	0.98	0.98	1.0	0.96	1.0	0.98	0.96	0.96	1.0	0.98	0.96
13450	0.98	1.0	1.0	0.96	1.0	0.98	0.98	1.0	0.96	1.0	0.98	0.96	0.96	1.0	0.98	0.96
13500	0.98	1.0	1.0	0.96	1.0	0.98	0.98	1.0	0.96	1.0	0.98	0.96	0.94	1.0	0.98	0.96
13550	0.96	1.0	1.0	0.96	1.0	0.98	0.98	1.0	0.92	1.0	0.98	0.96	0.94	1.0	0.98	0.96
13600	0.98	1.0	1.0	0.96	1.0	0.98	0.98	1.0	0.92	1.0	0.98	0.96	0.92	1.0	1.0	0.96
13650	0.98	1.0	1.0	0.98	1.0	0.98	0.98	1.0	0.92	1.0	1.0	0.96	0.92	1.0	1.0	0.96
13700	0.98	1.0	1.0	0.98	1.0	0.98	0.98	1.0	0.92	1.0	1.0	0.96	0.92	1.0	1.0	0.96
13750	0.98	1.0	1.0	0.98	1.0	0.98	0.96	1.0	0.94	1.0	1.0	0.96	0.92	1.0	1.0	0.96
13800	0.98	1.0	1.0	0.98	1.0	0.98	0.96	1.0	0.92	1.0	1.0	0.96	0.94	1.0	1.0	0.94
13850	0.98	1.0	1.0	0.98	1.0	0.98	0.98	1.0	0.92	1.0	1.0	0.96	0.94	1.0	1.0	0.94
13900	0.96	1.0	1.0	0.98	1.0	0.98	0.98	1.0	0.92	1.0	1.0	0.96	0.92	1.0	1.0	0.94
13950	0.94	1.0	1.0	0.98	1.0	1.0	0.98	1.0	0.9	1.0	1.0	0.96	0.92	1.0	1.0	0.94
14000	0.94	1.0	1.0	0.98	1.0	1.0	0.98	1.0	0.92	1.0	1.0	0.96	0.92	1.0	1.0	0.94
14050	0.94	1.0	1.0	1.0	1.0	1.0	0.98	1.0	0.92	1.0	0.98	0.96	0.92	1.0	1.0	0.94
14100	0.94	1.0	1.0	1.0	1.0	0.98	0.98	1.0	0.92	1.0	0.98	0.98	0.94	1.0	1.0	0.94
14150	0.92	1.0	1.0	1.0	1.0	0.98	0.98	1.0	0.92	1.0	0.98	0.98	0.94	1.0	0.98	0.98
14200	0.92	1.0	1.0	1.0	1.0	0.98	0.98	1.0	0.92	1.0	0.98	0.98	0.96	1.0	0.98	0.98
14250	0.9	1.0	1.0	1.0	1.0	0.98	0.98	1.0	0.92	1.0	0.98	0.98	0.96	1.0	0.98	0.98
14300	0.9	1.0	1.0	1.0	1.0	0.98	0.98	1.0	0.92	1.0	0.98	0.98	0.96	1.0	0.98	0.98
14350	0.92	1.0	1.0	0.98	1.0	0.96	0.98	1.0	0.92	1.0	0.98	0.98	0.92	1.0	0.98	0.96
14400	0.92	1.0	1.0	0.98	1.0	0.96	0.98	1.0	0.94	1.0	0.98	0.98	0.9	1.0	0.98	0.96
14450	0.92	0.98	1.0	0.98	1.0	0.94	0.98	1.0	0.96	1.0	0.98	0.98	0.9	1.0	0.98	0.96
14500	0.92	0.98	1.0	0.98	1.0	0.92	0.98	1.0	0.96	1.0	0.98	0.98	0.9	1.0	0.98	0.96
14550	0.9	0.98	1.0	0.98	1.0	0.92	0.98	1.0	0.98	1.0	0.98	0.98	0.88	1.0	0.98	0.96
14600	0.88	0.98	1.0	0.98	1.0	0.92	0.98	1.0	0.98	1.0	0.98	0.98	0.9	1.0	0.98	0.98
14650	0.9	0.98	1.0	0.98	1.0	0.92	1.0	1.0	1.0	1.0	0.98	0.98	0.9	1.0	0.98	0.98
14700	0.9	0.98	1.0	0.98	1.0	0.92	1.0	1.0	1.0	1.0	0.98	0.98	0.9	1.0	0.98	0.98
14750	0.92	0.98	1.0	0.98	1.0	0.9	0.98	1.0	1.0	1.0	0.98	0.98	0.92	1.0	0.98	0.98
14800	0.92	0.98	1.0	0.98	1.0	0.9	0.98	1.0	1.0	1.0	0.98	0.98	0.9	1.0	0.98	0.98
14850	0.92	0.98	1.0	0.98	1.0	0.9	0.98	1.0	1.0	1.0	0.98	0.98	0.9	1.0	1.0	0.98
14900	0.92	0.98	1.0	0.98	1.0	0.92	0.98	1.0	1.0	1.0	1.0	0.98	0.9	0.98	1.0	0.98
14950	0.92	0.98	1.0	0.98	1.0	0.92	0.96	1.0	1.0	1.0	1.0	0.98	0.88	0.98	1.0	0.98
15000	0.94	0.98	1.0	0.98	1.0	0.92	0.96	1.0	1.0	1.0	1.0	0.98	0.88	0.98	1.0	0.98
15050	0.94	0.98	1.0	0.96	1.0	0.94	0.96	1.0	1.0	1.0	1.0	0.98	0.88	0.98	1.0	0.98
15100	0.94	0.98	1.0	0.96	1.0	0.94	0.96	1.0	1.0	1.0	1.0	0.98	0.88	0.98	1.0	0.98
15150	0.96	0.98	1.0	0.96	1.0	0.94	0.96	1.0	1.0	1.0	1.0	0.98	0.92	0.98	1.0	0.96
15200	0.96	0.98	1.0	0.96	1.0	0.94	0.96	1.0	0.98	1.0	1.0	0.98	0.94	0.98	1.0	0.96
15250	0.94	0.98	1.0	0.96	1.0	0.96	0.96	1.0	0.98	1.0	1.0	0.98	0.96	0.98	1.0	0.98
15300	0.94	0.98	1.0	0.98	1.0	0.96	0.96	1.0	0.98	1.0	1.0	0.98	0.96	0.98	1.0	0.96
15350	0.96	0.98	1.0	0.98	1.0	0.96	0.96	1.0	0.98	1.0	1.0	1.0	0.96	0.98	1.0	0.96
15400	0.98	0.98	1.0	0.98	1.0	0.94	0.96	1.0	0.98	1.0	1.0	1.0	0.98	0.98	1.0	0.94
15450	0.98	0.98	1.0	0.98	1.0	0.94	0.98	1.0	0.98	1.0	1.0	1.0	0.98	0.98	1.0	0.94
15500	0.98	0.98	1.0	0.98	1.0	0.92	0.98	1.0	0.98	1.0	1.0	1.0	0.98	0.98	1.0	0.94
15550	0.96	0.98	1.0	0.98	1.0	0.92	0.96	1.0	0.96	1.0	1.0	1.0	0.98	0.98	1.0	0.92
15600	0.96	0.98	1.0	0.98	1.0	0.92	0.96	1.0	0.96	1.0	1.0	1.0	0.98	0.98	1.0	0.92
15650	0.96	0.98	1.0	0.98	1.0	0.94	0.96	1.0	0.96	1.0	1.0	1.0	1.0	0.98	1.0	0.92
15700	0.96	0.98	1.0	0.98	1.0	0.94	0.96	1.0	0.96	1.0	1.0	1.0	1.0	0.98	1.0	0.92
15750	0.96	0.98	1.0	0.98	1.0	0.94	0.96	1.0	0.96	1.0	1.0	1.0	1.0	0.98	1.0	0.92
15800	0.96	0.98	1.0	0.98	1.0	0.94	0.98	1.0	0.96	1.0	1.0	1.0	1.0	0.98	1.0	0.92
15850	0.96	0.98	1.0	0.98	1.0	0.94	0.98	1.0	0.96	1.0	1.0	1.0	1.0	1.0	1.0	0.92
15900	0.96	0.98	1.0	1.0	1.0	0.94	0.98	1.0	0.96	1.0	1.0	1.0	1.0	1.0	1.0	0.92
15950	0.96	1.0	1.0	1.0	1.0	0.94	0.98	1.0	0.96	0.98	1.0	1.0	1.0	1.0	1.0	0.94
16000	0.96	1.0	1.0	1.0	1.0	0.94	0.98	1.0	0.98	0.98	1.0	1.0	1.0	1.0	1.0	0.94
16050	0.98	0.98	1.0	1.0	1.0	0.94	0.98	1.0	0.98	0.98	1.0	1.0	1.0	0.98	1.0	0.94
16100	0.98	0.98	1.0	1.0	1.0	0.94	0.98	1.0	0.98	0.98	1.0	1.0	0.98	0.98	1.0	0.96
16150	0.98	0.98	1.0	1.0	1.0	0.94	0.98	1.0	0.98	0.98	1.0	1.0	0.98	0.98	1.0	0.96
16200	0.98	0.98	1.0	1.0	1.0	0.96	0.96	1.0	0.98	0.98	1.0	1.0	0.98	0.98	1.0	0.96
16250	1.0	0.98	1.0	1.0	1.0	0.96	0.96	1.0	0.98	0.98	1.0	1.0	0.96	0.96	1.0	0.94
16300	1.0	0.98	1.0	1.0	1.0	0.98	0.96	1.0	0.98	0.98	0.98	1.0	0.96	0.96	1.0	0.94
16350	0.98	0.98	1.0	1.0	1.0	1.0	0.96	1.0	0.98	0.98	0.98	1.0	0.96	0.96	1.0	0.94
16400	0.98	0.98	1.0	1.0	1.0	1.0	0.96	1.0	0.98	0.98	0.98	1.0	0.96	0.96	1.0	0.92
16450	0.98	0.98	1.0	1.0	1.0	1.0	0.96	1.0	1.0	0.98	0.98	1.0	0.96	0.96	0.98	0.92
16500	0.98	0.98	1.0	1.0	1.0	1.0	0.98	1.0	1.0	0.98	0.98	1.0	0.96	0.96	0.98	0.92
16550	0.98	0.98	1.0	1.0	1.0	1.0	0.98	1.0	1.0	0.98	0.98	1.0	0.96	0.96	0.98	0.92
16600	0.96	0.98	1.0	1.0	1.0	1.0	0.98	1.0	1.0	0.96	0.98	1.0	0.96	0.96	0.98	0.92
16650	0.96	1.0	1.0	1.0	1.0	1.0	0.98	1.0	1.0	0.96	0.98	1.0	0.96	0.96	0.98	0.92
16700	0.96	1.0	1.0	1.0	1.0	1.0	0.98	1.0	1.0	0.96	0.98	1.0	0.96	0.96	0.98	0.92
16750	0.94	1.0	1.0	1.0	1.0	1.0	0.98	1.0	1.0	0.98	0.98	1.0	0.96	0.96	0.98	0.94
16800	0.94	1.0	1.0	1.0	1.0	1.0	0.98	1.0	1.0	0.98	0.98	1.0	0.96	0.96	0.98	0.94
16850	0.94	1.0	1.0	1.0	1.0	1.0	0.98	1.0	1.0	0.98	0.98	1.0	0.96	0.96	0.98	0.96
16900	0.94	1.0	1.0	1.0	1.0	1.0	0.98	1.0	1.0	0.98	0.98	1.0	0.96	0.98	0.98	0.96
16950	0.94	1.0	1.0	1.0	1.0	1.0	0.98	1.0	1.0	0.98	0.98	1.0	0.96	0.98	0.98	0.92
17000	0.94	1.0	1.0	0.98	1.0	1.0	0.96	1.0	1.0	0.98	0.98	1.0	0.96	1.0	0.98	0.94
17050	0.94	1.0	1.0	0.98	1.0	1.0	0.96	1.0	1.0	0.98	0.98	0.98	0.98	1.0	0.98	0.96
17100	0.94	0.98	1.0	0.98	1.0	1.0	0.98	1.0	0.98	0.98	0.98	0.98	0.98	1.0	1.0	0.96
17150	0.94	0.98	1.0	0.98	1.0	1.0	0.98	0.98	0.98	0.98	1.0	0.98	0.98	1.0	1.0	0.96
17200	0.96	0.98	1.0	0.98	1.0	1.0	0.98	0.98	0.98	0.98	1.0	0.98	1.0	1.0	1.0	0.96
17250	0.96	0.98	1.0	0.98	1.0	1.0	0.98	0.98	0.98	0.98	1.0	0.98	1.0	1.0	1.0	0.96
17300	0.96	0.98	1.0	0.98	1.0	1.0	0.98	0.98	0.98	0.98	1.0	0.98	1.0	1.0	1.0	0.94
17350	0.94	0.98	1.0	0.98	1.0	1.0	0.98	0.98	0.98	0.98	1.0	0.98	1.0	1.0	1.0	0.94
17400	0.94	0.98	1.0	0.98	1.0	1.0	0.98	0.98	0.98	0.98	1.0	0.98	0.98	1.0	1.0	0.94
17450	0.96	0.98	1.0	0.98	1.0	1.0	0.98	0.96	0.98	0.98	1.0	0.98	0.98	1.0	1.0	0.92
17500	0.96	0.98	1.0	0.98	1.0	1.0	0.98	0.96	0.96	0.98	1.0	0.98	0.98	1.0	1.0	0.92
17550	0.96	0.98	1.0	0.98	1.0	1.0	0.98	0.96	0.96	1.0	1.0	0.98	0.98	1.0	0.98	0.88
17600	0.98	0.98	1.0	0.98	1.0	1.0	0.98	0.96	0.94	1.0	1.0	0.98	0.96	1.0	0.98	0.9
17650	0.98	0.98	1.0	0.98	1.0	1.0	0.98	0.96	0.94	1.0	1.0	0.96	0.96	1.0	0.98	0.92
17700	0.98	0.96	1.0	0.98	1.0	1.0	0.98	0.96	0.94	1.0	1.0	0.96	0.96	1.0	0.96	0.92
17750	0.98	0.96	1.0	1.0	1.0	1.0	0.98	0.94	0.94	1.0	1.0	0.96	0.96	0.98	0.96	0.9
17800	0.98	0.96	1.0	1.0	1.0	1.0	0.98	0.94	0.94	1.0	1.0	0.96	0.96	0.98	0.96	0.88
17850	0.98	0.96	1.0	1.0	1.0	1.0	0.98	0.96	0.94	1.0	1.0	0.98	0.96	0.98	0.96	0.88
17900	0.98	0.94	1.0	1.0	1.0	1.0	1.0	0.96	0.94	1.0	1.0	0.98	0.96	0.98	0.96	0.88
17950	0.98	0.94	1.0	1.0	1.0	1.0	1.0	0.96	0.94	1.0	1.0	0.98	0.96	0.98	0.96	0.9
18000	0.98	0.94	1.0	1.0	1.0	1.0	0.98	0.96	0.94	1.0	1.0	0.98	0.94	0.98	0.96	0.88
18050	0.96	0.94	1.0	1.0	1.0	1.0	0.98	0.96	0.94	0.98	1.0	0.98	0.94	0.98	0.96	0.88
18100	0.98	0.94	1.0	1.0	1.0	1.0	0.98	0.96	0.94	0.98	1.0	0.98	0.94	0.98	0.96	0.9
18150	0.98	0.94	1.0	1.0	1.0	1.0	0.98	0.96	0.94	0.98	1.0	0.98	0.94	0.98	0.96	0.9
18200	0.98	0.94	1.0	1.0	1.0	1.0	0.98	0.96	0.96	0.98	1.0	0.98	0.94	0.98	0.94	0.88
18250	0.98	0.94	1.0	1.0	1.0	1.0	0.98	0.96	0.96	0.98	1.0	0.98	0.96	0.98	0.94	0.88
18300	0.98	0.94	1.0	1.0	1.0	1.0	0.98	0.96	0.96	0.98	1.0	0.98	0.94	0.98	0.94	0.88
18350	0.98	0.94	1.0	1.0	1.0	1.0	0.98	0.96	0.98	0.98	1.0	0.98	0.96	0.98	0.94	0.9
18400	0.98	0.94	1.0	1.0	1.0	1.0	0.96	0.96	0.98	0.98	1.0	1.0	0.96	0.98	0.94	0.92
18450	0.98	0.94	1.0	1.0	1.0	1.0	0.96	0.96	0.98	0.98	1.0	1.0	0.96	1.0	0.96	0.92
18500	0.98	0.94	1.0	1.0	1.0	1.0	0.96	0.96	1.0	0.98	1.0	1.0	0.96	1.0	0.96	0.92
18550	0.96	0.94	1.0	1.0	1.0	1.0	0.96	0.96	1.0	0.98	1.0	1.0	0.96	1.0	0.96	0.92
18600	0.94	0.94	1.0	1.0	1.0	1.0	0.96	0.98	1.0	0.98	1.0	1.0	0.98	1.0	0.98	0.92
18650	0.94	0.96	1.0	1.0	1.0	1.0	0.96	0.98	1.0	0.98	1.0	1.0	0.98	1.0	0.96	0.92
18700	0.94	0.96	1.0	1.0	1.0	1.0	0.96	0.98	1.0	0.98	1.0	1.0	0.98	1.0	0.96	0.94
18750	0.96	0.96	1.0	1.0	1.0	1.0	0.96	0.98	1.0	0.98	0.98	1.0	0.98	1.0	0.94	0.94
18800	0.96	0.98	1.0	1.0	1.0	1.0	0.98	0.98	0.98	0.98	0.96	1.0	0.98	1.0	0.94	0.94
18850	0.96	0.98	1.0	1.0	1.0	1.0	0.98	0.98	0.98	0.98	0.96	1.0	0.98	1.0	0.94	0.94
18900	0.96	0.98	1.0	1.0	1.0	1.0	0.98	0.98	0.98	1.0	0.96	1.0	1.0	1.0	0.94	0.94
18950	0.96	1.0	0.98	1.0	1.0	1.0	0.98	0.98	0.96	1.0	0.96	1.0	1.0	1.0	0.94	0.96
19000	0.96	1.0	0.98	1.0	1.0	1.0	0.98	0.98	0.96	1.0	0.96	1.0	1.0	1.0	0.96	0.96
19050	0.96	1.0	0.98	1.0	1.0	1.0	0.98	0.98	0.96	1.0	0.96	1.0	1.0	1.0	0.96	0.96
19100	0.94	1.0	0.98	1.0	1.0	1.0	0.98	0.96	0.96	1.0	0.96	1.0	1.0	1.0	0.96	0.96
19150	0.94	1.0	0.98	1.0	1.0	1.0	0.98	0.94	0.96	1.0	0.96	1.0	1.0	1.0	0.94	0.98
19200	0.94	1.0	0.98	1.0	1.0	1.0	0.98	0.96	0.96	1.0	0.96	1.0	1.0	1.0	0.94	0.94
19250	0.94	1.0	0.98	1.0	1.0	1.0	1.0	0.96	0.96	1.0	0.96	1.0	1.0	1.0	0.94	0.94
19300	0.96	1.0	0.98	1.0	1.0	1.0	1.0	0.94	0.96	1.0	0.96	1.0	1.0	1.0	0.94	0.94
19350	0.98	1.0	0.98	1.0	1.0	1.0	1.0	0.94	0.96	1.0	0.96	1.0	1.0	1.0	0.94	0.94
19400	0.98	1.0	0.98	1.0	1.0	1.0	1.0	0.94	0.94	1.0	0.96	1.0	1.0	1.0	0.94	0.94
19450	0.98	1.0	0.96	1.0	1.0	1.0	1.0	0.94	0.94	1.0	0.96	1.0	1.0	1.0	0.94	0.94
19500	0.98	1.0	0.94	1.0	1.0	1.0	1.0	0.94	0.96	1.0	0.96	1.0	1.0	1.0	0.96	0.96
19550	0.98	1.0	0.94	1.0	1.0	1.0	1.0	0.94	0.96	1.0	0.96	1.0	1.0	1.0	0.96	0.96
19600	0.98	1.0	0.94	1.0	1.0	1.0	1.0	0.94	0.96	1.0	0.96	1.0	1.0	1.0	0.96	0.96
19650	0.98	1.0	0.94	1.0	1.0	1.0	1.0	0.94	0.98	1.0	0.96	1.0	1.0	1.0	0.96	0.96
19700	0.98	1.0	0.94	1.0	1.0	1.0	1.0	0.94	0.98	1.0	0.96	1.0	0.98	1.0	0.96	0.96
19750	0.98	1.0	0.96	1.0	1.0	1.0	1.0	0.92	0.96	1.0	0.96	1.0	0.98	1.0	0.96	0.94
19800	0.98	1.0	0.96	1.0	1.0	1.0	1.0	0.92	0.96	1.0	0.96	1.0	0.98	1.0	0.96	0.94
19850	1.0	1.0	0.96	1.0	1.0	0.98	1.0	0.92	0.96	1.0	0.98	1.0	0.98	1.0	0.96	0.94
19900	0.98	1.0	0.96	1.0	1.0	0.98	1.0	0.92	0.96	1.0	0.98	1.0	0.98	1.0	0.98	0.94
19950	0.98	1.0	0.96	1.0	1.0	0.98	1.0	0.92	0.96	1.0	0.98	1.0	0.98	1.0	0.98	0.94
20000	0.98	1.0	0.94	1.0	1.0	0.98	1.0	0.92	0.96	1.0	0.98	1.0	0.98	1.0	0.98	0.94
