0	0.0	0.0	0.0	0.0	0.0	0.0	0.0	0.0	0.0	0.0	0.0	0.0	0.0	0.0	0.0	0.0
50	0.02	0.0	0.0	0.0	0.0	0.0	0.0	1.0	0.0	0.0	0.0	0.0	0.0	0.0	0.0	0.0
100	0.12	0.0	0.0	0.0	0.0	0.0	0.25	0.25	0.166666666667	0.0	0.0	0.0	0.2	0.0	0.25	0.2
150	0.16	0.0	0.0	0.0	0.0	0.0714285714286	0.166666666667	0.3	0.125	0.0	0.0	0.0	0.222222222222	0.214285714286	0.214285714286	0.125
200	0.26	0.0	0.0	0.181818181818	0.105263157895	0.105263157895	0.111111111111	0.363636363636	0.230769230769	0.0	0.0666666666667	0.0	0.307692307692	0.214285714286	0.1875	0.230769230769
250	0.24	0.1	0.0	0.25	0.166666666667	0.125	0.1	0.285714285714	0.333333333333	0.0	0.0625	0.0	0.294117647059	0.190476190476	0.166666666667	0.266666666667
300	0.18	0.0833333333333	0.05	0.176470588235	0.185185185185	0.192307692308	0.153846153846	0.277777777778	0.285714285714	0.0	0.1	0.0	0.333333333333	0.166666666667	0.15	0.266666666667
350	0.24	0.0714285714286	0.0454545454545	0.190476190476	0.206896551724	0.212121212121	0.166666666667	0.304347826087	0.272727272727	0.0	0.16	0.0588235294118	0.333333333333	0.148148148148	0.142857142857	0.294117647059
400	0.34	0.0689655172414	0.04	0.185185185185	0.193548387097	0.243243243243	0.238095238095	0.291666666667	0.260869565217	0.0416666666667	0.193548387097	0.05	0.310344827586	0.137931034483	0.285714285714	0.363636363636
450	0.32	0.0909090909091	0.0322580645161	0.193548387097	0.212121212121	0.263157894737	0.24	0.344827586207	0.28	0.0333333333333	0.1875	0.173913043478	0.290322580645	0.1875	0.30303030303	0.333333333333
500	0.38	0.1	0.0285714285714	0.277777777778	0.2	0.243902439024	0.230769230769	0.352941176471	0.307692307692	0.114285714286	0.171428571429	0.222222222222	0.28125	0.27027027027	0.323529411765	0.333333333333
550	0.3	0.0909090909091	0.0526315789474	0.243902439024	0.166666666667	0.255813953488	0.266666666667	0.384615384615	0.307692307692	0.108108108108	0.166666666667	0.25	0.285714285714	0.309523809524	0.35	0.310344827586
600	0.2	0.0869565217391	0.0512820512821	0.239130434783	0.170212765957	0.25	0.25	0.333333333333	0.296296296296	0.128205128205	0.166666666667	0.241379310345	0.263157894737	0.326086956522	0.340909090909	0.34375
650	0.4	0.106382978723	0.047619047619	0.24	0.16	0.244897959184	0.307692307692	0.34693877551	0.424242424242	0.125	0.186046511628	0.235294117647	0.255813953488	0.3	0.326086956522	0.4
700	0.42	0.1	0.0444444444444	0.3	0.2	0.26	0.302325581395	0.34	0.441176470588	0.142857142857	0.177777777778	0.257142857143	0.244444444444	0.4	0.36	0.421052631579
750	0.34	0.14	0.08	0.3	0.2	0.26	0.291666666667	0.38	0.410256410256	0.148936170213	0.191489361702	0.263157894737	0.270833333333	0.4	0.38	0.414634146341
800	0.2	0.2	0.08	0.28	0.2	0.3	0.26	0.34	0.380952380952	0.18	0.204081632653	0.268292682927	0.26	0.38	0.38	0.382978723404
850	0.26	0.2	0.08	0.26	0.2	0.34	0.26	0.34	0.408163265306	0.2	0.2	0.272727272727	0.26	0.36	0.36	0.38
900	0.28	0.2	0.1	0.3	0.18	0.32	0.26	0.34	0.38	0.2	0.2	0.255319148936	0.26	0.44	0.34	0.4
950	0.28	0.18	0.1	0.32	0.18	0.32	0.28	0.34	0.4	0.22	0.2	0.270833333333	0.24	0.44	0.38	0.42
1000	0.34	0.18	0.14	0.34	0.18	0.3	0.28	0.34	0.42	0.26	0.22	0.28	0.26	0.46	0.38	0.42
1050	0.3	0.18	0.12	0.3	0.18	0.32	0.3	0.32	0.4	0.28	0.26	0.3	0.24	0.48	0.38	0.4
1100	0.3	0.18	0.12	0.26	0.18	0.32	0.3	0.32	0.4	0.28	0.28	0.32	0.22	0.48	0.34	0.42
1150	0.48	0.2	0.14	0.26	0.26	0.34	0.3	0.32	0.38	0.3	0.26	0.36	0.28	0.46	0.3	0.42
1200	0.4	0.2	0.16	0.32	0.3	0.32	0.34	0.32	0.42	0.3	0.26	0.4	0.32	0.46	0.24	0.42
1250	0.3	0.22	0.16	0.3	0.34	0.28	0.32	0.34	0.42	0.3	0.28	0.42	0.32	0.44	0.28	0.4
1300	0.36	0.22	0.18	0.3	0.32	0.3	0.28	0.36	0.4	0.32	0.28	0.44	0.36	0.38	0.28	0.42
1350	0.48	0.22	0.22	0.32	0.3	0.32	0.28	0.38	0.42	0.32	0.3	0.46	0.38	0.36	0.3	0.42
1400	0.48	0.22	0.26	0.34	0.34	0.34	0.28	0.4	0.46	0.32	0.3	0.5	0.38	0.38	0.32	0.42
1450	0.46	0.26	0.26	0.34	0.32	0.36	0.32	0.4	0.48	0.32	0.32	0.48	0.38	0.36	0.36	0.4
1500	0.4	0.26	0.3	0.36	0.32	0.34	0.36	0.4	0.48	0.34	0.32	0.48	0.4	0.3	0.38	0.36
1550	0.56	0.32	0.26	0.36	0.36	0.38	0.36	0.38	0.5	0.36	0.32	0.52	0.42	0.3	0.44	0.38
1600	0.4	0.34	0.28	0.34	0.4	0.42	0.38	0.4	0.5	0.36	0.34	0.54	0.4	0.3	0.44	0.38
1650	0.42	0.34	0.3	0.34	0.38	0.44	0.38	0.42	0.52	0.4	0.36	0.54	0.4	0.3	0.48	0.42
1700	0.46	0.34	0.36	0.34	0.32	0.44	0.38	0.44	0.56	0.36	0.38	0.52	0.36	0.32	0.5	0.46
1750	0.48	0.36	0.38	0.36	0.34	0.46	0.38	0.44	0.58	0.34	0.36	0.58	0.36	0.32	0.52	0.46
1800	0.42	0.36	0.36	0.38	0.34	0.46	0.36	0.42	0.6	0.36	0.38	0.58	0.36	0.34	0.54	0.48
1850	0.48	0.42	0.4	0.4	0.32	0.46	0.36	0.42	0.58	0.38	0.38	0.58	0.36	0.38	0.54	0.44
1900	0.58	0.46	0.42	0.42	0.32	0.46	0.34	0.44	0.62	0.42	0.42	0.6	0.32	0.4	0.54	0.48
1950	0.5	0.48	0.46	0.44	0.34	0.5	0.32	0.46	0.6	0.44	0.42	0.56	0.34	0.4	0.54	0.5
2000	0.46	0.5	0.48	0.46	0.38	0.52	0.34	0.42	0.6	0.44	0.4	0.5	0.34	0.48	0.52	0.5
2050	0.48	0.52	0.48	0.42	0.42	0.5	0.36	0.46	0.56	0.42	0.44	0.44	0.32	0.48	0.52	0.56
2100	0.44	0.56	0.48	0.44	0.4	0.5	0.36	0.46	0.52	0.46	0.48	0.4	0.32	0.48	0.54	0.58
2150	0.48	0.56	0.44	0.46	0.42	0.48	0.38	0.46	0.52	0.46	0.48	0.44	0.28	0.48	0.56	0.58
2200	0.5	0.54	0.54	0.5	0.46	0.5	0.36	0.46	0.5	0.4	0.48	0.46	0.3	0.48	0.5	0.58
2250	0.54	0.56	0.6	0.52	0.46	0.5	0.32	0.44	0.5	0.38	0.48	0.44	0.38	0.52	0.5	0.56
2300	0.56	0.56	0.6	0.56	0.46	0.52	0.3	0.46	0.48	0.38	0.44	0.44	0.42	0.56	0.5	0.56
2350	0.5	0.54	0.58	0.54	0.5	0.52	0.32	0.48	0.48	0.38	0.48	0.44	0.44	0.56	0.46	0.56
2400	0.54	0.48	0.54	0.52	0.54	0.54	0.32	0.5	0.5	0.38	0.5	0.46	0.48	0.6	0.46	0.58
2450	0.54	0.48	0.6	0.48	0.56	0.56	0.32	0.5	0.5	0.38	0.48	0.44	0.52	0.58	0.46	0.62
2500	0.46	0.48	0.6	0.48	0.56	0.56	0.36	0.5	0.5	0.36	0.48	0.44	0.52	0.52	0.48	0.64
2550	0.48	0.48	0.6	0.5	0.56	0.58	0.36	0.5	0.5	0.38	0.52	0.44	0.52	0.54	0.5	0.68
2600	0.6	0.46	0.58	0.48	0.54	0.6	0.38	0.5	0.5	0.38	0.5	0.44	0.54	0.54	0.52	0.7
2650	0.58	0.44	0.6	0.46	0.56	0.62	0.4	0.52	0.5	0.38	0.5	0.46	0.52	0.5	0.54	0.68
2700	0.6	0.44	0.62	0.52	0.56	0.6	0.46	0.5	0.48	0.34	0.52	0.44	0.56	0.46	0.56	0.68
2750	0.42	0.4	0.66	0.5	0.56	0.6	0.44	0.48	0.44	0.36	0.5	0.42	0.58	0.48	0.58	0.66
2800	0.5	0.4	0.62	0.52	0.58	0.6	0.44	0.5	0.44	0.32	0.46	0.38	0.6	0.52	0.58	0.66
2850	0.44	0.42	0.6	0.48	0.58	0.62	0.48	0.42	0.42	0.32	0.46	0.4	0.54	0.52	0.58	0.64
2900	0.58	0.44	0.6	0.5	0.64	0.66	0.5	0.44	0.46	0.26	0.46	0.42	0.56	0.56	0.54	0.66
2950	0.4	0.42	0.62	0.48	0.58	0.66	0.5	0.44	0.44	0.28	0.44	0.44	0.54	0.54	0.52	0.66
3000	0.44	0.44	0.64	0.48	0.6	0.62	0.56	0.46	0.42	0.26	0.4	0.46	0.52	0.56	0.58	0.66
3050	0.6	0.42	0.66	0.5	0.6	0.64	0.6	0.48	0.46	0.3	0.36	0.48	0.5	0.54	0.6	0.62
3100	0.54	0.42	0.64	0.52	0.56	0.64	0.64	0.52	0.48	0.32	0.38	0.52	0.52	0.54	0.6	0.62
3150	0.48	0.4	0.66	0.52	0.54	0.62	0.68	0.5	0.48	0.34	0.36	0.54	0.5	0.52	0.58	0.62
3200	0.5	0.4	0.66	0.5	0.5	0.62	0.64	0.46	0.46	0.34	0.34	0.54	0.5	0.5	0.6	0.6
3250	0.54	0.42	0.62	0.52	0.5	0.58	0.66	0.46	0.48	0.36	0.34	0.54	0.52	0.48	0.58	0.6
3300	0.4	0.4	0.62	0.52	0.5	0.54	0.64	0.44	0.48	0.32	0.34	0.52	0.52	0.5	0.58	0.56
3350	0.54	0.38	0.58	0.52	0.5	0.58	0.64	0.44	0.48	0.32	0.36	0.56	0.52	0.5	0.6	0.5
3400	0.48	0.42	0.56	0.48	0.48	0.56	0.64	0.4	0.46	0.32	0.36	0.54	0.52	0.54	0.6	0.46
3450	0.48	0.48	0.54	0.5	0.44	0.56	0.64	0.4	0.44	0.32	0.36	0.52	0.56	0.52	0.6	0.48
3500	0.58	0.48	0.6	0.44	0.46	0.56	0.66	0.44	0.46	0.34	0.38	0.52	0.58	0.48	0.58	0.46
3550	0.6	0.52	0.6	0.42	0.44	0.54	0.64	0.48	0.48	0.38	0.36	0.54	0.6	0.44	0.58	0.46
3600	0.48	0.52	0.62	0.4	0.4	0.54	0.64	0.52	0.52	0.38	0.34	0.54	0.6	0.46	0.6	0.46
3650	0.5	0.54	0.62	0.38	0.36	0.54	0.68	0.52	0.5	0.38	0.42	0.52	0.58	0.46	0.6	0.44
3700	0.64	0.56	0.64	0.4	0.36	0.58	0.66	0.52	0.5	0.34	0.46	0.56	0.62	0.44	0.6	0.5
3750	0.52	0.56	0.66	0.44	0.38	0.6	0.62	0.56	0.5	0.32	0.5	0.52	0.6	0.44	0.58	0.54
3800	0.56	0.56	0.66	0.46	0.4	0.56	0.62	0.52	0.5	0.28	0.54	0.44	0.62	0.44	0.62	0.54
3850	0.36	0.54	0.62	0.46	0.4	0.54	0.62	0.5	0.46	0.3	0.54	0.44	0.62	0.48	0.6	0.56
3900	0.42	0.52	0.62	0.46	0.42	0.54	0.6	0.5	0.42	0.28	0.52	0.4	0.6	0.48	0.58	0.56
3950	0.42	0.52	0.64	0.44	0.4	0.52	0.58	0.5	0.42	0.28	0.54	0.34	0.6	0.5	0.6	0.54
4000	0.46	0.52	0.62	0.46	0.4	0.54	0.62	0.5	0.44	0.28	0.56	0.34	0.58	0.54	0.6	0.56
4050	0.46	0.54	0.62	0.46	0.42	0.54	0.6	0.58	0.44	0.24	0.54	0.32	0.6	0.5	0.56	0.58
4100	0.38	0.54	0.66	0.48	0.42	0.54	0.64	0.54	0.46	0.22	0.54	0.3	0.54	0.48	0.54	0.56
4150	0.42	0.52	0.68	0.46	0.44	0.52	0.64	0.46	0.44	0.22	0.52	0.3	0.5	0.48	0.54	0.56
4200	0.52	0.58	0.62	0.48	0.44	0.5	0.64	0.44	0.42	0.22	0.54	0.3	0.5	0.48	0.52	0.6
4250	0.6	0.6	0.62	0.48	0.46	0.48	0.62	0.44	0.42	0.24	0.6	0.32	0.48	0.46	0.5	0.58
4300	0.44	0.6	0.62	0.5	0.44	0.46	0.62	0.44	0.42	0.26	0.58	0.36	0.46	0.46	0.46	0.58
4350	0.52	0.56	0.58	0.5	0.42	0.42	0.64	0.44	0.42	0.28	0.54	0.36	0.44	0.46	0.5	0.58
4400	0.58	0.56	0.58	0.5	0.4	0.44	0.62	0.48	0.46	0.3	0.54	0.32	0.5	0.46	0.48	0.6
4450	0.5	0.56	0.62	0.5	0.42	0.4	0.58	0.48	0.44	0.28	0.5	0.34	0.5	0.46	0.5	0.62
4500	0.46	0.54	0.62	0.5	0.38	0.38	0.6	0.5	0.44	0.28	0.5	0.38	0.46	0.48	0.48	0.56
4550	0.34	0.54	0.58	0.48	0.4	0.34	0.58	0.48	0.44	0.3	0.52	0.4	0.44	0.48	0.46	0.5
4600	0.4	0.52	0.6	0.46	0.44	0.32	0.54	0.5	0.46	0.3	0.52	0.42	0.46	0.52	0.42	0.52
4650	0.54	0.54	0.6	0.44	0.5	0.36	0.54	0.48	0.48	0.3	0.54	0.42	0.48	0.52	0.44	0.5
4700	0.58	0.54	0.62	0.44	0.46	0.36	0.56	0.48	0.44	0.34	0.54	0.42	0.48	0.5	0.42	0.56
4750	0.6	0.56	0.62	0.48	0.46	0.36	0.54	0.46	0.5	0.38	0.56	0.44	0.5	0.5	0.42	0.56
4800	0.48	0.64	0.6	0.46	0.44	0.34	0.5	0.46	0.56	0.4	0.56	0.44	0.5	0.52	0.38	0.56
4850	0.4	0.62	0.6	0.48	0.42	0.34	0.5	0.48	0.58	0.38	0.5	0.48	0.54	0.52	0.4	0.56
4900	0.4	0.6	0.58	0.48	0.4	0.36	0.48	0.46	0.58	0.36	0.46	0.48	0.56	0.56	0.42	0.56
4950	0.6	0.58	0.56	0.48	0.4	0.42	0.52	0.5	0.54	0.4	0.5	0.42	0.56	0.58	0.46	0.54
5000	0.58	0.6	0.52	0.48	0.44	0.44	0.5	0.52	0.54	0.4	0.48	0.42	0.58	0.62	0.4	0.54
5050	0.32	0.52	0.52	0.48	0.44	0.46	0.5	0.48	0.54	0.4	0.44	0.42	0.54	0.6	0.38	0.56
5100	0.42	0.5	0.5	0.52	0.42	0.48	0.48	0.48	0.56	0.42	0.4	0.38	0.56	0.6	0.34	0.54
5150	0.6	0.5	0.52	0.56	0.42	0.48	0.5	0.48	0.54	0.46	0.44	0.4	0.6	0.58	0.34	0.52
5200	0.52	0.5	0.52	0.54	0.44	0.52	0.5	0.48	0.52	0.5	0.48	0.38	0.56	0.58	0.34	0.5
5250	0.48	0.48	0.52	0.56	0.42	0.58	0.46	0.48	0.46	0.48	0.48	0.4	0.56	0.6	0.32	0.5
5300	0.52	0.5	0.48	0.56	0.44	0.58	0.48	0.46	0.44	0.48	0.5	0.42	0.58	0.6	0.32	0.52
5350	0.56	0.5	0.48	0.64	0.42	0.62	0.52	0.48	0.4	0.48	0.48	0.42	0.58	0.58	0.36	0.56
5400	0.54	0.46	0.46	0.64	0.42	0.58	0.5	0.52	0.42	0.52	0.46	0.4	0.6	0.6	0.32	0.54
5450	0.58	0.42	0.48	0.64	0.42	0.62	0.5	0.52	0.4	0.56	0.48	0.38	0.6	0.62	0.32	0.52
5500	0.42	0.46	0.48	0.6	0.4	0.64	0.52	0.56	0.36	0.52	0.5	0.38	0.56	0.62	0.34	0.54
5550	0.48	0.48	0.46	0.58	0.38	0.58	0.6	0.54	0.36	0.58	0.5	0.4	0.58	0.62	0.3	0.54
5600	0.62	0.48	0.46	0.64	0.4	0.58	0.62	0.56	0.34	0.62	0.54	0.38	0.6	0.64	0.34	0.52
5650	0.48	0.44	0.5	0.66	0.42	0.52	0.62	0.56	0.32	0.6	0.52	0.36	0.58	0.6	0.38	0.52
5700	0.62	0.46	0.54	0.68	0.42	0.54	0.58	0.56	0.36	0.6	0.54	0.36	0.54	0.58	0.4	0.52
5750	0.5	0.48	0.56	0.68	0.42	0.54	0.58	0.54	0.4	0.58	0.54	0.34	0.54	0.6	0.42	0.52
5800	0.62	0.5	0.64	0.68	0.44	0.52	0.6	0.56	0.4	0.6	0.54	0.36	0.52	0.56	0.46	0.58
5850	0.46	0.52	0.64	0.68	0.48	0.5	0.64	0.52	0.38	0.58	0.5	0.36	0.5	0.56	0.44	0.56
5900	0.44	0.54	0.64	0.66	0.5	0.44	0.64	0.52	0.38	0.54	0.46	0.36	0.54	0.56	0.44	0.6
5950	0.56	0.56	0.62	0.68	0.5	0.42	0.64	0.56	0.4	0.52	0.44	0.36	0.52	0.58	0.4	0.58
6000	0.48	0.56	0.6	0.64	0.48	0.46	0.64	0.56	0.4	0.52	0.42	0.38	0.52	0.58	0.42	0.56
6050	0.5	0.56	0.58	0.62	0.52	0.46	0.66	0.54	0.36	0.46	0.4	0.4	0.52	0.54	0.44	0.56
6100	0.42	0.54	0.54	0.58	0.54	0.44	0.64	0.56	0.36	0.44	0.42	0.44	0.54	0.54	0.44	0.54
6150	0.44	0.56	0.58	0.62	0.5	0.44	0.6	0.52	0.34	0.44	0.44	0.44	0.56	0.54	0.46	0.54
6200	0.6	0.54	0.6	0.58	0.52	0.44	0.58	0.52	0.34	0.44	0.5	0.42	0.58	0.54	0.5	0.52
6250	0.46	0.5	0.62	0.56	0.54	0.44	0.56	0.52	0.34	0.46	0.5	0.42	0.56	0.5	0.46	0.54
6300	0.46	0.5	0.6	0.54	0.52	0.44	0.56	0.52	0.36	0.38	0.5	0.52	0.58	0.52	0.4	0.54
6350	0.58	0.5	0.62	0.5	0.52	0.44	0.6	0.54	0.38	0.38	0.52	0.48	0.58	0.5	0.4	0.52
6400	0.46	0.5	0.58	0.5	0.5	0.44	0.58	0.54	0.4	0.4	0.54	0.5	0.58	0.48	0.4	0.54
6450	0.5	0.52	0.58	0.46	0.52	0.46	0.56	0.54	0.4	0.4	0.54	0.52	0.54	0.48	0.4	0.54
6500	0.48	0.54	0.56	0.44	0.56	0.5	0.52	0.54	0.44	0.4	0.56	0.54	0.56	0.42	0.42	0.58
6550	0.48	0.54	0.56	0.44	0.54	0.48	0.5	0.52	0.44	0.36	0.56	0.56	0.56	0.42	0.44	0.56
6600	0.52	0.54	0.56	0.42	0.54	0.42	0.54	0.54	0.42	0.4	0.54	0.58	0.56	0.4	0.42	0.54
6650	0.46	0.52	0.56	0.46	0.52	0.36	0.54	0.54	0.4	0.4	0.58	0.56	0.54	0.36	0.46	0.54
6700	0.52	0.52	0.56	0.48	0.48	0.38	0.54	0.52	0.4	0.38	0.64	0.56	0.54	0.38	0.48	0.5
6750	0.56	0.56	0.6	0.48	0.48	0.42	0.56	0.5	0.38	0.36	0.68	0.56	0.56	0.42	0.46	0.52
6800	0.46	0.56	0.64	0.48	0.48	0.46	0.56	0.52	0.4	0.3	0.72	0.54	0.5	0.4	0.48	0.52
6850	0.54	0.54	0.64	0.48	0.48	0.5	0.58	0.52	0.4	0.32	0.72	0.48	0.54	0.42	0.48	0.5
6900	0.5	0.52	0.66	0.46	0.48	0.52	0.56	0.52	0.46	0.32	0.7	0.5	0.54	0.42	0.52	0.52
6950	0.6	0.56	0.66	0.48	0.5	0.54	0.48	0.52	0.48	0.36	0.68	0.52	0.52	0.4	0.54	0.52
7000	0.58	0.58	0.68	0.5	0.5	0.56	0.46	0.6	0.5	0.38	0.64	0.56	0.52	0.38	0.54	0.5
7050	0.56	0.56	0.7	0.54	0.5	0.56	0.46	0.58	0.5	0.34	0.64	0.52	0.52	0.36	0.54	0.5
7100	0.6	0.56	0.66	0.58	0.52	0.56	0.48	0.58	0.5	0.36	0.6	0.52	0.52	0.38	0.6	0.5
7150	0.6	0.58	0.7	0.6	0.5	0.62	0.48	0.54	0.48	0.38	0.56	0.52	0.54	0.4	0.6	0.52
7200	0.52	0.58	0.68	0.62	0.54	0.62	0.48	0.56	0.48	0.34	0.52	0.56	0.56	0.4	0.62	0.54
7250	0.68	0.58	0.7	0.64	0.52	0.66	0.48	0.58	0.48	0.36	0.54	0.56	0.6	0.42	0.66	0.54
7300	0.48	0.6	0.68	0.64	0.5	0.66	0.44	0.6	0.48	0.4	0.52	0.5	0.6	0.44	0.66	0.56
7350	0.46	0.6	0.66	0.62	0.5	0.66	0.44	0.54	0.5	0.42	0.52	0.48	0.62	0.42	0.7	0.58
7400	0.58	0.6	0.68	0.62	0.48	0.64	0.42	0.56	0.54	0.44	0.56	0.5	0.64	0.46	0.66	0.6
7450	0.68	0.58	0.68	0.62	0.5	0.62	0.46	0.58	0.52	0.5	0.54	0.52	0.66	0.46	0.64	0.6
7500	0.58	0.54	0.68	0.64	0.52	0.64	0.5	0.56	0.56	0.56	0.52	0.58	0.66	0.44	0.6	0.58
7550	0.62	0.5	0.7	0.62	0.54	0.64	0.48	0.54	0.54	0.62	0.5	0.64	0.7	0.46	0.62	0.6
7600	0.62	0.5	0.72	0.64	0.54	0.62	0.5	0.56	0.54	0.62	0.46	0.62	0.7	0.48	0.58	0.6
7650	0.56	0.52	0.7	0.64	0.52	0.58	0.54	0.56	0.54	0.62	0.46	0.62	0.7	0.5	0.6	0.62
7700	0.58	0.48	0.7	0.64	0.48	0.58	0.58	0.54	0.56	0.6	0.5	0.62	0.68	0.52	0.58	0.66
7750	0.52	0.44	0.7	0.6	0.48	0.58	0.58	0.6	0.52	0.6	0.52	0.6	0.68	0.5	0.6	0.66
7800	0.48	0.44	0.66	0.62	0.48	0.56	0.58	0.58	0.52	0.58	0.56	0.58	0.68	0.52	0.58	0.66
7850	0.46	0.44	0.66	0.56	0.42	0.52	0.6	0.58	0.52	0.6	0.58	0.52	0.62	0.5	0.58	0.68
7900	0.38	0.46	0.64	0.52	0.44	0.5	0.6	0.52	0.48	0.6	0.62	0.5	0.6	0.48	0.58	0.68
7950	0.58	0.46	0.64	0.48	0.46	0.48	0.68	0.5	0.5	0.64	0.62	0.5	0.6	0.46	0.58	0.66
8000	0.52	0.44	0.66	0.5	0.44	0.5	0.68	0.5	0.48	0.62	0.64	0.48	0.6	0.46	0.54	0.66
8050	0.56	0.4	0.7	0.5	0.42	0.5	0.7	0.54	0.48	0.66	0.6	0.48	0.6	0.48	0.56	0.64
8100	0.68	0.4	0.7	0.5	0.44	0.52	0.7	0.56	0.54	0.7	0.6	0.5	0.58	0.44	0.56	0.62
8150	0.6	0.4	0.72	0.5	0.44	0.54	0.68	0.56	0.52	0.68	0.6	0.52	0.56	0.42	0.56	0.62
8200	0.6	0.42	0.66	0.5	0.46	0.54	0.68	0.56	0.52	0.72	0.6	0.48	0.54	0.44	0.56	0.64
8250	0.62	0.46	0.66	0.54	0.44	0.54	0.7	0.52	0.52	0.68	0.62	0.44	0.54	0.44	0.54	0.66
8300	0.54	0.46	0.62	0.52	0.4	0.54	0.68	0.56	0.56	0.64	0.58	0.46	0.54	0.44	0.58	0.68
8350	0.46	0.48	0.6	0.48	0.38	0.54	0.66	0.56	0.58	0.62	0.58	0.44	0.52	0.48	0.6	0.64
8400	0.66	0.52	0.6	0.48	0.4	0.58	0.66	0.54	0.58	0.62	0.6	0.4	0.54	0.46	0.64	0.62
8450	0.64	0.54	0.6	0.5	0.38	0.6	0.64	0.54	0.6	0.68	0.62	0.42	0.54	0.44	0.64	0.6
8500	0.54	0.52	0.6	0.5	0.4	0.6	0.62	0.52	0.6	0.68	0.6	0.46	0.6	0.46	0.68	0.6
8550	0.5	0.5	0.62	0.5	0.46	0.6	0.6	0.46	0.62	0.68	0.6	0.42	0.62	0.48	0.7	0.58
8600	0.66	0.56	0.64	0.5	0.5	0.6	0.62	0.42	0.62	0.72	0.58	0.46	0.62	0.48	0.68	0.6
8650	0.54	0.6	0.64	0.46	0.5	0.62	0.6	0.42	0.64	0.72	0.5	0.46	0.66	0.52	0.68	0.58
8700	0.5	0.56	0.6	0.42	0.48	0.62	0.54	0.42	0.66	0.74	0.5	0.46	0.68	0.52	0.68	0.58
8750	0.44	0.58	0.62	0.44	0.48	0.6	0.52	0.44	0.66	0.68	0.46	0.46	0.68	0.54	0.66	0.58
8800	0.54	0.56	0.62	0.44	0.48	0.66	0.5	0.46	0.66	0.66	0.48	0.44	0.68	0.5	0.62	0.62
8850	0.46	0.54	0.62	0.46	0.44	0.66	0.5	0.46	0.64	0.6	0.48	0.42	0.68	0.5	0.64	0.6
8900	0.52	0.56	0.6	0.42	0.48	0.68	0.52	0.48	0.64	0.58	0.5	0.42	0.7	0.5	0.64	0.58
8950	0.54	0.56	0.54	0.42	0.48	0.7	0.48	0.48	0.62	0.6	0.5	0.44	0.7	0.48	0.64	0.54
9000	0.54	0.56	0.52	0.44	0.46	0.72	0.5	0.44	0.58	0.56	0.52	0.44	0.72	0.44	0.62	0.54
9050	0.56	0.56	0.5	0.44	0.48	0.68	0.56	0.44	0.56	0.56	0.5	0.46	0.7	0.44	0.58	0.52
9100	0.56	0.56	0.48	0.44	0.5	0.66	0.58	0.4	0.58	0.52	0.48	0.46	0.72	0.42	0.56	0.58
9150	0.56	0.56	0.5	0.48	0.52	0.64	0.62	0.38	0.54	0.52	0.52	0.48	0.68	0.46	0.54	0.6
9200	0.5	0.6	0.5	0.5	0.46	0.66	0.64	0.36	0.56	0.52	0.5	0.48	0.68	0.42	0.54	0.6
9250	0.64	0.62	0.52	0.54	0.44	0.64	0.64	0.38	0.54	0.5	0.5	0.48	0.66	0.42	0.54	0.62
9300	0.46	0.66	0.48	0.5	0.46	0.66	0.64	0.4	0.54	0.42	0.54	0.5	0.64	0.38	0.5	0.56
9350	0.48	0.6	0.48	0.5	0.46	0.66	0.64	0.4	0.54	0.4	0.52	0.52	0.64	0.36	0.56	0.54
9400	0.6	0.6	0.5	0.52	0.44	0.66	0.66	0.44	0.52	0.42	0.56	0.58	0.62	0.4	0.54	0.52
9450	0.6	0.6	0.48	0.56	0.46	0.66	0.68	0.44	0.48	0.42	0.64	0.56	0.6	0.46	0.52	0.48
9500	0.62	0.64	0.48	0.58	0.48	0.68	0.7	0.42	0.46	0.46	0.68	0.58	0.58	0.44	0.5	0.54
9550	0.54	0.66	0.48	0.64	0.52	0.64	0.74	0.42	0.42	0.48	0.68	0.6	0.46	0.46	0.52	0.54
9600	0.6	0.7	0.46	0.62	0.54	0.62	0.74	0.42	0.46	0.5	0.72	0.6	0.42	0.46	0.52	0.52
9650	0.44	0.72	0.44	0.62	0.54	0.58	0.72	0.42	0.48	0.5	0.74	0.6	0.4	0.48	0.52	0.5
9700	0.5	0.68	0.48	0.6	0.52	0.58	0.72	0.42	0.46	0.52	0.72	0.6	0.4	0.46	0.46	0.5
9750	0.62	0.66	0.5	0.64	0.52	0.6	0.64	0.4	0.48	0.52	0.72	0.64	0.4	0.5	0.5	0.5
9800	0.62	0.7	0.56	0.66	0.5	0.6	0.6	0.4	0.48	0.52	0.78	0.66	0.38	0.5	0.5	0.54
9850	0.6	0.7	0.58	0.62	0.48	0.58	0.54	0.36	0.52	0.56	0.78	0.64	0.36	0.5	0.54	0.54
9900	0.52	0.68	0.58	0.64	0.48	0.6	0.54	0.34	0.5	0.52	0.78	0.62	0.32	0.48	0.6	0.54
9950	0.54	0.66	0.62	0.6	0.44	0.6	0.54	0.4	0.52	0.6	0.76	0.6	0.34	0.5	0.58	0.54
10000	0.48	0.64	0.64	0.58	0.44	0.6	0.54	0.4	0.46	0.62	0.76	0.6	0.3	0.54	0.56	0.58
10050	0.6	0.62	0.62	0.58	0.48	0.6	0.54	0.4	0.42	0.66	0.78	0.62	0.28	0.54	0.56	0.62
10100	0.5	0.6	0.64	0.56	0.5	0.6	0.54	0.4	0.44	0.66	0.78	0.6	0.26	0.5	0.54	0.6
10150	0.54	0.6	0.62	0.56	0.5	0.58	0.52	0.42	0.46	0.66	0.74	0.58	0.28	0.48	0.56	0.6
10200	0.56	0.58	0.64	0.54	0.52	0.56	0.5	0.44	0.46	0.62	0.72	0.58	0.26	0.52	0.56	0.6
10250	0.44	0.58	0.64	0.52	0.56	0.52	0.52	0.42	0.46	0.6	0.68	0.6	0.26	0.52	0.52	0.6
10300	0.56	0.6	0.62	0.54	0.56	0.58	0.54	0.42	0.48	0.58	0.64	0.62	0.26	0.52	0.54	0.6
10350	0.66	0.6	0.66	0.54	0.6	0.58	0.54	0.48	0.48	0.56	0.64	0.6	0.28	0.5	0.52	0.64
10400	0.56	0.54	0.68	0.48	0.6	0.54	0.54	0.48	0.52	0.56	0.68	0.62	0.32	0.52	0.52	0.6
10450	0.6	0.56	0.66	0.46	0.6	0.56	0.54	0.48	0.52	0.56	0.7	0.62	0.36	0.52	0.54	0.62
10500	0.5	0.54	0.62	0.46	0.62	0.52	0.54	0.48	0.54	0.58	0.7	0.6	0.36	0.5	0.5	0.62
10550	0.6	0.54	0.62	0.46	0.66	0.52	0.56	0.5	0.56	0.56	0.7	0.6	0.34	0.5	0.52	0.6
10600	0.62	0.56	0.6	0.46	0.68	0.54	0.58	0.5	0.54	0.56	0.68	0.6	0.36	0.5	0.5	0.6
10650	0.56	0.54	0.58	0.44	0.72	0.56	0.58	0.5	0.54	0.54	0.72	0.64	0.36	0.52	0.5	0.58
10700	0.7	0.56	0.6	0.48	0.72	0.54	0.56	0.52	0.54	0.54	0.78	0.64	0.38	0.48	0.54	0.56
10750	0.66	0.56	0.6	0.48	0.74	0.52	0.58	0.54	0.62	0.52	0.76	0.66	0.38	0.5	0.58	0.58
10800	0.76	0.6	0.58	0.48	0.76	0.54	0.6	0.54	0.66	0.54	0.78	0.66	0.44	0.5	0.62	0.6
10850	0.58	0.6	0.58	0.5	0.76	0.52	0.58	0.56	0.68	0.52	0.76	0.68	0.46	0.5	0.6	0.58
10900	0.62	0.66	0.6	0.52	0.72	0.54	0.56	0.58	0.68	0.52	0.8	0.64	0.5	0.52	0.62	0.58
10950	0.62	0.62	0.6	0.5	0.7	0.5	0.54	0.62	0.72	0.54	0.78	0.64	0.5	0.54	0.64	0.58
11000	0.74	0.66	0.64	0.52	0.7	0.54	0.54	0.62	0.74	0.54	0.8	0.62	0.54	0.54	0.6	0.6
11050	0.6	0.66	0.64	0.5	0.7	0.56	0.5	0.6	0.74	0.56	0.78	0.62	0.52	0.6	0.62	0.6
11100	0.7	0.66	0.66	0.52	0.7	0.58	0.56	0.66	0.74	0.6	0.78	0.6	0.52	0.62	0.62	0.6
11150	0.72	0.66	0.68	0.52	0.68	0.6	0.56	0.68	0.76	0.58	0.8	0.62	0.52	0.64	0.68	0.64
11200	0.7	0.68	0.72	0.58	0.72	0.6	0.54	0.72	0.74	0.56	0.78	0.6	0.52	0.62	0.72	0.66
11250	0.8	0.7	0.72	0.58	0.72	0.62	0.56	0.76	0.74	0.56	0.74	0.6	0.58	0.64	0.74	0.7
11300	0.76	0.68	0.68	0.6	0.72	0.66	0.56	0.78	0.76	0.58	0.72	0.62	0.66	0.66	0.76	0.68
11350	0.6	0.7	0.68	0.6	0.72	0.66	0.56	0.72	0.72	0.58	0.72	0.64	0.7	0.68	0.78	0.7
11400	0.72	0.72	0.68	0.62	0.74	0.66	0.6	0.72	0.74	0.6	0.74	0.64	0.7	0.66	0.78	0.68
11450	0.7	0.78	0.72	0.62	0.72	0.66	0.6	0.7	0.74	0.62	0.72	0.62	0.7	0.66	0.72	0.72
11500	0.72	0.78	0.74	0.62	0.7	0.66	0.6	0.7	0.68	0.62	0.72	0.62	0.74	0.7	0.72	0.74
11550	0.64	0.8	0.76	0.66	0.64	0.64	0.64	0.7	0.68	0.6	0.72	0.6	0.7	0.72	0.66	0.74
11600	0.8	0.82	0.76	0.7	0.64	0.68	0.64	0.7	0.7	0.62	0.74	0.68	0.72	0.74	0.64	0.74
11650	0.64	0.76	0.74	0.68	0.6	0.7	0.64	0.7	0.72	0.64	0.74	0.7	0.72	0.72	0.6	0.72
11700	0.66	0.76	0.74	0.68	0.6	0.7	0.66	0.72	0.72	0.62	0.74	0.72	0.72	0.7	0.62	0.7
11750	0.86	0.76	0.76	0.64	0.6	0.76	0.66	0.74	0.72	0.64	0.78	0.74	0.72	0.72	0.62	0.78
11800	0.72	0.78	0.78	0.62	0.6	0.76	0.7	0.74	0.72	0.64	0.76	0.72	0.74	0.78	0.6	0.8
11850	0.8	0.78	0.78	0.66	0.66	0.78	0.74	0.72	0.68	0.64	0.78	0.74	0.76	0.82	0.58	0.78
11900	0.78	0.78	0.8	0.68	0.64	0.78	0.78	0.72	0.66	0.62	0.78	0.76	0.76	0.82	0.6	0.76
11950	0.78	0.8	0.78	0.68	0.64	0.8	0.76	0.72	0.66	0.62	0.76	0.76	0.76	0.84	0.6	0.74
12000	0.66	0.8	0.8	0.66	0.62	0.8	0.76	0.7	0.68	0.62	0.76	0.7	0.76	0.84	0.6	0.78
12050	0.72	0.82	0.78	0.66	0.6	0.8	0.78	0.7	0.68	0.64	0.76	0.7	0.76	0.82	0.6	0.82
12100	0.82	0.84	0.76	0.68	0.6	0.82	0.78	0.7	0.7	0.64	0.74	0.72	0.76	0.82	0.58	0.8
12150	0.78	0.84	0.78	0.68	0.6	0.8	0.78	0.74	0.7	0.64	0.72	0.74	0.78	0.8	0.62	0.78
12200	0.82	0.78	0.78	0.66	0.6	0.8	0.8	0.76	0.72	0.72	0.72	0.78	0.8	0.8	0.66	0.78
12250	0.84	0.78	0.76	0.68	0.62	0.8	0.8	0.8	0.72	0.72	0.74	0.74	0.8	0.82	0.7	0.78
12300	0.76	0.76	0.8	0.7	0.62	0.76	0.76	0.82	0.74	0.72	0.7	0.76	0.82	0.84	0.7	0.82
12350	0.78	0.72	0.76	0.68	0.62	0.76	0.74	0.86	0.74	0.76	0.72	0.76	0.82	0.84	0.74	0.84
12400	0.82	0.76	0.76	0.7	0.64	0.74	0.76	0.86	0.74	0.78	0.74	0.76	0.82	0.8	0.76	0.84
12450	0.8	0.82	0.74	0.72	0.68	0.72	0.74	0.88	0.74	0.78	0.74	0.74	0.86	0.78	0.78	0.86
12500	0.78	0.86	0.74	0.76	0.68	0.74	0.72	0.88	0.74	0.78	0.76	0.78	0.86	0.78	0.78	0.86
12550	0.68	0.86	0.72	0.74	0.72	0.74	0.74	0.86	0.74	0.74	0.78	0.76	0.86	0.76	0.76	0.86
12600	0.8	0.86	0.72	0.76	0.68	0.72	0.72	0.86	0.76	0.74	0.78	0.78	0.88	0.76	0.78	0.82
12650	0.7	0.84	0.72	0.76	0.68	0.72	0.72	0.82	0.76	0.76	0.8	0.78	0.88	0.76	0.78	0.78
12700	0.88	0.84	0.7	0.76	0.72	0.72	0.72	0.84	0.8	0.82	0.8	0.78	0.88	0.76	0.78	0.78
12750	0.88	0.84	0.72	0.76	0.74	0.74	0.74	0.84	0.8	0.8	0.82	0.78	0.88	0.74	0.8	0.78
12800	0.66	0.84	0.68	0.78	0.76	0.72	0.74	0.86	0.82	0.8	0.82	0.8	0.84	0.74	0.8	0.76
12850	0.74	0.82	0.68	0.78	0.74	0.72	0.74	0.82	0.8	0.8	0.82	0.76	0.82	0.76	0.82	0.74
12900	0.66	0.82	0.72	0.78	0.76	0.7	0.7	0.82	0.8	0.76	0.8	0.74	0.84	0.76	0.8	0.7
12950	0.64	0.8	0.7	0.8	0.74	0.74	0.74	0.8	0.76	0.72	0.8	0.74	0.84	0.74	0.76	0.68
13000	0.7	0.8	0.66	0.82	0.74	0.74	0.74	0.82	0.78	0.66	0.82	0.7	0.84	0.74	0.76	0.68
13050	0.76	0.78	0.68	0.82	0.76	0.74	0.74	0.82	0.8	0.66	0.78	0.7	0.8	0.74	0.8	0.7
13100	0.78	0.76	0.72	0.8	0.72	0.74	0.74	0.8	0.8	0.66	0.78	0.7	0.82	0.76	0.86	0.68
13150	0.76	0.76	0.74	0.78	0.7	0.74	0.74	0.8	0.78	0.64	0.8	0.72	0.82	0.74	0.88	0.66
13200	0.74	0.72	0.76	0.78	0.7	0.74	0.74	0.78	0.82	0.68	0.8	0.72	0.8	0.72	0.88	0.66
13250	0.8	0.72	0.76	0.78	0.7	0.76	0.72	0.78	0.8	0.7	0.8	0.74	0.8	0.72	0.88	0.72
13300	0.8	0.72	0.76	0.78	0.7	0.76	0.72	0.78	0.8	0.7	0.76	0.76	0.8	0.72	0.84	0.74
13350	0.72	0.7	0.74	0.82	0.7	0.74	0.7	0.78	0.8	0.72	0.72	0.76	0.8	0.72	0.84	0.74
13400	0.72	0.7	0.74	0.8	0.68	0.74	0.66	0.82	0.8	0.7	0.72	0.78	0.76	0.7	0.84	0.72
13450	0.84	0.72	0.74	0.78	0.7	0.74	0.66	0.78	0.82	0.7	0.72	0.78	0.76	0.68	0.84	0.76
13500	0.8	0.72	0.76	0.78	0.7	0.72	0.66	0.8	0.84	0.66	0.72	0.8	0.76	0.7	0.82	0.78
13550	0.82	0.72	0.76	0.8	0.7	0.72	0.66	0.8	0.82	0.66	0.74	0.84	0.76	0.72	0.84	0.8
13600	0.76	0.72	0.78	0.78	0.7	0.7	0.66	0.84	0.8	0.64	0.76	0.78	0.76	0.74	0.84	0.8
13650	0.72	0.7	0.78	0.78	0.74	0.7	0.66	0.86	0.78	0.7	0.74	0.8	0.74	0.78	0.84	0.8
13700	0.68	0.7	0.78	0.78	0.74	0.72	0.62	0.84	0.78	0.78	0.76	0.78	0.74	0.78	0.84	0.8
13750	0.72	0.72	0.76	0.76	0.72	0.74	0.6	0.84	0.78	0.8	0.74	0.76	0.74	0.8	0.84	0.8
13800	0.76	0.7	0.84	0.74	0.74	0.76	0.6	0.84	0.78	0.8	0.7	0.76	0.7	0.78	0.82	0.8
13850	0.72	0.74	0.82	0.76	0.74	0.74	0.6	0.84	0.74	0.8	0.66	0.76	0.72	0.82	0.82	0.78
13900	0.84	0.74	0.82	0.76	0.76	0.74	0.64	0.86	0.74	0.8	0.64	0.78	0.74	0.82	0.8	0.76
13950	0.82	0.76	0.82	0.78	0.78	0.78	0.62	0.86	0.72	0.82	0.66	0.78	0.76	0.82	0.72	0.78
14000	0.7	0.76	0.82	0.8	0.8	0.76	0.62	0.84	0.72	0.8	0.64	0.78	0.74	0.84	0.72	0.76
14050	0.78	0.76	0.84	0.8	0.84	0.76	0.64	0.84	0.72	0.8	0.68	0.78	0.74	0.8	0.7	0.72
14100	0.76	0.76	0.86	0.8	0.84	0.76	0.62	0.86	0.72	0.78	0.7	0.76	0.74	0.8	0.72	0.72
14150	0.82	0.72	0.88	0.78	0.84	0.76	0.66	0.84	0.72	0.84	0.7	0.76	0.74	0.8	0.72	0.7
14200	0.7	0.76	0.88	0.78	0.82	0.76	0.66	0.82	0.7	0.84	0.72	0.76	0.72	0.76	0.74	0.68
14250	0.8	0.72	0.88	0.8	0.82	0.82	0.64	0.86	0.72	0.84	0.7	0.74	0.7	0.74	0.74	0.68
14300	0.84	0.7	0.88	0.8	0.82	0.78	0.64	0.86	0.76	0.84	0.7	0.82	0.7	0.74	0.74	0.7
14350	0.76	0.7	0.88	0.8	0.84	0.78	0.64	0.86	0.8	0.8	0.68	0.84	0.7	0.76	0.74	0.7
14400	0.78	0.68	0.86	0.82	0.82	0.78	0.64	0.86	0.8	0.78	0.7	0.86	0.7	0.76	0.76	0.68
14450	0.78	0.7	0.9	0.78	0.86	0.74	0.62	0.82	0.8	0.76	0.72	0.86	0.7	0.76	0.76	0.72
14500	0.66	0.76	0.92	0.78	0.84	0.7	0.64	0.76	0.82	0.74	0.74	0.86	0.7	0.76	0.76	0.72
14550	0.78	0.76	0.92	0.76	0.84	0.7	0.66	0.76	0.82	0.7	0.76	0.86	0.76	0.76	0.76	0.72
14600	0.88	0.76	0.92	0.76	0.86	0.7	0.7	0.76	0.86	0.68	0.78	0.86	0.76	0.78	0.78	0.72
14650	0.8	0.76	0.9	0.76	0.86	0.7	0.72	0.78	0.84	0.68	0.78	0.84	0.76	0.78	0.74	0.74
14700	0.8	0.74	0.92	0.72	0.82	0.68	0.7	0.78	0.84	0.68	0.78	0.84	0.78	0.84	0.76	0.76
14750	0.72	0.72	0.92	0.72	0.8	0.72	0.7	0.76	0.86	0.64	0.78	0.84	0.78	0.84	0.78	0.74
14800	0.78	0.72	0.9	0.68	0.82	0.7	0.76	0.76	0.86	0.62	0.78	0.86	0.78	0.84	0.8	0.76
14850	0.78	0.74	0.88	0.68	0.78	0.7	0.74	0.74	0.84	0.66	0.82	0.88	0.76	0.86	0.76	0.76
14900	0.78	0.74	0.86	0.66	0.8	0.7	0.8	0.74	0.86	0.64	0.78	0.86	0.78	0.9	0.8	0.8
14950	0.76	0.78	0.84	0.68	0.78	0.7	0.8	0.72	0.82	0.64	0.74	0.86	0.78	0.92	0.8	0.8
15000	0.64	0.78	0.84	0.66	0.78	0.68	0.82	0.66	0.78	0.62	0.74	0.86	0.76	0.9	0.82	0.82
15050	0.82	0.8	0.84	0.62	0.76	0.7	0.8	0.68	0.8	0.64	0.74	0.86	0.78	0.9	0.82	0.82
15100	0.72	0.8	0.8	0.64	0.76	0.76	0.82	0.7	0.8	0.58	0.74	0.84	0.82	0.9	0.78	0.82
15150	0.74	0.82	0.8	0.62	0.76	0.8	0.8	0.72	0.8	0.64	0.74	0.8	0.82	0.9	0.74	0.78
15200	0.82	0.84	0.78	0.6	0.74	0.8	0.78	0.72	0.82	0.7	0.74	0.8	0.86	0.92	0.72	0.8
15250	0.8	0.84	0.78	0.6	0.7	0.78	0.78	0.74	0.82	0.74	0.74	0.8	0.86	0.94	0.72	0.8
15300	0.7	0.82	0.78	0.6	0.7	0.78	0.72	0.74	0.82	0.74	0.68	0.8	0.86	0.94	0.7	0.82
15350	0.78	0.84	0.78	0.62	0.74	0.78	0.7	0.74	0.8	0.76	0.7	0.8	0.86	0.94	0.66	0.82
15400	0.74	0.86	0.76	0.6	0.74	0.78	0.7	0.72	0.8	0.78	0.68	0.82	0.84	0.94	0.68	0.78
15450	0.78	0.84	0.76	0.6	0.76	0.78	0.68	0.72	0.78	0.8	0.68	0.84	0.84	0.9	0.68	0.78
15500	0.74	0.86	0.76	0.58	0.72	0.8	0.7	0.74	0.8	0.78	0.68	0.86	0.82	0.88	0.68	0.78
15550	0.72	0.88	0.74	0.56	0.74	0.76	0.68	0.78	0.78	0.76	0.68	0.86	0.8	0.86	0.7	0.82
15600	0.8	0.86	0.76	0.56	0.76	0.74	0.68	0.78	0.76	0.78	0.66	0.86	0.82	0.86	0.72	0.8
15650	0.68	0.86	0.76	0.6	0.76	0.74	0.68	0.78	0.78	0.74	0.68	0.82	0.84	0.82	0.74	0.74
15700	0.64	0.88	0.76	0.6	0.78	0.76	0.62	0.78	0.76	0.72	0.68	0.82	0.82	0.82	0.74	0.68
15750	0.74	0.88	0.74	0.62	0.78	0.74	0.64	0.76	0.74	0.72	0.7	0.82	0.82	0.8	0.74	0.68
15800	0.76	0.88	0.76	0.62	0.74	0.76	0.62	0.76	0.72	0.72	0.7	0.82	0.84	0.8	0.76	0.7
15850	0.78	0.86	0.8	0.6	0.76	0.76	0.62	0.78	0.76	0.74	0.68	0.86	0.82	0.78	0.82	0.7
15900	0.84	0.82	0.82	0.62	0.76	0.76	0.62	0.78	0.78	0.74	0.66	0.86	0.82	0.78	0.82	0.66
15950	0.76	0.82	0.84	0.64	0.82	0.76	0.62	0.76	0.76	0.72	0.66	0.86	0.8	0.78	0.82	0.62
16000	0.72	0.82	0.84	0.64	0.76	0.76	0.62	0.76	0.76	0.72	0.66	0.88	0.74	0.76	0.82	0.62
16050	0.64	0.8	0.82	0.62	0.72	0.76	0.62	0.74	0.76	0.66	0.66	0.88	0.74	0.74	0.84	0.64
16100	0.82	0.8	0.82	0.64	0.74	0.78	0.62	0.74	0.78	0.66	0.7	0.86	0.78	0.74	0.82	0.62
16150	0.74	0.78	0.82	0.68	0.7	0.78	0.64	0.74	0.78	0.64	0.7	0.86	0.78	0.72	0.84	0.64
16200	0.7	0.82	0.8	0.68	0.72	0.76	0.64	0.76	0.78	0.64	0.64	0.86	0.78	0.7	0.84	0.6
16250	0.66	0.8	0.78	0.7	0.7	0.74	0.66	0.74	0.78	0.6	0.66	0.84	0.8	0.72	0.86	0.62
16300	0.82	0.82	0.8	0.74	0.68	0.74	0.7	0.72	0.78	0.64	0.66	0.82	0.82	0.72	0.84	0.66
16350	0.66	0.82	0.8	0.7	0.74	0.76	0.66	0.68	0.78	0.64	0.66	0.8	0.82	0.74	0.82	0.66
16400	0.7	0.78	0.82	0.68	0.76	0.72	0.68	0.68	0.76	0.62	0.68	0.82	0.82	0.76	0.8	0.7
16450	0.76	0.78	0.82	0.64	0.74	0.72	0.68	0.66	0.78	0.64	0.68	0.82	0.82	0.78	0.8	0.72
16500	0.7	0.78	0.82	0.6	0.74	0.72	0.68	0.68	0.74	0.64	0.72	0.8	0.82	0.78	0.78	0.74
16550	0.74	0.8	0.84	0.56	0.74	0.68	0.68	0.68	0.74	0.62	0.72	0.8	0.8	0.8	0.78	0.76
16600	0.8	0.82	0.86	0.56	0.76	0.64	0.72	0.68	0.74	0.64	0.72	0.76	0.82	0.8	0.78	0.74
16650	0.72	0.82	0.84	0.54	0.76	0.66	0.68	0.68	0.74	0.7	0.76	0.76	0.82	0.8	0.78	0.76
16700	0.78	0.86	0.82	0.58	0.76	0.66	0.68	0.66	0.76	0.7	0.74	0.76	0.82	0.82	0.76	0.78
16750	0.7	0.86	0.8	0.56	0.8	0.64	0.62	0.68	0.72	0.68	0.78	0.76	0.82	0.82	0.74	0.78
16800	0.74	0.86	0.8	0.54	0.8	0.68	0.6	0.68	0.74	0.64	0.8	0.76	0.82	0.82	0.78	0.78
16850	0.68	0.86	0.8	0.56	0.78	0.66	0.6	0.68	0.74	0.62	0.78	0.74	0.82	0.78	0.78	0.8
16900	0.76	0.86	0.78	0.54	0.82	0.66	0.6	0.68	0.74	0.66	0.8	0.74	0.78	0.78	0.82	0.78
16950	0.82	0.88	0.8	0.52	0.82	0.66	0.62	0.68	0.72	0.68	0.82	0.74	0.76	0.78	0.78	0.8
17000	0.72	0.88	0.8	0.52	0.84	0.72	0.62	0.68	0.7	0.66	0.8	0.72	0.76	0.78	0.76	0.78
17050	0.86	0.9	0.8	0.52	0.86	0.72	0.62	0.68	0.72	0.68	0.8	0.76	0.76	0.8	0.8	0.78
17100	0.78	0.92	0.78	0.5	0.84	0.74	0.64	0.74	0.72	0.68	0.78	0.78	0.76	0.82	0.78	0.78
17150	0.86	0.94	0.82	0.52	0.86	0.74	0.62	0.74	0.76	0.68	0.78	0.76	0.78	0.84	0.84	0.78
17200	0.76	0.88	0.82	0.54	0.88	0.74	0.62	0.74	0.78	0.7	0.76	0.76	0.8	0.84	0.84	0.78
17250	0.74	0.88	0.82	0.52	0.86	0.72	0.62	0.78	0.8	0.7	0.76	0.72	0.82	0.82	0.84	0.76
17300	0.64	0.9	0.78	0.5	0.86	0.72	0.64	0.78	0.8	0.66	0.76	0.72	0.82	0.82	0.8	0.78
17350	0.82	0.9	0.76	0.54	0.86	0.74	0.66	0.82	0.84	0.62	0.78	0.74	0.82	0.8	0.8	0.78
17400	0.8	0.9	0.8	0.54	0.82	0.76	0.66	0.78	0.8	0.62	0.78	0.74	0.86	0.82	0.84	0.78
17450	0.76	0.88	0.78	0.54	0.84	0.74	0.64	0.78	0.82	0.66	0.8	0.76	0.88	0.82	0.84	0.74
17500	0.72	0.84	0.78	0.58	0.82	0.7	0.64	0.78	0.82	0.7	0.8	0.72	0.9	0.82	0.84	0.74
17550	0.64	0.84	0.78	0.6	0.84	0.7	0.6	0.8	0.8	0.72	0.78	0.72	0.88	0.82	0.8	0.72
17600	0.62	0.82	0.76	0.62	0.8	0.68	0.6	0.78	0.84	0.7	0.76	0.72	0.88	0.82	0.78	0.72
17650	0.66	0.82	0.76	0.66	0.76	0.66	0.58	0.78	0.82	0.7	0.74	0.7	0.88	0.82	0.78	0.7
17700	0.78	0.82	0.76	0.66	0.76	0.68	0.6	0.76	0.8	0.74	0.74	0.7	0.9	0.86	0.78	0.7
17750	0.66	0.82	0.78	0.66	0.76	0.66	0.58	0.74	0.8	0.74	0.74	0.68	0.88	0.82	0.76	0.68
17800	0.74	0.82	0.78	0.72	0.72	0.64	0.6	0.72	0.74	0.76	0.74	0.7	0.86	0.82	0.76	0.68
17850	0.68	0.78	0.74	0.72	0.68	0.62	0.56	0.7	0.74	0.78	0.72	0.7	0.86	0.84	0.76	0.7
17900	0.82	0.78	0.74	0.76	0.66	0.68	0.6	0.64	0.72	0.8	0.7	0.66	0.86	0.82	0.76	0.72
17950	0.7	0.82	0.72	0.78	0.68	0.66	0.58	0.62	0.72	0.78	0.72	0.66	0.84	0.84	0.8	0.72
18000	0.6	0.8	0.72	0.78	0.64	0.66	0.58	0.6	0.7	0.76	0.74	0.64	0.82	0.82	0.78	0.68
18050	0.64	0.8	0.72	0.8	0.66	0.64	0.6	0.64	0.64	0.78	0.7	0.62	0.78	0.78	0.78	0.66
18100	0.86	0.8	0.72	0.8	0.66	0.7	0.6	0.64	0.62	0.82	0.72	0.62	0.78	0.8	0.76	0.66
18150	0.76	0.8	0.68	0.8	0.66	0.68	0.6	0.68	0.62	0.86	0.72	0.64	0.78	0.76	0.78	0.66
18200	0.8	0.8	0.66	0.8	0.7	0.7	0.62	0.66	0.64	0.86	0.72	0.64	0.76	0.74	0.72	0.68
18250	0.78	0.8	0.66	0.82	0.72	0.72	0.66	0.66	0.64	0.82	0.7	0.64	0.76	0.76	0.74	0.7
18300	0.9	0.82	0.66	0.84	0.74	0.72	0.66	0.66	0.68	0.82	0.76	0.64	0.8	0.76	0.76	0.74
18350	0.74	0.84	0.62	0.84	0.8	0.74	0.68	0.68	0.68	0.78	0.76	0.66	0.78	0.8	0.76	0.76
18400	0.76	0.84	0.58	0.84	0.82	0.74	0.7	0.68	0.68	0.82	0.74	0.66	0.78	0.8	0.76	0.78
18450	0.88	0.86	0.58	0.82	0.84	0.76	0.72	0.72	0.72	0.82	0.76	0.66	0.8	0.82	0.78	0.76
18500	0.7	0.84	0.58	0.82	0.86	0.74	0.7	0.72	0.72	0.82	0.74	0.66	0.8	0.8	0.8	0.74
18550	0.7	0.82	0.56	0.82	0.92	0.7	0.7	0.72	0.68	0.82	0.72	0.68	0.8	0.78	0.84	0.72
18600	0.76	0.8	0.6	0.82	0.92	0.66	0.74	0.72	0.72	0.78	0.74	0.66	0.78	0.78	0.84	0.72
18650	0.64	0.82	0.58	0.82	0.86	0.66	0.72	0.74	0.68	0.78	0.74	0.68	0.78	0.76	0.82	0.74
18700	0.76	0.82	0.58	0.82	0.86	0.66	0.72	0.78	0.68	0.82	0.76	0.7	0.8	0.78	0.82	0.7
18750	0.68	0.82	0.56	0.8	0.84	0.66	0.72	0.76	0.68	0.78	0.74	0.72	0.76	0.8	0.84	0.7
18800	0.68	0.82	0.58	0.8	0.82	0.7	0.74	0.76	0.66	0.74	0.74	0.7	0.76	0.8	0.84	0.72
18850	0.66	0.8	0.62	0.8	0.78	0.7	0.72	0.72	0.66	0.74	0.72	0.72	0.74	0.82	0.84	0.72
18900	0.66	0.8	0.62	0.78	0.78	0.66	0.66	0.7	0.64	0.7	0.68	0.74	0.74	0.84	0.86	0.74
18950	0.74	0.78	0.62	0.74	0.74	0.68	0.66	0.72	0.66	0.7	0.62	0.76	0.74	0.84	0.86	0.78
19000	0.74	0.76	0.66	0.74	0.74	0.66	0.66	0.72	0.66	0.7	0.6	0.8	0.74	0.86	0.86	0.74
19050	0.68	0.76	0.68	0.76	0.74	0.66	0.68	0.64	0.66	0.76	0.62	0.8	0.68	0.86	0.84	0.74
19100	0.68	0.76	0.66	0.78	0.74	0.66	0.66	0.64	0.68	0.76	0.6	0.78	0.66	0.88	0.82	0.7
19150	0.76	0.78	0.66	0.78	0.72	0.66	0.68	0.64	0.66	0.76	0.62	0.8	0.66	0.88	0.82	0.7
19200	0.72	0.78	0.66	0.74	0.72	0.62	0.68	0.64	0.68	0.76	0.62	0.76	0.66	0.88	0.82	0.7
19250	0.8	0.78	0.66	0.76	0.72	0.66	0.66	0.64	0.68	0.76	0.62	0.76	0.66	0.88	0.84	0.68
19300	0.74	0.74	0.62	0.8	0.76	0.64	0.64	0.66	0.66	0.78	0.64	0.78	0.66	0.88	0.76	0.7
19350	0.72	0.76	0.6	0.8	0.78	0.68	0.64	0.68	0.64	0.78	0.66	0.78	0.66	0.88	0.76	0.7
19400	0.8	0.78	0.62	0.76	0.78	0.68	0.62	0.72	0.64	0.78	0.66	0.76	0.68	0.88	0.78	0.68
19450	0.8	0.78	0.66	0.74	0.8	0.7	0.64	0.72	0.66	0.76	0.66	0.76	0.68	0.94	0.76	0.7
19500	0.72	0.78	0.66	0.76	0.8	0.68	0.64	0.74	0.68	0.72	0.66	0.74	0.68	0.92	0.7	0.7
19550	0.76	0.78	0.66	0.74	0.78	0.68	0.64	0.74	0.68	0.7	0.66	0.78	0.68	0.9	0.72	0.72
19600	0.82	0.84	0.66	0.74	0.78	0.68	0.66	0.74	0.68	0.72	0.64	0.76	0.7	0.88	0.72	0.76
19650	0.8	0.82	0.68	0.76	0.82	0.74	0.68	0.74	0.68	0.72	0.64	0.76	0.7	0.86	0.74	0.76
19700	0.76	0.84	0.68	0.76	0.82	0.72	0.68	0.74	0.72	0.74	0.68	0.72	0.72	0.84	0.78	0.78
19750	0.82	0.82	0.68	0.76	0.84	0.72	0.68	0.74	0.76	0.76	0.7	0.72	0.74	0.84	0.78	0.78
19800	0.78	0.82	0.7	0.72	0.84	0.78	0.66	0.76	0.78	0.76	0.72	0.7	0.7	0.84	0.8	0.78
19850	0.76	0.84	0.68	0.74	0.86	0.78	0.66	0.82	0.78	0.76	0.72	0.76	0.68	0.84	0.78	0.82
19900	0.74	0.82	0.7	0.74	0.86	0.8	0.64	0.82	0.76	0.74	0.74	0.74	0.7	0.86	0.78	0.8
19950	0.8	0.84	0.72	0.76	0.86	0.8	0.62	0.78	0.76	0.72	0.74	0.72	0.72	0.86	0.8	0.84
20000	0.86	0.82	0.72	0.74	0.84	0.82	0.64	0.78	0.78	0.72	0.76	0.72	0.72	0.86	0.82	0.86
