0	0	0	0	0	0	0	0	0	0	0	0	0	0	0	0	0	0
50	8	1	3	3	4	1	1	1	2	2	5	1	1	1	2	2	11
100	11	5	4	5	5	3	3	3	3	4	6	3	1	1	3	3	23
150	11	5	5	6	6	4	4	5	5	6	6	4	3	2	6	4	25
200	11	5	5	7	6	4	5	5	6	6	6	4	4	3	6	4	30
250	11	6	5	9	7	5	6	5	6	7	6	7	5	5	6	4	33
300	12	7	6	9	7	5	6	5	6	8	6	7	5	7	6	4	35
350	15	8	6	9	7	8	7	6	6	8	6	7	5	7	6	5	40
400	17	8	6	10	8	9	8	7	8	8	6	7	5	8	7	5	45
450	19	8	6	10	8	9	9	7	8	9	6	7	5	9	7	5	49
500	19	8	6	10	8	10	9	8	8	10	6	7	6	9	7	5	52
550	19	8	6	10	9	10	9	8	8	11	6	7	6	10	8	5	52
600	19	8	6	10	9	10	9	8	8	11	7	7	7	10	8	7	50
650	18	8	7	10	9	10	9	8	8	11	7	8	7	10	9	7	50
700	18	8	8	10	9	10	10	8	10	11	7	8	7	10	9	8	53
750	18	9	8	10	9	10	10	8	10	11	7	8	7	10	9	8	53
800	18	9	8	10	9	11	10	8	10	11	7	8	7	10	9	9	52
850	18	9	8	10	9	11	10	8	10	12	9	8	8	10	9	9	50
900	18	10	10	11	9	11	10	9	11	12	9	8	8	10	9	9	53
950	18	10	10	11	9	11	10	9	11	12	9	8	8	10	9	9	52
1000	18	10	10	11	10	11	10	9	11	12	9	8	8	10	9	9	53
1050	18	11	10	11	11	11	11	9	11	12	9	8	9	11	9	9	55
1100	18	11	10	11	11	11	11	9	11	12	9	8	9	11	9	9	57
1150	18	12	10	11	11	11	12	9	11	12	9	8	9	11	9	9	59
1200	18	12	10	12	11	11	12	9	11	12	9	9	9	11	9	9	57
1250	18	12	10	12	11	11	12	9	11	12	9	9	9	11	9	9	57
1300	18	12	10	13	11	11	12	9	11	13	10	9	9	11	9	9	58
1350	18	12	10	13	11	11	12	9	11	13	10	9	9	11	9	9	59
1400	18	12	10	13	11	11	12	9	12	13	10	9	9	11	9	9	59
1450	18	12	10	13	11	11	12	9	12	13	10	9	10	11	9	9	59
1500	18	12	10	13	11	11	12	9	13	13	10	9	10	11	9	10	60
1550	18	12	10	13	11	11	13	9	13	13	10	9	10	11	9	10	61
1600	18	12	10	13	11	11	13	9	13	13	10	9	10	11	9	10	61
1650	18	12	10	13	11	11	13	9	13	13	10	9	11	11	9	10	60
1700	18	12	10	13	11	11	13	9	13	13	10	9	11	11	10	10	61
1750	18	12	10	14	11	11	13	9	13	13	10	9	11	11	10	10	62
1800	18	12	10	14	11	11	13	9	13	13	10	9	12	11	10	10	62
1850	18	12	10	14	11	11	14	9	13	13	11	9	12	11	10	10	62
1900	18	13	10	14	11	11	14	9	13	13	11	9	12	11	10	10	62
1950	18	13	10	14	11	11	14	9	13	13	11	9	12	11	10	11	63
2000	18	13	10	14	11	11	14	9	13	13	11	9	12	11	10	11	64
2050	18	13	10	14	11	11	14	9	14	13	11	9	12	11	10	11	65
2100	18	13	10	14	11	11	14	9	14	13	11	9	12	11	11	11	64
2150	18	13	10	14	11	11	14	9	14	13	11	9	12	11	11	11	63
2200	18	13	10	14	11	11	14	9	14	13	11	9	12	11	11	11	62
2250	18	13	10	14	11	11	14	9	14	13	11	9	12	11	11	11	63
2300	18	13	10	14	11	11	14	10	14	13	11	9	12	11	11	11	63
2350	19	13	10	14	11	11	14	10	14	13	13	9	12	11	11	11	64
2400	21	13	10	14	11	11	14	10	14	13	13	9	12	11	11	11	66
2450	21	13	10	14	11	11	14	10	14	13	14	9	12	11	11	11	67
2500	21	13	10	14	11	11	14	11	14	13	14	9	12	11	11	11	67
2550	21	13	10	14	11	11	14	11	14	13	14	9	12	11	11	11	67
2600	22	13	10	14	11	11	14	11	14	13	14	9	12	11	11	11	67
2650	22	13	10	14	11	11	14	11	14	13	14	9	12	11	11	11	67
2700	22	13	10	14	11	11	14	11	14	13	14	9	12	11	11	11	68
2750	22	13	10	14	11	11	14	11	14	13	15	9	12	11	11	11	70
2800	22	13	10	14	11	11	14	11	14	13	16	9	12	11	11	11	71
2850	22	13	10	14	11	11	14	11	14	13	16	9	12	11	11	11	71
2900	22	13	10	14	11	11	14	12	14	13	16	9	12	11	11	11	71
2950	22	13	10	14	11	11	14	12	14	13	16	9	12	11	11	11	71
3000	22	13	10	14	11	11	14	12	14	13	16	9	12	11	11	11	69
3050	22	13	10	14	11	11	14	13	14	13	16	9	12	11	11	11	71
3100	21	13	10	14	11	11	14	13	14	13	16	9	12	11	11	11	70
3150	21	13	10	14	11	11	14	13	14	13	16	9	12	11	11	11	72
3200	21	13	10	14	11	11	14	13	14	13	16	9	12	11	11	11	71
3250	21	13	10	14	11	11	14	13	14	13	16	9	12	12	11	11	70
3300	21	13	10	14	11	11	14	13	14	13	16	9	12	12	11	11	70
3350	21	13	10	14	12	11	14	13	14	13	16	9	12	12	11	11	71
3400	21	13	10	14	12	11	14	13	14	13	16	9	12	13	11	11	72
3450	21	13	10	14	13	11	14	13	14	13	16	9	12	13	11	11	73
3500	21	13	10	14	13	11	14	13	14	13	18	9	12	12	11	11	75
3550	21	13	10	14	13	11	14	13	14	13	18	9	12	12	11	11	75
3600	21	13	10	14	13	11	14	13	14	13	18	9	12	12	11	11	72
3650	21	13	10	14	15	12	14	13	14	13	18	9	12	12	11	11	75
3700	21	13	10	14	15	12	14	14	14	13	18	9	12	12	11	11	74
3750	21	13	10	14	15	12	14	14	14	13	18	9	12	12	11	11	74
3800	21	13	10	14	16	12	14	14	14	13	18	9	12	12	11	11	75
3850	21	13	10	14	16	12	14	14	14	13	18	9	12	12	11	11	74
3900	21	13	10	14	16	12	14	14	14	13	18	9	12	13	11	11	75
3950	21	13	10	14	16	12	14	15	14	13	18	9	12	13	11	11	76
4000	21	13	10	14	16	12	14	15	14	13	18	9	12	13	11	11	76
4050	21	13	10	14	16	12	14	15	14	13	18	9	12	13	11	11	76
4100	21	13	10	14	16	12	14	15	14	13	18	9	12	14	11	11	76
4150	21	13	10	14	16	12	14	15	14	13	19	9	12	14	11	11	76
4200	21	13	10	14	16	12	14	15	14	13	19	9	12	15	11	11	77
4250	21	13	10	14	16	12	14	15	14	13	19	9	12	15	11	11	77
4300	21	13	10	14	16	12	14	15	14	13	19	9	12	14	11	11	76
4350	22	14	10	14	16	12	14	15	14	13	19	9	12	14	11	11	76
4400	22	14	11	14	16	12	14	15	14	13	19	9	12	15	11	11	77
4450	22	14	11	15	16	12	14	15	14	13	20	10	12	15	11	11	78
4500	24	14	11	16	16	12	14	15	14	13	21	10	12	15	11	11	82
4550	26	14	11	17	16	12	14	15	14	13	21	10	12	15	10	11	85
4600	27	14	11	17	16	12	14	15	14	13	21	10	12	16	10	11	86
4650	28	14	11	17	16	12	14	15	14	13	22	10	12	16	10	11	88
4700	28	14	11	17	16	12	14	15	14	13	22	11	12	16	10	11	89
4750	28	14	11	17	16	12	14	15	14	13	23	11	12	16	10	11	89
4800	27	14	11	17	16	12	14	15	14	13	23	11	12	16	10	11	89
4850	25	14	11	17	16	12	14	15	14	13	23	11	12	16	10	11	88
4900	25	14	11	17	15	12	14	15	14	13	23	11	12	16	10	11	88
4950	24	14	11	17	15	12	14	15	14	13	23	11	12	16	10	11	87
5000	23	15	11	17	15	12	14	15	14	13	23	11	12	16	10	11	86
5050	23	15	11	17	15	12	14	15	14	13	23	11	12	16	10	11	87
5100	23	15	11	17	15	12	14	14	14	13	23	11	12	16	10	11	87
5150	23	15	11	17	15	12	14	14	14	13	23	11	12	17	10	11	88
5200	23	15	11	17	15	12	14	14	14	13	23	11	12	17	10	11	88
5250	23	15	11	17	15	12	14	14	14	13	23	11	12	17	10	12	88
5300	23	15	11	17	15	12	14	14	14	13	23	11	12	17	10	13	89
5350	23	15	11	17	15	12	14	14	14	13	23	12	12	17	10	11	88
5400	23	15	11	17	15	12	14	14	14	13	23	13	12	17	10	11	89
5450	23	15	11	17	15	12	14	14	14	13	23	13	12	17	10	11	89
5500	22	15	11	17	15	12	14	14	14	13	23	14	12	17	10	11	90
5550	22	16	11	17	15	12	14	14	14	13	23	14	12	17	10	11	91
5600	22	16	11	17	15	12	14	14	14	13	23	14	12	17	10	12	91
5650	22	16	11	18	15	12	13	14	14	13	23	14	12	17	10	12	92
5700	22	16	11	18	15	12	13	14	14	13	23	14	12	18	10	12	93
5750	22	16	11	18	15	12	13	14	14	13	23	14	12	18	11	13	94
5800	23	16	11	18	15	12	13	14	14	13	24	14	12	18	11	13	95
5850	23	16	11	18	15	12	13	14	14	13	24	14	12	18	11	13	95
5900	23	16	11	18	15	12	13	14	14	13	24	14	12	18	11	14	96
5950	23	16	11	18	15	12	13	14	15	13	24	15	12	19	11	15	98
6000	23	16	11	18	15	12	14	14	16	13	24	15	12	19	11	16	99
6050	23	17	11	18	16	12	14	14	16	13	24	15	12	19	11	17	102
6100	23	17	11	18	16	12	14	14	16	13	24	15	12	19	11	17	102
6150	23	17	11	18	16	12	15	14	16	13	24	15	12	19	11	17	103
6200	22	17	11	18	16	12	16	15	16	13	24	16	12	19	11	17	104
6250	22	17	11	18	16	12	16	15	16	13	24	16	12	19	11	17	103
6300	22	17	11	18	16	12	16	15	18	13	24	16	12	19	11	17	106
6350	22	17	11	18	16	12	17	15	18	13	24	16	12	19	11	17	106
6400	22	17	11	18	16	12	17	16	19	13	24	16	12	19	11	17	106
6450	22	17	11	18	16	12	17	16	19	13	24	16	12	19	11	18	107
6500	22	17	11	18	17	12	17	16	20	13	24	16	12	19	11	18	108
6550	22	17	11	18	17	12	17	16	20	13	24	17	12	19	11	18	108
6600	22	17	11	18	16	12	17	16	21	13	24	17	12	19	11	18	107
6650	22	17	11	18	16	12	17	16	21	13	24	17	12	19	11	18	107
6700	22	17	11	18	17	12	17	17	22	13	24	17	12	19	11	18	111
6750	22	17	11	18	17	12	17	17	22	13	24	17	12	19	11	19	112
6800	21	17	11	18	16	12	17	17	22	13	24	17	12	19	11	21	112
6850	21	17	11	18	16	12	17	17	22	13	24	17	12	19	11	21	112
6900	21	17	11	18	16	12	17	17	22	13	24	17	12	19	11	21	114
6950	21	17	11	18	16	12	17	17	21	13	24	17	12	19	11	21	114
7000	21	17	11	18	16	12	17	17	21	13	24	17	12	19	11	21	112
7050	21	17	11	18	16	12	16	17	21	13	24	17	12	19	11	21	110
7100	21	17	11	18	16	12	16	17	22	13	24	18	12	19	12	21	111
7150	20	17	11	18	16	12	16	17	22	13	24	18	12	19	12	21	111
7200	20	17	11	18	18	12	16	17	22	13	24	19	12	19	12	21	113
7250	20	17	11	18	18	12	16	18	22	13	24	20	12	19	12	21	114
7300	20	17	11	18	19	12	16	18	22	13	24	20	12	19	12	21	114
7350	20	17	11	18	19	12	16	18	22	13	24	20	12	19	13	21	114
7400	20	17	11	18	20	12	16	18	22	13	24	20	12	19	13	21	115
7450	20	17	11	18	19	12	16	19	22	13	24	20	12	19	13	22	116
7500	20	17	11	18	20	12	16	20	22	13	24	20	12	19	13	21	116
7550	20	17	11	18	21	12	16	20	22	13	24	20	12	19	13	21	117
7600	20	17	11	18	23	12	16	20	22	13	24	20	12	19	13	21	117
7650	20	17	11	18	23	12	16	20	22	13	24	20	12	19	13	21	117
7700	20	17	11	18	23	12	16	20	23	13	24	20	12	19	14	21	119
7750	20	17	11	18	23	12	16	20	23	13	24	21	12	19	14	21	120
7800	20	17	11	18	22	12	16	20	23	13	24	21	12	19	14	21	120
7850	20	18	11	18	22	12	16	20	23	13	24	21	12	19	14	22	122
7900	20	18	11	18	22	12	16	20	23	13	24	22	12	19	14	22	123
7950	20	18	11	18	22	12	16	20	23	13	24	22	12	19	14	22	123
8000	20	18	11	18	23	12	16	20	23	13	24	22	12	19	14	22	124
8050	20	19	11	18	23	12	16	20	23	13	24	22	12	19	14	22	125
8100	20	19	11	18	23	12	16	20	23	13	24	22	12	19	14	22	125
8150	20	19	11	18	24	12	16	20	23	13	24	22	12	19	14	22	126
8200	20	19	11	18	24	12	16	20	23	13	24	22	12	19	14	22	126
8250	19	19	11	18	24	12	16	20	24	13	24	22	12	19	14	22	126
8300	19	20	11	18	24	12	16	20	24	13	24	22	12	19	15	22	126
8350	19	20	11	18	25	12	16	20	24	13	24	22	12	19	18	22	127
8400	19	20	11	18	25	13	16	20	24	13	24	22	12	19	18	22	128
8450	19	20	11	18	25	13	16	20	24	13	24	22	12	19	18	22	128
8500	19	20	11	18	25	12	16	20	24	13	24	22	12	19	18	22	127
8550	19	20	11	18	25	12	16	20	24	13	25	22	12	19	18	22	128
8600	19	20	11	18	25	12	16	20	24	13	25	22	12	19	18	22	128
8650	19	20	11	18	25	12	16	20	24	13	25	22	12	19	18	22	128
8700	19	20	11	18	25	12	16	20	24	13	25	22	12	19	19	22	129
8750	19	20	11	18	25	12	16	20	24	13	25	22	12	19	19	22	129
8800	19	20	11	18	25	12	16	20	24	13	25	23	12	19	19	22	129
8850	19	20	11	18	25	12	16	20	25	13	25	23	12	19	19	22	130
8900	19	20	11	18	25	13	16	20	25	13	25	23	12	18	19	22	130
8950	19	20	11	18	25	13	16	19	25	13	25	24	12	18	19	22	130
9000	19	20	11	18	25	13	16	19	25	13	25	24	12	18	19	22	131
9050	19	20	11	18	25	13	16	19	26	13	25	24	12	18	19	22	132
9100	19	20	11	18	25	13	16	19	26	13	25	24	12	18	19	22	133
9150	19	20	11	18	25	13	16	19	26	13	25	24	12	18	19	22	133
9200	19	20	11	18	25	13	16	18	26	13	25	24	12	18	19	22	133
9250	19	20	11	18	25	13	16	19	26	13	25	24	13	18	19	22	134
9300	19	20	11	18	25	13	16	19	26	13	25	23	13	18	19	22	135
9350	19	20	11	18	25	13	17	19	26	13	25	23	14	18	19	22	135
9400	19	20	11	18	25	13	17	19	26	13	25	23	14	18	19	22	136
9450	19	20	11	18	25	13	17	19	26	13	25	23	14	18	19	22	136
9500	19	20	11	18	25	13	17	19	26	13	25	23	14	18	19	22	137
9550	19	20	11	18	25	12	17	19	26	13	25	23	14	18	19	22	138
9600	19	20	11	18	25	12	17	19	25	13	25	23	14	18	19	22	137
9650	19	20	11	18	25	12	17	19	25	13	25	23	14	18	19	22	138
9700	19	20	11	18	25	12	17	19	25	13	25	23	14	18	19	22	138
9750	19	20	11	18	25	13	17	19	25	13	25	23	15	18	19	22	139
9800	19	19	11	18	25	13	17	19	25	13	25	23	15	18	19	22	139
9850	19	19	11	18	25	13	17	19	25	13	25	23	15	18	19	22	140
9900	19	19	11	18	25	13	17	19	25	13	25	23	15	18	19	22	140
9950	19	19	11	18	25	13	17	19	24	13	25	23	15	18	19	21	139
10000	19	19	11	18	25	13	18	19	25	13	25	23	15	18	19	21	140
10050	24	19	12	18	25	14	19	19	25	13	25	23	15	19	19	21	144
10100	31	19	12	19	26	14	20	19	27	15	25	23	16	19	20	22	155
10150	35	19	11	19	26	15	20	20	27	15	25	24	16	19	20	22	160
10200	36	20	11	21	26	16	20	20	28	16	25	24	16	20	20	22	160
10250	38	20	13	22	27	17	20	22	29	16	25	25	16	21	20	22	163
10300	37	20	13	22	28	17	20	22	29	16	25	28	16	21	20	22	165
10350	37	20	13	22	28	17	20	23	29	16	26	28	17	21	22	22	168
10400	35	21	13	22	28	17	20	23	29	16	26	28	17	21	23	22	169
10450	34	21	13	22	29	17	20	23	29	17	26	28	18	21	23	22	169
10500	33	22	14	22	30	17	21	23	29	17	26	28	18	21	23	22	167
10550	32	22	14	23	30	17	21	23	30	17	26	27	18	24	23	22	168
10600	29	23	16	23	31	17	21	23	30	17	26	27	19	24	23	22	169
10650	31	23	16	23	31	17	21	23	30	17	26	27	19	24	23	22	171
10700	32	23	16	24	31	17	21	23	30	17	26	27	19	24	23	22	171
10750	33	23	16	24	31	17	21	24	30	17	26	27	20	24	23	22	173
10800	33	24	17	24	31	18	22	24	30	17	26	28	21	24	23	22	179
10850	33	24	17	24	31	18	23	24	30	17	26	29	21	24	23	22	182
10900	35	24	17	24	31	19	23	24	30	17	26	29	22	24	23	22	188
10950	35	24	19	24	31	20	23	24	30	17	26	29	22	24	23	22	189
11000	37	24	19	24	31	20	24	24	30	18	26	29	23	24	23	22	188
11050	37	24	19	24	31	20	24	24	30	19	26	29	23	24	23	22	189
11100	36	24	19	24	31	21	24	24	30	19	27	29	23	26	23	22	192
11150	35	25	20	25	31	21	24	24	31	19	27	29	23	26	23	22	192
11200	35	27	20	25	32	21	24	24	31	19	27	29	23	26	23	22	194
11250	34	27	20	25	32	22	24	24	31	19	27	29	23	26	23	22	195
11300	32	27	21	25	32	22	24	24	31	19	27	29	23	26	23	22	195
11350	32	27	21	25	32	22	24	24	32	19	27	29	23	26	23	22	195
11400	32	27	21	25	32	22	24	24	33	19	27	29	23	27	23	22	197
11450	32	27	21	25	32	22	24	24	33	19	27	30	23	27	23	22	197
11500	32	27	21	25	32	22	24	24	33	19	27	30	23	27	23	22	194
11550	31	27	21	25	32	22	24	24	33	19	27	30	23	27	24	22	193
11600	30	27	21	25	32	22	24	24	33	19	27	30	23	27	24	22	192
11650	30	26	21	25	32	22	24	24	34	19	27	30	23	27	24	22	192
11700	29	26	21	25	32	22	24	24	35	19	27	30	23	27	24	22	192
11750	29	26	21	25	32	22	24	24	35	19	27	30	23	27	24	22	192
11800	29	26	21	25	32	22	24	24	35	19	27	30	23	28	24	22	192
11850	29	26	21	25	32	22	24	24	35	20	27	30	24	28	24	22	192
11900	29	26	21	25	32	22	23	24	35	20	27	30	24	28	24	22	191
11950	28	26	21	25	32	22	23	24	35	20	27	30	25	28	24	22	192
12000	30	26	21	25	33	22	23	24	35	20	27	30	25	28	24	22	192
12050	30	26	21	25	33	22	23	24	35	21	27	31	25	28	24	22	192
12100	30	26	21	25	33	22	23	24	35	21	27	31	25	28	24	22	192
12150	30	26	21	25	33	22	23	24	35	21	27	30	25	28	24	22	192
12200	30	26	21	25	33	22	23	24	35	21	27	30	25	28	24	22	191
12250	31	26	21	25	33	23	24	24	35	20	27	30	25	28	24	22	193
12300	32	26	21	25	33	23	24	24	35	20	27	30	25	28	25	22	194
12350	33	26	21	25	33	23	24	24	35	21	27	30	26	28	25	22	196
12400	32	26	21	25	33	23	24	24	35	21	27	30	26	28	25	23	195
12450	34	26	21	25	33	23	24	24	35	21	27	30	26	28	25	23	197
12500	35	26	21	25	33	23	24	24	35	22	27	30	26	28	25	23	199
12550	34	26	21	25	33	23	24	24	35	22	27	30	26	28	25	24	198
12600	33	26	21	25	33	23	24	24	35	22	27	30	26	28	25	24	197
12650	33	26	21	25	33	23	24	24	35	22	27	30	26	28	25	24	197
12700	33	26	21	25	34	23	24	24	35	23	27	30	26	28	24	24	198
12750	34	26	21	25	34	23	24	24	35	23	27	31	26	28	24	23	198
12800	34	26	21	25	34	23	24	24	35	23	27	31	26	28	24	23	198
12850	33	27	21	25	34	23	24	24	35	24	27	31	26	28	24	23	199
12900	31	27	21	25	34	23	24	24	35	24	27	31	26	28	24	24	197
12950	32	27	21	25	34	23	24	24	35	25	27	31	27	28	24	24	200
13000	31	27	21	25	34	23	24	24	35	25	27	31	28	28	25	25	203
13050	31	27	21	25	34	23	24	24	35	25	27	31	29	28	25	25	203
13100	30	27	21	25	34	23	24	24	35	25	27	31	29	28	26	25	204
13150	29	27	21	25	34	23	24	24	35	25	27	31	29	28	26	25	204
13200	29	27	21	25	34	23	24	24	35	25	27	31	29	28	26	26	206
13250	28	27	21	25	34	23	24	24	35	25	27	31	29	28	26	27	206
13300	27	28	21	25	34	23	24	24	35	25	27	31	29	28	26	27	204
13350	26	28	21	25	34	23	24	24	35	25	27	31	30	28	27	27	206
13400	27	28	21	25	34	23	24	24	35	25	27	31	30	28	27	28	207
13450	27	28	21	25	35	23	24	24	35	25	27	31	30	28	27	28	208
13500	25	28	21	25	35	23	24	24	35	25	27	32	30	28	27	28	207
13550	25	28	21	25	35	23	24	24	35	25	27	32	30	28	27	29	209
13600	24	28	21	25	35	23	24	24	35	25	27	33	30	28	28	29	212
13650	24	28	21	25	36	23	24	24	35	25	27	33	30	28	28	29	212
13700	24	28	21	25	36	23	24	24	35	25	27	33	30	28	28	29	212
13750	24	28	21	25	36	23	24	24	35	25	27	34	30	28	28	29	213
13800	23	29	21	25	36	23	24	24	35	25	27	35	31	28	28	29	213
13850	25	29	21	25	36	23	24	24	35	25	27	35	31	28	28	30	215
13900	28	29	21	25	36	23	24	24	35	25	27	35	31	28	29	30	218
13950	31	29	21	25	36	23	24	25	34	25	27	35	31	28	29	30	221
14000	31	29	21	25	36	23	24	25	34	25	27	35	31	28	29	30	221
14050	31	29	21	25	36	23	24	25	34	25	27	35	31	28	29	31	222
14100	30	30	21	25	36	23	24	25	34	25	27	35	31	28	29	31	222
14150	30	30	21	25	36	23	24	25	34	25	27	35	31	28	29	31	222
14200	30	30	21	25	36	23	24	25	34	25	27	35	31	28	29	31	221
14250	30	30	21	25	36	23	24	25	34	25	27	35	31	28	29	31	221
14300	29	30	21	25	36	23	24	25	33	25	27	35	31	28	29	31	220
14350	28	30	21	25	36	23	24	25	33	25	27	34	31	28	29	31	218
14400	28	30	21	25	36	23	24	25	33	25	28	34	31	28	29	31	218
14450	27	30	21	25	36	23	24	25	33	25	29	34	31	28	29	31	217
14500	26	30	21	25	36	23	24	25	33	25	29	34	31	28	29	31	217
14550	25	30	21	25	36	23	24	26	33	25	29	35	31	28	29	31	219
14600	25	30	21	25	36	23	24	26	33	25	29	35	31	28	29	31	218
14650	25	30	21	25	36	23	24	26	33	25	29	35	31	28	29	32	220
14700	24	30	21	25	36	23	24	26	33	25	30	35	31	28	29	32	220
14750	24	29	21	25	36	23	24	26	33	25	30	35	31	28	28	32	219
14800	23	29	21	25	36	23	24	26	33	25	30	35	31	28	28	32	218
14850	22	29	21	25	36	23	24	26	33	25	30	35	31	28	28	32	217
14900	21	29	21	25	36	23	24	26	33	25	30	35	31	28	28	32	217
14950	21	29	21	25	36	23	24	26	33	25	30	35	31	28	28	32	217
15000	21	29	21	25	36	23	24	26	33	25	30	35	32	28	28	32	216
15050	21	29	21	25	35	22	24	26	33	25	30	35	32	28	28	32	214
15100	21	29	21	25	35	22	24	26	33	25	31	35	32	28	28	32	213
15150	21	29	21	25	35	22	24	26	33	25	31	35	32	28	28	32	214
15200	21	29	21	25	35	22	25	26	33	25	31	34	32	28	28	32	213
15250	21	29	21	25	35	22	24	26	33	25	31	34	32	28	28	32	212
15300	21	29	21	25	35	22	24	27	33	25	31	34	32	28	28	32	212
15350	21	29	21	24	35	22	24	27	33	25	31	34	32	28	28	31	209
15400	23	29	21	24	35	22	25	27	33	25	31	34	32	28	28	31	211
15450	24	29	21	24	35	22	25	27	33	25	31	34	32	28	28	31	213
15500	26	29	21	24	35	22	25	27	33	25	31	34	32	28	28	31	215
15550	29	29	21	24	35	22	25	27	33	25	31	34	32	28	28	31	219
15600	29	29	21	24	35	22	25	27	33	25	31	34	32	28	28	31	219
15650	28	29	21	24	35	22	27	27	33	25	31	34	32	28	28	31	218
15700	29	29	21	24	35	22	27	27	33	25	31	34	32	28	28	31	218
15750	28	29	21	24	35	22	27	27	33	25	31	34	32	28	28	31	217
15800	28	29	21	24	35	22	27	26	33	25	31	34	32	28	28	31	216
15850	27	29	21	24	35	22	27	26	33	25	31	34	32	28	29	31	215
15900	27	29	21	24	35	22	27	26	33	25	31	34	32	28	30	30	214
15950	27	29	21	24	35	22	27	26	33	26	31	34	32	28	30	30	213
16000	26	29	21	24	35	22	27	26	33	26	31	34	32	28	30	30	211
16050	26	29	21	24	35	22	27	26	33	26	31	34	32	28	29	30	212
16100	26	29	21	24	35	22	27	26	33	26	31	34	32	28	29	30	212
16150	25	29	21	24	35	22	27	26	33	26	31	34	32	28	29	30	210
16200	25	29	21	24	35	22	27	26	33	26	31	34	32	28	29	30	210
16250	25	29	21	24	35	22	27	26	33	26	31	34	32	28	29	30	211
16300	25	29	21	25	35	22	27	26	33	26	31	34	32	28	29	30	211
16350	24	29	21	25	35	22	27	27	33	26	31	34	32	28	28	30	209
16400	23	29	21	25	35	22	27	27	33	26	31	34	32	28	29	30	210
16450	23	29	21	25	35	22	27	28	33	26	31	34	32	28	29	30	211
16500	23	29	21	25	35	22	27	29	33	27	31	34	32	28	29	30	212
16550	23	29	21	26	35	22	28	30	33	27	31	34	32	28	30	30	215
16600	23	29	21	26	35	22	28	30	33	27	31	34	32	28	30	30	214
16650	23	29	21	26	35	22	28	30	33	28	31	34	32	28	30	30	213
16700	23	29	21	26	35	22	28	30	33	29	31	34	32	28	30	30	213
16750	25	29	21	26	35	22	28	30	33	29	31	34	32	28	31	30	214
16800	25	29	21	26	35	22	28	31	33	29	30	34	32	28	31	30	215
16850	27	29	21	26	35	22	28	32	33	29	30	34	32	28	32	30	218
16900	27	29	21	26	35	22	28	32	33	29	30	34	32	27	33	30	216
16950	27	29	21	26	35	22	28	32	33	29	30	34	32	27	33	30	216
17000	27	29	21	26	35	22	28	31	33	29	30	34	32	27	33	30	216
17050	27	29	21	26	35	22	28	31	33	29	30	34	32	27	33	30	216
17100	27	29	21	26	35	22	28	31	33	30	30	34	32	27	33	30	217
17150	27	28	21	26	35	22	29	31	33	30	30	34	32	27	33	30	217
17200	27	28	21	26	35	22	29	31	33	30	30	34	32	27	33	30	217
17250	26	28	21	26	35	23	30	31	33	30	30	34	32	27	33	30	218
17300	26	28	21	26	35	23	30	31	33	30	30	34	32	27	33	30	218
17350	25	28	21	26	35	24	30	32	33	30	30	34	32	27	33	30	218
17400	24	28	21	26	35	24	30	32	33	30	30	34	32	27	33	30	217
17450	25	28	21	26	35	24	30	32	33	30	30	34	32	27	33	30	217
17500	25	28	21	26	35	24	30	33	33	30	30	34	32	27	33	30	217
17550	25	28	21	26	35	24	30	34	33	30	30	33	32	27	33	30	218
17600	25	28	21	26	35	24	31	34	33	30	30	33	32	27	33	30	219
17650	26	27	21	26	35	24	31	34	33	29	30	33	32	27	33	30	220
17700	27	27	21	26	35	24	31	35	32	29	30	33	32	27	32	30	220
17750	27	27	21	26	35	24	31	35	32	29	30	33	32	27	33	30	221
17800	27	27	21	26	35	24	31	35	32	29	30	33	32	27	33	30	222
17850	27	27	21	26	35	24	31	36	31	29	30	33	32	27	33	30	222
17900	26	27	21	26	35	24	31	36	31	29	30	33	31	27	33	30	221
17950	25	27	21	26	35	24	31	36	31	29	30	33	31	27	33	30	219
18000	25	27	21	26	35	24	31	36	31	30	30	33	31	27	32	30	219
18050	25	27	21	26	35	25	31	36	31	31	30	33	31	27	32	30	221
18100	25	27	21	26	35	25	31	36	31	31	30	33	31	27	31	30	221
18150	25	27	21	26	35	26	31	37	31	31	30	33	31	27	32	30	224
18200	25	27	21	26	35	26	31	37	31	31	30	33	31	27	32	30	223
18250	25	27	21	26	35	26	31	37	31	32	30	33	31	27	33	30	224
18300	25	27	21	26	35	26	31	37	31	33	30	33	31	27	33	30	225
18350	25	27	21	26	35	26	31	37	31	32	30	33	31	27	33	30	224
18400	25	27	21	26	35	26	31	37	31	32	30	33	31	27	33	30	225
18450	25	27	21	26	35	26	31	38	31	32	30	33	31	27	34	30	226
18500	25	27	21	26	35	26	31	38	31	33	30	33	31	27	34	30	227
18550	25	27	21	26	35	26	31	38	31	33	30	33	31	27	34	30	227
18600	26	27	21	26	35	26	31	38	31	33	30	32	31	27	34	30	226
18650	26	27	21	26	35	26	31	37	31	33	30	32	31	27	34	30	226
18700	26	27	21	26	35	26	31	37	31	33	30	32	31	27	34	30	225
18750	27	27	21	26	35	26	30	37	31	33	30	32	31	27	35	30	225
18800	27	27	21	26	35	26	30	37	31	34	30	33	31	27	35	30	227
18850	26	27	21	26	35	26	30	37	31	34	30	33	31	27	35	30	227
18900	25	27	21	26	35	26	30	37	31	35	30	33	31	27	35	30	227
18950	25	27	21	26	35	26	30	37	31	35	30	33	31	27	35	30	226
19000	24	27	21	26	35	26	30	37	30	34	30	33	31	27	35	30	224
19050	24	27	21	26	35	26	30	37	30	34	30	33	31	27	35	30	224
19100	22	27	21	26	35	26	30	37	30	34	30	33	31	27	35	30	222
19150	22	27	21	26	35	26	30	37	30	34	30	33	31	27	35	30	222
19200	21	27	21	26	35	26	30	37	30	35	30	33	31	27	35	31	224
19250	21	27	21	26	35	25	30	37	30	35	30	33	31	27	35	31	224
19300	21	27	21	26	35	25	30	37	30	35	30	33	32	27	35	31	223
19350	21	27	21	26	35	25	30	37	30	36	30	34	32	27	35	31	224
19400	21	27	21	26	35	25	30	37	30	36	30	34	32	28	35	31	226
19450	21	27	21	26	35	25	30	37	30	36	30	34	32	28	37	31	226
19500	21	27	21	25	35	24	30	37	30	37	30	34	32	28	38	31	228
19550	21	27	21	25	35	24	30	37	30	37	30	34	32	28	38	31	228
19600	21	27	21	25	35	25	30	37	30	37	30	34	32	28	38	32	229
19650	21	27	21	25	35	25	30	37	30	37	30	34	32	29	38	32	229
19700	20	27	21	25	35	26	30	37	30	37	30	34	32	31	38	33	231
19750	20	27	21	25	35	25	30	37	30	37	30	34	32	31	38	33	230
19800	21	27	21	25	35	25	30	37	30	37	30	34	32	31	38	33	229
19850	22	27	21	24	35	25	31	37	30	37	30	34	32	31	38	34	232
19900	23	27	21	24	35	25	31	37	30	37	30	34	32	31	38	34	233
19950	22	27	21	24	35	25	31	37	30	37	30	34	32	31	37	34	233
20000	23	27	21	24	35	25	31	37	30	37	30	34	32	32	38	34	236
