0	0.0	0.0	0.0	0.0	0.0	0.0	0.0	0.0	0.0	0.0	0.0	0.0	0.0	0.0	0.0	0.0
50	0.0	0.0	0.0	0.0	0.0	0.0	0.0	0.0	0.0	0.0	0.0	0.0	0.0	0.0	0.0	0.0
100	0.0833333333333	0.0	0.0	0.0	0.0	0.0	0.0	0.0	0.0	0.125	0.0909090909091	0.0	0.0	0.0	0.0714285714286	0.0
150	0.0833333333333	0.0	0.0	0.0	0.0416666666667	0.0434782608696	0.0	0.0	0.0625	0.153846153846	0.117647058824	0.0666666666667	0.0	0.0	0.0952380952381	0.0
200	0.0606060606061	0.0625	0.0	0.0689655172414	0.0357142857143	0.0714285714286	0.0416666666667	0.0555555555556	0.125	0.166666666667	0.2	0.157894736842	0.0588235294118	0.142857142857	0.103448275862	0.037037037037
250	0.1	0.0789473684211	0.0263157894737	0.121212121212	0.111111111111	0.138888888889	0.0571428571429	0.107142857143	0.151515151515	0.166666666667	0.192307692308	0.208333333333	0.12	0.153846153846	0.151515151515	0.0645161290323
300	0.0833333333333	0.113636363636	0.0666666666667	0.153846153846	0.136363636364	0.159090909091	0.0487804878049	0.151515151515	0.19512195122	0.192307692308	0.205882352941	0.241379310345	0.137931034483	0.185185185185	0.153846153846	0.108108108108
350	0.1	0.102040816327	0.0851063829787	0.159090909091	0.14	0.16	0.0625	0.128205128205	0.212765957447	0.222222222222	0.186046511628	0.222222222222	0.121212121212	0.176470588235	0.152173913043	0.113636363636
400	0.1	0.14	0.1	0.22	0.2	0.16	0.06	0.159090909091	0.24	0.255813953488	0.2	0.219512195122	0.131578947368	0.204545454545	0.18	0.14
450	0.1	0.16	0.12	0.24	0.24	0.2	0.08	0.16	0.26	0.270833333333	0.18	0.25	0.152173913043	0.22	0.22	0.14
500	0.14	0.24	0.22	0.28	0.26	0.24	0.1	0.22	0.3	0.32	0.22	0.26	0.18	0.26	0.24	0.22
550	0.16	0.28	0.24	0.28	0.3	0.28	0.14	0.3	0.32	0.38	0.28	0.36	0.26	0.3	0.24	0.24
600	0.22	0.3	0.3	0.32	0.3	0.3	0.16	0.3	0.34	0.44	0.32	0.34	0.28	0.3	0.26	0.28
650	0.26	0.32	0.36	0.34	0.3	0.26	0.18	0.3	0.32	0.4	0.34	0.36	0.24	0.32	0.3	0.32
700	0.3	0.38	0.36	0.34	0.3	0.26	0.18	0.32	0.3	0.42	0.32	0.34	0.28	0.38	0.32	0.36
750	0.34	0.48	0.36	0.36	0.28	0.26	0.22	0.32	0.32	0.4	0.4	0.34	0.34	0.36	0.36	0.36
800	0.34	0.48	0.4	0.32	0.36	0.28	0.26	0.34	0.34	0.42	0.42	0.36	0.34	0.4	0.4	0.42
850	0.4	0.44	0.38	0.36	0.4	0.3	0.32	0.34	0.32	0.42	0.36	0.38	0.32	0.4	0.42	0.48
900	0.42	0.44	0.44	0.38	0.4	0.28	0.34	0.3	0.28	0.42	0.32	0.44	0.36	0.36	0.44	0.5
950	0.44	0.44	0.46	0.42	0.42	0.22	0.38	0.3	0.36	0.38	0.28	0.46	0.4	0.32	0.44	0.46
1000	0.46	0.44	0.48	0.42	0.44	0.2	0.4	0.36	0.4	0.36	0.26	0.44	0.44	0.36	0.44	0.46
1050	0.42	0.44	0.42	0.42	0.46	0.22	0.36	0.4	0.46	0.42	0.26	0.44	0.46	0.36	0.48	0.42
1100	0.42	0.3	0.4	0.38	0.48	0.2	0.36	0.38	0.38	0.42	0.28	0.48	0.48	0.38	0.44	0.42
1150	0.52	0.3	0.38	0.4	0.48	0.24	0.38	0.42	0.4	0.38	0.28	0.48	0.52	0.4	0.42	0.44
1200	0.56	0.34	0.46	0.4	0.54	0.34	0.3	0.46	0.4	0.38	0.3	0.44	0.52	0.44	0.42	0.38
1250	0.54	0.38	0.48	0.42	0.56	0.32	0.26	0.48	0.36	0.38	0.38	0.42	0.58	0.4	0.4	0.32
1300	0.5	0.4	0.44	0.4	0.58	0.4	0.28	0.42	0.34	0.36	0.38	0.4	0.6	0.44	0.42	0.3
1350	0.48	0.4	0.44	0.4	0.64	0.44	0.38	0.46	0.32	0.36	0.42	0.38	0.52	0.48	0.4	0.36
1400	0.48	0.42	0.44	0.38	0.58	0.46	0.4	0.54	0.34	0.36	0.46	0.38	0.5	0.42	0.36	0.4
1450	0.44	0.4	0.44	0.42	0.58	0.5	0.4	0.54	0.28	0.34	0.44	0.36	0.52	0.4	0.38	0.38
1500	0.38	0.54	0.52	0.44	0.56	0.5	0.42	0.46	0.28	0.34	0.44	0.34	0.52	0.44	0.42	0.32
1550	0.42	0.56	0.54	0.46	0.56	0.5	0.44	0.48	0.3	0.32	0.46	0.34	0.48	0.4	0.46	0.36
1600	0.46	0.58	0.56	0.44	0.48	0.46	0.46	0.54	0.36	0.3	0.48	0.36	0.46	0.4	0.46	0.38
1650	0.5	0.54	0.52	0.44	0.5	0.46	0.52	0.5	0.36	0.28	0.44	0.36	0.54	0.38	0.5	0.46
1700	0.52	0.54	0.5	0.42	0.38	0.46	0.5	0.48	0.34	0.3	0.38	0.36	0.56	0.4	0.52	0.46
1750	0.52	0.54	0.46	0.36	0.36	0.48	0.46	0.46	0.34	0.34	0.32	0.34	0.52	0.38	0.54	0.42
1800	0.5	0.58	0.54	0.44	0.4	0.48	0.4	0.38	0.3	0.3	0.32	0.36	0.52	0.36	0.54	0.42
1850	0.52	0.58	0.56	0.48	0.44	0.46	0.38	0.4	0.28	0.28	0.28	0.34	0.54	0.42	0.56	0.42
1900	0.42	0.52	0.54	0.46	0.46	0.46	0.4	0.38	0.28	0.26	0.26	0.38	0.52	0.4	0.58	0.42
1950	0.42	0.56	0.48	0.46	0.44	0.46	0.36	0.38	0.28	0.28	0.28	0.38	0.52	0.34	0.54	0.38
2000	0.42	0.5	0.42	0.46	0.38	0.42	0.32	0.4	0.26	0.26	0.22	0.34	0.44	0.36	0.58	0.4
2050	0.38	0.52	0.42	0.52	0.4	0.42	0.32	0.36	0.24	0.26	0.24	0.32	0.44	0.36	0.58	0.34
2100	0.4	0.46	0.36	0.48	0.46	0.42	0.32	0.38	0.24	0.22	0.26	0.32	0.44	0.36	0.58	0.34
2150	0.4	0.42	0.36	0.46	0.44	0.38	0.34	0.36	0.22	0.22	0.26	0.3	0.44	0.34	0.6	0.38
2200	0.44	0.38	0.26	0.42	0.44	0.36	0.36	0.34	0.26	0.18	0.26	0.32	0.44	0.32	0.6	0.42
2250	0.48	0.4	0.26	0.38	0.4	0.36	0.34	0.32	0.38	0.26	0.28	0.3	0.46	0.4	0.58	0.48
2300	0.44	0.42	0.32	0.42	0.42	0.38	0.32	0.3	0.36	0.24	0.28	0.3	0.42	0.38	0.6	0.42
2350	0.48	0.38	0.32	0.38	0.44	0.36	0.3	0.3	0.38	0.24	0.28	0.28	0.44	0.46	0.6	0.42
2400	0.5	0.42	0.4	0.44	0.5	0.42	0.3	0.26	0.38	0.26	0.32	0.24	0.42	0.44	0.6	0.42
2450	0.48	0.42	0.5	0.54	0.52	0.42	0.3	0.26	0.36	0.26	0.38	0.24	0.34	0.42	0.56	0.46
2500	0.46	0.42	0.52	0.56	0.54	0.42	0.3	0.26	0.36	0.24	0.34	0.18	0.36	0.44	0.56	0.54
2550	0.46	0.48	0.5	0.52	0.56	0.48	0.32	0.28	0.34	0.22	0.34	0.18	0.34	0.38	0.56	0.52
2600	0.5	0.54	0.54	0.48	0.54	0.52	0.36	0.32	0.34	0.26	0.36	0.16	0.36	0.32	0.56	0.58
2650	0.5	0.54	0.52	0.52	0.5	0.48	0.36	0.34	0.32	0.24	0.36	0.18	0.4	0.38	0.54	0.6
2700	0.48	0.56	0.54	0.48	0.46	0.5	0.42	0.34	0.32	0.32	0.42	0.24	0.44	0.34	0.52	0.62
2750	0.48	0.56	0.5	0.48	0.48	0.5	0.5	0.38	0.38	0.32	0.38	0.26	0.4	0.28	0.54	0.64
2800	0.5	0.58	0.44	0.48	0.42	0.5	0.54	0.42	0.44	0.26	0.38	0.32	0.42	0.3	0.54	0.64
2850	0.5	0.6	0.44	0.48	0.36	0.48	0.54	0.46	0.44	0.32	0.4	0.32	0.5	0.34	0.48	0.56
2900	0.52	0.54	0.42	0.44	0.38	0.42	0.56	0.46	0.44	0.34	0.42	0.4	0.52	0.36	0.48	0.5
2950	0.52	0.54	0.42	0.4	0.38	0.36	0.46	0.48	0.48	0.38	0.5	0.5	0.56	0.4	0.46	0.52
3000	0.56	0.46	0.4	0.36	0.32	0.32	0.4	0.5	0.5	0.46	0.5	0.56	0.56	0.38	0.48	0.5
3050	0.54	0.44	0.42	0.42	0.32	0.24	0.3	0.48	0.46	0.5	0.52	0.54	0.56	0.44	0.44	0.48
3100	0.5	0.44	0.42	0.38	0.34	0.26	0.26	0.46	0.44	0.5	0.56	0.56	0.56	0.46	0.46	0.42
3150	0.48	0.42	0.42	0.38	0.4	0.28	0.26	0.46	0.4	0.56	0.58	0.58	0.6	0.54	0.48	0.5
3200	0.52	0.4	0.44	0.42	0.42	0.24	0.28	0.44	0.42	0.64	0.56	0.6	0.62	0.52	0.48	0.52
3250	0.48	0.4	0.4	0.44	0.42	0.26	0.28	0.42	0.42	0.6	0.54	0.6	0.58	0.48	0.5	0.46
3300	0.42	0.42	0.38	0.52	0.38	0.3	0.38	0.44	0.42	0.58	0.54	0.56	0.56	0.46	0.5	0.42
3350	0.42	0.44	0.38	0.46	0.4	0.32	0.4	0.48	0.42	0.58	0.54	0.56	0.6	0.52	0.5	0.38
3400	0.38	0.48	0.4	0.42	0.34	0.42	0.46	0.5	0.42	0.52	0.52	0.52	0.54	0.5	0.54	0.34
3450	0.44	0.48	0.4	0.42	0.36	0.46	0.48	0.48	0.42	0.48	0.52	0.48	0.56	0.52	0.56	0.4
3500	0.36	0.52	0.44	0.44	0.36	0.48	0.46	0.46	0.4	0.46	0.5	0.46	0.48	0.46	0.54	0.42
3550	0.34	0.58	0.44	0.52	0.34	0.52	0.46	0.44	0.36	0.46	0.48	0.54	0.54	0.44	0.52	0.4
3600	0.42	0.54	0.42	0.5	0.4	0.5	0.46	0.44	0.38	0.46	0.56	0.56	0.6	0.48	0.54	0.38
3650	0.4	0.5	0.4	0.4	0.4	0.5	0.38	0.4	0.34	0.46	0.54	0.52	0.6	0.48	0.52	0.4
3700	0.38	0.48	0.38	0.38	0.46	0.48	0.38	0.4	0.38	0.52	0.44	0.48	0.54	0.46	0.48	0.42
3750	0.34	0.48	0.36	0.38	0.48	0.5	0.44	0.42	0.4	0.52	0.48	0.54	0.6	0.5	0.44	0.44
3800	0.32	0.52	0.44	0.44	0.54	0.54	0.38	0.44	0.34	0.54	0.52	0.56	0.6	0.52	0.4	0.44
3850	0.32	0.5	0.42	0.46	0.54	0.48	0.38	0.44	0.32	0.52	0.5	0.54	0.56	0.56	0.32	0.46
3900	0.32	0.46	0.38	0.42	0.56	0.5	0.34	0.48	0.36	0.56	0.48	0.5	0.58	0.58	0.32	0.46
3950	0.32	0.44	0.4	0.44	0.56	0.48	0.32	0.5	0.42	0.54	0.48	0.46	0.56	0.56	0.34	0.46
4000	0.32	0.36	0.38	0.44	0.56	0.44	0.3	0.5	0.42	0.5	0.52	0.48	0.5	0.54	0.4	0.46
4050	0.3	0.4	0.36	0.5	0.54	0.46	0.26	0.52	0.38	0.5	0.5	0.52	0.52	0.54	0.38	0.42
4100	0.3	0.38	0.4	0.48	0.54	0.4	0.36	0.56	0.44	0.5	0.48	0.46	0.52	0.48	0.36	0.42
4150	0.38	0.38	0.4	0.5	0.52	0.4	0.38	0.52	0.5	0.5	0.46	0.44	0.56	0.46	0.4	0.42
4200	0.42	0.4	0.44	0.5	0.5	0.38	0.32	0.52	0.52	0.54	0.5	0.46	0.58	0.44	0.4	0.42
4250	0.44	0.38	0.4	0.48	0.5	0.38	0.36	0.54	0.48	0.54	0.54	0.48	0.56	0.46	0.4	0.42
4300	0.48	0.44	0.44	0.5	0.46	0.38	0.38	0.54	0.52	0.62	0.54	0.5	0.56	0.5	0.44	0.36
4350	0.48	0.48	0.42	0.52	0.46	0.38	0.38	0.56	0.52	0.6	0.44	0.52	0.6	0.46	0.38	0.32
4400	0.46	0.5	0.42	0.52	0.44	0.36	0.38	0.48	0.46	0.54	0.38	0.5	0.6	0.44	0.4	0.36
4450	0.48	0.5	0.44	0.48	0.44	0.38	0.42	0.5	0.5	0.54	0.4	0.52	0.66	0.46	0.44	0.34
4500	0.5	0.52	0.44	0.44	0.44	0.46	0.42	0.52	0.44	0.5	0.42	0.6	0.64	0.5	0.42	0.38
4550	0.44	0.46	0.44	0.46	0.44	0.46	0.4	0.44	0.42	0.44	0.42	0.58	0.66	0.5	0.42	0.34
4600	0.4	0.48	0.4	0.48	0.46	0.5	0.44	0.48	0.42	0.46	0.42	0.54	0.62	0.48	0.42	0.34
4650	0.4	0.52	0.4	0.48	0.46	0.5	0.48	0.48	0.48	0.42	0.36	0.52	0.64	0.46	0.34	0.28
4700	0.4	0.5	0.38	0.5	0.46	0.5	0.48	0.5	0.48	0.38	0.36	0.56	0.64	0.42	0.3	0.32
4750	0.42	0.48	0.36	0.48	0.48	0.5	0.54	0.52	0.5	0.4	0.4	0.56	0.66	0.4	0.28	0.36
4800	0.42	0.54	0.38	0.46	0.52	0.58	0.5	0.54	0.48	0.42	0.48	0.56	0.66	0.4	0.28	0.34
4850	0.42	0.6	0.44	0.46	0.56	0.56	0.48	0.5	0.52	0.42	0.46	0.5	0.62	0.38	0.34	0.34
4900	0.46	0.58	0.38	0.5	0.58	0.62	0.5	0.48	0.52	0.44	0.42	0.46	0.58	0.38	0.38	0.38
4950	0.54	0.66	0.38	0.52	0.56	0.68	0.54	0.46	0.58	0.5	0.44	0.56	0.58	0.3	0.38	0.4
5000	0.5	0.6	0.34	0.48	0.5	0.64	0.5	0.46	0.62	0.5	0.46	0.54	0.6	0.3	0.42	0.34
5050	0.5	0.58	0.36	0.44	0.48	0.62	0.52	0.42	0.58	0.52	0.5	0.6	0.62	0.3	0.42	0.34
5100	0.54	0.62	0.34	0.46	0.48	0.62	0.48	0.4	0.56	0.5	0.52	0.6	0.66	0.32	0.44	0.3
5150	0.52	0.62	0.42	0.42	0.48	0.58	0.46	0.42	0.58	0.48	0.54	0.58	0.58	0.3	0.46	0.26
5200	0.54	0.46	0.38	0.44	0.48	0.48	0.46	0.4	0.52	0.54	0.52	0.58	0.58	0.28	0.42	0.28
5250	0.56	0.48	0.3	0.46	0.44	0.42	0.42	0.42	0.54	0.54	0.58	0.6	0.56	0.3	0.44	0.3
5300	0.52	0.46	0.34	0.42	0.42	0.4	0.38	0.42	0.52	0.58	0.58	0.62	0.56	0.28	0.44	0.32
5350	0.52	0.4	0.42	0.46	0.5	0.38	0.38	0.42	0.54	0.62	0.56	0.64	0.56	0.3	0.42	0.3
5400	0.5	0.44	0.52	0.5	0.54	0.4	0.44	0.42	0.54	0.58	0.54	0.66	0.54	0.32	0.46	0.36
5450	0.52	0.44	0.48	0.48	0.52	0.36	0.44	0.44	0.56	0.6	0.56	0.64	0.54	0.34	0.42	0.36
5500	0.5	0.44	0.52	0.48	0.52	0.38	0.48	0.46	0.6	0.6	0.54	0.66	0.5	0.42	0.42	0.42
5550	0.46	0.46	0.56	0.46	0.48	0.38	0.44	0.4	0.56	0.6	0.52	0.68	0.5	0.38	0.44	0.44
5600	0.52	0.46	0.58	0.42	0.48	0.38	0.44	0.36	0.58	0.6	0.44	0.66	0.54	0.46	0.48	0.46
5650	0.48	0.46	0.58	0.4	0.46	0.42	0.52	0.34	0.56	0.62	0.4	0.72	0.52	0.48	0.46	0.42
5700	0.44	0.4	0.58	0.42	0.52	0.42	0.5	0.38	0.5	0.6	0.4	0.66	0.5	0.44	0.42	0.32
5750	0.36	0.48	0.56	0.4	0.5	0.5	0.54	0.38	0.52	0.56	0.42	0.62	0.48	0.46	0.42	0.26
5800	0.32	0.48	0.52	0.4	0.5	0.54	0.56	0.38	0.48	0.58	0.44	0.58	0.48	0.44	0.42	0.28
5850	0.34	0.48	0.56	0.4	0.48	0.54	0.56	0.4	0.48	0.64	0.5	0.56	0.48	0.48	0.44	0.28
5900	0.32	0.46	0.5	0.44	0.48	0.54	0.56	0.36	0.48	0.64	0.48	0.6	0.46	0.46	0.42	0.26
5950	0.32	0.42	0.42	0.42	0.48	0.52	0.56	0.34	0.5	0.68	0.52	0.62	0.46	0.42	0.44	0.26
6000	0.3	0.42	0.42	0.44	0.5	0.52	0.5	0.38	0.54	0.64	0.52	0.6	0.54	0.42	0.44	0.24
6050	0.32	0.42	0.4	0.42	0.54	0.48	0.48	0.4	0.46	0.6	0.52	0.62	0.58	0.44	0.46	0.26
6100	0.32	0.38	0.4	0.4	0.52	0.44	0.38	0.42	0.4	0.54	0.54	0.68	0.52	0.42	0.42	0.28
6150	0.38	0.32	0.4	0.44	0.54	0.44	0.38	0.4	0.38	0.54	0.56	0.64	0.5	0.38	0.42	0.32
6200	0.48	0.3	0.36	0.42	0.54	0.44	0.34	0.4	0.34	0.52	0.52	0.64	0.48	0.36	0.48	0.34
6250	0.5	0.26	0.42	0.4	0.54	0.4	0.36	0.44	0.34	0.5	0.52	0.62	0.5	0.3	0.5	0.38
6300	0.5	0.34	0.42	0.42	0.52	0.32	0.3	0.42	0.26	0.4	0.5	0.58	0.46	0.28	0.5	0.38
6350	0.46	0.32	0.4	0.42	0.54	0.32	0.32	0.38	0.24	0.4	0.5	0.56	0.4	0.3	0.56	0.4
6400	0.48	0.32	0.38	0.4	0.52	0.36	0.32	0.34	0.26	0.4	0.54	0.58	0.42	0.26	0.52	0.4
6450	0.5	0.34	0.42	0.38	0.52	0.42	0.36	0.34	0.28	0.44	0.5	0.58	0.44	0.28	0.5	0.46
6500	0.46	0.36	0.4	0.38	0.5	0.42	0.4	0.36	0.34	0.48	0.48	0.6	0.46	0.32	0.54	0.44
6550	0.4	0.36	0.44	0.44	0.54	0.44	0.38	0.38	0.38	0.5	0.52	0.66	0.46	0.38	0.58	0.4
6600	0.4	0.4	0.48	0.5	0.58	0.44	0.32	0.34	0.38	0.54	0.48	0.64	0.48	0.48	0.6	0.42
6650	0.48	0.38	0.48	0.5	0.58	0.44	0.36	0.34	0.36	0.56	0.42	0.68	0.48	0.54	0.64	0.5
6700	0.42	0.44	0.48	0.54	0.64	0.44	0.38	0.32	0.34	0.56	0.38	0.68	0.5	0.58	0.66	0.52
6750	0.4	0.44	0.52	0.54	0.66	0.5	0.4	0.32	0.38	0.54	0.36	0.68	0.58	0.62	0.68	0.5
6800	0.48	0.46	0.54	0.56	0.68	0.48	0.38	0.34	0.4	0.52	0.44	0.68	0.58	0.64	0.64	0.54
6850	0.46	0.44	0.56	0.64	0.7	0.4	0.38	0.34	0.4	0.52	0.44	0.7	0.52	0.64	0.64	0.54
6900	0.42	0.48	0.58	0.66	0.66	0.4	0.42	0.32	0.4	0.5	0.42	0.68	0.52	0.6	0.58	0.54
6950	0.4	0.5	0.54	0.64	0.6	0.42	0.44	0.42	0.38	0.46	0.46	0.68	0.5	0.56	0.56	0.56
7000	0.3	0.48	0.5	0.68	0.62	0.42	0.42	0.44	0.42	0.46	0.44	0.66	0.42	0.52	0.52	0.56
7050	0.28	0.5	0.52	0.68	0.6	0.46	0.44	0.5	0.42	0.46	0.56	0.7	0.46	0.52	0.48	0.48
7100	0.32	0.5	0.48	0.68	0.62	0.52	0.5	0.52	0.44	0.48	0.56	0.72	0.48	0.48	0.42	0.44
7150	0.3	0.48	0.54	0.7	0.6	0.5	0.56	0.56	0.5	0.48	0.58	0.74	0.5	0.52	0.42	0.44
7200	0.34	0.46	0.5	0.6	0.52	0.48	0.58	0.56	0.48	0.52	0.58	0.76	0.54	0.48	0.42	0.4
7250	0.46	0.44	0.46	0.6	0.56	0.52	0.6	0.58	0.52	0.44	0.54	0.7	0.56	0.54	0.48	0.42
7300	0.5	0.42	0.44	0.56	0.6	0.6	0.62	0.52	0.52	0.46	0.52	0.7	0.54	0.54	0.48	0.48
7350	0.48	0.42	0.42	0.52	0.54	0.6	0.64	0.54	0.56	0.44	0.48	0.72	0.58	0.52	0.52	0.48
7400	0.46	0.4	0.38	0.52	0.54	0.56	0.64	0.52	0.56	0.42	0.46	0.72	0.56	0.44	0.48	0.42
7450	0.44	0.44	0.38	0.5	0.48	0.52	0.58	0.5	0.52	0.4	0.46	0.72	0.56	0.46	0.54	0.4
7500	0.44	0.46	0.38	0.5	0.46	0.52	0.56	0.48	0.48	0.38	0.46	0.66	0.5	0.44	0.5	0.46
7550	0.4	0.5	0.4	0.44	0.46	0.56	0.48	0.46	0.42	0.34	0.4	0.62	0.52	0.44	0.48	0.54
7600	0.42	0.48	0.38	0.46	0.52	0.56	0.48	0.48	0.48	0.36	0.54	0.64	0.5	0.48	0.44	0.5
7650	0.4	0.5	0.42	0.52	0.58	0.62	0.44	0.44	0.48	0.42	0.56	0.7	0.52	0.46	0.42	0.46
7700	0.38	0.56	0.42	0.48	0.54	0.56	0.38	0.46	0.44	0.44	0.64	0.66	0.5	0.56	0.4	0.5
7750	0.4	0.58	0.48	0.48	0.54	0.54	0.34	0.4	0.5	0.5	0.6	0.6	0.48	0.6	0.46	0.54
7800	0.44	0.58	0.48	0.46	0.56	0.54	0.3	0.36	0.44	0.46	0.62	0.58	0.54	0.6	0.46	0.58
7850	0.46	0.54	0.5	0.42	0.56	0.52	0.3	0.4	0.44	0.52	0.6	0.58	0.54	0.64	0.46	0.58
7900	0.46	0.54	0.54	0.42	0.54	0.56	0.3	0.4	0.48	0.56	0.62	0.56	0.52	0.64	0.46	0.56
7950	0.46	0.58	0.54	0.44	0.42	0.58	0.36	0.38	0.52	0.6	0.58	0.54	0.44	0.6	0.5	0.54
8000	0.48	0.56	0.46	0.36	0.4	0.54	0.36	0.4	0.42	0.58	0.52	0.5	0.48	0.58	0.44	0.5
8050	0.42	0.58	0.5	0.38	0.4	0.52	0.42	0.4	0.44	0.58	0.5	0.5	0.46	0.62	0.46	0.48
8100	0.42	0.6	0.46	0.36	0.4	0.5	0.42	0.4	0.46	0.54	0.46	0.5	0.48	0.56	0.44	0.44
8150	0.4	0.58	0.48	0.38	0.4	0.56	0.46	0.44	0.46	0.48	0.44	0.48	0.5	0.58	0.44	0.44
8200	0.38	0.52	0.52	0.46	0.42	0.52	0.46	0.48	0.5	0.44	0.46	0.54	0.54	0.6	0.44	0.4
8250	0.38	0.52	0.54	0.46	0.44	0.54	0.5	0.42	0.46	0.42	0.38	0.54	0.52	0.64	0.4	0.48
8300	0.36	0.5	0.5	0.48	0.44	0.54	0.54	0.42	0.44	0.42	0.44	0.52	0.54	0.66	0.44	0.44
8350	0.34	0.48	0.48	0.48	0.4	0.46	0.42	0.36	0.38	0.38	0.44	0.58	0.54	0.58	0.42	0.44
8400	0.36	0.46	0.48	0.52	0.38	0.48	0.44	0.38	0.44	0.44	0.48	0.6	0.56	0.6	0.44	0.5
8450	0.32	0.46	0.48	0.6	0.46	0.44	0.44	0.38	0.48	0.48	0.5	0.58	0.56	0.62	0.44	0.5
8500	0.32	0.44	0.46	0.64	0.46	0.38	0.42	0.4	0.48	0.54	0.54	0.62	0.56	0.56	0.38	0.48
8550	0.3	0.4	0.42	0.62	0.46	0.4	0.44	0.42	0.44	0.56	0.62	0.62	0.5	0.54	0.32	0.42
8600	0.26	0.42	0.44	0.64	0.42	0.32	0.46	0.44	0.5	0.6	0.6	0.6	0.44	0.52	0.34	0.42
8650	0.28	0.38	0.38	0.62	0.42	0.38	0.48	0.46	0.5	0.58	0.62	0.62	0.48	0.5	0.3	0.38
8700	0.3	0.38	0.42	0.58	0.48	0.36	0.5	0.52	0.56	0.58	0.62	0.62	0.52	0.48	0.3	0.4
8750	0.36	0.44	0.48	0.54	0.5	0.42	0.5	0.52	0.58	0.6	0.62	0.66	0.56	0.48	0.28	0.44
8800	0.4	0.46	0.48	0.5	0.52	0.44	0.54	0.54	0.54	0.56	0.62	0.62	0.54	0.52	0.32	0.42
8850	0.44	0.44	0.5	0.58	0.58	0.42	0.58	0.5	0.58	0.52	0.58	0.58	0.56	0.54	0.34	0.4
8900	0.46	0.46	0.54	0.62	0.54	0.42	0.54	0.48	0.56	0.54	0.56	0.6	0.64	0.64	0.34	0.44
8950	0.5	0.46	0.54	0.62	0.54	0.42	0.56	0.48	0.56	0.56	0.5	0.6	0.64	0.6	0.36	0.48
9000	0.52	0.5	0.52	0.58	0.6	0.42	0.52	0.48	0.54	0.52	0.52	0.56	0.62	0.54	0.38	0.5
9050	0.56	0.5	0.52	0.58	0.6	0.5	0.54	0.52	0.54	0.52	0.54	0.54	0.6	0.5	0.38	0.48
9100	0.58	0.52	0.54	0.62	0.58	0.48	0.58	0.54	0.56	0.52	0.52	0.5	0.56	0.48	0.42	0.5
9150	0.6	0.5	0.58	0.6	0.6	0.52	0.6	0.52	0.52	0.5	0.48	0.5	0.54	0.48	0.4	0.48
9200	0.54	0.46	0.6	0.58	0.62	0.48	0.64	0.56	0.58	0.48	0.52	0.54	0.52	0.46	0.38	0.48
9250	0.54	0.46	0.58	0.58	0.62	0.5	0.62	0.5	0.54	0.48	0.5	0.54	0.52	0.46	0.42	0.48
9300	0.42	0.5	0.56	0.6	0.66	0.52	0.62	0.52	0.5	0.44	0.5	0.54	0.52	0.46	0.44	0.48
9350	0.4	0.52	0.56	0.58	0.6	0.56	0.56	0.48	0.48	0.42	0.5	0.52	0.46	0.54	0.46	0.46
9400	0.38	0.54	0.62	0.62	0.62	0.6	0.6	0.5	0.44	0.38	0.52	0.58	0.48	0.56	0.5	0.46
9450	0.4	0.6	0.64	0.62	0.64	0.68	0.62	0.46	0.42	0.42	0.52	0.62	0.52	0.6	0.5	0.46
9500	0.36	0.58	0.56	0.58	0.58	0.68	0.52	0.44	0.36	0.4	0.48	0.6	0.54	0.64	0.46	0.5
9550	0.36	0.58	0.58	0.6	0.54	0.56	0.46	0.42	0.32	0.36	0.5	0.6	0.6	0.64	0.48	0.52
9600	0.38	0.52	0.58	0.58	0.54	0.56	0.48	0.44	0.28	0.32	0.44	0.58	0.6	0.6	0.48	0.52
9650	0.36	0.52	0.6	0.54	0.54	0.54	0.5	0.46	0.26	0.34	0.46	0.58	0.56	0.6	0.44	0.54
9700	0.42	0.5	0.6	0.56	0.54	0.48	0.46	0.42	0.3	0.34	0.48	0.62	0.56	0.58	0.44	0.54
9750	0.42	0.5	0.62	0.52	0.54	0.42	0.4	0.38	0.3	0.36	0.44	0.58	0.6	0.6	0.46	0.54
9800	0.42	0.5	0.66	0.52	0.6	0.42	0.44	0.38	0.3	0.4	0.44	0.58	0.6	0.58	0.4	0.5
9850	0.42	0.48	0.68	0.56	0.6	0.46	0.38	0.38	0.32	0.48	0.42	0.6	0.58	0.6	0.48	0.48
9900	0.38	0.44	0.6	0.54	0.6	0.48	0.38	0.36	0.32	0.46	0.4	0.58	0.6	0.6	0.52	0.48
9950	0.44	0.4	0.58	0.5	0.66	0.5	0.48	0.4	0.38	0.5	0.44	0.6	0.62	0.64	0.58	0.46
10000	0.5	0.4	0.58	0.5	0.68	0.52	0.46	0.34	0.36	0.5	0.42	0.62	0.6	0.64	0.58	0.48
10050	0.48	0.42	0.54	0.52	0.68	0.56	0.44	0.3	0.34	0.52	0.38	0.58	0.56	0.62	0.54	0.48
10100	0.48	0.4	0.52	0.5	0.68	0.54	0.44	0.28	0.38	0.56	0.48	0.58	0.56	0.62	0.52	0.52
10150	0.54	0.42	0.5	0.54	0.66	0.56	0.46	0.3	0.4	0.56	0.44	0.62	0.56	0.62	0.58	0.54
10200	0.52	0.42	0.48	0.52	0.62	0.52	0.46	0.26	0.44	0.58	0.44	0.64	0.52	0.54	0.6	0.54
10250	0.52	0.44	0.42	0.5	0.6	0.54	0.5	0.28	0.46	0.62	0.5	0.66	0.52	0.56	0.6	0.56
10300	0.5	0.44	0.44	0.48	0.6	0.58	0.56	0.3	0.46	0.64	0.56	0.72	0.54	0.54	0.56	0.54
10350	0.48	0.44	0.42	0.48	0.56	0.56	0.54	0.28	0.56	0.62	0.56	0.7	0.52	0.5	0.52	0.52
10400	0.5	0.44	0.48	0.5	0.58	0.54	0.56	0.3	0.58	0.56	0.58	0.66	0.52	0.52	0.54	0.5
10450	0.48	0.46	0.46	0.54	0.58	0.58	0.58	0.36	0.62	0.52	0.56	0.62	0.6	0.58	0.48	0.46
10500	0.46	0.46	0.48	0.52	0.54	0.58	0.62	0.42	0.64	0.54	0.56	0.66	0.6	0.58	0.46	0.46
10550	0.52	0.42	0.44	0.58	0.56	0.56	0.62	0.42	0.62	0.5	0.6	0.66	0.6	0.56	0.52	0.48
10600	0.58	0.44	0.42	0.62	0.56	0.54	0.66	0.38	0.54	0.44	0.56	0.64	0.62	0.6	0.54	0.52
10650	0.56	0.38	0.38	0.62	0.56	0.58	0.66	0.44	0.58	0.46	0.5	0.62	0.64	0.62	0.5	0.54
10700	0.54	0.44	0.42	0.66	0.64	0.56	0.62	0.42	0.58	0.48	0.48	0.58	0.66	0.6	0.44	0.54
10750	0.54	0.5	0.42	0.66	0.64	0.64	0.62	0.42	0.58	0.48	0.5	0.56	0.64	0.64	0.42	0.58
10800	0.58	0.5	0.48	0.68	0.66	0.66	0.58	0.5	0.5	0.5	0.54	0.58	0.6	0.6	0.46	0.62
10850	0.58	0.6	0.58	0.72	0.7	0.68	0.62	0.52	0.48	0.52	0.6	0.64	0.62	0.58	0.48	0.62
10900	0.56	0.62	0.62	0.68	0.68	0.7	0.54	0.5	0.42	0.56	0.58	0.64	0.56	0.52	0.46	0.6
10950	0.62	0.62	0.64	0.68	0.66	0.64	0.52	0.56	0.5	0.58	0.6	0.66	0.6	0.5	0.48	0.58
11000	0.56	0.62	0.7	0.7	0.64	0.66	0.54	0.62	0.56	0.6	0.64	0.6	0.62	0.54	0.5	0.62
11050	0.54	0.62	0.72	0.72	0.68	0.68	0.52	0.6	0.56	0.6	0.64	0.64	0.64	0.62	0.58	0.58
11100	0.6	0.68	0.72	0.68	0.62	0.7	0.5	0.58	0.58	0.64	0.66	0.7	0.66	0.6	0.6	0.62
11150	0.64	0.7	0.76	0.7	0.66	0.68	0.54	0.56	0.62	0.64	0.68	0.74	0.72	0.64	0.6	0.64
11200	0.66	0.7	0.78	0.74	0.68	0.66	0.58	0.56	0.66	0.62	0.68	0.76	0.74	0.68	0.62	0.62
11250	0.68	0.66	0.72	0.72	0.6	0.62	0.64	0.58	0.66	0.64	0.68	0.74	0.74	0.7	0.64	0.64
11300	0.7	0.66	0.7	0.7	0.6	0.6	0.68	0.58	0.68	0.64	0.64	0.68	0.76	0.72	0.68	0.7
11350	0.7	0.64	0.68	0.7	0.58	0.58	0.7	0.64	0.68	0.66	0.68	0.72	0.78	0.7	0.78	0.68
11400	0.76	0.66	0.72	0.7	0.56	0.56	0.72	0.64	0.66	0.64	0.7	0.74	0.8	0.68	0.74	0.66
11450	0.76	0.62	0.74	0.74	0.6	0.54	0.76	0.64	0.66	0.64	0.66	0.76	0.82	0.72	0.72	0.68
11500	0.74	0.62	0.72	0.74	0.62	0.52	0.78	0.64	0.68	0.64	0.68	0.74	0.74	0.68	0.7	0.7
11550	0.7	0.64	0.74	0.74	0.56	0.48	0.76	0.7	0.74	0.66	0.66	0.74	0.76	0.66	0.68	0.7
11600	0.7	0.64	0.74	0.76	0.6	0.52	0.78	0.72	0.7	0.64	0.72	0.72	0.74	0.7	0.7	0.72
11650	0.72	0.58	0.72	0.78	0.58	0.56	0.8	0.72	0.72	0.66	0.7	0.72	0.76	0.7	0.7	0.74
11700	0.72	0.64	0.72	0.8	0.66	0.6	0.82	0.7	0.72	0.7	0.72	0.76	0.8	0.72	0.7	0.7
11750	0.74	0.68	0.74	0.84	0.7	0.6	0.8	0.7	0.68	0.74	0.72	0.78	0.78	0.74	0.68	0.68
11800	0.74	0.68	0.74	0.8	0.74	0.66	0.8	0.76	0.68	0.74	0.72	0.78	0.78	0.76	0.68	0.74
11850	0.7	0.64	0.72	0.78	0.78	0.72	0.78	0.8	0.72	0.78	0.8	0.8	0.76	0.72	0.64	0.74
11900	0.72	0.68	0.76	0.8	0.78	0.76	0.78	0.82	0.7	0.8	0.84	0.86	0.8	0.72	0.68	0.7
11950	0.76	0.68	0.8	0.76	0.82	0.72	0.8	0.86	0.74	0.82	0.88	0.84	0.82	0.72	0.68	0.7
12000	0.74	0.72	0.8	0.76	0.82	0.64	0.72	0.84	0.74	0.82	0.86	0.86	0.8	0.72	0.64	0.7
12050	0.74	0.74	0.8	0.76	0.74	0.68	0.72	0.86	0.72	0.78	0.88	0.88	0.8	0.7	0.66	0.72
12100	0.76	0.66	0.72	0.72	0.68	0.64	0.72	0.9	0.68	0.78	0.92	0.9	0.82	0.68	0.68	0.7
12150	0.74	0.64	0.76	0.7	0.68	0.62	0.7	0.86	0.68	0.78	0.92	0.88	0.78	0.66	0.64	0.7
12200	0.72	0.64	0.76	0.7	0.66	0.6	0.72	0.82	0.66	0.82	0.9	0.9	0.76	0.72	0.64	0.72
12250	0.72	0.62	0.7	0.72	0.64	0.6	0.72	0.82	0.68	0.82	0.9	0.88	0.8	0.72	0.72	0.72
12300	0.72	0.66	0.68	0.7	0.58	0.56	0.74	0.8	0.7	0.86	0.88	0.86	0.76	0.76	0.7	0.72
12350	0.72	0.62	0.64	0.68	0.58	0.58	0.74	0.74	0.7	0.84	0.82	0.84	0.74	0.78	0.74	0.72
12400	0.7	0.66	0.66	0.66	0.54	0.64	0.74	0.74	0.66	0.82	0.76	0.84	0.72	0.76	0.68	0.78
12450	0.72	0.68	0.72	0.66	0.58	0.64	0.84	0.74	0.68	0.84	0.76	0.8	0.74	0.78	0.64	0.8
12500	0.74	0.68	0.7	0.68	0.64	0.66	0.82	0.74	0.72	0.84	0.76	0.8	0.74	0.74	0.64	0.82
12550	0.72	0.64	0.68	0.68	0.64	0.66	0.84	0.72	0.72	0.78	0.72	0.78	0.76	0.76	0.64	0.8
12600	0.7	0.62	0.7	0.66	0.66	0.68	0.84	0.72	0.72	0.72	0.68	0.74	0.74	0.74	0.64	0.8
12650	0.68	0.64	0.74	0.64	0.68	0.68	0.82	0.72	0.68	0.72	0.68	0.74	0.76	0.72	0.6	0.8
12700	0.66	0.64	0.74	0.64	0.7	0.68	0.82	0.74	0.7	0.72	0.7	0.76	0.76	0.66	0.56	0.78
12750	0.66	0.62	0.72	0.56	0.7	0.68	0.8	0.72	0.74	0.74	0.8	0.76	0.8	0.7	0.64	0.7
12800	0.66	0.62	0.7	0.66	0.8	0.7	0.82	0.8	0.74	0.72	0.74	0.74	0.78	0.7	0.68	0.7
12850	0.64	0.64	0.7	0.64	0.8	0.76	0.82	0.8	0.76	0.72	0.72	0.74	0.7	0.66	0.68	0.64
12900	0.7	0.66	0.7	0.64	0.78	0.78	0.8	0.76	0.76	0.7	0.7	0.68	0.64	0.66	0.68	0.6
12950	0.72	0.66	0.68	0.62	0.78	0.78	0.76	0.76	0.78	0.68	0.76	0.66	0.64	0.72	0.7	0.64
13000	0.72	0.72	0.7	0.62	0.74	0.8	0.78	0.76	0.8	0.68	0.72	0.6	0.66	0.72	0.68	0.66
13050	0.76	0.74	0.7	0.62	0.72	0.84	0.78	0.74	0.76	0.7	0.72	0.62	0.64	0.74	0.7	0.66
13100	0.74	0.78	0.7	0.7	0.76	0.82	0.74	0.74	0.76	0.74	0.68	0.58	0.62	0.74	0.78	0.64
13150	0.78	0.8	0.78	0.72	0.7	0.8	0.74	0.74	0.78	0.72	0.72	0.62	0.68	0.76	0.76	0.64
13200	0.8	0.8	0.8	0.68	0.68	0.78	0.74	0.7	0.74	0.66	0.74	0.62	0.7	0.74	0.72	0.64
13250	0.8	0.82	0.82	0.72	0.74	0.8	0.76	0.72	0.72	0.64	0.7	0.62	0.72	0.74	0.72	0.68
13300	0.76	0.82	0.82	0.76	0.76	0.78	0.82	0.74	0.7	0.66	0.72	0.64	0.72	0.72	0.74	0.66
13350	0.76	0.82	0.84	0.76	0.78	0.78	0.84	0.82	0.72	0.66	0.7	0.64	0.74	0.74	0.72	0.64
13400	0.78	0.8	0.84	0.8	0.78	0.78	0.86	0.82	0.72	0.66	0.68	0.66	0.72	0.74	0.72	0.64
13450	0.78	0.8	0.82	0.78	0.76	0.8	0.9	0.84	0.8	0.68	0.66	0.64	0.72	0.7	0.7	0.64
13500	0.78	0.78	0.8	0.74	0.72	0.78	0.92	0.84	0.8	0.66	0.68	0.64	0.74	0.68	0.68	0.64
13550	0.8	0.82	0.76	0.76	0.68	0.8	0.9	0.84	0.78	0.68	0.62	0.66	0.76	0.68	0.66	0.66
13600	0.78	0.82	0.74	0.76	0.64	0.78	0.88	0.84	0.82	0.68	0.62	0.64	0.76	0.68	0.7	0.68
13650	0.8	0.82	0.72	0.74	0.58	0.76	0.84	0.8	0.76	0.62	0.62	0.62	0.72	0.78	0.68	0.68
13700	0.74	0.76	0.7	0.76	0.62	0.7	0.8	0.8	0.76	0.66	0.62	0.64	0.74	0.76	0.68	0.68
13750	0.74	0.78	0.7	0.76	0.6	0.72	0.78	0.76	0.76	0.72	0.66	0.74	0.76	0.76	0.68	0.76
13800	0.78	0.8	0.7	0.74	0.64	0.72	0.78	0.74	0.74	0.76	0.72	0.74	0.8	0.8	0.68	0.76
13850	0.78	0.78	0.74	0.76	0.7	0.74	0.76	0.74	0.72	0.82	0.8	0.78	0.8	0.78	0.68	0.76
13900	0.74	0.78	0.78	0.74	0.72	0.76	0.76	0.76	0.76	0.86	0.84	0.8	0.78	0.78	0.7	0.74
13950	0.76	0.78	0.78	0.74	0.74	0.76	0.74	0.76	0.76	0.92	0.84	0.82	0.8	0.78	0.68	0.78
14000	0.8	0.78	0.8	0.72	0.82	0.8	0.72	0.74	0.8	0.9	0.84	0.82	0.82	0.72	0.72	0.78
14050	0.8	0.74	0.8	0.7	0.82	0.78	0.72	0.8	0.8	0.9	0.84	0.84	0.88	0.76	0.72	0.78
14100	0.84	0.74	0.82	0.7	0.84	0.82	0.76	0.78	0.82	0.9	0.82	0.86	0.86	0.76	0.72	0.76
14150	0.88	0.78	0.84	0.7	0.84	0.8	0.78	0.8	0.82	0.92	0.8	0.84	0.84	0.78	0.74	0.78
14200	0.88	0.76	0.84	0.74	0.84	0.76	0.78	0.78	0.88	0.92	0.78	0.82	0.84	0.78	0.72	0.78
14250	0.82	0.72	0.84	0.76	0.88	0.74	0.76	0.74	0.82	0.9	0.76	0.82	0.84	0.76	0.72	0.76
14300	0.84	0.72	0.84	0.76	0.84	0.68	0.76	0.72	0.8	0.86	0.72	0.82	0.86	0.78	0.74	0.76
14350	0.82	0.76	0.84	0.8	0.86	0.68	0.68	0.7	0.78	0.84	0.66	0.8	0.86	0.8	0.72	0.78
14400	0.74	0.74	0.86	0.8	0.84	0.68	0.68	0.7	0.7	0.8	0.66	0.78	0.86	0.82	0.7	0.8
14450	0.72	0.72	0.84	0.8	0.86	0.68	0.64	0.7	0.72	0.76	0.68	0.74	0.82	0.84	0.72	0.8
14500	0.72	0.72	0.84	0.84	0.86	0.66	0.64	0.72	0.74	0.76	0.68	0.72	0.82	0.82	0.74	0.82
14550	0.76	0.74	0.86	0.86	0.86	0.66	0.66	0.72	0.74	0.7	0.64	0.76	0.84	0.86	0.74	0.84
14600	0.74	0.78	0.88	0.86	0.86	0.68	0.7	0.76	0.72	0.7	0.7	0.78	0.84	0.86	0.76	0.82
14650	0.76	0.74	0.86	0.9	0.84	0.66	0.66	0.78	0.76	0.72	0.72	0.76	0.86	0.84	0.76	0.8
14700	0.86	0.76	0.84	0.9	0.82	0.64	0.68	0.82	0.72	0.72	0.74	0.78	0.86	0.9	0.78	0.84
14750	0.86	0.72	0.84	0.86	0.82	0.6	0.72	0.86	0.76	0.72	0.74	0.72	0.88	0.88	0.82	0.8
14800	0.82	0.72	0.84	0.84	0.86	0.64	0.72	0.88	0.78	0.7	0.72	0.7	0.9	0.86	0.82	0.84
14850	0.84	0.74	0.82	0.88	0.86	0.7	0.76	0.88	0.78	0.78	0.76	0.76	0.88	0.86	0.82	0.86
14900	0.86	0.8	0.86	0.92	0.86	0.68	0.78	0.82	0.78	0.82	0.76	0.8	0.88	0.86	0.82	0.84
14950	0.86	0.74	0.86	0.9	0.82	0.68	0.74	0.78	0.78	0.82	0.76	0.74	0.86	0.82	0.84	0.82
15000	0.88	0.7	0.86	0.88	0.82	0.68	0.74	0.8	0.76	0.84	0.72	0.68	0.88	0.86	0.84	0.84
15050	0.88	0.74	0.88	0.86	0.84	0.7	0.72	0.8	0.76	0.84	0.7	0.72	0.9	0.88	0.84	0.84
15100	0.84	0.8	0.88	0.84	0.86	0.78	0.78	0.78	0.76	0.86	0.68	0.78	0.88	0.88	0.82	0.86
15150	0.82	0.82	0.88	0.88	0.84	0.76	0.78	0.76	0.78	0.86	0.7	0.76	0.88	0.88	0.82	0.82
15200	0.82	0.8	0.82	0.86	0.78	0.74	0.82	0.8	0.8	0.84	0.72	0.8	0.86	0.86	0.8	0.82
15250	0.8	0.78	0.84	0.86	0.8	0.78	0.78	0.78	0.8	0.84	0.72	0.76	0.84	0.84	0.8	0.82
15300	0.82	0.78	0.76	0.8	0.76	0.82	0.78	0.78	0.78	0.84	0.76	0.78	0.88	0.84	0.76	0.78
15350	0.78	0.78	0.74	0.78	0.72	0.84	0.78	0.84	0.78	0.84	0.82	0.82	0.86	0.86	0.76	0.76
15400	0.8	0.8	0.68	0.76	0.72	0.8	0.8	0.84	0.76	0.84	0.82	0.88	0.86	0.84	0.74	0.76
15450	0.78	0.76	0.68	0.74	0.72	0.78	0.78	0.84	0.76	0.82	0.84	0.78	0.82	0.84	0.76	0.78
15500	0.76	0.76	0.7	0.74	0.7	0.72	0.78	0.8	0.74	0.84	0.8	0.74	0.78	0.82	0.74	0.74
15550	0.78	0.74	0.72	0.74	0.7	0.76	0.76	0.76	0.68	0.8	0.78	0.76	0.78	0.8	0.72	0.72
15600	0.76	0.78	0.74	0.74	0.68	0.72	0.76	0.72	0.64	0.76	0.74	0.74	0.78	0.8	0.74	0.68
15650	0.76	0.78	0.7	0.7	0.66	0.68	0.74	0.72	0.64	0.78	0.72	0.72	0.8	0.82	0.78	0.74
15700	0.78	0.76	0.74	0.74	0.66	0.64	0.78	0.72	0.66	0.74	0.66	0.7	0.78	0.82	0.8	0.74
15750	0.76	0.74	0.78	0.78	0.68	0.66	0.78	0.74	0.68	0.76	0.66	0.76	0.8	0.84	0.8	0.72
15800	0.74	0.74	0.78	0.78	0.62	0.66	0.76	0.7	0.7	0.78	0.66	0.74	0.76	0.82	0.76	0.74
15850	0.74	0.72	0.76	0.78	0.58	0.62	0.78	0.76	0.72	0.76	0.72	0.76	0.78	0.86	0.8	0.74
15900	0.74	0.72	0.74	0.82	0.6	0.64	0.78	0.74	0.68	0.74	0.72	0.78	0.84	0.86	0.78	0.78
15950	0.76	0.72	0.76	0.84	0.64	0.62	0.76	0.78	0.72	0.72	0.76	0.78	0.84	0.84	0.78	0.82
16000	0.8	0.66	0.74	0.8	0.58	0.6	0.76	0.78	0.76	0.72	0.74	0.8	0.86	0.86	0.8	0.82
16050	0.74	0.68	0.78	0.8	0.58	0.64	0.76	0.76	0.72	0.72	0.74	0.76	0.86	0.84	0.74	0.78
16100	0.74	0.68	0.8	0.8	0.62	0.62	0.7	0.78	0.72	0.72	0.76	0.72	0.82	0.82	0.78	0.8
16150	0.78	0.74	0.8	0.84	0.64	0.64	0.72	0.76	0.74	0.74	0.74	0.74	0.84	0.82	0.8	0.8
16200	0.8	0.76	0.82	0.84	0.64	0.62	0.74	0.76	0.72	0.74	0.74	0.74	0.84	0.82	0.82	0.78
16250	0.76	0.74	0.84	0.8	0.7	0.66	0.72	0.74	0.72	0.74	0.72	0.76	0.86	0.84	0.8	0.78
16300	0.78	0.8	0.86	0.8	0.72	0.68	0.8	0.78	0.74	0.76	0.72	0.74	0.86	0.82	0.8	0.74
16350	0.76	0.84	0.84	0.8	0.7	0.72	0.78	0.78	0.74	0.78	0.76	0.76	0.86	0.82	0.82	0.76
16400	0.82	0.84	0.9	0.82	0.7	0.74	0.8	0.8	0.76	0.8	0.78	0.76	0.82	0.82	0.88	0.76
16450	0.82	0.84	0.9	0.84	0.74	0.78	0.86	0.8	0.72	0.82	0.8	0.8	0.82	0.8	0.82	0.78
16500	0.78	0.82	0.88	0.84	0.78	0.8	0.86	0.8	0.74	0.86	0.82	0.82	0.8	0.82	0.8	0.78
16550	0.78	0.82	0.84	0.84	0.74	0.8	0.86	0.8	0.74	0.88	0.84	0.78	0.82	0.8	0.82	0.76
16600	0.72	0.86	0.86	0.88	0.78	0.88	0.84	0.78	0.76	0.9	0.82	0.76	0.82	0.84	0.82	0.78
16650	0.7	0.86	0.82	0.88	0.76	0.86	0.88	0.78	0.76	0.88	0.82	0.76	0.8	0.8	0.8	0.72
16700	0.66	0.9	0.84	0.92	0.76	0.86	0.88	0.76	0.74	0.84	0.82	0.78	0.78	0.78	0.78	0.68
16750	0.64	0.88	0.78	0.84	0.72	0.84	0.84	0.78	0.74	0.82	0.8	0.82	0.82	0.78	0.76	0.7
16800	0.62	0.86	0.8	0.82	0.7	0.82	0.82	0.76	0.78	0.82	0.78	0.8	0.8	0.78	0.74	0.72
16850	0.66	0.88	0.8	0.8	0.72	0.78	0.8	0.74	0.78	0.8	0.78	0.78	0.8	0.78	0.74	0.68
16900	0.66	0.88	0.8	0.78	0.7	0.78	0.8	0.72	0.78	0.8	0.78	0.78	0.78	0.78	0.78	0.68
16950	0.7	0.88	0.84	0.76	0.72	0.76	0.84	0.76	0.8	0.78	0.78	0.82	0.76	0.78	0.78	0.7
17000	0.74	0.86	0.82	0.74	0.7	0.76	0.84	0.76	0.8	0.74	0.8	0.84	0.74	0.78	0.76	0.66
17050	0.72	0.86	0.84	0.78	0.74	0.76	0.84	0.8	0.82	0.76	0.82	0.8	0.7	0.78	0.74	0.68
17100	0.78	0.88	0.86	0.86	0.74	0.72	0.84	0.8	0.78	0.76	0.76	0.78	0.7	0.72	0.72	0.74
17150	0.76	0.86	0.84	0.88	0.76	0.7	0.86	0.8	0.8	0.78	0.78	0.78	0.74	0.76	0.74	0.76
17200	0.78	0.9	0.86	0.92	0.78	0.74	0.86	0.84	0.8	0.8	0.82	0.78	0.76	0.78	0.72	0.8
17250	0.78	0.88	0.88	0.9	0.82	0.78	0.88	0.86	0.84	0.8	0.8	0.82	0.76	0.76	0.78	0.74
17300	0.8	0.86	0.88	0.9	0.84	0.76	0.86	0.88	0.8	0.8	0.8	0.84	0.8	0.78	0.78	0.76
17350	0.82	0.86	0.9	0.92	0.82	0.76	0.88	0.88	0.76	0.82	0.8	0.86	0.84	0.78	0.78	0.76
17400	0.86	0.86	0.92	0.92	0.84	0.76	0.88	0.88	0.76	0.84	0.82	0.86	0.86	0.82	0.8	0.8
17450	0.86	0.84	0.9	0.9	0.86	0.72	0.84	0.88	0.74	0.84	0.86	0.88	0.88	0.82	0.8	0.8
17500	0.8	0.86	0.92	0.9	0.84	0.74	0.82	0.88	0.78	0.84	0.88	0.92	0.84	0.82	0.78	0.78
17550	0.84	0.84	0.92	0.88	0.84	0.76	0.84	0.88	0.78	0.84	0.86	0.92	0.82	0.8	0.82	0.8
17600	0.8	0.86	0.88	0.88	0.8	0.76	0.84	0.86	0.76	0.86	0.84	0.9	0.84	0.82	0.8	0.82
17650	0.8	0.84	0.88	0.86	0.78	0.78	0.84	0.86	0.8	0.86	0.84	0.86	0.8	0.8	0.82	0.84
17700	0.8	0.86	0.84	0.84	0.8	0.76	0.86	0.84	0.84	0.92	0.82	0.86	0.78	0.8	0.82	0.84
17750	0.82	0.84	0.86	0.82	0.78	0.74	0.86	0.84	0.88	0.92	0.8	0.82	0.76	0.8	0.84	0.84
17800	0.76	0.82	0.84	0.8	0.8	0.72	0.88	0.84	0.9	0.92	0.74	0.8	0.8	0.8	0.8	0.84
17850	0.74	0.82	0.88	0.8	0.84	0.8	0.88	0.84	0.88	0.88	0.7	0.78	0.82	0.78	0.78	0.84
17900	0.7	0.82	0.86	0.78	0.8	0.78	0.84	0.84	0.86	0.92	0.74	0.74	0.82	0.8	0.78	0.82
17950	0.76	0.8	0.84	0.8	0.78	0.72	0.84	0.84	0.84	0.88	0.74	0.74	0.8	0.8	0.76	0.82
18000	0.76	0.82	0.84	0.76	0.84	0.76	0.8	0.82	0.82	0.88	0.72	0.76	0.82	0.78	0.76	0.82
18050	0.74	0.84	0.84	0.8	0.8	0.76	0.82	0.8	0.82	0.88	0.72	0.78	0.82	0.76	0.78	0.78
18100	0.76	0.84	0.86	0.82	0.8	0.78	0.86	0.8	0.84	0.84	0.74	0.82	0.84	0.78	0.74	0.76
18150	0.8	0.86	0.86	0.86	0.84	0.8	0.84	0.78	0.8	0.84	0.76	0.84	0.86	0.76	0.76	0.74
18200	0.82	0.88	0.86	0.92	0.82	0.78	0.84	0.76	0.8	0.8	0.76	0.86	0.86	0.78	0.8	0.72
18250	0.84	0.92	0.86	0.86	0.78	0.82	0.78	0.72	0.8	0.82	0.78	0.84	0.86	0.74	0.76	0.72
18300	0.84	0.88	0.86	0.8	0.82	0.8	0.82	0.72	0.82	0.84	0.76	0.86	0.86	0.76	0.78	0.74
18350	0.84	0.86	0.88	0.84	0.8	0.82	0.84	0.74	0.8	0.86	0.82	0.88	0.86	0.74	0.74	0.76
18400	0.84	0.86	0.88	0.82	0.84	0.78	0.82	0.78	0.84	0.84	0.8	0.82	0.86	0.74	0.76	0.76
18450	0.82	0.86	0.86	0.8	0.86	0.8	0.86	0.76	0.82	0.82	0.8	0.82	0.86	0.74	0.74	0.78
18500	0.8	0.82	0.86	0.76	0.8	0.76	0.84	0.78	0.8	0.84	0.8	0.82	0.88	0.76	0.76	0.8
18550	0.86	0.8	0.86	0.74	0.8	0.78	0.84	0.82	0.78	0.8	0.8	0.76	0.86	0.76	0.78	0.86
18600	0.86	0.82	0.86	0.78	0.78	0.74	0.86	0.86	0.8	0.82	0.72	0.72	0.86	0.78	0.78	0.88
18650	0.84	0.8	0.84	0.8	0.74	0.76	0.88	0.82	0.76	0.78	0.74	0.76	0.8	0.74	0.78	0.86
18700	0.84	0.82	0.82	0.86	0.74	0.78	0.88	0.78	0.76	0.78	0.7	0.76	0.82	0.78	0.78	0.88
18750	0.8	0.8	0.82	0.88	0.72	0.72	0.84	0.8	0.76	0.82	0.74	0.8	0.82	0.76	0.78	0.86
18800	0.8	0.76	0.86	0.9	0.72	0.68	0.84	0.84	0.76	0.76	0.72	0.74	0.8	0.76	0.78	0.82
18850	0.82	0.74	0.86	0.9	0.72	0.66	0.82	0.82	0.76	0.76	0.76	0.76	0.82	0.78	0.84	0.82
18900	0.72	0.76	0.86	0.94	0.76	0.66	0.84	0.82	0.8	0.72	0.78	0.72	0.8	0.82	0.84	0.82
18950	0.7	0.74	0.86	0.94	0.76	0.64	0.82	0.76	0.76	0.74	0.82	0.76	0.8	0.86	0.86	0.8
19000	0.74	0.72	0.84	0.92	0.8	0.64	0.82	0.74	0.76	0.78	0.78	0.78	0.78	0.86	0.84	0.78
19050	0.76	0.74	0.82	0.9	0.78	0.64	0.76	0.72	0.76	0.76	0.8	0.7	0.82	0.84	0.8	0.74
19100	0.78	0.7	0.8	0.86	0.82	0.64	0.78	0.74	0.78	0.78	0.78	0.72	0.84	0.84	0.78	0.76
19150	0.78	0.7	0.82	0.84	0.82	0.64	0.78	0.74	0.78	0.8	0.78	0.78	0.86	0.86	0.84	0.76
19200	0.8	0.72	0.84	0.84	0.82	0.6	0.78	0.7	0.78	0.76	0.78	0.82	0.86	0.86	0.86	0.8
19250	0.82	0.74	0.86	0.86	0.82	0.66	0.78	0.72	0.78	0.78	0.78	0.84	0.88	0.84	0.86	0.82
19300	0.84	0.72	0.8	0.88	0.8	0.66	0.74	0.68	0.76	0.76	0.74	0.84	0.88	0.8	0.82	0.78
19350	0.82	0.66	0.76	0.84	0.8	0.68	0.78	0.72	0.8	0.78	0.74	0.86	0.9	0.78	0.8	0.78
19400	0.84	0.66	0.76	0.8	0.78	0.66	0.76	0.76	0.82	0.78	0.8	0.86	0.88	0.78	0.82	0.78
19450	0.86	0.68	0.76	0.86	0.8	0.66	0.76	0.76	0.8	0.8	0.78	0.86	0.9	0.82	0.8	0.74
19500	0.86	0.7	0.82	0.88	0.8	0.68	0.78	0.76	0.82	0.82	0.82	0.88	0.88	0.8	0.84	0.72
19550	0.86	0.74	0.84	0.88	0.78	0.66	0.78	0.8	0.82	0.82	0.82	0.86	0.84	0.8	0.84	0.72
19600	0.84	0.76	0.84	0.86	0.78	0.68	0.8	0.8	0.84	0.82	0.82	0.84	0.82	0.74	0.82	0.66
19650	0.86	0.76	0.86	0.8	0.78	0.62	0.82	0.86	0.8	0.82	0.78	0.78	0.82	0.76	0.78	0.74
19700	0.88	0.72	0.84	0.78	0.74	0.62	0.82	0.82	0.8	0.86	0.82	0.8	0.84	0.74	0.74	0.72
19750	0.9	0.74	0.82	0.82	0.78	0.62	0.8	0.8	0.76	0.86	0.8	0.8	0.84	0.7	0.76	0.74
19800	0.88	0.78	0.8	0.82	0.74	0.62	0.8	0.8	0.76	0.88	0.84	0.8	0.8	0.7	0.76	0.74
19850	0.88	0.78	0.76	0.8	0.7	0.64	0.8	0.8	0.76	0.9	0.84	0.8	0.76	0.72	0.76	0.78
19900	0.86	0.78	0.8	0.78	0.68	0.62	0.8	0.82	0.78	0.92	0.84	0.82	0.82	0.74	0.78	0.8
19950	0.84	0.74	0.8	0.8	0.7	0.62	0.78	0.8	0.78	0.94	0.84	0.84	0.82	0.76	0.8	0.84
20000	0.84	0.74	0.86	0.82	0.72	0.6	0.76	0.84	0.8	0.94	0.84	0.86	0.84	0.78	0.8	0.86
