0	0.0	0.0	0.0	0.0	0.0	0.0	0.0	0.0	0.0	0.0	0.0	0.0	0.0	0.0	0.0	0.0
50	0.166666666667	0.0	0.5	0.0	0.0	0.166666666667	0.25	0.0	0.2	0.0	0.0	0.0	0.0	0.2	0.0	0.0
100	0.703703703704	0.142857142857	0.555555555556	0.166666666667	0.25	0.375	0.2	0.444444444444	0.444444444444	0.142857142857	0.0	0.333333333333	0.0	0.5	0.333333333333	0.0
150	0.818181818182	0.3	0.545454545455	0.4	0.5	0.571428571429	0.25	0.642857142857	0.454545454545	0.333333333333	0.5	0.4	0.142857142857	0.6	0.3	0.333333333333
200	0.96	0.4375	0.666666666667	0.5	0.444444444444	0.6	0.454545454545	0.6875	0.538461538462	0.454545454545	0.571428571429	0.5	0.333333333333	0.666666666667	0.5	0.444444444444
250	1.0	0.52380952381	0.714285714286	0.6	0.416666666667	0.6	0.538461538462	0.705882352941	0.625	0.533333333333	0.578947368421	0.625	0.416666666667	0.666666666667	0.5625	0.5
300	1.0	0.545454545455	0.76	0.65	0.529411764706	0.636363636364	0.631578947368	0.761904761905	0.631578947368	0.611111111111	0.571428571429	0.631578947368	0.466666666667	0.72	0.588235294118	0.611111111111
350	1.0	0.565217391304	0.8	0.6	0.6	0.714285714286	0.636363636364	0.791666666667	0.692307692308	0.666666666667	0.6	0.65	0.466666666667	0.740740740741	0.65	0.681818181818
400	1.0	0.6	0.8	0.655172413793	0.64	0.71875	0.692307692308	0.777777777778	0.714285714286	0.740740740741	0.642857142857	0.681818181818	0.5	0.774193548387	0.695652173913	0.724137931034
450	1.0	0.615384615385	0.823529411765	0.714285714286	0.666666666667	0.74358974359	0.714285714286	0.793103448276	0.741935483871	0.758620689655	0.666666666667	0.730769230769	0.529411764706	0.771428571429	0.758620689655	0.733333333333
500	1.0	0.642857142857	0.837837837838	0.75	0.7	0.738095238095	0.757575757576	0.8	0.757575757576	0.774193548387	0.702702702703	0.766666666667	0.578947368421	0.794871794872	0.794117647059	0.771428571429
550	1.0	0.705882352941	0.815789473684	0.738095238095	0.74358974359	0.75	0.80487804878	0.818181818182	0.764705882353	0.787878787879	0.710526315789	0.787878787879	0.6	0.780487804878	0.833333333333	0.771428571429
600	1.0	0.722222222222	0.829268292683	0.755555555556	0.767441860465	0.775510204082	0.822222222222	0.833333333333	0.783783783784	0.833333333333	0.692307692308	0.810810810811	0.636363636364	0.8	0.840909090909	0.777777777778
650	1.0	0.74358974359	0.822222222222	0.775510204082	0.772727272727	0.78	0.836734693878	0.846153846154	0.8	0.826086956522	0.707317073171	0.825	0.678571428571	0.82	0.851063829787	0.8
700	0.98	0.772727272727	0.822222222222	0.82	0.795918367347	0.82	0.84	0.872340425532	0.8	0.833333333333	0.733333333333	0.840909090909	0.7	0.9	0.854166666667	0.809523809524
750	0.98	0.782608695652	0.836734693878	0.82	0.86	0.84	0.86	0.92	0.816326530612	0.84	0.744680851064	0.833333333333	0.7	0.9	0.96	0.826086956522
800	0.98	0.8	0.88	0.88	0.9	0.88	0.9	0.92	0.82	0.92	0.76	0.833333333333	0.735294117647	0.94	0.96	0.88
850	0.98	0.88	0.88	0.9	0.92	0.9	0.96	0.96	0.88	0.94	0.84	0.84	0.756756756757	0.94	1.0	0.92
900	0.98	0.92	0.86	0.9	0.94	0.9	0.96	0.96	0.92	0.94	0.84	0.9	0.785714285714	0.94	1.0	0.96
950	0.96	0.94	0.88	0.92	0.96	0.92	0.96	0.96	0.94	0.96	0.86	0.9	0.795454545455	0.94	1.0	0.96
1000	0.94	0.96	0.9	0.92	0.96	0.94	0.96	0.96	0.94	0.96	0.86	0.94	0.82	0.94	1.0	0.96
1050	0.94	0.98	0.92	0.96	0.98	0.94	0.98	0.96	0.94	0.96	0.92	0.96	0.9	0.96	1.0	0.98
1100	0.94	1.0	0.92	0.96	0.98	0.96	1.0	0.96	0.94	0.96	0.92	0.96	0.92	0.96	1.0	0.98
1150	0.92	1.0	0.92	0.96	0.98	0.98	1.0	0.94	0.96	0.96	0.92	0.98	0.94	0.96	1.0	0.98
1200	0.94	1.0	0.92	0.96	1.0	0.98	1.0	0.94	0.96	0.96	0.94	0.98	0.94	0.98	1.0	0.98
1250	0.94	1.0	0.94	0.96	0.98	0.98	1.0	0.94	0.96	0.96	0.96	0.98	0.94	0.98	1.0	0.98
1300	0.94	1.0	0.94	0.98	0.98	0.98	1.0	0.96	0.98	0.94	0.96	0.98	0.92	0.98	1.0	0.98
1350	0.94	1.0	0.94	0.98	0.98	1.0	1.0	0.96	0.98	0.94	0.98	0.98	0.94	0.98	1.0	0.98
1400	0.94	1.0	0.94	0.98	0.96	1.0	1.0	0.96	0.98	0.94	0.98	0.98	0.94	0.98	1.0	0.98
1450	0.94	1.0	0.94	0.98	0.96	1.0	1.0	0.94	1.0	0.94	1.0	0.98	0.94	0.98	1.0	1.0
1500	0.94	1.0	0.94	0.98	0.96	1.0	1.0	0.94	1.0	0.94	1.0	1.0	0.94	0.98	1.0	1.0
1550	0.96	1.0	0.94	0.98	0.94	1.0	1.0	0.94	1.0	0.96	1.0	1.0	0.94	0.98	1.0	1.0
1600	0.98	0.96	0.94	0.98	0.94	1.0	1.0	0.94	0.96	0.96	1.0	1.0	0.94	1.0	1.0	1.0
1650	0.98	0.96	0.96	0.98	0.94	1.0	1.0	0.96	0.96	0.96	1.0	0.98	0.92	1.0	1.0	1.0
1700	0.98	0.96	0.96	0.98	0.94	1.0	1.0	0.94	0.96	0.96	1.0	0.98	0.92	1.0	1.0	1.0
1750	0.98	0.94	0.98	0.98	0.94	1.0	1.0	0.94	0.96	0.96	1.0	0.98	0.92	1.0	1.0	1.0
1800	0.98	0.94	0.98	0.98	0.94	1.0	1.0	0.94	0.96	0.96	1.0	0.98	0.92	1.0	1.0	1.0
1850	1.0	0.94	0.98	0.98	0.96	1.0	1.0	0.94	0.96	0.96	1.0	0.98	0.92	1.0	1.0	1.0
1900	1.0	0.94	0.98	0.98	0.98	1.0	1.0	0.94	0.96	0.96	1.0	0.96	0.92	1.0	0.98	1.0
1950	1.0	0.94	0.96	1.0	0.98	1.0	1.0	0.94	0.96	0.98	1.0	0.96	0.92	1.0	0.98	1.0
2000	1.0	0.92	0.98	1.0	0.98	1.0	1.0	0.94	0.94	0.98	1.0	0.96	0.92	1.0	0.98	1.0
2050	1.0	0.92	0.98	1.0	0.98	1.0	1.0	0.94	0.94	1.0	1.0	0.96	0.94	1.0	0.98	1.0
2100	1.0	0.92	0.98	1.0	0.98	1.0	1.0	0.96	0.94	1.0	1.0	0.96	0.94	1.0	0.98	1.0
2150	1.0	0.92	0.98	1.0	1.0	1.0	1.0	0.96	0.92	1.0	1.0	0.96	0.96	1.0	0.98	1.0
2200	1.0	0.92	0.98	1.0	1.0	1.0	1.0	0.96	0.92	1.0	1.0	0.96	0.96	1.0	0.98	1.0
2250	1.0	0.92	0.98	1.0	1.0	1.0	1.0	0.96	0.92	1.0	1.0	0.96	0.96	1.0	0.98	1.0
2300	1.0	0.92	0.98	1.0	1.0	1.0	1.0	0.96	0.92	1.0	1.0	0.96	0.96	1.0	0.98	1.0
2350	1.0	0.92	0.98	1.0	1.0	1.0	1.0	0.96	0.94	1.0	1.0	0.98	0.96	1.0	0.98	1.0
2400	1.0	0.92	0.98	1.0	0.98	1.0	1.0	0.98	0.96	1.0	1.0	0.98	1.0	1.0	0.98	1.0
2450	0.96	0.92	0.98	1.0	0.98	1.0	1.0	0.98	0.96	1.0	1.0	0.98	1.0	1.0	0.98	1.0
2500	0.92	0.92	1.0	1.0	0.96	1.0	1.0	0.98	0.96	1.0	1.0	0.98	1.0	1.0	0.98	1.0
2550	0.92	0.92	1.0	1.0	0.96	1.0	1.0	0.98	0.96	1.0	1.0	0.96	1.0	1.0	0.98	1.0
2600	0.9	0.96	1.0	1.0	0.96	1.0	1.0	1.0	0.96	1.0	1.0	0.96	1.0	1.0	0.98	1.0
2650	0.9	0.98	1.0	1.0	0.96	1.0	1.0	1.0	0.96	1.0	1.0	0.94	1.0	1.0	0.98	1.0
2700	0.9	0.98	1.0	1.0	0.96	1.0	1.0	0.98	0.96	1.0	1.0	0.94	1.0	1.0	0.98	1.0
2750	0.9	0.98	1.0	1.0	0.94	1.0	0.98	0.98	0.96	1.0	1.0	0.94	1.0	1.0	0.98	1.0
2800	0.9	1.0	1.0	0.98	0.94	1.0	0.98	0.98	0.98	1.0	1.0	0.94	1.0	1.0	0.98	1.0
2850	0.9	1.0	0.98	0.98	0.94	1.0	0.98	0.98	0.98	1.0	1.0	0.94	1.0	1.0	1.0	1.0
2900	0.9	1.0	0.98	0.98	0.94	1.0	0.96	0.98	0.98	1.0	1.0	0.94	1.0	1.0	1.0	1.0
2950	0.9	1.0	0.98	0.98	0.94	0.96	0.96	0.98	0.98	1.0	0.98	0.94	1.0	1.0	1.0	1.0
3000	0.9	0.98	0.98	0.98	0.92	0.96	0.96	0.96	1.0	1.0	0.98	0.94	1.0	1.0	1.0	1.0
3050	0.9	0.98	0.98	0.98	0.9	0.96	0.96	0.94	0.98	1.0	0.98	0.94	1.0	1.0	1.0	1.0
3100	0.9	0.98	0.98	0.98	0.92	0.94	0.94	0.92	0.98	1.0	0.98	0.94	1.0	1.0	0.98	1.0
3150	0.92	0.94	0.98	0.98	0.92	0.94	0.94	0.92	0.98	1.0	0.98	0.92	1.0	1.0	0.98	1.0
3200	0.98	0.92	0.98	0.98	0.92	0.94	0.94	0.92	0.98	1.0	0.98	0.9	1.0	1.0	0.98	1.0
3250	0.98	0.92	0.98	0.98	0.92	0.94	0.94	0.92	0.98	1.0	0.98	0.92	1.0	1.0	0.96	1.0
3300	1.0	0.92	0.98	0.98	0.94	0.94	0.94	0.92	0.98	0.98	0.98	0.9	1.0	1.0	0.92	1.0
3350	1.0	0.92	0.98	0.98	0.94	0.94	0.94	0.92	0.96	0.98	0.98	0.92	1.0	1.0	0.92	1.0
3400	1.0	0.92	0.98	0.98	0.94	0.94	0.94	0.92	0.96	0.98	0.98	0.94	1.0	1.0	0.92	1.0
3450	1.0	0.92	0.98	0.96	0.94	0.92	0.94	0.92	0.96	0.98	0.98	0.94	1.0	1.0	0.92	1.0
3500	1.0	0.92	0.98	0.92	0.94	0.92	0.94	0.94	0.94	0.98	0.98	0.94	1.0	1.0	0.92	1.0
3550	1.0	0.9	0.98	0.92	0.96	0.92	0.96	0.94	0.94	0.98	0.98	0.94	1.0	1.0	0.92	1.0
3600	1.0	0.9	0.98	0.92	0.96	0.92	0.96	0.94	0.94	0.94	1.0	0.94	1.0	1.0	0.92	1.0
3650	1.0	0.9	0.98	0.94	0.96	0.92	0.96	0.94	0.94	0.94	1.0	0.94	1.0	1.0	0.92	1.0
3700	1.0	0.92	0.98	0.94	0.96	0.9	0.96	0.94	0.94	0.92	1.0	0.94	1.0	1.0	0.92	1.0
3750	1.0	0.92	0.98	0.94	0.96	0.92	0.98	0.96	0.94	0.92	1.0	0.96	1.0	1.0	0.92	1.0
3800	1.0	0.94	1.0	0.94	0.98	0.94	0.98	0.98	0.94	0.92	1.0	0.98	1.0	0.98	0.92	1.0
3850	1.0	0.98	1.0	0.94	1.0	0.94	0.98	0.94	0.94	0.92	1.0	0.98	1.0	0.98	0.92	1.0
3900	1.0	0.98	1.0	0.94	1.0	0.94	0.98	0.92	0.96	0.92	1.0	0.98	1.0	0.98	0.94	1.0
3950	1.0	0.98	1.0	0.92	1.0	0.94	0.98	0.92	0.96	0.92	1.0	1.0	1.0	0.98	0.94	1.0
4000	1.0	0.98	1.0	0.92	1.0	0.94	1.0	0.92	0.96	0.94	1.0	1.0	1.0	0.98	0.96	1.0
4050	1.0	0.98	1.0	0.92	1.0	0.96	1.0	0.92	0.96	0.94	1.0	1.0	1.0	0.98	0.98	1.0
4100	1.0	0.98	1.0	0.92	1.0	0.96	1.0	0.92	0.98	0.92	1.0	1.0	1.0	0.98	1.0	1.0
4150	1.0	0.98	1.0	0.92	1.0	0.96	1.0	0.92	0.98	0.92	1.0	1.0	1.0	0.98	1.0	1.0
4200	1.0	0.98	1.0	0.92	1.0	0.96	1.0	0.92	1.0	0.92	1.0	1.0	1.0	0.96	1.0	1.0
4250	1.0	0.98	1.0	0.92	0.98	0.96	1.0	0.92	0.98	0.92	1.0	1.0	1.0	0.96	1.0	1.0
4300	1.0	0.98	1.0	0.92	0.98	0.98	0.98	0.92	0.98	0.96	1.0	0.98	1.0	0.96	1.0	1.0
4350	1.0	0.98	1.0	0.92	0.98	0.98	0.98	0.92	0.96	0.96	1.0	0.98	1.0	0.96	1.0	1.0
4400	1.0	0.98	1.0	0.9	0.98	0.98	0.98	0.92	0.96	0.98	1.0	0.98	1.0	0.96	1.0	1.0
4450	1.0	0.98	1.0	0.9	0.98	0.96	0.98	0.92	0.94	0.98	0.98	0.98	1.0	0.96	1.0	1.0
4500	1.0	0.98	1.0	0.96	0.98	0.96	0.98	0.92	0.94	0.98	0.98	0.98	1.0	0.96	1.0	1.0
4550	1.0	0.98	1.0	0.96	0.98	0.96	0.98	0.92	0.92	0.98	0.98	0.98	1.0	0.96	1.0	1.0
4600	1.0	0.98	1.0	0.94	0.98	0.96	0.98	0.96	0.92	0.98	0.98	0.98	1.0	0.96	1.0	1.0
4650	1.0	0.98	1.0	0.94	0.98	0.96	0.98	0.98	0.92	0.98	0.98	0.98	1.0	0.98	1.0	1.0
4700	1.0	0.98	1.0	0.94	0.98	0.96	0.98	0.98	0.92	0.98	0.98	0.98	1.0	0.98	1.0	0.98
4750	1.0	0.98	1.0	0.92	0.98	0.96	0.98	0.98	0.9	0.98	0.98	0.98	1.0	0.98	1.0	0.98
4800	1.0	0.98	1.0	0.92	0.98	0.96	0.98	0.98	0.9	0.98	0.98	0.98	1.0	0.98	1.0	0.98
4850	1.0	0.98	1.0	0.92	0.98	0.96	0.98	0.98	0.9	1.0	0.98	0.98	1.0	0.96	1.0	0.98
4900	1.0	0.96	1.0	0.92	0.98	0.96	0.98	0.98	0.9	1.0	0.98	0.98	1.0	0.94	1.0	0.98
4950	1.0	0.96	1.0	0.92	0.98	0.96	1.0	0.98	0.92	1.0	0.98	0.98	1.0	0.96	1.0	0.98
5000	1.0	0.96	1.0	0.92	0.98	0.96	1.0	0.98	0.96	1.0	0.98	0.98	1.0	0.96	1.0	0.98
5050	1.0	0.98	1.0	0.92	0.98	0.96	1.0	0.98	0.96	1.0	0.96	1.0	1.0	0.96	1.0	0.98
5100	1.0	0.98	1.0	0.92	0.98	0.98	1.0	0.98	0.96	1.0	0.94	1.0	1.0	0.96	1.0	0.98
5150	1.0	0.98	1.0	0.94	1.0	1.0	1.0	0.98	0.96	1.0	0.94	1.0	1.0	0.96	1.0	0.98
5200	1.0	0.98	1.0	0.94	1.0	1.0	1.0	0.98	0.96	1.0	0.94	0.98	1.0	0.96	1.0	0.98
5250	1.0	0.98	1.0	0.94	1.0	1.0	1.0	0.98	0.96	1.0	0.96	0.98	1.0	0.96	1.0	0.98
5300	1.0	0.98	1.0	0.94	1.0	1.0	1.0	0.98	0.98	1.0	0.96	0.98	1.0	0.96	1.0	0.98
5350	1.0	0.98	0.98	0.96	1.0	1.0	1.0	0.98	0.98	1.0	0.96	0.98	1.0	0.96	1.0	0.98
5400	1.0	0.98	0.96	0.96	1.0	1.0	1.0	0.98	0.98	1.0	0.96	0.98	1.0	0.96	1.0	0.98
5450	1.0	0.98	0.96	0.98	1.0	1.0	1.0	0.98	1.0	1.0	0.96	0.98	1.0	0.96	1.0	1.0
5500	0.98	0.98	0.94	1.0	1.0	1.0	1.0	0.98	1.0	1.0	0.96	0.98	1.0	0.98	1.0	1.0
5550	0.98	1.0	0.94	1.0	1.0	1.0	1.0	0.98	1.0	1.0	0.96	0.98	1.0	0.98	1.0	1.0
5600	0.98	1.0	0.94	1.0	1.0	1.0	1.0	0.94	1.0	1.0	0.96	0.98	1.0	1.0	1.0	1.0
5650	0.98	1.0	0.94	1.0	1.0	1.0	1.0	0.94	1.0	1.0	0.96	0.98	1.0	1.0	1.0	1.0
5700	0.98	1.0	0.92	1.0	1.0	0.98	0.98	0.94	1.0	1.0	0.96	0.98	1.0	1.0	1.0	1.0
5750	0.96	1.0	0.92	1.0	1.0	0.98	0.98	0.94	1.0	1.0	0.92	0.98	0.98	1.0	1.0	1.0
5800	0.96	1.0	0.9	1.0	1.0	0.98	0.98	0.94	1.0	1.0	0.92	0.98	0.98	1.0	1.0	1.0
5850	0.96	1.0	0.88	1.0	1.0	0.98	0.98	0.94	1.0	1.0	0.92	0.98	0.98	1.0	1.0	1.0
5900	0.96	1.0	0.88	1.0	1.0	0.96	0.98	0.94	1.0	1.0	0.92	0.98	0.98	1.0	0.98	1.0
5950	0.94	1.0	0.88	1.0	1.0	0.96	0.96	0.94	1.0	1.0	0.92	0.98	0.98	0.98	0.98	1.0
6000	0.94	1.0	0.9	1.0	1.0	0.96	0.96	0.94	1.0	1.0	0.92	0.98	0.98	0.96	0.98	1.0
6050	0.94	0.98	0.9	1.0	1.0	0.94	0.96	0.94	1.0	1.0	0.92	1.0	0.98	0.96	0.98	0.98
6100	0.94	0.98	0.92	1.0	1.0	0.94	0.96	0.94	1.0	1.0	0.88	1.0	0.98	0.96	0.98	0.98
6150	0.96	0.98	0.94	1.0	1.0	0.94	0.96	0.96	1.0	1.0	0.88	1.0	0.98	0.96	0.98	0.98
6200	0.96	0.96	0.92	1.0	1.0	0.94	0.94	0.96	1.0	1.0	0.88	1.0	0.98	0.96	0.98	0.98
6250	0.96	0.94	0.9	1.0	1.0	0.94	0.94	0.96	1.0	1.0	0.88	1.0	0.98	0.96	0.98	0.98
6300	0.96	0.92	0.9	1.0	1.0	0.94	0.94	0.96	1.0	1.0	0.88	1.0	0.98	0.96	0.98	0.96
6350	0.98	0.9	0.9	1.0	1.0	0.94	0.92	0.96	1.0	1.0	0.88	0.98	0.98	0.96	0.98	0.94
6400	0.98	0.9	0.92	1.0	1.0	0.96	0.9	0.98	1.0	1.0	0.88	0.98	0.98	0.96	0.98	0.94
6450	0.98	0.9	0.92	1.0	1.0	0.94	0.9	0.98	1.0	1.0	0.92	0.98	0.98	0.96	0.98	0.94
6500	0.98	0.88	0.92	1.0	1.0	0.94	0.92	0.98	1.0	1.0	0.92	0.98	0.98	0.96	0.98	0.88
6550	0.98	0.88	0.94	1.0	1.0	0.94	0.92	0.98	1.0	1.0	0.92	0.98	1.0	0.96	0.98	0.88
6600	1.0	0.88	0.94	1.0	1.0	0.94	0.92	0.98	1.0	1.0	0.96	0.98	1.0	0.94	1.0	0.88
6650	1.0	0.88	0.94	1.0	1.0	0.96	0.92	0.98	1.0	1.0	0.96	0.98	1.0	0.94	1.0	0.88
6700	1.0	0.88	0.94	1.0	1.0	0.98	0.9	0.98	1.0	1.0	0.96	0.98	1.0	0.94	1.0	0.88
6750	1.0	0.88	0.94	1.0	1.0	0.98	0.9	0.98	1.0	1.0	0.96	0.98	1.0	0.96	1.0	0.88
6800	1.0	0.9	0.94	1.0	1.0	0.98	0.92	0.98	1.0	1.0	0.96	0.98	1.0	0.96	1.0	0.9
6850	1.0	0.9	0.94	1.0	1.0	0.98	0.94	0.98	1.0	1.0	0.98	0.98	1.0	0.96	1.0	0.9
6900	1.0	0.9	0.96	1.0	0.98	0.96	0.94	0.96	1.0	1.0	1.0	0.98	1.0	0.96	1.0	0.9
6950	1.0	0.9	0.98	1.0	0.98	0.96	0.92	0.96	1.0	1.0	1.0	0.98	1.0	0.94	1.0	0.9
7000	1.0	0.9	0.98	1.0	0.98	0.96	0.92	0.96	1.0	1.0	1.0	0.98	1.0	0.94	1.0	0.92
7050	1.0	0.94	0.98	1.0	0.98	0.94	0.92	0.96	1.0	1.0	0.98	0.98	1.0	0.94	1.0	0.94
7100	1.0	0.94	0.98	1.0	0.98	0.94	0.96	0.98	1.0	1.0	0.98	1.0	1.0	0.94	1.0	0.94
7150	1.0	0.96	1.0	1.0	0.98	0.96	0.96	0.98	1.0	1.0	0.98	1.0	1.0	0.94	1.0	0.94
7200	1.0	0.96	1.0	1.0	0.98	0.96	0.96	0.98	1.0	1.0	0.98	1.0	1.0	0.94	1.0	1.0
7250	1.0	0.96	1.0	1.0	0.96	0.96	0.96	0.98	1.0	1.0	0.98	1.0	1.0	0.94	1.0	1.0
7300	1.0	0.96	1.0	1.0	0.96	0.96	0.98	0.98	1.0	1.0	0.98	1.0	1.0	0.94	1.0	1.0
7350	1.0	0.96	1.0	1.0	0.96	0.96	0.98	0.98	1.0	1.0	0.98	1.0	1.0	0.94	0.96	0.96
7400	1.0	0.96	1.0	1.0	0.96	0.96	0.98	0.96	1.0	1.0	0.98	1.0	1.0	0.94	0.96	0.96
7450	1.0	0.94	1.0	1.0	0.96	0.96	0.98	0.96	1.0	1.0	0.98	1.0	1.0	0.96	0.96	0.96
7500	1.0	0.94	1.0	1.0	0.96	0.96	0.98	0.92	1.0	1.0	0.98	1.0	1.0	0.96	0.96	0.96
7550	1.0	0.94	1.0	1.0	0.96	0.96	0.98	0.94	1.0	1.0	0.98	1.0	1.0	0.96	0.96	0.96
7600	1.0	0.94	1.0	1.0	0.96	0.96	1.0	0.94	1.0	1.0	0.98	1.0	1.0	0.98	0.96	0.96
7650	1.0	0.94	1.0	0.98	0.96	0.96	1.0	0.94	1.0	1.0	0.98	1.0	1.0	0.96	0.94	0.96
7700	1.0	0.94	1.0	0.98	0.98	0.96	1.0	0.94	1.0	1.0	0.98	1.0	1.0	0.98	0.94	0.96
7750	1.0	0.94	1.0	0.98	0.98	0.96	1.0	0.94	1.0	1.0	1.0	1.0	1.0	0.98	0.94	0.96
7800	1.0	0.94	1.0	0.98	0.98	0.96	1.0	0.94	1.0	1.0	1.0	1.0	1.0	0.96	0.94	0.96
7850	1.0	0.94	1.0	0.98	0.98	0.98	1.0	0.94	1.0	1.0	1.0	1.0	1.0	0.96	0.94	0.94
7900	1.0	0.96	1.0	0.98	0.96	0.98	1.0	0.94	1.0	1.0	1.0	1.0	1.0	0.96	0.94	0.94
7950	1.0	0.96	1.0	0.98	0.96	0.98	1.0	0.94	1.0	1.0	1.0	1.0	1.0	0.96	0.94	0.94
8000	1.0	0.96	1.0	0.98	0.98	0.98	1.0	0.94	1.0	1.0	1.0	1.0	1.0	0.96	0.98	0.94
8050	1.0	0.94	1.0	0.98	0.98	1.0	1.0	0.94	1.0	1.0	1.0	1.0	1.0	0.96	0.96	0.94
8100	1.0	0.96	1.0	0.98	0.98	1.0	1.0	0.94	1.0	1.0	1.0	1.0	1.0	0.94	0.96	0.94
8150	1.0	0.96	1.0	0.98	0.98	1.0	1.0	0.92	1.0	1.0	1.0	1.0	1.0	0.94	0.94	0.94
8200	1.0	0.98	1.0	0.98	0.96	1.0	1.0	0.94	1.0	1.0	1.0	1.0	1.0	0.94	0.94	0.94
8250	1.0	0.98	1.0	0.98	0.96	0.98	1.0	0.94	1.0	1.0	1.0	1.0	1.0	0.96	0.94	0.98
8300	1.0	0.96	1.0	0.98	0.96	0.98	1.0	0.94	1.0	1.0	1.0	1.0	1.0	0.96	0.94	0.98
8350	1.0	0.96	1.0	0.98	0.96	0.98	1.0	0.98	1.0	1.0	1.0	1.0	1.0	0.96	0.96	0.96
8400	1.0	0.94	1.0	0.98	0.94	0.98	1.0	0.98	1.0	1.0	1.0	1.0	1.0	0.96	0.96	0.96
8450	1.0	0.94	1.0	0.98	0.92	0.98	1.0	0.98	1.0	1.0	1.0	1.0	1.0	0.98	0.94	0.96
8500	1.0	0.92	1.0	1.0	0.92	0.98	1.0	0.98	1.0	1.0	1.0	1.0	1.0	0.98	0.94	0.96
8550	1.0	0.92	1.0	1.0	0.92	0.98	1.0	0.98	1.0	1.0	1.0	1.0	1.0	0.98	0.94	0.94
8600	0.98	0.92	1.0	1.0	0.92	0.98	1.0	0.98	1.0	1.0	1.0	1.0	1.0	0.98	0.92	0.94
8650	0.98	0.92	1.0	1.0	0.92	0.98	1.0	0.98	1.0	1.0	1.0	1.0	1.0	0.98	0.92	0.94
8700	0.98	0.92	1.0	1.0	0.94	0.98	1.0	0.98	1.0	1.0	1.0	1.0	1.0	1.0	0.92	0.94
8750	0.98	0.92	1.0	1.0	0.94	0.98	1.0	0.98	1.0	1.0	1.0	1.0	1.0	1.0	0.92	0.94
8800	0.98	0.92	1.0	1.0	0.94	0.98	1.0	0.96	1.0	1.0	1.0	1.0	1.0	1.0	0.92	0.96
8850	0.98	0.92	1.0	1.0	0.94	0.98	1.0	0.94	1.0	1.0	1.0	1.0	1.0	1.0	0.92	0.96
8900	0.98	0.94	1.0	1.0	0.94	0.98	1.0	0.94	1.0	1.0	1.0	1.0	1.0	1.0	0.92	0.96
8950	0.98	0.94	1.0	1.0	0.94	0.98	1.0	0.92	1.0	1.0	1.0	1.0	1.0	1.0	0.94	0.96
9000	0.98	0.94	1.0	1.0	0.94	0.98	1.0	0.92	1.0	1.0	1.0	1.0	1.0	0.98	0.94	0.96
9050	0.98	0.92	1.0	1.0	0.96	0.98	1.0	0.9	1.0	1.0	1.0	1.0	1.0	0.98	0.92	0.96
9100	0.98	0.92	1.0	1.0	0.96	1.0	1.0	0.88	1.0	1.0	1.0	1.0	1.0	0.98	0.92	0.96
9150	0.98	0.92	1.0	1.0	0.96	1.0	1.0	0.88	1.0	1.0	1.0	1.0	1.0	0.98	0.92	0.96
9200	0.98	0.92	1.0	1.0	0.96	1.0	1.0	0.88	1.0	1.0	0.98	1.0	1.0	0.98	0.94	0.96
9250	0.98	0.94	1.0	1.0	0.96	1.0	1.0	0.88	1.0	1.0	0.98	1.0	1.0	0.98	0.94	0.94
9300	0.98	0.94	1.0	1.0	0.96	1.0	1.0	0.88	1.0	1.0	0.98	1.0	1.0	0.98	0.94	0.96
9350	1.0	0.92	1.0	1.0	0.98	1.0	1.0	0.88	1.0	1.0	0.98	1.0	1.0	0.98	0.96	0.96
9400	1.0	0.94	1.0	1.0	0.98	1.0	1.0	0.88	1.0	1.0	0.98	1.0	1.0	0.96	0.96	0.96
9450	1.0	0.96	1.0	1.0	0.98	1.0	1.0	0.88	1.0	1.0	0.98	1.0	1.0	0.96	0.96	0.98
9500	0.98	0.96	1.0	0.98	1.0	1.0	1.0	0.9	1.0	1.0	0.98	1.0	1.0	0.96	0.96	0.98
9550	0.98	0.96	1.0	0.98	1.0	1.0	1.0	0.92	1.0	1.0	0.98	1.0	1.0	0.96	0.98	0.98
9600	0.98	0.96	1.0	0.98	1.0	1.0	1.0	0.94	1.0	1.0	0.98	1.0	1.0	0.96	0.98	0.98
9650	0.98	0.98	1.0	0.98	1.0	1.0	1.0	0.96	1.0	1.0	0.98	1.0	1.0	0.96	0.98	0.98
9700	0.98	0.98	1.0	0.98	1.0	1.0	1.0	0.96	1.0	1.0	0.98	1.0	1.0	0.96	0.98	0.98
9750	0.98	0.98	1.0	0.98	1.0	1.0	1.0	0.98	1.0	1.0	0.98	1.0	1.0	0.96	0.98	0.98
9800	0.98	0.98	1.0	0.98	1.0	1.0	1.0	1.0	1.0	1.0	0.98	1.0	1.0	0.98	1.0	0.98
9850	0.98	0.98	1.0	0.98	1.0	1.0	1.0	1.0	1.0	1.0	0.98	1.0	1.0	0.98	1.0	0.98
9900	0.98	1.0	1.0	0.98	1.0	1.0	1.0	1.0	1.0	1.0	1.0	1.0	1.0	0.98	1.0	0.98
9950	0.98	1.0	1.0	0.96	1.0	1.0	0.98	1.0	1.0	1.0	1.0	1.0	1.0	0.98	1.0	0.98
10000	0.98	1.0	1.0	0.96	1.0	1.0	0.98	1.0	1.0	1.0	1.0	1.0	1.0	0.98	1.0	0.98
10050	0.98	1.0	1.0	0.96	1.0	1.0	0.98	1.0	1.0	1.0	1.0	1.0	1.0	0.98	1.0	0.98
10100	0.98	0.98	1.0	0.96	1.0	1.0	0.98	1.0	1.0	1.0	1.0	1.0	1.0	0.98	1.0	1.0
10150	0.98	0.98	1.0	0.96	1.0	1.0	0.98	1.0	0.96	1.0	1.0	1.0	1.0	0.96	1.0	1.0
10200	0.98	0.98	1.0	0.96	1.0	1.0	0.98	1.0	0.96	1.0	1.0	1.0	1.0	0.96	1.0	1.0
10250	0.98	0.98	1.0	0.96	1.0	1.0	0.98	1.0	0.96	1.0	1.0	1.0	1.0	0.96	1.0	1.0
10300	1.0	0.98	1.0	0.96	1.0	1.0	0.98	1.0	0.96	1.0	1.0	1.0	1.0	0.96	1.0	1.0
10350	1.0	0.98	1.0	0.98	1.0	1.0	0.98	1.0	0.96	1.0	1.0	1.0	1.0	0.96	1.0	1.0
10400	1.0	0.98	1.0	0.98	1.0	1.0	0.98	1.0	0.96	1.0	1.0	1.0	1.0	0.96	1.0	0.98
10450	1.0	0.98	1.0	0.96	1.0	0.98	0.98	1.0	0.96	1.0	1.0	1.0	1.0	0.98	1.0	0.98
10500	1.0	0.98	1.0	0.96	1.0	0.98	0.98	1.0	0.96	1.0	1.0	1.0	1.0	0.98	1.0	0.98
10550	1.0	0.98	1.0	0.96	1.0	0.98	0.98	1.0	0.96	1.0	1.0	1.0	1.0	0.98	1.0	0.98
10600	1.0	0.98	1.0	0.96	1.0	0.98	0.98	1.0	0.96	1.0	1.0	1.0	1.0	0.98	1.0	0.98
10650	1.0	0.98	0.98	0.98	1.0	0.98	0.98	1.0	0.96	1.0	1.0	1.0	1.0	0.98	1.0	0.98
10700	1.0	0.98	0.98	0.98	1.0	0.98	1.0	1.0	0.98	1.0	1.0	1.0	1.0	0.98	1.0	0.98
10750	1.0	0.98	0.98	0.98	1.0	0.98	1.0	1.0	1.0	1.0	1.0	1.0	1.0	0.98	1.0	0.98
10800	1.0	0.98	0.98	0.98	1.0	0.98	1.0	1.0	1.0	1.0	1.0	1.0	1.0	0.98	1.0	0.98
10850	1.0	0.98	0.98	0.98	1.0	0.98	1.0	1.0	1.0	1.0	1.0	1.0	1.0	0.98	1.0	0.98
10900	1.0	1.0	0.98	0.98	1.0	0.98	1.0	1.0	1.0	1.0	1.0	1.0	1.0	0.98	1.0	0.98
10950	1.0	1.0	0.98	0.98	1.0	0.98	1.0	1.0	1.0	1.0	1.0	1.0	1.0	0.96	1.0	0.98
11000	1.0	1.0	0.98	0.98	1.0	0.98	1.0	1.0	1.0	1.0	1.0	1.0	1.0	0.96	1.0	0.98
11050	1.0	1.0	0.98	0.98	0.98	0.96	1.0	1.0	1.0	1.0	1.0	1.0	1.0	0.96	1.0	0.98
11100	1.0	1.0	0.98	0.98	0.98	0.96	1.0	1.0	1.0	1.0	1.0	1.0	1.0	0.96	1.0	1.0
11150	1.0	1.0	0.98	0.96	0.98	0.96	1.0	1.0	1.0	1.0	0.98	1.0	1.0	0.98	1.0	1.0
11200	0.96	1.0	0.98	0.98	0.98	0.96	1.0	1.0	1.0	1.0	0.98	1.0	1.0	0.96	1.0	1.0
11250	0.94	1.0	0.98	0.98	0.98	0.96	1.0	1.0	1.0	1.0	0.98	1.0	1.0	0.96	1.0	1.0
11300	0.94	1.0	1.0	0.98	0.98	0.96	1.0	1.0	1.0	1.0	0.98	1.0	1.0	0.96	1.0	1.0
11350	0.94	1.0	1.0	0.98	0.98	0.98	1.0	1.0	1.0	1.0	0.98	1.0	1.0	0.96	1.0	1.0
11400	0.92	1.0	1.0	0.98	0.98	0.98	1.0	1.0	1.0	1.0	0.98	1.0	1.0	0.96	1.0	1.0
11450	0.9	1.0	1.0	0.98	0.98	0.98	1.0	1.0	1.0	1.0	0.98	1.0	1.0	0.96	1.0	1.0
11500	0.9	1.0	1.0	0.98	0.98	0.98	1.0	1.0	1.0	1.0	0.98	1.0	1.0	0.96	1.0	1.0
11550	0.9	1.0	1.0	0.98	0.98	0.98	1.0	1.0	1.0	1.0	0.98	1.0	1.0	0.96	1.0	1.0
11600	0.86	1.0	1.0	0.98	0.96	0.98	0.98	1.0	1.0	1.0	0.98	1.0	1.0	0.96	1.0	1.0
11650	0.84	1.0	1.0	0.98	0.96	0.98	0.98	1.0	1.0	1.0	0.98	1.0	1.0	0.96	1.0	1.0
11700	0.84	1.0	1.0	0.98	0.96	0.98	0.98	1.0	1.0	1.0	0.98	1.0	1.0	0.96	1.0	1.0
11750	0.84	1.0	1.0	0.98	0.96	0.98	0.98	1.0	1.0	1.0	0.98	1.0	1.0	0.96	1.0	1.0
11800	0.82	1.0	1.0	0.98	0.98	0.98	0.98	1.0	1.0	1.0	0.98	1.0	1.0	0.96	1.0	1.0
11850	0.84	1.0	1.0	0.98	0.96	0.98	0.98	1.0	1.0	1.0	0.98	1.0	1.0	0.98	1.0	1.0
11900	0.84	0.98	1.0	0.98	0.96	1.0	0.98	1.0	1.0	1.0	0.98	1.0	1.0	0.98	1.0	0.98
11950	0.82	0.98	1.0	0.98	0.96	1.0	0.98	1.0	1.0	1.0	0.98	1.0	1.0	0.96	1.0	0.98
12000	0.8	0.98	1.0	0.98	0.94	1.0	0.98	1.0	1.0	1.0	0.98	1.0	1.0	0.96	0.98	0.98
12050	0.82	0.98	1.0	0.98	0.94	1.0	0.98	1.0	1.0	1.0	0.98	1.0	1.0	0.96	0.98	0.98
12100	0.82	0.98	1.0	0.98	0.94	1.0	0.98	1.0	1.0	1.0	0.98	1.0	1.0	0.96	0.98	0.98
12150	0.82	0.98	1.0	0.96	0.94	1.0	0.98	1.0	1.0	1.0	0.98	1.0	1.0	0.96	0.98	0.98
12200	0.82	0.98	1.0	0.96	0.94	1.0	0.98	1.0	1.0	1.0	0.98	1.0	1.0	0.96	0.98	0.98
12250	0.82	0.98	1.0	0.96	0.96	1.0	0.98	1.0	1.0	1.0	0.98	1.0	1.0	0.96	0.98	0.98
12300	0.82	0.98	1.0	0.96	0.96	0.98	0.98	1.0	1.0	1.0	0.98	1.0	1.0	0.96	0.98	0.98
12350	0.84	0.98	1.0	0.96	0.94	0.98	1.0	0.98	1.0	1.0	0.98	1.0	1.0	0.96	0.98	0.98
12400	0.86	0.98	1.0	0.94	0.94	0.98	1.0	0.98	1.0	1.0	0.98	1.0	1.0	0.96	0.98	0.98
12450	0.86	0.98	1.0	0.94	0.94	0.98	1.0	0.98	1.0	1.0	0.98	1.0	1.0	0.98	0.98	0.98
12500	0.88	0.98	1.0	0.94	0.94	0.98	1.0	0.98	1.0	1.0	0.98	1.0	1.0	0.98	0.98	0.98
12550	0.9	0.98	1.0	0.94	0.96	0.98	1.0	0.98	1.0	1.0	0.98	1.0	1.0	0.98	0.98	0.98
12600	0.9	0.98	1.0	0.94	0.96	0.98	1.0	0.98	1.0	1.0	0.98	0.98	1.0	0.98	0.98	0.98
12650	0.9	0.96	1.0	0.94	0.96	0.98	1.0	0.98	1.0	1.0	0.98	0.98	1.0	0.98	0.98	0.98
12700	0.92	0.96	1.0	0.92	0.98	0.98	1.0	0.98	1.0	1.0	0.98	0.98	1.0	0.98	0.98	1.0
12750	0.92	0.98	1.0	0.92	0.98	0.98	1.0	0.98	1.0	1.0	0.98	0.98	1.0	0.98	0.98	1.0
12800	0.96	0.98	1.0	0.94	0.98	0.98	1.0	0.98	1.0	1.0	1.0	0.98	1.0	1.0	0.98	1.0
12850	0.98	0.98	1.0	0.94	0.98	0.98	1.0	0.98	1.0	0.98	1.0	0.98	0.98	1.0	1.0	1.0
12900	0.98	0.98	1.0	0.94	0.98	0.98	1.0	0.98	0.98	0.98	1.0	0.98	0.98	1.0	1.0	1.0
12950	0.98	0.98	1.0	0.96	0.98	0.98	1.0	1.0	0.98	0.98	1.0	0.96	0.98	1.0	1.0	1.0
13000	0.96	0.98	1.0	0.96	0.98	0.98	1.0	1.0	0.98	0.98	1.0	0.96	0.98	1.0	1.0	1.0
13050	0.96	0.98	1.0	0.96	0.98	0.98	1.0	1.0	0.98	0.98	1.0	0.96	0.98	1.0	1.0	1.0
13100	0.96	0.98	1.0	0.96	0.98	0.98	0.98	1.0	0.98	0.98	1.0	0.96	0.98	1.0	0.98	1.0
13150	0.96	0.98	1.0	0.96	1.0	0.98	0.98	1.0	0.96	0.98	1.0	0.96	0.98	1.0	0.98	1.0
13200	0.96	0.96	1.0	0.96	1.0	0.98	0.98	1.0	0.96	0.98	1.0	0.96	0.98	0.98	0.98	1.0
13250	0.94	0.96	1.0	0.96	0.98	1.0	0.98	1.0	0.96	0.98	1.0	0.96	0.98	0.98	0.98	1.0
13300	0.94	0.96	1.0	0.96	0.98	0.98	0.98	1.0	0.96	0.98	1.0	0.96	0.98	0.98	0.98	1.0
13350	0.94	0.98	1.0	0.98	0.98	0.98	0.98	1.0	0.96	0.98	1.0	0.98	0.98	0.98	0.98	1.0
13400	0.94	0.98	1.0	0.98	0.98	0.96	0.98	1.0	0.94	0.98	1.0	0.98	0.98	0.98	0.98	1.0
13450	0.94	0.98	1.0	0.98	0.98	0.96	0.98	1.0	0.94	0.98	1.0	0.98	0.98	0.98	0.98	1.0
13500	0.96	0.98	1.0	0.98	0.98	0.96	0.98	1.0	0.94	0.98	1.0	0.98	0.98	0.98	0.98	1.0
13550	0.96	0.98	1.0	0.98	0.98	0.96	0.98	1.0	0.94	0.98	1.0	0.98	1.0	0.98	0.98	1.0
13600	0.96	0.98	1.0	0.98	0.98	0.96	0.98	1.0	0.96	1.0	1.0	0.98	1.0	0.98	0.98	1.0
13650	0.94	0.98	1.0	1.0	0.98	0.96	0.98	1.0	0.96	1.0	1.0	0.98	1.0	0.98	0.98	1.0
13700	0.94	0.98	1.0	0.98	0.98	0.96	0.98	1.0	0.96	1.0	1.0	0.98	1.0	0.98	0.98	1.0
13750	0.94	0.98	1.0	0.94	0.98	0.96	0.98	1.0	0.96	1.0	1.0	0.98	1.0	0.98	0.98	1.0
13800	0.94	0.98	1.0	0.92	0.98	0.96	0.98	1.0	0.96	1.0	1.0	1.0	1.0	0.98	0.98	1.0
13850	0.94	0.98	1.0	0.92	0.98	0.96	0.98	1.0	0.96	1.0	0.98	1.0	1.0	0.98	0.98	1.0
13900	0.94	0.98	1.0	0.92	0.98	0.98	1.0	1.0	0.96	1.0	0.98	1.0	1.0	0.98	0.98	0.98
13950	0.96	1.0	1.0	0.92	0.98	0.98	1.0	1.0	0.98	1.0	0.98	1.0	1.0	0.98	1.0	0.98
14000	0.96	1.0	1.0	0.92	0.98	0.98	1.0	1.0	0.98	1.0	0.98	1.0	1.0	0.94	1.0	0.98
14050	0.96	1.0	1.0	0.92	0.98	0.98	1.0	1.0	0.98	1.0	0.98	1.0	1.0	0.96	1.0	0.98
14100	0.94	1.0	1.0	0.92	0.96	1.0	1.0	1.0	0.98	1.0	0.98	1.0	1.0	0.96	1.0	0.98
14150	0.96	1.0	1.0	0.92	0.98	1.0	0.98	1.0	1.0	1.0	0.98	1.0	1.0	0.96	1.0	0.98
14200	0.94	1.0	1.0	0.92	0.98	1.0	0.98	1.0	1.0	1.0	0.98	1.0	1.0	0.96	0.98	0.98
14250	0.94	1.0	1.0	0.92	0.98	1.0	0.98	1.0	1.0	1.0	0.98	1.0	1.0	0.96	0.98	0.98
14300	0.94	1.0	1.0	0.92	0.98	1.0	0.98	1.0	1.0	1.0	0.98	1.0	1.0	0.96	0.98	0.98
14350	0.94	1.0	1.0	0.92	0.98	1.0	0.98	1.0	1.0	1.0	0.98	1.0	1.0	0.96	0.98	0.98
14400	0.94	1.0	1.0	0.92	0.98	1.0	0.96	1.0	1.0	1.0	0.98	1.0	1.0	0.96	0.98	0.98
14450	0.94	1.0	1.0	0.94	0.96	1.0	0.96	0.98	1.0	1.0	0.98	1.0	1.0	0.96	0.98	0.98
14500	0.94	1.0	1.0	0.98	0.96	1.0	0.96	0.98	1.0	1.0	0.98	1.0	1.0	0.96	0.98	0.98
14550	0.94	1.0	1.0	1.0	0.96	1.0	0.96	0.98	1.0	1.0	0.98	1.0	1.0	0.96	0.98	0.98
14600	0.94	1.0	1.0	1.0	0.96	1.0	0.96	0.98	1.0	1.0	0.98	1.0	1.0	0.96	0.98	0.96
14650	0.96	1.0	1.0	1.0	0.96	1.0	0.96	0.98	1.0	1.0	0.98	1.0	1.0	0.96	0.98	0.98
14700	0.94	1.0	1.0	1.0	0.96	1.0	0.96	0.98	1.0	1.0	0.98	1.0	1.0	0.96	0.98	0.98
14750	0.94	1.0	1.0	1.0	0.96	1.0	0.96	0.98	1.0	1.0	0.98	1.0	1.0	0.96	0.98	0.98
14800	0.9	1.0	1.0	1.0	0.96	1.0	0.96	0.98	1.0	1.0	0.98	1.0	1.0	0.96	0.98	0.98
14850	0.9	1.0	1.0	0.98	0.96	1.0	0.96	0.98	1.0	1.0	0.98	1.0	1.0	1.0	0.98	0.98
14900	0.9	1.0	1.0	0.98	0.98	1.0	0.98	0.98	1.0	1.0	0.98	1.0	1.0	1.0	0.98	0.98
14950	0.9	1.0	1.0	0.98	0.98	1.0	0.98	0.98	1.0	1.0	0.98	1.0	1.0	1.0	1.0	0.98
15000	0.86	1.0	1.0	0.98	0.98	1.0	0.98	0.98	1.0	1.0	0.96	1.0	1.0	1.0	1.0	0.98
15050	0.88	1.0	1.0	0.98	0.98	1.0	0.98	0.98	1.0	1.0	0.96	1.0	1.0	1.0	1.0	0.98
15100	0.88	1.0	1.0	0.98	0.98	1.0	1.0	0.98	1.0	1.0	0.96	1.0	1.0	1.0	1.0	0.98
15150	0.9	1.0	1.0	0.98	1.0	1.0	1.0	0.98	1.0	1.0	0.96	1.0	1.0	0.98	1.0	0.98
15200	0.9	1.0	1.0	0.98	1.0	1.0	1.0	0.98	1.0	1.0	0.96	1.0	1.0	0.98	1.0	0.98
15250	0.88	1.0	1.0	0.96	1.0	1.0	1.0	1.0	1.0	1.0	0.96	1.0	1.0	0.98	1.0	0.98
15300	0.86	1.0	1.0	0.96	1.0	1.0	1.0	1.0	1.0	1.0	0.96	1.0	1.0	0.98	1.0	0.98
15350	0.86	1.0	1.0	0.96	1.0	0.98	1.0	1.0	1.0	1.0	0.96	1.0	1.0	0.98	1.0	1.0
15400	0.84	1.0	1.0	0.94	1.0	0.98	0.98	1.0	1.0	1.0	0.96	1.0	1.0	0.96	1.0	1.0
15450	0.84	1.0	1.0	0.94	1.0	0.98	0.98	1.0	1.0	1.0	0.96	1.0	1.0	0.96	1.0	1.0
15500	0.86	1.0	1.0	0.94	1.0	0.98	0.98	1.0	1.0	1.0	0.96	1.0	1.0	0.96	1.0	1.0
15550	0.84	1.0	1.0	0.94	1.0	0.98	0.98	1.0	1.0	1.0	0.96	1.0	1.0	0.96	1.0	1.0
15600	0.84	1.0	1.0	0.94	0.96	0.98	0.98	1.0	1.0	1.0	0.96	0.98	1.0	0.96	1.0	1.0
15650	0.86	1.0	1.0	0.92	0.96	0.98	0.98	1.0	1.0	1.0	0.98	0.98	1.0	0.96	1.0	1.0
15700	0.88	1.0	1.0	0.94	0.94	0.98	0.98	1.0	1.0	1.0	0.98	0.98	1.0	0.96	1.0	1.0
15750	0.86	1.0	1.0	0.92	0.94	0.96	0.98	1.0	1.0	1.0	0.96	0.98	1.0	0.94	1.0	1.0
15800	0.86	1.0	1.0	0.92	0.94	0.96	0.98	1.0	1.0	1.0	0.98	0.98	1.0	0.94	1.0	1.0
15850	0.86	1.0	1.0	0.92	0.94	0.96	0.98	1.0	1.0	1.0	0.96	0.98	1.0	0.94	1.0	1.0
15900	0.86	1.0	1.0	0.92	0.94	0.94	0.98	1.0	1.0	1.0	0.94	0.98	1.0	0.92	1.0	1.0
15950	0.9	1.0	1.0	0.92	0.94	0.94	0.98	1.0	1.0	1.0	0.94	0.98	1.0	0.92	1.0	1.0
16000	0.9	1.0	1.0	0.92	0.94	0.94	0.98	1.0	1.0	1.0	0.94	0.98	1.0	0.92	1.0	1.0
16050	0.88	1.0	1.0	0.92	0.94	0.94	1.0	1.0	1.0	1.0	0.92	0.98	1.0	0.94	1.0	1.0
16100	0.88	1.0	1.0	0.94	0.94	0.94	0.98	1.0	1.0	1.0	0.92	0.98	1.0	0.94	1.0	1.0
16150	0.86	1.0	1.0	0.94	0.94	0.94	0.98	1.0	1.0	1.0	0.92	0.98	1.0	0.94	1.0	1.0
16200	0.86	1.0	1.0	0.94	0.94	0.94	0.98	1.0	1.0	1.0	0.92	0.98	1.0	0.94	1.0	1.0
16250	0.86	1.0	1.0	0.96	0.96	0.94	0.98	1.0	1.0	1.0	0.92	0.98	1.0	0.96	1.0	1.0
16300	0.86	1.0	1.0	0.96	0.98	0.96	0.98	1.0	1.0	1.0	0.92	0.98	1.0	0.94	1.0	1.0
16350	0.86	1.0	1.0	0.96	0.98	0.96	0.98	1.0	1.0	1.0	0.92	0.98	1.0	0.94	1.0	1.0
16400	0.86	1.0	1.0	0.96	1.0	0.96	0.96	1.0	1.0	1.0	0.92	1.0	1.0	0.92	1.0	1.0
16450	0.86	1.0	0.98	0.96	1.0	0.96	0.94	1.0	1.0	1.0	0.92	1.0	1.0	0.92	1.0	1.0
16500	0.88	1.0	0.98	0.94	1.0	0.96	0.94	1.0	1.0	1.0	0.92	1.0	1.0	0.92	1.0	1.0
16550	0.86	1.0	0.98	0.94	1.0	0.96	0.94	1.0	1.0	1.0	0.94	0.98	1.0	0.92	1.0	1.0
16600	0.86	1.0	0.98	0.92	1.0	0.96	0.94	1.0	1.0	1.0	0.94	0.98	1.0	0.92	1.0	1.0
16650	0.86	1.0	0.98	0.94	1.0	0.96	0.94	1.0	1.0	1.0	0.96	0.98	1.0	0.94	1.0	0.98
16700	0.86	1.0	0.98	0.94	1.0	0.96	0.92	1.0	1.0	1.0	0.98	0.98	1.0	0.94	1.0	0.98
16750	0.86	1.0	0.98	0.94	1.0	0.96	0.92	1.0	1.0	1.0	0.98	0.98	1.0	0.94	1.0	0.96
16800	0.88	1.0	0.98	0.94	1.0	0.98	0.94	1.0	1.0	1.0	0.98	0.98	1.0	0.94	1.0	0.96
16850	0.88	1.0	0.98	0.96	1.0	0.98	0.94	1.0	1.0	1.0	0.98	0.98	1.0	0.94	1.0	0.96
16900	0.84	0.98	0.98	0.96	1.0	1.0	0.94	1.0	1.0	1.0	1.0	0.98	1.0	0.94	1.0	0.96
16950	0.84	0.98	0.98	0.94	1.0	1.0	0.94	1.0	1.0	1.0	1.0	0.98	1.0	0.94	1.0	0.96
17000	0.84	0.98	0.98	0.92	1.0	1.0	0.94	1.0	1.0	1.0	1.0	0.98	1.0	0.94	1.0	0.96
17050	0.82	0.98	0.98	0.92	1.0	1.0	0.96	1.0	1.0	1.0	1.0	0.98	1.0	0.94	0.98	0.96
17100	0.84	0.98	0.98	0.92	1.0	1.0	0.96	1.0	1.0	1.0	1.0	0.98	1.0	0.94	0.98	0.96
17150	0.82	0.98	0.98	0.92	1.0	1.0	0.96	1.0	1.0	1.0	1.0	0.98	1.0	0.96	0.98	0.96
17200	0.82	0.96	1.0	0.92	1.0	1.0	0.96	1.0	1.0	1.0	1.0	0.98	1.0	0.98	0.98	0.96
17250	0.84	0.94	1.0	0.92	1.0	0.98	0.96	1.0	1.0	1.0	1.0	1.0	1.0	0.98	0.98	0.96
17300	0.82	0.94	1.0	0.92	1.0	0.98	0.96	1.0	1.0	1.0	1.0	1.0	1.0	0.98	0.98	0.96
17350	0.82	0.94	1.0	0.92	1.0	0.98	0.96	1.0	1.0	1.0	1.0	1.0	0.98	0.98	0.98	0.96
17400	0.78	0.94	1.0	0.92	1.0	0.98	0.96	1.0	1.0	1.0	1.0	1.0	0.98	0.98	0.98	0.98
17450	0.8	0.94	1.0	0.92	1.0	0.98	0.96	1.0	1.0	1.0	1.0	1.0	0.98	0.96	0.98	0.98
17500	0.8	0.94	1.0	0.94	1.0	0.98	0.96	1.0	1.0	1.0	0.98	1.0	0.98	0.96	0.98	0.98
17550	0.78	0.94	1.0	0.94	1.0	0.98	0.96	1.0	1.0	1.0	0.98	1.0	0.98	0.96	0.98	1.0
17600	0.76	0.94	1.0	0.94	1.0	0.98	0.96	1.0	1.0	1.0	0.98	1.0	0.98	0.96	0.98	1.0
17650	0.76	0.96	1.0	0.94	1.0	0.98	0.96	1.0	1.0	1.0	0.98	1.0	0.98	0.96	0.98	1.0
17700	0.8	0.96	1.0	0.94	1.0	0.98	0.96	1.0	1.0	1.0	0.98	1.0	0.98	0.96	0.96	1.0
17750	0.8	0.96	1.0	0.94	1.0	0.98	0.96	1.0	1.0	1.0	0.98	1.0	0.98	0.96	0.96	1.0
17800	0.82	0.94	1.0	0.96	1.0	0.98	0.96	1.0	1.0	1.0	0.98	1.0	0.98	0.96	0.96	1.0
17850	0.82	0.96	1.0	0.98	1.0	0.98	0.96	1.0	1.0	1.0	0.98	1.0	0.98	0.98	0.98	1.0
17900	0.82	0.96	1.0	0.98	1.0	0.96	0.96	1.0	1.0	1.0	0.98	1.0	0.98	0.98	0.98	1.0
17950	0.82	0.96	1.0	0.98	1.0	0.96	0.96	1.0	1.0	1.0	0.98	1.0	0.98	0.98	0.98	1.0
18000	0.82	0.96	1.0	0.98	1.0	0.96	0.98	1.0	1.0	1.0	0.98	1.0	0.98	0.98	0.98	1.0
18050	0.82	0.98	1.0	0.98	1.0	0.96	0.98	1.0	1.0	1.0	0.98	1.0	0.98	0.96	0.98	1.0
18100	0.84	0.98	1.0	0.98	1.0	0.96	0.96	1.0	1.0	1.0	0.98	1.0	0.98	0.96	0.98	1.0
18150	0.88	0.98	1.0	0.94	1.0	0.98	0.96	1.0	1.0	1.0	0.98	1.0	0.98	0.98	0.98	1.0
18200	0.88	0.98	1.0	0.94	1.0	0.98	0.96	1.0	1.0	1.0	0.98	1.0	0.98	0.98	0.98	1.0
18250	0.88	0.98	1.0	0.96	1.0	0.98	0.98	1.0	1.0	1.0	0.98	1.0	1.0	0.98	0.98	1.0
18300	0.88	0.98	1.0	0.96	1.0	0.98	0.98	1.0	1.0	1.0	1.0	1.0	1.0	0.98	0.98	1.0
18350	0.9	0.98	1.0	0.96	1.0	0.98	0.98	1.0	1.0	1.0	1.0	1.0	1.0	0.98	1.0	1.0
18400	0.9	0.98	1.0	0.96	1.0	0.98	0.98	1.0	1.0	1.0	1.0	1.0	1.0	0.98	1.0	1.0
18450	0.92	0.96	1.0	0.96	1.0	0.98	0.98	1.0	1.0	1.0	1.0	1.0	1.0	0.98	1.0	1.0
18500	0.92	0.96	1.0	0.96	1.0	0.98	0.98	1.0	1.0	1.0	1.0	1.0	1.0	0.98	1.0	1.0
18550	0.92	0.94	1.0	0.96	1.0	0.98	0.98	1.0	1.0	1.0	1.0	1.0	1.0	0.94	1.0	1.0
18600	0.9	0.94	1.0	0.96	1.0	0.98	0.96	1.0	1.0	1.0	1.0	1.0	1.0	0.94	1.0	1.0
18650	0.92	0.94	1.0	0.96	0.98	0.98	0.96	1.0	1.0	1.0	1.0	1.0	1.0	0.94	1.0	1.0
18700	0.92	0.96	1.0	0.96	0.98	0.98	0.96	1.0	1.0	1.0	1.0	1.0	1.0	0.94	1.0	1.0
18750	0.9	0.96	1.0	0.96	0.96	1.0	0.96	1.0	1.0	1.0	1.0	1.0	1.0	0.94	1.0	1.0
18800	0.9	0.96	1.0	0.96	0.96	1.0	0.96	1.0	1.0	1.0	1.0	1.0	1.0	0.96	1.0	1.0
18850	0.9	0.96	1.0	0.94	0.96	1.0	0.98	1.0	1.0	1.0	1.0	1.0	1.0	0.96	1.0	1.0
18900	0.9	0.96	1.0	0.94	0.96	1.0	0.98	1.0	1.0	1.0	1.0	1.0	1.0	0.96	1.0	1.0
18950	0.9	0.96	1.0	0.98	0.96	1.0	0.98	1.0	1.0	1.0	1.0	1.0	1.0	0.96	1.0	1.0
19000	0.88	0.96	1.0	0.98	0.96	1.0	0.98	1.0	1.0	1.0	1.0	1.0	1.0	0.96	1.0	1.0
19050	0.88	0.96	1.0	0.98	0.96	1.0	0.98	1.0	1.0	1.0	1.0	1.0	1.0	0.96	1.0	1.0
19100	0.88	0.94	1.0	0.96	0.96	1.0	0.98	1.0	1.0	1.0	1.0	1.0	1.0	0.96	1.0	1.0
19150	0.84	0.94	1.0	0.96	0.94	1.0	0.98	1.0	1.0	1.0	1.0	1.0	1.0	0.96	1.0	1.0
19200	0.84	0.94	1.0	0.96	0.94	1.0	0.98	1.0	1.0	1.0	1.0	1.0	1.0	0.96	1.0	1.0
19250	0.84	0.94	1.0	0.96	0.94	1.0	0.98	1.0	1.0	1.0	1.0	1.0	1.0	0.96	1.0	1.0
19300	0.82	0.94	1.0	0.96	0.94	1.0	0.98	1.0	1.0	1.0	1.0	1.0	1.0	0.96	1.0	1.0
19350	0.82	0.92	1.0	0.96	0.94	1.0	0.98	1.0	1.0	1.0	1.0	1.0	1.0	1.0	1.0	1.0
19400	0.82	0.94	1.0	0.96	0.94	1.0	0.98	1.0	1.0	1.0	0.98	1.0	1.0	1.0	1.0	1.0
19450	0.82	0.94	1.0	0.96	0.96	1.0	1.0	1.0	1.0	1.0	0.98	1.0	1.0	1.0	1.0	1.0
19500	0.82	0.96	1.0	0.96	0.94	1.0	1.0	1.0	1.0	1.0	0.98	1.0	1.0	1.0	1.0	1.0
19550	0.8	0.96	1.0	0.96	0.94	1.0	1.0	0.98	1.0	1.0	0.98	1.0	1.0	1.0	1.0	1.0
19600	0.8	0.96	1.0	0.96	0.94	1.0	1.0	0.98	1.0	1.0	0.98	1.0	1.0	1.0	1.0	1.0
19650	0.76	0.94	1.0	0.96	0.96	1.0	1.0	0.98	1.0	1.0	0.98	1.0	1.0	1.0	1.0	1.0
19700	0.8	0.94	1.0	0.96	0.96	1.0	1.0	0.98	1.0	1.0	0.98	1.0	1.0	1.0	1.0	1.0
19750	0.78	0.94	1.0	0.96	0.96	1.0	1.0	0.98	1.0	1.0	0.98	1.0	1.0	1.0	1.0	1.0
19800	0.76	0.94	1.0	0.98	0.96	1.0	1.0	0.98	1.0	1.0	0.98	1.0	1.0	1.0	1.0	1.0
19850	0.76	0.94	1.0	0.98	0.96	1.0	1.0	0.96	1.0	1.0	0.98	1.0	1.0	1.0	1.0	1.0
19900	0.78	0.94	1.0	0.98	0.94	1.0	1.0	0.94	1.0	1.0	0.98	1.0	1.0	1.0	0.98	1.0
19950	0.76	0.96	1.0	0.98	0.94	1.0	1.0	0.94	1.0	1.0	0.96	1.0	1.0	1.0	0.96	1.0
20000	0.76	0.96	1.0	0.98	0.94	1.0	1.0	0.92	1.0	1.0	0.96	1.0	1.0	1.0	0.96	1.0
