0	0.0	0.0	0.0	0.0	0.0	0.0	0.0	0.0	0.0	0.0	0.0	0.0	0.0	0.0	0.0	0.0
50	0.0	0.0	0.333333333333	0.0	0.0	0.0	0.0	0.0	0.0	0.2	0.0	0.25	0.0	0.0	0.25	0.0
100	0.0	0.0	0.166666666667	0.4	0.142857142857	0.181818181818	0.333333333333	0.0	0.666666666667	0.125	0.285714285714	0.4	0.428571428571	0.2	0.428571428571	0.0
150	0.125	0.166666666667	0.333333333333	0.4	0.363636363636	0.1875	0.285714285714	0.0	0.6	0.0909090909091	0.25	0.444444444444	0.583333333333	0.125	0.5	0.384615384615
200	0.25	0.153846153846	0.466666666667	0.5	0.357142857143	0.190476190476	0.25	0.3	0.5	0.0833333333333	0.272727272727	0.428571428571	0.571428571429	0.153846153846	0.538461538462	0.3125
250	0.285714285714	0.1875	0.444444444444	0.5	0.4	0.2	0.384615384615	0.272727272727	0.6	0.0714285714286	0.333333333333	0.473684210526	0.65	0.25	0.611111111111	0.333333333333
300	0.375	0.285714285714	0.473684210526	0.461538461538	0.470588235294	0.259259259259	0.466666666667	0.352941176471	0.75	0.176470588235	0.3125	0.5	0.681818181818	0.368421052632	0.565217391304	0.409090909091
350	0.375	0.444444444444	0.538461538462	0.5	0.590909090909	0.285714285714	0.555555555556	0.5	0.736842105263	0.166666666667	0.3125	0.52	0.708333333333	0.333333333333	0.6	0.458333333333
400	0.47619047619	0.516129032258	0.555555555556	0.5	0.655172413793	0.375	0.578947368421	0.541666666667	0.761904761905	0.210526315789	0.45	0.555555555556	0.740740740741	0.375	0.588235294118	0.407407407407
450	0.56	0.529411764706	0.53125	0.541666666667	0.666666666667	0.378378378378	0.608695652174	0.645161290323	0.782608695652	0.227272727273	0.45	0.571428571429	0.709677419355	0.423076923077	0.611111111111	0.428571428571
500	0.576923076923	0.527777777778	0.558823529412	0.535714285714	0.705882352941	0.378378378378	0.608695652174	0.6	0.785714285714	0.346153846154	0.444444444444	0.58064516129	0.6875	0.48275862069	0.636363636364	0.466666666667
550	0.666666666667	0.525	0.567567567568	0.51724137931	0.72972972973	0.368421052632	0.64	0.605263157895	0.78125	0.379310344828	0.464285714286	0.617647058824	0.714285714286	0.483870967742	0.666666666667	0.5
600	0.702702702703	0.555555555556	0.564102564103	0.516129032258	0.725	0.380952380952	0.62962962963	0.609756097561	0.787878787879	0.424242424242	0.516129032258	0.638888888889	0.722222222222	0.5	0.72	0.52380952381
650	0.725	0.551020408163	0.571428571429	0.545454545455	0.714285714286	0.4	0.69696969697	0.627906976744	0.75	0.432432432432	0.558823529412	0.615384615385	0.717948717949	0.564102564103	0.7	0.522727272727
700	0.731707317073	0.6	0.590909090909	0.594594594595	0.733333333333	0.4375	0.705882352941	0.652173913043	0.756097560976	0.45	0.583333333333	0.634146341463	0.727272727273	0.586956521739	0.7	0.531914893617
750	0.75	0.66	0.586956521739	0.585365853659	0.75	0.46	0.694444444444	0.68	0.744186046512	0.441860465116	0.634146341463	0.666666666667	0.739130434783	0.62	0.7	0.530612244898
800	0.717391304348	0.7	0.6	0.595238095238	0.8	0.48	0.694444444444	0.74	0.75	0.5	0.644444444444	0.68085106383	0.734693877551	0.68	0.7	0.54
850	0.74	0.74	0.66	0.630434782609	0.86	0.48	0.702702702703	0.74	0.744680851064	0.58	0.659574468085	0.673469387755	0.76	0.7	0.68	0.56
900	0.76	0.78	0.66	0.645833333333	0.9	0.52	0.744186046512	0.74	0.76	0.62	0.666666666667	0.7	0.78	0.7	0.64	0.6
950	0.76	0.78	0.7	0.66	0.94	0.54	0.733333333333	0.74	0.78	0.68	0.66	0.72	0.8	0.76	0.7	0.6
1000	0.78	0.78	0.74	0.68	0.92	0.56	0.744680851064	0.78	0.8	0.76	0.68	0.72	0.8	0.8	0.7	0.62
1050	0.8	0.78	0.78	0.7	0.92	0.56	0.72	0.82	0.8	0.76	0.74	0.72	0.8	0.84	0.7	0.62
1100	0.84	0.76	0.8	0.68	0.94	0.6	0.72	0.8	0.8	0.72	0.76	0.74	0.82	0.82	0.72	0.6
1150	0.86	0.72	0.8	0.74	0.92	0.6	0.76	0.8	0.8	0.7	0.76	0.74	0.82	0.82	0.68	0.62
1200	0.88	0.74	0.84	0.74	0.9	0.56	0.78	0.78	0.8	0.7	0.78	0.72	0.8	0.84	0.68	0.66
1250	0.9	0.76	0.84	0.76	0.88	0.6	0.78	0.78	0.8	0.68	0.78	0.74	0.8	0.82	0.68	0.66
1300	0.94	0.76	0.86	0.78	0.88	0.66	0.8	0.78	0.84	0.68	0.82	0.76	0.82	0.8	0.68	0.66
1350	0.92	0.78	0.88	0.78	0.84	0.62	0.76	0.84	0.86	0.68	0.82	0.76	0.82	0.78	0.68	0.68
1400	0.92	0.8	0.9	0.82	0.82	0.64	0.76	0.84	0.86	0.68	0.8	0.76	0.84	0.76	0.7	0.7
1450	0.9	0.82	0.9	0.82	0.8	0.64	0.76	0.84	0.88	0.68	0.82	0.76	0.8	0.76	0.7	0.7
1500	0.86	0.82	0.92	0.78	0.76	0.68	0.74	0.84	0.88	0.7	0.8	0.78	0.8	0.76	0.7	0.72
1550	0.86	0.82	0.9	0.74	0.76	0.7	0.72	0.78	0.88	0.68	0.76	0.78	0.8	0.76	0.68	0.76
1600	0.86	0.8	0.88	0.74	0.72	0.74	0.74	0.78	0.92	0.7	0.76	0.8	0.8	0.76	0.7	0.82
1650	0.86	0.78	0.88	0.74	0.74	0.76	0.74	0.8	0.92	0.7	0.74	0.8	0.84	0.76	0.7	0.84
1700	0.86	0.78	0.88	0.7	0.72	0.78	0.74	0.78	0.92	0.7	0.74	0.8	0.84	0.78	0.7	0.84
1750	0.84	0.8	0.86	0.72	0.72	0.76	0.74	0.8	0.9	0.7	0.76	0.8	0.82	0.8	0.74	0.84
1800	0.86	0.82	0.86	0.7	0.7	0.78	0.74	0.8	0.9	0.7	0.74	0.78	0.82	0.8	0.76	0.82
1850	0.86	0.8	0.86	0.7	0.72	0.76	0.84	0.78	0.92	0.74	0.76	0.8	0.82	0.8	0.74	0.84
1900	0.84	0.8	0.84	0.7	0.7	0.74	0.88	0.82	0.92	0.78	0.7	0.78	0.82	0.82	0.74	0.88
1950	0.82	0.82	0.82	0.68	0.68	0.74	0.88	0.8	0.92	0.8	0.72	0.8	0.8	0.78	0.74	0.88
2000	0.82	0.84	0.84	0.66	0.68	0.74	0.86	0.78	0.92	0.82	0.72	0.8	0.82	0.82	0.72	0.86
2050	0.82	0.84	0.84	0.62	0.66	0.76	0.86	0.78	0.92	0.82	0.76	0.8	0.8	0.82	0.74	0.86
2100	0.84	0.82	0.86	0.62	0.64	0.78	0.86	0.78	0.9	0.84	0.76	0.76	0.8	0.82	0.74	0.84
2150	0.84	0.82	0.86	0.62	0.62	0.78	0.9	0.78	0.94	0.88	0.74	0.74	0.82	0.82	0.74	0.82
2200	0.86	0.82	0.86	0.64	0.62	0.8	0.9	0.78	0.94	0.88	0.76	0.76	0.82	0.84	0.76	0.8
2250	0.88	0.82	0.86	0.64	0.62	0.76	0.92	0.82	0.94	0.9	0.76	0.74	0.8	0.86	0.74	0.8
2300	0.88	0.82	0.86	0.64	0.62	0.76	0.92	0.84	0.94	0.9	0.8	0.74	0.78	0.9	0.74	0.78
2350	0.88	0.84	0.82	0.6	0.6	0.7	0.92	0.82	0.94	0.9	0.78	0.74	0.78	0.94	0.72	0.76
2400	0.88	0.86	0.78	0.62	0.62	0.7	0.94	0.82	0.94	0.9	0.78	0.74	0.78	0.96	0.72	0.7
2450	0.88	0.88	0.8	0.62	0.58	0.7	0.94	0.82	0.96	0.9	0.78	0.7	0.76	0.96	0.74	0.72
2500	0.86	0.9	0.8	0.6	0.58	0.7	0.94	0.78	0.96	0.9	0.78	0.7	0.74	0.94	0.78	0.7
2550	0.86	0.86	0.8	0.62	0.6	0.78	0.94	0.78	0.92	0.9	0.8	0.7	0.78	0.94	0.8	0.72
2600	0.86	0.86	0.8	0.64	0.64	0.76	0.94	0.78	0.92	0.92	0.8	0.68	0.78	0.94	0.8	0.72
2650	0.86	0.9	0.78	0.64	0.64	0.76	0.94	0.8	0.94	0.92	0.82	0.66	0.8	0.94	0.78	0.7
2700	0.86	0.9	0.8	0.64	0.64	0.8	0.94	0.8	0.94	0.92	0.86	0.68	0.8	0.98	0.78	0.68
2750	0.88	0.92	0.78	0.66	0.66	0.8	0.94	0.82	0.92	0.92	0.88	0.68	0.8	0.96	0.8	0.7
2800	0.88	0.94	0.8	0.66	0.68	0.76	0.94	0.8	0.92	0.9	0.88	0.66	0.82	0.96	0.8	0.7
2850	0.88	0.94	0.8	0.64	0.66	0.76	0.94	0.8	0.92	0.9	0.88	0.66	0.82	0.96	0.8	0.72
2900	0.88	0.94	0.82	0.7	0.72	0.76	0.94	0.8	0.92	0.9	0.88	0.66	0.78	0.96	0.82	0.72
2950	0.88	0.94	0.8	0.72	0.76	0.78	0.94	0.8	0.92	0.9	0.9	0.66	0.82	0.96	0.82	0.74
3000	0.9	0.94	0.78	0.72	0.76	0.82	0.94	0.82	0.9	0.9	0.9	0.7	0.84	0.92	0.84	0.74
3050	0.9	0.94	0.76	0.74	0.76	0.84	0.94	0.82	0.9	0.9	0.92	0.7	0.86	0.92	0.8	0.76
3100	0.9	0.94	0.74	0.76	0.76	0.82	0.92	0.82	0.9	0.92	0.94	0.7	0.86	0.92	0.82	0.74
3150	0.9	0.96	0.74	0.72	0.78	0.8	0.92	0.82	0.9	0.92	0.94	0.7	0.86	0.92	0.8	0.76
3200	0.92	0.96	0.74	0.76	0.78	0.8	0.92	0.82	0.9	0.88	0.94	0.7	0.92	0.92	0.8	0.74
3250	0.92	0.96	0.74	0.74	0.82	0.78	0.92	0.82	0.9	0.88	0.94	0.7	0.92	0.92	0.8	0.74
3300	0.94	0.96	0.82	0.74	0.82	0.82	0.9	0.84	0.94	0.88	0.94	0.68	0.92	0.92	0.8	0.74
3350	0.94	0.96	0.82	0.72	0.84	0.82	0.88	0.88	0.94	0.88	0.94	0.66	0.92	0.92	0.78	0.78
3400	0.94	1.0	0.8	0.74	0.82	0.82	0.88	0.9	0.94	0.86	0.9	0.66	0.92	0.92	0.76	0.74
3450	0.94	1.0	0.8	0.74	0.8	0.82	0.88	0.9	0.94	0.84	0.88	0.66	0.92	0.92	0.74	0.7
3500	0.94	1.0	0.78	0.78	0.8	0.82	0.88	0.9	0.94	0.84	0.88	0.66	0.94	0.92	0.76	0.72
3550	0.92	1.0	0.8	0.78	0.82	0.84	0.88	0.88	0.94	0.82	0.9	0.68	0.94	0.94	0.74	0.72
3600	0.92	1.0	0.78	0.78	0.82	0.84	0.88	0.88	0.94	0.8	0.9	0.66	0.9	0.92	0.74	0.7
3650	0.9	1.0	0.78	0.78	0.8	0.84	0.88	0.88	0.92	0.82	0.9	0.68	0.9	0.92	0.74	0.68
3700	0.9	1.0	0.82	0.74	0.82	0.86	0.88	0.88	0.88	0.8	0.92	0.68	0.88	0.94	0.74	0.7
3750	0.9	1.0	0.84	0.74	0.82	0.84	0.88	0.86	0.88	0.84	0.92	0.68	0.86	0.96	0.72	0.7
3800	0.88	1.0	0.84	0.76	0.84	0.86	0.88	0.86	0.88	0.84	0.9	0.68	0.88	0.96	0.74	0.7
3850	0.88	1.0	0.84	0.78	0.84	0.86	0.88	0.88	0.9	0.88	0.92	0.68	0.88	0.94	0.74	0.7
3900	0.88	1.0	0.82	0.76	0.8	0.84	0.86	0.88	0.92	0.88	0.9	0.7	0.88	0.96	0.74	0.72
3950	0.88	1.0	0.82	0.8	0.78	0.86	0.84	0.88	0.9	0.88	0.9	0.66	0.9	0.96	0.74	0.72
4000	0.88	1.0	0.76	0.82	0.8	0.84	0.86	0.9	0.9	0.86	0.9	0.72	0.9	0.96	0.74	0.76
4050	0.88	1.0	0.74	0.84	0.8	0.86	0.88	0.9	0.9	0.86	0.94	0.72	0.9	0.96	0.76	0.76
4100	0.88	1.0	0.74	0.86	0.82	0.88	0.88	0.88	0.9	0.88	0.92	0.7	0.9	0.96	0.74	0.76
4150	0.86	1.0	0.74	0.88	0.84	0.88	0.88	0.88	0.88	0.88	0.9	0.7	0.9	0.96	0.74	0.76
4200	0.86	1.0	0.74	0.88	0.84	0.88	0.9	0.88	0.86	0.9	0.9	0.7	0.88	0.96	0.74	0.78
4250	0.88	1.0	0.74	0.86	0.82	0.86	0.9	0.88	0.86	0.92	0.9	0.72	0.88	0.96	0.7	0.82
4300	0.86	1.0	0.76	0.88	0.82	0.86	0.92	0.88	0.82	0.94	0.9	0.68	0.86	0.96	0.72	0.88
4350	0.86	1.0	0.74	0.86	0.82	0.86	0.92	0.88	0.8	0.96	0.9	0.7	0.86	0.96	0.74	0.88
4400	0.88	1.0	0.72	0.86	0.82	0.82	0.92	0.86	0.84	0.96	0.86	0.7	0.86	0.96	0.76	0.9
4450	0.86	1.0	0.72	0.86	0.82	0.82	0.92	0.88	0.86	0.96	0.86	0.68	0.88	0.96	0.8	0.9
4500	0.86	1.0	0.7	0.86	0.86	0.82	0.92	0.88	0.88	0.96	0.86	0.7	0.88	0.98	0.78	0.94
4550	0.88	1.0	0.72	0.82	0.88	0.84	0.9	0.9	0.88	0.94	0.86	0.68	0.9	0.96	0.78	0.92
4600	0.88	0.98	0.74	0.82	0.88	0.84	0.88	0.9	0.84	0.92	0.88	0.68	0.92	0.94	0.8	0.9
4650	0.9	0.98	0.74	0.82	0.88	0.88	0.84	0.92	0.84	0.92	0.84	0.66	0.9	0.96	0.82	0.9
4700	0.9	0.98	0.76	0.82	0.88	0.84	0.84	0.9	0.86	0.92	0.82	0.64	0.88	0.96	0.82	0.9
4750	0.9	0.98	0.76	0.82	0.88	0.82	0.8	0.92	0.86	0.94	0.82	0.66	0.86	0.96	0.82	0.9
4800	0.88	0.98	0.8	0.82	0.88	0.82	0.8	0.92	0.84	0.94	0.78	0.66	0.82	0.96	0.82	0.9
4850	0.88	0.96	0.8	0.74	0.86	0.82	0.78	0.92	0.84	0.92	0.74	0.66	0.78	0.96	0.82	0.92
4900	0.88	0.94	0.86	0.72	0.84	0.84	0.76	0.92	0.86	0.92	0.74	0.66	0.78	0.96	0.82	0.92
4950	0.9	0.92	0.9	0.72	0.84	0.82	0.78	0.9	0.9	0.9	0.78	0.68	0.78	0.94	0.82	0.9
5000	0.9	0.9	0.86	0.72	0.84	0.82	0.78	0.92	0.92	0.9	0.78	0.72	0.78	0.94	0.84	0.84
5050	0.9	0.9	0.86	0.72	0.82	0.82	0.78	0.9	0.92	0.9	0.76	0.7	0.78	0.94	0.82	0.84
5100	0.88	0.9	0.84	0.74	0.82	0.8	0.76	0.92	0.92	0.86	0.76	0.72	0.8	0.94	0.86	0.86
5150	0.9	0.9	0.88	0.76	0.84	0.8	0.76	0.9	0.92	0.86	0.72	0.76	0.8	0.94	0.86	0.88
5200	0.9	0.9	0.9	0.76	0.82	0.8	0.76	0.9	0.94	0.86	0.72	0.76	0.78	0.92	0.88	0.9
5250	0.9	0.9	0.92	0.76	0.8	0.82	0.78	0.88	0.92	0.86	0.76	0.76	0.78	0.92	0.88	0.88
5300	0.88	0.88	0.9	0.76	0.78	0.8	0.8	0.88	0.92	0.88	0.76	0.76	0.78	0.92	0.88	0.88
5350	0.9	0.9	0.9	0.76	0.78	0.8	0.82	0.88	0.9	0.9	0.76	0.76	0.78	0.92	0.88	0.88
5400	0.88	0.9	0.9	0.76	0.76	0.8	0.82	0.86	0.9	0.88	0.78	0.74	0.78	0.92	0.86	0.86
5450	0.88	0.9	0.88	0.82	0.72	0.8	0.82	0.86	0.92	0.88	0.78	0.74	0.82	0.92	0.9	0.84
5500	0.88	0.9	0.88	0.82	0.68	0.82	0.8	0.84	0.94	0.88	0.82	0.74	0.88	0.92	0.9	0.82
5550	0.84	0.9	0.88	0.82	0.68	0.84	0.78	0.84	0.94	0.88	0.8	0.74	0.88	0.92	0.88	0.78
5600	0.84	0.88	0.88	0.86	0.68	0.84	0.78	0.86	0.94	0.86	0.8	0.76	0.92	0.92	0.88	0.8
5650	0.82	0.88	0.88	0.88	0.7	0.84	0.8	0.86	0.96	0.88	0.8	0.76	0.92	0.92	0.88	0.78
5700	0.82	0.9	0.88	0.9	0.68	0.86	0.8	0.84	0.96	0.88	0.8	0.72	0.92	0.92	0.88	0.8
5750	0.82	0.88	0.86	0.88	0.7	0.86	0.78	0.84	0.96	0.88	0.84	0.7	0.92	0.9	0.9	0.78
5800	0.82	0.92	0.84	0.9	0.68	0.86	0.78	0.84	0.96	0.9	0.86	0.68	0.92	0.9	0.88	0.78
5850	0.82	0.94	0.86	0.88	0.7	0.86	0.76	0.84	0.94	0.9	0.84	0.7	0.96	0.9	0.88	0.76
5900	0.8	0.94	0.86	0.86	0.7	0.88	0.76	0.86	0.94	0.9	0.82	0.72	0.96	0.9	0.88	0.76
5950	0.78	0.94	0.88	0.86	0.7	0.9	0.76	0.86	0.94	0.94	0.8	0.7	0.96	0.9	0.86	0.76
6000	0.78	0.94	0.86	0.86	0.66	0.94	0.76	0.86	0.96	0.92	0.8	0.66	0.98	0.9	0.86	0.74
6050	0.84	0.94	0.88	0.84	0.68	0.92	0.76	0.88	0.96	0.92	0.8	0.68	0.96	0.94	0.86	0.74
6100	0.82	0.94	0.88	0.86	0.7	0.92	0.74	0.88	0.98	0.92	0.82	0.68	0.98	0.94	0.86	0.74
6150	0.82	0.96	0.88	0.86	0.7	0.92	0.78	0.86	0.96	0.92	0.82	0.68	0.98	0.94	0.86	0.74
6200	0.84	0.96	0.88	0.86	0.7	0.94	0.74	0.86	0.96	0.92	0.82	0.7	0.98	0.9	0.86	0.76
6250	0.82	0.96	0.92	0.82	0.7	0.92	0.76	0.86	0.96	0.92	0.82	0.7	0.98	0.88	0.88	0.8
6300	0.86	0.96	0.88	0.84	0.74	0.94	0.76	0.86	0.96	0.92	0.84	0.68	0.98	0.88	0.88	0.78
6350	0.86	0.96	0.88	0.82	0.7	0.94	0.76	0.84	0.94	0.92	0.84	0.68	0.98	0.84	0.9	0.78
6400	0.9	0.96	0.88	0.82	0.68	0.94	0.76	0.84	0.94	0.92	0.86	0.68	0.96	0.84	0.9	0.8
6450	0.9	0.94	0.84	0.82	0.66	0.94	0.8	0.82	0.94	0.94	0.88	0.68	0.96	0.84	0.9	0.78
6500	0.88	0.94	0.84	0.82	0.64	0.96	0.8	0.82	0.94	0.94	0.88	0.74	0.96	0.82	0.9	0.76
6550	0.88	0.92	0.84	0.84	0.62	0.94	0.82	0.8	0.94	0.94	0.88	0.74	0.96	0.8	0.9	0.72
6600	0.9	0.92	0.88	0.84	0.62	0.94	0.86	0.8	0.96	0.9	0.9	0.78	0.96	0.76	0.92	0.72
6650	0.92	0.94	0.9	0.84	0.66	0.94	0.86	0.82	0.96	0.9	0.92	0.78	0.94	0.76	0.94	0.72
6700	0.92	0.94	0.88	0.84	0.68	0.94	0.88	0.82	0.96	0.92	0.92	0.72	0.94	0.76	0.94	0.7
6750	0.9	0.96	0.86	0.84	0.68	0.96	0.88	0.82	0.96	0.92	0.9	0.72	0.92	0.74	0.94	0.72
6800	0.9	0.96	0.82	0.84	0.68	0.96	0.88	0.82	0.94	0.9	0.92	0.8	0.92	0.68	0.94	0.72
6850	0.92	0.96	0.82	0.82	0.68	0.96	0.88	0.8	0.94	0.9	0.92	0.78	0.9	0.64	0.94	0.78
6900	0.9	0.96	0.82	0.86	0.68	0.96	0.88	0.8	0.92	0.9	0.9	0.78	0.9	0.64	0.96	0.78
6950	0.9	0.94	0.82	0.86	0.7	0.96	0.9	0.82	0.9	0.9	0.9	0.78	0.88	0.62	0.94	0.76
7000	0.9	0.9	0.82	0.88	0.7	0.98	0.9	0.8	0.9	0.9	0.86	0.78	0.88	0.62	0.92	0.74
7050	0.88	0.9	0.8	0.88	0.64	0.98	0.88	0.82	0.92	0.9	0.86	0.82	0.88	0.64	0.94	0.76
7100	0.88	0.9	0.8	0.86	0.6	0.96	0.9	0.82	0.92	0.88	0.86	0.82	0.88	0.66	0.94	0.76
7150	0.88	0.9	0.82	0.86	0.6	0.96	0.9	0.84	0.9	0.88	0.86	0.82	0.88	0.7	0.92	0.76
7200	0.9	0.9	0.84	0.86	0.62	0.96	0.94	0.84	0.88	0.88	0.88	0.82	0.88	0.68	0.92	0.76
7250	0.86	0.9	0.88	0.86	0.66	0.96	0.94	0.86	0.88	0.88	0.86	0.78	0.88	0.68	0.92	0.76
7300	0.86	0.9	0.88	0.84	0.66	0.96	0.92	0.84	0.88	0.88	0.86	0.82	0.88	0.66	0.92	0.84
7350	0.84	0.9	0.86	0.84	0.64	0.98	0.9	0.84	0.88	0.86	0.88	0.84	0.88	0.66	0.92	0.82
7400	0.84	0.9	0.86	0.82	0.66	0.98	0.9	0.84	0.88	0.86	0.86	0.9	0.88	0.68	0.92	0.84
7450	0.84	0.9	0.86	0.82	0.64	0.98	0.88	0.84	0.88	0.86	0.86	0.9	0.92	0.7	0.92	0.86
7500	0.84	0.88	0.86	0.82	0.64	0.98	0.88	0.84	0.88	0.86	0.88	0.88	0.94	0.68	0.94	0.86
7550	0.86	0.9	0.86	0.8	0.64	0.98	0.88	0.86	0.88	0.86	0.86	0.86	0.94	0.68	0.94	0.86
7600	0.86	0.9	0.86	0.8	0.62	0.98	0.88	0.86	0.9	0.86	0.88	0.84	0.94	0.68	0.96	0.86
7650	0.86	0.92	0.86	0.82	0.62	0.96	0.9	0.86	0.9	0.86	0.86	0.86	0.94	0.74	0.94	0.84
7700	0.88	0.9	0.9	0.82	0.64	0.96	0.9	0.88	0.94	0.88	0.86	0.84	0.94	0.76	0.94	0.86
7750	0.86	0.9	0.9	0.82	0.64	0.96	0.9	0.88	0.94	0.88	0.88	0.84	0.94	0.76	0.96	0.86
7800	0.86	0.86	0.9	0.82	0.64	0.96	0.9	0.88	0.94	0.88	0.9	0.78	0.96	0.78	0.96	0.86
7850	0.88	0.86	0.9	0.8	0.62	0.96	0.9	0.88	0.96	0.88	0.88	0.78	0.96	0.76	0.96	0.88
7900	0.92	0.88	0.9	0.8	0.6	0.94	0.9	0.88	0.96	0.86	0.88	0.78	0.96	0.72	0.94	0.88
7950	0.92	0.88	0.9	0.8	0.62	0.92	0.9	0.88	0.96	0.86	0.88	0.82	0.98	0.72	0.96	0.9
8000	0.94	0.88	0.9	0.82	0.64	0.92	0.9	0.88	0.96	0.88	0.86	0.8	0.98	0.72	0.96	0.92
8050	0.94	0.9	0.9	0.84	0.62	0.94	0.9	0.9	0.98	0.88	0.86	0.78	0.98	0.7	0.96	0.92
8100	0.96	0.9	0.9	0.86	0.62	0.94	0.92	0.9	0.98	0.88	0.88	0.74	0.96	0.68	0.94	0.92
8150	0.96	0.9	0.92	0.86	0.62	0.94	0.92	0.9	0.98	0.9	0.88	0.76	0.96	0.7	0.94	0.92
8200	0.94	0.9	0.94	0.9	0.64	0.94	0.92	0.9	0.98	0.9	0.88	0.76	0.96	0.76	0.92	0.92
8250	0.94	0.9	0.96	0.9	0.66	0.92	0.9	0.94	0.96	0.9	0.88	0.76	0.96	0.74	0.92	0.92
8300	0.94	0.9	0.94	0.9	0.6	0.92	0.88	0.92	0.96	0.92	0.9	0.74	0.94	0.74	0.9	0.92
8350	0.94	0.9	0.94	0.88	0.58	0.9	0.86	0.94	0.96	0.92	0.9	0.72	0.94	0.72	0.9	0.92
8400	0.94	0.9	0.94	0.88	0.58	0.9	0.86	0.94	0.96	0.94	0.92	0.72	0.94	0.72	0.9	0.92
8450	0.92	0.92	0.94	0.88	0.56	0.9	0.88	0.94	0.96	0.94	0.92	0.74	0.96	0.7	0.9	0.92
8500	0.92	0.92	0.92	0.9	0.58	0.92	0.88	0.94	0.96	0.94	0.92	0.74	0.96	0.7	0.86	0.94
8550	0.94	0.92	0.92	0.92	0.58	0.92	0.86	0.94	0.96	0.94	0.9	0.72	0.96	0.68	0.88	0.94
8600	0.94	0.92	0.92	0.9	0.6	0.92	0.86	0.94	0.96	0.94	0.9	0.72	0.96	0.64	0.88	0.94
8650	0.92	0.92	0.92	0.92	0.58	0.92	0.86	0.94	0.96	0.94	0.92	0.66	0.96	0.64	0.86	0.96
8700	0.92	0.94	0.9	0.94	0.6	0.92	0.84	0.94	0.96	0.94	0.92	0.66	0.96	0.66	0.86	0.96
8750	0.92	0.92	0.9	0.96	0.6	0.94	0.86	0.94	0.94	0.96	0.92	0.68	0.96	0.66	0.88	0.96
8800	0.92	0.92	0.88	0.96	0.6	0.94	0.88	0.88	0.94	0.96	0.92	0.7	0.96	0.7	0.88	0.96
8850	0.92	0.96	0.88	0.96	0.62	0.92	0.88	0.88	0.96	0.96	0.92	0.72	0.96	0.7	0.88	0.94
8900	0.92	0.94	0.88	0.96	0.64	0.9	0.86	0.88	0.96	0.94	0.9	0.74	0.96	0.68	0.88	0.94
8950	0.92	0.94	0.88	0.96	0.68	0.9	0.86	0.9	0.96	0.94	0.9	0.74	0.96	0.7	0.9	0.94
9000	0.92	0.94	0.88	0.96	0.7	0.9	0.84	0.86	0.96	0.92	0.92	0.76	0.96	0.7	0.92	0.92
9050	0.92	0.94	0.88	0.98	0.72	0.9	0.86	0.84	0.96	0.92	0.92	0.76	0.96	0.72	0.92	0.9
9100	0.94	0.94	0.88	0.94	0.72	0.92	0.84	0.84	0.96	0.92	0.9	0.74	0.96	0.72	0.9	0.9
9150	0.94	0.94	0.88	0.94	0.68	0.92	0.86	0.86	0.96	0.92	0.88	0.74	0.96	0.72	0.9	0.9
9200	0.94	0.94	0.88	0.94	0.7	0.94	0.82	0.86	0.96	0.9	0.86	0.8	0.98	0.7	0.88	0.9
9250	0.94	0.96	0.9	0.94	0.72	0.94	0.82	0.86	0.94	0.9	0.86	0.82	0.98	0.72	0.88	0.92
9300	0.94	0.96	0.9	0.94	0.74	0.94	0.8	0.84	0.94	0.9	0.88	0.8	0.96	0.72	0.9	0.88
9350	0.94	0.96	0.92	0.96	0.72	0.94	0.82	0.84	0.94	0.9	0.9	0.82	0.96	0.74	0.92	0.88
9400	0.96	0.96	0.9	0.96	0.74	0.94	0.82	0.84	0.9	0.9	0.88	0.84	0.96	0.76	0.92	0.88
9450	0.96	0.94	0.92	0.96	0.72	0.94	0.84	0.84	0.9	0.88	0.88	0.82	0.94	0.8	0.94	0.86
9500	0.96	0.94	0.92	0.96	0.76	0.94	0.82	0.88	0.9	0.88	0.88	0.8	0.94	0.78	0.94	0.86
9550	0.96	0.94	0.94	0.96	0.78	0.96	0.82	0.88	0.9	0.88	0.86	0.82	0.92	0.78	0.94	0.86
9600	0.94	0.92	0.94	0.96	0.8	0.98	0.82	0.84	0.9	0.86	0.86	0.82	0.92	0.74	0.94	0.88
9650	0.94	0.92	0.94	0.96	0.8	1.0	0.84	0.82	0.9	0.86	0.86	0.76	0.9	0.72	0.94	0.88
9700	0.94	0.92	0.94	0.96	0.76	0.98	0.82	0.84	0.9	0.86	0.84	0.74	0.92	0.74	0.94	0.88
9750	0.96	0.92	0.92	0.96	0.76	0.98	0.82	0.86	0.88	0.88	0.84	0.74	0.9	0.74	0.96	0.88
9800	0.94	0.92	0.94	0.96	0.76	0.98	0.84	0.88	0.88	0.88	0.86	0.76	0.88	0.74	0.96	0.88
9850	0.94	0.9	0.94	0.96	0.78	0.98	0.84	0.88	0.88	0.88	0.84	0.76	0.88	0.72	0.96	0.86
9900	0.94	0.88	0.96	0.96	0.78	0.98	0.88	0.86	0.88	0.88	0.84	0.74	0.88	0.72	0.96	0.86
9950	0.94	0.86	0.96	0.96	0.8	0.96	0.88	0.86	0.9	0.86	0.84	0.7	0.88	0.72	0.94	0.86
10000	0.92	0.86	0.96	0.96	0.82	0.96	0.9	0.84	0.92	0.86	0.84	0.7	0.9	0.7	0.94	0.84
10050	0.92	0.86	0.96	1.0	0.8	0.96	0.9	0.86	0.92	0.86	0.84	0.7	0.9	0.7	0.94	0.84
10100	0.94	0.86	0.94	0.96	0.8	0.96	0.94	0.86	0.9	0.86	0.84	0.72	0.92	0.7	0.94	0.84
10150	0.92	0.86	0.94	0.96	0.8	0.96	0.92	0.84	0.92	0.86	0.84	0.74	0.92	0.7	0.94	0.88
10200	0.92	0.86	0.96	0.96	0.82	0.94	0.94	0.84	0.92	0.86	0.82	0.76	0.94	0.74	0.94	0.88
10250	0.92	0.86	0.96	0.94	0.84	0.94	0.94	0.88	0.92	0.84	0.84	0.78	0.94	0.76	0.94	0.88
10300	0.92	0.86	0.96	0.94	0.84	0.94	0.96	0.94	0.9	0.86	0.86	0.8	0.94	0.8	0.94	0.9
10350	0.92	0.88	0.96	0.94	0.88	0.96	0.96	0.94	0.92	0.86	0.86	0.8	0.94	0.8	0.94	0.9
10400	0.92	0.88	0.98	0.92	0.9	0.96	0.96	0.94	0.92	0.88	0.86	0.84	0.96	0.8	0.94	0.92
10450	0.94	0.9	0.98	0.92	0.9	0.94	0.96	0.94	0.94	0.88	0.9	0.88	0.96	0.8	0.94	0.92
10500	0.94	0.92	0.98	0.92	0.92	0.94	0.96	0.96	0.94	0.88	0.9	0.9	0.98	0.84	0.94	0.94
10550	0.94	0.92	0.98	0.92	0.92	0.96	0.96	0.96	0.94	0.9	0.92	0.92	1.0	0.88	0.98	0.96
10600	0.96	0.92	0.98	0.92	0.94	0.96	0.98	0.96	0.94	0.9	0.94	0.94	1.0	0.94	1.0	0.98
10650	0.96	0.92	1.0	0.92	0.94	0.96	0.98	0.98	0.94	0.9	0.96	0.96	1.0	0.96	1.0	0.98
10700	0.96	0.98	1.0	0.96	0.96	0.96	1.0	0.98	0.94	0.9	0.96	0.96	1.0	0.96	1.0	0.98
10750	0.96	1.0	1.0	0.96	0.98	0.96	1.0	0.98	0.96	0.9	0.96	0.98	1.0	0.96	1.0	0.98
10800	0.98	1.0	1.0	0.96	0.98	0.96	1.0	0.96	0.98	0.9	1.0	0.98	1.0	0.98	1.0	0.98
10850	0.98	1.0	1.0	0.96	1.0	0.96	1.0	0.96	0.98	0.94	1.0	0.98	1.0	0.98	1.0	0.98
10900	0.98	1.0	1.0	0.96	1.0	0.96	1.0	0.96	0.98	0.94	1.0	0.98	1.0	1.0	1.0	0.98
10950	1.0	1.0	1.0	0.92	1.0	0.96	1.0	0.96	1.0	0.94	1.0	0.98	0.98	1.0	1.0	1.0
11000	1.0	1.0	1.0	0.94	1.0	0.98	1.0	0.96	1.0	0.94	1.0	1.0	0.98	1.0	1.0	1.0
11050	1.0	0.98	1.0	0.94	1.0	0.98	0.98	0.96	1.0	0.94	1.0	1.0	0.94	1.0	1.0	1.0
11100	1.0	0.98	1.0	0.94	1.0	0.98	0.98	0.96	0.98	0.94	1.0	1.0	0.94	1.0	1.0	1.0
11150	1.0	0.98	1.0	0.94	1.0	0.98	0.98	0.98	0.98	0.96	1.0	1.0	0.94	1.0	1.0	1.0
11200	1.0	0.98	1.0	0.94	1.0	0.98	0.98	0.98	0.98	0.96	1.0	1.0	0.94	1.0	1.0	1.0
11250	0.98	0.98	1.0	0.94	1.0	0.98	0.98	0.98	0.98	0.96	1.0	1.0	0.94	1.0	1.0	1.0
11300	0.98	0.98	1.0	0.94	1.0	0.98	0.98	0.98	0.98	0.98	1.0	1.0	0.92	1.0	1.0	1.0
11350	0.98	0.98	1.0	0.94	1.0	0.98	0.98	0.98	0.98	1.0	1.0	1.0	0.9	1.0	1.0	1.0
11400	0.98	0.98	1.0	0.94	1.0	0.98	0.98	0.98	0.98	1.0	1.0	1.0	0.9	1.0	1.0	1.0
11450	0.98	0.98	1.0	0.94	1.0	0.98	0.96	1.0	0.98	1.0	1.0	1.0	0.9	1.0	1.0	1.0
11500	0.98	0.98	1.0	0.94	1.0	0.98	0.96	1.0	0.98	1.0	1.0	1.0	0.9	1.0	1.0	1.0
11550	0.98	0.98	1.0	0.98	1.0	0.98	0.94	1.0	0.98	1.0	1.0	1.0	0.9	1.0	1.0	1.0
11600	0.98	0.98	1.0	0.98	1.0	0.98	0.94	1.0	0.98	1.0	1.0	1.0	0.9	1.0	1.0	1.0
11650	0.98	0.98	1.0	0.98	1.0	0.98	0.94	1.0	0.98	1.0	1.0	1.0	0.92	1.0	1.0	1.0
11700	0.96	1.0	1.0	0.98	1.0	0.98	0.94	1.0	1.0	1.0	0.98	1.0	0.92	1.0	1.0	1.0
11750	0.94	1.0	1.0	0.98	1.0	0.98	0.94	1.0	1.0	1.0	0.98	1.0	0.9	1.0	1.0	1.0
11800	0.94	1.0	1.0	0.96	1.0	0.98	0.94	1.0	0.98	1.0	0.98	1.0	0.92	1.0	1.0	1.0
11850	0.94	1.0	1.0	0.96	1.0	0.98	0.96	1.0	0.96	1.0	0.98	1.0	0.94	1.0	1.0	1.0
11900	0.94	1.0	1.0	0.96	1.0	0.98	0.96	1.0	0.96	1.0	0.96	1.0	0.94	1.0	1.0	1.0
11950	0.94	1.0	1.0	0.96	1.0	0.98	0.96	1.0	0.96	1.0	0.96	1.0	0.94	1.0	1.0	1.0
12000	0.96	1.0	1.0	0.96	1.0	0.98	0.96	1.0	0.96	1.0	0.96	1.0	0.94	1.0	1.0	1.0
12050	0.96	1.0	1.0	0.96	1.0	0.96	0.96	1.0	0.96	1.0	0.96	1.0	0.94	1.0	1.0	0.98
12100	0.96	1.0	1.0	0.98	1.0	0.94	0.96	1.0	0.96	1.0	0.96	1.0	0.94	1.0	1.0	0.98
12150	0.96	1.0	1.0	0.98	1.0	0.94	0.96	1.0	0.96	1.0	0.96	1.0	0.94	1.0	1.0	0.98
12200	0.96	1.0	1.0	0.98	1.0	0.94	0.96	1.0	0.94	1.0	0.96	1.0	0.94	1.0	1.0	0.98
12250	0.96	1.0	1.0	0.98	1.0	0.94	1.0	1.0	0.9	1.0	0.96	1.0	0.96	1.0	1.0	0.98
12300	0.96	1.0	1.0	0.98	1.0	0.96	1.0	1.0	0.9	1.0	0.96	1.0	0.98	0.98	1.0	0.98
12350	0.96	1.0	1.0	0.98	1.0	0.96	1.0	1.0	0.9	1.0	0.96	1.0	0.98	0.98	1.0	0.98
12400	0.96	1.0	1.0	0.98	1.0	0.96	1.0	1.0	0.9	1.0	0.96	1.0	0.98	0.98	1.0	0.98
12450	0.96	1.0	1.0	1.0	1.0	0.94	1.0	1.0	0.9	1.0	0.96	1.0	0.98	0.98	1.0	0.98
12500	0.98	0.98	1.0	1.0	1.0	0.94	1.0	1.0	0.92	1.0	0.96	1.0	0.98	0.98	1.0	0.98
12550	0.98	0.98	1.0	1.0	1.0	0.94	1.0	1.0	0.92	1.0	0.96	1.0	0.98	0.98	1.0	0.98
12600	1.0	0.98	1.0	1.0	1.0	0.94	1.0	1.0	0.92	1.0	0.96	1.0	0.96	0.98	1.0	0.98
12650	1.0	0.98	1.0	1.0	1.0	0.94	1.0	1.0	0.9	1.0	0.98	1.0	0.94	0.98	1.0	0.98
12700	1.0	0.98	1.0	1.0	1.0	0.96	1.0	1.0	0.9	1.0	0.98	1.0	0.94	0.98	1.0	0.98
12750	1.0	0.98	1.0	1.0	1.0	0.98	1.0	1.0	0.9	1.0	0.98	1.0	0.96	0.98	1.0	0.98
12800	0.98	0.98	1.0	1.0	1.0	0.98	1.0	1.0	0.9	1.0	0.98	1.0	0.96	0.98	1.0	1.0
12850	0.98	0.98	1.0	1.0	1.0	0.98	1.0	1.0	0.92	1.0	1.0	1.0	0.96	0.98	1.0	1.0
12900	0.98	0.98	1.0	1.0	1.0	0.98	0.98	1.0	0.94	1.0	1.0	1.0	0.94	0.98	1.0	1.0
12950	0.98	0.98	1.0	1.0	1.0	0.98	0.98	1.0	0.96	1.0	1.0	1.0	0.94	0.98	1.0	1.0
13000	0.98	0.98	1.0	1.0	1.0	0.98	0.98	1.0	0.96	1.0	1.0	1.0	0.94	0.98	1.0	1.0
13050	0.98	0.98	1.0	1.0	1.0	0.98	0.98	1.0	0.96	1.0	1.0	1.0	0.94	0.98	1.0	1.0
13100	0.98	0.98	1.0	1.0	1.0	0.98	0.98	1.0	0.94	1.0	0.98	1.0	0.94	1.0	1.0	1.0
13150	0.96	0.98	1.0	1.0	1.0	1.0	0.96	1.0	0.94	1.0	0.98	0.98	0.94	1.0	1.0	1.0
13200	0.96	0.98	1.0	1.0	1.0	1.0	0.96	1.0	0.9	1.0	0.98	0.98	0.94	1.0	1.0	1.0
13250	0.96	1.0	1.0	1.0	1.0	1.0	0.94	1.0	0.9	1.0	0.98	0.98	0.94	1.0	1.0	1.0
13300	0.96	0.98	1.0	1.0	1.0	1.0	0.94	1.0	0.9	1.0	0.98	0.98	0.94	1.0	1.0	1.0
13350	0.96	0.96	1.0	1.0	1.0	1.0	0.94	1.0	0.92	1.0	0.98	0.98	0.94	0.98	1.0	1.0
13400	0.96	0.96	1.0	1.0	1.0	1.0	0.94	1.0	0.92	1.0	0.98	0.98	0.94	0.98	1.0	1.0
13450	0.96	0.94	1.0	1.0	1.0	1.0	0.94	1.0	0.92	1.0	0.96	0.98	0.96	0.96	1.0	1.0
13500	0.96	0.94	1.0	1.0	1.0	1.0	0.94	1.0	0.92	1.0	0.94	0.98	0.98	0.96	1.0	1.0
13550	0.96	0.94	1.0	1.0	1.0	0.98	0.94	1.0	0.92	1.0	0.94	0.98	0.98	0.96	1.0	1.0
13600	0.96	0.94	1.0	1.0	1.0	0.98	0.96	1.0	0.92	1.0	0.92	0.98	0.98	0.96	1.0	1.0
13650	0.96	0.94	1.0	1.0	1.0	0.98	0.96	1.0	0.92	1.0	0.92	0.98	0.98	0.96	1.0	1.0
13700	0.98	0.94	1.0	1.0	1.0	0.98	0.96	1.0	0.92	1.0	0.92	0.98	0.98	0.96	1.0	1.0
13750	0.98	0.94	1.0	1.0	1.0	0.98	0.96	0.98	0.92	1.0	0.92	0.98	1.0	0.96	1.0	1.0
13800	0.96	0.94	0.98	1.0	1.0	0.98	0.96	0.98	0.92	1.0	0.94	0.98	0.98	0.96	1.0	1.0
13850	0.96	0.94	0.98	1.0	1.0	0.98	0.96	0.98	0.92	1.0	0.92	0.98	0.98	0.96	1.0	1.0
13900	0.96	0.94	0.98	1.0	1.0	0.98	0.98	0.98	0.92	1.0	0.92	0.98	0.98	0.94	1.0	1.0
13950	0.98	0.94	0.98	1.0	1.0	0.98	1.0	0.98	0.92	1.0	0.92	0.98	0.98	0.94	1.0	1.0
14000	0.98	0.94	0.98	1.0	1.0	0.98	1.0	0.98	0.92	1.0	0.92	1.0	0.98	0.94	1.0	1.0
14050	0.98	0.96	0.98	1.0	0.98	0.98	1.0	0.98	0.94	1.0	0.94	1.0	0.98	0.94	1.0	1.0
14100	0.98	0.98	0.98	1.0	0.98	0.98	1.0	0.98	0.96	1.0	0.94	1.0	0.98	0.92	1.0	1.0
14150	0.98	1.0	0.98	1.0	0.98	0.98	1.0	0.98	0.98	1.0	0.94	1.0	0.98	0.94	1.0	1.0
14200	0.98	1.0	0.98	1.0	0.98	0.98	1.0	0.98	0.98	1.0	0.94	1.0	0.98	0.94	1.0	1.0
14250	0.98	1.0	0.98	1.0	0.98	1.0	1.0	0.98	0.98	1.0	0.98	1.0	0.98	0.96	1.0	1.0
14300	0.98	1.0	0.98	1.0	0.98	1.0	1.0	0.98	0.98	1.0	0.96	1.0	0.98	0.96	1.0	1.0
14350	0.96	1.0	0.96	1.0	0.98	1.0	1.0	0.98	1.0	1.0	0.96	1.0	0.98	0.96	1.0	1.0
14400	0.96	1.0	0.94	1.0	0.98	1.0	1.0	0.98	1.0	1.0	0.96	1.0	0.98	0.96	1.0	1.0
14450	0.96	1.0	0.94	1.0	0.98	1.0	1.0	1.0	0.98	1.0	0.96	1.0	0.98	0.96	1.0	1.0
14500	0.96	1.0	0.94	0.98	0.98	1.0	1.0	1.0	0.98	1.0	0.96	1.0	1.0	0.96	1.0	1.0
14550	0.98	1.0	0.94	0.98	0.98	1.0	1.0	1.0	0.98	1.0	0.98	1.0	1.0	0.96	1.0	1.0
14600	0.96	1.0	0.94	0.98	0.98	1.0	1.0	1.0	0.98	1.0	0.98	1.0	1.0	0.96	1.0	1.0
14650	0.94	1.0	0.96	0.98	0.98	1.0	1.0	1.0	0.98	1.0	0.96	1.0	1.0	0.96	1.0	1.0
14700	0.94	1.0	0.96	0.98	0.98	1.0	1.0	1.0	0.98	1.0	0.96	0.98	0.98	0.96	1.0	1.0
14750	0.94	1.0	0.96	0.98	1.0	1.0	1.0	1.0	0.98	1.0	0.96	0.98	0.98	0.96	1.0	1.0
14800	0.94	1.0	0.96	0.98	1.0	1.0	1.0	1.0	0.98	1.0	0.96	0.98	0.98	0.96	1.0	1.0
14850	0.94	1.0	0.96	0.98	1.0	1.0	1.0	1.0	0.98	1.0	0.96	0.98	0.98	0.96	1.0	1.0
14900	0.94	1.0	0.94	0.98	1.0	1.0	1.0	1.0	0.98	1.0	0.96	0.98	0.98	0.98	1.0	1.0
14950	0.94	1.0	0.94	0.98	1.0	1.0	1.0	1.0	0.98	1.0	0.96	0.98	0.98	0.98	1.0	1.0
15000	0.94	1.0	0.94	0.98	1.0	1.0	1.0	1.0	0.98	1.0	0.96	0.98	0.98	0.98	1.0	1.0
15050	0.96	1.0	0.94	0.98	1.0	1.0	1.0	1.0	0.98	1.0	0.98	0.98	0.98	0.98	1.0	1.0
15100	0.96	1.0	0.94	0.98	1.0	1.0	1.0	1.0	0.98	1.0	0.98	0.98	0.98	0.98	1.0	1.0
15150	0.96	1.0	0.98	0.98	1.0	1.0	1.0	1.0	1.0	1.0	0.98	0.98	0.98	0.98	1.0	1.0
15200	0.96	1.0	0.98	1.0	1.0	1.0	1.0	1.0	1.0	1.0	0.98	0.98	0.98	0.98	1.0	1.0
15250	0.98	1.0	0.96	1.0	1.0	1.0	1.0	1.0	1.0	1.0	0.98	0.98	0.98	0.98	1.0	1.0
15300	0.98	1.0	0.96	1.0	1.0	0.98	1.0	1.0	1.0	1.0	0.98	0.98	0.98	0.98	1.0	1.0
15350	1.0	1.0	0.96	1.0	1.0	0.98	1.0	1.0	1.0	1.0	0.98	0.98	0.98	0.98	1.0	1.0
15400	0.98	1.0	0.96	1.0	1.0	0.98	1.0	1.0	1.0	0.98	1.0	0.98	1.0	0.98	1.0	1.0
15450	0.98	1.0	0.96	0.98	1.0	0.98	1.0	1.0	1.0	0.98	1.0	0.98	1.0	0.98	1.0	1.0
15500	0.98	1.0	0.96	0.98	1.0	0.98	1.0	1.0	1.0	0.98	1.0	0.98	1.0	1.0	1.0	0.98
15550	0.98	1.0	0.96	0.98	1.0	0.96	1.0	1.0	1.0	0.98	1.0	0.98	1.0	1.0	1.0	0.98
15600	0.98	1.0	0.96	0.98	1.0	0.96	1.0	1.0	1.0	0.98	1.0	1.0	1.0	1.0	1.0	0.98
15650	0.98	1.0	0.96	0.98	1.0	0.96	1.0	1.0	1.0	0.98	1.0	1.0	0.98	1.0	1.0	0.96
15700	0.98	1.0	0.96	0.98	1.0	0.94	1.0	1.0	1.0	0.98	1.0	1.0	0.98	0.98	1.0	0.94
15750	0.98	1.0	0.96	0.98	1.0	0.94	1.0	1.0	1.0	0.98	1.0	1.0	0.98	0.98	1.0	0.94
15800	0.98	1.0	0.96	0.98	1.0	0.94	1.0	1.0	1.0	0.98	1.0	1.0	0.98	0.98	1.0	0.94
15850	0.98	1.0	0.96	0.98	0.98	0.94	1.0	1.0	0.98	0.98	0.98	1.0	0.98	0.98	1.0	0.94
15900	0.98	1.0	0.96	0.98	0.98	0.94	1.0	1.0	0.98	0.98	0.98	1.0	0.98	0.98	1.0	0.94
15950	0.98	1.0	0.96	0.98	0.98	0.94	1.0	1.0	0.98	0.98	0.98	1.0	0.98	0.98	1.0	0.94
16000	0.98	1.0	0.96	0.98	0.98	0.94	1.0	1.0	0.98	0.98	0.98	1.0	0.98	0.98	1.0	0.94
16050	0.98	1.0	0.96	0.98	0.98	0.94	1.0	1.0	0.98	0.98	0.98	1.0	0.98	0.98	1.0	0.94
16100	1.0	1.0	0.94	0.96	0.98	0.94	1.0	1.0	0.98	0.98	0.98	1.0	0.98	0.98	1.0	0.94
16150	1.0	1.0	0.94	0.94	0.98	0.94	1.0	1.0	0.98	0.98	0.98	1.0	0.98	0.98	1.0	0.94
16200	1.0	1.0	0.94	0.94	0.98	0.94	1.0	1.0	0.98	1.0	0.96	1.0	0.98	0.98	1.0	0.94
16250	1.0	1.0	0.94	0.96	0.98	0.94	1.0	0.98	0.98	1.0	0.96	1.0	0.98	0.98	1.0	0.94
16300	1.0	1.0	0.96	0.96	0.98	0.94	1.0	0.98	0.98	1.0	0.94	1.0	0.98	0.98	1.0	0.92
16350	0.98	1.0	0.96	0.96	0.98	0.94	1.0	0.96	0.98	1.0	0.94	1.0	0.98	0.98	1.0	0.94
16400	0.98	1.0	0.96	0.96	0.98	0.96	1.0	0.96	0.98	1.0	0.94	1.0	1.0	1.0	1.0	0.96
16450	0.98	1.0	0.96	0.96	0.98	0.96	1.0	0.96	0.98	1.0	0.94	1.0	1.0	0.98	1.0	0.96
16500	0.98	1.0	0.96	0.96	0.98	0.94	1.0	0.96	0.98	1.0	0.94	1.0	1.0	0.98	1.0	0.96
16550	0.98	1.0	0.96	0.96	1.0	0.94	1.0	0.96	0.98	1.0	0.96	1.0	1.0	0.98	1.0	0.96
16600	0.98	1.0	0.96	0.96	1.0	0.94	1.0	0.96	0.98	1.0	0.96	1.0	1.0	0.98	1.0	0.96
16650	0.98	1.0	0.98	0.96	1.0	0.94	1.0	0.96	0.98	1.0	0.96	1.0	1.0	0.98	1.0	0.96
16700	0.98	1.0	0.98	0.96	1.0	0.94	1.0	0.96	0.98	1.0	0.96	1.0	1.0	0.98	1.0	0.96
16750	0.96	1.0	0.98	0.98	1.0	0.94	1.0	0.96	1.0	1.0	0.96	1.0	1.0	0.98	1.0	0.96
16800	0.96	1.0	1.0	1.0	1.0	0.94	1.0	0.96	1.0	1.0	0.96	1.0	1.0	0.98	1.0	0.96
16850	0.96	1.0	1.0	1.0	1.0	0.96	0.98	0.96	1.0	1.0	0.96	1.0	1.0	0.98	1.0	0.96
16900	0.94	1.0	1.0	1.0	1.0	0.96	0.98	0.96	1.0	1.0	0.96	1.0	1.0	0.98	1.0	0.96
16950	0.94	1.0	1.0	1.0	1.0	0.96	0.98	0.96	1.0	1.0	0.98	1.0	1.0	0.98	1.0	0.96
17000	0.94	1.0	1.0	1.0	0.98	0.96	0.98	0.98	1.0	1.0	0.98	1.0	1.0	0.98	1.0	0.96
17050	0.94	1.0	1.0	0.98	0.98	0.96	0.98	0.98	0.98	0.98	0.98	1.0	1.0	0.98	1.0	1.0
17100	0.92	1.0	1.0	0.98	0.98	0.98	0.98	0.98	0.98	0.96	1.0	1.0	1.0	0.98	1.0	1.0
17150	0.94	1.0	1.0	0.98	0.98	0.98	0.98	0.98	0.96	0.96	1.0	1.0	1.0	0.98	1.0	1.0
17200	0.94	1.0	1.0	0.98	0.98	0.98	0.98	1.0	0.96	0.96	1.0	1.0	1.0	0.98	1.0	1.0
17250	0.94	1.0	1.0	0.98	0.98	0.98	0.98	1.0	0.96	0.96	1.0	1.0	1.0	1.0	1.0	1.0
17300	0.94	1.0	1.0	0.98	0.98	1.0	0.98	1.0	0.96	0.96	1.0	1.0	1.0	1.0	1.0	0.98
17350	0.94	1.0	1.0	0.98	0.98	1.0	0.98	1.0	0.96	0.96	1.0	0.98	1.0	1.0	1.0	0.98
17400	0.94	1.0	1.0	0.98	0.98	1.0	1.0	1.0	0.96	0.96	1.0	0.98	1.0	1.0	1.0	0.98
17450	0.94	1.0	1.0	0.98	0.98	1.0	1.0	1.0	0.96	0.96	1.0	0.98	1.0	1.0	1.0	0.98
17500	0.94	1.0	1.0	0.98	0.98	1.0	1.0	0.98	0.96	0.96	1.0	0.98	1.0	1.0	1.0	0.98
17550	0.94	1.0	1.0	0.98	0.98	1.0	1.0	0.98	0.96	0.96	1.0	0.98	1.0	1.0	1.0	0.98
17600	0.96	1.0	1.0	0.98	0.96	1.0	1.0	0.98	0.96	0.96	1.0	0.98	1.0	1.0	1.0	0.98
17650	0.98	1.0	1.0	0.98	0.96	1.0	1.0	0.98	0.96	0.96	0.98	0.98	1.0	1.0	1.0	0.98
17700	0.98	1.0	1.0	0.98	0.96	1.0	1.0	0.98	0.96	0.98	0.98	0.98	1.0	1.0	1.0	0.98
17750	0.98	1.0	1.0	0.98	0.96	1.0	1.0	0.98	0.96	1.0	0.98	0.98	1.0	1.0	1.0	0.98
17800	0.98	1.0	1.0	1.0	0.98	1.0	1.0	0.98	0.96	1.0	0.98	0.98	1.0	1.0	1.0	0.98
17850	0.98	1.0	1.0	1.0	0.98	1.0	1.0	0.98	0.96	1.0	0.98	0.98	1.0	1.0	1.0	0.98
17900	0.96	1.0	1.0	1.0	0.98	1.0	0.98	0.98	0.96	1.0	0.98	0.98	1.0	1.0	1.0	0.98
17950	0.98	1.0	1.0	1.0	0.98	1.0	0.98	0.98	0.96	1.0	0.98	0.98	1.0	1.0	1.0	0.98
18000	0.98	1.0	1.0	1.0	0.98	1.0	0.98	0.98	0.96	1.0	0.98	0.98	1.0	0.98	1.0	1.0
18050	0.98	1.0	1.0	1.0	0.98	1.0	0.98	0.98	0.96	1.0	0.92	0.98	1.0	0.98	1.0	1.0
18100	0.98	1.0	1.0	1.0	0.96	1.0	0.98	0.98	0.98	1.0	0.9	0.98	1.0	0.98	1.0	1.0
18150	0.96	0.98	1.0	1.0	0.96	1.0	0.98	0.96	0.96	1.0	0.9	1.0	1.0	0.98	1.0	1.0
18200	0.96	0.98	1.0	1.0	0.96	1.0	0.98	0.96	0.96	1.0	0.9	0.98	1.0	0.96	1.0	1.0
18250	0.96	0.98	1.0	1.0	0.96	1.0	0.98	0.96	0.94	1.0	0.9	0.98	1.0	0.96	1.0	1.0
18300	0.96	0.98	1.0	1.0	0.96	1.0	0.98	0.94	0.94	1.0	0.88	0.98	1.0	0.96	1.0	1.0
18350	0.96	0.98	1.0	1.0	0.96	1.0	0.98	0.94	0.92	1.0	0.88	0.98	1.0	0.96	1.0	1.0
18400	0.96	0.98	1.0	1.0	0.96	1.0	0.98	0.92	0.92	1.0	0.88	0.98	1.0	0.96	1.0	1.0
18450	0.96	0.98	0.98	1.0	0.96	1.0	0.98	0.92	0.92	1.0	0.86	0.98	1.0	0.96	1.0	1.0
18500	0.96	0.98	0.98	1.0	0.98	1.0	0.98	0.92	0.92	1.0	0.86	0.98	1.0	0.96	1.0	1.0
18550	0.96	0.98	0.98	1.0	0.98	1.0	0.98	0.92	0.92	1.0	0.88	0.98	1.0	0.96	1.0	1.0
18600	0.96	0.98	0.98	1.0	0.98	1.0	1.0	0.92	0.92	1.0	0.88	0.98	1.0	0.96	1.0	1.0
18650	0.96	0.98	0.98	1.0	0.98	1.0	1.0	0.92	0.92	1.0	0.88	0.98	1.0	0.96	1.0	1.0
18700	0.96	0.98	0.96	1.0	0.98	1.0	1.0	0.92	0.94	1.0	0.88	0.98	1.0	0.96	1.0	1.0
18750	0.98	0.98	0.94	1.0	0.98	1.0	1.0	0.92	0.94	1.0	0.88	0.98	1.0	0.96	1.0	1.0
18800	0.98	0.98	0.92	1.0	0.98	1.0	1.0	0.94	0.94	1.0	0.9	0.98	1.0	0.96	1.0	1.0
18850	1.0	0.98	0.92	1.0	0.98	0.98	1.0	0.96	0.96	1.0	0.94	1.0	1.0	0.96	1.0	1.0
18900	1.0	1.0	0.9	1.0	0.98	0.98	1.0	0.96	0.96	1.0	0.94	1.0	1.0	0.96	1.0	1.0
18950	1.0	1.0	0.9	1.0	1.0	0.98	1.0	0.96	0.98	0.98	0.94	1.0	1.0	0.98	1.0	1.0
19000	1.0	1.0	0.9	1.0	1.0	0.98	1.0	0.96	1.0	0.98	0.94	1.0	1.0	0.98	1.0	1.0
19050	1.0	1.0	0.9	1.0	1.0	0.98	1.0	0.98	1.0	0.98	0.94	1.0	1.0	1.0	1.0	1.0
19100	1.0	1.0	0.9	1.0	0.98	0.98	1.0	0.98	1.0	0.98	0.96	1.0	1.0	0.98	1.0	1.0
19150	1.0	1.0	0.88	1.0	0.98	0.98	0.98	0.98	1.0	0.98	0.96	1.0	1.0	0.98	1.0	1.0
19200	1.0	1.0	0.88	1.0	0.98	0.98	0.98	0.98	1.0	0.98	0.98	0.98	1.0	0.98	1.0	1.0
19250	1.0	1.0	0.9	1.0	0.98	0.98	0.98	0.98	1.0	0.98	0.98	0.98	1.0	0.98	1.0	1.0
19300	1.0	1.0	0.9	1.0	0.98	0.98	0.98	0.98	1.0	0.98	0.98	0.96	1.0	0.98	1.0	1.0
19350	1.0	1.0	0.88	1.0	0.98	0.98	0.98	0.98	1.0	0.98	0.98	0.96	1.0	0.98	1.0	1.0
19400	1.0	1.0	0.92	1.0	0.98	0.98	0.98	0.98	1.0	0.98	0.98	0.92	1.0	0.98	1.0	1.0
19450	1.0	1.0	0.94	1.0	0.98	0.98	0.98	0.98	1.0	0.98	0.96	0.9	1.0	0.98	1.0	1.0
19500	1.0	1.0	0.94	1.0	0.98	0.98	0.98	0.98	1.0	0.98	0.96	0.9	1.0	0.96	1.0	1.0
19550	1.0	1.0	0.94	1.0	0.98	0.98	0.98	0.98	1.0	0.98	0.96	0.9	1.0	0.96	1.0	1.0
19600	1.0	0.98	0.96	1.0	0.98	1.0	0.98	0.98	1.0	0.96	0.96	0.9	1.0	0.96	1.0	1.0
19650	1.0	0.98	0.96	1.0	0.98	0.98	0.98	0.98	1.0	0.98	0.96	0.9	1.0	0.96	1.0	1.0
19700	1.0	0.98	0.96	1.0	0.98	0.98	0.98	1.0	1.0	0.98	0.98	0.9	1.0	0.96	1.0	1.0
19750	1.0	0.98	0.96	1.0	0.98	0.98	0.98	1.0	1.0	0.98	0.98	0.9	1.0	0.96	1.0	1.0
19800	1.0	0.98	0.96	1.0	0.98	0.96	0.98	0.98	1.0	0.98	0.98	0.9	1.0	0.96	1.0	1.0
19850	1.0	0.98	0.96	1.0	0.98	0.96	0.98	0.98	1.0	0.98	0.96	0.9	1.0	0.96	1.0	1.0
19900	1.0	0.98	0.96	0.98	0.98	0.94	0.98	0.98	1.0	0.98	0.96	0.9	1.0	0.96	1.0	1.0
19950	1.0	0.98	0.98	0.98	1.0	0.94	0.98	0.98	1.0	0.98	0.94	0.9	1.0	0.96	1.0	1.0
20000	1.0	0.98	0.98	0.94	1.0	0.94	1.0	0.98	1.0	0.98	0.94	0.92	1.0	0.96	1.0	1.0
