0	0.0	0.0	0.0	0.0	0.0	0.0	0.0	0.0	0.0	0.0	0.0	0.0	0.0	0.0	0.0	0.0
50	0.0	0.0	0.0	0.0	0.0	0.0	0.0	0.0	0.0	0.0	0.0	0.0	0.0	0.0	0.0	0.0
100	0.111111111111	0.0714285714286	0.0	0.0	0.0	0.0	0.0	0.0	0.0	0.0	0.0	0.0	0.0714285714286	0.0769230769231	0.0833333333333	0.0666666666667
150	0.0714285714286	0.136363636364	0.0	0.0967741935484	0.05	0.0909090909091	0.1	0.0	0.0	0.0588235294118	0.125	0.0625	0.0588235294118	0.0588235294118	0.0588235294118	0.05
200	0.117647058824	0.25	0.0740740740741	0.2	0.037037037037	0.142857142857	0.208333333333	0.0454545454545	0.0588235294118	0.0952380952381	0.0869565217391	0.047619047619	0.0416666666667	0.0869565217391	0.0869565217391	0.0384615384615
250	0.105263157895	0.285714285714	0.181818181818	0.24	0.0645161290323	0.147058823529	0.161290322581	0.0967741935484	0.166666666667	0.2	0.107142857143	0.0967741935484	0.0882352941176	0.125	0.166666666667	0.125
300	0.153846153846	0.279069767442	0.214285714286	0.28	0.135135135135	0.236842105263	0.243243243243	0.138888888889	0.214285714286	0.233333333333	0.181818181818	0.114285714286	0.153846153846	0.153846153846	0.275	0.162790697674
350	0.25	0.3125	0.255319148936	0.32	0.146341463415	0.232558139535	0.268292682927	0.214285714286	0.27027027027	0.236842105263	0.175	0.133333333333	0.142857142857	0.159090909091	0.270833333333	0.166666666667
400	0.243243243243	0.38	0.34	0.4	0.24	0.34	0.326530612245	0.217391304348	0.272727272727	0.25	0.208333333333	0.166666666667	0.14	0.166666666667	0.32	0.24
450	0.236842105263	0.48	0.44	0.46	0.32	0.42	0.46	0.26	0.24	0.297872340426	0.26	0.26	0.22	0.2	0.4	0.3
500	0.24	0.52	0.5	0.48	0.32	0.46	0.54	0.34	0.26	0.34	0.3	0.32	0.22	0.26	0.42	0.38
550	0.3	0.62	0.58	0.54	0.38	0.58	0.68	0.54	0.38	0.38	0.32	0.36	0.24	0.32	0.48	0.36
600	0.38	0.66	0.66	0.64	0.48	0.56	0.64	0.56	0.42	0.42	0.4	0.44	0.28	0.34	0.52	0.46
650	0.4	0.62	0.7	0.7	0.52	0.66	0.64	0.58	0.34	0.44	0.42	0.48	0.32	0.38	0.5	0.48
700	0.44	0.64	0.74	0.66	0.58	0.7	0.62	0.6	0.32	0.44	0.44	0.5	0.38	0.44	0.56	0.54
750	0.48	0.64	0.74	0.66	0.62	0.7	0.62	0.6	0.32	0.44	0.54	0.56	0.42	0.46	0.6	0.58
800	0.46	0.62	0.8	0.68	0.6	0.68	0.54	0.64	0.38	0.5	0.48	0.58	0.48	0.48	0.56	0.58
850	0.44	0.58	0.82	0.68	0.62	0.6	0.48	0.62	0.4	0.54	0.56	0.64	0.54	0.52	0.6	0.54
900	0.48	0.56	0.78	0.68	0.62	0.58	0.44	0.6	0.44	0.56	0.58	0.64	0.6	0.52	0.68	0.6
950	0.5	0.54	0.74	0.64	0.6	0.54	0.46	0.58	0.44	0.54	0.62	0.62	0.62	0.54	0.68	0.68
1000	0.52	0.58	0.78	0.64	0.58	0.52	0.48	0.58	0.46	0.56	0.6	0.56	0.66	0.5	0.66	0.68
1050	0.56	0.64	0.82	0.66	0.6	0.54	0.52	0.62	0.46	0.58	0.6	0.56	0.64	0.54	0.66	0.64
1100	0.54	0.6	0.8	0.7	0.6	0.54	0.54	0.64	0.46	0.54	0.62	0.6	0.64	0.52	0.66	0.62
1150	0.56	0.64	0.82	0.68	0.62	0.52	0.56	0.68	0.44	0.58	0.6	0.58	0.68	0.6	0.68	0.62
1200	0.56	0.64	0.8	0.68	0.64	0.62	0.62	0.68	0.52	0.62	0.6	0.62	0.68	0.6	0.64	0.66
1250	0.58	0.66	0.84	0.7	0.68	0.66	0.68	0.68	0.52	0.56	0.62	0.58	0.66	0.62	0.68	0.6
1300	0.6	0.64	0.9	0.68	0.7	0.66	0.68	0.7	0.54	0.54	0.62	0.56	0.68	0.66	0.68	0.64
1350	0.64	0.66	0.92	0.68	0.76	0.74	0.78	0.72	0.5	0.5	0.6	0.56	0.7	0.7	0.7	0.62
1400	0.58	0.64	0.92	0.74	0.76	0.74	0.82	0.72	0.54	0.52	0.62	0.62	0.7	0.74	0.68	0.64
1450	0.58	0.68	0.94	0.74	0.72	0.74	0.82	0.72	0.54	0.52	0.64	0.66	0.7	0.78	0.66	0.68
1500	0.56	0.64	0.9	0.74	0.72	0.68	0.78	0.7	0.54	0.54	0.62	0.66	0.72	0.8	0.64	0.68
1550	0.56	0.64	0.8	0.7	0.7	0.7	0.76	0.7	0.54	0.54	0.66	0.72	0.8	0.78	0.62	0.64
1600	0.56	0.7	0.76	0.74	0.62	0.68	0.74	0.72	0.56	0.52	0.66	0.76	0.8	0.8	0.62	0.66
1650	0.56	0.72	0.74	0.74	0.62	0.66	0.72	0.74	0.6	0.6	0.66	0.82	0.8	0.82	0.6	0.62
1700	0.52	0.7	0.72	0.76	0.64	0.68	0.72	0.78	0.64	0.62	0.68	0.8	0.82	0.78	0.54	0.6
1750	0.52	0.7	0.68	0.78	0.64	0.7	0.64	0.76	0.68	0.62	0.72	0.8	0.82	0.72	0.5	0.58
1800	0.6	0.68	0.64	0.72	0.64	0.68	0.62	0.74	0.68	0.62	0.72	0.84	0.8	0.68	0.52	0.54
1850	0.58	0.7	0.66	0.72	0.68	0.7	0.66	0.74	0.66	0.64	0.7	0.8	0.82	0.66	0.46	0.5
1900	0.56	0.68	0.74	0.72	0.72	0.72	0.64	0.74	0.68	0.66	0.7	0.82	0.82	0.66	0.48	0.5
1950	0.52	0.64	0.76	0.72	0.74	0.72	0.64	0.76	0.68	0.62	0.72	0.82	0.84	0.7	0.5	0.5
2000	0.52	0.64	0.76	0.7	0.76	0.72	0.7	0.76	0.74	0.62	0.74	0.86	0.86	0.7	0.56	0.54
2050	0.56	0.6	0.76	0.72	0.76	0.7	0.68	0.74	0.76	0.68	0.7	0.88	0.82	0.74	0.68	0.6
2100	0.56	0.64	0.76	0.68	0.76	0.72	0.66	0.78	0.76	0.72	0.7	0.88	0.82	0.74	0.72	0.64
2150	0.58	0.66	0.78	0.68	0.74	0.7	0.66	0.8	0.72	0.74	0.72	0.84	0.76	0.8	0.74	0.68
2200	0.58	0.7	0.76	0.76	0.72	0.72	0.72	0.84	0.72	0.76	0.68	0.84	0.72	0.8	0.8	0.74
2250	0.58	0.66	0.72	0.76	0.72	0.72	0.72	0.8	0.7	0.74	0.72	0.84	0.68	0.78	0.86	0.8
2300	0.62	0.68	0.72	0.76	0.7	0.78	0.76	0.78	0.7	0.74	0.72	0.86	0.68	0.78	0.84	0.84
2350	0.66	0.7	0.72	0.78	0.72	0.86	0.8	0.82	0.68	0.72	0.78	0.84	0.7	0.8	0.86	0.86
2400	0.66	0.68	0.72	0.76	0.76	0.82	0.78	0.8	0.6	0.72	0.78	0.84	0.7	0.76	0.78	0.82
2450	0.76	0.64	0.7	0.68	0.72	0.8	0.78	0.8	0.58	0.68	0.82	0.82	0.72	0.8	0.8	0.84
2500	0.76	0.6	0.66	0.7	0.7	0.84	0.78	0.8	0.58	0.7	0.8	0.8	0.74	0.82	0.8	0.84
2550	0.76	0.58	0.62	0.74	0.72	0.82	0.7	0.72	0.58	0.66	0.74	0.74	0.72	0.8	0.78	0.82
2600	0.76	0.6	0.66	0.72	0.72	0.78	0.68	0.78	0.6	0.66	0.66	0.78	0.64	0.82	0.74	0.8
2650	0.78	0.6	0.7	0.68	0.7	0.76	0.66	0.82	0.66	0.68	0.66	0.78	0.66	0.76	0.74	0.78
2700	0.74	0.62	0.72	0.7	0.68	0.74	0.66	0.8	0.72	0.72	0.64	0.8	0.68	0.76	0.74	0.74
2750	0.72	0.62	0.72	0.64	0.66	0.72	0.66	0.78	0.72	0.68	0.58	0.78	0.68	0.78	0.76	0.76
2800	0.66	0.62	0.68	0.64	0.62	0.7	0.62	0.72	0.74	0.74	0.58	0.76	0.68	0.78	0.76	0.74
2850	0.6	0.64	0.68	0.62	0.58	0.66	0.62	0.7	0.78	0.7	0.54	0.74	0.68	0.78	0.74	0.74
2900	0.58	0.64	0.74	0.62	0.6	0.68	0.62	0.7	0.74	0.74	0.58	0.72	0.64	0.78	0.78	0.76
2950	0.62	0.6	0.78	0.68	0.6	0.7	0.7	0.74	0.74	0.72	0.64	0.76	0.68	0.78	0.8	0.82
3000	0.62	0.64	0.76	0.66	0.64	0.74	0.76	0.74	0.72	0.74	0.66	0.76	0.68	0.78	0.82	0.84
3050	0.72	0.64	0.74	0.66	0.64	0.74	0.74	0.7	0.66	0.72	0.66	0.76	0.72	0.82	0.8	0.92
3100	0.74	0.7	0.76	0.7	0.68	0.76	0.74	0.76	0.7	0.74	0.66	0.76	0.74	0.82	0.78	0.84
3150	0.72	0.66	0.72	0.7	0.7	0.78	0.74	0.78	0.72	0.8	0.76	0.74	0.78	0.84	0.82	0.84
3200	0.78	0.66	0.78	0.68	0.68	0.74	0.74	0.78	0.68	0.78	0.76	0.7	0.78	0.84	0.8	0.86
3250	0.78	0.62	0.7	0.68	0.66	0.74	0.7	0.82	0.68	0.82	0.78	0.74	0.8	0.86	0.8	0.86
3300	0.78	0.66	0.74	0.7	0.64	0.76	0.76	0.84	0.7	0.86	0.82	0.76	0.8	0.86	0.76	0.84
3350	0.74	0.64	0.74	0.72	0.66	0.76	0.74	0.9	0.74	0.8	0.86	0.74	0.84	0.86	0.74	0.84
3400	0.78	0.66	0.78	0.76	0.7	0.74	0.68	0.86	0.72	0.78	0.82	0.8	0.84	0.88	0.78	0.86
3450	0.8	0.7	0.76	0.76	0.72	0.76	0.72	0.88	0.76	0.78	0.82	0.78	0.86	0.88	0.84	0.84
3500	0.76	0.7	0.72	0.78	0.68	0.74	0.74	0.9	0.78	0.76	0.82	0.72	0.82	0.86	0.84	0.84
3550	0.76	0.72	0.74	0.78	0.68	0.76	0.72	0.9	0.72	0.74	0.8	0.74	0.8	0.88	0.82	0.8
3600	0.76	0.8	0.76	0.84	0.66	0.8	0.68	0.86	0.74	0.74	0.8	0.72	0.82	0.86	0.84	0.8
3650	0.8	0.84	0.78	0.94	0.66	0.78	0.68	0.78	0.74	0.76	0.78	0.74	0.76	0.84	0.84	0.78
3700	0.8	0.88	0.8	0.94	0.7	0.78	0.72	0.78	0.74	0.76	0.8	0.74	0.72	0.82	0.84	0.76
3750	0.8	0.9	0.82	0.92	0.74	0.78	0.72	0.8	0.74	0.76	0.8	0.76	0.72	0.78	0.78	0.72
3800	0.8	0.88	0.82	0.86	0.72	0.8	0.72	0.8	0.7	0.78	0.76	0.76	0.72	0.82	0.78	0.76
3850	0.72	0.86	0.86	0.86	0.76	0.84	0.7	0.8	0.72	0.8	0.76	0.8	0.72	0.8	0.74	0.78
3900	0.68	0.84	0.86	0.88	0.76	0.82	0.7	0.78	0.7	0.84	0.74	0.84	0.74	0.82	0.78	0.78
3950	0.7	0.8	0.84	0.84	0.76	0.8	0.66	0.76	0.68	0.84	0.68	0.8	0.76	0.84	0.78	0.82
4000	0.72	0.82	0.84	0.82	0.74	0.78	0.66	0.78	0.62	0.78	0.68	0.76	0.72	0.82	0.8	0.78
4050	0.68	0.8	0.8	0.8	0.72	0.78	0.7	0.76	0.66	0.78	0.68	0.72	0.68	0.82	0.8	0.78
4100	0.68	0.78	0.78	0.72	0.6	0.72	0.7	0.82	0.64	0.76	0.66	0.68	0.72	0.88	0.84	0.8
4150	0.7	0.74	0.74	0.74	0.56	0.66	0.7	0.84	0.64	0.72	0.68	0.7	0.7	0.88	0.86	0.82
4200	0.76	0.76	0.72	0.74	0.58	0.64	0.72	0.8	0.66	0.72	0.7	0.7	0.7	0.84	0.82	0.78
4250	0.76	0.74	0.72	0.74	0.56	0.62	0.72	0.8	0.64	0.68	0.74	0.68	0.72	0.8	0.82	0.74
4300	0.74	0.74	0.7	0.7	0.5	0.58	0.72	0.78	0.7	0.68	0.74	0.72	0.7	0.82	0.8	0.72
4350	0.74	0.74	0.68	0.62	0.5	0.56	0.74	0.76	0.74	0.8	0.74	0.72	0.74	0.76	0.78	0.72
4400	0.74	0.74	0.68	0.64	0.5	0.56	0.74	0.78	0.72	0.78	0.78	0.78	0.76	0.74	0.74	0.7
4450	0.78	0.68	0.68	0.56	0.56	0.6	0.78	0.74	0.7	0.78	0.74	0.8	0.76	0.7	0.72	0.72
4500	0.8	0.7	0.66	0.56	0.6	0.72	0.8	0.8	0.74	0.78	0.74	0.78	0.76	0.68	0.72	0.72
4550	0.8	0.68	0.7	0.6	0.62	0.76	0.82	0.78	0.74	0.78	0.72	0.78	0.78	0.7	0.78	0.7
4600	0.8	0.7	0.64	0.56	0.64	0.74	0.8	0.8	0.78	0.8	0.68	0.74	0.78	0.76	0.78	0.72
4650	0.8	0.66	0.62	0.54	0.64	0.76	0.78	0.78	0.8	0.78	0.74	0.7	0.78	0.76	0.84	0.76
4700	0.72	0.64	0.62	0.54	0.6	0.72	0.78	0.8	0.8	0.76	0.72	0.74	0.8	0.76	0.84	0.78
4750	0.72	0.64	0.66	0.6	0.66	0.78	0.8	0.84	0.84	0.78	0.72	0.74	0.8	0.76	0.84	0.78
4800	0.78	0.66	0.64	0.58	0.62	0.74	0.78	0.88	0.86	0.8	0.68	0.72	0.8	0.8	0.84	0.82
4850	0.82	0.64	0.66	0.58	0.56	0.68	0.72	0.88	0.84	0.76	0.74	0.72	0.82	0.82	0.82	0.82
4900	0.82	0.7	0.7	0.62	0.58	0.68	0.72	0.9	0.86	0.74	0.72	0.78	0.82	0.86	0.86	0.86
4950	0.8	0.66	0.7	0.62	0.56	0.66	0.66	0.9	0.78	0.78	0.74	0.78	0.82	0.86	0.88	0.86
5000	0.82	0.68	0.78	0.64	0.6	0.76	0.72	0.94	0.8	0.74	0.76	0.8	0.82	0.86	0.84	0.88
5050	0.82	0.72	0.82	0.66	0.6	0.76	0.72	0.94	0.8	0.74	0.78	0.74	0.8	0.88	0.84	0.9
5100	0.86	0.72	0.78	0.68	0.66	0.76	0.7	0.9	0.76	0.7	0.78	0.76	0.8	0.88	0.82	0.9
5150	0.9	0.78	0.76	0.7	0.68	0.76	0.72	0.92	0.76	0.76	0.8	0.76	0.82	0.86	0.84	0.88
5200	0.88	0.74	0.74	0.64	0.66	0.74	0.74	0.92	0.76	0.78	0.8	0.78	0.8	0.88	0.84	0.9
5250	0.88	0.78	0.76	0.66	0.7	0.76	0.78	0.9	0.74	0.78	0.82	0.74	0.74	0.88	0.86	0.9
5300	0.86	0.8	0.76	0.68	0.74	0.74	0.78	0.84	0.76	0.8	0.8	0.74	0.74	0.86	0.9	0.88
5350	0.84	0.76	0.74	0.74	0.78	0.72	0.76	0.82	0.78	0.78	0.74	0.76	0.7	0.82	0.86	0.86
5400	0.84	0.76	0.76	0.74	0.8	0.7	0.76	0.76	0.76	0.78	0.78	0.78	0.74	0.84	0.84	0.82
5450	0.84	0.74	0.68	0.72	0.76	0.7	0.7	0.72	0.8	0.78	0.78	0.8	0.78	0.84	0.86	0.8
5500	0.86	0.78	0.66	0.72	0.72	0.72	0.68	0.7	0.78	0.78	0.76	0.76	0.76	0.84	0.84	0.78
5550	0.84	0.78	0.66	0.7	0.68	0.62	0.68	0.64	0.76	0.74	0.72	0.72	0.74	0.8	0.86	0.74
5600	0.82	0.8	0.68	0.72	0.72	0.6	0.66	0.66	0.72	0.78	0.76	0.72	0.72	0.78	0.86	0.72
5650	0.82	0.84	0.68	0.78	0.66	0.6	0.64	0.72	0.74	0.74	0.7	0.7	0.72	0.76	0.82	0.72
5700	0.84	0.86	0.74	0.74	0.68	0.62	0.64	0.72	0.72	0.74	0.72	0.7	0.72	0.76	0.86	0.72
5750	0.8	0.84	0.74	0.72	0.64	0.62	0.64	0.7	0.66	0.74	0.72	0.7	0.78	0.82	0.84	0.74
5800	0.8	0.82	0.7	0.68	0.62	0.66	0.68	0.7	0.7	0.7	0.72	0.68	0.8	0.82	0.86	0.78
5850	0.82	0.82	0.7	0.64	0.74	0.66	0.68	0.68	0.72	0.72	0.72	0.68	0.8	0.82	0.86	0.82
5900	0.82	0.76	0.72	0.58	0.76	0.7	0.7	0.68	0.76	0.72	0.66	0.7	0.76	0.84	0.88	0.9
5950	0.82	0.76	0.72	0.62	0.76	0.74	0.7	0.72	0.8	0.74	0.68	0.7	0.74	0.86	0.86	0.96
6000	0.86	0.78	0.74	0.64	0.74	0.74	0.74	0.74	0.8	0.74	0.7	0.72	0.72	0.94	0.92	1.0
6050	0.86	0.76	0.74	0.7	0.78	0.74	0.72	0.74	0.82	0.74	0.76	0.74	0.76	0.96	0.9	0.98
6100	0.9	0.72	0.74	0.64	0.76	0.74	0.72	0.78	0.82	0.74	0.76	0.76	0.76	0.94	0.9	0.96
6150	0.9	0.72	0.74	0.7	0.74	0.72	0.74	0.76	0.8	0.74	0.74	0.76	0.76	0.94	0.92	0.94
6200	0.88	0.72	0.8	0.76	0.74	0.74	0.76	0.78	0.82	0.74	0.76	0.74	0.76	0.92	0.92	0.94
6250	0.88	0.76	0.84	0.78	0.74	0.72	0.8	0.8	0.88	0.82	0.78	0.74	0.76	0.88	0.86	0.9
6300	0.84	0.78	0.82	0.82	0.74	0.74	0.82	0.82	0.92	0.82	0.8	0.72	0.72	0.82	0.86	0.84
6350	0.84	0.82	0.82	0.84	0.74	0.74	0.8	0.82	0.88	0.82	0.82	0.72	0.72	0.84	0.86	0.84
6400	0.86	0.82	0.8	0.82	0.76	0.74	0.8	0.76	0.86	0.82	0.82	0.76	0.74	0.84	0.84	0.84
6450	0.84	0.82	0.8	0.78	0.72	0.72	0.8	0.76	0.86	0.78	0.7	0.68	0.72	0.82	0.82	0.84
6500	0.8	0.9	0.82	0.84	0.74	0.74	0.84	0.78	0.84	0.76	0.74	0.66	0.76	0.8	0.8	0.8
6550	0.8	0.86	0.82	0.84	0.76	0.74	0.84	0.78	0.82	0.76	0.78	0.7	0.76	0.84	0.78	0.8
6600	0.82	0.88	0.78	0.82	0.78	0.76	0.88	0.8	0.8	0.7	0.74	0.74	0.74	0.86	0.8	0.84
6650	0.82	0.86	0.74	0.8	0.7	0.74	0.86	0.8	0.78	0.68	0.74	0.76	0.78	0.86	0.82	0.86
6700	0.82	0.86	0.7	0.8	0.68	0.7	0.82	0.76	0.72	0.7	0.74	0.76	0.8	0.88	0.84	0.88
6750	0.8	0.84	0.72	0.82	0.7	0.72	0.82	0.78	0.74	0.68	0.74	0.78	0.82	0.88	0.84	0.86
6800	0.76	0.84	0.72	0.76	0.62	0.74	0.82	0.84	0.74	0.66	0.78	0.74	0.84	0.88	0.84	0.88
6850	0.76	0.84	0.74	0.78	0.62	0.76	0.8	0.82	0.72	0.66	0.76	0.76	0.8	0.82	0.8	0.88
6900	0.78	0.84	0.7	0.76	0.6	0.74	0.8	0.76	0.72	0.62	0.76	0.76	0.82	0.84	0.82	0.86
6950	0.78	0.86	0.72	0.8	0.6	0.78	0.8	0.74	0.7	0.62	0.76	0.82	0.84	0.8	0.8	0.86
7000	0.78	0.84	0.72	0.74	0.6	0.8	0.78	0.7	0.7	0.64	0.78	0.84	0.86	0.78	0.78	0.84
7050	0.76	0.86	0.76	0.74	0.6	0.78	0.76	0.72	0.68	0.68	0.8	0.84	0.88	0.8	0.76	0.84
7100	0.76	0.86	0.76	0.74	0.64	0.8	0.82	0.7	0.68	0.7	0.78	0.86	0.82	0.8	0.78	0.8
7150	0.74	0.86	0.78	0.78	0.66	0.78	0.78	0.72	0.64	0.7	0.82	0.84	0.84	0.8	0.8	0.78
7200	0.76	0.84	0.8	0.78	0.7	0.7	0.72	0.68	0.66	0.7	0.84	0.82	0.86	0.78	0.74	0.74
7250	0.72	0.84	0.78	0.7	0.7	0.68	0.7	0.64	0.64	0.7	0.86	0.8	0.82	0.82	0.76	0.74
7300	0.72	0.8	0.78	0.64	0.72	0.7	0.72	0.62	0.62	0.72	0.82	0.78	0.8	0.8	0.76	0.76
7350	0.7	0.72	0.76	0.6	0.76	0.7	0.7	0.58	0.6	0.78	0.82	0.8	0.76	0.78	0.74	0.78
7400	0.7	0.72	0.76	0.64	0.76	0.72	0.72	0.58	0.62	0.78	0.78	0.8	0.68	0.76	0.76	0.8
7450	0.74	0.74	0.82	0.64	0.74	0.76	0.78	0.66	0.66	0.78	0.76	0.8	0.7	0.72	0.72	0.8
7500	0.7	0.74	0.84	0.66	0.8	0.8	0.78	0.7	0.72	0.8	0.74	0.78	0.66	0.72	0.72	0.84
7550	0.76	0.74	0.86	0.66	0.78	0.8	0.82	0.7	0.78	0.8	0.74	0.78	0.64	0.7	0.76	0.88
7600	0.78	0.7	0.82	0.68	0.78	0.84	0.82	0.72	0.78	0.76	0.74	0.76	0.64	0.74	0.8	0.9
7650	0.82	0.7	0.8	0.76	0.78	0.86	0.78	0.74	0.78	0.76	0.74	0.74	0.68	0.76	0.82	0.92
7700	0.82	0.74	0.8	0.84	0.86	0.88	0.8	0.76	0.8	0.76	0.72	0.8	0.7	0.76	0.82	0.94
7750	0.88	0.82	0.8	0.84	0.86	0.86	0.82	0.78	0.78	0.74	0.72	0.8	0.7	0.78	0.86	0.92
7800	0.84	0.82	0.8	0.86	0.84	0.88	0.84	0.82	0.82	0.76	0.78	0.82	0.68	0.82	0.84	0.94
7850	0.82	0.8	0.8	0.86	0.82	0.82	0.82	0.82	0.8	0.78	0.78	0.8	0.74	0.8	0.8	0.92
7900	0.84	0.84	0.8	0.86	0.82	0.82	0.8	0.74	0.74	0.78	0.8	0.8	0.74	0.8	0.76	0.94
7950	0.84	0.86	0.82	0.88	0.8	0.8	0.82	0.74	0.7	0.74	0.74	0.74	0.72	0.8	0.76	0.94
8000	0.78	0.88	0.88	0.9	0.82	0.8	0.82	0.74	0.7	0.74	0.72	0.72	0.72	0.78	0.74	0.92
8050	0.8	0.86	0.88	0.88	0.84	0.78	0.8	0.72	0.64	0.8	0.74	0.74	0.74	0.78	0.76	0.92
8100	0.78	0.86	0.9	0.9	0.84	0.78	0.8	0.72	0.7	0.82	0.8	0.74	0.74	0.82	0.78	0.9
8150	0.78	0.82	0.92	0.86	0.82	0.8	0.86	0.72	0.68	0.82	0.78	0.74	0.76	0.82	0.76	0.88
8200	0.82	0.82	0.96	0.86	0.8	0.78	0.84	0.72	0.68	0.8	0.76	0.7	0.68	0.8	0.8	0.9
8250	0.86	0.84	0.94	0.88	0.82	0.8	0.84	0.74	0.68	0.78	0.8	0.74	0.66	0.82	0.84	0.88
8300	0.86	0.8	0.92	0.88	0.86	0.78	0.84	0.76	0.7	0.76	0.82	0.78	0.72	0.84	0.86	0.88
8350	0.84	0.8	0.92	0.86	0.86	0.78	0.82	0.82	0.68	0.78	0.84	0.78	0.72	0.86	0.86	0.86
8400	0.86	0.82	0.9	0.82	0.84	0.8	0.84	0.86	0.76	0.78	0.76	0.74	0.72	0.84	0.86	0.84
8450	0.84	0.82	0.9	0.8	0.82	0.8	0.84	0.84	0.78	0.76	0.72	0.68	0.7	0.88	0.86	0.84
8500	0.86	0.84	0.9	0.82	0.82	0.8	0.82	0.86	0.8	0.72	0.74	0.7	0.74	0.86	0.84	0.86
8550	0.8	0.88	0.9	0.82	0.8	0.8	0.84	0.88	0.78	0.64	0.74	0.72	0.8	0.88	0.8	0.82
8600	0.76	0.9	0.88	0.84	0.8	0.76	0.78	0.9	0.76	0.64	0.76	0.72	0.82	0.88	0.78	0.8
8650	0.72	0.88	0.86	0.8	0.78	0.76	0.8	0.92	0.76	0.68	0.78	0.7	0.84	0.88	0.76	0.82
8700	0.76	0.92	0.9	0.8	0.78	0.76	0.8	0.9	0.78	0.7	0.82	0.72	0.86	0.88	0.74	0.82
8750	0.74	0.88	0.9	0.78	0.76	0.76	0.78	0.86	0.78	0.7	0.86	0.74	0.86	0.84	0.72	0.8
8800	0.74	0.88	0.86	0.82	0.72	0.72	0.78	0.82	0.78	0.72	0.8	0.78	0.82	0.82	0.78	0.78
8850	0.8	0.9	0.86	0.84	0.8	0.74	0.76	0.84	0.76	0.7	0.8	0.8	0.86	0.86	0.76	0.82
8900	0.84	0.88	0.88	0.86	0.82	0.72	0.76	0.82	0.74	0.76	0.82	0.84	0.88	0.86	0.78	0.82
8950	0.88	0.88	0.86	0.86	0.84	0.7	0.78	0.82	0.76	0.84	0.74	0.8	0.82	0.84	0.84	0.8
9000	0.9	0.86	0.9	0.88	0.84	0.68	0.78	0.78	0.78	0.86	0.74	0.84	0.8	0.8	0.9	0.82
9050	0.9	0.9	0.9	0.86	0.82	0.7	0.78	0.76	0.84	0.86	0.7	0.84	0.78	0.76	0.88	0.82
9100	0.9	0.9	0.9	0.88	0.86	0.74	0.8	0.72	0.82	0.86	0.7	0.86	0.78	0.7	0.88	0.8
9150	0.9	0.88	0.9	0.9	0.86	0.72	0.78	0.68	0.8	0.8	0.64	0.84	0.76	0.68	0.88	0.8
9200	0.92	0.88	0.9	0.9	0.88	0.74	0.78	0.64	0.78	0.76	0.64	0.82	0.76	0.64	0.86	0.78
9250	0.92	0.92	0.9	0.88	0.86	0.74	0.8	0.7	0.78	0.74	0.68	0.84	0.74	0.66	0.88	0.78
9300	0.92	0.92	0.88	0.88	0.84	0.72	0.8	0.76	0.8	0.74	0.72	0.84	0.74	0.66	0.84	0.78
9350	0.9	0.92	0.9	0.88	0.84	0.72	0.76	0.78	0.78	0.72	0.74	0.82	0.74	0.66	0.84	0.82
9400	0.94	0.9	0.88	0.88	0.84	0.72	0.72	0.78	0.76	0.74	0.76	0.82	0.76	0.66	0.8	0.82
9450	0.92	0.88	0.88	0.88	0.86	0.72	0.7	0.72	0.78	0.72	0.8	0.84	0.8	0.7	0.82	0.88
9500	0.92	0.9	0.9	0.88	0.82	0.72	0.68	0.76	0.8	0.76	0.84	0.82	0.8	0.74	0.82	0.86
9550	0.92	0.88	0.9	0.88	0.84	0.72	0.7	0.8	0.82	0.8	0.9	0.8	0.84	0.74	0.8	0.86
9600	0.9	0.86	0.92	0.88	0.84	0.74	0.72	0.8	0.78	0.82	0.88	0.8	0.84	0.74	0.8	0.82
9650	0.9	0.84	0.9	0.88	0.82	0.74	0.72	0.8	0.8	0.82	0.86	0.82	0.86	0.74	0.8	0.8
9700	0.9	0.84	0.9	0.84	0.8	0.76	0.76	0.78	0.8	0.86	0.86	0.82	0.88	0.7	0.78	0.78
9750	0.88	0.8	0.9	0.84	0.82	0.78	0.84	0.76	0.8	0.86	0.86	0.82	0.9	0.72	0.78	0.76
9800	0.88	0.84	0.9	0.86	0.78	0.78	0.86	0.76	0.8	0.86	0.84	0.76	0.84	0.74	0.78	0.78
9850	0.9	0.86	0.9	0.88	0.8	0.82	0.88	0.8	0.78	0.82	0.84	0.68	0.84	0.78	0.8	0.82
9900	0.9	0.88	0.92	0.9	0.82	0.82	0.82	0.78	0.8	0.82	0.8	0.7	0.84	0.8	0.84	0.82
9950	0.9	0.9	0.92	0.9	0.84	0.82	0.8	0.8	0.84	0.8	0.82	0.68	0.86	0.82	0.84	0.82
10000	0.92	0.88	0.92	0.92	0.86	0.84	0.78	0.8	0.84	0.8	0.84	0.7	0.86	0.86	0.84	0.84
10050	0.92	0.86	0.92	0.92	0.86	0.8	0.78	0.8	0.86	0.8	0.8	0.72	0.82	0.9	0.82	0.82
10100	0.88	0.88	0.9	0.94	0.9	0.82	0.8	0.8	0.84	0.76	0.8	0.7	0.82	0.9	0.86	0.86
10150	0.84	0.88	0.88	0.92	0.9	0.82	0.78	0.82	0.82	0.76	0.8	0.7	0.82	0.86	0.86	0.86
10200	0.88	0.84	0.84	0.92	0.92	0.84	0.8	0.84	0.82	0.76	0.82	0.74	0.82	0.88	0.88	0.86
10250	0.86	0.8	0.82	0.9	0.92	0.82	0.78	0.82	0.82	0.78	0.82	0.84	0.86	0.88	0.88	0.82
10300	0.86	0.8	0.8	0.9	0.88	0.82	0.76	0.8	0.8	0.78	0.86	0.88	0.9	0.92	0.86	0.86
10350	0.86	0.82	0.82	0.88	0.84	0.84	0.8	0.82	0.74	0.78	0.9	0.92	0.92	0.92	0.86	0.84
10400	0.82	0.82	0.8	0.9	0.84	0.84	0.84	0.84	0.72	0.76	0.86	0.86	0.9	0.92	0.84	0.84
10450	0.84	0.82	0.82	0.9	0.86	0.8	0.76	0.86	0.66	0.74	0.86	0.84	0.88	0.88	0.84	0.84
10500	0.86	0.82	0.82	0.9	0.88	0.82	0.76	0.88	0.68	0.78	0.78	0.8	0.88	0.88	0.88	0.86
10550	0.86	0.8	0.84	0.88	0.82	0.78	0.7	0.86	0.64	0.76	0.78	0.8	0.86	0.88	0.88	0.88
10600	0.82	0.78	0.82	0.86	0.8	0.76	0.72	0.82	0.66	0.76	0.78	0.8	0.8	0.8	0.84	0.8
10650	0.8	0.82	0.86	0.86	0.84	0.78	0.74	0.8	0.68	0.76	0.78	0.78	0.74	0.78	0.84	0.8
10700	0.78	0.86	0.9	0.86	0.82	0.74	0.76	0.8	0.72	0.8	0.8	0.8	0.72	0.76	0.88	0.82
10750	0.78	0.84	0.92	0.86	0.84	0.74	0.72	0.78	0.74	0.76	0.74	0.8	0.7	0.76	0.88	0.82
10800	0.8	0.86	0.9	0.86	0.84	0.74	0.74	0.76	0.78	0.78	0.74	0.8	0.7	0.7	0.84	0.82
10850	0.82	0.82	0.84	0.84	0.8	0.74	0.78	0.78	0.8	0.76	0.74	0.8	0.7	0.7	0.86	0.8
10900	0.84	0.84	0.84	0.8	0.78	0.72	0.76	0.74	0.82	0.78	0.76	0.82	0.74	0.74	0.88	0.8
10950	0.86	0.82	0.82	0.8	0.82	0.74	0.8	0.78	0.84	0.76	0.8	0.82	0.74	0.68	0.84	0.8
11000	0.9	0.82	0.84	0.8	0.82	0.74	0.78	0.78	0.82	0.78	0.86	0.84	0.74	0.7	0.84	0.82
11050	0.9	0.8	0.8	0.82	0.82	0.74	0.74	0.76	0.8	0.78	0.84	0.84	0.76	0.74	0.88	0.86
11100	0.88	0.82	0.8	0.8	0.8	0.74	0.74	0.74	0.78	0.74	0.84	0.8	0.8	0.78	0.86	0.86
11150	0.88	0.84	0.8	0.8	0.82	0.76	0.74	0.74	0.8	0.76	0.86	0.82	0.8	0.78	0.86	0.9
11200	0.88	0.82	0.82	0.84	0.84	0.78	0.74	0.7	0.78	0.76	0.88	0.84	0.76	0.78	0.88	0.9
11250	0.88	0.88	0.82	0.88	0.82	0.78	0.76	0.72	0.78	0.78	0.86	0.86	0.76	0.82	0.9	0.94
11300	0.9	0.88	0.8	0.86	0.84	0.74	0.7	0.76	0.74	0.74	0.86	0.86	0.72	0.76	0.9	0.92
11350	0.84	0.86	0.8	0.88	0.84	0.74	0.72	0.74	0.76	0.74	0.84	0.86	0.74	0.78	0.88	0.9
11400	0.78	0.8	0.78	0.86	0.84	0.76	0.7	0.74	0.8	0.74	0.84	0.86	0.74	0.8	0.84	0.9
11450	0.76	0.76	0.78	0.86	0.84	0.78	0.72	0.78	0.8	0.72	0.76	0.84	0.74	0.78	0.88	0.9
11500	0.8	0.76	0.78	0.82	0.84	0.78	0.68	0.76	0.76	0.72	0.78	0.88	0.8	0.78	0.86	0.9
11550	0.74	0.76	0.82	0.84	0.84	0.78	0.66	0.76	0.78	0.72	0.76	0.9	0.76	0.8	0.84	0.92
11600	0.7	0.74	0.82	0.82	0.88	0.8	0.72	0.74	0.78	0.76	0.8	0.9	0.8	0.72	0.8	0.86
11650	0.68	0.74	0.8	0.8	0.88	0.78	0.74	0.7	0.82	0.74	0.74	0.86	0.76	0.7	0.82	0.84
11700	0.74	0.76	0.84	0.82	0.88	0.86	0.78	0.7	0.78	0.78	0.76	0.88	0.76	0.68	0.82	0.84
11750	0.78	0.8	0.88	0.82	0.9	0.88	0.76	0.72	0.78	0.8	0.8	0.88	0.76	0.68	0.82	0.82
11800	0.72	0.82	0.88	0.86	0.86	0.86	0.8	0.72	0.8	0.8	0.86	0.9	0.78	0.7	0.82	0.76
11850	0.74	0.82	0.9	0.86	0.9	0.82	0.84	0.74	0.8	0.78	0.86	0.86	0.76	0.68	0.86	0.78
11900	0.7	0.78	0.86	0.88	0.88	0.82	0.86	0.74	0.84	0.8	0.84	0.84	0.82	0.72	0.86	0.76
11950	0.74	0.74	0.82	0.84	0.86	0.84	0.9	0.76	0.8	0.78	0.84	0.86	0.8	0.72	0.84	0.76
12000	0.76	0.76	0.82	0.84	0.84	0.82	0.88	0.78	0.8	0.74	0.86	0.88	0.86	0.72	0.9	0.74
12050	0.78	0.72	0.84	0.82	0.82	0.8	0.88	0.8	0.76	0.74	0.88	0.92	0.88	0.76	0.92	0.84
12100	0.76	0.68	0.82	0.84	0.84	0.78	0.84	0.78	0.78	0.72	0.88	0.9	0.86	0.84	0.92	0.84
12150	0.76	0.66	0.82	0.82	0.86	0.84	0.8	0.78	0.8	0.74	0.84	0.86	0.86	0.82	0.96	0.82
12200	0.76	0.68	0.82	0.8	0.86	0.86	0.82	0.76	0.78	0.72	0.8	0.86	0.86	0.84	0.92	0.82
12250	0.8	0.64	0.82	0.76	0.84	0.86	0.82	0.8	0.76	0.74	0.82	0.88	0.9	0.88	0.94	0.88
12300	0.82	0.64	0.82	0.74	0.84	0.84	0.74	0.8	0.76	0.74	0.84	0.92	0.92	0.88	0.92	0.9
12350	0.84	0.68	0.82	0.78	0.82	0.88	0.74	0.8	0.74	0.74	0.86	0.9	0.92	0.88	0.92	0.9
12400	0.86	0.72	0.8	0.78	0.8	0.84	0.74	0.78	0.76	0.78	0.88	0.9	0.94	0.88	0.9	0.9
12450	0.88	0.72	0.84	0.8	0.8	0.84	0.8	0.8	0.8	0.8	0.88	0.86	0.92	0.88	0.88	0.9
12500	0.84	0.72	0.82	0.78	0.78	0.8	0.76	0.82	0.76	0.74	0.86	0.82	0.88	0.84	0.86	0.86
12550	0.86	0.74	0.82	0.82	0.8	0.78	0.78	0.78	0.76	0.74	0.9	0.84	0.92	0.84	0.86	0.86
12600	0.84	0.8	0.84	0.86	0.84	0.8	0.8	0.78	0.74	0.72	0.88	0.86	0.88	0.8	0.82	0.84
12650	0.8	0.78	0.86	0.88	0.86	0.78	0.84	0.76	0.76	0.78	0.86	0.84	0.88	0.84	0.84	0.86
12700	0.8	0.84	0.9	0.86	0.84	0.82	0.86	0.74	0.74	0.78	0.82	0.84	0.86	0.78	0.84	0.82
12750	0.8	0.82	0.94	0.88	0.88	0.82	0.9	0.74	0.76	0.76	0.78	0.78	0.82	0.74	0.8	0.8
12800	0.82	0.84	0.94	0.92	0.9	0.84	0.82	0.68	0.7	0.74	0.7	0.74	0.82	0.74	0.78	0.8
12850	0.8	0.82	0.92	0.9	0.9	0.82	0.82	0.68	0.68	0.7	0.72	0.72	0.84	0.74	0.78	0.74
12900	0.82	0.78	0.9	0.88	0.9	0.82	0.82	0.7	0.68	0.7	0.74	0.76	0.84	0.76	0.8	0.78
12950	0.8	0.76	0.92	0.84	0.92	0.82	0.8	0.72	0.74	0.72	0.66	0.78	0.84	0.74	0.82	0.78
13000	0.78	0.74	0.92	0.86	0.92	0.82	0.82	0.78	0.78	0.74	0.66	0.78	0.82	0.74	0.82	0.8
13050	0.76	0.74	0.9	0.88	0.94	0.86	0.8	0.76	0.8	0.74	0.66	0.78	0.82	0.74	0.78	0.8
13100	0.78	0.76	0.9	0.9	0.92	0.82	0.78	0.74	0.76	0.72	0.64	0.8	0.84	0.76	0.8	0.82
13150	0.82	0.7	0.88	0.86	0.88	0.82	0.74	0.8	0.72	0.72	0.66	0.88	0.86	0.74	0.84	0.84
13200	0.84	0.7	0.88	0.84	0.9	0.84	0.78	0.8	0.72	0.72	0.68	0.92	0.84	0.72	0.84	0.82
13250	0.84	0.74	0.88	0.84	0.88	0.88	0.78	0.8	0.68	0.76	0.74	0.88	0.84	0.76	0.86	0.82
13300	0.82	0.76	0.9	0.86	0.92	0.9	0.78	0.84	0.66	0.74	0.76	0.88	0.8	0.7	0.86	0.86
13350	0.78	0.78	0.84	0.88	0.88	0.86	0.78	0.86	0.64	0.76	0.76	0.86	0.76	0.74	0.88	0.86
13400	0.78	0.78	0.86	0.86	0.86	0.86	0.78	0.86	0.62	0.74	0.8	0.82	0.78	0.78	0.9	0.88
13450	0.84	0.78	0.86	0.82	0.84	0.86	0.78	0.84	0.6	0.76	0.8	0.82	0.78	0.78	0.92	0.88
13500	0.8	0.78	0.86	0.84	0.84	0.86	0.72	0.86	0.6	0.74	0.82	0.82	0.76	0.76	0.92	0.86
13550	0.8	0.78	0.86	0.84	0.84	0.86	0.78	0.84	0.6	0.76	0.84	0.82	0.76	0.7	0.9	0.84
13600	0.8	0.76	0.84	0.84	0.84	0.88	0.82	0.86	0.64	0.78	0.84	0.84	0.74	0.66	0.9	0.8
13650	0.78	0.8	0.86	0.86	0.84	0.86	0.74	0.8	0.64	0.76	0.84	0.84	0.72	0.64	0.92	0.78
13700	0.82	0.76	0.82	0.84	0.82	0.84	0.72	0.78	0.64	0.76	0.82	0.84	0.72	0.7	0.92	0.8
13750	0.84	0.74	0.78	0.82	0.82	0.86	0.76	0.76	0.68	0.72	0.84	0.82	0.76	0.7	0.9	0.82
13800	0.8	0.74	0.82	0.82	0.82	0.84	0.74	0.78	0.68	0.68	0.76	0.82	0.78	0.7	0.9	0.82
13850	0.78	0.8	0.84	0.82	0.82	0.88	0.72	0.8	0.76	0.68	0.78	0.82	0.76	0.72	0.86	0.84
13900	0.82	0.8	0.82	0.84	0.8	0.88	0.72	0.84	0.78	0.72	0.8	0.86	0.76	0.76	0.84	0.86
13950	0.82	0.78	0.84	0.8	0.82	0.88	0.74	0.82	0.72	0.66	0.78	0.84	0.78	0.8	0.82	0.86
14000	0.84	0.78	0.86	0.76	0.84	0.86	0.7	0.82	0.7	0.64	0.78	0.86	0.8	0.84	0.82	0.9
14050	0.9	0.78	0.86	0.72	0.82	0.84	0.74	0.8	0.7	0.66	0.8	0.86	0.84	0.82	0.82	0.92
14100	0.88	0.8	0.88	0.72	0.82	0.82	0.76	0.78	0.68	0.72	0.8	0.86	0.82	0.8	0.82	0.92
14150	0.86	0.8	0.9	0.72	0.78	0.78	0.74	0.7	0.62	0.72	0.84	0.86	0.84	0.8	0.82	0.92
14200	0.9	0.86	0.88	0.76	0.78	0.74	0.72	0.66	0.64	0.78	0.84	0.86	0.82	0.82	0.82	0.9
14250	0.92	0.86	0.86	0.76	0.78	0.72	0.68	0.64	0.64	0.8	0.84	0.86	0.82	0.76	0.82	0.88
14300	0.92	0.84	0.82	0.76	0.78	0.7	0.66	0.68	0.68	0.78	0.82	0.88	0.82	0.74	0.82	0.9
14350	0.9	0.86	0.84	0.76	0.8	0.72	0.7	0.7	0.68	0.82	0.82	0.88	0.82	0.78	0.88	0.9
14400	0.88	0.88	0.86	0.84	0.78	0.74	0.72	0.72	0.68	0.82	0.8	0.88	0.84	0.76	0.88	0.9
14450	0.86	0.88	0.88	0.9	0.8	0.76	0.68	0.7	0.62	0.8	0.76	0.84	0.82	0.76	0.92	0.88
14500	0.86	0.9	0.9	0.92	0.82	0.78	0.66	0.7	0.62	0.8	0.74	0.86	0.78	0.7	0.9	0.86
14550	0.86	0.94	0.9	0.92	0.88	0.78	0.64	0.72	0.6	0.8	0.78	0.86	0.76	0.7	0.88	0.86
14600	0.86	0.94	0.9	0.9	0.88	0.82	0.64	0.74	0.66	0.8	0.78	0.84	0.76	0.68	0.84	0.84
14650	0.84	0.9	0.92	0.9	0.9	0.82	0.68	0.76	0.68	0.8	0.82	0.82	0.72	0.7	0.82	0.86
14700	0.82	0.92	0.96	0.92	0.9	0.82	0.7	0.76	0.66	0.76	0.82	0.82	0.72	0.64	0.8	0.84
14750	0.8	0.88	0.94	0.92	0.9	0.84	0.72	0.74	0.68	0.78	0.86	0.84	0.74	0.64	0.8	0.8
14800	0.8	0.88	0.94	0.9	0.9	0.84	0.72	0.76	0.72	0.76	0.82	0.84	0.76	0.7	0.78	0.76
14850	0.76	0.86	0.92	0.9	0.88	0.84	0.72	0.78	0.74	0.8	0.88	0.84	0.76	0.72	0.72	0.76
14900	0.76	0.82	0.86	0.9	0.9	0.84	0.7	0.76	0.76	0.82	0.88	0.9	0.8	0.72	0.72	0.74
14950	0.76	0.8	0.86	0.9	0.92	0.88	0.74	0.78	0.78	0.8	0.9	0.88	0.82	0.74	0.76	0.76
15000	0.76	0.8	0.86	0.92	0.9	0.82	0.72	0.72	0.74	0.76	0.88	0.88	0.84	0.84	0.8	0.74
15050	0.74	0.8	0.86	0.9	0.9	0.78	0.74	0.7	0.74	0.78	0.9	0.9	0.9	0.86	0.84	0.74
15100	0.78	0.8	0.88	0.92	0.9	0.76	0.72	0.72	0.74	0.72	0.84	0.86	0.88	0.86	0.82	0.76
15150	0.72	0.78	0.86	0.92	0.88	0.74	0.72	0.7	0.74	0.76	0.86	0.84	0.84	0.86	0.8	0.76
15200	0.7	0.74	0.86	0.9	0.84	0.72	0.68	0.7	0.72	0.76	0.88	0.82	0.82	0.82	0.78	0.78
15250	0.76	0.74	0.8	0.84	0.82	0.72	0.68	0.68	0.74	0.8	0.84	0.8	0.74	0.8	0.8	0.82
15300	0.72	0.72	0.8	0.86	0.82	0.66	0.68	0.68	0.76	0.76	0.82	0.8	0.76	0.78	0.78	0.82
15350	0.66	0.68	0.8	0.84	0.8	0.6	0.68	0.62	0.74	0.76	0.78	0.8	0.7	0.72	0.76	0.84
15400	0.68	0.66	0.82	0.8	0.76	0.64	0.72	0.64	0.76	0.8	0.8	0.84	0.74	0.74	0.76	0.82
15450	0.74	0.62	0.8	0.76	0.78	0.66	0.7	0.66	0.78	0.8	0.78	0.82	0.8	0.74	0.78	0.84
15500	0.68	0.58	0.8	0.76	0.8	0.66	0.64	0.64	0.78	0.84	0.84	0.82	0.78	0.7	0.76	0.86
15550	0.68	0.62	0.78	0.78	0.76	0.66	0.64	0.62	0.8	0.84	0.8	0.82	0.78	0.74	0.74	0.86
15600	0.68	0.68	0.76	0.8	0.76	0.66	0.66	0.62	0.78	0.84	0.82	0.82	0.74	0.74	0.76	0.88
15650	0.72	0.72	0.8	0.84	0.82	0.62	0.66	0.62	0.8	0.8	0.8	0.84	0.74	0.74	0.78	0.88
15700	0.76	0.82	0.78	0.86	0.84	0.68	0.64	0.6	0.8	0.84	0.84	0.84	0.74	0.72	0.8	0.82
15750	0.8	0.84	0.84	0.88	0.86	0.68	0.6	0.66	0.8	0.84	0.8	0.86	0.72	0.74	0.78	0.84
15800	0.78	0.88	0.88	0.94	0.88	0.76	0.64	0.68	0.78	0.82	0.82	0.86	0.74	0.76	0.8	0.86
15850	0.76	0.86	0.86	0.94	0.84	0.72	0.62	0.74	0.8	0.84	0.82	0.88	0.74	0.72	0.72	0.84
15900	0.82	0.86	0.88	0.9	0.8	0.68	0.64	0.7	0.78	0.78	0.8	0.88	0.76	0.7	0.74	0.8
15950	0.84	0.86	0.88	0.88	0.76	0.7	0.64	0.72	0.8	0.76	0.8	0.86	0.74	0.66	0.76	0.8
16000	0.84	0.86	0.88	0.88	0.74	0.7	0.66	0.68	0.82	0.76	0.8	0.88	0.76	0.68	0.74	0.8
16050	0.84	0.86	0.86	0.84	0.78	0.7	0.68	0.72	0.8	0.74	0.82	0.86	0.76	0.68	0.74	0.78
16100	0.84	0.84	0.86	0.84	0.74	0.68	0.68	0.72	0.82	0.76	0.82	0.88	0.76	0.66	0.72	0.76
16150	0.82	0.84	0.86	0.88	0.74	0.62	0.66	0.68	0.78	0.76	0.8	0.88	0.76	0.66	0.72	0.8
16200	0.8	0.88	0.86	0.86	0.74	0.64	0.62	0.66	0.78	0.76	0.84	0.88	0.72	0.68	0.72	0.82
16250	0.86	0.84	0.82	0.8	0.76	0.68	0.66	0.66	0.74	0.78	0.82	0.84	0.72	0.66	0.74	0.84
16300	0.88	0.86	0.82	0.78	0.76	0.7	0.64	0.72	0.72	0.74	0.82	0.84	0.62	0.56	0.78	0.8
16350	0.82	0.8	0.82	0.78	0.76	0.72	0.66	0.76	0.72	0.7	0.82	0.82	0.64	0.56	0.8	0.78
16400	0.84	0.8	0.82	0.78	0.84	0.74	0.64	0.76	0.66	0.7	0.82	0.84	0.66	0.54	0.82	0.78
16450	0.82	0.76	0.82	0.78	0.82	0.66	0.6	0.74	0.66	0.72	0.78	0.86	0.66	0.58	0.84	0.78
16500	0.82	0.76	0.82	0.82	0.82	0.64	0.64	0.76	0.64	0.66	0.74	0.8	0.64	0.58	0.84	0.82
16550	0.8	0.76	0.82	0.8	0.78	0.72	0.68	0.84	0.68	0.64	0.76	0.78	0.66	0.6	0.86	0.82
16600	0.8	0.76	0.82	0.82	0.8	0.72	0.7	0.82	0.68	0.64	0.74	0.78	0.7	0.6	0.86	0.74
16650	0.74	0.74	0.78	0.86	0.8	0.72	0.72	0.84	0.7	0.64	0.74	0.76	0.72	0.66	0.86	0.68
16700	0.72	0.74	0.82	0.82	0.76	0.76	0.76	0.8	0.68	0.7	0.78	0.78	0.74	0.7	0.88	0.66
16750	0.72	0.72	0.8	0.82	0.78	0.74	0.72	0.78	0.66	0.7	0.76	0.72	0.7	0.68	0.86	0.66
16800	0.74	0.78	0.8	0.82	0.78	0.74	0.76	0.82	0.64	0.7	0.76	0.7	0.64	0.64	0.84	0.72
16850	0.74	0.78	0.84	0.84	0.82	0.82	0.82	0.82	0.64	0.66	0.74	0.72	0.64	0.66	0.86	0.74
16900	0.74	0.78	0.88	0.84	0.84	0.9	0.84	0.86	0.66	0.68	0.72	0.74	0.66	0.62	0.84	0.68
16950	0.76	0.78	0.82	0.84	0.84	0.9	0.8	0.8	0.64	0.7	0.76	0.74	0.64	0.64	0.82	0.72
17000	0.78	0.76	0.8	0.82	0.82	0.86	0.8	0.78	0.66	0.66	0.74	0.72	0.58	0.66	0.84	0.76
17050	0.8	0.84	0.84	0.8	0.82	0.88	0.78	0.78	0.7	0.68	0.72	0.76	0.58	0.64	0.86	0.76
17100	0.8	0.86	0.86	0.9	0.8	0.86	0.78	0.78	0.7	0.7	0.74	0.76	0.58	0.64	0.84	0.8
17150	0.8	0.82	0.82	0.9	0.84	0.86	0.8	0.78	0.72	0.72	0.72	0.76	0.6	0.64	0.88	0.78
17200	0.84	0.82	0.76	0.86	0.82	0.86	0.86	0.78	0.76	0.72	0.72	0.78	0.62	0.66	0.88	0.78
17250	0.82	0.82	0.82	0.82	0.8	0.88	0.86	0.76	0.78	0.72	0.72	0.78	0.6	0.64	0.88	0.76
17300	0.82	0.84	0.84	0.84	0.82	0.86	0.84	0.74	0.78	0.68	0.72	0.76	0.6	0.64	0.86	0.74
17350	0.82	0.82	0.8	0.86	0.78	0.8	0.82	0.68	0.7	0.68	0.76	0.74	0.6	0.66	0.84	0.74
17400	0.82	0.84	0.82	0.9	0.78	0.84	0.82	0.68	0.7	0.68	0.7	0.74	0.62	0.7	0.84	0.76
17450	0.82	0.84	0.8	0.9	0.76	0.78	0.82	0.68	0.76	0.7	0.74	0.7	0.64	0.68	0.84	0.72
17500	0.8	0.84	0.76	0.9	0.76	0.76	0.78	0.7	0.72	0.68	0.72	0.68	0.66	0.66	0.8	0.72
17550	0.86	0.9	0.78	0.92	0.78	0.7	0.68	0.74	0.74	0.68	0.7	0.66	0.66	0.72	0.82	0.74
17600	0.86	0.9	0.8	0.94	0.78	0.72	0.66	0.72	0.74	0.72	0.68	0.68	0.68	0.7	0.8	0.72
17650	0.88	0.94	0.84	0.94	0.8	0.68	0.62	0.72	0.78	0.74	0.66	0.66	0.7	0.74	0.82	0.72
17700	0.86	0.96	0.84	0.96	0.8	0.66	0.6	0.74	0.78	0.72	0.72	0.72	0.74	0.74	0.8	0.66
17750	0.86	0.98	0.84	0.96	0.84	0.72	0.66	0.74	0.78	0.74	0.74	0.74	0.78	0.76	0.78	0.68
17800	0.86	0.96	0.82	0.94	0.84	0.74	0.62	0.8	0.8	0.72	0.74	0.76	0.84	0.76	0.82	0.7
17850	0.84	0.96	0.82	0.94	0.88	0.78	0.66	0.82	0.76	0.68	0.72	0.8	0.88	0.76	0.82	0.68
17900	0.82	0.96	0.86	0.94	0.9	0.8	0.76	0.8	0.8	0.68	0.74	0.8	0.86	0.74	0.8	0.64
17950	0.8	0.94	0.9	0.92	0.94	0.82	0.78	0.8	0.78	0.68	0.76	0.84	0.86	0.76	0.8	0.72
18000	0.78	0.92	0.9	0.9	0.94	0.84	0.8	0.84	0.8	0.7	0.8	0.82	0.86	0.74	0.8	0.76
18050	0.76	0.92	0.92	0.92	0.94	0.82	0.8	0.8	0.8	0.74	0.86	0.84	0.86	0.74	0.78	0.76
18100	0.8	0.88	0.88	0.86	0.84	0.82	0.78	0.8	0.78	0.78	0.88	0.8	0.82	0.76	0.8	0.82
18150	0.74	0.86	0.88	0.88	0.84	0.8	0.76	0.78	0.76	0.8	0.84	0.84	0.76	0.7	0.78	0.78
18200	0.76	0.86	0.84	0.88	0.82	0.8	0.76	0.76	0.68	0.76	0.84	0.84	0.72	0.68	0.78	0.76
18250	0.8	0.84	0.78	0.84	0.8	0.82	0.8	0.72	0.7	0.74	0.84	0.82	0.7	0.68	0.8	0.8
18300	0.82	0.82	0.78	0.82	0.78	0.78	0.78	0.68	0.68	0.72	0.82	0.84	0.7	0.68	0.84	0.82
18350	0.82	0.8	0.72	0.84	0.76	0.76	0.68	0.72	0.66	0.72	0.8	0.82	0.7	0.72	0.82	0.8
18400	0.8	0.84	0.72	0.84	0.76	0.78	0.7	0.68	0.64	0.7	0.8	0.82	0.68	0.68	0.8	0.76
18450	0.8	0.8	0.7	0.8	0.76	0.76	0.7	0.66	0.64	0.66	0.74	0.78	0.68	0.68	0.84	0.78
18500	0.8	0.8	0.68	0.82	0.8	0.8	0.7	0.66	0.7	0.58	0.68	0.76	0.66	0.7	0.82	0.8
18550	0.8	0.8	0.66	0.84	0.74	0.76	0.72	0.7	0.74	0.6	0.68	0.72	0.7	0.72	0.86	0.8
18600	0.78	0.78	0.66	0.76	0.74	0.74	0.72	0.7	0.72	0.66	0.66	0.7	0.68	0.76	0.84	0.82
18650	0.74	0.78	0.66	0.8	0.74	0.72	0.7	0.7	0.72	0.68	0.66	0.72	0.68	0.72	0.82	0.76
18700	0.74	0.84	0.68	0.82	0.74	0.68	0.72	0.68	0.76	0.66	0.64	0.68	0.66	0.72	0.82	0.74
18750	0.7	0.82	0.66	0.8	0.7	0.7	0.72	0.68	0.74	0.68	0.7	0.66	0.66	0.7	0.78	0.68
18800	0.76	0.82	0.66	0.82	0.72	0.72	0.7	0.66	0.68	0.72	0.66	0.66	0.62	0.72	0.78	0.7
18850	0.72	0.82	0.7	0.84	0.7	0.72	0.7	0.62	0.64	0.74	0.64	0.66	0.58	0.7	0.76	0.7
18900	0.7	0.84	0.7	0.84	0.76	0.68	0.68	0.62	0.62	0.74	0.72	0.78	0.7	0.68	0.76	0.68
18950	0.72	0.88	0.76	0.86	0.78	0.56	0.6	0.56	0.6	0.7	0.68	0.76	0.66	0.7	0.76	0.66
19000	0.78	0.86	0.78	0.9	0.8	0.6	0.66	0.56	0.64	0.76	0.68	0.8	0.7	0.7	0.8	0.66
19050	0.78	0.84	0.78	0.88	0.8	0.62	0.68	0.58	0.6	0.76	0.66	0.84	0.72	0.74	0.8	0.68
19100	0.82	0.86	0.8	0.88	0.82	0.6	0.68	0.54	0.64	0.74	0.64	0.84	0.7	0.72	0.78	0.74
19150	0.76	0.82	0.82	0.86	0.84	0.58	0.62	0.54	0.66	0.76	0.68	0.84	0.74	0.74	0.78	0.76
19200	0.76	0.82	0.78	0.86	0.84	0.62	0.64	0.62	0.72	0.72	0.64	0.86	0.78	0.74	0.76	0.84
19250	0.76	0.84	0.76	0.88	0.84	0.58	0.68	0.6	0.72	0.7	0.6	0.88	0.76	0.74	0.76	0.82
19300	0.68	0.82	0.76	0.86	0.84	0.66	0.74	0.64	0.74	0.68	0.6	0.88	0.76	0.82	0.74	0.8
19350	0.72	0.8	0.78	0.86	0.84	0.7	0.78	0.64	0.74	0.7	0.6	0.88	0.74	0.78	0.72	0.82
19400	0.7	0.8	0.8	0.86	0.84	0.66	0.76	0.7	0.72	0.64	0.6	0.88	0.74	0.74	0.68	0.84
19450	0.68	0.82	0.76	0.84	0.82	0.64	0.76	0.7	0.76	0.64	0.6	0.82	0.76	0.7	0.68	0.86
19500	0.78	0.84	0.8	0.86	0.84	0.66	0.82	0.7	0.74	0.64	0.6	0.78	0.7	0.66	0.64	0.84
19550	0.76	0.86	0.8	0.86	0.82	0.68	0.84	0.72	0.76	0.68	0.62	0.78	0.68	0.66	0.64	0.78
19600	0.78	0.82	0.76	0.82	0.82	0.7	0.84	0.74	0.72	0.66	0.64	0.8	0.72	0.68	0.7	0.78
19650	0.78	0.8	0.72	0.76	0.84	0.68	0.86	0.8	0.76	0.66	0.7	0.78	0.76	0.7	0.76	0.78
19700	0.8	0.8	0.74	0.78	0.78	0.64	0.86	0.76	0.78	0.74	0.7	0.76	0.72	0.7	0.78	0.82
19750	0.8	0.8	0.74	0.76	0.8	0.64	0.86	0.76	0.76	0.74	0.72	0.76	0.7	0.7	0.78	0.8
19800	0.78	0.8	0.76	0.76	0.78	0.64	0.84	0.76	0.76	0.76	0.74	0.76	0.68	0.7	0.8	0.78
19850	0.76	0.82	0.8	0.7	0.76	0.66	0.82	0.76	0.74	0.72	0.72	0.76	0.68	0.72	0.8	0.76
19900	0.76	0.82	0.8	0.72	0.78	0.7	0.82	0.84	0.7	0.68	0.7	0.82	0.7	0.76	0.84	0.78
19950	0.76	0.78	0.84	0.8	0.8	0.74	0.76	0.82	0.66	0.64	0.7	0.8	0.62	0.76	0.88	0.84
20000	0.8	0.74	0.82	0.82	0.82	0.78	0.74	0.82	0.68	0.64	0.74	0.8	0.62	0.76	0.88	0.84
