0	0.0	0.0	0.0	0.0	0.0	0.0	0.0	0.0	0.0	0.0	0.0	0.0	0.0	0.0	0.0	0.0
50	0.0	0.0	0.0	0.0	0.0	0.0	0.428571428571	0.0	0.2	0.25	0.0	0.0	0.428571428571	0.0	0.2	0.333333333333
100	0.333333333333	0.333333333333	0.0	0.222222222222	0.0	0.285714285714	0.555555555556	0.5	0.125	0.222222222222	0.333333333333	0.285714285714	0.5	0.363636363636	0.5	0.2
150	0.583333333333	0.666666666667	0.444444444444	0.428571428571	0.333333333333	0.5	0.642857142857	0.625	0.416666666667	0.333333333333	0.333333333333	0.363636363636	0.647058823529	0.461538461538	0.5	0.3
200	0.642857142857	0.730769230769	0.615384615385	0.578947368421	0.461538461538	0.705882352941	0.666666666667	0.684210526316	0.529411764706	0.5	0.5	0.529411764706	0.7	0.588235294118	0.695652173913	0.466666666667
250	0.705882352941	0.758620689655	0.705882352941	0.652173913043	0.611111111111	0.782608695652	0.75	0.75	0.625	0.55	0.555555555556	0.619047619048	0.75	0.692307692308	0.733333333333	0.555555555556
300	0.7	0.757575757576	0.736842105263	0.692307692308	0.724137931034	0.833333333333	0.777777777778	0.785714285714	0.709677419355	0.608695652174	0.608695652174	0.68	0.806451612903	0.714285714286	0.757575757576	0.6
350	0.8125	0.794871794872	0.8	0.741935483871	0.75	0.84375	0.785714285714	0.823529411765	0.735294117647	0.678571428571	0.689655172414	0.692307692308	0.828571428571	0.727272727273	0.771428571429	0.666666666667
400	0.823529411765	0.809523809524	0.785714285714	0.757575757576	0.75	0.857142857143	0.8125	0.85	0.780487804878	0.742857142857	0.742857142857	0.757575757576	0.846153846154	0.756756756757	0.789473684211	0.689655172414
450	0.837837837838	0.818181818182	0.785714285714	0.771428571429	0.780487804878	0.875	0.846153846154	0.860465116279	0.782608695652	0.763157894737	0.780487804878	0.80487804878	0.840909090909	0.790697674419	0.818181818182	0.742857142857
500	0.833333333333	0.829787234043	0.793103448276	0.783783783784	0.790697674419	0.866666666667	0.866666666667	0.872340425532	0.791666666667	0.790697674419	0.795454545455	0.826086956522	0.854166666667	0.804347826087	0.84	0.777777777778
550	0.844444444444	0.9	0.823529411765	0.80487804878	0.804347826087	0.9	0.9	0.94	0.84	0.816326530612	0.804347826087	0.86	0.9	0.84	0.92	0.787234042553
600	0.857142857143	0.94	0.833333333333	0.813953488372	0.816326530612	0.98	0.94	0.96	0.94	0.92	0.82	0.94	0.94	0.92	0.92	0.8
650	0.92	0.96	0.846153846154	0.836734693878	0.84	0.98	0.96	0.98	0.94	0.94	0.9	0.98	0.98	0.94	0.96	0.84
700	0.94	0.96	0.857142857143	1.0	0.94	0.98	0.98	0.98	0.96	0.98	0.94	0.98	0.98	0.94	0.96	0.9
750	0.94	0.96	0.866666666667	1.0	0.94	0.98	0.98	0.98	0.98	0.98	0.98	1.0	0.98	0.96	0.96	0.92
800	0.94	0.98	0.875	1.0	0.96	0.98	1.0	0.98	0.98	0.98	1.0	1.0	0.98	0.96	0.98	0.96
850	0.96	0.98	0.88	1.0	0.96	0.98	1.0	0.98	0.98	1.0	1.0	1.0	0.98	0.98	0.98	0.94
900	0.96	0.98	0.9	1.0	0.96	0.98	1.0	0.98	0.98	1.0	1.0	1.0	0.98	0.98	0.98	0.94
950	0.96	0.98	0.96	1.0	0.96	0.98	1.0	0.98	0.98	1.0	1.0	1.0	0.98	0.98	0.98	0.96
1000	0.96	0.96	0.98	1.0	0.96	1.0	1.0	0.98	0.98	1.0	1.0	1.0	0.98	0.98	0.98	0.96
1050	0.96	0.96	0.98	1.0	0.98	1.0	1.0	0.98	1.0	1.0	1.0	1.0	0.98	0.98	0.98	0.98
1100	0.96	0.96	0.98	1.0	0.98	1.0	1.0	0.98	1.0	1.0	1.0	1.0	1.0	0.98	0.98	0.98
1150	0.96	0.96	0.98	1.0	0.98	1.0	1.0	0.98	1.0	1.0	1.0	1.0	0.98	0.98	1.0	0.98
1200	0.98	0.96	0.98	1.0	1.0	1.0	1.0	0.98	1.0	1.0	1.0	1.0	0.98	0.98	1.0	0.98
1250	0.98	0.96	1.0	1.0	1.0	0.98	1.0	0.98	1.0	1.0	1.0	1.0	0.98	1.0	1.0	0.98
1300	0.98	0.96	1.0	1.0	1.0	0.98	1.0	1.0	1.0	1.0	1.0	1.0	0.98	1.0	1.0	0.98
1350	0.96	0.96	1.0	0.96	1.0	0.98	1.0	1.0	1.0	1.0	1.0	1.0	0.98	1.0	1.0	0.98
1400	0.96	0.96	1.0	0.96	1.0	0.96	1.0	1.0	1.0	1.0	1.0	1.0	0.96	1.0	1.0	0.98
1450	0.96	0.96	1.0	0.94	1.0	0.96	1.0	1.0	1.0	1.0	1.0	1.0	0.9	1.0	1.0	0.98
1500	0.98	0.96	1.0	0.94	1.0	0.94	1.0	1.0	1.0	1.0	1.0	1.0	0.9	1.0	1.0	1.0
1550	0.98	0.96	1.0	0.92	1.0	0.92	1.0	0.98	0.98	1.0	1.0	0.98	0.9	1.0	1.0	1.0
1600	0.98	0.96	1.0	0.92	0.98	0.92	1.0	0.98	0.96	1.0	1.0	0.98	0.9	1.0	1.0	1.0
1650	0.98	0.98	1.0	0.92	0.96	0.92	1.0	0.98	0.96	1.0	1.0	0.98	0.9	1.0	1.0	1.0
1700	0.98	0.98	1.0	0.92	0.96	0.9	1.0	0.98	0.96	1.0	1.0	0.98	0.9	1.0	1.0	1.0
1750	0.96	1.0	1.0	0.92	0.96	0.9	1.0	0.98	0.96	1.0	1.0	0.98	0.92	1.0	1.0	1.0
1800	0.94	1.0	1.0	0.92	0.96	0.9	1.0	0.98	0.96	1.0	1.0	0.98	0.92	0.98	0.98	1.0
1850	0.94	1.0	1.0	0.92	0.96	0.88	1.0	0.98	0.96	1.0	1.0	0.98	0.92	0.98	0.98	1.0
1900	0.92	1.0	1.0	0.92	0.96	0.88	1.0	0.98	0.96	1.0	1.0	0.98	0.92	0.98	0.96	1.0
1950	0.92	1.0	1.0	0.92	0.96	0.88	1.0	0.98	0.96	1.0	1.0	0.94	0.92	0.98	0.96	1.0
2000	0.92	1.0	0.98	0.96	0.96	0.88	1.0	0.96	0.96	1.0	1.0	0.94	0.92	0.98	0.96	1.0
2050	0.92	1.0	0.96	0.96	0.96	0.9	1.0	0.96	0.96	1.0	1.0	0.94	0.94	0.98	0.96	1.0
2100	0.92	0.98	0.94	0.96	0.96	0.9	1.0	0.94	0.96	0.98	1.0	0.94	0.96	0.98	0.96	1.0
2150	0.92	0.98	0.94	0.98	0.94	0.88	1.0	0.94	0.96	0.98	1.0	0.92	0.98	0.98	0.94	1.0
2200	0.94	0.98	0.94	1.0	0.96	0.9	1.0	0.94	0.98	0.98	1.0	0.94	1.0	0.98	0.94	1.0
2250	0.94	0.98	0.94	1.0	0.98	0.9	1.0	0.94	0.98	0.98	1.0	0.94	1.0	0.98	0.94	1.0
2300	0.92	0.98	0.94	1.0	0.96	0.94	0.98	0.94	0.98	0.98	1.0	0.94	1.0	0.98	0.94	1.0
2350	0.92	0.98	0.94	1.0	0.94	0.94	0.98	0.94	1.0	0.98	1.0	0.94	1.0	0.98	0.96	0.98
2400	0.92	0.98	0.94	1.0	0.94	0.94	0.98	0.96	1.0	0.98	1.0	0.94	1.0	0.98	0.96	0.98
2450	0.92	0.98	0.94	1.0	0.94	0.94	0.98	0.96	1.0	0.98	1.0	0.94	1.0	0.98	0.98	0.98
2500	0.92	0.98	0.94	1.0	0.94	0.96	0.98	0.96	1.0	0.96	1.0	0.94	1.0	0.98	0.98	0.98
2550	0.96	0.98	0.94	1.0	0.94	0.96	0.98	0.96	0.98	0.96	1.0	0.94	1.0	0.98	0.94	0.98
2600	0.96	0.98	0.94	1.0	0.94	0.94	0.98	0.96	0.98	0.96	1.0	0.96	1.0	0.98	0.94	0.98
2650	0.98	0.98	0.94	1.0	0.94	0.94	0.98	0.96	0.98	0.96	1.0	0.96	1.0	0.98	0.92	0.98
2700	0.98	0.98	0.96	1.0	0.96	0.96	0.98	0.96	0.98	0.96	1.0	0.96	1.0	1.0	0.94	0.98
2750	0.98	0.98	0.98	1.0	0.94	0.96	0.98	0.98	0.96	0.98	1.0	0.96	1.0	1.0	0.94	0.98
2800	0.98	1.0	0.98	1.0	0.94	0.96	0.98	1.0	0.96	0.98	1.0	0.98	1.0	1.0	0.92	0.98
2850	0.98	1.0	1.0	1.0	0.94	0.94	0.98	1.0	0.96	0.98	1.0	0.98	1.0	1.0	0.92	0.98
2900	0.96	0.98	1.0	1.0	0.94	0.94	0.98	1.0	0.94	0.98	1.0	0.98	1.0	1.0	0.92	0.98
2950	0.96	0.98	1.0	1.0	0.96	0.94	0.98	1.0	0.94	0.98	1.0	0.98	1.0	1.0	0.92	0.98
3000	0.96	0.98	1.0	1.0	0.96	0.96	1.0	1.0	0.94	0.98	1.0	0.98	1.0	1.0	0.92	0.96
3050	0.96	0.98	1.0	1.0	0.96	0.96	1.0	1.0	0.94	0.98	1.0	0.98	1.0	1.0	0.92	0.96
3100	0.94	0.94	1.0	1.0	0.96	0.96	1.0	1.0	0.92	0.98	1.0	0.98	1.0	1.0	0.92	0.96
3150	0.96	0.94	1.0	1.0	0.98	0.96	1.0	1.0	0.9	0.96	1.0	0.98	1.0	1.0	0.9	0.96
3200	0.96	0.94	1.0	1.0	0.98	0.96	1.0	1.0	0.9	0.96	1.0	0.96	1.0	1.0	0.9	0.96
3250	0.96	0.94	1.0	1.0	0.98	0.96	1.0	1.0	0.9	0.96	1.0	0.98	1.0	1.0	0.92	0.96
3300	0.96	0.94	1.0	1.0	0.96	0.98	1.0	1.0	0.9	0.96	1.0	0.98	1.0	1.0	0.94	0.96
3350	0.96	0.94	1.0	1.0	0.96	0.98	1.0	1.0	0.92	0.98	1.0	0.94	1.0	1.0	0.94	0.96
3400	0.96	0.94	1.0	1.0	0.96	0.98	1.0	1.0	0.92	0.98	1.0	0.92	1.0	1.0	0.94	0.96
3450	0.96	0.94	1.0	1.0	0.96	0.98	1.0	1.0	0.92	0.98	1.0	0.92	1.0	1.0	0.94	0.96
3500	0.98	0.94	1.0	1.0	0.96	0.96	1.0	1.0	0.92	0.98	1.0	0.92	1.0	1.0	0.94	0.96
3550	0.98	0.94	1.0	1.0	0.96	0.96	1.0	1.0	0.94	0.98	1.0	0.92	0.98	1.0	0.94	0.96
3600	0.96	0.94	1.0	1.0	0.96	0.96	1.0	1.0	0.94	0.98	1.0	0.92	0.98	0.98	0.96	1.0
3650	0.96	0.94	1.0	1.0	0.98	0.96	1.0	1.0	0.94	0.98	1.0	0.92	0.98	0.98	0.96	1.0
3700	0.96	0.94	1.0	1.0	0.98	0.96	1.0	1.0	0.94	0.98	1.0	0.92	0.98	0.98	0.96	0.98
3750	0.98	0.96	1.0	1.0	0.98	0.96	1.0	1.0	0.94	0.98	1.0	0.92	0.98	0.98	0.96	0.98
3800	0.98	0.96	1.0	1.0	0.98	0.96	1.0	1.0	0.96	0.98	1.0	0.92	0.98	0.98	0.96	0.98
3850	0.98	0.96	1.0	0.98	0.98	0.96	0.98	1.0	0.96	0.98	1.0	0.92	0.98	0.98	0.98	0.98
3900	0.98	0.98	1.0	0.98	0.98	0.96	0.98	1.0	0.96	0.98	1.0	0.92	0.98	0.98	0.98	0.98
3950	0.98	1.0	1.0	0.98	0.98	0.96	0.98	1.0	0.98	1.0	1.0	0.92	0.98	0.98	0.98	0.98
4000	0.98	1.0	1.0	0.98	0.98	0.96	0.98	1.0	0.98	1.0	1.0	0.92	0.96	0.98	0.98	0.98
4050	0.98	1.0	1.0	0.98	0.98	0.96	0.98	1.0	0.98	1.0	1.0	0.92	0.96	0.98	0.98	0.98
4100	0.98	1.0	1.0	0.96	0.98	0.96	0.98	0.98	0.98	1.0	0.98	0.94	0.94	0.98	0.98	0.98
4150	0.98	1.0	1.0	0.96	0.98	0.96	0.98	0.98	0.98	0.98	0.98	0.98	0.96	0.98	1.0	0.96
4200	0.98	1.0	1.0	0.96	0.98	0.96	0.98	0.98	0.98	0.98	0.98	0.98	0.96	0.98	1.0	0.96
4250	0.98	1.0	1.0	0.96	0.98	0.96	0.96	0.98	1.0	0.96	0.98	0.98	0.96	0.98	0.98	0.96
4300	0.98	0.98	1.0	0.96	0.98	0.96	0.96	0.98	1.0	0.96	0.98	0.98	0.96	1.0	0.98	0.96
4350	0.98	0.98	0.98	0.96	0.98	0.96	0.96	0.98	1.0	0.94	0.96	0.98	0.96	1.0	0.98	0.96
4400	0.98	0.98	0.98	0.96	0.98	1.0	0.96	0.98	1.0	0.94	0.96	0.98	0.96	1.0	0.98	0.96
4450	0.98	0.98	0.98	0.96	0.98	1.0	0.96	0.98	1.0	0.94	0.96	0.98	0.96	1.0	0.96	0.96
4500	0.98	0.98	0.98	0.92	0.98	1.0	0.98	0.98	1.0	0.94	0.96	0.98	0.96	1.0	0.96	0.98
4550	0.96	0.98	0.98	0.94	0.98	1.0	0.98	0.98	0.98	0.94	0.96	0.98	0.96	1.0	0.96	0.98
4600	0.96	0.98	0.98	0.92	0.98	1.0	0.96	0.98	0.98	0.94	0.96	0.98	0.96	1.0	0.96	0.98
4650	0.94	0.98	0.98	0.92	0.98	1.0	0.96	0.98	0.98	0.92	0.96	1.0	0.96	1.0	0.96	0.98
4700	0.94	0.98	0.98	0.92	1.0	1.0	0.96	0.98	0.98	0.92	0.96	1.0	0.98	1.0	0.96	0.98
4750	0.94	0.98	0.98	0.92	1.0	0.98	0.96	0.98	0.98	0.92	0.96	1.0	0.98	1.0	0.96	0.98
4800	0.94	0.98	0.98	0.9	1.0	0.98	0.96	0.98	0.98	0.92	0.96	1.0	1.0	1.0	0.96	0.98
4850	0.94	0.98	0.98	0.92	1.0	0.98	0.98	0.98	0.98	0.9	0.96	1.0	1.0	1.0	0.96	0.98
4900	0.94	0.98	0.98	0.92	0.98	0.98	0.98	1.0	0.98	0.94	0.98	1.0	1.0	1.0	0.96	0.98
4950	0.94	0.98	0.98	0.92	0.98	0.98	0.98	1.0	0.96	0.94	0.98	1.0	1.0	1.0	0.94	0.98
5000	0.94	0.98	0.96	0.92	0.98	0.98	0.98	1.0	0.96	0.94	0.98	1.0	1.0	1.0	0.96	0.98
5050	0.94	0.98	0.96	0.92	0.98	0.98	0.98	1.0	0.96	0.96	0.98	1.0	1.0	1.0	0.96	0.98
5100	0.96	1.0	0.98	0.92	0.98	0.98	0.98	1.0	0.96	0.96	0.98	1.0	1.0	1.0	0.96	0.96
5150	0.96	1.0	0.98	0.92	0.98	0.98	1.0	1.0	0.96	0.96	0.98	1.0	1.0	1.0	0.96	0.96
5200	0.96	1.0	0.98	0.92	0.98	0.98	0.96	1.0	0.98	0.96	1.0	1.0	1.0	1.0	0.98	0.96
5250	0.96	1.0	0.98	0.94	0.98	0.98	0.96	1.0	0.98	0.96	1.0	1.0	1.0	1.0	0.98	0.96
5300	0.96	0.98	0.98	0.94	0.98	0.98	0.96	1.0	0.98	0.98	1.0	1.0	1.0	1.0	0.98	0.96
5350	0.96	0.98	0.96	0.94	0.98	0.98	0.96	1.0	0.98	0.96	1.0	1.0	1.0	1.0	0.98	0.96
5400	0.96	0.98	0.94	0.94	0.98	0.98	0.96	1.0	0.98	0.94	1.0	1.0	1.0	1.0	0.98	0.96
5450	0.98	0.98	0.94	0.94	0.98	0.98	0.94	0.98	0.98	0.92	1.0	1.0	1.0	1.0	0.98	0.94
5500	1.0	0.98	0.94	0.94	0.98	0.98	0.94	0.98	1.0	0.92	1.0	1.0	1.0	0.98	0.98	0.94
5550	1.0	0.98	0.94	0.94	0.98	0.98	0.92	0.98	1.0	0.92	1.0	0.98	1.0	0.98	0.98	0.94
5600	1.0	0.98	0.94	0.96	0.98	0.98	0.92	0.98	1.0	0.92	1.0	0.98	1.0	0.96	0.98	0.94
5650	1.0	0.98	0.92	0.96	0.98	0.98	0.92	0.98	1.0	0.92	1.0	0.98	1.0	0.94	0.98	0.96
5700	1.0	0.98	0.94	0.96	1.0	0.98	0.92	0.98	1.0	0.92	1.0	0.98	1.0	0.94	0.98	0.96
5750	1.0	0.98	0.94	0.98	1.0	1.0	0.9	0.98	1.0	0.92	1.0	0.98	1.0	0.94	1.0	0.96
5800	1.0	0.96	0.94	0.98	0.98	1.0	0.9	0.98	1.0	0.92	1.0	0.98	1.0	0.94	1.0	0.96
5850	1.0	0.94	0.94	0.98	0.98	0.98	0.9	0.98	1.0	0.92	1.0	0.98	1.0	0.94	1.0	0.98
5900	1.0	0.94	0.94	0.98	0.98	0.98	0.9	0.96	1.0	0.92	1.0	0.98	1.0	0.92	1.0	0.98
5950	1.0	0.96	0.96	0.98	0.98	0.98	0.9	0.96	1.0	0.92	1.0	0.98	1.0	0.9	1.0	0.98
6000	1.0	0.96	0.94	0.98	0.98	0.98	0.9	0.96	1.0	0.92	1.0	0.96	1.0	0.9	1.0	0.98
6050	1.0	0.96	0.96	0.98	0.98	0.98	0.9	0.96	1.0	0.92	1.0	0.96	1.0	0.9	1.0	0.98
6100	1.0	0.96	0.96	1.0	0.98	0.98	0.9	0.96	1.0	0.92	1.0	0.96	1.0	0.9	1.0	0.98
6150	1.0	0.96	0.96	1.0	0.98	0.98	0.94	0.96	1.0	0.96	1.0	0.96	1.0	0.92	1.0	1.0
6200	1.0	0.94	0.96	1.0	0.98	0.98	0.94	0.98	1.0	0.96	1.0	0.96	1.0	0.94	1.0	1.0
6250	1.0	0.94	0.98	1.0	0.98	0.98	0.94	0.98	1.0	0.96	1.0	0.96	1.0	0.96	1.0	1.0
6300	1.0	0.94	0.98	1.0	0.96	0.98	0.94	0.98	1.0	0.98	1.0	0.96	1.0	0.96	1.0	1.0
6350	1.0	0.94	0.98	1.0	0.96	0.98	0.98	0.98	1.0	1.0	1.0	0.94	1.0	0.96	1.0	1.0
6400	1.0	0.96	0.98	1.0	0.96	1.0	0.98	0.98	1.0	0.96	1.0	0.94	1.0	0.96	1.0	1.0
6450	1.0	0.98	0.98	0.96	0.96	1.0	0.98	0.98	1.0	0.96	1.0	0.94	1.0	0.98	0.98	1.0
6500	1.0	0.98	0.98	0.96	0.98	1.0	0.98	1.0	1.0	0.96	1.0	0.96	1.0	0.98	0.98	1.0
6550	1.0	0.98	0.98	0.94	0.98	1.0	0.98	1.0	1.0	0.96	1.0	0.96	1.0	1.0	0.98	1.0
6600	1.0	0.98	0.98	0.92	0.96	1.0	0.98	1.0	1.0	0.96	1.0	0.96	1.0	0.98	0.96	1.0
6650	1.0	0.98	0.98	0.92	0.96	1.0	0.98	0.98	1.0	0.96	1.0	0.96	1.0	0.98	0.92	1.0
6700	1.0	0.96	1.0	0.92	0.96	1.0	0.98	0.98	1.0	0.96	1.0	0.96	1.0	0.98	0.92	1.0
6750	1.0	0.96	1.0	0.92	0.96	1.0	0.98	0.98	1.0	0.96	1.0	0.96	1.0	0.98	0.92	1.0
6800	1.0	0.96	1.0	0.92	0.94	1.0	0.98	0.96	1.0	0.96	1.0	0.98	1.0	0.98	0.92	1.0
6850	1.0	0.96	1.0	0.92	0.94	1.0	0.98	0.96	1.0	0.94	1.0	0.98	1.0	0.98	0.92	1.0
6900	1.0	0.98	1.0	0.92	0.94	1.0	0.98	0.96	1.0	0.94	1.0	0.98	1.0	0.94	0.92	0.98
6950	1.0	0.98	0.96	0.92	0.94	1.0	0.98	0.96	1.0	0.94	1.0	0.98	1.0	0.94	0.92	0.96
7000	1.0	0.96	0.96	0.92	0.94	1.0	0.98	0.96	1.0	0.94	1.0	0.98	1.0	0.94	0.92	0.94
7050	1.0	0.94	0.96	0.92	0.96	1.0	0.98	0.96	1.0	0.94	1.0	0.98	1.0	0.94	0.92	0.94
7100	1.0	0.92	0.96	0.92	0.96	1.0	0.98	0.96	1.0	0.94	1.0	0.98	1.0	0.94	0.92	0.94
7150	1.0	0.92	0.96	0.94	0.96	1.0	0.98	0.96	1.0	0.96	1.0	1.0	1.0	0.94	0.92	0.94
7200	1.0	0.92	0.96	0.96	0.96	1.0	0.98	0.96	1.0	0.98	1.0	1.0	1.0	0.94	0.9	0.94
7250	1.0	0.92	0.96	0.96	0.94	1.0	0.98	0.94	1.0	0.98	1.0	1.0	1.0	0.94	0.9	0.94
7300	1.0	0.92	0.96	0.98	0.94	1.0	1.0	0.94	1.0	0.98	1.0	1.0	1.0	0.94	0.9	0.94
7350	1.0	0.94	0.94	0.98	0.94	1.0	1.0	0.96	1.0	0.98	1.0	1.0	1.0	0.94	0.9	0.94
7400	1.0	0.92	0.94	0.98	0.94	1.0	1.0	0.96	1.0	0.98	1.0	1.0	1.0	0.94	0.9	0.92
7450	1.0	0.92	0.94	0.98	0.94	1.0	1.0	0.96	1.0	0.98	1.0	0.98	1.0	0.94	0.96	0.92
7500	1.0	0.94	0.94	0.98	0.94	1.0	1.0	0.96	1.0	0.98	1.0	0.98	1.0	0.94	0.96	0.92
7550	1.0	0.98	0.94	0.96	0.94	1.0	1.0	0.96	1.0	0.98	1.0	0.98	1.0	0.94	0.94	0.94
7600	1.0	0.98	0.94	0.96	0.94	1.0	1.0	0.96	1.0	1.0	0.98	0.98	1.0	0.94	0.94	0.94
7650	1.0	0.98	0.94	0.96	0.96	1.0	1.0	0.96	1.0	1.0	0.98	0.98	1.0	0.94	0.94	0.94
7700	1.0	0.98	0.94	0.96	0.96	1.0	1.0	0.96	1.0	1.0	0.98	0.98	1.0	0.94	0.94	0.94
7750	1.0	0.96	0.94	0.96	0.96	0.98	1.0	0.96	1.0	1.0	0.98	0.98	1.0	0.94	0.94	0.96
7800	1.0	0.96	0.96	0.98	0.96	0.98	1.0	0.96	1.0	1.0	0.98	0.98	1.0	0.94	0.94	0.96
7850	1.0	0.96	0.98	0.98	0.96	0.98	1.0	0.96	1.0	1.0	0.98	0.98	1.0	0.98	0.96	0.98
7900	1.0	0.96	0.98	0.98	0.96	0.98	1.0	0.96	1.0	0.98	0.98	0.98	1.0	0.98	0.96	0.98
7950	1.0	0.96	0.98	0.96	0.96	0.98	1.0	0.96	1.0	0.98	0.96	0.96	1.0	0.98	0.96	0.96
8000	1.0	0.96	0.98	0.96	0.98	0.98	1.0	0.96	1.0	0.98	0.94	0.96	1.0	0.98	0.96	0.96
8050	1.0	0.96	0.98	0.96	0.98	0.98	1.0	0.98	1.0	0.98	0.94	0.96	1.0	0.98	0.98	0.96
8100	1.0	0.96	0.98	0.96	0.98	0.98	1.0	0.98	1.0	0.98	0.94	0.96	1.0	0.98	0.98	0.96
8150	1.0	0.96	0.98	0.94	0.98	0.98	1.0	0.98	1.0	0.98	0.96	0.96	1.0	0.98	0.98	0.98
8200	1.0	0.96	0.98	0.94	1.0	0.98	1.0	0.98	1.0	0.98	0.96	0.98	1.0	0.98	0.98	0.98
8250	1.0	0.96	1.0	0.94	1.0	0.98	1.0	0.98	0.98	0.98	0.96	0.98	1.0	0.98	0.98	0.98
8300	1.0	0.96	1.0	0.94	1.0	0.98	1.0	1.0	0.98	0.98	0.96	0.98	1.0	1.0	0.96	0.98
8350	1.0	0.96	1.0	0.96	1.0	0.98	1.0	1.0	0.98	0.98	0.96	0.98	1.0	1.0	0.98	0.98
8400	1.0	0.98	1.0	0.96	1.0	1.0	1.0	1.0	0.98	0.98	0.96	0.98	1.0	1.0	0.96	0.98
8450	1.0	0.98	1.0	0.96	1.0	1.0	1.0	1.0	0.98	0.98	0.96	0.96	1.0	1.0	0.96	0.98
8500	1.0	0.98	1.0	0.96	1.0	1.0	1.0	1.0	0.96	0.98	0.96	0.96	1.0	1.0	0.96	0.98
8550	1.0	0.98	1.0	0.96	1.0	1.0	1.0	1.0	0.96	0.98	0.96	0.96	1.0	1.0	0.96	0.98
8600	1.0	0.98	0.98	0.96	1.0	1.0	1.0	1.0	0.96	0.98	0.96	0.96	1.0	1.0	0.96	0.98
8650	1.0	0.98	0.98	0.96	1.0	1.0	1.0	1.0	0.96	1.0	1.0	0.96	1.0	1.0	0.96	1.0
8700	1.0	0.98	0.98	0.96	1.0	1.0	1.0	1.0	0.92	1.0	1.0	0.96	1.0	1.0	0.94	0.98
8750	1.0	0.98	0.98	0.96	1.0	1.0	1.0	1.0	0.92	1.0	1.0	0.98	1.0	1.0	0.94	0.96
8800	1.0	0.98	0.98	0.96	1.0	1.0	1.0	1.0	0.92	1.0	1.0	0.98	1.0	1.0	0.92	0.96
8850	1.0	0.98	0.96	0.98	1.0	1.0	1.0	1.0	0.92	1.0	1.0	0.98	0.98	1.0	0.94	0.96
8900	1.0	0.98	0.96	0.98	1.0	1.0	1.0	1.0	0.92	1.0	1.0	0.98	0.98	1.0	0.94	0.96
8950	1.0	0.98	0.96	0.98	1.0	1.0	1.0	1.0	0.92	1.0	1.0	0.96	0.98	1.0	0.94	0.96
9000	1.0	0.98	0.96	1.0	1.0	0.98	1.0	1.0	0.92	1.0	1.0	0.96	0.98	1.0	0.94	0.96
9050	1.0	0.98	0.96	1.0	1.0	0.98	1.0	1.0	0.92	1.0	1.0	0.96	0.98	1.0	0.96	0.96
9100	1.0	0.98	0.96	1.0	1.0	0.98	1.0	1.0	0.92	1.0	1.0	0.96	0.98	1.0	0.96	0.96
9150	1.0	0.98	0.96	1.0	1.0	0.98	1.0	1.0	0.92	1.0	1.0	0.96	0.98	1.0	0.96	0.96
9200	1.0	0.98	0.96	1.0	1.0	0.98	1.0	1.0	0.94	1.0	1.0	0.96	0.98	1.0	0.96	0.96
9250	1.0	0.98	0.96	1.0	1.0	0.98	1.0	1.0	0.92	1.0	1.0	0.96	0.98	1.0	0.96	0.96
9300	1.0	0.98	0.96	1.0	1.0	0.98	1.0	1.0	0.92	1.0	1.0	0.96	0.98	1.0	0.96	0.96
9350	1.0	0.98	0.96	1.0	1.0	0.98	1.0	1.0	0.92	1.0	1.0	0.96	0.98	1.0	0.98	0.96
9400	1.0	0.98	0.96	1.0	1.0	0.98	1.0	1.0	0.94	1.0	1.0	0.96	0.98	1.0	0.98	0.98
9450	1.0	0.98	0.96	1.0	1.0	0.98	1.0	1.0	0.94	1.0	1.0	0.94	0.98	1.0	1.0	1.0
9500	1.0	0.96	0.96	1.0	1.0	0.98	1.0	1.0	0.94	1.0	1.0	0.94	1.0	1.0	1.0	0.98
9550	1.0	0.96	0.98	1.0	1.0	0.98	1.0	1.0	0.94	1.0	1.0	0.94	1.0	1.0	1.0	0.98
9600	1.0	0.96	0.98	1.0	1.0	0.98	1.0	1.0	0.94	1.0	1.0	0.96	1.0	1.0	1.0	0.98
9650	1.0	0.96	0.98	1.0	1.0	0.98	1.0	1.0	0.96	1.0	1.0	0.96	1.0	1.0	1.0	0.96
9700	1.0	0.96	0.98	0.98	1.0	0.98	1.0	1.0	0.96	1.0	1.0	0.96	1.0	1.0	1.0	0.96
9750	1.0	0.96	0.98	0.98	1.0	0.98	1.0	1.0	0.96	1.0	1.0	0.96	1.0	1.0	0.98	0.96
9800	0.98	0.96	0.98	0.98	1.0	1.0	1.0	1.0	0.96	1.0	1.0	0.96	1.0	1.0	0.98	0.96
9850	0.98	0.96	0.98	0.98	1.0	1.0	0.98	1.0	0.96	1.0	1.0	0.96	1.0	1.0	0.98	0.96
9900	0.98	0.96	0.98	0.98	1.0	1.0	0.98	1.0	0.96	1.0	1.0	0.98	1.0	1.0	0.98	0.96
9950	0.98	0.96	0.98	0.96	1.0	1.0	0.98	1.0	0.98	1.0	1.0	0.98	1.0	1.0	0.98	0.96
10000	0.98	0.98	0.98	0.96	1.0	0.98	0.98	1.0	0.98	1.0	1.0	0.98	1.0	1.0	0.98	0.94
10050	0.98	0.98	0.98	0.96	1.0	0.98	0.98	1.0	0.98	0.98	1.0	0.98	1.0	0.98	0.98	0.94
10100	0.98	0.98	0.98	0.96	1.0	0.98	0.98	1.0	0.98	0.98	0.98	0.98	1.0	0.98	0.98	0.94
10150	0.98	0.98	0.96	0.96	1.0	0.98	0.98	1.0	0.98	0.98	0.96	0.98	1.0	0.98	0.98	0.94
10200	0.98	0.98	0.96	0.96	1.0	0.98	0.98	1.0	0.98	0.98	0.96	0.98	1.0	0.98	0.98	0.94
10250	0.98	0.98	0.96	0.96	1.0	0.98	0.98	1.0	0.96	0.98	0.96	0.98	1.0	0.98	0.98	0.94
10300	0.98	0.98	0.96	0.94	1.0	0.98	0.98	1.0	0.96	0.98	0.96	0.98	1.0	0.98	0.98	0.96
10350	0.98	0.98	0.96	0.94	1.0	0.98	0.98	1.0	0.96	0.98	0.96	0.98	1.0	0.98	0.98	0.96
10400	0.98	0.98	0.96	0.92	1.0	0.98	0.98	1.0	0.96	0.98	0.96	1.0	1.0	0.98	0.98	0.96
10450	0.98	0.98	0.96	0.92	1.0	0.98	0.98	1.0	0.98	0.98	0.96	1.0	1.0	0.98	0.98	0.96
10500	0.98	0.98	0.96	0.88	1.0	0.98	0.98	1.0	0.98	0.98	0.96	1.0	1.0	0.98	0.98	0.96
10550	0.98	0.98	0.96	0.88	1.0	0.96	0.98	1.0	0.98	0.96	0.96	1.0	1.0	0.98	0.98	0.96
10600	0.98	0.98	0.96	0.88	1.0	0.96	0.98	1.0	0.98	0.96	0.96	0.98	1.0	0.98	1.0	0.96
10650	1.0	0.98	0.98	0.88	0.98	0.98	0.98	1.0	0.98	0.96	0.96	0.98	1.0	0.98	1.0	0.96
10700	1.0	0.98	0.96	0.9	0.98	0.98	0.98	1.0	0.98	0.96	0.98	0.98	1.0	0.98	1.0	0.96
10750	1.0	0.96	0.96	0.9	0.98	0.98	0.98	1.0	0.98	0.96	0.98	0.98	1.0	0.98	1.0	0.96
10800	1.0	0.96	0.96	0.9	0.98	0.98	0.98	1.0	0.98	0.96	0.98	0.98	1.0	0.98	1.0	0.96
10850	1.0	0.96	0.98	0.9	0.98	0.98	0.98	1.0	0.98	0.96	1.0	0.98	1.0	0.98	1.0	0.96
10900	1.0	0.96	0.98	0.9	0.98	0.98	1.0	1.0	0.98	0.96	1.0	0.98	1.0	0.98	1.0	0.96
10950	1.0	0.94	0.98	0.9	0.98	0.98	1.0	1.0	0.98	0.96	1.0	0.98	1.0	0.98	1.0	0.98
11000	1.0	0.94	0.98	0.9	0.98	0.98	1.0	1.0	0.98	0.98	1.0	0.98	1.0	0.98	1.0	0.98
11050	1.0	0.94	0.98	0.92	0.98	0.98	1.0	1.0	1.0	0.96	1.0	0.98	1.0	0.98	1.0	0.98
11100	1.0	0.94	0.98	0.92	0.98	0.98	1.0	1.0	1.0	0.96	1.0	0.98	1.0	0.98	1.0	0.98
11150	1.0	0.94	0.98	0.94	0.98	0.98	1.0	1.0	1.0	0.96	1.0	0.98	1.0	0.98	1.0	0.98
11200	1.0	0.94	0.98	0.94	0.98	0.98	1.0	1.0	1.0	0.96	1.0	0.98	1.0	0.98	1.0	0.98
11250	1.0	0.94	0.98	0.96	0.98	0.98	0.98	1.0	1.0	0.96	1.0	0.98	1.0	0.98	1.0	0.98
11300	1.0	0.94	0.98	1.0	0.98	0.98	0.98	1.0	1.0	0.96	1.0	0.98	1.0	0.98	1.0	0.98
11350	1.0	0.94	0.98	0.98	0.98	0.98	0.98	1.0	0.98	0.96	1.0	0.98	1.0	0.98	1.0	0.98
11400	1.0	0.94	0.98	0.98	0.98	0.98	0.98	1.0	0.98	0.96	1.0	0.98	1.0	0.98	1.0	0.98
11450	1.0	0.96	1.0	0.98	0.98	1.0	0.98	1.0	0.98	0.96	1.0	0.98	1.0	0.98	1.0	0.98
11500	1.0	0.96	1.0	0.98	0.98	1.0	0.98	1.0	0.94	0.96	0.98	1.0	0.98	0.98	1.0	0.98
11550	1.0	0.94	1.0	0.98	0.98	1.0	0.98	1.0	0.94	0.96	0.98	1.0	0.98	0.96	1.0	0.98
11600	1.0	0.94	1.0	0.98	1.0	1.0	0.98	1.0	0.94	0.96	0.98	1.0	0.98	0.96	1.0	0.98
11650	1.0	0.94	1.0	0.96	1.0	1.0	0.98	1.0	0.94	0.96	0.98	0.98	0.98	0.98	1.0	0.98
11700	1.0	0.96	1.0	0.96	1.0	1.0	0.98	1.0	0.94	0.96	0.98	0.98	0.98	0.98	1.0	0.98
11750	1.0	0.96	0.98	0.96	1.0	1.0	0.98	1.0	0.94	0.96	0.98	0.98	0.98	0.98	1.0	0.98
11800	1.0	0.98	0.96	0.96	1.0	1.0	0.98	1.0	0.94	0.98	0.98	0.98	0.98	0.98	1.0	0.98
11850	1.0	0.98	0.96	0.96	1.0	1.0	0.98	1.0	0.94	0.98	0.98	0.98	0.98	0.98	1.0	0.98
11900	1.0	0.98	0.96	0.96	1.0	1.0	0.98	1.0	0.94	0.98	0.98	0.98	0.98	0.96	1.0	0.98
11950	1.0	0.96	0.96	0.96	1.0	1.0	0.98	1.0	0.94	0.98	0.98	0.98	0.98	0.96	1.0	0.96
12000	1.0	0.96	0.94	0.96	1.0	1.0	0.98	1.0	0.94	0.98	0.98	0.98	0.98	0.96	1.0	0.96
12050	1.0	0.96	0.94	0.96	1.0	1.0	0.98	1.0	0.94	0.98	0.98	0.98	0.98	0.96	1.0	0.96
12100	1.0	0.96	0.94	0.96	1.0	1.0	0.98	1.0	0.94	0.98	0.98	0.98	0.98	0.96	1.0	0.96
12150	1.0	0.94	0.94	0.98	1.0	1.0	0.98	1.0	0.94	1.0	0.98	0.98	0.98	0.96	1.0	0.98
12200	1.0	0.94	0.94	0.98	1.0	1.0	0.98	1.0	0.94	1.0	1.0	0.98	0.98	0.96	1.0	0.98
12250	1.0	0.94	0.94	0.98	1.0	1.0	0.98	1.0	0.94	1.0	1.0	0.96	0.98	0.98	1.0	0.98
12300	1.0	0.94	0.94	0.98	1.0	1.0	0.98	1.0	0.96	1.0	1.0	0.96	0.98	0.98	1.0	0.98
12350	1.0	0.94	0.94	0.98	1.0	1.0	0.98	1.0	0.96	1.0	1.0	0.96	1.0	0.98	1.0	0.96
12400	1.0	0.96	0.94	0.98	1.0	1.0	0.98	1.0	0.98	1.0	1.0	0.96	1.0	0.98	1.0	0.96
12450	1.0	0.96	0.92	1.0	1.0	1.0	0.98	1.0	0.98	1.0	1.0	0.98	1.0	0.98	1.0	0.96
12500	1.0	0.96	0.92	1.0	1.0	1.0	0.98	1.0	0.98	1.0	1.0	0.98	1.0	0.98	1.0	0.96
12550	1.0	0.96	0.92	1.0	1.0	1.0	0.98	1.0	0.98	1.0	1.0	0.98	1.0	0.98	1.0	0.96
12600	1.0	0.96	0.92	1.0	1.0	1.0	0.98	1.0	0.98	1.0	1.0	0.98	1.0	0.98	1.0	0.96
12650	1.0	0.96	0.94	0.98	1.0	1.0	0.98	1.0	0.98	0.98	1.0	0.98	1.0	0.98	1.0	0.96
12700	1.0	0.98	0.94	0.98	1.0	1.0	0.98	1.0	0.98	0.98	1.0	0.96	1.0	0.98	1.0	0.96
12750	1.0	0.98	0.94	0.98	1.0	1.0	0.98	1.0	0.98	0.98	1.0	0.96	1.0	1.0	1.0	0.96
12800	1.0	0.98	0.96	0.98	1.0	1.0	0.98	1.0	0.98	0.98	1.0	0.96	1.0	1.0	1.0	0.96
12850	1.0	1.0	0.94	0.98	1.0	1.0	0.98	1.0	0.98	0.98	1.0	0.96	1.0	1.0	1.0	0.96
12900	1.0	1.0	0.94	0.98	1.0	1.0	1.0	0.98	0.98	0.98	1.0	0.96	1.0	1.0	1.0	0.96
12950	1.0	1.0	0.94	0.98	1.0	1.0	1.0	0.98	0.98	0.98	1.0	0.96	1.0	1.0	1.0	0.96
13000	1.0	1.0	0.96	0.98	1.0	1.0	1.0	0.98	0.98	0.98	1.0	0.98	1.0	1.0	1.0	0.94
13050	1.0	1.0	0.96	0.96	1.0	1.0	1.0	0.98	1.0	0.98	1.0	0.98	1.0	1.0	1.0	0.96
13100	1.0	1.0	0.94	0.96	1.0	1.0	1.0	0.98	1.0	0.98	1.0	0.98	1.0	1.0	1.0	0.96
13150	1.0	1.0	0.92	0.96	1.0	1.0	1.0	0.98	1.0	0.98	1.0	0.98	1.0	1.0	1.0	0.96
13200	1.0	1.0	0.92	0.96	1.0	1.0	1.0	0.98	1.0	0.98	1.0	0.98	1.0	1.0	1.0	0.96
13250	1.0	1.0	0.9	0.96	1.0	1.0	1.0	0.98	1.0	0.98	1.0	0.96	1.0	1.0	1.0	0.96
13300	1.0	1.0	0.9	0.96	1.0	1.0	1.0	0.98	1.0	0.98	1.0	0.96	1.0	1.0	1.0	0.96
13350	1.0	0.98	0.92	0.96	1.0	1.0	1.0	0.98	1.0	0.98	1.0	0.98	1.0	1.0	1.0	0.98
13400	1.0	0.98	0.92	0.98	1.0	1.0	1.0	0.98	0.98	0.98	1.0	0.98	1.0	1.0	1.0	0.98
13450	1.0	0.98	0.92	0.98	1.0	1.0	1.0	0.98	0.98	0.98	1.0	0.98	1.0	1.0	1.0	0.98
13500	1.0	0.98	0.92	0.98	1.0	1.0	1.0	0.98	0.98	0.98	1.0	0.98	1.0	1.0	1.0	0.98
13550	1.0	0.98	0.92	0.98	1.0	1.0	1.0	0.96	0.98	0.98	1.0	0.98	1.0	1.0	1.0	0.96
13600	1.0	0.98	0.92	0.98	1.0	1.0	1.0	0.98	0.98	0.98	1.0	0.98	1.0	1.0	1.0	0.96
13650	1.0	0.98	0.92	0.98	1.0	1.0	1.0	0.98	0.98	0.98	1.0	0.98	1.0	1.0	1.0	0.96
13700	1.0	0.98	0.92	0.98	1.0	1.0	1.0	0.98	0.98	0.98	1.0	0.98	1.0	1.0	1.0	0.98
13750	1.0	0.98	0.94	1.0	1.0	1.0	1.0	0.98	0.98	0.96	1.0	0.98	1.0	1.0	1.0	0.98
13800	1.0	0.98	0.94	1.0	1.0	1.0	1.0	0.98	0.98	0.96	1.0	0.98	1.0	1.0	1.0	0.98
13850	1.0	0.98	0.94	1.0	1.0	1.0	1.0	0.98	0.96	0.96	1.0	0.96	1.0	1.0	1.0	0.98
13900	1.0	0.98	0.96	1.0	1.0	1.0	1.0	0.96	0.96	0.96	1.0	0.98	1.0	1.0	1.0	0.98
13950	1.0	0.98	0.96	1.0	1.0	1.0	1.0	0.96	0.96	0.96	1.0	0.98	1.0	1.0	1.0	0.98
14000	1.0	0.98	1.0	1.0	1.0	1.0	1.0	0.96	0.96	0.96	1.0	0.96	1.0	1.0	1.0	0.98
14050	0.98	0.96	1.0	1.0	1.0	1.0	1.0	0.96	0.98	0.94	0.98	0.96	1.0	1.0	1.0	0.98
14100	0.98	0.96	1.0	1.0	1.0	1.0	1.0	0.96	0.98	0.94	0.98	0.96	1.0	1.0	1.0	0.98
14150	0.98	0.96	1.0	1.0	1.0	1.0	1.0	0.96	0.98	0.92	0.98	0.96	1.0	1.0	1.0	0.98
14200	0.98	0.98	1.0	1.0	1.0	1.0	1.0	0.96	0.98	0.92	0.98	0.96	1.0	1.0	1.0	0.98
14250	0.98	0.98	1.0	1.0	1.0	1.0	1.0	0.96	0.98	0.92	0.98	0.96	1.0	1.0	1.0	0.98
14300	0.98	0.98	0.98	0.98	1.0	1.0	1.0	0.96	0.98	0.92	0.98	0.96	1.0	1.0	1.0	0.98
14350	0.98	0.98	0.98	0.98	1.0	1.0	1.0	0.96	0.98	0.92	0.98	0.94	1.0	1.0	1.0	0.98
14400	0.98	0.98	0.98	0.98	1.0	1.0	1.0	0.96	0.98	0.92	0.98	0.94	1.0	1.0	1.0	0.98
14450	0.98	0.98	0.98	0.98	1.0	1.0	1.0	0.94	0.98	0.94	0.98	0.94	1.0	1.0	1.0	0.98
14500	0.98	0.98	0.98	0.98	1.0	0.98	1.0	0.94	0.98	0.94	0.98	0.94	1.0	1.0	1.0	0.98
14550	0.96	0.98	0.98	0.98	1.0	0.98	1.0	0.94	0.98	0.96	0.98	0.94	1.0	1.0	1.0	1.0
14600	0.96	0.98	0.98	0.98	1.0	0.98	1.0	0.96	0.98	0.96	0.98	0.94	1.0	1.0	0.98	1.0
14650	0.94	0.96	0.98	0.98	1.0	0.98	1.0	0.96	0.98	0.96	0.96	0.94	1.0	1.0	0.98	1.0
14700	0.94	0.98	0.98	0.98	1.0	0.98	1.0	0.96	1.0	0.96	0.96	0.96	1.0	1.0	0.98	1.0
14750	0.94	0.98	0.98	0.98	1.0	0.98	1.0	0.96	1.0	0.96	0.96	0.96	1.0	1.0	0.98	1.0
14800	0.96	0.98	0.98	0.98	1.0	0.98	1.0	0.96	1.0	0.98	0.96	0.96	1.0	1.0	0.98	1.0
14850	0.96	0.98	0.98	0.98	1.0	0.98	1.0	0.96	1.0	0.98	0.96	0.96	1.0	1.0	0.98	1.0
14900	0.96	0.98	0.98	0.98	1.0	0.98	1.0	0.96	1.0	1.0	0.94	0.96	1.0	1.0	0.98	1.0
14950	0.96	0.98	0.98	0.98	1.0	0.98	1.0	0.96	1.0	1.0	0.94	0.96	1.0	1.0	0.98	1.0
15000	0.96	0.98	0.98	0.98	1.0	0.98	1.0	0.96	1.0	1.0	0.96	0.96	1.0	1.0	0.98	1.0
15050	0.96	0.98	0.98	0.98	1.0	0.98	1.0	0.98	1.0	1.0	0.96	0.98	1.0	1.0	0.98	1.0
15100	0.96	0.98	0.98	1.0	1.0	0.98	1.0	0.98	1.0	1.0	0.96	0.98	1.0	1.0	0.98	1.0
15150	0.96	0.98	0.98	0.98	1.0	0.98	1.0	0.98	1.0	1.0	0.96	0.98	1.0	1.0	0.98	1.0
15200	0.96	0.98	0.98	0.98	1.0	0.98	1.0	0.98	1.0	1.0	0.96	0.98	1.0	1.0	0.98	1.0
15250	0.94	0.98	0.98	0.98	1.0	0.98	1.0	0.98	1.0	1.0	0.96	0.98	1.0	1.0	0.98	1.0
15300	0.94	0.98	0.98	0.98	1.0	0.98	1.0	0.98	1.0	1.0	0.96	0.98	1.0	1.0	0.98	1.0
15350	0.98	1.0	0.98	0.98	1.0	1.0	1.0	0.98	1.0	1.0	0.96	0.98	1.0	1.0	0.98	1.0
15400	0.98	1.0	0.98	0.98	1.0	1.0	1.0	0.98	1.0	1.0	0.96	0.98	1.0	1.0	0.98	0.98
15450	0.98	1.0	0.98	0.96	1.0	1.0	1.0	0.98	1.0	1.0	0.96	0.98	1.0	1.0	0.98	0.98
15500	0.98	1.0	0.98	0.96	1.0	1.0	1.0	1.0	1.0	1.0	0.96	0.98	1.0	1.0	1.0	0.98
15550	0.98	1.0	0.98	0.96	1.0	1.0	1.0	0.98	1.0	0.98	0.98	0.98	1.0	1.0	1.0	0.98
15600	0.96	1.0	0.98	0.96	1.0	1.0	1.0	0.98	1.0	0.98	0.98	0.98	1.0	1.0	1.0	0.98
15650	0.94	0.98	0.98	0.94	1.0	1.0	1.0	0.98	1.0	0.98	1.0	0.98	1.0	1.0	1.0	0.98
15700	0.94	0.96	1.0	0.94	1.0	1.0	1.0	0.98	1.0	0.98	1.0	0.98	1.0	1.0	1.0	0.98
15750	0.92	0.94	1.0	0.94	1.0	1.0	1.0	0.98	0.98	0.98	1.0	0.98	1.0	1.0	1.0	0.98
15800	0.92	0.94	1.0	0.94	1.0	1.0	1.0	0.98	0.98	0.98	1.0	0.98	1.0	1.0	1.0	0.98
15850	0.92	0.94	1.0	0.92	1.0	1.0	1.0	0.98	0.98	0.98	1.0	0.98	1.0	1.0	1.0	0.94
15900	0.94	0.94	1.0	0.92	1.0	1.0	1.0	0.98	0.98	0.98	1.0	0.98	1.0	1.0	1.0	0.92
15950	0.94	0.94	1.0	0.94	1.0	1.0	1.0	0.98	0.98	0.98	1.0	0.98	1.0	1.0	1.0	0.92
16000	0.92	0.94	1.0	0.94	1.0	1.0	1.0	0.98	0.98	0.98	1.0	0.98	1.0	1.0	1.0	0.92
16050	0.92	0.94	1.0	0.94	1.0	1.0	1.0	0.98	0.98	0.98	1.0	0.98	1.0	1.0	1.0	0.9
16100	0.92	0.94	1.0	0.94	1.0	1.0	0.98	0.98	0.98	0.98	1.0	0.98	1.0	1.0	1.0	0.9
16150	0.92	0.92	1.0	0.94	1.0	1.0	0.98	0.98	0.98	0.98	1.0	0.96	1.0	1.0	1.0	0.9
16200	0.94	0.92	1.0	0.96	1.0	1.0	0.98	0.98	0.98	0.98	1.0	0.96	1.0	1.0	1.0	0.92
16250	0.94	0.92	1.0	0.96	1.0	1.0	0.98	0.98	0.98	0.98	1.0	0.98	1.0	1.0	1.0	0.92
16300	0.96	0.92	1.0	0.96	1.0	1.0	0.98	0.98	0.98	0.98	1.0	0.98	1.0	1.0	1.0	0.92
16350	0.96	0.92	1.0	0.96	1.0	1.0	0.98	0.98	0.98	1.0	1.0	0.98	1.0	1.0	1.0	0.92
16400	0.96	0.92	1.0	0.96	1.0	1.0	0.98	0.98	1.0	1.0	1.0	0.98	1.0	1.0	1.0	0.92
16450	0.96	0.92	1.0	0.98	1.0	1.0	0.98	0.98	1.0	1.0	1.0	0.98	1.0	1.0	1.0	0.92
16500	0.96	0.9	1.0	0.98	1.0	1.0	0.98	0.98	1.0	1.0	1.0	0.98	1.0	1.0	1.0	0.92
16550	0.96	0.9	1.0	0.98	1.0	1.0	0.98	0.98	1.0	1.0	1.0	0.96	0.98	1.0	1.0	0.92
16600	0.96	0.92	1.0	0.98	1.0	1.0	0.98	0.98	1.0	1.0	1.0	0.96	0.98	1.0	1.0	0.92
16650	0.96	0.92	1.0	0.98	1.0	1.0	0.98	0.96	1.0	1.0	1.0	0.96	0.98	1.0	1.0	0.94
16700	0.96	0.94	0.98	0.98	1.0	1.0	0.98	0.96	1.0	1.0	1.0	0.96	0.96	1.0	1.0	0.98
16750	0.96	0.96	0.98	1.0	1.0	1.0	0.98	0.96	1.0	1.0	1.0	0.96	0.96	1.0	1.0	0.98
16800	0.96	0.96	0.98	1.0	1.0	1.0	1.0	0.96	1.0	1.0	1.0	0.96	0.96	1.0	1.0	0.98
16850	0.96	0.96	0.98	0.98	1.0	1.0	1.0	0.96	1.0	1.0	1.0	0.96	0.96	1.0	1.0	1.0
16900	0.98	0.96	0.98	0.96	1.0	1.0	1.0	0.98	1.0	1.0	1.0	0.98	0.96	1.0	1.0	1.0
16950	0.98	0.98	0.98	0.96	1.0	1.0	0.98	0.98	1.0	1.0	1.0	0.98	0.96	1.0	1.0	1.0
17000	0.98	0.98	0.98	0.96	1.0	1.0	0.98	0.96	1.0	1.0	1.0	0.98	0.96	1.0	1.0	1.0
17050	0.98	0.98	0.98	0.96	1.0	1.0	0.98	0.96	1.0	1.0	0.98	0.98	0.96	1.0	1.0	1.0
17100	0.98	0.98	0.98	0.96	1.0	1.0	0.98	0.96	0.98	1.0	0.98	0.98	0.96	1.0	1.0	1.0
17150	0.98	0.98	0.98	0.94	1.0	1.0	0.98	0.96	0.98	1.0	0.98	0.98	0.96	1.0	1.0	1.0
17200	0.98	0.98	0.98	0.94	1.0	1.0	0.98	0.96	0.98	1.0	0.98	0.98	0.96	1.0	1.0	1.0
17250	0.98	1.0	0.98	0.94	1.0	1.0	0.98	0.94	0.98	1.0	0.98	0.98	0.96	1.0	1.0	1.0
17300	0.98	1.0	0.98	0.94	1.0	1.0	0.98	0.94	0.98	1.0	0.98	0.98	0.98	1.0	1.0	1.0
17350	1.0	1.0	0.98	0.94	1.0	1.0	0.98	0.94	0.98	1.0	0.98	0.98	0.98	1.0	1.0	1.0
17400	1.0	1.0	0.98	0.96	1.0	1.0	0.98	0.94	0.98	1.0	0.98	0.98	0.98	1.0	1.0	0.98
17450	1.0	1.0	0.98	0.98	1.0	1.0	0.98	0.94	0.98	1.0	0.98	1.0	0.98	1.0	1.0	0.98
17500	1.0	1.0	1.0	0.98	1.0	1.0	0.98	0.96	0.98	1.0	0.98	1.0	1.0	1.0	1.0	0.98
17550	1.0	1.0	1.0	0.98	1.0	1.0	0.98	0.96	0.98	1.0	0.98	1.0	1.0	1.0	1.0	0.98
17600	1.0	0.98	1.0	0.98	1.0	1.0	0.98	0.96	0.98	1.0	0.98	1.0	1.0	1.0	1.0	0.98
17650	1.0	0.98	0.98	0.98	1.0	1.0	0.98	0.96	0.98	1.0	0.98	1.0	1.0	1.0	1.0	0.98
17700	1.0	0.98	0.96	0.98	1.0	1.0	0.98	0.96	0.98	1.0	1.0	1.0	1.0	1.0	1.0	0.98
17750	1.0	0.96	0.92	0.98	1.0	1.0	0.98	0.96	0.98	1.0	1.0	1.0	1.0	1.0	1.0	0.98
17800	1.0	0.94	0.92	0.98	1.0	1.0	1.0	0.96	0.98	1.0	1.0	1.0	1.0	1.0	1.0	0.98
17850	1.0	0.94	0.92	1.0	1.0	1.0	1.0	0.96	0.98	1.0	1.0	1.0	1.0	1.0	1.0	0.98
17900	1.0	0.94	0.92	1.0	1.0	1.0	1.0	0.96	0.98	1.0	1.0	1.0	1.0	1.0	1.0	0.98
17950	1.0	0.94	0.92	1.0	1.0	1.0	1.0	0.96	1.0	1.0	1.0	1.0	1.0	1.0	1.0	0.98
18000	1.0	0.94	0.92	1.0	1.0	1.0	1.0	0.98	1.0	1.0	1.0	1.0	1.0	1.0	1.0	0.98
18050	1.0	0.94	0.92	1.0	1.0	1.0	1.0	1.0	1.0	1.0	1.0	1.0	1.0	1.0	1.0	0.96
18100	1.0	0.94	0.9	1.0	1.0	1.0	1.0	1.0	1.0	1.0	1.0	1.0	1.0	1.0	1.0	0.96
18150	1.0	0.94	0.9	1.0	1.0	1.0	1.0	1.0	1.0	1.0	1.0	1.0	1.0	1.0	1.0	0.98
18200	1.0	0.94	0.92	1.0	1.0	1.0	1.0	1.0	1.0	1.0	1.0	1.0	1.0	1.0	1.0	0.98
18250	1.0	0.94	0.92	1.0	1.0	1.0	1.0	1.0	1.0	1.0	1.0	1.0	1.0	1.0	1.0	0.98
18300	1.0	0.94	0.92	1.0	1.0	1.0	1.0	1.0	1.0	1.0	1.0	1.0	1.0	1.0	1.0	0.98
18350	1.0	0.94	0.92	1.0	1.0	1.0	1.0	1.0	0.98	1.0	1.0	0.98	1.0	1.0	1.0	0.98
18400	1.0	0.96	0.94	1.0	1.0	1.0	1.0	1.0	0.98	1.0	1.0	0.98	1.0	1.0	1.0	0.98
18450	1.0	0.96	0.96	1.0	0.98	1.0	1.0	1.0	0.98	1.0	1.0	0.98	1.0	1.0	1.0	0.98
18500	0.98	0.98	0.96	1.0	0.98	1.0	1.0	1.0	0.98	1.0	1.0	0.98	1.0	1.0	1.0	0.98
18550	0.98	1.0	0.98	1.0	0.98	1.0	1.0	1.0	0.98	1.0	1.0	0.98	1.0	1.0	1.0	0.98
18600	0.98	1.0	0.98	1.0	0.98	1.0	1.0	1.0	0.98	1.0	1.0	0.98	1.0	1.0	1.0	0.98
18650	0.98	0.98	0.98	1.0	0.98	1.0	1.0	1.0	0.98	1.0	1.0	0.98	1.0	1.0	1.0	0.98
18700	0.96	0.98	0.98	1.0	0.98	1.0	1.0	1.0	0.98	1.0	1.0	0.98	1.0	1.0	1.0	0.98
18750	0.96	0.98	0.98	1.0	0.98	1.0	1.0	1.0	0.98	1.0	1.0	0.98	1.0	1.0	1.0	0.98
18800	0.96	0.98	1.0	1.0	0.98	1.0	1.0	0.98	0.96	1.0	1.0	0.98	1.0	1.0	1.0	0.98
18850	0.96	0.96	1.0	1.0	0.98	1.0	1.0	0.98	0.96	1.0	1.0	0.98	1.0	1.0	1.0	0.98
18900	0.96	0.96	1.0	1.0	0.98	1.0	1.0	0.98	0.96	1.0	1.0	0.98	1.0	1.0	1.0	0.98
18950	0.96	0.94	1.0	1.0	0.98	1.0	1.0	0.98	0.96	1.0	1.0	0.98	1.0	1.0	1.0	1.0
19000	0.96	0.94	1.0	1.0	0.98	1.0	1.0	0.98	0.96	1.0	1.0	0.98	1.0	1.0	1.0	1.0
19050	0.96	0.94	1.0	1.0	0.98	1.0	1.0	0.98	0.96	1.0	1.0	0.98	1.0	1.0	1.0	1.0
19100	0.94	0.94	1.0	1.0	0.98	1.0	1.0	0.98	0.96	1.0	1.0	1.0	1.0	1.0	1.0	1.0
19150	0.94	0.94	1.0	1.0	0.98	1.0	1.0	0.98	0.98	1.0	1.0	1.0	1.0	1.0	1.0	1.0
19200	0.92	0.94	1.0	1.0	1.0	1.0	1.0	0.98	0.98	1.0	1.0	1.0	1.0	1.0	1.0	1.0
19250	0.94	0.92	1.0	1.0	1.0	1.0	1.0	0.98	0.98	1.0	0.98	1.0	1.0	1.0	1.0	1.0
19300	0.94	0.9	1.0	1.0	1.0	1.0	1.0	0.96	0.98	1.0	0.98	1.0	1.0	1.0	1.0	1.0
19350	0.94	0.9	1.0	1.0	1.0	1.0	1.0	0.96	0.96	1.0	0.98	1.0	1.0	1.0	1.0	1.0
19400	0.94	0.92	1.0	1.0	1.0	1.0	1.0	0.96	0.96	1.0	0.98	1.0	1.0	1.0	1.0	1.0
19450	0.94	0.9	1.0	1.0	1.0	1.0	1.0	0.96	0.96	0.98	0.98	0.98	1.0	1.0	1.0	1.0
19500	0.96	0.9	1.0	1.0	1.0	1.0	1.0	0.96	0.96	0.96	0.98	0.98	1.0	1.0	0.98	1.0
19550	0.96	0.9	1.0	1.0	1.0	1.0	1.0	0.96	0.94	0.96	0.98	0.98	1.0	1.0	0.98	1.0
19600	0.96	0.9	1.0	1.0	1.0	1.0	1.0	0.96	0.96	0.96	0.98	0.98	1.0	1.0	0.98	1.0
19650	0.96	0.9	1.0	1.0	1.0	1.0	1.0	0.96	0.96	0.96	0.98	0.98	1.0	1.0	0.98	1.0
19700	0.96	0.92	1.0	1.0	1.0	1.0	1.0	0.98	0.96	0.96	0.98	0.98	1.0	1.0	0.98	1.0
19750	0.94	0.9	1.0	1.0	1.0	1.0	1.0	0.98	0.96	0.96	0.98	0.98	1.0	1.0	0.98	1.0
19800	0.94	0.9	1.0	1.0	1.0	1.0	1.0	0.98	0.96	0.96	0.98	0.98	1.0	1.0	0.98	1.0
19850	0.96	0.92	1.0	1.0	1.0	1.0	1.0	0.98	0.96	0.96	0.98	0.98	1.0	1.0	0.98	1.0
19900	0.98	0.9	1.0	1.0	1.0	1.0	1.0	0.98	0.96	0.96	0.98	0.98	1.0	1.0	0.98	1.0
19950	0.98	0.9	1.0	1.0	1.0	1.0	1.0	0.98	0.96	0.96	0.98	0.98	1.0	1.0	0.98	1.0
20000	0.98	0.92	1.0	1.0	1.0	1.0	1.0	0.98	0.96	0.96	0.98	0.98	1.0	1.0	0.98	1.0
