0	0.0	0.0	0.0	0.0	0.0	0.0	0.0	0.0	0.0	0.0	0.0	0.0	0.0	0.0	0.0	0.0
50	0.0	0.0	0.0909090909091	0.111111111111	0.0	0.0	0.0	0.0	0.0	0.0	0.0	0.0	0.0	0.0	0.0	0.0
100	0.0	0.0555555555556	0.0588235294118	0.153846153846	0.0	0.0	0.0	0.0	0.0	0.117647058824	0.133333333333	0.0	0.0625	0.111111111111	0.1	0.0714285714286
150	0.105263157895	0.0909090909091	0.166666666667	0.157894736842	0.0625	0.0	0.142857142857	0.0588235294118	0.1	0.148148148148	0.260869565217	0.05	0.2	0.153846153846	0.0833333333333	0.111111111111
200	0.12	0.225806451613	0.193548387097	0.269230769231	0.166666666667	0.166666666667	0.157894736842	0.0869565217391	0.193548387097	0.125	0.3125	0.0769230769231	0.185185185185	0.133333333333	0.111111111111	0.0909090909091
250	0.181818181818	0.277777777778	0.176470588235	0.30303030303	0.161290322581	0.217391304348	0.2	0.151515151515	0.216216216216	0.157894736842	0.333333333333	0.147058823529	0.176470588235	0.142857142857	0.166666666667	0.142857142857
300	0.186046511628	0.325	0.2	0.324324324324	0.205128205128	0.258064516129	0.1875	0.157894736842	0.214285714286	0.181818181818	0.333333333333	0.184210526316	0.205128205128	0.185185185185	0.176470588235	0.235294117647
350	0.166666666667	0.302325581395	0.30612244898	0.395348837209	0.32	0.25	0.25641025641	0.239130434783	0.239130434783	0.18	0.30612244898	0.204545454545	0.177777777778	0.193548387097	0.190476190476	0.236842105263
400	0.22	0.270833333333	0.3	0.382978723404	0.38	0.292682926829	0.266666666667	0.28	0.24	0.2	0.32	0.26	0.22	0.184210526316	0.224489795918	0.279069767442
450	0.24	0.34	0.36	0.4	0.44	0.31914893617	0.28	0.38	0.36	0.24	0.36	0.32	0.28	0.217391304348	0.22	0.265306122449
500	0.22	0.42	0.42	0.48	0.46	0.36	0.34	0.46	0.4	0.32	0.42	0.36	0.28	0.26	0.26	0.3
550	0.22	0.4	0.4	0.48	0.5	0.38	0.36	0.46	0.4	0.4	0.4	0.36	0.26	0.34	0.3	0.34
600	0.26	0.42	0.4	0.52	0.5	0.38	0.34	0.5	0.42	0.44	0.38	0.38	0.28	0.4	0.36	0.42
650	0.26	0.44	0.46	0.56	0.54	0.4	0.36	0.48	0.38	0.46	0.4	0.38	0.3	0.4	0.4	0.46
700	0.3	0.44	0.46	0.58	0.6	0.38	0.36	0.48	0.4	0.56	0.44	0.4	0.36	0.44	0.44	0.44
750	0.36	0.44	0.46	0.58	0.58	0.42	0.4	0.46	0.44	0.64	0.5	0.4	0.44	0.56	0.5	0.46
800	0.4	0.46	0.46	0.56	0.5	0.38	0.42	0.46	0.5	0.66	0.54	0.4	0.48	0.6	0.54	0.52
850	0.42	0.54	0.48	0.58	0.46	0.4	0.44	0.48	0.48	0.72	0.54	0.48	0.46	0.62	0.56	0.54
900	0.46	0.54	0.48	0.62	0.44	0.42	0.46	0.5	0.52	0.72	0.6	0.5	0.44	0.62	0.58	0.58
950	0.54	0.58	0.5	0.64	0.5	0.44	0.46	0.52	0.52	0.64	0.56	0.52	0.44	0.64	0.66	0.6
1000	0.58	0.6	0.56	0.68	0.5	0.44	0.48	0.56	0.6	0.62	0.56	0.52	0.54	0.66	0.68	0.6
1050	0.6	0.64	0.64	0.7	0.46	0.46	0.5	0.58	0.68	0.62	0.56	0.5	0.56	0.64	0.66	0.62
1100	0.6	0.68	0.64	0.68	0.5	0.52	0.46	0.56	0.7	0.62	0.6	0.54	0.54	0.68	0.66	0.64
1150	0.54	0.68	0.66	0.64	0.58	0.56	0.48	0.62	0.68	0.58	0.6	0.54	0.54	0.64	0.64	0.66
1200	0.5	0.62	0.7	0.58	0.68	0.6	0.52	0.64	0.74	0.56	0.66	0.56	0.52	0.64	0.66	0.64
1250	0.52	0.58	0.7	0.56	0.7	0.62	0.54	0.62	0.76	0.56	0.7	0.56	0.52	0.6	0.62	0.62
1300	0.56	0.64	0.76	0.56	0.7	0.58	0.48	0.64	0.78	0.54	0.7	0.48	0.56	0.64	0.62	0.64
1350	0.58	0.66	0.7	0.54	0.7	0.66	0.48	0.56	0.74	0.58	0.74	0.48	0.64	0.66	0.64	0.62
1400	0.62	0.64	0.68	0.54	0.7	0.66	0.48	0.6	0.74	0.7	0.7	0.48	0.64	0.66	0.6	0.64
1450	0.64	0.62	0.7	0.54	0.68	0.64	0.5	0.6	0.74	0.66	0.72	0.56	0.64	0.68	0.6	0.64
1500	0.64	0.58	0.7	0.54	0.68	0.66	0.54	0.6	0.74	0.72	0.68	0.54	0.66	0.7	0.62	0.62
1550	0.6	0.58	0.74	0.54	0.68	0.62	0.6	0.58	0.7	0.76	0.66	0.52	0.68	0.72	0.58	0.66
1600	0.66	0.72	0.74	0.62	0.62	0.62	0.6	0.62	0.72	0.78	0.64	0.5	0.68	0.72	0.6	0.66
1650	0.56	0.7	0.72	0.62	0.64	0.64	0.58	0.6	0.7	0.76	0.68	0.5	0.68	0.74	0.54	0.64
1700	0.58	0.68	0.7	0.62	0.68	0.66	0.6	0.62	0.7	0.78	0.68	0.56	0.66	0.76	0.54	0.7
1750	0.58	0.64	0.76	0.62	0.66	0.68	0.66	0.7	0.68	0.78	0.66	0.56	0.6	0.76	0.58	0.74
1800	0.58	0.62	0.76	0.64	0.66	0.66	0.7	0.7	0.68	0.7	0.6	0.48	0.6	0.78	0.58	0.72
1850	0.6	0.58	0.74	0.64	0.64	0.64	0.66	0.68	0.66	0.68	0.6	0.46	0.52	0.78	0.64	0.7
1900	0.6	0.62	0.78	0.68	0.66	0.64	0.68	0.66	0.62	0.6	0.54	0.46	0.6	0.76	0.58	0.68
1950	0.6	0.62	0.74	0.72	0.68	0.64	0.68	0.7	0.66	0.58	0.56	0.46	0.6	0.74	0.6	0.66
2000	0.62	0.64	0.74	0.74	0.68	0.66	0.62	0.68	0.68	0.58	0.58	0.44	0.6	0.74	0.6	0.64
2050	0.7	0.58	0.76	0.76	0.72	0.64	0.62	0.66	0.6	0.6	0.56	0.48	0.6	0.7	0.62	0.54
2100	0.68	0.6	0.76	0.76	0.74	0.58	0.62	0.64	0.6	0.58	0.64	0.48	0.64	0.7	0.58	0.5
2150	0.72	0.58	0.78	0.76	0.72	0.54	0.62	0.64	0.62	0.58	0.66	0.48	0.66	0.66	0.56	0.48
2200	0.68	0.62	0.8	0.8	0.76	0.58	0.64	0.6	0.64	0.64	0.66	0.5	0.74	0.68	0.56	0.52
2250	0.66	0.64	0.76	0.82	0.8	0.62	0.62	0.6	0.64	0.64	0.72	0.52	0.64	0.74	0.6	0.5
2300	0.66	0.64	0.76	0.84	0.78	0.62	0.6	0.58	0.64	0.62	0.76	0.58	0.64	0.74	0.64	0.5
2350	0.64	0.6	0.82	0.74	0.76	0.6	0.56	0.6	0.64	0.7	0.74	0.6	0.64	0.72	0.64	0.54
2400	0.66	0.68	0.84	0.78	0.8	0.62	0.52	0.56	0.66	0.72	0.74	0.58	0.62	0.72	0.66	0.6
2450	0.66	0.72	0.86	0.8	0.76	0.66	0.56	0.58	0.6	0.72	0.74	0.56	0.64	0.72	0.68	0.62
2500	0.66	0.68	0.84	0.82	0.74	0.64	0.6	0.62	0.62	0.72	0.74	0.56	0.6	0.72	0.7	0.66
2550	0.62	0.72	0.84	0.78	0.68	0.64	0.54	0.6	0.62	0.72	0.72	0.58	0.52	0.7	0.66	0.68
2600	0.6	0.66	0.84	0.82	0.72	0.58	0.48	0.64	0.68	0.76	0.78	0.58	0.46	0.68	0.7	0.68
2650	0.64	0.66	0.82	0.78	0.7	0.6	0.48	0.66	0.66	0.8	0.82	0.64	0.48	0.66	0.72	0.72
2700	0.64	0.68	0.84	0.8	0.7	0.6	0.56	0.7	0.66	0.82	0.78	0.68	0.48	0.66	0.72	0.72
2750	0.66	0.74	0.8	0.8	0.72	0.66	0.6	0.74	0.66	0.82	0.82	0.68	0.48	0.6	0.7	0.76
2800	0.66	0.74	0.8	0.82	0.64	0.66	0.6	0.74	0.66	0.82	0.86	0.72	0.46	0.58	0.64	0.76
2850	0.64	0.72	0.8	0.8	0.66	0.74	0.6	0.72	0.66	0.78	0.82	0.76	0.48	0.58	0.66	0.74
2900	0.64	0.7	0.8	0.76	0.66	0.74	0.6	0.7	0.66	0.76	0.84	0.72	0.52	0.56	0.6	0.78
2950	0.64	0.72	0.78	0.72	0.72	0.78	0.64	0.7	0.74	0.76	0.82	0.7	0.5	0.6	0.64	0.78
3000	0.7	0.74	0.76	0.68	0.72	0.76	0.64	0.72	0.72	0.74	0.78	0.66	0.62	0.56	0.66	0.72
3050	0.64	0.74	0.72	0.72	0.76	0.76	0.66	0.72	0.68	0.7	0.8	0.62	0.66	0.58	0.64	0.7
3100	0.7	0.74	0.7	0.68	0.76	0.74	0.68	0.66	0.74	0.66	0.8	0.58	0.72	0.58	0.64	0.64
3150	0.74	0.72	0.7	0.68	0.72	0.7	0.7	0.64	0.76	0.64	0.8	0.54	0.7	0.58	0.7	0.64
3200	0.72	0.74	0.7	0.68	0.66	0.64	0.66	0.66	0.78	0.7	0.78	0.52	0.7	0.6	0.68	0.62
3250	0.74	0.74	0.72	0.7	0.68	0.66	0.64	0.7	0.78	0.72	0.82	0.56	0.7	0.6	0.72	0.62
3300	0.74	0.76	0.68	0.76	0.7	0.64	0.64	0.7	0.76	0.74	0.82	0.54	0.74	0.64	0.72	0.66
3350	0.74	0.8	0.7	0.82	0.7	0.64	0.64	0.7	0.76	0.74	0.82	0.52	0.74	0.7	0.72	0.7
3400	0.72	0.82	0.7	0.8	0.7	0.64	0.66	0.7	0.72	0.72	0.78	0.5	0.74	0.76	0.7	0.78
3450	0.72	0.78	0.74	0.8	0.7	0.64	0.66	0.74	0.72	0.7	0.76	0.48	0.72	0.76	0.68	0.8
3500	0.72	0.82	0.72	0.82	0.68	0.68	0.72	0.72	0.7	0.68	0.76	0.48	0.66	0.76	0.7	0.78
3550	0.72	0.8	0.74	0.8	0.72	0.7	0.72	0.72	0.68	0.64	0.74	0.48	0.72	0.74	0.74	0.8
3600	0.72	0.82	0.76	0.84	0.72	0.7	0.72	0.68	0.68	0.68	0.74	0.52	0.7	0.76	0.76	0.8
3650	0.68	0.8	0.76	0.82	0.7	0.68	0.66	0.68	0.66	0.68	0.76	0.52	0.68	0.78	0.78	0.78
3700	0.66	0.76	0.76	0.78	0.7	0.7	0.66	0.64	0.64	0.7	0.76	0.42	0.66	0.68	0.72	0.72
3750	0.72	0.76	0.8	0.78	0.7	0.7	0.64	0.58	0.66	0.74	0.74	0.46	0.6	0.62	0.76	0.74
3800	0.76	0.7	0.78	0.72	0.7	0.68	0.62	0.58	0.68	0.74	0.74	0.52	0.6	0.6	0.66	0.72
3850	0.78	0.7	0.8	0.76	0.68	0.64	0.64	0.62	0.68	0.72	0.76	0.56	0.64	0.58	0.72	0.76
3900	0.8	0.7	0.76	0.72	0.68	0.62	0.64	0.64	0.7	0.74	0.74	0.62	0.6	0.54	0.7	0.74
3950	0.78	0.7	0.82	0.7	0.7	0.64	0.68	0.68	0.7	0.74	0.72	0.62	0.64	0.56	0.7	0.8
4000	0.84	0.72	0.82	0.72	0.76	0.68	0.68	0.72	0.7	0.74	0.76	0.68	0.66	0.56	0.66	0.8
4050	0.8	0.72	0.84	0.78	0.8	0.7	0.66	0.76	0.74	0.8	0.76	0.72	0.68	0.62	0.7	0.84
4100	0.84	0.76	0.84	0.82	0.78	0.7	0.68	0.76	0.76	0.8	0.72	0.78	0.72	0.64	0.74	0.82
4150	0.84	0.72	0.82	0.82	0.8	0.72	0.74	0.76	0.76	0.82	0.74	0.76	0.76	0.7	0.74	0.76
4200	0.84	0.72	0.8	0.82	0.82	0.74	0.76	0.78	0.8	0.82	0.76	0.76	0.76	0.7	0.74	0.78
4250	0.82	0.76	0.82	0.86	0.84	0.76	0.74	0.8	0.8	0.82	0.74	0.76	0.76	0.76	0.7	0.74
4300	0.78	0.8	0.86	0.86	0.84	0.78	0.72	0.8	0.78	0.78	0.74	0.7	0.76	0.76	0.7	0.74
4350	0.74	0.8	0.86	0.82	0.82	0.76	0.7	0.78	0.78	0.78	0.72	0.7	0.82	0.8	0.72	0.74
4400	0.72	0.78	0.86	0.8	0.84	0.78	0.7	0.72	0.76	0.74	0.68	0.62	0.78	0.8	0.7	0.7
4450	0.72	0.84	0.88	0.8	0.82	0.76	0.68	0.72	0.7	0.68	0.7	0.62	0.8	0.76	0.7	0.68
4500	0.72	0.82	0.88	0.82	0.86	0.76	0.7	0.72	0.66	0.64	0.7	0.62	0.78	0.78	0.68	0.72
4550	0.72	0.8	0.88	0.8	0.86	0.76	0.7	0.74	0.64	0.62	0.66	0.58	0.78	0.78	0.7	0.76
4600	0.7	0.78	0.86	0.76	0.82	0.74	0.72	0.72	0.64	0.62	0.7	0.58	0.76	0.76	0.66	0.72
4650	0.76	0.82	0.88	0.8	0.8	0.76	0.74	0.7	0.64	0.6	0.68	0.56	0.8	0.78	0.7	0.72
4700	0.78	0.8	0.88	0.82	0.8	0.76	0.72	0.68	0.66	0.62	0.72	0.48	0.78	0.74	0.64	0.74
4750	0.8	0.84	0.94	0.84	0.82	0.72	0.66	0.68	0.7	0.64	0.74	0.56	0.74	0.74	0.66	0.78
4800	0.82	0.84	0.94	0.86	0.78	0.7	0.68	0.76	0.68	0.68	0.74	0.62	0.72	0.74	0.7	0.72
4850	0.84	0.86	0.9	0.86	0.78	0.7	0.72	0.78	0.74	0.72	0.78	0.68	0.68	0.72	0.74	0.76
4900	0.84	0.88	0.9	0.88	0.78	0.72	0.72	0.8	0.74	0.74	0.78	0.66	0.66	0.74	0.78	0.78
4950	0.86	0.92	0.9	0.84	0.78	0.7	0.7	0.76	0.72	0.74	0.82	0.68	0.7	0.74	0.78	0.86
5000	0.84	0.9	0.88	0.86	0.78	0.72	0.68	0.76	0.66	0.76	0.86	0.7	0.66	0.74	0.8	0.84
5050	0.8	0.9	0.88	0.9	0.78	0.74	0.74	0.76	0.68	0.76	0.9	0.72	0.64	0.72	0.82	0.84
5100	0.76	0.9	0.86	0.88	0.82	0.74	0.7	0.74	0.68	0.82	0.9	0.8	0.64	0.76	0.84	0.82
5150	0.68	0.84	0.86	0.82	0.82	0.76	0.74	0.7	0.66	0.82	0.88	0.82	0.66	0.78	0.82	0.82
5200	0.7	0.84	0.88	0.82	0.82	0.76	0.76	0.64	0.6	0.76	0.88	0.8	0.66	0.76	0.78	0.8
5250	0.66	0.84	0.88	0.84	0.88	0.72	0.72	0.66	0.6	0.74	0.82	0.74	0.66	0.76	0.74	0.78
5300	0.66	0.82	0.86	0.86	0.86	0.68	0.68	0.66	0.66	0.76	0.82	0.74	0.64	0.7	0.74	0.76
5350	0.68	0.84	0.88	0.88	0.92	0.72	0.68	0.72	0.66	0.76	0.82	0.74	0.68	0.76	0.76	0.74
5400	0.68	0.84	0.9	0.88	0.88	0.72	0.62	0.68	0.7	0.78	0.84	0.74	0.66	0.76	0.76	0.68
5450	0.74	0.84	0.92	0.88	0.88	0.7	0.6	0.66	0.7	0.72	0.8	0.72	0.66	0.74	0.76	0.7
5500	0.74	0.86	0.92	0.9	0.9	0.74	0.62	0.64	0.7	0.74	0.78	0.68	0.66	0.68	0.76	0.7
5550	0.84	0.88	0.88	0.94	0.86	0.78	0.64	0.68	0.68	0.74	0.8	0.68	0.72	0.68	0.76	0.74
5600	0.84	0.92	0.86	0.9	0.84	0.78	0.68	0.66	0.7	0.68	0.78	0.58	0.72	0.68	0.76	0.76
5650	0.86	0.94	0.88	0.92	0.86	0.82	0.68	0.66	0.74	0.68	0.76	0.62	0.74	0.68	0.78	0.82
5700	0.84	0.9	0.86	0.9	0.86	0.86	0.72	0.66	0.78	0.68	0.8	0.64	0.74	0.72	0.8	0.82
5750	0.86	0.88	0.84	0.88	0.86	0.9	0.76	0.66	0.8	0.76	0.8	0.72	0.76	0.74	0.82	0.86
5800	0.86	0.88	0.8	0.84	0.84	0.9	0.68	0.62	0.8	0.76	0.8	0.76	0.74	0.7	0.82	0.88
5850	0.84	0.88	0.8	0.86	0.84	0.88	0.76	0.64	0.78	0.78	0.8	0.76	0.72	0.7	0.8	0.86
5900	0.82	0.88	0.82	0.86	0.82	0.88	0.74	0.68	0.76	0.86	0.78	0.76	0.72	0.72	0.84	0.9
5950	0.82	0.86	0.86	0.82	0.84	0.84	0.7	0.66	0.74	0.84	0.76	0.72	0.74	0.76	0.84	0.86
6000	0.82	0.86	0.82	0.82	0.84	0.84	0.74	0.68	0.74	0.82	0.74	0.78	0.72	0.76	0.84	0.86
6050	0.82	0.86	0.88	0.82	0.82	0.84	0.74	0.74	0.72	0.82	0.74	0.76	0.7	0.74	0.84	0.86
6100	0.82	0.9	0.9	0.84	0.82	0.82	0.74	0.76	0.72	0.84	0.72	0.76	0.72	0.74	0.84	0.84
6150	0.82	0.92	0.9	0.84	0.82	0.8	0.74	0.72	0.74	0.82	0.7	0.72	0.7	0.7	0.82	0.8
6200	0.82	0.92	0.92	0.84	0.86	0.8	0.72	0.72	0.7	0.82	0.66	0.66	0.7	0.7	0.82	0.8
6250	0.8	0.9	0.92	0.86	0.88	0.78	0.72	0.76	0.7	0.8	0.7	0.66	0.8	0.74	0.82	0.76
6300	0.8	0.88	0.9	0.86	0.88	0.82	0.72	0.76	0.76	0.78	0.78	0.74	0.82	0.76	0.84	0.74
6350	0.82	0.9	0.92	0.88	0.92	0.84	0.7	0.7	0.72	0.82	0.76	0.68	0.82	0.72	0.78	0.76
6400	0.82	0.88	0.92	0.9	0.94	0.82	0.66	0.7	0.74	0.8	0.78	0.7	0.82	0.74	0.82	0.74
6450	0.8	0.88	0.88	0.9	0.96	0.86	0.6	0.7	0.74	0.76	0.78	0.7	0.78	0.78	0.82	0.76
6500	0.8	0.86	0.86	0.9	0.88	0.84	0.58	0.72	0.74	0.78	0.82	0.72	0.82	0.82	0.82	0.78
6550	0.82	0.84	0.8	0.88	0.84	0.82	0.64	0.72	0.7	0.74	0.76	0.74	0.84	0.84	0.82	0.76
6600	0.8	0.78	0.78	0.9	0.86	0.78	0.64	0.72	0.7	0.76	0.74	0.76	0.82	0.84	0.8	0.78
6650	0.76	0.8	0.78	0.9	0.86	0.78	0.62	0.68	0.72	0.74	0.76	0.76	0.76	0.8	0.78	0.76
6700	0.76	0.8	0.8	0.88	0.84	0.76	0.62	0.68	0.66	0.74	0.76	0.7	0.76	0.76	0.76	0.72
6750	0.78	0.8	0.8	0.86	0.82	0.76	0.66	0.7	0.66	0.72	0.74	0.78	0.78	0.8	0.84	0.72
6800	0.76	0.82	0.82	0.88	0.8	0.8	0.72	0.68	0.68	0.7	0.78	0.76	0.76	0.76	0.8	0.7
6850	0.76	0.82	0.82	0.9	0.82	0.8	0.74	0.72	0.66	0.68	0.76	0.72	0.78	0.76	0.76	0.68
6900	0.76	0.86	0.84	0.9	0.8	0.86	0.78	0.76	0.74	0.7	0.84	0.74	0.78	0.74	0.68	0.68
6950	0.74	0.92	0.86	0.9	0.82	0.88	0.8	0.78	0.76	0.66	0.82	0.7	0.84	0.74	0.7	0.68
7000	0.76	0.9	0.86	0.86	0.86	0.88	0.8	0.86	0.8	0.62	0.82	0.7	0.8	0.7	0.76	0.72
7050	0.76	0.82	0.86	0.86	0.9	0.82	0.76	0.82	0.82	0.64	0.82	0.66	0.8	0.68	0.74	0.76
7100	0.76	0.84	0.84	0.84	0.86	0.8	0.8	0.82	0.78	0.6	0.8	0.62	0.8	0.72	0.76	0.78
7150	0.78	0.8	0.86	0.82	0.86	0.78	0.8	0.82	0.78	0.6	0.82	0.6	0.82	0.72	0.78	0.78
7200	0.8	0.82	0.86	0.82	0.9	0.82	0.82	0.84	0.8	0.62	0.84	0.66	0.88	0.72	0.74	0.76
7250	0.86	0.78	0.88	0.82	0.92	0.8	0.8	0.8	0.74	0.64	0.82	0.66	0.88	0.72	0.74	0.8
7300	0.86	0.8	0.84	0.84	0.88	0.8	0.76	0.8	0.74	0.62	0.82	0.64	0.88	0.76	0.76	0.8
7350	0.84	0.78	0.88	0.84	0.9	0.88	0.8	0.82	0.74	0.64	0.82	0.7	0.88	0.8	0.8	0.82
7400	0.82	0.8	0.86	0.84	0.88	0.88	0.84	0.82	0.76	0.7	0.84	0.68	0.88	0.78	0.76	0.8
7450	0.84	0.82	0.84	0.86	0.88	0.88	0.82	0.84	0.76	0.74	0.84	0.72	0.9	0.8	0.78	0.76
7500	0.82	0.82	0.84	0.88	0.9	0.9	0.78	0.74	0.82	0.82	0.84	0.74	0.94	0.82	0.78	0.76
7550	0.78	0.84	0.82	0.88	0.88	0.9	0.76	0.7	0.8	0.84	0.78	0.74	0.9	0.84	0.78	0.8
7600	0.78	0.78	0.78	0.8	0.86	0.9	0.76	0.72	0.86	0.86	0.76	0.74	0.88	0.84	0.84	0.82
7650	0.8	0.8	0.78	0.8	0.86	0.92	0.72	0.68	0.88	0.9	0.76	0.72	0.86	0.88	0.84	0.8
7700	0.8	0.8	0.78	0.8	0.86	0.9	0.7	0.66	0.86	0.84	0.72	0.64	0.82	0.9	0.82	0.78
7750	0.78	0.76	0.78	0.8	0.9	0.88	0.72	0.62	0.84	0.8	0.72	0.64	0.8	0.86	0.82	0.84
7800	0.8	0.78	0.78	0.8	0.92	0.88	0.74	0.62	0.82	0.74	0.72	0.58	0.8	0.88	0.8	0.84
7850	0.78	0.82	0.84	0.8	0.94	0.92	0.7	0.62	0.78	0.72	0.68	0.5	0.8	0.8	0.72	0.84
7900	0.78	0.84	0.82	0.82	0.94	0.88	0.68	0.62	0.8	0.72	0.68	0.46	0.78	0.76	0.74	0.8
7950	0.82	0.84	0.84	0.9	0.98	0.88	0.68	0.62	0.8	0.72	0.74	0.46	0.82	0.74	0.72	0.78
8000	0.82	0.86	0.84	0.92	1.0	0.84	0.72	0.62	0.78	0.72	0.76	0.52	0.84	0.72	0.7	0.78
8050	0.84	0.86	0.9	0.9	1.0	0.84	0.7	0.64	0.72	0.7	0.7	0.54	0.82	0.64	0.68	0.76
8100	0.82	0.88	0.9	0.92	1.0	0.84	0.72	0.68	0.76	0.72	0.72	0.56	0.82	0.64	0.68	0.76
8150	0.82	0.86	0.88	0.92	1.0	0.82	0.76	0.66	0.8	0.72	0.74	0.58	0.88	0.68	0.7	0.78
8200	0.78	0.8	0.88	0.92	0.98	0.76	0.74	0.7	0.84	0.72	0.72	0.58	0.82	0.74	0.7	0.78
8250	0.78	0.8	0.9	0.9	0.98	0.76	0.74	0.74	0.86	0.74	0.8	0.68	0.8	0.76	0.78	0.76
8300	0.8	0.78	0.92	0.92	0.96	0.74	0.78	0.74	0.84	0.76	0.8	0.7	0.8	0.78	0.74	0.78
8350	0.76	0.78	0.92	0.92	0.94	0.76	0.78	0.74	0.82	0.78	0.84	0.68	0.82	0.76	0.74	0.78
8400	0.66	0.78	0.92	0.94	0.94	0.74	0.74	0.72	0.84	0.8	0.9	0.74	0.78	0.8	0.7	0.72
8450	0.66	0.8	0.92	0.96	0.92	0.72	0.74	0.76	0.86	0.76	0.92	0.76	0.76	0.86	0.74	0.76
8500	0.68	0.78	0.9	0.94	0.9	0.72	0.74	0.74	0.82	0.72	0.9	0.74	0.8	0.86	0.72	0.76
8550	0.7	0.78	0.9	0.94	0.9	0.66	0.7	0.68	0.82	0.68	0.9	0.72	0.8	0.86	0.74	0.74
8600	0.7	0.8	0.92	0.94	0.9	0.7	0.72	0.66	0.8	0.66	0.84	0.68	0.8	0.84	0.68	0.7
8650	0.68	0.78	0.84	0.96	0.88	0.72	0.66	0.62	0.74	0.7	0.84	0.72	0.78	0.88	0.68	0.68
8700	0.7	0.8	0.84	0.94	0.9	0.72	0.68	0.62	0.72	0.72	0.8	0.72	0.82	0.86	0.7	0.68
8750	0.76	0.84	0.86	0.92	0.88	0.72	0.74	0.6	0.68	0.74	0.8	0.68	0.82	0.84	0.72	0.74
8800	0.78	0.84	0.86	0.9	0.86	0.74	0.76	0.6	0.66	0.7	0.78	0.62	0.86	0.82	0.78	0.8
8850	0.82	0.82	0.84	0.9	0.88	0.76	0.8	0.6	0.68	0.7	0.76	0.62	0.86	0.82	0.8	0.8
8900	0.84	0.82	0.88	0.9	0.9	0.8	0.8	0.58	0.66	0.74	0.76	0.6	0.86	0.82	0.8	0.8
8950	0.88	0.78	0.86	0.92	0.9	0.8	0.8	0.62	0.64	0.76	0.72	0.58	0.86	0.82	0.8	0.78
9000	0.88	0.78	0.86	0.9	0.92	0.84	0.78	0.68	0.74	0.76	0.76	0.6	0.86	0.76	0.88	0.78
9050	0.9	0.8	0.9	0.92	0.92	0.86	0.84	0.66	0.78	0.78	0.8	0.6	0.88	0.78	0.9	0.82
9100	0.9	0.84	0.9	0.94	0.9	0.88	0.86	0.64	0.78	0.78	0.82	0.6	0.88	0.76	0.86	0.86
9150	0.9	0.86	0.94	0.96	0.94	0.9	0.86	0.64	0.74	0.8	0.8	0.62	0.88	0.76	0.86	0.84
9200	0.86	0.84	0.9	0.96	0.94	0.88	0.86	0.66	0.72	0.8	0.78	0.64	0.84	0.76	0.86	0.84
9250	0.82	0.82	0.88	0.94	0.96	0.88	0.76	0.62	0.74	0.82	0.76	0.66	0.76	0.72	0.8	0.82
9300	0.84	0.84	0.88	0.94	0.96	0.86	0.7	0.6	0.68	0.84	0.76	0.74	0.78	0.66	0.8	0.8
9350	0.8	0.88	0.88	0.96	0.96	0.9	0.68	0.58	0.68	0.84	0.78	0.8	0.74	0.66	0.8	0.8
9400	0.76	0.88	0.88	0.96	0.96	0.86	0.7	0.64	0.68	0.78	0.76	0.8	0.7	0.72	0.8	0.84
9450	0.74	0.84	0.88	0.92	0.94	0.84	0.68	0.6	0.66	0.72	0.72	0.8	0.7	0.74	0.76	0.82
9500	0.72	0.84	0.9	0.92	0.96	0.82	0.64	0.68	0.68	0.68	0.72	0.8	0.7	0.76	0.74	0.8
9550	0.72	0.84	0.88	0.92	0.92	0.8	0.64	0.7	0.72	0.68	0.78	0.82	0.68	0.74	0.76	0.8
9600	0.7	0.82	0.9	0.88	0.94	0.84	0.68	0.7	0.74	0.7	0.8	0.78	0.7	0.74	0.76	0.82
9650	0.74	0.82	0.92	0.86	0.92	0.84	0.74	0.72	0.76	0.66	0.76	0.74	0.76	0.78	0.74	0.84
9700	0.74	0.84	0.94	0.86	0.9	0.84	0.8	0.78	0.8	0.66	0.8	0.74	0.76	0.76	0.74	0.82
9750	0.7	0.86	0.94	0.84	0.9	0.86	0.84	0.78	0.82	0.7	0.8	0.74	0.78	0.74	0.76	0.8
9800	0.72	0.88	0.96	0.84	0.9	0.86	0.86	0.76	0.84	0.74	0.82	0.76	0.82	0.72	0.76	0.78
9850	0.76	0.88	0.94	0.88	0.9	0.88	0.84	0.76	0.86	0.78	0.88	0.78	0.78	0.68	0.74	0.8
9900	0.76	0.88	0.92	0.88	0.9	0.92	0.84	0.74	0.96	0.86	0.88	0.76	0.8	0.66	0.8	0.8
9950	0.78	0.88	0.94	0.86	0.92	0.9	0.84	0.78	0.92	0.88	0.88	0.8	0.82	0.6	0.78	0.78
10000	0.76	0.9	0.94	0.86	0.92	0.9	0.8	0.8	0.9	0.88	0.88	0.82	0.76	0.6	0.74	0.76
10050	0.8	0.86	0.94	0.84	0.92	0.88	0.82	0.8	0.92	0.9	0.9	0.82	0.78	0.64	0.8	0.76
10100	0.82	0.86	0.94	0.88	0.94	0.92	0.8	0.78	0.92	0.94	0.88	0.84	0.76	0.66	0.82	0.78
10150	0.88	0.88	0.9	0.9	0.92	0.92	0.8	0.78	0.88	0.94	0.86	0.86	0.8	0.64	0.82	0.86
10200	0.88	0.86	0.88	0.88	0.92	0.92	0.78	0.74	0.84	0.88	0.84	0.78	0.78	0.68	0.82	0.86
10250	0.84	0.86	0.86	0.86	0.9	0.92	0.8	0.76	0.84	0.86	0.84	0.78	0.78	0.72	0.72	0.88
10300	0.88	0.84	0.86	0.86	0.9	0.94	0.82	0.74	0.86	0.88	0.82	0.82	0.84	0.76	0.76	0.88
10350	0.88	0.86	0.86	0.84	0.88	0.94	0.84	0.78	0.84	0.86	0.86	0.8	0.86	0.74	0.76	0.88
10400	0.84	0.82	0.84	0.82	0.84	0.88	0.86	0.8	0.82	0.86	0.88	0.78	0.86	0.76	0.76	0.82
10450	0.88	0.84	0.82	0.82	0.82	0.88	0.84	0.8	0.78	0.78	0.86	0.78	0.86	0.76	0.72	0.82
10500	0.86	0.88	0.82	0.82	0.8	0.9	0.84	0.78	0.76	0.8	0.88	0.78	0.82	0.74	0.72	0.74
10550	0.8	0.88	0.8	0.84	0.8	0.92	0.86	0.8	0.76	0.8	0.88	0.78	0.82	0.72	0.7	0.72
10600	0.76	0.88	0.78	0.86	0.82	0.92	0.86	0.84	0.76	0.8	0.84	0.82	0.8	0.68	0.66	0.66
10650	0.74	0.9	0.82	0.88	0.82	0.9	0.8	0.84	0.7	0.74	0.8	0.82	0.78	0.68	0.68	0.66
10700	0.76	0.86	0.82	0.88	0.78	0.82	0.82	0.84	0.72	0.72	0.8	0.82	0.78	0.7	0.74	0.66
10750	0.72	0.88	0.84	0.88	0.78	0.82	0.8	0.82	0.68	0.72	0.76	0.8	0.76	0.7	0.72	0.68
10800	0.72	0.88	0.84	0.86	0.76	0.84	0.76	0.76	0.72	0.76	0.78	0.78	0.76	0.76	0.76	0.74
10850	0.72	0.82	0.82	0.9	0.82	0.84	0.7	0.74	0.76	0.72	0.74	0.78	0.76	0.76	0.78	0.76
10900	0.78	0.78	0.86	0.88	0.86	0.82	0.72	0.72	0.74	0.72	0.66	0.76	0.8	0.78	0.8	0.78
10950	0.8	0.78	0.86	0.86	0.86	0.8	0.74	0.72	0.72	0.68	0.6	0.72	0.82	0.86	0.8	0.82
11000	0.8	0.8	0.86	0.86	0.84	0.8	0.72	0.7	0.76	0.68	0.58	0.72	0.8	0.86	0.8	0.82
11050	0.82	0.78	0.88	0.86	0.84	0.8	0.72	0.74	0.76	0.64	0.6	0.68	0.8	0.88	0.84	0.82
11100	0.82	0.78	0.9	0.86	0.88	0.8	0.76	0.72	0.74	0.64	0.64	0.68	0.78	0.9	0.86	0.84
11150	0.78	0.78	0.88	0.82	0.88	0.86	0.74	0.72	0.72	0.6	0.64	0.68	0.78	0.84	0.78	0.84
11200	0.78	0.86	0.92	0.84	0.88	0.9	0.82	0.76	0.72	0.6	0.66	0.68	0.8	0.84	0.74	0.86
11250	0.78	0.92	0.9	0.86	0.88	0.92	0.86	0.8	0.72	0.58	0.66	0.7	0.8	0.84	0.72	0.86
11300	0.76	0.92	0.88	0.86	0.86	0.94	0.86	0.78	0.8	0.62	0.62	0.64	0.88	0.86	0.7	0.8
11350	0.74	0.92	0.84	0.82	0.84	0.88	0.84	0.76	0.78	0.64	0.7	0.68	0.86	0.86	0.74	0.8
11400	0.76	0.84	0.82	0.8	0.82	0.84	0.82	0.74	0.8	0.66	0.74	0.72	0.84	0.86	0.74	0.8
11450	0.74	0.86	0.82	0.82	0.82	0.84	0.84	0.74	0.8	0.68	0.76	0.74	0.84	0.88	0.76	0.8
11500	0.78	0.84	0.8	0.86	0.78	0.84	0.82	0.72	0.82	0.68	0.74	0.7	0.8	0.88	0.76	0.84
11550	0.8	0.86	0.8	0.86	0.74	0.78	0.78	0.66	0.82	0.64	0.7	0.7	0.8	0.88	0.78	0.86
11600	0.78	0.82	0.82	0.84	0.72	0.7	0.74	0.7	0.8	0.68	0.7	0.7	0.78	0.86	0.78	0.86
11650	0.76	0.82	0.82	0.84	0.74	0.72	0.72	0.72	0.76	0.72	0.76	0.74	0.76	0.88	0.8	0.82
11700	0.8	0.8	0.86	0.82	0.76	0.7	0.7	0.72	0.76	0.74	0.74	0.76	0.76	0.86	0.82	0.88
11750	0.82	0.76	0.86	0.86	0.78	0.72	0.72	0.72	0.72	0.78	0.74	0.78	0.74	0.84	0.82	0.84
11800	0.84	0.8	0.9	0.86	0.8	0.72	0.74	0.76	0.72	0.8	0.74	0.8	0.74	0.84	0.84	0.84
11850	0.82	0.78	0.9	0.8	0.78	0.74	0.74	0.78	0.72	0.78	0.72	0.76	0.76	0.82	0.82	0.84
11900	0.8	0.8	0.9	0.82	0.78	0.72	0.74	0.78	0.62	0.78	0.7	0.8	0.72	0.8	0.78	0.82
11950	0.86	0.8	0.9	0.78	0.8	0.68	0.68	0.76	0.62	0.8	0.72	0.82	0.7	0.8	0.78	0.9
12000	0.88	0.84	0.9	0.78	0.76	0.74	0.64	0.78	0.64	0.86	0.72	0.78	0.64	0.74	0.82	0.92
12050	0.88	0.84	0.86	0.76	0.78	0.78	0.64	0.76	0.64	0.78	0.72	0.8	0.64	0.78	0.84	0.92
12100	0.84	0.86	0.82	0.74	0.76	0.8	0.64	0.82	0.7	0.78	0.72	0.78	0.6	0.74	0.84	0.9
12150	0.8	0.9	0.84	0.76	0.76	0.82	0.64	0.82	0.72	0.78	0.72	0.76	0.62	0.76	0.86	0.9
12200	0.82	0.86	0.84	0.78	0.8	0.8	0.64	0.82	0.74	0.76	0.7	0.78	0.64	0.78	0.84	0.9
12250	0.8	0.86	0.84	0.84	0.84	0.8	0.68	0.84	0.74	0.78	0.68	0.82	0.66	0.76	0.88	0.9
12300	0.78	0.86	0.86	0.84	0.84	0.82	0.72	0.82	0.84	0.76	0.72	0.76	0.66	0.74	0.88	0.84
12350	0.82	0.86	0.86	0.88	0.88	0.86	0.72	0.82	0.86	0.76	0.76	0.78	0.72	0.72	0.86	0.8
12400	0.76	0.8	0.86	0.9	0.92	0.9	0.78	0.8	0.84	0.72	0.7	0.78	0.76	0.74	0.86	0.74
12450	0.76	0.82	0.88	0.9	0.96	0.9	0.8	0.8	0.88	0.78	0.76	0.8	0.76	0.78	0.88	0.78
12500	0.76	0.82	0.88	0.94	0.98	0.88	0.74	0.78	0.86	0.78	0.78	0.78	0.7	0.78	0.88	0.76
12550	0.78	0.8	0.88	0.94	0.96	0.86	0.68	0.74	0.86	0.8	0.78	0.8	0.72	0.72	0.8	0.76
12600	0.8	0.82	0.88	0.94	0.96	0.88	0.72	0.74	0.88	0.76	0.8	0.78	0.72	0.72	0.78	0.76
12650	0.8	0.84	0.9	0.94	0.96	0.9	0.7	0.72	0.86	0.72	0.8	0.8	0.72	0.78	0.8	0.8
12700	0.8	0.76	0.88	0.86	0.96	0.92	0.74	0.72	0.88	0.66	0.82	0.74	0.74	0.8	0.82	0.86
12750	0.84	0.68	0.84	0.82	0.94	0.88	0.76	0.7	0.84	0.68	0.82	0.74	0.8	0.82	0.84	0.9
12800	0.84	0.72	0.84	0.78	0.92	0.9	0.76	0.8	0.88	0.68	0.84	0.72	0.8	0.84	0.86	0.88
12850	0.9	0.72	0.82	0.78	0.9	0.86	0.72	0.8	0.88	0.68	0.84	0.72	0.86	0.84	0.82	0.84
12900	0.84	0.68	0.88	0.74	0.88	0.82	0.72	0.76	0.84	0.7	0.82	0.72	0.9	0.84	0.88	0.86
12950	0.86	0.7	0.9	0.74	0.88	0.84	0.76	0.72	0.78	0.68	0.8	0.72	0.9	0.86	0.9	0.84
13000	0.84	0.7	0.88	0.74	0.86	0.86	0.76	0.74	0.78	0.64	0.8	0.74	0.88	0.88	0.88	0.86
13050	0.86	0.72	0.84	0.76	0.86	0.84	0.74	0.78	0.78	0.64	0.82	0.8	0.88	0.88	0.88	0.86
13100	0.86	0.76	0.86	0.74	0.8	0.82	0.74	0.78	0.8	0.7	0.84	0.84	0.88	0.9	0.86	0.86
13150	0.86	0.78	0.88	0.76	0.82	0.8	0.72	0.74	0.8	0.72	0.84	0.86	0.86	0.86	0.84	0.84
13200	0.88	0.8	0.82	0.8	0.8	0.76	0.7	0.74	0.78	0.76	0.84	0.86	0.86	0.84	0.86	0.86
13250	0.88	0.78	0.78	0.8	0.76	0.76	0.74	0.72	0.74	0.78	0.84	0.88	0.86	0.86	0.88	0.9
13300	0.86	0.78	0.78	0.8	0.76	0.74	0.72	0.78	0.76	0.84	0.84	0.88	0.84	0.84	0.88	0.9
13350	0.84	0.8	0.74	0.8	0.76	0.78	0.76	0.8	0.84	0.9	0.88	0.88	0.84	0.82	0.86	0.88
13400	0.86	0.88	0.76	0.82	0.76	0.82	0.74	0.78	0.8	0.88	0.86	0.9	0.86	0.84	0.88	0.88
13450	0.88	0.82	0.8	0.78	0.76	0.8	0.72	0.78	0.82	0.88	0.88	0.88	0.86	0.84	0.88	0.88
13500	0.9	0.78	0.78	0.82	0.76	0.82	0.68	0.78	0.82	0.88	0.86	0.84	0.78	0.78	0.88	0.84
13550	0.9	0.74	0.74	0.78	0.74	0.84	0.72	0.78	0.8	0.82	0.86	0.8	0.78	0.76	0.88	0.84
13600	0.9	0.76	0.78	0.78	0.82	0.86	0.72	0.82	0.84	0.84	0.86	0.82	0.76	0.72	0.88	0.78
13650	0.9	0.8	0.76	0.8	0.82	0.92	0.78	0.82	0.82	0.84	0.86	0.82	0.74	0.7	0.88	0.76
13700	0.9	0.78	0.78	0.8	0.82	0.9	0.78	0.82	0.8	0.8	0.86	0.82	0.74	0.72	0.84	0.76
13750	0.9	0.74	0.8	0.76	0.84	0.88	0.76	0.82	0.86	0.72	0.8	0.8	0.76	0.74	0.84	0.76
13800	0.9	0.72	0.76	0.74	0.78	0.86	0.8	0.84	0.8	0.62	0.76	0.74	0.74	0.7	0.82	0.74
13850	0.92	0.78	0.76	0.76	0.8	0.84	0.76	0.82	0.82	0.62	0.78	0.72	0.74	0.7	0.82	0.74
13900	0.9	0.78	0.86	0.78	0.78	0.84	0.78	0.84	0.86	0.68	0.76	0.74	0.76	0.7	0.82	0.7
13950	0.9	0.78	0.84	0.72	0.72	0.78	0.82	0.82	0.84	0.68	0.78	0.74	0.8	0.72	0.86	0.76
14000	0.9	0.78	0.86	0.76	0.72	0.76	0.8	0.82	0.84	0.64	0.82	0.72	0.78	0.78	0.86	0.8
14050	0.86	0.72	0.84	0.7	0.7	0.76	0.76	0.82	0.84	0.68	0.86	0.72	0.78	0.8	0.84	0.82
14100	0.88	0.76	0.82	0.66	0.72	0.78	0.78	0.82	0.84	0.76	0.88	0.76	0.76	0.78	0.88	0.84
14150	0.82	0.72	0.8	0.66	0.72	0.8	0.74	0.8	0.82	0.78	0.88	0.76	0.74	0.8	0.9	0.86
14200	0.84	0.72	0.82	0.72	0.76	0.8	0.66	0.76	0.84	0.86	0.92	0.78	0.7	0.78	0.88	0.88
14250	0.82	0.74	0.84	0.7	0.76	0.78	0.68	0.78	0.84	0.84	0.88	0.78	0.72	0.84	0.84	0.92
14300	0.78	0.78	0.84	0.68	0.76	0.78	0.7	0.82	0.86	0.84	0.88	0.76	0.74	0.86	0.84	0.9
14350	0.82	0.76	0.84	0.72	0.72	0.78	0.72	0.84	0.86	0.84	0.84	0.82	0.76	0.8	0.8	0.9
14400	0.86	0.78	0.84	0.7	0.78	0.76	0.68	0.78	0.84	0.84	0.82	0.84	0.74	0.8	0.82	0.9
14450	0.82	0.74	0.82	0.72	0.8	0.76	0.68	0.76	0.88	0.84	0.82	0.82	0.74	0.78	0.82	0.86
14500	0.82	0.74	0.82	0.72	0.82	0.82	0.72	0.78	0.86	0.84	0.78	0.82	0.76	0.8	0.82	0.84
14550	0.78	0.76	0.82	0.76	0.78	0.76	0.74	0.76	0.82	0.74	0.72	0.82	0.74	0.78	0.8	0.8
14600	0.76	0.7	0.82	0.76	0.82	0.74	0.8	0.8	0.8	0.74	0.72	0.8	0.78	0.78	0.84	0.82
14650	0.78	0.7	0.82	0.74	0.82	0.76	0.8	0.74	0.8	0.7	0.72	0.82	0.8	0.78	0.84	0.82
14700	0.82	0.7	0.82	0.78	0.82	0.76	0.82	0.74	0.76	0.72	0.74	0.82	0.8	0.8	0.88	0.82
14750	0.8	0.7	0.82	0.8	0.82	0.7	0.8	0.72	0.74	0.7	0.72	0.8	0.82	0.78	0.86	0.86
14800	0.78	0.74	0.78	0.78	0.84	0.66	0.86	0.78	0.74	0.7	0.72	0.8	0.84	0.78	0.86	0.84
14850	0.78	0.74	0.78	0.82	0.82	0.7	0.84	0.78	0.78	0.64	0.74	0.72	0.86	0.78	0.84	0.78
14900	0.82	0.76	0.82	0.82	0.84	0.78	0.82	0.78	0.74	0.62	0.7	0.62	0.88	0.8	0.84	0.8
14950	0.86	0.78	0.84	0.82	0.84	0.72	0.76	0.76	0.74	0.64	0.76	0.64	0.88	0.78	0.84	0.8
15000	0.86	0.74	0.78	0.78	0.86	0.7	0.72	0.72	0.74	0.66	0.78	0.64	0.88	0.8	0.82	0.84
15050	0.88	0.76	0.76	0.8	0.88	0.74	0.72	0.74	0.7	0.66	0.76	0.64	0.86	0.8	0.8	0.82
15100	0.84	0.74	0.72	0.82	0.88	0.74	0.66	0.74	0.72	0.7	0.76	0.66	0.84	0.82	0.8	0.82
15150	0.84	0.76	0.7	0.8	0.82	0.72	0.7	0.72	0.7	0.72	0.76	0.68	0.84	0.82	0.74	0.8
15200	0.8	0.74	0.7	0.78	0.8	0.7	0.66	0.72	0.7	0.74	0.76	0.72	0.8	0.84	0.72	0.78
15250	0.82	0.74	0.68	0.76	0.8	0.7	0.68	0.76	0.68	0.8	0.8	0.84	0.82	0.82	0.72	0.84
15300	0.84	0.74	0.68	0.78	0.78	0.66	0.7	0.82	0.68	0.82	0.76	0.88	0.84	0.84	0.74	0.86
15350	0.84	0.72	0.68	0.78	0.78	0.74	0.74	0.84	0.66	0.8	0.74	0.88	0.86	0.84	0.7	0.84
15400	0.84	0.74	0.68	0.76	0.78	0.74	0.78	0.82	0.62	0.76	0.68	0.88	0.86	0.88	0.72	0.86
15450	0.86	0.72	0.68	0.74	0.72	0.76	0.82	0.8	0.62	0.76	0.7	0.86	0.88	0.9	0.76	0.86
15500	0.88	0.76	0.74	0.72	0.78	0.74	0.8	0.84	0.58	0.74	0.68	0.88	0.92	0.86	0.78	0.92
15550	0.88	0.7	0.74	0.72	0.78	0.74	0.82	0.8	0.62	0.76	0.7	0.88	0.9	0.86	0.76	0.92
15600	0.86	0.7	0.76	0.72	0.78	0.76	0.84	0.8	0.62	0.76	0.7	0.86	0.9	0.86	0.78	0.9
15650	0.88	0.7	0.8	0.74	0.8	0.74	0.84	0.78	0.6	0.76	0.7	0.84	0.88	0.84	0.78	0.92
15700	0.9	0.66	0.8	0.74	0.76	0.72	0.86	0.78	0.68	0.76	0.74	0.82	0.88	0.84	0.8	0.94
15750	0.88	0.64	0.82	0.78	0.8	0.74	0.8	0.8	0.76	0.76	0.72	0.8	0.84	0.8	0.84	0.9
15800	0.8	0.66	0.84	0.8	0.78	0.7	0.78	0.78	0.8	0.82	0.8	0.8	0.78	0.8	0.84	0.9
15850	0.74	0.64	0.8	0.78	0.78	0.66	0.78	0.82	0.86	0.76	0.8	0.78	0.78	0.76	0.78	0.84
15900	0.74	0.64	0.82	0.78	0.78	0.64	0.8	0.76	0.82	0.74	0.82	0.72	0.82	0.72	0.78	0.84
15950	0.8	0.6	0.78	0.78	0.76	0.64	0.76	0.8	0.8	0.7	0.82	0.74	0.8	0.76	0.8	0.82
16000	0.8	0.62	0.76	0.76	0.76	0.66	0.74	0.76	0.76	0.68	0.8	0.7	0.8	0.72	0.82	0.84
16050	0.78	0.64	0.78	0.8	0.78	0.68	0.78	0.78	0.74	0.66	0.8	0.72	0.78	0.74	0.84	0.84
16100	0.76	0.72	0.78	0.84	0.74	0.7	0.76	0.76	0.74	0.62	0.8	0.72	0.8	0.8	0.84	0.82
16150	0.8	0.76	0.8	0.84	0.72	0.68	0.76	0.76	0.7	0.64	0.8	0.72	0.8	0.8	0.86	0.8
16200	0.84	0.8	0.84	0.8	0.72	0.66	0.78	0.76	0.68	0.66	0.78	0.72	0.84	0.82	0.86	0.84
16250	0.84	0.84	0.82	0.8	0.74	0.7	0.76	0.72	0.66	0.7	0.78	0.7	0.84	0.84	0.92	0.82
16300	0.8	0.9	0.82	0.82	0.74	0.7	0.7	0.76	0.68	0.74	0.78	0.76	0.78	0.9	0.92	0.8
16350	0.76	0.88	0.84	0.88	0.76	0.68	0.66	0.74	0.68	0.72	0.78	0.72	0.72	0.86	0.92	0.8
16400	0.78	0.84	0.84	0.84	0.7	0.7	0.68	0.74	0.72	0.74	0.78	0.7	0.74	0.84	0.92	0.78
16450	0.8	0.84	0.88	0.82	0.72	0.7	0.66	0.78	0.76	0.72	0.78	0.72	0.74	0.86	0.9	0.78
16500	0.74	0.8	0.86	0.82	0.74	0.68	0.64	0.74	0.76	0.74	0.78	0.74	0.72	0.88	0.9	0.76
16550	0.72	0.82	0.84	0.84	0.74	0.68	0.66	0.74	0.76	0.68	0.78	0.74	0.7	0.84	0.84	0.7
16600	0.7	0.8	0.84	0.82	0.76	0.72	0.66	0.76	0.76	0.66	0.72	0.74	0.74	0.8	0.82	0.7
16650	0.76	0.74	0.88	0.78	0.8	0.74	0.68	0.76	0.76	0.7	0.76	0.74	0.74	0.74	0.78	0.68
16700	0.74	0.72	0.9	0.7	0.76	0.74	0.74	0.72	0.72	0.64	0.7	0.7	0.74	0.72	0.78	0.7
16750	0.76	0.7	0.88	0.7	0.74	0.74	0.76	0.72	0.7	0.64	0.74	0.68	0.78	0.68	0.76	0.68
16800	0.74	0.66	0.84	0.68	0.78	0.72	0.8	0.72	0.7	0.6	0.78	0.66	0.76	0.7	0.76	0.68
16850	0.76	0.66	0.82	0.7	0.78	0.78	0.8	0.68	0.72	0.6	0.8	0.68	0.76	0.68	0.76	0.7
16900	0.8	0.68	0.82	0.7	0.78	0.76	0.78	0.62	0.64	0.6	0.8	0.66	0.78	0.64	0.76	0.7
16950	0.8	0.68	0.8	0.68	0.82	0.8	0.78	0.6	0.64	0.54	0.8	0.66	0.8	0.7	0.78	0.7
17000	0.86	0.66	0.78	0.68	0.8	0.78	0.78	0.62	0.68	0.58	0.8	0.66	0.8	0.72	0.78	0.78
17050	0.86	0.68	0.74	0.74	0.76	0.76	0.7	0.58	0.64	0.6	0.78	0.66	0.8	0.72	0.8	0.74
17100	0.86	0.66	0.7	0.76	0.78	0.74	0.68	0.58	0.64	0.64	0.84	0.7	0.8	0.76	0.82	0.76
17150	0.88	0.66	0.72	0.8	0.86	0.72	0.66	0.58	0.64	0.62	0.82	0.64	0.82	0.82	0.9	0.8
17200	0.88	0.74	0.72	0.8	0.86	0.76	0.64	0.6	0.66	0.66	0.78	0.66	0.82	0.84	0.9	0.82
17250	0.92	0.7	0.72	0.82	0.88	0.74	0.7	0.66	0.7	0.68	0.78	0.7	0.86	0.84	0.88	0.78
17300	0.9	0.72	0.72	0.82	0.88	0.76	0.72	0.7	0.66	0.72	0.76	0.72	0.84	0.88	0.88	0.82
17350	0.9	0.68	0.66	0.82	0.84	0.74	0.7	0.68	0.64	0.72	0.74	0.72	0.86	0.88	0.88	0.9
17400	0.9	0.7	0.7	0.82	0.8	0.76	0.74	0.7	0.66	0.68	0.7	0.7	0.86	0.9	0.9	0.9
17450	0.82	0.7	0.7	0.78	0.78	0.76	0.78	0.76	0.66	0.66	0.7	0.7	0.82	0.86	0.86	0.88
17500	0.84	0.68	0.68	0.72	0.8	0.78	0.84	0.72	0.62	0.68	0.72	0.7	0.84	0.86	0.84	0.86
17550	0.82	0.68	0.7	0.72	0.78	0.82	0.88	0.74	0.62	0.7	0.72	0.72	0.8	0.82	0.82	0.88
17600	0.78	0.68	0.72	0.72	0.8	0.86	0.86	0.74	0.64	0.7	0.74	0.72	0.8	0.88	0.82	0.9
17650	0.78	0.64	0.7	0.66	0.78	0.88	0.86	0.8	0.7	0.7	0.76	0.76	0.78	0.88	0.84	0.84
17700	0.76	0.64	0.68	0.66	0.74	0.86	0.84	0.78	0.76	0.68	0.72	0.78	0.76	0.9	0.84	0.86
17750	0.7	0.62	0.68	0.68	0.78	0.84	0.78	0.78	0.78	0.6	0.76	0.74	0.72	0.88	0.78	0.84
17800	0.66	0.64	0.68	0.66	0.78	0.84	0.76	0.82	0.8	0.62	0.8	0.72	0.7	0.84	0.78	0.82
17850	0.64	0.64	0.68	0.62	0.78	0.84	0.76	0.82	0.8	0.72	0.86	0.74	0.72	0.86	0.76	0.8
17900	0.7	0.72	0.72	0.66	0.8	0.88	0.72	0.78	0.78	0.64	0.82	0.68	0.72	0.82	0.82	0.76
17950	0.7	0.7	0.72	0.68	0.76	0.8	0.7	0.78	0.76	0.62	0.8	0.64	0.72	0.82	0.82	0.72
18000	0.68	0.76	0.68	0.68	0.72	0.72	0.68	0.78	0.76	0.64	0.78	0.62	0.7	0.8	0.84	0.72
18050	0.68	0.8	0.7	0.7	0.72	0.74	0.66	0.76	0.76	0.62	0.8	0.6	0.68	0.78	0.84	0.74
18100	0.7	0.82	0.74	0.72	0.74	0.74	0.74	0.68	0.72	0.66	0.8	0.58	0.7	0.74	0.84	0.76
18150	0.68	0.84	0.7	0.74	0.72	0.74	0.8	0.74	0.74	0.68	0.78	0.58	0.68	0.74	0.82	0.74
18200	0.64	0.78	0.72	0.74	0.76	0.74	0.76	0.7	0.68	0.72	0.76	0.58	0.62	0.74	0.8	0.72
18250	0.66	0.82	0.7	0.74	0.78	0.76	0.76	0.62	0.68	0.68	0.76	0.6	0.66	0.76	0.8	0.76
18300	0.68	0.8	0.72	0.76	0.76	0.78	0.78	0.66	0.74	0.66	0.78	0.58	0.66	0.76	0.82	0.8
18350	0.68	0.8	0.72	0.76	0.78	0.78	0.76	0.68	0.68	0.74	0.8	0.56	0.62	0.72	0.82	0.82
18400	0.68	0.8	0.72	0.72	0.8	0.82	0.76	0.7	0.66	0.76	0.82	0.62	0.58	0.72	0.78	0.8
18450	0.74	0.76	0.7	0.74	0.8	0.82	0.72	0.7	0.62	0.74	0.82	0.68	0.6	0.66	0.76	0.8
18500	0.72	0.76	0.72	0.68	0.8	0.78	0.66	0.68	0.62	0.78	0.84	0.7	0.62	0.66	0.76	0.76
18550	0.76	0.74	0.64	0.64	0.74	0.78	0.64	0.6	0.6	0.8	0.86	0.72	0.56	0.66	0.8	0.78
18600	0.78	0.72	0.7	0.66	0.76	0.8	0.68	0.64	0.68	0.74	0.84	0.72	0.58	0.64	0.78	0.84
18650	0.78	0.74	0.72	0.68	0.8	0.78	0.66	0.66	0.7	0.78	0.86	0.74	0.58	0.68	0.72	0.8
18700	0.78	0.74	0.7	0.66	0.82	0.82	0.66	0.66	0.72	0.78	0.84	0.76	0.62	0.66	0.74	0.78
18750	0.76	0.76	0.64	0.64	0.8	0.82	0.6	0.6	0.66	0.78	0.8	0.78	0.64	0.66	0.72	0.78
18800	0.78	0.76	0.7	0.64	0.82	0.84	0.64	0.64	0.64	0.78	0.8	0.82	0.68	0.72	0.76	0.8
18850	0.8	0.8	0.7	0.66	0.82	0.84	0.64	0.64	0.66	0.74	0.74	0.82	0.72	0.74	0.78	0.88
18900	0.8	0.84	0.74	0.72	0.9	0.86	0.7	0.66	0.66	0.72	0.74	0.8	0.76	0.76	0.78	0.86
18950	0.8	0.88	0.78	0.76	0.86	0.88	0.76	0.66	0.64	0.7	0.74	0.82	0.78	0.74	0.78	0.82
19000	0.8	0.9	0.82	0.74	0.84	0.9	0.76	0.66	0.64	0.76	0.74	0.84	0.8	0.78	0.8	0.84
19050	0.86	0.88	0.8	0.76	0.82	0.9	0.76	0.7	0.72	0.74	0.78	0.84	0.78	0.76	0.84	0.88
19100	0.88	0.82	0.8	0.76	0.82	0.92	0.78	0.66	0.72	0.68	0.74	0.8	0.8	0.82	0.84	0.84
19150	0.86	0.78	0.8	0.78	0.84	0.9	0.84	0.7	0.78	0.66	0.74	0.8	0.8	0.78	0.82	0.82
19200	0.86	0.78	0.82	0.78	0.86	0.9	0.82	0.7	0.82	0.7	0.76	0.8	0.76	0.68	0.8	0.78
19250	0.84	0.78	0.8	0.78	0.8	0.88	0.76	0.7	0.78	0.66	0.76	0.72	0.7	0.66	0.8	0.76
19300	0.84	0.78	0.76	0.78	0.78	0.86	0.74	0.7	0.74	0.66	0.76	0.72	0.68	0.7	0.8	0.74
19350	0.8	0.78	0.7	0.78	0.76	0.86	0.74	0.7	0.74	0.66	0.78	0.74	0.7	0.72	0.74	0.74
19400	0.8	0.82	0.68	0.8	0.76	0.88	0.74	0.74	0.72	0.64	0.76	0.76	0.7	0.76	0.74	0.78
19450	0.76	0.78	0.68	0.8	0.76	0.9	0.74	0.72	0.7	0.62	0.76	0.74	0.7	0.7	0.72	0.78
19500	0.78	0.78	0.64	0.78	0.74	0.9	0.74	0.7	0.66	0.64	0.76	0.76	0.68	0.64	0.68	0.74
19550	0.78	0.78	0.6	0.78	0.72	0.86	0.7	0.68	0.66	0.66	0.74	0.78	0.68	0.7	0.68	0.74
19600	0.76	0.82	0.68	0.78	0.7	0.84	0.74	0.72	0.62	0.68	0.7	0.78	0.72	0.68	0.7	0.76
19650	0.78	0.78	0.7	0.72	0.72	0.84	0.76	0.68	0.6	0.64	0.66	0.76	0.72	0.66	0.7	0.78
19700	0.8	0.72	0.7	0.72	0.82	0.86	0.7	0.66	0.6	0.66	0.7	0.82	0.72	0.68	0.72	0.78
19750	0.78	0.66	0.72	0.7	0.84	0.84	0.74	0.64	0.64	0.66	0.7	0.76	0.72	0.66	0.72	0.8
19800	0.74	0.62	0.72	0.7	0.8	0.76	0.7	0.66	0.66	0.62	0.68	0.78	0.66	0.66	0.72	0.76
19850	0.7	0.62	0.72	0.7	0.82	0.74	0.64	0.68	0.62	0.6	0.7	0.74	0.66	0.66	0.78	0.78
19900	0.68	0.62	0.74	0.74	0.82	0.76	0.62	0.62	0.62	0.6	0.72	0.76	0.68	0.74	0.74	0.8
19950	0.68	0.68	0.8	0.78	0.86	0.8	0.66	0.62	0.66	0.62	0.78	0.74	0.66	0.78	0.76	0.82
20000	0.68	0.7	0.82	0.74	0.88	0.82	0.64	0.66	0.68	0.6	0.78	0.76	0.7	0.74	0.72	0.8
