0	0.0	0.0	0.0	0.0	0.0	0.0	0.0	0.0	0.0	0.0	0.0	0.0	0.0	0.0	0.0	0.0
50	0.4	0.428571428571	0.0	0.0	0.0	0.0	0.0	0.0	0.0	0.25	0.0	0.0	0.0	0.0	0.2	0.0
100	0.428571428571	0.555555555556	0.363636363636	0.2	0.5	0.375	0.166666666667	0.0	0.0	0.428571428571	0.272727272727	0.461538461538	0.555555555556	0.142857142857	0.583333333333	0.25
150	0.6	0.571428571429	0.578947368421	0.333333333333	0.647058823529	0.615384615385	0.363636363636	0.4	0.454545454545	0.642857142857	0.357142857143	0.529411764706	0.6	0.5	0.666666666667	0.333333333333
200	0.611111111111	0.578947368421	0.692307692308	0.538461538462	0.7	0.615384615385	0.578947368421	0.647058823529	0.611111111111	0.76	0.64	0.529411764706	0.583333333333	0.571428571429	0.6875	0.5
250	0.583333333333	0.75	0.757575757576	0.625	0.714285714286	0.642857142857	0.703703703704	0.730769230769	0.681818181818	0.793103448276	0.678571428571	0.6	0.625	0.625	0.722222222222	0.666666666667
300	0.642857142857	0.777777777778	0.777777777778	0.727272727273	0.708333333333	0.666666666667	0.757575757576	0.758620689655	0.72	0.818181818182	0.71875	0.666666666667	0.714285714286	0.666666666667	0.727272727273	0.727272727273
350	0.666666666667	0.794871794872	0.80487804878	0.777777777778	0.75	0.727272727273	0.789473684211	0.774193548387	0.740740740741	0.837837837838	0.756756756757	0.741935483871	0.739130434783	0.692307692308	0.785714285714	0.703703703704
400	0.677419354839	0.809523809524	0.829787234043	0.833333333333	0.766666666667	0.76	0.829787234043	0.764705882353	0.75	0.846153846154	0.790697674419	0.783783783784	0.777777777778	0.724137931034	0.793103448276	0.733333333333
450	0.736842105263	0.829787234043	0.88	0.842105263158	0.787878787879	0.777777777778	0.84	0.8	0.789473684211	0.863636363636	0.808510638298	0.80487804878	0.8	0.771428571429	0.828571428571	0.771428571429
500	0.777777777778	0.84	0.96	0.85	0.805555555556	0.828571428571	0.94	0.813953488372	0.818181818182	0.875	0.84	0.80487804878	0.8125	0.8	0.85	0.769230769231
550	0.782608695652	0.9	0.98	0.869565217391	0.820512820513	0.853658536585	0.96	0.833333333333	0.826086956522	0.92	0.9	0.836734693878	0.833333333333	0.818181818182	0.872340425532	0.795454545455
600	0.82	0.92	0.98	0.88	0.837209302326	0.872340425532	1.0	0.88	0.833333333333	0.94	0.98	0.96	0.842105263158	0.86	0.92	0.808510638298
650	0.86	0.96	1.0	0.94	0.840909090909	0.88	1.0	0.96	0.86	0.96	1.0	0.98	0.869565217391	0.94	0.96	0.88
700	0.9	1.0	1.0	1.0	0.844444444444	0.94	1.0	0.96	0.94	0.98	1.0	0.98	0.94	0.96	0.98	0.94
750	0.92	1.0	1.0	1.0	0.857142857143	0.98	1.0	0.96	0.96	1.0	1.0	0.98	0.94	0.96	0.98	0.94
800	0.94	1.0	1.0	1.0	0.9	0.98	1.0	0.96	0.96	1.0	1.0	0.98	1.0	0.96	1.0	0.94
850	0.98	1.0	1.0	1.0	0.92	1.0	1.0	0.96	0.98	1.0	0.98	0.98	1.0	0.98	1.0	0.96
900	1.0	1.0	1.0	1.0	0.94	1.0	1.0	0.98	0.96	1.0	0.98	0.94	1.0	1.0	1.0	0.98
950	1.0	1.0	1.0	1.0	0.94	1.0	1.0	0.96	0.96	1.0	0.98	0.94	1.0	1.0	1.0	1.0
1000	1.0	1.0	1.0	1.0	0.96	1.0	1.0	0.96	0.98	1.0	0.98	0.92	1.0	1.0	1.0	1.0
1050	1.0	1.0	1.0	1.0	0.96	1.0	1.0	0.92	0.98	1.0	0.98	0.92	1.0	1.0	1.0	1.0
1100	1.0	1.0	1.0	1.0	0.98	1.0	1.0	0.9	0.98	1.0	0.98	0.92	1.0	1.0	0.98	1.0
1150	1.0	1.0	1.0	1.0	0.98	0.98	1.0	0.9	0.98	1.0	0.96	0.92	1.0	1.0	0.96	1.0
1200	1.0	0.98	1.0	1.0	0.98	0.96	1.0	0.86	0.98	1.0	0.96	0.92	1.0	1.0	0.96	1.0
1250	1.0	0.98	1.0	1.0	0.98	0.96	1.0	0.86	0.98	1.0	0.94	0.92	1.0	1.0	0.96	1.0
1300	1.0	0.98	0.98	1.0	0.98	0.94	1.0	0.86	0.98	1.0	0.94	0.92	1.0	1.0	0.96	1.0
1350	1.0	0.98	0.98	1.0	0.98	0.92	1.0	0.86	0.98	1.0	0.94	0.94	1.0	1.0	0.96	1.0
1400	1.0	0.98	0.98	1.0	0.96	0.92	0.98	0.86	0.98	1.0	0.94	0.92	1.0	1.0	0.96	1.0
1450	1.0	0.98	0.98	1.0	0.94	0.92	0.98	0.86	0.98	1.0	0.94	0.92	1.0	1.0	0.96	1.0
1500	1.0	0.98	0.98	1.0	0.94	0.92	0.98	0.86	0.98	1.0	0.94	0.92	1.0	0.98	0.96	1.0
1550	1.0	0.98	0.96	1.0	0.94	0.92	0.98	0.84	0.98	1.0	0.96	0.96	1.0	0.98	0.94	1.0
1600	1.0	0.98	0.96	0.98	0.96	0.92	0.98	0.84	0.98	1.0	0.96	0.96	1.0	0.98	0.94	0.98
1650	1.0	0.98	0.96	0.94	0.96	0.92	0.98	0.86	1.0	1.0	0.96	0.96	1.0	0.98	0.94	0.98
1700	1.0	0.98	0.96	0.92	0.96	0.92	0.96	0.86	1.0	1.0	0.96	0.96	1.0	0.98	0.94	0.98
1750	1.0	1.0	0.96	0.92	0.96	0.92	0.96	0.88	1.0	1.0	0.96	0.98	1.0	0.98	0.94	0.98
1800	1.0	0.98	0.96	0.92	0.96	0.92	0.96	0.94	1.0	1.0	0.96	0.98	1.0	0.98	0.94	0.98
1850	1.0	0.98	0.96	0.92	0.96	0.96	0.96	0.98	1.0	1.0	0.96	0.98	1.0	0.96	0.96	0.98
1900	1.0	0.98	0.98	0.92	0.96	0.96	0.96	0.98	1.0	1.0	0.98	0.98	1.0	0.96	0.98	0.98
1950	1.0	0.98	0.98	0.92	0.96	0.96	0.96	0.98	1.0	1.0	0.98	0.98	1.0	0.96	0.98	0.98
2000	1.0	0.98	0.98	0.92	0.96	0.98	0.96	0.98	0.98	1.0	1.0	0.98	1.0	0.96	0.98	0.96
2050	1.0	0.98	0.98	0.92	0.98	0.98	0.96	0.98	0.96	1.0	1.0	0.98	1.0	0.96	0.96	0.96
2100	1.0	0.98	0.96	0.92	1.0	1.0	0.96	0.98	0.96	1.0	0.98	0.98	1.0	0.96	0.96	0.96
2150	1.0	0.98	0.96	0.92	1.0	1.0	0.98	1.0	0.96	1.0	0.98	0.96	1.0	0.96	0.96	0.96
2200	1.0	0.98	0.94	0.92	1.0	1.0	0.98	1.0	0.96	1.0	0.98	0.96	1.0	0.96	0.96	0.96
2250	1.0	0.98	0.92	0.92	1.0	1.0	0.98	1.0	0.96	1.0	0.98	0.96	1.0	0.96	0.98	0.96
2300	1.0	0.98	0.94	0.92	1.0	1.0	0.96	1.0	0.96	1.0	0.98	0.96	1.0	0.98	0.96	0.98
2350	1.0	0.96	0.94	0.94	1.0	1.0	0.96	1.0	0.96	1.0	0.98	0.98	1.0	0.98	0.96	0.98
2400	1.0	0.98	0.94	0.94	1.0	1.0	0.96	1.0	0.96	1.0	0.98	0.98	0.98	0.98	0.96	0.96
2450	1.0	0.98	0.94	0.94	1.0	1.0	0.96	1.0	0.96	1.0	0.98	0.98	0.98	0.98	0.94	0.94
2500	1.0	0.96	0.94	0.94	1.0	1.0	0.96	1.0	0.94	1.0	0.98	0.98	0.98	0.98	0.94	0.94
2550	1.0	0.96	0.94	0.94	1.0	1.0	0.96	1.0	0.94	1.0	0.98	0.98	0.98	0.98	0.94	0.92
2600	1.0	0.96	0.94	0.94	1.0	1.0	0.96	1.0	0.94	1.0	0.98	0.98	0.98	0.98	0.94	0.92
2650	1.0	0.96	0.94	0.94	1.0	1.0	0.96	1.0	0.94	1.0	0.98	0.98	0.98	0.96	0.94	0.92
2700	1.0	0.96	0.94	0.94	1.0	1.0	0.96	1.0	0.94	1.0	0.98	0.98	0.98	0.96	0.94	0.92
2750	1.0	0.96	0.94	0.94	1.0	1.0	0.94	1.0	0.96	1.0	0.98	0.98	0.98	0.96	0.94	0.92
2800	1.0	0.96	0.96	0.92	1.0	1.0	0.94	1.0	0.98	1.0	0.98	0.98	0.98	0.96	0.94	0.92
2850	1.0	0.96	0.96	0.92	1.0	1.0	0.94	1.0	0.98	1.0	0.98	0.98	0.98	0.94	0.94	0.92
2900	1.0	0.96	0.96	0.92	1.0	1.0	0.96	1.0	0.98	1.0	1.0	0.98	0.98	0.94	0.94	0.92
2950	1.0	0.96	0.98	0.92	1.0	1.0	0.98	1.0	0.98	1.0	0.98	0.98	0.98	0.94	0.94	0.92
3000	1.0	0.96	1.0	0.92	1.0	1.0	0.98	1.0	0.98	1.0	0.98	1.0	0.98	0.94	0.96	0.92
3050	1.0	0.96	1.0	0.92	1.0	1.0	0.98	1.0	1.0	1.0	0.98	1.0	0.96	0.94	0.96	0.94
3100	1.0	0.96	1.0	0.92	1.0	1.0	0.98	1.0	1.0	1.0	0.98	0.98	0.98	0.94	0.96	0.96
3150	1.0	0.96	1.0	0.92	1.0	1.0	0.98	1.0	1.0	1.0	0.96	0.98	0.98	0.96	0.98	0.96
3200	1.0	0.96	1.0	0.92	1.0	1.0	0.98	1.0	1.0	1.0	0.96	0.98	0.98	0.98	0.98	0.98
3250	1.0	0.98	1.0	0.96	1.0	1.0	0.98	1.0	1.0	1.0	0.96	0.98	0.98	0.98	0.98	1.0
3300	1.0	0.98	1.0	0.96	1.0	1.0	0.98	1.0	1.0	1.0	0.96	0.98	0.98	0.98	0.98	0.98
3350	1.0	0.96	1.0	0.96	1.0	1.0	0.98	1.0	1.0	1.0	0.96	0.98	0.98	0.98	1.0	0.98
3400	1.0	0.96	1.0	0.96	1.0	1.0	0.98	1.0	1.0	1.0	0.96	0.98	0.98	0.96	1.0	0.98
3450	1.0	0.96	1.0	0.96	0.98	1.0	1.0	1.0	1.0	1.0	0.94	0.98	0.98	0.98	1.0	0.98
3500	1.0	0.96	1.0	0.96	0.98	1.0	1.0	1.0	1.0	1.0	0.94	0.98	0.98	0.96	1.0	0.98
3550	1.0	0.96	1.0	0.96	0.98	1.0	1.0	1.0	1.0	1.0	0.94	0.98	0.98	0.94	1.0	0.98
3600	1.0	0.96	0.98	0.96	0.98	1.0	0.98	1.0	1.0	1.0	0.94	0.98	0.98	0.94	0.98	0.98
3650	1.0	0.96	0.98	0.98	0.96	1.0	0.98	1.0	1.0	1.0	0.94	0.98	0.98	0.92	0.98	0.96
3700	1.0	0.96	0.98	0.98	0.94	1.0	0.98	1.0	1.0	1.0	0.94	0.98	0.98	0.9	0.98	0.96
3750	1.0	0.96	0.98	0.98	0.94	1.0	0.98	1.0	1.0	1.0	0.94	0.96	0.98	0.9	0.98	0.96
3800	1.0	0.96	0.98	0.98	0.92	1.0	0.98	1.0	1.0	1.0	0.94	0.96	0.98	0.9	0.98	0.92
3850	1.0	0.96	0.98	0.98	0.92	1.0	0.96	1.0	1.0	1.0	0.94	0.98	0.98	0.9	0.98	0.92
3900	1.0	0.94	0.98	0.98	0.92	1.0	0.96	1.0	1.0	1.0	0.94	0.98	0.96	0.9	0.98	0.92
3950	1.0	0.92	0.98	0.98	0.92	1.0	0.96	1.0	1.0	1.0	0.96	0.98	0.96	0.9	0.98	0.92
4000	1.0	0.92	0.98	0.98	0.92	1.0	0.96	1.0	1.0	1.0	0.96	0.98	0.96	0.9	0.98	0.92
4050	1.0	0.94	0.98	0.98	0.92	1.0	0.96	1.0	1.0	1.0	0.96	0.98	0.96	0.92	0.98	0.94
4100	1.0	0.94	0.98	0.98	0.92	1.0	0.96	1.0	0.98	1.0	0.96	0.98	0.96	0.92	0.98	0.94
4150	1.0	0.94	0.98	1.0	0.92	1.0	0.98	1.0	0.98	1.0	0.98	0.98	0.96	0.92	0.98	0.94
4200	1.0	0.94	0.98	1.0	0.94	1.0	0.98	1.0	0.98	1.0	0.98	0.98	0.96	0.92	0.98	0.94
4250	0.98	0.94	0.98	1.0	0.94	1.0	0.98	1.0	0.98	1.0	0.98	0.98	0.96	0.94	1.0	0.94
4300	0.98	0.94	0.98	1.0	0.94	1.0	0.98	1.0	0.98	1.0	0.98	0.98	0.96	0.96	0.98	0.96
4350	0.98	0.94	1.0	1.0	0.94	1.0	0.98	1.0	0.98	1.0	1.0	0.98	0.94	1.0	0.98	0.96
4400	0.98	0.94	1.0	1.0	0.94	1.0	0.98	1.0	0.98	1.0	1.0	0.98	0.94	1.0	0.98	0.96
4450	0.98	0.96	1.0	1.0	0.96	1.0	1.0	1.0	0.98	1.0	1.0	0.96	0.94	1.0	0.98	0.96
4500	0.98	0.96	1.0	1.0	0.98	1.0	1.0	1.0	0.98	1.0	1.0	0.98	0.94	1.0	0.98	0.96
4550	0.98	0.96	1.0	1.0	0.98	1.0	1.0	0.98	0.96	1.0	1.0	0.96	0.94	0.98	0.98	0.98
4600	0.98	0.96	1.0	1.0	0.98	1.0	1.0	0.98	0.96	1.0	1.0	0.96	0.96	0.98	0.98	1.0
4650	0.98	1.0	0.98	1.0	0.98	0.98	1.0	0.98	0.96	1.0	1.0	0.94	0.98	0.96	0.98	1.0
4700	0.98	1.0	0.98	1.0	0.98	0.98	1.0	0.98	0.96	1.0	1.0	0.94	0.98	0.96	0.98	1.0
4750	0.98	1.0	0.98	1.0	0.98	0.98	1.0	0.98	0.96	1.0	1.0	0.94	0.98	0.96	0.98	1.0
4800	0.98	1.0	0.98	1.0	0.98	0.98	1.0	0.98	0.96	1.0	1.0	0.94	0.98	0.96	0.98	1.0
4850	0.98	1.0	0.98	1.0	0.98	0.98	1.0	0.98	0.96	1.0	1.0	0.94	0.98	0.96	0.98	1.0
4900	0.98	1.0	0.98	1.0	0.98	0.98	1.0	0.98	0.98	1.0	0.98	0.94	0.98	0.96	0.98	1.0
4950	0.98	1.0	0.98	1.0	0.98	0.98	1.0	0.98	0.96	1.0	0.98	0.94	0.98	0.96	0.96	1.0
5000	0.98	1.0	0.98	1.0	0.98	0.98	0.98	0.98	0.96	1.0	0.98	0.94	1.0	0.96	0.96	1.0
5050	1.0	1.0	0.98	1.0	0.98	0.98	0.98	0.98	0.96	1.0	0.96	0.94	1.0	0.96	0.96	0.98
5100	1.0	1.0	0.98	1.0	0.98	0.98	0.98	0.98	0.98	1.0	0.96	0.94	1.0	0.94	0.96	0.98
5150	1.0	1.0	0.98	1.0	0.98	0.98	0.98	0.98	0.98	1.0	0.96	0.94	1.0	0.94	0.98	0.98
5200	1.0	1.0	0.96	1.0	0.98	0.98	0.98	0.98	0.98	1.0	0.96	0.96	1.0	0.94	0.98	0.98
5250	1.0	1.0	0.96	1.0	0.98	0.98	0.98	1.0	0.98	1.0	0.96	0.98	1.0	0.94	0.98	0.98
5300	1.0	1.0	0.96	1.0	0.98	0.98	0.98	1.0	0.96	1.0	0.96	0.98	1.0	0.96	0.98	0.98
5350	1.0	1.0	0.96	1.0	0.98	1.0	0.98	1.0	0.96	1.0	0.96	0.98	1.0	0.96	0.98	0.98
5400	1.0	1.0	0.96	1.0	1.0	1.0	0.98	1.0	0.94	1.0	0.96	1.0	1.0	0.96	0.98	0.98
5450	1.0	1.0	0.98	1.0	0.98	1.0	0.98	1.0	0.94	1.0	0.96	1.0	1.0	0.98	0.98	0.98
5500	1.0	1.0	0.98	1.0	0.96	1.0	0.98	1.0	0.92	1.0	0.96	1.0	1.0	0.98	0.98	0.98
5550	1.0	1.0	0.96	1.0	0.96	1.0	0.98	1.0	0.92	1.0	0.96	1.0	1.0	0.98	0.98	0.98
5600	1.0	1.0	0.96	1.0	0.96	1.0	0.98	1.0	0.92	1.0	0.98	1.0	1.0	0.98	0.98	0.98
5650	1.0	1.0	0.96	1.0	0.96	1.0	0.98	1.0	0.94	1.0	0.98	1.0	1.0	0.98	0.98	0.98
5700	1.0	1.0	0.96	1.0	0.96	1.0	0.98	1.0	0.94	1.0	0.98	1.0	1.0	0.96	1.0	0.98
5750	0.98	1.0	0.94	1.0	0.96	1.0	0.98	1.0	0.94	0.98	0.98	1.0	1.0	0.96	1.0	0.98
5800	0.98	1.0	0.94	1.0	0.96	1.0	1.0	1.0	0.94	0.98	0.98	1.0	1.0	0.96	1.0	0.98
5850	0.98	1.0	0.94	1.0	0.96	1.0	1.0	1.0	0.94	0.98	0.96	0.98	1.0	0.96	1.0	0.98
5900	0.98	0.98	0.96	1.0	0.96	1.0	1.0	1.0	0.92	0.98	0.96	0.98	1.0	0.96	1.0	0.98
5950	0.98	0.98	0.94	1.0	0.96	1.0	1.0	1.0	0.96	0.98	0.96	0.98	0.98	0.94	0.98	0.98
6000	0.98	0.98	0.94	1.0	0.96	1.0	1.0	1.0	0.94	0.98	0.94	0.98	0.98	0.94	0.98	0.98
6050	0.98	0.98	0.94	1.0	0.96	1.0	1.0	1.0	0.94	0.98	0.94	0.98	0.98	0.92	0.98	0.98
6100	0.98	0.98	0.94	1.0	0.96	1.0	1.0	1.0	0.96	0.98	0.94	0.98	0.98	0.92	0.98	0.98
6150	0.96	0.98	0.92	1.0	1.0	1.0	0.98	1.0	0.94	0.98	0.94	0.98	0.96	0.92	0.98	0.96
6200	0.94	0.98	0.92	1.0	1.0	1.0	0.98	0.98	0.94	0.98	0.92	0.98	0.96	0.92	0.98	0.96
6250	0.94	0.98	0.9	1.0	1.0	1.0	0.98	0.98	0.94	0.98	0.92	0.98	0.96	0.92	0.98	0.96
6300	0.94	0.98	0.9	1.0	1.0	1.0	0.98	0.98	0.94	0.98	0.92	0.98	0.96	0.92	0.98	0.96
6350	0.94	0.98	0.9	1.0	1.0	1.0	0.98	0.98	0.94	0.98	0.92	0.98	0.96	0.9	0.98	0.96
6400	0.94	0.98	0.9	1.0	1.0	1.0	0.98	0.98	0.94	0.98	0.92	0.98	0.96	0.92	0.98	0.96
6450	0.96	0.98	0.9	1.0	1.0	1.0	0.98	0.98	0.94	1.0	0.94	0.98	0.96	0.92	0.98	0.96
6500	0.96	0.98	0.92	1.0	1.0	1.0	0.98	0.98	0.94	1.0	0.96	0.98	0.96	0.9	0.96	0.96
6550	0.96	0.96	0.92	1.0	1.0	1.0	0.98	0.98	0.94	1.0	0.96	0.98	0.96	0.92	0.96	0.94
6600	0.96	0.96	0.92	1.0	1.0	1.0	0.98	0.98	0.94	1.0	0.98	0.98	0.96	0.92	0.96	0.96
6650	0.96	0.98	0.92	1.0	1.0	1.0	0.98	0.98	0.94	0.98	0.96	0.98	0.96	0.92	0.96	0.96
6700	0.96	0.98	0.94	1.0	1.0	1.0	0.98	0.98	0.94	0.96	0.96	0.98	0.96	0.94	0.96	0.94
6750	0.98	0.98	0.94	1.0	1.0	1.0	0.98	0.98	0.94	0.94	0.96	0.98	0.96	0.96	0.98	0.94
6800	0.96	0.98	0.96	1.0	0.98	1.0	0.98	0.98	0.96	0.94	0.96	0.98	0.96	0.96	0.98	0.94
6850	0.98	0.98	0.96	1.0	0.98	1.0	1.0	0.98	0.96	0.94	0.98	0.98	0.94	0.96	0.98	0.94
6900	0.98	0.98	0.98	1.0	0.98	1.0	1.0	0.98	0.96	0.94	0.98	0.96	0.96	0.96	0.98	0.96
6950	0.98	0.98	1.0	1.0	0.98	1.0	1.0	1.0	0.98	0.92	0.98	0.96	0.96	0.96	0.98	0.96
7000	0.98	0.98	1.0	1.0	0.98	1.0	1.0	1.0	0.98	0.92	0.98	0.96	0.96	0.98	0.98	0.96
7050	0.98	0.98	1.0	1.0	0.98	1.0	0.98	1.0	0.98	0.92	0.98	0.96	0.96	0.98	0.98	0.96
7100	0.98	0.98	1.0	1.0	0.98	1.0	0.98	1.0	1.0	0.92	0.98	0.94	0.98	0.98	1.0	0.96
7150	0.98	0.98	1.0	1.0	0.98	1.0	0.98	1.0	1.0	0.92	0.98	0.92	0.98	1.0	1.0	0.96
7200	0.98	0.98	1.0	1.0	0.98	1.0	0.98	1.0	1.0	0.92	0.98	0.92	0.98	0.98	1.0	0.96
7250	0.98	0.98	1.0	1.0	0.98	1.0	0.98	1.0	1.0	0.92	0.98	0.92	0.98	0.98	1.0	0.98
7300	0.98	0.98	1.0	1.0	0.98	1.0	0.98	1.0	1.0	0.92	0.98	0.92	0.98	0.98	1.0	0.98
7350	0.98	0.98	1.0	1.0	0.98	1.0	0.98	1.0	1.0	0.92	1.0	0.94	0.98	0.98	1.0	0.98
7400	0.98	1.0	1.0	1.0	0.98	1.0	0.98	1.0	1.0	0.92	1.0	0.94	1.0	0.98	1.0	0.98
7450	0.98	1.0	1.0	1.0	0.98	1.0	0.98	1.0	1.0	0.94	1.0	0.94	1.0	0.98	1.0	0.98
7500	0.98	1.0	1.0	1.0	0.98	1.0	0.98	1.0	1.0	0.94	1.0	0.94	1.0	0.96	1.0	1.0
7550	0.98	1.0	1.0	1.0	0.98	1.0	0.98	0.98	1.0	0.96	1.0	0.96	1.0	0.96	1.0	1.0
7600	1.0	0.98	0.98	1.0	1.0	1.0	0.98	0.98	1.0	0.98	1.0	0.96	1.0	0.96	1.0	1.0
7650	1.0	0.98	0.98	1.0	1.0	1.0	0.98	0.98	1.0	0.98	1.0	0.96	1.0	0.96	1.0	1.0
7700	1.0	0.98	0.98	1.0	1.0	1.0	1.0	0.98	1.0	0.98	1.0	0.94	1.0	0.94	1.0	1.0
7750	1.0	0.98	0.98	1.0	1.0	1.0	1.0	0.98	1.0	0.98	1.0	0.94	1.0	0.92	1.0	1.0
7800	0.98	0.98	0.98	1.0	1.0	1.0	1.0	0.98	1.0	0.98	1.0	0.94	1.0	0.92	1.0	1.0
7850	0.98	0.98	0.98	1.0	1.0	0.98	1.0	0.98	1.0	1.0	1.0	0.94	1.0	0.92	1.0	1.0
7900	0.98	0.98	0.98	1.0	1.0	0.98	1.0	0.98	1.0	1.0	1.0	0.94	1.0	0.92	1.0	1.0
7950	0.98	0.98	0.98	1.0	1.0	0.96	1.0	0.98	1.0	1.0	1.0	0.94	1.0	0.92	1.0	1.0
8000	0.98	0.98	0.98	1.0	1.0	0.96	1.0	0.96	1.0	1.0	1.0	0.94	1.0	0.92	1.0	1.0
8050	0.98	0.98	0.98	1.0	1.0	0.96	1.0	0.96	1.0	1.0	1.0	0.94	1.0	0.92	1.0	1.0
8100	0.98	0.98	0.98	1.0	1.0	0.96	1.0	0.96	1.0	1.0	1.0	0.94	1.0	0.92	1.0	1.0
8150	0.98	0.96	0.98	1.0	0.98	0.96	1.0	0.94	1.0	1.0	0.98	0.94	1.0	0.92	1.0	1.0
8200	0.98	0.96	0.98	1.0	0.98	0.96	1.0	0.94	1.0	1.0	0.98	0.94	1.0	0.92	1.0	1.0
8250	0.98	0.96	0.98	1.0	0.98	0.96	1.0	0.96	1.0	1.0	0.98	0.94	1.0	0.92	1.0	1.0
8300	0.98	0.96	0.98	1.0	0.98	0.96	1.0	0.96	1.0	1.0	0.98	0.94	1.0	0.92	1.0	1.0
8350	0.96	0.98	0.98	1.0	0.98	0.96	1.0	0.96	0.98	1.0	0.98	0.96	1.0	0.92	1.0	0.98
8400	0.96	0.96	0.98	1.0	0.98	0.96	1.0	0.96	0.98	1.0	0.98	0.96	1.0	0.92	1.0	0.98
8450	0.96	0.96	1.0	1.0	0.98	0.96	1.0	0.96	0.98	1.0	0.98	0.98	1.0	0.92	1.0	0.98
8500	0.96	0.96	1.0	1.0	0.98	0.94	1.0	0.96	0.98	1.0	0.98	0.98	1.0	0.92	1.0	0.98
8550	0.96	0.96	1.0	1.0	0.98	0.94	1.0	0.96	0.98	1.0	0.98	1.0	1.0	0.94	1.0	0.98
8600	0.92	0.96	1.0	1.0	0.98	0.94	1.0	0.96	0.98	1.0	0.98	1.0	1.0	0.96	1.0	0.98
8650	0.92	0.96	1.0	1.0	0.98	0.96	1.0	0.96	0.98	1.0	0.98	1.0	1.0	0.94	1.0	0.96
8700	0.92	0.96	0.98	1.0	0.98	0.98	1.0	0.98	0.98	1.0	0.98	1.0	1.0	0.94	1.0	0.96
8750	0.92	0.96	0.98	1.0	0.98	0.98	1.0	0.98	0.98	1.0	1.0	1.0	0.98	0.94	1.0	0.96
8800	0.92	0.96	0.98	1.0	0.98	0.98	1.0	0.98	0.98	1.0	1.0	1.0	0.98	0.94	1.0	0.96
8850	0.92	0.96	0.98	1.0	0.98	0.98	1.0	0.98	0.98	1.0	1.0	1.0	0.98	0.96	1.0	0.96
8900	0.92	0.94	0.98	1.0	0.98	0.98	1.0	1.0	0.98	1.0	1.0	1.0	0.98	0.96	1.0	0.96
8950	0.94	0.96	0.98	1.0	0.98	0.98	1.0	1.0	0.98	1.0	1.0	1.0	0.98	0.96	1.0	0.96
9000	0.94	0.96	0.98	1.0	1.0	0.98	1.0	1.0	0.98	0.98	0.98	1.0	0.98	0.98	1.0	0.96
9050	0.94	0.96	0.98	1.0	1.0	0.98	1.0	1.0	0.98	0.98	0.98	1.0	0.98	0.98	1.0	0.96
9100	0.94	0.96	0.98	1.0	1.0	0.98	1.0	1.0	0.98	0.98	0.98	1.0	0.98	0.98	1.0	0.98
9150	0.94	0.96	0.98	1.0	1.0	0.98	1.0	1.0	1.0	0.98	0.96	1.0	0.98	0.98	1.0	0.98
9200	0.98	0.96	0.96	1.0	0.98	0.98	1.0	1.0	1.0	0.98	0.96	1.0	0.98	0.98	1.0	0.98
9250	1.0	0.96	0.96	1.0	0.98	1.0	1.0	1.0	1.0	0.98	0.96	0.98	0.98	0.98	1.0	0.98
9300	1.0	0.98	0.96	1.0	0.96	1.0	1.0	0.98	1.0	0.98	0.96	0.98	0.98	0.98	1.0	0.98
9350	1.0	0.98	0.96	1.0	0.96	1.0	1.0	0.98	1.0	0.98	0.96	0.98	0.98	0.98	1.0	0.98
9400	1.0	0.98	0.96	1.0	0.96	1.0	1.0	0.98	1.0	0.98	0.96	0.98	1.0	0.98	1.0	1.0
9450	1.0	0.96	0.96	1.0	0.96	1.0	1.0	0.98	1.0	0.96	0.96	0.98	0.98	1.0	1.0	1.0
9500	1.0	0.96	0.98	0.98	0.96	1.0	1.0	0.98	1.0	0.96	0.96	0.98	0.98	1.0	1.0	1.0
9550	1.0	0.96	0.96	0.98	0.96	1.0	1.0	0.96	1.0	0.96	0.96	0.98	0.98	1.0	1.0	1.0
9600	1.0	0.96	0.96	0.98	0.96	1.0	1.0	0.96	1.0	0.98	0.96	0.98	0.98	0.98	1.0	1.0
9650	1.0	0.96	0.96	0.98	0.96	1.0	1.0	0.96	1.0	0.98	0.96	0.98	0.98	0.96	1.0	1.0
9700	1.0	0.96	0.96	0.98	0.96	1.0	1.0	0.96	1.0	0.98	0.96	0.98	0.98	0.96	1.0	1.0
9750	1.0	0.96	0.96	0.98	0.96	1.0	1.0	0.96	0.98	0.98	0.96	0.98	0.98	0.96	1.0	1.0
9800	1.0	0.94	0.96	0.98	0.96	1.0	1.0	0.96	0.98	0.98	0.96	0.98	0.98	0.96	1.0	1.0
9850	1.0	0.94	0.96	0.98	0.96	1.0	1.0	0.96	0.98	0.98	0.98	0.98	0.98	0.94	1.0	1.0
9900	1.0	0.94	0.96	0.98	0.94	1.0	1.0	0.98	0.98	0.98	0.98	0.98	0.98	0.94	1.0	1.0
9950	0.98	0.94	0.96	0.98	0.96	1.0	1.0	0.98	0.98	0.98	0.98	0.98	0.98	0.94	1.0	1.0
10000	0.98	0.96	0.96	0.98	0.96	1.0	1.0	0.98	0.98	0.98	0.98	0.98	0.96	0.94	1.0	1.0
10050	0.98	0.96	0.98	0.98	0.96	1.0	1.0	0.98	0.98	1.0	0.98	0.98	0.96	0.94	1.0	1.0
10100	0.98	0.96	0.98	0.98	0.96	1.0	1.0	0.98	0.96	1.0	0.98	1.0	0.96	0.94	1.0	1.0
10150	0.98	0.96	0.98	0.98	0.98	1.0	1.0	0.98	0.96	1.0	0.98	1.0	0.96	0.94	1.0	0.98
10200	0.98	0.96	0.98	0.98	0.98	1.0	1.0	0.98	0.96	1.0	0.98	1.0	0.96	0.94	1.0	0.98
10250	0.98	0.96	0.98	0.98	0.98	1.0	1.0	0.98	0.96	1.0	0.98	1.0	0.96	0.94	1.0	0.98
10300	0.98	0.96	0.96	1.0	0.96	1.0	1.0	1.0	0.96	1.0	0.98	1.0	0.96	0.94	1.0	0.98
10350	0.98	0.96	0.96	1.0	0.96	1.0	1.0	1.0	0.98	1.0	0.98	1.0	0.96	0.96	1.0	0.98
10400	0.98	0.98	0.96	1.0	0.96	1.0	1.0	1.0	0.98	1.0	0.98	1.0	0.96	0.98	1.0	0.98
10450	0.98	0.98	0.98	1.0	0.96	0.98	1.0	1.0	0.98	1.0	0.98	1.0	0.96	0.98	1.0	0.98
10500	0.98	0.98	0.98	1.0	0.96	0.98	1.0	1.0	0.98	1.0	0.98	1.0	0.96	0.98	0.98	0.98
10550	1.0	0.98	0.98	1.0	0.96	0.98	1.0	1.0	0.98	1.0	0.96	1.0	0.96	0.98	0.98	0.98
10600	0.98	1.0	0.98	1.0	0.96	0.98	1.0	1.0	0.98	1.0	0.96	1.0	0.96	0.98	0.98	0.98
10650	0.98	1.0	0.98	1.0	0.96	0.98	1.0	1.0	1.0	1.0	0.96	1.0	0.98	0.96	0.98	0.98
10700	0.98	1.0	0.98	1.0	0.96	0.98	1.0	1.0	1.0	1.0	0.96	1.0	0.98	0.98	0.98	0.98
10750	0.98	1.0	0.96	1.0	0.96	0.98	1.0	1.0	1.0	1.0	0.96	1.0	0.98	0.98	0.98	0.98
10800	0.98	1.0	0.96	1.0	0.98	0.98	1.0	1.0	1.0	1.0	0.96	1.0	0.98	0.98	0.98	0.98
10850	0.98	1.0	0.96	1.0	0.98	0.98	1.0	1.0	1.0	1.0	0.96	1.0	1.0	0.98	0.98	0.98
10900	0.98	0.98	0.94	1.0	0.98	0.98	1.0	1.0	1.0	1.0	0.96	1.0	1.0	0.98	0.98	1.0
10950	0.98	0.98	0.94	1.0	0.96	0.98	1.0	1.0	1.0	1.0	0.96	0.98	1.0	0.98	0.98	1.0
11000	0.98	0.98	0.94	1.0	0.96	0.98	1.0	1.0	1.0	1.0	0.98	0.98	1.0	0.98	0.98	1.0
11050	0.98	0.98	0.96	1.0	0.96	0.98	1.0	1.0	1.0	1.0	0.98	0.98	1.0	0.98	0.98	1.0
11100	0.98	0.98	0.96	1.0	0.96	0.98	0.98	1.0	1.0	1.0	0.98	0.98	1.0	0.98	0.98	0.98
11150	0.98	0.98	0.96	1.0	0.98	0.98	0.98	1.0	1.0	1.0	0.98	0.98	1.0	0.98	0.98	0.98
11200	0.98	0.98	0.96	1.0	0.98	0.98	0.98	1.0	1.0	1.0	0.98	0.98	0.98	0.98	0.98	0.98
11250	0.98	0.96	0.94	1.0	0.98	1.0	0.98	1.0	1.0	1.0	0.98	0.98	0.98	0.98	0.98	0.98
11300	0.98	0.96	0.94	1.0	0.98	1.0	0.98	1.0	1.0	1.0	0.98	0.98	0.98	0.98	0.98	0.98
11350	0.98	0.96	0.94	1.0	0.98	1.0	0.98	1.0	1.0	1.0	0.98	0.96	0.98	0.98	1.0	0.98
11400	1.0	0.96	0.96	1.0	0.96	1.0	0.98	1.0	1.0	1.0	0.98	0.96	0.98	0.96	1.0	0.98
11450	1.0	0.96	0.96	1.0	0.96	1.0	0.98	1.0	1.0	1.0	0.98	0.96	0.98	0.96	1.0	0.98
11500	1.0	0.94	0.96	1.0	0.96	1.0	0.98	1.0	1.0	1.0	0.98	0.96	0.98	0.96	1.0	0.98
11550	1.0	0.94	0.96	1.0	0.96	1.0	0.98	1.0	1.0	1.0	0.98	0.96	0.98	0.98	1.0	0.98
11600	1.0	0.94	0.98	1.0	0.96	1.0	0.98	0.98	1.0	1.0	0.98	0.96	0.98	0.98	1.0	0.98
11650	1.0	0.94	0.98	1.0	0.96	1.0	0.98	0.96	1.0	1.0	0.98	0.96	0.98	0.98	1.0	0.98
11700	1.0	0.94	0.98	1.0	0.96	1.0	0.98	0.94	1.0	1.0	0.98	0.96	0.98	0.98	1.0	0.98
11750	1.0	0.94	0.98	1.0	0.96	1.0	0.98	0.94	1.0	1.0	0.96	0.98	0.96	0.98	1.0	0.98
11800	1.0	0.94	0.98	1.0	0.96	1.0	0.98	0.94	1.0	1.0	0.92	0.98	0.96	0.98	1.0	0.98
11850	1.0	0.96	0.98	1.0	0.96	1.0	1.0	0.94	1.0	0.98	0.92	0.98	0.94	0.98	1.0	0.98
11900	1.0	0.96	0.98	1.0	0.96	1.0	1.0	0.94	1.0	0.98	0.92	0.98	0.94	0.98	1.0	0.98
11950	1.0	0.96	1.0	1.0	0.96	1.0	1.0	0.94	1.0	0.98	0.92	0.98	0.94	0.98	1.0	1.0
12000	1.0	0.96	1.0	1.0	0.96	1.0	1.0	0.92	1.0	0.98	0.9	0.98	0.96	0.98	1.0	1.0
12050	1.0	0.96	1.0	1.0	0.98	1.0	1.0	0.92	1.0	0.98	0.9	0.98	0.96	0.98	1.0	1.0
12100	1.0	0.96	1.0	1.0	0.98	1.0	1.0	0.92	1.0	0.98	0.9	0.98	0.96	0.98	1.0	1.0
12150	1.0	0.98	1.0	1.0	0.98	1.0	1.0	0.92	1.0	0.98	0.88	0.98	0.96	0.98	1.0	1.0
12200	1.0	0.98	1.0	1.0	0.98	1.0	1.0	0.92	1.0	0.98	0.88	1.0	0.96	0.98	1.0	1.0
12250	1.0	0.98	0.98	1.0	0.98	1.0	1.0	0.92	1.0	0.98	0.88	1.0	0.96	0.98	1.0	1.0
12300	1.0	1.0	0.98	1.0	0.98	1.0	1.0	0.92	1.0	0.98	0.88	1.0	0.96	1.0	1.0	1.0
12350	1.0	1.0	0.98	1.0	0.98	0.98	1.0	0.94	0.98	0.98	0.86	1.0	0.96	1.0	1.0	0.98
12400	1.0	1.0	0.98	1.0	0.98	0.98	1.0	0.94	0.98	0.98	0.88	1.0	0.96	1.0	1.0	0.98
12450	1.0	1.0	0.98	1.0	0.98	0.98	1.0	0.94	0.98	0.98	0.88	1.0	0.96	1.0	1.0	0.98
12500	1.0	1.0	0.98	1.0	0.98	0.98	1.0	0.96	0.98	0.98	0.92	1.0	0.98	1.0	1.0	0.98
12550	1.0	1.0	0.96	1.0	0.98	0.98	1.0	0.98	0.98	0.98	0.92	1.0	0.98	1.0	1.0	0.98
12600	1.0	1.0	0.96	1.0	1.0	0.98	1.0	0.98	0.98	0.98	0.9	1.0	0.98	1.0	1.0	0.98
12650	1.0	1.0	0.96	1.0	1.0	0.98	1.0	0.98	0.98	0.98	0.94	1.0	0.98	1.0	1.0	0.96
12700	1.0	1.0	0.96	1.0	1.0	0.98	1.0	0.96	0.98	0.98	0.94	1.0	0.98	1.0	1.0	0.96
12750	1.0	1.0	0.94	1.0	1.0	0.98	1.0	0.96	0.98	0.98	0.94	1.0	1.0	1.0	1.0	0.96
12800	1.0	1.0	0.94	1.0	1.0	0.98	1.0	0.98	0.98	0.98	0.94	1.0	1.0	1.0	1.0	0.96
12850	1.0	1.0	0.94	1.0	1.0	0.98	0.98	0.98	0.98	0.98	0.94	1.0	1.0	1.0	1.0	0.96
12900	1.0	0.98	0.94	1.0	1.0	0.98	0.98	0.98	0.98	0.98	0.96	1.0	1.0	1.0	1.0	0.96
12950	1.0	0.98	0.94	1.0	0.98	0.98	0.98	0.98	0.98	0.98	0.96	1.0	1.0	1.0	1.0	0.96
13000	1.0	0.98	0.94	1.0	0.98	1.0	0.98	0.98	0.96	1.0	0.96	1.0	1.0	1.0	1.0	0.96
13050	1.0	0.98	0.94	1.0	0.98	1.0	0.98	0.98	0.96	1.0	0.96	1.0	1.0	1.0	1.0	0.96
13100	1.0	0.98	0.94	1.0	0.98	1.0	0.98	0.98	0.96	1.0	0.96	1.0	1.0	1.0	0.98	0.98
13150	0.98	0.98	0.94	1.0	0.98	1.0	0.98	0.98	0.98	1.0	0.98	1.0	1.0	1.0	0.98	0.98
13200	0.98	0.96	0.94	1.0	0.98	1.0	0.98	0.98	0.98	1.0	0.98	1.0	1.0	1.0	0.98	0.98
13250	0.98	0.96	0.94	1.0	0.98	1.0	0.98	0.98	0.98	1.0	0.98	1.0	1.0	1.0	0.98	0.98
13300	0.98	0.96	0.92	1.0	0.98	1.0	0.98	0.98	0.98	1.0	0.98	1.0	1.0	1.0	0.98	0.98
13350	0.98	0.96	0.9	1.0	0.98	1.0	0.98	0.98	0.98	1.0	0.96	1.0	1.0	1.0	0.98	0.98
13400	0.98	0.96	0.9	1.0	0.96	1.0	0.98	1.0	0.98	1.0	0.96	1.0	1.0	1.0	0.98	1.0
13450	0.98	0.96	0.9	1.0	0.96	1.0	0.98	1.0	0.98	1.0	0.96	1.0	1.0	1.0	0.98	1.0
13500	0.98	0.96	0.9	1.0	0.96	1.0	0.98	1.0	0.98	1.0	0.98	1.0	1.0	1.0	0.98	1.0
13550	0.98	0.96	0.88	1.0	0.96	1.0	0.96	1.0	0.98	1.0	0.98	1.0	1.0	1.0	0.98	1.0
13600	0.98	0.96	0.9	1.0	0.96	1.0	0.98	1.0	0.98	1.0	0.98	1.0	1.0	1.0	0.98	0.98
13650	0.98	0.98	0.9	0.98	0.96	1.0	0.98	1.0	0.98	1.0	0.98	1.0	1.0	1.0	0.98	0.96
13700	0.98	0.98	0.92	0.98	0.96	1.0	0.98	1.0	0.98	1.0	0.98	1.0	0.98	0.98	0.98	0.96
13750	0.98	0.98	0.92	0.98	0.96	1.0	0.98	1.0	0.98	1.0	0.98	1.0	0.98	0.98	0.98	0.96
13800	0.98	0.98	0.92	0.98	0.98	1.0	0.98	0.98	0.98	1.0	0.96	1.0	0.98	0.98	0.98	0.96
13850	0.98	0.98	0.94	0.98	0.98	1.0	0.98	0.98	1.0	1.0	0.96	1.0	0.98	0.98	0.94	0.96
13900	0.98	0.98	0.94	0.98	0.98	1.0	0.98	0.98	1.0	1.0	0.96	1.0	0.96	0.96	0.94	0.96
13950	0.98	1.0	0.92	0.98	0.98	1.0	0.96	0.98	1.0	1.0	0.94	1.0	0.96	0.96	0.96	0.96
14000	1.0	1.0	0.92	0.98	0.98	1.0	0.96	0.96	1.0	1.0	0.94	1.0	0.96	0.96	0.96	0.96
14050	1.0	1.0	0.92	0.98	0.98	1.0	0.96	0.96	1.0	1.0	0.94	1.0	0.96	0.94	0.94	0.96
14100	1.0	1.0	0.92	0.98	0.98	1.0	0.96	0.96	1.0	1.0	0.94	0.98	0.96	0.94	0.94	0.96
14150	1.0	1.0	0.94	0.98	0.98	1.0	0.94	0.96	1.0	1.0	0.94	0.98	0.96	0.94	0.94	0.96
14200	1.0	1.0	0.94	0.98	0.98	1.0	0.94	0.96	1.0	1.0	0.94	0.98	0.96	0.92	0.94	0.96
14250	1.0	1.0	0.94	0.98	1.0	1.0	0.94	0.96	1.0	1.0	0.94	0.98	0.96	0.92	0.94	0.96
14300	1.0	1.0	0.94	0.98	1.0	1.0	0.94	0.96	1.0	1.0	0.94	0.98	0.96	0.9	0.94	0.96
14350	1.0	1.0	0.96	0.98	1.0	1.0	0.96	0.96	1.0	1.0	0.96	0.98	0.96	0.88	0.94	0.96
14400	1.0	1.0	0.96	0.98	1.0	1.0	0.96	0.96	1.0	1.0	0.96	0.98	0.96	0.88	0.9	0.96
14450	1.0	1.0	0.96	0.98	1.0	1.0	0.96	0.96	1.0	1.0	0.94	0.98	0.96	0.88	0.9	0.96
14500	1.0	1.0	0.94	0.98	1.0	1.0	0.96	0.94	1.0	0.96	0.92	0.98	0.98	0.9	0.9	0.96
14550	1.0	1.0	0.92	0.98	1.0	1.0	0.96	0.94	0.98	0.96	0.92	0.98	0.98	0.9	0.94	0.96
14600	1.0	1.0	0.9	0.98	1.0	1.0	0.96	0.94	0.98	0.96	0.92	0.98	0.98	0.9	0.94	0.96
14650	1.0	1.0	0.9	1.0	1.0	1.0	0.96	0.94	0.98	0.96	0.9	0.98	0.98	0.9	0.94	0.96
14700	1.0	1.0	0.9	1.0	1.0	1.0	0.96	0.94	0.98	0.96	0.94	0.98	1.0	0.92	0.94	0.96
14750	1.0	1.0	0.92	1.0	1.0	1.0	0.98	0.94	0.98	0.96	0.94	0.98	1.0	0.92	0.94	1.0
14800	1.0	1.0	0.94	1.0	1.0	1.0	0.98	0.94	0.98	0.94	0.92	0.98	1.0	0.92	0.94	1.0
14850	1.0	1.0	0.94	1.0	1.0	1.0	0.98	0.96	0.96	0.94	0.92	0.98	1.0	0.94	0.94	1.0
14900	1.0	1.0	0.94	1.0	1.0	1.0	0.98	0.96	0.96	0.94	0.92	0.98	1.0	0.94	0.94	1.0
14950	1.0	1.0	0.94	1.0	1.0	1.0	1.0	0.96	0.96	0.94	0.92	0.98	1.0	0.94	0.94	1.0
15000	1.0	1.0	0.94	1.0	1.0	1.0	1.0	0.96	0.94	0.94	0.92	1.0	1.0	0.96	0.94	1.0
15050	1.0	1.0	0.94	1.0	1.0	1.0	1.0	0.98	0.94	0.94	0.92	1.0	1.0	0.96	0.94	1.0
15100	1.0	1.0	0.94	1.0	1.0	1.0	1.0	0.96	0.94	0.98	0.92	1.0	1.0	0.96	0.94	1.0
15150	1.0	1.0	0.92	1.0	1.0	1.0	1.0	0.96	0.94	0.98	0.94	1.0	1.0	0.96	0.94	1.0
15200	1.0	1.0	0.96	1.0	1.0	1.0	1.0	0.96	0.94	0.98	0.96	1.0	1.0	1.0	0.94	1.0
15250	1.0	1.0	0.96	1.0	1.0	1.0	1.0	0.96	0.94	0.98	0.94	1.0	1.0	1.0	0.94	1.0
15300	1.0	1.0	0.98	1.0	1.0	0.98	1.0	0.96	0.94	0.98	0.94	1.0	1.0	1.0	0.96	1.0
15350	1.0	1.0	0.98	1.0	1.0	0.98	1.0	0.96	0.92	0.98	0.94	1.0	1.0	1.0	0.98	1.0
15400	1.0	1.0	0.98	1.0	1.0	0.98	1.0	0.96	0.92	0.98	0.96	1.0	1.0	1.0	0.98	1.0
15450	1.0	1.0	0.98	0.98	1.0	0.98	0.98	0.96	0.94	1.0	0.96	1.0	1.0	0.98	0.96	1.0
15500	1.0	1.0	0.96	0.98	1.0	0.98	0.98	0.98	0.96	0.98	0.96	1.0	1.0	0.98	0.96	1.0
15550	1.0	1.0	0.96	0.98	1.0	0.98	0.98	0.98	0.96	0.98	0.96	1.0	0.98	0.98	0.96	1.0
15600	0.98	1.0	0.94	0.98	1.0	0.98	0.98	0.98	0.96	0.98	0.98	1.0	0.98	0.98	0.96	1.0
15650	0.98	1.0	0.94	0.98	1.0	0.98	0.96	0.98	0.96	0.96	0.98	1.0	0.98	0.98	0.96	1.0
15700	0.98	1.0	0.94	0.98	0.98	0.98	0.96	0.96	0.98	0.96	0.98	1.0	0.98	0.98	0.96	1.0
15750	0.96	1.0	0.94	0.98	0.98	0.98	0.96	0.96	0.98	0.96	0.98	1.0	0.96	0.98	0.96	1.0
15800	0.96	1.0	0.94	0.96	0.98	0.98	0.96	0.96	0.98	0.96	0.98	1.0	0.94	0.98	0.96	1.0
15850	0.96	1.0	0.92	0.96	0.98	0.98	0.96	0.94	0.98	0.96	0.98	1.0	0.94	0.98	0.96	1.0
15900	0.96	1.0	0.9	0.96	0.98	0.98	0.96	0.94	0.98	0.96	0.98	1.0	0.94	0.98	0.96	1.0
15950	0.96	1.0	0.9	0.96	0.98	0.98	0.96	0.94	0.98	0.96	0.98	1.0	0.94	0.98	0.96	1.0
16000	0.96	1.0	0.9	0.96	0.98	0.98	0.96	0.94	0.98	0.96	0.98	1.0	0.92	0.98	0.96	1.0
16050	0.96	1.0	0.9	0.96	0.98	0.98	0.96	0.96	1.0	0.96	0.98	1.0	0.92	0.96	0.96	1.0
16100	0.96	1.0	0.9	0.96	0.98	0.96	0.96	0.96	1.0	0.96	0.98	1.0	0.92	0.94	0.96	1.0
16150	0.96	1.0	0.9	0.96	0.98	0.98	0.96	0.96	1.0	0.96	0.98	1.0	0.9	0.94	0.96	1.0
16200	0.96	1.0	0.9	0.96	0.98	0.98	0.96	0.96	0.98	0.96	0.98	1.0	0.9	0.94	0.98	0.98
16250	0.96	1.0	0.92	0.96	0.98	0.98	0.98	0.96	0.98	0.96	1.0	1.0	0.92	0.96	0.98	0.98
16300	0.96	1.0	0.92	0.96	1.0	0.96	0.98	0.96	0.96	0.98	1.0	1.0	0.92	0.96	0.98	0.98
16350	0.96	1.0	0.92	0.96	1.0	0.96	1.0	0.96	0.96	0.98	1.0	1.0	0.92	0.96	0.98	0.98
16400	0.96	1.0	0.92	0.96	1.0	0.96	1.0	0.96	0.96	0.98	1.0	1.0	0.9	0.96	0.98	0.98
16450	0.96	1.0	0.94	0.96	1.0	0.96	1.0	0.96	0.96	1.0	1.0	1.0	0.92	0.94	0.98	0.98
16500	0.96	1.0	0.94	0.94	1.0	0.96	1.0	0.96	0.96	1.0	1.0	1.0	0.94	0.94	0.98	0.98
16550	0.98	1.0	0.96	0.96	1.0	0.96	0.98	0.92	0.96	1.0	1.0	1.0	0.94	0.92	1.0	0.98
16600	0.98	1.0	0.96	0.96	1.0	0.96	0.98	0.92	0.96	1.0	1.0	1.0	0.94	0.92	1.0	0.98
16650	0.98	1.0	0.96	0.96	1.0	0.96	0.98	0.92	0.96	1.0	1.0	1.0	0.94	0.92	1.0	0.98
16700	1.0	1.0	0.96	0.96	1.0	0.96	0.98	0.94	0.96	1.0	1.0	1.0	0.94	0.92	1.0	0.98
16750	1.0	1.0	0.98	0.94	1.0	0.96	0.96	0.94	0.96	1.0	1.0	1.0	0.94	0.92	0.98	0.98
16800	1.0	1.0	0.96	0.94	1.0	0.96	0.96	0.96	0.96	1.0	0.98	1.0	0.94	0.92	0.98	0.98
16850	1.0	1.0	0.96	0.94	1.0	0.98	0.96	0.96	0.96	1.0	0.98	1.0	0.94	0.92	0.96	0.98
16900	1.0	1.0	0.96	0.94	1.0	0.96	0.96	0.96	0.96	1.0	0.96	1.0	0.96	0.96	0.96	0.98
16950	1.0	1.0	0.96	0.92	1.0	0.96	0.96	0.96	0.96	1.0	0.94	1.0	0.96	0.96	0.96	0.98
17000	1.0	1.0	0.96	0.92	0.98	0.98	0.96	0.96	0.96	1.0	0.94	1.0	0.96	0.96	0.96	1.0
17050	1.0	1.0	0.96	0.94	0.98	0.98	0.96	0.96	0.96	1.0	0.94	0.98	0.98	0.96	0.96	1.0
17100	1.0	1.0	0.96	0.94	0.98	0.98	0.96	0.96	0.98	1.0	0.94	0.98	0.98	0.96	0.96	1.0
17150	1.0	1.0	0.96	0.94	0.98	0.98	0.96	0.96	0.98	0.98	0.94	0.98	0.98	0.98	0.96	1.0
17200	1.0	1.0	0.96	0.94	0.98	0.98	0.96	0.96	0.98	0.98	0.94	0.98	0.98	0.98	0.96	1.0
17250	1.0	1.0	0.96	0.94	0.98	0.98	0.96	1.0	1.0	0.98	0.94	0.98	0.98	1.0	0.94	1.0
17300	1.0	1.0	0.96	0.94	0.98	0.98	0.98	1.0	1.0	0.96	0.94	0.98	1.0	0.98	0.94	0.98
17350	1.0	1.0	0.96	0.96	0.98	0.98	0.98	1.0	1.0	0.94	0.94	0.98	1.0	0.98	0.94	0.98
17400	1.0	1.0	0.96	0.96	0.98	0.98	0.98	1.0	1.0	0.94	0.94	0.98	1.0	0.98	0.94	0.98
17450	1.0	1.0	0.96	0.96	0.98	0.98	1.0	1.0	1.0	0.94	0.94	0.98	1.0	0.98	0.94	0.98
17500	1.0	1.0	0.98	0.98	0.98	0.98	1.0	1.0	1.0	0.94	0.94	0.98	1.0	0.96	0.96	0.98
17550	0.98	1.0	0.98	0.98	0.98	0.98	1.0	1.0	1.0	0.92	0.94	0.98	0.98	0.96	0.94	0.98
17600	0.96	1.0	0.96	0.98	0.98	0.98	1.0	1.0	1.0	0.92	0.94	0.98	0.98	0.96	0.94	0.98
17650	0.94	1.0	0.98	0.98	0.98	0.98	1.0	1.0	1.0	0.92	0.94	0.98	0.98	0.96	0.96	0.98
17700	0.94	1.0	0.98	0.98	1.0	0.98	1.0	1.0	1.0	0.92	0.96	0.98	0.98	0.96	0.96	0.98
17750	0.94	1.0	0.98	0.98	0.98	1.0	1.0	1.0	1.0	0.92	0.96	0.98	0.98	0.92	0.96	0.98
17800	0.92	1.0	0.98	0.98	0.96	1.0	1.0	1.0	1.0	0.92	0.98	1.0	0.96	0.92	0.96	0.98
17850	0.9	1.0	0.98	0.98	0.96	1.0	1.0	1.0	0.98	0.92	1.0	1.0	0.96	0.92	0.94	0.96
17900	0.9	1.0	0.98	0.98	0.96	1.0	1.0	1.0	0.98	0.94	1.0	1.0	0.96	0.9	0.94	0.96
17950	0.86	1.0	0.98	0.98	0.96	1.0	1.0	0.98	0.98	0.94	1.0	1.0	0.96	0.9	0.96	0.96
18000	0.84	1.0	0.98	1.0	0.96	1.0	1.0	0.98	0.98	0.94	1.0	1.0	0.96	0.92	0.96	0.96
18050	0.84	1.0	0.96	1.0	0.96	1.0	1.0	0.98	0.98	0.94	0.98	1.0	0.96	0.92	0.96	0.96
18100	0.84	1.0	0.96	1.0	0.96	1.0	1.0	0.98	0.98	0.96	0.98	1.0	0.96	0.92	0.96	0.94
18150	0.84	1.0	0.94	1.0	0.96	0.98	1.0	0.98	0.98	0.98	0.98	1.0	0.96	0.9	0.96	0.96
18200	0.84	1.0	0.94	1.0	0.94	0.98	1.0	0.98	0.96	0.98	0.98	1.0	0.96	0.88	0.96	0.96
18250	0.84	1.0	0.92	1.0	0.94	0.98	1.0	0.98	0.96	0.98	0.96	1.0	0.96	0.9	0.96	0.96
18300	0.84	1.0	0.92	1.0	0.94	0.98	1.0	0.98	0.96	1.0	0.96	1.0	0.96	0.9	0.92	0.96
18350	0.86	1.0	0.92	1.0	0.94	0.98	1.0	0.96	0.96	1.0	0.94	1.0	0.96	0.9	0.92	0.96
18400	0.86	1.0	0.94	1.0	0.94	0.98	1.0	0.96	0.96	1.0	0.94	1.0	0.98	0.9	0.92	0.96
18450	0.88	1.0	0.94	1.0	0.94	0.98	1.0	0.96	0.96	0.98	0.94	1.0	0.98	0.92	0.92	0.96
18500	0.92	1.0	0.94	1.0	0.94	0.98	1.0	0.96	0.96	0.98	0.94	1.0	0.98	0.92	0.94	0.96
18550	0.9	1.0	0.94	1.0	0.96	0.98	1.0	0.96	0.98	0.96	0.92	1.0	0.98	0.94	0.94	0.96
18600	0.92	1.0	0.94	1.0	0.96	0.98	1.0	0.96	0.98	0.94	0.9	0.98	1.0	0.94	0.94	0.96
18650	0.94	1.0	0.94	1.0	0.96	0.98	1.0	0.96	0.98	0.94	0.9	0.98	1.0	0.94	0.94	0.98
18700	0.94	1.0	0.94	1.0	0.98	0.98	1.0	0.98	0.98	0.94	0.9	0.98	1.0	0.94	0.94	0.98
18750	0.92	1.0	0.94	1.0	0.98	0.98	1.0	0.98	0.98	0.92	0.9	0.98	1.0	0.94	0.94	0.98
18800	0.92	1.0	0.94	1.0	0.98	0.98	1.0	0.98	0.98	0.9	0.9	0.98	1.0	0.96	0.94	1.0
18850	0.92	1.0	0.94	1.0	0.98	0.98	1.0	0.98	0.98	0.9	0.88	0.98	1.0	0.96	0.94	1.0
18900	0.92	1.0	0.96	1.0	0.98	1.0	1.0	0.98	0.98	0.88	0.88	0.98	1.0	0.96	0.94	1.0
18950	0.92	1.0	0.96	0.98	0.98	1.0	1.0	0.96	0.98	0.88	0.88	0.98	1.0	0.96	0.94	1.0
19000	0.92	1.0	0.98	0.98	0.98	1.0	1.0	0.98	0.98	0.88	0.88	0.98	1.0	0.96	0.94	1.0
19050	0.92	1.0	1.0	0.98	1.0	1.0	1.0	0.96	0.96	0.88	0.9	0.98	1.0	0.96	0.92	1.0
19100	0.92	1.0	0.98	0.98	1.0	1.0	1.0	0.96	0.98	0.86	0.92	0.98	1.0	0.96	0.96	1.0
19150	0.94	1.0	0.98	0.98	1.0	1.0	1.0	0.96	0.98	0.88	0.92	0.98	1.0	0.94	0.96	1.0
19200	0.94	1.0	0.98	0.98	1.0	1.0	1.0	0.96	0.98	0.9	0.92	0.98	0.98	0.94	0.96	1.0
19250	0.94	1.0	0.98	0.96	1.0	1.0	1.0	0.96	0.98	0.9	0.92	0.98	0.98	0.94	0.96	1.0
19300	0.94	1.0	0.98	0.96	1.0	1.0	1.0	0.96	0.98	0.92	0.92	0.98	0.98	0.94	0.96	1.0
19350	0.94	1.0	0.98	0.96	1.0	1.0	1.0	0.96	0.98	0.92	0.94	0.98	0.98	0.94	0.94	1.0
19400	0.94	1.0	0.98	0.96	1.0	1.0	1.0	0.96	0.98	0.92	0.94	0.98	0.98	0.94	0.94	1.0
19450	0.94	1.0	0.98	0.96	1.0	1.0	1.0	0.96	0.98	0.92	0.94	1.0	0.96	0.94	0.96	1.0
19500	0.96	1.0	0.94	0.96	1.0	1.0	1.0	0.96	0.98	0.9	0.94	1.0	0.96	0.94	0.96	1.0
19550	0.96	1.0	0.94	0.96	1.0	1.0	1.0	0.96	0.98	0.92	0.94	1.0	0.96	0.94	0.96	1.0
19600	0.94	1.0	0.94	0.96	1.0	1.0	1.0	0.96	0.98	0.94	0.94	1.0	0.94	0.94	0.96	1.0
19650	0.96	1.0	0.92	0.96	1.0	1.0	1.0	0.98	0.98	0.94	0.96	1.0	0.92	0.94	0.96	1.0
19700	0.94	1.0	0.92	0.98	1.0	1.0	1.0	0.98	0.98	0.94	0.96	1.0	0.92	0.92	0.96	1.0
19750	0.96	1.0	0.92	0.98	1.0	1.0	1.0	0.98	1.0	0.94	0.96	1.0	0.92	0.92	0.98	1.0
19800	0.94	1.0	0.92	0.98	1.0	1.0	1.0	0.98	1.0	0.94	0.96	1.0	0.92	0.92	0.98	1.0
19850	0.94	1.0	0.92	0.98	1.0	1.0	1.0	1.0	1.0	0.94	0.96	1.0	0.92	0.92	0.98	0.98
19900	0.94	1.0	0.94	0.98	1.0	1.0	1.0	1.0	1.0	0.96	0.96	0.98	0.92	0.94	0.98	0.98
19950	0.94	1.0	0.94	1.0	1.0	1.0	1.0	1.0	1.0	0.96	0.94	0.98	0.92	0.94	0.98	0.98
20000	0.94	1.0	0.94	1.0	1.0	1.0	1.0	1.0	1.0	0.96	0.94	0.98	0.92	0.96	0.98	0.98
