0	0.0	0.0	0.0	0.0	0.0	0.0	0.0	0.0	0.0	0.0	0.0	0.0	0.0	0.0	0.0	0.0
50	0.0	0.1	0.142857142857	0.125	0.166666666667	0.0	0.0	0.0	0.0	0.0	0.0	0.0	0.0	0.0	0.0	0.0
100	0.0	0.111111111111	0.142857142857	0.153846153846	0.222222222222	0.0	0.0	0.0	0.0	0.0	0.0	0.0	0.0	0.0	0.0	0.0
150	0.037037037037	0.115384615385	0.105263157895	0.105263157895	0.125	0.0	0.0	0.0	0.05	0.0714285714286	0.0	0.0	0.0	0.0	0.0	0.0
200	0.027027027027	0.147058823529	0.136363636364	0.0869565217391	0.217391304348	0.0416666666667	0.0	0.0	0.04	0.0555555555556	0.0	0.0434782608696	0.0769230769231	0.0	0.0	0.0909090909091
250	0.0697674418605	0.135135135135	0.133333333333	0.0967741935484	0.214285714286	0.0714285714286	0.0357142857143	0.0833333333333	0.0322580645161	0.047619047619	0.0740740740741	0.0294117647059	0.117647058824	0.0	0.0	0.107142857143
300	0.08	0.127659574468	0.147058823529	0.147058823529	0.228571428571	0.108108108108	0.0277777777778	0.0967741935484	0.0285714285714	0.0714285714286	0.129032258065	0.0263157894737	0.135135135135	0.0212765957447	0.0681818181818	0.0909090909091
350	0.12	0.16	0.186046511628	0.159090909091	0.190476190476	0.0952380952381	0.0238095238095	0.138888888889	0.0487804878049	0.0857142857143	0.151515151515	0.05	0.186046511628	0.06	0.1	0.102564102564
400	0.16	0.18	0.1875	0.18	0.170212765957	0.0869565217391	0.04	0.191489361702	0.0425531914894	0.075	0.170731707317	0.0666666666667	0.163265306122	0.1	0.14	0.127659574468
450	0.18	0.2	0.22	0.22	0.16	0.12	0.08	0.24	0.06	0.12	0.204081632653	0.08	0.18	0.1	0.14	0.14
500	0.2	0.2	0.24	0.2	0.18	0.16	0.1	0.28	0.08	0.12	0.22	0.12	0.22	0.12	0.16	0.2
550	0.24	0.24	0.26	0.22	0.16	0.18	0.1	0.32	0.1	0.16	0.26	0.16	0.32	0.16	0.2	0.2
600	0.24	0.22	0.28	0.26	0.18	0.2	0.08	0.32	0.08	0.2	0.32	0.2	0.34	0.18	0.22	0.26
650	0.22	0.24	0.32	0.24	0.14	0.22	0.08	0.32	0.12	0.26	0.32	0.22	0.34	0.2	0.24	0.26
700	0.26	0.26	0.3	0.26	0.18	0.18	0.08	0.28	0.14	0.26	0.34	0.26	0.34	0.24	0.32	0.28
750	0.24	0.3	0.36	0.26	0.22	0.2	0.22	0.3	0.2	0.28	0.4	0.3	0.28	0.18	0.32	0.32
800	0.22	0.3	0.42	0.3	0.22	0.22	0.2	0.28	0.22	0.38	0.44	0.3	0.3	0.2	0.26	0.3
850	0.24	0.26	0.44	0.26	0.24	0.26	0.2	0.3	0.26	0.38	0.44	0.32	0.3	0.22	0.24	0.36
900	0.28	0.28	0.44	0.26	0.24	0.28	0.24	0.28	0.32	0.38	0.48	0.32	0.24	0.24	0.26	0.32
950	0.32	0.28	0.42	0.28	0.28	0.28	0.24	0.22	0.34	0.38	0.46	0.32	0.24	0.3	0.34	0.26
1000	0.36	0.32	0.42	0.28	0.3	0.34	0.3	0.24	0.34	0.4	0.46	0.34	0.22	0.32	0.36	0.34
1050	0.38	0.3	0.46	0.3	0.3	0.36	0.32	0.28	0.38	0.38	0.4	0.36	0.18	0.4	0.38	0.34
1100	0.38	0.3	0.46	0.32	0.36	0.4	0.26	0.18	0.34	0.44	0.34	0.3	0.16	0.36	0.38	0.38
1150	0.4	0.24	0.46	0.34	0.36	0.46	0.2	0.18	0.34	0.5	0.34	0.32	0.16	0.42	0.4	0.36
1200	0.42	0.26	0.46	0.3	0.36	0.48	0.22	0.22	0.3	0.44	0.38	0.4	0.22	0.44	0.42	0.34
1250	0.4	0.26	0.42	0.3	0.34	0.48	0.2	0.32	0.3	0.48	0.42	0.4	0.22	0.44	0.44	0.32
1300	0.38	0.34	0.38	0.34	0.34	0.44	0.22	0.3	0.34	0.46	0.38	0.42	0.3	0.46	0.44	0.3
1350	0.36	0.34	0.4	0.36	0.34	0.42	0.26	0.36	0.34	0.42	0.38	0.38	0.34	0.48	0.42	0.34
1400	0.36	0.36	0.38	0.4	0.34	0.44	0.2	0.36	0.32	0.44	0.42	0.36	0.36	0.46	0.42	0.32
1450	0.38	0.42	0.44	0.42	0.32	0.4	0.24	0.38	0.32	0.44	0.42	0.44	0.4	0.42	0.38	0.4
1500	0.36	0.44	0.42	0.4	0.36	0.48	0.28	0.42	0.32	0.46	0.46	0.46	0.42	0.4	0.38	0.4
1550	0.34	0.42	0.42	0.44	0.44	0.44	0.34	0.44	0.38	0.46	0.46	0.5	0.36	0.38	0.4	0.5
1600	0.4	0.44	0.44	0.46	0.38	0.44	0.34	0.44	0.42	0.46	0.44	0.48	0.4	0.4	0.42	0.5
1650	0.38	0.44	0.44	0.44	0.42	0.46	0.32	0.36	0.46	0.48	0.4	0.46	0.4	0.34	0.38	0.52
1700	0.44	0.42	0.42	0.46	0.44	0.44	0.32	0.34	0.46	0.48	0.38	0.46	0.38	0.32	0.38	0.52
1750	0.44	0.44	0.44	0.48	0.46	0.46	0.32	0.36	0.48	0.5	0.4	0.46	0.38	0.36	0.36	0.52
1800	0.4	0.4	0.42	0.46	0.52	0.46	0.3	0.36	0.46	0.56	0.4	0.48	0.4	0.3	0.36	0.52
1850	0.4	0.44	0.42	0.52	0.54	0.44	0.28	0.38	0.48	0.54	0.42	0.46	0.42	0.32	0.38	0.5
1900	0.4	0.44	0.4	0.5	0.54	0.44	0.3	0.36	0.46	0.56	0.42	0.48	0.42	0.38	0.38	0.48
1950	0.4	0.5	0.44	0.48	0.48	0.38	0.34	0.34	0.48	0.56	0.42	0.5	0.42	0.38	0.34	0.46
2000	0.4	0.5	0.38	0.56	0.54	0.38	0.36	0.34	0.5	0.52	0.38	0.5	0.46	0.44	0.46	0.34
2050	0.38	0.46	0.4	0.58	0.54	0.42	0.38	0.3	0.46	0.48	0.34	0.5	0.52	0.46	0.42	0.32
2100	0.36	0.48	0.36	0.56	0.58	0.48	0.38	0.28	0.5	0.48	0.32	0.52	0.52	0.52	0.46	0.32
2150	0.38	0.5	0.38	0.56	0.6	0.44	0.36	0.3	0.5	0.46	0.34	0.54	0.56	0.5	0.52	0.38
2200	0.38	0.46	0.36	0.58	0.58	0.5	0.42	0.32	0.54	0.48	0.36	0.54	0.58	0.52	0.54	0.38
2250	0.34	0.44	0.38	0.6	0.58	0.56	0.4	0.34	0.54	0.5	0.36	0.54	0.56	0.52	0.58	0.4
2300	0.36	0.42	0.36	0.62	0.64	0.54	0.42	0.38	0.52	0.42	0.3	0.52	0.54	0.46	0.56	0.48
2350	0.36	0.38	0.4	0.62	0.64	0.56	0.4	0.44	0.54	0.46	0.3	0.44	0.52	0.5	0.58	0.54
2400	0.38	0.36	0.36	0.6	0.6	0.54	0.46	0.5	0.52	0.46	0.32	0.42	0.52	0.44	0.58	0.54
2450	0.36	0.42	0.42	0.58	0.52	0.5	0.46	0.52	0.48	0.46	0.34	0.46	0.54	0.42	0.54	0.54
2500	0.36	0.34	0.36	0.5	0.48	0.5	0.52	0.6	0.5	0.44	0.4	0.44	0.5	0.4	0.54	0.56
2550	0.32	0.34	0.42	0.52	0.5	0.48	0.5	0.56	0.5	0.42	0.36	0.44	0.48	0.36	0.58	0.54
2600	0.36	0.42	0.4	0.54	0.48	0.5	0.48	0.56	0.5	0.4	0.34	0.44	0.48	0.34	0.56	0.54
2650	0.34	0.42	0.44	0.5	0.52	0.52	0.52	0.58	0.52	0.4	0.34	0.42	0.5	0.36	0.6	0.54
2700	0.3	0.42	0.46	0.5	0.54	0.52	0.44	0.56	0.48	0.4	0.4	0.44	0.46	0.36	0.56	0.52
2750	0.28	0.44	0.46	0.5	0.52	0.54	0.5	0.58	0.46	0.42	0.4	0.54	0.52	0.42	0.6	0.58
2800	0.3	0.42	0.4	0.52	0.44	0.52	0.48	0.5	0.46	0.4	0.38	0.52	0.56	0.44	0.62	0.56
2850	0.26	0.4	0.44	0.56	0.48	0.56	0.48	0.46	0.4	0.4	0.38	0.5	0.5	0.46	0.6	0.58
2900	0.24	0.38	0.48	0.64	0.56	0.58	0.46	0.48	0.42	0.38	0.38	0.52	0.5	0.44	0.6	0.5
2950	0.26	0.42	0.5	0.58	0.68	0.62	0.46	0.5	0.44	0.4	0.4	0.54	0.5	0.48	0.58	0.5
3000	0.3	0.42	0.46	0.58	0.64	0.64	0.44	0.36	0.44	0.42	0.38	0.58	0.5	0.52	0.58	0.48
3050	0.32	0.46	0.4	0.52	0.6	0.56	0.46	0.34	0.46	0.42	0.4	0.62	0.52	0.52	0.5	0.42
3100	0.3	0.38	0.38	0.52	0.58	0.54	0.48	0.26	0.48	0.4	0.34	0.58	0.48	0.54	0.54	0.42
3150	0.3	0.36	0.38	0.52	0.54	0.54	0.44	0.24	0.48	0.42	0.36	0.58	0.48	0.5	0.54	0.34
3200	0.32	0.38	0.36	0.44	0.6	0.56	0.46	0.24	0.5	0.42	0.36	0.56	0.48	0.46	0.5	0.36
3250	0.32	0.36	0.34	0.46	0.58	0.6	0.4	0.18	0.46	0.42	0.38	0.52	0.42	0.42	0.5	0.34
3300	0.4	0.36	0.3	0.46	0.56	0.6	0.36	0.22	0.46	0.44	0.38	0.48	0.46	0.4	0.54	0.36
3350	0.34	0.36	0.3	0.42	0.6	0.62	0.4	0.26	0.48	0.46	0.38	0.48	0.42	0.36	0.54	0.46
3400	0.32	0.38	0.28	0.48	0.68	0.62	0.4	0.28	0.48	0.48	0.38	0.48	0.4	0.34	0.56	0.38
3450	0.4	0.36	0.26	0.5	0.68	0.7	0.38	0.32	0.5	0.48	0.36	0.4	0.34	0.38	0.56	0.42
3500	0.42	0.46	0.28	0.5	0.7	0.7	0.34	0.3	0.46	0.42	0.34	0.4	0.4	0.34	0.56	0.44
3550	0.46	0.52	0.32	0.5	0.7	0.68	0.34	0.3	0.5	0.5	0.36	0.42	0.44	0.34	0.54	0.46
3600	0.42	0.52	0.32	0.52	0.68	0.7	0.32	0.24	0.52	0.54	0.36	0.4	0.44	0.38	0.58	0.42
3650	0.44	0.54	0.34	0.54	0.66	0.66	0.3	0.22	0.52	0.52	0.36	0.44	0.44	0.38	0.58	0.38
3700	0.44	0.54	0.32	0.58	0.66	0.66	0.34	0.24	0.6	0.5	0.36	0.5	0.42	0.4	0.6	0.4
3750	0.42	0.56	0.36	0.6	0.64	0.68	0.38	0.22	0.6	0.58	0.36	0.52	0.44	0.42	0.62	0.36
3800	0.36	0.52	0.4	0.64	0.6	0.68	0.4	0.22	0.6	0.56	0.38	0.48	0.48	0.4	0.68	0.38
3850	0.36	0.52	0.4	0.58	0.62	0.72	0.44	0.26	0.58	0.56	0.44	0.52	0.48	0.44	0.66	0.4
3900	0.38	0.54	0.4	0.52	0.6	0.74	0.46	0.3	0.6	0.56	0.44	0.62	0.5	0.5	0.72	0.44
3950	0.36	0.54	0.4	0.52	0.58	0.66	0.52	0.32	0.54	0.54	0.42	0.58	0.48	0.48	0.64	0.44
4000	0.38	0.54	0.42	0.5	0.56	0.68	0.54	0.38	0.54	0.46	0.4	0.56	0.48	0.48	0.64	0.48
4050	0.38	0.52	0.44	0.48	0.58	0.72	0.56	0.38	0.54	0.44	0.38	0.56	0.54	0.5	0.64	0.46
4100	0.4	0.5	0.44	0.4	0.58	0.7	0.56	0.42	0.54	0.42	0.4	0.52	0.54	0.52	0.58	0.48
4150	0.44	0.52	0.44	0.36	0.54	0.64	0.56	0.38	0.52	0.4	0.4	0.54	0.52	0.56	0.54	0.48
4200	0.46	0.5	0.38	0.32	0.52	0.6	0.5	0.4	0.5	0.34	0.36	0.56	0.54	0.58	0.54	0.52
4250	0.4	0.48	0.44	0.32	0.52	0.54	0.42	0.42	0.52	0.36	0.42	0.64	0.58	0.58	0.52	0.52
4300	0.42	0.54	0.44	0.34	0.52	0.48	0.46	0.46	0.56	0.36	0.42	0.62	0.6	0.6	0.48	0.56
4350	0.44	0.52	0.46	0.36	0.58	0.48	0.42	0.5	0.5	0.36	0.42	0.64	0.56	0.62	0.5	0.6
4400	0.48	0.46	0.4	0.34	0.56	0.5	0.42	0.48	0.56	0.4	0.5	0.62	0.52	0.68	0.56	0.64
4450	0.5	0.48	0.38	0.3	0.52	0.48	0.38	0.46	0.58	0.42	0.48	0.64	0.48	0.68	0.58	0.62
4500	0.5	0.48	0.32	0.32	0.56	0.48	0.46	0.54	0.58	0.44	0.54	0.6	0.48	0.64	0.58	0.58
4550	0.5	0.52	0.36	0.34	0.52	0.5	0.5	0.54	0.6	0.46	0.54	0.56	0.52	0.64	0.58	0.52
4600	0.46	0.54	0.38	0.38	0.52	0.5	0.48	0.54	0.64	0.52	0.58	0.52	0.5	0.58	0.58	0.46
4650	0.48	0.52	0.32	0.36	0.52	0.54	0.54	0.56	0.58	0.54	0.56	0.52	0.54	0.54	0.56	0.44
4700	0.52	0.52	0.26	0.32	0.48	0.64	0.54	0.52	0.54	0.56	0.56	0.52	0.56	0.5	0.56	0.4
4750	0.48	0.52	0.3	0.34	0.48	0.66	0.58	0.54	0.54	0.56	0.56	0.56	0.58	0.5	0.6	0.38
4800	0.4	0.48	0.3	0.34	0.46	0.68	0.58	0.54	0.58	0.58	0.56	0.58	0.62	0.4	0.56	0.3
4850	0.36	0.52	0.28	0.38	0.48	0.72	0.6	0.56	0.56	0.6	0.56	0.54	0.62	0.42	0.52	0.3
4900	0.38	0.48	0.34	0.4	0.52	0.72	0.54	0.56	0.52	0.64	0.5	0.52	0.54	0.44	0.5	0.34
4950	0.46	0.42	0.4	0.46	0.52	0.72	0.58	0.52	0.52	0.6	0.5	0.48	0.54	0.5	0.52	0.36
5000	0.46	0.52	0.38	0.5	0.52	0.64	0.54	0.54	0.46	0.6	0.46	0.44	0.5	0.48	0.52	0.44
5050	0.5	0.48	0.46	0.54	0.56	0.66	0.52	0.52	0.44	0.56	0.46	0.38	0.46	0.46	0.54	0.48
5100	0.5	0.54	0.46	0.56	0.58	0.64	0.54	0.5	0.44	0.58	0.42	0.38	0.46	0.42	0.54	0.5
5150	0.52	0.54	0.48	0.56	0.54	0.58	0.54	0.48	0.46	0.52	0.4	0.34	0.5	0.42	0.62	0.48
5200	0.5	0.52	0.48	0.6	0.5	0.58	0.54	0.46	0.48	0.5	0.38	0.34	0.46	0.42	0.58	0.48
5250	0.38	0.56	0.5	0.6	0.44	0.5	0.5	0.48	0.46	0.46	0.38	0.36	0.44	0.42	0.56	0.48
5300	0.4	0.5	0.54	0.6	0.4	0.48	0.46	0.44	0.44	0.42	0.42	0.4	0.48	0.44	0.56	0.46
5350	0.44	0.52	0.52	0.56	0.42	0.46	0.5	0.46	0.5	0.44	0.4	0.48	0.5	0.44	0.56	0.44
5400	0.46	0.56	0.56	0.56	0.46	0.46	0.52	0.48	0.52	0.48	0.42	0.54	0.5	0.42	0.48	0.48
5450	0.46	0.5	0.5	0.56	0.48	0.46	0.54	0.44	0.5	0.42	0.36	0.52	0.5	0.44	0.44	0.48
5500	0.46	0.5	0.54	0.58	0.5	0.48	0.52	0.4	0.5	0.5	0.4	0.6	0.46	0.48	0.48	0.46
5550	0.44	0.48	0.52	0.58	0.44	0.48	0.5	0.38	0.48	0.54	0.4	0.62	0.52	0.5	0.52	0.4
5600	0.48	0.48	0.58	0.54	0.48	0.54	0.5	0.36	0.52	0.52	0.4	0.6	0.52	0.54	0.44	0.4
5650	0.44	0.46	0.52	0.56	0.6	0.56	0.52	0.44	0.48	0.52	0.4	0.62	0.54	0.64	0.5	0.42
5700	0.42	0.4	0.46	0.54	0.64	0.58	0.5	0.42	0.52	0.54	0.42	0.6	0.42	0.64	0.52	0.48
5750	0.4	0.48	0.44	0.52	0.68	0.66	0.5	0.44	0.5	0.56	0.42	0.64	0.42	0.66	0.56	0.48
5800	0.38	0.48	0.44	0.52	0.68	0.6	0.44	0.44	0.48	0.54	0.44	0.64	0.48	0.66	0.62	0.52
5850	0.32	0.42	0.38	0.5	0.68	0.6	0.46	0.46	0.46	0.56	0.54	0.64	0.46	0.66	0.62	0.54
5900	0.32	0.44	0.36	0.46	0.7	0.62	0.48	0.46	0.5	0.62	0.56	0.66	0.48	0.66	0.6	0.46
5950	0.3	0.4	0.34	0.52	0.66	0.54	0.5	0.44	0.54	0.6	0.46	0.66	0.5	0.62	0.56	0.44
6000	0.32	0.42	0.32	0.52	0.66	0.54	0.52	0.44	0.52	0.6	0.44	0.6	0.46	0.58	0.6	0.44
6050	0.38	0.38	0.22	0.46	0.62	0.56	0.54	0.42	0.52	0.6	0.42	0.58	0.52	0.54	0.56	0.42
6100	0.42	0.42	0.26	0.44	0.64	0.62	0.6	0.46	0.52	0.62	0.42	0.56	0.52	0.5	0.54	0.44
6150	0.38	0.42	0.28	0.44	0.6	0.68	0.58	0.44	0.52	0.64	0.42	0.54	0.54	0.46	0.58	0.44
6200	0.36	0.46	0.26	0.44	0.52	0.68	0.62	0.4	0.5	0.64	0.42	0.56	0.5	0.46	0.58	0.36
6250	0.38	0.48	0.28	0.5	0.54	0.68	0.64	0.36	0.54	0.66	0.4	0.58	0.52	0.5	0.58	0.34
6300	0.3	0.44	0.32	0.52	0.52	0.68	0.6	0.42	0.54	0.68	0.42	0.58	0.5	0.56	0.6	0.28
6350	0.34	0.46	0.34	0.44	0.5	0.68	0.6	0.46	0.52	0.62	0.48	0.58	0.56	0.58	0.58	0.34
6400	0.38	0.46	0.32	0.42	0.52	0.64	0.6	0.58	0.48	0.6	0.48	0.6	0.56	0.58	0.6	0.4
6450	0.32	0.42	0.34	0.46	0.52	0.62	0.6	0.58	0.52	0.64	0.56	0.58	0.56	0.54	0.6	0.46
6500	0.36	0.4	0.36	0.5	0.48	0.58	0.52	0.56	0.56	0.64	0.58	0.54	0.54	0.56	0.68	0.46
6550	0.38	0.32	0.32	0.54	0.44	0.52	0.42	0.52	0.48	0.56	0.58	0.54	0.54	0.54	0.7	0.46
6600	0.4	0.34	0.4	0.54	0.46	0.48	0.42	0.56	0.5	0.56	0.58	0.46	0.56	0.5	0.64	0.52
6650	0.34	0.32	0.4	0.46	0.46	0.38	0.32	0.52	0.46	0.52	0.58	0.48	0.52	0.5	0.6	0.5
6700	0.38	0.32	0.36	0.46	0.48	0.4	0.3	0.52	0.5	0.58	0.6	0.44	0.52	0.5	0.6	0.5
6750	0.4	0.34	0.34	0.5	0.54	0.48	0.34	0.5	0.52	0.58	0.64	0.46	0.48	0.48	0.6	0.48
6800	0.4	0.32	0.34	0.5	0.58	0.5	0.32	0.48	0.5	0.56	0.62	0.46	0.46	0.5	0.6	0.52
6850	0.38	0.3	0.34	0.5	0.56	0.56	0.32	0.54	0.48	0.56	0.62	0.46	0.46	0.52	0.66	0.46
6900	0.36	0.26	0.4	0.54	0.58	0.54	0.4	0.56	0.5	0.54	0.6	0.44	0.42	0.54	0.68	0.54
6950	0.34	0.3	0.42	0.52	0.56	0.54	0.4	0.52	0.52	0.54	0.56	0.38	0.38	0.48	0.66	0.56
7000	0.34	0.3	0.46	0.48	0.58	0.58	0.48	0.48	0.62	0.6	0.54	0.38	0.38	0.5	0.66	0.58
7050	0.4	0.34	0.44	0.52	0.54	0.6	0.54	0.52	0.62	0.56	0.5	0.38	0.38	0.46	0.66	0.6
7100	0.42	0.4	0.46	0.52	0.56	0.62	0.58	0.54	0.62	0.54	0.44	0.36	0.4	0.48	0.7	0.62
7150	0.42	0.46	0.46	0.52	0.56	0.64	0.64	0.54	0.7	0.56	0.46	0.34	0.4	0.46	0.72	0.6
7200	0.42	0.48	0.48	0.54	0.56	0.68	0.7	0.44	0.7	0.54	0.38	0.36	0.42	0.5	0.76	0.58
7250	0.42	0.5	0.5	0.5	0.56	0.68	0.7	0.44	0.72	0.56	0.38	0.4	0.4	0.48	0.72	0.58
7300	0.36	0.52	0.52	0.46	0.56	0.66	0.72	0.42	0.68	0.48	0.42	0.44	0.4	0.46	0.68	0.62
7350	0.38	0.54	0.48	0.52	0.56	0.64	0.68	0.46	0.66	0.46	0.46	0.44	0.5	0.48	0.72	0.54
7400	0.36	0.54	0.48	0.48	0.54	0.6	0.64	0.44	0.6	0.48	0.44	0.5	0.5	0.52	0.74	0.54
7450	0.32	0.52	0.5	0.56	0.6	0.6	0.62	0.46	0.58	0.46	0.44	0.48	0.48	0.56	0.76	0.54
7500	0.32	0.46	0.46	0.56	0.58	0.58	0.56	0.42	0.58	0.46	0.44	0.44	0.4	0.54	0.76	0.56
7550	0.36	0.46	0.46	0.52	0.6	0.52	0.58	0.48	0.54	0.4	0.46	0.5	0.44	0.52	0.74	0.54
7600	0.34	0.44	0.44	0.5	0.6	0.46	0.48	0.48	0.54	0.42	0.52	0.48	0.42	0.5	0.66	0.56
7650	0.4	0.44	0.42	0.52	0.62	0.42	0.48	0.5	0.52	0.46	0.56	0.44	0.46	0.5	0.66	0.56
7700	0.44	0.52	0.4	0.44	0.6	0.38	0.46	0.48	0.5	0.44	0.48	0.4	0.46	0.46	0.64	0.56
7750	0.42	0.52	0.42	0.5	0.58	0.4	0.44	0.54	0.48	0.44	0.48	0.38	0.4	0.4	0.62	0.56
7800	0.4	0.5	0.46	0.52	0.58	0.38	0.46	0.54	0.44	0.4	0.46	0.36	0.42	0.38	0.54	0.6
7850	0.44	0.54	0.44	0.46	0.54	0.36	0.48	0.6	0.44	0.42	0.44	0.44	0.48	0.44	0.48	0.62
7900	0.44	0.52	0.42	0.44	0.52	0.42	0.46	0.62	0.46	0.44	0.48	0.46	0.46	0.42	0.48	0.6
7950	0.44	0.52	0.4	0.42	0.5	0.44	0.5	0.66	0.48	0.46	0.46	0.46	0.48	0.42	0.46	0.62
8000	0.42	0.54	0.48	0.44	0.48	0.46	0.48	0.62	0.44	0.44	0.44	0.46	0.48	0.4	0.46	0.6
8050	0.46	0.52	0.5	0.48	0.46	0.52	0.5	0.58	0.44	0.44	0.42	0.44	0.46	0.44	0.48	0.54
8100	0.5	0.52	0.54	0.5	0.54	0.54	0.52	0.7	0.44	0.44	0.38	0.42	0.52	0.44	0.5	0.58
8150	0.54	0.48	0.54	0.58	0.54	0.58	0.58	0.64	0.44	0.46	0.38	0.44	0.5	0.5	0.52	0.56
8200	0.56	0.52	0.54	0.62	0.54	0.6	0.64	0.6	0.44	0.5	0.4	0.38	0.48	0.54	0.56	0.52
8250	0.54	0.48	0.56	0.66	0.6	0.68	0.66	0.62	0.46	0.52	0.44	0.4	0.5	0.52	0.56	0.52
8300	0.48	0.52	0.58	0.64	0.58	0.64	0.66	0.62	0.5	0.5	0.46	0.38	0.46	0.46	0.54	0.52
8350	0.54	0.54	0.66	0.6	0.62	0.66	0.7	0.66	0.52	0.52	0.48	0.42	0.5	0.42	0.56	0.54
8400	0.52	0.52	0.64	0.6	0.6	0.64	0.7	0.66	0.54	0.5	0.48	0.4	0.46	0.4	0.52	0.56
8450	0.48	0.54	0.6	0.6	0.6	0.64	0.72	0.64	0.6	0.5	0.5	0.4	0.5	0.4	0.56	0.56
8500	0.42	0.52	0.62	0.62	0.58	0.58	0.7	0.64	0.56	0.48	0.5	0.44	0.56	0.36	0.56	0.6
8550	0.4	0.54	0.6	0.64	0.58	0.56	0.6	0.64	0.56	0.48	0.54	0.42	0.54	0.34	0.58	0.6
8600	0.42	0.52	0.6	0.64	0.58	0.52	0.64	0.6	0.56	0.48	0.52	0.44	0.58	0.32	0.6	0.6
8650	0.42	0.52	0.58	0.66	0.58	0.48	0.56	0.6	0.56	0.44	0.44	0.48	0.56	0.32	0.54	0.62
8700	0.42	0.52	0.56	0.66	0.6	0.5	0.58	0.62	0.58	0.48	0.46	0.42	0.56	0.36	0.52	0.54
8750	0.38	0.52	0.6	0.74	0.58	0.52	0.6	0.58	0.62	0.46	0.46	0.4	0.58	0.34	0.6	0.56
8800	0.44	0.48	0.56	0.76	0.56	0.48	0.56	0.58	0.6	0.48	0.46	0.4	0.62	0.38	0.58	0.48
8850	0.46	0.54	0.54	0.7	0.48	0.46	0.56	0.58	0.58	0.48	0.46	0.4	0.6	0.38	0.56	0.46
8900	0.44	0.54	0.5	0.68	0.52	0.48	0.56	0.58	0.48	0.48	0.48	0.42	0.58	0.38	0.56	0.46
8950	0.44	0.56	0.5	0.66	0.54	0.54	0.58	0.64	0.5	0.44	0.46	0.44	0.56	0.38	0.5	0.46
9000	0.48	0.56	0.48	0.6	0.52	0.56	0.56	0.6	0.48	0.44	0.46	0.44	0.5	0.48	0.54	0.42
9050	0.48	0.52	0.44	0.6	0.54	0.54	0.54	0.56	0.46	0.4	0.46	0.46	0.5	0.48	0.54	0.42
9100	0.48	0.52	0.4	0.56	0.56	0.52	0.54	0.62	0.4	0.38	0.48	0.52	0.58	0.48	0.5	0.44
9150	0.38	0.44	0.46	0.52	0.52	0.52	0.5	0.6	0.42	0.42	0.44	0.5	0.54	0.5	0.54	0.46
9200	0.38	0.46	0.54	0.58	0.54	0.48	0.52	0.62	0.44	0.44	0.48	0.54	0.56	0.52	0.58	0.48
9250	0.34	0.44	0.52	0.64	0.62	0.56	0.56	0.56	0.48	0.44	0.42	0.5	0.52	0.48	0.58	0.54
9300	0.32	0.38	0.56	0.64	0.6	0.56	0.56	0.64	0.5	0.52	0.46	0.5	0.5	0.48	0.6	0.54
9350	0.34	0.38	0.6	0.62	0.6	0.56	0.6	0.6	0.5	0.48	0.48	0.52	0.5	0.52	0.6	0.58
9400	0.34	0.38	0.56	0.58	0.58	0.56	0.58	0.6	0.5	0.54	0.42	0.44	0.44	0.56	0.58	0.58
9450	0.36	0.38	0.6	0.6	0.54	0.54	0.58	0.58	0.5	0.58	0.46	0.48	0.44	0.58	0.54	0.58
9500	0.36	0.4	0.6	0.58	0.54	0.6	0.6	0.6	0.5	0.56	0.5	0.4	0.42	0.54	0.56	0.54
9550	0.36	0.4	0.58	0.58	0.6	0.62	0.6	0.64	0.52	0.6	0.52	0.4	0.36	0.54	0.5	0.58
9600	0.36	0.4	0.58	0.58	0.58	0.6	0.62	0.6	0.46	0.52	0.46	0.36	0.36	0.5	0.5	0.62
9650	0.42	0.4	0.54	0.5	0.56	0.58	0.62	0.6	0.48	0.48	0.46	0.4	0.38	0.56	0.5	0.62
9700	0.4	0.42	0.52	0.5	0.58	0.54	0.56	0.66	0.52	0.48	0.42	0.42	0.38	0.48	0.5	0.66
9750	0.46	0.42	0.56	0.56	0.56	0.54	0.62	0.64	0.62	0.58	0.42	0.42	0.38	0.5	0.56	0.68
9800	0.42	0.4	0.5	0.58	0.58	0.58	0.64	0.72	0.64	0.6	0.48	0.4	0.36	0.48	0.56	0.6
9850	0.36	0.4	0.48	0.56	0.58	0.58	0.66	0.66	0.64	0.62	0.48	0.4	0.34	0.38	0.56	0.5
9900	0.38	0.38	0.42	0.62	0.6	0.6	0.64	0.68	0.6	0.62	0.46	0.36	0.38	0.46	0.62	0.52
9950	0.38	0.4	0.42	0.62	0.6	0.58	0.64	0.7	0.64	0.66	0.44	0.38	0.42	0.44	0.62	0.5
10000	0.38	0.48	0.42	0.6	0.54	0.58	0.64	0.72	0.62	0.68	0.5	0.4	0.48	0.46	0.64	0.46
10050	0.4	0.5	0.4	0.64	0.54	0.54	0.54	0.66	0.66	0.72	0.56	0.4	0.46	0.44	0.68	0.42
10100	0.46	0.52	0.36	0.7	0.5	0.54	0.58	0.66	0.62	0.66	0.58	0.4	0.46	0.46	0.7	0.4
10150	0.44	0.5	0.32	0.64	0.5	0.52	0.52	0.66	0.56	0.58	0.56	0.4	0.42	0.5	0.68	0.4
10200	0.48	0.5	0.36	0.66	0.46	0.48	0.48	0.6	0.54	0.62	0.6	0.44	0.42	0.52	0.7	0.46
10250	0.46	0.54	0.38	0.66	0.5	0.48	0.48	0.58	0.6	0.62	0.64	0.4	0.42	0.5	0.66	0.48
10300	0.48	0.56	0.4	0.62	0.5	0.5	0.52	0.58	0.6	0.6	0.6	0.4	0.4	0.5	0.62	0.48
10350	0.46	0.54	0.44	0.64	0.52	0.46	0.58	0.58	0.58	0.56	0.58	0.46	0.38	0.52	0.6	0.48
10400	0.44	0.52	0.5	0.66	0.54	0.46	0.62	0.56	0.58	0.54	0.56	0.46	0.4	0.52	0.62	0.5
10450	0.48	0.5	0.54	0.68	0.58	0.5	0.66	0.6	0.52	0.58	0.62	0.44	0.38	0.58	0.58	0.58
10500	0.44	0.56	0.62	0.7	0.58	0.54	0.62	0.58	0.56	0.54	0.6	0.46	0.48	0.54	0.58	0.56
10550	0.46	0.6	0.64	0.7	0.62	0.64	0.66	0.56	0.48	0.54	0.62	0.56	0.5	0.56	0.58	0.56
10600	0.54	0.6	0.64	0.72	0.68	0.62	0.58	0.6	0.46	0.54	0.62	0.56	0.54	0.6	0.58	0.58
10650	0.58	0.6	0.62	0.7	0.68	0.6	0.54	0.66	0.44	0.54	0.64	0.66	0.6	0.64	0.56	0.6
10700	0.58	0.6	0.62	0.7	0.62	0.58	0.54	0.6	0.44	0.54	0.66	0.62	0.62	0.68	0.6	0.56
10750	0.56	0.6	0.62	0.7	0.62	0.56	0.54	0.56	0.42	0.58	0.7	0.62	0.62	0.66	0.62	0.5
10800	0.66	0.66	0.58	0.74	0.64	0.56	0.46	0.56	0.42	0.58	0.7	0.64	0.64	0.64	0.62	0.52
10850	0.66	0.66	0.56	0.7	0.58	0.54	0.44	0.54	0.46	0.54	0.66	0.62	0.66	0.68	0.62	0.58
10900	0.72	0.66	0.56	0.72	0.58	0.54	0.44	0.54	0.48	0.56	0.66	0.58	0.66	0.64	0.6	0.58
10950	0.66	0.64	0.56	0.72	0.56	0.48	0.42	0.56	0.48	0.6	0.68	0.58	0.62	0.6	0.72	0.56
11000	0.6	0.62	0.54	0.68	0.56	0.48	0.42	0.58	0.46	0.58	0.68	0.6	0.66	0.58	0.72	0.58
11050	0.66	0.6	0.58	0.62	0.5	0.46	0.42	0.62	0.52	0.52	0.66	0.54	0.62	0.62	0.7	0.56
11100	0.64	0.58	0.62	0.66	0.48	0.46	0.48	0.6	0.52	0.5	0.62	0.58	0.64	0.64	0.72	0.58
11150	0.64	0.56	0.58	0.62	0.5	0.5	0.46	0.56	0.54	0.5	0.6	0.62	0.64	0.64	0.7	0.58
11200	0.58	0.58	0.6	0.62	0.56	0.54	0.5	0.62	0.52	0.5	0.62	0.58	0.6	0.64	0.66	0.58
11250	0.58	0.58	0.64	0.62	0.58	0.58	0.5	0.62	0.52	0.56	0.62	0.62	0.62	0.66	0.72	0.66
11300	0.58	0.62	0.64	0.62	0.62	0.58	0.48	0.64	0.56	0.6	0.64	0.6	0.64	0.66	0.74	0.68
11350	0.58	0.64	0.68	0.58	0.62	0.64	0.5	0.64	0.5	0.58	0.62	0.6	0.66	0.68	0.66	0.7
11400	0.6	0.66	0.72	0.6	0.6	0.68	0.5	0.62	0.5	0.58	0.6	0.62	0.62	0.68	0.62	0.66
11450	0.62	0.64	0.7	0.58	0.64	0.7	0.52	0.54	0.56	0.54	0.52	0.64	0.64	0.68	0.62	0.62
11500	0.62	0.68	0.74	0.66	0.64	0.72	0.56	0.6	0.54	0.58	0.54	0.64	0.64	0.68	0.64	0.66
11550	0.66	0.66	0.82	0.7	0.66	0.7	0.58	0.6	0.56	0.6	0.6	0.64	0.66	0.72	0.68	0.7
11600	0.66	0.62	0.78	0.68	0.68	0.66	0.58	0.6	0.58	0.58	0.58	0.66	0.62	0.72	0.68	0.74
11650	0.72	0.66	0.72	0.68	0.7	0.7	0.58	0.6	0.56	0.54	0.52	0.6	0.68	0.72	0.64	0.72
11700	0.7	0.66	0.72	0.66	0.72	0.72	0.64	0.6	0.58	0.52	0.56	0.62	0.7	0.66	0.66	0.7
11750	0.76	0.72	0.7	0.68	0.72	0.68	0.68	0.72	0.6	0.52	0.54	0.58	0.7	0.68	0.68	0.72
11800	0.76	0.74	0.68	0.74	0.74	0.64	0.7	0.74	0.62	0.56	0.6	0.6	0.74	0.68	0.68	0.74
11850	0.78	0.74	0.66	0.7	0.78	0.62	0.68	0.72	0.68	0.6	0.64	0.58	0.74	0.68	0.72	0.74
11900	0.78	0.76	0.64	0.7	0.7	0.62	0.7	0.74	0.72	0.64	0.62	0.56	0.72	0.74	0.78	0.7
11950	0.78	0.8	0.62	0.64	0.64	0.62	0.72	0.76	0.74	0.66	0.56	0.52	0.72	0.76	0.78	0.7
12000	0.82	0.82	0.62	0.64	0.6	0.58	0.76	0.78	0.74	0.62	0.6	0.54	0.72	0.74	0.78	0.74
12050	0.82	0.82	0.68	0.64	0.54	0.62	0.74	0.78	0.76	0.66	0.64	0.58	0.72	0.72	0.76	0.68
12100	0.84	0.82	0.66	0.66	0.56	0.58	0.74	0.78	0.76	0.66	0.62	0.64	0.76	0.72	0.72	0.7
12150	0.84	0.82	0.64	0.68	0.54	0.58	0.76	0.78	0.78	0.66	0.62	0.64	0.72	0.76	0.74	0.72
12200	0.9	0.82	0.68	0.64	0.54	0.6	0.82	0.8	0.8	0.66	0.6	0.66	0.7	0.78	0.78	0.74
12250	0.86	0.8	0.72	0.68	0.58	0.6	0.8	0.8	0.76	0.6	0.62	0.7	0.78	0.72	0.76	0.82
12300	0.8	0.78	0.74	0.66	0.6	0.62	0.82	0.84	0.76	0.58	0.62	0.72	0.8	0.7	0.72	0.86
12350	0.72	0.76	0.76	0.66	0.6	0.58	0.76	0.82	0.74	0.58	0.66	0.68	0.8	0.62	0.72	0.88
12400	0.68	0.68	0.76	0.7	0.64	0.64	0.76	0.86	0.72	0.58	0.66	0.66	0.72	0.6	0.74	0.9
12450	0.7	0.66	0.68	0.6	0.68	0.64	0.8	0.84	0.76	0.56	0.64	0.6	0.68	0.6	0.74	0.94
12500	0.64	0.66	0.74	0.62	0.68	0.66	0.78	0.88	0.76	0.64	0.68	0.58	0.7	0.56	0.74	0.92
12550	0.68	0.68	0.74	0.6	0.6	0.66	0.78	0.88	0.8	0.66	0.68	0.6	0.72	0.56	0.74	0.9
12600	0.72	0.7	0.76	0.6	0.62	0.68	0.8	0.9	0.84	0.68	0.68	0.64	0.72	0.6	0.76	0.9
12650	0.72	0.68	0.7	0.58	0.62	0.68	0.8	0.84	0.84	0.7	0.66	0.68	0.7	0.62	0.78	0.88
12700	0.8	0.74	0.7	0.58	0.58	0.66	0.8	0.86	0.84	0.74	0.7	0.68	0.76	0.66	0.74	0.86
12750	0.76	0.8	0.72	0.6	0.58	0.68	0.82	0.86	0.86	0.72	0.7	0.68	0.78	0.66	0.76	0.82
12800	0.76	0.82	0.76	0.52	0.52	0.7	0.86	0.86	0.88	0.74	0.66	0.68	0.82	0.62	0.74	0.8
12850	0.76	0.82	0.76	0.54	0.5	0.7	0.82	0.84	0.86	0.76	0.7	0.72	0.82	0.64	0.78	0.8
12900	0.72	0.8	0.74	0.54	0.5	0.66	0.78	0.84	0.84	0.76	0.72	0.76	0.78	0.64	0.78	0.8
12950	0.74	0.8	0.68	0.52	0.52	0.64	0.8	0.78	0.84	0.72	0.66	0.68	0.8	0.62	0.74	0.82
13000	0.74	0.8	0.7	0.56	0.54	0.64	0.82	0.78	0.78	0.68	0.68	0.66	0.8	0.62	0.72	0.82
13050	0.7	0.82	0.68	0.56	0.5	0.66	0.86	0.82	0.78	0.66	0.68	0.62	0.78	0.58	0.7	0.74
13100	0.68	0.82	0.68	0.52	0.54	0.68	0.86	0.78	0.8	0.7	0.64	0.66	0.76	0.62	0.68	0.7
13150	0.68	0.82	0.7	0.56	0.6	0.7	0.86	0.72	0.82	0.7	0.64	0.68	0.74	0.68	0.68	0.66
13200	0.7	0.84	0.7	0.58	0.62	0.72	0.86	0.7	0.84	0.72	0.6	0.66	0.72	0.68	0.7	0.72
13250	0.78	0.86	0.7	0.6	0.62	0.74	0.9	0.72	0.8	0.7	0.58	0.62	0.72	0.66	0.68	0.72
13300	0.78	0.86	0.68	0.64	0.68	0.8	0.96	0.78	0.8	0.72	0.54	0.62	0.7	0.7	0.68	0.7
13350	0.76	0.84	0.72	0.74	0.7	0.8	0.94	0.78	0.82	0.74	0.58	0.64	0.68	0.7	0.64	0.7
13400	0.7	0.86	0.72	0.72	0.76	0.8	0.92	0.82	0.82	0.74	0.62	0.66	0.66	0.68	0.66	0.78
13450	0.74	0.86	0.74	0.74	0.72	0.78	0.92	0.86	0.82	0.78	0.6	0.66	0.68	0.7	0.7	0.76
13500	0.78	0.88	0.82	0.78	0.72	0.8	0.92	0.88	0.88	0.76	0.64	0.68	0.72	0.72	0.7	0.82
13550	0.76	0.84	0.84	0.8	0.76	0.84	0.92	0.88	0.92	0.8	0.68	0.66	0.72	0.7	0.7	0.8
13600	0.76	0.82	0.84	0.84	0.8	0.86	0.94	0.88	0.9	0.8	0.68	0.64	0.72	0.7	0.72	0.82
13650	0.74	0.82	0.82	0.82	0.78	0.78	0.9	0.84	0.88	0.82	0.7	0.64	0.72	0.72	0.72	0.78
13700	0.74	0.82	0.84	0.8	0.74	0.76	0.88	0.78	0.94	0.8	0.7	0.68	0.72	0.7	0.72	0.76
13750	0.7	0.82	0.84	0.78	0.72	0.76	0.9	0.82	0.92	0.8	0.7	0.66	0.74	0.68	0.72	0.78
13800	0.78	0.84	0.86	0.8	0.76	0.72	0.84	0.8	0.9	0.78	0.68	0.62	0.72	0.72	0.76	0.84
13850	0.8	0.82	0.84	0.8	0.78	0.72	0.78	0.78	0.82	0.74	0.68	0.64	0.72	0.76	0.78	0.8
13900	0.74	0.78	0.8	0.82	0.78	0.68	0.8	0.8	0.8	0.66	0.68	0.64	0.7	0.76	0.76	0.82
13950	0.74	0.8	0.78	0.84	0.8	0.68	0.8	0.82	0.8	0.66	0.7	0.68	0.72	0.7	0.74	0.82
14000	0.78	0.82	0.78	0.84	0.78	0.7	0.78	0.8	0.74	0.66	0.7	0.7	0.74	0.72	0.72	0.8
14050	0.78	0.78	0.76	0.82	0.82	0.78	0.82	0.86	0.72	0.68	0.68	0.7	0.72	0.7	0.7	0.78
14100	0.84	0.82	0.76	0.84	0.8	0.78	0.78	0.8	0.74	0.68	0.66	0.72	0.72	0.7	0.72	0.78
14150	0.86	0.82	0.78	0.88	0.82	0.78	0.76	0.78	0.74	0.66	0.7	0.76	0.74	0.78	0.76	0.78
14200	0.8	0.8	0.78	0.88	0.8	0.76	0.76	0.74	0.8	0.72	0.68	0.76	0.74	0.76	0.78	0.82
14250	0.86	0.82	0.78	0.84	0.76	0.72	0.78	0.76	0.84	0.76	0.72	0.8	0.76	0.8	0.78	0.8
14300	0.86	0.82	0.8	0.8	0.74	0.72	0.8	0.8	0.82	0.74	0.74	0.8	0.76	0.8	0.74	0.78
14350	0.82	0.8	0.82	0.8	0.76	0.72	0.76	0.74	0.82	0.78	0.78	0.82	0.74	0.9	0.72	0.82
14400	0.78	0.76	0.8	0.78	0.74	0.72	0.74	0.72	0.84	0.8	0.74	0.76	0.66	0.88	0.8	0.78
14450	0.72	0.74	0.76	0.72	0.72	0.72	0.74	0.68	0.9	0.76	0.7	0.76	0.66	0.88	0.88	0.8
14500	0.7	0.74	0.72	0.7	0.74	0.74	0.76	0.68	0.9	0.78	0.7	0.76	0.66	0.86	0.84	0.8
14550	0.68	0.76	0.68	0.62	0.74	0.76	0.72	0.68	0.9	0.8	0.66	0.76	0.66	0.84	0.82	0.78
14600	0.74	0.74	0.7	0.66	0.76	0.74	0.72	0.7	0.88	0.8	0.68	0.72	0.66	0.82	0.84	0.78
14650	0.72	0.76	0.74	0.72	0.78	0.78	0.78	0.76	0.86	0.78	0.7	0.66	0.62	0.76	0.86	0.84
14700	0.74	0.78	0.76	0.7	0.78	0.84	0.8	0.76	0.88	0.8	0.66	0.64	0.64	0.76	0.86	0.86
14750	0.78	0.78	0.76	0.7	0.78	0.84	0.8	0.78	0.88	0.78	0.68	0.68	0.7	0.74	0.84	0.86
14800	0.82	0.88	0.82	0.7	0.8	0.8	0.84	0.82	0.92	0.76	0.68	0.7	0.72	0.74	0.84	0.9
14850	0.88	0.88	0.88	0.78	0.84	0.82	0.86	0.82	0.9	0.78	0.74	0.72	0.72	0.74	0.82	0.88
14900	0.88	0.88	0.86	0.84	0.84	0.82	0.84	0.82	0.9	0.76	0.78	0.8	0.72	0.7	0.8	0.86
14950	0.88	0.88	0.86	0.86	0.88	0.78	0.86	0.82	0.9	0.78	0.82	0.82	0.72	0.68	0.8	0.9
15000	0.86	0.88	0.84	0.84	0.92	0.78	0.86	0.84	0.9	0.8	0.84	0.84	0.78	0.72	0.8	0.9
15050	0.82	0.86	0.84	0.9	0.92	0.82	0.82	0.88	0.88	0.76	0.82	0.86	0.76	0.72	0.82	0.88
15100	0.82	0.86	0.82	0.86	0.88	0.82	0.8	0.86	0.84	0.82	0.86	0.9	0.82	0.72	0.76	0.86
15150	0.8	0.86	0.84	0.82	0.86	0.8	0.76	0.86	0.84	0.82	0.84	0.8	0.76	0.74	0.74	0.84
15200	0.82	0.9	0.84	0.8	0.86	0.82	0.76	0.84	0.8	0.84	0.82	0.78	0.78	0.78	0.78	0.82
15250	0.78	0.9	0.84	0.78	0.84	0.8	0.78	0.86	0.78	0.84	0.82	0.72	0.76	0.72	0.78	0.82
15300	0.78	0.86	0.82	0.82	0.86	0.82	0.78	0.86	0.76	0.86	0.84	0.72	0.78	0.74	0.74	0.82
15350	0.78	0.86	0.82	0.78	0.82	0.84	0.78	0.84	0.72	0.86	0.8	0.68	0.72	0.74	0.68	0.84
15400	0.78	0.86	0.84	0.76	0.78	0.86	0.78	0.8	0.72	0.88	0.76	0.6	0.76	0.66	0.64	0.82
15450	0.82	0.9	0.88	0.78	0.76	0.84	0.78	0.78	0.74	0.86	0.74	0.6	0.76	0.68	0.76	0.8
15500	0.82	0.86	0.86	0.78	0.76	0.86	0.8	0.7	0.72	0.86	0.7	0.58	0.76	0.64	0.74	0.8
15550	0.86	0.84	0.82	0.72	0.78	0.88	0.82	0.7	0.72	0.82	0.7	0.58	0.74	0.62	0.7	0.76
15600	0.88	0.84	0.82	0.74	0.78	0.88	0.84	0.7	0.74	0.8	0.68	0.6	0.78	0.68	0.72	0.8
15650	0.86	0.82	0.82	0.74	0.82	0.9	0.86	0.74	0.76	0.8	0.7	0.68	0.78	0.7	0.76	0.82
15700	0.86	0.8	0.82	0.72	0.82	0.9	0.84	0.7	0.76	0.76	0.74	0.7	0.78	0.76	0.8	0.82
15750	0.88	0.78	0.8	0.72	0.82	0.92	0.86	0.74	0.8	0.78	0.74	0.72	0.8	0.76	0.82	0.8
15800	0.86	0.76	0.78	0.74	0.84	0.9	0.84	0.76	0.78	0.74	0.76	0.72	0.78	0.82	0.84	0.8
15850	0.88	0.76	0.78	0.74	0.84	0.9	0.86	0.76	0.8	0.72	0.72	0.76	0.82	0.84	0.82	0.8
15900	0.88	0.78	0.78	0.76	0.86	0.88	0.86	0.8	0.82	0.7	0.74	0.76	0.78	0.86	0.86	0.8
15950	0.9	0.78	0.78	0.84	0.88	0.9	0.86	0.78	0.84	0.7	0.66	0.72	0.8	0.92	0.9	0.82
16000	0.88	0.74	0.8	0.82	0.9	0.9	0.86	0.74	0.84	0.7	0.64	0.7	0.78	0.88	0.88	0.84
16050	0.9	0.72	0.74	0.8	0.9	0.92	0.88	0.76	0.82	0.68	0.66	0.72	0.8	0.86	0.86	0.84
16100	0.92	0.78	0.72	0.8	0.9	0.92	0.92	0.78	0.82	0.68	0.62	0.72	0.84	0.84	0.84	0.84
16150	0.94	0.78	0.72	0.8	0.9	0.92	0.92	0.76	0.82	0.7	0.64	0.74	0.86	0.82	0.86	0.82
16200	0.92	0.8	0.74	0.78	0.88	0.92	0.92	0.76	0.82	0.7	0.66	0.68	0.88	0.8	0.84	0.82
16250	0.9	0.78	0.74	0.8	0.9	0.92	0.92	0.76	0.84	0.7	0.68	0.7	0.84	0.8	0.86	0.86
16300	0.9	0.78	0.72	0.8	0.88	0.94	0.92	0.78	0.84	0.72	0.68	0.78	0.82	0.78	0.84	0.84
16350	0.9	0.8	0.76	0.78	0.86	0.92	0.9	0.78	0.8	0.72	0.68	0.8	0.86	0.76	0.84	0.86
16400	0.9	0.86	0.82	0.8	0.86	0.9	0.88	0.82	0.84	0.74	0.7	0.8	0.88	0.82	0.86	0.86
16450	0.9	0.86	0.86	0.8	0.88	0.86	0.84	0.76	0.8	0.7	0.72	0.74	0.84	0.78	0.82	0.88
16500	0.9	0.92	0.92	0.88	0.86	0.84	0.82	0.72	0.78	0.66	0.7	0.74	0.86	0.76	0.84	0.82
16550	0.9	0.92	0.9	0.86	0.82	0.84	0.8	0.68	0.8	0.68	0.68	0.7	0.84	0.74	0.84	0.76
16600	0.88	0.94	0.86	0.82	0.82	0.84	0.8	0.7	0.76	0.68	0.76	0.7	0.82	0.76	0.86	0.78
16650	0.88	0.94	0.88	0.78	0.72	0.82	0.76	0.72	0.72	0.66	0.76	0.72	0.78	0.76	0.86	0.72
16700	0.86	0.94	0.84	0.78	0.68	0.82	0.78	0.72	0.66	0.64	0.74	0.7	0.76	0.72	0.86	0.68
16750	0.88	0.9	0.82	0.78	0.64	0.78	0.74	0.7	0.66	0.68	0.74	0.7	0.74	0.78	0.88	0.64
16800	0.86	0.86	0.82	0.78	0.66	0.78	0.78	0.72	0.62	0.7	0.8	0.7	0.7	0.78	0.86	0.7
16850	0.86	0.84	0.82	0.76	0.64	0.78	0.76	0.7	0.62	0.68	0.8	0.7	0.7	0.78	0.84	0.72
16900	0.86	0.82	0.8	0.7	0.66	0.78	0.76	0.72	0.66	0.7	0.84	0.7	0.7	0.8	0.84	0.74
16950	0.88	0.84	0.8	0.64	0.7	0.8	0.76	0.74	0.66	0.74	0.86	0.74	0.72	0.8	0.86	0.74
17000	0.9	0.8	0.78	0.66	0.72	0.78	0.76	0.8	0.66	0.74	0.86	0.74	0.74	0.78	0.86	0.76
17050	0.86	0.8	0.8	0.7	0.76	0.8	0.78	0.78	0.68	0.76	0.86	0.72	0.74	0.74	0.84	0.82
17100	0.9	0.82	0.78	0.74	0.76	0.82	0.8	0.8	0.72	0.78	0.84	0.76	0.76	0.76	0.84	0.82
17150	0.92	0.88	0.74	0.72	0.76	0.78	0.82	0.78	0.78	0.78	0.88	0.76	0.78	0.78	0.84	0.76
17200	0.94	0.84	0.74	0.7	0.72	0.72	0.82	0.78	0.82	0.8	0.88	0.76	0.78	0.78	0.82	0.74
17250	0.94	0.78	0.74	0.7	0.7	0.72	0.84	0.78	0.86	0.82	0.9	0.82	0.78	0.8	0.82	0.74
17300	0.94	0.8	0.74	0.68	0.66	0.68	0.84	0.78	0.84	0.8	0.88	0.8	0.78	0.76	0.78	0.72
17350	0.92	0.82	0.78	0.68	0.62	0.66	0.82	0.78	0.8	0.72	0.84	0.8	0.78	0.78	0.78	0.78
17400	0.9	0.8	0.78	0.7	0.6	0.64	0.82	0.78	0.84	0.7	0.76	0.78	0.76	0.82	0.76	0.78
17450	0.86	0.78	0.82	0.72	0.64	0.68	0.78	0.72	0.82	0.72	0.74	0.78	0.76	0.84	0.76	0.74
17500	0.88	0.78	0.8	0.72	0.6	0.68	0.78	0.68	0.78	0.72	0.74	0.82	0.82	0.84	0.72	0.72
17550	0.92	0.72	0.82	0.76	0.68	0.7	0.8	0.64	0.8	0.7	0.72	0.78	0.76	0.84	0.74	0.76
17600	0.88	0.72	0.84	0.76	0.74	0.74	0.8	0.66	0.74	0.7	0.72	0.74	0.7	0.84	0.76	0.8
17650	0.86	0.74	0.86	0.84	0.74	0.78	0.8	0.66	0.72	0.68	0.72	0.72	0.72	0.84	0.74	0.8
17700	0.86	0.76	0.86	0.88	0.78	0.82	0.82	0.66	0.7	0.68	0.72	0.76	0.7	0.88	0.78	0.8
17750	0.82	0.74	0.86	0.86	0.76	0.86	0.84	0.68	0.68	0.66	0.76	0.8	0.72	0.9	0.8	0.74
17800	0.8	0.74	0.88	0.86	0.74	0.86	0.86	0.68	0.66	0.74	0.78	0.78	0.68	0.86	0.78	0.76
17850	0.82	0.76	0.88	0.84	0.72	0.84	0.84	0.72	0.66	0.7	0.82	0.76	0.72	0.86	0.74	0.76
17900	0.86	0.8	0.86	0.78	0.72	0.84	0.82	0.78	0.66	0.74	0.84	0.72	0.76	0.86	0.72	0.74
17950	0.84	0.86	0.86	0.78	0.72	0.8	0.74	0.82	0.66	0.74	0.84	0.76	0.84	0.84	0.72	0.74
18000	0.84	0.86	0.88	0.76	0.72	0.78	0.76	0.82	0.66	0.72	0.86	0.82	0.86	0.86	0.72	0.78
18050	0.84	0.88	0.86	0.76	0.7	0.76	0.74	0.8	0.7	0.74	0.84	0.82	0.88	0.86	0.76	0.76
18100	0.84	0.88	0.86	0.7	0.72	0.76	0.74	0.8	0.76	0.78	0.84	0.82	0.88	0.86	0.76	0.82
18150	0.82	0.9	0.82	0.64	0.78	0.76	0.78	0.82	0.78	0.76	0.8	0.84	0.9	0.84	0.7	0.84
18200	0.84	0.86	0.84	0.7	0.8	0.76	0.76	0.82	0.8	0.8	0.82	0.82	0.9	0.86	0.74	0.88
18250	0.86	0.84	0.84	0.7	0.78	0.78	0.78	0.82	0.82	0.82	0.82	0.82	0.9	0.84	0.78	0.86
18300	0.86	0.82	0.86	0.74	0.76	0.82	0.76	0.84	0.8	0.8	0.82	0.86	0.9	0.86	0.8	0.86
18350	0.82	0.76	0.86	0.74	0.8	0.84	0.82	0.84	0.8	0.86	0.82	0.84	0.88	0.84	0.76	0.86
18400	0.82	0.74	0.84	0.72	0.82	0.88	0.8	0.8	0.82	0.88	0.8	0.82	0.86	0.8	0.72	0.86
18450	0.82	0.74	0.84	0.82	0.82	0.9	0.82	0.82	0.86	0.9	0.82	0.82	0.8	0.82	0.72	0.88
18500	0.8	0.72	0.9	0.88	0.82	0.88	0.84	0.82	0.86	0.92	0.8	0.78	0.76	0.78	0.74	0.88
18550	0.78	0.7	0.92	0.88	0.82	0.88	0.82	0.8	0.78	0.92	0.76	0.8	0.78	0.76	0.76	0.88
18600	0.8	0.7	0.88	0.84	0.82	0.88	0.82	0.8	0.78	0.92	0.8	0.8	0.78	0.76	0.74	0.86
18650	0.8	0.72	0.82	0.78	0.88	0.88	0.82	0.84	0.72	0.9	0.78	0.84	0.76	0.76	0.68	0.86
18700	0.82	0.72	0.8	0.76	0.86	0.84	0.82	0.82	0.7	0.82	0.78	0.8	0.72	0.78	0.66	0.86
18750	0.84	0.8	0.8	0.74	0.82	0.82	0.8	0.8	0.72	0.82	0.78	0.82	0.76	0.84	0.72	0.88
18800	0.82	0.76	0.74	0.74	0.78	0.82	0.82	0.78	0.74	0.84	0.78	0.78	0.76	0.82	0.74	0.92
18850	0.84	0.78	0.78	0.74	0.8	0.8	0.82	0.8	0.72	0.82	0.78	0.8	0.74	0.86	0.74	0.92
18900	0.86	0.82	0.76	0.72	0.78	0.82	0.8	0.8	0.7	0.8	0.78	0.8	0.74	0.88	0.74	0.9
18950	0.88	0.82	0.68	0.68	0.8	0.84	0.78	0.76	0.76	0.76	0.72	0.8	0.76	0.86	0.8	0.86
19000	0.84	0.82	0.7	0.64	0.76	0.8	0.78	0.74	0.76	0.76	0.7	0.76	0.78	0.86	0.82	0.84
19050	0.82	0.84	0.76	0.68	0.8	0.8	0.8	0.74	0.82	0.8	0.72	0.78	0.78	0.84	0.82	0.86
19100	0.8	0.88	0.82	0.8	0.86	0.82	0.82	0.72	0.8	0.86	0.72	0.76	0.84	0.84	0.8	0.84
19150	0.82	0.86	0.88	0.8	0.86	0.84	0.84	0.78	0.76	0.86	0.76	0.78	0.82	0.84	0.8	0.84
19200	0.76	0.84	0.88	0.82	0.84	0.88	0.88	0.78	0.76	0.86	0.8	0.78	0.82	0.82	0.8	0.84
19250	0.78	0.86	0.86	0.84	0.84	0.9	0.88	0.84	0.78	0.86	0.84	0.82	0.86	0.84	0.8	0.84
19300	0.74	0.8	0.84	0.88	0.84	0.92	0.86	0.78	0.76	0.84	0.84	0.84	0.82	0.8	0.76	0.84
19350	0.76	0.78	0.88	0.88	0.86	0.88	0.84	0.76	0.74	0.86	0.8	0.84	0.84	0.8	0.8	0.84
19400	0.74	0.78	0.9	0.88	0.88	0.92	0.82	0.76	0.78	0.88	0.8	0.86	0.86	0.82	0.82	0.88
19450	0.76	0.78	0.9	0.88	0.92	0.94	0.86	0.76	0.78	0.9	0.8	0.84	0.8	0.84	0.8	0.86
19500	0.76	0.76	0.82	0.84	0.9	0.92	0.84	0.76	0.84	0.92	0.78	0.82	0.84	0.8	0.82	0.88
19550	0.8	0.76	0.82	0.84	0.9	0.9	0.82	0.76	0.84	0.92	0.82	0.8	0.84	0.78	0.82	0.88
19600	0.8	0.78	0.8	0.86	0.92	0.88	0.82	0.76	0.82	0.9	0.8	0.78	0.86	0.78	0.84	0.9
19650	0.78	0.78	0.78	0.82	0.9	0.88	0.82	0.74	0.82	0.86	0.76	0.76	0.86	0.78	0.82	0.86
19700	0.8	0.76	0.8	0.86	0.9	0.9	0.9	0.8	0.9	0.84	0.74	0.74	0.84	0.78	0.82	0.88
19750	0.82	0.76	0.8	0.84	0.9	0.9	0.96	0.84	0.88	0.84	0.76	0.74	0.82	0.78	0.78	0.86
19800	0.84	0.76	0.78	0.82	0.92	0.9	0.94	0.88	0.84	0.82	0.8	0.74	0.84	0.76	0.8	0.88
19850	0.84	0.8	0.82	0.8	0.92	0.84	0.9	0.92	0.88	0.82	0.86	0.76	0.84	0.72	0.78	0.9
19900	0.86	0.78	0.84	0.78	0.94	0.86	0.9	0.88	0.86	0.8	0.84	0.78	0.86	0.7	0.8	0.9
19950	0.86	0.78	0.86	0.82	0.9	0.86	0.9	0.84	0.84	0.82	0.8	0.78	0.82	0.7	0.78	0.9
20000	0.88	0.78	0.88	0.8	0.9	0.88	0.9	0.84	0.86	0.88	0.8	0.76	0.82	0.72	0.78	0.9
