0	0.0	0.0	0.0	0.0	0.0	0.0	0.0	0.0	0.0	0.0	0.0	0.0	0.0	0.0	0.0	0.0
50	0.0	0.0	0.0	0.0	0.0	0.0	0.0	0.0	0.0	0.0	0.0	0.0	0.0	0.0	0.0	0.0
100	0.0	0.125	0.117647058824	0.117647058824	0.0625	0.0	0.0	0.0	0.0	0.0	0.0	0.0	0.0	0.0625	0.111111111111	0.0555555555556
150	0.0	0.0909090909091	0.1	0.0769230769231	0.0454545454545	0.0555555555556	0.0555555555556	0.0	0.0	0.0	0.0	0.0	0.0	0.05	0.0714285714286	0.047619047619
200	0.0	0.111111111111	0.148148148148	0.129032258065	0.125	0.107142857143	0.1	0.0	0.030303030303	0.03125	0.0588235294118	0.0	0.0	0.0384615384615	0.0909090909091	0.08
250	0.09375	0.107142857143	0.129032258065	0.151515151515	0.179487179487	0.114285714286	0.0769230769231	0.107142857143	0.025641025641	0.0526315789474	0.2	0.0869565217391	0.0769230769231	0.0625	0.0833333333333	0.137931034483
300	0.142857142857	0.138888888889	0.179487179487	0.186046511628	0.214285714286	0.125	0.129032258065	0.205882352941	0.127659574468	0.116279069767	0.185185185185	0.103448275862	0.151515151515	0.0789473684211	0.0851063829787	0.25
350	0.243902439024	0.19512195122	0.190476190476	0.25	0.222222222222	0.16	0.162162162162	0.25641025641	0.16	0.14	0.194444444444	0.135135135135	0.184210526316	0.111111111111	0.16	0.268292682927
400	0.25	0.244444444444	0.208333333333	0.3	0.204081632653	0.18	0.219512195122	0.295454545455	0.2	0.16	0.186046511628	0.224489795918	0.282608695652	0.2	0.26	0.288888888889
450	0.265306122449	0.28	0.3	0.42	0.26	0.22	0.282608695652	0.3	0.26	0.18	0.183673469388	0.24	0.32	0.24	0.26	0.265306122449
500	0.34	0.3	0.3	0.46	0.26	0.26	0.36	0.36	0.28	0.2	0.22	0.32	0.46	0.28	0.32	0.28
550	0.44	0.38	0.38	0.52	0.3	0.24	0.4	0.38	0.32	0.24	0.28	0.38	0.52	0.32	0.34	0.34
600	0.48	0.38	0.4	0.54	0.28	0.26	0.42	0.38	0.4	0.24	0.32	0.42	0.54	0.38	0.5	0.34
650	0.56	0.48	0.44	0.58	0.26	0.26	0.48	0.42	0.44	0.3	0.36	0.48	0.64	0.42	0.5	0.38
700	0.58	0.56	0.5	0.52	0.22	0.36	0.54	0.46	0.44	0.32	0.34	0.52	0.66	0.46	0.5	0.38
750	0.56	0.58	0.56	0.56	0.26	0.38	0.58	0.46	0.48	0.36	0.4	0.56	0.72	0.46	0.48	0.36
800	0.68	0.6	0.6	0.54	0.28	0.46	0.56	0.44	0.48	0.42	0.4	0.54	0.76	0.46	0.5	0.36
850	0.66	0.58	0.64	0.5	0.34	0.5	0.56	0.4	0.48	0.44	0.44	0.56	0.76	0.48	0.46	0.44
900	0.66	0.58	0.72	0.54	0.36	0.56	0.6	0.5	0.46	0.48	0.46	0.6	0.78	0.5	0.52	0.54
950	0.72	0.62	0.7	0.54	0.38	0.64	0.62	0.5	0.5	0.56	0.5	0.62	0.8	0.52	0.58	0.56
1000	0.74	0.7	0.7	0.54	0.4	0.64	0.64	0.54	0.58	0.56	0.54	0.64	0.78	0.56	0.56	0.58
1050	0.72	0.68	0.68	0.58	0.42	0.6	0.62	0.54	0.62	0.52	0.52	0.66	0.78	0.6	0.6	0.64
1100	0.7	0.66	0.64	0.58	0.46	0.62	0.62	0.62	0.58	0.52	0.54	0.64	0.8	0.62	0.66	0.66
1150	0.68	0.72	0.68	0.64	0.52	0.6	0.6	0.58	0.6	0.52	0.54	0.64	0.76	0.66	0.68	0.62
1200	0.66	0.66	0.66	0.64	0.5	0.64	0.58	0.54	0.62	0.54	0.56	0.62	0.72	0.68	0.74	0.6
1250	0.68	0.68	0.64	0.64	0.52	0.6	0.62	0.56	0.6	0.56	0.6	0.64	0.72	0.7	0.74	0.64
1300	0.66	0.66	0.64	0.66	0.5	0.58	0.62	0.52	0.6	0.58	0.58	0.64	0.7	0.76	0.76	0.64
1350	0.62	0.64	0.72	0.68	0.54	0.62	0.62	0.58	0.64	0.58	0.56	0.64	0.68	0.78	0.8	0.68
1400	0.64	0.6	0.76	0.66	0.6	0.62	0.62	0.64	0.66	0.56	0.58	0.64	0.68	0.76	0.76	0.66
1450	0.64	0.62	0.78	0.68	0.66	0.72	0.6	0.58	0.7	0.6	0.56	0.68	0.68	0.8	0.76	0.68
1500	0.7	0.7	0.82	0.68	0.64	0.76	0.62	0.54	0.72	0.64	0.58	0.76	0.7	0.8	0.76	0.68
1550	0.68	0.68	0.82	0.74	0.68	0.78	0.6	0.54	0.72	0.74	0.6	0.78	0.68	0.8	0.76	0.68
1600	0.64	0.68	0.84	0.68	0.7	0.8	0.66	0.64	0.72	0.76	0.66	0.8	0.66	0.76	0.72	0.7
1650	0.7	0.7	0.86	0.7	0.72	0.78	0.66	0.68	0.76	0.74	0.7	0.82	0.72	0.76	0.74	0.74
1700	0.68	0.7	0.82	0.68	0.74	0.78	0.66	0.66	0.78	0.76	0.7	0.82	0.76	0.74	0.68	0.76
1750	0.74	0.72	0.8	0.72	0.7	0.68	0.66	0.66	0.78	0.78	0.68	0.82	0.78	0.76	0.72	0.74
1800	0.7	0.74	0.74	0.74	0.72	0.66	0.62	0.66	0.78	0.74	0.7	0.78	0.72	0.78	0.76	0.76
1850	0.68	0.78	0.72	0.74	0.74	0.64	0.58	0.66	0.72	0.76	0.72	0.76	0.68	0.8	0.7	0.78
1900	0.68	0.8	0.7	0.72	0.78	0.6	0.54	0.66	0.74	0.74	0.74	0.76	0.7	0.78	0.72	0.76
1950	0.68	0.78	0.72	0.72	0.76	0.62	0.58	0.74	0.76	0.78	0.74	0.74	0.7	0.74	0.74	0.78
2000	0.7	0.76	0.7	0.74	0.76	0.64	0.64	0.76	0.76	0.74	0.74	0.74	0.7	0.8	0.78	0.82
2050	0.7	0.8	0.74	0.72	0.74	0.62	0.62	0.74	0.74	0.74	0.7	0.76	0.7	0.82	0.76	0.82
2100	0.74	0.84	0.76	0.68	0.68	0.64	0.62	0.72	0.78	0.74	0.68	0.74	0.7	0.82	0.76	0.76
2150	0.76	0.9	0.78	0.7	0.72	0.68	0.64	0.68	0.78	0.74	0.72	0.74	0.72	0.8	0.74	0.74
2200	0.82	0.9	0.84	0.7	0.74	0.68	0.58	0.66	0.74	0.7	0.7	0.74	0.76	0.8	0.76	0.7
2250	0.8	0.9	0.84	0.66	0.7	0.64	0.58	0.7	0.7	0.7	0.72	0.74	0.8	0.78	0.76	0.72
2300	0.86	0.9	0.82	0.64	0.66	0.64	0.6	0.72	0.7	0.7	0.72	0.72	0.78	0.8	0.76	0.7
2350	0.86	0.86	0.8	0.68	0.7	0.68	0.62	0.7	0.7	0.7	0.68	0.74	0.76	0.84	0.76	0.68
2400	0.86	0.8	0.76	0.7	0.7	0.66	0.64	0.64	0.7	0.68	0.7	0.72	0.72	0.86	0.78	0.66
2450	0.86	0.8	0.78	0.74	0.78	0.68	0.66	0.66	0.76	0.72	0.68	0.68	0.74	0.86	0.84	0.7
2500	0.82	0.78	0.78	0.72	0.82	0.7	0.62	0.64	0.74	0.74	0.7	0.72	0.72	0.84	0.8	0.72
2550	0.78	0.76	0.76	0.72	0.82	0.72	0.62	0.64	0.76	0.78	0.72	0.76	0.66	0.84	0.78	0.7
2600	0.76	0.78	0.82	0.72	0.82	0.7	0.6	0.62	0.8	0.76	0.74	0.74	0.66	0.82	0.8	0.76
2650	0.78	0.76	0.8	0.76	0.84	0.78	0.62	0.6	0.8	0.76	0.7	0.7	0.6	0.82	0.8	0.74
2700	0.78	0.8	0.76	0.78	0.82	0.8	0.68	0.66	0.8	0.74	0.54	0.7	0.66	0.82	0.76	0.76
2750	0.8	0.82	0.72	0.76	0.82	0.82	0.66	0.62	0.8	0.68	0.54	0.7	0.7	0.86	0.78	0.74
2800	0.78	0.82	0.72	0.76	0.76	0.78	0.66	0.64	0.8	0.7	0.58	0.7	0.7	0.84	0.8	0.7
2850	0.82	0.84	0.72	0.74	0.8	0.72	0.64	0.66	0.78	0.6	0.58	0.66	0.7	0.88	0.8	0.68
2900	0.84	0.84	0.74	0.76	0.8	0.7	0.64	0.64	0.8	0.6	0.56	0.66	0.7	0.86	0.84	0.72
2950	0.8	0.84	0.7	0.74	0.74	0.68	0.66	0.64	0.82	0.64	0.62	0.66	0.72	0.84	0.84	0.66
3000	0.84	0.8	0.68	0.74	0.76	0.72	0.7	0.6	0.82	0.7	0.68	0.74	0.76	0.84	0.8	0.62
3050	0.88	0.8	0.66	0.76	0.74	0.68	0.66	0.54	0.82	0.72	0.68	0.76	0.8	0.82	0.82	0.6
3100	0.84	0.78	0.62	0.74	0.74	0.68	0.6	0.54	0.84	0.74	0.66	0.8	0.8	0.76	0.78	0.6
3150	0.82	0.8	0.62	0.76	0.72	0.64	0.6	0.52	0.86	0.78	0.64	0.82	0.76	0.78	0.78	0.58
3200	0.76	0.76	0.66	0.74	0.7	0.64	0.62	0.5	0.86	0.8	0.66	0.82	0.74	0.76	0.76	0.54
3250	0.76	0.8	0.64	0.76	0.72	0.68	0.6	0.48	0.8	0.78	0.68	0.84	0.78	0.78	0.78	0.56
3300	0.74	0.76	0.66	0.72	0.74	0.76	0.64	0.46	0.82	0.8	0.7	0.84	0.76	0.82	0.78	0.56
3350	0.72	0.78	0.66	0.7	0.74	0.76	0.66	0.52	0.78	0.78	0.78	0.78	0.76	0.8	0.78	0.58
3400	0.74	0.8	0.74	0.74	0.74	0.78	0.62	0.5	0.74	0.74	0.76	0.82	0.8	0.82	0.84	0.6
3450	0.72	0.8	0.76	0.7	0.76	0.76	0.62	0.52	0.74	0.76	0.78	0.82	0.78	0.86	0.82	0.62
3500	0.7	0.84	0.78	0.7	0.78	0.78	0.62	0.52	0.74	0.78	0.78	0.8	0.78	0.9	0.8	0.64
3550	0.72	0.84	0.8	0.7	0.76	0.76	0.58	0.5	0.74	0.78	0.76	0.76	0.78	0.88	0.82	0.64
3600	0.68	0.82	0.78	0.68	0.76	0.8	0.54	0.52	0.72	0.74	0.72	0.76	0.78	0.88	0.82	0.62
3650	0.68	0.84	0.78	0.7	0.76	0.78	0.54	0.56	0.76	0.76	0.74	0.8	0.82	0.9	0.82	0.66
3700	0.72	0.82	0.78	0.7	0.76	0.74	0.52	0.54	0.78	0.74	0.68	0.82	0.8	0.9	0.82	0.68
3750	0.72	0.82	0.74	0.72	0.76	0.76	0.52	0.54	0.78	0.76	0.68	0.84	0.76	0.94	0.82	0.66
3800	0.7	0.82	0.74	0.7	0.78	0.76	0.54	0.58	0.78	0.76	0.68	0.8	0.74	0.9	0.8	0.68
3850	0.68	0.78	0.76	0.74	0.78	0.78	0.58	0.6	0.84	0.76	0.7	0.84	0.72	0.9	0.82	0.68
3900	0.68	0.78	0.76	0.74	0.78	0.78	0.62	0.64	0.84	0.74	0.72	0.86	0.74	0.88	0.82	0.68
3950	0.66	0.78	0.78	0.74	0.78	0.82	0.66	0.62	0.86	0.76	0.72	0.86	0.76	0.88	0.8	0.66
4000	0.66	0.74	0.78	0.76	0.78	0.78	0.68	0.64	0.84	0.76	0.74	0.84	0.74	0.84	0.78	0.74
4050	0.66	0.74	0.76	0.82	0.84	0.78	0.68	0.64	0.78	0.74	0.72	0.84	0.74	0.84	0.74	0.74
4100	0.64	0.72	0.78	0.8	0.82	0.8	0.74	0.66	0.78	0.72	0.7	0.8	0.8	0.74	0.76	0.76
4150	0.66	0.7	0.72	0.76	0.76	0.8	0.76	0.62	0.78	0.82	0.66	0.76	0.8	0.74	0.72	0.7
4200	0.68	0.68	0.7	0.74	0.76	0.8	0.76	0.6	0.76	0.8	0.64	0.74	0.82	0.68	0.74	0.68
4250	0.7	0.68	0.72	0.72	0.76	0.76	0.76	0.6	0.76	0.76	0.72	0.78	0.82	0.72	0.7	0.72
4300	0.68	0.68	0.72	0.76	0.72	0.72	0.7	0.6	0.66	0.74	0.72	0.78	0.86	0.7	0.7	0.7
4350	0.68	0.7	0.72	0.78	0.76	0.7	0.72	0.68	0.66	0.74	0.74	0.74	0.8	0.68	0.7	0.7
4400	0.7	0.68	0.72	0.76	0.7	0.68	0.7	0.7	0.66	0.74	0.74	0.74	0.76	0.68	0.7	0.72
4450	0.72	0.7	0.7	0.68	0.68	0.7	0.68	0.7	0.72	0.8	0.76	0.74	0.72	0.7	0.72	0.7
4500	0.68	0.76	0.78	0.66	0.74	0.72	0.68	0.68	0.74	0.74	0.8	0.74	0.72	0.72	0.68	0.72
4550	0.66	0.72	0.8	0.72	0.78	0.68	0.64	0.76	0.7	0.7	0.86	0.74	0.68	0.74	0.72	0.76
4600	0.66	0.78	0.78	0.72	0.78	0.66	0.64	0.8	0.72	0.72	0.86	0.78	0.68	0.74	0.74	0.78
4650	0.66	0.78	0.78	0.68	0.76	0.68	0.62	0.7	0.7	0.78	0.84	0.78	0.64	0.74	0.74	0.78
4700	0.66	0.8	0.78	0.7	0.78	0.7	0.66	0.66	0.7	0.8	0.84	0.84	0.68	0.74	0.74	0.74
4750	0.68	0.82	0.8	0.74	0.78	0.68	0.68	0.64	0.7	0.78	0.86	0.84	0.7	0.78	0.74	0.74
4800	0.72	0.8	0.78	0.78	0.78	0.74	0.66	0.66	0.72	0.78	0.86	0.86	0.72	0.8	0.72	0.72
4850	0.7	0.82	0.8	0.76	0.8	0.78	0.66	0.66	0.68	0.76	0.86	0.9	0.72	0.82	0.78	0.72
4900	0.7	0.78	0.8	0.76	0.76	0.8	0.68	0.62	0.66	0.76	0.84	0.9	0.72	0.82	0.76	0.7
4950	0.74	0.82	0.78	0.74	0.76	0.76	0.7	0.66	0.64	0.7	0.78	0.88	0.74	0.84	0.68	0.72
5000	0.78	0.84	0.82	0.74	0.76	0.8	0.66	0.6	0.64	0.72	0.82	0.94	0.78	0.86	0.7	0.74
5050	0.8	0.82	0.84	0.72	0.76	0.8	0.72	0.7	0.66	0.66	0.8	0.92	0.78	0.86	0.68	0.78
5100	0.8	0.78	0.82	0.7	0.76	0.78	0.72	0.72	0.66	0.66	0.82	0.9	0.74	0.86	0.66	0.78
5150	0.8	0.78	0.82	0.7	0.8	0.78	0.74	0.66	0.62	0.58	0.78	0.84	0.74	0.8	0.66	0.72
5200	0.76	0.78	0.82	0.68	0.74	0.76	0.72	0.64	0.66	0.6	0.72	0.8	0.78	0.76	0.64	0.7
5250	0.72	0.8	0.84	0.66	0.74	0.76	0.74	0.64	0.68	0.62	0.72	0.78	0.78	0.72	0.66	0.72
5300	0.7	0.78	0.8	0.62	0.72	0.76	0.72	0.62	0.76	0.7	0.72	0.76	0.82	0.72	0.74	0.7
5350	0.72	0.76	0.8	0.7	0.7	0.72	0.68	0.62	0.72	0.74	0.72	0.74	0.86	0.7	0.78	0.68
5400	0.7	0.82	0.82	0.68	0.68	0.76	0.7	0.56	0.76	0.78	0.7	0.74	0.88	0.7	0.8	0.62
5450	0.68	0.82	0.8	0.68	0.64	0.76	0.68	0.56	0.72	0.82	0.68	0.76	0.88	0.68	0.82	0.62
5500	0.68	0.8	0.8	0.68	0.66	0.68	0.6	0.52	0.7	0.76	0.68	0.74	0.84	0.66	0.78	0.64
5550	0.68	0.82	0.78	0.72	0.68	0.68	0.56	0.5	0.66	0.78	0.68	0.76	0.82	0.7	0.82	0.66
5600	0.78	0.84	0.82	0.76	0.74	0.74	0.6	0.54	0.68	0.82	0.7	0.76	0.84	0.7	0.8	0.7
5650	0.8	0.82	0.8	0.78	0.7	0.7	0.54	0.58	0.66	0.8	0.72	0.78	0.84	0.78	0.78	0.7
5700	0.78	0.78	0.84	0.8	0.72	0.66	0.56	0.6	0.66	0.78	0.72	0.82	0.72	0.8	0.76	0.74
5750	0.8	0.76	0.8	0.78	0.68	0.64	0.58	0.62	0.64	0.7	0.7	0.84	0.7	0.84	0.76	0.7
5800	0.74	0.76	0.76	0.76	0.68	0.62	0.58	0.62	0.66	0.7	0.78	0.82	0.68	0.82	0.78	0.68
5850	0.7	0.72	0.72	0.74	0.66	0.64	0.56	0.64	0.64	0.72	0.78	0.86	0.66	0.84	0.76	0.68
5900	0.66	0.66	0.66	0.7	0.66	0.64	0.64	0.62	0.68	0.76	0.8	0.84	0.64	0.8	0.74	0.68
5950	0.64	0.66	0.66	0.7	0.58	0.6	0.68	0.72	0.72	0.76	0.78	0.86	0.66	0.8	0.8	0.68
6000	0.66	0.64	0.6	0.7	0.58	0.62	0.68	0.72	0.74	0.74	0.74	0.86	0.64	0.8	0.82	0.66
6050	0.66	0.62	0.58	0.72	0.5	0.68	0.74	0.74	0.76	0.76	0.76	0.9	0.66	0.78	0.8	0.64
6100	0.66	0.6	0.6	0.68	0.56	0.72	0.76	0.7	0.8	0.8	0.76	0.9	0.7	0.78	0.82	0.64
6150	0.62	0.54	0.66	0.7	0.56	0.72	0.76	0.72	0.76	0.76	0.76	0.9	0.68	0.78	0.82	0.66
6200	0.64	0.54	0.66	0.76	0.62	0.74	0.74	0.68	0.78	0.76	0.7	0.86	0.7	0.8	0.82	0.7
6250	0.68	0.58	0.72	0.78	0.64	0.74	0.78	0.68	0.78	0.74	0.66	0.82	0.66	0.8	0.8	0.7
6300	0.74	0.54	0.7	0.8	0.68	0.76	0.76	0.66	0.76	0.74	0.66	0.82	0.68	0.82	0.78	0.74
6350	0.72	0.62	0.74	0.78	0.66	0.74	0.76	0.66	0.8	0.72	0.68	0.82	0.72	0.8	0.82	0.74
6400	0.72	0.64	0.78	0.78	0.7	0.7	0.76	0.66	0.82	0.7	0.64	0.82	0.72	0.82	0.82	0.74
6450	0.72	0.68	0.82	0.82	0.68	0.7	0.8	0.68	0.82	0.68	0.62	0.8	0.76	0.86	0.84	0.8
6500	0.7	0.7	0.82	0.84	0.68	0.66	0.78	0.7	0.84	0.7	0.64	0.8	0.7	0.84	0.82	0.84
6550	0.76	0.7	0.8	0.8	0.72	0.72	0.78	0.7	0.84	0.7	0.68	0.86	0.76	0.84	0.78	0.84
6600	0.8	0.7	0.8	0.8	0.76	0.72	0.78	0.66	0.88	0.74	0.66	0.84	0.78	0.84	0.78	0.82
6650	0.8	0.74	0.84	0.84	0.8	0.74	0.8	0.66	0.88	0.76	0.68	0.88	0.8	0.82	0.82	0.84
6700	0.8	0.74	0.86	0.78	0.78	0.72	0.78	0.66	0.86	0.74	0.72	0.88	0.78	0.8	0.76	0.84
6750	0.82	0.74	0.9	0.8	0.78	0.74	0.78	0.64	0.86	0.76	0.72	0.9	0.74	0.8	0.72	0.84
6800	0.86	0.76	0.9	0.8	0.84	0.78	0.82	0.62	0.84	0.78	0.72	0.9	0.74	0.8	0.7	0.8
6850	0.84	0.74	0.84	0.78	0.84	0.78	0.78	0.6	0.82	0.8	0.76	0.88	0.7	0.8	0.7	0.78
6900	0.82	0.74	0.84	0.76	0.82	0.8	0.78	0.56	0.86	0.8	0.7	0.86	0.68	0.82	0.74	0.76
6950	0.8	0.74	0.82	0.76	0.8	0.84	0.8	0.54	0.84	0.86	0.74	0.84	0.68	0.8	0.78	0.74
7000	0.78	0.72	0.8	0.8	0.78	0.82	0.82	0.56	0.78	0.84	0.72	0.86	0.7	0.84	0.76	0.7
7050	0.78	0.72	0.78	0.78	0.78	0.82	0.82	0.6	0.78	0.78	0.7	0.82	0.74	0.8	0.74	0.72
7100	0.76	0.72	0.78	0.76	0.78	0.88	0.78	0.66	0.78	0.84	0.74	0.82	0.72	0.82	0.74	0.7
7150	0.72	0.7	0.82	0.76	0.72	0.78	0.7	0.62	0.76	0.8	0.72	0.82	0.76	0.8	0.78	0.7
7200	0.66	0.7	0.8	0.76	0.72	0.78	0.72	0.68	0.72	0.76	0.68	0.78	0.8	0.76	0.82	0.72
7250	0.68	0.68	0.78	0.78	0.74	0.74	0.66	0.7	0.7	0.74	0.74	0.84	0.84	0.78	0.84	0.74
7300	0.68	0.74	0.78	0.82	0.74	0.72	0.62	0.68	0.64	0.72	0.76	0.84	0.88	0.76	0.84	0.74
7350	0.7	0.78	0.8	0.8	0.76	0.72	0.58	0.64	0.6	0.7	0.78	0.82	0.88	0.74	0.86	0.74
7400	0.72	0.74	0.78	0.78	0.78	0.76	0.6	0.68	0.6	0.74	0.8	0.82	0.88	0.74	0.8	0.76
7450	0.7	0.74	0.8	0.8	0.76	0.78	0.62	0.7	0.62	0.74	0.86	0.9	0.88	0.72	0.82	0.78
7500	0.7	0.76	0.8	0.8	0.82	0.82	0.62	0.78	0.62	0.76	0.84	0.9	0.88	0.74	0.8	0.84
7550	0.74	0.78	0.78	0.84	0.92	0.86	0.66	0.74	0.6	0.78	0.82	0.88	0.84	0.76	0.76	0.82
7600	0.74	0.8	0.8	0.84	0.9	0.86	0.72	0.74	0.7	0.82	0.84	0.88	0.8	0.74	0.78	0.86
7650	0.74	0.76	0.8	0.84	0.9	0.86	0.72	0.76	0.76	0.84	0.84	0.84	0.78	0.8	0.78	0.84
7700	0.72	0.74	0.8	0.8	0.88	0.86	0.72	0.82	0.74	0.88	0.84	0.84	0.8	0.8	0.74	0.84
7750	0.7	0.8	0.82	0.8	0.82	0.8	0.78	0.76	0.8	0.82	0.76	0.86	0.84	0.78	0.74	0.82
7800	0.74	0.82	0.84	0.82	0.8	0.8	0.7	0.76	0.8	0.84	0.74	0.88	0.84	0.84	0.7	0.84
7850	0.74	0.82	0.84	0.82	0.76	0.78	0.74	0.76	0.82	0.84	0.72	0.88	0.78	0.84	0.74	0.8
7900	0.72	0.82	0.86	0.8	0.7	0.78	0.74	0.74	0.82	0.84	0.7	0.88	0.78	0.84	0.78	0.72
7950	0.68	0.76	0.84	0.82	0.7	0.76	0.76	0.72	0.84	0.8	0.72	0.86	0.78	0.82	0.8	0.7
8000	0.74	0.76	0.86	0.86	0.68	0.78	0.74	0.66	0.82	0.8	0.76	0.9	0.78	0.86	0.8	0.64
8050	0.78	0.82	0.88	0.82	0.66	0.78	0.76	0.66	0.8	0.8	0.76	0.92	0.82	0.82	0.72	0.66
8100	0.76	0.8	0.86	0.84	0.68	0.74	0.7	0.64	0.76	0.8	0.74	0.94	0.82	0.74	0.72	0.68
8150	0.74	0.8	0.82	0.82	0.72	0.78	0.72	0.64	0.74	0.78	0.76	0.92	0.8	0.72	0.74	0.68
8200	0.74	0.78	0.8	0.82	0.78	0.82	0.74	0.6	0.76	0.74	0.74	0.9	0.82	0.74	0.72	0.68
8250	0.74	0.76	0.76	0.78	0.84	0.82	0.72	0.64	0.8	0.74	0.76	0.86	0.86	0.7	0.7	0.72
8300	0.78	0.76	0.74	0.76	0.88	0.82	0.76	0.64	0.78	0.76	0.74	0.84	0.86	0.68	0.66	0.72
8350	0.72	0.74	0.72	0.74	0.86	0.8	0.76	0.62	0.74	0.76	0.76	0.82	0.86	0.7	0.66	0.74
8400	0.78	0.74	0.74	0.78	0.88	0.82	0.78	0.7	0.76	0.82	0.74	0.78	0.88	0.66	0.68	0.8
8450	0.8	0.76	0.74	0.78	0.9	0.82	0.76	0.68	0.78	0.88	0.78	0.76	0.88	0.66	0.72	0.82
8500	0.76	0.78	0.74	0.8	0.86	0.8	0.72	0.72	0.82	0.88	0.74	0.74	0.88	0.68	0.78	0.84
8550	0.76	0.74	0.74	0.78	0.88	0.78	0.78	0.72	0.78	0.84	0.78	0.74	0.84	0.72	0.7	0.86
8600	0.72	0.72	0.74	0.84	0.88	0.76	0.78	0.72	0.8	0.82	0.76	0.74	0.8	0.68	0.68	0.84
8650	0.68	0.76	0.78	0.86	0.88	0.78	0.8	0.74	0.8	0.84	0.78	0.74	0.8	0.66	0.66	0.88
8700	0.68	0.74	0.8	0.88	0.88	0.74	0.84	0.72	0.84	0.82	0.74	0.72	0.82	0.64	0.68	0.88
8750	0.6	0.74	0.84	0.86	0.86	0.72	0.84	0.68	0.8	0.82	0.74	0.74	0.8	0.64	0.7	0.86
8800	0.64	0.78	0.84	0.86	0.86	0.72	0.78	0.68	0.82	0.84	0.78	0.76	0.8	0.68	0.74	0.84
8850	0.62	0.76	0.82	0.88	0.86	0.7	0.8	0.68	0.88	0.86	0.76	0.74	0.78	0.68	0.74	0.86
8900	0.58	0.72	0.86	0.9	0.84	0.72	0.8	0.68	0.9	0.88	0.8	0.78	0.8	0.64	0.74	0.78
8950	0.54	0.7	0.82	0.92	0.82	0.76	0.8	0.7	0.94	0.88	0.8	0.74	0.78	0.68	0.76	0.8
9000	0.52	0.66	0.84	0.92	0.82	0.76	0.78	0.72	0.88	0.94	0.82	0.78	0.74	0.72	0.82	0.82
9050	0.54	0.66	0.84	0.88	0.82	0.76	0.82	0.72	0.92	0.92	0.86	0.78	0.76	0.7	0.84	0.78
9100	0.56	0.7	0.82	0.84	0.82	0.76	0.8	0.74	0.9	0.9	0.9	0.82	0.78	0.74	0.84	0.78
9150	0.62	0.68	0.82	0.84	0.82	0.76	0.82	0.82	0.88	0.92	0.9	0.86	0.78	0.76	0.86	0.76
9200	0.64	0.64	0.8	0.84	0.86	0.84	0.86	0.82	0.86	0.92	0.92	0.86	0.8	0.82	0.84	0.8
9250	0.66	0.64	0.84	0.84	0.86	0.92	0.88	0.86	0.84	0.92	0.9	0.82	0.76	0.82	0.82	0.82
9300	0.66	0.62	0.84	0.84	0.86	0.92	0.9	0.88	0.78	0.9	0.92	0.84	0.76	0.82	0.76	0.8
9350	0.68	0.64	0.82	0.8	0.86	0.92	0.9	0.88	0.78	0.9	0.9	0.88	0.82	0.84	0.72	0.78
9400	0.72	0.68	0.76	0.82	0.86	0.9	0.86	0.8	0.76	0.9	0.86	0.84	0.82	0.8	0.68	0.78
9450	0.72	0.7	0.76	0.86	0.84	0.86	0.86	0.76	0.74	0.88	0.86	0.86	0.84	0.86	0.74	0.84
9500	0.7	0.7	0.78	0.88	0.86	0.86	0.88	0.78	0.74	0.86	0.84	0.84	0.78	0.82	0.74	0.84
9550	0.7	0.68	0.8	0.84	0.9	0.86	0.88	0.8	0.76	0.88	0.82	0.82	0.76	0.82	0.78	0.88
9600	0.68	0.68	0.8	0.82	0.9	0.82	0.86	0.8	0.82	0.86	0.82	0.82	0.7	0.82	0.78	0.88
9650	0.7	0.72	0.8	0.86	0.9	0.82	0.86	0.78	0.82	0.86	0.8	0.8	0.72	0.8	0.8	0.9
9700	0.7	0.74	0.84	0.86	0.88	0.78	0.82	0.76	0.88	0.86	0.82	0.84	0.74	0.82	0.84	0.86
9750	0.74	0.74	0.86	0.86	0.88	0.82	0.82	0.78	0.88	0.86	0.86	0.84	0.74	0.82	0.86	0.88
9800	0.74	0.72	0.86	0.88	0.9	0.8	0.84	0.84	0.92	0.88	0.9	0.86	0.76	0.8	0.84	0.88
9850	0.74	0.7	0.84	0.88	0.88	0.78	0.88	0.82	0.92	0.92	0.88	0.88	0.78	0.8	0.86	0.86
9900	0.82	0.72	0.82	0.8	0.9	0.82	0.9	0.82	0.92	0.88	0.84	0.86	0.78	0.78	0.82	0.88
9950	0.86	0.7	0.82	0.78	0.86	0.84	0.9	0.8	0.9	0.9	0.86	0.8	0.8	0.76	0.78	0.86
10000	0.84	0.74	0.76	0.72	0.86	0.82	0.9	0.8	0.9	0.88	0.88	0.8	0.8	0.76	0.78	0.86
10050	0.8	0.78	0.76	0.72	0.82	0.8	0.88	0.78	0.88	0.86	0.88	0.76	0.84	0.68	0.76	0.84
10100	0.78	0.78	0.78	0.68	0.82	0.8	0.9	0.84	0.88	0.84	0.86	0.72	0.76	0.68	0.72	0.88
10150	0.78	0.76	0.8	0.66	0.8	0.74	0.88	0.84	0.84	0.78	0.86	0.7	0.76	0.72	0.68	0.9
10200	0.74	0.76	0.78	0.68	0.8	0.72	0.88	0.84	0.86	0.78	0.86	0.7	0.68	0.7	0.72	0.9
10250	0.7	0.8	0.78	0.68	0.78	0.76	0.86	0.86	0.84	0.8	0.9	0.66	0.62	0.74	0.76	0.9
10300	0.7	0.8	0.8	0.66	0.74	0.76	0.8	0.84	0.82	0.82	0.92	0.74	0.6	0.76	0.78	0.9
10350	0.7	0.8	0.78	0.66	0.74	0.74	0.78	0.84	0.82	0.8	0.86	0.72	0.66	0.76	0.8	0.9
10400	0.72	0.78	0.76	0.7	0.74	0.74	0.76	0.84	0.84	0.8	0.84	0.78	0.68	0.76	0.8	0.9
10450	0.74	0.78	0.82	0.7	0.76	0.78	0.76	0.82	0.84	0.82	0.82	0.76	0.68	0.74	0.78	0.92
10500	0.78	0.82	0.84	0.76	0.72	0.74	0.78	0.84	0.82	0.82	0.84	0.78	0.68	0.78	0.8	0.9
10550	0.8	0.86	0.84	0.78	0.74	0.8	0.76	0.82	0.82	0.84	0.84	0.74	0.72	0.78	0.82	0.88
10600	0.78	0.82	0.78	0.8	0.76	0.76	0.78	0.82	0.82	0.84	0.82	0.72	0.78	0.74	0.82	0.84
10650	0.78	0.84	0.8	0.84	0.74	0.7	0.8	0.88	0.84	0.8	0.8	0.72	0.82	0.74	0.82	0.8
10700	0.76	0.82	0.8	0.82	0.74	0.72	0.82	0.88	0.86	0.8	0.82	0.72	0.8	0.72	0.82	0.8
10750	0.74	0.8	0.74	0.8	0.72	0.72	0.86	0.88	0.86	0.82	0.86	0.72	0.8	0.7	0.82	0.76
10800	0.68	0.76	0.72	0.78	0.68	0.68	0.84	0.92	0.84	0.8	0.92	0.7	0.82	0.66	0.8	0.74
10850	0.66	0.76	0.76	0.78	0.68	0.68	0.84	0.92	0.9	0.82	0.9	0.74	0.78	0.6	0.8	0.76
10900	0.68	0.78	0.76	0.78	0.66	0.72	0.84	0.92	0.9	0.88	0.92	0.76	0.76	0.62	0.82	0.78
10950	0.66	0.76	0.72	0.76	0.68	0.72	0.86	0.94	0.88	0.88	0.92	0.8	0.78	0.62	0.82	0.8
11000	0.72	0.68	0.7	0.8	0.72	0.7	0.86	0.88	0.84	0.88	0.9	0.82	0.76	0.66	0.78	0.8
11050	0.72	0.68	0.7	0.78	0.72	0.74	0.88	0.86	0.86	0.94	0.84	0.82	0.76	0.7	0.78	0.82
11100	0.72	0.68	0.64	0.72	0.72	0.74	0.86	0.88	0.86	0.96	0.84	0.82	0.78	0.68	0.82	0.86
11150	0.76	0.7	0.7	0.74	0.74	0.76	0.88	0.9	0.84	0.94	0.84	0.82	0.76	0.72	0.82	0.88
11200	0.8	0.72	0.74	0.78	0.74	0.76	0.86	0.9	0.86	0.92	0.82	0.84	0.82	0.78	0.86	0.9
11250	0.84	0.72	0.7	0.76	0.78	0.82	0.9	0.9	0.84	0.9	0.78	0.82	0.78	0.86	0.82	0.9
11300	0.78	0.74	0.72	0.76	0.76	0.78	0.88	0.84	0.84	0.88	0.76	0.8	0.76	0.8	0.8	0.84
11350	0.76	0.78	0.74	0.76	0.8	0.78	0.86	0.84	0.86	0.86	0.78	0.8	0.74	0.82	0.82	0.86
11400	0.8	0.78	0.72	0.76	0.78	0.74	0.84	0.86	0.88	0.86	0.8	0.8	0.74	0.78	0.78	0.88
11450	0.8	0.76	0.74	0.72	0.74	0.8	0.82	0.86	0.84	0.84	0.78	0.82	0.76	0.78	0.76	0.86
11500	0.8	0.72	0.72	0.74	0.8	0.8	0.82	0.82	0.84	0.86	0.78	0.82	0.78	0.78	0.76	0.82
11550	0.78	0.74	0.76	0.74	0.82	0.82	0.82	0.82	0.86	0.84	0.78	0.84	0.78	0.8	0.74	0.82
11600	0.74	0.74	0.78	0.82	0.82	0.8	0.8	0.76	0.82	0.82	0.74	0.82	0.78	0.74	0.76	0.82
11650	0.72	0.78	0.78	0.86	0.86	0.78	0.78	0.74	0.84	0.78	0.76	0.82	0.8	0.76	0.78	0.82
11700	0.62	0.74	0.78	0.86	0.88	0.78	0.78	0.76	0.84	0.78	0.76	0.82	0.76	0.74	0.78	0.8
11750	0.7	0.76	0.78	0.86	0.9	0.78	0.8	0.76	0.8	0.78	0.76	0.82	0.78	0.76	0.8	0.8
11800	0.7	0.78	0.74	0.84	0.92	0.82	0.82	0.76	0.8	0.78	0.78	0.78	0.8	0.72	0.8	0.76
11850	0.66	0.76	0.7	0.74	0.88	0.82	0.84	0.8	0.8	0.78	0.78	0.8	0.84	0.7	0.8	0.74
11900	0.66	0.8	0.68	0.72	0.88	0.8	0.82	0.82	0.8	0.74	0.8	0.8	0.88	0.76	0.8	0.76
11950	0.66	0.8	0.62	0.74	0.86	0.78	0.78	0.8	0.78	0.76	0.82	0.84	0.86	0.78	0.8	0.76
12000	0.62	0.82	0.62	0.74	0.84	0.76	0.82	0.82	0.8	0.76	0.84	0.86	0.88	0.82	0.82	0.78
12050	0.64	0.78	0.6	0.72	0.84	0.76	0.86	0.82	0.84	0.76	0.82	0.9	0.88	0.8	0.78	0.78
12100	0.66	0.74	0.64	0.7	0.84	0.76	0.84	0.84	0.86	0.82	0.88	0.9	0.92	0.8	0.78	0.78
12150	0.68	0.76	0.62	0.74	0.82	0.74	0.86	0.84	0.88	0.8	0.84	0.9	0.9	0.82	0.8	0.76
12200	0.68	0.76	0.64	0.74	0.78	0.74	0.84	0.78	0.88	0.78	0.8	0.86	0.88	0.78	0.8	0.74
12250	0.72	0.74	0.68	0.72	0.8	0.8	0.86	0.76	0.9	0.76	0.78	0.84	0.86	0.82	0.82	0.78
12300	0.72	0.74	0.7	0.72	0.78	0.82	0.86	0.7	0.9	0.76	0.7	0.78	0.84	0.82	0.8	0.82
12350	0.72	0.76	0.7	0.7	0.76	0.82	0.86	0.72	0.96	0.72	0.66	0.78	0.86	0.8	0.8	0.74
12400	0.72	0.78	0.72	0.74	0.76	0.84	0.88	0.72	0.96	0.72	0.66	0.78	0.86	0.8	0.82	0.74
12450	0.72	0.78	0.72	0.76	0.74	0.82	0.86	0.7	0.94	0.68	0.64	0.76	0.86	0.78	0.84	0.74
12500	0.7	0.76	0.7	0.76	0.74	0.9	0.88	0.72	0.9	0.68	0.6	0.78	0.84	0.8	0.8	0.76
12550	0.68	0.78	0.72	0.76	0.76	0.92	0.9	0.76	0.9	0.72	0.6	0.76	0.82	0.8	0.82	0.8
12600	0.64	0.72	0.7	0.78	0.8	0.9	0.9	0.76	0.92	0.74	0.62	0.76	0.84	0.8	0.86	0.8
12650	0.62	0.72	0.72	0.76	0.78	0.9	0.92	0.76	0.92	0.76	0.62	0.78	0.82	0.8	0.84	0.82
12700	0.62	0.72	0.68	0.72	0.76	0.92	0.88	0.78	0.9	0.82	0.7	0.8	0.84	0.78	0.82	0.82
12750	0.66	0.66	0.72	0.7	0.78	0.92	0.86	0.7	0.9	0.82	0.68	0.8	0.78	0.82	0.82	0.84
12800	0.64	0.66	0.68	0.72	0.78	0.92	0.88	0.68	0.88	0.86	0.72	0.84	0.78	0.8	0.84	0.84
12850	0.58	0.62	0.66	0.76	0.76	0.88	0.86	0.7	0.9	0.82	0.68	0.82	0.7	0.82	0.82	0.84
12900	0.64	0.62	0.7	0.74	0.76	0.84	0.86	0.68	0.88	0.82	0.66	0.84	0.72	0.84	0.84	0.84
12950	0.66	0.64	0.7	0.74	0.74	0.84	0.84	0.66	0.92	0.8	0.68	0.8	0.68	0.82	0.86	0.86
13000	0.68	0.62	0.68	0.7	0.72	0.86	0.84	0.72	0.92	0.8	0.72	0.8	0.62	0.84	0.82	0.82
13050	0.7	0.66	0.72	0.74	0.74	0.82	0.84	0.7	0.9	0.8	0.72	0.78	0.62	0.84	0.8	0.82
13100	0.7	0.66	0.74	0.78	0.74	0.78	0.84	0.68	0.86	0.8	0.7	0.76	0.62	0.84	0.82	0.78
13150	0.7	0.7	0.74	0.76	0.68	0.76	0.84	0.76	0.84	0.8	0.78	0.8	0.66	0.84	0.82	0.8
13200	0.72	0.72	0.76	0.78	0.7	0.82	0.86	0.78	0.86	0.8	0.76	0.78	0.7	0.86	0.82	0.82
13250	0.74	0.74	0.78	0.76	0.68	0.78	0.84	0.8	0.84	0.82	0.74	0.78	0.7	0.86	0.8	0.84
13300	0.78	0.74	0.76	0.78	0.74	0.8	0.78	0.76	0.84	0.84	0.7	0.76	0.74	0.86	0.82	0.84
13350	0.8	0.76	0.76	0.8	0.76	0.8	0.8	0.78	0.84	0.84	0.68	0.8	0.8	0.9	0.82	0.84
13400	0.84	0.78	0.74	0.84	0.74	0.78	0.78	0.8	0.8	0.84	0.66	0.78	0.82	0.9	0.84	0.82
13450	0.82	0.8	0.78	0.86	0.7	0.84	0.82	0.84	0.8	0.84	0.64	0.76	0.8	0.86	0.84	0.84
13500	0.84	0.78	0.7	0.78	0.7	0.82	0.8	0.82	0.78	0.84	0.6	0.74	0.86	0.88	0.82	0.8
13550	0.86	0.74	0.64	0.78	0.78	0.84	0.84	0.82	0.8	0.82	0.6	0.74	0.84	0.88	0.82	0.8
13600	0.86	0.74	0.64	0.76	0.78	0.86	0.84	0.82	0.82	0.82	0.54	0.74	0.82	0.86	0.82	0.82
13650	0.82	0.78	0.62	0.76	0.78	0.84	0.86	0.8	0.84	0.82	0.56	0.68	0.82	0.78	0.8	0.76
13700	0.82	0.8	0.68	0.76	0.74	0.8	0.9	0.82	0.84	0.78	0.58	0.66	0.84	0.76	0.8	0.74
13750	0.78	0.78	0.7	0.74	0.74	0.8	0.9	0.8	0.86	0.8	0.62	0.68	0.82	0.74	0.78	0.74
13800	0.7	0.76	0.68	0.76	0.72	0.78	0.9	0.8	0.86	0.76	0.58	0.68	0.82	0.74	0.8	0.72
13850	0.66	0.74	0.72	0.76	0.74	0.78	0.94	0.8	0.86	0.74	0.56	0.7	0.74	0.72	0.8	0.74
13900	0.64	0.68	0.74	0.8	0.78	0.8	0.94	0.78	0.88	0.78	0.6	0.72	0.7	0.74	0.84	0.76
13950	0.62	0.66	0.74	0.82	0.78	0.78	0.96	0.8	0.86	0.78	0.62	0.7	0.68	0.76	0.84	0.82
14000	0.66	0.72	0.8	0.8	0.78	0.76	0.94	0.82	0.86	0.76	0.64	0.74	0.72	0.74	0.84	0.86
14050	0.62	0.72	0.8	0.82	0.76	0.78	0.94	0.78	0.88	0.74	0.68	0.76	0.72	0.76	0.84	0.84
14100	0.58	0.68	0.78	0.82	0.78	0.74	0.86	0.76	0.88	0.76	0.72	0.76	0.72	0.76	0.86	0.82
14150	0.68	0.66	0.72	0.78	0.74	0.72	0.86	0.76	0.86	0.82	0.7	0.76	0.7	0.76	0.88	0.8
14200	0.68	0.66	0.66	0.78	0.74	0.7	0.84	0.76	0.9	0.84	0.7	0.78	0.74	0.74	0.88	0.8
14250	0.7	0.66	0.68	0.8	0.76	0.72	0.8	0.76	0.86	0.82	0.66	0.74	0.82	0.72	0.84	0.8
14300	0.7	0.76	0.72	0.8	0.8	0.74	0.8	0.74	0.84	0.76	0.64	0.74	0.8	0.72	0.8	0.78
14350	0.7	0.74	0.72	0.78	0.8	0.76	0.78	0.7	0.84	0.78	0.64	0.74	0.8	0.7	0.76	0.8
14400	0.7	0.74	0.7	0.76	0.78	0.8	0.78	0.7	0.8	0.76	0.7	0.72	0.82	0.72	0.78	0.8
14450	0.72	0.7	0.7	0.78	0.82	0.8	0.8	0.7	0.82	0.76	0.68	0.72	0.82	0.72	0.76	0.8
14500	0.7	0.72	0.7	0.78	0.78	0.74	0.82	0.76	0.82	0.78	0.7	0.66	0.82	0.72	0.78	0.82
14550	0.7	0.76	0.8	0.84	0.78	0.72	0.78	0.76	0.8	0.76	0.66	0.66	0.82	0.68	0.74	0.86
14600	0.72	0.74	0.84	0.82	0.74	0.72	0.8	0.74	0.8	0.76	0.74	0.72	0.76	0.7	0.74	0.84
14650	0.74	0.74	0.84	0.82	0.74	0.68	0.78	0.74	0.76	0.78	0.74	0.7	0.72	0.7	0.74	0.86
14700	0.78	0.72	0.82	0.86	0.72	0.64	0.76	0.74	0.76	0.74	0.78	0.66	0.68	0.74	0.8	0.84
14750	0.78	0.72	0.82	0.86	0.72	0.62	0.76	0.74	0.8	0.78	0.74	0.62	0.66	0.74	0.8	0.84
14800	0.8	0.74	0.84	0.88	0.76	0.62	0.8	0.76	0.76	0.76	0.76	0.66	0.66	0.7	0.78	0.88
14850	0.82	0.76	0.84	0.9	0.76	0.64	0.78	0.76	0.82	0.7	0.76	0.64	0.64	0.68	0.8	0.92
14900	0.84	0.76	0.84	0.84	0.78	0.72	0.76	0.76	0.78	0.72	0.74	0.66	0.66	0.68	0.78	0.9
14950	0.84	0.82	0.88	0.8	0.76	0.76	0.82	0.78	0.84	0.72	0.76	0.66	0.68	0.66	0.8	0.88
15000	0.88	0.82	0.88	0.78	0.78	0.78	0.78	0.82	0.84	0.72	0.72	0.6	0.68	0.7	0.76	0.88
15050	0.86	0.84	0.88	0.8	0.78	0.8	0.8	0.84	0.82	0.78	0.74	0.6	0.72	0.68	0.76	0.92
15100	0.8	0.78	0.82	0.8	0.8	0.8	0.82	0.88	0.82	0.78	0.7	0.66	0.72	0.66	0.72	0.92
15150	0.78	0.76	0.76	0.76	0.82	0.82	0.82	0.88	0.82	0.82	0.74	0.68	0.72	0.72	0.68	0.88
15200	0.76	0.74	0.72	0.7	0.78	0.78	0.82	0.84	0.82	0.82	0.72	0.66	0.68	0.7	0.64	0.86
15250	0.7	0.74	0.72	0.7	0.78	0.84	0.84	0.86	0.84	0.82	0.76	0.7	0.68	0.68	0.66	0.84
15300	0.68	0.7	0.68	0.8	0.86	0.82	0.86	0.84	0.82	0.84	0.74	0.7	0.66	0.72	0.72	0.82
15350	0.66	0.66	0.68	0.78	0.84	0.82	0.88	0.84	0.82	0.88	0.72	0.62	0.62	0.74	0.68	0.82
15400	0.64	0.68	0.72	0.74	0.86	0.82	0.86	0.86	0.76	0.86	0.68	0.62	0.64	0.72	0.66	0.82
15450	0.62	0.66	0.7	0.76	0.86	0.86	0.86	0.84	0.68	0.82	0.68	0.6	0.62	0.7	0.66	0.78
15500	0.6	0.64	0.66	0.76	0.84	0.86	0.84	0.82	0.66	0.8	0.7	0.58	0.58	0.66	0.62	0.78
15550	0.62	0.66	0.64	0.8	0.86	0.82	0.8	0.82	0.7	0.84	0.7	0.56	0.62	0.7	0.68	0.82
15600	0.66	0.7	0.66	0.8	0.82	0.8	0.78	0.82	0.72	0.86	0.7	0.56	0.66	0.72	0.72	0.8
15650	0.68	0.72	0.68	0.82	0.8	0.8	0.78	0.8	0.7	0.84	0.66	0.6	0.68	0.76	0.72	0.8
15700	0.7	0.72	0.74	0.8	0.78	0.78	0.76	0.8	0.74	0.88	0.72	0.66	0.72	0.74	0.7	0.82
15750	0.7	0.68	0.78	0.8	0.8	0.8	0.76	0.78	0.8	0.88	0.74	0.68	0.7	0.74	0.7	0.84
15800	0.68	0.66	0.78	0.8	0.78	0.74	0.74	0.76	0.82	0.88	0.76	0.76	0.72	0.72	0.7	0.82
15850	0.74	0.66	0.76	0.76	0.8	0.72	0.76	0.78	0.86	0.88	0.74	0.78	0.74	0.82	0.66	0.86
15900	0.76	0.68	0.7	0.78	0.82	0.76	0.78	0.8	0.88	0.88	0.78	0.78	0.8	0.76	0.74	0.82
15950	0.8	0.68	0.7	0.76	0.86	0.76	0.74	0.76	0.88	0.88	0.78	0.76	0.78	0.7	0.76	0.84
16000	0.74	0.66	0.7	0.76	0.86	0.76	0.74	0.76	0.88	0.88	0.8	0.78	0.82	0.68	0.76	0.84
16050	0.72	0.64	0.7	0.78	0.9	0.72	0.74	0.78	0.88	0.88	0.82	0.72	0.82	0.6	0.78	0.84
16100	0.68	0.64	0.74	0.76	0.86	0.72	0.74	0.72	0.86	0.86	0.78	0.68	0.8	0.6	0.82	0.82
16150	0.7	0.64	0.76	0.74	0.82	0.74	0.76	0.72	0.88	0.88	0.78	0.7	0.82	0.66	0.82	0.82
16200	0.68	0.66	0.74	0.78	0.8	0.7	0.78	0.76	0.86	0.86	0.84	0.72	0.8	0.64	0.82	0.8
16250	0.66	0.64	0.78	0.74	0.76	0.7	0.82	0.74	0.86	0.86	0.78	0.7	0.8	0.66	0.78	0.8
16300	0.64	0.64	0.74	0.76	0.78	0.72	0.82	0.72	0.86	0.86	0.8	0.74	0.78	0.66	0.78	0.82
16350	0.64	0.64	0.74	0.74	0.76	0.7	0.82	0.72	0.86	0.86	0.8	0.76	0.82	0.64	0.82	0.8
16400	0.62	0.68	0.74	0.76	0.76	0.72	0.84	0.72	0.86	0.84	0.74	0.72	0.78	0.68	0.84	0.84
16450	0.64	0.66	0.72	0.74	0.74	0.72	0.84	0.72	0.9	0.86	0.74	0.76	0.74	0.74	0.82	0.88
16500	0.7	0.7	0.74	0.72	0.7	0.7	0.84	0.72	0.9	0.86	0.74	0.76	0.76	0.74	0.82	0.86
16550	0.68	0.74	0.76	0.72	0.7	0.7	0.84	0.76	0.9	0.88	0.76	0.78	0.76	0.74	0.82	0.84
16600	0.64	0.74	0.74	0.66	0.7	0.76	0.82	0.74	0.9	0.92	0.76	0.78	0.78	0.74	0.78	0.84
16650	0.68	0.72	0.74	0.68	0.68	0.74	0.82	0.74	0.88	0.9	0.7	0.78	0.76	0.82	0.78	0.84
16700	0.72	0.72	0.74	0.68	0.7	0.7	0.78	0.72	0.84	0.88	0.7	0.78	0.74	0.84	0.76	0.86
16750	0.74	0.78	0.78	0.74	0.7	0.74	0.78	0.7	0.82	0.84	0.7	0.78	0.76	0.84	0.76	0.82
16800	0.72	0.82	0.78	0.72	0.72	0.76	0.76	0.7	0.78	0.8	0.68	0.78	0.8	0.8	0.76	0.8
16850	0.72	0.76	0.78	0.74	0.74	0.8	0.74	0.74	0.74	0.82	0.68	0.72	0.78	0.8	0.76	0.8
16900	0.7	0.74	0.78	0.78	0.78	0.8	0.76	0.72	0.72	0.8	0.68	0.72	0.76	0.78	0.76	0.8
16950	0.68	0.7	0.68	0.72	0.78	0.8	0.76	0.7	0.7	0.8	0.7	0.7	0.76	0.76	0.76	0.74
17000	0.76	0.74	0.72	0.78	0.84	0.84	0.76	0.72	0.68	0.78	0.68	0.72	0.78	0.78	0.74	0.78
17050	0.7	0.68	0.74	0.78	0.8	0.84	0.76	0.74	0.68	0.8	0.7	0.72	0.76	0.8	0.76	0.76
17100	0.68	0.7	0.76	0.78	0.84	0.84	0.72	0.74	0.66	0.8	0.72	0.74	0.74	0.82	0.8	0.74
17150	0.66	0.66	0.76	0.76	0.84	0.86	0.76	0.74	0.7	0.84	0.74	0.76	0.76	0.84	0.78	0.76
17200	0.66	0.64	0.78	0.78	0.8	0.86	0.76	0.74	0.72	0.84	0.74	0.76	0.76	0.84	0.78	0.76
17250	0.66	0.66	0.76	0.74	0.8	0.86	0.72	0.66	0.76	0.8	0.74	0.8	0.76	0.82	0.8	0.72
17300	0.68	0.66	0.76	0.74	0.8	0.86	0.7	0.68	0.76	0.84	0.74	0.82	0.78	0.82	0.82	0.72
17350	0.62	0.64	0.8	0.74	0.76	0.82	0.72	0.68	0.78	0.84	0.76	0.8	0.76	0.78	0.84	0.78
17400	0.64	0.62	0.74	0.8	0.74	0.78	0.72	0.66	0.82	0.86	0.74	0.88	0.76	0.78	0.84	0.74
17450	0.64	0.66	0.76	0.8	0.78	0.82	0.74	0.68	0.84	0.86	0.76	0.9	0.78	0.74	0.84	0.74
17500	0.68	0.72	0.72	0.82	0.78	0.8	0.78	0.66	0.9	0.82	0.74	0.9	0.8	0.74	0.86	0.76
17550	0.68	0.72	0.72	0.8	0.8	0.78	0.8	0.74	0.92	0.86	0.76	0.86	0.78	0.74	0.9	0.78
17600	0.68	0.68	0.7	0.78	0.82	0.78	0.82	0.72	0.92	0.88	0.76	0.82	0.78	0.68	0.84	0.8
17650	0.72	0.7	0.74	0.78	0.82	0.74	0.82	0.7	0.94	0.86	0.74	0.8	0.76	0.68	0.84	0.82
17700	0.74	0.7	0.74	0.76	0.8	0.74	0.82	0.74	0.96	0.86	0.8	0.82	0.78	0.76	0.84	0.82
17750	0.74	0.74	0.78	0.74	0.84	0.74	0.82	0.72	0.96	0.86	0.8	0.82	0.8	0.72	0.82	0.8
17800	0.7	0.74	0.8	0.74	0.88	0.8	0.78	0.72	0.92	0.86	0.78	0.78	0.8	0.68	0.78	0.84
17850	0.72	0.76	0.8	0.74	0.84	0.8	0.76	0.72	0.92	0.84	0.76	0.76	0.8	0.66	0.8	0.8
17900	0.68	0.78	0.8	0.72	0.8	0.78	0.8	0.74	0.94	0.84	0.8	0.76	0.8	0.7	0.8	0.78
17950	0.64	0.76	0.84	0.7	0.76	0.8	0.78	0.78	0.94	0.84	0.82	0.78	0.78	0.72	0.86	0.78
18000	0.62	0.74	0.82	0.74	0.78	0.8	0.8	0.78	0.92	0.84	0.86	0.8	0.74	0.72	0.86	0.74
18050	0.66	0.74	0.86	0.76	0.72	0.76	0.8	0.8	0.92	0.84	0.84	0.8	0.72	0.7	0.86	0.76
18100	0.62	0.7	0.82	0.74	0.7	0.76	0.82	0.8	0.98	0.82	0.8	0.82	0.72	0.72	0.86	0.72
18150	0.62	0.74	0.8	0.76	0.7	0.72	0.84	0.84	0.96	0.74	0.78	0.8	0.72	0.78	0.9	0.76
18200	0.68	0.74	0.82	0.78	0.72	0.68	0.86	0.82	0.92	0.68	0.7	0.82	0.78	0.8	0.9	0.76
18250	0.72	0.7	0.78	0.78	0.68	0.66	0.84	0.82	0.9	0.68	0.68	0.8	0.8	0.8	0.9	0.76
18300	0.76	0.72	0.78	0.74	0.68	0.6	0.84	0.76	0.86	0.58	0.7	0.82	0.8	0.8	0.88	0.76
18350	0.72	0.72	0.76	0.76	0.74	0.66	0.84	0.78	0.86	0.56	0.64	0.82	0.78	0.8	0.9	0.8
18400	0.74	0.78	0.74	0.7	0.72	0.66	0.82	0.76	0.86	0.56	0.64	0.84	0.82	0.86	0.86	0.78
18450	0.74	0.8	0.72	0.66	0.7	0.68	0.84	0.78	0.84	0.56	0.7	0.88	0.84	0.86	0.84	0.78
18500	0.76	0.82	0.74	0.62	0.72	0.66	0.78	0.76	0.8	0.56	0.74	0.82	0.84	0.84	0.8	0.74
18550	0.78	0.84	0.72	0.64	0.7	0.66	0.78	0.72	0.76	0.56	0.8	0.8	0.82	0.84	0.78	0.72
18600	0.78	0.86	0.72	0.6	0.72	0.7	0.78	0.78	0.76	0.58	0.84	0.82	0.82	0.84	0.76	0.72
18650	0.76	0.9	0.72	0.6	0.72	0.74	0.82	0.78	0.74	0.68	0.78	0.82	0.82	0.84	0.76	0.76
18700	0.78	0.88	0.76	0.62	0.78	0.8	0.8	0.76	0.72	0.7	0.8	0.84	0.8	0.84	0.72	0.76
18750	0.76	0.84	0.74	0.64	0.82	0.82	0.76	0.74	0.7	0.8	0.82	0.84	0.74	0.82	0.7	0.8
18800	0.72	0.8	0.76	0.68	0.82	0.82	0.76	0.76	0.72	0.8	0.84	0.82	0.76	0.78	0.7	0.82
18850	0.68	0.78	0.74	0.68	0.86	0.8	0.76	0.74	0.7	0.8	0.82	0.84	0.76	0.78	0.66	0.82
18900	0.68	0.74	0.7	0.74	0.9	0.84	0.8	0.74	0.74	0.8	0.84	0.84	0.7	0.82	0.72	0.78
18950	0.66	0.76	0.72	0.8	0.94	0.86	0.86	0.74	0.78	0.8	0.82	0.78	0.66	0.82	0.74	0.78
19000	0.62	0.7	0.7	0.82	0.96	0.88	0.84	0.74	0.8	0.8	0.82	0.82	0.64	0.82	0.76	0.8
19050	0.6	0.7	0.76	0.84	0.96	0.86	0.84	0.8	0.8	0.76	0.82	0.84	0.64	0.82	0.76	0.84
19100	0.64	0.76	0.78	0.82	0.9	0.86	0.84	0.8	0.86	0.76	0.84	0.86	0.66	0.84	0.78	0.84
19150	0.66	0.76	0.8	0.8	0.88	0.82	0.82	0.78	0.86	0.76	0.8	0.8	0.66	0.84	0.84	0.86
19200	0.64	0.76	0.78	0.78	0.84	0.84	0.84	0.78	0.88	0.76	0.82	0.76	0.66	0.84	0.84	0.84
19250	0.62	0.78	0.8	0.82	0.82	0.86	0.86	0.76	0.9	0.76	0.76	0.74	0.62	0.8	0.86	0.84
19300	0.6	0.78	0.84	0.78	0.82	0.86	0.82	0.8	0.86	0.74	0.74	0.76	0.6	0.8	0.86	0.86
19350	0.64	0.78	0.84	0.76	0.8	0.82	0.8	0.78	0.82	0.7	0.74	0.74	0.62	0.82	0.84	0.9
19400	0.72	0.8	0.84	0.74	0.8	0.82	0.76	0.76	0.86	0.72	0.74	0.76	0.68	0.82	0.82	0.9
19450	0.7	0.8	0.84	0.72	0.8	0.8	0.78	0.72	0.86	0.76	0.74	0.72	0.68	0.76	0.8	0.82
19500	0.64	0.76	0.84	0.72	0.78	0.78	0.76	0.68	0.86	0.78	0.78	0.74	0.74	0.76	0.76	0.8
19550	0.68	0.78	0.82	0.72	0.8	0.74	0.76	0.72	0.84	0.76	0.78	0.74	0.76	0.74	0.7	0.8
19600	0.72	0.8	0.84	0.7	0.76	0.74	0.74	0.72	0.82	0.76	0.78	0.74	0.74	0.72	0.7	0.84
19650	0.68	0.78	0.9	0.66	0.72	0.74	0.74	0.74	0.82	0.84	0.82	0.72	0.72	0.7	0.7	0.8
19700	0.64	0.76	0.88	0.66	0.72	0.72	0.7	0.74	0.78	0.86	0.84	0.74	0.7	0.7	0.66	0.8
19750	0.62	0.76	0.86	0.66	0.72	0.78	0.74	0.76	0.78	0.84	0.84	0.7	0.74	0.68	0.68	0.84
19800	0.62	0.74	0.86	0.6	0.74	0.8	0.72	0.76	0.78	0.84	0.8	0.7	0.76	0.68	0.66	0.9
19850	0.64	0.74	0.82	0.58	0.74	0.78	0.68	0.76	0.74	0.76	0.72	0.7	0.74	0.72	0.72	0.9
19900	0.66	0.74	0.84	0.62	0.76	0.82	0.66	0.78	0.72	0.68	0.68	0.72	0.72	0.7	0.74	0.9
19950	0.68	0.74	0.8	0.62	0.7	0.76	0.66	0.78	0.72	0.68	0.66	0.66	0.76	0.7	0.74	0.88
20000	0.66	0.64	0.76	0.66	0.72	0.8	0.7	0.74	0.72	0.64	0.66	0.68	0.74	0.7	0.76	0.84
