0	0.0	0.0	0.0	0.0	0.0	0.0	0.0	0.0	0.0	0.0	0.0	0.0	0.0	0.0	0.0	0.0
50	0.08	0.0	0.0	0.0	0.0	0.2	0.0	0.0	0.0	0.0	0.0	0.375	0.0	0.0	0.0	0.0
100	0.24	0.181818181818	0.25	0.0	0.0	0.142857142857	0.0	0.166666666667	0.125	0.0	0.0	0.333333333333	0.0833333333333	0.0	0.142857142857	0.4
150	0.24	0.214285714286	0.2	0.0	0.0	0.230769230769	0.0	0.272727272727	0.214285714286	0.2	0.0	0.285714285714	0.0666666666667	0.0	0.181818181818	0.5
200	0.42	0.2	0.166666666667	0.0	0.125	0.25	0.0	0.5	0.222222222222	0.25	0.142857142857	0.368421052632	0.0555555555556	0.25	0.3125	0.571428571429
250	0.4	0.166666666667	0.266666666667	0.0	0.333333333333	0.235294117647	0.166666666667	0.521739130435	0.227272727273	0.277777777778	0.125	0.368421052632	0.217391304348	0.25	0.277777777778	0.529411764706
300	0.36	0.190476190476	0.222222222222	0.047619047619	0.25	0.272727272727	0.214285714286	0.5	0.357142857143	0.263157894737	0.230769230769	0.409090909091	0.230769230769	0.214285714286	0.315789473684	0.473684210526
350	0.44	0.208333333333	0.304347826087	0.0434782608696	0.210526315789	0.36	0.176470588235	0.515151515152	0.387096774194	0.304347826087	0.25	0.384615384615	0.25	0.222222222222	0.380952380952	0.478260869565
400	0.46	0.259259259259	0.259259259259	0.04	0.238095238095	0.433333333333	0.291666666667	0.527777777778	0.382352941176	0.269230769231	0.277777777778	0.451612903226	0.233333333333	0.304347826087	0.347826086957	0.48
450	0.7	0.3	0.354838709677	0.133333333333	0.260869565217	0.513513513514	0.285714285714	0.585365853659	0.382352941176	0.25	0.3	0.46875	0.264705882353	0.407407407407	0.392857142857	0.518518518519
500	0.6	0.342857142857	0.393939393939	0.121212121212	0.307692307692	0.547619047619	0.275862068966	0.604651162791	0.45	0.258064516129	0.304347826087	0.416666666667	0.324324324324	0.4	0.454545454545	0.551724137931
550	0.4	0.315789473684	0.371428571429	0.184210526316	0.321428571429	0.574468085106	0.34375	0.6	0.45	0.272727272727	0.32	0.390243902439	0.355555555556	0.342857142857	0.441176470588	0.5
600	0.56	0.292682926829	0.428571428571	0.272727272727	0.30303030303	0.5625	0.405405405405	0.591836734694	0.428571428571	0.272727272727	0.354838709677	0.422222222222	0.375	0.394736842105	0.441176470588	0.485714285714
650	0.52	0.333333333333	0.441860465116	0.276595744681	0.351351351351	0.551020408163	0.452380952381	0.58	0.448979591837	0.277777777778	0.333333333333	0.425531914894	0.36	0.422222222222	0.459459459459	0.487179487179
700	0.68	0.347826086957	0.489795918367	0.34	0.342105263158	0.6	0.5	0.58	0.5	0.27027027027	0.384615384615	0.46	0.38	0.422222222222	0.463414634146	0.511627906977
750	0.6	0.38	0.5	0.36	0.418604651163	0.64	0.6	0.6	0.5	0.317073170732	0.375	0.48	0.38	0.425531914894	0.452380952381	0.5
800	0.68	0.46	0.56	0.42	0.446808510638	0.66	0.64	0.64	0.5	0.382978723404	0.431818181818	0.46	0.38	0.425531914894	0.489361702128	0.510204081633
850	0.64	0.46	0.56	0.44	0.48	0.74	0.64	0.64	0.54	0.46	0.468085106383	0.46	0.38	0.425531914894	0.46	0.54
900	0.72	0.52	0.56	0.52	0.54	0.76	0.64	0.64	0.54	0.5	0.48	0.5	0.38	0.46	0.48	0.6
950	0.78	0.6	0.62	0.56	0.62	0.76	0.72	0.62	0.58	0.48	0.52	0.5	0.4	0.54	0.48	0.6
1000	0.66	0.58	0.6	0.54	0.62	0.76	0.76	0.62	0.7	0.44	0.54	0.5	0.44	0.54	0.5	0.6
1050	0.78	0.58	0.52	0.62	0.68	0.76	0.78	0.62	0.72	0.54	0.54	0.56	0.5	0.56	0.54	0.58
1100	0.78	0.6	0.56	0.64	0.72	0.78	0.8	0.68	0.74	0.56	0.54	0.6	0.5	0.6	0.56	0.56
1150	0.84	0.66	0.56	0.64	0.78	0.76	0.8	0.74	0.76	0.64	0.58	0.66	0.5	0.64	0.58	0.64
1200	0.78	0.68	0.52	0.68	0.78	0.76	0.82	0.72	0.76	0.68	0.62	0.68	0.54	0.66	0.58	0.68
1250	0.74	0.7	0.52	0.68	0.82	0.76	0.8	0.74	0.78	0.68	0.6	0.72	0.58	0.68	0.6	0.66
1300	0.76	0.7	0.54	0.7	0.84	0.74	0.78	0.74	0.8	0.7	0.62	0.72	0.6	0.76	0.64	0.66
1350	0.78	0.7	0.54	0.7	0.86	0.74	0.78	0.72	0.78	0.7	0.62	0.7	0.6	0.74	0.66	0.74
1400	0.74	0.7	0.56	0.68	0.9	0.74	0.8	0.7	0.84	0.68	0.68	0.7	0.58	0.74	0.66	0.76
1450	0.68	0.7	0.58	0.68	0.9	0.76	0.8	0.68	0.86	0.68	0.66	0.74	0.58	0.76	0.68	0.78
1500	0.78	0.68	0.56	0.7	0.9	0.76	0.8	0.68	0.9	0.7	0.68	0.78	0.6	0.76	0.72	0.8
1550	0.64	0.64	0.58	0.68	0.88	0.76	0.8	0.72	0.88	0.68	0.68	0.82	0.58	0.76	0.72	0.82
1600	0.68	0.68	0.58	0.66	0.88	0.76	0.82	0.7	0.88	0.68	0.68	0.82	0.64	0.72	0.74	0.78
1650	0.78	0.72	0.58	0.66	0.86	0.78	0.84	0.74	0.84	0.68	0.7	0.82	0.68	0.76	0.74	0.78
1700	0.76	0.7	0.64	0.68	0.84	0.76	0.82	0.74	0.82	0.68	0.68	0.84	0.66	0.76	0.76	0.78
1750	0.72	0.66	0.64	0.7	0.84	0.74	0.8	0.72	0.82	0.68	0.68	0.82	0.64	0.74	0.76	0.8
1800	0.74	0.66	0.64	0.7	0.86	0.72	0.78	0.74	0.78	0.72	0.7	0.8	0.68	0.74	0.76	0.78
1850	0.82	0.64	0.68	0.76	0.86	0.72	0.78	0.74	0.78	0.72	0.74	0.8	0.68	0.74	0.8	0.76
1900	0.82	0.64	0.66	0.72	0.88	0.72	0.78	0.7	0.76	0.72	0.76	0.8	0.7	0.72	0.84	0.78
1950	0.74	0.62	0.66	0.76	0.86	0.7	0.82	0.72	0.76	0.7	0.8	0.78	0.72	0.7	0.8	0.76
2000	0.78	0.62	0.68	0.74	0.86	0.68	0.8	0.72	0.78	0.72	0.8	0.78	0.72	0.7	0.76	0.76
2050	0.7	0.6	0.64	0.74	0.84	0.7	0.8	0.72	0.76	0.72	0.82	0.78	0.74	0.7	0.76	0.74
2100	0.82	0.66	0.66	0.74	0.84	0.72	0.84	0.72	0.76	0.72	0.8	0.8	0.74	0.7	0.72	0.74
2150	0.8	0.66	0.68	0.72	0.86	0.72	0.84	0.76	0.72	0.72	0.82	0.8	0.74	0.72	0.7	0.76
2200	0.68	0.66	0.66	0.72	0.86	0.72	0.82	0.74	0.74	0.7	0.82	0.78	0.74	0.74	0.72	0.78
2250	0.8	0.68	0.66	0.76	0.84	0.74	0.82	0.78	0.76	0.68	0.8	0.76	0.78	0.76	0.72	0.78
2300	0.72	0.68	0.66	0.8	0.8	0.72	0.82	0.8	0.78	0.74	0.8	0.76	0.8	0.72	0.7	0.8
2350	0.76	0.68	0.66	0.82	0.8	0.72	0.8	0.82	0.8	0.74	0.78	0.78	0.78	0.7	0.7	0.8
2400	0.62	0.7	0.64	0.82	0.8	0.7	0.8	0.8	0.82	0.74	0.76	0.74	0.78	0.72	0.7	0.78
2450	0.74	0.7	0.62	0.82	0.8	0.7	0.8	0.82	0.82	0.76	0.78	0.74	0.8	0.72	0.72	0.74
2500	0.72	0.66	0.64	0.74	0.78	0.7	0.8	0.82	0.82	0.78	0.72	0.74	0.82	0.72	0.72	0.74
2550	0.84	0.64	0.66	0.74	0.78	0.72	0.82	0.86	0.8	0.8	0.74	0.72	0.8	0.72	0.72	0.76
2600	0.8	0.68	0.64	0.72	0.78	0.72	0.82	0.86	0.78	0.82	0.74	0.74	0.78	0.72	0.68	0.76
2650	0.74	0.68	0.64	0.7	0.8	0.76	0.8	0.88	0.8	0.8	0.72	0.72	0.72	0.72	0.68	0.8
2700	0.78	0.7	0.62	0.72	0.8	0.76	0.8	0.88	0.76	0.8	0.72	0.74	0.68	0.72	0.68	0.8
2750	0.76	0.7	0.6	0.7	0.8	0.76	0.78	0.88	0.76	0.82	0.76	0.74	0.7	0.72	0.7	0.82
2800	0.8	0.74	0.68	0.7	0.8	0.78	0.78	0.88	0.76	0.82	0.74	0.76	0.64	0.74	0.74	0.8
2850	0.78	0.74	0.66	0.7	0.82	0.8	0.76	0.88	0.82	0.82	0.74	0.78	0.62	0.72	0.72	0.78
2900	0.7	0.72	0.72	0.62	0.82	0.8	0.78	0.86	0.8	0.8	0.76	0.76	0.64	0.74	0.72	0.78
2950	0.66	0.7	0.76	0.62	0.78	0.8	0.8	0.86	0.76	0.8	0.76	0.76	0.6	0.7	0.72	0.76
3000	0.88	0.7	0.78	0.64	0.76	0.76	0.82	0.88	0.78	0.82	0.74	0.78	0.6	0.7	0.74	0.74
3050	0.74	0.7	0.76	0.6	0.8	0.78	0.84	0.88	0.76	0.82	0.76	0.8	0.58	0.76	0.74	0.7
3100	0.76	0.7	0.76	0.58	0.84	0.8	0.84	0.88	0.76	0.84	0.78	0.82	0.56	0.74	0.74	0.72
3150	0.86	0.7	0.84	0.58	0.84	0.8	0.84	0.88	0.74	0.84	0.78	0.84	0.54	0.76	0.78	0.76
3200	0.74	0.68	0.84	0.62	0.84	0.78	0.84	0.9	0.74	0.82	0.8	0.84	0.54	0.76	0.78	0.78
3250	0.72	0.72	0.8	0.6	0.84	0.82	0.84	0.92	0.7	0.8	0.78	0.88	0.54	0.78	0.76	0.78
3300	0.8	0.76	0.82	0.6	0.82	0.82	0.84	0.92	0.72	0.8	0.78	0.88	0.56	0.8	0.74	0.78
3350	0.72	0.72	0.82	0.58	0.82	0.84	0.8	0.9	0.74	0.78	0.76	0.88	0.58	0.8	0.72	0.78
3400	0.74	0.74	0.84	0.6	0.82	0.78	0.8	0.88	0.74	0.78	0.76	0.9	0.58	0.78	0.74	0.76
3450	0.8	0.76	0.84	0.62	0.82	0.74	0.8	0.88	0.74	0.78	0.76	0.92	0.58	0.74	0.76	0.78
3500	0.72	0.74	0.82	0.7	0.82	0.7	0.8	0.84	0.74	0.78	0.76	0.92	0.6	0.74	0.76	0.84
3550	0.78	0.76	0.84	0.66	0.8	0.68	0.8	0.84	0.76	0.78	0.76	0.9	0.64	0.76	0.76	0.84
3600	0.64	0.76	0.84	0.66	0.76	0.64	0.8	0.82	0.78	0.78	0.76	0.88	0.54	0.76	0.78	0.82
3650	0.76	0.78	0.82	0.66	0.78	0.66	0.78	0.8	0.78	0.78	0.76	0.88	0.56	0.78	0.8	0.8
3700	0.82	0.8	0.8	0.7	0.78	0.66	0.78	0.8	0.78	0.76	0.76	0.88	0.56	0.8	0.78	0.82
3750	0.8	0.84	0.8	0.68	0.8	0.7	0.72	0.8	0.78	0.8	0.72	0.88	0.56	0.78	0.78	0.8
3800	0.84	0.88	0.8	0.66	0.78	0.68	0.72	0.82	0.78	0.84	0.74	0.88	0.58	0.78	0.76	0.8
3850	0.86	0.88	0.82	0.64	0.76	0.68	0.72	0.82	0.8	0.84	0.76	0.88	0.64	0.78	0.76	0.8
3900	0.7	0.86	0.76	0.64	0.76	0.68	0.74	0.8	0.8	0.84	0.76	0.88	0.62	0.74	0.74	0.78
3950	0.74	0.86	0.78	0.6	0.76	0.64	0.74	0.78	0.82	0.84	0.78	0.86	0.62	0.76	0.76	0.76
4000	0.68	0.82	0.82	0.64	0.76	0.66	0.78	0.78	0.8	0.8	0.78	0.86	0.64	0.72	0.72	0.76
4050	0.86	0.82	0.8	0.66	0.78	0.72	0.78	0.82	0.82	0.82	0.78	0.86	0.66	0.72	0.76	0.76
4100	0.86	0.82	0.82	0.66	0.76	0.74	0.78	0.82	0.8	0.86	0.8	0.88	0.68	0.74	0.74	0.74
4150	0.66	0.78	0.84	0.62	0.74	0.76	0.78	0.82	0.8	0.84	0.82	0.86	0.66	0.76	0.76	0.72
4200	0.74	0.78	0.84	0.6	0.76	0.78	0.78	0.82	0.82	0.86	0.8	0.86	0.66	0.74	0.76	0.72
4250	0.76	0.76	0.8	0.62	0.78	0.8	0.76	0.8	0.82	0.88	0.82	0.84	0.66	0.76	0.78	0.72
4300	0.82	0.76	0.84	0.62	0.8	0.82	0.74	0.82	0.82	0.88	0.8	0.82	0.68	0.76	0.78	0.72
4350	0.78	0.74	0.8	0.62	0.82	0.84	0.74	0.8	0.82	0.88	0.78	0.84	0.7	0.76	0.76	0.72
4400	0.76	0.74	0.8	0.58	0.84	0.84	0.76	0.84	0.8	0.86	0.76	0.84	0.72	0.76	0.76	0.7
4450	0.8	0.72	0.78	0.64	0.84	0.86	0.76	0.84	0.8	0.86	0.76	0.86	0.72	0.74	0.74	0.7
4500	0.74	0.68	0.8	0.64	0.84	0.82	0.78	0.84	0.78	0.84	0.76	0.86	0.72	0.72	0.74	0.7
4550	0.82	0.7	0.82	0.66	0.88	0.84	0.78	0.8	0.78	0.84	0.78	0.84	0.7	0.7	0.78	0.72
4600	0.74	0.7	0.82	0.68	0.88	0.78	0.76	0.8	0.76	0.82	0.8	0.86	0.68	0.7	0.82	0.74
4650	0.74	0.7	0.82	0.64	0.86	0.76	0.76	0.8	0.7	0.82	0.82	0.84	0.7	0.72	0.82	0.76
4700	0.72	0.7	0.82	0.66	0.84	0.74	0.72	0.78	0.7	0.82	0.78	0.84	0.76	0.72	0.86	0.78
4750	0.7	0.76	0.8	0.64	0.86	0.74	0.68	0.78	0.68	0.8	0.74	0.84	0.74	0.7	0.84	0.8
4800	0.78	0.78	0.8	0.64	0.84	0.72	0.66	0.76	0.7	0.8	0.76	0.84	0.74	0.7	0.84	0.84
4850	0.74	0.78	0.76	0.66	0.84	0.74	0.64	0.78	0.7	0.8	0.76	0.84	0.72	0.72	0.84	0.82
4900	0.76	0.78	0.78	0.66	0.86	0.72	0.62	0.78	0.68	0.78	0.76	0.82	0.74	0.74	0.84	0.84
4950	0.84	0.78	0.78	0.66	0.86	0.7	0.64	0.82	0.68	0.78	0.78	0.8	0.76	0.72	0.84	0.84
5000	0.78	0.82	0.78	0.64	0.86	0.7	0.64	0.8	0.7	0.76	0.76	0.82	0.78	0.7	0.84	0.84
5050	0.8	0.84	0.78	0.66	0.88	0.66	0.64	0.8	0.72	0.8	0.74	0.78	0.8	0.72	0.84	0.82
5100	0.84	0.84	0.76	0.68	0.88	0.64	0.66	0.8	0.7	0.8	0.78	0.76	0.82	0.76	0.84	0.84
5150	0.84	0.84	0.78	0.7	0.88	0.64	0.64	0.8	0.72	0.8	0.8	0.76	0.86	0.74	0.84	0.86
5200	0.76	0.78	0.78	0.7	0.86	0.7	0.66	0.8	0.74	0.8	0.8	0.72	0.88	0.72	0.82	0.86
5250	0.84	0.78	0.78	0.7	0.84	0.7	0.64	0.82	0.74	0.8	0.82	0.74	0.9	0.74	0.82	0.82
5300	0.74	0.78	0.76	0.7	0.84	0.68	0.62	0.82	0.76	0.8	0.82	0.72	0.9	0.74	0.8	0.84
5350	0.8	0.78	0.76	0.7	0.84	0.72	0.62	0.82	0.78	0.82	0.76	0.7	0.88	0.8	0.8	0.84
5400	0.82	0.8	0.76	0.7	0.84	0.74	0.64	0.86	0.78	0.84	0.76	0.7	0.82	0.82	0.8	0.84
5450	0.8	0.82	0.76	0.66	0.84	0.78	0.66	0.86	0.8	0.86	0.8	0.7	0.82	0.8	0.76	0.84
5500	0.8	0.82	0.78	0.66	0.86	0.78	0.74	0.86	0.82	0.86	0.8	0.72	0.82	0.78	0.74	0.84
5550	0.82	0.82	0.82	0.66	0.84	0.82	0.74	0.88	0.82	0.88	0.82	0.74	0.84	0.76	0.74	0.84
5600	0.82	0.82	0.8	0.66	0.82	0.82	0.76	0.88	0.82	0.88	0.8	0.76	0.86	0.76	0.72	0.86
5650	0.88	0.84	0.78	0.66	0.84	0.84	0.78	0.9	0.86	0.86	0.82	0.76	0.86	0.74	0.72	0.86
5700	0.86	0.82	0.78	0.66	0.82	0.86	0.78	0.9	0.88	0.84	0.82	0.76	0.86	0.74	0.72	0.86
5750	0.82	0.8	0.8	0.68	0.82	0.88	0.78	0.92	0.9	0.82	0.82	0.74	0.86	0.78	0.74	0.9
5800	0.78	0.78	0.82	0.66	0.82	0.84	0.78	0.92	0.92	0.8	0.86	0.76	0.84	0.78	0.74	0.88
5850	0.68	0.74	0.8	0.66	0.78	0.84	0.76	0.92	0.9	0.74	0.82	0.82	0.82	0.78	0.76	0.88
5900	0.76	0.72	0.82	0.66	0.78	0.82	0.76	0.92	0.86	0.74	0.84	0.82	0.8	0.78	0.76	0.88
5950	0.7	0.74	0.82	0.68	0.78	0.82	0.74	0.92	0.86	0.72	0.84	0.84	0.78	0.76	0.76	0.84
6000	0.74	0.74	0.82	0.68	0.74	0.8	0.74	0.92	0.82	0.7	0.82	0.86	0.78	0.76	0.76	0.86
6050	0.84	0.74	0.8	0.68	0.76	0.8	0.74	0.92	0.8	0.7	0.82	0.88	0.78	0.72	0.78	0.84
6100	0.68	0.74	0.8	0.7	0.74	0.82	0.68	0.92	0.8	0.72	0.84	0.92	0.8	0.72	0.74	0.84
6150	0.74	0.76	0.8	0.72	0.7	0.8	0.68	0.92	0.76	0.72	0.84	0.9	0.8	0.72	0.74	0.82
6200	0.8	0.74	0.8	0.72	0.7	0.8	0.66	0.9	0.78	0.72	0.8	0.92	0.8	0.72	0.76	0.8
6250	0.76	0.72	0.8	0.72	0.72	0.72	0.64	0.86	0.76	0.74	0.8	0.94	0.82	0.76	0.76	0.8
6300	0.74	0.72	0.82	0.74	0.74	0.68	0.66	0.88	0.74	0.76	0.78	0.92	0.78	0.78	0.76	0.78
6350	0.82	0.74	0.84	0.76	0.74	0.68	0.66	0.86	0.74	0.76	0.78	0.9	0.74	0.78	0.78	0.72
6400	0.74	0.78	0.84	0.76	0.74	0.64	0.66	0.86	0.7	0.78	0.78	0.88	0.74	0.8	0.82	0.7
6450	0.78	0.76	0.84	0.78	0.74	0.62	0.66	0.84	0.68	0.8	0.76	0.88	0.72	0.8	0.8	0.68
6500	0.84	0.76	0.84	0.8	0.74	0.62	0.66	0.84	0.68	0.8	0.76	0.88	0.76	0.78	0.8	0.72
6550	0.68	0.76	0.84	0.78	0.76	0.56	0.68	0.84	0.68	0.8	0.76	0.86	0.72	0.74	0.78	0.72
6600	0.84	0.76	0.84	0.8	0.74	0.56	0.68	0.84	0.66	0.84	0.76	0.86	0.74	0.74	0.76	0.76
6650	0.74	0.76	0.84	0.82	0.74	0.56	0.7	0.84	0.66	0.84	0.74	0.82	0.74	0.74	0.78	0.78
6700	0.78	0.8	0.84	0.8	0.76	0.6	0.68	0.78	0.72	0.84	0.78	0.82	0.76	0.78	0.78	0.76
6750	0.82	0.8	0.9	0.78	0.76	0.6	0.7	0.74	0.72	0.86	0.78	0.82	0.76	0.8	0.78	0.76
6800	0.72	0.84	0.88	0.78	0.8	0.58	0.72	0.74	0.76	0.82	0.8	0.8	0.78	0.82	0.68	0.78
6850	0.68	0.86	0.86	0.76	0.82	0.56	0.72	0.72	0.76	0.84	0.82	0.78	0.76	0.84	0.68	0.8
6900	0.8	0.84	0.84	0.76	0.86	0.62	0.7	0.74	0.78	0.82	0.8	0.78	0.78	0.86	0.66	0.8
6950	0.78	0.84	0.84	0.74	0.84	0.62	0.72	0.72	0.8	0.8	0.78	0.78	0.78	0.86	0.66	0.8
7000	0.72	0.84	0.82	0.72	0.86	0.66	0.74	0.74	0.8	0.78	0.72	0.76	0.76	0.86	0.68	0.8
7050	0.92	0.86	0.82	0.72	0.88	0.7	0.76	0.76	0.8	0.78	0.72	0.78	0.76	0.86	0.68	0.8
7100	0.76	0.86	0.82	0.72	0.84	0.74	0.74	0.74	0.82	0.76	0.74	0.82	0.78	0.86	0.68	0.78
7150	0.78	0.86	0.82	0.72	0.82	0.74	0.74	0.76	0.8	0.74	0.76	0.82	0.78	0.84	0.66	0.8
7200	0.8	0.84	0.82	0.72	0.8	0.82	0.74	0.76	0.78	0.74	0.76	0.82	0.76	0.86	0.66	0.82
7250	0.8	0.82	0.84	0.74	0.78	0.82	0.72	0.76	0.76	0.74	0.72	0.82	0.78	0.86	0.68	0.82
7300	0.82	0.82	0.82	0.76	0.8	0.8	0.7	0.76	0.8	0.78	0.72	0.82	0.76	0.88	0.7	0.82
7350	0.86	0.8	0.82	0.76	0.78	0.8	0.7	0.74	0.8	0.78	0.76	0.86	0.78	0.88	0.72	0.82
7400	0.78	0.78	0.8	0.76	0.8	0.78	0.72	0.7	0.8	0.78	0.76	0.88	0.8	0.88	0.74	0.8
7450	0.82	0.78	0.82	0.84	0.74	0.78	0.76	0.72	0.82	0.78	0.78	0.88	0.78	0.88	0.74	0.8
7500	0.88	0.8	0.82	0.82	0.74	0.8	0.74	0.74	0.82	0.82	0.8	0.88	0.78	0.92	0.78	0.8
7550	0.78	0.78	0.84	0.82	0.74	0.78	0.72	0.74	0.82	0.82	0.8	0.9	0.78	0.88	0.86	0.84
7600	0.86	0.78	0.88	0.84	0.74	0.78	0.74	0.78	0.84	0.84	0.82	0.86	0.8	0.88	0.86	0.82
7650	0.82	0.74	0.9	0.88	0.72	0.78	0.74	0.78	0.84	0.84	0.8	0.88	0.78	0.88	0.88	0.84
7700	0.84	0.74	0.94	0.88	0.72	0.76	0.74	0.78	0.86	0.86	0.8	0.88	0.78	0.88	0.88	0.82
7750	0.84	0.74	0.94	0.88	0.7	0.76	0.74	0.76	0.86	0.88	0.8	0.9	0.78	0.84	0.88	0.86
7800	0.86	0.72	0.96	0.9	0.74	0.76	0.74	0.76	0.86	0.88	0.8	0.9	0.78	0.84	0.9	0.84
7850	0.8	0.72	0.94	0.9	0.76	0.78	0.72	0.78	0.86	0.88	0.8	0.9	0.78	0.86	0.9	0.84
7900	0.84	0.72	0.96	0.86	0.76	0.76	0.76	0.76	0.86	0.9	0.8	0.9	0.82	0.84	0.9	0.86
7950	0.8	0.72	0.92	0.86	0.76	0.74	0.78	0.76	0.86	0.9	0.8	0.88	0.8	0.82	0.9	0.86
8000	0.76	0.74	0.92	0.82	0.74	0.76	0.78	0.76	0.88	0.9	0.78	0.86	0.84	0.78	0.9	0.86
8050	0.92	0.76	0.92	0.8	0.78	0.76	0.8	0.76	0.9	0.9	0.8	0.86	0.84	0.78	0.9	0.86
8100	0.9	0.78	0.92	0.8	0.76	0.78	0.78	0.78	0.92	0.9	0.8	0.86	0.84	0.78	0.88	0.9
8150	0.86	0.78	0.9	0.78	0.78	0.78	0.78	0.8	0.88	0.9	0.82	0.86	0.86	0.78	0.88	0.9
8200	0.8	0.8	0.9	0.8	0.78	0.74	0.76	0.84	0.88	0.9	0.86	0.86	0.86	0.78	0.84	0.88
8250	0.82	0.82	0.9	0.82	0.78	0.74	0.82	0.84	0.88	0.88	0.86	0.88	0.84	0.8	0.8	0.9
8300	0.84	0.82	0.86	0.82	0.78	0.7	0.82	0.86	0.9	0.88	0.86	0.88	0.82	0.8	0.8	0.92
8350	0.88	0.88	0.86	0.82	0.8	0.72	0.86	0.84	0.9	0.9	0.84	0.9	0.8	0.78	0.82	0.94
8400	0.9	0.9	0.86	0.82	0.78	0.72	0.88	0.86	0.9	0.88	0.86	0.88	0.82	0.8	0.82	0.92
8450	0.9	0.9	0.86	0.82	0.8	0.68	0.9	0.86	0.9	0.88	0.84	0.88	0.82	0.8	0.82	0.92
8500	0.78	0.88	0.84	0.88	0.84	0.66	0.9	0.84	0.9	0.86	0.84	0.88	0.8	0.78	0.8	0.94
8550	0.82	0.88	0.84	0.96	0.82	0.64	0.86	0.86	0.9	0.84	0.82	0.88	0.8	0.78	0.8	0.94
8600	0.82	0.9	0.82	0.94	0.86	0.64	0.86	0.86	0.9	0.84	0.84	0.86	0.78	0.76	0.76	0.96
8650	0.8	0.92	0.82	0.96	0.88	0.64	0.88	0.84	0.92	0.84	0.8	0.84	0.8	0.76	0.78	0.94
8700	0.76	0.9	0.82	0.96	0.88	0.66	0.88	0.84	0.92	0.82	0.78	0.86	0.78	0.8	0.78	0.88
8750	0.82	0.9	0.82	0.98	0.86	0.68	0.92	0.84	0.9	0.8	0.82	0.86	0.8	0.8	0.78	0.88
8800	0.78	0.9	0.8	0.98	0.84	0.66	0.92	0.84	0.92	0.82	0.76	0.84	0.82	0.78	0.8	0.88
8850	0.76	0.86	0.8	0.98	0.86	0.66	0.92	0.86	0.94	0.82	0.7	0.82	0.78	0.78	0.84	0.86
8900	0.92	0.86	0.8	0.98	0.88	0.64	0.94	0.84	0.94	0.82	0.68	0.86	0.78	0.78	0.86	0.86
8950	0.72	0.78	0.8	0.96	0.88	0.68	0.94	0.84	0.92	0.84	0.68	0.86	0.76	0.76	0.84	0.84
9000	0.84	0.76	0.82	0.96	0.88	0.66	0.94	0.84	0.92	0.84	0.66	0.86	0.74	0.78	0.82	0.82
9050	0.84	0.76	0.82	0.94	0.84	0.68	0.92	0.84	0.92	0.84	0.7	0.86	0.74	0.78	0.78	0.84
9100	0.82	0.74	0.82	0.94	0.84	0.68	0.92	0.84	0.92	0.86	0.66	0.82	0.74	0.8	0.8	0.82
9150	0.74	0.74	0.8	0.92	0.84	0.7	0.9	0.82	0.92	0.84	0.66	0.84	0.74	0.8	0.8	0.82
9200	0.76	0.74	0.8	0.92	0.82	0.7	0.9	0.86	0.94	0.84	0.68	0.84	0.74	0.78	0.74	0.8
9250	0.76	0.74	0.8	0.9	0.78	0.7	0.88	0.88	0.94	0.82	0.68	0.86	0.72	0.78	0.72	0.78
9300	0.88	0.72	0.8	0.9	0.76	0.72	0.86	0.88	0.94	0.84	0.68	0.88	0.72	0.76	0.74	0.82
9350	0.86	0.72	0.82	0.88	0.74	0.76	0.88	0.9	0.92	0.86	0.7	0.9	0.7	0.78	0.76	0.8
9400	0.74	0.74	0.84	0.82	0.74	0.72	0.88	0.94	0.88	0.88	0.72	0.9	0.72	0.78	0.76	0.82
9450	0.86	0.72	0.86	0.82	0.74	0.72	0.9	0.94	0.88	0.88	0.72	0.9	0.72	0.78	0.78	0.8
9500	0.86	0.74	0.86	0.82	0.72	0.7	0.9	0.92	0.88	0.9	0.76	0.88	0.7	0.82	0.8	0.8
9550	0.86	0.72	0.86	0.8	0.7	0.74	0.9	0.94	0.88	0.9	0.8	0.9	0.72	0.84	0.8	0.8
9600	0.8	0.72	0.88	0.8	0.7	0.72	0.9	0.92	0.88	0.9	0.8	0.92	0.66	0.86	0.78	0.82
9650	0.82	0.76	0.88	0.78	0.68	0.72	0.9	0.92	0.88	0.88	0.82	0.92	0.68	0.86	0.8	0.82
9700	0.9	0.76	0.88	0.76	0.7	0.76	0.9	0.94	0.9	0.88	0.82	0.9	0.72	0.86	0.8	0.82
9750	0.74	0.74	0.86	0.76	0.7	0.76	0.88	0.92	0.9	0.88	0.84	0.9	0.72	0.84	0.84	0.78
9800	0.78	0.74	0.86	0.76	0.7	0.78	0.86	0.92	0.9	0.88	0.82	0.86	0.74	0.86	0.82	0.78
9850	0.78	0.76	0.84	0.74	0.7	0.76	0.84	0.9	0.9	0.9	0.82	0.86	0.7	0.86	0.8	0.78
9900	0.78	0.76	0.8	0.74	0.72	0.78	0.84	0.86	0.9	0.9	0.82	0.88	0.74	0.88	0.8	0.8
9950	0.76	0.74	0.8	0.72	0.74	0.78	0.86	0.86	0.86	0.9	0.8	0.86	0.74	0.88	0.82	0.8
10000	0.72	0.76	0.78	0.72	0.76	0.72	0.84	0.84	0.86	0.88	0.8	0.84	0.74	0.88	0.84	0.8
10050	0.76	0.76	0.8	0.7	0.76	0.72	0.78	0.84	0.86	0.86	0.82	0.84	0.74	0.88	0.8	0.8
10100	0.82	0.78	0.82	0.68	0.8	0.76	0.78	0.82	0.84	0.86	0.8	0.8	0.76	0.88	0.78	0.82
10150	0.88	0.78	0.8	0.72	0.8	0.76	0.8	0.82	0.88	0.9	0.8	0.78	0.76	0.88	0.78	0.84
10200	0.68	0.78	0.8	0.76	0.8	0.74	0.82	0.82	0.86	0.82	0.8	0.78	0.76	0.88	0.68	0.84
10250	0.76	0.78	0.8	0.74	0.76	0.72	0.8	0.8	0.84	0.82	0.82	0.76	0.76	0.88	0.68	0.84
10300	0.84	0.82	0.76	0.74	0.8	0.72	0.82	0.78	0.84	0.82	0.82	0.76	0.78	0.86	0.7	0.82
10350	0.8	0.82	0.74	0.74	0.8	0.72	0.82	0.76	0.82	0.82	0.8	0.8	0.8	0.88	0.68	0.8
10400	0.84	0.82	0.74	0.76	0.84	0.74	0.82	0.74	0.82	0.82	0.8	0.8	0.8	0.88	0.66	0.78
10450	0.78	0.82	0.76	0.8	0.84	0.74	0.8	0.72	0.82	0.82	0.78	0.76	0.8	0.86	0.66	0.78
10500	0.82	0.86	0.78	0.8	0.8	0.76	0.8	0.72	0.8	0.8	0.78	0.76	0.78	0.88	0.68	0.8
10550	0.78	0.86	0.76	0.82	0.8	0.76	0.82	0.7	0.78	0.8	0.8	0.78	0.8	0.88	0.68	0.84
10600	0.8	0.86	0.72	0.82	0.8	0.74	0.82	0.7	0.8	0.78	0.8	0.82	0.82	0.84	0.7	0.84
10650	0.7	0.84	0.72	0.82	0.76	0.76	0.82	0.68	0.8	0.72	0.8	0.8	0.82	0.82	0.7	0.8
10700	0.74	0.84	0.72	0.84	0.8	0.76	0.84	0.68	0.76	0.72	0.8	0.8	0.82	0.8	0.68	0.8
10750	0.78	0.82	0.72	0.86	0.78	0.78	0.88	0.68	0.78	0.72	0.8	0.8	0.82	0.78	0.72	0.8
10800	0.76	0.78	0.74	0.88	0.78	0.78	0.9	0.7	0.74	0.74	0.78	0.8	0.82	0.76	0.76	0.78
10850	0.74	0.78	0.72	0.88	0.8	0.78	0.9	0.72	0.74	0.76	0.8	0.8	0.8	0.74	0.74	0.72
10900	0.64	0.74	0.72	0.86	0.8	0.82	0.9	0.66	0.74	0.8	0.76	0.76	0.8	0.7	0.74	0.74
10950	0.74	0.74	0.74	0.84	0.78	0.82	0.88	0.64	0.74	0.82	0.72	0.76	0.84	0.68	0.76	0.74
11000	0.76	0.74	0.78	0.88	0.78	0.8	0.88	0.62	0.74	0.82	0.72	0.76	0.8	0.68	0.82	0.7
11050	0.7	0.74	0.76	0.86	0.76	0.8	0.86	0.6	0.74	0.76	0.74	0.74	0.78	0.66	0.82	0.68
11100	0.72	0.7	0.74	0.84	0.76	0.86	0.84	0.62	0.74	0.76	0.76	0.68	0.8	0.66	0.8	0.7
11150	0.62	0.72	0.74	0.8	0.76	0.84	0.8	0.6	0.76	0.8	0.76	0.6	0.8	0.64	0.82	0.68
11200	0.58	0.72	0.72	0.76	0.76	0.84	0.8	0.56	0.76	0.82	0.72	0.56	0.76	0.66	0.82	0.68
11250	0.86	0.72	0.72	0.76	0.78	0.84	0.8	0.56	0.78	0.82	0.72	0.54	0.76	0.64	0.82	0.66
11300	0.68	0.66	0.72	0.7	0.78	0.84	0.78	0.58	0.76	0.82	0.74	0.52	0.78	0.66	0.8	0.64
11350	0.7	0.64	0.7	0.7	0.78	0.88	0.78	0.6	0.78	0.8	0.74	0.52	0.76	0.66	0.8	0.62
11400	0.68	0.64	0.7	0.68	0.74	0.88	0.74	0.6	0.78	0.8	0.72	0.54	0.74	0.62	0.8	0.6
11450	0.62	0.64	0.72	0.66	0.72	0.88	0.72	0.62	0.76	0.84	0.7	0.5	0.78	0.6	0.8	0.56
11500	0.66	0.66	0.74	0.62	0.72	0.86	0.74	0.64	0.78	0.84	0.72	0.52	0.74	0.58	0.74	0.54
11550	0.62	0.72	0.74	0.62	0.72	0.84	0.74	0.68	0.78	0.82	0.66	0.54	0.74	0.6	0.72	0.6
11600	0.66	0.74	0.7	0.62	0.7	0.84	0.7	0.68	0.78	0.8	0.68	0.52	0.72	0.62	0.7	0.58
11650	0.7	0.72	0.7	0.64	0.68	0.8	0.7	0.68	0.78	0.82	0.68	0.56	0.7	0.62	0.68	0.58
11700	0.7	0.72	0.68	0.64	0.64	0.8	0.74	0.7	0.78	0.82	0.7	0.58	0.72	0.62	0.7	0.56
11750	0.74	0.72	0.68	0.6	0.62	0.8	0.74	0.68	0.76	0.82	0.72	0.6	0.72	0.64	0.68	0.6
11800	0.64	0.72	0.68	0.6	0.62	0.8	0.72	0.68	0.78	0.76	0.74	0.6	0.72	0.66	0.68	0.58
11850	0.68	0.66	0.66	0.62	0.62	0.78	0.7	0.68	0.78	0.76	0.7	0.6	0.74	0.66	0.66	0.62
11900	0.8	0.68	0.64	0.62	0.62	0.82	0.7	0.72	0.8	0.78	0.72	0.62	0.72	0.68	0.68	0.64
11950	0.74	0.7	0.64	0.62	0.58	0.82	0.74	0.74	0.74	0.78	0.7	0.6	0.68	0.72	0.68	0.66
12000	0.7	0.72	0.64	0.64	0.56	0.78	0.78	0.78	0.72	0.74	0.72	0.6	0.68	0.74	0.68	0.66
12050	0.72	0.74	0.66	0.66	0.58	0.78	0.78	0.8	0.64	0.74	0.74	0.58	0.7	0.74	0.66	0.68
12100	0.74	0.74	0.66	0.64	0.58	0.76	0.76	0.76	0.62	0.76	0.72	0.56	0.68	0.74	0.64	0.72
12150	0.74	0.78	0.68	0.62	0.62	0.72	0.76	0.78	0.62	0.76	0.74	0.56	0.66	0.78	0.64	0.72
12200	0.72	0.8	0.72	0.62	0.64	0.66	0.78	0.74	0.66	0.72	0.7	0.56	0.7	0.8	0.66	0.72
12250	0.72	0.82	0.72	0.64	0.68	0.66	0.78	0.72	0.64	0.72	0.68	0.58	0.66	0.82	0.68	0.78
12300	0.72	0.8	0.72	0.62	0.7	0.66	0.8	0.7	0.64	0.7	0.66	0.62	0.7	0.82	0.68	0.82
12350	0.84	0.8	0.72	0.64	0.72	0.68	0.8	0.7	0.66	0.72	0.66	0.66	0.7	0.86	0.72	0.82
12400	0.78	0.86	0.76	0.7	0.74	0.72	0.74	0.7	0.68	0.74	0.62	0.66	0.7	0.86	0.76	0.84
12450	0.74	0.86	0.74	0.66	0.76	0.7	0.74	0.76	0.68	0.72	0.62	0.64	0.7	0.86	0.74	0.84
12500	0.78	0.88	0.72	0.66	0.74	0.66	0.82	0.78	0.74	0.72	0.62	0.64	0.72	0.86	0.74	0.86
12550	0.56	0.84	0.72	0.66	0.7	0.66	0.8	0.82	0.72	0.72	0.64	0.66	0.68	0.88	0.74	0.86
12600	0.68	0.84	0.7	0.68	0.7	0.66	0.76	0.82	0.74	0.72	0.62	0.64	0.66	0.84	0.76	0.84
12650	0.66	0.84	0.7	0.66	0.74	0.66	0.74	0.8	0.7	0.72	0.58	0.64	0.7	0.84	0.76	0.84
12700	0.64	0.82	0.68	0.66	0.72	0.64	0.72	0.8	0.7	0.68	0.58	0.64	0.72	0.86	0.74	0.84
12750	0.76	0.8	0.66	0.68	0.72	0.68	0.72	0.78	0.72	0.66	0.6	0.66	0.74	0.86	0.74	0.82
12800	0.6	0.76	0.68	0.72	0.68	0.68	0.66	0.78	0.74	0.62	0.58	0.64	0.72	0.84	0.72	0.82
12850	0.64	0.76	0.68	0.72	0.64	0.72	0.66	0.74	0.76	0.64	0.62	0.64	0.66	0.82	0.72	0.82
12900	0.64	0.72	0.64	0.72	0.66	0.76	0.68	0.74	0.74	0.64	0.62	0.66	0.66	0.84	0.76	0.8
12950	0.66	0.72	0.6	0.7	0.64	0.76	0.66	0.76	0.7	0.64	0.66	0.68	0.66	0.84	0.76	0.76
13000	0.74	0.72	0.58	0.68	0.64	0.8	0.68	0.72	0.68	0.62	0.68	0.68	0.66	0.82	0.76	0.74
13050	0.74	0.72	0.6	0.68	0.64	0.8	0.66	0.72	0.66	0.56	0.7	0.72	0.64	0.82	0.76	0.74
13100	0.66	0.74	0.64	0.7	0.58	0.76	0.64	0.76	0.64	0.52	0.68	0.72	0.64	0.78	0.78	0.76
13150	0.76	0.7	0.64	0.7	0.58	0.74	0.58	0.78	0.66	0.54	0.74	0.74	0.64	0.76	0.78	0.76
13200	0.74	0.7	0.66	0.74	0.62	0.76	0.58	0.76	0.66	0.52	0.74	0.76	0.66	0.76	0.76	0.76
13250	0.76	0.7	0.68	0.76	0.58	0.78	0.6	0.76	0.64	0.5	0.76	0.76	0.68	0.76	0.8	0.78
13300	0.72	0.72	0.66	0.76	0.64	0.8	0.62	0.74	0.6	0.48	0.76	0.76	0.68	0.74	0.78	0.76
13350	0.64	0.72	0.68	0.78	0.62	0.78	0.62	0.74	0.6	0.46	0.78	0.74	0.64	0.76	0.78	0.74
13400	0.68	0.74	0.74	0.74	0.62	0.78	0.6	0.74	0.6	0.46	0.76	0.76	0.62	0.76	0.76	0.72
13450	0.7	0.72	0.72	0.74	0.64	0.78	0.6	0.72	0.62	0.46	0.76	0.8	0.64	0.72	0.76	0.72
13500	0.52	0.76	0.72	0.72	0.58	0.78	0.6	0.68	0.62	0.48	0.78	0.78	0.62	0.72	0.72	0.7
13550	0.76	0.74	0.78	0.7	0.62	0.74	0.62	0.72	0.64	0.5	0.78	0.8	0.64	0.74	0.72	0.7
13600	0.6	0.76	0.76	0.68	0.62	0.74	0.6	0.78	0.6	0.48	0.8	0.8	0.64	0.7	0.74	0.72
13650	0.76	0.74	0.76	0.68	0.62	0.74	0.6	0.78	0.6	0.48	0.78	0.82	0.6	0.74	0.74	0.76
13700	0.74	0.74	0.76	0.72	0.64	0.74	0.6	0.78	0.62	0.5	0.78	0.82	0.58	0.74	0.72	0.74
13750	0.68	0.7	0.74	0.7	0.62	0.72	0.6	0.8	0.62	0.52	0.78	0.8	0.6	0.72	0.72	0.76
13800	0.66	0.74	0.7	0.66	0.64	0.72	0.6	0.78	0.64	0.52	0.76	0.78	0.58	0.74	0.72	0.74
13850	0.72	0.72	0.7	0.66	0.62	0.74	0.62	0.74	0.66	0.52	0.78	0.74	0.58	0.74	0.7	0.74
13900	0.62	0.7	0.66	0.64	0.68	0.72	0.62	0.72	0.66	0.54	0.76	0.76	0.6	0.74	0.68	0.74
13950	0.68	0.66	0.68	0.64	0.68	0.68	0.64	0.72	0.62	0.52	0.74	0.74	0.6	0.74	0.7	0.76
14000	0.7	0.68	0.7	0.62	0.7	0.7	0.68	0.68	0.62	0.54	0.72	0.76	0.62	0.74	0.66	0.74
14050	0.76	0.7	0.7	0.62	0.68	0.7	0.7	0.66	0.6	0.54	0.78	0.72	0.66	0.72	0.66	0.74
14100	0.84	0.72	0.66	0.66	0.68	0.7	0.72	0.66	0.64	0.6	0.78	0.72	0.7	0.7	0.66	0.76
14150	0.62	0.7	0.68	0.64	0.72	0.7	0.72	0.64	0.6	0.66	0.78	0.68	0.7	0.66	0.68	0.76
14200	0.8	0.7	0.68	0.7	0.72	0.7	0.76	0.66	0.58	0.68	0.8	0.62	0.72	0.7	0.68	0.82
14250	0.64	0.72	0.66	0.68	0.72	0.68	0.74	0.66	0.56	0.68	0.82	0.62	0.74	0.7	0.68	0.82
14300	0.68	0.72	0.68	0.72	0.7	0.7	0.72	0.64	0.58	0.72	0.82	0.62	0.74	0.7	0.64	0.82
14350	0.76	0.74	0.68	0.76	0.7	0.68	0.72	0.6	0.56	0.74	0.84	0.62	0.76	0.74	0.64	0.8
14400	0.74	0.72	0.68	0.72	0.68	0.68	0.74	0.58	0.6	0.74	0.86	0.62	0.76	0.72	0.66	0.8
14450	0.64	0.72	0.7	0.72	0.7	0.66	0.72	0.58	0.62	0.72	0.86	0.6	0.8	0.66	0.62	0.78
14500	0.72	0.74	0.72	0.74	0.68	0.68	0.78	0.62	0.62	0.7	0.88	0.64	0.8	0.66	0.66	0.76
14550	0.66	0.72	0.7	0.74	0.72	0.7	0.78	0.6	0.58	0.68	0.88	0.62	0.8	0.7	0.64	0.76
14600	0.7	0.7	0.72	0.72	0.74	0.7	0.8	0.64	0.58	0.72	0.9	0.58	0.78	0.7	0.62	0.74
14650	0.54	0.68	0.68	0.72	0.7	0.7	0.78	0.64	0.56	0.76	0.86	0.6	0.72	0.66	0.64	0.76
14700	0.66	0.7	0.72	0.72	0.66	0.7	0.74	0.66	0.58	0.76	0.86	0.58	0.66	0.66	0.68	0.74
14750	0.7	0.74	0.68	0.74	0.68	0.7	0.74	0.68	0.6	0.78	0.84	0.58	0.58	0.66	0.66	0.72
14800	0.66	0.68	0.68	0.7	0.66	0.68	0.72	0.72	0.64	0.74	0.82	0.58	0.54	0.7	0.66	0.72
14850	0.72	0.64	0.66	0.7	0.68	0.68	0.72	0.7	0.62	0.72	0.78	0.6	0.52	0.72	0.68	0.76
14900	0.8	0.66	0.66	0.7	0.68	0.72	0.72	0.7	0.64	0.72	0.72	0.62	0.52	0.76	0.68	0.78
14950	0.72	0.66	0.62	0.7	0.7	0.76	0.74	0.76	0.64	0.72	0.68	0.64	0.52	0.74	0.68	0.78
15000	0.64	0.64	0.64	0.7	0.74	0.74	0.72	0.76	0.64	0.72	0.68	0.66	0.52	0.74	0.64	0.78
15050	0.66	0.62	0.64	0.68	0.74	0.76	0.76	0.74	0.64	0.7	0.68	0.64	0.48	0.68	0.62	0.78
15100	0.72	0.64	0.64	0.68	0.76	0.76	0.78	0.74	0.66	0.7	0.66	0.66	0.48	0.7	0.64	0.76
15150	0.76	0.68	0.64	0.66	0.76	0.72	0.78	0.7	0.66	0.7	0.66	0.66	0.48	0.7	0.68	0.76
15200	0.66	0.66	0.64	0.64	0.78	0.68	0.8	0.72	0.7	0.7	0.68	0.64	0.5	0.68	0.64	0.84
15250	0.68	0.64	0.64	0.64	0.78	0.7	0.8	0.7	0.7	0.7	0.66	0.62	0.44	0.7	0.64	0.88
15300	0.72	0.64	0.62	0.66	0.76	0.72	0.78	0.68	0.74	0.72	0.64	0.64	0.44	0.72	0.66	0.88
15350	0.66	0.68	0.58	0.64	0.76	0.68	0.8	0.68	0.68	0.76	0.66	0.64	0.4	0.78	0.66	0.86
15400	0.78	0.68	0.6	0.72	0.74	0.7	0.8	0.72	0.64	0.78	0.66	0.6	0.4	0.78	0.68	0.86
15450	0.78	0.68	0.58	0.68	0.8	0.72	0.82	0.74	0.64	0.82	0.68	0.58	0.4	0.78	0.68	0.86
15500	0.62	0.7	0.58	0.66	0.8	0.72	0.82	0.76	0.66	0.8	0.68	0.58	0.4	0.78	0.6	0.78
15550	0.76	0.72	0.58	0.64	0.8	0.7	0.84	0.76	0.68	0.8	0.74	0.62	0.42	0.78	0.6	0.76
15600	0.46	0.74	0.58	0.64	0.8	0.64	0.8	0.76	0.7	0.78	0.74	0.64	0.42	0.64	0.6	0.72
15650	0.72	0.7	0.6	0.62	0.82	0.64	0.8	0.72	0.7	0.82	0.72	0.64	0.44	0.62	0.62	0.74
15700	0.58	0.7	0.6	0.64	0.82	0.64	0.74	0.7	0.68	0.84	0.74	0.64	0.46	0.64	0.62	0.74
15750	0.76	0.74	0.58	0.66	0.8	0.64	0.72	0.68	0.66	0.84	0.72	0.64	0.46	0.64	0.62	0.74
15800	0.72	0.7	0.62	0.66	0.78	0.66	0.72	0.7	0.62	0.84	0.74	0.62	0.5	0.64	0.66	0.72
15850	0.74	0.72	0.64	0.66	0.78	0.64	0.72	0.74	0.62	0.86	0.72	0.58	0.54	0.64	0.68	0.72
15900	0.7	0.74	0.62	0.68	0.8	0.64	0.74	0.74	0.6	0.84	0.7	0.58	0.52	0.64	0.68	0.72
15950	0.66	0.72	0.66	0.68	0.8	0.62	0.78	0.74	0.62	0.8	0.68	0.56	0.54	0.62	0.7	0.68
16000	0.76	0.74	0.64	0.7	0.8	0.66	0.76	0.74	0.62	0.78	0.72	0.58	0.54	0.62	0.72	0.72
16050	0.78	0.76	0.66	0.7	0.82	0.66	0.76	0.74	0.64	0.78	0.72	0.58	0.58	0.6	0.7	0.7
16100	0.7	0.74	0.64	0.66	0.82	0.66	0.78	0.72	0.7	0.76	0.74	0.54	0.6	0.56	0.76	0.72
16150	0.66	0.68	0.66	0.68	0.82	0.66	0.72	0.68	0.68	0.78	0.72	0.52	0.6	0.54	0.74	0.72
16200	0.62	0.68	0.68	0.64	0.82	0.7	0.72	0.68	0.7	0.74	0.7	0.5	0.6	0.5	0.72	0.74
16250	0.86	0.66	0.68	0.7	0.82	0.72	0.7	0.68	0.72	0.74	0.72	0.5	0.64	0.5	0.72	0.82
16300	0.74	0.64	0.68	0.7	0.84	0.68	0.74	0.72	0.7	0.78	0.74	0.52	0.64	0.5	0.7	0.84
16350	0.72	0.64	0.72	0.68	0.84	0.68	0.74	0.76	0.72	0.82	0.72	0.58	0.66	0.52	0.68	0.88
16400	0.78	0.64	0.7	0.68	0.86	0.68	0.74	0.74	0.72	0.82	0.74	0.58	0.68	0.56	0.68	0.9
16450	0.78	0.6	0.72	0.72	0.88	0.74	0.74	0.76	0.76	0.82	0.74	0.58	0.7	0.58	0.72	0.86
16500	0.7	0.54	0.72	0.68	0.86	0.74	0.72	0.78	0.74	0.8	0.72	0.6	0.68	0.66	0.72	0.88
16550	0.7	0.54	0.72	0.64	0.86	0.76	0.7	0.78	0.74	0.78	0.74	0.6	0.68	0.7	0.74	0.88
16600	0.78	0.56	0.7	0.64	0.84	0.78	0.7	0.78	0.76	0.76	0.74	0.62	0.72	0.68	0.74	0.9
16650	0.68	0.56	0.72	0.64	0.8	0.78	0.72	0.76	0.72	0.78	0.74	0.66	0.72	0.66	0.72	0.88
16700	0.62	0.54	0.66	0.66	0.78	0.78	0.72	0.76	0.74	0.78	0.76	0.7	0.68	0.64	0.72	0.84
16750	0.68	0.54	0.64	0.68	0.8	0.78	0.72	0.74	0.74	0.8	0.72	0.72	0.68	0.66	0.7	0.82
16800	0.64	0.5	0.62	0.7	0.8	0.78	0.74	0.76	0.7	0.8	0.68	0.68	0.7	0.64	0.7	0.8
16850	0.7	0.52	0.66	0.72	0.8	0.82	0.72	0.72	0.7	0.82	0.68	0.64	0.72	0.64	0.72	0.76
16900	0.74	0.56	0.68	0.72	0.8	0.82	0.72	0.7	0.7	0.82	0.64	0.66	0.68	0.66	0.76	0.76
16950	0.64	0.58	0.72	0.76	0.78	0.84	0.74	0.7	0.68	0.82	0.64	0.68	0.68	0.68	0.72	0.72
17000	0.66	0.62	0.72	0.76	0.76	0.82	0.76	0.7	0.68	0.82	0.64	0.68	0.64	0.64	0.72	0.68
17050	0.7	0.66	0.7	0.74	0.76	0.78	0.76	0.7	0.66	0.8	0.68	0.68	0.6	0.64	0.76	0.68
17100	0.62	0.72	0.68	0.74	0.76	0.82	0.74	0.66	0.66	0.8	0.66	0.66	0.6	0.56	0.76	0.66
17150	0.66	0.7	0.7	0.74	0.72	0.82	0.74	0.66	0.66	0.76	0.66	0.64	0.56	0.54	0.74	0.6
17200	0.7	0.7	0.7	0.78	0.68	0.82	0.74	0.66	0.66	0.74	0.66	0.62	0.6	0.6	0.78	0.6
17250	0.76	0.74	0.74	0.8	0.7	0.78	0.76	0.64	0.66	0.74	0.66	0.62	0.6	0.62	0.74	0.6
17300	0.76	0.8	0.74	0.8	0.72	0.8	0.74	0.62	0.7	0.74	0.68	0.62	0.6	0.6	0.68	0.62
17350	0.7	0.78	0.74	0.76	0.72	0.78	0.72	0.62	0.7	0.74	0.68	0.62	0.6	0.64	0.66	0.62
17400	0.76	0.76	0.78	0.74	0.76	0.76	0.74	0.64	0.68	0.74	0.7	0.6	0.58	0.66	0.68	0.6
17450	0.66	0.76	0.8	0.74	0.78	0.76	0.78	0.66	0.66	0.76	0.68	0.56	0.56	0.66	0.68	0.64
17500	0.72	0.78	0.78	0.74	0.78	0.78	0.78	0.68	0.66	0.72	0.66	0.6	0.56	0.66	0.68	0.64
17550	0.64	0.72	0.8	0.7	0.78	0.76	0.78	0.7	0.64	0.68	0.68	0.6	0.56	0.66	0.7	0.66
17600	0.52	0.72	0.76	0.74	0.74	0.74	0.78	0.68	0.6	0.64	0.74	0.6	0.52	0.64	0.68	0.68
17650	0.7	0.72	0.74	0.7	0.74	0.7	0.78	0.66	0.6	0.66	0.74	0.62	0.52	0.62	0.64	0.7
17700	0.56	0.7	0.76	0.68	0.74	0.68	0.74	0.68	0.58	0.64	0.76	0.6	0.52	0.66	0.64	0.7
17750	0.72	0.66	0.76	0.66	0.74	0.72	0.74	0.7	0.6	0.66	0.76	0.58	0.52	0.64	0.62	0.74
17800	0.6	0.68	0.76	0.68	0.7	0.72	0.74	0.64	0.56	0.66	0.74	0.58	0.5	0.66	0.6	0.76
17850	0.76	0.66	0.8	0.68	0.74	0.74	0.76	0.58	0.54	0.68	0.72	0.66	0.52	0.64	0.6	0.78
17900	0.7	0.68	0.82	0.7	0.72	0.74	0.76	0.62	0.54	0.68	0.72	0.68	0.48	0.64	0.6	0.8
17950	0.72	0.68	0.8	0.7	0.74	0.74	0.78	0.56	0.52	0.68	0.68	0.66	0.54	0.62	0.62	0.82
18000	0.76	0.7	0.78	0.7	0.78	0.74	0.78	0.54	0.5	0.66	0.7	0.68	0.54	0.64	0.66	0.84
18050	0.66	0.7	0.84	0.66	0.78	0.72	0.78	0.56	0.5	0.64	0.7	0.74	0.52	0.66	0.68	0.84
18100	0.84	0.7	0.84	0.7	0.78	0.72	0.78	0.56	0.48	0.66	0.72	0.72	0.5	0.66	0.66	0.88
18150	0.76	0.7	0.84	0.74	0.76	0.72	0.78	0.56	0.46	0.66	0.74	0.7	0.5	0.66	0.66	0.88
18200	0.74	0.66	0.82	0.76	0.78	0.72	0.78	0.56	0.44	0.64	0.72	0.7	0.5	0.64	0.68	0.84
18250	0.72	0.68	0.84	0.76	0.78	0.74	0.78	0.58	0.5	0.68	0.74	0.72	0.48	0.66	0.7	0.84
18300	0.8	0.7	0.86	0.76	0.78	0.72	0.78	0.58	0.54	0.72	0.76	0.76	0.48	0.72	0.7	0.8
18350	0.64	0.74	0.84	0.74	0.8	0.72	0.82	0.6	0.56	0.72	0.76	0.76	0.5	0.72	0.72	0.76
18400	0.64	0.74	0.8	0.76	0.8	0.74	0.8	0.62	0.58	0.7	0.74	0.74	0.48	0.7	0.72	0.76
18450	0.6	0.76	0.78	0.76	0.8	0.8	0.8	0.6	0.56	0.68	0.78	0.72	0.44	0.7	0.74	0.74
18500	0.68	0.72	0.76	0.78	0.76	0.8	0.78	0.6	0.56	0.64	0.78	0.7	0.48	0.72	0.8	0.74
18550	0.7	0.72	0.74	0.76	0.76	0.8	0.78	0.62	0.58	0.64	0.76	0.68	0.5	0.72	0.82	0.74
18600	0.78	0.78	0.74	0.84	0.76	0.8	0.76	0.64	0.64	0.64	0.78	0.68	0.52	0.72	0.8	0.72
18650	0.82	0.8	0.74	0.86	0.74	0.78	0.72	0.7	0.72	0.68	0.78	0.68	0.52	0.76	0.8	0.68
18700	0.72	0.8	0.78	0.82	0.74	0.76	0.7	0.7	0.72	0.66	0.78	0.68	0.5	0.74	0.8	0.66
18750	0.62	0.76	0.76	0.82	0.72	0.76	0.7	0.68	0.76	0.66	0.8	0.7	0.5	0.7	0.8	0.6
18800	0.68	0.76	0.72	0.82	0.72	0.74	0.66	0.72	0.78	0.66	0.8	0.7	0.54	0.68	0.8	0.58
18850	0.66	0.76	0.72	0.84	0.72	0.74	0.68	0.74	0.8	0.64	0.8	0.68	0.54	0.64	0.8	0.56
18900	0.76	0.76	0.72	0.82	0.68	0.76	0.66	0.72	0.82	0.68	0.8	0.72	0.52	0.66	0.82	0.58
18950	0.72	0.8	0.72	0.74	0.68	0.76	0.64	0.7	0.82	0.66	0.78	0.7	0.52	0.68	0.8	0.62
19000	0.72	0.82	0.68	0.74	0.66	0.76	0.64	0.7	0.82	0.66	0.74	0.7	0.52	0.64	0.76	0.68
19050	0.6	0.74	0.66	0.72	0.64	0.72	0.64	0.76	0.82	0.72	0.72	0.68	0.56	0.62	0.76	0.68
19100	0.76	0.76	0.66	0.74	0.62	0.68	0.64	0.76	0.8	0.74	0.7	0.7	0.6	0.66	0.8	0.7
19150	0.7	0.76	0.64	0.74	0.62	0.68	0.62	0.76	0.82	0.74	0.7	0.74	0.62	0.64	0.76	0.72
19200	0.6	0.76	0.66	0.78	0.64	0.68	0.62	0.7	0.84	0.74	0.68	0.72	0.64	0.66	0.74	0.7
19250	0.7	0.76	0.7	0.74	0.66	0.7	0.64	0.7	0.84	0.72	0.66	0.7	0.62	0.66	0.74	0.72
19300	0.7	0.74	0.7	0.74	0.64	0.64	0.68	0.72	0.8	0.72	0.66	0.7	0.64	0.7	0.72	0.72
19350	0.74	0.72	0.68	0.74	0.7	0.6	0.68	0.72	0.78	0.74	0.64	0.66	0.62	0.72	0.72	0.76
19400	0.6	0.66	0.68	0.7	0.68	0.64	0.72	0.7	0.76	0.74	0.6	0.64	0.6	0.7	0.72	0.8
19450	0.66	0.66	0.68	0.72	0.66	0.66	0.74	0.7	0.68	0.7	0.6	0.64	0.58	0.68	0.68	0.82
19500	0.62	0.7	0.66	0.7	0.64	0.64	0.78	0.72	0.64	0.72	0.56	0.62	0.58	0.68	0.68	0.82
19550	0.66	0.7	0.66	0.68	0.66	0.62	0.82	0.72	0.62	0.72	0.54	0.68	0.6	0.68	0.68	0.86
19600	0.72	0.7	0.62	0.68	0.64	0.64	0.8	0.7	0.6	0.76	0.58	0.66	0.62	0.66	0.66	0.86
19650	0.76	0.7	0.62	0.7	0.68	0.62	0.86	0.7	0.6	0.76	0.6	0.66	0.64	0.66	0.64	0.86
19700	0.7	0.7	0.58	0.7	0.68	0.6	0.84	0.72	0.62	0.8	0.62	0.64	0.64	0.66	0.62	0.84
19750	0.6	0.68	0.6	0.7	0.68	0.62	0.84	0.66	0.58	0.78	0.58	0.66	0.64	0.68	0.62	0.84
19800	0.62	0.64	0.6	0.7	0.68	0.64	0.8	0.64	0.56	0.74	0.6	0.68	0.64	0.74	0.62	0.84
19850	0.68	0.68	0.6	0.68	0.68	0.62	0.8	0.64	0.54	0.74	0.62	0.7	0.64	0.76	0.64	0.84
19900	0.64	0.7	0.64	0.66	0.7	0.64	0.74	0.62	0.52	0.72	0.6	0.7	0.6	0.76	0.62	0.86
19950	0.68	0.7	0.6	0.68	0.72	0.62	0.74	0.66	0.52	0.72	0.62	0.68	0.62	0.76	0.64	0.88
20000	0.58	0.7	0.58	0.66	0.72	0.58	0.72	0.7	0.52	0.74	0.62	0.64	0.6	0.7	0.62	0.8
