0	0.0	0.0	0.0	0.0	0.0	0.0	0.0	0.0	0.0	0.0	0.0	0.0	0.0	0.0	0.0	0.0
50	0.0	0.0	0.0	0.0	0.0	0.0	0.0	0.0	0.0	0.0	0.0	0.0	0.0	0.0	0.0	0.0
100	0.0	0.0	0.0	0.0	0.0625	0.0714285714286	0.0	0.0	0.0	0.0	0.0	0.0	0.0	0.153846153846	0.111111111111	0.0
150	0.32	0.238095238095	0.0555555555556	0.0833333333333	0.0588235294118	0.117647058824	0.0	0.0	0.05	0.0714285714286	0.047619047619	0.133333333333	0.0416666666667	0.117647058824	0.130434782609	0.130434782609
200	0.333333333333	0.25	0.136363636364	0.157894736842	0.047619047619	0.1	0.0	0.0	0.08	0.130434782609	0.0740740740741	0.153846153846	0.0333333333333	0.16	0.111111111111	0.178571428571
250	0.380952380952	0.272727272727	0.193548387097	0.181818181818	0.133333333333	0.137931034483	0.037037037037	0.0882352941176	0.129032258065	0.192307692308	0.125	0.233333333333	0.0882352941176	0.205882352941	0.121212121212	0.15625
300	0.382978723404	0.289473684211	0.205882352941	0.133333333333	0.108108108108	0.15	0.0285714285714	0.105263157895	0.162162162162	0.28125	0.142857142857	0.277777777778	0.121951219512	0.219512195122	0.204545454545	0.171428571429
350	0.46	0.3	0.2	0.105263157895	0.195652173913	0.22	0.0697674418605	0.146341463415	0.2	0.297297297297	0.153846153846	0.272727272727	0.106382978723	0.25	0.2	0.2
400	0.58	0.354166666667	0.195652173913	0.166666666667	0.204081632653	0.26	0.16	0.195652173913	0.227272727273	0.326086956522	0.195652173913	0.32	0.1	0.34	0.22	0.229166666667
450	0.52	0.36	0.22	0.183673469388	0.3	0.34	0.24	0.26	0.229166666667	0.34	0.28	0.38	0.14	0.38	0.22	0.26
500	0.52	0.4	0.26	0.24	0.4	0.44	0.38	0.32	0.28	0.36	0.36	0.4	0.18	0.4	0.22	0.32
550	0.52	0.42	0.26	0.28	0.42	0.44	0.42	0.4	0.38	0.5	0.52	0.42	0.2	0.42	0.22	0.34
600	0.52	0.38	0.4	0.3	0.48	0.46	0.44	0.44	0.42	0.56	0.6	0.48	0.24	0.42	0.24	0.34
650	0.52	0.34	0.36	0.34	0.56	0.48	0.46	0.48	0.44	0.58	0.62	0.48	0.26	0.5	0.32	0.4
700	0.54	0.32	0.4	0.4	0.64	0.54	0.52	0.54	0.48	0.54	0.64	0.46	0.3	0.54	0.34	0.46
750	0.56	0.38	0.48	0.48	0.64	0.52	0.52	0.58	0.48	0.58	0.68	0.46	0.3	0.6	0.36	0.48
800	0.54	0.4	0.54	0.54	0.66	0.58	0.6	0.62	0.46	0.6	0.62	0.48	0.38	0.56	0.32	0.52
850	0.48	0.4	0.56	0.56	0.64	0.58	0.64	0.66	0.44	0.56	0.6	0.54	0.44	0.5	0.32	0.48
900	0.48	0.42	0.62	0.56	0.66	0.56	0.6	0.64	0.44	0.52	0.58	0.58	0.52	0.58	0.42	0.58
950	0.54	0.44	0.64	0.6	0.74	0.56	0.62	0.66	0.44	0.54	0.58	0.56	0.5	0.62	0.42	0.62
1000	0.56	0.46	0.6	0.6	0.74	0.62	0.66	0.66	0.48	0.54	0.56	0.52	0.5	0.7	0.46	0.6
1050	0.64	0.54	0.64	0.62	0.74	0.62	0.64	0.66	0.5	0.52	0.5	0.52	0.48	0.7	0.46	0.58
1100	0.62	0.54	0.66	0.64	0.72	0.66	0.66	0.62	0.52	0.46	0.54	0.5	0.5	0.72	0.5	0.62
1150	0.62	0.6	0.66	0.64	0.7	0.66	0.6	0.64	0.62	0.46	0.56	0.44	0.54	0.72	0.48	0.6
1200	0.58	0.6	0.7	0.66	0.7	0.64	0.54	0.64	0.64	0.52	0.58	0.46	0.52	0.68	0.5	0.58
1250	0.58	0.6	0.66	0.7	0.72	0.64	0.52	0.66	0.66	0.52	0.6	0.48	0.54	0.68	0.5	0.58
1300	0.54	0.62	0.64	0.72	0.7	0.66	0.52	0.66	0.72	0.58	0.64	0.52	0.56	0.7	0.54	0.58
1350	0.5	0.58	0.64	0.66	0.7	0.68	0.52	0.68	0.78	0.6	0.64	0.5	0.56	0.68	0.58	0.58
1400	0.52	0.6	0.62	0.68	0.74	0.66	0.56	0.72	0.82	0.66	0.66	0.54	0.58	0.68	0.58	0.6
1450	0.5	0.6	0.68	0.7	0.76	0.68	0.54	0.68	0.78	0.72	0.66	0.56	0.64	0.68	0.6	0.64
1500	0.5	0.58	0.7	0.74	0.82	0.7	0.58	0.7	0.76	0.78	0.7	0.6	0.66	0.66	0.64	0.62
1550	0.52	0.56	0.68	0.68	0.84	0.78	0.6	0.72	0.74	0.78	0.74	0.68	0.72	0.66	0.64	0.66
1600	0.56	0.56	0.7	0.7	0.86	0.74	0.62	0.7	0.72	0.74	0.74	0.7	0.66	0.66	0.64	0.68
1650	0.58	0.54	0.68	0.68	0.88	0.78	0.68	0.68	0.64	0.76	0.76	0.7	0.66	0.66	0.68	0.68
1700	0.6	0.58	0.66	0.74	0.94	0.74	0.64	0.64	0.62	0.74	0.72	0.64	0.64	0.66	0.64	0.66
1750	0.64	0.56	0.68	0.74	0.92	0.76	0.68	0.68	0.62	0.72	0.74	0.68	0.64	0.72	0.68	0.7
1800	0.7	0.52	0.64	0.72	0.86	0.74	0.66	0.68	0.66	0.72	0.78	0.7	0.64	0.76	0.66	0.68
1850	0.72	0.58	0.66	0.68	0.86	0.72	0.66	0.7	0.64	0.74	0.78	0.74	0.66	0.76	0.66	0.7
1900	0.74	0.6	0.66	0.64	0.84	0.7	0.64	0.74	0.64	0.7	0.74	0.72	0.7	0.74	0.68	0.78
1950	0.8	0.64	0.66	0.62	0.82	0.72	0.6	0.7	0.66	0.7	0.76	0.7	0.7	0.78	0.72	0.8
2000	0.84	0.66	0.7	0.6	0.82	0.72	0.62	0.66	0.66	0.68	0.76	0.7	0.74	0.74	0.74	0.82
2050	0.86	0.68	0.74	0.64	0.82	0.72	0.62	0.64	0.72	0.7	0.82	0.74	0.74	0.72	0.78	0.82
2100	0.84	0.72	0.72	0.64	0.78	0.72	0.62	0.68	0.78	0.68	0.82	0.74	0.76	0.74	0.82	0.8
2150	0.82	0.74	0.74	0.66	0.84	0.8	0.62	0.64	0.8	0.72	0.82	0.68	0.74	0.68	0.78	0.72
2200	0.8	0.76	0.78	0.66	0.84	0.8	0.6	0.62	0.8	0.72	0.84	0.64	0.7	0.68	0.8	0.74
2250	0.8	0.76	0.78	0.7	0.84	0.84	0.64	0.66	0.8	0.74	0.82	0.6	0.62	0.7	0.78	0.68
2300	0.8	0.74	0.74	0.74	0.8	0.86	0.62	0.64	0.8	0.68	0.82	0.58	0.62	0.66	0.76	0.62
2350	0.78	0.76	0.74	0.7	0.8	0.8	0.62	0.66	0.86	0.72	0.8	0.64	0.58	0.66	0.74	0.6
2400	0.72	0.76	0.74	0.74	0.74	0.74	0.62	0.72	0.82	0.7	0.76	0.62	0.64	0.7	0.7	0.6
2450	0.72	0.78	0.74	0.74	0.76	0.76	0.7	0.76	0.8	0.7	0.78	0.6	0.64	0.7	0.7	0.6
2500	0.72	0.78	0.8	0.74	0.74	0.76	0.74	0.8	0.82	0.72	0.76	0.64	0.64	0.68	0.7	0.64
2550	0.76	0.78	0.82	0.72	0.7	0.74	0.78	0.82	0.84	0.76	0.76	0.68	0.68	0.68	0.72	0.66
2600	0.78	0.78	0.84	0.76	0.74	0.74	0.82	0.86	0.84	0.76	0.76	0.72	0.66	0.74	0.74	0.66
2650	0.74	0.78	0.82	0.76	0.76	0.7	0.78	0.84	0.8	0.78	0.78	0.74	0.7	0.68	0.74	0.7
2700	0.74	0.8	0.84	0.76	0.78	0.7	0.74	0.8	0.78	0.76	0.76	0.74	0.74	0.7	0.74	0.74
2750	0.7	0.78	0.88	0.78	0.74	0.72	0.72	0.76	0.8	0.76	0.82	0.76	0.74	0.68	0.76	0.76
2800	0.72	0.8	0.86	0.8	0.74	0.72	0.74	0.78	0.78	0.74	0.82	0.76	0.76	0.7	0.74	0.74
2850	0.68	0.8	0.84	0.82	0.78	0.72	0.7	0.76	0.78	0.74	0.86	0.8	0.72	0.64	0.72	0.76
2900	0.64	0.82	0.84	0.84	0.8	0.7	0.66	0.76	0.78	0.72	0.88	0.8	0.74	0.68	0.74	0.74
2950	0.62	0.8	0.82	0.86	0.8	0.72	0.68	0.78	0.76	0.7	0.9	0.76	0.76	0.64	0.74	0.8
3000	0.62	0.8	0.84	0.88	0.82	0.68	0.68	0.8	0.8	0.78	0.88	0.76	0.76	0.62	0.74	0.8
3050	0.58	0.8	0.84	0.9	0.78	0.7	0.7	0.74	0.78	0.76	0.84	0.76	0.76	0.6	0.78	0.8
3100	0.58	0.8	0.86	0.9	0.8	0.7	0.76	0.74	0.76	0.76	0.84	0.76	0.78	0.56	0.8	0.84
3150	0.62	0.8	0.9	0.9	0.84	0.7	0.78	0.74	0.78	0.76	0.82	0.8	0.78	0.6	0.8	0.82
3200	0.62	0.78	0.88	0.9	0.86	0.76	0.8	0.74	0.76	0.78	0.82	0.78	0.78	0.6	0.76	0.82
3250	0.66	0.78	0.9	0.9	0.88	0.74	0.8	0.76	0.74	0.78	0.8	0.8	0.8	0.64	0.78	0.82
3300	0.72	0.78	0.88	0.9	0.88	0.8	0.76	0.76	0.78	0.8	0.8	0.78	0.82	0.64	0.8	0.8
3350	0.72	0.76	0.88	0.84	0.92	0.8	0.76	0.82	0.74	0.78	0.76	0.78	0.74	0.66	0.8	0.7
3400	0.7	0.76	0.86	0.8	0.94	0.78	0.72	0.82	0.7	0.7	0.76	0.78	0.76	0.66	0.76	0.68
3450	0.7	0.76	0.84	0.78	0.9	0.78	0.72	0.82	0.72	0.62	0.78	0.74	0.72	0.68	0.78	0.64
3500	0.72	0.74	0.86	0.76	0.9	0.8	0.74	0.82	0.72	0.66	0.72	0.76	0.72	0.72	0.78	0.66
3550	0.66	0.72	0.82	0.72	0.9	0.78	0.72	0.78	0.7	0.7	0.72	0.76	0.72	0.68	0.78	0.62
3600	0.64	0.74	0.84	0.76	0.88	0.78	0.7	0.76	0.72	0.7	0.68	0.78	0.7	0.7	0.82	0.64
3650	0.64	0.76	0.84	0.76	0.86	0.78	0.72	0.78	0.74	0.7	0.66	0.76	0.74	0.74	0.82	0.68
3700	0.64	0.8	0.86	0.74	0.8	0.74	0.78	0.74	0.7	0.68	0.64	0.76	0.76	0.74	0.82	0.74
3750	0.64	0.78	0.86	0.7	0.78	0.74	0.78	0.74	0.66	0.66	0.68	0.74	0.76	0.72	0.84	0.76
3800	0.64	0.8	0.88	0.76	0.8	0.8	0.76	0.76	0.68	0.7	0.64	0.74	0.76	0.72	0.86	0.7
3850	0.66	0.82	0.86	0.74	0.84	0.82	0.8	0.78	0.68	0.72	0.64	0.76	0.78	0.74	0.86	0.68
3900	0.68	0.82	0.86	0.78	0.82	0.88	0.84	0.76	0.68	0.7	0.64	0.8	0.78	0.76	0.9	0.7
3950	0.76	0.88	0.86	0.8	0.82	0.88	0.78	0.76	0.64	0.72	0.62	0.76	0.82	0.82	0.88	0.64
4000	0.78	0.9	0.92	0.8	0.82	0.88	0.72	0.72	0.62	0.7	0.64	0.78	0.82	0.8	0.88	0.68
4050	0.74	0.9	0.9	0.78	0.84	0.92	0.76	0.7	0.58	0.7	0.7	0.8	0.84	0.78	0.9	0.64
4100	0.74	0.88	0.84	0.78	0.84	0.9	0.76	0.72	0.64	0.72	0.7	0.8	0.84	0.78	0.86	0.62
4150	0.74	0.84	0.82	0.8	0.86	0.86	0.76	0.68	0.64	0.72	0.7	0.8	0.88	0.74	0.8	0.66
4200	0.74	0.84	0.82	0.78	0.82	0.84	0.78	0.64	0.6	0.74	0.72	0.8	0.88	0.74	0.8	0.76
4250	0.78	0.86	0.82	0.82	0.82	0.82	0.74	0.6	0.64	0.76	0.76	0.76	0.86	0.72	0.74	0.78
4300	0.78	0.82	0.86	0.86	0.82	0.84	0.74	0.6	0.66	0.76	0.8	0.78	0.82	0.72	0.74	0.76
4350	0.74	0.8	0.84	0.84	0.8	0.86	0.84	0.62	0.68	0.78	0.76	0.8	0.82	0.68	0.72	0.78
4400	0.74	0.8	0.8	0.78	0.78	0.88	0.9	0.68	0.78	0.8	0.78	0.8	0.8	0.68	0.74	0.84
4450	0.74	0.8	0.78	0.76	0.8	0.9	0.9	0.7	0.78	0.84	0.78	0.74	0.8	0.72	0.76	0.84
4500	0.76	0.78	0.82	0.82	0.82	0.88	0.86	0.74	0.76	0.84	0.76	0.76	0.8	0.72	0.8	0.84
4550	0.74	0.8	0.82	0.78	0.78	0.9	0.84	0.78	0.74	0.8	0.76	0.78	0.78	0.72	0.8	0.82
4600	0.72	0.82	0.84	0.78	0.78	0.9	0.86	0.8	0.74	0.8	0.74	0.74	0.8	0.72	0.84	0.78
4650	0.7	0.82	0.82	0.78	0.78	0.92	0.86	0.82	0.74	0.78	0.68	0.72	0.76	0.72	0.84	0.74
4700	0.72	0.82	0.82	0.8	0.82	0.92	0.86	0.8	0.72	0.84	0.64	0.7	0.76	0.74	0.84	0.76
4750	0.72	0.74	0.82	0.86	0.84	0.92	0.84	0.8	0.64	0.8	0.58	0.72	0.76	0.78	0.84	0.78
4800	0.74	0.78	0.82	0.8	0.82	0.92	0.82	0.8	0.7	0.82	0.62	0.74	0.7	0.8	0.84	0.76
4850	0.78	0.78	0.84	0.8	0.82	0.92	0.8	0.78	0.62	0.86	0.58	0.76	0.7	0.82	0.88	0.76
4900	0.8	0.78	0.86	0.86	0.82	0.9	0.76	0.8	0.64	0.86	0.62	0.78	0.72	0.86	0.88	0.74
4950	0.82	0.8	0.86	0.8	0.84	0.92	0.78	0.78	0.66	0.86	0.62	0.78	0.76	0.86	0.86	0.76
5000	0.86	0.8	0.84	0.76	0.86	0.9	0.78	0.76	0.66	0.86	0.62	0.82	0.78	0.88	0.88	0.76
5050	0.82	0.84	0.86	0.78	0.8	0.82	0.76	0.76	0.68	0.84	0.62	0.78	0.74	0.92	0.88	0.76
5100	0.8	0.86	0.84	0.78	0.8	0.8	0.72	0.78	0.76	0.84	0.66	0.74	0.74	0.9	0.94	0.72
5150	0.8	0.84	0.88	0.82	0.8	0.74	0.76	0.82	0.78	0.84	0.68	0.76	0.8	0.94	0.94	0.74
5200	0.82	0.86	0.88	0.86	0.8	0.7	0.76	0.84	0.72	0.84	0.7	0.78	0.8	0.94	0.92	0.76
5250	0.8	0.86	0.88	0.84	0.82	0.7	0.78	0.84	0.78	0.82	0.72	0.78	0.74	0.9	0.86	0.76
5300	0.8	0.86	0.86	0.84	0.84	0.68	0.78	0.84	0.8	0.8	0.8	0.76	0.72	0.9	0.82	0.76
5350	0.8	0.84	0.9	0.88	0.84	0.72	0.82	0.86	0.78	0.78	0.8	0.76	0.7	0.88	0.84	0.76
5400	0.82	0.82	0.9	0.88	0.86	0.76	0.82	0.84	0.78	0.78	0.88	0.76	0.7	0.86	0.82	0.78
5450	0.84	0.82	0.9	0.86	0.88	0.82	0.8	0.84	0.82	0.76	0.86	0.8	0.78	0.84	0.84	0.76
5500	0.84	0.8	0.88	0.86	0.92	0.86	0.86	0.86	0.84	0.78	0.88	0.84	0.8	0.84	0.84	0.78
5550	0.84	0.8	0.88	0.84	0.9	0.88	0.8	0.82	0.82	0.8	0.9	0.86	0.76	0.8	0.82	0.84
5600	0.82	0.84	0.9	0.82	0.9	0.9	0.8	0.8	0.82	0.8	0.9	0.82	0.74	0.82	0.8	0.82
5650	0.76	0.84	0.9	0.82	0.9	0.88	0.82	0.8	0.84	0.82	0.9	0.86	0.74	0.8	0.82	0.78
5700	0.74	0.8	0.9	0.78	0.88	0.88	0.82	0.76	0.84	0.84	0.88	0.9	0.78	0.72	0.82	0.8
5750	0.76	0.8	0.9	0.76	0.86	0.88	0.82	0.78	0.84	0.86	0.86	0.86	0.8	0.76	0.82	0.82
5800	0.74	0.8	0.88	0.76	0.86	0.88	0.8	0.82	0.82	0.82	0.88	0.86	0.82	0.78	0.82	0.82
5850	0.72	0.82	0.88	0.72	0.82	0.86	0.78	0.8	0.78	0.84	0.88	0.86	0.78	0.78	0.78	0.82
5900	0.68	0.74	0.88	0.72	0.82	0.86	0.76	0.78	0.76	0.8	0.86	0.88	0.78	0.78	0.76	0.82
5950	0.72	0.72	0.86	0.7	0.82	0.88	0.76	0.76	0.8	0.84	0.88	0.86	0.84	0.78	0.78	0.82
6000	0.7	0.7	0.8	0.68	0.82	0.9	0.8	0.8	0.84	0.82	0.86	0.86	0.86	0.78	0.82	0.82
6050	0.68	0.66	0.8	0.68	0.84	0.9	0.78	0.78	0.82	0.84	0.84	0.86	0.84	0.78	0.82	0.82
6100	0.72	0.64	0.78	0.66	0.82	0.92	0.8	0.78	0.8	0.88	0.88	0.86	0.84	0.8	0.86	0.84
6150	0.7	0.68	0.76	0.58	0.8	0.96	0.78	0.82	0.8	0.84	0.88	0.88	0.84	0.82	0.84	0.8
6200	0.72	0.66	0.72	0.56	0.78	0.94	0.8	0.78	0.8	0.82	0.84	0.88	0.84	0.82	0.84	0.8
6250	0.72	0.68	0.74	0.56	0.8	0.94	0.8	0.76	0.82	0.82	0.84	0.88	0.84	0.82	0.88	0.78
6300	0.74	0.68	0.72	0.56	0.82	0.94	0.76	0.76	0.82	0.78	0.86	0.84	0.8	0.82	0.88	0.76
6350	0.74	0.68	0.72	0.56	0.84	0.92	0.78	0.76	0.74	0.78	0.84	0.82	0.74	0.82	0.84	0.76
6400	0.76	0.68	0.78	0.58	0.82	0.92	0.82	0.7	0.7	0.74	0.8	0.76	0.74	0.86	0.86	0.76
6450	0.74	0.72	0.76	0.64	0.82	0.92	0.82	0.76	0.72	0.72	0.8	0.74	0.76	0.84	0.86	0.76
6500	0.74	0.7	0.78	0.66	0.86	0.92	0.82	0.76	0.74	0.72	0.8	0.76	0.74	0.86	0.88	0.74
6550	0.78	0.72	0.82	0.7	0.92	0.92	0.84	0.76	0.76	0.7	0.76	0.72	0.7	0.88	0.86	0.72
6600	0.76	0.74	0.8	0.72	0.9	0.86	0.82	0.76	0.78	0.7	0.7	0.72	0.7	0.88	0.84	0.74
6650	0.76	0.76	0.82	0.74	0.88	0.84	0.82	0.8	0.8	0.7	0.72	0.76	0.74	0.88	0.84	0.8
6700	0.72	0.76	0.8	0.74	0.82	0.86	0.82	0.82	0.8	0.72	0.72	0.78	0.74	0.9	0.84	0.78
6750	0.72	0.74	0.82	0.76	0.86	0.88	0.86	0.84	0.82	0.74	0.7	0.76	0.72	0.9	0.82	0.78
6800	0.74	0.78	0.84	0.78	0.82	0.86	0.88	0.9	0.78	0.74	0.68	0.8	0.7	0.9	0.82	0.78
6850	0.76	0.76	0.86	0.8	0.82	0.82	0.9	0.92	0.82	0.76	0.7	0.84	0.72	0.92	0.78	0.8
6900	0.74	0.76	0.84	0.8	0.82	0.82	0.9	0.9	0.8	0.74	0.74	0.82	0.72	0.92	0.78	0.8
6950	0.74	0.7	0.84	0.78	0.84	0.82	0.9	0.9	0.76	0.76	0.74	0.84	0.72	0.92	0.74	0.78
7000	0.72	0.68	0.86	0.76	0.86	0.82	0.94	0.9	0.78	0.8	0.72	0.82	0.72	0.88	0.72	0.78
7050	0.72	0.66	0.86	0.76	0.84	0.78	0.92	0.88	0.76	0.84	0.78	0.84	0.7	0.9	0.72	0.74
7100	0.72	0.68	0.86	0.74	0.88	0.8	0.92	0.86	0.76	0.82	0.82	0.84	0.76	0.88	0.74	0.74
7150	0.76	0.7	0.86	0.74	0.92	0.78	0.92	0.88	0.76	0.82	0.84	0.8	0.8	0.86	0.74	0.76
7200	0.72	0.68	0.86	0.78	0.9	0.78	0.9	0.9	0.78	0.78	0.86	0.8	0.82	0.8	0.74	0.76
7250	0.82	0.72	0.88	0.8	0.92	0.82	0.9	0.9	0.82	0.78	0.9	0.78	0.82	0.8	0.78	0.76
7300	0.8	0.74	0.82	0.76	0.92	0.86	0.9	0.9	0.86	0.78	0.92	0.8	0.84	0.78	0.78	0.84
7350	0.78	0.78	0.84	0.76	0.86	0.8	0.88	0.86	0.8	0.78	0.88	0.8	0.86	0.78	0.78	0.82
7400	0.8	0.8	0.86	0.82	0.86	0.8	0.86	0.88	0.8	0.76	0.9	0.78	0.88	0.76	0.8	0.8
7450	0.74	0.76	0.82	0.8	0.84	0.84	0.82	0.9	0.78	0.74	0.86	0.82	0.88	0.76	0.8	0.78
7500	0.74	0.78	0.8	0.8	0.8	0.88	0.84	0.92	0.78	0.72	0.84	0.78	0.88	0.78	0.82	0.78
7550	0.78	0.76	0.78	0.8	0.8	0.9	0.84	0.92	0.78	0.74	0.8	0.82	0.88	0.8	0.86	0.78
7600	0.78	0.74	0.78	0.78	0.8	0.88	0.82	0.9	0.78	0.78	0.78	0.82	0.84	0.84	0.86	0.74
7650	0.76	0.72	0.76	0.76	0.76	0.86	0.82	0.88	0.72	0.78	0.72	0.86	0.82	0.86	0.86	0.74
7700	0.72	0.78	0.8	0.8	0.78	0.88	0.82	0.86	0.74	0.72	0.74	0.86	0.78	0.84	0.86	0.68
7750	0.74	0.76	0.84	0.82	0.82	0.86	0.74	0.86	0.76	0.76	0.76	0.86	0.78	0.82	0.86	0.7
7800	0.72	0.8	0.84	0.76	0.78	0.88	0.72	0.82	0.76	0.76	0.8	0.84	0.78	0.82	0.88	0.68
7850	0.78	0.8	0.84	0.76	0.8	0.88	0.72	0.84	0.8	0.78	0.82	0.84	0.76	0.86	0.86	0.74
7900	0.78	0.78	0.88	0.74	0.86	0.86	0.72	0.84	0.78	0.76	0.8	0.78	0.74	0.88	0.84	0.76
7950	0.74	0.76	0.86	0.74	0.82	0.84	0.74	0.82	0.78	0.74	0.8	0.76	0.74	0.88	0.84	0.76
8000	0.68	0.76	0.88	0.76	0.84	0.84	0.76	0.8	0.78	0.72	0.78	0.72	0.76	0.86	0.84	0.78
8050	0.68	0.68	0.88	0.72	0.84	0.88	0.72	0.8	0.8	0.74	0.8	0.7	0.78	0.86	0.86	0.78
8100	0.7	0.66	0.84	0.62	0.82	0.92	0.76	0.82	0.82	0.76	0.84	0.72	0.8	0.86	0.88	0.78
8150	0.7	0.66	0.82	0.64	0.88	0.9	0.76	0.84	0.8	0.72	0.82	0.72	0.82	0.9	0.86	0.76
8200	0.7	0.62	0.8	0.66	0.84	0.9	0.82	0.86	0.8	0.7	0.76	0.64	0.8	0.92	0.86	0.76
8250	0.7	0.64	0.78	0.64	0.8	0.92	0.82	0.88	0.76	0.68	0.72	0.66	0.8	0.88	0.84	0.76
8300	0.7	0.64	0.76	0.64	0.82	0.9	0.8	0.84	0.76	0.66	0.74	0.62	0.78	0.86	0.78	0.74
8350	0.66	0.68	0.74	0.66	0.84	0.86	0.8	0.86	0.78	0.72	0.76	0.62	0.8	0.82	0.74	0.74
8400	0.68	0.7	0.68	0.68	0.82	0.8	0.8	0.86	0.82	0.76	0.74	0.66	0.86	0.84	0.74	0.8
8450	0.7	0.68	0.68	0.7	0.78	0.78	0.78	0.88	0.84	0.74	0.72	0.7	0.86	0.84	0.72	0.76
8500	0.72	0.66	0.68	0.72	0.78	0.76	0.76	0.9	0.88	0.76	0.68	0.72	0.84	0.84	0.74	0.72
8550	0.7	0.7	0.74	0.7	0.78	0.76	0.82	0.92	0.86	0.76	0.7	0.74	0.86	0.84	0.78	0.74
8600	0.7	0.7	0.76	0.74	0.78	0.8	0.8	0.92	0.88	0.78	0.68	0.74	0.86	0.8	0.76	0.76
8650	0.72	0.72	0.72	0.76	0.78	0.82	0.84	0.94	0.88	0.8	0.64	0.7	0.86	0.8	0.8	0.78
8700	0.72	0.72	0.74	0.76	0.76	0.86	0.84	0.94	0.86	0.82	0.68	0.74	0.9	0.82	0.88	0.78
8750	0.7	0.72	0.76	0.72	0.74	0.84	0.82	0.94	0.86	0.84	0.68	0.82	0.84	0.86	0.9	0.72
8800	0.7	0.76	0.78	0.74	0.76	0.88	0.82	0.9	0.8	0.86	0.68	0.72	0.76	0.86	0.92	0.72
8850	0.7	0.76	0.84	0.78	0.74	0.88	0.86	0.9	0.82	0.84	0.68	0.7	0.76	0.86	0.92	0.72
8900	0.74	0.86	0.84	0.8	0.76	0.88	0.84	0.86	0.82	0.84	0.7	0.72	0.76	0.86	0.92	0.72
8950	0.76	0.8	0.82	0.78	0.76	0.88	0.84	0.86	0.82	0.84	0.76	0.76	0.76	0.84	0.9	0.76
9000	0.78	0.78	0.82	0.74	0.74	0.86	0.82	0.84	0.82	0.84	0.8	0.72	0.72	0.88	0.84	0.74
9050	0.74	0.76	0.8	0.7	0.74	0.86	0.84	0.86	0.82	0.82	0.76	0.7	0.72	0.86	0.86	0.74
9100	0.72	0.72	0.78	0.68	0.74	0.84	0.84	0.86	0.84	0.82	0.78	0.7	0.74	0.82	0.84	0.74
9150	0.72	0.68	0.76	0.68	0.7	0.78	0.86	0.88	0.76	0.7	0.74	0.7	0.68	0.8	0.82	0.72
9200	0.74	0.7	0.72	0.66	0.66	0.8	0.92	0.92	0.78	0.72	0.78	0.76	0.68	0.82	0.84	0.76
9250	0.72	0.68	0.7	0.64	0.62	0.8	0.92	0.9	0.72	0.7	0.74	0.76	0.68	0.78	0.78	0.74
9300	0.64	0.64	0.64	0.58	0.62	0.82	0.94	0.9	0.7	0.74	0.68	0.74	0.68	0.78	0.78	0.74
9350	0.62	0.64	0.64	0.62	0.62	0.8	0.9	0.84	0.66	0.76	0.66	0.72	0.68	0.78	0.78	0.74
9400	0.62	0.7	0.62	0.62	0.58	0.78	0.9	0.84	0.68	0.78	0.7	0.72	0.72	0.78	0.84	0.72
9450	0.64	0.68	0.62	0.68	0.6	0.74	0.9	0.86	0.66	0.76	0.72	0.74	0.66	0.78	0.78	0.7
9500	0.72	0.72	0.66	0.68	0.64	0.72	0.88	0.88	0.74	0.82	0.72	0.76	0.66	0.84	0.76	0.74
9550	0.68	0.68	0.66	0.7	0.68	0.76	0.88	0.86	0.76	0.84	0.74	0.76	0.68	0.82	0.76	0.74
9600	0.68	0.68	0.66	0.74	0.72	0.74	0.88	0.84	0.82	0.84	0.76	0.74	0.68	0.82	0.82	0.76
9650	0.74	0.68	0.68	0.76	0.74	0.72	0.88	0.84	0.8	0.86	0.76	0.78	0.76	0.84	0.84	0.78
9700	0.76	0.72	0.7	0.78	0.76	0.76	0.86	0.82	0.86	0.86	0.74	0.74	0.78	0.84	0.84	0.8
9750	0.74	0.66	0.74	0.76	0.78	0.74	0.86	0.82	0.88	0.88	0.76	0.76	0.78	0.8	0.84	0.82
9800	0.72	0.62	0.74	0.72	0.82	0.82	0.86	0.86	0.88	0.88	0.78	0.78	0.76	0.8	0.84	0.82
9850	0.7	0.62	0.74	0.7	0.84	0.86	0.9	0.88	0.84	0.88	0.78	0.76	0.82	0.8	0.88	0.84
9900	0.7	0.64	0.74	0.72	0.82	0.86	0.9	0.88	0.78	0.86	0.78	0.8	0.8	0.8	0.86	0.86
9950	0.72	0.66	0.8	0.72	0.86	0.92	0.92	0.88	0.74	0.82	0.8	0.8	0.78	0.82	0.86	0.84
10000	0.7	0.64	0.8	0.68	0.84	0.9	0.9	0.88	0.78	0.76	0.78	0.78	0.8	0.84	0.86	0.8
10050	0.72	0.7	0.82	0.66	0.82	0.88	0.88	0.9	0.74	0.72	0.8	0.84	0.76	0.86	0.82	0.8
10100	0.68	0.7	0.8	0.68	0.84	0.88	0.86	0.9	0.74	0.68	0.78	0.86	0.76	0.86	0.82	0.8
10150	0.72	0.72	0.82	0.7	0.78	0.82	0.84	0.92	0.72	0.62	0.78	0.86	0.8	0.86	0.82	0.8
10200	0.72	0.7	0.82	0.7	0.78	0.84	0.88	0.94	0.72	0.64	0.76	0.88	0.76	0.88	0.82	0.78
10250	0.72	0.74	0.84	0.7	0.76	0.8	0.86	0.94	0.74	0.68	0.78	0.9	0.74	0.88	0.82	0.82
10300	0.7	0.78	0.86	0.76	0.74	0.78	0.84	0.96	0.74	0.74	0.76	0.86	0.74	0.88	0.76	0.78
10350	0.7	0.8	0.88	0.76	0.74	0.76	0.8	0.96	0.78	0.72	0.72	0.86	0.72	0.88	0.78	0.76
10400	0.7	0.8	0.86	0.66	0.74	0.72	0.74	0.96	0.8	0.74	0.74	0.88	0.74	0.88	0.76	0.72
10450	0.62	0.7	0.86	0.7	0.72	0.7	0.7	0.96	0.84	0.76	0.74	0.84	0.68	0.86	0.74	0.7
10500	0.64	0.72	0.9	0.72	0.72	0.68	0.7	0.94	0.86	0.76	0.76	0.78	0.62	0.9	0.72	0.72
10550	0.64	0.7	0.9	0.7	0.76	0.7	0.72	0.92	0.86	0.76	0.72	0.76	0.58	0.88	0.72	0.68
10600	0.66	0.74	0.88	0.7	0.76	0.72	0.74	0.92	0.88	0.82	0.76	0.76	0.56	0.88	0.7	0.68
10650	0.68	0.76	0.86	0.7	0.76	0.7	0.74	0.94	0.88	0.84	0.76	0.74	0.6	0.9	0.68	0.68
10700	0.68	0.74	0.86	0.74	0.74	0.66	0.74	0.96	0.88	0.82	0.78	0.72	0.6	0.92	0.68	0.68
10750	0.66	0.76	0.88	0.76	0.78	0.72	0.76	0.9	0.86	0.8	0.8	0.72	0.6	0.88	0.7	0.68
10800	0.72	0.78	0.9	0.82	0.78	0.74	0.78	0.84	0.82	0.8	0.8	0.72	0.62	0.86	0.72	0.66
10850	0.68	0.82	0.88	0.84	0.78	0.74	0.86	0.84	0.8	0.84	0.82	0.78	0.64	0.88	0.74	0.68
10900	0.7	0.8	0.86	0.8	0.78	0.72	0.86	0.84	0.78	0.8	0.8	0.78	0.68	0.88	0.76	0.72
10950	0.68	0.82	0.84	0.8	0.8	0.78	0.88	0.84	0.78	0.82	0.8	0.76	0.78	0.86	0.78	0.7
11000	0.68	0.8	0.84	0.82	0.82	0.8	0.9	0.78	0.74	0.8	0.8	0.76	0.82	0.86	0.78	0.74
11050	0.68	0.82	0.84	0.86	0.84	0.82	0.86	0.76	0.74	0.8	0.82	0.78	0.78	0.8	0.82	0.74
11100	0.66	0.82	0.84	0.86	0.8	0.82	0.86	0.74	0.74	0.82	0.82	0.76	0.8	0.8	0.84	0.74
11150	0.72	0.84	0.82	0.86	0.8	0.78	0.86	0.76	0.76	0.8	0.78	0.78	0.82	0.78	0.84	0.76
11200	0.72	0.8	0.82	0.86	0.78	0.72	0.84	0.8	0.78	0.82	0.82	0.82	0.82	0.84	0.82	0.82
11250	0.72	0.72	0.76	0.82	0.76	0.74	0.84	0.76	0.8	0.84	0.84	0.84	0.8	0.78	0.8	0.82
11300	0.76	0.72	0.8	0.84	0.78	0.68	0.82	0.76	0.78	0.84	0.86	0.84	0.8	0.82	0.8	0.82
11350	0.76	0.74	0.82	0.88	0.74	0.68	0.8	0.76	0.74	0.8	0.8	0.84	0.84	0.78	0.8	0.88
11400	0.82	0.78	0.82	0.86	0.72	0.66	0.76	0.8	0.7	0.74	0.78	0.84	0.86	0.82	0.8	0.86
11450	0.8	0.8	0.82	0.86	0.76	0.7	0.8	0.82	0.74	0.74	0.78	0.82	0.86	0.8	0.84	0.82
11500	0.78	0.78	0.82	0.86	0.76	0.7	0.78	0.8	0.72	0.72	0.8	0.84	0.86	0.8	0.84	0.8
11550	0.8	0.82	0.8	0.82	0.78	0.74	0.76	0.82	0.66	0.66	0.78	0.82	0.86	0.76	0.84	0.8
11600	0.82	0.84	0.84	0.84	0.8	0.76	0.74	0.82	0.64	0.66	0.74	0.82	0.84	0.82	0.84	0.76
11650	0.8	0.84	0.84	0.84	0.8	0.8	0.8	0.86	0.6	0.62	0.7	0.78	0.82	0.78	0.84	0.76
11700	0.78	0.84	0.84	0.76	0.76	0.82	0.82	0.86	0.56	0.64	0.7	0.74	0.8	0.82	0.82	0.76
11750	0.76	0.78	0.82	0.76	0.74	0.84	0.84	0.88	0.62	0.68	0.74	0.74	0.76	0.8	0.8	0.76
11800	0.76	0.74	0.8	0.74	0.7	0.82	0.86	0.86	0.64	0.74	0.76	0.72	0.72	0.82	0.8	0.76
11850	0.76	0.74	0.78	0.78	0.74	0.84	0.82	0.88	0.7	0.72	0.72	0.72	0.72	0.82	0.78	0.78
11900	0.82	0.76	0.78	0.76	0.72	0.84	0.84	0.86	0.7	0.74	0.72	0.72	0.76	0.84	0.8	0.74
11950	0.78	0.76	0.78	0.76	0.78	0.86	0.84	0.84	0.7	0.76	0.74	0.72	0.76	0.82	0.82	0.78
12000	0.78	0.76	0.76	0.74	0.78	0.84	0.82	0.88	0.7	0.76	0.72	0.72	0.74	0.84	0.8	0.78
12050	0.78	0.74	0.76	0.8	0.76	0.84	0.78	0.82	0.7	0.78	0.72	0.72	0.72	0.84	0.84	0.76
12100	0.76	0.78	0.74	0.8	0.78	0.82	0.78	0.8	0.68	0.78	0.66	0.72	0.76	0.84	0.88	0.76
12150	0.76	0.76	0.76	0.82	0.8	0.8	0.78	0.74	0.62	0.8	0.64	0.74	0.76	0.84	0.9	0.76
12200	0.74	0.8	0.74	0.82	0.8	0.86	0.78	0.7	0.56	0.76	0.66	0.74	0.8	0.8	0.88	0.76
12250	0.7	0.8	0.74	0.82	0.8	0.86	0.76	0.72	0.56	0.78	0.68	0.78	0.8	0.84	0.86	0.78
12300	0.68	0.76	0.72	0.82	0.74	0.84	0.74	0.68	0.56	0.8	0.68	0.82	0.7	0.82	0.84	0.74
12350	0.66	0.76	0.7	0.78	0.7	0.84	0.82	0.72	0.58	0.84	0.7	0.84	0.7	0.8	0.84	0.74
12400	0.68	0.74	0.7	0.76	0.68	0.84	0.82	0.74	0.6	0.84	0.68	0.8	0.66	0.84	0.8	0.76
12450	0.72	0.72	0.74	0.74	0.68	0.84	0.86	0.74	0.58	0.84	0.7	0.84	0.64	0.84	0.8	0.74
12500	0.68	0.72	0.76	0.76	0.72	0.84	0.9	0.76	0.64	0.82	0.74	0.86	0.58	0.8	0.78	0.72
12550	0.68	0.74	0.78	0.8	0.74	0.9	0.94	0.72	0.64	0.8	0.72	0.84	0.56	0.78	0.74	0.72
12600	0.68	0.78	0.8	0.78	0.76	0.88	0.88	0.7	0.62	0.78	0.72	0.84	0.56	0.76	0.78	0.72
12650	0.7	0.78	0.88	0.72	0.76	0.88	0.88	0.72	0.68	0.74	0.68	0.82	0.62	0.78	0.78	0.7
12700	0.7	0.82	0.9	0.76	0.74	0.88	0.84	0.78	0.7	0.72	0.66	0.8	0.68	0.82	0.82	0.72
12750	0.7	0.8	0.94	0.8	0.78	0.84	0.84	0.8	0.7	0.72	0.66	0.8	0.72	0.82	0.78	0.76
12800	0.74	0.8	0.92	0.82	0.78	0.88	0.82	0.76	0.7	0.74	0.76	0.8	0.72	0.86	0.82	0.72
12850	0.68	0.82	0.92	0.8	0.78	0.88	0.82	0.72	0.72	0.76	0.74	0.78	0.76	0.8	0.82	0.72
12900	0.72	0.84	0.86	0.76	0.74	0.84	0.84	0.78	0.7	0.76	0.72	0.84	0.78	0.82	0.82	0.7
12950	0.72	0.8	0.84	0.76	0.76	0.84	0.86	0.82	0.8	0.82	0.74	0.82	0.8	0.82	0.78	0.74
13000	0.68	0.76	0.82	0.7	0.72	0.84	0.84	0.82	0.8	0.82	0.7	0.82	0.8	0.82	0.82	0.72
13050	0.7	0.8	0.8	0.76	0.74	0.82	0.86	0.78	0.84	0.82	0.74	0.82	0.76	0.78	0.82	0.7
13100	0.7	0.76	0.74	0.76	0.72	0.82	0.86	0.8	0.84	0.8	0.72	0.8	0.72	0.76	0.78	0.64
13150	0.66	0.7	0.72	0.78	0.74	0.84	0.88	0.78	0.82	0.78	0.76	0.8	0.7	0.74	0.76	0.64
13200	0.62	0.7	0.7	0.8	0.74	0.84	0.86	0.8	0.78	0.78	0.76	0.82	0.74	0.72	0.8	0.7
13250	0.66	0.72	0.72	0.78	0.76	0.86	0.86	0.82	0.82	0.8	0.82	0.82	0.8	0.78	0.8	0.72
13300	0.66	0.74	0.8	0.78	0.76	0.86	0.86	0.82	0.78	0.8	0.8	0.8	0.76	0.8	0.74	0.72
13350	0.62	0.72	0.8	0.78	0.8	0.88	0.86	0.8	0.72	0.76	0.78	0.8	0.74	0.82	0.76	0.64
13400	0.62	0.74	0.76	0.78	0.8	0.86	0.86	0.8	0.72	0.74	0.74	0.74	0.68	0.8	0.72	0.6
13450	0.6	0.72	0.74	0.8	0.8	0.84	0.82	0.78	0.72	0.74	0.76	0.78	0.7	0.82	0.72	0.62
13500	0.62	0.76	0.76	0.82	0.74	0.8	0.82	0.78	0.68	0.74	0.74	0.76	0.72	0.8	0.72	0.66
13550	0.6	0.74	0.76	0.76	0.7	0.8	0.84	0.76	0.68	0.74	0.72	0.76	0.7	0.76	0.72	0.7
13600	0.64	0.74	0.84	0.76	0.74	0.76	0.86	0.78	0.68	0.72	0.72	0.76	0.72	0.76	0.68	0.7
13650	0.62	0.72	0.8	0.76	0.72	0.7	0.86	0.78	0.64	0.7	0.7	0.72	0.68	0.78	0.66	0.72
13700	0.64	0.7	0.78	0.72	0.7	0.7	0.86	0.78	0.68	0.72	0.72	0.74	0.64	0.76	0.72	0.74
13750	0.7	0.74	0.82	0.74	0.74	0.76	0.84	0.8	0.68	0.76	0.72	0.74	0.68	0.78	0.72	0.82
13800	0.7	0.74	0.82	0.7	0.7	0.74	0.84	0.8	0.66	0.68	0.7	0.74	0.7	0.76	0.74	0.84
13850	0.7	0.76	0.84	0.72	0.74	0.8	0.88	0.78	0.68	0.72	0.7	0.78	0.76	0.8	0.78	0.86
13900	0.7	0.76	0.84	0.7	0.8	0.82	0.9	0.78	0.64	0.7	0.72	0.76	0.76	0.8	0.8	0.84
13950	0.74	0.8	0.84	0.76	0.78	0.82	0.88	0.82	0.68	0.74	0.72	0.76	0.76	0.8	0.82	0.84
14000	0.74	0.8	0.86	0.76	0.78	0.84	0.86	0.88	0.74	0.78	0.72	0.8	0.78	0.86	0.82	0.82
14050	0.76	0.78	0.88	0.74	0.78	0.86	0.86	0.88	0.7	0.78	0.7	0.8	0.78	0.86	0.86	0.84
14100	0.74	0.82	0.88	0.74	0.8	0.84	0.86	0.86	0.68	0.76	0.66	0.8	0.8	0.84	0.88	0.86
14150	0.76	0.8	0.84	0.72	0.74	0.8	0.84	0.84	0.68	0.76	0.66	0.8	0.86	0.84	0.84	0.86
14200	0.76	0.78	0.84	0.74	0.7	0.84	0.88	0.84	0.68	0.76	0.68	0.76	0.84	0.84	0.86	0.84
14250	0.78	0.8	0.84	0.72	0.7	0.86	0.84	0.86	0.66	0.78	0.7	0.78	0.78	0.84	0.9	0.78
14300	0.76	0.86	0.82	0.74	0.68	0.84	0.82	0.86	0.7	0.8	0.74	0.72	0.76	0.86	0.9	0.76
14350	0.76	0.86	0.78	0.7	0.62	0.84	0.84	0.88	0.66	0.78	0.66	0.74	0.76	0.82	0.9	0.74
14400	0.76	0.82	0.76	0.7	0.64	0.86	0.86	0.88	0.64	0.78	0.68	0.7	0.7	0.84	0.88	0.74
14450	0.74	0.76	0.78	0.68	0.6	0.86	0.82	0.86	0.62	0.72	0.74	0.68	0.68	0.84	0.84	0.72
14500	0.76	0.76	0.78	0.72	0.62	0.84	0.8	0.86	0.56	0.7	0.72	0.7	0.7	0.84	0.86	0.72
14550	0.72	0.78	0.82	0.72	0.68	0.8	0.8	0.84	0.58	0.7	0.7	0.74	0.74	0.8	0.86	0.72
14600	0.72	0.78	0.84	0.76	0.72	0.76	0.76	0.82	0.64	0.76	0.78	0.8	0.72	0.78	0.8	0.72
14650	0.68	0.76	0.84	0.8	0.74	0.7	0.72	0.82	0.64	0.74	0.86	0.82	0.7	0.82	0.74	0.72
14700	0.68	0.74	0.86	0.8	0.78	0.68	0.76	0.86	0.66	0.8	0.84	0.84	0.72	0.82	0.74	0.76
14750	0.7	0.72	0.82	0.8	0.8	0.66	0.8	0.86	0.64	0.78	0.84	0.88	0.7	0.76	0.7	0.78
14800	0.7	0.74	0.8	0.8	0.76	0.64	0.8	0.86	0.66	0.78	0.86	0.82	0.72	0.72	0.66	0.76
14850	0.7	0.78	0.74	0.78	0.7	0.64	0.76	0.86	0.74	0.74	0.86	0.8	0.68	0.72	0.64	0.74
14900	0.68	0.78	0.76	0.78	0.62	0.64	0.8	0.88	0.74	0.76	0.82	0.76	0.62	0.72	0.62	0.74
14950	0.66	0.76	0.76	0.8	0.64	0.66	0.82	0.88	0.76	0.78	0.8	0.74	0.6	0.7	0.58	0.76
15000	0.66	0.8	0.76	0.78	0.62	0.7	0.84	0.84	0.78	0.78	0.78	0.78	0.62	0.72	0.66	0.78
15050	0.66	0.8	0.76	0.76	0.58	0.7	0.86	0.88	0.76	0.8	0.76	0.8	0.66	0.72	0.66	0.74
15100	0.74	0.8	0.76	0.72	0.62	0.68	0.86	0.84	0.76	0.78	0.8	0.82	0.64	0.74	0.64	0.78
15150	0.72	0.76	0.76	0.78	0.64	0.72	0.9	0.84	0.74	0.78	0.78	0.82	0.64	0.74	0.66	0.78
15200	0.76	0.8	0.76	0.78	0.68	0.74	0.86	0.78	0.72	0.78	0.78	0.84	0.66	0.76	0.72	0.82
15250	0.74	0.78	0.74	0.78	0.72	0.76	0.88	0.78	0.72	0.84	0.8	0.84	0.68	0.76	0.76	0.84
15300	0.76	0.8	0.76	0.8	0.72	0.78	0.9	0.78	0.7	0.86	0.78	0.76	0.7	0.76	0.74	0.84
15350	0.78	0.78	0.76	0.8	0.76	0.8	0.86	0.78	0.7	0.88	0.8	0.8	0.72	0.74	0.76	0.84
15400	0.78	0.76	0.74	0.78	0.76	0.8	0.84	0.78	0.76	0.82	0.76	0.72	0.72	0.72	0.74	0.82
15450	0.82	0.8	0.74	0.78	0.78	0.82	0.82	0.8	0.78	0.76	0.76	0.7	0.74	0.74	0.78	0.88
15500	0.8	0.78	0.74	0.76	0.76	0.84	0.82	0.78	0.72	0.78	0.76	0.7	0.66	0.76	0.76	0.88
15550	0.78	0.74	0.76	0.78	0.78	0.84	0.82	0.78	0.7	0.78	0.76	0.7	0.66	0.78	0.76	0.86
15600	0.74	0.74	0.8	0.8	0.8	0.84	0.82	0.78	0.72	0.76	0.8	0.76	0.7	0.8	0.78	0.82
15650	0.74	0.76	0.82	0.78	0.82	0.86	0.82	0.76	0.64	0.7	0.82	0.74	0.72	0.82	0.84	0.82
15700	0.76	0.74	0.84	0.78	0.86	0.84	0.82	0.78	0.66	0.72	0.82	0.72	0.74	0.82	0.82	0.82
15750	0.76	0.72	0.8	0.74	0.86	0.84	0.78	0.78	0.7	0.74	0.84	0.72	0.74	0.82	0.82	0.8
15800	0.74	0.74	0.82	0.74	0.84	0.82	0.78	0.8	0.68	0.72	0.84	0.72	0.74	0.82	0.8	0.78
15850	0.72	0.72	0.82	0.72	0.86	0.8	0.76	0.78	0.66	0.72	0.84	0.72	0.74	0.82	0.78	0.8
15900	0.72	0.72	0.82	0.76	0.92	0.8	0.76	0.78	0.64	0.74	0.8	0.74	0.74	0.88	0.8	0.78
15950	0.7	0.78	0.84	0.82	0.94	0.8	0.76	0.8	0.64	0.76	0.78	0.72	0.72	0.8	0.72	0.78
16000	0.7	0.76	0.84	0.78	0.86	0.72	0.74	0.8	0.66	0.78	0.8	0.72	0.78	0.82	0.74	0.76
16050	0.72	0.72	0.8	0.8	0.84	0.74	0.72	0.84	0.66	0.82	0.76	0.7	0.76	0.84	0.74	0.78
16100	0.7	0.68	0.78	0.76	0.84	0.74	0.74	0.8	0.66	0.84	0.74	0.74	0.76	0.82	0.76	0.78
16150	0.7	0.66	0.8	0.76	0.82	0.74	0.78	0.76	0.66	0.84	0.74	0.74	0.7	0.8	0.78	0.76
16200	0.7	0.66	0.8	0.76	0.8	0.76	0.78	0.76	0.66	0.82	0.76	0.72	0.64	0.78	0.74	0.74
16250	0.7	0.68	0.82	0.78	0.78	0.8	0.78	0.74	0.7	0.88	0.82	0.74	0.62	0.76	0.8	0.74
16300	0.7	0.7	0.84	0.78	0.78	0.78	0.8	0.74	0.7	0.86	0.8	0.72	0.6	0.74	0.8	0.7
16350	0.64	0.66	0.8	0.74	0.76	0.82	0.8	0.74	0.74	0.86	0.82	0.8	0.64	0.76	0.82	0.68
16400	0.7	0.68	0.84	0.82	0.8	0.86	0.8	0.74	0.76	0.84	0.8	0.76	0.66	0.76	0.82	0.72
16450	0.74	0.72	0.82	0.82	0.78	0.86	0.82	0.74	0.74	0.88	0.8	0.8	0.6	0.76	0.8	0.68
16500	0.74	0.72	0.82	0.82	0.76	0.82	0.76	0.74	0.74	0.82	0.8	0.76	0.58	0.76	0.78	0.7
16550	0.74	0.74	0.8	0.76	0.76	0.8	0.78	0.76	0.82	0.8	0.78	0.74	0.66	0.78	0.82	0.7
16600	0.8	0.78	0.82	0.72	0.78	0.78	0.76	0.78	0.82	0.78	0.8	0.68	0.62	0.84	0.84	0.72
16650	0.8	0.78	0.84	0.72	0.76	0.78	0.76	0.74	0.8	0.78	0.8	0.68	0.64	0.8	0.82	0.68
16700	0.78	0.82	0.8	0.74	0.76	0.8	0.78	0.76	0.76	0.74	0.8	0.68	0.62	0.82	0.82	0.72
16750	0.82	0.82	0.84	0.76	0.74	0.8	0.76	0.8	0.78	0.76	0.78	0.66	0.66	0.8	0.84	0.76
16800	0.78	0.84	0.8	0.68	0.68	0.8	0.78	0.76	0.76	0.78	0.72	0.62	0.72	0.78	0.9	0.78
16850	0.74	0.86	0.82	0.66	0.66	0.82	0.76	0.78	0.8	0.76	0.7	0.68	0.8	0.74	0.88	0.74
16900	0.74	0.86	0.86	0.68	0.64	0.78	0.7	0.78	0.8	0.72	0.66	0.66	0.82	0.72	0.84	0.76
16950	0.72	0.84	0.86	0.72	0.66	0.8	0.7	0.78	0.78	0.72	0.66	0.64	0.9	0.7	0.86	0.76
17000	0.68	0.8	0.82	0.64	0.64	0.78	0.68	0.74	0.76	0.68	0.68	0.7	0.86	0.68	0.84	0.74
17050	0.72	0.76	0.84	0.6	0.64	0.76	0.7	0.74	0.74	0.68	0.66	0.66	0.82	0.7	0.82	0.78
17100	0.78	0.74	0.86	0.58	0.62	0.78	0.72	0.76	0.76	0.7	0.72	0.68	0.8	0.76	0.84	0.78
17150	0.72	0.74	0.84	0.58	0.64	0.78	0.74	0.78	0.76	0.72	0.76	0.72	0.76	0.74	0.84	0.74
17200	0.68	0.72	0.82	0.6	0.62	0.74	0.74	0.8	0.72	0.7	0.74	0.72	0.74	0.8	0.78	0.68
17250	0.76	0.72	0.86	0.66	0.62	0.72	0.76	0.84	0.72	0.74	0.78	0.74	0.74	0.86	0.84	0.72
17300	0.78	0.72	0.86	0.68	0.66	0.74	0.76	0.8	0.68	0.76	0.76	0.74	0.74	0.86	0.84	0.78
17350	0.76	0.72	0.9	0.7	0.7	0.82	0.8	0.76	0.68	0.76	0.74	0.76	0.72	0.8	0.86	0.72
17400	0.76	0.78	0.88	0.7	0.76	0.8	0.84	0.76	0.7	0.8	0.74	0.8	0.76	0.8	0.9	0.7
17450	0.74	0.78	0.86	0.8	0.76	0.82	0.84	0.72	0.68	0.8	0.74	0.8	0.76	0.78	0.9	0.74
17500	0.7	0.76	0.86	0.76	0.78	0.86	0.82	0.68	0.68	0.8	0.74	0.88	0.8	0.74	0.9	0.7
17550	0.72	0.74	0.86	0.76	0.8	0.88	0.84	0.7	0.7	0.78	0.7	0.84	0.78	0.74	0.88	0.7
17600	0.74	0.76	0.84	0.72	0.88	0.92	0.84	0.7	0.68	0.78	0.7	0.8	0.76	0.78	0.9	0.72
17650	0.7	0.78	0.82	0.72	0.8	0.92	0.82	0.72	0.7	0.74	0.68	0.76	0.74	0.76	0.94	0.7
17700	0.66	0.8	0.78	0.74	0.78	0.9	0.82	0.72	0.7	0.74	0.66	0.76	0.74	0.74	0.94	0.7
17750	0.66	0.78	0.78	0.76	0.74	0.86	0.78	0.72	0.7	0.7	0.66	0.72	0.76	0.74	0.9	0.74
17800	0.68	0.78	0.78	0.72	0.72	0.84	0.74	0.74	0.7	0.68	0.74	0.74	0.76	0.72	0.9	0.76
17850	0.68	0.76	0.78	0.78	0.68	0.8	0.76	0.74	0.68	0.66	0.7	0.72	0.74	0.68	0.88	0.78
17900	0.64	0.7	0.82	0.74	0.64	0.76	0.78	0.76	0.68	0.7	0.66	0.7	0.74	0.68	0.88	0.74
17950	0.62	0.64	0.8	0.76	0.62	0.74	0.74	0.72	0.64	0.7	0.72	0.72	0.7	0.7	0.84	0.76
18000	0.66	0.64	0.8	0.76	0.74	0.74	0.7	0.7	0.66	0.72	0.74	0.72	0.68	0.72	0.82	0.76
18050	0.64	0.62	0.8	0.78	0.74	0.74	0.74	0.74	0.66	0.78	0.72	0.76	0.68	0.72	0.8	0.76
18100	0.68	0.62	0.8	0.76	0.8	0.76	0.72	0.74	0.7	0.8	0.78	0.76	0.66	0.76	0.8	0.8
18150	0.72	0.6	0.74	0.74	0.8	0.78	0.74	0.72	0.66	0.76	0.72	0.76	0.66	0.74	0.76	0.8
18200	0.78	0.6	0.72	0.74	0.82	0.74	0.76	0.74	0.66	0.76	0.72	0.78	0.64	0.82	0.74	0.82
18250	0.76	0.56	0.7	0.7	0.84	0.8	0.82	0.76	0.68	0.74	0.76	0.76	0.64	0.86	0.8	0.84
18300	0.78	0.58	0.66	0.66	0.82	0.78	0.8	0.76	0.66	0.78	0.7	0.72	0.62	0.84	0.78	0.86
18350	0.78	0.62	0.64	0.66	0.78	0.82	0.86	0.8	0.64	0.72	0.68	0.74	0.62	0.86	0.76	0.82
18400	0.76	0.58	0.64	0.66	0.76	0.82	0.88	0.8	0.66	0.7	0.72	0.78	0.64	0.82	0.76	0.86
18450	0.72	0.58	0.68	0.66	0.74	0.82	0.9	0.8	0.66	0.68	0.7	0.76	0.62	0.76	0.74	0.84
18500	0.72	0.6	0.66	0.6	0.62	0.78	0.9	0.78	0.68	0.74	0.7	0.74	0.64	0.78	0.78	0.8
18550	0.72	0.58	0.62	0.6	0.56	0.76	0.88	0.7	0.7	0.76	0.74	0.76	0.7	0.7	0.78	0.8
18600	0.72	0.62	0.64	0.64	0.58	0.8	0.9	0.7	0.7	0.78	0.76	0.76	0.72	0.76	0.86	0.78
18650	0.76	0.68	0.66	0.66	0.62	0.82	0.86	0.68	0.68	0.78	0.74	0.7	0.72	0.74	0.84	0.78
18700	0.76	0.7	0.72	0.66	0.64	0.82	0.86	0.7	0.72	0.8	0.76	0.7	0.7	0.74	0.84	0.8
18750	0.76	0.7	0.72	0.68	0.62	0.84	0.84	0.66	0.78	0.84	0.76	0.72	0.7	0.72	0.86	0.84
18800	0.8	0.68	0.68	0.66	0.66	0.84	0.84	0.62	0.78	0.84	0.76	0.72	0.76	0.7	0.9	0.86
18850	0.78	0.64	0.66	0.66	0.72	0.86	0.8	0.64	0.78	0.82	0.72	0.68	0.76	0.7	0.86	0.82
18900	0.78	0.66	0.7	0.7	0.78	0.84	0.78	0.66	0.78	0.8	0.7	0.68	0.76	0.7	0.84	0.82
18950	0.78	0.68	0.78	0.7	0.78	0.8	0.74	0.74	0.8	0.78	0.66	0.62	0.68	0.68	0.82	0.8
19000	0.8	0.72	0.78	0.7	0.72	0.78	0.76	0.76	0.82	0.76	0.66	0.64	0.66	0.72	0.8	0.82
19050	0.8	0.78	0.8	0.76	0.72	0.78	0.78	0.76	0.82	0.72	0.68	0.6	0.66	0.7	0.72	0.8
19100	0.76	0.74	0.84	0.74	0.72	0.74	0.8	0.8	0.86	0.7	0.7	0.62	0.72	0.74	0.76	0.8
19150	0.74	0.76	0.8	0.72	0.7	0.74	0.8	0.78	0.82	0.68	0.72	0.62	0.7	0.76	0.78	0.78
19200	0.68	0.74	0.8	0.74	0.68	0.74	0.8	0.84	0.82	0.66	0.72	0.62	0.72	0.72	0.82	0.8
19250	0.64	0.78	0.78	0.78	0.68	0.76	0.8	0.8	0.82	0.68	0.68	0.66	0.72	0.72	0.82	0.76
19300	0.64	0.82	0.8	0.74	0.66	0.82	0.82	0.8	0.76	0.62	0.68	0.68	0.76	0.7	0.84	0.74
19350	0.62	0.8	0.76	0.78	0.66	0.82	0.82	0.8	0.78	0.66	0.72	0.64	0.76	0.68	0.86	0.76
19400	0.64	0.82	0.76	0.74	0.66	0.8	0.82	0.74	0.74	0.66	0.7	0.58	0.72	0.7	0.88	0.76
19450	0.64	0.76	0.74	0.7	0.66	0.78	0.76	0.76	0.68	0.64	0.66	0.62	0.72	0.66	0.82	0.76
19500	0.6	0.72	0.7	0.72	0.68	0.8	0.72	0.72	0.7	0.62	0.68	0.6	0.74	0.64	0.78	0.74
19550	0.62	0.76	0.74	0.74	0.68	0.8	0.66	0.68	0.72	0.62	0.7	0.62	0.68	0.66	0.74	0.68
19600	0.64	0.7	0.78	0.76	0.74	0.78	0.64	0.74	0.7	0.66	0.7	0.58	0.66	0.72	0.72	0.68
19650	0.64	0.72	0.8	0.76	0.74	0.74	0.62	0.78	0.72	0.68	0.7	0.58	0.66	0.78	0.72	0.64
19700	0.56	0.68	0.76	0.7	0.68	0.74	0.62	0.78	0.72	0.68	0.74	0.58	0.66	0.74	0.7	0.6
19750	0.54	0.68	0.76	0.72	0.74	0.74	0.66	0.8	0.72	0.68	0.74	0.6	0.62	0.7	0.7	0.6
19800	0.5	0.66	0.76	0.7	0.78	0.8	0.74	0.84	0.78	0.7	0.76	0.64	0.68	0.72	0.7	0.62
19850	0.52	0.58	0.76	0.7	0.78	0.86	0.76	0.88	0.76	0.66	0.78	0.7	0.7	0.74	0.66	0.64
19900	0.52	0.62	0.76	0.72	0.78	0.8	0.74	0.86	0.7	0.66	0.8	0.7	0.62	0.76	0.68	0.62
19950	0.5	0.58	0.78	0.76	0.76	0.82	0.8	0.84	0.7	0.64	0.78	0.68	0.68	0.8	0.72	0.66
20000	0.56	0.58	0.72	0.76	0.78	0.82	0.76	0.82	0.72	0.66	0.78	0.7	0.74	0.74	0.72	0.72
