0	0.0	0.0	0.0	0.0	0.0	0.0	0.0	0.0	0.0	0.0	0.0	0.0	0.0	0.0	0.0	0.0
50	0.0	0.0	0.0	0.0	0.0	0.0	0.0	0.0	0.0	0.0	0.0	0.0	0.0	0.0	0.0	0.0
100	0.0	0.0	0.0	0.0	0.0	0.0	0.0	0.0	0.0	0.0	0.0	0.0	0.0	0.0	0.0	0.0
150	0.0	0.0	0.0	0.0769230769231	0.0	0.05	0.0	0.0	0.0	0.0	0.0	0.0	0.0714285714286	0.0	0.0434782608696	0.0
200	0.0571428571429	0.0	0.105263157895	0.0625	0.0434782608696	0.0714285714286	0.0	0.0	0.0	0.0666666666667	0.0	0.0333333333333	0.0588235294118	0.03125	0.1	0.0
250	0.0769230769231	0.0294117647059	0.0869565217391	0.05	0.0810810810811	0.0857142857143	0.0416666666667	0.03125	0.0	0.0571428571429	0.0606060606061	0.0833333333333	0.08	0.0540540540541	0.0833333333333	0.0333333333333
300	0.0851063829787	0.0526315789474	0.129032258065	0.0645161290323	0.116279069767	0.111111111111	0.03125	0.0789473684211	0.0333333333333	0.093023255814	0.0833333333333	0.116279069767	0.0645161290323	0.075	0.0789473684211	0.0882352941176
350	0.1	0.1	0.135135135135	0.093023255814	0.122448979592	0.12	0.102564102564	0.0714285714286	0.030303030303	0.12	0.0810810810811	0.106382978723	0.0789473684211	0.0869565217391	0.0952380952381	0.136363636364
400	0.1	0.12	0.170731707317	0.08	0.16	0.18	0.0833333333333	0.104166666667	0.046511627907	0.16	0.121951219512	0.14	0.0888888888889	0.12	0.108695652174	0.183673469388
450	0.1	0.18	0.208333333333	0.1	0.18	0.22	0.1	0.14	0.0454545454545	0.16	0.12	0.18	0.12	0.14	0.1	0.2
500	0.1	0.22	0.24	0.1	0.16	0.22	0.12	0.14	0.063829787234	0.24	0.16	0.24	0.12	0.22	0.16	0.24
550	0.12	0.24	0.24	0.1	0.2	0.24	0.14	0.18	0.1	0.28	0.2	0.26	0.1	0.28	0.16	0.3
600	0.14	0.26	0.26	0.16	0.26	0.24	0.16	0.2	0.12	0.32	0.22	0.28	0.12	0.32	0.2	0.38
650	0.16	0.24	0.28	0.16	0.26	0.26	0.14	0.22	0.14	0.3	0.22	0.28	0.18	0.32	0.18	0.42
700	0.2	0.22	0.3	0.16	0.3	0.24	0.14	0.24	0.18	0.32	0.22	0.32	0.2	0.36	0.18	0.42
750	0.24	0.28	0.3	0.22	0.32	0.24	0.1	0.28	0.24	0.32	0.22	0.38	0.18	0.38	0.2	0.42
800	0.26	0.28	0.28	0.28	0.38	0.26	0.14	0.28	0.26	0.4	0.26	0.44	0.18	0.4	0.24	0.38
850	0.32	0.32	0.32	0.32	0.42	0.3	0.18	0.3	0.36	0.38	0.28	0.44	0.16	0.42	0.2	0.4
900	0.32	0.34	0.36	0.44	0.4	0.34	0.22	0.3	0.42	0.4	0.3	0.48	0.2	0.44	0.28	0.44
950	0.34	0.34	0.34	0.44	0.34	0.34	0.22	0.3	0.42	0.38	0.32	0.52	0.24	0.4	0.32	0.38
1000	0.44	0.34	0.36	0.46	0.34	0.4	0.28	0.32	0.44	0.42	0.38	0.56	0.24	0.44	0.32	0.36
1050	0.5	0.4	0.32	0.5	0.4	0.46	0.38	0.34	0.44	0.48	0.4	0.52	0.2	0.42	0.36	0.36
1100	0.52	0.44	0.4	0.52	0.42	0.48	0.5	0.3	0.4	0.48	0.44	0.5	0.2	0.42	0.36	0.32
1150	0.56	0.42	0.44	0.56	0.4	0.46	0.5	0.24	0.38	0.46	0.5	0.46	0.2	0.44	0.4	0.32
1200	0.56	0.42	0.5	0.56	0.38	0.48	0.52	0.28	0.36	0.5	0.5	0.4	0.2	0.42	0.44	0.28
1250	0.5	0.38	0.5	0.52	0.44	0.52	0.54	0.3	0.34	0.48	0.5	0.38	0.32	0.42	0.42	0.28
1300	0.52	0.38	0.52	0.56	0.44	0.48	0.54	0.3	0.32	0.46	0.5	0.4	0.36	0.36	0.42	0.3
1350	0.5	0.34	0.54	0.62	0.48	0.48	0.54	0.28	0.34	0.46	0.48	0.38	0.38	0.42	0.4	0.36
1400	0.52	0.32	0.6	0.58	0.5	0.46	0.56	0.4	0.34	0.44	0.46	0.36	0.4	0.42	0.4	0.44
1450	0.54	0.32	0.56	0.56	0.46	0.38	0.54	0.42	0.36	0.42	0.52	0.38	0.5	0.42	0.36	0.42
1500	0.56	0.34	0.56	0.56	0.48	0.44	0.56	0.44	0.4	0.46	0.54	0.38	0.52	0.44	0.42	0.44
1550	0.56	0.26	0.62	0.56	0.48	0.5	0.6	0.48	0.46	0.48	0.52	0.4	0.52	0.46	0.38	0.5
1600	0.54	0.3	0.6	0.56	0.52	0.56	0.64	0.52	0.46	0.48	0.52	0.46	0.46	0.5	0.4	0.5
1650	0.54	0.26	0.62	0.6	0.54	0.56	0.68	0.62	0.54	0.48	0.54	0.44	0.5	0.54	0.42	0.5
1700	0.6	0.32	0.62	0.56	0.52	0.58	0.72	0.66	0.6	0.44	0.58	0.48	0.54	0.52	0.5	0.5
1750	0.64	0.34	0.58	0.56	0.56	0.6	0.66	0.66	0.58	0.5	0.62	0.5	0.5	0.52	0.48	0.5
1800	0.62	0.4	0.46	0.54	0.54	0.56	0.66	0.7	0.52	0.56	0.62	0.48	0.48	0.48	0.46	0.5
1850	0.64	0.38	0.48	0.58	0.54	0.5	0.66	0.66	0.56	0.46	0.58	0.48	0.48	0.46	0.42	0.52
1900	0.62	0.44	0.5	0.58	0.56	0.5	0.66	0.64	0.54	0.48	0.5	0.46	0.5	0.44	0.44	0.58
1950	0.62	0.42	0.48	0.54	0.56	0.5	0.62	0.58	0.54	0.48	0.42	0.42	0.54	0.38	0.46	0.56
2000	0.6	0.42	0.46	0.54	0.5	0.48	0.6	0.54	0.5	0.48	0.5	0.44	0.5	0.34	0.46	0.52
2050	0.58	0.46	0.44	0.54	0.5	0.48	0.62	0.5	0.52	0.46	0.48	0.48	0.5	0.34	0.46	0.48
2100	0.58	0.4	0.44	0.5	0.48	0.5	0.6	0.44	0.52	0.46	0.48	0.46	0.48	0.32	0.4	0.48
2150	0.6	0.4	0.44	0.46	0.44	0.44	0.56	0.44	0.56	0.44	0.46	0.5	0.46	0.32	0.44	0.44
2200	0.6	0.4	0.46	0.46	0.46	0.44	0.6	0.46	0.56	0.38	0.5	0.56	0.44	0.38	0.46	0.38
2250	0.56	0.4	0.52	0.44	0.44	0.44	0.6	0.48	0.58	0.48	0.58	0.62	0.48	0.44	0.46	0.44
2300	0.58	0.44	0.56	0.44	0.42	0.44	0.6	0.5	0.56	0.44	0.7	0.68	0.44	0.46	0.44	0.52
2350	0.6	0.5	0.62	0.42	0.44	0.46	0.6	0.52	0.64	0.5	0.64	0.66	0.4	0.5	0.44	0.6
2400	0.58	0.46	0.66	0.46	0.48	0.4	0.56	0.58	0.58	0.5	0.66	0.62	0.38	0.52	0.44	0.68
2450	0.6	0.44	0.6	0.5	0.48	0.4	0.6	0.64	0.62	0.54	0.62	0.58	0.4	0.5	0.48	0.72
2500	0.6	0.5	0.56	0.52	0.48	0.4	0.62	0.6	0.56	0.56	0.64	0.58	0.42	0.54	0.46	0.7
2550	0.64	0.48	0.56	0.54	0.5	0.5	0.6	0.64	0.54	0.6	0.66	0.52	0.38	0.54	0.48	0.68
2600	0.66	0.46	0.58	0.62	0.5	0.5	0.6	0.62	0.56	0.62	0.6	0.46	0.46	0.52	0.46	0.7
2650	0.64	0.4	0.48	0.6	0.44	0.54	0.56	0.66	0.46	0.58	0.54	0.46	0.46	0.48	0.46	0.68
2700	0.62	0.38	0.48	0.62	0.46	0.48	0.54	0.56	0.44	0.54	0.54	0.36	0.48	0.46	0.44	0.66
2750	0.62	0.36	0.44	0.64	0.5	0.54	0.52	0.5	0.36	0.54	0.5	0.4	0.46	0.5	0.42	0.62
2800	0.58	0.36	0.46	0.66	0.52	0.54	0.5	0.5	0.34	0.5	0.52	0.42	0.46	0.48	0.34	0.6
2850	0.6	0.4	0.46	0.68	0.52	0.56	0.5	0.54	0.32	0.5	0.58	0.46	0.48	0.48	0.32	0.5
2900	0.6	0.38	0.54	0.7	0.48	0.5	0.58	0.52	0.44	0.52	0.58	0.56	0.46	0.44	0.36	0.46
2950	0.64	0.4	0.52	0.7	0.5	0.46	0.52	0.54	0.52	0.56	0.56	0.54	0.5	0.38	0.32	0.42
3000	0.6	0.38	0.6	0.74	0.48	0.42	0.52	0.54	0.52	0.56	0.56	0.56	0.42	0.36	0.38	0.42
3050	0.6	0.46	0.58	0.76	0.58	0.48	0.54	0.54	0.54	0.56	0.58	0.6	0.44	0.38	0.4	0.38
3100	0.62	0.44	0.6	0.8	0.56	0.48	0.56	0.58	0.64	0.6	0.6	0.62	0.44	0.36	0.46	0.36
3150	0.62	0.52	0.64	0.82	0.64	0.5	0.64	0.68	0.68	0.6	0.62	0.66	0.46	0.38	0.44	0.36
3200	0.64	0.52	0.64	0.82	0.64	0.48	0.62	0.7	0.72	0.64	0.58	0.7	0.48	0.36	0.52	0.4
3250	0.66	0.52	0.66	0.84	0.58	0.48	0.62	0.74	0.7	0.64	0.64	0.68	0.52	0.44	0.58	0.52
3300	0.68	0.54	0.62	0.8	0.62	0.46	0.62	0.76	0.68	0.62	0.62	0.72	0.54	0.44	0.56	0.58
3350	0.66	0.56	0.66	0.76	0.66	0.5	0.56	0.8	0.66	0.64	0.66	0.74	0.48	0.5	0.62	0.54
3400	0.66	0.6	0.64	0.66	0.68	0.5	0.54	0.78	0.68	0.66	0.68	0.76	0.48	0.54	0.6	0.58
3450	0.64	0.6	0.66	0.62	0.66	0.54	0.56	0.82	0.64	0.72	0.72	0.76	0.46	0.52	0.58	0.62
3500	0.7	0.66	0.64	0.62	0.62	0.54	0.56	0.82	0.62	0.7	0.7	0.7	0.48	0.54	0.52	0.58
3550	0.7	0.62	0.68	0.62	0.58	0.52	0.56	0.78	0.62	0.72	0.68	0.66	0.48	0.56	0.5	0.62
3600	0.66	0.6	0.64	0.58	0.62	0.5	0.54	0.74	0.6	0.72	0.68	0.64	0.46	0.56	0.48	0.62
3650	0.68	0.6	0.6	0.58	0.66	0.48	0.54	0.7	0.58	0.68	0.62	0.62	0.46	0.62	0.38	0.58
3700	0.7	0.62	0.62	0.58	0.64	0.5	0.52	0.66	0.62	0.7	0.62	0.6	0.48	0.6	0.42	0.58
3750	0.68	0.64	0.58	0.5	0.66	0.56	0.54	0.6	0.68	0.64	0.58	0.58	0.46	0.58	0.42	0.6
3800	0.66	0.56	0.56	0.52	0.62	0.54	0.52	0.62	0.64	0.58	0.6	0.58	0.5	0.62	0.42	0.6
3850	0.58	0.52	0.62	0.54	0.66	0.48	0.54	0.64	0.68	0.5	0.52	0.6	0.52	0.6	0.5	0.58
3900	0.62	0.48	0.66	0.52	0.68	0.48	0.56	0.64	0.72	0.54	0.56	0.64	0.54	0.7	0.54	0.66
3950	0.62	0.48	0.68	0.5	0.7	0.5	0.56	0.64	0.66	0.56	0.52	0.68	0.52	0.76	0.52	0.62
4000	0.6	0.48	0.7	0.48	0.64	0.5	0.58	0.72	0.66	0.58	0.56	0.68	0.6	0.78	0.52	0.6
4050	0.58	0.44	0.74	0.48	0.66	0.54	0.54	0.8	0.74	0.58	0.58	0.68	0.62	0.74	0.58	0.6
4100	0.58	0.46	0.7	0.5	0.68	0.54	0.5	0.82	0.74	0.56	0.6	0.72	0.6	0.7	0.66	0.62
4150	0.56	0.46	0.64	0.52	0.66	0.48	0.46	0.82	0.68	0.62	0.56	0.74	0.64	0.72	0.64	0.58
4200	0.6	0.56	0.56	0.58	0.68	0.5	0.5	0.82	0.7	0.68	0.56	0.74	0.64	0.68	0.66	0.58
4250	0.68	0.58	0.5	0.56	0.66	0.54	0.5	0.78	0.62	0.68	0.62	0.68	0.72	0.68	0.66	0.58
4300	0.68	0.6	0.54	0.6	0.66	0.58	0.42	0.76	0.56	0.64	0.64	0.6	0.8	0.58	0.7	0.56
4350	0.66	0.62	0.52	0.64	0.6	0.56	0.46	0.78	0.58	0.6	0.68	0.6	0.78	0.56	0.66	0.56
4400	0.66	0.58	0.48	0.64	0.62	0.58	0.44	0.76	0.54	0.62	0.66	0.66	0.76	0.58	0.66	0.58
4450	0.68	0.56	0.52	0.64	0.66	0.54	0.44	0.68	0.52	0.62	0.66	0.62	0.74	0.6	0.68	0.54
4500	0.68	0.6	0.52	0.6	0.66	0.52	0.5	0.64	0.46	0.56	0.64	0.62	0.72	0.54	0.66	0.56
4550	0.7	0.62	0.54	0.62	0.68	0.54	0.5	0.6	0.4	0.52	0.62	0.6	0.76	0.52	0.64	0.58
4600	0.7	0.64	0.66	0.66	0.66	0.52	0.52	0.6	0.48	0.52	0.64	0.62	0.76	0.54	0.68	0.56
4650	0.7	0.64	0.66	0.64	0.66	0.54	0.54	0.58	0.5	0.52	0.56	0.68	0.7	0.56	0.68	0.6
4700	0.7	0.68	0.74	0.62	0.68	0.52	0.6	0.62	0.52	0.56	0.52	0.72	0.68	0.64	0.68	0.66
4750	0.72	0.66	0.82	0.62	0.66	0.48	0.62	0.64	0.46	0.54	0.48	0.72	0.7	0.6	0.7	0.68
4800	0.72	0.64	0.84	0.6	0.66	0.5	0.64	0.66	0.44	0.54	0.46	0.76	0.68	0.6	0.72	0.72
4850	0.68	0.76	0.84	0.66	0.64	0.48	0.66	0.64	0.44	0.54	0.46	0.72	0.68	0.6	0.68	0.72
4900	0.7	0.76	0.86	0.7	0.64	0.52	0.66	0.66	0.46	0.6	0.4	0.74	0.66	0.62	0.66	0.76
4950	0.7	0.74	0.84	0.64	0.7	0.54	0.66	0.68	0.52	0.62	0.46	0.72	0.62	0.66	0.64	0.76
5000	0.72	0.66	0.78	0.58	0.72	0.58	0.66	0.66	0.56	0.62	0.42	0.7	0.62	0.66	0.68	0.72
5050	0.7	0.68	0.8	0.56	0.74	0.6	0.6	0.66	0.56	0.64	0.42	0.64	0.62	0.68	0.66	0.72
5100	0.62	0.64	0.78	0.52	0.76	0.64	0.6	0.6	0.6	0.66	0.46	0.62	0.62	0.68	0.64	0.66
5150	0.64	0.6	0.76	0.48	0.74	0.7	0.6	0.56	0.62	0.66	0.5	0.6	0.6	0.64	0.64	0.68
5200	0.62	0.6	0.68	0.5	0.76	0.62	0.6	0.56	0.68	0.64	0.52	0.64	0.62	0.7	0.62	0.62
5250	0.64	0.6	0.68	0.52	0.76	0.58	0.58	0.56	0.62	0.6	0.5	0.66	0.58	0.72	0.64	0.6
5300	0.68	0.64	0.64	0.52	0.78	0.6	0.56	0.56	0.62	0.56	0.54	0.68	0.56	0.7	0.62	0.62
5350	0.64	0.62	0.64	0.56	0.76	0.52	0.62	0.56	0.62	0.6	0.58	0.68	0.54	0.72	0.66	0.64
5400	0.64	0.68	0.68	0.58	0.76	0.54	0.64	0.6	0.6	0.62	0.56	0.64	0.56	0.7	0.68	0.7
5450	0.64	0.66	0.68	0.62	0.7	0.56	0.6	0.62	0.58	0.6	0.64	0.64	0.58	0.7	0.68	0.74
5500	0.66	0.64	0.68	0.62	0.74	0.54	0.62	0.62	0.6	0.56	0.6	0.68	0.6	0.68	0.7	0.72
5550	0.7	0.68	0.64	0.62	0.76	0.52	0.62	0.58	0.6	0.56	0.56	0.68	0.6	0.68	0.72	0.76
5600	0.68	0.72	0.66	0.6	0.7	0.6	0.64	0.58	0.64	0.62	0.54	0.66	0.62	0.72	0.7	0.68
5650	0.64	0.66	0.66	0.6	0.68	0.62	0.58	0.6	0.66	0.66	0.54	0.62	0.64	0.72	0.7	0.66
5700	0.7	0.7	0.64	0.64	0.64	0.66	0.66	0.6	0.7	0.66	0.52	0.6	0.68	0.74	0.72	0.66
5750	0.68	0.72	0.68	0.66	0.62	0.7	0.66	0.6	0.68	0.64	0.58	0.64	0.66	0.78	0.68	0.64
5800	0.68	0.74	0.7	0.7	0.6	0.74	0.64	0.64	0.74	0.64	0.54	0.62	0.66	0.8	0.7	0.6
5850	0.7	0.74	0.72	0.68	0.62	0.72	0.62	0.6	0.76	0.68	0.54	0.6	0.64	0.78	0.7	0.58
5900	0.72	0.72	0.72	0.7	0.58	0.76	0.62	0.58	0.78	0.66	0.56	0.64	0.64	0.76	0.66	0.6
5950	0.72	0.7	0.66	0.68	0.64	0.74	0.66	0.54	0.76	0.58	0.58	0.66	0.66	0.78	0.7	0.6
6000	0.74	0.72	0.68	0.7	0.7	0.7	0.64	0.56	0.76	0.54	0.62	0.66	0.64	0.78	0.72	0.62
6050	0.74	0.66	0.72	0.74	0.7	0.7	0.64	0.6	0.78	0.5	0.66	0.64	0.64	0.74	0.74	0.7
6100	0.7	0.66	0.7	0.74	0.68	0.68	0.6	0.6	0.76	0.54	0.68	0.68	0.66	0.72	0.7	0.7
6150	0.7	0.64	0.66	0.7	0.74	0.64	0.58	0.58	0.7	0.56	0.6	0.68	0.64	0.66	0.68	0.68
6200	0.7	0.6	0.64	0.64	0.72	0.64	0.6	0.6	0.68	0.58	0.62	0.74	0.64	0.66	0.7	0.68
6250	0.7	0.6	0.66	0.62	0.68	0.56	0.54	0.58	0.62	0.54	0.56	0.74	0.64	0.7	0.7	0.7
6300	0.68	0.6	0.66	0.7	0.64	0.58	0.56	0.56	0.64	0.52	0.52	0.72	0.6	0.72	0.7	0.74
6350	0.72	0.6	0.68	0.72	0.62	0.52	0.48	0.6	0.64	0.54	0.46	0.7	0.66	0.72	0.72	0.7
6400	0.7	0.64	0.64	0.74	0.62	0.54	0.5	0.58	0.7	0.58	0.48	0.72	0.68	0.72	0.72	0.7
6450	0.7	0.64	0.64	0.74	0.58	0.6	0.52	0.56	0.7	0.66	0.48	0.66	0.7	0.72	0.7	0.72
6500	0.72	0.66	0.62	0.78	0.6	0.66	0.52	0.58	0.64	0.64	0.48	0.64	0.7	0.78	0.7	0.7
6550	0.74	0.68	0.68	0.7	0.62	0.62	0.52	0.58	0.72	0.62	0.52	0.64	0.68	0.82	0.7	0.72
6600	0.76	0.68	0.7	0.68	0.6	0.62	0.52	0.58	0.68	0.62	0.5	0.64	0.66	0.82	0.74	0.76
6650	0.72	0.72	0.7	0.66	0.6	0.6	0.5	0.64	0.64	0.68	0.56	0.6	0.72	0.78	0.7	0.72
6700	0.68	0.68	0.7	0.62	0.6	0.62	0.46	0.68	0.6	0.72	0.58	0.58	0.72	0.8	0.7	0.7
6750	0.7	0.7	0.72	0.62	0.64	0.62	0.48	0.66	0.6	0.76	0.56	0.56	0.68	0.78	0.7	0.68
6800	0.72	0.68	0.74	0.6	0.68	0.56	0.5	0.64	0.62	0.78	0.56	0.54	0.68	0.82	0.66	0.66
6850	0.76	0.72	0.78	0.68	0.72	0.52	0.52	0.68	0.64	0.8	0.56	0.54	0.64	0.84	0.66	0.66
6900	0.74	0.72	0.76	0.7	0.72	0.5	0.56	0.68	0.66	0.78	0.54	0.54	0.66	0.82	0.62	0.74
6950	0.7	0.74	0.8	0.66	0.7	0.52	0.58	0.66	0.66	0.76	0.54	0.6	0.62	0.82	0.58	0.74
7000	0.72	0.72	0.74	0.72	0.76	0.56	0.58	0.62	0.7	0.72	0.54	0.6	0.62	0.82	0.6	0.74
7050	0.7	0.72	0.7	0.72	0.74	0.58	0.56	0.58	0.74	0.7	0.56	0.62	0.6	0.82	0.58	0.76
7100	0.68	0.72	0.66	0.72	0.78	0.58	0.54	0.56	0.68	0.68	0.58	0.62	0.64	0.84	0.6	0.74
7150	0.72	0.72	0.66	0.7	0.76	0.7	0.58	0.56	0.64	0.64	0.58	0.66	0.64	0.84	0.6	0.76
7200	0.7	0.72	0.66	0.64	0.74	0.7	0.5	0.6	0.62	0.62	0.6	0.68	0.62	0.86	0.58	0.76
7250	0.64	0.76	0.66	0.66	0.8	0.72	0.52	0.62	0.64	0.66	0.64	0.74	0.68	0.86	0.64	0.72
7300	0.62	0.76	0.64	0.66	0.82	0.68	0.52	0.62	0.62	0.68	0.62	0.74	0.7	0.86	0.66	0.7
7350	0.58	0.74	0.64	0.68	0.8	0.68	0.52	0.66	0.64	0.7	0.58	0.74	0.68	0.86	0.66	0.74
7400	0.58	0.7	0.64	0.68	0.8	0.74	0.6	0.68	0.66	0.7	0.58	0.72	0.62	0.86	0.7	0.72
7450	0.6	0.72	0.66	0.7	0.78	0.78	0.64	0.7	0.66	0.72	0.56	0.76	0.62	0.78	0.68	0.76
7500	0.56	0.74	0.72	0.68	0.7	0.76	0.66	0.74	0.66	0.7	0.54	0.74	0.62	0.76	0.7	0.76
7550	0.56	0.8	0.76	0.66	0.66	0.72	0.68	0.72	0.66	0.74	0.58	0.74	0.66	0.74	0.68	0.74
7600	0.52	0.76	0.72	0.74	0.64	0.68	0.68	0.7	0.66	0.74	0.56	0.72	0.66	0.7	0.68	0.74
7650	0.52	0.78	0.72	0.68	0.64	0.68	0.68	0.7	0.58	0.72	0.52	0.72	0.66	0.68	0.66	0.7
7700	0.5	0.8	0.68	0.7	0.64	0.68	0.66	0.74	0.6	0.7	0.52	0.68	0.64	0.66	0.64	0.7
7750	0.52	0.76	0.66	0.64	0.62	0.6	0.64	0.66	0.64	0.68	0.54	0.66	0.6	0.62	0.66	0.68
7800	0.52	0.76	0.72	0.64	0.66	0.6	0.66	0.66	0.58	0.72	0.56	0.68	0.64	0.64	0.64	0.7
7850	0.54	0.82	0.7	0.7	0.66	0.5	0.68	0.66	0.6	0.66	0.54	0.68	0.6	0.68	0.66	0.7
7900	0.56	0.78	0.74	0.74	0.72	0.54	0.66	0.64	0.58	0.72	0.5	0.72	0.58	0.7	0.68	0.72
7950	0.56	0.76	0.68	0.72	0.7	0.54	0.7	0.64	0.56	0.68	0.5	0.74	0.6	0.74	0.66	0.74
8000	0.56	0.8	0.72	0.7	0.7	0.5	0.68	0.64	0.58	0.74	0.54	0.7	0.6	0.78	0.58	0.76
8050	0.58	0.76	0.72	0.72	0.7	0.52	0.66	0.68	0.6	0.66	0.56	0.7	0.64	0.8	0.6	0.76
8100	0.6	0.76	0.74	0.72	0.72	0.54	0.68	0.64	0.62	0.72	0.58	0.72	0.62	0.84	0.64	0.8
8150	0.64	0.76	0.74	0.72	0.74	0.58	0.66	0.62	0.58	0.66	0.56	0.7	0.66	0.82	0.62	0.78
8200	0.66	0.8	0.7	0.74	0.72	0.64	0.62	0.66	0.64	0.68	0.54	0.72	0.66	0.78	0.64	0.76
8250	0.66	0.78	0.66	0.8	0.76	0.72	0.54	0.62	0.66	0.68	0.6	0.7	0.66	0.76	0.66	0.74
8300	0.66	0.72	0.64	0.76	0.76	0.7	0.48	0.56	0.62	0.68	0.56	0.68	0.66	0.78	0.62	0.74
8350	0.64	0.76	0.62	0.78	0.72	0.74	0.46	0.56	0.58	0.68	0.6	0.68	0.74	0.74	0.64	0.72
8400	0.62	0.78	0.62	0.78	0.68	0.76	0.52	0.6	0.58	0.66	0.58	0.64	0.78	0.72	0.72	0.74
8450	0.66	0.74	0.62	0.74	0.68	0.72	0.58	0.6	0.58	0.62	0.58	0.68	0.78	0.74	0.7	0.72
8500	0.58	0.74	0.64	0.7	0.7	0.68	0.58	0.66	0.6	0.7	0.58	0.66	0.78	0.7	0.76	0.7
8550	0.58	0.68	0.64	0.72	0.66	0.64	0.56	0.62	0.58	0.68	0.58	0.68	0.76	0.68	0.76	0.68
8600	0.58	0.68	0.66	0.7	0.68	0.64	0.5	0.66	0.6	0.7	0.6	0.68	0.7	0.64	0.74	0.72
8650	0.64	0.72	0.68	0.66	0.66	0.62	0.6	0.64	0.62	0.68	0.6	0.68	0.7	0.64	0.74	0.78
8700	0.58	0.74	0.64	0.62	0.6	0.56	0.64	0.66	0.66	0.66	0.6	0.64	0.66	0.66	0.72	0.7
8750	0.56	0.7	0.7	0.54	0.66	0.58	0.66	0.64	0.7	0.64	0.6	0.64	0.64	0.66	0.7	0.68
8800	0.58	0.66	0.68	0.54	0.68	0.62	0.56	0.64	0.66	0.64	0.62	0.7	0.64	0.68	0.7	0.58
8850	0.6	0.68	0.7	0.56	0.7	0.54	0.56	0.68	0.66	0.66	0.54	0.72	0.58	0.64	0.64	0.58
8900	0.62	0.68	0.66	0.52	0.68	0.56	0.56	0.68	0.66	0.68	0.52	0.76	0.58	0.66	0.64	0.62
8950	0.6	0.72	0.68	0.58	0.74	0.52	0.56	0.74	0.66	0.68	0.5	0.76	0.6	0.7	0.6	0.62
9000	0.58	0.64	0.76	0.6	0.76	0.5	0.58	0.7	0.6	0.64	0.44	0.76	0.6	0.68	0.6	0.54
9050	0.54	0.56	0.78	0.62	0.76	0.52	0.56	0.78	0.6	0.6	0.46	0.78	0.7	0.7	0.62	0.6
9100	0.56	0.58	0.78	0.66	0.78	0.54	0.56	0.74	0.64	0.66	0.42	0.78	0.74	0.72	0.66	0.68
9150	0.6	0.6	0.8	0.7	0.72	0.54	0.56	0.74	0.66	0.72	0.44	0.78	0.8	0.76	0.72	0.72
9200	0.6	0.62	0.8	0.76	0.76	0.62	0.64	0.74	0.66	0.78	0.5	0.78	0.74	0.76	0.74	0.78
9250	0.64	0.64	0.78	0.74	0.74	0.58	0.64	0.7	0.7	0.78	0.52	0.76	0.72	0.74	0.76	0.78
9300	0.62	0.66	0.82	0.78	0.74	0.62	0.64	0.74	0.68	0.82	0.54	0.76	0.76	0.76	0.8	0.78
9350	0.6	0.64	0.76	0.78	0.76	0.68	0.66	0.66	0.78	0.78	0.52	0.76	0.74	0.78	0.84	0.76
9400	0.62	0.7	0.74	0.74	0.78	0.68	0.66	0.7	0.76	0.76	0.52	0.74	0.74	0.78	0.82	0.72
9450	0.66	0.76	0.68	0.7	0.74	0.68	0.7	0.66	0.76	0.78	0.52	0.7	0.72	0.76	0.84	0.6
9500	0.7	0.8	0.68	0.72	0.72	0.68	0.7	0.66	0.74	0.8	0.56	0.76	0.68	0.78	0.84	0.56
9550	0.68	0.74	0.7	0.66	0.76	0.62	0.66	0.64	0.72	0.76	0.54	0.7	0.62	0.78	0.8	0.56
9600	0.72	0.72	0.7	0.66	0.78	0.62	0.66	0.66	0.7	0.74	0.54	0.68	0.58	0.74	0.76	0.54
9650	0.7	0.74	0.76	0.64	0.82	0.66	0.68	0.66	0.7	0.74	0.6	0.68	0.6	0.72	0.7	0.56
9700	0.72	0.68	0.82	0.62	0.86	0.7	0.7	0.66	0.66	0.76	0.58	0.62	0.62	0.74	0.68	0.62
9750	0.76	0.66	0.8	0.62	0.9	0.68	0.74	0.68	0.64	0.76	0.62	0.66	0.62	0.68	0.64	0.64
9800	0.74	0.62	0.78	0.72	0.9	0.68	0.74	0.68	0.66	0.72	0.68	0.7	0.66	0.72	0.6	0.72
9850	0.76	0.66	0.76	0.7	0.88	0.66	0.76	0.66	0.68	0.72	0.7	0.7	0.68	0.72	0.62	0.78
9900	0.78	0.68	0.74	0.7	0.86	0.64	0.78	0.7	0.64	0.76	0.68	0.7	0.7	0.7	0.6	0.76
9950	0.78	0.7	0.74	0.68	0.86	0.66	0.82	0.7	0.58	0.7	0.7	0.7	0.64	0.7	0.6	0.74
10000	0.74	0.7	0.74	0.72	0.9	0.7	0.84	0.72	0.62	0.64	0.7	0.72	0.66	0.74	0.7	0.76
10050	0.74	0.68	0.74	0.74	0.9	0.74	0.78	0.66	0.62	0.64	0.68	0.68	0.66	0.74	0.68	0.8
10100	0.76	0.7	0.68	0.74	0.9	0.76	0.78	0.68	0.62	0.66	0.64	0.7	0.66	0.72	0.66	0.7
10150	0.74	0.74	0.66	0.7	0.86	0.74	0.7	0.66	0.62	0.64	0.66	0.7	0.64	0.7	0.76	0.68
10200	0.74	0.74	0.7	0.7	0.84	0.68	0.7	0.66	0.64	0.66	0.68	0.7	0.6	0.68	0.76	0.7
10250	0.74	0.66	0.68	0.72	0.8	0.64	0.66	0.66	0.62	0.72	0.7	0.68	0.54	0.62	0.8	0.62
10300	0.76	0.62	0.68	0.74	0.78	0.68	0.66	0.64	0.7	0.74	0.66	0.62	0.52	0.62	0.82	0.64
10350	0.72	0.68	0.66	0.78	0.76	0.66	0.64	0.64	0.72	0.74	0.64	0.6	0.58	0.62	0.78	0.62
10400	0.7	0.7	0.62	0.74	0.7	0.62	0.68	0.68	0.68	0.78	0.62	0.56	0.58	0.64	0.74	0.58
10450	0.72	0.7	0.6	0.74	0.68	0.58	0.68	0.68	0.72	0.8	0.68	0.58	0.54	0.66	0.76	0.62
10500	0.74	0.68	0.64	0.74	0.66	0.6	0.64	0.7	0.72	0.82	0.68	0.62	0.58	0.72	0.76	0.64
10550	0.74	0.64	0.62	0.72	0.68	0.56	0.64	0.74	0.68	0.82	0.64	0.62	0.64	0.74	0.74	0.62
10600	0.74	0.72	0.62	0.74	0.7	0.58	0.66	0.8	0.72	0.82	0.62	0.66	0.66	0.76	0.74	0.66
10650	0.72	0.84	0.62	0.72	0.7	0.64	0.66	0.78	0.66	0.82	0.62	0.64	0.7	0.8	0.74	0.72
10700	0.68	0.84	0.62	0.7	0.76	0.64	0.68	0.82	0.66	0.8	0.64	0.64	0.72	0.8	0.7	0.72
10750	0.68	0.8	0.62	0.66	0.76	0.6	0.64	0.8	0.66	0.8	0.64	0.72	0.7	0.82	0.66	0.72
10800	0.7	0.84	0.68	0.66	0.72	0.66	0.66	0.84	0.66	0.8	0.68	0.76	0.72	0.8	0.66	0.74
10850	0.74	0.78	0.68	0.68	0.7	0.66	0.7	0.84	0.64	0.84	0.66	0.72	0.76	0.78	0.68	0.72
10900	0.72	0.78	0.7	0.7	0.72	0.66	0.7	0.86	0.62	0.84	0.62	0.74	0.74	0.78	0.7	0.74
10950	0.7	0.82	0.7	0.72	0.72	0.7	0.68	0.8	0.58	0.8	0.6	0.74	0.76	0.78	0.68	0.8
11000	0.74	0.82	0.72	0.68	0.68	0.72	0.68	0.78	0.56	0.74	0.62	0.72	0.76	0.78	0.6	0.76
11050	0.76	0.76	0.72	0.7	0.68	0.68	0.68	0.82	0.6	0.72	0.7	0.74	0.76	0.78	0.64	0.76
11100	0.78	0.74	0.72	0.74	0.66	0.68	0.7	0.78	0.6	0.76	0.72	0.76	0.84	0.78	0.66	0.72
11150	0.8	0.76	0.76	0.74	0.68	0.72	0.66	0.76	0.58	0.76	0.8	0.76	0.82	0.72	0.62	0.7
11200	0.76	0.74	0.72	0.74	0.7	0.7	0.68	0.7	0.56	0.7	0.76	0.76	0.78	0.7	0.62	0.72
11250	0.72	0.7	0.68	0.74	0.74	0.68	0.66	0.72	0.58	0.7	0.72	0.7	0.82	0.66	0.66	0.72
11300	0.7	0.68	0.66	0.72	0.74	0.7	0.64	0.68	0.6	0.7	0.72	0.7	0.8	0.68	0.64	0.76
11350	0.66	0.68	0.68	0.72	0.68	0.7	0.62	0.66	0.6	0.72	0.74	0.7	0.8	0.68	0.6	0.74
11400	0.64	0.72	0.66	0.68	0.68	0.7	0.68	0.66	0.64	0.72	0.7	0.66	0.8	0.66	0.62	0.74
11450	0.6	0.7	0.62	0.68	0.68	0.7	0.68	0.6	0.6	0.68	0.72	0.72	0.76	0.62	0.62	0.72
11500	0.62	0.74	0.62	0.72	0.68	0.7	0.72	0.6	0.62	0.62	0.68	0.66	0.7	0.6	0.62	0.74
11550	0.62	0.7	0.58	0.7	0.64	0.72	0.7	0.6	0.62	0.62	0.68	0.64	0.66	0.62	0.62	0.72
11600	0.6	0.76	0.64	0.68	0.62	0.74	0.72	0.62	0.64	0.62	0.68	0.64	0.62	0.66	0.58	0.74
11650	0.58	0.76	0.66	0.7	0.64	0.74	0.72	0.58	0.68	0.56	0.72	0.62	0.56	0.68	0.56	0.74
11700	0.56	0.8	0.66	0.68	0.68	0.74	0.7	0.54	0.68	0.56	0.72	0.68	0.54	0.64	0.6	0.7
11750	0.54	0.8	0.64	0.7	0.7	0.72	0.76	0.54	0.7	0.56	0.7	0.72	0.56	0.66	0.6	0.68
11800	0.54	0.78	0.66	0.68	0.72	0.72	0.72	0.52	0.68	0.54	0.7	0.74	0.56	0.68	0.6	0.62
11850	0.6	0.76	0.64	0.66	0.72	0.7	0.7	0.58	0.68	0.58	0.7	0.72	0.56	0.66	0.64	0.64
11900	0.58	0.72	0.62	0.68	0.74	0.7	0.68	0.58	0.68	0.64	0.68	0.68	0.58	0.62	0.62	0.58
11950	0.54	0.74	0.64	0.68	0.72	0.68	0.68	0.6	0.68	0.64	0.68	0.64	0.64	0.62	0.64	0.6
12000	0.54	0.76	0.68	0.66	0.74	0.68	0.7	0.66	0.68	0.68	0.62	0.64	0.68	0.6	0.6	0.64
12050	0.56	0.76	0.7	0.68	0.76	0.7	0.7	0.7	0.7	0.74	0.66	0.68	0.68	0.58	0.64	0.66
12100	0.58	0.72	0.72	0.68	0.72	0.72	0.72	0.72	0.64	0.66	0.66	0.56	0.64	0.56	0.64	0.62
12150	0.58	0.74	0.72	0.68	0.64	0.74	0.7	0.68	0.7	0.68	0.62	0.6	0.6	0.56	0.62	0.62
12200	0.66	0.78	0.72	0.66	0.62	0.72	0.68	0.68	0.72	0.68	0.62	0.6	0.66	0.6	0.58	0.62
12250	0.66	0.74	0.72	0.68	0.64	0.7	0.68	0.66	0.64	0.66	0.58	0.62	0.64	0.62	0.62	0.68
12300	0.62	0.72	0.7	0.72	0.66	0.68	0.68	0.66	0.66	0.64	0.6	0.7	0.66	0.66	0.62	0.68
12350	0.64	0.68	0.7	0.7	0.68	0.68	0.72	0.7	0.64	0.66	0.62	0.68	0.66	0.7	0.6	0.7
12400	0.66	0.7	0.66	0.7	0.74	0.7	0.68	0.72	0.6	0.66	0.62	0.68	0.68	0.74	0.62	0.72
12450	0.64	0.7	0.64	0.68	0.78	0.72	0.66	0.7	0.58	0.66	0.62	0.66	0.72	0.82	0.64	0.68
12500	0.64	0.72	0.66	0.7	0.82	0.72	0.66	0.74	0.6	0.62	0.62	0.7	0.66	0.8	0.64	0.64
12550	0.64	0.68	0.58	0.72	0.82	0.74	0.66	0.76	0.58	0.62	0.62	0.7	0.72	0.78	0.68	0.62
12600	0.68	0.68	0.64	0.74	0.8	0.78	0.56	0.76	0.58	0.68	0.64	0.72	0.72	0.76	0.68	0.7
12650	0.68	0.7	0.68	0.72	0.78	0.78	0.62	0.8	0.62	0.68	0.62	0.7	0.72	0.74	0.66	0.68
12700	0.72	0.7	0.7	0.7	0.78	0.78	0.6	0.78	0.64	0.7	0.64	0.76	0.76	0.74	0.66	0.64
12750	0.72	0.72	0.68	0.74	0.78	0.74	0.62	0.74	0.6	0.74	0.64	0.76	0.76	0.7	0.74	0.64
12800	0.7	0.76	0.68	0.76	0.8	0.66	0.62	0.68	0.66	0.72	0.64	0.7	0.74	0.66	0.7	0.58
12850	0.72	0.64	0.7	0.76	0.8	0.64	0.62	0.66	0.7	0.68	0.64	0.74	0.72	0.64	0.72	0.6
12900	0.68	0.7	0.78	0.76	0.74	0.6	0.64	0.7	0.7	0.7	0.64	0.72	0.76	0.6	0.72	0.6
12950	0.7	0.6	0.72	0.74	0.72	0.6	0.74	0.76	0.72	0.64	0.66	0.74	0.76	0.58	0.7	0.6
13000	0.7	0.58	0.66	0.76	0.7	0.58	0.72	0.74	0.7	0.58	0.66	0.74	0.7	0.58	0.64	0.56
13050	0.64	0.52	0.68	0.72	0.74	0.58	0.72	0.72	0.68	0.52	0.62	0.74	0.68	0.6	0.62	0.52
13100	0.66	0.52	0.68	0.74	0.76	0.6	0.68	0.74	0.7	0.52	0.6	0.72	0.64	0.56	0.62	0.6
13150	0.6	0.56	0.68	0.7	0.68	0.62	0.66	0.76	0.7	0.5	0.64	0.76	0.64	0.6	0.64	0.62
13200	0.64	0.62	0.66	0.68	0.66	0.62	0.64	0.78	0.74	0.58	0.64	0.74	0.62	0.64	0.64	0.62
13250	0.64	0.58	0.68	0.7	0.7	0.62	0.6	0.78	0.74	0.64	0.64	0.78	0.62	0.66	0.62	0.68
13300	0.68	0.58	0.68	0.66	0.7	0.68	0.56	0.72	0.62	0.64	0.6	0.76	0.6	0.64	0.6	0.66
13350	0.68	0.6	0.7	0.66	0.72	0.74	0.62	0.72	0.62	0.64	0.62	0.7	0.6	0.62	0.6	0.68
13400	0.7	0.6	0.68	0.68	0.72	0.72	0.58	0.66	0.58	0.64	0.6	0.72	0.64	0.66	0.68	0.68
13450	0.72	0.6	0.68	0.7	0.72	0.68	0.62	0.64	0.58	0.72	0.58	0.68	0.66	0.6	0.7	0.64
13500	0.72	0.62	0.74	0.72	0.7	0.66	0.64	0.66	0.56	0.72	0.6	0.68	0.68	0.62	0.7	0.66
13550	0.72	0.62	0.74	0.74	0.78	0.68	0.64	0.72	0.52	0.68	0.62	0.68	0.68	0.66	0.68	0.68
13600	0.74	0.66	0.76	0.76	0.8	0.66	0.66	0.74	0.58	0.7	0.62	0.68	0.72	0.64	0.72	0.66
13650	0.72	0.68	0.76	0.72	0.8	0.7	0.7	0.74	0.66	0.7	0.62	0.66	0.74	0.68	0.74	0.64
13700	0.74	0.72	0.78	0.72	0.8	0.7	0.66	0.74	0.6	0.7	0.64	0.62	0.76	0.74	0.76	0.7
13750	0.78	0.72	0.72	0.68	0.82	0.66	0.68	0.76	0.58	0.66	0.62	0.68	0.78	0.72	0.74	0.68
13800	0.78	0.72	0.72	0.68	0.8	0.66	0.68	0.82	0.62	0.72	0.66	0.7	0.78	0.74	0.76	0.78
13850	0.7	0.74	0.72	0.64	0.78	0.7	0.76	0.8	0.64	0.74	0.72	0.74	0.7	0.72	0.8	0.76
13900	0.72	0.76	0.74	0.62	0.78	0.72	0.76	0.8	0.6	0.74	0.76	0.72	0.66	0.72	0.8	0.72
13950	0.72	0.76	0.7	0.62	0.74	0.7	0.76	0.76	0.6	0.68	0.74	0.7	0.62	0.72	0.76	0.72
14000	0.78	0.7	0.66	0.62	0.68	0.72	0.7	0.76	0.58	0.66	0.7	0.66	0.6	0.74	0.76	0.78
14050	0.76	0.68	0.64	0.62	0.62	0.68	0.74	0.7	0.58	0.64	0.66	0.66	0.56	0.72	0.72	0.74
14100	0.7	0.68	0.62	0.64	0.58	0.72	0.7	0.7	0.58	0.64	0.64	0.68	0.54	0.68	0.7	0.72
14150	0.68	0.68	0.62	0.68	0.6	0.76	0.64	0.76	0.56	0.62	0.64	0.7	0.5	0.72	0.68	0.66
14200	0.66	0.6	0.6	0.74	0.58	0.72	0.62	0.76	0.58	0.64	0.64	0.68	0.56	0.74	0.66	0.64
14250	0.72	0.58	0.62	0.74	0.58	0.72	0.64	0.8	0.62	0.64	0.6	0.68	0.56	0.74	0.6	0.62
14300	0.72	0.64	0.62	0.7	0.56	0.7	0.6	0.8	0.58	0.62	0.6	0.68	0.56	0.76	0.56	0.66
14350	0.7	0.66	0.66	0.72	0.58	0.68	0.62	0.76	0.64	0.6	0.6	0.64	0.6	0.68	0.48	0.66
14400	0.66	0.7	0.66	0.74	0.68	0.74	0.66	0.76	0.68	0.66	0.7	0.68	0.6	0.7	0.48	0.64
14450	0.68	0.68	0.72	0.8	0.68	0.68	0.68	0.76	0.64	0.7	0.68	0.64	0.62	0.72	0.48	0.66
14500	0.7	0.66	0.72	0.72	0.7	0.66	0.68	0.8	0.68	0.68	0.72	0.6	0.62	0.64	0.5	0.66
14550	0.7	0.68	0.68	0.7	0.62	0.66	0.66	0.78	0.7	0.62	0.66	0.56	0.7	0.6	0.52	0.64
14600	0.7	0.68	0.66	0.68	0.64	0.68	0.68	0.78	0.62	0.62	0.66	0.58	0.64	0.54	0.54	0.62
14650	0.68	0.7	0.64	0.68	0.66	0.68	0.7	0.74	0.62	0.58	0.64	0.54	0.62	0.5	0.56	0.6
14700	0.64	0.7	0.64	0.64	0.64	0.74	0.72	0.68	0.58	0.64	0.72	0.54	0.64	0.56	0.6	0.64
14750	0.62	0.68	0.66	0.64	0.62	0.72	0.7	0.64	0.56	0.6	0.7	0.56	0.58	0.48	0.68	0.64
14800	0.66	0.64	0.66	0.56	0.6	0.74	0.68	0.62	0.58	0.6	0.68	0.56	0.62	0.5	0.68	0.62
14850	0.66	0.64	0.64	0.58	0.6	0.7	0.72	0.6	0.52	0.58	0.68	0.58	0.66	0.56	0.68	0.58
14900	0.64	0.68	0.58	0.54	0.58	0.68	0.7	0.6	0.56	0.6	0.74	0.58	0.66	0.6	0.66	0.58
14950	0.68	0.76	0.58	0.56	0.66	0.72	0.72	0.56	0.58	0.66	0.78	0.56	0.62	0.62	0.68	0.58
15000	0.66	0.74	0.6	0.56	0.66	0.7	0.72	0.58	0.62	0.62	0.78	0.54	0.62	0.68	0.64	0.62
15050	0.7	0.72	0.64	0.6	0.64	0.68	0.74	0.54	0.6	0.62	0.72	0.58	0.64	0.64	0.58	0.64
15100	0.74	0.7	0.56	0.6	0.66	0.62	0.78	0.6	0.64	0.58	0.72	0.54	0.6	0.62	0.6	0.6
15150	0.76	0.72	0.56	0.6	0.7	0.62	0.78	0.62	0.62	0.64	0.68	0.56	0.66	0.64	0.62	0.58
15200	0.72	0.74	0.54	0.62	0.74	0.56	0.76	0.68	0.64	0.64	0.74	0.56	0.64	0.6	0.6	0.54
15250	0.72	0.7	0.56	0.62	0.74	0.52	0.72	0.64	0.62	0.66	0.76	0.54	0.64	0.62	0.64	0.56
15300	0.72	0.7	0.56	0.66	0.76	0.62	0.74	0.66	0.66	0.64	0.7	0.52	0.64	0.62	0.64	0.54
15350	0.68	0.74	0.56	0.66	0.78	0.6	0.74	0.72	0.66	0.68	0.7	0.58	0.64	0.6	0.64	0.52
15400	0.66	0.76	0.56	0.64	0.76	0.56	0.68	0.68	0.64	0.66	0.7	0.58	0.64	0.62	0.72	0.5
15450	0.68	0.72	0.56	0.64	0.8	0.6	0.68	0.66	0.7	0.7	0.74	0.6	0.64	0.6	0.68	0.52
15500	0.72	0.76	0.58	0.64	0.8	0.6	0.66	0.7	0.68	0.7	0.74	0.56	0.7	0.6	0.62	0.54
15550	0.7	0.74	0.62	0.62	0.82	0.66	0.66	0.62	0.66	0.68	0.7	0.56	0.7	0.62	0.66	0.56
15600	0.64	0.66	0.66	0.66	0.8	0.66	0.68	0.6	0.68	0.68	0.72	0.58	0.7	0.6	0.66	0.56
15650	0.6	0.68	0.62	0.66	0.76	0.6	0.68	0.6	0.72	0.68	0.7	0.6	0.66	0.58	0.68	0.64
15700	0.56	0.66	0.6	0.68	0.76	0.56	0.68	0.54	0.72	0.66	0.72	0.6	0.66	0.58	0.7	0.64
15750	0.6	0.66	0.64	0.66	0.74	0.64	0.7	0.58	0.7	0.66	0.74	0.6	0.7	0.58	0.7	0.66
15800	0.58	0.62	0.62	0.64	0.68	0.64	0.68	0.58	0.7	0.66	0.72	0.6	0.7	0.58	0.74	0.66
15850	0.5	0.62	0.6	0.64	0.66	0.66	0.7	0.56	0.68	0.66	0.76	0.6	0.7	0.56	0.7	0.66
15900	0.5	0.64	0.58	0.64	0.62	0.62	0.7	0.58	0.64	0.66	0.72	0.58	0.7	0.56	0.74	0.72
15950	0.54	0.64	0.58	0.62	0.6	0.62	0.66	0.62	0.68	0.62	0.7	0.58	0.64	0.58	0.72	0.76
16000	0.54	0.7	0.6	0.6	0.58	0.64	0.64	0.62	0.68	0.58	0.66	0.56	0.6	0.64	0.7	0.72
16050	0.52	0.72	0.62	0.6	0.6	0.66	0.66	0.58	0.66	0.58	0.64	0.54	0.54	0.62	0.7	0.7
16100	0.54	0.72	0.68	0.56	0.58	0.72	0.68	0.62	0.66	0.64	0.66	0.56	0.56	0.6	0.72	0.66
16150	0.58	0.66	0.68	0.58	0.56	0.68	0.68	0.62	0.66	0.62	0.64	0.58	0.54	0.62	0.7	0.66
16200	0.62	0.68	0.74	0.6	0.56	0.68	0.68	0.6	0.7	0.6	0.64	0.64	0.54	0.66	0.72	0.68
16250	0.6	0.68	0.74	0.54	0.6	0.74	0.7	0.56	0.68	0.6	0.66	0.6	0.56	0.66	0.74	0.68
16300	0.54	0.68	0.76	0.54	0.56	0.66	0.68	0.58	0.66	0.6	0.6	0.62	0.52	0.66	0.74	0.62
16350	0.58	0.7	0.8	0.6	0.6	0.68	0.7	0.6	0.68	0.62	0.6	0.64	0.58	0.64	0.76	0.64
16400	0.48	0.66	0.76	0.6	0.54	0.66	0.72	0.58	0.58	0.6	0.58	0.66	0.6	0.66	0.76	0.58
16450	0.52	0.7	0.76	0.66	0.62	0.66	0.64	0.52	0.6	0.62	0.64	0.64	0.64	0.6	0.76	0.54
16500	0.42	0.66	0.72	0.6	0.58	0.7	0.62	0.62	0.52	0.64	0.6	0.66	0.62	0.6	0.72	0.54
16550	0.48	0.68	0.7	0.64	0.6	0.58	0.64	0.62	0.52	0.64	0.58	0.66	0.62	0.62	0.7	0.54
16600	0.5	0.68	0.7	0.62	0.62	0.6	0.66	0.62	0.52	0.58	0.58	0.62	0.64	0.64	0.66	0.54
16650	0.52	0.68	0.68	0.66	0.66	0.66	0.66	0.64	0.5	0.56	0.6	0.68	0.68	0.64	0.68	0.52
16700	0.54	0.74	0.72	0.64	0.72	0.68	0.7	0.68	0.54	0.6	0.64	0.68	0.68	0.6	0.68	0.54
16750	0.6	0.72	0.64	0.64	0.68	0.66	0.66	0.72	0.58	0.6	0.7	0.62	0.66	0.62	0.64	0.56
16800	0.62	0.74	0.64	0.66	0.72	0.64	0.68	0.76	0.56	0.66	0.72	0.68	0.62	0.62	0.64	0.56
16850	0.58	0.8	0.64	0.66	0.7	0.66	0.74	0.72	0.56	0.66	0.72	0.72	0.62	0.58	0.64	0.56
16900	0.58	0.76	0.66	0.62	0.76	0.68	0.76	0.7	0.64	0.72	0.7	0.68	0.58	0.6	0.64	0.62
16950	0.64	0.76	0.66	0.64	0.74	0.72	0.72	0.76	0.7	0.72	0.68	0.66	0.6	0.62	0.66	0.66
17000	0.6	0.64	0.66	0.66	0.7	0.72	0.68	0.74	0.74	0.78	0.68	0.66	0.5	0.6	0.62	0.66
17050	0.66	0.62	0.6	0.64	0.64	0.7	0.64	0.7	0.72	0.82	0.68	0.64	0.48	0.6	0.62	0.66
17100	0.64	0.6	0.62	0.66	0.6	0.68	0.66	0.66	0.76	0.84	0.68	0.66	0.46	0.6	0.62	0.68
17150	0.62	0.58	0.62	0.68	0.62	0.68	0.64	0.64	0.74	0.84	0.62	0.64	0.44	0.58	0.66	0.68
17200	0.6	0.62	0.64	0.64	0.6	0.66	0.62	0.64	0.72	0.82	0.68	0.6	0.5	0.58	0.66	0.64
17250	0.62	0.62	0.62	0.62	0.58	0.7	0.56	0.64	0.7	0.74	0.68	0.54	0.54	0.56	0.68	0.7
17300	0.62	0.62	0.6	0.62	0.54	0.68	0.56	0.62	0.66	0.72	0.76	0.52	0.48	0.54	0.68	0.68
17350	0.7	0.62	0.66	0.62	0.54	0.72	0.64	0.62	0.68	0.72	0.8	0.56	0.52	0.54	0.7	0.7
17400	0.7	0.6	0.62	0.62	0.56	0.74	0.68	0.58	0.64	0.74	0.78	0.56	0.54	0.58	0.66	0.7
17450	0.7	0.58	0.66	0.58	0.52	0.66	0.68	0.6	0.6	0.68	0.8	0.62	0.56	0.56	0.66	0.66
17500	0.68	0.7	0.6	0.56	0.58	0.68	0.64	0.68	0.58	0.62	0.78	0.64	0.6	0.54	0.66	0.62
17550	0.72	0.7	0.58	0.54	0.56	0.66	0.68	0.6	0.62	0.62	0.74	0.68	0.58	0.56	0.62	0.64
17600	0.72	0.74	0.62	0.56	0.6	0.66	0.66	0.68	0.64	0.68	0.8	0.68	0.64	0.58	0.6	0.64
17650	0.74	0.74	0.62	0.56	0.62	0.6	0.68	0.66	0.58	0.68	0.78	0.7	0.64	0.66	0.62	0.62
17700	0.76	0.78	0.58	0.58	0.64	0.6	0.66	0.64	0.58	0.68	0.72	0.72	0.7	0.62	0.62	0.62
17750	0.72	0.78	0.6	0.58	0.7	0.62	0.72	0.64	0.62	0.7	0.7	0.72	0.68	0.6	0.58	0.58
17800	0.76	0.8	0.6	0.64	0.68	0.56	0.72	0.68	0.64	0.74	0.7	0.7	0.7	0.6	0.6	0.6
17850	0.74	0.74	0.56	0.66	0.66	0.56	0.72	0.64	0.64	0.74	0.72	0.66	0.66	0.64	0.62	0.56
17900	0.72	0.68	0.58	0.64	0.7	0.6	0.68	0.6	0.64	0.76	0.66	0.66	0.64	0.62	0.62	0.58
17950	0.76	0.66	0.56	0.62	0.7	0.58	0.6	0.58	0.62	0.7	0.64	0.68	0.62	0.54	0.6	0.56
18000	0.7	0.6	0.56	0.62	0.68	0.62	0.6	0.54	0.7	0.68	0.62	0.7	0.58	0.52	0.6	0.58
18050	0.7	0.6	0.56	0.62	0.66	0.62	0.56	0.54	0.7	0.66	0.6	0.7	0.56	0.48	0.66	0.6
18100	0.64	0.6	0.5	0.66	0.66	0.66	0.56	0.58	0.74	0.64	0.6	0.76	0.48	0.46	0.66	0.62
18150	0.64	0.6	0.56	0.66	0.64	0.74	0.62	0.54	0.7	0.66	0.6	0.74	0.46	0.46	0.66	0.6
18200	0.62	0.56	0.56	0.64	0.66	0.76	0.62	0.52	0.72	0.66	0.58	0.76	0.48	0.54	0.64	0.62
18250	0.6	0.5	0.56	0.64	0.68	0.72	0.62	0.56	0.76	0.68	0.62	0.74	0.46	0.58	0.66	0.6
18300	0.56	0.56	0.58	0.68	0.66	0.76	0.68	0.56	0.7	0.68	0.62	0.7	0.48	0.56	0.68	0.62
18350	0.6	0.6	0.56	0.68	0.68	0.76	0.72	0.58	0.7	0.72	0.68	0.7	0.6	0.62	0.72	0.58
18400	0.6	0.6	0.58	0.68	0.66	0.74	0.7	0.62	0.68	0.7	0.7	0.68	0.62	0.66	0.74	0.58
18450	0.64	0.68	0.64	0.7	0.72	0.74	0.72	0.62	0.64	0.68	0.72	0.66	0.66	0.7	0.72	0.54
18500	0.64	0.66	0.68	0.7	0.68	0.66	0.7	0.6	0.64	0.66	0.7	0.7	0.64	0.68	0.72	0.58
18550	0.62	0.76	0.72	0.66	0.66	0.7	0.68	0.7	0.64	0.64	0.7	0.64	0.64	0.66	0.7	0.58
18600	0.68	0.8	0.68	0.6	0.66	0.74	0.68	0.64	0.66	0.68	0.68	0.68	0.6	0.64	0.74	0.56
18650	0.74	0.8	0.66	0.62	0.66	0.76	0.62	0.66	0.66	0.66	0.7	0.68	0.64	0.66	0.72	0.6
18700	0.76	0.84	0.64	0.62	0.64	0.72	0.6	0.68	0.68	0.7	0.62	0.68	0.6	0.62	0.72	0.6
18750	0.74	0.84	0.66	0.64	0.68	0.7	0.64	0.68	0.74	0.72	0.62	0.68	0.64	0.68	0.66	0.62
18800	0.72	0.84	0.66	0.62	0.66	0.72	0.66	0.7	0.76	0.72	0.62	0.64	0.62	0.68	0.62	0.64
18850	0.7	0.8	0.62	0.58	0.62	0.68	0.68	0.7	0.72	0.72	0.64	0.64	0.62	0.66	0.62	0.66
18900	0.7	0.78	0.6	0.58	0.66	0.68	0.68	0.7	0.72	0.66	0.6	0.66	0.64	0.62	0.64	0.66
18950	0.72	0.76	0.56	0.6	0.66	0.64	0.72	0.66	0.68	0.66	0.58	0.64	0.64	0.64	0.64	0.64
19000	0.7	0.7	0.54	0.58	0.66	0.64	0.74	0.74	0.68	0.68	0.62	0.64	0.7	0.62	0.64	0.64
19050	0.68	0.64	0.58	0.58	0.68	0.62	0.76	0.74	0.68	0.66	0.58	0.7	0.72	0.56	0.62	0.62
19100	0.62	0.56	0.58	0.58	0.64	0.56	0.78	0.68	0.68	0.62	0.54	0.72	0.7	0.52	0.62	0.66
19150	0.64	0.54	0.56	0.58	0.62	0.58	0.72	0.62	0.68	0.58	0.52	0.7	0.66	0.48	0.66	0.6
19200	0.64	0.54	0.62	0.58	0.62	0.56	0.66	0.68	0.66	0.58	0.5	0.64	0.66	0.5	0.66	0.6
19250	0.64	0.56	0.56	0.62	0.6	0.54	0.66	0.6	0.64	0.54	0.5	0.66	0.62	0.5	0.66	0.56
19300	0.62	0.52	0.54	0.54	0.58	0.58	0.56	0.58	0.62	0.56	0.5	0.64	0.62	0.52	0.64	0.56
19350	0.66	0.54	0.54	0.58	0.56	0.66	0.56	0.6	0.66	0.58	0.5	0.66	0.64	0.56	0.72	0.62
19400	0.66	0.58	0.52	0.58	0.6	0.64	0.54	0.58	0.7	0.52	0.46	0.66	0.62	0.56	0.72	0.62
19450	0.66	0.7	0.56	0.56	0.64	0.64	0.56	0.54	0.7	0.58	0.54	0.64	0.66	0.54	0.7	0.64
19500	0.68	0.7	0.6	0.58	0.64	0.64	0.56	0.56	0.72	0.62	0.62	0.64	0.66	0.64	0.76	0.66
19550	0.74	0.68	0.64	0.6	0.6	0.68	0.62	0.66	0.74	0.68	0.64	0.64	0.7	0.7	0.78	0.7
19600	0.74	0.72	0.68	0.66	0.6	0.66	0.66	0.68	0.72	0.64	0.66	0.58	0.72	0.64	0.8	0.62
19650	0.76	0.74	0.64	0.64	0.6	0.7	0.68	0.68	0.68	0.64	0.66	0.56	0.68	0.66	0.8	0.62
19700	0.72	0.78	0.66	0.7	0.62	0.62	0.72	0.66	0.66	0.72	0.72	0.6	0.7	0.64	0.78	0.62
19750	0.68	0.7	0.68	0.72	0.64	0.56	0.7	0.64	0.68	0.7	0.8	0.6	0.68	0.64	0.76	0.58
19800	0.66	0.72	0.7	0.68	0.62	0.62	0.68	0.7	0.68	0.68	0.8	0.62	0.62	0.64	0.78	0.52
19850	0.62	0.72	0.66	0.72	0.62	0.62	0.68	0.68	0.66	0.66	0.8	0.62	0.6	0.6	0.84	0.5
19900	0.52	0.7	0.66	0.66	0.66	0.52	0.62	0.7	0.66	0.62	0.76	0.62	0.64	0.62	0.84	0.46
19950	0.54	0.7	0.66	0.62	0.7	0.56	0.6	0.74	0.64	0.58	0.74	0.6	0.64	0.7	0.8	0.48
20000	0.56	0.7	0.62	0.66	0.72	0.56	0.6	0.68	0.6	0.58	0.72	0.62	0.6	0.66	0.76	0.5
