0	0.0	0.0	0.0	0.0	0.0	0.0	0.0	0.0	0.0	0.0	0.0	0.0	0.0	0.0	0.0	0.0
50	0.0	0.0	0.0	0.0	0.0	0.0	0.0	0.0	0.0	0.0	0.0	0.0	0.0	0.0	0.0	0.0
100	0.0	0.0	0.0	0.1	0.0909090909091	0.0	0.0	0.0	0.0	0.0714285714286	0.0	0.0	0.0588235294118	0.0	0.0	0.0
150	0.05	0.0	0.0555555555556	0.105263157895	0.166666666667	0.0	0.0	0.0769230769231	0.0454545454545	0.0909090909091	0.0	0.0588235294118	0.0909090909091	0.0	0.0	0.0555555555556
200	0.137931034483	0.0526315789474	0.103448275862	0.115384615385	0.136363636364	0.107142857143	0.0909090909091	0.129032258065	0.0769230769231	0.185185185185	0.0	0.0434782608696	0.2	0.0952380952381	0.0	0.125
250	0.194444444444	0.111111111111	0.179487179487	0.15625	0.130434782609	0.111111111111	0.115384615385	0.147058823529	0.0606060606061	0.181818181818	0.0322580645161	0.0689655172414	0.230769230769	0.125	0.037037037037	0.161290322581
300	0.227272727273	0.0857142857143	0.229166666667	0.171428571429	0.115384615385	0.121951219512	0.0882352941176	0.146341463415	0.0540540540541	0.25641025641	0.0769230769231	0.114285714286	0.276595744681	0.133333333333	0.0967741935484	0.157894736842
350	0.28	0.136363636364	0.32	0.2	0.181818181818	0.204081632653	0.102564102564	0.155555555556	0.0952380952381	0.288888888889	0.0851063829787	0.128205128205	0.36	0.184210526316	0.222222222222	0.179487179487
400	0.3	0.16	0.36	0.26	0.225	0.22	0.093023255814	0.16	0.145833333333	0.32	0.16	0.166666666667	0.38	0.162790697674	0.243902439024	0.22
450	0.32	0.16	0.34	0.3	0.270833333333	0.26	0.14	0.26	0.22	0.4	0.2	0.2	0.42	0.1875	0.276595744681	0.28
500	0.38	0.2	0.36	0.32	0.28	0.3	0.18	0.34	0.26	0.38	0.22	0.24	0.46	0.28	0.3	0.34
550	0.46	0.24	0.42	0.38	0.32	0.4	0.28	0.42	0.32	0.38	0.28	0.22	0.48	0.34	0.34	0.34
600	0.48	0.26	0.44	0.4	0.34	0.42	0.32	0.4	0.34	0.44	0.28	0.24	0.52	0.38	0.34	0.36
650	0.52	0.32	0.44	0.4	0.38	0.46	0.44	0.48	0.42	0.44	0.36	0.28	0.52	0.4	0.36	0.38
700	0.52	0.32	0.44	0.4	0.4	0.44	0.42	0.5	0.52	0.44	0.32	0.32	0.52	0.42	0.42	0.38
750	0.5	0.36	0.46	0.4	0.38	0.52	0.52	0.56	0.5	0.44	0.38	0.32	0.5	0.42	0.48	0.38
800	0.56	0.4	0.46	0.42	0.38	0.56	0.54	0.52	0.54	0.46	0.4	0.34	0.54	0.46	0.44	0.34
850	0.58	0.42	0.46	0.44	0.42	0.66	0.58	0.48	0.52	0.46	0.4	0.42	0.56	0.48	0.5	0.34
900	0.6	0.38	0.48	0.44	0.44	0.64	0.6	0.5	0.58	0.5	0.44	0.42	0.58	0.46	0.54	0.36
950	0.58	0.38	0.48	0.42	0.46	0.68	0.6	0.48	0.6	0.56	0.5	0.42	0.56	0.48	0.6	0.32
1000	0.54	0.42	0.5	0.42	0.44	0.66	0.6	0.54	0.64	0.58	0.5	0.46	0.58	0.44	0.64	0.32
1050	0.52	0.44	0.52	0.46	0.44	0.68	0.58	0.48	0.62	0.58	0.58	0.46	0.64	0.48	0.64	0.32
1100	0.56	0.44	0.46	0.48	0.5	0.72	0.6	0.44	0.66	0.6	0.64	0.46	0.64	0.44	0.6	0.38
1150	0.64	0.4	0.46	0.52	0.5	0.72	0.6	0.46	0.62	0.58	0.62	0.48	0.66	0.46	0.6	0.42
1200	0.64	0.36	0.46	0.54	0.52	0.66	0.58	0.46	0.6	0.6	0.62	0.38	0.62	0.5	0.6	0.5
1250	0.68	0.44	0.5	0.52	0.54	0.64	0.58	0.44	0.6	0.6	0.58	0.44	0.62	0.54	0.58	0.56
1300	0.68	0.42	0.5	0.58	0.6	0.6	0.58	0.44	0.6	0.64	0.6	0.46	0.64	0.52	0.58	0.62
1350	0.68	0.44	0.52	0.6	0.62	0.64	0.58	0.52	0.56	0.68	0.62	0.44	0.7	0.6	0.56	0.66
1400	0.72	0.44	0.5	0.66	0.62	0.68	0.6	0.52	0.56	0.68	0.62	0.4	0.7	0.62	0.6	0.68
1450	0.7	0.44	0.48	0.66	0.6	0.64	0.6	0.52	0.58	0.72	0.62	0.42	0.72	0.68	0.66	0.72
1500	0.66	0.48	0.48	0.66	0.54	0.66	0.6	0.58	0.6	0.78	0.64	0.46	0.76	0.7	0.7	0.74
1550	0.66	0.52	0.48	0.68	0.54	0.66	0.54	0.62	0.66	0.84	0.7	0.5	0.8	0.78	0.72	0.76
1600	0.66	0.54	0.52	0.68	0.48	0.7	0.58	0.66	0.68	0.82	0.66	0.48	0.82	0.82	0.76	0.72
1650	0.68	0.52	0.52	0.68	0.46	0.7	0.56	0.66	0.7	0.74	0.68	0.44	0.8	0.78	0.74	0.66
1700	0.64	0.58	0.58	0.68	0.46	0.7	0.58	0.64	0.7	0.74	0.62	0.5	0.78	0.8	0.72	0.7
1750	0.68	0.58	0.62	0.64	0.42	0.72	0.56	0.62	0.64	0.72	0.6	0.52	0.8	0.8	0.7	0.72
1800	0.7	0.56	0.64	0.68	0.46	0.66	0.48	0.62	0.62	0.74	0.58	0.5	0.76	0.82	0.72	0.76
1850	0.68	0.56	0.68	0.78	0.48	0.68	0.52	0.68	0.62	0.74	0.6	0.5	0.72	0.84	0.74	0.76
1900	0.68	0.62	0.76	0.78	0.46	0.66	0.5	0.68	0.64	0.74	0.56	0.56	0.7	0.8	0.74	0.7
1950	0.74	0.64	0.74	0.78	0.38	0.68	0.44	0.62	0.62	0.68	0.6	0.54	0.7	0.8	0.72	0.68
2000	0.72	0.62	0.74	0.78	0.46	0.64	0.46	0.66	0.6	0.66	0.62	0.54	0.76	0.84	0.64	0.68
2050	0.72	0.66	0.76	0.8	0.42	0.6	0.48	0.7	0.64	0.7	0.68	0.52	0.78	0.88	0.68	0.68
2100	0.7	0.62	0.7	0.78	0.48	0.6	0.46	0.68	0.64	0.8	0.7	0.58	0.78	0.86	0.66	0.7
2150	0.68	0.68	0.7	0.78	0.48	0.6	0.5	0.7	0.66	0.8	0.76	0.56	0.8	0.84	0.68	0.68
2200	0.66	0.68	0.64	0.78	0.52	0.6	0.52	0.66	0.72	0.78	0.8	0.6	0.82	0.86	0.72	0.64
2250	0.68	0.7	0.6	0.72	0.54	0.66	0.56	0.7	0.72	0.82	0.82	0.64	0.82	0.84	0.7	0.66
2300	0.66	0.68	0.58	0.72	0.64	0.66	0.58	0.66	0.7	0.88	0.88	0.62	0.8	0.82	0.7	0.68
2350	0.64	0.68	0.56	0.72	0.62	0.68	0.58	0.62	0.68	0.86	0.88	0.56	0.8	0.78	0.72	0.7
2400	0.64	0.68	0.54	0.68	0.66	0.68	0.62	0.6	0.7	0.84	0.86	0.58	0.76	0.72	0.68	0.7
2450	0.68	0.7	0.52	0.64	0.64	0.7	0.62	0.6	0.7	0.82	0.84	0.6	0.78	0.68	0.72	0.7
2500	0.66	0.68	0.5	0.66	0.6	0.72	0.62	0.62	0.74	0.8	0.84	0.64	0.8	0.7	0.76	0.68
2550	0.68	0.72	0.52	0.64	0.64	0.74	0.64	0.6	0.74	0.82	0.84	0.68	0.78	0.7	0.76	0.7
2600	0.68	0.66	0.52	0.62	0.62	0.74	0.68	0.58	0.74	0.88	0.84	0.68	0.76	0.68	0.72	0.7
2650	0.68	0.62	0.52	0.64	0.6	0.76	0.66	0.62	0.76	0.84	0.84	0.66	0.78	0.7	0.7	0.68
2700	0.58	0.64	0.5	0.64	0.6	0.72	0.62	0.6	0.76	0.82	0.82	0.7	0.76	0.68	0.68	0.7
2750	0.58	0.66	0.52	0.64	0.58	0.72	0.64	0.64	0.78	0.82	0.84	0.66	0.78	0.68	0.72	0.68
2800	0.62	0.66	0.56	0.66	0.62	0.8	0.66	0.62	0.74	0.84	0.86	0.66	0.8	0.7	0.74	0.68
2850	0.58	0.7	0.52	0.66	0.62	0.8	0.7	0.64	0.72	0.8	0.84	0.68	0.8	0.72	0.72	0.68
2900	0.54	0.68	0.56	0.68	0.62	0.78	0.68	0.66	0.74	0.78	0.8	0.7	0.78	0.72	0.74	0.68
2950	0.56	0.66	0.58	0.68	0.64	0.8	0.68	0.66	0.74	0.76	0.8	0.68	0.78	0.76	0.82	0.66
3000	0.58	0.68	0.6	0.7	0.7	0.82	0.66	0.68	0.74	0.7	0.8	0.72	0.78	0.76	0.82	0.68
3050	0.64	0.72	0.64	0.74	0.74	0.8	0.68	0.76	0.78	0.7	0.78	0.7	0.74	0.8	0.84	0.72
3100	0.66	0.7	0.68	0.78	0.78	0.78	0.74	0.8	0.84	0.74	0.78	0.74	0.76	0.8	0.82	0.74
3150	0.66	0.72	0.72	0.76	0.74	0.76	0.74	0.8	0.86	0.76	0.76	0.76	0.78	0.82	0.78	0.78
3200	0.66	0.7	0.72	0.74	0.78	0.76	0.74	0.76	0.8	0.76	0.82	0.82	0.78	0.84	0.8	0.8
3250	0.7	0.66	0.7	0.68	0.76	0.72	0.74	0.72	0.82	0.8	0.78	0.78	0.8	0.82	0.8	0.78
3300	0.74	0.64	0.72	0.76	0.74	0.72	0.72	0.72	0.84	0.8	0.76	0.76	0.84	0.86	0.78	0.78
3350	0.76	0.66	0.74	0.72	0.72	0.7	0.74	0.74	0.84	0.84	0.78	0.76	0.86	0.82	0.78	0.82
3400	0.76	0.64	0.76	0.72	0.66	0.7	0.72	0.74	0.8	0.86	0.78	0.74	0.86	0.8	0.76	0.8
3450	0.78	0.66	0.72	0.66	0.62	0.68	0.7	0.72	0.76	0.84	0.76	0.74	0.86	0.74	0.68	0.8
3500	0.74	0.7	0.72	0.62	0.62	0.68	0.68	0.72	0.74	0.84	0.76	0.74	0.84	0.76	0.72	0.74
3550	0.74	0.7	0.72	0.66	0.62	0.7	0.72	0.76	0.76	0.84	0.76	0.72	0.82	0.74	0.78	0.76
3600	0.74	0.68	0.72	0.68	0.6	0.7	0.72	0.82	0.82	0.8	0.76	0.74	0.76	0.74	0.78	0.7
3650	0.72	0.72	0.68	0.68	0.62	0.7	0.72	0.84	0.82	0.82	0.78	0.74	0.8	0.74	0.78	0.72
3700	0.64	0.74	0.64	0.62	0.64	0.7	0.72	0.84	0.82	0.8	0.72	0.72	0.8	0.76	0.78	0.66
3750	0.62	0.76	0.64	0.6	0.58	0.68	0.7	0.82	0.8	0.78	0.7	0.7	0.76	0.78	0.76	0.66
3800	0.64	0.76	0.68	0.68	0.62	0.66	0.7	0.84	0.78	0.72	0.68	0.72	0.74	0.76	0.76	0.66
3850	0.62	0.76	0.68	0.66	0.7	0.7	0.74	0.84	0.82	0.74	0.7	0.72	0.74	0.74	0.8	0.68
3900	0.56	0.74	0.64	0.64	0.64	0.68	0.72	0.84	0.84	0.72	0.72	0.76	0.74	0.74	0.76	0.68
3950	0.54	0.72	0.62	0.66	0.64	0.64	0.74	0.82	0.84	0.76	0.68	0.76	0.74	0.78	0.78	0.74
4000	0.54	0.74	0.68	0.66	0.62	0.66	0.68	0.84	0.8	0.74	0.66	0.74	0.76	0.78	0.74	0.76
4050	0.56	0.76	0.68	0.72	0.68	0.72	0.66	0.84	0.76	0.78	0.64	0.8	0.76	0.8	0.84	0.76
4100	0.56	0.74	0.66	0.72	0.76	0.72	0.72	0.88	0.76	0.76	0.64	0.82	0.8	0.78	0.78	0.76
4150	0.56	0.72	0.62	0.74	0.76	0.68	0.72	0.92	0.74	0.82	0.68	0.84	0.78	0.8	0.8	0.8
4200	0.58	0.7	0.64	0.7	0.76	0.6	0.74	0.9	0.76	0.84	0.74	0.88	0.76	0.86	0.84	0.82
4250	0.54	0.64	0.64	0.74	0.74	0.62	0.74	0.92	0.72	0.82	0.66	0.84	0.84	0.84	0.8	0.82
4300	0.6	0.72	0.64	0.72	0.76	0.64	0.74	0.92	0.74	0.82	0.66	0.78	0.8	0.86	0.78	0.8
4350	0.72	0.68	0.64	0.76	0.74	0.68	0.76	0.94	0.68	0.74	0.62	0.78	0.78	0.86	0.78	0.82
4400	0.72	0.68	0.64	0.76	0.78	0.68	0.82	0.9	0.7	0.72	0.62	0.8	0.76	0.8	0.78	0.82
4450	0.68	0.7	0.68	0.78	0.84	0.64	0.8	0.88	0.68	0.74	0.66	0.78	0.8	0.84	0.76	0.8
4500	0.72	0.74	0.68	0.78	0.8	0.74	0.82	0.88	0.7	0.74	0.66	0.78	0.8	0.84	0.76	0.8
4550	0.74	0.78	0.74	0.78	0.8	0.74	0.82	0.86	0.74	0.78	0.68	0.78	0.82	0.82	0.78	0.82
4600	0.74	0.8	0.76	0.76	0.78	0.78	0.86	0.88	0.74	0.74	0.68	0.82	0.82	0.82	0.78	0.82
4650	0.74	0.8	0.76	0.7	0.78	0.78	0.88	0.88	0.76	0.72	0.66	0.8	0.76	0.72	0.74	0.8
4700	0.8	0.76	0.76	0.7	0.78	0.78	0.86	0.84	0.74	0.78	0.68	0.84	0.76	0.74	0.82	0.8
4750	0.74	0.8	0.72	0.7	0.82	0.78	0.88	0.84	0.78	0.82	0.68	0.84	0.8	0.76	0.8	0.82
4800	0.76	0.8	0.7	0.72	0.8	0.76	0.86	0.86	0.78	0.8	0.74	0.82	0.76	0.72	0.74	0.8
4850	0.78	0.8	0.68	0.74	0.8	0.76	0.82	0.78	0.72	0.78	0.74	0.76	0.74	0.7	0.76	0.8
4900	0.76	0.8	0.68	0.74	0.82	0.76	0.8	0.72	0.7	0.8	0.72	0.78	0.74	0.72	0.78	0.76
4950	0.78	0.78	0.7	0.76	0.82	0.78	0.76	0.7	0.6	0.76	0.66	0.8	0.76	0.72	0.76	0.7
5000	0.74	0.76	0.68	0.76	0.82	0.76	0.7	0.62	0.58	0.76	0.62	0.8	0.74	0.68	0.74	0.68
5050	0.72	0.76	0.74	0.8	0.78	0.8	0.72	0.66	0.6	0.8	0.68	0.76	0.72	0.72	0.78	0.66
5100	0.72	0.82	0.74	0.82	0.78	0.78	0.64	0.6	0.6	0.76	0.68	0.78	0.74	0.72	0.76	0.68
5150	0.74	0.82	0.74	0.84	0.8	0.78	0.66	0.66	0.64	0.76	0.72	0.84	0.72	0.74	0.76	0.66
5200	0.78	0.76	0.72	0.84	0.8	0.8	0.68	0.72	0.6	0.78	0.68	0.84	0.72	0.76	0.8	0.64
5250	0.74	0.76	0.74	0.84	0.74	0.76	0.62	0.74	0.7	0.8	0.72	0.82	0.76	0.78	0.82	0.68
5300	0.78	0.78	0.8	0.84	0.76	0.78	0.66	0.76	0.74	0.84	0.76	0.8	0.76	0.8	0.84	0.7
5350	0.76	0.84	0.82	0.86	0.76	0.8	0.78	0.82	0.78	0.86	0.78	0.82	0.78	0.78	0.8	0.76
5400	0.76	0.76	0.78	0.84	0.74	0.84	0.8	0.78	0.72	0.88	0.8	0.82	0.78	0.82	0.82	0.8
5450	0.76	0.76	0.74	0.8	0.72	0.8	0.78	0.78	0.7	0.88	0.82	0.74	0.76	0.82	0.84	0.8
5500	0.78	0.68	0.68	0.78	0.72	0.84	0.86	0.78	0.68	0.92	0.84	0.72	0.78	0.82	0.86	0.8
5550	0.82	0.7	0.7	0.74	0.72	0.82	0.82	0.76	0.72	0.92	0.8	0.74	0.8	0.82	0.82	0.82
5600	0.76	0.7	0.72	0.76	0.72	0.78	0.82	0.74	0.72	0.94	0.78	0.72	0.8	0.82	0.82	0.82
5650	0.76	0.7	0.68	0.76	0.68	0.82	0.8	0.72	0.68	0.96	0.8	0.68	0.78	0.76	0.82	0.82
5700	0.76	0.64	0.7	0.76	0.68	0.82	0.8	0.72	0.66	0.92	0.74	0.66	0.76	0.76	0.84	0.86
5750	0.74	0.68	0.72	0.78	0.64	0.8	0.8	0.74	0.7	0.9	0.72	0.68	0.78	0.74	0.84	0.82
5800	0.76	0.68	0.72	0.78	0.72	0.76	0.8	0.76	0.68	0.9	0.7	0.74	0.8	0.76	0.82	0.84
5850	0.72	0.76	0.8	0.76	0.78	0.76	0.82	0.68	0.68	0.86	0.76	0.74	0.8	0.72	0.78	0.72
5900	0.7	0.78	0.82	0.78	0.8	0.72	0.82	0.68	0.72	0.82	0.78	0.74	0.78	0.7	0.76	0.72
5950	0.68	0.78	0.82	0.8	0.78	0.7	0.82	0.7	0.7	0.78	0.76	0.7	0.78	0.72	0.74	0.7
6000	0.66	0.76	0.82	0.74	0.82	0.68	0.82	0.74	0.7	0.8	0.74	0.74	0.82	0.72	0.76	0.66
6050	0.7	0.7	0.82	0.78	0.84	0.7	0.82	0.72	0.68	0.8	0.7	0.76	0.8	0.76	0.76	0.64
6100	0.7	0.7	0.82	0.76	0.88	0.7	0.8	0.68	0.68	0.8	0.72	0.8	0.76	0.72	0.78	0.62
6150	0.76	0.7	0.8	0.74	0.84	0.72	0.82	0.72	0.66	0.82	0.74	0.8	0.78	0.72	0.74	0.66
6200	0.74	0.7	0.82	0.8	0.86	0.72	0.8	0.72	0.66	0.82	0.76	0.76	0.76	0.72	0.76	0.68
6250	0.76	0.72	0.78	0.82	0.86	0.78	0.82	0.74	0.66	0.84	0.78	0.74	0.8	0.76	0.72	0.7
6300	0.76	0.72	0.76	0.84	0.88	0.82	0.86	0.78	0.68	0.86	0.76	0.76	0.8	0.78	0.8	0.74
6350	0.76	0.74	0.76	0.88	0.88	0.8	0.8	0.78	0.74	0.84	0.76	0.82	0.76	0.74	0.82	0.74
6400	0.8	0.78	0.78	0.86	0.88	0.82	0.84	0.78	0.78	0.88	0.82	0.8	0.76	0.76	0.8	0.76
6450	0.8	0.8	0.72	0.86	0.88	0.78	0.86	0.76	0.8	0.9	0.82	0.84	0.78	0.74	0.74	0.76
6500	0.82	0.82	0.74	0.86	0.88	0.78	0.86	0.8	0.76	0.86	0.82	0.84	0.82	0.74	0.7	0.76
6550	0.84	0.84	0.74	0.84	0.88	0.78	0.86	0.8	0.8	0.8	0.84	0.82	0.8	0.72	0.72	0.74
6600	0.78	0.82	0.74	0.84	0.84	0.82	0.82	0.76	0.78	0.8	0.78	0.8	0.82	0.72	0.68	0.72
6650	0.86	0.82	0.76	0.82	0.84	0.82	0.82	0.78	0.74	0.82	0.76	0.8	0.82	0.7	0.68	0.76
6700	0.86	0.8	0.78	0.82	0.82	0.82	0.82	0.68	0.62	0.78	0.7	0.8	0.84	0.72	0.72	0.72
6750	0.86	0.78	0.78	0.84	0.8	0.84	0.82	0.7	0.62	0.76	0.66	0.76	0.84	0.74	0.72	0.7
6800	0.82	0.8	0.76	0.86	0.82	0.88	0.84	0.74	0.68	0.72	0.66	0.78	0.84	0.78	0.76	0.74
6850	0.78	0.8	0.76	0.86	0.82	0.88	0.86	0.72	0.64	0.7	0.64	0.76	0.84	0.78	0.78	0.72
6900	0.74	0.76	0.74	0.86	0.84	0.92	0.86	0.7	0.68	0.76	0.7	0.7	0.8	0.8	0.8	0.74
6950	0.76	0.74	0.72	0.84	0.88	0.88	0.86	0.7	0.72	0.78	0.72	0.7	0.8	0.8	0.76	0.74
7000	0.72	0.74	0.68	0.82	0.92	0.86	0.84	0.74	0.74	0.74	0.72	0.76	0.82	0.8	0.72	0.74
7050	0.74	0.8	0.7	0.84	0.9	0.86	0.82	0.76	0.74	0.74	0.82	0.78	0.82	0.8	0.74	0.72
7100	0.74	0.8	0.68	0.82	0.94	0.84	0.82	0.72	0.74	0.7	0.82	0.8	0.84	0.82	0.74	0.68
7150	0.72	0.78	0.7	0.78	0.94	0.8	0.8	0.74	0.74	0.74	0.82	0.8	0.84	0.8	0.7	0.7
7200	0.78	0.8	0.7	0.78	0.94	0.78	0.76	0.74	0.74	0.78	0.82	0.74	0.78	0.84	0.74	0.7
7250	0.82	0.8	0.72	0.78	0.9	0.78	0.72	0.72	0.76	0.8	0.82	0.74	0.8	0.84	0.78	0.72
7300	0.82	0.82	0.72	0.76	0.88	0.78	0.7	0.7	0.78	0.8	0.78	0.78	0.78	0.86	0.78	0.7
7350	0.84	0.84	0.76	0.78	0.86	0.78	0.68	0.7	0.76	0.82	0.78	0.84	0.78	0.86	0.82	0.68
7400	0.86	0.84	0.8	0.82	0.84	0.74	0.64	0.7	0.82	0.82	0.8	0.84	0.78	0.86	0.78	0.66
7450	0.86	0.8	0.82	0.86	0.86	0.76	0.66	0.72	0.84	0.76	0.76	0.82	0.76	0.86	0.78	0.7
7500	0.86	0.8	0.84	0.88	0.86	0.74	0.66	0.76	0.84	0.78	0.78	0.82	0.76	0.78	0.78	0.74
7550	0.86	0.78	0.82	0.9	0.86	0.8	0.7	0.78	0.82	0.72	0.8	0.82	0.76	0.8	0.8	0.68
7600	0.86	0.76	0.8	0.88	0.82	0.8	0.7	0.74	0.78	0.68	0.8	0.8	0.78	0.8	0.82	0.7
7650	0.86	0.72	0.78	0.84	0.82	0.8	0.72	0.7	0.74	0.7	0.76	0.82	0.76	0.78	0.78	0.68
7700	0.86	0.72	0.74	0.84	0.8	0.78	0.7	0.76	0.76	0.76	0.78	0.78	0.76	0.78	0.78	0.78
7750	0.88	0.7	0.7	0.74	0.8	0.8	0.74	0.78	0.76	0.74	0.76	0.78	0.74	0.74	0.76	0.76
7800	0.82	0.72	0.66	0.74	0.82	0.86	0.78	0.78	0.7	0.72	0.76	0.8	0.76	0.76	0.7	0.76
7850	0.8	0.68	0.64	0.74	0.84	0.88	0.78	0.74	0.68	0.74	0.72	0.76	0.78	0.74	0.72	0.72
7900	0.82	0.66	0.62	0.68	0.8	0.88	0.78	0.76	0.68	0.74	0.7	0.76	0.76	0.76	0.74	0.78
7950	0.84	0.66	0.64	0.7	0.82	0.88	0.76	0.74	0.68	0.76	0.7	0.76	0.76	0.82	0.76	0.8
8000	0.84	0.66	0.64	0.68	0.82	0.84	0.76	0.7	0.7	0.76	0.68	0.76	0.74	0.78	0.72	0.8
8050	0.78	0.68	0.7	0.72	0.84	0.8	0.68	0.7	0.66	0.72	0.68	0.76	0.68	0.72	0.68	0.78
8100	0.8	0.68	0.72	0.76	0.84	0.8	0.68	0.7	0.68	0.76	0.68	0.76	0.68	0.72	0.68	0.8
8150	0.84	0.68	0.72	0.78	0.86	0.8	0.68	0.68	0.68	0.76	0.66	0.78	0.72	0.74	0.64	0.8
8200	0.86	0.68	0.74	0.8	0.88	0.8	0.68	0.7	0.7	0.76	0.64	0.82	0.76	0.7	0.64	0.78
8250	0.82	0.66	0.76	0.82	0.86	0.74	0.64	0.7	0.7	0.8	0.7	0.82	0.78	0.7	0.64	0.72
8300	0.82	0.74	0.78	0.72	0.88	0.74	0.64	0.62	0.72	0.76	0.72	0.82	0.74	0.62	0.66	0.7
8350	0.76	0.74	0.74	0.7	0.86	0.72	0.64	0.58	0.74	0.78	0.74	0.82	0.78	0.58	0.64	0.7
8400	0.76	0.76	0.74	0.7	0.84	0.7	0.66	0.66	0.76	0.8	0.76	0.82	0.8	0.6	0.64	0.7
8450	0.82	0.72	0.76	0.7	0.84	0.68	0.66	0.64	0.74	0.78	0.74	0.78	0.78	0.58	0.64	0.72
8500	0.82	0.72	0.74	0.66	0.86	0.72	0.66	0.66	0.76	0.76	0.72	0.8	0.78	0.58	0.68	0.74
8550	0.84	0.7	0.72	0.64	0.9	0.7	0.66	0.7	0.78	0.78	0.76	0.8	0.78	0.58	0.68	0.76
8600	0.84	0.74	0.72	0.64	0.88	0.66	0.66	0.76	0.76	0.8	0.78	0.8	0.78	0.6	0.74	0.78
8650	0.84	0.68	0.64	0.62	0.86	0.7	0.64	0.76	0.78	0.82	0.82	0.78	0.76	0.64	0.74	0.8
8700	0.76	0.6	0.6	0.6	0.88	0.68	0.64	0.78	0.8	0.82	0.76	0.68	0.72	0.64	0.7	0.84
8750	0.78	0.52	0.6	0.62	0.86	0.7	0.68	0.74	0.8	0.82	0.66	0.68	0.74	0.64	0.74	0.84
8800	0.78	0.54	0.54	0.68	0.82	0.74	0.66	0.76	0.82	0.8	0.68	0.7	0.7	0.62	0.74	0.84
8850	0.76	0.6	0.54	0.68	0.86	0.74	0.66	0.76	0.78	0.84	0.68	0.68	0.74	0.66	0.72	0.86
8900	0.76	0.58	0.54	0.66	0.86	0.76	0.68	0.78	0.78	0.84	0.72	0.68	0.7	0.64	0.72	0.86
8950	0.7	0.58	0.56	0.68	0.84	0.78	0.66	0.78	0.78	0.86	0.74	0.7	0.74	0.66	0.72	0.88
9000	0.68	0.66	0.62	0.68	0.84	0.78	0.66	0.76	0.78	0.86	0.7	0.7	0.78	0.66	0.68	0.84
9050	0.64	0.64	0.6	0.68	0.84	0.78	0.68	0.74	0.78	0.84	0.7	0.7	0.76	0.66	0.68	0.82
9100	0.7	0.62	0.64	0.68	0.82	0.76	0.68	0.76	0.74	0.84	0.66	0.78	0.78	0.68	0.68	0.82
9150	0.72	0.64	0.7	0.74	0.84	0.74	0.68	0.76	0.72	0.88	0.7	0.76	0.78	0.66	0.66	0.8
9200	0.74	0.56	0.68	0.72	0.82	0.72	0.66	0.74	0.68	0.88	0.74	0.7	0.82	0.72	0.7	0.78
9250	0.68	0.6	0.7	0.7	0.86	0.76	0.68	0.74	0.72	0.9	0.76	0.7	0.82	0.68	0.7	0.72
9300	0.66	0.56	0.7	0.72	0.86	0.74	0.7	0.74	0.64	0.84	0.66	0.7	0.82	0.7	0.66	0.72
9350	0.68	0.52	0.7	0.76	0.86	0.7	0.7	0.72	0.64	0.84	0.62	0.72	0.82	0.74	0.7	0.72
9400	0.74	0.52	0.7	0.76	0.86	0.68	0.66	0.7	0.6	0.84	0.58	0.74	0.82	0.72	0.7	0.72
9450	0.8	0.56	0.72	0.8	0.84	0.7	0.66	0.72	0.62	0.82	0.6	0.66	0.86	0.76	0.74	0.76
9500	0.8	0.58	0.76	0.84	0.86	0.76	0.66	0.7	0.64	0.82	0.62	0.7	0.88	0.78	0.8	0.76
9550	0.8	0.64	0.7	0.78	0.84	0.72	0.66	0.72	0.66	0.84	0.6	0.8	0.9	0.8	0.78	0.76
9600	0.8	0.7	0.68	0.78	0.86	0.74	0.68	0.76	0.62	0.82	0.6	0.78	0.9	0.8	0.76	0.76
9650	0.84	0.7	0.74	0.84	0.86	0.7	0.68	0.72	0.74	0.84	0.56	0.74	0.88	0.78	0.8	0.74
9700	0.86	0.7	0.78	0.86	0.88	0.72	0.7	0.72	0.7	0.84	0.66	0.74	0.9	0.82	0.76	0.76
9750	0.86	0.7	0.72	0.8	0.86	0.72	0.72	0.74	0.74	0.88	0.7	0.84	0.88	0.8	0.74	0.78
9800	0.86	0.72	0.72	0.76	0.86	0.76	0.72	0.74	0.76	0.88	0.7	0.84	0.88	0.8	0.76	0.8
9850	0.86	0.72	0.7	0.74	0.84	0.76	0.72	0.74	0.8	0.84	0.72	0.82	0.9	0.78	0.78	0.76
9900	0.8	0.74	0.72	0.74	0.86	0.72	0.76	0.72	0.82	0.84	0.7	0.82	0.86	0.8	0.78	0.68
9950	0.82	0.74	0.72	0.78	0.86	0.74	0.76	0.7	0.8	0.84	0.7	0.84	0.86	0.8	0.76	0.68
10000	0.82	0.72	0.7	0.8	0.88	0.74	0.74	0.72	0.78	0.84	0.7	0.86	0.84	0.82	0.8	0.72
10050	0.82	0.72	0.72	0.82	0.9	0.74	0.8	0.7	0.82	0.82	0.74	0.82	0.84	0.84	0.82	0.72
10100	0.82	0.78	0.76	0.82	0.9	0.76	0.8	0.74	0.8	0.84	0.74	0.82	0.86	0.84	0.8	0.74
10150	0.8	0.76	0.74	0.8	0.9	0.8	0.82	0.7	0.76	0.76	0.72	0.82	0.8	0.84	0.76	0.72
10200	0.8	0.76	0.76	0.84	0.92	0.8	0.82	0.68	0.76	0.72	0.7	0.8	0.68	0.74	0.72	0.76
10250	0.8	0.78	0.74	0.8	0.9	0.8	0.82	0.72	0.78	0.72	0.74	0.8	0.64	0.72	0.72	0.74
10300	0.78	0.78	0.74	0.84	0.9	0.82	0.8	0.74	0.74	0.76	0.74	0.8	0.66	0.74	0.68	0.76
10350	0.76	0.76	0.74	0.86	0.88	0.82	0.74	0.72	0.74	0.74	0.78	0.78	0.66	0.7	0.7	0.72
10400	0.74	0.72	0.68	0.82	0.88	0.8	0.76	0.76	0.76	0.76	0.8	0.76	0.62	0.66	0.7	0.74
10450	0.74	0.74	0.66	0.8	0.86	0.8	0.78	0.8	0.78	0.76	0.8	0.74	0.6	0.64	0.66	0.68
10500	0.68	0.7	0.66	0.76	0.82	0.76	0.7	0.76	0.76	0.76	0.78	0.7	0.58	0.62	0.62	0.7
10550	0.7	0.7	0.7	0.76	0.82	0.72	0.66	0.74	0.74	0.76	0.76	0.74	0.64	0.66	0.62	0.68
10600	0.72	0.66	0.68	0.72	0.82	0.7	0.64	0.64	0.74	0.78	0.78	0.72	0.7	0.68	0.62	0.64
10650	0.68	0.64	0.66	0.78	0.84	0.7	0.62	0.64	0.72	0.78	0.76	0.68	0.74	0.7	0.62	0.62
10700	0.72	0.68	0.74	0.78	0.82	0.7	0.68	0.6	0.68	0.76	0.78	0.7	0.74	0.74	0.6	0.62
10750	0.74	0.74	0.78	0.78	0.84	0.72	0.7	0.6	0.74	0.76	0.74	0.74	0.74	0.72	0.64	0.62
10800	0.74	0.76	0.76	0.76	0.8	0.74	0.7	0.58	0.74	0.74	0.72	0.72	0.7	0.72	0.66	0.62
10850	0.72	0.78	0.78	0.78	0.84	0.68	0.68	0.58	0.7	0.72	0.7	0.76	0.68	0.76	0.66	0.64
10900	0.78	0.74	0.72	0.8	0.84	0.74	0.68	0.58	0.7	0.68	0.72	0.74	0.64	0.76	0.7	0.64
10950	0.82	0.78	0.76	0.84	0.84	0.74	0.72	0.58	0.72	0.7	0.74	0.76	0.66	0.76	0.76	0.62
11000	0.82	0.78	0.82	0.8	0.8	0.76	0.74	0.62	0.74	0.74	0.74	0.76	0.7	0.74	0.74	0.7
11050	0.84	0.76	0.84	0.82	0.74	0.74	0.74	0.66	0.7	0.72	0.78	0.72	0.68	0.76	0.74	0.68
11100	0.86	0.78	0.84	0.82	0.74	0.74	0.72	0.7	0.7	0.76	0.78	0.74	0.68	0.74	0.74	0.72
11150	0.84	0.76	0.88	0.84	0.74	0.72	0.72	0.68	0.68	0.76	0.78	0.76	0.66	0.74	0.78	0.72
11200	0.86	0.76	0.92	0.88	0.74	0.72	0.7	0.7	0.7	0.78	0.78	0.78	0.68	0.74	0.82	0.72
11250	0.86	0.72	0.92	0.9	0.74	0.76	0.7	0.72	0.7	0.8	0.78	0.76	0.7	0.72	0.78	0.72
11300	0.84	0.74	0.92	0.88	0.72	0.7	0.7	0.68	0.68	0.8	0.78	0.76	0.74	0.68	0.72	0.72
11350	0.8	0.74	0.88	0.88	0.74	0.72	0.72	0.66	0.68	0.78	0.8	0.78	0.72	0.68	0.72	0.74
11400	0.74	0.7	0.78	0.82	0.72	0.72	0.7	0.66	0.68	0.8	0.8	0.76	0.72	0.68	0.74	0.7
11450	0.74	0.68	0.76	0.82	0.76	0.74	0.72	0.64	0.7	0.74	0.76	0.76	0.68	0.66	0.78	0.72
11500	0.72	0.7	0.72	0.76	0.78	0.68	0.74	0.66	0.72	0.78	0.78	0.78	0.68	0.6	0.78	0.78
11550	0.66	0.72	0.68	0.76	0.8	0.66	0.78	0.66	0.7	0.8	0.8	0.76	0.7	0.62	0.74	0.78
11600	0.62	0.72	0.58	0.74	0.84	0.66	0.8	0.64	0.72	0.82	0.8	0.76	0.76	0.66	0.7	0.74
11650	0.64	0.76	0.58	0.72	0.84	0.72	0.78	0.68	0.72	0.84	0.82	0.78	0.76	0.68	0.72	0.78
11700	0.64	0.74	0.56	0.68	0.84	0.72	0.78	0.66	0.7	0.84	0.8	0.78	0.74	0.68	0.72	0.82
11750	0.64	0.72	0.54	0.64	0.8	0.72	0.74	0.64	0.7	0.82	0.76	0.78	0.72	0.64	0.72	0.84
11800	0.64	0.72	0.54	0.66	0.8	0.72	0.74	0.68	0.74	0.86	0.8	0.78	0.76	0.7	0.74	0.84
11850	0.64	0.74	0.54	0.72	0.8	0.7	0.74	0.7	0.7	0.82	0.76	0.8	0.78	0.74	0.72	0.82
11900	0.68	0.76	0.54	0.7	0.82	0.72	0.72	0.72	0.74	0.74	0.76	0.82	0.8	0.76	0.74	0.74
11950	0.66	0.76	0.52	0.72	0.8	0.78	0.74	0.7	0.74	0.72	0.74	0.82	0.76	0.74	0.78	0.72
12000	0.66	0.74	0.5	0.66	0.76	0.78	0.7	0.72	0.72	0.72	0.74	0.78	0.74	0.74	0.78	0.66
12050	0.66	0.76	0.6	0.68	0.74	0.76	0.74	0.76	0.76	0.66	0.7	0.76	0.72	0.74	0.8	0.58
12100	0.68	0.76	0.62	0.74	0.78	0.76	0.76	0.74	0.76	0.66	0.7	0.74	0.66	0.72	0.74	0.62
12150	0.68	0.76	0.64	0.76	0.8	0.76	0.74	0.74	0.76	0.68	0.7	0.72	0.66	0.7	0.78	0.62
12200	0.7	0.72	0.72	0.78	0.78	0.76	0.7	0.7	0.78	0.68	0.66	0.74	0.64	0.7	0.78	0.68
12250	0.7	0.74	0.76	0.78	0.78	0.74	0.7	0.7	0.78	0.66	0.62	0.72	0.64	0.7	0.8	0.76
12300	0.68	0.78	0.78	0.76	0.78	0.74	0.72	0.7	0.78	0.7	0.6	0.72	0.62	0.68	0.78	0.74
12350	0.72	0.82	0.8	0.76	0.82	0.7	0.72	0.68	0.74	0.7	0.62	0.74	0.6	0.6	0.74	0.78
12400	0.74	0.8	0.84	0.8	0.84	0.72	0.74	0.68	0.74	0.64	0.64	0.76	0.6	0.62	0.74	0.78
12450	0.82	0.76	0.8	0.8	0.84	0.74	0.74	0.66	0.74	0.68	0.64	0.76	0.64	0.62	0.72	0.76
12500	0.84	0.68	0.8	0.8	0.78	0.74	0.7	0.64	0.7	0.68	0.62	0.72	0.62	0.66	0.72	0.76
12550	0.84	0.66	0.8	0.8	0.8	0.8	0.78	0.66	0.72	0.68	0.64	0.68	0.6	0.6	0.74	0.78
12600	0.8	0.68	0.78	0.8	0.82	0.82	0.82	0.66	0.74	0.68	0.68	0.7	0.6	0.6	0.76	0.76
12650	0.8	0.7	0.76	0.86	0.78	0.8	0.8	0.64	0.72	0.68	0.7	0.68	0.64	0.64	0.76	0.7
12700	0.76	0.74	0.78	0.88	0.76	0.84	0.78	0.64	0.7	0.64	0.68	0.64	0.6	0.68	0.76	0.7
12750	0.74	0.72	0.76	0.88	0.78	0.86	0.78	0.6	0.7	0.66	0.7	0.64	0.6	0.66	0.78	0.72
12800	0.66	0.68	0.68	0.86	0.8	0.86	0.8	0.62	0.74	0.66	0.7	0.62	0.62	0.66	0.84	0.7
12850	0.7	0.72	0.7	0.86	0.8	0.9	0.8	0.64	0.76	0.62	0.72	0.62	0.58	0.66	0.88	0.62
12900	0.66	0.76	0.72	0.86	0.84	0.88	0.78	0.64	0.78	0.6	0.72	0.68	0.64	0.7	0.88	0.58
12950	0.72	0.78	0.72	0.86	0.84	0.86	0.7	0.68	0.78	0.56	0.72	0.7	0.66	0.72	0.88	0.64
13000	0.78	0.8	0.7	0.86	0.84	0.84	0.7	0.68	0.8	0.56	0.72	0.72	0.64	0.74	0.88	0.64
13050	0.74	0.78	0.72	0.88	0.88	0.82	0.7	0.62	0.78	0.6	0.72	0.72	0.62	0.74	0.84	0.62
13100	0.72	0.7	0.68	0.82	0.88	0.82	0.68	0.62	0.74	0.64	0.72	0.72	0.7	0.76	0.84	0.62
13150	0.72	0.64	0.58	0.78	0.88	0.8	0.68	0.64	0.7	0.68	0.7	0.72	0.72	0.74	0.8	0.62
13200	0.74	0.64	0.58	0.72	0.78	0.8	0.68	0.64	0.68	0.68	0.72	0.66	0.72	0.74	0.76	0.66
13250	0.8	0.62	0.6	0.7	0.74	0.8	0.66	0.64	0.68	0.78	0.7	0.64	0.76	0.74	0.76	0.7
13300	0.8	0.62	0.62	0.66	0.7	0.8	0.6	0.58	0.72	0.78	0.74	0.58	0.78	0.76	0.76	0.62
13350	0.88	0.64	0.66	0.66	0.72	0.8	0.64	0.6	0.74	0.74	0.74	0.6	0.76	0.74	0.76	0.62
13400	0.84	0.68	0.64	0.62	0.7	0.78	0.66	0.58	0.74	0.76	0.7	0.62	0.76	0.7	0.74	0.62
13450	0.84	0.68	0.66	0.64	0.7	0.8	0.72	0.58	0.68	0.74	0.72	0.58	0.74	0.72	0.72	0.62
13500	0.8	0.68	0.68	0.66	0.7	0.8	0.74	0.56	0.7	0.76	0.76	0.6	0.7	0.74	0.72	0.56
13550	0.78	0.74	0.7	0.68	0.72	0.76	0.74	0.56	0.66	0.74	0.74	0.66	0.72	0.76	0.72	0.6
13600	0.78	0.7	0.68	0.74	0.78	0.82	0.7	0.58	0.7	0.7	0.76	0.7	0.68	0.76	0.74	0.6
13650	0.78	0.66	0.66	0.78	0.8	0.84	0.72	0.56	0.72	0.7	0.76	0.68	0.66	0.76	0.74	0.6
13700	0.74	0.66	0.66	0.76	0.86	0.78	0.76	0.56	0.66	0.7	0.74	0.74	0.66	0.72	0.72	0.62
13750	0.76	0.7	0.68	0.78	0.84	0.68	0.7	0.62	0.66	0.76	0.76	0.76	0.68	0.72	0.74	0.6
13800	0.76	0.7	0.68	0.78	0.84	0.7	0.7	0.6	0.66	0.74	0.78	0.76	0.68	0.76	0.78	0.58
13850	0.78	0.68	0.68	0.82	0.88	0.68	0.7	0.62	0.7	0.72	0.78	0.72	0.66	0.74	0.76	0.58
13900	0.8	0.62	0.68	0.82	0.84	0.68	0.7	0.66	0.72	0.7	0.78	0.74	0.68	0.72	0.76	0.62
13950	0.8	0.62	0.66	0.8	0.84	0.7	0.72	0.7	0.78	0.7	0.8	0.72	0.68	0.72	0.78	0.64
14000	0.8	0.66	0.74	0.82	0.84	0.68	0.72	0.7	0.78	0.66	0.76	0.74	0.68	0.7	0.78	0.62
14050	0.8	0.68	0.76	0.78	0.86	0.66	0.74	0.76	0.78	0.68	0.74	0.76	0.64	0.66	0.8	0.64
14100	0.8	0.72	0.74	0.84	0.86	0.68	0.68	0.7	0.8	0.64	0.74	0.7	0.64	0.7	0.84	0.62
14150	0.78	0.72	0.72	0.82	0.86	0.72	0.66	0.72	0.76	0.66	0.7	0.7	0.72	0.66	0.82	0.62
14200	0.76	0.74	0.7	0.8	0.86	0.76	0.68	0.74	0.74	0.64	0.7	0.7	0.68	0.64	0.82	0.64
14250	0.74	0.76	0.66	0.8	0.86	0.78	0.68	0.72	0.72	0.64	0.68	0.7	0.68	0.66	0.82	0.66
14300	0.7	0.72	0.68	0.84	0.88	0.76	0.68	0.72	0.76	0.6	0.7	0.72	0.62	0.66	0.8	0.62
14350	0.72	0.68	0.68	0.8	0.86	0.76	0.72	0.74	0.78	0.56	0.66	0.7	0.56	0.66	0.8	0.62
14400	0.7	0.64	0.68	0.78	0.84	0.7	0.7	0.74	0.78	0.58	0.68	0.72	0.52	0.64	0.76	0.64
14450	0.7	0.62	0.66	0.78	0.8	0.68	0.66	0.76	0.76	0.58	0.7	0.66	0.5	0.62	0.74	0.66
14500	0.7	0.58	0.68	0.82	0.8	0.64	0.62	0.76	0.82	0.56	0.7	0.64	0.48	0.68	0.72	0.64
14550	0.7	0.6	0.72	0.86	0.8	0.72	0.68	0.76	0.84	0.52	0.72	0.66	0.46	0.72	0.7	0.6
14600	0.74	0.58	0.7	0.84	0.78	0.66	0.7	0.74	0.84	0.5	0.68	0.64	0.48	0.7	0.7	0.58
14650	0.82	0.64	0.74	0.84	0.72	0.7	0.74	0.78	0.84	0.52	0.72	0.62	0.5	0.7	0.68	0.64
14700	0.8	0.7	0.78	0.84	0.72	0.68	0.7	0.78	0.84	0.54	0.7	0.6	0.46	0.72	0.7	0.64
14750	0.8	0.72	0.76	0.84	0.7	0.7	0.68	0.76	0.84	0.62	0.72	0.62	0.5	0.76	0.74	0.64
14800	0.82	0.7	0.74	0.84	0.74	0.74	0.74	0.7	0.82	0.62	0.74	0.62	0.52	0.78	0.72	0.64
14850	0.78	0.7	0.74	0.88	0.74	0.72	0.74	0.72	0.8	0.62	0.74	0.6	0.54	0.78	0.72	0.64
14900	0.8	0.76	0.74	0.88	0.76	0.72	0.7	0.74	0.8	0.56	0.74	0.62	0.58	0.76	0.76	0.62
14950	0.78	0.72	0.68	0.88	0.74	0.76	0.74	0.76	0.8	0.58	0.8	0.64	0.54	0.78	0.78	0.64
15000	0.8	0.74	0.66	0.88	0.78	0.76	0.76	0.72	0.8	0.56	0.8	0.64	0.5	0.8	0.84	0.64
15050	0.78	0.72	0.62	0.9	0.8	0.72	0.76	0.72	0.78	0.6	0.8	0.66	0.5	0.78	0.82	0.66
15100	0.78	0.7	0.66	0.84	0.82	0.7	0.74	0.72	0.76	0.6	0.84	0.7	0.48	0.82	0.8	0.64
15150	0.72	0.7	0.64	0.86	0.78	0.72	0.76	0.76	0.78	0.6	0.88	0.7	0.52	0.8	0.78	0.58
15200	0.72	0.74	0.62	0.86	0.78	0.72	0.78	0.74	0.74	0.56	0.9	0.74	0.54	0.78	0.78	0.64
15250	0.74	0.7	0.6	0.86	0.74	0.78	0.74	0.7	0.76	0.56	0.9	0.7	0.5	0.76	0.76	0.62
15300	0.78	0.72	0.64	0.86	0.7	0.78	0.74	0.7	0.78	0.6	0.9	0.68	0.54	0.76	0.78	0.58
15350	0.78	0.76	0.68	0.84	0.68	0.74	0.64	0.64	0.72	0.64	0.86	0.68	0.58	0.72	0.76	0.58
15400	0.74	0.78	0.72	0.82	0.68	0.7	0.64	0.66	0.76	0.62	0.9	0.64	0.52	0.66	0.74	0.58
15450	0.74	0.76	0.74	0.84	0.68	0.72	0.64	0.68	0.78	0.66	0.9	0.66	0.58	0.66	0.72	0.6
15500	0.74	0.8	0.74	0.82	0.7	0.72	0.66	0.76	0.76	0.66	0.88	0.66	0.58	0.66	0.7	0.64
15550	0.76	0.82	0.7	0.86	0.74	0.72	0.66	0.76	0.74	0.64	0.86	0.64	0.56	0.68	0.7	0.7
15600	0.74	0.82	0.74	0.84	0.72	0.72	0.66	0.74	0.76	0.7	0.86	0.6	0.58	0.66	0.68	0.7
15650	0.76	0.82	0.76	0.86	0.7	0.76	0.72	0.72	0.78	0.74	0.92	0.62	0.64	0.7	0.72	0.64
15700	0.74	0.8	0.78	0.84	0.72	0.76	0.72	0.74	0.78	0.74	0.92	0.66	0.62	0.74	0.72	0.66
15750	0.78	0.76	0.7	0.82	0.78	0.82	0.74	0.74	0.76	0.72	0.9	0.66	0.62	0.74	0.74	0.66
15800	0.8	0.72	0.66	0.82	0.8	0.86	0.84	0.76	0.76	0.68	0.9	0.64	0.62	0.78	0.74	0.68
15850	0.78	0.72	0.64	0.8	0.84	0.82	0.76	0.74	0.72	0.66	0.88	0.7	0.64	0.82	0.8	0.66
15900	0.8	0.74	0.68	0.84	0.82	0.84	0.78	0.7	0.72	0.68	0.86	0.68	0.64	0.82	0.8	0.62
15950	0.86	0.76	0.7	0.84	0.84	0.86	0.8	0.68	0.72	0.68	0.86	0.68	0.58	0.86	0.8	0.66
16000	0.78	0.76	0.7	0.82	0.82	0.84	0.84	0.7	0.64	0.66	0.8	0.66	0.58	0.82	0.76	0.72
16050	0.82	0.72	0.7	0.86	0.8	0.8	0.8	0.68	0.68	0.68	0.78	0.66	0.54	0.72	0.72	0.68
16100	0.78	0.68	0.72	0.84	0.8	0.78	0.76	0.64	0.68	0.7	0.76	0.66	0.54	0.72	0.74	0.68
16150	0.76	0.74	0.76	0.84	0.76	0.76	0.74	0.66	0.68	0.74	0.78	0.64	0.58	0.76	0.76	0.68
16200	0.78	0.72	0.66	0.78	0.78	0.72	0.72	0.64	0.7	0.74	0.8	0.68	0.54	0.76	0.74	0.68
16250	0.76	0.74	0.64	0.76	0.82	0.7	0.72	0.64	0.7	0.72	0.82	0.7	0.54	0.74	0.72	0.7
16300	0.76	0.7	0.58	0.76	0.82	0.66	0.7	0.68	0.7	0.72	0.82	0.64	0.46	0.7	0.72	0.7
16350	0.76	0.78	0.62	0.78	0.78	0.7	0.74	0.68	0.72	0.76	0.86	0.66	0.52	0.72	0.74	0.68
16400	0.76	0.76	0.58	0.78	0.76	0.7	0.7	0.72	0.76	0.74	0.9	0.66	0.56	0.78	0.74	0.72
16450	0.78	0.74	0.56	0.72	0.76	0.7	0.72	0.7	0.74	0.72	0.86	0.66	0.56	0.82	0.7	0.7
16500	0.72	0.78	0.6	0.7	0.74	0.7	0.72	0.7	0.78	0.74	0.86	0.66	0.56	0.82	0.76	0.68
16550	0.68	0.76	0.6	0.68	0.72	0.68	0.7	0.72	0.8	0.72	0.82	0.6	0.54	0.78	0.76	0.66
16600	0.68	0.72	0.6	0.68	0.8	0.66	0.74	0.74	0.8	0.7	0.76	0.6	0.56	0.74	0.74	0.64
16650	0.66	0.72	0.66	0.72	0.8	0.64	0.76	0.76	0.78	0.7	0.74	0.6	0.66	0.7	0.72	0.64
16700	0.66	0.76	0.66	0.76	0.78	0.68	0.78	0.78	0.78	0.72	0.72	0.62	0.64	0.72	0.72	0.62
16750	0.64	0.76	0.66	0.76	0.84	0.68	0.8	0.76	0.82	0.72	0.68	0.66	0.64	0.7	0.72	0.64
16800	0.66	0.7	0.72	0.76	0.86	0.66	0.8	0.76	0.8	0.72	0.68	0.66	0.66	0.7	0.72	0.66
16850	0.66	0.7	0.72	0.78	0.88	0.66	0.78	0.72	0.8	0.72	0.68	0.66	0.68	0.74	0.72	0.64
16900	0.74	0.68	0.68	0.76	0.9	0.64	0.76	0.76	0.8	0.68	0.72	0.68	0.66	0.72	0.68	0.64
16950	0.74	0.66	0.66	0.8	0.82	0.66	0.7	0.7	0.78	0.7	0.7	0.66	0.68	0.72	0.68	0.66
17000	0.76	0.66	0.68	0.8	0.78	0.68	0.68	0.7	0.8	0.7	0.72	0.62	0.66	0.7	0.66	0.68
17050	0.74	0.66	0.66	0.82	0.76	0.68	0.66	0.72	0.74	0.74	0.72	0.6	0.68	0.7	0.62	0.68
17100	0.78	0.64	0.68	0.78	0.76	0.64	0.66	0.72	0.7	0.74	0.74	0.66	0.7	0.68	0.56	0.68
17150	0.8	0.68	0.64	0.72	0.74	0.64	0.66	0.72	0.62	0.78	0.84	0.68	0.72	0.64	0.48	0.7
17200	0.82	0.7	0.66	0.66	0.76	0.68	0.7	0.74	0.6	0.8	0.82	0.64	0.7	0.6	0.46	0.74
17250	0.8	0.7	0.68	0.68	0.76	0.66	0.7	0.76	0.58	0.78	0.8	0.62	0.62	0.64	0.46	0.76
17300	0.78	0.7	0.68	0.68	0.74	0.64	0.72	0.78	0.6	0.82	0.82	0.66	0.72	0.68	0.5	0.74
17350	0.82	0.68	0.66	0.66	0.74	0.68	0.72	0.76	0.56	0.86	0.82	0.68	0.72	0.66	0.5	0.74
17400	0.84	0.7	0.72	0.68	0.8	0.66	0.74	0.74	0.6	0.84	0.8	0.7	0.72	0.68	0.56	0.78
17450	0.84	0.68	0.72	0.72	0.78	0.68	0.7	0.68	0.64	0.84	0.82	0.76	0.76	0.72	0.58	0.78
17500	0.82	0.7	0.7	0.76	0.8	0.72	0.68	0.64	0.64	0.78	0.8	0.76	0.7	0.78	0.66	0.76
17550	0.74	0.68	0.68	0.8	0.76	0.68	0.66	0.66	0.64	0.8	0.8	0.74	0.72	0.8	0.72	0.72
17600	0.8	0.7	0.7	0.82	0.72	0.72	0.56	0.56	0.62	0.8	0.8	0.76	0.7	0.78	0.7	0.72
17650	0.8	0.7	0.74	0.84	0.68	0.74	0.52	0.56	0.6	0.78	0.78	0.8	0.78	0.76	0.66	0.72
17700	0.82	0.7	0.74	0.84	0.7	0.72	0.5	0.6	0.64	0.78	0.8	0.78	0.8	0.8	0.62	0.74
17750	0.84	0.72	0.74	0.9	0.7	0.72	0.56	0.62	0.66	0.76	0.8	0.76	0.78	0.76	0.6	0.68
17800	0.74	0.7	0.7	0.88	0.76	0.7	0.58	0.64	0.7	0.76	0.8	0.74	0.78	0.78	0.62	0.68
17850	0.68	0.72	0.68	0.88	0.76	0.7	0.58	0.68	0.72	0.8	0.84	0.7	0.72	0.8	0.66	0.68
17900	0.78	0.72	0.66	0.8	0.76	0.72	0.62	0.72	0.72	0.78	0.84	0.68	0.76	0.76	0.64	0.7
17950	0.78	0.7	0.68	0.8	0.76	0.7	0.68	0.76	0.72	0.78	0.86	0.64	0.7	0.8	0.64	0.72
18000	0.76	0.62	0.64	0.82	0.8	0.68	0.72	0.78	0.74	0.74	0.86	0.62	0.66	0.82	0.7	0.7
18050	0.74	0.6	0.58	0.82	0.84	0.74	0.74	0.78	0.78	0.78	0.84	0.58	0.6	0.8	0.8	0.68
18100	0.74	0.62	0.58	0.82	0.8	0.78	0.76	0.78	0.74	0.78	0.8	0.6	0.64	0.82	0.8	0.66
18150	0.74	0.6	0.58	0.82	0.82	0.74	0.76	0.76	0.72	0.8	0.8	0.58	0.62	0.8	0.78	0.66
18200	0.8	0.62	0.62	0.76	0.82	0.78	0.76	0.76	0.7	0.74	0.78	0.58	0.56	0.76	0.78	0.66
18250	0.84	0.64	0.64	0.76	0.8	0.78	0.74	0.74	0.72	0.76	0.8	0.58	0.56	0.76	0.78	0.66
18300	0.8	0.68	0.64	0.76	0.84	0.78	0.72	0.7	0.64	0.78	0.8	0.58	0.64	0.7	0.72	0.64
18350	0.78	0.68	0.64	0.74	0.82	0.74	0.68	0.64	0.66	0.78	0.8	0.68	0.66	0.7	0.76	0.62
18400	0.8	0.68	0.64	0.72	0.82	0.72	0.66	0.58	0.64	0.8	0.8	0.66	0.64	0.72	0.7	0.6
18450	0.82	0.7	0.72	0.7	0.86	0.72	0.7	0.6	0.64	0.8	0.78	0.68	0.66	0.68	0.68	0.6
18500	0.78	0.72	0.68	0.7	0.84	0.68	0.64	0.6	0.6	0.76	0.76	0.7	0.7	0.7	0.66	0.58
18550	0.74	0.74	0.68	0.76	0.84	0.7	0.64	0.58	0.6	0.8	0.76	0.76	0.74	0.68	0.66	0.58
18600	0.72	0.76	0.66	0.78	0.86	0.64	0.7	0.58	0.6	0.74	0.7	0.8	0.74	0.72	0.66	0.56
18650	0.7	0.74	0.68	0.78	0.88	0.64	0.72	0.62	0.6	0.74	0.7	0.78	0.72	0.74	0.66	0.56
18700	0.68	0.74	0.66	0.78	0.86	0.66	0.74	0.62	0.56	0.68	0.62	0.78	0.68	0.72	0.66	0.54
18750	0.68	0.74	0.62	0.8	0.84	0.72	0.78	0.66	0.54	0.68	0.6	0.84	0.74	0.76	0.62	0.58
18800	0.64	0.7	0.64	0.8	0.86	0.72	0.8	0.7	0.54	0.66	0.58	0.86	0.76	0.76	0.64	0.54
18850	0.64	0.7	0.62	0.8	0.86	0.68	0.82	0.78	0.54	0.66	0.62	0.84	0.74	0.76	0.64	0.58
18900	0.68	0.68	0.6	0.78	0.88	0.76	0.84	0.74	0.54	0.7	0.66	0.88	0.76	0.84	0.7	0.6
18950	0.7	0.7	0.56	0.76	0.82	0.78	0.8	0.74	0.54	0.68	0.68	0.88	0.74	0.82	0.72	0.62
19000	0.72	0.7	0.56	0.78	0.78	0.8	0.76	0.7	0.56	0.66	0.7	0.86	0.74	0.82	0.68	0.64
19050	0.68	0.7	0.5	0.78	0.84	0.82	0.74	0.7	0.6	0.72	0.72	0.88	0.78	0.84	0.68	0.64
19100	0.72	0.7	0.54	0.76	0.8	0.76	0.68	0.72	0.66	0.78	0.78	0.88	0.8	0.84	0.64	0.66
19150	0.78	0.72	0.58	0.78	0.8	0.72	0.66	0.68	0.6	0.8	0.8	0.9	0.78	0.84	0.62	0.72
19200	0.78	0.72	0.58	0.72	0.74	0.72	0.62	0.66	0.6	0.76	0.78	0.88	0.78	0.86	0.64	0.66
19250	0.78	0.74	0.64	0.78	0.76	0.7	0.6	0.62	0.6	0.74	0.78	0.88	0.82	0.88	0.64	0.66
19300	0.82	0.78	0.66	0.76	0.76	0.72	0.62	0.62	0.64	0.78	0.8	0.86	0.84	0.86	0.64	0.68
19350	0.88	0.82	0.72	0.78	0.78	0.76	0.58	0.64	0.68	0.78	0.82	0.84	0.88	0.84	0.68	0.7
19400	0.88	0.82	0.78	0.78	0.76	0.8	0.6	0.64	0.7	0.74	0.78	0.82	0.82	0.84	0.72	0.66
19450	0.9	0.8	0.8	0.8	0.72	0.78	0.58	0.68	0.68	0.76	0.76	0.76	0.8	0.86	0.76	0.68
19500	0.92	0.82	0.8	0.84	0.72	0.8	0.64	0.7	0.7	0.72	0.74	0.7	0.76	0.86	0.74	0.7
19550	0.94	0.78	0.82	0.86	0.72	0.8	0.64	0.72	0.7	0.7	0.76	0.66	0.74	0.9	0.82	0.72
19600	0.92	0.76	0.76	0.84	0.72	0.78	0.64	0.74	0.76	0.74	0.76	0.64	0.7	0.86	0.82	0.8
19650	0.9	0.76	0.72	0.82	0.76	0.78	0.7	0.76	0.78	0.74	0.78	0.64	0.64	0.84	0.76	0.84
19700	0.86	0.76	0.7	0.86	0.76	0.74	0.72	0.8	0.74	0.78	0.76	0.64	0.62	0.82	0.7	0.84
19750	0.82	0.74	0.68	0.84	0.76	0.72	0.76	0.72	0.68	0.76	0.7	0.7	0.6	0.82	0.72	0.82
19800	0.8	0.74	0.7	0.82	0.74	0.72	0.72	0.68	0.64	0.74	0.68	0.72	0.66	0.84	0.7	0.84
19850	0.76	0.7	0.68	0.84	0.8	0.74	0.74	0.64	0.64	0.74	0.66	0.74	0.64	0.86	0.72	0.78
19900	0.74	0.7	0.68	0.84	0.82	0.74	0.74	0.62	0.66	0.78	0.72	0.74	0.66	0.82	0.7	0.74
19950	0.74	0.7	0.72	0.88	0.8	0.76	0.78	0.64	0.66	0.8	0.72	0.74	0.68	0.76	0.64	0.74
20000	0.74	0.7	0.7	0.88	0.82	0.72	0.82	0.58	0.64	0.8	0.72	0.74	0.66	0.78	0.66	0.7
