0	0	0	0	0	0	0	0	0	0	0	0	0	0	0	0	0	0
50	7	2	3	1	2	1	3	4	2	1	2	3	0	4	3	4	8
100	9	6	5	3	3	4	5	4	2	1	3	4	2	5	4	5	9
150	13	6	6	3	4	5	5	5	3	3	5	4	5	8	5	5	14
200	13	6	7	4	4	5	5	7	4	3	5	6	5	8	5	7	15
250	13	6	7	5	5	5	6	7	4	6	5	7	6	8	5	8	16
300	14	6	7	5	5	6	7	7	5	6	5	8	7	8	5	8	17
350	14	6	8	7	5	6	7	7	5	7	7	9	8	8	5	8	18
400	14	6	8	7	5	6	7	7	5	7	7	9	8	8	5	8	18
450	14	6	8	7	5	6	7	7	6	8	7	9	10	8	5	8	18
500	14	7	8	7	6	6	7	7	6	8	7	9	10	9	6	8	18
550	14	9	8	7	6	6	7	7	7	8	7	9	10	9	6	8	19
600	14	10	8	7	7	6	7	7	7	8	7	9	10	9	6	8	20
650	14	10	8	7	7	6	7	7	7	8	7	10	10	9	6	8	20
700	14	10	8	7	8	6	7	7	7	9	7	10	10	9	6	8	21
750	14	10	8	7	8	6	7	8	7	9	7	10	10	9	7	8	22
800	14	10	8	7	8	6	7	8	7	9	7	10	10	10	7	8	22
850	14	11	8	7	8	6	8	8	7	9	7	10	10	10	7	8	23
900	14	11	8	7	8	6	8	8	7	9	7	10	9	10	7	8	24
950	14	11	9	7	8	7	9	9	8	9	7	10	9	10	7	8	26
1000	17	12	10	7	9	8	9	9	9	9	9	10	9	10	7	8	32
1050	17	12	11	8	9	8	9	9	10	9	9	10	9	12	7	8	35
1100	19	12	12	8	9	8	10	10	10	9	9	10	9	12	7	9	36
1150	19	12	12	8	8	8	10	9	11	9	9	11	10	12	7	10	37
1200	19	12	12	9	8	8	10	9	11	9	7	11	10	12	7	10	35
1250	19	12	12	9	9	8	10	9	11	9	7	11	11	11	7	11	35
1300	19	11	13	10	9	8	10	9	11	10	8	12	11	11	7	14	39
1350	19	11	12	10	9	8	10	9	11	10	9	12	11	11	8	14	37
1400	19	11	12	10	9	8	10	9	11	10	9	13	11	11	8	14	37
1450	19	11	12	10	9	9	10	9	11	10	9	13	11	11	8	14	38
1500	21	11	12	10	9	10	10	10	11	10	9	13	11	11	8	14	40
1550	21	11	12	10	9	11	10	10	11	10	9	13	11	11	8	15	42
1600	21	12	12	10	9	11	10	9	11	10	9	13	11	11	8	15	43
1650	23	12	12	10	8	11	10	10	11	10	9	13	11	11	8	15	43
1700	23	12	13	10	10	11	11	11	10	11	9	13	11	12	8	14	44
1750	23	12	13	10	10	11	12	11	11	11	9	13	12	12	9	14	44
1800	23	12	14	10	9	11	12	11	11	12	10	13	12	12	9	15	45
1850	23	12	14	10	9	11	12	11	11	12	10	13	12	11	9	13	45
1900	23	11	14	10	10	11	12	11	11	12	10	13	12	12	9	13	46
1950	23	11	14	10	10	11	12	11	10	13	10	13	12	13	9	13	45
2000	23	10	13	10	10	11	12	11	10	13	10	13	13	13	9	13	45
2050	23	10	13	10	10	12	12	11	10	13	10	14	14	13	9	13	48
2100	23	10	13	11	11	12	12	11	10	13	10	14	14	12	9	12	48
2150	22	10	13	11	11	12	12	11	10	13	10	14	15	12	9	13	50
2200	22	10	13	11	11	12	12	11	10	13	10	14	14	12	11	14	49
2250	23	10	13	11	12	12	12	10	11	14	10	14	14	12	12	14	51
2300	23	11	14	11	12	12	13	10	11	14	10	14	14	11	13	14	52
2350	25	11	14	11	13	12	14	10	12	14	11	14	15	12	14	15	56
2400	26	12	14	11	13	12	14	10	13	13	12	15	15	12	14	15	56
2450	26	12	14	11	13	12	13	10	13	13	12	15	15	12	14	16	57
2500	25	11	14	12	13	12	14	10	13	13	13	15	15	12	14	16	59
2550	25	10	14	12	13	12	14	10	13	13	13	16	14	12	14	16	58
2600	26	10	14	12	13	12	13	10	12	13	13	16	14	12	14	14	57
2650	28	10	14	12	13	12	13	10	12	15	12	16	14	12	14	14	60
2700	28	11	14	12	14	11	14	10	12	15	13	16	15	13	14	13	62
2750	28	11	15	12	14	11	13	10	12	16	13	16	15	14	14	12	63
2800	27	11	15	12	13	11	14	10	13	16	13	16	15	14	14	13	63
2850	27	11	15	12	11	11	14	10	13	16	13	16	16	14	15	14	61
2900	27	12	16	12	11	11	15	11	14	16	13	16	16	14	15	14	61
2950	27	12	17	12	11	11	17	10	14	16	13	16	16	14	15	15	61
3000	27	12	17	12	11	11	15	10	15	16	13	16	17	14	15	15	63
3050	27	12	17	12	12	11	15	10	14	15	13	16	17	14	15	14	61
3100	27	12	16	12	14	11	15	10	14	15	13	16	17	14	15	14	61
3150	27	13	16	13	16	11	15	11	14	15	14	16	17	14	15	15	65
3200	27	13	16	13	16	11	15	12	14	16	15	16	17	14	15	15	66
3250	28	13	15	13	16	11	15	11	15	16	15	16	17	14	15	16	68
3300	29	13	15	13	16	11	15	11	14	16	16	16	16	14	15	15	66
3350	29	14	15	13	16	11	15	11	14	16	17	16	16	14	16	17	69
3400	28	14	15	13	16	11	15	10	15	16	17	16	16	15	16	17	72
3450	28	14	15	13	16	11	13	11	15	16	17	17	16	15	16	17	72
3500	27	14	15	14	16	11	13	11	15	16	17	18	16	15	16	17	73
3550	27	14	15	14	16	12	13	11	15	16	17	18	17	15	16	18	73
3600	27	16	14	15	16	12	13	11	16	16	17	18	17	15	16	18	74
3650	27	16	14	15	16	12	15	11	16	17	17	18	17	16	16	16	72
3700	30	16	14	15	16	12	16	12	17	17	17	17	17	16	16	16	72
3750	30	17	14	16	16	13	16	12	17	17	17	17	18	17	17	17	75
3800	31	17	14	16	16	14	16	13	16	17	17	18	19	17	17	17	78
3850	31	17	14	16	16	14	16	13	16	17	17	18	19	18	17	17	78
3900	32	17	14	16	16	14	16	13	16	17	17	18	19	18	17	18	79
3950	32	17	14	16	16	14	16	14	17	17	17	18	19	18	17	18	80
4000	32	17	14	16	16	14	16	15	17	17	17	18	19	17	16	18	80
4050	32	17	15	16	16	14	16	15	17	17	17	18	19	18	16	18	82
4100	32	18	15	16	16	14	16	15	17	17	16	18	19	19	17	18	82
4150	31	18	15	16	17	14	16	15	17	18	16	17	19	19	19	18	82
4200	31	18	15	17	17	14	17	15	17	18	17	17	19	19	19	18	83
4250	32	18	15	17	17	14	17	15	17	18	17	17	19	18	19	18	83
4300	33	18	15	17	18	14	17	15	17	18	18	17	19	18	19	18	84
4350	34	18	15	17	18	14	18	16	17	18	18	17	20	17	20	18	87
4400	34	18	15	17	18	14	19	17	17	18	18	18	20	17	20	18	85
4450	35	19	16	17	18	13	19	17	17	18	18	18	20	16	20	18	86
4500	36	19	16	17	18	13	19	17	17	18	19	18	19	16	21	18	87
4550	35	19	16	17	18	13	18	17	17	18	19	18	19	17	21	19	88
4600	36	19	16	17	19	14	18	17	18	18	19	18	19	17	21	19	90
4650	37	20	15	17	19	14	19	17	18	18	19	18	19	17	21	20	92
4700	40	20	16	17	19	14	19	17	18	18	20	18	19	17	21	20	93
4750	40	19	16	17	19	14	19	17	18	18	21	18	19	16	21	20	90
4800	40	20	16	18	19	14	19	18	18	20	21	19	20	16	22	21	92
4850	39	20	16	19	19	14	19	18	19	21	21	19	20	16	22	21	92
4900	39	20	16	19	19	14	19	18	19	21	21	19	20	16	22	21	92
4950	38	20	16	20	19	14	19	18	19	22	21	19	20	16	22	21	93
5000	37	20	17	20	19	15	19	19	19	22	21	19	20	16	22	21	95
5050	38	21	17	20	19	15	19	19	20	22	21	19	20	16	22	21	98
5100	39	21	17	20	19	16	19	19	20	22	19	19	20	16	22	22	99
5150	39	21	17	20	19	16	19	18	20	23	19	19	20	16	21	22	98
5200	39	21	16	20	19	16	19	18	20	23	19	19	20	16	22	22	97
5250	39	21	18	20	19	16	20	18	20	23	19	19	20	16	22	22	101
5300	39	21	18	20	19	17	20	19	20	23	20	19	20	16	22	22	101
5350	41	21	18	21	19	17	20	19	20	23	20	19	20	16	22	23	102
5400	41	21	18	21	19	17	20	20	22	23	20	19	21	17	22	23	101
5450	40	21	18	21	19	17	20	20	22	23	21	19	21	17	22	24	102
5500	40	21	18	21	19	17	21	20	22	22	21	19	21	17	22	24	101
5550	40	21	18	20	19	17	21	20	22	22	20	19	20	18	22	24	100
5600	39	21	18	21	19	16	22	20	22	22	20	19	21	18	22	24	100
5650	40	21	18	21	19	16	22	20	22	22	20	19	21	18	22	24	101
5700	40	20	18	21	19	16	23	20	22	22	20	19	21	19	22	24	101
5750	39	20	18	21	19	16	23	20	22	22	20	20	21	19	23	24	102
5800	39	21	18	21	19	17	23	20	21	22	20	20	21	19	23	25	103
5850	39	21	18	21	19	17	23	20	22	22	20	20	21	19	23	25	101
5900	39	21	18	21	19	17	23	20	22	22	21	20	21	19	23	26	102
5950	41	21	18	21	19	17	23	21	23	22	21	20	20	19	23	26	106
6000	42	21	18	21	19	17	23	21	23	22	21	20	20	20	23	26	108
6050	42	21	18	21	19	17	23	21	22	22	21	20	20	20	23	26	107
6100	41	21	18	21	19	17	23	22	22	22	21	20	20	20	23	26	108
6150	42	21	18	21	19	17	23	22	22	22	21	20	20	21	23	26	108
6200	42	21	18	20	19	17	23	22	22	22	20	20	20	21	23	26	107
6250	42	21	18	20	19	17	23	21	22	22	20	20	20	21	23	26	107
6300	42	22	18	20	19	17	23	21	22	22	21	21	20	21	23	26	108
6350	42	22	19	20	19	17	23	21	22	22	21	21	20	21	23	26	109
6400	41	22	19	20	19	17	22	21	22	22	21	21	20	21	23	26	110
6450	41	22	19	20	19	17	22	21	22	22	22	21	20	21	23	26	109
6500	41	22	19	20	19	17	22	21	22	22	21	21	20	21	23	26	109
6550	41	22	19	20	19	17	23	22	22	22	21	21	20	21	23	26	110
6600	41	22	19	20	19	17	23	23	22	22	21	21	20	21	23	26	110
6650	41	22	19	20	19	17	23	23	22	22	21	21	21	21	24	27	112
6700	41	22	19	20	19	17	23	23	22	21	21	21	21	21	24	27	111
6750	41	22	18	20	19	17	23	23	22	20	21	21	21	21	24	27	109
6800	43	22	18	21	19	17	23	23	22	20	21	21	21	21	24	27	109
6850	43	22	18	21	19	17	23	23	22	20	22	21	21	21	24	27	108
6900	43	22	18	21	19	18	23	23	22	20	23	21	21	21	24	27	110
6950	43	22	18	21	19	18	22	23	22	19	23	21	21	21	25	27	109
7000	43	22	18	21	19	18	22	23	22	19	23	21	21	21	25	27	109
7050	43	22	18	21	19	18	22	23	22	19	23	21	21	21	25	27	109
7100	43	22	18	21	19	18	20	23	22	19	23	21	21	21	25	27	107
7150	43	22	18	21	19	18	20	23	22	19	23	21	21	21	25	27	107
7200	41	22	18	21	19	18	21	22	22	19	23	21	21	21	25	27	107
7250	41	22	18	21	19	19	21	22	22	19	23	21	21	21	25	27	108
7300	41	22	18	21	19	19	21	22	22	19	23	21	21	21	25	27	108
7350	41	22	18	21	19	19	21	22	23	19	22	21	21	21	25	27	107
7400	42	22	18	21	19	19	21	20	24	19	22	21	21	22	25	27	108
7450	42	21	18	21	19	19	21	20	24	19	22	21	21	22	25	27	108
7500	43	21	18	21	19	19	21	20	23	19	22	22	21	22	25	27	107
7550	43	22	18	21	19	19	21	21	23	19	22	22	21	22	25	27	107
7600	43	22	19	21	19	19	21	21	22	19	22	22	21	22	25	27	107
7650	43	22	19	21	19	19	21	21	22	19	23	22	21	22	25	27	107
7700	43	22	19	21	19	19	21	21	21	19	23	22	22	22	25	28	107
7750	44	22	19	21	19	19	21	21	21	19	23	22	22	22	25	28	108
7800	45	22	19	21	19	19	21	21	21	19	23	22	22	22	26	28	109
7850	45	22	19	21	19	19	20	21	21	19	23	22	22	22	26	28	109
7900	43	22	20	21	19	19	20	21	21	19	23	22	22	22	26	28	108
7950	43	22	20	21	19	19	20	21	21	19	24	21	21	22	27	28	107
8000	42	22	20	21	19	19	20	22	21	19	24	21	21	22	27	28	109
8050	43	22	20	21	19	19	20	22	21	19	24	21	21	22	27	28	109
8100	44	22	20	21	19	19	20	22	21	19	24	22	21	22	27	28	110
8150	44	22	20	21	19	19	20	22	21	19	24	21	21	22	27	27	106
8200	44	22	19	21	19	19	20	22	21	19	24	21	21	21	27	27	106
8250	44	22	19	21	19	19	20	22	21	19	24	21	21	21	27	27	106
8300	44	22	19	21	19	19	20	22	21	20	24	21	21	21	27	27	107
8350	44	22	19	21	19	19	20	22	21	20	24	21	21	21	27	27	107
8400	43	22	19	21	19	19	20	22	21	20	24	21	21	21	27	27	107
8450	46	22	19	21	19	19	20	22	21	20	24	21	21	21	28	27	108
8500	47	22	19	21	19	19	20	22	21	20	24	21	21	21	28	27	109
8550	47	22	20	21	19	19	19	22	21	20	24	21	21	21	28	27	108
8600	47	22	20	21	19	19	19	22	21	20	24	21	21	21	28	27	107
8650	48	22	20	21	19	19	19	22	21	20	24	21	21	21	28	27	108
8700	47	22	20	21	19	19	19	22	21	20	24	21	21	21	28	27	107
8750	47	22	20	21	18	19	19	22	21	21	24	21	21	21	28	27	108
8800	47	22	20	21	18	19	19	22	21	20	24	21	21	21	28	27	107
8850	47	22	20	21	18	19	19	22	21	20	24	21	21	21	28	27	107
8900	47	22	20	21	18	19	19	22	21	20	24	21	21	21	28	27	107
8950	47	22	21	21	18	19	19	22	21	20	24	21	21	21	29	27	107
9000	45	22	21	21	18	19	19	23	21	20	25	21	21	21	29	27	107
9050	45	22	21	21	18	19	19	22	21	20	25	21	21	21	29	27	107
9100	44	22	21	21	18	19	19	22	21	20	25	21	21	21	29	27	107
9150	44	22	21	21	18	19	19	22	21	20	25	21	21	21	29	27	107
9200	45	22	21	21	18	19	19	22	20	19	25	21	21	22	29	27	107
9250	45	22	21	21	18	19	19	22	20	19	25	21	21	22	29	27	106
9300	45	22	21	21	18	19	20	22	21	19	25	21	21	22	29	27	107
9350	44	22	21	21	18	19	20	22	21	19	25	21	21	22	30	27	108
9400	44	22	21	21	18	19	20	22	21	19	25	21	21	22	30	27	108
9450	45	22	21	22	19	19	20	22	21	19	25	21	21	22	30	27	111
9500	44	22	21	22	19	19	20	22	21	19	25	21	21	22	30	27	110
9550	45	22	21	22	19	19	20	22	21	19	25	21	21	22	30	27	111
9600	44	22	21	22	19	19	20	22	21	19	25	21	21	22	30	27	110
9650	45	22	21	22	19	19	20	22	21	19	24	21	21	22	30	27	110
9700	45	22	21	22	19	19	20	22	21	19	23	21	21	22	29	27	110
9750	45	22	21	22	19	19	20	22	20	19	22	21	21	22	29	27	110
9800	45	22	21	22	19	19	20	22	20	19	22	21	21	22	29	27	110
9850	45	22	21	22	19	19	20	22	20	19	22	21	21	22	29	27	110
9900	44	22	21	22	19	19	20	22	21	19	22	21	21	23	29	27	112
9950	44	22	21	22	19	19	19	22	21	19	22	21	21	23	29	27	112
10000	44	23	21	22	20	19	19	22	21	19	22	21	21	23	29	27	112
10050	45	23	21	22	21	19	19	22	21	19	22	21	21	23	29	28	111
10100	46	24	21	22	21	19	19	22	21	19	22	21	21	24	29	28	113
10150	45	24	21	23	21	19	19	22	21	19	23	21	21	24	29	28	114
10200	45	24	21	24	20	19	19	22	21	19	23	22	22	24	29	28	114
10250	45	24	21	24	20	20	19	22	21	20	23	22	23	24	29	29	114
10300	45	24	21	24	20	20	20	22	21	20	23	22	24	24	29	29	114
10350	45	25	21	24	20	20	21	22	21	20	23	22	24	24	29	29	115
10400	45	25	21	24	20	20	21	23	22	21	23	22	24	24	30	29	115
10450	45	25	21	24	20	20	22	23	22	21	23	22	24	24	30	29	116
10500	45	25	21	24	20	20	23	23	22	22	23	22	23	24	32	29	116
10550	45	25	21	24	20	20	23	23	22	22	23	22	23	25	32	29	116
10600	45	25	21	24	20	20	23	23	22	22	23	22	24	25	32	29	116
10650	45	26	21	24	20	22	23	23	23	22	23	22	24	25	33	29	119
10700	45	27	21	25	20	22	23	23	23	23	23	22	24	25	33	29	120
10750	47	27	21	25	20	22	24	23	23	23	23	22	24	25	33	29	120
10800	48	28	21	25	20	24	24	23	23	23	23	22	24	25	33	29	121
10850	49	29	21	25	21	24	24	24	24	23	23	22	24	26	33	29	123
10900	48	30	21	25	21	25	25	25	25	23	23	22	24	27	33	29	125
10950	48	31	21	26	21	25	25	25	25	24	23	23	24	27	34	29	127
11000	49	31	21	27	21	25	26	25	25	25	22	23	24	27	34	30	129
11050	51	31	21	28	21	25	26	25	26	25	22	23	25	28	34	30	132
11100	52	31	21	28	22	25	26	26	26	25	22	24	25	28	34	30	131
11150	52	31	21	28	22	25	26	26	27	25	22	24	25	28	35	30	133
11200	52	31	21	28	22	25	26	26	27	25	23	24	26	28	37	31	134
11250	52	31	21	28	22	26	26	26	27	25	23	24	26	28	37	31	133
11300	52	32	21	29	22	26	27	27	27	25	24	24	26	28	37	31	136
11350	52	32	21	30	23	26	27	27	27	25	24	25	27	28	37	30	136
11400	52	32	21	31	23	26	27	28	27	25	24	25	27	28	37	31	136
11450	52	31	21	31	23	26	27	28	27	25	24	25	27	29	38	31	136
11500	52	31	21	32	23	26	27	28	28	25	24	25	27	29	39	31	139
11550	52	31	21	31	23	26	27	28	28	25	24	26	28	29	39	31	138
11600	52	31	21	31	23	26	27	29	29	25	24	26	29	29	39	31	139
11650	52	31	22	31	24	26	27	29	29	25	24	27	30	29	39	31	140
11700	52	31	22	31	24	26	27	29	29	25	24	27	30	29	39	31	139
11750	52	31	22	31	24	26	27	29	29	25	24	27	30	29	39	32	139
11800	52	31	22	31	24	26	28	28	29	25	24	28	30	30	38	32	140
11850	54	31	22	32	23	26	28	29	29	25	22	28	30	30	38	32	142
11900	54	30	22	33	24	26	28	29	30	25	22	28	30	30	38	32	142
11950	54	28	22	33	24	26	28	29	30	25	22	28	30	31	38	32	143
12000	55	27	22	33	25	26	29	30	30	25	23	28	31	31	38	33	146
12050	55	28	22	33	25	26	29	30	30	25	23	29	31	31	37	33	147
12100	55	28	22	33	25	26	29	30	29	25	23	29	31	31	38	33	147
12150	55	28	22	33	26	26	30	31	30	28	22	29	31	31	38	35	147
12200	55	29	22	33	26	27	30	31	30	27	22	30	31	31	39	35	147
12250	55	29	22	33	26	28	30	32	30	28	22	30	31	31	39	35	148
12300	54	32	22	34	27	28	30	33	31	28	22	30	31	31	40	35	149
12350	54	32	22	34	27	30	31	33	31	28	22	32	31	31	41	35	153
12400	54	31	22	33	27	30	31	33	31	28	23	32	30	31	41	35	152
12450	54	31	22	33	27	30	32	34	31	28	24	32	30	31	41	36	152
12500	54	31	22	33	27	31	32	35	31	28	24	32	30	31	41	36	154
12550	55	32	22	33	26	31	32	35	31	29	24	32	31	32	41	36	152
12600	53	32	22	33	26	31	32	36	32	29	24	33	31	32	41	36	152
12650	53	33	22	33	26	31	32	36	32	30	25	33	31	32	39	37	155
12700	52	34	22	33	26	31	32	36	32	30	25	33	31	33	39	37	156
12750	52	34	22	33	26	31	32	36	32	30	26	33	30	33	39	37	155
12800	52	34	22	33	26	30	32	36	32	30	26	33	30	33	40	38	156
12850	52	34	22	32	26	29	32	36	32	30	26	33	31	33	40	38	155
12900	51	32	22	32	26	29	32	36	32	30	26	33	31	33	40	38	154
12950	51	32	22	32	26	30	32	36	32	30	26	33	31	33	40	38	153
13000	49	32	22	32	26	30	32	36	32	31	26	33	31	33	39	38	154
13050	49	32	22	32	26	30	32	36	32	31	26	33	31	33	39	38	153
13100	49	32	22	32	26	30	32	36	32	31	26	33	31	33	39	38	154
13150	49	32	22	32	26	31	32	36	32	31	26	33	31	33	39	39	155
13200	50	31	22	33	25	31	32	36	32	31	26	33	31	33	38	39	155
13250	49	31	22	33	25	30	32	36	32	31	26	33	31	33	39	39	156
13300	49	32	22	33	25	29	32	36	32	31	26	33	31	33	39	39	156
13350	49	32	22	33	25	29	32	36	32	31	26	33	31	33	39	39	157
13400	49	32	22	33	25	29	32	36	32	32	26	33	31	33	40	39	159
13450	51	32	22	33	25	29	32	36	32	32	26	33	30	33	41	39	160
13500	53	32	22	33	26	29	32	36	32	32	26	31	30	33	42	40	162
13550	53	32	22	33	26	29	32	36	32	32	27	32	30	33	42	41	162
13600	53	32	22	33	26	29	33	37	32	32	27	33	30	33	43	41	162
13650	53	32	22	32	26	29	33	37	32	32	27	33	30	33	43	41	161
13700	53	32	22	32	26	29	33	37	32	32	27	32	30	33	43	41	160
13750	53	32	22	32	27	29	33	37	32	32	26	32	31	35	43	41	162
13800	54	33	22	32	27	30	33	37	32	32	27	31	31	34	43	41	162
13850	54	33	22	32	27	30	33	36	32	32	27	31	31	34	43	41	163
13900	51	33	22	32	27	30	33	36	32	31	27	31	31	34	43	41	163
13950	53	33	22	30	27	30	33	36	33	31	27	31	31	34	43	40	163
14000	53	34	22	30	26	31	33	36	33	31	27	31	31	34	43	39	165
14050	53	33	22	30	26	31	33	36	33	31	27	31	31	34	43	40	165
14100	53	33	22	30	26	31	33	36	33	31	27	31	31	34	42	40	164
14150	53	34	22	30	26	31	33	36	33	31	28	32	31	34	42	40	165
14200	53	33	22	30	26	31	33	37	34	30	29	32	31	34	43	40	166
14250	52	31	22	30	26	32	33	37	34	30	29	32	31	34	43	40	167
14300	52	30	22	30	26	32	33	37	34	31	29	32	31	34	44	40	166
14350	51	30	22	30	26	32	33	37	34	31	29	33	31	34	44	40	166
14400	52	30	22	31	26	32	33	37	34	31	30	33	31	34	45	41	167
14450	53	31	22	31	26	33	33	37	34	31	30	33	31	34	45	41	168
14500	53	31	22	31	26	33	33	37	34	30	30	33	31	34	45	41	167
14550	49	31	22	31	26	33	33	37	34	30	31	33	31	34	45	41	166
14600	49	30	22	32	26	33	33	37	34	30	31	33	31	34	45	40	167
14650	50	30	22	32	26	33	33	37	34	30	31	33	31	34	45	40	168
14700	49	30	22	31	26	33	33	37	34	30	30	33	31	34	45	40	168
14750	50	30	22	30	26	33	33	37	34	30	30	33	32	34	45	40	169
14800	50	30	22	30	26	33	32	37	34	30	31	33	32	34	45	40	169
14850	50	30	22	31	26	33	32	35	34	30	32	33	32	34	45	40	168
14900	49	31	22	31	27	33	32	35	34	30	32	33	32	34	45	40	167
14950	49	31	22	31	27	33	32	34	34	30	32	33	32	33	45	40	165
15000	49	30	22	31	27	33	32	34	34	30	32	32	32	33	45	40	166
15050	47	32	22	31	26	33	32	33	34	30	32	33	32	33	45	40	167
15100	48	32	22	32	26	33	32	33	34	30	32	34	32	33	45	41	169
15150	48	32	22	32	26	33	32	32	34	30	32	33	32	33	45	41	169
15200	49	32	22	32	26	33	32	32	34	30	32	35	32	33	46	41	172
15250	49	32	22	31	26	33	32	32	34	30	32	35	32	33	46	41	170
15300	49	32	22	30	26	33	32	32	34	30	32	35	32	33	46	41	171
15350	49	32	22	30	26	33	32	32	34	30	32	34	32	33	46	41	172
15400	49	32	22	30	26	33	32	32	34	30	31	34	32	33	46	41	173
15450	50	32	22	31	26	33	32	32	34	30	31	34	32	33	46	40	175
15500	50	33	22	31	26	33	32	32	34	30	31	33	32	33	46	40	176
15550	49	33	22	31	26	34	32	32	33	30	31	33	32	33	46	39	177
15600	48	33	22	31	26	34	32	32	33	30	31	33	32	33	46	39	176
15650	48	33	22	30	26	34	32	32	33	30	30	33	32	33	46	39	176
15700	49	33	22	30	26	33	32	32	33	30	30	33	32	33	46	39	175
15750	47	33	22	30	26	33	32	32	33	30	30	32	31	33	46	39	176
15800	46	33	22	30	26	32	32	32	33	30	29	33	30	33	46	39	174
15850	46	33	22	30	27	32	32	32	33	30	28	33	30	33	46	39	174
15900	46	33	22	31	27	32	32	32	33	30	28	34	30	33	46	39	175
15950	44	33	22	32	26	32	32	32	33	30	29	34	30	33	47	39	176
16000	45	33	22	32	26	32	32	32	33	30	29	34	30	33	47	39	176
16050	45	33	22	33	26	32	32	32	34	30	29	34	30	33	47	39	178
16100	45	33	22	33	26	32	32	32	34	30	29	34	30	33	47	39	178
16150	46	32	22	34	26	32	32	32	34	30	29	35	30	34	46	39	179
16200	46	32	22	34	25	32	32	32	35	30	29	36	30	34	47	39	179
16250	46	32	21	34	25	32	32	32	35	30	29	36	30	34	47	40	180
16300	46	32	21	34	25	32	32	33	35	30	28	36	31	34	47	40	180
16350	47	32	20	34	25	32	32	33	35	30	28	36	31	34	47	40	181
16400	48	32	19	34	25	31	32	33	35	30	28	36	31	34	47	40	181
16450	49	32	19	34	25	31	32	33	35	30	27	36	31	34	47	40	180
16500	48	32	19	34	25	32	32	33	35	30	27	37	32	34	47	40	181
16550	47	31	19	34	25	32	31	33	35	30	26	37	32	34	47	40	179
16600	47	31	19	35	25	32	31	33	35	30	26	37	32	34	47	40	180
16650	45	31	19	36	25	31	31	33	35	30	26	36	32	34	47	40	181
16700	45	31	20	36	26	31	31	33	34	29	26	36	32	33	47	40	182
16750	44	31	20	36	26	31	31	33	34	29	26	36	32	33	47	40	182
16800	43	31	20	36	26	32	31	33	34	29	26	36	32	33	47	40	182
16850	43	31	20	35	26	32	31	33	34	28	26	36	32	33	47	40	182
16900	43	31	20	35	26	32	31	33	34	28	26	36	32	33	47	40	181
16950	42	31	20	35	26	32	31	33	34	28	25	36	32	33	47	40	181
17000	42	31	20	35	26	32	31	33	34	28	25	36	32	33	47	40	182
17050	42	31	21	35	26	32	31	33	34	28	25	37	32	32	47	40	183
17100	40	31	21	35	26	32	31	33	34	28	25	36	32	32	47	40	182
17150	39	31	21	35	26	32	31	33	34	28	25	35	32	32	48	40	182
17200	39	31	21	35	26	32	31	33	34	28	25	35	32	32	48	40	184
17250	39	31	21	35	26	32	31	32	34	28	25	35	31	32	48	40	183
17300	39	30	21	35	26	32	31	32	33	28	26	35	31	32	49	40	182
17350	39	30	21	35	26	33	31	32	33	28	26	35	31	32	49	40	183
17400	38	30	21	35	26	33	31	32	33	28	26	35	31	32	49	40	182
17450	38	30	21	35	26	33	31	32	33	28	26	35	31	32	49	40	182
17500	39	30	21	35	26	33	31	32	33	28	26	36	31	32	49	40	183
17550	39	30	21	35	26	33	31	32	33	28	26	36	31	32	48	40	182
17600	39	30	22	34	24	34	31	32	33	29	26	37	31	32	48	40	183
17650	39	30	22	34	24	34	31	32	33	29	26	37	31	32	48	40	184
17700	41	30	22	34	24	34	31	32	33	29	27	37	31	32	48	40	186
17750	41	30	23	34	24	34	31	32	33	29	27	37	31	32	48	40	186
17800	41	30	23	34	24	34	31	32	33	30	27	37	31	32	48	40	186
17850	40	30	24	34	24	34	31	33	33	30	27	37	31	32	48	40	189
17900	39	30	24	35	24	34	31	33	33	30	26	37	31	32	48	40	189
17950	38	30	24	35	24	33	31	33	33	30	26	37	31	32	48	40	190
18000	37	29	24	35	24	33	31	33	33	30	26	36	31	32	48	40	191
18050	37	29	24	35	24	33	31	33	33	30	26	36	31	32	48	40	191
18100	36	29	24	35	24	33	31	33	33	30	26	37	31	32	47	40	192
18150	36	29	22	35	24	33	31	33	33	30	26	37	30	32	47	40	190
18200	37	29	22	35	24	33	31	33	33	30	26	37	30	32	47	40	191
18250	37	29	22	35	24	33	31	32	34	30	26	37	30	31	47	40	191
18300	36	29	22	35	24	33	31	32	34	30	26	37	30	31	47	41	191
18350	35	29	22	36	24	33	31	32	34	30	26	37	31	31	47	41	191
18400	35	29	23	36	24	33	31	32	34	30	26	37	31	31	47	41	192
18450	36	29	23	35	24	33	31	32	34	31	26	37	31	32	47	41	193
18500	36	29	23	35	24	32	31	32	34	31	26	37	31	32	47	41	193
18550	35	30	23	35	24	32	31	32	34	31	26	37	31	32	47	41	195
18600	36	30	23	35	24	32	31	32	34	31	26	37	31	32	47	41	196
18650	35	30	23	37	24	32	31	32	34	31	26	37	31	32	47	41	195
18700	38	30	23	37	24	32	31	32	34	31	27	38	31	32	47	41	198
18750	38	30	23	37	24	32	31	32	34	31	27	38	31	32	47	40	197
18800	37	30	23	37	24	32	31	32	34	31	27	38	31	32	47	40	195
18850	37	30	23	37	24	32	31	33	34	31	27	38	31	32	47	40	195
18900	37	29	23	37	24	32	31	32	34	31	27	38	31	32	47	40	194
18950	37	29	24	37	25	32	31	32	34	31	27	37	31	32	47	40	194
19000	37	29	24	37	25	32	31	32	34	31	27	37	31	32	47	41	194
19050	37	29	24	37	25	32	31	32	34	31	27	37	31	32	47	41	195
19100	36	29	24	37	25	33	31	32	34	31	28	37	31	32	47	41	196
19150	37	30	24	37	25	33	31	32	34	31	28	37	31	32	47	40	197
19200	38	30	23	37	25	33	31	32	34	31	28	37	31	32	48	40	198
19250	37	30	23	37	25	33	31	32	33	31	28	38	31	32	48	40	197
19300	36	30	23	37	25	33	31	32	33	31	28	38	31	32	48	40	197
19350	37	30	23	37	25	33	31	32	34	31	28	38	31	32	48	40	197
19400	39	30	23	37	25	33	31	32	33	31	28	38	31	32	48	40	199
19450	39	30	23	38	25	33	31	32	34	31	29	38	31	32	48	39	200
19500	38	30	23	38	25	33	31	32	34	31	29	38	31	32	48	39	198
19550	39	30	23	37	25	33	31	32	34	31	29	38	31	32	48	39	199
19600	39	30	23	37	24	33	31	33	34	31	28	38	31	32	48	39	200
19650	38	30	23	38	24	33	31	33	34	31	28	38	31	32	47	39	200
19700	39	30	23	38	24	33	31	33	34	31	28	37	31	32	47	39	199
19750	40	30	23	38	25	33	31	33	34	30	27	37	31	32	47	39	198
19800	41	29	24	38	25	33	31	33	34	30	27	37	31	32	47	39	199
19850	39	29	24	38	25	33	31	33	34	30	27	37	31	32	47	39	200
19900	40	29	24	38	25	33	31	33	34	30	28	37	31	32	47	39	201
19950	38	29	24	38	25	33	31	33	36	30	28	38	31	32	47	39	201
20000	38	29	24	38	25	33	31	33	36	29	28	38	31	32	46	39	199
