0	0.0	0.0	0.0	0.0	0.0	0.0	0.0	0.0	0.0	0.0	0.0	0.0	0.0	0.0	0.0	0.0
50	0.0	0.0	0.0	0.0	0.0	0.0	0.0	0.0	0.0	0.0	0.0	0.0	0.0	0.0	0.0	0.0
100	0.0	0.0	0.0	0.0	0.0	0.0	0.0769230769231	0.166666666667	0.0769230769231	0.0625	0.0	0.0909090909091	0.0	0.0	0.125	0.0833333333333
150	0.0454545454545	0.0833333333333	0.0	0.0	0.0	0.105263157895	0.0625	0.1875	0.0625	0.1	0.1	0.133333333333	0.1	0.05	0.0714285714286	0.105263157895
200	0.115384615385	0.0689655172414	0.0416666666667	0.125	0.0909090909091	0.0833333333333	0.185185185185	0.230769230769	0.173913043478	0.185185185185	0.111111111111	0.136363636364	0.12	0.037037037037	0.0952380952381	0.115384615385
250	0.133333333333	0.117647058824	0.125	0.178571428571	0.142857142857	0.114285714286	0.171428571429	0.1875	0.241379310345	0.264705882353	0.125	0.125	0.142857142857	0.157894736842	0.148148148148	0.176470588235
300	0.176470588235	0.105263157895	0.190476190476	0.242424242424	0.171428571429	0.15	0.170731707317	0.170731707317	0.25	0.305555555556	0.171428571429	0.214285714286	0.1875	0.22	0.222222222222	0.170731707317
350	0.19512195122	0.133333333333	0.24	0.275	0.260869565217	0.18	0.212765957447	0.186046511628	0.279069767442	0.333333333333	0.210526315789	0.25	0.184210526316	0.26	0.238095238095	0.212765957447
400	0.26	0.122448979592	0.3	0.297872340426	0.36	0.24	0.22	0.204081632653	0.311111111111	0.36170212766	0.222222222222	0.263157894737	0.186046511628	0.28	0.291666666667	0.28
450	0.34	0.24	0.34	0.38	0.4	0.28	0.22	0.24	0.34	0.42	0.22	0.288888888889	0.26	0.34	0.34	0.36
500	0.42	0.24	0.42	0.5	0.48	0.32	0.26	0.3	0.42	0.46	0.28	0.32	0.38	0.42	0.38	0.4
550	0.48	0.36	0.52	0.6	0.5	0.38	0.26	0.3	0.5	0.56	0.32	0.36	0.44	0.46	0.4	0.42
600	0.54	0.44	0.56	0.62	0.5	0.4	0.26	0.32	0.46	0.56	0.36	0.42	0.52	0.42	0.44	0.44
650	0.68	0.5	0.62	0.68	0.52	0.38	0.24	0.34	0.52	0.6	0.42	0.42	0.58	0.44	0.5	0.48
700	0.66	0.58	0.68	0.74	0.6	0.4	0.22	0.44	0.56	0.58	0.48	0.44	0.6	0.46	0.5	0.54
750	0.68	0.62	0.72	0.76	0.62	0.46	0.28	0.44	0.58	0.62	0.52	0.44	0.7	0.52	0.5	0.54
800	0.72	0.58	0.68	0.74	0.66	0.5	0.34	0.5	0.6	0.6	0.52	0.46	0.68	0.56	0.56	0.6
850	0.78	0.62	0.7	0.74	0.64	0.52	0.38	0.54	0.62	0.62	0.56	0.52	0.74	0.56	0.54	0.62
900	0.74	0.68	0.7	0.78	0.66	0.5	0.42	0.46	0.6	0.64	0.6	0.54	0.7	0.6	0.56	0.6
950	0.72	0.66	0.72	0.78	0.68	0.52	0.44	0.56	0.64	0.58	0.64	0.52	0.68	0.54	0.56	0.58
1000	0.68	0.64	0.68	0.78	0.68	0.58	0.46	0.62	0.66	0.6	0.72	0.54	0.7	0.6	0.6	0.64
1050	0.72	0.64	0.68	0.78	0.66	0.62	0.48	0.64	0.62	0.6	0.68	0.56	0.7	0.62	0.66	0.6
1100	0.72	0.66	0.68	0.78	0.7	0.64	0.52	0.68	0.62	0.64	0.7	0.6	0.74	0.64	0.66	0.58
1150	0.76	0.66	0.68	0.78	0.76	0.66	0.54	0.66	0.58	0.62	0.66	0.6	0.78	0.6	0.62	0.6
1200	0.68	0.66	0.7	0.78	0.76	0.68	0.62	0.7	0.58	0.62	0.66	0.66	0.8	0.58	0.6	0.54
1250	0.74	0.66	0.7	0.8	0.78	0.72	0.58	0.68	0.6	0.66	0.64	0.66	0.8	0.5	0.62	0.54
1300	0.78	0.68	0.68	0.78	0.78	0.7	0.54	0.68	0.54	0.62	0.66	0.64	0.78	0.54	0.58	0.56
1350	0.76	0.64	0.66	0.78	0.76	0.74	0.6	0.7	0.52	0.62	0.64	0.66	0.76	0.5	0.58	0.48
1400	0.76	0.64	0.68	0.76	0.76	0.8	0.62	0.66	0.62	0.62	0.62	0.64	0.78	0.5	0.56	0.5
1450	0.74	0.66	0.66	0.7	0.76	0.8	0.68	0.66	0.64	0.6	0.68	0.66	0.76	0.46	0.54	0.48
1500	0.7	0.66	0.68	0.68	0.76	0.78	0.76	0.66	0.64	0.62	0.7	0.68	0.72	0.46	0.54	0.44
1550	0.72	0.64	0.72	0.72	0.8	0.8	0.76	0.7	0.7	0.62	0.72	0.66	0.74	0.44	0.54	0.44
1600	0.74	0.72	0.72	0.76	0.78	0.78	0.8	0.7	0.66	0.62	0.68	0.64	0.7	0.5	0.54	0.5
1650	0.76	0.68	0.68	0.74	0.76	0.8	0.78	0.72	0.72	0.64	0.7	0.64	0.66	0.46	0.58	0.5
1700	0.74	0.66	0.68	0.78	0.78	0.8	0.74	0.74	0.64	0.62	0.7	0.64	0.64	0.48	0.56	0.5
1750	0.74	0.66	0.7	0.78	0.82	0.82	0.74	0.76	0.66	0.62	0.72	0.66	0.68	0.48	0.6	0.52
1800	0.78	0.58	0.72	0.76	0.8	0.8	0.7	0.7	0.68	0.6	0.7	0.72	0.7	0.5	0.66	0.56
1850	0.84	0.62	0.68	0.8	0.8	0.84	0.72	0.7	0.68	0.58	0.66	0.72	0.72	0.5	0.68	0.6
1900	0.8	0.64	0.7	0.8	0.8	0.86	0.72	0.74	0.66	0.58	0.64	0.72	0.72	0.5	0.7	0.64
1950	0.82	0.62	0.68	0.8	0.78	0.86	0.74	0.68	0.68	0.56	0.68	0.74	0.74	0.48	0.7	0.64
2000	0.8	0.64	0.7	0.76	0.76	0.86	0.7	0.68	0.68	0.54	0.68	0.68	0.68	0.5	0.72	0.66
2050	0.82	0.66	0.68	0.78	0.78	0.84	0.74	0.68	0.74	0.6	0.66	0.72	0.72	0.54	0.74	0.64
2100	0.8	0.6	0.7	0.74	0.8	0.8	0.72	0.68	0.76	0.6	0.68	0.72	0.74	0.54	0.72	0.6
2150	0.8	0.56	0.72	0.72	0.82	0.76	0.76	0.72	0.78	0.64	0.72	0.72	0.72	0.56	0.68	0.6
2200	0.76	0.62	0.7	0.72	0.8	0.76	0.8	0.8	0.8	0.66	0.74	0.72	0.72	0.56	0.64	0.64
2250	0.76	0.64	0.66	0.7	0.8	0.78	0.8	0.8	0.84	0.7	0.76	0.72	0.72	0.56	0.58	0.58
2300	0.78	0.6	0.68	0.7	0.8	0.78	0.78	0.8	0.82	0.76	0.74	0.66	0.7	0.58	0.58	0.56
2350	0.8	0.62	0.68	0.64	0.8	0.8	0.8	0.78	0.82	0.72	0.7	0.64	0.74	0.62	0.6	0.56
2400	0.8	0.62	0.68	0.66	0.82	0.78	0.82	0.76	0.84	0.7	0.62	0.66	0.68	0.6	0.6	0.6
2450	0.82	0.56	0.62	0.64	0.86	0.78	0.86	0.8	0.84	0.72	0.64	0.66	0.7	0.6	0.6	0.62
2500	0.8	0.58	0.62	0.64	0.8	0.78	0.86	0.8	0.86	0.72	0.66	0.66	0.7	0.54	0.54	0.64
2550	0.82	0.6	0.58	0.62	0.82	0.82	0.84	0.8	0.82	0.64	0.64	0.62	0.66	0.6	0.56	0.7
2600	0.76	0.58	0.6	0.66	0.84	0.82	0.84	0.78	0.78	0.58	0.62	0.6	0.66	0.6	0.58	0.68
2650	0.74	0.56	0.6	0.7	0.86	0.8	0.82	0.76	0.78	0.58	0.58	0.58	0.66	0.64	0.6	0.66
2700	0.7	0.5	0.58	0.68	0.78	0.74	0.78	0.8	0.76	0.6	0.62	0.58	0.72	0.64	0.6	0.62
2750	0.68	0.48	0.6	0.66	0.82	0.72	0.76	0.8	0.76	0.58	0.66	0.6	0.72	0.64	0.6	0.58
2800	0.7	0.52	0.58	0.68	0.8	0.68	0.76	0.84	0.78	0.6	0.7	0.64	0.76	0.68	0.62	0.58
2850	0.7	0.56	0.6	0.7	0.74	0.7	0.72	0.8	0.78	0.6	0.68	0.62	0.74	0.72	0.7	0.58
2900	0.8	0.48	0.56	0.72	0.74	0.66	0.7	0.8	0.82	0.6	0.68	0.62	0.82	0.8	0.76	0.6
2950	0.8	0.54	0.58	0.72	0.72	0.66	0.7	0.76	0.82	0.54	0.64	0.62	0.84	0.82	0.76	0.58
3000	0.76	0.54	0.6	0.68	0.72	0.68	0.7	0.76	0.84	0.58	0.68	0.64	0.78	0.8	0.76	0.58
3050	0.76	0.52	0.54	0.66	0.76	0.72	0.72	0.78	0.82	0.64	0.72	0.68	0.74	0.8	0.76	0.56
3100	0.72	0.54	0.56	0.66	0.74	0.7	0.7	0.84	0.78	0.64	0.74	0.66	0.7	0.76	0.74	0.58
3150	0.76	0.54	0.6	0.66	0.72	0.7	0.68	0.84	0.84	0.66	0.78	0.64	0.74	0.76	0.76	0.62
3200	0.76	0.54	0.56	0.66	0.72	0.68	0.7	0.88	0.8	0.72	0.76	0.7	0.72	0.76	0.74	0.64
3250	0.74	0.54	0.6	0.66	0.72	0.7	0.72	0.9	0.78	0.74	0.8	0.7	0.72	0.74	0.68	0.62
3300	0.72	0.52	0.66	0.64	0.76	0.7	0.74	0.92	0.76	0.74	0.84	0.7	0.7	0.74	0.62	0.62
3350	0.72	0.5	0.58	0.62	0.76	0.7	0.72	0.92	0.7	0.76	0.86	0.74	0.74	0.7	0.58	0.58
3400	0.72	0.46	0.6	0.64	0.72	0.68	0.7	0.94	0.7	0.74	0.86	0.76	0.8	0.7	0.6	0.6
3450	0.76	0.48	0.6	0.64	0.76	0.62	0.68	0.94	0.72	0.72	0.86	0.76	0.84	0.7	0.64	0.62
3500	0.74	0.52	0.6	0.66	0.78	0.6	0.66	0.92	0.68	0.74	0.84	0.78	0.82	0.7	0.64	0.68
3550	0.78	0.48	0.56	0.7	0.74	0.6	0.7	0.92	0.7	0.74	0.86	0.76	0.82	0.7	0.62	0.66
3600	0.78	0.46	0.5	0.66	0.78	0.64	0.72	0.9	0.68	0.7	0.84	0.76	0.82	0.68	0.66	0.66
3650	0.76	0.48	0.5	0.7	0.76	0.64	0.72	0.9	0.74	0.72	0.84	0.76	0.8	0.7	0.66	0.7
3700	0.76	0.58	0.52	0.7	0.76	0.64	0.72	0.9	0.72	0.72	0.82	0.74	0.8	0.7	0.68	0.66
3750	0.76	0.54	0.56	0.74	0.78	0.7	0.72	0.88	0.76	0.76	0.76	0.68	0.78	0.7	0.68	0.64
3800	0.72	0.54	0.6	0.74	0.76	0.68	0.76	0.84	0.8	0.76	0.72	0.66	0.72	0.7	0.68	0.6
3850	0.72	0.54	0.64	0.7	0.74	0.68	0.8	0.78	0.8	0.78	0.7	0.64	0.76	0.68	0.68	0.58
3900	0.68	0.56	0.6	0.7	0.68	0.7	0.84	0.76	0.82	0.8	0.7	0.66	0.78	0.7	0.66	0.58
3950	0.68	0.58	0.66	0.66	0.64	0.74	0.86	0.78	0.84	0.78	0.68	0.68	0.76	0.68	0.68	0.54
4000	0.7	0.6	0.66	0.66	0.66	0.72	0.86	0.78	0.84	0.78	0.7	0.62	0.74	0.7	0.68	0.6
4050	0.72	0.6	0.66	0.66	0.66	0.72	0.84	0.78	0.86	0.74	0.68	0.58	0.72	0.74	0.7	0.58
4100	0.76	0.62	0.66	0.66	0.64	0.76	0.82	0.76	0.84	0.74	0.72	0.66	0.72	0.76	0.74	0.64
4150	0.74	0.6	0.66	0.64	0.68	0.72	0.78	0.78	0.84	0.76	0.74	0.7	0.74	0.76	0.76	0.62
4200	0.72	0.62	0.62	0.68	0.74	0.74	0.76	0.78	0.84	0.76	0.76	0.72	0.76	0.78	0.78	0.7
4250	0.76	0.62	0.58	0.72	0.72	0.72	0.72	0.76	0.78	0.76	0.76	0.76	0.76	0.74	0.76	0.72
4300	0.78	0.64	0.6	0.72	0.72	0.72	0.72	0.78	0.82	0.8	0.76	0.72	0.82	0.76	0.78	0.7
4350	0.74	0.64	0.6	0.74	0.72	0.76	0.74	0.78	0.8	0.76	0.78	0.7	0.78	0.74	0.74	0.7
4400	0.68	0.62	0.6	0.72	0.68	0.74	0.76	0.78	0.78	0.78	0.72	0.68	0.7	0.78	0.72	0.7
4450	0.66	0.62	0.56	0.72	0.7	0.74	0.78	0.78	0.78	0.8	0.7	0.74	0.72	0.72	0.66	0.68
4500	0.68	0.6	0.58	0.7	0.66	0.72	0.76	0.8	0.8	0.8	0.76	0.74	0.68	0.74	0.68	0.68
4550	0.7	0.66	0.62	0.7	0.68	0.78	0.78	0.82	0.72	0.72	0.76	0.7	0.72	0.72	0.68	0.72
4600	0.68	0.66	0.68	0.7	0.72	0.78	0.78	0.9	0.66	0.66	0.78	0.66	0.66	0.74	0.68	0.68
4650	0.7	0.62	0.72	0.72	0.78	0.78	0.82	0.86	0.66	0.66	0.76	0.7	0.66	0.72	0.76	0.74
4700	0.68	0.64	0.74	0.76	0.72	0.74	0.78	0.82	0.64	0.66	0.74	0.7	0.64	0.78	0.74	0.76
4750	0.74	0.62	0.76	0.7	0.72	0.74	0.76	0.76	0.68	0.68	0.74	0.74	0.66	0.76	0.74	0.78
4800	0.72	0.6	0.76	0.72	0.72	0.68	0.74	0.8	0.68	0.7	0.78	0.78	0.7	0.74	0.74	0.78
4850	0.72	0.62	0.8	0.72	0.74	0.68	0.72	0.8	0.64	0.7	0.8	0.8	0.68	0.74	0.82	0.82
4900	0.72	0.62	0.74	0.74	0.72	0.66	0.74	0.78	0.7	0.72	0.78	0.74	0.74	0.74	0.8	0.82
4950	0.76	0.6	0.72	0.7	0.64	0.68	0.76	0.7	0.68	0.76	0.72	0.74	0.76	0.7	0.8	0.78
5000	0.74	0.62	0.72	0.68	0.62	0.64	0.72	0.72	0.74	0.76	0.7	0.74	0.76	0.7	0.76	0.78
5050	0.74	0.64	0.68	0.7	0.64	0.66	0.8	0.74	0.8	0.76	0.7	0.76	0.78	0.72	0.76	0.8
5100	0.78	0.66	0.62	0.78	0.66	0.7	0.8	0.8	0.78	0.78	0.68	0.72	0.78	0.72	0.72	0.78
5150	0.78	0.7	0.66	0.74	0.68	0.74	0.8	0.82	0.84	0.8	0.66	0.78	0.8	0.72	0.68	0.78
5200	0.8	0.7	0.64	0.72	0.66	0.74	0.82	0.74	0.8	0.82	0.66	0.76	0.82	0.7	0.72	0.76
5250	0.78	0.7	0.6	0.76	0.68	0.76	0.84	0.72	0.8	0.82	0.64	0.76	0.78	0.7	0.74	0.76
5300	0.78	0.74	0.62	0.68	0.62	0.72	0.82	0.74	0.8	0.82	0.62	0.74	0.76	0.74	0.74	0.74
5350	0.82	0.7	0.6	0.68	0.7	0.78	0.88	0.8	0.88	0.8	0.6	0.76	0.78	0.76	0.76	0.82
5400	0.8	0.7	0.64	0.66	0.7	0.82	0.86	0.82	0.9	0.8	0.6	0.78	0.76	0.76	0.72	0.8
5450	0.82	0.72	0.6	0.64	0.7	0.86	0.86	0.8	0.88	0.76	0.6	0.76	0.8	0.74	0.72	0.8
5500	0.82	0.74	0.62	0.64	0.68	0.86	0.86	0.78	0.88	0.76	0.6	0.78	0.78	0.74	0.76	0.8
5550	0.8	0.76	0.66	0.64	0.72	0.84	0.84	0.78	0.86	0.74	0.64	0.74	0.78	0.74	0.8	0.78
5600	0.86	0.78	0.66	0.66	0.72	0.86	0.84	0.82	0.9	0.74	0.64	0.74	0.78	0.76	0.82	0.78
5650	0.84	0.78	0.72	0.68	0.72	0.86	0.82	0.82	0.9	0.74	0.6	0.74	0.84	0.8	0.8	0.78
5700	0.82	0.84	0.74	0.7	0.7	0.86	0.82	0.8	0.86	0.74	0.6	0.76	0.88	0.78	0.76	0.8
5750	0.84	0.88	0.72	0.72	0.72	0.88	0.8	0.8	0.8	0.72	0.64	0.74	0.88	0.8	0.76	0.76
5800	0.84	0.84	0.68	0.74	0.68	0.88	0.82	0.8	0.82	0.68	0.66	0.72	0.86	0.78	0.78	0.72
5850	0.84	0.78	0.6	0.74	0.74	0.88	0.8	0.78	0.82	0.72	0.64	0.76	0.88	0.8	0.78	0.72
5900	0.84	0.72	0.6	0.68	0.74	0.88	0.8	0.8	0.84	0.74	0.66	0.72	0.88	0.8	0.78	0.72
5950	0.84	0.68	0.6	0.7	0.76	0.84	0.78	0.76	0.82	0.78	0.64	0.74	0.88	0.82	0.72	0.7
6000	0.84	0.68	0.6	0.7	0.82	0.84	0.84	0.74	0.8	0.76	0.64	0.74	0.84	0.78	0.7	0.68
6050	0.84	0.68	0.58	0.66	0.84	0.86	0.84	0.74	0.78	0.76	0.74	0.76	0.84	0.76	0.7	0.7
6100	0.84	0.7	0.58	0.64	0.84	0.88	0.84	0.78	0.8	0.74	0.74	0.72	0.82	0.76	0.74	0.68
6150	0.84	0.68	0.56	0.62	0.82	0.84	0.82	0.78	0.82	0.74	0.72	0.7	0.8	0.74	0.76	0.68
6200	0.86	0.7	0.58	0.62	0.88	0.84	0.82	0.78	0.8	0.76	0.76	0.76	0.8	0.74	0.78	0.74
6250	0.88	0.72	0.6	0.66	0.9	0.82	0.84	0.8	0.8	0.72	0.76	0.74	0.8	0.76	0.8	0.74
6300	0.86	0.76	0.6	0.64	0.86	0.84	0.86	0.78	0.78	0.72	0.76	0.68	0.78	0.76	0.82	0.78
6350	0.86	0.8	0.66	0.64	0.86	0.84	0.82	0.78	0.8	0.7	0.72	0.68	0.82	0.74	0.88	0.8
6400	0.86	0.8	0.66	0.7	0.86	0.82	0.82	0.82	0.82	0.74	0.72	0.72	0.82	0.78	0.88	0.82
6450	0.86	0.78	0.64	0.66	0.86	0.82	0.78	0.78	0.88	0.78	0.7	0.66	0.8	0.8	0.88	0.82
6500	0.82	0.78	0.68	0.74	0.82	0.8	0.76	0.78	0.88	0.78	0.72	0.72	0.82	0.82	0.86	0.8
6550	0.82	0.8	0.68	0.74	0.84	0.82	0.78	0.74	0.82	0.8	0.74	0.76	0.8	0.84	0.88	0.84
6600	0.82	0.78	0.7	0.72	0.86	0.82	0.76	0.72	0.82	0.82	0.72	0.76	0.78	0.82	0.88	0.84
6650	0.76	0.78	0.68	0.72	0.86	0.84	0.76	0.76	0.82	0.86	0.76	0.78	0.72	0.84	0.92	0.86
6700	0.78	0.8	0.72	0.7	0.88	0.8	0.74	0.82	0.8	0.86	0.78	0.8	0.74	0.86	0.94	0.86
6750	0.78	0.84	0.7	0.72	0.9	0.8	0.72	0.78	0.8	0.84	0.8	0.78	0.78	0.88	0.88	0.8
6800	0.8	0.8	0.66	0.7	0.92	0.76	0.7	0.78	0.74	0.82	0.82	0.76	0.78	0.9	0.9	0.8
6850	0.8	0.8	0.62	0.68	0.88	0.78	0.74	0.82	0.74	0.82	0.86	0.78	0.78	0.92	0.88	0.8
6900	0.82	0.84	0.64	0.74	0.88	0.8	0.8	0.86	0.74	0.86	0.86	0.8	0.76	0.86	0.82	0.8
6950	0.86	0.78	0.7	0.74	0.9	0.8	0.78	0.9	0.74	0.8	0.84	0.8	0.8	0.86	0.76	0.76
7000	0.84	0.8	0.74	0.74	0.92	0.8	0.76	0.94	0.76	0.82	0.84	0.8	0.78	0.82	0.72	0.7
7050	0.78	0.78	0.68	0.8	0.86	0.72	0.74	0.92	0.82	0.8	0.82	0.78	0.8	0.8	0.74	0.62
7100	0.76	0.8	0.72	0.8	0.86	0.78	0.8	0.88	0.82	0.82	0.8	0.78	0.84	0.82	0.78	0.66
7150	0.72	0.84	0.76	0.8	0.84	0.8	0.8	0.86	0.8	0.74	0.82	0.74	0.86	0.78	0.76	0.64
7200	0.72	0.8	0.74	0.78	0.78	0.82	0.82	0.86	0.82	0.72	0.8	0.72	0.78	0.7	0.74	0.6
7250	0.74	0.82	0.74	0.8	0.76	0.82	0.8	0.86	0.84	0.74	0.8	0.76	0.78	0.72	0.76	0.58
7300	0.72	0.82	0.76	0.82	0.8	0.82	0.8	0.86	0.8	0.72	0.82	0.74	0.74	0.74	0.76	0.56
7350	0.68	0.76	0.7	0.76	0.78	0.84	0.76	0.82	0.76	0.72	0.82	0.74	0.7	0.78	0.78	0.62
7400	0.7	0.78	0.7	0.8	0.8	0.86	0.76	0.8	0.76	0.72	0.82	0.7	0.68	0.78	0.74	0.7
7450	0.72	0.74	0.72	0.8	0.82	0.88	0.74	0.84	0.74	0.7	0.82	0.62	0.64	0.78	0.8	0.7
7500	0.76	0.72	0.74	0.76	0.82	0.92	0.78	0.84	0.7	0.68	0.84	0.6	0.66	0.8	0.82	0.74
7550	0.78	0.74	0.76	0.82	0.88	0.94	0.76	0.88	0.7	0.7	0.84	0.62	0.7	0.8	0.82	0.8
7600	0.78	0.74	0.7	0.76	0.86	0.92	0.74	0.86	0.68	0.66	0.82	0.64	0.7	0.84	0.8	0.74
7650	0.78	0.72	0.72	0.76	0.86	0.88	0.72	0.82	0.68	0.68	0.8	0.66	0.74	0.8	0.82	0.74
7700	0.76	0.68	0.7	0.76	0.84	0.86	0.72	0.82	0.66	0.64	0.8	0.64	0.72	0.82	0.8	0.78
7750	0.76	0.68	0.68	0.78	0.86	0.86	0.72	0.84	0.64	0.64	0.8	0.68	0.8	0.82	0.8	0.76
7800	0.76	0.68	0.74	0.8	0.88	0.82	0.74	0.86	0.66	0.62	0.8	0.72	0.84	0.86	0.82	0.76
7850	0.8	0.68	0.76	0.84	0.88	0.8	0.8	0.86	0.7	0.66	0.82	0.74	0.82	0.86	0.86	0.74
7900	0.84	0.72	0.74	0.84	0.88	0.8	0.82	0.86	0.74	0.68	0.78	0.74	0.84	0.86	0.86	0.7
7950	0.84	0.76	0.74	0.86	0.86	0.84	0.86	0.82	0.74	0.7	0.78	0.76	0.86	0.84	0.86	0.76
8000	0.86	0.78	0.8	0.9	0.92	0.86	0.9	0.82	0.76	0.74	0.74	0.78	0.84	0.84	0.9	0.8
8050	0.84	0.82	0.78	0.9	0.9	0.84	0.92	0.84	0.8	0.68	0.74	0.72	0.82	0.84	0.9	0.82
8100	0.8	0.84	0.84	0.94	0.9	0.86	0.86	0.82	0.82	0.64	0.74	0.72	0.82	0.84	0.92	0.78
8150	0.76	0.84	0.84	0.88	0.88	0.84	0.88	0.82	0.82	0.66	0.76	0.72	0.76	0.8	0.92	0.8
8200	0.74	0.82	0.84	0.86	0.88	0.84	0.86	0.8	0.78	0.68	0.74	0.74	0.68	0.78	0.92	0.76
8250	0.74	0.74	0.8	0.82	0.86	0.82	0.86	0.8	0.78	0.66	0.76	0.72	0.66	0.76	0.92	0.82
8300	0.7	0.72	0.8	0.84	0.88	0.8	0.84	0.8	0.78	0.66	0.78	0.68	0.62	0.76	0.88	0.84
8350	0.64	0.72	0.8	0.86	0.86	0.76	0.78	0.82	0.76	0.76	0.84	0.7	0.58	0.78	0.84	0.82
8400	0.64	0.74	0.82	0.86	0.88	0.8	0.78	0.82	0.7	0.7	0.8	0.72	0.58	0.78	0.84	0.8
8450	0.7	0.78	0.78	0.84	0.88	0.8	0.78	0.82	0.74	0.7	0.82	0.7	0.58	0.76	0.84	0.8
8500	0.72	0.8	0.84	0.86	0.9	0.82	0.82	0.86	0.82	0.72	0.8	0.7	0.58	0.72	0.84	0.82
8550	0.74	0.82	0.82	0.86	0.86	0.82	0.8	0.86	0.8	0.68	0.78	0.7	0.6	0.74	0.88	0.84
8600	0.76	0.84	0.84	0.88	0.86	0.82	0.8	0.88	0.82	0.66	0.78	0.7	0.66	0.76	0.86	0.82
8650	0.8	0.9	0.86	0.9	0.88	0.86	0.76	0.86	0.76	0.62	0.76	0.7	0.68	0.76	0.9	0.8
8700	0.78	0.88	0.88	0.86	0.88	0.84	0.74	0.8	0.76	0.6	0.72	0.66	0.72	0.78	0.9	0.78
8750	0.8	0.86	0.9	0.84	0.9	0.8	0.72	0.8	0.78	0.68	0.68	0.72	0.76	0.82	0.9	0.78
8800	0.8	0.86	0.92	0.82	0.94	0.84	0.7	0.8	0.78	0.74	0.74	0.76	0.74	0.86	0.92	0.8
8850	0.78	0.82	0.9	0.82	0.92	0.82	0.78	0.78	0.76	0.76	0.78	0.76	0.74	0.86	0.92	0.8
8900	0.7	0.82	0.9	0.84	0.92	0.84	0.82	0.8	0.8	0.74	0.8	0.78	0.7	0.88	0.9	0.76
8950	0.64	0.8	0.86	0.82	0.94	0.84	0.78	0.8	0.78	0.76	0.82	0.84	0.7	0.88	0.88	0.78
9000	0.66	0.8	0.86	0.82	0.92	0.82	0.76	0.74	0.72	0.8	0.88	0.84	0.74	0.88	0.9	0.8
9050	0.64	0.82	0.86	0.84	0.92	0.84	0.78	0.72	0.66	0.8	0.9	0.86	0.68	0.86	0.88	0.8
9100	0.64	0.82	0.86	0.84	0.88	0.82	0.82	0.82	0.68	0.8	0.92	0.86	0.7	0.86	0.94	0.84
9150	0.66	0.86	0.84	0.84	0.9	0.86	0.84	0.84	0.68	0.76	0.92	0.84	0.72	0.86	0.94	0.84
9200	0.66	0.84	0.84	0.88	0.9	0.88	0.84	0.86	0.7	0.78	0.88	0.86	0.78	0.9	0.92	0.82
9250	0.76	0.88	0.84	0.9	0.9	0.9	0.86	0.84	0.72	0.78	0.86	0.86	0.78	0.9	0.94	0.84
9300	0.78	0.9	0.86	0.9	0.9	0.9	0.8	0.82	0.68	0.78	0.88	0.86	0.8	0.9	0.92	0.88
9350	0.82	0.9	0.88	0.92	0.92	0.92	0.82	0.8	0.68	0.8	0.88	0.86	0.8	0.9	0.92	0.88
9400	0.84	0.88	0.92	0.9	0.94	0.92	0.88	0.82	0.7	0.76	0.88	0.86	0.8	0.94	0.92	0.86
9450	0.82	0.86	0.94	0.92	0.96	0.9	0.86	0.82	0.7	0.76	0.86	0.82	0.82	0.94	0.92	0.86
9500	0.8	0.84	0.98	0.9	0.98	0.9	0.86	0.84	0.78	0.76	0.86	0.82	0.78	0.86	0.88	0.86
9550	0.74	0.84	0.96	0.92	1.0	0.86	0.84	0.82	0.8	0.82	0.82	0.8	0.72	0.84	0.86	0.86
9600	0.72	0.82	0.94	0.88	0.94	0.84	0.82	0.8	0.74	0.78	0.8	0.78	0.72	0.84	0.84	0.82
9650	0.74	0.82	0.94	0.88	0.94	0.84	0.82	0.8	0.74	0.78	0.8	0.72	0.7	0.84	0.84	0.78
9700	0.7	0.82	0.94	0.88	0.94	0.84	0.84	0.78	0.76	0.78	0.78	0.68	0.64	0.78	0.84	0.72
9750	0.7	0.8	0.92	0.82	0.92	0.86	0.86	0.82	0.8	0.76	0.8	0.66	0.64	0.78	0.84	0.74
9800	0.68	0.8	0.84	0.86	0.84	0.84	0.88	0.8	0.8	0.72	0.8	0.64	0.66	0.86	0.84	0.72
9850	0.72	0.84	0.8	0.84	0.78	0.82	0.88	0.84	0.8	0.74	0.78	0.62	0.7	0.86	0.84	0.72
9900	0.76	0.8	0.74	0.82	0.76	0.82	0.9	0.86	0.78	0.7	0.82	0.62	0.74	0.84	0.84	0.74
9950	0.76	0.84	0.74	0.82	0.82	0.86	0.88	0.88	0.84	0.68	0.82	0.64	0.7	0.74	0.82	0.7
10000	0.74	0.82	0.74	0.82	0.82	0.86	0.92	0.92	0.86	0.74	0.84	0.64	0.7	0.76	0.82	0.68
10050	0.72	0.78	0.76	0.8	0.8	0.88	0.92	0.9	0.86	0.74	0.84	0.7	0.74	0.76	0.78	0.66
10100	0.74	0.78	0.78	0.8	0.8	0.92	0.94	0.9	0.86	0.74	0.84	0.74	0.78	0.76	0.8	0.68
10150	0.76	0.82	0.78	0.84	0.8	0.9	0.94	0.9	0.9	0.74	0.84	0.76	0.8	0.74	0.78	0.72
10200	0.78	0.84	0.76	0.84	0.8	0.9	0.92	0.88	0.9	0.72	0.82	0.8	0.8	0.7	0.76	0.7
10250	0.72	0.86	0.8	0.88	0.86	0.9	0.92	0.9	0.9	0.72	0.82	0.78	0.78	0.7	0.72	0.72
10300	0.72	0.84	0.86	0.9	0.86	0.9	0.88	0.9	0.9	0.8	0.8	0.76	0.74	0.7	0.76	0.74
10350	0.7	0.88	0.86	0.9	0.84	0.88	0.9	0.9	0.86	0.76	0.82	0.8	0.76	0.74	0.78	0.7
10400	0.7	0.92	0.86	0.9	0.8	0.9	0.88	0.86	0.82	0.76	0.82	0.8	0.82	0.74	0.8	0.76
10450	0.74	0.9	0.82	0.94	0.78	0.9	0.84	0.86	0.82	0.8	0.86	0.82	0.8	0.72	0.8	0.8
10500	0.78	0.88	0.84	0.9	0.78	0.88	0.84	0.86	0.82	0.76	0.86	0.76	0.8	0.74	0.78	0.8
10550	0.74	0.9	0.86	0.9	0.8	0.9	0.86	0.9	0.82	0.74	0.86	0.76	0.74	0.7	0.78	0.8
10600	0.7	0.88	0.86	0.9	0.82	0.86	0.84	0.88	0.84	0.82	0.84	0.74	0.72	0.76	0.78	0.84
10650	0.68	0.9	0.88	0.86	0.84	0.86	0.82	0.86	0.84	0.8	0.86	0.76	0.72	0.76	0.76	0.8
10700	0.66	0.9	0.86	0.86	0.8	0.86	0.84	0.82	0.86	0.78	0.88	0.78	0.72	0.8	0.78	0.8
10750	0.62	0.92	0.88	0.86	0.82	0.86	0.8	0.82	0.84	0.78	0.84	0.78	0.7	0.84	0.76	0.82
10800	0.64	0.9	0.9	0.82	0.86	0.86	0.82	0.82	0.9	0.82	0.86	0.78	0.7	0.88	0.78	0.8
10850	0.56	0.92	0.92	0.82	0.88	0.88	0.86	0.84	0.88	0.8	0.86	0.74	0.72	0.92	0.82	0.78
10900	0.6	0.92	0.86	0.78	0.86	0.86	0.86	0.84	0.88	0.78	0.84	0.72	0.68	0.9	0.88	0.76
10950	0.68	0.92	0.88	0.78	0.84	0.88	0.88	0.82	0.88	0.8	0.84	0.74	0.66	0.86	0.88	0.78
11000	0.7	0.9	0.82	0.78	0.82	0.88	0.86	0.82	0.9	0.82	0.86	0.76	0.68	0.82	0.9	0.8
11050	0.78	0.9	0.86	0.78	0.8	0.88	0.88	0.82	0.88	0.82	0.86	0.72	0.64	0.84	0.94	0.78
11100	0.8	0.86	0.86	0.82	0.82	0.84	0.88	0.82	0.9	0.76	0.82	0.74	0.64	0.82	0.94	0.78
11150	0.82	0.8	0.86	0.8	0.82	0.8	0.86	0.84	0.92	0.78	0.84	0.7	0.68	0.82	0.92	0.76
11200	0.86	0.82	0.86	0.86	0.84	0.82	0.88	0.86	0.92	0.76	0.78	0.7	0.74	0.8	0.92	0.72
11250	0.84	0.82	0.88	0.86	0.84	0.84	0.84	0.8	0.88	0.74	0.78	0.68	0.76	0.78	0.92	0.74
11300	0.82	0.78	0.88	0.86	0.82	0.84	0.82	0.8	0.84	0.74	0.78	0.62	0.74	0.78	0.88	0.74
11350	0.76	0.78	0.9	0.88	0.86	0.86	0.8	0.76	0.86	0.74	0.74	0.66	0.72	0.8	0.86	0.72
11400	0.72	0.72	0.9	0.86	0.88	0.82	0.78	0.76	0.8	0.72	0.72	0.66	0.7	0.82	0.82	0.72
11450	0.74	0.76	0.9	0.9	0.88	0.84	0.78	0.72	0.8	0.7	0.68	0.66	0.68	0.82	0.82	0.74
11500	0.74	0.8	0.9	0.9	0.92	0.86	0.8	0.66	0.74	0.68	0.68	0.68	0.72	0.8	0.8	0.74
11550	0.78	0.78	0.9	0.86	0.94	0.88	0.8	0.68	0.74	0.72	0.68	0.68	0.7	0.78	0.8	0.8
11600	0.74	0.78	0.9	0.86	0.94	0.84	0.76	0.7	0.74	0.72	0.68	0.7	0.68	0.78	0.78	0.84
11650	0.76	0.78	0.9	0.88	0.92	0.82	0.78	0.7	0.76	0.74	0.68	0.7	0.66	0.8	0.8	0.84
11700	0.82	0.8	0.94	0.88	0.88	0.78	0.8	0.72	0.74	0.72	0.7	0.68	0.66	0.8	0.78	0.84
11750	0.84	0.84	0.94	0.88	0.88	0.76	0.82	0.72	0.74	0.74	0.7	0.66	0.66	0.82	0.84	0.9
11800	0.84	0.86	0.92	0.9	0.88	0.78	0.76	0.72	0.64	0.76	0.72	0.68	0.66	0.8	0.8	0.9
11850	0.86	0.86	0.92	0.9	0.86	0.78	0.74	0.7	0.7	0.72	0.76	0.68	0.76	0.86	0.8	0.94
11900	0.82	0.88	0.94	0.9	0.86	0.78	0.76	0.74	0.7	0.76	0.78	0.7	0.76	0.84	0.82	0.92
11950	0.8	0.88	0.96	0.92	0.86	0.78	0.72	0.7	0.68	0.8	0.82	0.72	0.76	0.88	0.86	0.9
12000	0.8	0.9	0.96	0.94	0.88	0.8	0.72	0.74	0.66	0.72	0.78	0.66	0.74	0.86	0.9	0.86
12050	0.82	0.92	0.92	0.94	0.88	0.82	0.72	0.76	0.66	0.72	0.8	0.72	0.8	0.86	0.9	0.86
12100	0.84	0.92	0.92	0.96	0.92	0.84	0.7	0.76	0.66	0.76	0.82	0.76	0.82	0.86	0.9	0.84
12150	0.78	0.88	0.9	0.94	0.9	0.8	0.7	0.74	0.68	0.76	0.84	0.72	0.74	0.78	0.88	0.82
12200	0.8	0.84	0.84	0.88	0.86	0.8	0.68	0.72	0.72	0.72	0.82	0.7	0.72	0.76	0.92	0.78
12250	0.82	0.8	0.78	0.84	0.88	0.82	0.72	0.78	0.8	0.72	0.78	0.66	0.68	0.76	0.9	0.8
12300	0.86	0.8	0.74	0.78	0.78	0.78	0.74	0.8	0.8	0.68	0.78	0.66	0.7	0.78	0.92	0.82
12350	0.88	0.76	0.7	0.8	0.72	0.78	0.72	0.74	0.78	0.68	0.76	0.68	0.68	0.74	0.9	0.82
12400	0.88	0.76	0.68	0.8	0.72	0.76	0.7	0.74	0.86	0.68	0.76	0.7	0.7	0.74	0.9	0.84
12450	0.86	0.8	0.7	0.82	0.76	0.78	0.74	0.74	0.9	0.68	0.76	0.72	0.68	0.72	0.86	0.76
12500	0.86	0.82	0.64	0.86	0.72	0.8	0.74	0.74	0.88	0.68	0.76	0.7	0.68	0.68	0.88	0.76
12550	0.86	0.84	0.7	0.84	0.7	0.8	0.72	0.72	0.86	0.74	0.74	0.72	0.7	0.74	0.84	0.76
12600	0.88	0.82	0.74	0.86	0.72	0.76	0.74	0.7	0.86	0.74	0.7	0.72	0.64	0.78	0.84	0.76
12650	0.86	0.82	0.76	0.92	0.74	0.76	0.8	0.72	0.88	0.74	0.72	0.74	0.68	0.76	0.82	0.72
12700	0.78	0.86	0.82	0.92	0.78	0.82	0.78	0.74	0.86	0.8	0.74	0.76	0.68	0.72	0.78	0.7
12750	0.76	0.86	0.84	0.88	0.78	0.82	0.82	0.74	0.86	0.86	0.72	0.8	0.7	0.68	0.78	0.72
12800	0.7	0.84	0.82	0.86	0.78	0.82	0.84	0.76	0.86	0.86	0.74	0.76	0.64	0.68	0.76	0.66
12850	0.68	0.86	0.86	0.86	0.78	0.8	0.78	0.7	0.84	0.86	0.72	0.76	0.66	0.7	0.8	0.72
12900	0.72	0.8	0.88	0.82	0.82	0.8	0.82	0.78	0.84	0.8	0.74	0.7	0.64	0.74	0.82	0.74
12950	0.7	0.86	0.86	0.78	0.8	0.84	0.84	0.8	0.82	0.76	0.76	0.7	0.64	0.78	0.84	0.78
13000	0.68	0.82	0.86	0.76	0.8	0.82	0.8	0.78	0.82	0.74	0.76	0.74	0.64	0.78	0.86	0.78
13050	0.68	0.76	0.84	0.7	0.8	0.84	0.78	0.76	0.8	0.74	0.78	0.72	0.7	0.72	0.84	0.72
13100	0.74	0.76	0.84	0.68	0.78	0.84	0.82	0.76	0.76	0.66	0.76	0.72	0.78	0.74	0.82	0.78
13150	0.82	0.72	0.84	0.68	0.76	0.78	0.86	0.78	0.74	0.66	0.8	0.72	0.82	0.74	0.82	0.8
13200	0.76	0.76	0.84	0.7	0.74	0.76	0.84	0.78	0.74	0.66	0.8	0.74	0.76	0.72	0.8	0.8
13250	0.76	0.74	0.84	0.74	0.74	0.76	0.86	0.86	0.76	0.66	0.82	0.74	0.74	0.66	0.76	0.84
13300	0.74	0.8	0.88	0.74	0.76	0.76	0.84	0.82	0.78	0.66	0.8	0.76	0.78	0.68	0.78	0.84
13350	0.72	0.84	0.88	0.74	0.72	0.78	0.88	0.82	0.78	0.68	0.76	0.78	0.76	0.7	0.72	0.8
13400	0.74	0.84	0.9	0.78	0.74	0.76	0.8	0.82	0.8	0.76	0.78	0.78	0.74	0.72	0.76	0.78
13450	0.76	0.88	0.88	0.86	0.76	0.76	0.82	0.82	0.82	0.74	0.78	0.8	0.72	0.74	0.8	0.84
13500	0.76	0.86	0.88	0.86	0.78	0.78	0.82	0.82	0.84	0.76	0.8	0.8	0.7	0.76	0.8	0.82
13550	0.74	0.82	0.82	0.88	0.78	0.76	0.8	0.8	0.86	0.82	0.84	0.8	0.72	0.8	0.8	0.8
13600	0.72	0.84	0.76	0.86	0.76	0.78	0.8	0.78	0.88	0.82	0.8	0.84	0.76	0.78	0.8	0.82
13650	0.72	0.82	0.78	0.92	0.78	0.78	0.82	0.78	0.84	0.78	0.84	0.8	0.76	0.8	0.78	0.84
13700	0.76	0.82	0.78	0.9	0.78	0.76	0.82	0.78	0.84	0.76	0.78	0.78	0.84	0.84	0.8	0.82
13750	0.72	0.82	0.8	0.9	0.76	0.74	0.86	0.84	0.88	0.76	0.78	0.76	0.8	0.86	0.8	0.84
13800	0.7	0.82	0.82	0.9	0.76	0.7	0.88	0.82	0.88	0.78	0.8	0.78	0.72	0.84	0.8	0.82
13850	0.68	0.8	0.86	0.9	0.74	0.76	0.88	0.78	0.9	0.78	0.8	0.74	0.7	0.82	0.82	0.76
13900	0.66	0.8	0.9	0.94	0.8	0.72	0.86	0.78	0.9	0.84	0.78	0.76	0.66	0.8	0.82	0.76
13950	0.68	0.86	0.9	0.94	0.82	0.74	0.86	0.86	0.92	0.82	0.78	0.74	0.6	0.76	0.86	0.74
14000	0.72	0.9	0.88	0.96	0.82	0.74	0.84	0.86	0.88	0.9	0.84	0.74	0.6	0.72	0.88	0.72
14050	0.74	0.84	0.88	0.92	0.8	0.76	0.84	0.84	0.88	0.88	0.84	0.78	0.6	0.72	0.86	0.72
14100	0.74	0.86	0.88	0.9	0.78	0.76	0.84	0.84	0.88	0.88	0.86	0.82	0.56	0.7	0.88	0.72
14150	0.78	0.88	0.88	0.86	0.78	0.76	0.8	0.84	0.88	0.88	0.9	0.84	0.58	0.72	0.88	0.76
14200	0.82	0.88	0.88	0.84	0.78	0.74	0.76	0.86	0.88	0.88	0.88	0.84	0.68	0.74	0.84	0.78
14250	0.84	0.88	0.88	0.84	0.8	0.74	0.76	0.9	0.86	0.86	0.88	0.9	0.74	0.76	0.86	0.82
14300	0.8	0.88	0.88	0.86	0.82	0.78	0.76	0.88	0.86	0.84	0.86	0.9	0.76	0.82	0.84	0.8
14350	0.74	0.88	0.88	0.84	0.76	0.78	0.76	0.86	0.86	0.84	0.84	0.9	0.78	0.86	0.8	0.8
14400	0.76	0.88	0.9	0.8	0.76	0.76	0.8	0.86	0.82	0.8	0.86	0.88	0.82	0.82	0.82	0.8
14450	0.74	0.92	0.92	0.8	0.72	0.76	0.82	0.9	0.86	0.82	0.88	0.84	0.8	0.84	0.84	0.78
14500	0.72	0.92	0.84	0.78	0.7	0.76	0.8	0.88	0.88	0.86	0.9	0.86	0.8	0.8	0.74	0.72
14550	0.7	0.9	0.78	0.84	0.68	0.74	0.84	0.88	0.92	0.84	0.9	0.84	0.82	0.8	0.8	0.72
14600	0.6	0.9	0.76	0.82	0.66	0.8	0.92	0.82	0.9	0.84	0.86	0.84	0.78	0.82	0.74	0.7
14650	0.62	0.86	0.76	0.76	0.66	0.84	0.92	0.86	0.9	0.84	0.82	0.78	0.74	0.8	0.7	0.64
14700	0.68	0.86	0.76	0.76	0.68	0.86	0.9	0.82	0.88	0.84	0.82	0.74	0.7	0.78	0.7	0.64
14750	0.68	0.86	0.76	0.78	0.7	0.86	0.92	0.84	0.94	0.84	0.8	0.78	0.66	0.7	0.74	0.64
14800	0.68	0.84	0.76	0.78	0.68	0.82	0.92	0.82	0.92	0.88	0.76	0.76	0.66	0.74	0.74	0.68
14850	0.66	0.82	0.82	0.8	0.7	0.82	0.9	0.8	0.92	0.88	0.74	0.72	0.66	0.7	0.78	0.64
14900	0.7	0.74	0.86	0.74	0.7	0.76	0.92	0.82	0.92	0.88	0.76	0.7	0.64	0.72	0.84	0.7
14950	0.72	0.74	0.9	0.78	0.78	0.74	0.9	0.82	0.9	0.9	0.76	0.74	0.6	0.7	0.82	0.74
15000	0.76	0.74	0.94	0.78	0.8	0.74	0.84	0.82	0.88	0.9	0.8	0.74	0.6	0.68	0.86	0.76
15050	0.8	0.76	0.96	0.84	0.82	0.72	0.8	0.82	0.84	0.9	0.84	0.78	0.64	0.68	0.92	0.76
15100	0.8	0.72	0.96	0.8	0.82	0.68	0.78	0.84	0.84	0.88	0.86	0.8	0.66	0.66	0.9	0.76
15150	0.74	0.68	0.94	0.78	0.84	0.64	0.8	0.84	0.8	0.88	0.88	0.76	0.68	0.72	0.86	0.74
15200	0.74	0.68	0.94	0.76	0.88	0.64	0.8	0.8	0.76	0.9	0.86	0.8	0.72	0.74	0.82	0.76
15250	0.74	0.64	0.88	0.78	0.9	0.64	0.76	0.76	0.7	0.92	0.9	0.84	0.78	0.76	0.82	0.76
15300	0.76	0.68	0.9	0.8	0.9	0.7	0.76	0.74	0.68	0.92	0.86	0.88	0.82	0.8	0.84	0.8
15350	0.76	0.7	0.88	0.78	0.9	0.7	0.78	0.7	0.7	0.88	0.82	0.84	0.84	0.82	0.84	0.8
15400	0.78	0.64	0.86	0.76	0.88	0.7	0.74	0.7	0.68	0.86	0.8	0.8	0.8	0.86	0.86	0.8
15450	0.76	0.72	0.86	0.78	0.88	0.74	0.74	0.7	0.7	0.86	0.8	0.8	0.78	0.86	0.84	0.8
15500	0.8	0.76	0.88	0.8	0.88	0.76	0.7	0.72	0.68	0.86	0.8	0.78	0.78	0.88	0.86	0.8
15550	0.8	0.74	0.86	0.82	0.86	0.72	0.66	0.68	0.66	0.82	0.76	0.78	0.78	0.82	0.88	0.86
15600	0.78	0.74	0.84	0.86	0.82	0.66	0.64	0.64	0.66	0.84	0.8	0.76	0.76	0.84	0.88	0.86
15650	0.78	0.74	0.9	0.92	0.8	0.66	0.66	0.66	0.7	0.84	0.82	0.76	0.78	0.86	0.84	0.8
15700	0.8	0.8	0.9	0.9	0.78	0.64	0.64	0.66	0.66	0.84	0.88	0.72	0.76	0.86	0.86	0.78
15750	0.78	0.78	0.92	0.9	0.8	0.66	0.7	0.68	0.7	0.82	0.88	0.66	0.74	0.84	0.84	0.78
15800	0.78	0.78	0.94	0.94	0.76	0.66	0.72	0.68	0.7	0.82	0.9	0.7	0.7	0.82	0.86	0.82
15850	0.78	0.76	0.92	0.92	0.76	0.66	0.78	0.7	0.78	0.82	0.88	0.7	0.7	0.78	0.82	0.78
15900	0.78	0.78	0.92	0.88	0.76	0.66	0.88	0.72	0.8	0.82	0.9	0.66	0.68	0.78	0.82	0.76
15950	0.8	0.74	0.92	0.82	0.76	0.68	0.9	0.72	0.84	0.8	0.92	0.62	0.66	0.78	0.86	0.78
16000	0.82	0.72	0.88	0.84	0.76	0.68	0.9	0.78	0.86	0.82	0.92	0.68	0.7	0.84	0.88	0.76
16050	0.76	0.72	0.9	0.82	0.76	0.68	0.88	0.8	0.86	0.76	0.86	0.66	0.68	0.82	0.86	0.74
16100	0.72	0.72	0.9	0.82	0.82	0.72	0.84	0.78	0.8	0.78	0.88	0.68	0.68	0.8	0.84	0.74
16150	0.72	0.68	0.88	0.8	0.78	0.68	0.84	0.82	0.8	0.74	0.84	0.72	0.66	0.76	0.82	0.74
16200	0.7	0.74	0.86	0.82	0.78	0.68	0.8	0.76	0.8	0.74	0.84	0.74	0.7	0.76	0.84	0.76
16250	0.72	0.76	0.84	0.82	0.76	0.66	0.76	0.76	0.78	0.74	0.86	0.78	0.68	0.74	0.84	0.8
16300	0.74	0.76	0.82	0.86	0.78	0.66	0.74	0.74	0.8	0.72	0.82	0.76	0.72	0.78	0.82	0.78
16350	0.7	0.78	0.86	0.86	0.8	0.64	0.76	0.76	0.84	0.7	0.82	0.78	0.76	0.8	0.78	0.78
16400	0.68	0.8	0.84	0.88	0.82	0.7	0.78	0.74	0.86	0.72	0.76	0.78	0.76	0.8	0.74	0.74
16450	0.72	0.8	0.84	0.86	0.8	0.72	0.74	0.78	0.86	0.74	0.78	0.8	0.78	0.82	0.78	0.74
16500	0.76	0.82	0.82	0.86	0.82	0.74	0.78	0.8	0.86	0.7	0.8	0.8	0.76	0.8	0.7	0.76
16550	0.76	0.8	0.84	0.88	0.82	0.78	0.76	0.78	0.86	0.7	0.76	0.78	0.78	0.8	0.72	0.76
16600	0.76	0.8	0.82	0.88	0.84	0.78	0.76	0.74	0.84	0.72	0.76	0.76	0.76	0.82	0.7	0.76
16650	0.7	0.78	0.8	0.88	0.84	0.76	0.8	0.74	0.84	0.72	0.78	0.8	0.82	0.8	0.68	0.7
16700	0.7	0.8	0.8	0.88	0.8	0.78	0.78	0.7	0.78	0.72	0.78	0.78	0.76	0.78	0.7	0.7
16750	0.66	0.82	0.84	0.86	0.8	0.76	0.78	0.68	0.72	0.74	0.78	0.78	0.72	0.78	0.72	0.74
16800	0.66	0.74	0.8	0.78	0.8	0.74	0.74	0.74	0.74	0.76	0.8	0.76	0.72	0.72	0.72	0.68
16850	0.68	0.7	0.78	0.76	0.72	0.68	0.74	0.72	0.74	0.76	0.86	0.82	0.74	0.72	0.8	0.66
16900	0.72	0.74	0.8	0.78	0.74	0.68	0.76	0.7	0.74	0.78	0.84	0.8	0.74	0.74	0.8	0.7
16950	0.72	0.76	0.8	0.78	0.76	0.64	0.76	0.7	0.76	0.82	0.86	0.82	0.74	0.72	0.82	0.8
17000	0.72	0.74	0.76	0.78	0.74	0.68	0.72	0.74	0.78	0.8	0.86	0.8	0.72	0.72	0.88	0.76
17050	0.66	0.7	0.78	0.78	0.76	0.66	0.74	0.76	0.8	0.86	0.88	0.82	0.74	0.72	0.84	0.74
17100	0.7	0.68	0.76	0.78	0.76	0.68	0.74	0.78	0.82	0.84	0.88	0.78	0.68	0.74	0.84	0.76
17150	0.7	0.76	0.78	0.84	0.76	0.68	0.74	0.78	0.84	0.86	0.86	0.76	0.72	0.78	0.84	0.78
17200	0.68	0.76	0.76	0.84	0.78	0.72	0.78	0.8	0.82	0.86	0.9	0.82	0.64	0.76	0.84	0.78
17250	0.7	0.76	0.74	0.84	0.76	0.74	0.82	0.76	0.74	0.82	0.88	0.78	0.62	0.76	0.82	0.78
17300	0.62	0.74	0.76	0.82	0.76	0.76	0.82	0.78	0.74	0.8	0.84	0.74	0.62	0.76	0.76	0.74
17350	0.54	0.76	0.76	0.78	0.76	0.74	0.86	0.78	0.74	0.78	0.86	0.76	0.64	0.82	0.76	0.7
17400	0.54	0.76	0.78	0.78	0.78	0.74	0.82	0.76	0.72	0.78	0.88	0.78	0.68	0.82	0.74	0.7
17450	0.6	0.76	0.78	0.76	0.74	0.72	0.8	0.76	0.7	0.76	0.88	0.76	0.7	0.88	0.76	0.72
17500	0.62	0.76	0.8	0.76	0.74	0.74	0.8	0.76	0.7	0.76	0.88	0.76	0.7	0.86	0.74	0.74
17550	0.64	0.76	0.8	0.76	0.72	0.72	0.78	0.74	0.72	0.76	0.9	0.82	0.76	0.84	0.82	0.72
17600	0.66	0.74	0.82	0.78	0.78	0.7	0.74	0.74	0.74	0.78	0.94	0.82	0.78	0.82	0.84	0.74
17650	0.68	0.72	0.8	0.74	0.76	0.68	0.7	0.8	0.74	0.82	0.96	0.78	0.78	0.78	0.84	0.72
17700	0.7	0.74	0.8	0.72	0.74	0.62	0.68	0.82	0.74	0.78	0.98	0.78	0.78	0.74	0.86	0.72
17750	0.72	0.76	0.82	0.72	0.74	0.62	0.66	0.84	0.74	0.76	0.98	0.78	0.76	0.74	0.8	0.68
17800	0.74	0.74	0.82	0.7	0.72	0.62	0.72	0.86	0.74	0.72	0.96	0.74	0.72	0.7	0.74	0.66
17850	0.72	0.72	0.78	0.7	0.68	0.66	0.74	0.82	0.72	0.74	0.94	0.78	0.74	0.72	0.76	0.7
17900	0.72	0.74	0.78	0.68	0.7	0.66	0.74	0.84	0.74	0.68	0.9	0.76	0.72	0.76	0.74	0.7
17950	0.68	0.72	0.76	0.68	0.76	0.68	0.76	0.84	0.7	0.68	0.86	0.74	0.72	0.76	0.78	0.74
18000	0.68	0.74	0.82	0.76	0.78	0.7	0.78	0.78	0.64	0.64	0.8	0.74	0.72	0.74	0.74	0.72
18050	0.64	0.74	0.8	0.72	0.76	0.7	0.78	0.72	0.68	0.62	0.8	0.72	0.66	0.76	0.74	0.72
18100	0.62	0.78	0.78	0.72	0.74	0.72	0.74	0.72	0.66	0.66	0.78	0.72	0.64	0.74	0.7	0.7
18150	0.62	0.78	0.84	0.76	0.8	0.72	0.76	0.72	0.64	0.64	0.78	0.72	0.68	0.74	0.72	0.7
18200	0.62	0.8	0.88	0.78	0.84	0.7	0.72	0.7	0.64	0.66	0.74	0.72	0.68	0.72	0.7	0.74
18250	0.64	0.84	0.86	0.78	0.82	0.68	0.7	0.68	0.64	0.64	0.72	0.72	0.68	0.74	0.7	0.74
18300	0.66	0.88	0.86	0.84	0.78	0.7	0.68	0.68	0.72	0.68	0.72	0.66	0.66	0.72	0.72	0.7
18350	0.66	0.92	0.86	0.82	0.8	0.7	0.66	0.72	0.72	0.7	0.7	0.7	0.66	0.68	0.72	0.7
18400	0.74	0.92	0.84	0.82	0.78	0.66	0.72	0.76	0.72	0.7	0.76	0.7	0.66	0.64	0.72	0.7
18450	0.8	0.92	0.86	0.84	0.78	0.7	0.72	0.78	0.76	0.72	0.82	0.76	0.72	0.66	0.76	0.74
18500	0.78	0.92	0.86	0.84	0.82	0.74	0.76	0.78	0.8	0.76	0.84	0.76	0.74	0.7	0.76	0.74
18550	0.76	0.92	0.86	0.88	0.82	0.72	0.72	0.74	0.82	0.8	0.82	0.78	0.74	0.68	0.76	0.76
18600	0.8	0.9	0.84	0.88	0.84	0.72	0.78	0.8	0.84	0.82	0.88	0.8	0.74	0.66	0.78	0.76
18650	0.78	0.86	0.86	0.8	0.8	0.74	0.76	0.8	0.84	0.88	0.9	0.76	0.68	0.68	0.76	0.76
18700	0.72	0.86	0.88	0.8	0.8	0.76	0.8	0.82	0.82	0.88	0.84	0.8	0.7	0.66	0.78	0.76
18750	0.68	0.84	0.88	0.8	0.82	0.76	0.8	0.78	0.82	0.9	0.84	0.76	0.68	0.76	0.76	0.72
18800	0.66	0.74	0.88	0.82	0.84	0.78	0.82	0.76	0.8	0.9	0.78	0.72	0.68	0.76	0.76	0.72
18850	0.66	0.72	0.86	0.82	0.84	0.8	0.86	0.72	0.78	0.88	0.76	0.72	0.72	0.72	0.72	0.72
18900	0.64	0.74	0.82	0.8	0.86	0.78	0.86	0.76	0.76	0.86	0.76	0.68	0.72	0.7	0.7	0.7
18950	0.62	0.72	0.8	0.8	0.84	0.78	0.88	0.76	0.76	0.82	0.74	0.68	0.68	0.72	0.68	0.68
19000	0.6	0.72	0.8	0.82	0.8	0.78	0.92	0.78	0.74	0.78	0.72	0.7	0.7	0.74	0.68	0.66
19050	0.58	0.7	0.72	0.8	0.8	0.78	0.92	0.76	0.74	0.78	0.7	0.7	0.7	0.72	0.7	0.7
19100	0.58	0.68	0.7	0.78	0.76	0.72	0.9	0.76	0.76	0.8	0.74	0.72	0.76	0.74	0.66	0.68
19150	0.62	0.74	0.74	0.78	0.76	0.66	0.82	0.76	0.76	0.84	0.8	0.76	0.78	0.68	0.62	0.72
19200	0.62	0.74	0.76	0.76	0.72	0.62	0.8	0.82	0.82	0.82	0.8	0.78	0.78	0.68	0.58	0.72
19250	0.62	0.76	0.76	0.76	0.7	0.62	0.8	0.88	0.82	0.84	0.84	0.76	0.78	0.66	0.56	0.7
19300	0.58	0.78	0.8	0.76	0.66	0.6	0.74	0.86	0.82	0.84	0.86	0.74	0.78	0.6	0.56	0.74
19350	0.6	0.84	0.84	0.76	0.72	0.62	0.74	0.84	0.84	0.88	0.88	0.74	0.74	0.64	0.6	0.72
19400	0.7	0.86	0.84	0.78	0.7	0.62	0.7	0.82	0.82	0.9	0.88	0.78	0.78	0.66	0.58	0.74
19450	0.7	0.88	0.94	0.78	0.74	0.66	0.68	0.82	0.84	0.92	0.86	0.76	0.74	0.66	0.64	0.7
19500	0.7	0.92	0.96	0.8	0.74	0.7	0.74	0.78	0.88	0.9	0.84	0.72	0.76	0.68	0.66	0.7
19550	0.64	0.92	0.92	0.86	0.74	0.72	0.72	0.76	0.84	0.88	0.88	0.72	0.72	0.7	0.72	0.6
19600	0.66	0.94	0.92	0.9	0.74	0.74	0.72	0.78	0.88	0.84	0.84	0.68	0.7	0.7	0.74	0.6
19650	0.7	0.88	0.9	0.9	0.78	0.76	0.74	0.82	0.86	0.84	0.86	0.68	0.74	0.72	0.74	0.6
19700	0.7	0.84	0.86	0.9	0.78	0.74	0.76	0.82	0.84	0.84	0.86	0.7	0.76	0.72	0.72	0.56
19750	0.7	0.84	0.88	0.9	0.78	0.72	0.74	0.84	0.82	0.84	0.88	0.76	0.78	0.72	0.72	0.56
19800	0.64	0.82	0.82	0.9	0.76	0.74	0.72	0.84	0.8	0.82	0.92	0.74	0.8	0.72	0.74	0.56
19850	0.62	0.86	0.82	0.88	0.74	0.76	0.72	0.82	0.8	0.84	0.92	0.8	0.76	0.72	0.74	0.58
19900	0.56	0.86	0.8	0.88	0.72	0.76	0.7	0.8	0.78	0.82	0.94	0.8	0.76	0.72	0.72	0.62
19950	0.56	0.84	0.82	0.86	0.72	0.74	0.7	0.82	0.76	0.8	0.94	0.86	0.76	0.7	0.7	0.64
20000	0.58	0.92	0.84	0.86	0.74	0.76	0.68	0.78	0.8	0.8	0.88	0.84	0.76	0.72	0.68	0.64
