0	0	0	0	0	0	0	0	0	0	0	0	0	0	0	0	0	0
50	2	1	0	2	1	1	1	2	2	2	1	0	3	4	1	2	6
100	5	3	3	3	4	3	3	5	5	5	3	4	5	4	4	4	20
150	7	4	5	6	5	5	5	6	6	6	4	6	6	7	5	5	30
200	8	6	7	7	6	5	6	6	6	7	5	8	6	7	6	5	38
250	8	6	8	8	6	8	7	7	7	7	7	8	7	7	7	7	43
300	9	7	8	8	6	10	7	9	7	7	9	8	7	8	7	7	49
350	10	7	10	8	6	10	8	9	7	7	10	9	7	8	7	7	52
400	11	7	10	10	6	10	9	9	8	7	10	10	7	9	8	9	55
450	11	8	12	11	7	10	9	9	9	7	11	12	8	9	8	10	60
500	11	8	12	11	7	11	10	9	8	8	11	14	8	9	8	10	61
550	11	9	12	12	7	11	10	10	9	8	12	14	8	10	8	11	66
600	11	10	13	13	8	12	11	11	10	9	13	14	8	10	8	11	73
650	11	10	13	13	8	12	11	11	10	9	13	14	9	9	9	12	70
700	11	10	13	13	8	12	11	11	10	9	13	14	10	10	9	13	70
750	11	10	13	13	8	12	11	11	10	9	13	15	10	10	9	13	71
800	12	11	13	13	8	12	11	11	10	9	13	15	11	10	10	13	72
850	12	12	13	13	9	12	11	11	10	9	13	15	11	10	10	13	68
900	12	12	14	13	9	12	11	11	10	9	13	15	11	10	10	14	67
950	12	14	14	13	10	12	11	11	10	9	13	16	13	11	10	14	70
1000	12	15	14	13	10	12	11	11	10	9	13	16	14	11	11	15	75
1050	12	15	14	13	10	12	11	11	10	9	13	16	14	11	11	15	75
1100	12	15	15	13	10	12	11	11	10	9	13	16	14	11	11	15	76
1150	12	16	15	13	10	12	11	11	11	9	13	16	14	11	11	15	75
1200	12	18	15	13	10	12	12	11	11	9	13	16	15	11	11	15	76
1250	12	18	15	13	10	12	12	11	11	9	13	16	15	11	11	15	77
1300	12	18	16	13	10	12	12	11	11	9	13	16	15	11	11	15	78
1350	12	18	16	13	10	12	12	11	12	10	13	16	15	11	11	15	79
1400	12	18	16	13	10	12	12	11	12	10	13	16	15	11	11	15	77
1450	13	18	16	13	11	12	12	11	12	10	13	16	15	11	11	15	78
1500	13	18	16	13	12	12	14	11	12	10	13	17	15	11	11	15	82
1550	13	18	16	14	12	12	15	11	12	11	13	17	15	11	11	15	84
1600	14	18	16	14	14	11	15	11	12	11	13	17	15	11	11	15	86
1650	14	18	16	14	14	11	16	11	12	11	13	17	15	11	11	15	85
1700	14	18	16	14	15	11	16	11	12	11	13	17	15	11	11	15	87
1750	14	18	16	15	17	11	16	11	12	11	13	17	15	11	11	15	90
1800	14	18	16	15	16	11	16	11	13	11	13	17	15	11	11	15	90
1850	14	18	16	15	16	11	16	11	13	11	13	17	15	11	11	15	91
1900	14	18	17	15	16	11	18	11	14	11	13	17	15	11	11	15	94
1950	14	18	18	16	17	11	19	11	14	11	13	17	15	11	11	15	93
2000	14	18	18	16	17	11	20	11	14	11	13	17	15	11	11	15	94
2050	14	18	18	16	15	11	20	11	14	11	13	17	15	11	11	15	92
2100	14	18	18	15	15	11	20	11	14	11	13	17	15	11	11	14	91
2150	14	19	18	15	18	11	20	11	14	11	13	17	15	11	11	14	95
2200	14	19	18	15	18	11	20	11	14	11	13	17	15	11	11	14	95
2250	14	19	18	16	18	11	20	11	14	11	13	17	15	11	11	14	93
2300	14	19	18	16	18	11	20	11	15	11	13	17	15	11	11	14	96
2350	14	19	18	16	18	11	20	11	15	11	13	17	15	11	11	14	98
2400	14	19	18	16	18	11	20	11	15	11	13	17	15	11	11	14	98
2450	14	19	18	16	19	11	20	11	15	11	13	17	15	11	11	14	99
2500	14	19	18	16	20	11	20	11	15	11	13	17	15	11	11	14	99
2550	14	19	18	16	20	12	20	11	15	11	13	17	15	11	11	14	98
2600	14	19	18	16	20	12	20	11	15	11	13	17	15	11	10	14	98
2650	14	19	18	16	20	12	20	11	15	11	13	17	15	11	10	14	98
2700	14	19	18	17	20	12	20	11	15	12	13	17	14	11	10	14	97
2750	14	19	18	17	20	12	19	11	15	12	13	17	14	11	10	14	98
2800	14	19	18	17	20	12	20	11	15	12	13	16	14	11	10	14	98
2850	14	19	18	19	20	12	20	11	15	12	13	16	14	11	10	14	98
2900	14	19	18	19	20	12	20	11	15	13	13	16	14	11	10	14	101
2950	14	19	18	19	20	12	20	11	15	13	13	16	14	11	10	14	101
3000	14	19	18	19	20	12	21	11	15	13	13	16	14	11	10	14	102
3050	14	19	18	19	20	13	21	11	15	13	13	16	14	11	10	14	101
3100	14	19	18	19	20	13	21	11	15	13	13	16	14	11	10	14	101
3150	14	19	18	20	20	13	21	11	15	13	13	16	14	11	10	14	100
3200	14	19	18	20	20	13	21	11	15	13	13	16	14	11	10	14	100
3250	14	19	18	21	20	13	21	11	15	13	13	16	14	11	10	14	98
3300	14	19	18	21	20	13	22	11	15	13	13	16	14	11	10	14	98
3350	14	19	18	21	20	13	22	11	15	13	13	15	14	11	10	14	98
3400	14	19	18	21	20	13	22	11	15	13	13	15	14	11	10	14	98
3450	15	19	18	22	20	13	22	11	15	13	13	15	14	11	10	14	99
3500	14	19	18	23	20	13	22	11	15	13	13	15	14	11	10	14	97
3550	14	19	18	23	20	13	22	11	15	13	13	15	14	11	10	14	97
3600	14	19	18	23	20	13	22	10	15	13	13	15	14	11	10	14	97
3650	15	19	18	24	20	13	22	10	15	13	13	15	14	11	10	14	98
3700	16	19	18	24	20	13	22	10	15	13	13	15	14	11	10	14	98
3750	18	19	18	25	20	13	22	10	15	13	13	15	14	11	10	14	101
3800	18	19	18	25	20	13	22	10	15	13	14	15	14	11	10	14	101
3850	19	19	18	25	20	13	22	10	15	13	14	15	14	11	10	14	102
3900	21	19	18	25	20	13	22	10	15	13	14	15	14	11	10	14	103
3950	22	19	18	25	20	13	22	10	15	13	14	15	14	11	10	14	104
4000	21	18	18	25	20	13	22	10	15	13	14	15	14	11	10	14	102
4050	21	18	18	25	20	13	22	10	15	13	14	15	14	11	10	14	103
4100	21	18	18	25	20	13	22	10	15	13	14	15	14	11	10	14	103
4150	23	18	18	25	20	13	22	10	15	13	12	15	14	11	10	14	105
4200	23	18	18	26	20	13	22	10	15	13	12	15	14	11	10	14	106
4250	23	18	18	26	20	13	22	10	15	13	14	15	14	11	10	14	108
4300	23	18	18	26	20	13	22	10	15	13	14	15	14	11	10	14	107
4350	24	18	18	26	20	13	22	10	15	14	15	15	14	11	10	14	109
4400	25	18	18	26	20	13	22	10	15	15	16	15	14	11	10	14	111
4450	25	18	18	26	20	13	22	10	15	15	16	15	14	11	10	13	111
4500	26	18	18	25	20	13	22	10	15	15	16	15	14	11	10	13	112
4550	26	18	18	25	20	13	22	10	15	15	16	15	14	11	10	13	112
4600	26	18	18	25	20	13	22	10	15	15	17	15	14	11	10	13	112
4650	26	18	18	25	20	13	22	10	14	15	17	15	14	11	10	13	112
4700	26	18	18	26	20	13	22	10	14	15	17	16	13	11	10	13	112
4750	25	18	18	26	20	13	22	10	14	15	17	16	14	11	10	13	111
4800	25	18	18	27	20	13	22	10	15	15	17	16	14	11	10	13	111
4850	25	19	18	27	20	13	21	10	15	15	17	16	14	11	10	13	112
4900	25	19	18	27	20	13	22	10	15	15	17	16	14	11	10	13	112
4950	25	19	18	27	20	13	22	10	16	15	17	16	14	11	10	13	112
5000	25	19	18	27	20	13	22	10	17	15	17	16	14	11	10	13	113
5050	25	19	18	27	20	13	22	10	17	15	17	17	14	11	10	13	113
5100	25	19	18	27	20	13	22	10	17	15	17	17	14	11	10	13	112
5150	25	19	18	27	20	13	22	10	17	15	17	17	14	11	10	13	112
5200	25	20	18	27	20	13	22	10	17	15	17	17	14	11	10	13	113
5250	25	20	18	27	20	13	22	10	17	15	17	17	14	11	10	13	113
5300	25	20	18	26	20	13	23	10	17	15	17	17	14	11	10	13	113
5350	26	20	18	26	20	13	23	10	17	15	17	17	14	11	10	13	114
5400	26	20	18	26	20	13	23	10	17	15	17	17	14	11	10	13	116
5450	26	19	18	26	20	13	22	10	17	15	17	16	14	11	10	13	115
5500	25	20	18	26	20	13	21	10	17	15	16	16	14	11	10	13	115
5550	25	20	17	26	20	13	22	10	17	15	16	16	14	11	10	13	115
5600	25	20	17	26	20	13	23	10	17	15	16	16	15	11	10	13	115
5650	24	20	17	26	20	13	23	10	17	15	17	16	14	11	10	13	114
5700	24	20	17	26	20	14	23	10	17	15	18	16	14	11	10	13	116
5750	24	20	17	26	20	14	23	10	17	15	18	16	14	11	11	13	116
5800	24	21	17	26	20	14	23	10	17	15	18	16	14	11	11	13	116
5850	24	21	17	26	20	14	24	10	17	15	18	16	14	11	11	13	118
5900	24	22	16	26	20	14	24	10	17	15	18	16	14	11	11	13	117
5950	24	22	16	26	20	14	24	10	17	15	18	16	14	11	11	14	118
6000	24	22	16	26	20	14	24	10	17	15	18	16	14	11	11	14	118
6050	23	22	16	26	20	14	24	10	17	15	18	16	14	11	11	14	119
6100	23	22	16	26	20	14	24	10	17	15	18	16	14	11	11	14	120
6150	23	22	16	25	20	14	24	10	17	15	18	16	14	11	11	14	120
6200	23	22	16	25	20	14	24	10	17	15	18	16	14	11	11	14	120
6250	23	22	16	25	20	14	24	10	17	15	18	16	14	11	11	14	120
6300	23	22	16	25	20	14	24	10	17	15	18	16	14	11	11	14	120
6350	23	21	16	25	20	14	24	10	17	15	18	16	14	11	11	14	118
6400	23	21	16	24	20	14	24	10	17	15	18	16	15	11	11	14	118
6450	23	21	16	24	20	14	24	10	17	15	18	16	15	11	11	14	118
6500	23	21	16	23	20	14	24	10	17	15	18	16	15	11	11	14	117
6550	23	21	16	23	20	14	24	10	17	15	18	16	15	11	11	14	116
6600	23	20	16	23	20	14	24	10	17	15	18	16	15	11	12	14	116
6650	23	20	16	23	20	14	24	10	17	15	18	16	15	11	12	14	116
6700	23	20	16	23	20	14	24	10	17	15	18	16	15	11	12	14	116
6750	23	20	16	23	20	14	24	10	17	15	18	16	15	11	12	14	116
6800	23	20	16	23	20	14	24	10	17	15	18	16	15	11	12	14	116
6850	23	20	16	23	20	14	24	10	17	15	17	16	15	11	13	14	117
6900	23	20	16	23	20	14	24	10	17	15	17	16	15	11	13	14	117
6950	23	20	16	23	20	14	24	10	17	15	17	16	15	11	13	14	116
7000	24	20	16	22	20	14	24	10	17	15	17	15	15	11	13	14	115
7050	24	20	16	22	20	14	24	10	17	15	17	15	15	11	13	14	115
7100	24	20	16	22	20	14	24	11	17	16	17	15	15	11	13	14	117
7150	24	20	15	22	20	14	24	12	17	16	17	15	15	11	13	14	117
7200	24	20	15	22	20	14	24	12	17	16	17	16	15	11	13	14	118
7250	25	20	15	22	20	14	24	13	17	16	17	17	15	11	13	14	120
7300	25	21	15	22	20	13	24	13	17	16	18	17	15	11	13	14	119
7350	25	21	15	22	20	13	24	13	17	16	18	17	15	11	13	14	119
7400	25	21	15	22	20	13	24	13	17	16	18	17	15	11	13	14	120
7450	25	21	15	22	20	13	24	13	17	16	19	17	16	11	13	14	119
7500	25	21	15	22	20	13	24	13	17	16	19	17	16	11	13	14	119
7550	25	21	15	22	20	13	24	13	17	16	19	17	16	11	13	14	119
7600	25	21	15	22	20	13	24	14	17	16	20	17	16	11	13	14	121
7650	25	21	15	22	20	13	24	14	17	16	19	17	17	11	13	14	123
7700	25	21	15	22	20	13	24	14	17	16	19	17	17	11	13	14	123
7750	25	21	15	22	20	13	24	14	17	16	20	17	17	11	13	14	124
7800	25	22	16	22	20	13	24	14	17	15	20	17	17	11	13	14	123
7850	25	22	16	22	20	13	24	14	17	15	20	17	17	11	13	14	123
7900	25	22	16	22	20	13	24	14	17	15	20	17	17	11	13	14	122
7950	25	22	16	22	20	13	24	14	17	15	20	17	17	11	13	14	122
8000	25	23	16	22	20	13	24	15	17	15	20	17	18	11	13	14	125
8050	25	23	16	22	20	13	24	16	17	15	21	17	19	11	13	14	126
8100	25	23	17	22	20	13	24	16	17	15	20	17	19	11	13	14	126
8150	25	23	17	22	20	13	24	17	17	15	20	17	19	11	14	14	128
8200	25	23	17	22	20	13	24	17	17	15	20	17	19	11	14	14	128
8250	25	24	17	22	20	13	24	19	17	15	20	17	19	11	14	14	131
8300	25	24	17	22	20	13	24	19	17	15	20	17	20	11	15	14	132
8350	25	24	18	22	20	13	24	19	17	15	20	17	20	12	15	14	133
8400	25	24	18	22	20	13	24	19	17	15	20	17	20	12	15	14	134
8450	25	24	18	22	20	13	23	19	17	15	20	17	20	13	15	14	135
8500	25	25	17	22	20	13	22	19	17	15	20	17	20	13	15	14	135
8550	25	25	17	21	20	13	22	18	17	15	20	17	21	14	15	14	136
8600	25	25	18	21	20	13	22	18	17	15	20	17	21	14	15	14	137
8650	25	25	19	21	20	13	22	18	17	15	20	17	21	14	15	14	136
8700	25	25	19	21	20	13	22	18	17	15	20	16	21	14	16	14	137
8750	24	25	20	21	20	13	22	19	17	15	20	16	21	14	16	14	139
8800	24	26	21	21	20	14	22	19	17	15	20	16	21	14	16	14	140
8850	22	26	21	21	20	14	22	19	17	15	21	16	21	14	16	14	140
8900	21	27	22	21	20	14	22	19	17	15	21	16	21	15	16	14	143
8950	21	27	23	21	20	14	22	19	17	15	21	16	21	15	16	14	144
9000	21	26	24	21	20	14	22	19	17	15	21	16	21	15	16	14	142
9050	21	27	25	21	20	14	22	19	17	15	22	16	22	15	17	15	147
9100	21	27	25	21	20	14	22	20	17	15	22	16	22	15	17	16	148
9150	21	28	25	21	20	14	22	20	17	15	22	16	22	15	17	17	150
9200	21	28	25	21	20	15	22	20	16	15	21	16	22	15	18	17	152
9250	21	28	25	21	20	15	22	19	16	15	21	16	22	15	18	16	151
9300	21	28	25	21	20	15	23	19	16	15	22	16	22	15	18	16	151
9350	21	27	25	21	20	16	24	19	16	15	24	16	22	15	18	16	154
9400	21	27	25	21	20	16	25	19	16	15	24	16	22	15	18	16	155
9450	21	27	25	21	20	16	25	20	16	15	24	16	22	15	18	16	156
9500	21	27	25	21	20	16	26	21	16	15	24	16	22	15	18	16	157
9550	21	25	25	21	20	16	26	21	16	15	24	16	22	15	18	16	155
9600	21	24	25	21	20	16	26	21	16	15	25	16	22	15	18	16	156
9650	21	25	25	21	20	17	26	22	16	15	25	16	22	15	18	18	158
9700	21	25	25	21	20	18	26	23	17	15	25	17	22	15	19	18	162
9750	21	25	25	21	20	18	26	22	17	15	25	17	22	14	19	18	162
9800	21	25	25	21	20	18	26	21	17	15	25	17	22	14	19	19	163
9850	21	25	25	21	20	18	26	21	17	15	25	17	22	14	19	19	163
9900	21	25	25	21	20	18	26	23	17	15	25	17	22	14	19	19	165
9950	21	25	25	21	20	18	27	23	17	15	25	17	22	14	19	19	165
10000	21	25	25	21	20	18	27	23	17	15	26	17	22	14	19	19	166
10050	22	25	25	21	21	19	29	23	18	16	26	17	23	16	19	19	169
10100	23	26	25	22	21	19	30	23	18	16	27	18	24	18	21	20	177
10150	23	27	25	22	21	20	30	24	19	18	27	19	24	18	21	20	179
10200	23	28	25	22	23	21	30	24	20	18	28	21	24	18	21	20	184
10250	24	29	26	23	24	23	31	24	20	18	30	21	25	20	21	20	190
10300	24	29	26	24	24	24	31	28	21	21	31	22	25	20	21	21	196
10350	24	29	27	24	24	24	31	30	21	21	31	22	25	20	22	23	199
10400	24	30	27	24	24	25	32	30	21	21	33	22	26	20	22	24	201
10450	24	30	27	27	25	27	32	30	21	21	33	23	27	20	22	25	203
10500	24	31	27	28	25	28	32	30	21	22	32	23	29	21	24	25	209
10550	25	31	27	28	26	28	32	30	21	22	31	23	30	21	26	25	211
10600	25	32	27	29	26	28	32	30	23	22	31	24	30	21	29	25	215
10650	25	32	27	29	26	28	32	30	24	23	31	24	30	22	29	25	217
10700	25	33	27	30	26	28	32	30	24	23	31	24	30	23	30	25	220
10750	25	33	27	31	26	28	32	30	25	23	31	26	30	23	31	25	219
10800	25	33	27	31	26	28	33	30	25	23	31	26	31	23	31	25	218
10850	25	33	27	33	26	28	34	30	25	23	32	26	31	24	32	25	222
10900	25	33	27	33	26	28	35	30	25	23	32	26	31	24	33	24	223
10950	25	33	27	33	26	28	35	30	25	23	32	27	31	24	33	24	223
11000	25	34	27	33	26	28	35	30	26	23	32	27	31	24	34	24	225
11050	25	34	27	33	26	28	35	30	27	23	32	27	31	24	34	24	224
11100	25	34	27	33	27	28	35	30	27	23	32	27	31	24	34	24	223
11150	25	34	27	33	27	28	34	30	28	23	32	27	31	24	34	24	222
11200	25	34	27	33	27	28	34	30	28	23	32	28	31	24	34	24	221
11250	25	34	27	33	27	28	34	30	27	23	33	28	31	24	34	24	221
11300	25	34	27	33	27	28	34	30	28	23	33	28	31	25	34	24	223
11350	25	34	27	33	27	28	35	30	29	23	33	29	31	25	34	24	224
11400	25	34	27	33	27	28	35	30	29	23	33	29	31	25	34	24	223
11450	25	34	27	33	27	28	35	30	30	23	33	30	31	25	34	24	225
11500	25	34	27	33	27	28	35	30	30	23	33	29	30	25	34	24	224
11550	25	34	27	33	27	28	35	30	30	23	33	29	29	25	34	24	222
11600	25	34	27	33	27	28	36	30	30	23	33	29	29	25	34	24	224
11650	25	34	27	33	27	28	36	30	30	23	33	29	29	25	34	24	222
11700	25	34	27	33	27	28	36	30	30	23	33	30	29	25	34	24	222
11750	25	34	27	32	27	28	36	30	30	23	33	31	29	25	34	24	223
11800	25	34	27	32	27	28	37	30	30	23	33	33	29	25	34	24	227
11850	25	34	27	32	27	28	38	30	30	23	34	33	29	25	34	24	228
11900	25	34	27	32	27	29	38	30	30	23	34	33	29	25	34	24	228
11950	25	34	28	32	27	29	38	30	30	23	35	33	29	25	34	24	230
12000	25	34	29	32	27	29	38	30	30	23	35	33	29	25	34	24	231
12050	25	34	29	32	27	29	39	30	30	22	35	32	27	25	34	24	231
12100	26	34	30	32	27	29	39	30	30	22	35	34	27	25	35	24	234
12150	26	34	30	32	27	29	39	30	30	23	35	34	27	25	35	24	233
12200	26	34	31	32	27	29	40	30	30	22	35	34	27	25	35	24	234
12250	27	34	32	32	27	29	40	30	30	22	34	34	27	25	35	24	232
12300	27	34	33	32	27	29	40	30	30	22	34	34	27	25	34	24	232
12350	27	34	33	32	27	29	40	30	31	22	33	34	27	25	34	25	230
12400	28	34	34	32	27	29	40	30	31	23	33	35	27	25	35	26	232
12450	28	34	34	32	27	29	40	30	31	22	33	35	27	25	36	26	231
12500	28	34	34	32	27	29	40	30	32	22	33	35	27	26	36	27	232
12550	29	34	34	32	27	29	40	30	32	22	33	34	27	27	36	28	234
12600	29	34	34	32	27	29	40	30	33	22	33	34	27	27	36	28	233
12650	29	34	34	32	27	29	40	30	33	21	33	34	27	27	36	28	233
12700	29	34	34	32	27	29	40	29	33	21	33	34	27	27	37	29	236
12750	29	34	34	32	28	29	40	29	33	20	33	34	27	27	37	30	237
12800	30	34	35	32	28	29	40	29	35	23	33	34	27	27	37	32	243
12850	31	34	35	32	28	29	40	29	35	23	33	33	27	27	37	32	244
12900	31	34	35	32	28	29	40	29	35	23	33	33	27	27	37	32	243
12950	31	34	36	32	28	29	40	29	34	23	33	32	27	27	37	32	243
13000	32	34	36	32	28	29	40	29	34	23	33	32	27	27	37	32	242
13050	32	34	36	32	28	29	39	29	34	23	33	32	28	27	37	32	241
13100	32	34	37	32	28	29	39	29	34	24	33	32	28	27	37	32	240
13150	32	34	37	32	28	29	39	28	35	26	33	32	28	27	37	32	242
13200	32	34	37	32	28	29	39	28	35	25	34	32	28	27	36	32	240
13250	33	34	37	32	28	29	39	28	35	26	34	32	28	27	36	32	239
13300	33	34	38	32	28	29	38	28	35	26	34	32	28	27	36	33	240
13350	33	34	38	32	28	28	38	28	35	26	34	33	28	27	36	33	239
13400	33	34	38	32	28	28	38	28	35	26	34	33	28	27	36	33	239
13450	33	34	38	32	28	28	38	30	35	26	34	33	28	27	36	33	237
13500	33	34	39	32	28	28	38	30	35	26	34	33	29	28	36	33	238
13550	33	34	39	32	28	28	38	30	35	26	34	33	29	28	35	33	239
13600	33	34	39	32	28	28	39	30	35	26	34	34	29	27	34	33	240
13650	33	33	39	32	28	28	38	29	35	26	34	33	29	27	34	31	240
13700	33	33	39	32	28	28	38	29	35	26	34	33	30	27	34	31	241
13750	34	33	39	33	28	28	38	30	35	26	34	35	30	27	34	31	244
13800	34	33	39	33	28	29	38	31	35	26	34	35	30	26	34	31	243
13850	34	33	39	33	28	29	38	32	35	26	34	36	30	26	34	31	245
13900	33	32	39	33	28	29	38	32	36	26	34	36	30	27	34	31	246
13950	33	32	38	33	28	29	38	33	36	26	34	37	31	27	34	31	245
14000	32	32	38	33	28	29	38	33	36	26	34	37	31	27	34	31	245
14050	32	32	38	33	28	29	38	33	36	26	34	37	31	27	34	31	246
14100	32	32	38	33	28	29	38	33	36	26	34	37	31	27	34	31	246
14150	32	32	38	33	28	29	38	33	36	26	34	37	31	27	34	31	246
14200	32	32	38	33	28	29	38	33	36	26	34	38	31	28	34	31	248
14250	32	32	38	33	28	29	38	33	36	26	34	37	31	28	34	31	247
14300	32	32	38	33	27	29	38	33	36	26	34	37	31	28	34	31	245
14350	32	31	38	33	27	29	38	33	36	25	34	37	31	29	34	31	247
14400	32	31	38	33	27	29	38	34	35	25	34	37	31	29	34	31	248
14450	32	31	38	33	27	29	38	34	35	25	34	37	31	29	34	31	247
14500	32	31	36	33	27	29	38	34	35	25	34	37	31	29	33	31	244
14550	32	31	36	33	27	29	38	35	35	25	33	37	31	29	33	31	243
14600	32	31	36	33	27	29	38	35	35	25	34	38	31	29	33	31	246
14650	32	31	36	33	27	29	38	35	35	25	34	38	31	29	33	31	246
14700	32	31	36	33	27	29	38	35	33	25	34	38	31	29	33	31	247
14750	32	31	36	33	27	29	38	35	33	25	34	38	31	29	33	31	246
14800	32	31	36	33	27	29	38	35	32	25	34	38	31	29	33	31	244
14850	32	31	36	33	27	29	38	34	32	25	34	38	31	29	33	31	244
14900	32	31	36	33	27	29	38	34	32	25	34	38	32	29	33	31	246
14950	32	31	36	33	28	29	38	34	32	25	34	38	32	29	32	31	244
15000	32	31	36	33	28	29	38	34	32	25	34	39	33	29	31	31	244
15050	32	31	36	33	28	29	38	34	32	25	35	39	33	29	31	31	244
15100	32	31	36	33	28	29	38	34	32	25	35	39	33	30	31	31	245
15150	32	31	36	33	28	29	38	34	32	25	35	39	33	30	30	31	244
15200	32	31	36	33	28	29	37	34	32	25	35	39	33	30	30	31	243
15250	32	31	36	33	28	29	37	34	32	25	35	39	34	30	31	31	245
15300	32	31	36	33	28	29	37	34	32	25	35	39	34	30	32	31	245
15350	32	31	36	33	28	29	36	34	32	25	35	39	34	30	32	31	244
15400	32	31	36	33	28	29	36	34	32	25	35	39	35	30	32	31	245
15450	32	31	36	33	28	29	36	34	32	25	35	39	35	30	32	31	245
15500	32	31	36	33	28	29	36	33	32	25	35	39	36	30	32	31	246
15550	32	31	36	33	28	29	36	33	32	25	35	39	36	30	32	30	246
15600	32	30	36	33	28	29	36	33	32	25	35	39	36	30	32	30	246
15650	32	30	36	33	28	29	36	33	32	25	35	39	36	30	33	30	246
15700	32	30	36	33	28	29	36	33	32	25	35	39	36	30	33	30	245
15750	31	30	36	33	28	29	36	33	32	25	35	39	36	30	32	30	242
15800	31	30	36	33	28	29	36	33	32	25	34	39	36	30	32	30	240
15850	31	30	35	33	28	29	36	33	32	25	34	39	36	30	32	30	238
15900	31	30	35	33	28	29	36	33	32	25	34	39	36	30	32	30	238
15950	31	30	35	33	28	29	36	33	32	25	34	39	36	30	32	30	238
16000	31	30	35	33	28	29	36	33	32	25	34	39	36	30	32	30	238
16050	31	30	35	33	28	29	36	33	31	25	34	39	37	31	32	30	238
16100	31	30	34	33	28	30	36	33	31	25	34	38	37	31	32	30	238
16150	29	30	34	33	28	30	36	33	29	25	34	38	37	31	32	30	235
16200	29	30	34	33	28	31	36	33	29	25	34	38	37	31	32	30	235
16250	29	30	34	33	28	31	36	33	29	25	34	38	37	30	32	30	234
16300	29	30	34	33	28	31	36	33	29	25	34	38	37	30	32	31	235
16350	29	30	35	33	28	31	36	32	29	25	34	38	37	30	32	31	234
16400	29	30	35	33	28	31	36	32	29	25	34	38	37	30	32	31	234
16450	29	29	35	33	28	31	36	32	29	25	34	38	37	30	32	32	233
16500	29	29	36	33	28	31	36	31	28	25	34	38	37	30	32	32	233
16550	29	29	36	33	28	31	36	30	28	25	34	38	37	30	32	32	234
16600	29	29	36	32	28	30	36	30	28	25	34	38	37	31	32	32	235
16650	29	29	35	32	28	29	36	29	28	25	34	38	37	31	32	32	232
16700	29	29	35	32	28	29	36	29	28	25	33	38	37	32	32	32	232
16750	29	29	34	32	28	30	36	29	28	25	33	38	37	32	32	32	232
16800	29	29	34	32	28	30	35	29	28	25	33	38	37	32	32	32	230
16850	29	29	34	32	28	30	35	29	28	25	33	38	37	32	32	32	229
16900	29	29	35	32	28	30	35	29	28	25	33	38	38	32	32	32	229
16950	29	29	35	32	28	31	34	29	28	25	33	38	38	31	32	33	231
17000	29	29	35	32	28	31	34	29	28	25	33	38	38	31	32	33	231
17050	29	29	35	32	28	31	34	28	28	25	33	38	38	31	32	33	231
17100	29	29	35	32	28	31	34	27	28	25	33	38	38	32	31	33	230
17150	29	29	35	32	28	31	34	27	28	25	33	37	38	32	31	33	229
17200	29	29	35	32	28	31	34	27	28	26	33	37	38	33	31	33	230
17250	29	29	35	32	28	31	34	25	28	25	33	37	38	33	31	33	228
17300	29	29	35	32	28	31	34	25	27	25	33	37	38	34	31	33	228
17350	29	29	35	32	27	31	33	25	27	26	33	37	38	34	31	33	228
17400	29	29	35	32	27	31	33	25	27	26	33	37	38	34	31	33	229
17450	29	29	34	32	27	31	33	25	27	26	33	37	37	34	31	33	227
17500	29	29	34	32	27	31	33	25	28	27	33	37	37	34	31	33	228
17550	29	29	34	32	27	31	33	25	28	27	33	37	36	34	31	33	227
17600	29	29	34	32	27	31	33	25	28	27	33	37	36	34	31	33	227
17650	29	29	35	32	27	31	33	26	28	26	33	37	35	34	31	33	228
17700	30	29	35	32	27	32	33	26	28	26	33	37	34	34	31	33	228
17750	30	29	35	32	27	33	33	26	28	26	33	37	34	36	31	32	229
17800	30	29	35	32	27	33	33	26	29	27	33	37	34	36	31	32	233
17850	31	29	34	32	27	33	33	26	30	27	33	37	34	36	31	32	232
17900	31	29	34	32	27	33	33	25	30	27	32	37	35	35	31	32	233
17950	31	29	34	32	27	33	33	25	30	27	32	37	35	35	31	32	231
18000	31	29	34	32	27	34	33	24	30	27	32	37	35	35	31	32	230
18050	31	29	33	32	27	34	33	24	30	28	32	37	36	35	31	32	229
18100	31	29	33	32	27	34	33	24	30	28	32	37	36	35	31	32	229
18150	31	29	35	32	27	34	32	24	30	28	32	37	36	35	31	32	229
18200	31	29	35	32	27	34	32	24	30	28	32	36	36	35	31	32	229
18250	31	29	35	32	27	34	32	24	30	28	32	36	36	35	31	32	229
18300	32	29	35	32	27	34	32	24	30	28	32	36	37	35	31	32	229
18350	32	29	35	32	27	34	32	24	29	28	32	36	38	35	31	32	230
18400	32	28	35	32	27	34	32	24	28	28	31	36	38	35	31	32	228
18450	32	28	35	32	27	35	32	24	29	28	31	36	38	35	31	32	231
18500	32	28	35	32	27	35	32	25	29	28	31	36	39	35	31	32	232
18550	33	28	35	32	27	35	32	25	30	28	31	36	39	35	31	32	234
18600	32	28	35	32	27	35	32	25	30	28	31	36	39	35	31	32	234
18650	32	28	34	32	27	35	32	26	31	28	31	36	39	35	31	32	232
18700	32	28	34	32	27	35	32	27	31	28	31	36	40	35	31	32	233
18750	32	28	34	32	27	35	32	27	31	29	31	36	40	35	31	32	234
18800	32	28	34	32	27	35	32	27	31	29	31	36	38	35	31	32	233
18850	32	28	34	32	27	35	32	27	31	29	31	36	38	35	31	32	233
18900	32	28	34	32	27	35	32	27	31	29	31	36	38	35	31	32	233
18950	33	28	34	32	27	35	32	28	31	27	31	36	38	35	31	32	236
19000	33	28	34	32	27	35	32	28	31	27	31	36	38	35	31	32	236
19050	33	28	34	32	27	35	32	28	31	27	31	36	38	35	31	32	236
19100	33	28	34	32	27	35	32	28	31	27	31	36	38	35	31	32	236
19150	33	28	34	32	27	35	32	27	31	27	31	36	38	34	31	32	236
19200	33	28	34	32	27	35	32	27	32	27	30	35	38	34	31	32	237
19250	33	28	34	32	27	35	32	27	32	27	30	35	38	33	31	32	236
19300	33	29	34	32	27	35	32	27	33	28	30	35	38	33	31	32	239
19350	32	31	34	32	27	35	32	26	33	28	30	35	38	33	31	32	237
19400	32	32	34	32	27	35	32	26	33	28	30	35	38	33	31	32	238
19450	32	33	34	32	27	35	32	26	33	29	30	35	39	33	31	32	239
19500	32	33	34	32	27	35	32	25	35	29	30	35	39	33	31	31	239
19550	32	33	34	32	27	35	32	25	35	29	30	35	39	33	31	31	239
19600	32	32	34	32	27	35	32	25	35	29	30	35	39	33	31	31	239
19650	32	33	34	32	28	35	32	25	35	28	30	35	39	33	31	31	239
19700	32	33	34	32	28	35	32	25	35	27	30	35	39	32	31	31	237
19750	32	33	34	32	29	35	32	25	35	27	30	35	39	32	31	31	237
19800	32	33	34	32	29	35	33	26	35	27	30	35	39	32	30	31	238
19850	31	33	34	32	30	35	33	26	35	28	30	35	39	32	30	31	238
19900	31	33	34	32	30	35	33	26	35	28	30	35	39	32	30	31	238
19950	31	33	34	32	30	35	33	27	35	28	30	35	39	32	30	31	239
20000	31	33	34	32	30	35	33	27	34	28	30	35	39	32	30	31	240
