0	0.0	0.0	0.0	0.0	0.0	0.0	0.0	0.0	0.0	0.0	0.0	0.0	0.0	0.0	0.0	0.0
50	0.0	0.0	0.0	0.0	0.0	0.0	0.0	0.0	0.0	0.0	0.0	0.0	0.0	0.0	0.0	0.0
100	0.0	0.0	0.0	0.0	0.0	0.0714285714286	0.0666666666667	0.0	0.0	0.0555555555556	0.0555555555556	0.0	0.0	0.0	0.0	0.0
150	0.0588235294118	0.0909090909091	0.0	0.133333333333	0.1	0.0555555555556	0.0909090909091	0.157894736842	0.05	0.0833333333333	0.05	0.0	0.04	0.133333333333	0.0	0.0555555555556
200	0.047619047619	0.0869565217391	0.0	0.105263157895	0.0714285714286	0.142857142857	0.206896551724	0.148148148148	0.0357142857143	0.129032258065	0.103448275862	0.0357142857143	0.114285714286	0.0952380952381	0.0	0.142857142857
250	0.0384615384615	0.133333333333	0.0454545454545	0.185185185185	0.227272727273	0.212121212121	0.222222222222	0.2	0.171428571429	0.171428571429	0.166666666667	0.0833333333333	0.181818181818	0.08	0.0294117647059	0.172413793103
300	0.0625	0.125	0.0769230769231	0.193548387097	0.310344827586	0.25	0.238095238095	0.222222222222	0.209302325581	0.209302325581	0.186046511628	0.155555555556	0.24	0.0967741935484	0.05	0.2
350	0.108108108108	0.153846153846	0.103448275862	0.216216216216	0.333333333333	0.244897959184	0.291666666667	0.288888888889	0.25	0.24	0.22	0.14	0.28	0.157894736842	0.047619047619	0.243902439024
400	0.173913043478	0.26	0.147058823529	0.282608695652	0.325	0.24	0.3	0.28	0.28	0.28	0.26	0.16	0.34	0.159090909091	0.0434782608696	0.272727272727
450	0.2	0.34	0.170731707317	0.3	0.333333333333	0.32	0.38	0.34	0.3	0.32	0.34	0.24	0.4	0.18	0.12	0.3125
500	0.26	0.38	0.24	0.4	0.38	0.34	0.4	0.36	0.34	0.3	0.32	0.24	0.46	0.2	0.18	0.38
550	0.34	0.4	0.36	0.46	0.44	0.34	0.36	0.34	0.42	0.34	0.34	0.24	0.5	0.24	0.24	0.44
600	0.36	0.4	0.36	0.46	0.48	0.38	0.42	0.38	0.44	0.34	0.38	0.3	0.6	0.28	0.3	0.52
650	0.42	0.42	0.46	0.44	0.52	0.36	0.44	0.4	0.38	0.34	0.36	0.34	0.6	0.36	0.36	0.56
700	0.46	0.44	0.46	0.48	0.5	0.4	0.4	0.4	0.38	0.36	0.4	0.36	0.64	0.4	0.42	0.58
750	0.48	0.46	0.44	0.46	0.48	0.48	0.46	0.42	0.42	0.38	0.44	0.38	0.66	0.4	0.5	0.54
800	0.52	0.54	0.48	0.46	0.52	0.5	0.46	0.48	0.44	0.42	0.44	0.46	0.66	0.48	0.6	0.56
850	0.54	0.48	0.5	0.5	0.58	0.52	0.46	0.48	0.48	0.46	0.48	0.44	0.66	0.56	0.64	0.54
900	0.58	0.48	0.48	0.52	0.62	0.6	0.52	0.52	0.5	0.52	0.48	0.44	0.66	0.62	0.72	0.54
950	0.6	0.5	0.48	0.48	0.62	0.64	0.56	0.58	0.54	0.6	0.54	0.44	0.62	0.76	0.74	0.5
1000	0.62	0.52	0.46	0.46	0.58	0.7	0.6	0.6	0.54	0.6	0.52	0.5	0.62	0.66	0.76	0.5
1050	0.62	0.52	0.48	0.46	0.6	0.7	0.66	0.62	0.54	0.6	0.52	0.54	0.62	0.72	0.78	0.5
1100	0.6	0.48	0.5	0.48	0.58	0.72	0.64	0.6	0.62	0.62	0.56	0.54	0.66	0.68	0.76	0.5
1150	0.54	0.52	0.52	0.5	0.56	0.7	0.66	0.62	0.64	0.62	0.54	0.5	0.64	0.66	0.76	0.5
1200	0.48	0.52	0.56	0.58	0.58	0.7	0.7	0.62	0.64	0.62	0.54	0.54	0.66	0.62	0.8	0.5
1250	0.48	0.5	0.54	0.54	0.56	0.72	0.66	0.64	0.66	0.64	0.58	0.5	0.7	0.6	0.8	0.56
1300	0.52	0.54	0.56	0.58	0.58	0.68	0.64	0.68	0.76	0.66	0.62	0.56	0.72	0.56	0.8	0.54
1350	0.56	0.6	0.58	0.6	0.52	0.66	0.66	0.68	0.74	0.64	0.6	0.6	0.72	0.58	0.82	0.58
1400	0.54	0.62	0.58	0.66	0.56	0.68	0.66	0.68	0.8	0.6	0.62	0.56	0.7	0.58	0.82	0.58
1450	0.6	0.66	0.58	0.62	0.58	0.68	0.58	0.62	0.82	0.6	0.68	0.52	0.7	0.62	0.84	0.6
1500	0.6	0.64	0.6	0.64	0.62	0.62	0.64	0.68	0.8	0.64	0.7	0.58	0.72	0.62	0.82	0.62
1550	0.7	0.68	0.58	0.68	0.6	0.66	0.68	0.68	0.84	0.62	0.74	0.6	0.68	0.64	0.84	0.68
1600	0.72	0.72	0.58	0.6	0.6	0.66	0.68	0.72	0.86	0.58	0.7	0.62	0.68	0.68	0.78	0.68
1650	0.68	0.72	0.62	0.62	0.62	0.64	0.68	0.74	0.84	0.56	0.7	0.62	0.68	0.7	0.72	0.68
1700	0.62	0.7	0.64	0.62	0.62	0.66	0.68	0.74	0.82	0.62	0.68	0.58	0.62	0.7	0.7	0.7
1750	0.64	0.72	0.62	0.64	0.66	0.68	0.64	0.72	0.82	0.64	0.68	0.58	0.6	0.7	0.7	0.68
1800	0.64	0.74	0.7	0.62	0.68	0.66	0.64	0.72	0.82	0.62	0.68	0.64	0.66	0.74	0.7	0.72
1850	0.66	0.78	0.72	0.7	0.66	0.68	0.68	0.72	0.82	0.66	0.66	0.64	0.64	0.72	0.68	0.72
1900	0.68	0.82	0.7	0.7	0.68	0.7	0.72	0.72	0.78	0.72	0.68	0.64	0.68	0.68	0.7	0.72
1950	0.68	0.82	0.72	0.7	0.76	0.76	0.72	0.74	0.78	0.74	0.68	0.66	0.74	0.66	0.72	0.7
2000	0.72	0.82	0.76	0.74	0.78	0.74	0.68	0.72	0.78	0.72	0.72	0.64	0.74	0.68	0.76	0.68
2050	0.74	0.78	0.72	0.74	0.74	0.8	0.72	0.68	0.76	0.74	0.74	0.62	0.76	0.7	0.76	0.72
2100	0.7	0.78	0.7	0.74	0.72	0.82	0.74	0.74	0.76	0.76	0.78	0.68	0.74	0.72	0.78	0.62
2150	0.7	0.76	0.66	0.72	0.7	0.84	0.7	0.7	0.72	0.76	0.8	0.7	0.72	0.74	0.78	0.6
2200	0.7	0.7	0.64	0.68	0.7	0.84	0.74	0.68	0.76	0.7	0.76	0.7	0.74	0.76	0.78	0.6
2250	0.66	0.68	0.68	0.68	0.68	0.82	0.74	0.7	0.78	0.68	0.74	0.7	0.68	0.8	0.78	0.56
2300	0.7	0.7	0.7	0.68	0.64	0.76	0.74	0.74	0.78	0.7	0.72	0.7	0.64	0.86	0.78	0.54
2350	0.74	0.7	0.7	0.7	0.62	0.74	0.74	0.8	0.82	0.72	0.72	0.74	0.66	0.88	0.78	0.52
2400	0.72	0.64	0.68	0.66	0.62	0.72	0.74	0.8	0.8	0.74	0.7	0.8	0.6	0.86	0.78	0.48
2450	0.72	0.66	0.72	0.7	0.64	0.68	0.76	0.8	0.8	0.76	0.74	0.84	0.58	0.86	0.78	0.52
2500	0.76	0.64	0.74	0.66	0.7	0.68	0.8	0.82	0.74	0.74	0.76	0.84	0.56	0.86	0.76	0.56
2550	0.74	0.66	0.74	0.7	0.7	0.62	0.82	0.82	0.74	0.74	0.8	0.86	0.6	0.84	0.74	0.56
2600	0.72	0.68	0.72	0.76	0.72	0.66	0.82	0.84	0.8	0.74	0.82	0.82	0.62	0.84	0.76	0.58
2650	0.74	0.7	0.74	0.78	0.72	0.68	0.84	0.82	0.82	0.78	0.82	0.84	0.64	0.82	0.78	0.6
2700	0.74	0.66	0.72	0.78	0.72	0.76	0.82	0.8	0.78	0.76	0.8	0.82	0.68	0.82	0.78	0.66
2750	0.72	0.62	0.7	0.76	0.74	0.74	0.82	0.84	0.78	0.76	0.82	0.8	0.68	0.84	0.82	0.68
2800	0.72	0.66	0.7	0.8	0.78	0.76	0.82	0.82	0.82	0.76	0.8	0.78	0.7	0.84	0.82	0.72
2850	0.68	0.68	0.72	0.8	0.78	0.74	0.8	0.8	0.78	0.76	0.82	0.7	0.7	0.82	0.8	0.68
2900	0.72	0.76	0.74	0.84	0.8	0.74	0.76	0.78	0.78	0.74	0.8	0.7	0.68	0.84	0.78	0.7
2950	0.8	0.84	0.76	0.82	0.82	0.74	0.78	0.78	0.8	0.8	0.82	0.7	0.72	0.84	0.84	0.68
3000	0.84	0.86	0.78	0.84	0.8	0.78	0.76	0.78	0.86	0.8	0.84	0.74	0.72	0.86	0.86	0.68
3050	0.86	0.88	0.78	0.88	0.8	0.72	0.74	0.76	0.84	0.8	0.82	0.74	0.7	0.88	0.84	0.68
3100	0.86	0.88	0.82	0.86	0.78	0.7	0.74	0.74	0.84	0.8	0.82	0.74	0.7	0.88	0.82	0.7
3150	0.84	0.86	0.84	0.86	0.82	0.74	0.7	0.66	0.78	0.76	0.78	0.74	0.72	0.82	0.8	0.66
3200	0.88	0.86	0.82	0.84	0.8	0.74	0.72	0.7	0.76	0.78	0.76	0.76	0.74	0.84	0.8	0.68
3250	0.92	0.86	0.82	0.86	0.8	0.76	0.74	0.7	0.78	0.78	0.82	0.82	0.7	0.88	0.82	0.7
3300	0.82	0.8	0.82	0.82	0.82	0.78	0.7	0.74	0.82	0.8	0.8	0.84	0.7	0.86	0.86	0.66
3350	0.8	0.78	0.82	0.82	0.82	0.8	0.7	0.74	0.78	0.82	0.8	0.86	0.7	0.86	0.82	0.64
3400	0.76	0.78	0.84	0.82	0.84	0.78	0.74	0.76	0.82	0.82	0.86	0.82	0.74	0.84	0.8	0.64
3450	0.78	0.74	0.86	0.78	0.84	0.78	0.72	0.78	0.84	0.84	0.88	0.82	0.72	0.82	0.8	0.66
3500	0.74	0.72	0.86	0.78	0.84	0.78	0.68	0.8	0.84	0.8	0.84	0.76	0.68	0.84	0.74	0.62
3550	0.7	0.74	0.88	0.78	0.8	0.72	0.66	0.86	0.82	0.8	0.84	0.76	0.68	0.8	0.74	0.58
3600	0.68	0.76	0.86	0.82	0.76	0.66	0.66	0.84	0.78	0.82	0.84	0.78	0.66	0.82	0.72	0.62
3650	0.68	0.76	0.86	0.8	0.78	0.66	0.68	0.82	0.8	0.74	0.84	0.76	0.64	0.8	0.7	0.62
3700	0.72	0.72	0.78	0.78	0.76	0.64	0.64	0.8	0.8	0.76	0.84	0.72	0.58	0.78	0.68	0.58
3750	0.72	0.74	0.78	0.76	0.76	0.64	0.64	0.8	0.82	0.76	0.8	0.72	0.6	0.74	0.64	0.62
3800	0.72	0.8	0.74	0.76	0.74	0.62	0.64	0.8	0.82	0.78	0.8	0.74	0.6	0.78	0.68	0.64
3850	0.72	0.8	0.7	0.74	0.7	0.58	0.58	0.8	0.84	0.76	0.8	0.76	0.62	0.8	0.72	0.62
3900	0.76	0.78	0.66	0.76	0.7	0.62	0.58	0.82	0.84	0.82	0.84	0.8	0.64	0.84	0.78	0.62
3950	0.78	0.76	0.64	0.76	0.68	0.66	0.64	0.8	0.82	0.82	0.86	0.88	0.64	0.86	0.74	0.64
4000	0.78	0.8	0.66	0.76	0.68	0.66	0.58	0.76	0.84	0.82	0.88	0.84	0.6	0.84	0.72	0.7
4050	0.76	0.8	0.64	0.76	0.74	0.68	0.6	0.76	0.82	0.84	0.88	0.88	0.58	0.84	0.72	0.64
4100	0.72	0.76	0.72	0.76	0.74	0.64	0.64	0.78	0.84	0.82	0.9	0.86	0.6	0.92	0.76	0.66
4150	0.76	0.76	0.74	0.76	0.74	0.64	0.68	0.78	0.82	0.84	0.86	0.82	0.58	0.92	0.76	0.68
4200	0.7	0.78	0.74	0.8	0.74	0.62	0.7	0.78	0.82	0.82	0.82	0.8	0.6	0.92	0.76	0.66
4250	0.74	0.74	0.8	0.78	0.74	0.66	0.66	0.84	0.86	0.84	0.8	0.74	0.56	0.94	0.78	0.64
4300	0.7	0.72	0.84	0.74	0.8	0.66	0.66	0.82	0.84	0.82	0.78	0.7	0.5	0.92	0.8	0.62
4350	0.7	0.72	0.86	0.78	0.86	0.68	0.7	0.82	0.88	0.8	0.74	0.68	0.54	0.9	0.78	0.6
4400	0.72	0.7	0.84	0.76	0.88	0.72	0.68	0.82	0.9	0.82	0.76	0.72	0.58	0.88	0.88	0.58
4450	0.74	0.68	0.84	0.74	0.9	0.7	0.7	0.82	0.9	0.84	0.76	0.7	0.64	0.86	0.86	0.62
4500	0.8	0.72	0.86	0.74	0.92	0.72	0.7	0.8	0.86	0.8	0.78	0.66	0.62	0.84	0.84	0.58
4550	0.84	0.68	0.82	0.74	0.96	0.76	0.7	0.8	0.86	0.78	0.8	0.68	0.58	0.82	0.82	0.6
4600	0.86	0.68	0.82	0.74	0.94	0.84	0.68	0.72	0.82	0.8	0.78	0.68	0.64	0.78	0.82	0.68
4650	0.82	0.68	0.82	0.8	0.94	0.86	0.68	0.64	0.82	0.8	0.86	0.7	0.64	0.72	0.8	0.7
4700	0.82	0.68	0.8	0.8	0.94	0.86	0.72	0.64	0.84	0.8	0.86	0.74	0.66	0.7	0.78	0.72
4750	0.82	0.7	0.82	0.78	0.94	0.88	0.7	0.68	0.82	0.78	0.84	0.78	0.7	0.74	0.8	0.7
4800	0.84	0.74	0.8	0.78	0.9	0.88	0.7	0.68	0.82	0.8	0.84	0.76	0.68	0.76	0.8	0.72
4850	0.84	0.7	0.78	0.76	0.88	0.9	0.72	0.74	0.86	0.8	0.84	0.78	0.6	0.8	0.8	0.7
4900	0.82	0.66	0.8	0.76	0.9	0.94	0.74	0.68	0.84	0.82	0.8	0.8	0.58	0.76	0.8	0.72
4950	0.82	0.68	0.78	0.78	0.9	0.92	0.78	0.7	0.86	0.86	0.84	0.8	0.62	0.74	0.74	0.7
5000	0.82	0.64	0.8	0.74	0.9	0.86	0.74	0.76	0.86	0.86	0.84	0.82	0.58	0.8	0.7	0.72
5050	0.82	0.66	0.86	0.74	0.88	0.8	0.76	0.82	0.86	0.86	0.8	0.82	0.58	0.8	0.68	0.7
5100	0.86	0.68	0.84	0.74	0.84	0.78	0.72	0.74	0.86	0.84	0.82	0.8	0.58	0.74	0.68	0.72
5150	0.84	0.7	0.84	0.76	0.84	0.78	0.7	0.72	0.9	0.88	0.82	0.8	0.6	0.74	0.66	0.74
5200	0.84	0.7	0.86	0.76	0.76	0.66	0.7	0.68	0.92	0.88	0.84	0.86	0.62	0.72	0.64	0.74
5250	0.82	0.72	0.86	0.78	0.72	0.68	0.68	0.64	0.9	0.9	0.84	0.88	0.66	0.74	0.64	0.72
5300	0.82	0.72	0.86	0.76	0.72	0.64	0.66	0.72	0.9	0.86	0.86	0.9	0.7	0.82	0.64	0.7
5350	0.82	0.78	0.88	0.78	0.68	0.6	0.68	0.74	0.9	0.86	0.9	0.9	0.74	0.86	0.68	0.68
5400	0.82	0.78	0.86	0.8	0.7	0.62	0.74	0.74	0.9	0.84	0.84	0.88	0.72	0.86	0.7	0.7
5450	0.76	0.78	0.86	0.8	0.74	0.64	0.7	0.74	0.86	0.84	0.84	0.86	0.72	0.86	0.68	0.68
5500	0.74	0.76	0.86	0.8	0.76	0.64	0.7	0.7	0.86	0.82	0.8	0.86	0.74	0.84	0.7	0.7
5550	0.68	0.76	0.82	0.8	0.8	0.66	0.7	0.7	0.82	0.84	0.8	0.86	0.76	0.82	0.72	0.68
5600	0.72	0.8	0.8	0.8	0.86	0.72	0.74	0.7	0.8	0.86	0.78	0.86	0.76	0.86	0.72	0.72
5650	0.74	0.8	0.82	0.8	0.88	0.74	0.78	0.74	0.76	0.8	0.68	0.82	0.76	0.88	0.74	0.72
5700	0.72	0.76	0.8	0.78	0.86	0.72	0.74	0.76	0.74	0.8	0.68	0.84	0.76	0.9	0.78	0.72
5750	0.68	0.8	0.82	0.76	0.88	0.76	0.76	0.72	0.74	0.86	0.68	0.82	0.78	0.84	0.78	0.74
5800	0.7	0.76	0.76	0.72	0.9	0.78	0.76	0.68	0.74	0.88	0.68	0.82	0.76	0.78	0.8	0.78
5850	0.74	0.76	0.72	0.72	0.92	0.84	0.72	0.68	0.74	0.88	0.72	0.86	0.78	0.78	0.82	0.8
5900	0.78	0.74	0.72	0.68	0.86	0.82	0.74	0.7	0.76	0.88	0.76	0.86	0.74	0.76	0.78	0.76
5950	0.76	0.68	0.76	0.66	0.86	0.84	0.76	0.74	0.76	0.86	0.74	0.86	0.7	0.78	0.78	0.76
6000	0.74	0.68	0.76	0.64	0.86	0.84	0.78	0.74	0.82	0.9	0.78	0.84	0.7	0.72	0.7	0.76
6050	0.76	0.66	0.78	0.66	0.86	0.86	0.8	0.78	0.84	0.88	0.74	0.82	0.72	0.66	0.7	0.72
6100	0.78	0.64	0.78	0.64	0.82	0.76	0.76	0.78	0.82	0.88	0.78	0.82	0.74	0.7	0.74	0.74
6150	0.76	0.64	0.78	0.64	0.8	0.74	0.76	0.78	0.82	0.86	0.76	0.8	0.8	0.76	0.72	0.76
6200	0.8	0.64	0.74	0.66	0.8	0.7	0.76	0.8	0.84	0.86	0.74	0.78	0.82	0.82	0.78	0.78
6250	0.84	0.62	0.72	0.64	0.8	0.7	0.74	0.84	0.82	0.84	0.72	0.74	0.84	0.86	0.74	0.76
6300	0.84	0.68	0.74	0.68	0.8	0.66	0.74	0.86	0.82	0.84	0.74	0.8	0.86	0.96	0.78	0.82
6350	0.84	0.74	0.78	0.76	0.8	0.62	0.74	0.9	0.84	0.82	0.74	0.76	0.84	1.0	0.82	0.8
6400	0.84	0.78	0.76	0.8	0.8	0.6	0.74	0.92	0.86	0.88	0.82	0.8	0.82	0.98	0.82	0.78
6450	0.86	0.82	0.8	0.84	0.8	0.62	0.76	0.86	0.84	0.84	0.84	0.8	0.78	0.94	0.82	0.78
6500	0.84	0.78	0.78	0.86	0.8	0.66	0.76	0.84	0.82	0.82	0.84	0.78	0.76	0.92	0.8	0.72
6550	0.8	0.8	0.76	0.9	0.78	0.64	0.82	0.84	0.84	0.8	0.84	0.76	0.72	0.92	0.8	0.68
6600	0.78	0.78	0.8	0.88	0.8	0.62	0.8	0.82	0.84	0.8	0.82	0.68	0.7	0.92	0.8	0.72
6650	0.78	0.7	0.8	0.82	0.8	0.64	0.8	0.8	0.84	0.78	0.84	0.7	0.7	0.9	0.8	0.72
6700	0.78	0.68	0.78	0.82	0.82	0.64	0.8	0.78	0.86	0.8	0.88	0.7	0.7	0.9	0.84	0.72
6750	0.74	0.68	0.78	0.8	0.84	0.68	0.8	0.78	0.82	0.82	0.88	0.72	0.72	0.9	0.86	0.7
6800	0.74	0.68	0.78	0.78	0.82	0.7	0.82	0.82	0.84	0.8	0.88	0.7	0.72	0.94	0.86	0.76
6850	0.74	0.7	0.8	0.76	0.78	0.74	0.8	0.8	0.84	0.82	0.86	0.7	0.76	0.9	0.86	0.78
6900	0.74	0.68	0.74	0.72	0.78	0.74	0.84	0.78	0.82	0.84	0.86	0.72	0.76	0.92	0.84	0.86
6950	0.76	0.72	0.76	0.68	0.78	0.74	0.84	0.8	0.84	0.86	0.9	0.72	0.78	0.9	0.84	0.84
7000	0.76	0.78	0.74	0.68	0.74	0.74	0.88	0.8	0.82	0.86	0.9	0.78	0.8	0.9	0.88	0.82
7050	0.78	0.78	0.76	0.72	0.74	0.74	0.88	0.78	0.82	0.92	0.9	0.88	0.82	0.88	0.88	0.82
7100	0.78	0.78	0.78	0.76	0.78	0.78	0.88	0.78	0.82	0.88	0.9	0.88	0.86	0.86	0.88	0.82
7150	0.74	0.8	0.78	0.76	0.74	0.8	0.88	0.8	0.82	0.88	0.9	0.9	0.88	0.84	0.88	0.84
7200	0.78	0.84	0.76	0.78	0.68	0.72	0.86	0.8	0.82	0.88	0.9	0.92	0.9	0.84	0.9	0.84
7250	0.84	0.84	0.76	0.84	0.7	0.68	0.84	0.8	0.86	0.9	0.94	0.94	0.86	0.86	0.9	0.8
7300	0.82	0.86	0.82	0.9	0.72	0.66	0.8	0.78	0.84	0.94	0.94	0.96	0.88	0.84	0.88	0.8
7350	0.82	0.84	0.84	0.86	0.78	0.68	0.82	0.82	0.86	0.94	0.94	0.92	0.9	0.84	0.86	0.84
7400	0.82	0.86	0.84	0.88	0.78	0.72	0.82	0.8	0.9	0.92	0.92	0.9	0.88	0.84	0.86	0.8
7450	0.8	0.86	0.84	0.9	0.82	0.74	0.84	0.82	0.9	0.94	0.92	0.9	0.84	0.84	0.88	0.76
7500	0.78	0.86	0.84	0.88	0.82	0.72	0.84	0.82	0.9	0.94	0.92	0.9	0.82	0.86	0.86	0.78
7550	0.8	0.86	0.84	0.9	0.82	0.74	0.82	0.78	0.9	0.9	0.84	0.9	0.84	0.82	0.86	0.78
7600	0.78	0.86	0.9	0.88	0.9	0.76	0.78	0.74	0.88	0.9	0.84	0.9	0.9	0.78	0.84	0.78
7650	0.78	0.82	0.88	0.88	0.9	0.78	0.82	0.72	0.9	0.9	0.86	0.9	0.86	0.78	0.8	0.78
7700	0.78	0.9	0.86	0.86	0.88	0.8	0.8	0.72	0.88	0.86	0.82	0.88	0.86	0.8	0.86	0.78
7750	0.82	0.88	0.86	0.92	0.88	0.8	0.8	0.7	0.88	0.86	0.8	0.94	0.88	0.8	0.86	0.78
7800	0.82	0.86	0.84	0.88	0.86	0.8	0.8	0.7	0.84	0.88	0.78	0.92	0.9	0.8	0.84	0.8
7850	0.78	0.84	0.84	0.86	0.84	0.78	0.8	0.66	0.82	0.9	0.74	0.9	0.9	0.8	0.84	0.82
7900	0.82	0.84	0.84	0.88	0.8	0.74	0.8	0.74	0.84	0.92	0.76	0.92	0.92	0.8	0.84	0.88
7950	0.82	0.82	0.82	0.88	0.82	0.76	0.78	0.8	0.86	0.86	0.82	0.84	0.9	0.8	0.84	0.84
8000	0.82	0.8	0.86	0.86	0.8	0.8	0.8	0.8	0.88	0.86	0.84	0.86	0.9	0.82	0.86	0.84
8050	0.82	0.78	0.82	0.84	0.78	0.78	0.8	0.8	0.88	0.88	0.84	0.86	0.92	0.88	0.9	0.84
8100	0.82	0.82	0.84	0.86	0.8	0.78	0.8	0.8	0.88	0.9	0.84	0.86	0.88	0.82	0.88	0.82
8150	0.82	0.82	0.84	0.86	0.78	0.7	0.82	0.78	0.86	0.9	0.86	0.9	0.88	0.8	0.82	0.8
8200	0.84	0.8	0.86	0.86	0.78	0.7	0.82	0.82	0.9	0.88	0.88	0.92	0.88	0.84	0.84	0.78
8250	0.82	0.82	0.9	0.86	0.8	0.72	0.8	0.82	0.88	0.88	0.92	0.92	0.9	0.82	0.84	0.76
8300	0.78	0.84	0.84	0.88	0.78	0.7	0.8	0.82	0.88	0.9	0.92	0.96	0.9	0.8	0.76	0.76
8350	0.84	0.86	0.84	0.88	0.82	0.72	0.84	0.86	0.9	0.9	0.9	0.96	0.88	0.82	0.74	0.78
8400	0.82	0.86	0.86	0.86	0.84	0.74	0.84	0.88	0.9	0.92	0.86	0.96	0.88	0.82	0.76	0.84
8450	0.82	0.9	0.84	0.86	0.82	0.74	0.8	0.82	0.92	0.9	0.88	0.96	0.88	0.82	0.8	0.8
8500	0.82	0.86	0.82	0.8	0.82	0.8	0.82	0.8	0.88	0.9	0.88	0.96	0.88	0.86	0.82	0.8
8550	0.82	0.84	0.8	0.8	0.8	0.78	0.82	0.8	0.88	0.88	0.88	0.96	0.9	0.84	0.84	0.8
8600	0.82	0.82	0.8	0.8	0.8	0.82	0.8	0.8	0.88	0.88	0.9	0.94	0.92	0.82	0.84	0.78
8650	0.78	0.84	0.82	0.8	0.82	0.8	0.84	0.8	0.88	0.86	0.86	0.94	0.9	0.8	0.84	0.8
8700	0.76	0.8	0.86	0.76	0.82	0.82	0.84	0.8	0.84	0.86	0.82	0.92	0.9	0.84	0.9	0.82
8750	0.78	0.8	0.84	0.74	0.82	0.82	0.82	0.8	0.84	0.84	0.84	0.94	0.9	0.86	0.92	0.8
8800	0.72	0.8	0.84	0.74	0.76	0.78	0.84	0.82	0.86	0.86	0.88	0.92	0.9	0.78	0.92	0.74
8850	0.66	0.84	0.86	0.78	0.8	0.78	0.84	0.84	0.9	0.86	0.88	0.92	0.92	0.76	0.92	0.74
8900	0.68	0.8	0.86	0.78	0.82	0.72	0.86	0.82	0.88	0.88	0.88	0.92	0.9	0.76	0.86	0.76
8950	0.7	0.84	0.88	0.76	0.82	0.72	0.86	0.86	0.88	0.84	0.84	0.9	0.9	0.78	0.86	0.76
9000	0.72	0.84	0.88	0.8	0.82	0.72	0.9	0.86	0.9	0.86	0.88	0.92	0.88	0.76	0.84	0.76
9050	0.74	0.86	0.88	0.8	0.84	0.72	0.88	0.8	0.88	0.9	0.92	0.92	0.94	0.76	0.86	0.82
9100	0.78	0.9	0.86	0.84	0.84	0.78	0.88	0.8	0.9	0.9	0.92	0.9	0.9	0.76	0.82	0.8
9150	0.8	0.9	0.88	0.86	0.84	0.78	0.86	0.82	0.88	0.88	0.82	0.88	0.9	0.82	0.8	0.8
9200	0.86	0.9	0.9	0.88	0.88	0.82	0.88	0.82	0.88	0.9	0.82	0.88	0.9	0.88	0.8	0.82
9250	0.88	0.88	0.9	0.86	0.88	0.84	0.9	0.88	0.88	0.92	0.86	0.88	0.9	0.88	0.84	0.86
9300	0.86	0.88	0.92	0.88	0.86	0.8	0.9	0.86	0.88	0.92	0.88	0.9	0.9	0.8	0.8	0.88
9350	0.86	0.92	0.9	0.86	0.82	0.8	0.92	0.82	0.9	0.94	0.9	0.9	0.9	0.8	0.78	0.9
9400	0.84	0.9	0.88	0.86	0.78	0.78	0.92	0.82	0.88	0.94	0.84	0.9	0.9	0.8	0.82	0.88
9450	0.82	0.86	0.84	0.82	0.78	0.78	0.92	0.8	0.86	0.94	0.84	0.88	0.9	0.8	0.84	0.88
9500	0.84	0.86	0.86	0.82	0.78	0.8	0.92	0.82	0.88	0.94	0.9	0.86	0.86	0.8	0.82	0.92
9550	0.82	0.84	0.8	0.78	0.8	0.76	0.92	0.82	0.88	0.92	0.94	0.84	0.86	0.76	0.8	0.9
9600	0.84	0.84	0.78	0.78	0.8	0.8	0.92	0.78	0.88	0.92	0.92	0.88	0.9	0.76	0.8	0.88
9650	0.84	0.82	0.8	0.78	0.8	0.82	0.86	0.78	0.88	0.9	0.9	0.88	0.86	0.76	0.82	0.8
9700	0.82	0.82	0.8	0.84	0.82	0.82	0.86	0.82	0.88	0.88	0.88	0.88	0.86	0.84	0.84	0.82
9750	0.82	0.78	0.78	0.8	0.8	0.86	0.84	0.84	0.86	0.84	0.82	0.88	0.86	0.92	0.86	0.84
9800	0.76	0.76	0.78	0.78	0.86	0.86	0.84	0.84	0.88	0.86	0.8	0.88	0.84	0.88	0.84	0.84
9850	0.78	0.74	0.8	0.82	0.86	0.86	0.86	0.86	0.9	0.82	0.82	0.82	0.88	0.9	0.84	0.82
9900	0.74	0.74	0.82	0.8	0.84	0.88	0.84	0.86	0.88	0.82	0.78	0.8	0.84	0.92	0.84	0.82
9950	0.72	0.74	0.78	0.8	0.88	0.86	0.82	0.86	0.82	0.82	0.76	0.82	0.84	0.94	0.84	0.8
10000	0.72	0.72	0.8	0.78	0.82	0.86	0.88	0.86	0.84	0.84	0.78	0.84	0.84	0.94	0.86	0.84
10050	0.68	0.74	0.82	0.8	0.8	0.82	0.84	0.88	0.8	0.84	0.76	0.86	0.82	0.94	0.84	0.8
10100	0.66	0.72	0.82	0.78	0.82	0.82	0.88	0.88	0.82	0.88	0.8	0.84	0.82	0.88	0.84	0.8
10150	0.66	0.76	0.84	0.76	0.76	0.8	0.86	0.86	0.8	0.88	0.82	0.8	0.78	0.86	0.88	0.78
10200	0.66	0.76	0.86	0.76	0.74	0.74	0.86	0.86	0.8	0.92	0.82	0.82	0.76	0.9	0.9	0.78
10250	0.66	0.78	0.8	0.76	0.7	0.76	0.88	0.88	0.86	0.86	0.86	0.8	0.74	0.9	0.88	0.76
10300	0.7	0.76	0.82	0.72	0.72	0.78	0.9	0.88	0.82	0.84	0.86	0.8	0.74	0.92	0.9	0.76
10350	0.66	0.74	0.86	0.72	0.76	0.78	0.94	0.9	0.86	0.84	0.84	0.78	0.78	0.88	0.88	0.78
10400	0.7	0.74	0.82	0.72	0.76	0.8	0.96	0.88	0.8	0.84	0.82	0.76	0.8	0.84	0.82	0.8
10450	0.74	0.74	0.8	0.66	0.68	0.76	0.94	0.86	0.8	0.84	0.88	0.78	0.78	0.84	0.82	0.78
10500	0.8	0.8	0.8	0.64	0.62	0.78	0.92	0.84	0.84	0.86	0.9	0.76	0.82	0.86	0.82	0.82
10550	0.8	0.82	0.8	0.62	0.68	0.8	0.9	0.82	0.82	0.84	0.88	0.74	0.82	0.86	0.82	0.8
10600	0.8	0.82	0.82	0.66	0.66	0.78	0.9	0.84	0.82	0.82	0.88	0.74	0.86	0.88	0.84	0.78
10650	0.82	0.8	0.84	0.66	0.66	0.8	0.9	0.84	0.8	0.82	0.84	0.8	0.86	0.88	0.82	0.76
10700	0.82	0.82	0.82	0.64	0.66	0.76	0.86	0.82	0.84	0.86	0.86	0.78	0.86	0.88	0.82	0.78
10750	0.84	0.82	0.8	0.66	0.6	0.7	0.84	0.8	0.82	0.86	0.86	0.78	0.84	0.86	0.84	0.82
10800	0.82	0.8	0.8	0.68	0.62	0.72	0.84	0.86	0.88	0.86	0.84	0.78	0.78	0.9	0.82	0.82
10850	0.82	0.76	0.82	0.66	0.64	0.72	0.86	0.84	0.88	0.84	0.84	0.82	0.8	0.92	0.82	0.84
10900	0.7	0.72	0.8	0.7	0.62	0.72	0.86	0.84	0.88	0.84	0.84	0.8	0.8	0.9	0.82	0.76
10950	0.7	0.74	0.82	0.68	0.62	0.7	0.9	0.86	0.9	0.86	0.86	0.8	0.76	0.9	0.88	0.78
11000	0.66	0.74	0.8	0.7	0.6	0.7	0.88	0.88	0.88	0.84	0.84	0.78	0.72	0.84	0.86	0.78
11050	0.7	0.74	0.8	0.7	0.58	0.68	0.84	0.86	0.9	0.86	0.84	0.78	0.74	0.82	0.86	0.76
11100	0.7	0.8	0.82	0.74	0.6	0.68	0.8	0.84	0.88	0.86	0.8	0.72	0.7	0.84	0.84	0.7
11150	0.7	0.8	0.84	0.72	0.6	0.64	0.78	0.78	0.9	0.84	0.78	0.76	0.66	0.78	0.82	0.68
11200	0.78	0.8	0.84	0.74	0.56	0.7	0.78	0.8	0.92	0.84	0.82	0.74	0.66	0.78	0.8	0.64
11250	0.8	0.88	0.88	0.74	0.56	0.72	0.8	0.8	0.9	0.82	0.78	0.76	0.66	0.74	0.76	0.7
11300	0.78	0.86	0.82	0.72	0.56	0.7	0.78	0.8	0.9	0.82	0.78	0.76	0.62	0.74	0.74	0.7
11350	0.84	0.84	0.82	0.74	0.58	0.68	0.78	0.76	0.9	0.8	0.76	0.76	0.6	0.7	0.7	0.68
11400	0.82	0.84	0.8	0.76	0.62	0.66	0.78	0.74	0.88	0.82	0.8	0.76	0.62	0.64	0.68	0.66
11450	0.82	0.86	0.8	0.78	0.66	0.7	0.78	0.76	0.86	0.8	0.8	0.8	0.6	0.64	0.68	0.66
11500	0.82	0.82	0.78	0.72	0.66	0.74	0.84	0.74	0.84	0.8	0.82	0.82	0.58	0.66	0.7	0.64
11550	0.84	0.84	0.76	0.72	0.7	0.76	0.84	0.72	0.84	0.8	0.84	0.8	0.6	0.68	0.7	0.68
11600	0.84	0.86	0.78	0.74	0.74	0.76	0.8	0.7	0.82	0.82	0.84	0.86	0.62	0.7	0.72	0.66
11650	0.88	0.84	0.78	0.8	0.76	0.74	0.8	0.68	0.8	0.84	0.84	0.86	0.64	0.72	0.68	0.68
11700	0.9	0.82	0.8	0.78	0.76	0.74	0.8	0.66	0.78	0.82	0.82	0.88	0.68	0.72	0.7	0.74
11750	0.92	0.82	0.8	0.78	0.76	0.78	0.76	0.68	0.74	0.82	0.84	0.84	0.68	0.76	0.74	0.74
11800	0.86	0.78	0.8	0.8	0.76	0.78	0.76	0.74	0.76	0.82	0.82	0.86	0.76	0.76	0.76	0.72
11850	0.84	0.72	0.76	0.82	0.78	0.78	0.76	0.74	0.78	0.82	0.82	0.86	0.82	0.76	0.78	0.76
11900	0.8	0.76	0.78	0.84	0.78	0.78	0.72	0.72	0.74	0.86	0.78	0.82	0.84	0.72	0.78	0.76
11950	0.72	0.7	0.82	0.82	0.78	0.8	0.74	0.74	0.76	0.86	0.8	0.8	0.82	0.68	0.8	0.78
12000	0.68	0.7	0.82	0.78	0.82	0.8	0.74	0.72	0.72	0.82	0.78	0.74	0.78	0.68	0.78	0.76
12050	0.68	0.74	0.8	0.74	0.74	0.78	0.76	0.74	0.76	0.8	0.78	0.72	0.78	0.68	0.78	0.74
12100	0.66	0.72	0.76	0.7	0.74	0.78	0.78	0.72	0.84	0.82	0.78	0.72	0.78	0.64	0.76	0.76
12150	0.62	0.78	0.78	0.7	0.72	0.8	0.78	0.72	0.8	0.82	0.74	0.76	0.76	0.66	0.76	0.78
12200	0.68	0.84	0.78	0.72	0.72	0.8	0.8	0.76	0.82	0.8	0.78	0.8	0.72	0.72	0.76	0.76
12250	0.72	0.82	0.76	0.74	0.66	0.78	0.82	0.74	0.78	0.76	0.76	0.8	0.72	0.76	0.74	0.74
12300	0.78	0.8	0.74	0.72	0.68	0.78	0.84	0.8	0.8	0.78	0.78	0.86	0.72	0.78	0.78	0.72
12350	0.78	0.74	0.72	0.76	0.66	0.76	0.86	0.82	0.82	0.8	0.78	0.86	0.76	0.84	0.78	0.76
12400	0.76	0.74	0.72	0.78	0.64	0.8	0.84	0.78	0.82	0.8	0.78	0.86	0.74	0.84	0.82	0.74
12450	0.8	0.7	0.72	0.8	0.66	0.78	0.9	0.78	0.78	0.84	0.8	0.88	0.78	0.84	0.82	0.74
12500	0.76	0.7	0.76	0.8	0.72	0.78	0.88	0.8	0.78	0.82	0.8	0.86	0.74	0.8	0.76	0.76
12550	0.74	0.7	0.78	0.82	0.7	0.76	0.86	0.76	0.82	0.84	0.78	0.84	0.74	0.76	0.74	0.76
12600	0.66	0.74	0.78	0.82	0.72	0.8	0.84	0.76	0.8	0.78	0.74	0.84	0.76	0.64	0.72	0.74
12650	0.7	0.74	0.84	0.78	0.76	0.78	0.8	0.76	0.84	0.78	0.72	0.78	0.74	0.68	0.74	0.7
12700	0.68	0.74	0.82	0.76	0.78	0.84	0.78	0.74	0.82	0.72	0.76	0.7	0.74	0.68	0.76	0.72
12750	0.7	0.74	0.86	0.78	0.76	0.8	0.76	0.78	0.86	0.68	0.76	0.62	0.66	0.66	0.74	0.7
12800	0.66	0.76	0.84	0.78	0.78	0.8	0.78	0.76	0.86	0.64	0.74	0.6	0.66	0.66	0.78	0.7
12850	0.66	0.78	0.86	0.82	0.76	0.8	0.76	0.76	0.88	0.62	0.8	0.58	0.66	0.68	0.82	0.7
12900	0.68	0.76	0.86	0.78	0.74	0.76	0.76	0.76	0.86	0.68	0.78	0.6	0.6	0.72	0.8	0.68
12950	0.72	0.72	0.84	0.76	0.76	0.76	0.72	0.76	0.86	0.7	0.8	0.6	0.62	0.72	0.84	0.74
13000	0.78	0.7	0.86	0.74	0.78	0.78	0.7	0.72	0.82	0.7	0.78	0.68	0.62	0.76	0.84	0.72
13050	0.78	0.7	0.86	0.78	0.8	0.76	0.74	0.76	0.8	0.72	0.76	0.72	0.62	0.78	0.88	0.72
13100	0.8	0.7	0.86	0.76	0.84	0.78	0.76	0.74	0.8	0.7	0.74	0.76	0.62	0.78	0.84	0.76
13150	0.84	0.72	0.86	0.78	0.82	0.8	0.8	0.76	0.8	0.74	0.72	0.78	0.74	0.78	0.84	0.8
13200	0.92	0.72	0.82	0.74	0.82	0.84	0.82	0.76	0.76	0.74	0.64	0.78	0.72	0.84	0.84	0.86
13250	0.9	0.72	0.8	0.7	0.82	0.82	0.84	0.76	0.76	0.8	0.68	0.8	0.74	0.84	0.84	0.8
13300	0.82	0.68	0.76	0.68	0.8	0.88	0.82	0.76	0.72	0.82	0.72	0.8	0.76	0.8	0.82	0.8
13350	0.84	0.7	0.76	0.68	0.78	0.88	0.9	0.8	0.74	0.84	0.72	0.82	0.76	0.82	0.78	0.84
13400	0.82	0.76	0.76	0.7	0.8	0.9	0.92	0.84	0.76	0.84	0.74	0.76	0.74	0.84	0.76	0.86
13450	0.8	0.76	0.72	0.7	0.74	0.88	0.92	0.86	0.74	0.82	0.68	0.8	0.7	0.86	0.8	0.8
13500	0.78	0.72	0.68	0.66	0.74	0.88	0.9	0.86	0.78	0.8	0.66	0.76	0.66	0.8	0.76	0.78
13550	0.76	0.76	0.64	0.66	0.76	0.88	0.94	0.86	0.78	0.78	0.66	0.78	0.68	0.82	0.76	0.78
13600	0.74	0.74	0.66	0.68	0.76	0.86	0.9	0.84	0.78	0.74	0.72	0.72	0.68	0.8	0.78	0.78
13650	0.74	0.72	0.72	0.66	0.78	0.86	0.88	0.84	0.76	0.74	0.7	0.7	0.66	0.76	0.74	0.76
13700	0.76	0.74	0.72	0.66	0.76	0.82	0.86	0.8	0.72	0.72	0.7	0.68	0.62	0.76	0.72	0.74
13750	0.78	0.78	0.74	0.7	0.76	0.76	0.82	0.8	0.72	0.7	0.72	0.64	0.64	0.82	0.74	0.7
13800	0.78	0.8	0.76	0.8	0.72	0.74	0.78	0.78	0.7	0.7	0.68	0.64	0.64	0.84	0.76	0.64
13850	0.76	0.84	0.74	0.74	0.64	0.72	0.72	0.74	0.7	0.76	0.64	0.6	0.62	0.8	0.74	0.62
13900	0.74	0.84	0.76	0.74	0.64	0.72	0.7	0.72	0.64	0.8	0.64	0.62	0.64	0.8	0.76	0.64
13950	0.76	0.86	0.78	0.74	0.68	0.64	0.7	0.74	0.66	0.8	0.66	0.6	0.68	0.8	0.72	0.68
14000	0.76	0.88	0.84	0.74	0.68	0.62	0.72	0.74	0.7	0.78	0.64	0.58	0.66	0.8	0.7	0.74
14050	0.76	0.88	0.82	0.74	0.7	0.62	0.7	0.78	0.72	0.78	0.64	0.62	0.66	0.78	0.74	0.74
14100	0.78	0.86	0.76	0.74	0.68	0.6	0.72	0.78	0.76	0.78	0.68	0.62	0.7	0.76	0.72	0.78
14150	0.82	0.82	0.7	0.74	0.68	0.62	0.72	0.8	0.76	0.78	0.64	0.7	0.7	0.8	0.74	0.78
14200	0.8	0.8	0.74	0.74	0.74	0.64	0.8	0.82	0.78	0.78	0.64	0.66	0.68	0.78	0.7	0.8
14250	0.8	0.78	0.76	0.68	0.72	0.64	0.76	0.84	0.84	0.78	0.7	0.68	0.66	0.8	0.76	0.76
14300	0.84	0.78	0.76	0.76	0.72	0.64	0.76	0.86	0.88	0.78	0.72	0.74	0.62	0.86	0.76	0.76
14350	0.8	0.8	0.72	0.78	0.72	0.6	0.74	0.9	0.88	0.78	0.72	0.74	0.68	0.86	0.8	0.7
14400	0.8	0.78	0.7	0.74	0.74	0.58	0.76	0.88	0.84	0.74	0.74	0.72	0.7	0.8	0.8	0.74
14450	0.74	0.74	0.72	0.76	0.7	0.56	0.72	0.86	0.78	0.74	0.68	0.68	0.72	0.82	0.78	0.72
14500	0.78	0.76	0.78	0.78	0.7	0.62	0.68	0.84	0.78	0.76	0.72	0.68	0.74	0.8	0.78	0.7
14550	0.74	0.74	0.78	0.82	0.74	0.68	0.7	0.84	0.78	0.72	0.74	0.68	0.76	0.76	0.76	0.72
14600	0.7	0.78	0.76	0.78	0.72	0.64	0.64	0.84	0.78	0.72	0.76	0.66	0.74	0.74	0.72	0.74
14650	0.7	0.8	0.78	0.8	0.76	0.66	0.62	0.78	0.78	0.72	0.78	0.68	0.78	0.72	0.7	0.74
14700	0.72	0.8	0.72	0.74	0.74	0.66	0.64	0.74	0.8	0.72	0.78	0.64	0.74	0.7	0.68	0.72
14750	0.78	0.84	0.72	0.7	0.74	0.76	0.68	0.76	0.78	0.7	0.8	0.66	0.76	0.74	0.72	0.78
14800	0.8	0.82	0.72	0.7	0.74	0.8	0.66	0.76	0.84	0.72	0.86	0.7	0.76	0.76	0.72	0.78
14850	0.78	0.76	0.66	0.7	0.72	0.78	0.7	0.8	0.82	0.66	0.84	0.72	0.76	0.82	0.74	0.76
14900	0.74	0.74	0.64	0.7	0.7	0.76	0.68	0.78	0.76	0.64	0.82	0.74	0.74	0.78	0.7	0.72
14950	0.76	0.74	0.64	0.7	0.7	0.78	0.7	0.78	0.74	0.66	0.82	0.74	0.74	0.78	0.76	0.74
15000	0.76	0.76	0.66	0.7	0.72	0.8	0.74	0.7	0.72	0.68	0.84	0.78	0.8	0.7	0.76	0.74
15050	0.74	0.74	0.66	0.68	0.7	0.76	0.7	0.68	0.74	0.64	0.8	0.74	0.8	0.7	0.76	0.68
15100	0.72	0.76	0.68	0.68	0.7	0.8	0.7	0.68	0.74	0.66	0.8	0.74	0.78	0.66	0.78	0.66
15150	0.74	0.76	0.64	0.72	0.72	0.78	0.7	0.68	0.78	0.68	0.78	0.74	0.82	0.64	0.76	0.7
15200	0.74	0.76	0.7	0.8	0.7	0.78	0.7	0.66	0.74	0.68	0.76	0.72	0.8	0.62	0.78	0.72
15250	0.76	0.76	0.78	0.8	0.78	0.76	0.7	0.66	0.74	0.7	0.78	0.76	0.8	0.62	0.78	0.76
15300	0.8	0.76	0.76	0.84	0.78	0.78	0.74	0.68	0.72	0.7	0.78	0.78	0.8	0.66	0.76	0.78
15350	0.84	0.86	0.74	0.86	0.76	0.8	0.76	0.72	0.8	0.66	0.76	0.74	0.74	0.64	0.72	0.76
15400	0.84	0.86	0.72	0.84	0.74	0.76	0.7	0.68	0.74	0.64	0.74	0.74	0.7	0.74	0.82	0.8
15450	0.8	0.82	0.74	0.86	0.74	0.78	0.7	0.68	0.76	0.7	0.72	0.74	0.7	0.74	0.82	0.8
15500	0.76	0.82	0.74	0.82	0.7	0.74	0.72	0.7	0.78	0.68	0.74	0.74	0.7	0.76	0.8	0.84
15550	0.78	0.8	0.74	0.82	0.68	0.72	0.72	0.74	0.78	0.66	0.72	0.74	0.68	0.8	0.82	0.8
15600	0.8	0.78	0.72	0.82	0.66	0.72	0.76	0.74	0.8	0.68	0.74	0.72	0.72	0.82	0.82	0.82
15650	0.78	0.76	0.74	0.78	0.66	0.72	0.78	0.74	0.78	0.68	0.78	0.74	0.7	0.82	0.82	0.8
15700	0.78	0.76	0.76	0.76	0.7	0.76	0.72	0.7	0.8	0.68	0.8	0.74	0.66	0.78	0.82	0.76
15750	0.76	0.76	0.74	0.74	0.66	0.72	0.72	0.76	0.84	0.68	0.84	0.72	0.64	0.84	0.76	0.72
15800	0.8	0.74	0.72	0.72	0.7	0.68	0.72	0.82	0.8	0.74	0.86	0.72	0.64	0.82	0.74	0.72
15850	0.78	0.74	0.76	0.7	0.7	0.66	0.66	0.78	0.74	0.72	0.84	0.72	0.6	0.84	0.74	0.64
15900	0.8	0.76	0.74	0.72	0.7	0.72	0.7	0.78	0.76	0.74	0.86	0.7	0.56	0.84	0.72	0.7
15950	0.82	0.76	0.74	0.72	0.76	0.74	0.66	0.78	0.78	0.76	0.8	0.72	0.54	0.86	0.7	0.68
16000	0.82	0.8	0.8	0.78	0.82	0.8	0.68	0.8	0.8	0.78	0.78	0.72	0.56	0.86	0.72	0.68
16050	0.8	0.8	0.78	0.76	0.78	0.76	0.68	0.84	0.8	0.74	0.76	0.7	0.5	0.9	0.72	0.7
16100	0.8	0.76	0.74	0.76	0.74	0.8	0.74	0.9	0.84	0.76	0.76	0.72	0.52	0.9	0.78	0.64
16150	0.8	0.78	0.78	0.78	0.78	0.8	0.72	0.9	0.86	0.76	0.78	0.76	0.54	0.94	0.86	0.68
16200	0.8	0.8	0.8	0.8	0.78	0.8	0.72	0.86	0.86	0.78	0.8	0.78	0.56	0.9	0.82	0.7
16250	0.82	0.82	0.84	0.8	0.82	0.76	0.72	0.9	0.88	0.76	0.8	0.78	0.48	0.86	0.74	0.7
16300	0.84	0.8	0.84	0.8	0.82	0.78	0.78	0.9	0.84	0.76	0.84	0.8	0.56	0.86	0.74	0.74
16350	0.84	0.78	0.84	0.78	0.76	0.72	0.74	0.86	0.8	0.78	0.82	0.8	0.58	0.86	0.7	0.74
16400	0.76	0.76	0.84	0.76	0.76	0.66	0.74	0.82	0.78	0.78	0.82	0.82	0.54	0.8	0.7	0.7
16450	0.74	0.74	0.82	0.8	0.8	0.66	0.72	0.82	0.76	0.78	0.8	0.78	0.6	0.72	0.66	0.72
16500	0.76	0.76	0.84	0.76	0.82	0.66	0.68	0.82	0.76	0.78	0.8	0.8	0.66	0.74	0.64	0.64
16550	0.78	0.78	0.86	0.72	0.82	0.66	0.66	0.8	0.76	0.78	0.8	0.78	0.68	0.74	0.66	0.66
16600	0.7	0.7	0.82	0.7	0.86	0.7	0.66	0.78	0.74	0.8	0.82	0.8	0.68	0.72	0.68	0.68
16650	0.66	0.68	0.78	0.7	0.88	0.74	0.66	0.76	0.76	0.8	0.82	0.8	0.74	0.7	0.74	0.68
16700	0.68	0.7	0.82	0.7	0.88	0.76	0.72	0.76	0.76	0.78	0.82	0.74	0.74	0.74	0.8	0.68
16750	0.68	0.72	0.8	0.74	0.86	0.78	0.68	0.76	0.76	0.8	0.82	0.72	0.74	0.74	0.78	0.7
16800	0.68	0.74	0.8	0.7	0.86	0.8	0.68	0.8	0.8	0.78	0.8	0.72	0.74	0.7	0.78	0.7
16850	0.78	0.74	0.78	0.7	0.78	0.84	0.72	0.78	0.82	0.8	0.82	0.74	0.76	0.68	0.8	0.78
16900	0.78	0.8	0.76	0.78	0.76	0.84	0.74	0.78	0.8	0.74	0.78	0.76	0.76	0.76	0.84	0.8
16950	0.78	0.84	0.74	0.78	0.76	0.84	0.82	0.74	0.78	0.76	0.76	0.72	0.78	0.74	0.82	0.82
17000	0.82	0.8	0.72	0.78	0.72	0.82	0.78	0.74	0.72	0.72	0.76	0.7	0.76	0.76	0.8	0.84
17050	0.82	0.78	0.74	0.78	0.72	0.78	0.8	0.76	0.76	0.7	0.78	0.7	0.8	0.76	0.82	0.86
17100	0.84	0.78	0.72	0.78	0.74	0.78	0.78	0.76	0.76	0.7	0.78	0.76	0.76	0.78	0.78	0.88
17150	0.86	0.74	0.72	0.74	0.72	0.72	0.78	0.8	0.76	0.68	0.8	0.76	0.78	0.82	0.8	0.92
17200	0.88	0.76	0.7	0.74	0.72	0.7	0.74	0.84	0.78	0.74	0.82	0.78	0.82	0.8	0.82	0.9
17250	0.82	0.72	0.7	0.74	0.78	0.7	0.72	0.76	0.72	0.72	0.72	0.72	0.78	0.82	0.86	0.82
17300	0.78	0.74	0.72	0.68	0.76	0.68	0.66	0.74	0.72	0.72	0.74	0.7	0.74	0.82	0.82	0.76
17350	0.82	0.7	0.68	0.7	0.78	0.68	0.64	0.74	0.7	0.7	0.72	0.76	0.74	0.84	0.78	0.74
17400	0.82	0.72	0.7	0.72	0.78	0.66	0.56	0.72	0.72	0.72	0.7	0.72	0.72	0.82	0.76	0.72
17450	0.76	0.7	0.72	0.72	0.8	0.66	0.58	0.72	0.76	0.72	0.72	0.76	0.7	0.82	0.78	0.7
17500	0.68	0.7	0.74	0.74	0.82	0.7	0.56	0.74	0.78	0.76	0.72	0.76	0.76	0.78	0.78	0.68
17550	0.7	0.7	0.72	0.78	0.76	0.72	0.56	0.68	0.76	0.8	0.7	0.78	0.74	0.78	0.76	0.7
17600	0.74	0.74	0.7	0.84	0.78	0.72	0.54	0.68	0.78	0.82	0.74	0.78	0.72	0.78	0.74	0.76
17650	0.74	0.74	0.74	0.84	0.8	0.7	0.62	0.66	0.8	0.82	0.78	0.78	0.74	0.76	0.72	0.82
17700	0.76	0.8	0.76	0.86	0.82	0.72	0.64	0.7	0.8	0.86	0.74	0.8	0.72	0.8	0.76	0.8
17750	0.74	0.82	0.76	0.84	0.8	0.74	0.68	0.7	0.8	0.86	0.74	0.76	0.74	0.78	0.74	0.8
17800	0.72	0.84	0.74	0.86	0.82	0.78	0.72	0.74	0.8	0.88	0.72	0.74	0.74	0.72	0.72	0.82
17850	0.72	0.84	0.76	0.82	0.8	0.8	0.76	0.72	0.78	0.9	0.72	0.76	0.78	0.72	0.78	0.8
17900	0.74	0.86	0.76	0.82	0.84	0.82	0.78	0.74	0.76	0.84	0.72	0.72	0.72	0.68	0.78	0.8
17950	0.76	0.84	0.78	0.82	0.82	0.82	0.76	0.74	0.72	0.84	0.72	0.72	0.74	0.74	0.8	0.82
18000	0.74	0.84	0.8	0.82	0.8	0.8	0.78	0.74	0.72	0.84	0.72	0.7	0.74	0.72	0.8	0.74
18050	0.78	0.82	0.8	0.8	0.8	0.8	0.78	0.72	0.7	0.8	0.74	0.74	0.74	0.72	0.76	0.74
18100	0.74	0.78	0.78	0.8	0.8	0.8	0.82	0.72	0.74	0.78	0.74	0.8	0.74	0.74	0.76	0.76
18150	0.76	0.8	0.76	0.82	0.7	0.76	0.8	0.72	0.72	0.8	0.68	0.8	0.72	0.78	0.78	0.76
18200	0.8	0.8	0.76	0.8	0.72	0.78	0.72	0.72	0.72	0.78	0.66	0.8	0.72	0.8	0.8	0.74
18250	0.8	0.82	0.78	0.84	0.7	0.74	0.74	0.74	0.72	0.78	0.72	0.74	0.7	0.76	0.76	0.76
18300	0.78	0.8	0.78	0.82	0.72	0.76	0.78	0.76	0.76	0.8	0.7	0.74	0.68	0.8	0.76	0.74
18350	0.7	0.72	0.76	0.8	0.74	0.74	0.78	0.74	0.76	0.78	0.72	0.72	0.68	0.84	0.78	0.74
18400	0.7	0.74	0.7	0.8	0.72	0.72	0.76	0.8	0.76	0.78	0.64	0.7	0.64	0.8	0.76	0.74
18450	0.66	0.76	0.7	0.8	0.7	0.74	0.74	0.76	0.7	0.76	0.62	0.68	0.64	0.78	0.74	0.72
18500	0.64	0.76	0.66	0.8	0.7	0.74	0.78	0.78	0.7	0.74	0.66	0.64	0.64	0.78	0.72	0.72
18550	0.68	0.8	0.66	0.82	0.7	0.76	0.76	0.76	0.76	0.72	0.66	0.64	0.62	0.78	0.74	0.72
18600	0.7	0.82	0.7	0.82	0.74	0.76	0.76	0.72	0.7	0.74	0.66	0.7	0.6	0.74	0.7	0.72
18650	0.66	0.8	0.76	0.78	0.8	0.8	0.76	0.7	0.7	0.7	0.62	0.74	0.64	0.74	0.7	0.72
18700	0.62	0.8	0.72	0.76	0.8	0.8	0.72	0.68	0.64	0.68	0.66	0.72	0.64	0.74	0.68	0.72
18750	0.66	0.84	0.74	0.8	0.78	0.8	0.68	0.66	0.62	0.68	0.68	0.78	0.64	0.74	0.74	0.76
18800	0.66	0.8	0.76	0.78	0.76	0.84	0.72	0.68	0.68	0.66	0.66	0.76	0.62	0.7	0.74	0.76
18850	0.66	0.78	0.78	0.78	0.76	0.82	0.72	0.64	0.68	0.68	0.64	0.76	0.64	0.66	0.72	0.76
18900	0.68	0.78	0.82	0.74	0.78	0.78	0.68	0.66	0.68	0.68	0.64	0.78	0.62	0.72	0.72	0.72
18950	0.66	0.74	0.82	0.74	0.84	0.76	0.72	0.66	0.68	0.7	0.64	0.78	0.64	0.68	0.72	0.74
19000	0.64	0.7	0.84	0.7	0.82	0.78	0.7	0.68	0.72	0.7	0.74	0.74	0.6	0.72	0.72	0.72
19050	0.62	0.68	0.84	0.72	0.82	0.78	0.72	0.72	0.8	0.72	0.72	0.74	0.58	0.8	0.78	0.62
19100	0.68	0.72	0.86	0.72	0.78	0.78	0.74	0.7	0.8	0.7	0.74	0.74	0.52	0.8	0.76	0.6
19150	0.7	0.78	0.86	0.7	0.76	0.76	0.72	0.68	0.84	0.72	0.76	0.74	0.52	0.8	0.76	0.56
19200	0.7	0.76	0.82	0.74	0.76	0.74	0.72	0.72	0.78	0.74	0.74	0.72	0.48	0.8	0.78	0.54
19250	0.7	0.76	0.82	0.76	0.76	0.72	0.72	0.7	0.8	0.72	0.72	0.72	0.5	0.8	0.78	0.5
19300	0.68	0.78	0.8	0.74	0.72	0.68	0.72	0.74	0.8	0.72	0.74	0.76	0.52	0.8	0.76	0.5
19350	0.74	0.86	0.76	0.76	0.76	0.72	0.74	0.78	0.78	0.76	0.72	0.74	0.52	0.84	0.74	0.52
19400	0.76	0.86	0.78	0.82	0.76	0.66	0.74	0.78	0.76	0.78	0.72	0.74	0.58	0.82	0.76	0.58
19450	0.76	0.84	0.78	0.76	0.74	0.72	0.7	0.78	0.76	0.76	0.7	0.74	0.64	0.88	0.78	0.62
19500	0.76	0.82	0.8	0.78	0.76	0.68	0.7	0.76	0.72	0.76	0.7	0.74	0.62	0.84	0.76	0.62
19550	0.68	0.8	0.78	0.82	0.74	0.68	0.7	0.74	0.74	0.82	0.72	0.8	0.64	0.8	0.7	0.58
19600	0.7	0.84	0.78	0.84	0.78	0.7	0.7	0.76	0.76	0.82	0.74	0.8	0.66	0.78	0.68	0.6
19650	0.68	0.8	0.76	0.78	0.76	0.7	0.7	0.78	0.8	0.84	0.74	0.8	0.64	0.76	0.66	0.62
19700	0.66	0.76	0.76	0.76	0.8	0.72	0.66	0.74	0.8	0.82	0.68	0.74	0.62	0.74	0.7	0.6
19750	0.64	0.74	0.76	0.78	0.78	0.74	0.7	0.78	0.8	0.8	0.68	0.74	0.66	0.74	0.72	0.62
19800	0.58	0.7	0.72	0.78	0.74	0.74	0.72	0.78	0.8	0.8	0.68	0.76	0.66	0.74	0.7	0.6
19850	0.56	0.74	0.7	0.76	0.78	0.78	0.72	0.78	0.8	0.78	0.7	0.74	0.64	0.7	0.7	0.56
19900	0.6	0.78	0.7	0.78	0.78	0.78	0.76	0.76	0.78	0.8	0.7	0.72	0.58	0.7	0.72	0.58
19950	0.62	0.72	0.66	0.72	0.74	0.78	0.78	0.82	0.86	0.8	0.74	0.66	0.58	0.74	0.72	0.62
20000	0.66	0.68	0.68	0.66	0.74	0.8	0.82	0.8	0.82	0.78	0.74	0.66	0.58	0.8	0.78	0.64
