0	0.0	0.0	0.0	0.0	0.0	0.0	0.0	0.0	0.0	0.0	0.0	0.0	0.0	0.0	0.0	0.0
50	0.0	0.0	0.4	0.0	0.0	0.5	0.0	0.0	0.0	1.0	0.0	0.0	0.0	0.0	0.0	0.2
100	0.0	0.222222222222	0.4	0.0	0.1	0.5	0.0	0.0	0.5	0.333333333333	0.2	0.285714285714	0.5	0.0	0.25	0.222222222222
150	0.181818181818	0.333333333333	0.6	0.0833333333333	0.214285714286	0.555555555556	0.0833333333333	0.4	0.5	0.333333333333	0.285714285714	0.454545454545	0.333333333333	0.0	0.384615384615	0.416666666667
200	0.142857142857	0.5	0.647058823529	0.125	0.266666666667	0.615384615385	0.0769230769231	0.444444444444	0.5	0.285714285714	0.25	0.538461538462	0.25	0.444444444444	0.5	0.4375
250	0.166666666667	0.529411764706	0.714285714286	0.176470588235	0.4	0.529411764706	0.0555555555556	0.461538461538	0.529411764706	0.285714285714	0.333333333333	0.611111111111	0.272727272727	0.416666666667	0.470588235294	0.444444444444
300	0.210526315789	0.578947368421	0.730769230769	0.3	0.428571428571	0.565217391304	0.142857142857	0.5	0.545454545455	0.461538461538	0.363636363636	0.631578947368	0.357142857143	0.461538461538	0.52380952381	0.454545454545
350	0.238095238095	0.590909090909	0.703703703704	0.333333333333	0.434782608696	0.592592592593	0.217391304348	0.526315789474	0.538461538462	0.526315789474	0.5625	0.619047619048	0.4375	0.470588235294	0.478260869565	0.5
400	0.217391304348	0.56	0.724137931034	0.407407407407	0.461538461538	0.620689655172	0.285714285714	0.590909090909	0.571428571429	0.583333333333	0.611111111111	0.666666666667	0.444444444444	0.541666666667	0.52	0.566666666667
450	0.24	0.576923076923	0.685714285714	0.428571428571	0.461538461538	0.612903225806	0.333333333333	0.62962962963	0.58064516129	0.615384615385	0.666666666667	0.724137931034	0.545454545455	0.5625	0.555555555556	0.588235294118
500	0.269230769231	0.612903225806	0.725	0.448275862069	0.466666666667	0.625	0.375	0.645161290323	0.606060606061	0.633333333333	0.6	0.69696969697	0.565217391304	0.6	0.58064516129	0.615384615385
550	0.3125	0.636363636364	0.727272727273	0.46875	0.5	0.638888888889	0.393939393939	0.648648648649	0.628571428571	0.625	0.666666666667	0.736842105263	0.6	0.631578947368	0.545454545455	0.6
600	0.333333333333	0.657142857143	0.744680851064	0.486486486486	0.515151515152	0.641025641026	0.5	0.682926829268	0.631578947368	0.628571428571	0.714285714286	0.74358974359	0.620689655172	0.641025641026	0.540540540541	0.6
650	0.342105263158	0.684210526316	0.75	0.533333333333	0.540540540541	0.634146341463	0.5	0.659090909091	0.666666666667	0.641025641026	0.72972972973	0.75	0.588235294118	0.674418604651	0.575	0.619047619048
700	0.386363636364	0.7	0.76	0.553191489362	0.512820512821	0.636363636364	0.510638297872	0.673913043478	0.681818181818	0.658536585366	0.767441860465	0.744186046512	0.6	0.666666666667	0.547619047619	0.659574468085
750	0.4	0.711111111111	0.78	0.58	0.512195121951	0.652173913043	0.52	0.659574468085	0.702127659574	0.688888888889	0.78	0.702127659574	0.615384615385	0.72	0.577777777778	0.659574468085
800	0.428571428571	0.717391304348	0.8	0.6	0.53488372093	0.65306122449	0.56	0.7	0.7	0.68085106383	0.82	0.708333333333	0.604651162791	0.76	0.591836734694	0.68
850	0.52	0.72	0.82	0.62	0.54347826087	0.68	0.62	0.68	0.72	0.69387755102	0.82	0.708333333333	0.595744680851	0.78	0.66	0.7
900	0.54	0.74	0.82	0.68	0.62	0.68	0.64	0.66	0.7	0.7	0.84	0.714285714286	0.64	0.82	0.66	0.74
950	0.56	0.74	0.78	0.7	0.64	0.66	0.66	0.7	0.7	0.72	0.8	0.72	0.68	0.84	0.66	0.78
1000	0.64	0.78	0.78	0.7	0.68	0.68	0.74	0.72	0.76	0.74	0.76	0.76	0.68	0.86	0.66	0.78
1050	0.66	0.82	0.76	0.78	0.7	0.68	0.76	0.74	0.78	0.78	0.76	0.76	0.7	0.84	0.68	0.8
1100	0.7	0.82	0.74	0.78	0.7	0.7	0.78	0.68	0.8	0.76	0.74	0.74	0.7	0.86	0.66	0.82
1150	0.74	0.82	0.74	0.8	0.7	0.72	0.76	0.68	0.76	0.76	0.74	0.72	0.72	0.86	0.66	0.84
1200	0.78	0.8	0.72	0.82	0.7	0.74	0.74	0.7	0.76	0.76	0.74	0.72	0.72	0.86	0.68	0.82
1250	0.8	0.8	0.72	0.82	0.7	0.74	0.68	0.7	0.76	0.74	0.74	0.68	0.72	0.8	0.62	0.8
1300	0.8	0.8	0.72	0.82	0.74	0.76	0.68	0.7	0.76	0.76	0.72	0.68	0.72	0.76	0.62	0.78
1350	0.84	0.8	0.7	0.84	0.74	0.76	0.7	0.7	0.76	0.76	0.72	0.62	0.7	0.7	0.62	0.78
1400	0.84	0.82	0.68	0.82	0.76	0.82	0.72	0.74	0.76	0.78	0.7	0.62	0.68	0.7	0.68	0.8
1450	0.84	0.82	0.7	0.82	0.76	0.82	0.76	0.72	0.74	0.74	0.7	0.6	0.68	0.66	0.7	0.78
1500	0.82	0.8	0.7	0.8	0.78	0.82	0.76	0.72	0.74	0.74	0.7	0.58	0.72	0.66	0.7	0.78
1550	0.82	0.82	0.68	0.8	0.8	0.84	0.72	0.74	0.72	0.72	0.68	0.54	0.72	0.62	0.7	0.8
1600	0.82	0.82	0.68	0.8	0.8	0.88	0.74	0.74	0.7	0.74	0.68	0.54	0.74	0.62	0.72	0.78
1650	0.8	0.82	0.64	0.84	0.82	0.86	0.74	0.72	0.74	0.74	0.7	0.56	0.74	0.62	0.72	0.76
1700	0.8	0.84	0.6	0.84	0.78	0.84	0.72	0.66	0.72	0.78	0.68	0.58	0.74	0.6	0.72	0.78
1750	0.78	0.86	0.62	0.84	0.8	0.86	0.72	0.64	0.7	0.8	0.66	0.58	0.76	0.58	0.72	0.74
1800	0.72	0.86	0.7	0.82	0.82	0.84	0.72	0.62	0.7	0.8	0.68	0.58	0.78	0.58	0.7	0.78
1850	0.72	0.88	0.72	0.82	0.84	0.8	0.76	0.62	0.68	0.78	0.66	0.58	0.78	0.6	0.7	0.78
1900	0.7	0.86	0.7	0.8	0.86	0.8	0.78	0.62	0.68	0.78	0.68	0.58	0.8	0.62	0.7	0.8
1950	0.72	0.88	0.68	0.8	0.86	0.76	0.78	0.62	0.68	0.78	0.68	0.58	0.8	0.62	0.68	0.78
2000	0.72	0.88	0.66	0.78	0.84	0.7	0.76	0.62	0.68	0.74	0.66	0.58	0.78	0.66	0.68	0.76
2050	0.74	0.86	0.64	0.82	0.82	0.66	0.78	0.62	0.66	0.74	0.66	0.62	0.8	0.66	0.7	0.8
2100	0.72	0.86	0.6	0.84	0.8	0.62	0.78	0.62	0.66	0.78	0.7	0.64	0.8	0.7	0.7	0.78
2150	0.74	0.88	0.6	0.84	0.78	0.6	0.76	0.66	0.64	0.82	0.68	0.68	0.82	0.7	0.72	0.78
2200	0.74	0.82	0.58	0.86	0.78	0.56	0.74	0.64	0.62	0.82	0.66	0.72	0.8	0.72	0.74	0.78
2250	0.74	0.82	0.56	0.9	0.76	0.54	0.72	0.66	0.64	0.84	0.64	0.72	0.8	0.76	0.78	0.76
2300	0.74	0.78	0.58	0.9	0.76	0.54	0.74	0.68	0.64	0.8	0.56	0.76	0.8	0.74	0.78	0.76
2350	0.76	0.78	0.6	0.88	0.78	0.54	0.7	0.7	0.64	0.8	0.56	0.76	0.8	0.74	0.78	0.78
2400	0.78	0.78	0.62	0.88	0.8	0.6	0.68	0.74	0.64	0.82	0.54	0.78	0.8	0.7	0.78	0.78
2450	0.74	0.78	0.64	0.86	0.8	0.6	0.68	0.76	0.62	0.82	0.54	0.78	0.82	0.66	0.8	0.78
2500	0.76	0.78	0.66	0.88	0.78	0.58	0.7	0.74	0.62	0.8	0.5	0.8	0.84	0.68	0.82	0.84
2550	0.78	0.78	0.68	0.88	0.78	0.6	0.7	0.7	0.62	0.78	0.52	0.82	0.86	0.68	0.82	0.84
2600	0.84	0.8	0.66	0.88	0.76	0.62	0.74	0.7	0.64	0.78	0.54	0.82	0.86	0.66	0.82	0.86
2650	0.84	0.8	0.66	0.9	0.76	0.62	0.74	0.7	0.62	0.76	0.56	0.8	0.84	0.66	0.8	0.86
2700	0.84	0.82	0.68	0.88	0.76	0.64	0.76	0.72	0.62	0.74	0.58	0.84	0.84	0.66	0.82	0.88
2750	0.86	0.8	0.76	0.86	0.72	0.7	0.74	0.7	0.64	0.74	0.58	0.88	0.86	0.68	0.82	0.88
2800	0.86	0.8	0.78	0.86	0.72	0.7	0.78	0.7	0.66	0.76	0.58	0.92	0.86	0.66	0.86	0.88
2850	0.86	0.82	0.78	0.86	0.72	0.72	0.76	0.72	0.66	0.76	0.62	0.92	0.86	0.66	0.84	0.86
2900	0.86	0.78	0.8	0.84	0.72	0.72	0.74	0.72	0.68	0.76	0.6	0.88	0.86	0.64	0.84	0.82
2950	0.86	0.78	0.8	0.84	0.72	0.74	0.72	0.68	0.7	0.76	0.66	0.88	0.86	0.64	0.78	0.8
3000	0.88	0.84	0.8	0.84	0.72	0.68	0.72	0.66	0.74	0.76	0.68	0.9	0.86	0.66	0.78	0.8
3050	0.86	0.8	0.82	0.84	0.74	0.66	0.72	0.62	0.7	0.78	0.7	0.88	0.88	0.68	0.76	0.82
3100	0.9	0.82	0.84	0.8	0.78	0.68	0.7	0.62	0.72	0.76	0.72	0.88	0.88	0.68	0.76	0.78
3150	0.9	0.82	0.8	0.82	0.76	0.68	0.7	0.62	0.74	0.76	0.72	0.88	0.88	0.7	0.72	0.8
3200	0.9	0.8	0.78	0.82	0.76	0.68	0.72	0.62	0.74	0.76	0.74	0.9	0.88	0.72	0.72	0.8
3250	0.92	0.8	0.8	0.84	0.76	0.6	0.72	0.6	0.76	0.76	0.74	0.88	0.88	0.74	0.68	0.76
3300	0.88	0.8	0.8	0.84	0.76	0.6	0.72	0.64	0.76	0.78	0.7	0.86	0.84	0.7	0.68	0.72
3350	0.88	0.8	0.78	0.84	0.76	0.62	0.68	0.68	0.78	0.78	0.74	0.86	0.88	0.72	0.68	0.7
3400	0.88	0.8	0.78	0.82	0.78	0.62	0.68	0.68	0.76	0.8	0.76	0.86	0.88	0.74	0.66	0.68
3450	0.88	0.8	0.76	0.82	0.78	0.58	0.64	0.68	0.78	0.84	0.76	0.86	0.86	0.74	0.64	0.7
3500	0.88	0.8	0.72	0.8	0.8	0.58	0.66	0.66	0.78	0.82	0.76	0.86	0.88	0.76	0.64	0.68
3550	0.88	0.82	0.72	0.8	0.82	0.58	0.66	0.62	0.8	0.82	0.8	0.9	0.86	0.76	0.62	0.66
3600	0.88	0.8	0.74	0.8	0.82	0.6	0.6	0.6	0.82	0.82	0.8	0.9	0.86	0.78	0.62	0.66
3650	0.86	0.78	0.74	0.82	0.82	0.58	0.58	0.54	0.84	0.8	0.82	0.88	0.86	0.78	0.62	0.68
3700	0.86	0.78	0.74	0.82	0.88	0.58	0.6	0.62	0.84	0.8	0.8	0.9	0.86	0.84	0.62	0.68
3750	0.86	0.8	0.74	0.84	0.88	0.62	0.6	0.66	0.84	0.82	0.82	0.88	0.86	0.84	0.6	0.68
3800	0.88	0.8	0.76	0.84	0.9	0.66	0.62	0.68	0.82	0.84	0.82	0.88	0.84	0.84	0.66	0.7
3850	0.86	0.78	0.76	0.84	0.92	0.64	0.58	0.66	0.84	0.84	0.8	0.92	0.86	0.86	0.7	0.72
3900	0.86	0.78	0.66	0.86	0.92	0.66	0.56	0.66	0.84	0.8	0.84	0.94	0.84	0.86	0.72	0.72
3950	0.86	0.78	0.64	0.88	0.94	0.74	0.56	0.66	0.86	0.8	0.82	0.92	0.84	0.86	0.72	0.72
4000	0.86	0.8	0.62	0.88	0.96	0.74	0.54	0.66	0.84	0.82	0.82	0.9	0.84	0.82	0.74	0.74
4050	0.86	0.78	0.62	0.82	0.96	0.74	0.54	0.66	0.82	0.82	0.8	0.92	0.84	0.8	0.78	0.74
4100	0.9	0.74	0.62	0.82	0.96	0.74	0.56	0.66	0.84	0.82	0.82	0.92	0.84	0.78	0.76	0.76
4150	0.9	0.72	0.62	0.78	0.96	0.74	0.54	0.66	0.86	0.84	0.78	0.9	0.86	0.78	0.8	0.74
4200	0.9	0.7	0.62	0.82	0.96	0.72	0.56	0.66	0.86	0.84	0.78	0.9	0.86	0.74	0.82	0.74
4250	0.9	0.68	0.64	0.82	0.96	0.72	0.56	0.7	0.86	0.82	0.78	0.92	0.86	0.76	0.82	0.74
4300	0.88	0.68	0.64	0.82	0.96	0.7	0.56	0.7	0.86	0.82	0.78	0.92	0.86	0.76	0.8	0.76
4350	0.88	0.7	0.62	0.82	0.96	0.72	0.56	0.7	0.84	0.8	0.74	0.92	0.86	0.76	0.82	0.78
4400	0.88	0.72	0.6	0.82	0.96	0.7	0.56	0.68	0.82	0.78	0.74	0.92	0.84	0.74	0.8	0.76
4450	0.88	0.72	0.58	0.82	0.96	0.7	0.66	0.68	0.82	0.8	0.76	0.9	0.84	0.7	0.8	0.76
4500	0.88	0.72	0.58	0.8	0.96	0.7	0.68	0.68	0.8	0.78	0.74	0.88	0.84	0.7	0.8	0.72
4550	0.9	0.72	0.58	0.8	0.94	0.66	0.68	0.68	0.78	0.76	0.74	0.88	0.84	0.7	0.78	0.72
4600	0.86	0.72	0.6	0.8	0.94	0.66	0.7	0.68	0.78	0.76	0.74	0.88	0.82	0.7	0.8	0.72
4650	0.86	0.76	0.62	0.8	0.94	0.68	0.72	0.66	0.8	0.74	0.78	0.9	0.84	0.68	0.82	0.68
4700	0.86	0.74	0.64	0.78	0.94	0.66	0.74	0.7	0.8	0.78	0.76	0.9	0.84	0.66	0.82	0.7
4750	0.84	0.74	0.64	0.78	0.92	0.66	0.76	0.72	0.8	0.78	0.78	0.92	0.84	0.66	0.82	0.7
4800	0.84	0.78	0.64	0.78	0.92	0.68	0.78	0.7	0.8	0.78	0.8	0.92	0.82	0.7	0.78	0.68
4850	0.84	0.82	0.66	0.78	0.94	0.68	0.78	0.68	0.82	0.78	0.76	0.9	0.82	0.74	0.8	0.68
4900	0.84	0.8	0.66	0.8	0.94	0.72	0.8	0.72	0.82	0.76	0.78	0.9	0.82	0.74	0.76	0.7
4950	0.84	0.82	0.66	0.84	0.94	0.74	0.82	0.72	0.84	0.76	0.82	0.92	0.82	0.8	0.74	0.7
5000	0.82	0.82	0.62	0.84	0.94	0.76	0.86	0.72	0.84	0.76	0.82	0.92	0.82	0.8	0.72	0.68
5050	0.84	0.82	0.62	0.84	0.94	0.74	0.86	0.66	0.82	0.82	0.8	0.92	0.82	0.8	0.7	0.68
5100	0.84	0.82	0.62	0.86	0.94	0.72	0.86	0.68	0.82	0.84	0.84	0.92	0.84	0.8	0.7	0.66
5150	0.86	0.82	0.62	0.86	0.94	0.74	0.86	0.68	0.82	0.86	0.84	0.94	0.84	0.78	0.7	0.68
5200	0.86	0.8	0.62	0.86	0.92	0.74	0.88	0.68	0.76	0.88	0.84	0.94	0.82	0.78	0.72	0.68
5250	0.86	0.8	0.6	0.86	0.94	0.76	0.94	0.72	0.76	0.9	0.86	0.94	0.8	0.78	0.72	0.68
5300	0.88	0.8	0.6	0.88	0.94	0.76	0.96	0.74	0.76	0.9	0.84	0.94	0.78	0.76	0.76	0.68
5350	0.86	0.78	0.62	0.84	0.94	0.72	0.98	0.78	0.76	0.92	0.84	0.96	0.8	0.78	0.76	0.7
5400	0.88	0.8	0.62	0.84	0.94	0.68	0.98	0.78	0.78	0.94	0.82	0.96	0.8	0.78	0.76	0.7
5450	0.86	0.8	0.6	0.86	0.94	0.66	0.98	0.8	0.78	0.94	0.82	0.96	0.8	0.76	0.74	0.7
5500	0.86	0.8	0.62	0.88	0.94	0.62	0.98	0.82	0.78	0.92	0.82	0.96	0.82	0.78	0.76	0.74
5550	0.86	0.78	0.64	0.88	0.94	0.6	1.0	0.82	0.78	0.92	0.84	0.96	0.82	0.84	0.74	0.72
5600	0.86	0.74	0.64	0.88	0.94	0.56	1.0	0.8	0.78	0.92	0.86	0.96	0.8	0.84	0.76	0.74
5650	0.84	0.74	0.7	0.88	0.94	0.58	1.0	0.84	0.8	0.94	0.84	0.96	0.78	0.84	0.76	0.74
5700	0.84	0.72	0.74	0.88	0.94	0.6	0.98	0.82	0.78	0.92	0.84	0.98	0.78	0.86	0.78	0.74
5750	0.84	0.72	0.76	0.9	0.92	0.6	0.98	0.82	0.78	0.94	0.84	0.98	0.8	0.86	0.78	0.74
5800	0.82	0.68	0.78	0.92	0.94	0.62	0.98	0.8	0.78	0.94	0.84	0.98	0.78	0.88	0.8	0.74
5850	0.8	0.68	0.8	0.9	0.92	0.62	0.96	0.8	0.78	0.94	0.86	0.98	0.78	0.9	0.8	0.76
5900	0.8	0.72	0.8	0.9	0.92	0.62	0.96	0.82	0.76	0.94	0.86	0.98	0.76	0.94	0.8	0.74
5950	0.78	0.7	0.84	0.9	0.92	0.58	0.96	0.78	0.78	0.94	0.86	0.98	0.78	0.94	0.8	0.76
6000	0.78	0.68	0.9	0.9	0.92	0.58	0.96	0.78	0.78	0.92	0.86	0.98	0.76	0.96	0.78	0.76
6050	0.82	0.66	0.9	0.92	0.94	0.58	0.96	0.72	0.76	0.92	0.86	0.98	0.78	0.94	0.76	0.76
6100	0.84	0.68	0.92	0.88	0.94	0.58	0.96	0.7	0.8	0.92	0.86	0.98	0.8	0.94	0.72	0.76
6150	0.84	0.66	0.9	0.92	0.94	0.56	0.94	0.66	0.8	0.9	0.84	0.98	0.8	0.96	0.7	0.78
6200	0.84	0.64	0.92	0.92	0.94	0.58	0.94	0.64	0.8	0.9	0.8	0.98	0.8	0.96	0.68	0.76
6250	0.86	0.66	0.92	0.92	0.94	0.58	0.94	0.62	0.76	0.9	0.82	0.98	0.76	0.94	0.7	0.8
6300	0.88	0.66	0.94	0.92	0.94	0.6	0.92	0.6	0.74	0.86	0.84	0.98	0.78	0.94	0.68	0.8
6350	0.88	0.66	0.92	0.9	0.94	0.64	0.9	0.6	0.7	0.86	0.82	0.96	0.78	0.94	0.68	0.78
6400	0.92	0.68	0.92	0.88	0.94	0.68	0.88	0.58	0.68	0.88	0.8	0.94	0.78	0.94	0.68	0.78
6450	0.88	0.72	0.92	0.88	0.94	0.7	0.9	0.56	0.66	0.84	0.8	0.94	0.8	0.94	0.68	0.78
6500	0.9	0.72	0.92	0.88	0.94	0.7	0.9	0.58	0.64	0.84	0.84	0.94	0.8	0.94	0.66	0.78
6550	0.88	0.72	0.92	0.88	0.94	0.74	0.9	0.6	0.62	0.84	0.84	0.94	0.8	0.94	0.66	0.78
6600	0.84	0.76	0.92	0.88	0.94	0.74	0.9	0.58	0.64	0.86	0.82	0.94	0.8	0.94	0.64	0.78
6650	0.84	0.72	0.9	0.88	0.94	0.7	0.9	0.62	0.64	0.84	0.8	0.92	0.8	0.94	0.68	0.82
6700	0.78	0.72	0.9	0.88	0.96	0.7	0.9	0.58	0.64	0.84	0.78	0.9	0.78	0.94	0.64	0.84
6750	0.78	0.76	0.9	0.88	0.96	0.7	0.9	0.58	0.6	0.84	0.74	0.9	0.78	0.96	0.68	0.86
6800	0.74	0.76	0.92	0.9	0.98	0.7	0.9	0.6	0.62	0.84	0.8	0.9	0.8	0.96	0.7	0.86
6850	0.74	0.76	0.92	0.88	0.96	0.68	0.9	0.66	0.6	0.84	0.76	0.92	0.82	0.96	0.72	0.88
6900	0.74	0.76	0.94	0.88	0.96	0.68	0.9	0.64	0.64	0.82	0.76	0.92	0.8	0.96	0.72	0.9
6950	0.74	0.76	0.94	0.88	0.94	0.68	0.9	0.68	0.62	0.8	0.76	0.92	0.78	0.94	0.72	0.9
7000	0.7	0.76	0.92	0.88	0.94	0.72	0.9	0.68	0.62	0.82	0.76	0.92	0.8	0.88	0.72	0.9
7050	0.7	0.78	0.94	0.86	0.94	0.74	0.92	0.68	0.62	0.82	0.78	0.92	0.82	0.88	0.72	0.92
7100	0.66	0.76	0.94	0.86	0.96	0.74	0.94	0.68	0.64	0.82	0.72	0.92	0.82	0.88	0.7	0.9
7150	0.72	0.74	0.94	0.88	0.96	0.74	0.96	0.7	0.62	0.82	0.72	0.94	0.84	0.88	0.72	0.88
7200	0.74	0.74	0.94	0.86	0.96	0.74	0.96	0.7	0.66	0.86	0.68	0.94	0.86	0.86	0.74	0.9
7250	0.78	0.74	0.94	0.84	0.96	0.74	0.96	0.7	0.68	0.88	0.7	0.94	0.86	0.86	0.74	0.9
7300	0.78	0.74	0.9	0.88	0.96	0.74	0.96	0.74	0.72	0.88	0.7	0.94	0.84	0.86	0.76	0.88
7350	0.76	0.72	0.9	0.88	0.96	0.72	1.0	0.74	0.76	0.88	0.74	0.96	0.86	0.86	0.76	0.9
7400	0.74	0.74	0.9	0.88	0.96	0.7	1.0	0.74	0.8	0.88	0.72	0.96	0.86	0.8	0.74	0.88
7450	0.76	0.72	0.9	0.88	0.96	0.7	1.0	0.74	0.78	0.88	0.72	0.96	0.86	0.8	0.76	0.86
7500	0.76	0.74	0.9	0.88	0.96	0.72	0.98	0.72	0.78	0.86	0.76	0.96	0.88	0.78	0.72	0.86
7550	0.74	0.76	0.9	0.92	0.96	0.68	0.96	0.76	0.82	0.86	0.74	1.0	0.88	0.76	0.72	0.88
7600	0.72	0.72	0.94	0.9	0.96	0.7	0.96	0.76	0.84	0.82	0.76	1.0	0.88	0.74	0.72	0.88
7650	0.74	0.7	0.94	0.92	0.98	0.72	0.96	0.74	0.84	0.84	0.76	0.98	0.88	0.76	0.74	0.88
7700	0.72	0.7	0.94	0.94	0.98	0.74	0.96	0.74	0.82	0.84	0.76	0.98	0.92	0.78	0.74	0.9
7750	0.72	0.68	0.94	0.94	1.0	0.74	0.96	0.74	0.82	0.84	0.78	0.98	0.92	0.78	0.74	0.92
7800	0.74	0.7	0.94	0.96	1.0	0.7	0.94	0.78	0.82	0.84	0.84	0.98	0.94	0.8	0.72	0.92
7850	0.74	0.7	0.94	0.94	0.98	0.7	0.94	0.76	0.82	0.84	0.86	0.98	0.94	0.8	0.74	0.92
7900	0.76	0.7	0.92	0.96	0.98	0.72	0.94	0.74	0.82	0.82	0.86	0.98	0.94	0.78	0.74	0.92
7950	0.76	0.7	0.94	0.96	0.96	0.7	0.94	0.74	0.84	0.84	0.86	0.98	0.96	0.78	0.74	0.9
8000	0.76	0.7	0.9	0.9	0.96	0.68	0.94	0.74	0.78	0.84	0.86	0.98	0.96	0.8	0.72	0.9
8050	0.76	0.72	0.9	0.9	0.94	0.68	0.92	0.72	0.78	0.82	0.88	0.98	0.94	0.8	0.7	0.9
8100	0.74	0.7	0.92	0.9	0.94	0.7	0.92	0.72	0.78	0.8	0.84	0.98	0.94	0.78	0.66	0.9
8150	0.74	0.68	0.94	0.9	0.94	0.7	0.92	0.72	0.8	0.78	0.9	0.98	0.96	0.8	0.66	0.92
8200	0.74	0.68	0.94	0.9	0.94	0.66	0.9	0.74	0.78	0.78	0.9	0.98	0.94	0.8	0.68	0.88
8250	0.74	0.68	0.94	0.9	0.94	0.68	0.9	0.76	0.78	0.8	0.88	0.96	0.92	0.82	0.66	0.88
8300	0.76	0.7	0.92	0.9	0.94	0.7	0.9	0.78	0.74	0.8	0.86	0.96	0.92	0.82	0.68	0.86
8350	0.74	0.7	0.92	0.9	0.94	0.66	0.9	0.76	0.74	0.78	0.86	0.98	0.88	0.82	0.66	0.84
8400	0.72	0.68	0.92	0.9	0.92	0.66	0.9	0.78	0.74	0.78	0.84	0.98	0.9	0.86	0.66	0.84
8450	0.7	0.66	0.92	0.92	0.92	0.62	0.9	0.76	0.76	0.8	0.84	0.98	0.88	0.88	0.66	0.84
8500	0.72	0.64	0.92	0.92	0.9	0.6	0.9	0.78	0.76	0.82	0.84	0.98	0.88	0.86	0.64	0.82
8550	0.74	0.64	0.9	0.88	0.9	0.58	0.92	0.78	0.76	0.82	0.84	0.98	0.86	0.86	0.64	0.8
8600	0.8	0.64	0.9	0.88	0.88	0.56	0.94	0.78	0.76	0.82	0.84	0.98	0.86	0.86	0.66	0.8
8650	0.8	0.64	0.9	0.88	0.9	0.56	0.94	0.8	0.76	0.8	0.82	0.98	0.84	0.9	0.64	0.8
8700	0.8	0.66	0.88	0.86	0.9	0.54	0.94	0.84	0.78	0.8	0.82	0.98	0.84	0.9	0.64	0.8
8750	0.82	0.66	0.9	0.82	0.9	0.54	0.94	0.8	0.8	0.8	0.82	0.98	0.86	0.88	0.66	0.8
8800	0.82	0.64	0.9	0.86	0.9	0.58	0.96	0.8	0.78	0.86	0.84	0.96	0.86	0.9	0.66	0.78
8850	0.82	0.62	0.92	0.88	0.92	0.6	0.96	0.78	0.78	0.86	0.86	0.96	0.84	0.9	0.66	0.76
8900	0.82	0.64	0.92	0.88	0.92	0.62	0.94	0.8	0.76	0.86	0.84	0.96	0.84	0.92	0.66	0.76
8950	0.84	0.68	0.92	0.88	0.92	0.6	0.94	0.8	0.76	0.86	0.84	0.94	0.84	0.94	0.66	0.76
9000	0.82	0.68	0.9	0.86	0.92	0.58	0.92	0.8	0.76	0.86	0.84	0.94	0.84	0.92	0.66	0.76
9050	0.84	0.7	0.9	0.84	0.92	0.56	0.94	0.78	0.76	0.86	0.82	0.94	0.84	0.9	0.66	0.78
9100	0.84	0.72	0.9	0.84	0.94	0.54	0.94	0.78	0.76	0.86	0.86	0.94	0.88	0.92	0.64	0.78
9150	0.84	0.68	0.92	0.82	0.94	0.58	0.92	0.74	0.8	0.84	0.88	0.94	0.86	0.92	0.64	0.78
9200	0.84	0.72	0.92	0.8	0.94	0.56	0.9	0.78	0.84	0.84	0.86	0.94	0.88	0.92	0.62	0.76
9250	0.86	0.74	0.9	0.8	0.96	0.58	0.88	0.78	0.84	0.8	0.86	0.94	0.9	0.88	0.62	0.78
9300	0.92	0.76	0.88	0.8	0.96	0.62	0.88	0.78	0.84	0.8	0.84	0.94	0.88	0.88	0.62	0.78
9350	0.92	0.76	0.88	0.82	0.96	0.62	0.84	0.76	0.84	0.78	0.82	0.94	0.86	0.88	0.62	0.82
9400	0.9	0.78	0.88	0.82	0.98	0.62	0.84	0.76	0.86	0.78	0.82	0.92	0.88	0.9	0.62	0.82
9450	0.88	0.76	0.88	0.82	0.96	0.66	0.84	0.76	0.84	0.78	0.84	0.92	0.88	0.88	0.62	0.84
9500	0.88	0.74	0.88	0.82	0.96	0.66	0.84	0.76	0.82	0.8	0.82	0.94	0.9	0.88	0.58	0.84
9550	0.88	0.74	0.88	0.82	0.94	0.68	0.84	0.78	0.82	0.8	0.82	0.94	0.88	0.88	0.58	0.82
9600	0.86	0.72	0.88	0.84	0.94	0.7	0.88	0.78	0.8	0.78	0.82	0.94	0.88	0.88	0.6	0.82
9650	0.86	0.7	0.88	0.86	0.94	0.7	0.9	0.78	0.8	0.78	0.84	0.94	0.86	0.88	0.56	0.8
9700	0.86	0.68	0.86	0.86	0.94	0.7	0.9	0.74	0.8	0.78	0.84	0.94	0.86	0.9	0.56	0.86
9750	0.82	0.66	0.86	0.88	0.94	0.7	0.9	0.76	0.8	0.78	0.82	0.94	0.86	0.92	0.58	0.86
9800	0.8	0.66	0.86	0.88	0.94	0.76	0.9	0.76	0.8	0.76	0.82	0.98	0.86	0.88	0.56	0.82
9850	0.8	0.66	0.86	0.88	0.96	0.78	0.94	0.76	0.82	0.78	0.82	0.98	0.84	0.88	0.6	0.82
9900	0.78	0.64	0.88	0.88	0.96	0.76	0.94	0.78	0.84	0.76	0.82	0.98	0.86	0.88	0.62	0.82
9950	0.76	0.62	0.88	0.88	0.96	0.78	0.96	0.76	0.86	0.8	0.8	0.98	0.86	0.9	0.64	0.82
10000	0.74	0.62	0.88	0.88	0.96	0.78	0.94	0.78	0.8	0.84	0.8	0.98	0.84	0.9	0.66	0.84
10050	0.74	0.62	0.86	0.9	0.96	0.78	0.96	0.74	0.8	0.86	0.82	0.96	0.86	0.9	0.66	0.86
10100	0.74	0.64	0.86	0.9	0.96	0.76	0.96	0.78	0.82	0.86	0.84	0.96	0.84	0.92	0.66	0.88
10150	0.76	0.64	0.86	0.92	0.98	0.8	0.96	0.78	0.82	0.86	0.84	0.94	0.88	0.92	0.72	0.88
10200	0.76	0.66	0.9	0.94	1.0	0.82	0.96	0.82	0.86	0.86	0.88	0.94	0.88	0.92	0.76	0.88
10250	0.78	0.66	0.9	0.96	1.0	0.84	0.96	0.84	0.86	0.86	0.88	0.94	0.86	0.92	0.76	0.86
10300	0.8	0.68	0.92	0.96	1.0	0.84	0.96	0.86	0.9	0.86	0.9	0.96	0.9	0.92	0.8	0.86
10350	0.82	0.7	0.92	0.96	1.0	0.84	0.96	0.86	0.92	0.88	0.9	0.96	0.9	0.92	0.8	0.9
10400	0.82	0.74	0.94	0.96	1.0	0.88	0.94	0.9	0.92	0.88	0.9	0.96	0.92	0.92	0.8	0.92
10450	0.88	0.82	0.96	0.96	1.0	0.88	0.94	0.9	0.9	0.9	0.9	0.96	0.92	0.92	0.86	0.92
10500	0.9	0.86	0.94	0.96	1.0	0.9	0.94	0.9	0.9	0.9	0.92	0.96	0.94	0.92	0.88	0.94
10550	0.94	0.94	0.94	0.98	1.0	0.94	0.94	0.92	0.9	0.92	0.92	0.96	0.94	0.9	0.88	0.96
10600	0.96	0.98	0.94	0.98	1.0	0.96	0.98	0.94	0.9	0.92	0.96	0.96	0.94	0.94	0.88	0.96
10650	0.96	0.96	0.94	0.98	1.0	0.98	0.98	0.96	0.92	0.92	0.94	0.96	0.96	0.94	0.88	0.98
10700	0.96	0.96	0.98	0.98	0.98	0.98	0.98	0.96	0.96	0.92	0.94	0.98	0.96	0.96	0.9	0.98
10750	0.98	0.96	0.98	0.98	0.96	0.98	0.98	1.0	0.96	0.94	0.94	0.98	0.98	0.96	0.9	0.98
10800	0.98	0.98	0.98	0.98	0.96	0.98	0.98	1.0	0.96	0.94	0.92	1.0	0.98	0.96	0.92	0.98
10850	0.98	0.98	0.98	0.98	0.96	0.98	0.98	1.0	0.96	0.94	0.92	1.0	1.0	0.98	0.92	0.98
10900	0.98	0.96	0.98	0.98	0.96	0.98	0.98	1.0	0.96	0.94	0.92	1.0	1.0	0.98	0.98	0.98
10950	1.0	0.96	0.98	0.98	0.94	0.98	0.98	1.0	0.96	0.96	0.92	1.0	1.0	0.98	0.98	0.98
11000	1.0	0.96	0.98	0.98	0.94	0.98	1.0	1.0	0.96	0.96	0.94	1.0	1.0	0.98	1.0	1.0
11050	1.0	0.96	1.0	0.98	0.94	0.98	1.0	1.0	0.96	0.98	0.94	1.0	1.0	1.0	1.0	1.0
11100	1.0	0.96	1.0	1.0	0.9	1.0	1.0	1.0	0.98	0.98	0.94	1.0	1.0	1.0	1.0	1.0
11150	1.0	0.96	1.0	1.0	0.9	1.0	1.0	1.0	1.0	1.0	0.94	1.0	1.0	1.0	1.0	1.0
11200	1.0	0.96	1.0	1.0	0.9	1.0	1.0	1.0	1.0	1.0	0.96	1.0	1.0	1.0	1.0	1.0
11250	1.0	0.94	1.0	1.0	0.9	1.0	1.0	1.0	1.0	1.0	0.96	1.0	1.0	1.0	1.0	1.0
11300	1.0	0.94	1.0	1.0	0.9	1.0	1.0	1.0	1.0	1.0	0.96	1.0	1.0	1.0	1.0	1.0
11350	1.0	0.94	1.0	0.98	0.9	1.0	1.0	1.0	1.0	1.0	0.98	1.0	1.0	1.0	1.0	1.0
11400	1.0	0.96	1.0	0.98	0.92	1.0	1.0	1.0	1.0	1.0	0.98	1.0	1.0	0.98	1.0	1.0
11450	1.0	0.96	1.0	0.96	0.92	1.0	1.0	1.0	1.0	1.0	0.98	1.0	1.0	0.98	1.0	1.0
11500	1.0	0.96	1.0	0.96	0.94	1.0	0.98	1.0	1.0	1.0	0.98	1.0	1.0	0.98	1.0	1.0
11550	1.0	0.94	1.0	0.96	0.94	1.0	0.96	1.0	1.0	1.0	0.98	1.0	1.0	0.98	1.0	1.0
11600	1.0	0.92	1.0	0.96	0.94	1.0	0.96	1.0	1.0	1.0	1.0	1.0	1.0	0.98	1.0	1.0
11650	1.0	0.94	1.0	0.96	0.96	1.0	0.96	1.0	1.0	1.0	1.0	1.0	1.0	0.98	1.0	1.0
11700	1.0	0.94	1.0	0.96	0.98	1.0	0.96	1.0	1.0	1.0	1.0	1.0	1.0	0.98	1.0	1.0
11750	1.0	0.94	1.0	0.96	0.98	1.0	0.96	1.0	1.0	1.0	1.0	0.98	0.98	0.98	1.0	1.0
11800	1.0	0.94	1.0	0.96	0.98	1.0	0.96	1.0	1.0	1.0	1.0	0.98	0.98	0.98	1.0	1.0
11850	1.0	0.96	1.0	0.96	0.98	1.0	0.96	1.0	1.0	1.0	1.0	0.98	0.98	0.96	1.0	1.0
11900	1.0	0.96	1.0	0.96	0.98	1.0	0.96	1.0	1.0	1.0	1.0	0.98	0.98	0.96	1.0	1.0
11950	1.0	0.96	1.0	0.96	0.98	1.0	0.96	1.0	1.0	1.0	1.0	0.98	0.98	0.96	1.0	1.0
12000	1.0	0.94	1.0	0.96	0.98	0.98	0.96	1.0	1.0	1.0	1.0	0.98	0.98	0.92	1.0	1.0
12050	1.0	0.94	1.0	0.96	1.0	0.98	0.96	0.98	1.0	1.0	1.0	0.98	0.98	0.92	1.0	1.0
12100	1.0	0.94	1.0	0.96	1.0	0.98	0.96	0.98	1.0	1.0	1.0	0.98	0.98	0.92	1.0	1.0
12150	1.0	0.94	1.0	0.94	1.0	0.98	0.96	0.98	1.0	1.0	1.0	0.98	0.98	0.94	1.0	1.0
12200	1.0	0.94	1.0	0.98	1.0	0.98	0.96	0.98	1.0	1.0	1.0	0.98	0.98	0.94	1.0	1.0
12250	1.0	0.96	1.0	0.98	1.0	0.98	0.96	0.98	1.0	1.0	1.0	0.98	0.98	0.94	1.0	1.0
12300	1.0	0.98	1.0	0.98	1.0	0.98	0.96	0.98	1.0	1.0	1.0	0.96	0.98	0.94	1.0	1.0
12350	1.0	0.98	1.0	0.96	1.0	0.98	0.96	0.98	1.0	1.0	1.0	0.96	0.98	0.94	1.0	1.0
12400	1.0	0.98	1.0	0.96	1.0	0.98	0.96	0.98	1.0	1.0	1.0	0.96	0.98	0.94	1.0	1.0
12450	1.0	0.98	1.0	0.96	1.0	0.96	0.96	0.96	1.0	1.0	1.0	0.98	0.98	0.92	1.0	1.0
12500	1.0	0.98	1.0	0.96	1.0	0.96	0.98	0.96	1.0	1.0	1.0	0.96	0.98	0.94	1.0	1.0
12550	1.0	0.98	1.0	0.96	1.0	0.96	1.0	0.96	1.0	1.0	1.0	0.96	0.98	0.94	1.0	1.0
12600	1.0	0.98	1.0	0.92	1.0	0.96	1.0	0.96	1.0	1.0	1.0	0.96	0.98	0.94	1.0	1.0
12650	0.98	0.98	1.0	0.92	1.0	0.96	1.0	0.96	1.0	1.0	1.0	0.96	0.98	0.98	1.0	1.0
12700	0.98	0.98	1.0	0.92	1.0	0.96	1.0	0.96	1.0	1.0	1.0	0.94	0.98	0.98	1.0	1.0
12750	0.98	0.98	1.0	0.9	1.0	0.96	1.0	0.98	1.0	1.0	1.0	0.94	0.98	0.98	1.0	1.0
12800	0.96	1.0	1.0	0.92	1.0	0.96	0.98	0.98	1.0	1.0	1.0	0.94	0.98	0.98	1.0	1.0
12850	0.96	1.0	1.0	0.92	1.0	0.98	0.98	0.98	1.0	1.0	1.0	0.94	0.96	0.98	1.0	1.0
12900	0.96	1.0	1.0	0.92	1.0	0.98	0.94	0.98	1.0	1.0	1.0	0.94	0.96	0.98	1.0	1.0
12950	0.96	1.0	1.0	0.9	1.0	0.98	0.94	0.98	1.0	1.0	1.0	0.94	0.96	0.98	1.0	1.0
13000	0.96	1.0	1.0	0.92	1.0	0.98	0.94	0.98	1.0	0.98	1.0	0.94	0.96	0.98	1.0	1.0
13050	0.96	1.0	1.0	0.92	1.0	0.98	0.94	0.98	1.0	0.98	1.0	0.96	0.96	0.98	1.0	1.0
13100	0.92	1.0	1.0	0.92	1.0	0.98	0.92	0.98	1.0	0.98	1.0	0.96	0.96	0.98	1.0	1.0
13150	0.92	1.0	1.0	0.94	1.0	0.98	0.92	0.98	1.0	0.98	1.0	0.96	0.96	0.98	1.0	1.0
13200	0.92	1.0	1.0	0.94	1.0	0.98	0.92	0.98	0.98	0.98	1.0	0.96	0.96	1.0	1.0	0.98
13250	0.92	1.0	1.0	0.96	1.0	1.0	0.92	1.0	0.98	0.98	1.0	0.96	0.96	1.0	1.0	0.98
13300	0.92	1.0	1.0	0.96	1.0	1.0	0.92	1.0	0.98	0.98	1.0	0.96	0.96	1.0	0.98	0.98
13350	0.92	1.0	1.0	0.94	1.0	1.0	0.92	1.0	0.98	0.98	1.0	0.96	0.96	1.0	0.98	0.98
13400	0.9	1.0	1.0	0.96	1.0	1.0	0.92	1.0	0.98	0.98	1.0	0.94	0.96	1.0	0.98	0.98
13450	0.9	1.0	0.98	0.96	1.0	1.0	0.94	1.0	0.98	0.98	1.0	0.94	0.96	1.0	0.98	0.98
13500	0.9	1.0	0.98	0.96	1.0	1.0	0.94	1.0	0.98	0.98	1.0	0.94	0.96	1.0	0.98	0.98
13550	0.92	1.0	0.98	0.96	1.0	1.0	0.94	1.0	0.98	0.98	0.98	0.96	0.98	1.0	0.98	0.98
13600	0.92	1.0	0.98	0.98	1.0	1.0	0.96	1.0	0.98	0.98	0.98	0.96	0.98	1.0	0.98	0.98
13650	0.92	1.0	0.98	0.98	1.0	1.0	0.98	1.0	0.98	0.98	0.98	0.96	0.98	1.0	0.98	0.98
13700	0.94	1.0	0.98	0.98	1.0	1.0	0.98	1.0	0.98	0.98	0.98	0.96	1.0	1.0	0.96	0.98
13750	0.94	1.0	0.98	0.98	1.0	1.0	0.98	1.0	0.98	0.98	0.96	0.96	1.0	1.0	0.96	0.98
13800	0.94	1.0	0.98	0.98	1.0	1.0	0.98	1.0	0.98	0.98	0.96	0.96	1.0	1.0	0.96	0.98
13850	0.94	0.98	0.98	0.98	1.0	1.0	1.0	1.0	1.0	1.0	0.96	0.96	1.0	1.0	0.96	0.98
13900	0.96	0.98	0.98	0.98	1.0	1.0	1.0	1.0	1.0	1.0	0.96	0.96	1.0	1.0	0.96	0.98
13950	0.96	0.98	0.98	0.98	1.0	1.0	1.0	1.0	0.98	1.0	0.96	0.96	1.0	1.0	0.98	0.98
14000	0.96	0.98	0.98	0.98	1.0	1.0	1.0	0.98	0.98	0.98	0.96	0.96	1.0	1.0	0.98	1.0
14050	0.96	0.96	0.98	0.98	1.0	1.0	1.0	0.98	0.98	0.98	0.96	0.96	1.0	1.0	0.98	1.0
14100	0.96	0.96	0.98	0.98	1.0	1.0	1.0	0.98	0.98	0.98	0.96	0.96	1.0	1.0	0.98	1.0
14150	0.96	0.96	1.0	1.0	1.0	1.0	1.0	0.98	0.98	0.98	0.96	0.98	1.0	1.0	0.98	1.0
14200	0.98	0.94	1.0	1.0	1.0	1.0	1.0	0.98	0.98	0.98	0.96	0.98	1.0	1.0	0.98	1.0
14250	0.98	0.94	1.0	1.0	1.0	1.0	1.0	0.98	0.98	0.98	0.96	0.98	1.0	1.0	0.96	1.0
14300	0.98	0.94	1.0	1.0	1.0	1.0	1.0	0.98	0.98	0.98	0.96	0.98	1.0	1.0	0.96	1.0
14350	0.98	0.94	1.0	1.0	1.0	1.0	1.0	0.98	0.98	0.98	0.96	0.98	1.0	1.0	0.96	1.0
14400	0.98	0.94	1.0	1.0	1.0	1.0	1.0	0.98	0.98	0.98	0.96	1.0	1.0	1.0	0.96	1.0
14450	0.98	0.92	1.0	1.0	1.0	1.0	1.0	0.98	0.98	0.96	0.96	1.0	1.0	1.0	0.96	1.0
14500	0.98	0.92	1.0	1.0	1.0	1.0	1.0	0.98	0.98	0.96	0.98	1.0	1.0	1.0	0.98	1.0
14550	0.98	0.94	1.0	1.0	1.0	1.0	1.0	0.98	0.98	0.96	0.96	1.0	1.0	1.0	0.98	1.0
14600	1.0	0.94	1.0	1.0	1.0	1.0	1.0	0.98	0.98	0.96	0.96	1.0	1.0	1.0	0.98	1.0
14650	1.0	0.94	1.0	1.0	1.0	1.0	1.0	0.98	0.98	0.96	0.96	1.0	1.0	0.98	0.98	1.0
14700	1.0	0.94	1.0	1.0	1.0	1.0	1.0	0.98	1.0	0.96	0.96	1.0	1.0	0.98	0.98	1.0
14750	1.0	0.94	1.0	1.0	1.0	1.0	1.0	0.98	1.0	0.98	0.96	1.0	0.98	0.98	0.98	1.0
14800	1.0	0.96	1.0	1.0	1.0	1.0	1.0	0.98	0.98	0.98	0.96	1.0	0.98	0.98	0.96	1.0
14850	1.0	0.96	1.0	1.0	1.0	1.0	0.98	0.98	0.98	0.98	0.96	1.0	0.98	0.98	0.96	1.0
14900	0.98	0.96	1.0	1.0	1.0	1.0	0.98	0.98	0.98	0.98	0.96	1.0	0.98	0.98	0.96	1.0
14950	0.98	0.98	1.0	1.0	1.0	0.98	0.98	0.98	0.98	0.98	0.96	1.0	0.98	0.96	0.96	1.0
15000	0.98	0.96	1.0	1.0	1.0	0.98	0.98	0.98	0.98	0.98	0.96	1.0	0.98	0.96	0.96	1.0
15050	0.98	0.96	1.0	1.0	1.0	0.98	0.98	0.98	0.98	0.98	0.96	1.0	0.98	0.96	0.98	1.0
15100	0.96	0.98	1.0	1.0	1.0	0.98	0.98	0.98	0.98	0.98	0.96	1.0	0.96	0.96	0.98	1.0
15150	0.96	0.98	1.0	1.0	1.0	0.98	0.98	0.98	0.98	1.0	0.94	1.0	0.96	0.96	0.98	1.0
15200	0.94	0.98	1.0	1.0	1.0	0.96	0.98	0.98	0.98	1.0	0.94	1.0	0.94	0.96	0.96	1.0
15250	0.94	0.98	1.0	1.0	1.0	0.96	0.98	0.98	0.98	1.0	0.96	1.0	0.94	0.96	0.96	1.0
15300	0.94	0.98	1.0	1.0	1.0	0.96	0.98	0.98	0.98	1.0	0.96	1.0	0.94	0.96	0.96	1.0
15350	0.94	0.98	1.0	1.0	1.0	0.96	0.98	0.98	0.98	1.0	0.96	1.0	0.94	0.96	0.96	1.0
15400	0.94	0.98	1.0	1.0	1.0	0.96	0.98	0.96	0.98	1.0	0.96	1.0	0.94	0.94	0.94	1.0
15450	0.94	0.98	0.98	1.0	1.0	0.96	0.98	0.96	0.98	1.0	0.96	0.98	0.94	0.94	0.94	1.0
15500	0.94	0.98	0.98	0.98	1.0	0.94	1.0	0.98	0.98	1.0	0.92	0.98	0.96	0.96	0.94	1.0
15550	0.94	0.98	0.98	0.98	1.0	0.94	1.0	0.98	0.98	1.0	0.92	0.98	0.96	0.96	0.94	1.0
15600	0.94	0.98	0.98	0.98	1.0	0.96	1.0	0.98	0.98	1.0	0.92	0.98	0.96	0.96	0.94	0.98
15650	0.94	0.98	0.98	0.98	1.0	0.96	1.0	0.98	0.98	1.0	0.92	0.98	0.96	0.96	0.96	0.98
15700	0.92	0.98	0.98	0.98	1.0	0.96	1.0	0.96	0.98	1.0	0.9	0.98	0.96	0.96	0.96	0.98
15750	0.92	0.98	0.98	0.98	1.0	0.96	1.0	0.96	0.96	1.0	0.9	0.98	0.96	0.96	0.96	0.98
15800	0.92	0.98	0.98	0.98	1.0	0.96	1.0	0.96	0.98	1.0	0.94	0.98	0.96	0.96	0.96	0.98
15850	0.94	0.98	0.98	0.98	1.0	0.98	1.0	0.96	0.98	1.0	0.94	0.98	0.98	0.98	0.96	0.98
15900	0.96	0.98	0.98	0.98	1.0	0.98	1.0	0.96	0.96	1.0	0.94	0.98	0.98	0.98	0.96	0.98
15950	0.96	1.0	0.98	0.98	1.0	0.98	1.0	0.96	0.96	1.0	0.94	0.98	1.0	0.98	0.98	0.98
16000	0.96	1.0	0.98	0.98	1.0	0.98	1.0	0.96	0.96	1.0	0.94	0.98	1.0	0.98	0.98	0.98
16050	0.98	1.0	0.98	0.98	1.0	0.98	1.0	0.96	0.94	1.0	0.94	0.98	1.0	0.98	0.98	0.98
16100	0.98	1.0	0.98	0.98	1.0	1.0	1.0	0.98	0.94	1.0	0.92	0.98	1.0	0.98	1.0	0.98
16150	0.98	1.0	0.98	0.98	1.0	1.0	1.0	0.98	0.94	1.0	0.92	0.98	1.0	0.98	1.0	0.98
16200	0.98	1.0	1.0	1.0	1.0	1.0	1.0	0.98	0.94	1.0	0.92	0.98	1.0	1.0	1.0	0.98
16250	0.96	1.0	1.0	1.0	1.0	1.0	1.0	0.98	0.94	1.0	0.96	1.0	1.0	1.0	1.0	0.98
16300	0.96	1.0	1.0	1.0	1.0	1.0	1.0	0.98	0.94	1.0	0.96	1.0	1.0	1.0	1.0	0.98
16350	0.96	1.0	1.0	1.0	1.0	1.0	1.0	0.98	0.94	1.0	0.96	1.0	1.0	1.0	1.0	1.0
16400	0.96	1.0	1.0	1.0	1.0	1.0	1.0	0.98	0.92	1.0	0.96	1.0	1.0	1.0	1.0	1.0
16450	0.96	1.0	1.0	1.0	1.0	1.0	1.0	1.0	0.92	1.0	0.96	1.0	1.0	1.0	1.0	1.0
16500	0.96	0.98	1.0	1.0	1.0	1.0	1.0	1.0	0.92	1.0	0.98	1.0	1.0	1.0	1.0	1.0
16550	0.96	0.98	1.0	1.0	1.0	1.0	1.0	1.0	0.94	1.0	0.98	1.0	0.98	1.0	1.0	1.0
16600	0.94	0.98	1.0	1.0	1.0	1.0	1.0	0.98	0.94	1.0	0.98	1.0	0.98	1.0	1.0	1.0
16650	0.94	0.98	1.0	1.0	1.0	1.0	1.0	0.98	0.94	0.98	0.98	1.0	0.98	1.0	1.0	0.98
16700	0.92	0.98	1.0	1.0	1.0	1.0	1.0	0.98	0.96	0.98	0.98	1.0	0.98	1.0	1.0	0.98
16750	0.92	0.98	1.0	1.0	0.98	1.0	0.98	0.96	0.96	0.98	0.98	1.0	0.98	1.0	1.0	0.98
16800	0.9	0.98	1.0	1.0	0.98	1.0	0.98	0.96	0.96	0.98	0.98	1.0	0.98	1.0	1.0	0.98
16850	0.9	0.98	1.0	1.0	0.98	1.0	0.98	0.96	0.96	0.98	0.98	1.0	0.98	1.0	1.0	0.98
16900	0.9	0.98	1.0	1.0	0.98	1.0	0.98	0.96	0.98	0.98	0.98	1.0	0.98	1.0	0.98	0.98
16950	0.9	0.98	1.0	1.0	0.98	1.0	0.98	0.96	0.98	0.98	0.98	1.0	0.98	1.0	0.98	0.98
17000	0.9	0.98	0.98	1.0	0.98	1.0	0.98	0.96	0.98	0.98	1.0	1.0	0.98	1.0	0.98	0.98
17050	0.92	0.96	0.98	1.0	0.98	1.0	0.98	0.96	0.98	0.98	1.0	1.0	0.96	1.0	0.98	0.98
17100	0.92	0.96	0.98	1.0	0.98	1.0	0.98	0.94	0.98	0.98	1.0	1.0	0.96	1.0	0.98	0.98
17150	0.92	0.96	0.96	1.0	0.98	1.0	0.98	0.94	0.98	0.98	1.0	1.0	0.96	1.0	0.98	0.98
17200	0.94	0.96	0.96	1.0	0.98	1.0	0.98	0.94	1.0	0.98	1.0	1.0	0.98	1.0	0.98	0.98
17250	0.94	0.98	0.96	1.0	0.98	1.0	0.98	0.94	1.0	0.98	0.98	1.0	0.98	1.0	0.98	0.98
17300	0.96	0.98	0.96	1.0	0.98	1.0	0.98	0.94	1.0	0.98	0.98	1.0	0.98	1.0	0.98	0.98
17350	0.96	0.98	0.96	1.0	1.0	1.0	0.98	0.94	1.0	0.98	0.98	1.0	0.98	1.0	0.98	0.98
17400	0.96	0.98	0.96	1.0	1.0	1.0	0.98	0.94	1.0	1.0	0.98	1.0	0.98	1.0	0.98	1.0
17450	0.98	0.98	0.96	1.0	1.0	1.0	1.0	0.94	1.0	1.0	0.98	1.0	0.98	1.0	0.98	1.0
17500	1.0	0.98	0.96	1.0	1.0	1.0	1.0	0.96	1.0	0.98	0.98	1.0	0.98	1.0	0.98	1.0
17550	1.0	0.98	0.96	1.0	1.0	1.0	1.0	0.96	1.0	0.98	0.98	1.0	0.98	1.0	0.98	1.0
17600	1.0	0.96	0.94	1.0	1.0	1.0	1.0	0.96	1.0	0.98	0.98	1.0	0.98	1.0	0.98	1.0
17650	1.0	0.96	0.94	1.0	1.0	1.0	1.0	0.98	1.0	0.98	0.98	1.0	0.98	1.0	0.98	1.0
17700	1.0	0.96	0.94	1.0	1.0	1.0	1.0	0.98	1.0	0.98	0.98	1.0	0.98	1.0	0.98	1.0
17750	1.0	0.96	0.96	1.0	1.0	1.0	1.0	0.98	1.0	0.96	0.98	1.0	0.98	1.0	1.0	1.0
17800	1.0	0.96	0.96	1.0	1.0	1.0	1.0	1.0	1.0	0.96	0.98	1.0	1.0	1.0	1.0	0.98
17850	1.0	0.96	0.96	1.0	1.0	1.0	1.0	0.98	0.98	0.96	0.98	1.0	1.0	1.0	1.0	0.98
17900	1.0	0.94	0.98	1.0	1.0	1.0	0.98	0.98	0.98	0.96	0.98	0.98	1.0	1.0	1.0	0.98
17950	1.0	0.94	0.98	1.0	1.0	1.0	0.98	0.98	0.98	0.96	0.98	0.98	1.0	1.0	1.0	0.98
18000	1.0	0.94	0.98	1.0	1.0	1.0	0.98	0.98	0.98	0.96	0.98	0.98	1.0	1.0	1.0	0.98
18050	1.0	0.94	0.96	1.0	1.0	1.0	0.98	0.98	0.98	0.96	0.96	0.98	1.0	1.0	1.0	0.98
18100	1.0	0.96	0.96	1.0	1.0	1.0	0.98	0.98	0.98	0.96	0.98	0.98	1.0	1.0	0.98	0.98
18150	1.0	0.96	0.96	1.0	1.0	1.0	0.98	0.98	0.98	0.98	0.98	0.98	1.0	1.0	0.98	0.98
18200	1.0	0.96	0.96	1.0	1.0	1.0	0.98	0.98	0.98	0.98	0.98	0.96	1.0	1.0	0.98	0.98
18250	1.0	0.96	0.98	1.0	1.0	1.0	0.96	0.98	0.98	0.98	0.98	0.96	1.0	1.0	0.96	0.96
18300	1.0	0.94	0.98	1.0	1.0	1.0	0.96	0.98	0.98	0.98	0.98	0.96	1.0	1.0	0.94	0.96
18350	1.0	0.94	0.98	1.0	0.98	1.0	0.96	0.98	0.98	0.98	0.98	0.96	1.0	1.0	0.94	0.96
18400	1.0	0.94	0.98	1.0	0.98	1.0	0.94	0.98	0.98	0.98	0.98	0.94	1.0	1.0	0.94	0.96
18450	1.0	0.94	0.98	1.0	0.98	1.0	0.94	0.98	0.96	0.98	0.98	0.94	1.0	1.0	0.94	0.96
18500	1.0	0.94	0.98	1.0	0.98	1.0	0.94	0.96	0.96	1.0	0.98	0.94	1.0	1.0	0.94	0.96
18550	1.0	0.96	0.96	1.0	0.98	1.0	0.94	0.96	0.96	1.0	0.98	0.94	1.0	1.0	0.94	0.96
18600	1.0	0.96	0.96	1.0	0.98	1.0	0.96	0.98	0.96	1.0	0.98	0.94	1.0	1.0	0.94	0.96
18650	1.0	0.96	0.96	1.0	0.96	1.0	0.96	0.98	0.98	1.0	0.98	0.94	1.0	1.0	0.94	0.96
18700	1.0	0.96	0.98	1.0	0.96	1.0	0.96	0.98	0.98	1.0	1.0	0.94	1.0	1.0	0.94	0.96
18750	1.0	0.98	0.98	1.0	0.96	1.0	0.96	0.98	0.96	1.0	1.0	0.96	1.0	1.0	0.92	0.96
18800	1.0	0.98	0.98	1.0	0.96	1.0	0.94	0.98	0.96	1.0	1.0	0.96	1.0	1.0	0.92	0.96
18850	1.0	0.98	0.98	1.0	0.96	0.98	0.96	0.98	0.96	1.0	1.0	0.96	1.0	1.0	0.92	0.96
18900	1.0	0.98	0.98	1.0	0.96	0.98	0.96	0.98	0.96	1.0	1.0	0.96	0.98	1.0	0.94	0.94
18950	1.0	0.98	0.98	1.0	0.96	0.96	0.96	0.98	0.96	1.0	1.0	0.96	0.98	1.0	0.94	0.94
19000	1.0	0.98	0.96	1.0	0.98	0.96	0.96	0.96	0.96	1.0	1.0	0.98	0.98	1.0	0.94	0.94
19050	1.0	0.98	0.94	1.0	0.98	0.94	0.96	0.96	0.96	1.0	1.0	0.96	0.98	1.0	0.94	0.96
19100	1.0	0.98	0.94	1.0	0.98	0.94	0.98	0.96	0.96	0.98	1.0	0.96	0.98	1.0	0.94	0.96
19150	1.0	1.0	0.94	1.0	0.98	0.94	0.98	0.96	0.98	0.98	1.0	0.96	0.98	1.0	0.94	0.96
19200	1.0	1.0	0.94	1.0	0.98	0.94	0.98	0.96	0.98	0.98	1.0	0.98	0.98	1.0	0.94	0.96
19250	1.0	0.98	0.94	1.0	0.98	0.94	0.98	0.98	0.98	0.98	1.0	0.98	0.98	1.0	0.96	0.96
19300	1.0	0.96	0.94	1.0	0.98	0.94	0.98	0.98	0.98	0.98	1.0	0.98	0.98	1.0	0.96	0.94
19350	1.0	0.96	0.96	1.0	0.98	0.94	0.98	0.98	0.98	0.98	1.0	0.98	0.98	1.0	0.98	0.96
19400	1.0	0.96	0.96	1.0	0.98	0.94	0.98	0.98	0.98	0.98	1.0	0.98	0.96	1.0	0.98	0.98
19450	1.0	0.96	0.96	1.0	1.0	0.94	0.98	0.98	1.0	0.98	1.0	0.98	0.96	1.0	0.98	0.98
19500	1.0	0.96	0.96	1.0	1.0	0.94	0.98	0.98	1.0	0.98	1.0	0.98	0.98	1.0	0.98	0.98
19550	1.0	0.96	0.96	1.0	1.0	0.94	0.98	0.98	1.0	0.98	1.0	0.98	0.98	1.0	0.98	0.98
19600	1.0	0.96	0.96	1.0	1.0	0.94	0.98	0.98	1.0	0.96	1.0	0.98	0.98	1.0	0.98	0.98
19650	1.0	0.96	0.96	1.0	1.0	0.94	1.0	0.98	1.0	0.94	0.98	0.98	0.98	1.0	0.98	0.98
19700	1.0	0.96	0.96	1.0	1.0	0.94	1.0	0.98	1.0	0.96	0.98	0.98	0.96	1.0	1.0	0.98
19750	1.0	0.96	0.98	1.0	1.0	0.94	0.98	0.98	1.0	0.96	0.98	0.98	0.96	1.0	1.0	0.98
19800	1.0	0.96	0.98	1.0	1.0	0.94	0.98	1.0	1.0	0.96	0.98	0.98	0.94	1.0	1.0	0.98
19850	1.0	0.96	0.98	1.0	1.0	0.96	0.96	1.0	1.0	0.96	0.98	0.98	0.94	1.0	1.0	0.98
19900	1.0	0.96	0.98	1.0	1.0	0.96	0.96	1.0	1.0	0.96	0.98	0.98	0.94	1.0	1.0	0.98
19950	1.0	0.96	0.98	1.0	1.0	0.98	0.96	1.0	1.0	0.96	0.98	0.98	0.94	1.0	1.0	0.98
20000	1.0	0.98	0.98	1.0	1.0	0.98	0.96	1.0	1.0	0.94	0.98	0.98	0.94	1.0	1.0	0.98
