0	0.0	0.0	0.0	0.0	0.0	0.0	0.0	0.0	0.0	0.0	0.0	0.0	0.0	0.0	0.0	0.0
50	0.0	0.0	0.0	0.0	0.0	0.285714285714	0.0	0.333333333333	0.0	0.0	0.0	0.0	0.0	0.0	0.0	0.0
100	0.1	0.0	0.0	0.0	0.0	0.142857142857	0.0	0.133333333333	0.0	0.0	0.0769230769231	0.0	0.0909090909091	0.0	0.0	0.0666666666667
150	0.117647058824	0.0909090909091	0.0	0.0555555555556	0.0	0.105263157895	0.105263157895	0.148148148148	0.0	0.0	0.0625	0.0	0.0555555555556	0.0	0.0	0.0526315789474
200	0.0909090909091	0.0967741935484	0.0	0.0740740740741	0.0	0.129032258065	0.173913043478	0.15625	0.05	0.0	0.0454545454545	0.0	0.037037037037	0.0833333333333	0.0952380952381	0.0454545454545
250	0.137931034483	0.108108108108	0.0	0.0967741935484	0.0	0.105263157895	0.161290322581	0.125	0.0869565217391	0.0555555555556	0.0625	0.0	0.0285714285714	0.0769230769231	0.137931034483	0.037037037037
300	0.108108108108	0.125	0.0	0.135135135135	0.0227272727273	0.130434782609	0.171428571429	0.130434782609	0.0740740740741	0.0434782608696	0.0789473684211	0.027027027027	0.0263157894737	0.0625	0.128205128205	0.05
350	0.15	0.113636363636	0.0222222222222	0.139534883721	0.0408163265306	0.14	0.175	0.14	0.151515151515	0.1	0.111111111111	0.025	0.0666666666667	0.119047619048	0.148936170213	0.0851063829787
400	0.173913043478	0.16	0.06	0.14	0.04	0.18	0.227272727273	0.16	0.189189189189	0.138888888889	0.1	0.0612244897959	0.06	0.148936170213	0.2	0.1
450	0.16	0.16	0.08	0.14	0.06	0.22	0.24	0.22	0.204545454545	0.146341463415	0.1	0.06	0.08	0.2	0.26	0.16
500	0.2	0.14	0.08	0.18	0.1	0.28	0.3	0.22	0.2	0.170212765957	0.12	0.1	0.06	0.2	0.34	0.24
550	0.22	0.16	0.08	0.22	0.18	0.3	0.32	0.24	0.26	0.3	0.18	0.18	0.12	0.22	0.32	0.24
600	0.26	0.2	0.14	0.24	0.18	0.34	0.32	0.24	0.28	0.34	0.2	0.2	0.14	0.28	0.38	0.34
650	0.26	0.2	0.2	0.24	0.2	0.38	0.3	0.26	0.28	0.36	0.22	0.22	0.2	0.3	0.42	0.4
700	0.26	0.22	0.22	0.28	0.2	0.38	0.36	0.3	0.34	0.36	0.2	0.22	0.22	0.36	0.42	0.46
750	0.32	0.28	0.28	0.28	0.26	0.42	0.36	0.3	0.32	0.34	0.2	0.26	0.24	0.34	0.44	0.46
800	0.32	0.34	0.32	0.32	0.3	0.46	0.34	0.32	0.32	0.32	0.16	0.26	0.26	0.3	0.44	0.46
850	0.36	0.4	0.4	0.34	0.3	0.44	0.38	0.32	0.3	0.34	0.22	0.3	0.26	0.36	0.36	0.48
900	0.4	0.38	0.42	0.34	0.28	0.44	0.38	0.28	0.3	0.34	0.24	0.28	0.24	0.36	0.36	0.5
950	0.36	0.46	0.48	0.4	0.3	0.4	0.38	0.28	0.34	0.3	0.22	0.32	0.2	0.34	0.34	0.46
1000	0.36	0.5	0.54	0.48	0.36	0.38	0.44	0.34	0.4	0.26	0.22	0.32	0.22	0.32	0.3	0.46
1050	0.38	0.5	0.54	0.46	0.42	0.46	0.5	0.38	0.4	0.2	0.18	0.28	0.22	0.32	0.32	0.46
1100	0.4	0.5	0.54	0.52	0.42	0.44	0.52	0.36	0.34	0.28	0.22	0.28	0.2	0.32	0.3	0.42
1150	0.4	0.54	0.56	0.54	0.46	0.48	0.52	0.4	0.3	0.34	0.22	0.28	0.16	0.26	0.3	0.38
1200	0.42	0.5	0.6	0.52	0.48	0.48	0.48	0.42	0.32	0.32	0.24	0.3	0.2	0.3	0.36	0.44
1250	0.42	0.54	0.58	0.48	0.46	0.5	0.48	0.46	0.32	0.28	0.26	0.26	0.24	0.32	0.44	0.46
1300	0.42	0.56	0.58	0.54	0.5	0.5	0.54	0.5	0.36	0.28	0.26	0.34	0.22	0.28	0.42	0.38
1350	0.48	0.56	0.56	0.5	0.5	0.56	0.52	0.52	0.36	0.36	0.3	0.42	0.22	0.32	0.44	0.32
1400	0.48	0.56	0.54	0.48	0.48	0.6	0.52	0.56	0.36	0.3	0.34	0.46	0.26	0.36	0.5	0.4
1450	0.5	0.56	0.54	0.46	0.46	0.64	0.48	0.54	0.42	0.32	0.34	0.44	0.24	0.36	0.58	0.44
1500	0.44	0.52	0.54	0.44	0.46	0.64	0.54	0.54	0.48	0.34	0.36	0.42	0.24	0.36	0.56	0.46
1550	0.4	0.52	0.58	0.46	0.52	0.7	0.6	0.56	0.52	0.4	0.4	0.44	0.22	0.38	0.54	0.44
1600	0.34	0.54	0.56	0.46	0.46	0.62	0.6	0.58	0.52	0.44	0.42	0.46	0.24	0.36	0.54	0.44
1650	0.38	0.5	0.58	0.44	0.44	0.64	0.58	0.6	0.54	0.5	0.46	0.5	0.28	0.36	0.52	0.52
1700	0.42	0.48	0.56	0.5	0.44	0.6	0.64	0.58	0.48	0.52	0.46	0.46	0.3	0.32	0.52	0.52
1750	0.38	0.52	0.54	0.48	0.44	0.48	0.58	0.52	0.48	0.48	0.4	0.38	0.26	0.28	0.48	0.46
1800	0.38	0.5	0.52	0.48	0.44	0.48	0.58	0.52	0.5	0.48	0.48	0.38	0.32	0.28	0.54	0.38
1850	0.44	0.52	0.5	0.52	0.4	0.46	0.54	0.54	0.48	0.5	0.5	0.46	0.34	0.28	0.52	0.46
1900	0.46	0.48	0.5	0.5	0.44	0.38	0.52	0.5	0.48	0.54	0.48	0.5	0.38	0.26	0.48	0.48
1950	0.44	0.54	0.48	0.46	0.4	0.4	0.52	0.46	0.46	0.56	0.46	0.48	0.38	0.26	0.48	0.48
2000	0.42	0.5	0.44	0.48	0.4	0.42	0.44	0.44	0.4	0.5	0.42	0.52	0.42	0.24	0.44	0.48
2050	0.42	0.52	0.42	0.46	0.42	0.42	0.46	0.46	0.38	0.48	0.38	0.5	0.36	0.24	0.44	0.48
2100	0.42	0.46	0.42	0.44	0.36	0.44	0.46	0.52	0.38	0.46	0.44	0.48	0.34	0.2	0.4	0.44
2150	0.42	0.46	0.4	0.42	0.38	0.5	0.48	0.58	0.38	0.48	0.38	0.56	0.34	0.24	0.34	0.48
2200	0.38	0.44	0.42	0.4	0.4	0.52	0.52	0.56	0.38	0.52	0.34	0.56	0.36	0.28	0.32	0.44
2250	0.36	0.4	0.42	0.4	0.4	0.5	0.5	0.58	0.4	0.44	0.34	0.5	0.32	0.26	0.32	0.4
2300	0.38	0.42	0.44	0.34	0.42	0.54	0.54	0.62	0.36	0.48	0.34	0.48	0.32	0.26	0.36	0.44
2350	0.34	0.4	0.44	0.32	0.38	0.5	0.52	0.62	0.36	0.54	0.44	0.5	0.32	0.3	0.32	0.44
2400	0.4	0.32	0.42	0.3	0.4	0.48	0.52	0.62	0.42	0.58	0.44	0.52	0.36	0.32	0.34	0.44
2450	0.44	0.28	0.4	0.34	0.42	0.48	0.5	0.58	0.38	0.54	0.42	0.42	0.34	0.3	0.4	0.48
2500	0.44	0.26	0.42	0.32	0.48	0.5	0.5	0.56	0.4	0.52	0.4	0.44	0.32	0.28	0.42	0.54
2550	0.38	0.2	0.46	0.34	0.5	0.44	0.5	0.5	0.44	0.58	0.44	0.48	0.4	0.3	0.42	0.6
2600	0.42	0.22	0.44	0.38	0.52	0.44	0.5	0.56	0.46	0.54	0.46	0.46	0.38	0.32	0.48	0.56
2650	0.44	0.24	0.42	0.4	0.48	0.38	0.5	0.56	0.5	0.64	0.48	0.42	0.32	0.32	0.48	0.56
2700	0.48	0.24	0.42	0.42	0.48	0.38	0.38	0.5	0.48	0.6	0.46	0.4	0.32	0.3	0.44	0.62
2750	0.5	0.34	0.46	0.48	0.46	0.44	0.48	0.56	0.46	0.52	0.4	0.36	0.4	0.3	0.46	0.58
2800	0.52	0.32	0.46	0.46	0.48	0.48	0.48	0.5	0.44	0.5	0.4	0.46	0.42	0.34	0.5	0.58
2850	0.54	0.38	0.54	0.44	0.44	0.44	0.5	0.5	0.42	0.54	0.4	0.44	0.44	0.36	0.52	0.56
2900	0.5	0.42	0.56	0.46	0.42	0.48	0.52	0.46	0.42	0.54	0.4	0.38	0.38	0.38	0.54	0.5
2950	0.52	0.44	0.54	0.48	0.42	0.46	0.46	0.42	0.38	0.56	0.4	0.4	0.38	0.4	0.54	0.48
3000	0.48	0.48	0.56	0.42	0.48	0.54	0.5	0.42	0.38	0.52	0.42	0.4	0.38	0.42	0.58	0.48
3050	0.5	0.46	0.56	0.38	0.46	0.54	0.48	0.44	0.36	0.5	0.44	0.44	0.4	0.4	0.58	0.54
3100	0.44	0.46	0.52	0.38	0.42	0.54	0.58	0.52	0.46	0.48	0.4	0.46	0.4	0.4	0.56	0.48
3150	0.42	0.42	0.56	0.4	0.38	0.5	0.6	0.56	0.56	0.52	0.42	0.48	0.42	0.36	0.56	0.46
3200	0.42	0.4	0.54	0.4	0.38	0.52	0.64	0.56	0.64	0.52	0.48	0.5	0.46	0.38	0.58	0.5
3250	0.4	0.4	0.56	0.4	0.34	0.56	0.66	0.58	0.68	0.5	0.48	0.46	0.44	0.32	0.54	0.48
3300	0.42	0.36	0.54	0.42	0.34	0.54	0.64	0.56	0.64	0.54	0.52	0.46	0.46	0.38	0.5	0.46
3350	0.44	0.4	0.54	0.38	0.28	0.5	0.66	0.62	0.58	0.48	0.58	0.56	0.52	0.34	0.44	0.42
3400	0.48	0.48	0.5	0.42	0.28	0.52	0.6	0.7	0.52	0.54	0.6	0.54	0.54	0.32	0.44	0.42
3450	0.48	0.46	0.54	0.48	0.4	0.5	0.6	0.72	0.46	0.5	0.66	0.58	0.64	0.38	0.4	0.44
3500	0.46	0.38	0.56	0.44	0.44	0.46	0.58	0.68	0.42	0.52	0.68	0.58	0.64	0.46	0.38	0.46
3550	0.44	0.38	0.56	0.44	0.48	0.5	0.52	0.64	0.4	0.56	0.66	0.6	0.6	0.48	0.36	0.46
3600	0.46	0.38	0.58	0.42	0.54	0.48	0.46	0.6	0.38	0.56	0.66	0.58	0.58	0.46	0.42	0.48
3650	0.4	0.38	0.54	0.4	0.58	0.5	0.46	0.52	0.4	0.52	0.64	0.48	0.56	0.48	0.36	0.52
3700	0.46	0.38	0.54	0.4	0.58	0.48	0.48	0.48	0.4	0.5	0.66	0.48	0.56	0.46	0.42	0.5
3750	0.46	0.36	0.54	0.38	0.48	0.56	0.48	0.5	0.36	0.48	0.62	0.48	0.54	0.46	0.46	0.5
3800	0.44	0.36	0.52	0.4	0.48	0.54	0.52	0.48	0.4	0.48	0.58	0.42	0.52	0.46	0.5	0.46
3850	0.4	0.36	0.56	0.44	0.46	0.54	0.54	0.48	0.34	0.46	0.5	0.4	0.5	0.48	0.5	0.44
3900	0.4	0.32	0.56	0.46	0.44	0.54	0.64	0.5	0.48	0.44	0.48	0.38	0.46	0.42	0.54	0.5
3950	0.42	0.34	0.56	0.5	0.46	0.54	0.68	0.52	0.46	0.38	0.46	0.38	0.42	0.42	0.54	0.48
4000	0.44	0.38	0.52	0.54	0.46	0.54	0.66	0.5	0.44	0.34	0.54	0.38	0.46	0.38	0.54	0.46
4050	0.44	0.42	0.52	0.6	0.52	0.54	0.64	0.54	0.42	0.32	0.52	0.36	0.44	0.34	0.44	0.42
4100	0.42	0.46	0.6	0.66	0.54	0.52	0.7	0.54	0.44	0.32	0.52	0.38	0.46	0.34	0.42	0.4
4150	0.4	0.44	0.64	0.64	0.62	0.52	0.66	0.56	0.42	0.34	0.56	0.4	0.46	0.32	0.36	0.38
4200	0.36	0.42	0.62	0.64	0.66	0.52	0.64	0.54	0.32	0.3	0.54	0.42	0.44	0.34	0.4	0.44
4250	0.38	0.4	0.6	0.64	0.7	0.56	0.6	0.52	0.36	0.32	0.5	0.44	0.44	0.38	0.42	0.44
4300	0.34	0.46	0.62	0.66	0.72	0.52	0.58	0.56	0.34	0.36	0.5	0.46	0.46	0.42	0.42	0.42
4350	0.34	0.44	0.66	0.66	0.74	0.54	0.58	0.6	0.34	0.38	0.46	0.42	0.44	0.42	0.44	0.44
4400	0.36	0.44	0.68	0.64	0.7	0.6	0.58	0.64	0.36	0.36	0.44	0.42	0.44	0.46	0.5	0.46
4450	0.36	0.4	0.7	0.64	0.72	0.62	0.56	0.66	0.38	0.38	0.48	0.46	0.42	0.46	0.48	0.54
4500	0.38	0.44	0.68	0.6	0.72	0.64	0.5	0.7	0.42	0.34	0.38	0.44	0.44	0.52	0.48	0.52
4550	0.34	0.48	0.66	0.6	0.7	0.6	0.5	0.64	0.42	0.34	0.48	0.44	0.44	0.5	0.44	0.46
4600	0.38	0.48	0.7	0.6	0.74	0.58	0.52	0.6	0.4	0.36	0.48	0.42	0.5	0.48	0.4	0.44
4650	0.36	0.42	0.72	0.58	0.72	0.6	0.54	0.62	0.4	0.38	0.52	0.4	0.48	0.48	0.4	0.48
4700	0.4	0.46	0.64	0.54	0.7	0.62	0.58	0.58	0.44	0.36	0.52	0.4	0.5	0.48	0.42	0.46
4750	0.38	0.48	0.68	0.56	0.68	0.6	0.52	0.56	0.42	0.3	0.5	0.38	0.48	0.44	0.38	0.4
4800	0.34	0.46	0.66	0.56	0.62	0.54	0.54	0.54	0.46	0.32	0.52	0.34	0.54	0.46	0.36	0.42
4850	0.36	0.42	0.64	0.48	0.62	0.56	0.54	0.5	0.42	0.26	0.5	0.36	0.54	0.5	0.4	0.44
4900	0.4	0.42	0.64	0.48	0.64	0.52	0.56	0.46	0.44	0.3	0.54	0.36	0.58	0.52	0.38	0.48
4950	0.38	0.4	0.62	0.46	0.58	0.46	0.52	0.44	0.46	0.34	0.56	0.36	0.58	0.56	0.4	0.46
5000	0.42	0.42	0.64	0.46	0.56	0.46	0.5	0.4	0.48	0.3	0.54	0.38	0.52	0.52	0.44	0.48
5050	0.44	0.36	0.56	0.44	0.56	0.48	0.48	0.42	0.5	0.34	0.46	0.36	0.48	0.5	0.48	0.52
5100	0.44	0.3	0.5	0.38	0.52	0.4	0.44	0.42	0.5	0.38	0.42	0.42	0.44	0.46	0.46	0.52
5150	0.42	0.34	0.48	0.42	0.56	0.38	0.48	0.46	0.52	0.42	0.44	0.42	0.42	0.44	0.48	0.52
5200	0.5	0.4	0.48	0.42	0.56	0.4	0.46	0.46	0.5	0.4	0.5	0.42	0.42	0.48	0.5	0.5
5250	0.56	0.38	0.48	0.42	0.56	0.36	0.4	0.4	0.5	0.46	0.48	0.44	0.42	0.48	0.56	0.58
5300	0.58	0.4	0.48	0.42	0.62	0.4	0.42	0.4	0.52	0.48	0.44	0.44	0.42	0.5	0.52	0.58
5350	0.58	0.4	0.48	0.42	0.56	0.36	0.4	0.38	0.52	0.46	0.4	0.48	0.4	0.5	0.54	0.62
5400	0.54	0.4	0.5	0.46	0.56	0.42	0.4	0.38	0.54	0.52	0.36	0.5	0.4	0.5	0.56	0.62
5450	0.54	0.38	0.5	0.5	0.58	0.46	0.42	0.42	0.54	0.54	0.38	0.54	0.42	0.54	0.52	0.66
5500	0.56	0.46	0.46	0.52	0.6	0.5	0.42	0.48	0.56	0.56	0.4	0.56	0.46	0.56	0.52	0.68
5550	0.62	0.52	0.5	0.54	0.64	0.5	0.48	0.5	0.56	0.54	0.42	0.52	0.46	0.6	0.54	0.68
5600	0.58	0.48	0.5	0.54	0.6	0.54	0.5	0.52	0.54	0.52	0.42	0.52	0.46	0.58	0.54	0.68
5650	0.56	0.46	0.52	0.52	0.56	0.6	0.56	0.6	0.52	0.48	0.42	0.52	0.48	0.58	0.5	0.64
5700	0.54	0.42	0.5	0.56	0.6	0.58	0.6	0.62	0.54	0.5	0.38	0.5	0.46	0.56	0.5	0.64
5750	0.54	0.42	0.5	0.54	0.62	0.54	0.58	0.64	0.52	0.42	0.42	0.48	0.46	0.52	0.48	0.6
5800	0.54	0.48	0.5	0.54	0.62	0.54	0.56	0.68	0.5	0.38	0.44	0.44	0.46	0.46	0.42	0.54
5850	0.54	0.54	0.5	0.56	0.58	0.52	0.54	0.64	0.5	0.32	0.4	0.46	0.46	0.44	0.42	0.48
5900	0.58	0.54	0.52	0.54	0.58	0.56	0.6	0.68	0.5	0.3	0.4	0.46	0.48	0.42	0.4	0.46
5950	0.5	0.56	0.56	0.56	0.62	0.58	0.58	0.68	0.44	0.26	0.36	0.44	0.52	0.44	0.4	0.44
6000	0.5	0.6	0.56	0.6	0.64	0.56	0.56	0.62	0.42	0.26	0.4	0.52	0.56	0.42	0.4	0.46
6050	0.5	0.64	0.52	0.58	0.62	0.54	0.56	0.6	0.42	0.28	0.44	0.56	0.6	0.42	0.38	0.44
6100	0.46	0.6	0.52	0.58	0.58	0.56	0.52	0.62	0.44	0.32	0.5	0.54	0.58	0.38	0.4	0.44
6150	0.48	0.62	0.54	0.58	0.56	0.56	0.52	0.6	0.4	0.34	0.54	0.58	0.54	0.38	0.38	0.44
6200	0.54	0.64	0.54	0.58	0.58	0.52	0.54	0.58	0.42	0.34	0.54	0.6	0.56	0.46	0.44	0.5
6250	0.52	0.62	0.56	0.56	0.52	0.48	0.52	0.5	0.4	0.38	0.56	0.6	0.56	0.46	0.44	0.54
6300	0.5	0.66	0.52	0.6	0.52	0.46	0.5	0.5	0.44	0.42	0.56	0.58	0.54	0.44	0.44	0.54
6350	0.5	0.64	0.48	0.58	0.52	0.44	0.48	0.44	0.44	0.42	0.58	0.52	0.48	0.42	0.44	0.52
6400	0.5	0.6	0.52	0.6	0.54	0.42	0.48	0.5	0.44	0.52	0.54	0.52	0.48	0.44	0.38	0.48
6450	0.52	0.64	0.52	0.6	0.52	0.4	0.48	0.56	0.42	0.5	0.52	0.54	0.42	0.46	0.4	0.46
6500	0.52	0.64	0.58	0.58	0.52	0.42	0.52	0.58	0.38	0.46	0.5	0.48	0.42	0.44	0.4	0.5
6550	0.46	0.6	0.58	0.6	0.54	0.42	0.56	0.58	0.44	0.48	0.52	0.48	0.42	0.44	0.36	0.5
6600	0.44	0.58	0.54	0.62	0.5	0.46	0.6	0.6	0.46	0.58	0.62	0.52	0.46	0.4	0.38	0.42
6650	0.44	0.62	0.52	0.6	0.52	0.48	0.56	0.62	0.46	0.6	0.62	0.52	0.46	0.4	0.38	0.42
6700	0.4	0.58	0.56	0.6	0.54	0.48	0.6	0.68	0.48	0.6	0.62	0.54	0.48	0.4	0.36	0.42
6750	0.42	0.54	0.58	0.6	0.52	0.48	0.6	0.66	0.42	0.52	0.66	0.56	0.52	0.42	0.38	0.52
6800	0.44	0.54	0.62	0.56	0.52	0.48	0.62	0.66	0.5	0.56	0.64	0.48	0.54	0.38	0.36	0.5
6850	0.46	0.58	0.62	0.58	0.58	0.52	0.62	0.6	0.54	0.58	0.68	0.52	0.54	0.42	0.4	0.54
6900	0.44	0.58	0.6	0.6	0.58	0.46	0.56	0.52	0.6	0.54	0.68	0.56	0.56	0.4	0.36	0.46
6950	0.42	0.52	0.64	0.56	0.56	0.42	0.54	0.48	0.64	0.52	0.68	0.5	0.62	0.44	0.38	0.48
7000	0.42	0.56	0.62	0.56	0.58	0.4	0.52	0.44	0.6	0.48	0.6	0.44	0.6	0.48	0.38	0.46
7050	0.42	0.56	0.58	0.58	0.56	0.48	0.5	0.4	0.62	0.48	0.56	0.42	0.54	0.48	0.36	0.42
7100	0.44	0.56	0.62	0.58	0.58	0.44	0.44	0.36	0.64	0.52	0.54	0.42	0.5	0.48	0.36	0.4
7150	0.46	0.54	0.56	0.54	0.58	0.44	0.46	0.36	0.6	0.54	0.48	0.38	0.46	0.48	0.36	0.32
7200	0.46	0.56	0.52	0.48	0.52	0.44	0.5	0.38	0.64	0.46	0.38	0.34	0.44	0.48	0.36	0.34
7250	0.46	0.54	0.5	0.48	0.52	0.42	0.48	0.4	0.54	0.44	0.36	0.28	0.46	0.48	0.32	0.34
7300	0.44	0.54	0.54	0.48	0.54	0.5	0.52	0.46	0.52	0.46	0.34	0.3	0.4	0.48	0.34	0.32
7350	0.48	0.56	0.54	0.48	0.54	0.56	0.5	0.44	0.5	0.44	0.3	0.28	0.38	0.46	0.34	0.38
7400	0.5	0.56	0.52	0.5	0.58	0.56	0.54	0.46	0.48	0.38	0.24	0.32	0.42	0.46	0.3	0.42
7450	0.5	0.58	0.52	0.54	0.56	0.58	0.54	0.48	0.44	0.4	0.28	0.34	0.42	0.46	0.34	0.44
7500	0.52	0.54	0.5	0.62	0.62	0.62	0.58	0.52	0.44	0.38	0.26	0.4	0.44	0.48	0.38	0.5
7550	0.48	0.54	0.5	0.64	0.58	0.64	0.56	0.54	0.42	0.36	0.26	0.44	0.42	0.48	0.42	0.56
7600	0.44	0.54	0.54	0.64	0.58	0.64	0.54	0.5	0.4	0.36	0.28	0.4	0.42	0.48	0.46	0.6
7650	0.44	0.48	0.56	0.64	0.6	0.68	0.58	0.5	0.38	0.38	0.3	0.44	0.46	0.52	0.48	0.56
7700	0.4	0.48	0.54	0.6	0.6	0.66	0.62	0.5	0.42	0.4	0.3	0.4	0.44	0.54	0.46	0.58
7750	0.4	0.48	0.54	0.66	0.62	0.6	0.58	0.52	0.44	0.4	0.32	0.46	0.42	0.5	0.5	0.58
7800	0.38	0.44	0.52	0.64	0.6	0.58	0.56	0.52	0.38	0.4	0.38	0.5	0.46	0.52	0.52	0.56
7850	0.4	0.46	0.54	0.62	0.58	0.46	0.58	0.44	0.4	0.4	0.36	0.52	0.44	0.48	0.52	0.54
7900	0.4	0.48	0.6	0.56	0.58	0.42	0.54	0.4	0.36	0.44	0.38	0.48	0.42	0.48	0.5	0.46
7950	0.42	0.52	0.52	0.5	0.52	0.4	0.5	0.38	0.34	0.46	0.4	0.46	0.42	0.46	0.48	0.44
8000	0.52	0.56	0.48	0.54	0.52	0.36	0.5	0.38	0.36	0.48	0.44	0.5	0.4	0.48	0.5	0.38
8050	0.52	0.56	0.5	0.54	0.52	0.36	0.48	0.32	0.34	0.5	0.44	0.52	0.42	0.5	0.46	0.4
8100	0.54	0.52	0.54	0.52	0.46	0.34	0.44	0.32	0.34	0.54	0.44	0.52	0.38	0.44	0.46	0.42
8150	0.56	0.54	0.52	0.54	0.42	0.38	0.48	0.34	0.38	0.6	0.46	0.48	0.36	0.48	0.5	0.44
8200	0.56	0.56	0.58	0.5	0.44	0.36	0.46	0.32	0.36	0.64	0.46	0.46	0.36	0.48	0.56	0.44
8250	0.56	0.52	0.62	0.56	0.4	0.38	0.46	0.32	0.38	0.6	0.48	0.46	0.34	0.52	0.56	0.44
8300	0.58	0.56	0.6	0.58	0.44	0.42	0.48	0.32	0.42	0.62	0.46	0.46	0.34	0.52	0.52	0.48
8350	0.56	0.54	0.58	0.6	0.46	0.46	0.5	0.4	0.44	0.62	0.44	0.48	0.34	0.56	0.52	0.52
8400	0.54	0.52	0.54	0.58	0.44	0.48	0.5	0.38	0.4	0.6	0.5	0.48	0.34	0.56	0.56	0.48
8450	0.5	0.54	0.58	0.58	0.54	0.5	0.52	0.4	0.4	0.6	0.46	0.5	0.4	0.62	0.54	0.52
8500	0.52	0.52	0.58	0.64	0.58	0.48	0.54	0.46	0.42	0.6	0.46	0.56	0.46	0.6	0.58	0.5
8550	0.58	0.56	0.5	0.64	0.62	0.48	0.5	0.48	0.42	0.58	0.46	0.58	0.5	0.6	0.6	0.5
8600	0.58	0.56	0.46	0.62	0.62	0.46	0.56	0.46	0.4	0.5	0.44	0.6	0.5	0.62	0.6	0.54
8650	0.56	0.56	0.42	0.64	0.6	0.52	0.56	0.46	0.42	0.52	0.46	0.58	0.5	0.58	0.54	0.52
8700	0.56	0.56	0.42	0.62	0.58	0.48	0.54	0.44	0.42	0.48	0.46	0.56	0.54	0.6	0.56	0.54
8750	0.6	0.6	0.46	0.68	0.54	0.44	0.48	0.42	0.46	0.54	0.48	0.56	0.54	0.6	0.58	0.54
8800	0.62	0.58	0.48	0.7	0.56	0.48	0.52	0.42	0.42	0.52	0.48	0.58	0.5	0.5	0.54	0.56
8850	0.56	0.56	0.44	0.68	0.56	0.48	0.48	0.44	0.42	0.5	0.48	0.54	0.46	0.48	0.52	0.54
8900	0.54	0.54	0.42	0.6	0.56	0.48	0.52	0.46	0.46	0.58	0.52	0.52	0.46	0.44	0.56	0.58
8950	0.56	0.58	0.44	0.64	0.56	0.54	0.54	0.46	0.42	0.58	0.56	0.52	0.44	0.44	0.5	0.58
9000	0.5	0.56	0.46	0.64	0.56	0.52	0.46	0.4	0.42	0.58	0.58	0.48	0.44	0.44	0.5	0.56
9050	0.5	0.54	0.54	0.64	0.56	0.56	0.5	0.42	0.42	0.62	0.6	0.54	0.42	0.42	0.44	0.54
9100	0.5	0.56	0.56	0.64	0.54	0.52	0.44	0.42	0.38	0.64	0.6	0.58	0.44	0.4	0.44	0.54
9150	0.48	0.56	0.58	0.58	0.54	0.48	0.42	0.46	0.38	0.62	0.6	0.62	0.44	0.38	0.46	0.56
9200	0.52	0.56	0.6	0.58	0.54	0.5	0.4	0.38	0.38	0.58	0.56	0.6	0.46	0.46	0.48	0.56
9250	0.52	0.6	0.58	0.56	0.56	0.52	0.46	0.36	0.36	0.54	0.52	0.6	0.48	0.54	0.46	0.56
9300	0.54	0.66	0.58	0.58	0.54	0.54	0.52	0.36	0.42	0.52	0.58	0.58	0.48	0.58	0.48	0.56
9350	0.5	0.66	0.58	0.6	0.58	0.58	0.56	0.38	0.48	0.52	0.5	0.56	0.48	0.62	0.52	0.52
9400	0.52	0.64	0.56	0.6	0.58	0.56	0.58	0.44	0.52	0.5	0.48	0.62	0.48	0.6	0.5	0.54
9450	0.5	0.68	0.58	0.62	0.58	0.58	0.6	0.48	0.56	0.46	0.44	0.54	0.5	0.66	0.54	0.58
9500	0.5	0.66	0.58	0.58	0.56	0.6	0.64	0.5	0.58	0.44	0.36	0.5	0.52	0.72	0.58	0.58
9550	0.44	0.64	0.6	0.64	0.58	0.6	0.58	0.52	0.6	0.38	0.44	0.48	0.6	0.74	0.56	0.58
9600	0.44	0.64	0.6	0.72	0.6	0.64	0.58	0.52	0.58	0.42	0.4	0.44	0.62	0.74	0.58	0.6
9650	0.42	0.62	0.54	0.7	0.58	0.64	0.62	0.5	0.58	0.36	0.44	0.46	0.62	0.68	0.54	0.62
9700	0.5	0.54	0.5	0.68	0.56	0.64	0.66	0.54	0.56	0.32	0.46	0.44	0.64	0.66	0.52	0.66
9750	0.5	0.6	0.52	0.66	0.54	0.68	0.62	0.54	0.52	0.3	0.42	0.42	0.6	0.64	0.56	0.64
9800	0.52	0.54	0.5	0.7	0.52	0.7	0.62	0.54	0.48	0.36	0.44	0.46	0.6	0.62	0.52	0.6
9850	0.54	0.62	0.52	0.68	0.44	0.7	0.66	0.56	0.52	0.4	0.48	0.54	0.62	0.58	0.5	0.58
9900	0.56	0.6	0.42	0.6	0.42	0.7	0.64	0.52	0.5	0.46	0.44	0.56	0.6	0.54	0.48	0.58
9950	0.54	0.6	0.44	0.58	0.38	0.64	0.66	0.52	0.5	0.5	0.42	0.58	0.54	0.44	0.44	0.52
10000	0.58	0.58	0.42	0.58	0.4	0.62	0.6	0.52	0.52	0.54	0.42	0.58	0.46	0.42	0.46	0.48
10050	0.6	0.58	0.42	0.5	0.32	0.58	0.64	0.5	0.58	0.66	0.46	0.62	0.44	0.46	0.48	0.5
10100	0.58	0.64	0.44	0.54	0.34	0.56	0.6	0.48	0.6	0.62	0.46	0.64	0.44	0.44	0.5	0.44
10150	0.58	0.64	0.46	0.52	0.34	0.48	0.56	0.44	0.54	0.6	0.54	0.64	0.48	0.42	0.5	0.44
10200	0.6	0.66	0.42	0.46	0.32	0.4	0.5	0.4	0.52	0.56	0.56	0.58	0.46	0.4	0.48	0.44
10250	0.5	0.56	0.42	0.52	0.34	0.36	0.44	0.42	0.48	0.56	0.54	0.6	0.5	0.42	0.46	0.42
10300	0.52	0.54	0.44	0.52	0.42	0.42	0.48	0.42	0.52	0.5	0.52	0.52	0.48	0.4	0.5	0.42
10350	0.5	0.56	0.48	0.52	0.42	0.46	0.52	0.5	0.5	0.5	0.5	0.48	0.44	0.42	0.52	0.44
10400	0.48	0.58	0.5	0.58	0.46	0.38	0.54	0.5	0.52	0.42	0.44	0.44	0.54	0.52	0.54	0.48
10450	0.54	0.5	0.46	0.64	0.56	0.46	0.52	0.5	0.52	0.38	0.46	0.48	0.58	0.48	0.52	0.48
10500	0.52	0.48	0.44	0.64	0.54	0.5	0.52	0.5	0.48	0.42	0.44	0.48	0.54	0.46	0.56	0.54
10550	0.52	0.46	0.36	0.62	0.52	0.6	0.54	0.54	0.5	0.48	0.42	0.48	0.54	0.46	0.56	0.58
10600	0.5	0.44	0.4	0.68	0.56	0.62	0.54	0.62	0.54	0.48	0.46	0.52	0.56	0.5	0.54	0.56
10650	0.58	0.48	0.44	0.68	0.58	0.62	0.54	0.58	0.5	0.52	0.5	0.6	0.6	0.54	0.56	0.56
10700	0.58	0.56	0.44	0.66	0.6	0.58	0.5	0.54	0.56	0.52	0.52	0.58	0.6	0.54	0.58	0.54
10750	0.58	0.5	0.52	0.66	0.62	0.58	0.48	0.48	0.54	0.5	0.54	0.62	0.64	0.54	0.54	0.54
10800	0.62	0.58	0.56	0.64	0.64	0.62	0.5	0.5	0.52	0.5	0.62	0.64	0.62	0.56	0.58	0.56
10850	0.6	0.54	0.62	0.64	0.66	0.66	0.54	0.46	0.52	0.54	0.64	0.64	0.62	0.52	0.52	0.56
10900	0.64	0.58	0.66	0.68	0.66	0.68	0.5	0.5	0.54	0.62	0.64	0.64	0.54	0.52	0.54	0.58
10950	0.66	0.6	0.68	0.68	0.72	0.66	0.54	0.48	0.52	0.6	0.66	0.58	0.58	0.52	0.5	0.54
11000	0.62	0.6	0.7	0.66	0.7	0.66	0.58	0.48	0.54	0.64	0.7	0.56	0.56	0.56	0.58	0.68
11050	0.62	0.6	0.68	0.6	0.68	0.66	0.64	0.48	0.58	0.62	0.64	0.58	0.54	0.58	0.6	0.7
11100	0.66	0.54	0.64	0.62	0.66	0.64	0.64	0.52	0.56	0.62	0.64	0.62	0.58	0.62	0.62	0.68
11150	0.62	0.56	0.64	0.64	0.7	0.7	0.64	0.54	0.58	0.64	0.68	0.66	0.6	0.64	0.6	0.7
11200	0.58	0.58	0.64	0.62	0.68	0.7	0.64	0.6	0.6	0.68	0.62	0.66	0.64	0.66	0.56	0.74
11250	0.54	0.54	0.64	0.62	0.64	0.64	0.64	0.6	0.62	0.7	0.64	0.72	0.64	0.66	0.58	0.76
11300	0.54	0.52	0.58	0.6	0.58	0.62	0.66	0.64	0.62	0.68	0.64	0.72	0.72	0.72	0.58	0.7
11350	0.52	0.52	0.56	0.58	0.62	0.64	0.66	0.66	0.62	0.66	0.68	0.74	0.76	0.68	0.56	0.66
11400	0.54	0.52	0.56	0.6	0.64	0.64	0.68	0.7	0.64	0.64	0.68	0.74	0.8	0.62	0.58	0.66
11450	0.58	0.56	0.6	0.64	0.6	0.62	0.7	0.7	0.64	0.62	0.7	0.82	0.86	0.66	0.62	0.66
11500	0.62	0.54	0.54	0.6	0.56	0.56	0.72	0.68	0.66	0.64	0.72	0.82	0.86	0.68	0.7	0.64
11550	0.64	0.56	0.46	0.58	0.48	0.56	0.72	0.7	0.6	0.64	0.72	0.82	0.88	0.74	0.68	0.68
11600	0.66	0.6	0.4	0.54	0.46	0.58	0.68	0.68	0.6	0.66	0.76	0.82	0.84	0.74	0.7	0.72
11650	0.64	0.58	0.42	0.54	0.52	0.58	0.7	0.7	0.62	0.74	0.8	0.84	0.84	0.68	0.74	0.74
11700	0.68	0.62	0.5	0.54	0.5	0.62	0.7	0.7	0.62	0.7	0.84	0.84	0.8	0.72	0.76	0.72
11750	0.68	0.58	0.5	0.56	0.5	0.66	0.72	0.72	0.64	0.72	0.86	0.84	0.78	0.72	0.74	0.78
11800	0.66	0.6	0.54	0.6	0.54	0.62	0.66	0.74	0.62	0.74	0.82	0.84	0.76	0.76	0.68	0.74
11850	0.66	0.58	0.54	0.6	0.58	0.6	0.72	0.72	0.64	0.76	0.84	0.82	0.74	0.7	0.66	0.72
11900	0.66	0.6	0.58	0.6	0.58	0.6	0.74	0.74	0.62	0.74	0.8	0.8	0.72	0.7	0.64	0.72
11950	0.66	0.58	0.62	0.62	0.66	0.7	0.74	0.72	0.68	0.72	0.76	0.78	0.68	0.64	0.62	0.72
12000	0.66	0.58	0.62	0.62	0.66	0.74	0.76	0.7	0.64	0.66	0.72	0.78	0.68	0.6	0.58	0.68
12050	0.66	0.6	0.6	0.62	0.66	0.72	0.76	0.66	0.62	0.6	0.74	0.78	0.66	0.62	0.6	0.68
12100	0.64	0.6	0.52	0.54	0.68	0.74	0.78	0.68	0.6	0.58	0.7	0.74	0.66	0.58	0.58	0.62
12150	0.6	0.6	0.5	0.5	0.66	0.74	0.78	0.72	0.64	0.6	0.7	0.74	0.66	0.56	0.5	0.6
12200	0.62	0.64	0.54	0.52	0.66	0.66	0.7	0.74	0.66	0.6	0.72	0.76	0.68	0.58	0.52	0.6
12250	0.66	0.58	0.54	0.54	0.62	0.66	0.7	0.76	0.68	0.54	0.72	0.74	0.68	0.58	0.54	0.6
12300	0.64	0.56	0.54	0.54	0.64	0.68	0.74	0.8	0.68	0.6	0.74	0.74	0.64	0.58	0.58	0.68
12350	0.58	0.52	0.52	0.58	0.66	0.64	0.7	0.78	0.66	0.56	0.7	0.76	0.68	0.62	0.56	0.68
12400	0.6	0.58	0.58	0.66	0.64	0.62	0.66	0.8	0.64	0.6	0.7	0.76	0.68	0.7	0.58	0.74
12450	0.6	0.56	0.56	0.68	0.6	0.64	0.68	0.84	0.72	0.58	0.72	0.76	0.72	0.7	0.58	0.72
12500	0.66	0.54	0.56	0.66	0.62	0.62	0.74	0.82	0.7	0.64	0.72	0.76	0.78	0.76	0.58	0.8
12550	0.6	0.44	0.52	0.64	0.64	0.58	0.76	0.84	0.68	0.66	0.7	0.8	0.74	0.8	0.62	0.82
12600	0.58	0.48	0.56	0.64	0.66	0.64	0.76	0.84	0.68	0.64	0.64	0.76	0.68	0.78	0.62	0.86
12650	0.6	0.46	0.6	0.66	0.66	0.68	0.76	0.84	0.72	0.64	0.64	0.78	0.76	0.8	0.66	0.9
12700	0.6	0.46	0.58	0.66	0.68	0.66	0.8	0.82	0.74	0.64	0.66	0.78	0.72	0.76	0.68	0.88
12750	0.6	0.48	0.58	0.64	0.66	0.68	0.86	0.82	0.72	0.58	0.64	0.74	0.72	0.76	0.66	0.82
12800	0.62	0.52	0.66	0.62	0.66	0.66	0.82	0.8	0.7	0.56	0.66	0.7	0.72	0.76	0.72	0.82
12850	0.7	0.56	0.64	0.6	0.66	0.66	0.82	0.82	0.76	0.56	0.66	0.68	0.7	0.68	0.7	0.82
12900	0.66	0.5	0.64	0.58	0.68	0.68	0.82	0.86	0.76	0.6	0.68	0.68	0.7	0.68	0.74	0.82
12950	0.7	0.58	0.68	0.66	0.64	0.7	0.82	0.86	0.78	0.6	0.76	0.7	0.7	0.66	0.76	0.82
13000	0.78	0.64	0.68	0.66	0.6	0.7	0.86	0.88	0.78	0.58	0.72	0.68	0.72	0.7	0.76	0.76
13050	0.78	0.66	0.68	0.68	0.64	0.7	0.86	0.92	0.76	0.56	0.7	0.66	0.7	0.68	0.82	0.76
13100	0.82	0.7	0.68	0.7	0.64	0.72	0.86	0.9	0.78	0.6	0.74	0.68	0.74	0.66	0.8	0.8
13150	0.78	0.68	0.64	0.7	0.64	0.72	0.86	0.92	0.82	0.6	0.74	0.66	0.7	0.68	0.8	0.8
13200	0.76	0.78	0.72	0.76	0.6	0.72	0.88	0.92	0.8	0.66	0.76	0.68	0.66	0.64	0.8	0.74
13250	0.8	0.82	0.72	0.78	0.62	0.76	0.9	0.92	0.82	0.66	0.76	0.68	0.66	0.66	0.82	0.7
13300	0.76	0.8	0.74	0.76	0.64	0.72	0.9	0.86	0.84	0.7	0.72	0.74	0.66	0.72	0.82	0.7
13350	0.76	0.82	0.76	0.78	0.7	0.68	0.88	0.84	0.84	0.68	0.72	0.76	0.66	0.74	0.82	0.68
13400	0.7	0.8	0.78	0.8	0.68	0.62	0.86	0.76	0.82	0.66	0.7	0.78	0.7	0.76	0.8	0.7
13450	0.66	0.8	0.78	0.8	0.7	0.62	0.86	0.76	0.84	0.62	0.66	0.74	0.7	0.78	0.78	0.7
13500	0.64	0.8	0.8	0.76	0.66	0.62	0.86	0.76	0.8	0.66	0.72	0.76	0.72	0.8	0.76	0.64
13550	0.68	0.8	0.8	0.74	0.68	0.6	0.84	0.72	0.78	0.6	0.74	0.7	0.72	0.82	0.78	0.64
13600	0.62	0.82	0.84	0.78	0.72	0.62	0.82	0.72	0.78	0.66	0.7	0.74	0.7	0.82	0.72	0.7
13650	0.58	0.78	0.86	0.78	0.8	0.66	0.76	0.66	0.72	0.64	0.68	0.74	0.7	0.8	0.72	0.68
13700	0.56	0.7	0.88	0.78	0.8	0.68	0.76	0.74	0.72	0.66	0.66	0.74	0.72	0.82	0.72	0.68
13750	0.6	0.72	0.88	0.78	0.82	0.7	0.76	0.74	0.72	0.66	0.68	0.7	0.72	0.8	0.76	0.7
13800	0.58	0.7	0.82	0.8	0.74	0.66	0.76	0.72	0.7	0.68	0.72	0.7	0.72	0.76	0.78	0.7
13850	0.58	0.7	0.86	0.82	0.78	0.7	0.76	0.78	0.72	0.68	0.72	0.72	0.74	0.8	0.78	0.68
13900	0.58	0.68	0.8	0.82	0.74	0.66	0.78	0.8	0.74	0.7	0.66	0.72	0.76	0.82	0.8	0.7
13950	0.66	0.7	0.8	0.78	0.72	0.64	0.84	0.84	0.76	0.72	0.68	0.72	0.78	0.78	0.8	0.78
14000	0.66	0.7	0.76	0.8	0.7	0.66	0.84	0.82	0.78	0.7	0.72	0.78	0.76	0.78	0.82	0.82
14050	0.66	0.68	0.78	0.8	0.74	0.64	0.82	0.84	0.8	0.72	0.74	0.78	0.78	0.8	0.82	0.8
14100	0.66	0.68	0.8	0.78	0.72	0.64	0.82	0.84	0.82	0.76	0.74	0.76	0.78	0.82	0.86	0.8
14150	0.68	0.68	0.82	0.76	0.74	0.62	0.82	0.78	0.8	0.78	0.7	0.74	0.74	0.84	0.9	0.8
14200	0.74	0.7	0.8	0.74	0.74	0.62	0.82	0.76	0.78	0.8	0.7	0.74	0.76	0.86	0.88	0.8
14250	0.74	0.76	0.82	0.72	0.76	0.68	0.84	0.78	0.82	0.82	0.76	0.76	0.72	0.82	0.88	0.82
14300	0.72	0.78	0.82	0.72	0.76	0.7	0.86	0.78	0.84	0.82	0.7	0.76	0.7	0.78	0.9	0.78
14350	0.74	0.82	0.82	0.7	0.7	0.66	0.86	0.78	0.88	0.84	0.64	0.74	0.72	0.78	0.9	0.74
14400	0.78	0.82	0.84	0.7	0.68	0.72	0.92	0.8	0.88	0.86	0.62	0.72	0.7	0.78	0.92	0.76
14450	0.72	0.84	0.84	0.7	0.66	0.74	0.92	0.86	0.94	0.86	0.64	0.7	0.68	0.76	0.88	0.74
14500	0.72	0.78	0.84	0.74	0.68	0.78	0.92	0.82	0.92	0.84	0.66	0.72	0.66	0.78	0.9	0.76
14550	0.7	0.8	0.84	0.72	0.68	0.78	0.88	0.8	0.92	0.8	0.66	0.72	0.64	0.76	0.9	0.8
14600	0.74	0.76	0.86	0.72	0.7	0.7	0.84	0.78	0.88	0.8	0.66	0.74	0.66	0.74	0.9	0.82
14650	0.74	0.74	0.88	0.76	0.72	0.74	0.84	0.74	0.86	0.78	0.7	0.76	0.66	0.72	0.9	0.86
14700	0.76	0.72	0.84	0.76	0.72	0.74	0.84	0.78	0.82	0.78	0.66	0.74	0.64	0.76	0.88	0.9
14750	0.76	0.66	0.8	0.74	0.74	0.76	0.8	0.78	0.76	0.76	0.7	0.76	0.64	0.74	0.86	0.84
14800	0.74	0.62	0.8	0.74	0.76	0.74	0.76	0.8	0.74	0.74	0.74	0.76	0.64	0.76	0.86	0.84
14850	0.8	0.68	0.78	0.7	0.82	0.72	0.78	0.82	0.72	0.74	0.76	0.78	0.68	0.78	0.88	0.84
14900	0.8	0.7	0.82	0.76	0.84	0.7	0.76	0.82	0.72	0.7	0.72	0.76	0.68	0.74	0.88	0.78
14950	0.82	0.74	0.82	0.74	0.84	0.72	0.78	0.86	0.74	0.68	0.78	0.76	0.72	0.74	0.88	0.76
15000	0.82	0.72	0.78	0.74	0.88	0.76	0.8	0.84	0.8	0.72	0.76	0.72	0.7	0.76	0.86	0.74
15050	0.8	0.7	0.8	0.74	0.86	0.76	0.8	0.86	0.78	0.74	0.78	0.8	0.76	0.76	0.86	0.72
15100	0.82	0.76	0.86	0.78	0.86	0.78	0.82	0.9	0.82	0.74	0.8	0.8	0.8	0.76	0.84	0.76
15150	0.8	0.78	0.9	0.84	0.84	0.74	0.84	0.9	0.8	0.72	0.8	0.84	0.82	0.8	0.84	0.8
15200	0.82	0.8	0.88	0.86	0.86	0.72	0.8	0.88	0.82	0.74	0.8	0.84	0.84	0.8	0.84	0.8
15250	0.82	0.8	0.88	0.86	0.84	0.78	0.82	0.86	0.76	0.72	0.84	0.84	0.88	0.8	0.84	0.82
15300	0.78	0.78	0.86	0.84	0.78	0.8	0.8	0.88	0.76	0.7	0.78	0.82	0.82	0.82	0.82	0.84
15350	0.78	0.78	0.84	0.86	0.76	0.82	0.82	0.88	0.76	0.72	0.76	0.86	0.84	0.8	0.76	0.84
15400	0.74	0.76	0.86	0.9	0.84	0.76	0.76	0.88	0.82	0.74	0.76	0.82	0.78	0.82	0.74	0.88
15450	0.74	0.78	0.84	0.92	0.8	0.72	0.74	0.92	0.82	0.72	0.76	0.8	0.8	0.84	0.78	0.88
15500	0.74	0.78	0.8	0.88	0.76	0.72	0.74	0.9	0.86	0.76	0.72	0.78	0.76	0.84	0.76	0.88
15550	0.8	0.76	0.74	0.86	0.74	0.76	0.74	0.88	0.84	0.78	0.7	0.76	0.72	0.84	0.82	0.84
15600	0.82	0.82	0.74	0.82	0.72	0.76	0.74	0.9	0.86	0.78	0.74	0.72	0.68	0.82	0.84	0.86
15650	0.82	0.82	0.74	0.78	0.78	0.8	0.74	0.88	0.86	0.76	0.78	0.72	0.7	0.8	0.82	0.9
15700	0.84	0.8	0.74	0.78	0.72	0.84	0.74	0.88	0.86	0.8	0.78	0.74	0.7	0.8	0.9	0.9
15750	0.88	0.8	0.78	0.76	0.74	0.86	0.76	0.88	0.86	0.8	0.74	0.72	0.72	0.8	0.86	0.88
15800	0.88	0.82	0.78	0.74	0.74	0.84	0.8	0.86	0.88	0.82	0.8	0.7	0.7	0.78	0.84	0.86
15850	0.84	0.84	0.82	0.76	0.78	0.8	0.82	0.84	0.88	0.8	0.82	0.66	0.72	0.8	0.84	0.82
15900	0.86	0.82	0.86	0.8	0.82	0.76	0.8	0.88	0.9	0.78	0.82	0.62	0.72	0.8	0.84	0.84
15950	0.86	0.82	0.84	0.82	0.82	0.76	0.78	0.84	0.9	0.78	0.82	0.62	0.8	0.8	0.84	0.88
16000	0.84	0.82	0.84	0.8	0.8	0.76	0.8	0.88	0.9	0.76	0.82	0.62	0.76	0.78	0.86	0.88
16050	0.82	0.84	0.82	0.76	0.8	0.74	0.74	0.9	0.84	0.76	0.78	0.64	0.72	0.8	0.88	0.86
16100	0.82	0.8	0.76	0.76	0.8	0.76	0.74	0.92	0.88	0.8	0.8	0.68	0.7	0.78	0.86	0.86
16150	0.84	0.8	0.76	0.72	0.76	0.78	0.74	0.94	0.86	0.8	0.78	0.7	0.64	0.82	0.86	0.86
16200	0.86	0.78	0.76	0.74	0.78	0.8	0.76	0.92	0.82	0.78	0.76	0.7	0.64	0.8	0.86	0.86
16250	0.86	0.8	0.72	0.74	0.78	0.82	0.7	0.9	0.8	0.8	0.74	0.74	0.66	0.84	0.88	0.86
16300	0.84	0.8	0.78	0.74	0.78	0.88	0.72	0.9	0.78	0.8	0.74	0.78	0.66	0.84	0.9	0.88
16350	0.84	0.82	0.82	0.72	0.78	0.88	0.82	0.9	0.76	0.78	0.7	0.8	0.66	0.82	0.9	0.88
16400	0.86	0.8	0.84	0.76	0.8	0.92	0.86	0.94	0.82	0.86	0.7	0.82	0.64	0.84	0.9	0.88
16450	0.84	0.8	0.8	0.76	0.84	0.86	0.84	0.9	0.84	0.86	0.72	0.86	0.72	0.9	0.88	0.86
16500	0.84	0.82	0.8	0.76	0.8	0.88	0.84	0.88	0.88	0.86	0.74	0.88	0.76	0.88	0.86	0.86
16550	0.86	0.84	0.82	0.82	0.8	0.84	0.82	0.88	0.9	0.86	0.72	0.92	0.8	0.88	0.86	0.86
16600	0.84	0.8	0.78	0.76	0.84	0.84	0.86	0.88	0.9	0.86	0.74	0.94	0.82	0.82	0.86	0.88
16650	0.88	0.8	0.78	0.78	0.8	0.84	0.84	0.9	0.88	0.88	0.72	0.9	0.82	0.82	0.86	0.88
16700	0.9	0.82	0.82	0.8	0.78	0.86	0.8	0.88	0.84	0.86	0.7	0.9	0.78	0.84	0.88	0.86
16750	0.9	0.84	0.8	0.82	0.8	0.84	0.78	0.88	0.82	0.88	0.74	0.94	0.82	0.84	0.88	0.82
16800	0.9	0.88	0.8	0.86	0.82	0.82	0.78	0.92	0.84	0.86	0.82	0.94	0.86	0.8	0.86	0.82
16850	0.9	0.88	0.78	0.86	0.82	0.8	0.76	0.92	0.84	0.84	0.84	0.92	0.86	0.78	0.86	0.84
16900	0.94	0.94	0.82	0.88	0.84	0.78	0.76	0.9	0.84	0.84	0.86	0.92	0.84	0.78	0.84	0.8
16950	0.94	0.94	0.78	0.88	0.82	0.78	0.78	0.9	0.82	0.82	0.84	0.84	0.8	0.82	0.84	0.78
17000	0.88	0.92	0.84	0.9	0.86	0.8	0.78	0.88	0.82	0.82	0.8	0.8	0.8	0.82	0.84	0.76
17050	0.9	0.96	0.82	0.86	0.86	0.8	0.76	0.86	0.82	0.82	0.8	0.8	0.78	0.82	0.82	0.8
17100	0.88	0.96	0.8	0.86	0.84	0.82	0.76	0.82	0.8	0.8	0.78	0.8	0.74	0.78	0.82	0.74
17150	0.88	0.96	0.78	0.84	0.84	0.78	0.76	0.8	0.82	0.82	0.8	0.8	0.76	0.76	0.82	0.76
17200	0.88	0.94	0.84	0.82	0.82	0.78	0.8	0.82	0.82	0.82	0.78	0.8	0.74	0.74	0.84	0.76
17250	0.88	0.94	0.82	0.82	0.8	0.76	0.8	0.82	0.82	0.8	0.76	0.8	0.76	0.74	0.88	0.74
17300	0.86	0.9	0.84	0.84	0.82	0.78	0.8	0.82	0.8	0.76	0.72	0.8	0.84	0.76	0.86	0.78
17350	0.86	0.9	0.84	0.84	0.84	0.82	0.82	0.82	0.84	0.72	0.7	0.78	0.84	0.78	0.88	0.78
17400	0.88	0.9	0.88	0.84	0.84	0.8	0.82	0.8	0.82	0.7	0.74	0.84	0.88	0.8	0.88	0.8
17450	0.86	0.84	0.88	0.82	0.82	0.8	0.9	0.84	0.84	0.72	0.78	0.86	0.9	0.8	0.88	0.82
17500	0.86	0.84	0.92	0.84	0.84	0.82	0.88	0.82	0.84	0.74	0.82	0.88	0.9	0.8	0.88	0.78
17550	0.84	0.84	0.9	0.84	0.88	0.86	0.86	0.82	0.84	0.74	0.82	0.88	0.9	0.84	0.92	0.82
17600	0.84	0.84	0.86	0.86	0.86	0.86	0.86	0.8	0.82	0.74	0.82	0.88	0.9	0.86	0.86	0.76
17650	0.86	0.86	0.88	0.84	0.86	0.86	0.88	0.82	0.84	0.76	0.84	0.86	0.88	0.88	0.86	0.74
17700	0.86	0.88	0.84	0.82	0.82	0.88	0.86	0.82	0.84	0.76	0.82	0.82	0.86	0.88	0.88	0.74
17750	0.9	0.86	0.82	0.84	0.84	0.84	0.84	0.78	0.84	0.86	0.86	0.84	0.86	0.9	0.88	0.76
17800	0.9	0.88	0.78	0.8	0.82	0.8	0.8	0.76	0.8	0.88	0.9	0.86	0.9	0.9	0.88	0.76
17850	0.94	0.9	0.76	0.78	0.84	0.82	0.82	0.76	0.78	0.84	0.9	0.88	0.88	0.86	0.88	0.78
17900	0.92	0.9	0.76	0.78	0.82	0.8	0.78	0.76	0.76	0.82	0.9	0.86	0.88	0.86	0.94	0.74
17950	0.9	0.9	0.76	0.82	0.82	0.78	0.76	0.76	0.74	0.8	0.9	0.84	0.86	0.84	0.94	0.76
18000	0.92	0.9	0.74	0.84	0.78	0.76	0.76	0.78	0.72	0.78	0.9	0.84	0.88	0.86	0.9	0.76
18050	0.94	0.9	0.78	0.84	0.8	0.72	0.72	0.8	0.74	0.74	0.88	0.84	0.88	0.88	0.9	0.8
18100	0.94	0.88	0.76	0.88	0.84	0.72	0.74	0.82	0.74	0.7	0.9	0.82	0.9	0.9	0.88	0.8
18150	0.92	0.9	0.82	0.88	0.84	0.74	0.74	0.84	0.72	0.72	0.84	0.8	0.86	0.8	0.88	0.72
18200	0.92	0.92	0.82	0.92	0.84	0.8	0.78	0.9	0.74	0.72	0.8	0.74	0.76	0.8	0.88	0.76
18250	0.9	0.9	0.82	0.92	0.86	0.82	0.8	0.9	0.78	0.7	0.76	0.72	0.78	0.82	0.9	0.82
18300	0.9	0.9	0.86	0.9	0.86	0.82	0.8	0.9	0.78	0.64	0.74	0.72	0.78	0.82	0.9	0.84
18350	0.94	0.92	0.88	0.9	0.86	0.86	0.82	0.9	0.8	0.66	0.74	0.74	0.76	0.78	0.9	0.82
18400	0.96	0.94	0.88	0.88	0.84	0.8	0.82	0.86	0.8	0.66	0.72	0.72	0.74	0.78	0.96	0.84
18450	0.94	0.9	0.88	0.88	0.86	0.84	0.84	0.86	0.78	0.62	0.76	0.78	0.74	0.82	0.96	0.84
18500	0.92	0.84	0.82	0.86	0.88	0.84	0.86	0.86	0.78	0.64	0.76	0.76	0.76	0.84	0.96	0.9
18550	0.92	0.82	0.8	0.84	0.8	0.8	0.86	0.8	0.78	0.7	0.78	0.82	0.76	0.86	0.96	0.94
18600	0.94	0.84	0.8	0.84	0.82	0.8	0.82	0.78	0.76	0.7	0.74	0.8	0.74	0.86	0.96	0.96
18650	0.94	0.84	0.8	0.86	0.82	0.76	0.8	0.72	0.72	0.68	0.76	0.82	0.7	0.86	0.92	0.94
18700	0.92	0.82	0.82	0.86	0.82	0.7	0.78	0.7	0.7	0.66	0.74	0.78	0.7	0.86	0.92	0.92
18750	0.9	0.82	0.78	0.88	0.82	0.72	0.76	0.72	0.72	0.7	0.78	0.8	0.72	0.84	0.92	0.94
18800	0.84	0.84	0.8	0.88	0.84	0.72	0.78	0.76	0.74	0.7	0.78	0.82	0.72	0.88	0.92	0.88
18850	0.86	0.96	0.88	0.88	0.86	0.72	0.74	0.76	0.72	0.64	0.74	0.82	0.7	0.88	0.9	0.88
18900	0.86	0.98	0.9	0.88	0.86	0.72	0.7	0.72	0.78	0.68	0.76	0.82	0.74	0.86	0.84	0.88
18950	0.86	0.96	0.92	0.88	0.9	0.76	0.74	0.74	0.8	0.68	0.72	0.8	0.78	0.88	0.84	0.88
19000	0.86	0.96	0.9	0.86	0.84	0.76	0.76	0.8	0.84	0.72	0.74	0.8	0.78	0.84	0.82	0.86
19050	0.84	0.96	0.88	0.86	0.84	0.82	0.74	0.84	0.86	0.72	0.74	0.8	0.78	0.84	0.86	0.84
19100	0.86	0.96	0.86	0.84	0.86	0.82	0.76	0.86	0.86	0.66	0.76	0.84	0.8	0.84	0.86	0.88
19150	0.84	0.96	0.86	0.84	0.86	0.84	0.76	0.88	0.82	0.66	0.74	0.84	0.78	0.86	0.86	0.84
19200	0.86	0.94	0.78	0.76	0.84	0.86	0.84	0.9	0.8	0.68	0.76	0.84	0.78	0.84	0.86	0.84
19250	0.88	0.92	0.78	0.74	0.84	0.8	0.74	0.86	0.82	0.72	0.78	0.88	0.76	0.84	0.82	0.86
19300	0.86	0.9	0.76	0.74	0.84	0.8	0.74	0.86	0.82	0.72	0.78	0.9	0.8	0.84	0.8	0.88
19350	0.86	0.9	0.76	0.72	0.82	0.76	0.78	0.9	0.8	0.7	0.8	0.92	0.84	0.86	0.84	0.86
19400	0.84	0.9	0.74	0.74	0.8	0.74	0.76	0.88	0.76	0.7	0.8	0.9	0.76	0.82	0.84	0.84
19450	0.84	0.9	0.74	0.74	0.84	0.72	0.74	0.88	0.76	0.72	0.84	0.9	0.84	0.84	0.86	0.86
19500	0.84	0.9	0.76	0.76	0.86	0.72	0.78	0.88	0.78	0.76	0.82	0.92	0.86	0.86	0.84	0.82
19550	0.84	0.9	0.78	0.76	0.86	0.68	0.76	0.88	0.74	0.78	0.82	0.92	0.82	0.84	0.8	0.84
19600	0.84	0.92	0.76	0.86	0.86	0.68	0.78	0.86	0.76	0.74	0.8	0.92	0.84	0.86	0.82	0.84
19650	0.86	0.9	0.82	0.9	0.88	0.76	0.78	0.9	0.76	0.74	0.78	0.92	0.78	0.84	0.86	0.84
19700	0.88	0.88	0.82	0.88	0.9	0.76	0.78	0.88	0.74	0.72	0.76	0.9	0.8	0.86	0.88	0.82
19750	0.86	0.88	0.82	0.86	0.88	0.8	0.84	0.84	0.72	0.74	0.8	0.9	0.86	0.86	0.86	0.82
19800	0.86	0.84	0.8	0.88	0.9	0.78	0.8	0.8	0.72	0.8	0.78	0.88	0.8	0.86	0.84	0.82
19850	0.86	0.84	0.8	0.9	0.9	0.84	0.78	0.8	0.72	0.8	0.76	0.82	0.78	0.88	0.82	0.84
19900	0.86	0.84	0.76	0.84	0.9	0.86	0.8	0.8	0.7	0.82	0.76	0.84	0.8	0.88	0.84	0.88
19950	0.9	0.84	0.76	0.84	0.9	0.86	0.84	0.8	0.7	0.84	0.8	0.86	0.8	0.9	0.82	0.88
20000	0.86	0.86	0.78	0.8	0.9	0.88	0.84	0.8	0.78	0.86	0.78	0.82	0.82	0.94	0.84	0.88
