0	0.0	0.0	0.0	0.0	0.0	0.0	0.0	0.0	0.0	0.0	0.0	0.0	0.0	0.0	0.0	0.0
50	0.333333333333	0.25	0.0	0.0	0.0	0.0	0.0	0.0	0.0	0.25	0.0	0.166666666667	0.0	0.0	0.5	0.2
100	0.375	0.5	0.375	0.375	0.444444444444	0.428571428571	0.166666666667	0.166666666667	0.166666666667	0.545454545455	0.5	0.5	0.333333333333	0.25	0.555555555556	0.428571428571
150	0.625	0.642857142857	0.454545454545	0.583333333333	0.538461538462	0.4375	0.454545454545	0.642857142857	0.5	0.615384615385	0.533333333333	0.6	0.333333333333	0.416666666667	0.636363636364	0.666666666667
200	0.631578947368	0.631578947368	0.611111111111	0.7	0.619047619048	0.473684210526	0.529411764706	0.736842105263	0.625	0.588235294118	0.65	0.647058823529	0.272727272727	0.461538461538	0.642857142857	0.714285714286
250	0.666666666667	0.708333333333	0.678571428571	0.652173913043	0.692307692308	0.615384615385	0.619047619048	0.75	0.6	0.65	0.740740740741	0.714285714286	0.470588235294	0.533333333333	0.631578947368	0.730769230769
300	0.724137931034	0.766666666667	0.7	0.692307692308	0.733333333333	0.677419354839	0.652173913043	0.821428571429	0.619047619048	0.666666666667	0.758620689655	0.774193548387	0.55	0.611111111111	0.666666666667	0.758620689655
350	0.75	0.78125	0.6875	0.703703703704	0.741935483871	0.69696969697	0.703703703704	0.818181818182	0.689655172414	0.703703703704	0.764705882353	0.825	0.653846153846	0.666666666667	0.741935483871	0.805555555556
400	0.777777777778	0.787878787879	0.72972972973	0.724137931034	0.794871794872	0.736842105263	0.735294117647	0.837837837838	0.735294117647	0.75	0.775	0.840909090909	0.666666666667	0.72	0.777777777778	0.8
450	0.809523809524	0.815789473684	0.772727272727	0.764705882353	0.794871794872	0.736842105263	0.756756756757	0.853658536585	0.75	0.771428571429	0.8125	0.88	0.709677419355	0.766666666667	0.777777777778	0.822222222222
500	0.822222222222	0.837209302326	0.782608695652	0.789473684211	0.829787234043	0.761904761905	0.769230769231	0.860465116279	0.775	0.818181818182	0.88	0.96	0.714285714286	0.794117647059	0.789473684211	0.84
550	0.829787234043	0.851063829787	0.82	0.8	0.9	0.782608695652	0.775	0.869565217391	0.785714285714	0.836734693878	0.9	0.98	0.72972972973	0.829268292683	0.813953488372	0.92
600	0.836734693878	0.854166666667	0.88	0.808510638298	0.92	0.791666666667	0.808510638298	0.877551020408	0.808510638298	0.92	0.96	0.98	0.767441860465	0.854166666667	0.833333333333	0.92
650	0.92	0.94	0.92	0.84	0.96	0.84	0.9	0.96	0.816326530612	0.94	0.96	0.98	0.772727272727	0.88	0.88	0.94
700	0.92	0.94	0.94	0.86	0.96	0.86	0.94	0.98	0.86	0.94	0.96	0.98	0.770833333333	0.94	0.92	0.96
750	0.96	0.96	0.94	0.9	1.0	0.94	0.98	0.96	0.88	0.94	0.96	0.98	0.8	1.0	0.92	0.96
800	0.96	1.0	0.96	0.92	1.0	0.96	0.98	0.94	0.92	0.96	0.96	1.0	0.82	1.0	0.92	0.96
850	0.98	1.0	1.0	0.94	1.0	0.96	0.98	0.94	0.94	0.98	0.96	1.0	0.84	1.0	0.94	0.94
900	1.0	1.0	1.0	0.98	1.0	1.0	0.96	0.94	0.98	0.98	0.98	1.0	0.9	1.0	0.96	0.94
950	1.0	1.0	1.0	0.98	0.98	1.0	0.98	0.94	1.0	1.0	1.0	1.0	0.94	1.0	1.0	0.96
1000	1.0	1.0	1.0	0.98	0.98	1.0	0.98	0.94	1.0	1.0	1.0	1.0	0.96	1.0	1.0	0.96
1050	1.0	0.98	1.0	0.98	0.96	1.0	0.98	0.96	1.0	1.0	1.0	1.0	0.96	1.0	1.0	0.96
1100	1.0	0.98	1.0	0.98	0.94	1.0	0.98	0.96	1.0	1.0	1.0	1.0	0.96	1.0	1.0	0.96
1150	1.0	0.98	1.0	1.0	0.94	1.0	0.98	0.96	1.0	1.0	1.0	1.0	0.96	1.0	1.0	0.98
1200	1.0	0.98	1.0	1.0	0.94	1.0	0.98	0.96	1.0	1.0	1.0	1.0	0.96	1.0	1.0	0.98
1250	1.0	0.98	1.0	1.0	0.94	1.0	0.98	0.96	1.0	1.0	1.0	1.0	0.98	1.0	1.0	0.98
1300	1.0	0.98	1.0	1.0	0.94	1.0	0.98	0.96	1.0	1.0	1.0	1.0	0.98	1.0	1.0	0.98
1350	1.0	0.98	1.0	1.0	0.94	1.0	0.98	0.98	1.0	1.0	1.0	1.0	0.98	1.0	1.0	0.98
1400	1.0	0.98	1.0	1.0	0.92	1.0	0.98	0.98	1.0	1.0	1.0	1.0	0.98	1.0	1.0	0.98
1450	1.0	0.98	0.98	1.0	0.92	1.0	0.98	1.0	1.0	1.0	1.0	1.0	0.98	1.0	1.0	0.98
1500	0.98	0.98	0.98	1.0	0.92	1.0	0.98	1.0	1.0	1.0	1.0	1.0	0.98	1.0	1.0	0.98
1550	0.98	0.96	0.98	1.0	0.94	1.0	1.0	1.0	1.0	1.0	1.0	1.0	1.0	1.0	1.0	1.0
1600	0.98	0.96	0.98	1.0	0.94	1.0	1.0	1.0	1.0	1.0	1.0	1.0	1.0	1.0	1.0	1.0
1650	0.98	0.96	0.98	1.0	0.94	1.0	1.0	1.0	1.0	1.0	1.0	1.0	1.0	1.0	1.0	1.0
1700	0.98	0.96	0.98	1.0	0.94	1.0	1.0	1.0	1.0	1.0	1.0	1.0	1.0	1.0	1.0	1.0
1750	0.98	0.96	0.98	0.98	0.96	1.0	0.98	0.98	1.0	0.98	1.0	1.0	1.0	1.0	1.0	1.0
1800	0.98	0.96	0.98	0.98	0.98	1.0	0.98	0.96	1.0	0.98	1.0	1.0	1.0	1.0	1.0	1.0
1850	0.98	0.96	0.98	0.98	0.98	1.0	0.98	0.94	1.0	0.98	1.0	1.0	1.0	1.0	1.0	1.0
1900	0.98	0.96	0.98	0.96	0.98	1.0	0.98	0.94	1.0	0.98	1.0	1.0	1.0	1.0	1.0	1.0
1950	0.98	0.96	0.98	0.96	0.98	1.0	0.98	0.94	1.0	0.98	1.0	1.0	1.0	1.0	1.0	1.0
2000	0.98	0.96	0.98	0.96	0.98	1.0	0.98	0.92	1.0	0.98	1.0	1.0	1.0	1.0	1.0	1.0
2050	0.98	0.96	0.98	0.96	0.98	1.0	0.98	0.92	1.0	0.98	1.0	1.0	1.0	0.96	1.0	1.0
2100	0.96	0.96	0.98	0.96	0.98	1.0	0.98	0.92	1.0	0.98	1.0	1.0	1.0	0.96	1.0	1.0
2150	0.96	0.96	0.98	0.96	0.98	1.0	0.98	0.92	1.0	0.98	1.0	1.0	1.0	0.96	1.0	1.0
2200	0.96	0.96	0.98	0.96	0.98	1.0	0.98	0.92	1.0	0.98	1.0	1.0	1.0	0.96	1.0	1.0
2250	0.96	0.96	0.98	0.96	1.0	1.0	0.98	0.92	1.0	0.98	1.0	1.0	1.0	0.96	1.0	1.0
2300	0.96	0.98	0.98	0.96	1.0	1.0	0.98	0.92	1.0	0.98	1.0	1.0	1.0	0.96	1.0	0.98
2350	0.98	1.0	1.0	0.96	1.0	1.0	0.98	0.92	1.0	0.98	1.0	1.0	1.0	0.96	1.0	0.98
2400	0.98	1.0	1.0	0.96	0.98	1.0	1.0	0.92	1.0	0.98	1.0	1.0	1.0	0.94	1.0	0.98
2450	0.98	1.0	1.0	0.98	0.98	1.0	1.0	0.92	1.0	0.98	1.0	1.0	1.0	0.94	1.0	0.98
2500	0.96	1.0	1.0	0.98	0.98	1.0	1.0	0.92	1.0	0.98	1.0	1.0	1.0	0.94	1.0	0.98
2550	0.96	1.0	1.0	0.96	0.98	0.98	1.0	0.94	1.0	1.0	1.0	1.0	1.0	0.94	1.0	0.98
2600	0.96	1.0	1.0	0.98	0.98	0.98	1.0	0.96	1.0	1.0	1.0	1.0	1.0	0.94	1.0	0.98
2650	0.96	1.0	1.0	0.98	0.94	0.98	1.0	0.98	1.0	1.0	1.0	1.0	1.0	0.94	1.0	0.98
2700	0.96	1.0	1.0	0.96	0.94	0.98	0.98	0.98	1.0	1.0	1.0	1.0	1.0	0.94	1.0	0.98
2750	0.96	0.98	1.0	0.96	0.94	0.98	0.98	0.98	1.0	1.0	1.0	1.0	1.0	0.96	1.0	0.98
2800	0.96	0.98	1.0	0.96	0.94	0.98	0.98	0.98	1.0	1.0	1.0	1.0	1.0	0.98	1.0	0.98
2850	0.96	0.98	1.0	0.96	0.94	0.98	0.98	1.0	1.0	0.98	1.0	0.98	0.98	0.98	1.0	0.98
2900	0.96	0.96	1.0	0.96	0.94	0.98	0.98	1.0	1.0	0.98	1.0	0.98	0.98	0.98	1.0	0.98
2950	0.96	0.96	1.0	0.94	0.94	0.98	0.98	1.0	1.0	0.98	1.0	0.98	0.98	0.98	1.0	0.98
3000	0.96	0.96	0.98	0.94	0.94	0.98	0.98	1.0	1.0	0.98	1.0	0.98	0.98	0.98	1.0	0.98
3050	0.96	0.96	0.98	0.94	0.94	0.98	0.98	1.0	1.0	0.94	1.0	0.96	0.96	0.96	1.0	0.98
3100	0.98	0.96	0.98	0.94	0.94	0.98	0.98	1.0	1.0	0.94	1.0	0.96	0.96	0.98	1.0	0.98
3150	0.98	0.96	0.98	0.94	0.94	0.98	0.98	1.0	1.0	0.94	1.0	0.96	0.96	0.98	1.0	0.98
3200	0.98	0.96	0.96	0.94	0.96	0.98	0.98	1.0	1.0	0.94	1.0	0.96	0.96	0.98	1.0	0.98
3250	1.0	0.94	0.96	0.94	0.96	0.98	0.98	1.0	1.0	0.94	1.0	0.92	0.96	0.98	0.98	0.98
3300	1.0	0.94	0.96	0.94	0.96	0.98	0.98	1.0	1.0	0.92	1.0	0.92	0.94	0.98	0.98	0.98
3350	1.0	0.94	0.96	0.94	0.96	1.0	0.98	1.0	1.0	0.92	1.0	0.9	0.94	0.98	0.96	0.94
3400	1.0	0.96	0.96	0.94	0.94	1.0	0.98	1.0	1.0	0.92	1.0	0.9	0.92	0.98	0.96	0.94
3450	1.0	0.96	0.94	0.96	0.98	1.0	1.0	1.0	1.0	0.92	1.0	0.9	0.92	0.98	0.96	0.94
3500	0.98	0.96	0.94	0.96	0.98	1.0	1.0	1.0	1.0	0.92	1.0	0.9	0.9	0.96	0.96	0.94
3550	0.98	0.96	0.94	0.96	0.98	1.0	1.0	1.0	1.0	0.9	1.0	0.9	0.92	0.96	0.96	0.94
3600	0.96	0.96	0.94	0.96	0.98	1.0	1.0	1.0	1.0	0.9	1.0	0.92	0.92	0.96	0.96	0.94
3650	0.96	0.96	0.94	0.96	0.98	1.0	1.0	1.0	1.0	0.9	1.0	0.9	0.92	0.96	0.96	0.94
3700	0.96	0.96	0.94	0.96	0.98	1.0	1.0	1.0	1.0	0.9	1.0	0.92	0.94	0.96	0.96	0.96
3750	0.96	0.96	0.94	0.98	0.98	1.0	1.0	1.0	1.0	0.92	1.0	0.92	0.94	0.96	0.96	0.96
3800	0.92	0.96	0.94	0.98	0.98	1.0	0.98	1.0	1.0	0.92	1.0	0.92	0.94	0.98	0.96	0.96
3850	0.92	0.96	0.94	0.98	0.98	1.0	0.98	1.0	0.98	0.92	1.0	0.94	0.94	0.98	0.96	0.96
3900	0.92	0.96	0.96	0.98	0.98	1.0	0.98	1.0	0.98	0.96	1.0	0.96	0.94	0.98	0.98	0.96
3950	0.92	0.96	0.96	0.96	0.98	1.0	0.98	1.0	0.98	0.96	1.0	0.98	0.96	0.98	0.98	0.96
4000	0.92	0.96	0.98	0.96	0.98	1.0	0.98	1.0	0.98	0.96	1.0	0.98	0.98	0.98	0.98	0.96
4050	0.9	0.96	0.98	0.94	0.98	1.0	0.98	1.0	0.96	0.96	1.0	0.98	0.98	0.98	0.98	0.96
4100	0.9	0.96	0.98	0.94	0.98	1.0	0.98	1.0	0.96	0.96	1.0	0.98	1.0	0.96	0.98	1.0
4150	0.9	0.96	0.98	0.92	0.98	1.0	0.98	1.0	0.96	0.98	1.0	0.98	1.0	0.98	0.98	0.98
4200	0.9	0.92	0.98	0.92	0.98	1.0	0.98	1.0	0.96	0.96	1.0	1.0	1.0	0.98	0.98	0.98
4250	0.9	0.92	0.98	0.92	1.0	1.0	0.98	1.0	0.96	0.96	1.0	1.0	0.98	0.98	0.98	0.98
4300	0.92	0.92	1.0	0.92	1.0	1.0	0.98	1.0	0.96	0.94	1.0	1.0	0.98	0.98	0.98	0.98
4350	0.94	0.94	1.0	0.92	1.0	1.0	0.98	1.0	0.96	0.96	1.0	1.0	0.98	0.98	0.98	0.96
4400	0.94	0.94	0.98	0.94	1.0	1.0	0.98	1.0	0.96	0.96	1.0	1.0	0.98	0.98	0.98	0.94
4450	0.94	0.94	0.98	0.94	1.0	1.0	0.98	1.0	0.96	0.96	0.98	1.0	0.98	0.98	0.98	0.94
4500	0.96	0.94	0.98	0.94	1.0	1.0	0.98	1.0	0.96	0.96	0.98	1.0	0.98	0.98	0.98	0.94
4550	0.98	0.94	0.98	0.94	1.0	1.0	0.98	1.0	0.96	0.96	0.98	1.0	0.98	0.98	0.98	0.94
4600	0.98	0.94	0.98	0.94	1.0	1.0	0.98	1.0	0.94	0.96	0.98	1.0	0.98	0.96	0.98	0.94
4650	0.98	0.94	0.98	0.94	1.0	1.0	1.0	1.0	0.92	0.96	0.98	1.0	0.98	0.94	0.98	0.94
4700	0.98	0.94	0.98	0.92	1.0	1.0	1.0	1.0	0.92	0.96	0.96	1.0	0.98	0.92	0.98	0.94
4750	0.98	0.96	0.98	0.94	1.0	1.0	1.0	1.0	0.92	0.94	0.96	1.0	0.98	0.92	1.0	0.92
4800	0.98	0.96	0.98	0.96	1.0	1.0	1.0	1.0	0.94	0.94	0.96	1.0	1.0	0.92	1.0	0.94
4850	1.0	0.96	0.96	0.96	1.0	1.0	0.98	1.0	0.94	0.96	0.96	1.0	1.0	0.94	1.0	0.94
4900	1.0	0.96	0.94	0.96	1.0	1.0	0.98	1.0	0.94	0.96	0.96	1.0	1.0	0.94	1.0	0.94
4950	1.0	0.96	0.94	0.96	1.0	1.0	0.96	1.0	0.94	0.94	0.96	1.0	1.0	0.94	1.0	0.94
5000	1.0	0.96	0.96	0.98	1.0	1.0	0.96	1.0	0.94	0.94	0.96	1.0	1.0	0.94	1.0	0.94
5050	1.0	0.98	0.96	0.98	1.0	1.0	0.96	1.0	0.96	0.96	0.96	1.0	1.0	0.94	1.0	0.98
5100	1.0	1.0	0.94	0.98	1.0	1.0	0.96	1.0	0.96	0.96	0.96	1.0	1.0	0.94	1.0	0.98
5150	1.0	1.0	0.94	0.98	1.0	1.0	0.96	1.0	0.96	0.96	0.96	1.0	1.0	0.94	1.0	0.98
5200	1.0	1.0	0.94	0.98	1.0	1.0	0.96	1.0	0.96	0.94	0.96	1.0	1.0	0.94	1.0	0.96
5250	1.0	1.0	0.9	0.98	1.0	1.0	0.96	1.0	0.96	0.94	0.98	1.0	1.0	0.96	1.0	0.96
5300	1.0	1.0	0.9	0.98	1.0	1.0	0.96	1.0	0.96	0.94	0.98	1.0	1.0	1.0	1.0	0.96
5350	1.0	1.0	0.9	1.0	0.98	1.0	0.96	1.0	0.96	0.94	0.98	1.0	1.0	1.0	1.0	0.96
5400	1.0	1.0	0.92	1.0	0.98	1.0	0.96	1.0	0.96	0.94	0.98	1.0	1.0	1.0	1.0	0.98
5450	1.0	1.0	0.94	1.0	0.98	1.0	0.96	1.0	0.98	0.94	0.98	1.0	1.0	1.0	1.0	0.96
5500	1.0	1.0	0.94	1.0	0.98	1.0	0.96	1.0	1.0	0.94	1.0	1.0	1.0	1.0	1.0	0.96
5550	1.0	1.0	0.94	1.0	0.98	1.0	0.96	1.0	1.0	0.94	1.0	1.0	1.0	1.0	1.0	0.96
5600	1.0	1.0	0.92	1.0	0.98	1.0	0.96	1.0	1.0	0.94	1.0	1.0	1.0	1.0	1.0	0.96
5650	1.0	1.0	0.92	1.0	0.98	1.0	0.98	1.0	1.0	0.94	1.0	1.0	1.0	1.0	1.0	0.96
5700	1.0	1.0	0.92	1.0	0.98	1.0	0.98	1.0	1.0	0.96	1.0	1.0	1.0	1.0	1.0	0.96
5750	1.0	1.0	0.92	1.0	0.98	1.0	0.98	1.0	1.0	0.96	1.0	1.0	1.0	1.0	1.0	0.96
5800	1.0	1.0	0.94	1.0	0.98	1.0	0.98	1.0	1.0	0.96	1.0	1.0	1.0	1.0	1.0	0.96
5850	1.0	1.0	0.92	1.0	0.98	1.0	1.0	1.0	1.0	0.98	1.0	1.0	1.0	1.0	1.0	0.96
5900	0.98	1.0	0.94	1.0	0.98	1.0	1.0	1.0	0.98	0.98	1.0	1.0	1.0	1.0	1.0	0.96
5950	0.98	1.0	0.96	1.0	0.98	1.0	0.96	1.0	0.96	0.98	1.0	1.0	1.0	1.0	1.0	0.96
6000	0.98	1.0	0.96	1.0	0.98	1.0	0.96	1.0	0.96	0.98	1.0	1.0	1.0	1.0	1.0	0.98
6050	0.98	1.0	0.96	1.0	0.98	1.0	0.96	1.0	0.96	0.98	1.0	1.0	1.0	1.0	1.0	0.98
6100	0.98	1.0	0.96	1.0	0.98	1.0	0.96	1.0	0.96	0.98	1.0	1.0	1.0	1.0	0.98	0.98
6150	0.98	1.0	0.96	1.0	0.98	1.0	0.96	1.0	0.96	1.0	1.0	1.0	1.0	1.0	0.98	0.98
6200	0.98	1.0	0.96	1.0	0.98	1.0	0.96	1.0	0.94	1.0	1.0	1.0	1.0	1.0	0.98	0.98
6250	0.98	1.0	0.96	1.0	0.98	1.0	0.96	1.0	0.94	1.0	1.0	1.0	1.0	1.0	0.98	0.98
6300	0.98	1.0	0.96	1.0	0.98	1.0	0.92	1.0	0.94	1.0	1.0	1.0	0.98	1.0	0.98	1.0
6350	0.96	1.0	0.96	1.0	0.98	1.0	0.9	1.0	0.94	1.0	1.0	1.0	0.98	1.0	0.96	1.0
6400	0.96	1.0	0.96	1.0	0.96	1.0	0.9	1.0	0.94	1.0	1.0	1.0	0.98	1.0	0.96	1.0
6450	0.96	1.0	0.98	1.0	0.96	1.0	0.9	1.0	0.94	1.0	1.0	1.0	0.98	1.0	0.96	1.0
6500	0.96	1.0	0.98	1.0	0.96	1.0	0.88	1.0	0.94	1.0	1.0	1.0	0.98	1.0	0.96	0.98
6550	0.96	1.0	0.98	1.0	0.96	1.0	0.88	1.0	0.96	1.0	1.0	1.0	0.98	1.0	0.96	0.98
6600	0.96	1.0	0.98	1.0	0.96	1.0	0.92	1.0	0.96	1.0	1.0	1.0	0.98	1.0	0.96	0.96
6650	0.96	1.0	1.0	1.0	0.94	1.0	0.92	1.0	0.98	1.0	1.0	1.0	0.98	0.98	0.96	0.96
6700	0.96	0.98	1.0	1.0	0.92	1.0	0.92	1.0	0.98	1.0	1.0	1.0	0.98	0.98	0.96	0.96
6750	0.96	0.98	1.0	1.0	0.92	1.0	0.9	1.0	0.98	1.0	1.0	1.0	0.98	0.98	0.96	0.96
6800	0.96	0.98	1.0	1.0	0.92	1.0	0.9	1.0	0.98	1.0	1.0	1.0	0.98	0.98	0.96	0.96
6850	0.96	0.98	1.0	1.0	0.92	1.0	0.9	1.0	0.98	1.0	1.0	1.0	0.98	0.98	0.98	0.96
6900	0.96	0.98	1.0	1.0	0.92	1.0	0.9	1.0	0.98	1.0	1.0	1.0	0.98	0.98	0.98	0.96
6950	0.94	0.98	1.0	1.0	0.92	1.0	0.9	1.0	1.0	1.0	1.0	1.0	0.98	0.98	0.98	0.96
7000	0.96	0.98	1.0	1.0	0.92	1.0	0.9	1.0	1.0	1.0	1.0	1.0	0.98	0.98	0.98	0.94
7050	0.96	0.98	1.0	1.0	0.92	1.0	0.92	1.0	1.0	1.0	1.0	1.0	0.98	0.98	0.96	0.94
7100	0.96	0.98	1.0	1.0	0.92	1.0	0.92	1.0	1.0	1.0	1.0	1.0	1.0	0.98	0.98	0.94
7150	0.96	0.98	0.98	1.0	0.94	1.0	0.92	1.0	1.0	1.0	1.0	1.0	1.0	0.98	0.98	0.92
7200	0.96	0.98	0.98	1.0	0.94	1.0	0.96	1.0	1.0	1.0	1.0	1.0	1.0	0.98	0.98	0.92
7250	0.96	0.98	0.98	1.0	0.94	1.0	0.96	1.0	1.0	1.0	1.0	1.0	1.0	0.98	0.98	0.94
7300	0.96	0.98	0.98	1.0	0.94	1.0	0.96	1.0	1.0	1.0	1.0	1.0	1.0	1.0	0.98	0.94
7350	0.98	0.98	0.98	1.0	0.94	1.0	0.98	1.0	1.0	1.0	1.0	1.0	1.0	1.0	0.98	0.94
7400	0.98	1.0	0.98	1.0	0.96	1.0	0.98	1.0	1.0	1.0	1.0	1.0	1.0	1.0	0.96	0.94
7450	0.98	1.0	0.98	1.0	0.96	1.0	0.98	1.0	1.0	1.0	1.0	1.0	1.0	1.0	0.96	0.94
7500	0.98	1.0	0.98	1.0	0.96	0.98	0.98	1.0	1.0	1.0	1.0	1.0	1.0	1.0	0.96	0.94
7550	0.98	1.0	0.98	1.0	0.98	0.98	0.98	1.0	1.0	1.0	1.0	1.0	1.0	1.0	0.96	0.94
7600	0.98	1.0	0.98	1.0	0.98	0.96	1.0	1.0	1.0	0.98	1.0	1.0	1.0	1.0	0.98	0.94
7650	0.98	1.0	0.98	1.0	0.98	0.96	1.0	1.0	1.0	0.98	1.0	1.0	1.0	1.0	0.98	0.94
7700	0.98	1.0	0.98	1.0	1.0	0.96	1.0	1.0	1.0	0.96	1.0	1.0	1.0	1.0	0.98	0.94
7750	0.98	1.0	0.98	1.0	0.98	0.96	1.0	1.0	1.0	0.96	0.98	1.0	1.0	1.0	0.96	0.96
7800	1.0	1.0	0.98	1.0	0.98	0.96	1.0	1.0	1.0	0.96	0.98	1.0	1.0	1.0	0.96	0.96
7850	1.0	1.0	0.98	1.0	0.98	0.96	1.0	1.0	0.98	0.96	0.98	1.0	1.0	1.0	0.96	0.96
7900	1.0	1.0	0.98	1.0	0.98	0.96	1.0	1.0	0.96	0.96	0.98	1.0	1.0	1.0	0.96	0.96
7950	1.0	1.0	1.0	1.0	0.98	0.96	1.0	1.0	0.96	0.96	0.98	1.0	1.0	1.0	0.98	0.98
8000	1.0	1.0	0.98	1.0	0.98	0.96	1.0	1.0	0.96	0.94	0.98	1.0	0.98	1.0	0.98	0.98
8050	0.98	1.0	0.98	1.0	0.98	0.96	1.0	1.0	0.96	0.92	0.98	1.0	0.98	1.0	0.98	0.98
8100	0.98	1.0	0.96	1.0	0.98	0.96	1.0	1.0	0.96	0.92	0.98	1.0	0.98	1.0	0.96	0.98
8150	0.98	1.0	0.96	1.0	0.98	0.96	1.0	1.0	0.96	0.92	0.98	1.0	0.98	0.98	0.96	0.98
8200	0.98	1.0	0.96	1.0	0.98	0.98	1.0	1.0	0.96	0.92	0.98	1.0	0.98	0.98	0.96	0.98
8250	0.98	1.0	0.96	1.0	0.98	0.98	1.0	1.0	0.96	0.92	0.98	1.0	0.98	0.98	0.94	1.0
8300	0.98	1.0	0.96	1.0	0.98	0.98	1.0	1.0	0.94	0.92	0.98	1.0	0.98	0.98	0.94	1.0
8350	0.98	1.0	0.96	1.0	0.96	1.0	1.0	1.0	0.94	0.92	0.98	1.0	0.98	0.98	0.94	1.0
8400	0.98	1.0	0.94	1.0	0.96	1.0	1.0	1.0	0.94	0.94	0.98	1.0	0.98	0.98	0.94	1.0
8450	0.98	1.0	0.94	1.0	0.96	1.0	1.0	1.0	0.94	0.96	0.98	1.0	0.98	0.98	0.96	1.0
8500	0.98	1.0	0.94	1.0	0.96	1.0	1.0	1.0	0.94	0.96	0.98	0.98	0.98	0.98	0.96	1.0
8550	0.98	1.0	0.94	1.0	0.96	1.0	1.0	1.0	0.94	0.96	0.98	0.98	0.98	0.98	0.96	1.0
8600	0.98	1.0	0.92	1.0	0.96	1.0	1.0	1.0	0.96	0.96	0.98	0.98	0.98	0.98	0.96	1.0
8650	0.98	1.0	0.92	1.0	0.96	1.0	1.0	1.0	0.96	0.96	0.98	0.98	1.0	0.98	0.96	1.0
8700	0.98	1.0	0.92	1.0	0.96	1.0	1.0	1.0	0.98	1.0	0.94	0.98	1.0	0.98	0.96	1.0
8750	0.96	1.0	0.92	1.0	0.96	1.0	1.0	1.0	0.98	1.0	0.94	0.98	1.0	0.98	0.96	1.0
8800	0.98	1.0	0.92	1.0	0.96	1.0	1.0	1.0	0.98	1.0	0.94	0.98	1.0	0.98	0.94	1.0
8850	0.98	1.0	0.92	1.0	0.96	1.0	0.98	1.0	0.98	1.0	0.94	0.98	1.0	0.98	0.94	1.0
8900	0.98	1.0	0.94	1.0	0.94	1.0	0.98	1.0	0.98	1.0	0.94	0.98	1.0	0.98	0.96	1.0
8950	0.98	1.0	0.94	1.0	0.94	1.0	0.98	1.0	1.0	1.0	0.94	0.98	1.0	0.98	0.96	1.0
9000	0.98	1.0	0.94	1.0	0.94	1.0	0.98	1.0	1.0	1.0	0.94	0.98	1.0	1.0	0.96	1.0
9050	0.98	1.0	0.96	1.0	0.94	1.0	0.98	1.0	1.0	1.0	0.94	0.98	1.0	1.0	0.96	1.0
9100	0.98	1.0	0.96	1.0	0.94	1.0	0.96	1.0	0.96	1.0	0.94	0.98	1.0	1.0	0.96	0.98
9150	0.98	1.0	0.92	1.0	0.94	1.0	0.96	1.0	0.96	1.0	0.94	0.98	1.0	1.0	0.98	0.98
9200	0.98	1.0	0.92	1.0	0.94	1.0	0.96	1.0	0.96	1.0	0.94	0.98	1.0	0.98	0.98	0.96
9250	0.98	1.0	0.94	1.0	0.92	1.0	0.96	1.0	0.96	1.0	0.94	0.98	1.0	0.98	0.98	0.96
9300	0.98	1.0	0.92	1.0	0.92	1.0	0.96	1.0	0.96	1.0	0.94	0.98	1.0	0.98	0.96	0.96
9350	0.98	1.0	0.92	1.0	0.92	1.0	0.96	1.0	0.96	1.0	0.96	1.0	1.0	0.98	0.94	0.96
9400	0.98	1.0	0.92	1.0	0.92	1.0	0.96	1.0	0.96	1.0	0.98	1.0	1.0	0.98	0.94	0.96
9450	0.98	1.0	0.92	1.0	0.94	1.0	0.96	1.0	0.96	1.0	0.98	1.0	1.0	0.98	0.94	0.96
9500	1.0	0.98	0.94	1.0	0.94	1.0	0.98	1.0	0.94	1.0	0.98	1.0	1.0	0.98	0.94	0.96
9550	0.98	0.98	0.94	1.0	0.94	1.0	0.98	1.0	0.94	1.0	0.98	1.0	1.0	0.98	0.96	0.96
9600	0.98	0.98	0.94	1.0	0.94	1.0	0.98	1.0	0.94	1.0	0.98	1.0	1.0	0.98	0.96	0.96
9650	0.98	0.98	0.92	1.0	0.94	1.0	0.98	1.0	0.9	1.0	0.98	1.0	1.0	0.98	0.96	0.96
9700	0.98	0.98	0.92	0.98	0.94	1.0	0.98	1.0	0.92	1.0	0.98	1.0	1.0	0.98	0.94	0.96
9750	0.98	0.98	0.92	0.98	0.94	1.0	0.98	1.0	0.92	1.0	0.98	1.0	1.0	0.98	0.94	0.96
9800	0.98	0.98	0.96	0.98	0.94	1.0	0.98	1.0	0.92	1.0	0.98	1.0	1.0	0.98	0.94	0.96
9850	0.98	0.98	0.96	0.98	0.96	1.0	1.0	1.0	0.92	1.0	0.98	1.0	1.0	0.98	0.94	0.96
9900	0.98	0.98	0.96	0.98	0.96	1.0	1.0	1.0	0.94	1.0	0.98	1.0	1.0	1.0	0.94	0.96
9950	0.98	0.96	0.98	0.98	0.98	1.0	1.0	1.0	0.94	1.0	0.98	1.0	1.0	1.0	0.94	0.96
10000	0.98	0.96	0.98	0.98	1.0	1.0	1.0	1.0	0.94	1.0	1.0	1.0	1.0	1.0	0.94	0.96
10050	0.98	0.96	0.96	0.98	1.0	1.0	0.98	1.0	0.94	1.0	1.0	1.0	1.0	1.0	0.94	0.96
10100	0.98	0.96	0.96	0.98	1.0	1.0	0.98	1.0	0.94	1.0	1.0	1.0	1.0	1.0	0.94	0.96
10150	0.98	0.96	0.96	0.98	1.0	1.0	0.98	1.0	0.94	1.0	1.0	1.0	1.0	1.0	0.96	0.98
10200	1.0	0.96	0.96	0.98	1.0	1.0	0.98	1.0	0.94	1.0	1.0	1.0	1.0	1.0	0.98	0.98
10250	1.0	0.96	0.96	0.98	1.0	0.98	0.96	1.0	0.92	1.0	1.0	1.0	1.0	1.0	0.98	1.0
10300	1.0	0.98	0.98	0.98	1.0	0.98	0.96	1.0	0.92	1.0	1.0	1.0	1.0	1.0	0.98	1.0
10350	0.98	0.98	0.98	0.98	1.0	0.98	0.96	1.0	0.92	1.0	1.0	1.0	1.0	1.0	0.98	1.0
10400	0.98	0.98	0.98	0.98	1.0	0.98	0.96	1.0	0.92	1.0	1.0	1.0	1.0	1.0	0.98	1.0
10450	0.98	0.98	0.98	1.0	1.0	0.98	0.96	1.0	0.94	1.0	1.0	1.0	1.0	1.0	0.98	1.0
10500	0.98	0.98	0.98	1.0	1.0	0.98	0.96	1.0	0.94	1.0	1.0	1.0	1.0	1.0	0.98	1.0
10550	0.98	0.98	0.98	1.0	1.0	0.98	0.96	1.0	0.94	1.0	1.0	1.0	1.0	1.0	1.0	1.0
10600	0.98	0.98	0.98	1.0	1.0	0.98	0.96	1.0	0.98	1.0	1.0	1.0	1.0	1.0	1.0	1.0
10650	0.98	0.98	0.98	1.0	1.0	0.98	0.96	1.0	0.98	1.0	1.0	1.0	1.0	1.0	1.0	1.0
10700	0.98	0.98	0.98	1.0	1.0	0.98	0.96	1.0	0.98	1.0	1.0	1.0	1.0	1.0	1.0	1.0
10750	0.98	1.0	0.98	1.0	1.0	0.98	0.96	1.0	0.98	1.0	1.0	1.0	1.0	1.0	1.0	1.0
10800	0.96	1.0	0.98	1.0	1.0	0.98	0.96	1.0	0.98	1.0	1.0	1.0	1.0	1.0	1.0	1.0
10850	0.96	1.0	0.98	1.0	1.0	0.98	0.94	1.0	0.98	1.0	1.0	1.0	1.0	1.0	1.0	1.0
10900	0.96	1.0	1.0	1.0	1.0	0.98	0.96	1.0	0.98	1.0	1.0	1.0	1.0	1.0	1.0	1.0
10950	0.96	1.0	1.0	1.0	1.0	0.98	0.96	1.0	0.98	1.0	1.0	1.0	1.0	1.0	1.0	1.0
11000	0.96	1.0	1.0	1.0	1.0	0.98	0.94	1.0	0.98	1.0	1.0	1.0	1.0	1.0	1.0	1.0
11050	0.96	1.0	1.0	1.0	1.0	0.98	0.94	1.0	0.98	1.0	1.0	1.0	1.0	1.0	1.0	1.0
11100	0.96	1.0	1.0	1.0	1.0	0.98	0.94	1.0	0.98	1.0	1.0	1.0	1.0	1.0	1.0	1.0
11150	0.96	1.0	1.0	1.0	1.0	0.98	0.92	1.0	1.0	1.0	1.0	1.0	1.0	1.0	1.0	1.0
11200	0.96	1.0	1.0	1.0	1.0	0.98	0.92	1.0	1.0	1.0	1.0	1.0	0.98	1.0	1.0	1.0
11250	0.96	1.0	1.0	1.0	1.0	1.0	0.92	1.0	1.0	1.0	1.0	1.0	0.98	1.0	1.0	0.98
11300	0.98	1.0	1.0	1.0	1.0	1.0	0.92	1.0	1.0	1.0	1.0	1.0	0.98	0.98	1.0	0.98
11350	0.98	1.0	1.0	1.0	1.0	1.0	0.92	1.0	1.0	1.0	1.0	1.0	0.98	0.98	1.0	0.98
11400	0.98	1.0	1.0	1.0	1.0	1.0	0.92	1.0	1.0	1.0	1.0	1.0	0.98	0.98	1.0	0.98
11450	0.98	1.0	1.0	1.0	1.0	1.0	0.92	1.0	1.0	1.0	1.0	1.0	0.96	0.98	1.0	0.98
11500	0.98	1.0	1.0	1.0	1.0	1.0	0.92	1.0	1.0	1.0	1.0	1.0	0.96	0.98	1.0	0.98
11550	0.98	1.0	1.0	1.0	1.0	1.0	0.92	1.0	1.0	1.0	1.0	1.0	0.96	0.98	1.0	0.98
11600	0.98	1.0	1.0	1.0	1.0	1.0	0.94	1.0	1.0	1.0	1.0	1.0	0.96	0.98	1.0	0.98
11650	1.0	1.0	1.0	1.0	1.0	1.0	0.94	1.0	1.0	1.0	1.0	1.0	0.96	0.98	1.0	0.98
11700	1.0	1.0	1.0	1.0	1.0	1.0	0.94	1.0	1.0	1.0	1.0	1.0	0.96	0.98	1.0	0.98
11750	1.0	1.0	1.0	1.0	1.0	1.0	0.94	1.0	1.0	1.0	1.0	1.0	0.98	0.98	1.0	0.98
11800	1.0	1.0	1.0	1.0	1.0	1.0	0.94	1.0	1.0	1.0	0.98	1.0	0.98	0.98	1.0	0.98
11850	1.0	1.0	1.0	1.0	1.0	1.0	0.94	1.0	1.0	1.0	0.98	1.0	0.98	0.98	1.0	0.98
11900	1.0	1.0	1.0	1.0	1.0	1.0	0.96	1.0	1.0	0.98	0.98	1.0	0.98	0.98	1.0	0.98
11950	1.0	1.0	1.0	1.0	1.0	1.0	0.96	1.0	1.0	0.98	0.98	1.0	0.98	0.98	1.0	0.98
12000	1.0	1.0	1.0	1.0	1.0	1.0	0.96	1.0	1.0	0.98	0.98	1.0	0.98	0.98	1.0	0.98
12050	1.0	1.0	1.0	1.0	1.0	1.0	0.96	1.0	1.0	0.98	0.98	1.0	0.98	0.98	1.0	0.98
12100	0.98	1.0	1.0	1.0	1.0	1.0	0.98	1.0	1.0	0.98	0.98	1.0	1.0	0.98	1.0	0.98
12150	0.96	1.0	1.0	1.0	1.0	1.0	0.98	1.0	0.98	0.98	0.98	1.0	1.0	0.98	1.0	0.98
12200	0.96	1.0	1.0	1.0	1.0	1.0	0.98	1.0	0.98	0.98	0.98	1.0	1.0	1.0	1.0	0.98
12250	0.96	1.0	1.0	1.0	1.0	1.0	0.98	1.0	0.98	0.98	0.98	1.0	1.0	1.0	1.0	1.0
12300	0.96	1.0	1.0	1.0	1.0	1.0	0.98	1.0	0.98	0.98	0.98	1.0	1.0	1.0	1.0	1.0
12350	0.94	1.0	1.0	1.0	1.0	1.0	0.98	1.0	0.98	0.98	0.98	1.0	1.0	1.0	1.0	1.0
12400	0.94	1.0	1.0	1.0	1.0	1.0	0.98	1.0	0.98	0.98	0.98	1.0	1.0	1.0	1.0	1.0
12450	0.94	1.0	1.0	1.0	1.0	1.0	0.98	1.0	0.98	0.98	0.98	1.0	1.0	1.0	1.0	1.0
12500	0.94	1.0	1.0	1.0	1.0	1.0	0.98	1.0	0.98	0.98	0.98	1.0	1.0	1.0	1.0	0.98
12550	0.94	1.0	1.0	1.0	1.0	1.0	0.98	1.0	0.98	0.98	0.98	1.0	0.98	1.0	1.0	0.98
12600	0.94	1.0	1.0	1.0	1.0	1.0	1.0	1.0	0.98	0.98	0.98	1.0	0.98	1.0	1.0	0.98
12650	0.94	1.0	1.0	1.0	1.0	1.0	1.0	1.0	0.98	0.98	0.98	1.0	0.98	1.0	1.0	0.98
12700	0.94	1.0	0.98	1.0	1.0	1.0	1.0	1.0	0.98	0.98	1.0	1.0	0.98	1.0	1.0	0.98
12750	0.94	1.0	0.98	1.0	1.0	1.0	1.0	1.0	0.98	1.0	1.0	1.0	0.98	1.0	1.0	0.98
12800	0.94	1.0	0.98	1.0	1.0	1.0	1.0	1.0	0.98	1.0	1.0	1.0	0.98	1.0	1.0	0.98
12850	0.96	1.0	0.98	1.0	1.0	1.0	1.0	1.0	0.96	1.0	1.0	1.0	0.98	1.0	1.0	0.98
12900	0.96	1.0	0.98	1.0	1.0	1.0	1.0	1.0	0.96	1.0	1.0	1.0	0.98	1.0	1.0	0.98
12950	0.96	1.0	0.98	1.0	1.0	1.0	0.98	1.0	0.96	1.0	1.0	1.0	0.98	1.0	1.0	0.98
13000	0.96	1.0	0.98	0.98	1.0	1.0	0.98	1.0	0.96	1.0	0.98	1.0	0.98	1.0	1.0	0.98
13050	0.96	1.0	0.98	0.98	1.0	1.0	0.96	1.0	0.98	1.0	0.98	1.0	0.98	1.0	1.0	0.98
13100	0.96	1.0	0.98	0.98	1.0	1.0	0.94	1.0	0.98	1.0	0.98	1.0	0.98	1.0	1.0	0.98
13150	0.94	1.0	0.98	0.96	1.0	1.0	0.94	1.0	0.96	1.0	0.98	1.0	0.98	1.0	1.0	0.98
13200	0.94	1.0	0.98	0.96	1.0	1.0	0.94	1.0	0.96	1.0	0.98	1.0	0.98	1.0	1.0	0.98
13250	0.94	1.0	0.98	0.96	1.0	1.0	0.94	1.0	0.96	1.0	0.98	1.0	1.0	1.0	1.0	0.98
13300	0.94	1.0	0.98	0.96	1.0	1.0	0.94	1.0	0.96	1.0	0.98	1.0	0.98	1.0	1.0	0.98
13350	0.94	1.0	0.98	0.96	1.0	1.0	0.94	1.0	0.96	1.0	0.98	1.0	0.98	1.0	1.0	0.98
13400	0.94	1.0	0.98	0.96	1.0	1.0	0.94	1.0	0.96	1.0	0.98	1.0	0.98	1.0	1.0	0.98
13450	0.94	1.0	1.0	0.96	1.0	1.0	0.94	1.0	0.96	1.0	0.98	1.0	0.98	1.0	1.0	0.98
13500	0.94	1.0	1.0	0.96	1.0	1.0	0.94	1.0	0.96	1.0	0.98	1.0	0.98	1.0	1.0	0.98
13550	0.94	1.0	1.0	0.96	1.0	1.0	0.94	1.0	0.96	1.0	0.98	1.0	0.98	1.0	1.0	0.98
13600	0.94	1.0	1.0	0.96	1.0	1.0	0.92	1.0	0.98	1.0	0.98	1.0	0.98	1.0	1.0	0.98
13650	0.94	1.0	1.0	0.96	1.0	1.0	0.94	1.0	0.98	1.0	0.98	1.0	0.98	1.0	1.0	1.0
13700	0.98	1.0	1.0	0.96	1.0	1.0	0.94	1.0	0.98	0.98	0.98	1.0	0.98	1.0	1.0	1.0
13750	0.96	1.0	1.0	0.96	1.0	1.0	0.98	1.0	0.98	0.98	0.96	1.0	0.98	1.0	1.0	1.0
13800	0.96	1.0	1.0	0.96	1.0	1.0	0.98	1.0	0.98	0.98	0.96	1.0	0.98	1.0	1.0	1.0
13850	0.94	1.0	1.0	0.96	1.0	1.0	0.98	1.0	0.98	0.98	0.96	1.0	0.98	1.0	1.0	1.0
13900	0.94	1.0	1.0	0.96	1.0	1.0	0.98	1.0	1.0	0.98	0.98	1.0	0.98	1.0	1.0	1.0
13950	0.94	1.0	1.0	0.96	1.0	1.0	0.98	1.0	1.0	0.98	0.98	1.0	0.98	1.0	1.0	1.0
14000	0.94	1.0	1.0	0.96	1.0	1.0	0.96	1.0	1.0	0.96	0.98	1.0	0.98	1.0	1.0	1.0
14050	0.94	1.0	1.0	0.98	1.0	1.0	0.96	1.0	1.0	0.96	0.98	1.0	0.98	1.0	1.0	1.0
14100	0.94	1.0	1.0	1.0	1.0	1.0	0.96	1.0	1.0	0.94	0.96	1.0	0.98	1.0	1.0	1.0
14150	0.94	1.0	1.0	1.0	1.0	1.0	0.96	1.0	1.0	0.94	0.96	1.0	0.98	1.0	1.0	1.0
14200	0.96	1.0	1.0	1.0	1.0	1.0	0.96	1.0	1.0	0.92	0.96	1.0	0.98	1.0	1.0	1.0
14250	0.96	1.0	1.0	1.0	1.0	1.0	0.96	1.0	1.0	0.92	0.96	1.0	0.98	1.0	1.0	1.0
14300	0.96	1.0	1.0	1.0	1.0	1.0	0.96	1.0	1.0	0.92	0.96	1.0	1.0	1.0	1.0	1.0
14350	0.96	1.0	1.0	1.0	1.0	1.0	0.96	1.0	1.0	0.9	0.96	1.0	0.98	1.0	1.0	1.0
14400	0.96	1.0	1.0	1.0	1.0	1.0	0.98	1.0	1.0	0.92	0.98	1.0	0.98	1.0	1.0	1.0
14450	0.96	1.0	1.0	1.0	1.0	1.0	0.98	1.0	1.0	0.92	0.98	1.0	0.98	1.0	1.0	1.0
14500	0.96	1.0	1.0	1.0	1.0	1.0	0.98	1.0	1.0	0.92	0.98	1.0	0.98	1.0	1.0	1.0
14550	0.98	1.0	1.0	1.0	1.0	1.0	0.96	1.0	1.0	0.92	0.98	1.0	0.98	1.0	1.0	1.0
14600	0.98	1.0	1.0	1.0	1.0	1.0	0.96	1.0	1.0	0.92	0.98	1.0	0.98	1.0	1.0	1.0
14650	0.98	1.0	1.0	1.0	1.0	0.98	0.96	1.0	1.0	0.92	0.98	1.0	0.98	1.0	1.0	1.0
14700	1.0	1.0	1.0	1.0	1.0	0.98	0.96	1.0	1.0	0.9	1.0	1.0	0.98	1.0	1.0	1.0
14750	1.0	1.0	1.0	1.0	1.0	0.98	0.96	1.0	1.0	0.92	1.0	1.0	0.98	1.0	1.0	1.0
14800	1.0	1.0	1.0	1.0	1.0	0.98	0.94	1.0	1.0	0.92	1.0	1.0	0.98	1.0	1.0	1.0
14850	1.0	1.0	1.0	1.0	1.0	0.98	0.94	1.0	1.0	0.94	1.0	1.0	0.98	1.0	1.0	1.0
14900	1.0	1.0	1.0	1.0	1.0	0.98	0.94	1.0	1.0	0.94	1.0	1.0	0.98	1.0	1.0	1.0
14950	1.0	0.98	1.0	1.0	1.0	0.98	0.94	1.0	1.0	0.96	1.0	1.0	0.98	1.0	1.0	1.0
15000	1.0	0.98	1.0	1.0	1.0	0.96	0.94	1.0	1.0	0.96	1.0	1.0	0.98	1.0	1.0	1.0
15050	1.0	0.98	1.0	1.0	1.0	0.96	0.92	1.0	1.0	0.96	1.0	1.0	0.96	1.0	1.0	1.0
15100	1.0	0.98	1.0	1.0	1.0	0.96	0.9	1.0	1.0	0.96	1.0	1.0	0.96	1.0	1.0	1.0
15150	1.0	0.98	1.0	1.0	1.0	0.96	0.9	1.0	1.0	0.96	1.0	1.0	0.96	1.0	1.0	1.0
15200	1.0	0.98	1.0	1.0	1.0	0.96	0.86	1.0	1.0	0.98	1.0	1.0	0.98	1.0	1.0	1.0
15250	1.0	0.98	1.0	1.0	1.0	0.96	0.86	1.0	1.0	0.98	1.0	1.0	0.98	1.0	1.0	1.0
15300	1.0	0.98	1.0	1.0	1.0	0.96	0.86	1.0	1.0	0.98	1.0	1.0	0.98	1.0	1.0	1.0
15350	1.0	0.98	1.0	1.0	1.0	0.96	0.88	1.0	1.0	0.98	1.0	1.0	0.98	1.0	1.0	1.0
15400	1.0	0.98	1.0	1.0	1.0	0.96	0.88	1.0	0.98	0.98	1.0	1.0	0.98	1.0	1.0	1.0
15450	1.0	0.98	1.0	1.0	1.0	0.96	0.86	1.0	0.98	0.98	1.0	1.0	0.98	1.0	1.0	1.0
15500	1.0	0.98	1.0	1.0	1.0	0.96	0.86	1.0	0.98	0.98	1.0	1.0	0.98	1.0	1.0	1.0
15550	0.98	0.98	1.0	1.0	1.0	0.96	0.86	1.0	0.98	1.0	1.0	1.0	0.98	1.0	1.0	1.0
15600	0.98	0.98	1.0	1.0	1.0	0.96	0.88	1.0	0.98	1.0	1.0	1.0	0.98	1.0	1.0	1.0
15650	0.98	0.98	1.0	1.0	1.0	0.98	0.88	1.0	0.98	1.0	1.0	1.0	0.98	1.0	1.0	1.0
15700	0.98	0.98	1.0	1.0	1.0	0.98	0.86	1.0	0.98	1.0	1.0	1.0	0.98	1.0	1.0	1.0
15750	0.98	0.98	1.0	1.0	1.0	0.98	0.86	1.0	0.98	1.0	1.0	1.0	1.0	1.0	1.0	1.0
15800	0.96	1.0	1.0	1.0	1.0	0.98	0.86	1.0	0.98	1.0	1.0	1.0	1.0	1.0	1.0	1.0
15850	0.94	1.0	1.0	1.0	1.0	0.98	0.86	1.0	0.98	1.0	1.0	1.0	1.0	1.0	1.0	1.0
15900	0.94	1.0	1.0	1.0	1.0	1.0	0.88	1.0	0.98	1.0	1.0	1.0	1.0	1.0	0.98	1.0
15950	0.92	1.0	1.0	1.0	1.0	1.0	0.88	1.0	0.98	1.0	1.0	1.0	1.0	1.0	0.98	1.0
16000	0.92	1.0	1.0	1.0	1.0	1.0	0.88	1.0	0.98	1.0	1.0	1.0	1.0	1.0	0.98	1.0
16050	0.92	1.0	1.0	1.0	1.0	1.0	0.86	1.0	0.98	1.0	1.0	1.0	1.0	0.98	0.98	1.0
16100	0.92	1.0	1.0	1.0	1.0	1.0	0.88	1.0	0.98	1.0	1.0	1.0	1.0	0.98	0.98	1.0
16150	0.94	1.0	1.0	1.0	1.0	1.0	0.88	1.0	1.0	1.0	1.0	1.0	1.0	0.98	0.98	1.0
16200	0.94	1.0	1.0	1.0	1.0	1.0	0.88	1.0	1.0	1.0	1.0	1.0	1.0	0.96	0.98	1.0
16250	0.94	1.0	1.0	1.0	1.0	1.0	0.88	1.0	1.0	1.0	1.0	1.0	1.0	0.96	0.98	1.0
16300	0.94	1.0	1.0	1.0	1.0	1.0	0.88	1.0	1.0	1.0	0.98	1.0	1.0	0.96	0.98	1.0
16350	0.94	1.0	1.0	1.0	1.0	1.0	0.9	1.0	1.0	1.0	0.98	1.0	1.0	0.96	0.98	1.0
16400	0.92	1.0	1.0	1.0	1.0	1.0	0.9	1.0	1.0	1.0	0.98	1.0	1.0	0.96	0.98	1.0
16450	0.92	1.0	1.0	1.0	1.0	0.98	0.88	1.0	1.0	1.0	0.98	1.0	1.0	0.96	0.98	1.0
16500	0.94	1.0	0.98	1.0	1.0	0.98	0.9	1.0	1.0	1.0	0.98	1.0	1.0	0.96	0.98	1.0
16550	0.94	1.0	0.98	1.0	1.0	0.98	0.9	1.0	1.0	1.0	0.98	1.0	1.0	0.94	0.98	1.0
16600	0.96	1.0	0.98	1.0	1.0	0.96	0.88	1.0	1.0	1.0	0.98	1.0	1.0	0.94	1.0	1.0
16650	0.94	1.0	0.98	1.0	1.0	0.96	0.86	1.0	1.0	1.0	0.98	1.0	1.0	0.94	1.0	1.0
16700	0.94	1.0	0.98	1.0	1.0	0.96	0.84	1.0	1.0	1.0	0.98	1.0	1.0	0.94	1.0	1.0
16750	0.94	1.0	0.98	1.0	1.0	0.96	0.84	1.0	1.0	1.0	0.98	1.0	1.0	0.92	1.0	1.0
16800	0.96	1.0	0.98	1.0	1.0	0.96	0.86	1.0	1.0	1.0	0.98	1.0	1.0	0.92	1.0	1.0
16850	0.96	1.0	0.98	1.0	1.0	0.96	0.86	0.98	1.0	1.0	0.98	1.0	1.0	0.92	0.98	1.0
16900	0.96	1.0	0.98	1.0	1.0	0.96	0.86	0.98	1.0	1.0	0.98	1.0	1.0	0.92	0.98	1.0
16950	0.96	0.98	0.98	1.0	1.0	0.96	0.86	0.96	1.0	1.0	0.98	1.0	1.0	0.94	0.98	1.0
17000	0.96	0.98	0.98	1.0	1.0	0.96	0.86	0.96	1.0	1.0	0.98	1.0	1.0	0.94	0.98	1.0
17050	0.96	0.98	0.98	0.98	1.0	0.96	0.86	0.96	1.0	1.0	0.98	1.0	1.0	0.96	0.98	1.0
17100	0.96	0.98	0.98	0.98	1.0	0.96	0.86	0.96	1.0	1.0	0.98	1.0	1.0	0.96	0.98	1.0
17150	0.96	0.98	0.98	0.98	1.0	0.96	0.88	0.96	1.0	1.0	1.0	1.0	1.0	0.96	0.98	1.0
17200	0.96	0.98	0.98	0.98	1.0	0.96	0.9	0.96	1.0	0.98	1.0	1.0	0.98	0.96	0.98	1.0
17250	0.96	0.98	0.98	0.98	1.0	0.96	0.9	0.96	1.0	0.98	0.98	1.0	0.98	0.96	0.98	1.0
17300	0.98	0.98	0.98	0.98	1.0	0.96	0.92	0.96	1.0	0.98	0.98	1.0	0.98	0.94	0.98	1.0
17350	0.98	0.98	0.98	0.98	1.0	0.98	0.96	0.96	1.0	0.96	0.98	1.0	0.98	0.96	0.98	1.0
17400	0.98	0.98	1.0	0.98	1.0	0.98	0.96	0.96	1.0	0.96	0.98	1.0	0.98	0.96	0.98	1.0
17450	0.98	0.98	1.0	0.98	1.0	0.98	0.98	0.96	1.0	0.96	0.98	1.0	0.98	0.96	0.98	1.0
17500	1.0	0.98	1.0	0.98	1.0	0.98	0.98	0.96	1.0	0.96	0.98	1.0	0.98	0.96	0.98	1.0
17550	1.0	0.98	1.0	0.98	1.0	1.0	0.98	0.96	1.0	0.96	0.98	1.0	0.98	0.98	0.98	1.0
17600	1.0	1.0	1.0	0.96	1.0	1.0	0.98	0.98	1.0	0.96	0.98	1.0	0.98	0.98	0.96	1.0
17650	1.0	1.0	1.0	0.96	1.0	1.0	0.98	0.98	1.0	0.96	0.98	1.0	0.98	0.98	0.96	1.0
17700	1.0	1.0	1.0	0.96	1.0	1.0	0.98	1.0	1.0	0.96	0.98	1.0	0.98	0.98	0.98	1.0
17750	1.0	1.0	1.0	0.96	1.0	1.0	0.98	1.0	1.0	0.96	0.98	1.0	0.98	0.98	0.98	1.0
17800	1.0	1.0	1.0	0.98	1.0	1.0	0.96	1.0	1.0	0.96	0.98	1.0	0.98	0.98	0.96	1.0
17850	1.0	1.0	1.0	0.98	1.0	1.0	0.96	1.0	1.0	0.96	0.98	1.0	0.98	0.98	0.96	1.0
17900	1.0	1.0	1.0	0.98	1.0	1.0	0.94	1.0	1.0	0.98	0.98	1.0	0.98	0.98	0.96	1.0
17950	1.0	1.0	1.0	0.98	1.0	0.98	0.96	1.0	1.0	0.98	0.98	1.0	0.98	0.98	0.96	1.0
18000	1.0	1.0	1.0	0.98	1.0	0.98	0.96	1.0	1.0	0.98	0.98	1.0	0.98	0.98	0.96	1.0
18050	1.0	1.0	1.0	0.98	1.0	0.98	0.96	1.0	1.0	0.98	0.98	1.0	0.98	0.98	0.96	1.0
18100	1.0	1.0	1.0	0.98	1.0	0.98	0.96	1.0	0.98	0.98	1.0	1.0	1.0	0.98	0.96	1.0
18150	0.98	1.0	1.0	0.98	1.0	0.98	0.96	1.0	0.96	1.0	1.0	1.0	1.0	0.98	0.94	1.0
18200	0.98	1.0	1.0	0.98	1.0	0.98	0.94	1.0	0.96	1.0	1.0	1.0	1.0	0.98	0.94	1.0
18250	0.98	1.0	1.0	0.98	1.0	0.98	0.94	1.0	0.96	1.0	1.0	1.0	1.0	0.98	0.94	1.0
18300	0.98	1.0	1.0	0.98	1.0	0.98	0.94	1.0	0.96	1.0	1.0	1.0	1.0	1.0	0.94	1.0
18350	0.98	1.0	1.0	1.0	1.0	0.98	0.94	1.0	0.96	0.98	1.0	1.0	1.0	1.0	0.94	1.0
18400	0.98	1.0	1.0	1.0	1.0	0.98	0.92	1.0	0.96	0.98	1.0	1.0	1.0	1.0	0.96	0.98
18450	0.98	1.0	1.0	1.0	1.0	0.98	0.9	1.0	0.96	0.98	1.0	1.0	1.0	1.0	0.96	0.98
18500	0.98	1.0	1.0	1.0	0.98	0.98	0.9	1.0	0.94	0.98	1.0	1.0	1.0	1.0	0.96	0.98
18550	0.98	1.0	1.0	1.0	0.98	0.98	0.92	1.0	0.94	0.98	1.0	1.0	1.0	0.98	0.96	0.98
18600	0.98	1.0	1.0	1.0	0.98	0.98	0.88	1.0	0.94	0.98	1.0	1.0	1.0	0.98	0.96	0.98
18650	0.98	1.0	1.0	1.0	0.98	0.98	0.9	1.0	0.92	0.98	1.0	1.0	1.0	0.98	0.96	0.98
18700	0.98	1.0	1.0	1.0	0.98	0.98	0.9	1.0	0.92	0.98	1.0	1.0	1.0	0.98	0.96	0.98
18750	0.96	1.0	1.0	1.0	0.96	0.98	0.9	1.0	0.92	0.98	1.0	1.0	1.0	0.98	0.96	0.98
18800	0.98	1.0	1.0	1.0	0.96	0.98	0.9	1.0	0.92	0.98	1.0	1.0	1.0	0.98	0.96	0.98
18850	0.98	1.0	1.0	1.0	0.96	0.98	0.9	1.0	0.92	0.98	1.0	1.0	1.0	0.98	0.96	0.98
18900	0.98	1.0	1.0	1.0	0.96	0.98	0.88	1.0	0.92	0.98	1.0	1.0	1.0	0.98	0.98	0.98
18950	0.98	1.0	1.0	1.0	0.96	1.0	0.9	1.0	0.92	0.98	1.0	1.0	1.0	0.98	0.98	0.98
19000	0.98	1.0	1.0	1.0	0.96	0.98	0.88	1.0	0.92	0.98	1.0	1.0	1.0	0.98	0.98	0.98
19050	0.98	1.0	1.0	1.0	0.96	0.98	0.88	1.0	0.94	0.98	1.0	1.0	1.0	0.98	0.98	0.98
19100	0.98	1.0	1.0	1.0	0.96	0.98	0.86	1.0	0.94	0.98	1.0	1.0	1.0	0.98	0.98	0.98
19150	0.98	1.0	1.0	1.0	0.96	0.98	0.88	1.0	0.96	0.98	1.0	1.0	1.0	0.98	0.98	0.98
19200	0.98	1.0	1.0	1.0	0.96	0.98	0.88	1.0	0.96	0.96	1.0	1.0	1.0	0.98	0.98	0.98
19250	0.96	1.0	1.0	1.0	0.96	0.98	0.88	1.0	0.96	0.96	1.0	1.0	1.0	0.98	0.98	1.0
19300	0.96	1.0	1.0	1.0	0.96	0.98	0.88	1.0	0.96	0.96	1.0	1.0	1.0	0.98	0.96	1.0
19350	0.96	1.0	1.0	1.0	0.96	0.98	0.92	1.0	0.98	0.96	1.0	1.0	1.0	0.98	0.98	1.0
19400	0.98	1.0	1.0	1.0	0.96	0.98	0.92	1.0	0.98	0.94	1.0	1.0	1.0	1.0	0.98	1.0
19450	0.98	1.0	1.0	1.0	0.96	0.98	0.92	1.0	0.98	0.94	1.0	1.0	1.0	1.0	0.98	1.0
19500	0.98	1.0	1.0	1.0	0.98	0.98	0.92	1.0	0.98	0.94	1.0	1.0	1.0	1.0	0.98	1.0
19550	0.98	1.0	1.0	1.0	0.98	0.98	0.92	1.0	0.98	0.92	1.0	1.0	1.0	1.0	0.98	1.0
19600	0.98	1.0	1.0	1.0	1.0	0.98	0.9	1.0	0.98	0.92	1.0	1.0	1.0	1.0	0.98	0.98
19650	0.98	1.0	1.0	1.0	1.0	0.98	0.92	1.0	0.98	0.92	1.0	1.0	1.0	1.0	0.98	0.98
19700	0.98	1.0	1.0	1.0	1.0	0.98	0.9	1.0	0.98	0.92	1.0	1.0	1.0	1.0	0.98	0.98
19750	0.98	1.0	1.0	1.0	1.0	0.98	0.88	1.0	0.98	0.92	0.98	1.0	1.0	1.0	0.96	0.98
19800	0.98	1.0	1.0	1.0	1.0	0.98	0.9	1.0	0.98	0.92	0.98	1.0	1.0	1.0	0.96	0.98
19850	0.98	1.0	1.0	1.0	1.0	1.0	0.9	1.0	0.98	0.92	0.98	1.0	1.0	1.0	0.96	0.98
19900	0.98	1.0	1.0	1.0	1.0	1.0	0.9	1.0	0.98	0.94	0.98	1.0	0.98	1.0	0.96	0.98
19950	0.98	1.0	1.0	1.0	1.0	1.0	0.94	1.0	0.98	0.94	0.98	1.0	0.98	1.0	0.94	0.98
20000	0.98	1.0	1.0	1.0	1.0	1.0	0.94	0.98	0.96	0.96	0.98	1.0	0.98	1.0	0.94	0.98
