0	0	0	0	0	0	0	0	0	0	0	0	0	0	0	0	0	0
50	1	2	3	1	5	2	1	3	1	2	1	1	1	1	1	4	7
100	4	3	3	4	6	5	4	3	2	6	2	2	4	2	3	4	21
150	6	6	5	6	7	5	5	4	5	6	3	4	6	5	5	4	34
200	7	7	6	8	7	7	5	5	6	6	5	5	7	5	5	5	36
250	7	8	7	8	8	7	6	6	7	7	5	7	7	7	6	6	40
300	7	8	8	8	8	9	6	7	9	8	7	8	7	8	8	6	43
350	8	9	9	9	8	9	7	9	9	8	8	8	7	8	8	6	43
400	10	9	10	9	8	9	7	9	10	8	8	8	7	9	9	7	49
450	11	9	11	9	8	10	7	9	10	9	9	8	7	9	11	7	52
500	11	9	11	9	8	11	7	9	11	9	9	8	8	9	11	7	57
550	11	9	12	9	9	12	7	9	11	9	9	9	8	9	11	9	58
600	11	9	12	9	9	12	7	9	11	10	9	9	8	9	12	10	57
650	12	9	12	9	9	12	8	9	11	11	9	10	8	10	12	12	60
700	13	9	12	9	10	12	10	11	11	11	9	11	8	10	13	13	66
750	14	9	12	9	10	12	10	11	11	11	9	12	8	10	13	13	65
800	14	9	12	9	10	13	11	11	11	11	9	12	8	12	13	14	68
850	14	9	12	9	10	13	11	11	11	11	9	13	8	12	13	14	65
900	15	9	12	9	10	15	11	11	11	12	9	13	8	12	13	14	69
950	15	9	12	9	11	15	11	11	11	13	9	14	8	12	13	14	70
1000	16	9	12	10	11	15	11	11	11	13	9	14	8	12	13	14	71
1050	16	9	13	10	12	15	11	11	11	13	9	14	8	12	13	14	72
1100	16	9	13	10	12	15	11	11	11	13	11	14	8	12	13	14	73
1150	16	9	13	11	12	15	11	11	11	13	11	14	9	12	13	14	74
1200	16	10	13	10	12	15	11	11	11	13	12	14	9	12	13	14	75
1250	16	10	13	11	12	15	11	12	11	13	13	14	9	12	13	14	78
1300	16	11	13	12	12	15	11	13	11	13	13	14	9	12	13	14	78
1350	16	12	13	12	12	15	11	13	11	13	14	14	9	12	13	14	78
1400	16	12	13	11	12	15	11	13	11	13	14	14	9	12	13	14	79
1450	16	12	13	12	12	15	11	14	11	13	13	14	9	12	13	14	80
1500	16	13	13	12	12	15	11	14	11	13	14	14	9	12	13	14	81
1550	16	13	13	13	12	15	11	13	11	13	14	14	9	12	13	14	83
1600	16	13	13	13	12	15	11	13	12	13	14	14	10	12	13	14	83
1650	16	14	13	13	12	15	11	13	12	13	14	14	10	12	13	14	84
1700	16	14	13	14	12	15	11	14	12	13	14	14	10	12	13	14	85
1750	16	14	13	14	12	15	11	14	14	14	15	14	10	12	13	14	88
1800	16	14	13	14	12	15	11	15	14	14	17	14	10	12	13	14	90
1850	16	14	13	14	12	15	11	15	14	14	17	14	10	12	13	14	88
1900	16	15	13	14	12	15	11	16	14	14	17	14	12	12	13	14	92
1950	16	17	13	14	12	15	11	16	14	14	17	14	14	12	13	14	92
2000	16	17	13	14	12	15	11	16	14	14	17	14	15	12	13	14	93
2050	16	17	13	14	12	15	11	16	16	14	17	14	15	12	13	14	94
2100	16	17	13	14	12	15	11	16	16	14	17	14	15	12	13	14	94
2150	16	17	13	14	12	15	11	17	16	14	17	14	16	12	13	14	94
2200	16	17	13	14	12	15	11	17	18	14	17	14	17	12	13	14	96
2250	16	17	13	14	12	15	11	17	18	14	17	14	17	12	13	14	95
2300	16	17	13	14	12	15	11	17	18	14	17	14	17	12	13	14	94
2350	16	17	14	14	12	15	11	17	18	14	17	14	17	12	13	14	93
2400	16	17	14	14	12	15	11	18	18	14	17	14	17	12	13	14	93
2450	16	17	14	14	12	15	11	18	18	14	17	14	17	12	13	14	92
2500	16	17	14	14	12	15	11	18	18	14	17	14	17	12	13	14	92
2550	16	17	14	14	12	15	11	18	18	14	17	14	17	12	13	14	92
2600	16	17	14	14	12	15	11	18	18	14	17	14	17	12	13	14	92
2650	16	17	14	14	12	15	11	18	19	14	17	14	17	12	13	14	92
2700	16	17	14	14	12	14	12	18	19	14	17	14	17	12	13	14	92
2750	16	17	14	14	12	14	12	18	19	14	17	14	17	12	13	14	92
2800	16	17	14	14	12	14	12	18	19	14	17	14	17	12	13	14	92
2850	16	17	13	14	12	14	12	18	19	15	17	14	17	12	13	14	92
2900	16	17	13	14	12	14	12	18	19	17	17	14	17	12	13	14	91
2950	16	17	13	14	12	14	12	18	19	17	17	14	17	12	13	14	91
3000	16	17	13	14	12	14	12	18	19	18	17	14	17	12	13	14	90
3050	16	17	13	15	12	14	12	18	19	18	17	14	17	12	13	14	89
3100	16	17	13	15	12	14	13	18	19	18	17	14	17	12	13	14	89
3150	15	17	13	14	12	14	13	18	19	21	17	14	17	12	13	14	91
3200	15	17	13	14	12	14	13	18	19	21	17	14	16	12	13	14	91
3250	15	17	13	14	12	14	14	18	19	21	17	14	16	12	13	14	92
3300	15	17	13	14	12	14	15	18	19	22	17	15	16	12	13	14	94
3350	15	17	13	14	12	14	15	18	19	22	17	15	16	12	13	14	94
3400	15	17	13	14	12	14	16	18	19	23	17	16	16	12	13	14	97
3450	15	17	13	14	12	14	16	18	19	23	17	17	16	12	13	14	98
3500	15	17	13	14	12	14	16	18	19	24	17	17	16	12	13	14	98
3550	15	17	13	14	12	14	16	18	19	25	17	17	16	12	13	14	99
3600	15	17	13	15	12	14	16	18	19	25	17	17	16	12	13	13	100
3650	15	17	13	15	12	14	18	18	19	26	17	17	16	12	13	13	103
3700	15	17	13	16	12	14	18	18	19	25	17	16	16	12	13	13	102
3750	15	17	13	19	12	14	18	18	19	25	17	17	16	12	13	13	104
3800	15	17	13	19	12	14	18	18	19	25	17	17	16	12	13	14	105
3850	15	17	13	19	12	14	19	18	19	25	17	17	16	12	13	14	106
3900	15	17	14	19	12	14	19	18	19	25	17	17	16	12	13	13	105
3950	15	17	14	19	12	14	19	18	19	25	17	17	16	12	13	13	105
4000	15	17	14	19	12	14	20	18	19	25	17	17	16	12	13	14	107
4050	15	16	14	20	12	14	20	18	19	25	17	17	16	12	13	14	107
4100	15	16	14	20	12	14	21	18	19	25	17	18	16	12	13	14	109
4150	15	16	15	21	12	14	21	18	19	25	17	19	16	12	13	16	113
4200	15	16	15	21	12	14	22	18	19	25	17	19	16	12	13	16	112
4250	15	16	15	21	12	14	22	18	19	25	17	19	16	12	13	15	111
4300	15	16	15	21	12	14	22	18	19	25	17	20	16	12	13	14	111
4350	15	16	15	21	12	14	22	18	19	25	17	20	16	12	13	14	110
4400	15	16	15	22	12	14	22	18	19	25	17	20	16	12	13	14	111
4450	15	16	16	23	12	14	22	18	19	25	17	20	16	12	13	16	113
4500	17	16	16	23	12	14	22	18	19	25	17	20	16	12	13	16	114
4550	17	16	16	23	12	14	22	18	19	25	17	20	16	12	13	17	114
4600	17	16	16	23	12	14	22	18	19	25	17	20	16	12	13	17	114
4650	17	16	16	22	12	14	22	18	19	24	17	20	16	12	13	17	114
4700	17	16	16	22	12	14	22	18	19	24	17	20	16	12	13	17	114
4750	17	16	16	22	12	14	21	18	19	24	17	20	16	12	13	17	114
4800	17	16	16	22	13	14	21	18	19	24	17	20	16	12	13	18	114
4850	17	16	16	22	13	14	20	18	19	24	17	20	16	12	13	18	113
4900	18	16	16	22	13	14	20	18	19	24	16	20	16	12	13	19	115
4950	19	16	16	22	14	14	20	18	19	24	16	20	16	12	13	19	115
5000	19	16	16	22	14	14	20	18	19	24	16	20	16	12	13	19	115
5050	19	16	16	22	14	14	20	18	19	25	16	20	16	12	13	20	117
5100	19	16	16	22	15	14	20	18	19	27	16	20	16	12	13	20	121
5150	19	16	16	22	15	14	20	18	19	27	16	20	16	12	13	20	122
5200	19	16	16	23	16	14	20	18	19	27	17	20	16	12	13	20	124
5250	19	16	16	23	16	13	20	18	19	28	17	20	16	12	13	20	124
5300	21	16	16	23	17	13	20	18	19	28	17	20	16	12	13	20	126
5350	23	16	16	23	17	13	20	18	18	28	17	20	16	12	13	20	128
5400	23	16	16	23	17	13	20	18	18	28	17	20	16	12	13	21	128
5450	23	16	16	23	17	13	20	18	18	29	17	20	16	12	13	21	129
5500	23	16	16	23	18	13	20	18	18	29	17	20	16	12	13	21	130
5550	23	16	16	23	19	13	20	18	18	29	17	20	17	12	13	21	131
5600	25	16	16	23	19	13	20	18	18	29	17	20	17	12	13	22	133
5650	25	16	16	23	19	13	20	18	18	29	17	20	18	12	13	22	133
5700	25	16	16	23	19	13	20	18	18	30	17	20	18	12	13	22	134
5750	25	16	16	22	19	13	20	18	18	31	17	20	18	12	13	22	133
5800	24	16	16	22	19	13	20	18	18	30	17	20	18	12	13	22	132
5850	25	16	17	22	19	13	20	18	18	30	17	20	19	12	13	22	134
5900	26	16	18	22	19	13	20	18	18	31	17	20	19	12	13	23	138
5950	26	16	18	22	19	13	20	18	18	31	17	20	19	12	13	23	137
6000	26	16	17	22	19	13	20	18	18	31	17	20	19	12	13	23	136
6050	26	16	17	22	19	13	20	18	18	31	17	20	19	12	13	24	136
6100	26	17	17	22	20	13	20	18	18	31	17	20	19	12	13	25	137
6150	26	17	17	23	20	13	20	18	18	31	17	20	19	12	13	25	137
6200	26	17	16	23	20	13	20	18	18	31	17	20	19	12	13	25	136
6250	25	17	19	23	20	13	20	18	18	31	17	20	19	12	13	24	137
6300	25	17	19	23	20	13	20	18	18	31	17	20	19	12	13	24	137
6350	25	16	22	24	20	13	20	18	18	31	17	20	19	12	13	24	140
6400	24	17	22	24	20	13	20	18	18	31	17	20	19	12	13	24	138
6450	24	17	23	24	20	13	20	18	18	31	17	20	19	12	13	24	139
6500	24	17	24	24	20	13	20	18	18	32	17	20	19	12	13	24	140
6550	24	17	24	25	20	13	20	18	18	32	17	20	19	12	13	24	141
6600	24	17	24	25	20	13	20	18	18	31	17	20	19	12	13	24	141
6650	24	17	24	24	20	13	20	18	18	31	17	20	19	12	13	24	141
6700	24	17	24	24	20	13	20	18	18	31	17	20	19	12	13	24	142
6750	24	19	24	22	20	13	20	18	18	31	17	20	19	12	13	24	143
6800	24	19	24	22	20	13	20	18	18	31	17	20	19	12	13	24	141
6850	24	19	24	22	20	13	20	18	18	32	17	20	19	12	13	24	142
6900	24	19	24	22	20	13	20	18	18	33	17	20	19	12	13	24	143
6950	24	19	24	22	20	13	20	18	18	33	17	20	19	12	13	24	142
7000	24	19	24	22	20	13	20	18	18	33	17	20	20	12	13	24	143
7050	25	19	24	22	20	13	20	18	18	33	17	20	20	12	13	24	143
7100	25	19	24	22	20	13	20	18	18	33	17	20	20	12	13	24	143
7150	25	19	24	22	20	13	20	18	18	33	17	20	20	12	13	24	143
7200	26	19	24	22	20	13	20	18	18	33	17	20	20	12	13	24	143
7250	26	19	24	23	20	13	20	18	18	33	17	20	20	12	13	24	143
7300	26	20	24	22	20	13	20	18	18	33	17	20	20	12	13	24	144
7350	26	20	24	22	20	13	20	18	18	33	17	20	20	12	13	24	144
7400	25	20	24	22	20	13	20	18	18	33	17	20	20	12	13	24	143
7450	25	20	24	22	20	13	20	18	18	33	17	20	19	12	13	25	143
7500	25	20	24	21	20	13	20	18	18	33	17	20	19	12	13	25	143
7550	25	20	24	21	20	13	20	18	18	33	17	20	19	12	13	25	142
7600	25	20	24	21	20	13	20	18	18	33	17	20	19	12	13	25	142
7650	25	20	24	21	20	13	20	18	18	33	17	20	19	12	13	25	142
7700	25	20	24	21	20	14	20	18	18	33	16	20	19	12	13	25	142
7750	25	20	24	21	19	14	20	18	18	33	16	20	19	12	13	25	142
7800	25	20	24	21	18	14	20	18	18	33	16	20	19	12	13	25	140
7850	25	20	24	21	18	14	20	18	18	33	16	20	19	12	13	25	139
7900	25	20	24	21	18	14	20	18	18	33	16	20	19	12	13	25	139
7950	25	20	24	21	19	14	20	18	18	32	16	20	19	12	13	25	138
8000	25	20	23	21	19	14	20	18	18	33	16	20	19	12	13	25	139
8050	25	19	23	21	19	14	20	18	17	33	16	20	19	12	13	25	138
8100	25	19	23	21	19	14	20	18	17	33	16	20	19	12	13	25	138
8150	25	19	22	21	19	14	20	18	17	33	16	20	19	12	13	26	137
8200	25	19	22	21	20	15	20	18	17	33	16	20	19	12	13	26	140
8250	25	19	23	21	22	15	20	18	17	33	16	20	19	12	13	26	141
8300	24	19	23	21	22	15	20	18	17	33	16	20	19	12	13	26	141
8350	24	19	23	21	21	15	20	18	17	33	16	20	19	12	13	26	141
8400	24	19	23	21	21	15	20	18	17	33	16	20	19	12	13	25	141
8450	24	19	23	21	21	15	20	18	17	33	16	20	19	12	13	25	140
8500	24	19	23	21	21	16	20	18	17	33	16	20	19	12	13	25	141
8550	24	19	23	21	21	16	20	18	17	33	16	20	19	12	13	25	141
8600	24	19	23	21	21	16	20	18	17	33	16	20	19	12	13	26	143
8650	24	19	23	21	21	16	20	18	17	34	16	20	19	12	13	26	144
8700	24	19	23	21	21	16	20	18	17	34	16	20	19	12	13	26	144
8750	24	19	24	21	21	16	20	18	17	34	16	20	19	12	13	26	145
8800	24	19	24	21	21	16	20	18	17	34	16	20	19	12	13	26	145
8850	24	19	24	21	21	16	20	18	17	34	16	20	19	12	13	26	144
8900	23	19	24	22	21	16	20	18	17	34	16	20	19	12	13	26	144
8950	23	19	24	22	21	16	20	18	18	34	16	20	19	12	13	26	145
9000	23	19	24	22	21	16	20	18	18	34	16	19	19	12	13	26	145
9050	22	19	24	22	21	16	20	18	18	34	16	19	19	12	13	26	144
9100	22	19	24	22	21	16	20	18	18	34	16	19	18	12	13	26	145
9150	23	20	24	23	21	16	20	18	18	33	16	19	18	12	13	26	148
9200	23	20	24	23	21	16	20	18	18	33	16	21	18	12	13	26	150
9250	23	20	24	23	21	16	20	18	18	33	16	21	18	12	13	26	150
9300	23	20	24	23	21	16	20	18	17	33	16	21	18	12	13	26	150
9350	23	20	24	23	21	16	20	18	17	33	16	21	18	12	13	26	150
9400	23	20	24	23	21	16	20	18	17	33	16	21	18	12	13	26	150
9450	23	20	24	23	21	16	20	18	17	33	16	21	18	12	13	26	150
9500	23	20	24	24	21	16	20	18	17	33	16	21	18	12	13	26	151
9550	23	20	24	24	22	16	20	18	17	33	16	21	18	12	13	26	151
9600	23	20	24	24	22	16	20	18	17	33	16	21	18	12	13	26	151
9650	23	20	24	24	22	16	20	18	17	33	16	21	18	12	13	26	151
9700	23	20	24	24	22	16	20	18	17	33	16	21	18	12	13	26	151
9750	23	20	24	24	22	16	20	18	17	33	16	21	18	12	13	26	151
9800	23	20	24	24	22	16	20	18	17	33	16	21	18	12	13	26	151
9850	23	20	24	24	22	16	20	18	17	33	16	21	18	12	13	26	150
9900	23	20	24	24	22	16	20	18	17	33	16	21	18	12	13	26	150
9950	23	20	24	24	22	16	20	18	17	33	16	21	18	12	13	26	150
10000	23	20	24	24	22	17	20	18	17	33	16	21	18	12	13	26	150
10050	23	20	24	24	23	17	21	18	18	34	17	21	19	13	14	26	149
10100	24	21	24	26	23	18	21	19	20	34	17	22	19	13	15	27	155
10150	24	21	25	26	23	19	21	19	21	35	17	24	21	13	15	27	162
10200	24	21	26	27	23	19	21	20	22	35	18	24	21	15	15	28	165
10250	24	22	26	27	23	19	21	21	22	38	19	24	21	17	16	27	170
10300	25	22	26	27	25	19	21	21	22	39	20	25	22	19	18	28	175
10350	25	23	26	27	26	19	21	22	22	39	21	25	22	19	18	28	177
10400	25	23	26	27	28	20	21	22	22	41	21	25	22	19	19	28	180
10450	25	23	26	27	28	21	21	22	22	41	21	25	23	19	20	28	181
10500	25	23	26	27	29	22	21	22	22	41	21	26	25	19	20	28	183
10550	25	24	26	27	29	22	22	22	23	41	21	26	25	19	20	28	183
10600	25	26	26	27	29	22	22	23	24	41	21	26	25	19	20	28	184
10650	25	27	26	27	29	22	22	24	24	41	23	27	24	19	20	30	188
10700	25	27	26	27	29	22	22	26	25	42	23	27	24	19	21	31	191
10750	25	28	26	27	30	22	22	26	25	42	23	27	24	19	21	31	192
10800	24	28	26	27	30	23	22	26	25	42	23	27	24	19	21	31	193
10850	24	28	26	27	30	23	23	26	25	42	23	27	24	19	22	31	194
10900	24	28	26	27	30	23	24	26	25	42	23	27	24	19	23	31	196
10950	24	28	26	27	31	23	24	26	25	42	23	27	24	19	24	32	196
11000	24	28	26	27	31	23	24	26	25	42	23	27	24	19	25	32	197
11050	24	28	26	27	31	23	25	26	25	42	23	27	24	19	26	32	197
11100	25	28	27	27	31	23	26	26	25	42	23	27	24	19	27	32	200
11150	25	28	27	27	30	23	27	26	25	42	23	27	24	19	27	32	201
11200	25	28	27	27	31	23	28	26	25	42	23	27	24	19	27	32	203
11250	25	28	27	27	31	23	28	26	25	42	23	27	24	19	27	32	203
11300	25	28	28	27	31	23	28	26	25	42	23	27	24	19	27	34	204
11350	25	28	28	27	31	23	28	26	25	42	23	27	24	19	27	33	204
11400	25	28	28	27	31	23	29	26	25	42	23	27	24	19	27	33	204
11450	25	28	28	27	31	23	29	26	25	42	23	27	24	19	28	33	204
11500	25	28	30	27	31	23	29	26	25	42	23	27	24	19	28	33	206
11550	25	28	31	27	31	23	30	26	25	42	23	27	24	19	29	33	207
11600	25	28	31	27	31	23	30	26	25	42	23	27	24	19	30	35	207
11650	25	28	31	27	31	23	30	26	25	42	23	27	24	19	31	36	209
11700	25	29	31	28	31	23	30	26	25	43	23	27	24	19	31	36	209
11750	25	29	31	28	31	23	30	26	25	43	23	27	24	19	31	37	210
11800	25	30	31	28	31	23	30	26	25	43	23	27	24	19	31	36	210
11850	25	31	31	29	31	23	30	26	25	42	23	27	24	19	31	36	213
11900	25	31	32	28	31	23	30	26	25	41	23	27	24	19	31	36	212
11950	25	31	32	28	31	23	30	26	25	41	23	27	24	19	31	36	212
12000	25	30	32	30	31	23	30	26	25	40	23	27	24	19	31	36	213
12050	25	30	32	30	31	23	30	26	25	41	23	27	24	19	31	37	215
12100	25	29	32	30	31	23	30	26	25	43	23	27	24	19	31	37	215
12150	25	29	32	30	31	23	30	26	25	44	23	27	24	19	31	37	215
12200	25	28	32	31	31	23	30	26	25	45	23	27	24	19	31	37	216
12250	25	29	32	31	31	23	30	26	25	45	23	27	24	19	31	37	215
12300	25	29	32	31	31	23	30	26	25	44	23	27	24	19	31	37	215
12350	25	30	32	31	31	23	30	27	25	46	23	27	24	19	30	37	216
12400	25	30	32	31	31	23	30	28	25	47	23	27	24	19	30	37	218
12450	25	30	32	30	31	23	30	29	25	47	23	27	24	19	29	37	217
12500	25	30	33	31	31	23	30	29	25	47	23	27	24	19	29	36	217
12550	25	31	33	31	31	23	30	29	25	48	23	27	24	19	29	36	217
12600	25	30	33	31	31	23	30	29	25	48	23	27	24	19	29	37	218
12650	26	30	33	31	31	23	30	29	25	50	23	27	24	19	29	37	222
12700	27	30	33	31	31	23	30	28	26	50	23	27	24	19	30	37	221
12750	27	30	34	30	31	23	30	28	26	50	23	27	24	19	30	37	222
12800	28	30	34	30	31	23	30	28	27	51	23	27	24	19	30	37	224
12850	27	30	34	30	31	23	30	28	28	51	24	27	24	19	30	37	223
12900	27	30	33	30	31	23	30	28	29	52	24	27	24	19	30	37	225
12950	27	30	35	30	31	23	30	28	29	52	24	27	24	19	29	37	226
13000	27	30	35	30	31	23	30	28	29	51	25	27	24	19	29	37	225
13050	27	30	36	30	30	23	30	28	29	51	25	27	24	19	29	37	224
13100	27	31	37	31	29	23	30	28	30	52	26	27	24	19	29	37	225
13150	28	31	38	31	29	23	30	28	30	52	27	27	24	19	29	36	226
13200	28	31	38	31	29	23	30	28	30	52	27	27	24	19	29	36	226
13250	29	31	38	31	29	23	30	28	31	51	27	27	24	19	29	36	229
13300	29	31	39	31	29	23	30	28	31	51	28	27	24	19	29	36	230
13350	30	31	38	31	29	23	30	28	31	51	27	27	24	19	29	36	230
13400	30	31	38	31	29	23	30	28	31	51	27	27	24	19	29	36	230
13450	31	30	38	31	29	23	30	28	31	50	28	27	24	19	29	36	232
13500	32	31	38	32	30	23	30	28	31	50	28	27	24	19	29	36	233
13550	32	31	37	32	31	23	30	28	31	50	28	27	24	19	29	36	233
13600	32	31	37	32	31	23	30	27	31	49	28	27	24	19	29	36	231
13650	32	31	37	32	31	23	30	27	31	49	29	27	24	19	29	36	232
13700	32	31	37	32	30	23	30	27	31	49	30	27	24	19	29	36	232
13750	32	31	37	32	30	23	30	27	31	48	30	27	24	19	29	36	231
13800	32	31	38	32	30	23	30	27	31	49	31	27	24	19	29	35	229
13850	32	31	38	32	30	23	30	27	31	48	32	27	24	19	29	35	229
13900	32	31	38	32	30	23	30	27	31	46	32	27	24	19	29	35	228
13950	32	31	39	32	30	23	30	27	31	46	32	27	24	19	29	35	228
14000	33	31	38	32	30	23	30	27	31	47	32	27	24	19	29	35	230
14050	33	31	38	32	30	23	30	27	31	48	32	27	24	19	29	35	230
14100	33	31	38	32	30	23	30	27	31	48	32	27	24	19	29	35	229
14150	33	31	38	32	30	23	30	27	31	48	32	27	24	19	29	35	229
14200	32	31	38	32	31	23	30	27	31	48	33	27	24	19	29	35	230
14250	32	31	38	32	33	23	30	27	31	49	33	27	24	19	29	35	233
14300	32	32	38	32	33	23	30	27	31	49	33	27	24	19	29	35	233
14350	31	32	38	32	34	23	30	27	31	50	33	27	24	19	29	35	234
14400	31	32	37	32	34	23	30	26	31	49	33	27	24	19	29	35	232
14450	30	32	37	33	33	23	30	26	31	49	33	28	24	19	29	35	231
14500	30	32	37	33	33	23	30	26	31	49	33	28	24	19	29	34	230
14550	30	32	37	34	34	23	30	26	31	49	33	28	24	19	29	34	231
14600	29	32	37	35	35	23	30	26	31	48	33	29	24	19	29	34	229
14650	29	31	38	35	35	23	30	26	31	46	34	29	24	19	29	34	229
14700	28	31	38	35	35	23	30	26	31	46	34	30	24	19	29	34	229
14750	28	30	38	36	35	23	30	26	31	46	36	30	24	20	29	34	232
14800	28	30	38	36	35	23	30	26	31	46	36	30	24	20	29	34	231
14850	28	30	39	36	36	23	30	26	31	46	36	30	24	21	29	34	232
14900	28	30	38	36	36	23	30	26	31	46	35	31	24	21	29	34	232
14950	28	32	38	37	36	23	30	26	31	46	35	31	24	20	29	34	234
15000	27	32	38	37	36	23	30	26	31	45	36	31	24	20	29	34	234
15050	27	32	38	37	37	23	30	26	31	45	36	32	24	21	29	34	237
15100	27	33	38	37	37	23	30	26	31	45	36	32	24	21	28	34	236
15150	28	33	38	37	37	23	30	26	31	44	36	32	24	21	28	34	236
15200	27	33	38	37	36	23	30	26	31	44	36	32	24	22	28	34	238
15250	27	33	38	37	37	23	30	26	31	44	36	32	24	21	28	34	239
15300	27	33	38	37	37	23	30	26	31	44	36	32	24	21	28	34	238
15350	27	33	38	37	37	23	30	26	31	44	36	32	24	22	27	34	239
15400	27	33	38	37	37	23	30	26	31	43	36	32	24	22	27	34	238
15450	26	33	38	38	37	23	30	26	31	42	36	32	24	23	27	34	240
15500	25	31	38	38	37	23	30	26	31	41	36	32	24	23	27	34	237
15550	25	31	38	39	37	23	30	26	31	40	36	32	24	23	27	34	238
15600	25	31	37	38	37	24	30	26	31	40	36	32	24	23	27	33	235
15650	25	31	37	38	37	24	30	25	31	40	36	32	24	24	27	33	234
15700	25	31	37	38	37	24	30	25	31	40	36	32	24	24	27	33	234
15750	25	32	38	37	37	24	30	25	31	40	36	32	24	24	27	33	234
15800	25	32	38	37	36	24	30	25	31	40	36	32	24	24	27	34	234
15850	25	32	38	37	36	24	30	25	31	39	35	32	24	24	27	34	234
15900	25	32	38	37	36	24	30	25	31	39	35	32	24	24	27	34	234
15950	25	32	38	37	36	24	30	25	31	39	35	32	24	24	27	34	234
16000	25	32	38	37	36	25	30	25	31	39	35	33	24	24	27	34	235
16050	25	32	38	37	36	25	30	25	31	39	34	33	24	24	27	34	234
16100	25	32	38	37	36	25	30	25	30	39	34	33	24	24	27	34	233
16150	25	32	37	37	37	26	30	25	30	39	34	33	24	24	27	34	235
16200	25	32	37	37	37	26	30	25	30	39	34	33	24	23	27	34	232
16250	25	31	37	37	37	26	30	25	32	39	34	33	24	24	27	34	231
16300	25	31	37	37	37	26	30	25	32	39	34	33	24	24	27	34	231
16350	25	31	37	37	37	26	30	25	32	38	34	33	24	24	27	34	231
16400	24	30	37	37	37	26	30	25	31	38	34	33	24	24	27	34	230
16450	24	30	37	37	37	26	30	25	31	38	34	33	24	25	27	34	231
16500	24	30	37	37	37	26	30	25	31	38	34	33	24	25	27	34	231
16550	24	30	36	37	37	26	30	25	31	38	34	33	24	26	27	34	232
16600	25	30	36	37	37	26	30	24	31	38	34	33	24	27	27	34	231
16650	25	30	36	37	37	26	30	24	31	38	34	33	24	27	26	34	230
16700	27	30	36	37	37	26	30	24	31	38	34	33	24	27	26	34	231
16750	28	31	36	37	37	26	29	24	31	38	34	33	24	29	26	33	234
16800	28	31	36	37	37	26	29	23	31	38	34	33	24	30	26	33	234
16850	28	31	36	37	37	26	29	23	31	38	34	33	24	30	26	33	234
16900	29	31	36	37	37	26	29	23	31	38	34	33	24	30	26	33	234
16950	31	31	36	36	37	26	29	23	31	38	34	33	24	31	27	33	236
17000	32	32	37	35	37	26	28	23	31	38	34	33	24	31	27	33	237
17050	33	32	37	36	37	26	28	23	31	38	34	33	24	31	27	33	236
17100	33	32	37	36	37	26	28	23	31	38	34	33	24	31	27	33	236
17150	33	33	36	36	37	26	28	23	31	38	34	34	24	31	27	33	238
17200	32	33	36	36	37	26	28	23	31	38	34	34	24	31	27	33	236
17250	32	33	36	37	37	26	28	23	31	38	34	34	24	32	27	33	237
17300	32	33	36	37	37	26	28	23	31	38	34	34	24	32	27	33	236
17350	32	33	36	37	37	26	28	23	31	38	34	34	24	32	27	33	236
17400	32	33	36	37	37	26	28	23	31	38	34	34	24	33	27	33	237
17450	32	33	36	36	37	26	28	24	31	38	34	34	24	33	27	32	236
17500	33	34	36	35	37	26	27	24	31	38	34	34	24	33	28	32	236
17550	33	34	36	35	37	26	27	24	31	38	34	33	24	33	28	31	235
17600	33	33	36	34	37	26	27	25	31	38	34	33	24	33	28	31	234
17650	35	33	36	34	37	26	27	25	30	38	34	33	24	33	28	31	234
17700	33	33	36	35	37	26	27	25	30	38	34	33	24	33	28	31	234
17750	34	33	37	35	37	26	27	26	30	38	34	33	24	33	28	31	238
17800	34	33	37	35	37	27	27	26	30	38	34	33	24	33	28	31	237
17850	32	33	37	35	38	27	27	26	30	38	34	33	24	33	28	30	236
17900	32	33	37	35	38	27	27	27	30	38	34	32	24	33	28	30	236
17950	32	33	37	34	37	27	27	27	30	38	34	32	24	33	28	30	233
18000	32	33	37	34	37	27	27	27	30	38	34	32	24	33	28	30	233
18050	32	33	37	33	37	27	27	27	30	38	34	32	24	33	28	30	233
18100	34	33	37	33	37	27	27	28	30	38	33	32	24	33	28	30	236
18150	35	33	37	33	37	27	27	28	30	38	33	32	24	33	28	30	237
18200	35	33	37	33	37	28	27	29	30	38	33	32	24	33	28	30	239
18250	35	32	37	33	37	28	27	29	29	38	33	32	24	33	28	30	238
18300	35	32	38	33	37	28	27	29	29	38	33	32	24	33	28	30	239
18350	35	32	38	33	37	28	27	28	29	38	32	32	24	34	28	30	239
18400	35	32	38	33	37	28	27	28	29	38	32	32	24	34	28	30	239
18450	34	32	38	33	37	28	27	28	30	38	32	32	24	34	28	30	239
18500	33	32	38	33	37	28	27	28	30	38	32	32	24	34	28	30	239
18550	33	32	38	33	37	28	27	28	30	38	32	32	24	34	28	30	237
18600	33	32	38	33	37	28	27	28	30	38	32	32	24	34	28	30	237
18650	33	32	38	33	37	28	27	28	30	38	32	32	24	34	28	30	237
18700	33	32	38	33	37	28	27	28	30	38	32	32	24	34	28	30	237
18750	34	32	37	33	37	28	27	28	30	38	32	32	24	34	28	30	237
18800	34	32	37	33	37	28	27	28	30	38	32	32	24	34	28	30	237
18850	34	32	37	33	37	28	27	29	30	38	32	32	24	35	28	30	239
18900	34	32	37	33	37	28	27	29	30	38	32	32	24	35	27	32	240
18950	34	32	36	33	37	28	27	29	31	38	32	32	24	35	27	32	239
19000	34	32	36	33	37	28	27	29	31	38	32	33	24	35	27	32	239
19050	34	32	34	33	37	29	27	29	31	38	32	33	24	34	27	34	240
19100	34	32	34	33	37	29	27	29	31	38	32	33	24	34	27	34	241
19150	34	32	35	33	37	30	27	29	31	38	32	33	24	34	27	34	243
19200	34	32	35	33	37	30	27	29	32	38	32	33	24	34	27	34	244
19250	34	33	35	33	37	31	27	29	32	38	32	33	24	34	27	34	246
19300	34	33	36	33	37	31	27	29	32	38	32	33	23	34	27	34	246
19350	34	33	36	33	37	32	27	29	32	38	32	33	23	33	27	33	248
19400	34	33	36	33	37	32	27	29	32	38	32	31	22	33	27	32	246
19450	35	33	36	32	37	32	27	29	32	38	32	31	22	33	27	32	245
19500	35	33	36	32	37	32	27	29	32	38	32	31	22	33	26	32	244
19550	35	33	36	32	37	32	27	29	32	38	32	31	22	33	26	32	244
19600	35	33	36	32	37	32	27	29	32	38	32	31	22	32	26	32	243
19650	36	33	36	32	37	32	27	29	32	38	32	31	22	31	26	32	244
19700	37	33	36	32	37	32	27	29	32	38	32	31	22	31	26	32	244
19750	37	33	36	32	37	32	27	29	32	38	32	31	22	31	26	32	243
19800	37	33	36	32	37	32	27	29	32	38	32	31	22	31	26	32	243
19850	37	33	36	32	37	32	27	29	32	38	32	31	22	31	27	32	244
19900	37	33	36	32	37	32	27	29	32	38	32	31	24	31	27	32	244
19950	37	33	36	32	37	32	27	29	32	38	32	31	25	31	27	32	244
20000	37	32	36	32	37	32	27	29	32	38	32	31	25	31	27	32	244
