0	0.0	0.0	0.0	0.0	0.0	0.0	0.0	0.0	0.0	0.0	0.0	0.0	0.0	0.0	0.0	0.0
50	0.25	0.0	0.25	0.0	0.0	0.0	0.0	0.25	0.0	0.0	0.0	0.25	0.166666666667	0.142857142857	0.0	0.2
100	0.5	0.285714285714	0.375	0.285714285714	0.4	0.5	0.428571428571	0.538461538462	0.285714285714	0.0	0.25	0.428571428571	0.333333333333	0.461538461538	0.545454545455	0.615384615385
150	0.611111111111	0.615384615385	0.5	0.416666666667	0.5	0.666666666667	0.444444444444	0.588235294118	0.384615384615	0.285714285714	0.428571428571	0.5	0.533333333333	0.636363636364	0.6875	0.642857142857
200	0.681818181818	0.555555555556	0.6	0.526315789474	0.571428571429	0.65	0.642857142857	0.619047619048	0.578947368421	0.588235294118	0.5625	0.526315789474	0.611111111111	0.666666666667	0.666666666667	0.7
250	0.75	0.64	0.684210526316	0.571428571429	0.684210526316	0.730769230769	0.684210526316	0.666666666667	0.625	0.588235294118	0.619047619048	0.625	0.666666666667	0.741935483871	0.75	0.695652173913
300	0.766666666667	0.678571428571	0.666666666667	0.64	0.740740740741	0.774193548387	0.72	0.714285714286	0.633333333333	0.65	0.625	0.642857142857	0.72	0.809523809524	0.785714285714	0.714285714286
350	0.787878787879	0.709677419355	0.75	0.7	0.766666666667	0.825	0.764705882353	0.741935483871	0.685714285714	0.740740740741	0.678571428571	0.666666666667	0.75	0.829787234043	0.8125	0.757575757576
400	0.810810810811	0.775	0.774193548387	0.71875	0.78125	0.833333333333	0.794871794872	0.777777777778	0.717948717949	0.78125	0.727272727273	0.69696969697	0.775	0.86	0.833333333333	0.809523809524
450	0.820512820513	0.790697674419	0.794117647059	0.742857142857	0.794117647059	0.826086956522	0.833333333333	0.794871794872	0.733333333333	0.810810810811	0.763157894737	0.74358974359	0.804347826087	0.94	0.846153846154	0.826086956522
500	0.844444444444	0.8125	0.825	0.785714285714	0.815789473684	0.9	0.92	0.809523809524	0.75	0.825	0.775	0.761904761905	0.82	0.96	0.853658536585	0.86
550	0.88	0.88	0.844444444444	0.795454545455	0.829268292683	0.92	0.92	0.829787234043	0.78	0.840909090909	0.804347826087	0.782608695652	0.92	1.0	0.857142857143	0.9
600	0.96	0.92	0.847826086957	0.8125	0.854166666667	0.94	0.94	0.86	0.82	0.840909090909	0.82	0.84	0.94	1.0	0.869565217391	0.92
650	0.98	0.92	0.9	0.86	0.86	0.96	0.94	0.94	0.86	0.851063829787	0.86	0.88	0.94	1.0	0.877551020408	0.94
700	1.0	0.98	0.94	0.92	0.92	0.96	0.96	0.94	0.92	0.96	0.9	0.9	0.96	1.0	0.92	0.96
750	0.96	1.0	0.98	0.96	0.94	0.96	0.98	0.94	0.92	1.0	0.9	0.94	0.96	1.0	0.96	0.98
800	0.94	1.0	0.98	0.98	0.98	0.94	0.98	0.98	0.92	0.98	0.94	0.98	0.98	1.0	0.98	0.98
850	0.94	1.0	1.0	1.0	0.98	0.94	0.98	0.98	0.94	0.96	0.96	0.98	1.0	1.0	0.98	1.0
900	0.94	1.0	1.0	1.0	0.98	0.96	1.0	1.0	0.98	0.94	0.98	0.98	1.0	1.0	0.98	1.0
950	0.92	1.0	1.0	1.0	1.0	0.96	1.0	1.0	0.98	0.94	1.0	1.0	1.0	1.0	0.98	1.0
1000	0.92	1.0	1.0	1.0	1.0	0.98	1.0	1.0	0.98	0.92	1.0	1.0	1.0	1.0	1.0	0.98
1050	0.9	1.0	1.0	1.0	1.0	0.98	1.0	1.0	0.98	0.92	1.0	1.0	1.0	0.98	1.0	0.98
1100	0.88	1.0	1.0	1.0	1.0	0.98	1.0	1.0	1.0	0.92	1.0	1.0	1.0	0.98	0.96	0.98
1150	0.88	1.0	1.0	1.0	1.0	0.98	1.0	1.0	1.0	0.92	1.0	1.0	1.0	0.98	0.96	0.98
1200	0.88	0.98	1.0	1.0	1.0	0.98	1.0	1.0	1.0	0.92	1.0	1.0	1.0	0.98	0.96	0.98
1250	0.88	0.98	1.0	1.0	1.0	1.0	1.0	1.0	1.0	0.92	1.0	1.0	1.0	0.98	0.96	0.98
1300	0.88	0.98	1.0	1.0	0.98	1.0	1.0	1.0	1.0	0.92	1.0	1.0	1.0	0.98	0.94	0.98
1350	0.88	0.98	1.0	1.0	0.94	1.0	1.0	1.0	1.0	0.92	1.0	1.0	1.0	0.96	0.94	0.96
1400	0.9	0.98	1.0	1.0	0.92	1.0	1.0	1.0	1.0	0.92	1.0	1.0	1.0	0.94	0.94	0.96
1450	0.92	0.98	1.0	0.98	0.92	1.0	1.0	1.0	1.0	0.92	1.0	1.0	1.0	0.94	0.94	0.96
1500	0.94	0.98	1.0	0.98	0.92	1.0	1.0	1.0	1.0	0.92	1.0	1.0	1.0	0.94	0.94	0.94
1550	0.94	0.98	1.0	0.98	0.92	1.0	1.0	1.0	1.0	0.96	1.0	1.0	1.0	0.94	0.94	0.94
1600	0.96	0.98	1.0	0.98	0.92	1.0	1.0	1.0	1.0	0.98	1.0	1.0	1.0	0.94	0.94	0.94
1650	0.96	0.98	1.0	0.98	0.92	1.0	1.0	1.0	1.0	1.0	1.0	1.0	1.0	0.94	0.92	0.94
1700	0.96	0.98	1.0	0.98	0.92	0.98	1.0	1.0	1.0	1.0	1.0	1.0	1.0	0.94	0.92	0.94
1750	0.96	1.0	1.0	0.98	0.92	0.98	1.0	1.0	1.0	1.0	0.98	1.0	1.0	0.94	0.9	0.96
1800	0.98	1.0	1.0	0.98	0.92	0.98	0.98	1.0	1.0	1.0	0.98	1.0	1.0	0.94	0.9	0.96
1850	0.98	1.0	1.0	0.98	0.9	0.98	0.98	1.0	1.0	1.0	0.98	1.0	1.0	0.94	0.9	0.96
1900	1.0	1.0	1.0	0.98	0.96	0.98	0.98	1.0	1.0	1.0	0.98	1.0	1.0	0.94	0.9	0.96
1950	1.0	1.0	1.0	0.98	0.96	0.98	0.96	1.0	1.0	1.0	0.98	1.0	1.0	0.94	0.94	0.96
2000	1.0	1.0	1.0	0.98	0.96	0.98	0.94	1.0	1.0	1.0	0.98	1.0	1.0	0.94	0.94	0.96
2050	1.0	0.98	1.0	0.98	0.98	0.98	0.94	1.0	1.0	1.0	0.98	1.0	1.0	0.94	0.94	0.98
2100	1.0	0.98	1.0	1.0	0.98	0.98	0.94	1.0	1.0	1.0	0.98	1.0	1.0	0.98	0.96	0.98
2150	1.0	0.98	1.0	1.0	0.98	0.98	0.92	0.98	1.0	1.0	0.98	1.0	1.0	0.98	0.96	1.0
2200	1.0	0.98	1.0	1.0	0.98	0.98	0.92	0.98	1.0	1.0	0.98	1.0	1.0	0.98	0.96	1.0
2250	1.0	0.98	1.0	1.0	0.98	0.96	0.92	0.98	1.0	1.0	0.98	1.0	1.0	0.98	0.96	1.0
2300	1.0	0.98	1.0	1.0	0.98	0.96	0.92	0.98	1.0	1.0	0.98	1.0	1.0	0.98	0.96	1.0
2350	1.0	0.98	1.0	1.0	0.98	0.96	0.92	0.98	1.0	1.0	0.98	1.0	1.0	0.98	0.96	1.0
2400	1.0	0.98	1.0	1.0	0.98	0.96	0.92	0.98	1.0	1.0	0.98	1.0	1.0	0.98	0.96	1.0
2450	1.0	0.98	1.0	1.0	0.98	0.96	0.92	0.98	1.0	0.98	0.98	1.0	1.0	0.98	0.98	1.0
2500	1.0	0.98	1.0	0.98	0.98	0.96	0.92	0.98	1.0	0.98	0.96	1.0	1.0	0.96	0.98	1.0
2550	1.0	0.98	1.0	0.98	0.98	0.96	0.94	0.98	1.0	0.98	0.98	1.0	1.0	0.98	1.0	1.0
2600	1.0	1.0	1.0	0.96	0.98	0.96	0.94	0.96	1.0	0.98	0.98	1.0	1.0	0.98	1.0	1.0
2650	0.98	0.98	1.0	0.96	0.98	0.94	0.94	0.96	1.0	0.98	0.96	1.0	1.0	0.98	1.0	1.0
2700	0.98	0.96	1.0	0.94	0.98	0.94	0.94	0.96	1.0	0.98	0.92	1.0	1.0	0.98	1.0	1.0
2750	0.96	0.94	1.0	0.92	1.0	0.94	0.94	0.96	1.0	0.96	0.92	1.0	1.0	0.96	1.0	1.0
2800	0.96	0.94	1.0	0.92	1.0	0.94	0.96	0.96	1.0	0.96	0.92	1.0	1.0	0.96	1.0	1.0
2850	0.96	0.94	1.0	0.9	1.0	0.94	0.98	0.96	1.0	0.96	0.92	1.0	1.0	0.96	1.0	1.0
2900	0.96	0.94	1.0	0.9	1.0	0.92	0.98	0.96	1.0	0.96	0.92	1.0	1.0	0.96	1.0	1.0
2950	0.94	0.94	0.98	0.9	1.0	0.92	0.98	0.98	1.0	0.94	0.92	1.0	1.0	0.96	1.0	1.0
3000	0.94	0.94	0.98	0.9	1.0	0.94	0.98	0.98	1.0	0.92	0.92	1.0	1.0	0.96	1.0	1.0
3050	0.94	0.94	0.98	0.9	1.0	0.94	0.98	0.98	1.0	0.92	0.92	1.0	1.0	0.96	1.0	1.0
3100	0.94	0.94	0.98	0.92	1.0	0.96	0.98	0.98	1.0	0.92	0.92	1.0	1.0	0.96	1.0	1.0
3150	0.94	0.92	0.98	0.92	1.0	0.96	0.98	0.98	1.0	0.92	0.92	1.0	1.0	0.96	1.0	1.0
3200	0.92	0.92	0.98	0.94	1.0	0.96	0.98	0.98	1.0	0.92	0.92	1.0	1.0	0.96	1.0	1.0
3250	0.92	0.92	0.98	0.96	1.0	0.96	0.98	0.98	1.0	0.94	0.94	1.0	1.0	0.96	1.0	1.0
3300	0.92	0.92	0.98	0.96	1.0	0.96	0.98	0.98	1.0	0.94	0.94	1.0	1.0	0.96	1.0	1.0
3350	0.92	0.94	0.98	0.98	1.0	0.96	0.98	0.98	1.0	0.94	1.0	1.0	1.0	0.94	1.0	1.0
3400	0.92	0.96	0.98	1.0	1.0	0.98	0.98	0.98	1.0	0.94	1.0	1.0	1.0	0.96	1.0	1.0
3450	0.94	0.96	0.98	1.0	1.0	0.98	0.98	1.0	1.0	0.94	1.0	1.0	1.0	0.96	1.0	1.0
3500	0.94	0.96	0.98	1.0	1.0	0.98	0.98	1.0	1.0	0.94	1.0	1.0	1.0	0.96	1.0	0.98
3550	0.96	0.96	1.0	1.0	1.0	0.98	0.98	1.0	1.0	0.94	0.98	1.0	1.0	0.98	1.0	0.98
3600	0.96	0.96	1.0	1.0	1.0	0.98	0.98	1.0	1.0	0.96	0.98	1.0	1.0	0.98	1.0	0.98
3650	0.98	0.96	1.0	1.0	0.98	0.98	0.98	1.0	1.0	0.96	0.98	1.0	1.0	0.98	1.0	0.98
3700	0.98	0.96	1.0	0.98	0.98	0.98	0.98	1.0	1.0	0.96	0.98	1.0	1.0	0.98	1.0	0.98
3750	0.98	0.96	1.0	0.98	0.98	0.98	1.0	1.0	1.0	0.98	0.96	1.0	1.0	0.96	1.0	0.98
3800	0.98	0.96	1.0	0.98	0.98	1.0	0.98	1.0	1.0	1.0	0.96	1.0	1.0	0.96	1.0	0.98
3850	0.98	0.98	1.0	0.98	0.98	1.0	0.98	1.0	1.0	1.0	0.96	1.0	1.0	0.96	1.0	0.96
3900	0.98	0.98	1.0	0.98	0.98	1.0	0.98	1.0	1.0	1.0	0.96	1.0	1.0	0.96	1.0	0.96
3950	1.0	1.0	1.0	0.98	0.98	1.0	0.98	1.0	1.0	1.0	0.96	1.0	1.0	0.98	1.0	0.96
4000	1.0	1.0	1.0	0.98	0.98	1.0	0.98	1.0	1.0	1.0	0.96	1.0	1.0	0.98	1.0	0.96
4050	1.0	0.98	1.0	0.98	0.98	1.0	0.98	1.0	1.0	1.0	0.94	1.0	1.0	0.98	1.0	0.96
4100	1.0	0.98	1.0	0.98	0.98	1.0	0.98	1.0	1.0	1.0	0.94	1.0	1.0	0.98	1.0	0.96
4150	0.98	0.98	1.0	0.98	0.98	1.0	0.96	1.0	1.0	0.98	0.94	1.0	1.0	0.98	1.0	0.96
4200	0.98	0.98	1.0	0.98	0.98	1.0	0.96	1.0	1.0	0.98	0.94	1.0	1.0	0.96	1.0	0.96
4250	0.98	0.98	1.0	0.98	0.98	1.0	0.96	1.0	1.0	0.98	0.94	1.0	1.0	0.96	1.0	0.96
4300	0.98	0.98	1.0	0.98	1.0	1.0	0.96	1.0	1.0	0.98	0.94	1.0	1.0	0.96	1.0	0.96
4350	0.98	0.98	1.0	0.96	0.98	1.0	0.94	1.0	1.0	0.98	0.96	1.0	1.0	0.96	1.0	0.98
4400	0.98	0.98	1.0	0.96	0.96	1.0	0.96	1.0	1.0	0.98	0.96	1.0	1.0	0.98	1.0	0.98
4450	0.98	0.98	1.0	0.96	0.96	0.98	0.96	0.98	1.0	0.98	0.96	1.0	1.0	0.98	1.0	0.98
4500	0.98	0.98	1.0	0.96	0.96	0.98	0.96	0.98	1.0	0.98	0.96	1.0	1.0	0.98	1.0	0.98
4550	0.98	0.98	1.0	0.96	0.96	0.98	0.96	0.98	1.0	0.98	0.98	1.0	0.98	0.98	1.0	0.98
4600	0.98	0.98	1.0	0.96	0.96	0.98	0.96	0.98	1.0	0.98	0.98	1.0	0.96	0.98	1.0	0.98
4650	0.98	0.98	1.0	0.96	0.96	0.98	0.92	0.98	1.0	0.98	0.98	1.0	0.94	0.98	1.0	0.98
4700	0.96	0.98	1.0	0.96	0.96	0.98	0.92	0.98	1.0	0.98	0.98	1.0	0.92	0.98	1.0	0.96
4750	0.96	1.0	1.0	0.96	0.94	0.98	0.92	0.98	1.0	0.98	1.0	0.98	0.92	0.98	1.0	0.96
4800	0.96	0.98	1.0	0.96	0.94	0.98	0.92	0.98	1.0	0.98	1.0	0.98	0.92	0.98	1.0	0.96
4850	0.96	0.98	1.0	0.96	0.94	0.96	0.94	0.98	1.0	0.98	1.0	0.96	0.92	0.98	1.0	0.96
4900	0.98	0.98	1.0	0.96	0.94	0.96	0.94	0.98	1.0	1.0	1.0	0.96	0.92	1.0	1.0	0.96
4950	0.98	0.98	1.0	0.96	0.94	0.96	0.94	0.98	1.0	1.0	1.0	0.94	0.9	1.0	1.0	0.96
5000	0.98	0.98	1.0	0.96	0.94	0.96	0.94	0.98	1.0	1.0	1.0	0.94	0.9	1.0	1.0	0.96
5050	0.98	0.98	1.0	0.96	0.92	0.94	0.96	0.98	1.0	1.0	1.0	0.92	0.88	1.0	1.0	0.96
5100	0.98	0.98	1.0	0.96	0.92	0.94	0.96	0.98	1.0	1.0	1.0	0.9	0.9	1.0	1.0	0.96
5150	0.98	0.98	1.0	0.96	0.94	0.94	0.96	1.0	1.0	1.0	1.0	0.9	0.92	1.0	1.0	0.96
5200	0.98	0.98	1.0	0.94	0.96	0.96	0.96	1.0	1.0	1.0	1.0	0.9	0.92	1.0	1.0	0.96
5250	0.98	0.98	1.0	0.94	0.96	0.96	0.96	0.98	1.0	1.0	1.0	0.9	0.94	1.0	1.0	0.96
5300	0.98	0.98	1.0	0.94	0.96	0.96	0.96	0.96	0.96	0.96	1.0	0.9	0.94	1.0	1.0	0.98
5350	0.98	0.98	1.0	0.94	0.94	0.94	0.96	0.96	0.96	0.96	1.0	0.9	0.94	0.98	1.0	0.98
5400	1.0	0.98	0.98	0.94	0.94	0.94	0.98	0.96	0.96	0.96	1.0	0.88	0.96	0.98	1.0	0.98
5450	1.0	0.96	0.98	0.94	0.94	0.94	0.98	0.96	0.96	0.96	1.0	0.88	0.96	0.98	1.0	1.0
5500	1.0	0.98	0.98	0.94	0.94	0.94	0.98	0.96	0.96	0.96	1.0	0.9	0.96	0.98	1.0	1.0
5550	1.0	0.98	0.98	0.94	0.94	0.94	0.98	0.96	0.96	0.96	1.0	0.9	0.96	0.96	1.0	1.0
5600	0.98	0.98	0.98	0.94	0.96	0.94	0.98	0.96	0.96	0.96	1.0	0.92	0.98	0.96	1.0	1.0
5650	0.98	0.98	0.98	0.92	0.96	0.96	0.98	0.94	0.96	0.96	1.0	0.92	0.98	0.96	1.0	1.0
5700	0.98	0.98	0.98	0.92	0.96	0.98	0.98	0.94	0.94	0.96	1.0	0.9	1.0	0.96	1.0	1.0
5750	0.96	0.98	0.98	0.92	0.96	0.98	0.98	0.94	0.94	0.96	1.0	0.92	1.0	0.96	1.0	1.0
5800	0.94	0.98	0.98	0.94	0.96	0.96	0.98	0.94	0.94	0.96	1.0	0.92	1.0	0.96	1.0	1.0
5850	0.94	0.98	0.98	0.96	0.96	0.96	0.98	0.96	0.94	0.96	1.0	0.96	1.0	0.96	1.0	1.0
5900	0.94	0.96	0.98	0.96	0.98	0.98	0.98	0.98	0.94	0.96	1.0	0.96	1.0	0.96	1.0	1.0
5950	0.94	0.96	0.98	0.96	0.98	0.98	0.98	0.96	0.94	0.96	1.0	0.96	1.0	0.96	1.0	1.0
6000	0.94	0.96	0.98	0.96	0.98	0.98	0.98	0.96	0.98	0.96	1.0	0.96	1.0	0.98	1.0	1.0
6050	0.94	0.96	0.98	0.98	0.98	0.98	0.98	0.96	0.98	1.0	1.0	0.96	1.0	0.98	1.0	1.0
6100	0.94	0.96	0.98	0.98	1.0	0.98	0.98	0.96	0.98	0.98	1.0	0.96	1.0	0.98	1.0	1.0
6150	0.94	0.98	1.0	0.98	1.0	0.98	0.98	0.96	0.98	0.98	0.98	0.96	1.0	0.98	1.0	1.0
6200	0.94	0.96	1.0	0.98	1.0	0.98	0.98	0.96	0.98	0.98	0.98	0.98	1.0	0.98	1.0	1.0
6250	0.92	0.96	1.0	0.98	1.0	0.98	1.0	0.96	0.98	0.96	0.98	0.98	1.0	0.98	1.0	1.0
6300	0.92	0.96	1.0	0.98	1.0	0.98	1.0	0.96	0.98	0.96	0.98	0.98	1.0	1.0	1.0	1.0
6350	0.94	0.96	1.0	0.98	1.0	0.98	1.0	0.96	0.98	0.96	0.98	0.98	1.0	1.0	1.0	1.0
6400	0.96	0.96	1.0	1.0	1.0	0.98	1.0	0.94	0.98	0.96	0.98	0.98	1.0	1.0	1.0	1.0
6450	0.96	0.96	1.0	1.0	1.0	0.98	1.0	0.94	1.0	0.96	0.98	1.0	1.0	1.0	1.0	1.0
6500	0.94	0.96	1.0	1.0	1.0	0.98	1.0	0.94	1.0	0.96	0.98	1.0	1.0	1.0	1.0	0.98
6550	0.94	0.96	1.0	1.0	1.0	0.98	1.0	0.96	1.0	0.94	0.98	1.0	1.0	1.0	1.0	0.98
6600	0.94	0.96	1.0	1.0	1.0	0.98	1.0	0.96	1.0	0.94	0.98	1.0	1.0	1.0	1.0	0.98
6650	0.94	0.94	1.0	1.0	1.0	0.98	1.0	0.96	1.0	0.94	0.98	1.0	1.0	1.0	1.0	0.98
6700	0.94	0.94	1.0	1.0	1.0	1.0	1.0	0.96	1.0	0.94	0.98	1.0	1.0	1.0	1.0	0.98
6750	0.94	0.96	1.0	1.0	1.0	1.0	0.98	0.96	1.0	0.94	0.98	1.0	1.0	1.0	1.0	0.98
6800	0.94	0.96	1.0	1.0	1.0	1.0	0.98	0.98	1.0	0.96	0.98	1.0	1.0	1.0	1.0	0.98
6850	0.94	0.96	1.0	1.0	1.0	1.0	0.98	0.98	1.0	0.96	0.98	1.0	1.0	1.0	1.0	0.98
6900	0.98	0.96	1.0	1.0	1.0	1.0	0.98	0.98	1.0	0.96	0.98	1.0	1.0	1.0	1.0	0.98
6950	0.98	0.94	1.0	1.0	1.0	1.0	0.96	0.98	1.0	0.98	1.0	1.0	1.0	1.0	1.0	0.98
7000	0.98	0.94	1.0	1.0	0.98	1.0	0.96	0.98	1.0	0.98	1.0	1.0	1.0	1.0	1.0	0.98
7050	0.98	0.94	1.0	1.0	0.96	1.0	0.96	0.98	1.0	0.98	1.0	1.0	1.0	1.0	1.0	0.98
7100	0.98	0.94	1.0	1.0	0.96	1.0	0.96	0.98	1.0	0.98	1.0	1.0	1.0	1.0	1.0	0.96
7150	0.98	0.96	1.0	1.0	0.96	1.0	0.96	1.0	1.0	1.0	1.0	1.0	1.0	1.0	1.0	0.96
7200	0.98	0.96	1.0	1.0	0.94	1.0	0.96	1.0	1.0	1.0	1.0	0.98	1.0	1.0	1.0	0.96
7250	1.0	0.96	1.0	1.0	0.94	1.0	0.96	1.0	1.0	1.0	1.0	0.98	1.0	1.0	1.0	0.94
7300	0.98	0.96	1.0	1.0	0.94	1.0	0.96	1.0	1.0	1.0	1.0	0.98	1.0	1.0	1.0	0.94
7350	0.98	0.96	1.0	1.0	0.94	1.0	0.96	1.0	1.0	1.0	1.0	0.98	1.0	1.0	1.0	0.94
7400	0.98	0.96	1.0	1.0	0.94	1.0	0.96	1.0	1.0	1.0	1.0	0.98	1.0	1.0	1.0	0.94
7450	0.98	0.96	1.0	1.0	0.94	1.0	0.96	1.0	1.0	1.0	1.0	0.98	1.0	1.0	1.0	0.94
7500	0.98	0.98	1.0	1.0	0.94	1.0	0.96	1.0	1.0	1.0	1.0	0.98	1.0	1.0	1.0	0.94
7550	0.98	0.98	1.0	1.0	0.94	1.0	0.94	1.0	1.0	1.0	1.0	0.98	1.0	1.0	1.0	0.94
7600	0.98	0.98	1.0	1.0	0.96	1.0	0.94	1.0	1.0	1.0	1.0	0.98	1.0	1.0	1.0	0.94
7650	0.98	0.98	1.0	1.0	0.98	1.0	0.94	1.0	1.0	1.0	1.0	0.98	1.0	1.0	1.0	0.94
7700	0.96	0.98	1.0	1.0	0.98	1.0	0.94	1.0	1.0	1.0	1.0	0.98	1.0	1.0	1.0	0.94
7750	0.96	1.0	1.0	1.0	0.98	1.0	0.96	1.0	1.0	1.0	1.0	0.98	1.0	1.0	1.0	0.96
7800	0.96	1.0	1.0	1.0	1.0	1.0	0.96	1.0	1.0	1.0	1.0	0.98	1.0	1.0	1.0	0.96
7850	0.96	1.0	1.0	1.0	1.0	1.0	0.96	1.0	1.0	1.0	1.0	1.0	1.0	1.0	1.0	0.96
7900	0.96	1.0	1.0	1.0	1.0	0.98	0.96	1.0	1.0	1.0	1.0	1.0	1.0	1.0	1.0	0.96
7950	0.96	1.0	1.0	1.0	1.0	0.98	0.96	1.0	1.0	1.0	1.0	1.0	1.0	1.0	1.0	1.0
8000	0.96	1.0	1.0	1.0	1.0	0.98	0.96	1.0	1.0	1.0	1.0	1.0	1.0	1.0	1.0	1.0
8050	0.94	1.0	1.0	1.0	1.0	0.98	0.96	0.98	1.0	1.0	1.0	1.0	1.0	1.0	1.0	1.0
8100	0.94	1.0	1.0	1.0	1.0	0.98	0.96	0.98	1.0	1.0	1.0	1.0	1.0	1.0	1.0	1.0
8150	0.92	1.0	1.0	1.0	1.0	0.98	0.98	0.98	1.0	1.0	0.98	1.0	1.0	1.0	1.0	1.0
8200	0.92	1.0	1.0	1.0	1.0	0.98	0.98	0.98	1.0	1.0	0.98	1.0	1.0	1.0	1.0	1.0
8250	0.92	1.0	1.0	1.0	1.0	0.98	1.0	0.98	1.0	1.0	0.98	1.0	1.0	1.0	1.0	1.0
8300	0.92	1.0	1.0	0.98	1.0	0.98	1.0	0.98	1.0	1.0	0.98	1.0	1.0	1.0	1.0	1.0
8350	0.92	1.0	1.0	0.98	1.0	0.98	1.0	0.98	1.0	1.0	0.98	1.0	1.0	1.0	1.0	1.0
8400	0.92	1.0	1.0	0.98	1.0	0.98	1.0	0.98	1.0	1.0	0.98	1.0	1.0	1.0	1.0	1.0
8450	0.94	1.0	1.0	0.98	1.0	0.98	1.0	0.98	1.0	1.0	0.98	1.0	1.0	1.0	1.0	0.98
8500	0.94	1.0	1.0	0.98	1.0	0.96	1.0	0.98	1.0	1.0	0.98	1.0	1.0	1.0	1.0	0.98
8550	0.94	1.0	1.0	0.96	1.0	0.96	1.0	0.98	1.0	1.0	0.98	1.0	1.0	1.0	1.0	0.96
8600	0.94	1.0	1.0	0.96	1.0	0.96	1.0	0.98	1.0	1.0	0.98	1.0	1.0	1.0	1.0	0.94
8650	0.94	1.0	1.0	0.96	1.0	0.94	1.0	0.98	1.0	1.0	0.98	1.0	1.0	1.0	1.0	0.94
8700	0.96	1.0	1.0	0.96	1.0	0.94	1.0	0.98	1.0	1.0	0.98	1.0	1.0	1.0	1.0	0.94
8750	0.98	1.0	1.0	0.94	1.0	0.96	0.98	0.98	1.0	1.0	0.98	1.0	1.0	1.0	1.0	0.94
8800	0.98	1.0	1.0	0.94	1.0	0.96	0.98	0.98	1.0	1.0	0.98	1.0	1.0	1.0	1.0	0.94
8850	0.98	1.0	0.98	0.94	1.0	0.96	0.98	0.98	1.0	0.98	0.98	1.0	1.0	1.0	1.0	0.94
8900	0.98	1.0	0.98	0.94	1.0	0.96	0.98	1.0	1.0	0.98	0.98	1.0	1.0	1.0	1.0	0.94
8950	1.0	1.0	0.96	0.96	1.0	0.96	0.96	1.0	1.0	0.98	0.98	1.0	1.0	1.0	1.0	0.94
9000	1.0	1.0	0.96	0.96	1.0	0.96	0.96	1.0	0.98	0.98	1.0	1.0	1.0	1.0	1.0	0.94
9050	1.0	1.0	0.96	0.94	1.0	0.94	0.96	1.0	0.98	0.98	1.0	1.0	1.0	1.0	1.0	0.94
9100	1.0	1.0	0.96	0.94	1.0	0.94	0.96	1.0	0.98	0.98	1.0	0.98	1.0	1.0	1.0	0.94
9150	1.0	1.0	0.96	0.94	1.0	0.92	0.96	1.0	0.98	0.98	1.0	0.98	1.0	1.0	1.0	0.94
9200	1.0	1.0	0.96	0.94	1.0	0.92	0.96	1.0	0.98	0.98	1.0	0.98	1.0	1.0	1.0	0.92
9250	1.0	1.0	0.96	0.94	1.0	0.92	0.96	1.0	0.98	0.98	1.0	0.98	1.0	1.0	1.0	0.94
9300	1.0	1.0	0.96	0.94	1.0	0.9	0.96	1.0	0.98	0.98	1.0	0.98	1.0	1.0	1.0	0.94
9350	1.0	1.0	0.96	0.94	1.0	0.92	0.96	1.0	0.98	0.98	1.0	0.98	1.0	1.0	1.0	0.96
9400	1.0	1.0	0.96	0.94	1.0	0.92	0.96	1.0	0.98	0.98	1.0	0.98	1.0	1.0	1.0	0.96
9450	1.0	1.0	0.96	0.94	1.0	0.94	0.96	1.0	0.98	0.98	1.0	0.98	1.0	0.98	1.0	0.96
9500	1.0	0.98	0.96	0.96	1.0	0.94	0.98	0.98	0.98	0.98	1.0	0.98	1.0	0.98	1.0	0.94
9550	1.0	0.98	0.96	0.96	1.0	0.94	0.98	0.98	0.98	0.98	1.0	0.98	1.0	0.98	1.0	0.92
9600	1.0	0.98	0.98	0.96	1.0	0.94	0.98	0.98	0.98	0.98	1.0	0.98	1.0	0.98	1.0	0.92
9650	1.0	0.98	0.98	0.96	1.0	0.94	0.98	0.98	0.98	0.98	1.0	0.98	1.0	0.98	1.0	0.92
9700	1.0	0.98	0.98	0.96	1.0	0.94	0.98	0.98	0.98	0.98	1.0	1.0	1.0	0.98	1.0	0.9
9750	1.0	0.98	0.98	0.98	1.0	0.94	0.98	0.98	0.98	0.98	1.0	1.0	1.0	0.98	1.0	0.9
9800	1.0	0.98	0.98	0.98	1.0	0.94	0.98	0.98	1.0	1.0	1.0	1.0	1.0	0.98	1.0	0.92
9850	1.0	0.98	0.98	0.98	1.0	0.94	0.98	0.98	1.0	1.0	1.0	1.0	1.0	0.98	1.0	0.92
9900	1.0	0.98	0.98	0.98	1.0	0.94	0.98	0.98	1.0	1.0	1.0	1.0	1.0	0.98	1.0	0.92
9950	1.0	0.98	0.98	0.98	1.0	0.98	0.98	0.98	1.0	1.0	1.0	1.0	1.0	0.98	1.0	0.94
10000	1.0	0.98	0.98	1.0	1.0	0.96	0.98	0.98	1.0	1.0	1.0	1.0	1.0	0.98	1.0	0.94
10050	1.0	0.98	1.0	1.0	1.0	0.98	0.96	0.98	1.0	1.0	1.0	1.0	1.0	0.98	1.0	0.94
10100	1.0	0.98	1.0	1.0	1.0	0.98	0.96	0.98	1.0	1.0	1.0	1.0	1.0	0.98	1.0	0.94
10150	0.98	0.98	1.0	1.0	1.0	0.98	0.96	0.96	1.0	1.0	1.0	1.0	1.0	0.98	1.0	0.96
10200	0.98	0.98	1.0	1.0	1.0	0.98	0.94	0.96	1.0	1.0	1.0	1.0	1.0	1.0	1.0	0.98
10250	0.98	1.0	1.0	1.0	1.0	0.98	0.92	0.98	1.0	1.0	1.0	1.0	1.0	1.0	1.0	0.98
10300	0.98	1.0	1.0	0.98	0.98	0.98	0.92	0.98	1.0	1.0	1.0	1.0	1.0	1.0	1.0	0.98
10350	0.96	1.0	1.0	0.98	0.98	0.98	0.92	0.98	1.0	1.0	1.0	1.0	1.0	1.0	1.0	0.98
10400	0.96	1.0	1.0	0.98	0.98	0.98	0.92	0.98	1.0	1.0	1.0	1.0	1.0	1.0	1.0	0.98
10450	0.96	1.0	1.0	0.98	0.98	0.98	0.94	0.98	1.0	0.98	1.0	1.0	1.0	1.0	1.0	1.0
10500	0.96	1.0	1.0	0.98	0.98	0.98	0.94	0.98	0.98	0.98	1.0	1.0	1.0	1.0	1.0	1.0
10550	0.96	0.98	1.0	0.98	0.98	0.98	0.94	0.98	0.98	0.98	1.0	1.0	1.0	1.0	1.0	1.0
10600	0.96	0.98	1.0	0.98	0.98	1.0	0.94	0.98	0.98	0.98	1.0	1.0	1.0	1.0	1.0	1.0
10650	0.96	0.98	1.0	0.98	0.98	1.0	0.94	0.98	0.98	0.98	1.0	1.0	1.0	1.0	1.0	1.0
10700	0.96	0.98	1.0	0.98	0.98	1.0	0.94	0.98	0.98	0.98	1.0	1.0	1.0	1.0	1.0	1.0
10750	0.96	0.98	1.0	0.98	0.98	1.0	0.94	0.98	0.98	0.98	1.0	1.0	1.0	1.0	1.0	1.0
10800	0.96	0.98	1.0	0.98	0.98	1.0	0.96	1.0	0.98	0.98	1.0	1.0	1.0	1.0	1.0	1.0
10850	0.96	0.98	1.0	0.98	0.98	1.0	0.96	1.0	0.98	0.98	1.0	1.0	1.0	1.0	1.0	0.98
10900	0.98	0.98	1.0	0.98	0.98	1.0	0.96	1.0	0.98	0.98	1.0	1.0	1.0	1.0	1.0	0.98
10950	0.98	0.98	1.0	0.98	0.98	1.0	0.96	1.0	0.98	0.98	1.0	1.0	1.0	1.0	1.0	0.98
11000	0.98	0.98	1.0	0.98	0.98	1.0	0.96	1.0	0.98	0.98	1.0	1.0	1.0	1.0	1.0	0.98
11050	0.98	0.98	1.0	0.98	0.98	1.0	0.98	1.0	0.98	0.98	1.0	1.0	1.0	1.0	0.98	0.98
11100	0.98	0.98	1.0	0.98	1.0	1.0	0.98	1.0	0.98	0.98	1.0	1.0	1.0	1.0	0.98	0.98
11150	0.98	0.98	1.0	1.0	1.0	1.0	0.98	1.0	0.98	0.98	1.0	1.0	1.0	1.0	0.98	0.98
11200	1.0	0.98	1.0	1.0	1.0	1.0	0.98	1.0	0.98	0.98	1.0	1.0	1.0	0.98	0.98	0.98
11250	1.0	1.0	1.0	1.0	1.0	1.0	0.98	1.0	0.98	0.98	1.0	1.0	1.0	0.98	0.98	0.98
11300	1.0	1.0	1.0	1.0	1.0	1.0	0.98	1.0	0.98	0.98	1.0	1.0	1.0	0.98	0.98	0.98
11350	1.0	1.0	1.0	1.0	0.98	1.0	0.98	1.0	0.98	0.98	1.0	1.0	1.0	0.98	0.98	0.98
11400	1.0	1.0	1.0	1.0	0.96	0.96	0.96	0.98	0.98	1.0	1.0	1.0	1.0	0.98	0.98	0.98
11450	1.0	1.0	1.0	1.0	0.96	0.96	0.96	0.98	1.0	1.0	1.0	0.98	1.0	0.98	0.98	0.98
11500	1.0	1.0	1.0	1.0	0.96	0.96	0.96	0.98	1.0	1.0	1.0	0.98	1.0	0.98	0.98	0.98
11550	1.0	1.0	1.0	1.0	0.96	0.96	0.96	0.98	1.0	1.0	1.0	0.98	1.0	0.98	0.98	0.98
11600	1.0	1.0	1.0	1.0	0.96	0.96	0.96	0.96	1.0	1.0	1.0	0.98	1.0	0.98	0.98	0.98
11650	1.0	1.0	1.0	1.0	0.96	0.96	0.96	0.96	1.0	1.0	1.0	0.98	1.0	0.98	0.96	1.0
11700	1.0	1.0	1.0	1.0	0.96	0.96	0.96	0.96	1.0	1.0	1.0	0.98	1.0	0.98	0.96	1.0
11750	1.0	1.0	1.0	1.0	0.96	0.96	0.96	0.96	1.0	1.0	1.0	0.98	1.0	0.98	0.98	1.0
11800	1.0	1.0	1.0	1.0	0.96	0.96	0.96	0.96	1.0	1.0	1.0	0.98	1.0	0.98	0.98	1.0
11850	1.0	1.0	1.0	1.0	0.96	0.96	0.96	0.96	1.0	1.0	0.98	0.98	1.0	0.98	0.98	1.0
11900	1.0	1.0	1.0	1.0	0.96	0.94	0.96	0.96	1.0	1.0	0.98	0.98	1.0	0.98	0.98	1.0
11950	1.0	1.0	1.0	1.0	0.96	0.94	0.98	0.96	1.0	1.0	0.98	0.96	1.0	1.0	0.98	1.0
12000	1.0	1.0	1.0	1.0	0.96	0.92	0.98	0.96	1.0	1.0	0.98	0.96	1.0	1.0	0.98	1.0
12050	1.0	1.0	1.0	1.0	0.96	0.92	0.98	0.96	0.98	1.0	0.98	0.96	1.0	0.98	0.98	1.0
12100	1.0	1.0	1.0	1.0	0.96	0.92	0.98	0.96	0.98	1.0	0.98	0.96	1.0	0.98	0.98	0.98
12150	1.0	1.0	1.0	1.0	0.96	0.9	0.96	0.96	0.98	1.0	0.98	0.96	1.0	0.98	0.98	0.98
12200	1.0	1.0	1.0	1.0	0.96	0.92	0.98	0.98	0.98	1.0	0.98	0.98	1.0	0.98	0.98	0.98
12250	1.0	1.0	1.0	1.0	0.96	0.92	0.98	0.98	0.98	1.0	0.98	0.98	0.98	0.98	0.98	0.98
12300	1.0	1.0	1.0	1.0	0.96	0.92	0.96	1.0	0.98	1.0	0.96	0.98	0.98	0.98	0.98	0.98
12350	1.0	1.0	1.0	1.0	0.98	0.92	0.96	1.0	0.98	1.0	0.96	0.98	0.98	0.98	0.98	0.98
12400	1.0	1.0	1.0	1.0	1.0	0.92	0.96	1.0	0.98	1.0	0.96	0.98	0.98	0.98	0.98	0.98
12450	1.0	1.0	1.0	1.0	1.0	0.92	0.96	1.0	0.98	1.0	0.96	0.98	0.98	0.98	0.98	0.98
12500	1.0	1.0	1.0	1.0	1.0	0.92	0.94	1.0	0.98	1.0	0.96	0.98	0.98	0.98	0.98	0.98
12550	1.0	1.0	1.0	1.0	1.0	0.92	0.94	1.0	0.98	1.0	0.96	0.98	0.98	0.98	1.0	0.98
12600	1.0	1.0	1.0	1.0	1.0	0.94	0.94	1.0	0.98	1.0	0.96	0.98	0.98	0.98	1.0	0.98
12650	1.0	1.0	1.0	1.0	1.0	0.94	0.94	1.0	0.98	1.0	0.96	0.98	0.98	0.98	1.0	0.98
12700	1.0	1.0	1.0	1.0	1.0	0.94	0.94	1.0	0.98	1.0	0.98	0.98	0.98	0.98	1.0	0.98
12750	1.0	1.0	1.0	1.0	1.0	0.96	0.94	1.0	0.98	1.0	0.98	0.98	0.98	0.98	1.0	0.98
12800	1.0	1.0	1.0	1.0	1.0	1.0	0.94	1.0	1.0	1.0	0.98	0.98	0.98	0.98	1.0	0.98
12850	1.0	1.0	1.0	1.0	1.0	1.0	0.94	0.98	1.0	1.0	0.98	1.0	0.98	1.0	1.0	0.98
12900	1.0	1.0	1.0	1.0	1.0	1.0	0.96	0.98	1.0	1.0	0.98	1.0	0.98	1.0	1.0	0.98
12950	1.0	1.0	1.0	1.0	1.0	1.0	0.96	0.96	1.0	1.0	0.98	1.0	0.98	1.0	1.0	1.0
13000	1.0	1.0	1.0	1.0	1.0	1.0	0.98	0.96	1.0	1.0	0.98	1.0	0.98	1.0	1.0	1.0
13050	1.0	1.0	1.0	1.0	1.0	1.0	0.98	0.96	1.0	1.0	1.0	1.0	1.0	0.98	1.0	1.0
13100	1.0	1.0	1.0	1.0	1.0	1.0	0.98	0.96	1.0	1.0	1.0	1.0	1.0	0.98	1.0	1.0
13150	0.98	1.0	1.0	1.0	1.0	1.0	1.0	0.96	1.0	1.0	1.0	1.0	1.0	0.98	1.0	1.0
13200	0.98	1.0	1.0	1.0	1.0	0.98	1.0	0.96	0.98	1.0	1.0	1.0	1.0	0.98	1.0	1.0
13250	0.96	1.0	1.0	1.0	1.0	0.98	1.0	0.96	0.98	1.0	1.0	1.0	1.0	0.98	1.0	1.0
13300	0.96	1.0	1.0	1.0	0.98	0.98	1.0	0.96	0.98	1.0	1.0	0.98	1.0	0.98	0.98	0.98
13350	0.96	1.0	1.0	1.0	0.98	0.96	1.0	0.96	0.98	1.0	1.0	0.98	1.0	0.98	0.98	0.98
13400	0.96	1.0	0.98	1.0	0.98	0.96	0.98	0.96	0.98	1.0	1.0	0.98	1.0	0.98	0.98	0.98
13450	0.96	1.0	0.96	1.0	0.98	0.96	0.98	0.96	0.98	1.0	1.0	0.98	1.0	0.98	0.98	0.98
13500	0.96	1.0	0.96	1.0	0.98	0.96	0.98	0.96	0.98	1.0	1.0	0.98	1.0	0.98	0.98	0.98
13550	0.96	1.0	0.96	1.0	0.98	0.96	0.98	0.96	0.98	1.0	1.0	0.98	1.0	0.98	0.98	0.98
13600	0.96	1.0	0.96	1.0	0.98	0.94	0.98	0.96	0.98	1.0	1.0	0.98	1.0	0.98	0.98	0.98
13650	0.96	1.0	0.96	1.0	0.98	0.94	0.98	0.96	0.98	1.0	1.0	0.98	1.0	0.98	0.98	0.98
13700	0.96	1.0	0.96	1.0	0.98	0.94	0.98	0.96	0.98	1.0	1.0	0.98	1.0	1.0	0.98	0.98
13750	0.96	1.0	0.96	1.0	0.98	0.94	0.98	0.96	0.98	1.0	1.0	0.98	1.0	1.0	0.98	0.98
13800	0.96	1.0	0.96	1.0	0.98	0.94	0.98	0.96	0.98	1.0	1.0	0.98	1.0	1.0	0.98	0.98
13850	0.96	1.0	0.96	1.0	0.98	0.94	0.98	0.94	0.98	1.0	1.0	0.98	1.0	1.0	0.98	0.98
13900	0.96	1.0	0.96	1.0	0.98	0.94	0.98	0.96	0.98	1.0	1.0	0.98	1.0	1.0	0.98	0.98
13950	0.94	1.0	0.94	1.0	0.98	0.92	0.96	0.94	0.98	1.0	1.0	0.96	1.0	1.0	0.98	0.98
14000	0.96	1.0	0.94	1.0	1.0	0.92	0.96	0.94	0.98	1.0	1.0	0.96	1.0	1.0	0.98	0.98
14050	0.96	1.0	0.94	1.0	1.0	0.92	0.96	0.94	0.98	1.0	1.0	0.96	1.0	1.0	1.0	0.98
14100	0.96	1.0	0.94	1.0	1.0	0.92	0.98	0.94	1.0	1.0	1.0	0.96	1.0	1.0	1.0	0.98
14150	0.98	1.0	0.94	1.0	1.0	0.94	0.98	0.92	1.0	1.0	1.0	0.96	1.0	1.0	1.0	0.98
14200	0.98	1.0	0.94	1.0	1.0	0.94	0.98	0.92	1.0	1.0	1.0	0.96	1.0	1.0	1.0	1.0
14250	0.98	1.0	0.92	1.0	1.0	0.94	0.98	0.92	1.0	1.0	1.0	0.98	1.0	0.98	0.98	1.0
14300	0.98	0.98	0.92	1.0	1.0	0.94	0.98	0.9	1.0	1.0	1.0	0.98	1.0	0.98	0.98	0.98
14350	0.98	0.98	0.92	1.0	1.0	0.96	0.98	0.9	1.0	1.0	1.0	0.98	1.0	0.98	0.98	0.98
14400	0.98	0.98	0.92	1.0	1.0	0.94	0.98	0.9	1.0	1.0	1.0	0.98	1.0	0.98	0.98	0.98
14450	0.98	0.98	0.92	1.0	1.0	0.94	0.98	0.9	1.0	1.0	1.0	0.98	1.0	0.98	0.98	0.98
14500	0.98	0.98	0.92	1.0	1.0	0.94	0.98	0.92	1.0	1.0	1.0	0.98	1.0	0.98	0.98	0.98
14550	0.98	0.98	0.92	1.0	1.0	0.92	0.98	0.94	1.0	1.0	1.0	0.98	1.0	0.98	0.98	0.98
14600	0.98	0.98	0.92	1.0	1.0	0.94	0.98	0.94	1.0	1.0	1.0	0.98	1.0	0.98	0.98	0.98
14650	0.98	0.98	0.94	1.0	1.0	0.94	0.98	0.94	1.0	1.0	1.0	0.98	1.0	0.98	0.98	0.98
14700	0.98	0.98	0.94	1.0	1.0	0.94	0.98	0.94	1.0	1.0	1.0	0.98	1.0	0.98	0.98	0.98
14750	1.0	0.98	0.94	1.0	1.0	0.92	0.98	0.94	1.0	1.0	1.0	0.98	1.0	0.96	0.98	0.98
14800	1.0	0.98	0.94	1.0	1.0	0.92	1.0	0.96	1.0	1.0	1.0	0.98	1.0	0.96	0.98	0.98
14850	1.0	0.98	0.94	1.0	1.0	0.92	1.0	0.98	1.0	1.0	1.0	1.0	1.0	0.96	0.98	0.98
14900	1.0	1.0	0.98	1.0	1.0	0.92	1.0	0.98	1.0	1.0	1.0	1.0	1.0	0.96	0.98	0.98
14950	1.0	1.0	1.0	1.0	1.0	0.92	1.0	1.0	1.0	1.0	1.0	1.0	1.0	0.96	0.98	0.98
15000	1.0	1.0	1.0	1.0	1.0	0.94	1.0	0.98	1.0	1.0	1.0	1.0	1.0	0.96	1.0	0.98
15050	1.0	1.0	1.0	1.0	1.0	0.94	1.0	0.98	1.0	1.0	1.0	1.0	1.0	0.96	1.0	0.98
15100	1.0	1.0	1.0	1.0	1.0	0.94	1.0	0.98	1.0	1.0	1.0	1.0	1.0	0.98	1.0	0.98
15150	1.0	1.0	1.0	1.0	1.0	0.94	1.0	0.96	1.0	1.0	1.0	1.0	1.0	0.98	1.0	1.0
15200	1.0	1.0	1.0	1.0	1.0	0.94	1.0	0.96	1.0	1.0	1.0	1.0	1.0	0.98	0.98	1.0
15250	1.0	1.0	1.0	1.0	1.0	0.94	1.0	0.94	1.0	1.0	1.0	1.0	1.0	0.98	0.98	1.0
15300	1.0	1.0	1.0	1.0	1.0	0.92	1.0	0.94	1.0	1.0	1.0	1.0	1.0	0.98	0.98	1.0
15350	1.0	1.0	1.0	1.0	1.0	0.94	1.0	0.94	1.0	1.0	1.0	1.0	1.0	0.98	0.98	1.0
15400	1.0	1.0	1.0	1.0	1.0	0.94	1.0	0.94	1.0	1.0	1.0	1.0	1.0	0.98	0.98	1.0
15450	0.96	1.0	1.0	1.0	1.0	0.94	1.0	0.94	1.0	1.0	1.0	1.0	1.0	0.98	0.98	1.0
15500	0.96	1.0	1.0	1.0	1.0	0.94	1.0	0.94	1.0	1.0	0.98	1.0	1.0	0.96	0.98	1.0
15550	0.96	1.0	1.0	1.0	1.0	0.94	1.0	0.94	1.0	1.0	0.98	1.0	1.0	0.96	0.98	1.0
15600	0.94	1.0	1.0	1.0	1.0	0.94	1.0	0.94	1.0	1.0	0.98	1.0	1.0	0.96	0.98	1.0
15650	0.94	1.0	1.0	1.0	1.0	0.94	1.0	0.94	1.0	1.0	0.98	1.0	1.0	0.96	0.98	1.0
15700	0.94	1.0	1.0	1.0	1.0	0.94	1.0	0.92	1.0	1.0	0.98	1.0	1.0	0.96	0.98	1.0
15750	0.94	1.0	1.0	1.0	1.0	0.94	1.0	0.92	1.0	1.0	0.98	1.0	1.0	0.98	0.98	1.0
15800	0.94	1.0	1.0	1.0	1.0	0.94	1.0	0.94	1.0	1.0	0.98	1.0	1.0	0.98	0.98	1.0
15850	0.94	1.0	1.0	1.0	1.0	0.94	1.0	0.94	1.0	1.0	0.98	1.0	1.0	0.98	0.98	1.0
15900	0.94	1.0	1.0	1.0	1.0	0.94	1.0	0.94	1.0	1.0	0.98	1.0	1.0	0.98	0.98	1.0
15950	0.94	1.0	1.0	1.0	1.0	0.94	1.0	0.94	1.0	1.0	0.98	1.0	1.0	0.98	1.0	1.0
16000	0.94	1.0	1.0	1.0	1.0	0.92	1.0	0.94	1.0	1.0	0.98	1.0	1.0	0.98	1.0	1.0
16050	0.94	1.0	1.0	1.0	1.0	0.94	1.0	0.94	1.0	1.0	0.98	1.0	1.0	0.98	1.0	1.0
16100	0.94	1.0	1.0	1.0	1.0	0.94	1.0	0.94	1.0	1.0	0.98	1.0	1.0	0.98	1.0	1.0
16150	0.94	1.0	1.0	1.0	1.0	0.94	1.0	0.96	1.0	1.0	0.98	1.0	1.0	0.98	1.0	1.0
16200	0.94	1.0	1.0	1.0	1.0	0.94	1.0	0.96	1.0	1.0	0.98	1.0	1.0	0.98	1.0	1.0
16250	0.96	1.0	1.0	1.0	1.0	0.94	1.0	0.96	1.0	1.0	0.98	1.0	1.0	0.98	1.0	0.98
16300	0.96	1.0	1.0	1.0	1.0	0.94	1.0	0.96	1.0	0.98	0.98	1.0	1.0	0.98	1.0	0.98
16350	0.96	1.0	1.0	1.0	1.0	0.94	1.0	0.94	0.98	0.98	1.0	1.0	1.0	0.98	1.0	0.98
16400	0.96	1.0	1.0	1.0	1.0	0.92	1.0	0.94	0.98	0.96	1.0	1.0	1.0	0.98	1.0	0.98
16450	0.96	1.0	1.0	1.0	1.0	0.92	1.0	0.94	0.98	0.96	1.0	1.0	0.98	1.0	1.0	0.98
16500	0.96	1.0	1.0	1.0	0.98	0.92	0.98	0.94	0.98	0.96	1.0	1.0	0.98	1.0	1.0	0.98
16550	0.96	1.0	1.0	1.0	0.98	0.92	0.98	0.94	0.98	0.96	1.0	1.0	0.98	1.0	1.0	0.98
16600	0.96	1.0	1.0	1.0	0.98	0.92	0.98	0.92	0.98	0.96	1.0	1.0	0.98	1.0	1.0	0.98
16650	0.96	1.0	1.0	1.0	0.98	0.92	0.98	0.9	0.98	0.96	1.0	1.0	0.98	1.0	1.0	0.98
16700	0.96	1.0	1.0	1.0	0.98	0.94	0.96	0.92	0.98	0.96	1.0	1.0	0.98	1.0	1.0	0.98
16750	0.96	1.0	1.0	1.0	0.98	0.94	0.96	0.92	0.98	0.96	1.0	1.0	0.98	1.0	1.0	0.98
16800	0.96	1.0	1.0	1.0	0.98	0.94	0.96	0.92	0.98	0.96	1.0	1.0	0.98	1.0	1.0	0.98
16850	0.96	1.0	1.0	1.0	0.98	0.94	0.96	0.92	0.98	0.96	1.0	1.0	0.98	1.0	1.0	0.98
16900	0.96	1.0	1.0	1.0	0.98	0.94	0.96	0.92	0.98	0.98	1.0	1.0	0.96	1.0	1.0	0.96
16950	0.96	1.0	1.0	1.0	0.98	0.94	0.96	0.9	0.98	0.98	1.0	1.0	0.96	0.98	1.0	0.98
17000	0.96	1.0	1.0	1.0	0.98	0.94	0.96	0.9	0.98	1.0	1.0	1.0	0.96	0.98	1.0	0.98
17050	0.94	1.0	1.0	1.0	0.98	0.94	0.96	0.9	0.98	1.0	1.0	1.0	0.96	0.98	1.0	0.98
17100	0.94	1.0	1.0	1.0	0.98	0.9	0.96	0.9	0.98	1.0	1.0	1.0	0.96	0.98	1.0	0.98
17150	0.96	1.0	1.0	1.0	0.98	0.9	0.96	0.88	0.98	1.0	1.0	1.0	0.96	0.98	1.0	0.98
17200	0.98	1.0	1.0	1.0	0.98	0.86	0.96	0.9	1.0	0.98	1.0	1.0	0.98	0.96	1.0	0.98
17250	0.98	1.0	1.0	1.0	0.98	0.88	0.96	0.9	1.0	0.98	1.0	1.0	0.98	0.96	1.0	0.96
17300	0.98	1.0	1.0	1.0	1.0	0.88	0.98	0.88	1.0	0.98	1.0	1.0	0.98	0.96	1.0	0.96
17350	0.98	1.0	1.0	1.0	1.0	0.86	0.98	0.9	1.0	0.98	1.0	1.0	0.98	0.96	1.0	0.96
17400	0.98	1.0	1.0	1.0	1.0	0.86	0.98	0.9	1.0	0.98	1.0	1.0	0.98	0.96	1.0	0.96
17450	0.98	1.0	1.0	1.0	1.0	0.82	0.98	0.92	1.0	0.96	1.0	1.0	0.98	0.96	1.0	0.96
17500	0.98	1.0	1.0	1.0	1.0	0.82	1.0	0.9	1.0	0.96	1.0	1.0	0.98	0.96	1.0	0.96
17550	0.98	1.0	1.0	1.0	1.0	0.84	1.0	0.88	1.0	0.96	1.0	1.0	0.98	0.96	1.0	0.96
17600	0.98	1.0	1.0	1.0	1.0	0.84	1.0	0.88	1.0	0.96	1.0	1.0	0.98	0.96	1.0	0.96
17650	0.98	1.0	1.0	1.0	1.0	0.82	1.0	0.9	1.0	0.96	1.0	1.0	1.0	0.98	1.0	0.96
17700	0.98	1.0	1.0	1.0	1.0	0.82	1.0	0.9	1.0	0.96	1.0	1.0	1.0	0.98	1.0	0.96
17750	0.98	1.0	1.0	1.0	1.0	0.84	1.0	0.9	1.0	0.96	1.0	1.0	1.0	0.98	1.0	0.98
17800	1.0	1.0	1.0	1.0	1.0	0.88	1.0	0.9	1.0	0.98	1.0	1.0	1.0	0.98	1.0	0.98
17850	1.0	1.0	1.0	1.0	1.0	0.86	1.0	0.9	1.0	0.98	1.0	1.0	1.0	0.98	1.0	0.98
17900	1.0	1.0	1.0	1.0	0.98	0.86	0.98	0.92	1.0	0.96	1.0	1.0	1.0	0.98	1.0	0.98
17950	1.0	1.0	1.0	1.0	0.98	0.88	0.98	0.92	1.0	0.96	1.0	0.98	1.0	0.96	1.0	0.96
18000	1.0	1.0	1.0	1.0	0.98	0.88	0.98	0.94	1.0	0.96	1.0	0.98	1.0	0.96	1.0	0.96
18050	1.0	1.0	1.0	1.0	0.98	0.86	0.98	0.94	1.0	0.98	1.0	0.98	1.0	0.98	1.0	0.96
18100	0.98	1.0	1.0	1.0	0.98	0.88	0.98	0.96	1.0	0.98	1.0	0.98	1.0	0.98	1.0	0.98
18150	0.98	1.0	1.0	1.0	0.98	0.88	0.98	0.96	1.0	0.98	1.0	0.98	1.0	0.98	1.0	0.96
18200	0.98	1.0	1.0	1.0	0.96	0.88	0.98	0.98	1.0	0.98	1.0	0.98	1.0	0.98	1.0	0.96
18250	0.98	1.0	1.0	1.0	0.96	0.92	0.98	1.0	1.0	0.98	1.0	0.98	1.0	0.98	1.0	0.96
18300	0.98	1.0	1.0	1.0	0.94	0.9	0.98	1.0	1.0	0.98	1.0	0.98	1.0	0.98	1.0	0.96
18350	0.98	1.0	1.0	1.0	0.94	0.9	0.98	1.0	1.0	0.98	1.0	0.98	1.0	0.98	1.0	0.96
18400	0.98	1.0	1.0	1.0	0.94	0.9	0.98	1.0	1.0	0.98	1.0	0.98	1.0	0.98	1.0	0.96
18450	0.98	1.0	1.0	1.0	0.94	0.9	0.98	1.0	1.0	0.98	1.0	0.98	1.0	0.98	1.0	0.96
18500	0.98	1.0	1.0	1.0	0.94	0.9	0.98	1.0	1.0	0.98	1.0	0.98	1.0	0.98	1.0	0.96
18550	0.98	1.0	1.0	1.0	0.94	0.92	0.98	0.98	1.0	0.98	1.0	0.98	1.0	0.98	1.0	0.96
18600	0.98	1.0	1.0	1.0	0.94	0.92	0.98	0.98	1.0	0.98	1.0	0.98	1.0	0.98	1.0	0.96
18650	0.98	1.0	1.0	1.0	0.96	0.92	0.98	0.96	1.0	1.0	1.0	1.0	1.0	0.98	1.0	0.94
18700	0.98	1.0	1.0	1.0	0.96	0.92	0.98	0.96	1.0	1.0	0.98	1.0	1.0	0.98	1.0	0.96
18750	0.98	1.0	1.0	1.0	0.96	0.94	0.98	0.96	1.0	1.0	0.98	1.0	0.98	1.0	1.0	0.96
18800	1.0	1.0	1.0	1.0	0.96	0.96	0.96	0.94	1.0	1.0	0.98	1.0	0.98	1.0	1.0	0.96
18850	1.0	1.0	1.0	1.0	0.96	0.96	0.96	0.94	1.0	1.0	0.98	1.0	0.98	1.0	0.98	0.98
18900	1.0	1.0	1.0	1.0	0.96	0.98	0.98	0.92	1.0	1.0	0.98	0.98	0.98	1.0	0.98	0.98
18950	1.0	1.0	1.0	1.0	0.96	0.98	0.98	0.92	1.0	1.0	0.96	0.98	0.98	1.0	0.98	0.98
19000	1.0	1.0	1.0	1.0	0.96	0.96	0.98	0.92	1.0	1.0	0.96	0.98	0.98	1.0	0.96	0.98
19050	1.0	1.0	1.0	1.0	0.98	0.94	0.98	0.92	1.0	1.0	0.96	0.98	0.98	1.0	0.96	0.98
19100	1.0	1.0	1.0	1.0	0.98	0.94	0.98	0.92	1.0	1.0	0.96	0.98	0.98	1.0	0.96	0.98
19150	1.0	1.0	1.0	1.0	1.0	0.94	0.98	0.9	1.0	1.0	0.96	0.98	0.98	1.0	0.96	0.98
19200	1.0	1.0	1.0	1.0	1.0	0.94	0.98	0.9	1.0	1.0	0.96	0.98	0.98	1.0	0.96	0.96
19250	1.0	1.0	1.0	1.0	1.0	0.94	0.98	0.92	1.0	1.0	0.96	0.98	0.98	1.0	0.96	0.96
19300	1.0	1.0	1.0	1.0	1.0	0.94	0.98	0.92	1.0	1.0	0.96	0.98	0.98	1.0	0.96	0.96
19350	1.0	1.0	1.0	1.0	1.0	0.94	0.96	0.9	1.0	1.0	0.96	0.98	0.98	1.0	0.96	0.96
19400	1.0	1.0	1.0	1.0	1.0	0.92	0.96	0.9	1.0	1.0	0.96	0.98	0.96	1.0	0.96	0.98
19450	1.0	1.0	1.0	1.0	1.0	0.9	0.96	0.88	1.0	1.0	0.96	0.98	0.96	1.0	0.96	0.98
19500	1.0	1.0	1.0	1.0	1.0	0.88	0.96	0.9	1.0	1.0	0.98	0.98	0.98	1.0	0.96	0.98
19550	1.0	1.0	1.0	1.0	1.0	0.88	0.96	0.9	1.0	1.0	0.98	0.98	0.98	1.0	0.96	0.96
19600	1.0	1.0	1.0	1.0	1.0	0.88	0.96	0.92	1.0	1.0	0.98	0.98	0.98	1.0	0.96	0.96
19650	1.0	1.0	1.0	1.0	1.0	0.88	0.96	0.9	1.0	1.0	0.98	0.98	0.98	1.0	0.96	0.96
19700	1.0	1.0	1.0	1.0	1.0	0.86	0.96	0.9	0.98	1.0	0.98	0.98	0.98	1.0	0.96	0.96
19750	1.0	0.98	1.0	1.0	1.0	0.8	0.96	0.88	0.98	1.0	0.98	0.98	0.98	1.0	0.96	0.96
19800	1.0	0.98	1.0	1.0	1.0	0.8	0.96	0.86	0.98	1.0	0.98	0.98	0.98	1.0	0.96	0.96
19850	1.0	0.98	1.0	1.0	1.0	0.8	0.98	0.88	0.98	1.0	1.0	0.98	0.98	1.0	0.98	0.96
19900	1.0	0.98	1.0	1.0	1.0	0.78	0.98	0.88	0.98	1.0	1.0	0.98	0.98	1.0	1.0	0.96
19950	1.0	0.98	1.0	1.0	1.0	0.8	0.98	0.88	0.98	1.0	1.0	1.0	0.98	1.0	1.0	0.98
20000	1.0	0.98	1.0	1.0	1.0	0.82	0.98	0.9	0.98	1.0	1.0	1.0	0.98	1.0	1.0	0.98
