0	0.0	0.0	0.0	0.0	0.0	0.0	0.0	0.0	0.0	0.0	0.0	0.0	0.0	0.0	0.0	0.0
50	0.25	0.166666666667	0.25	0.25	0.166666666667	0.0	0.0	0.0	0.0	0.0	0.0	0.25	0.0	0.0	0.0	0.0
100	0.166666666667	0.285714285714	0.416666666667	0.416666666667	0.5	0.0	0.545454545455	0.0	0.166666666667	0.2	0.0	0.3	0.285714285714	0.0	0.272727272727	0.4
150	0.5	0.583333333333	0.533333333333	0.5	0.571428571429	0.5	0.666666666667	0.444444444444	0.583333333333	0.4	0.142857142857	0.578947368421	0.615384615385	0.6	0.444444444444	0.454545454545
200	0.631578947368	0.722222222222	0.619047619048	0.65	0.684210526316	0.538461538462	0.722222222222	0.307692307692	0.6875	0.6	0.454545454545	0.653846153846	0.7	0.722222222222	0.583333333333	0.6
250	0.730769230769	0.75	0.68	0.708333333333	0.76	0.529411764706	0.727272727273	0.470588235294	0.727272727273	0.625	0.538461538462	0.727272727273	0.76	0.75	0.666666666667	0.739130434783
300	0.78125	0.769230769231	0.733333333333	0.758620689655	0.785714285714	0.652173913043	0.769230769231	0.473684210526	0.777777777778	0.619047619048	0.666666666667	0.75	0.806451612903	0.708333333333	0.666666666667	0.769230769231
350	0.810810810811	0.8125	0.777777777778	0.771428571429	0.818181818182	0.666666666667	0.794117647059	0.47619047619	0.806451612903	0.68	0.769230769231	0.791666666667	0.828571428571	0.740740740741	0.6875	0.823529411765
400	0.825	0.833333333333	0.809523809524	0.783783783784	0.828571428571	0.771428571429	0.815789473684	0.620689655172	0.833333333333	0.733333333333	0.793103448276	0.84	0.846153846154	0.709677419355	0.75	0.833333333333
450	0.840909090909	0.85	0.836734693878	0.809523809524	0.842105263158	0.794871794872	0.840909090909	0.666666666667	0.85	0.742857142857	0.8125	0.88	0.872340425532	0.763157894737	0.777777777778	0.833333333333
500	0.836734693878	0.869565217391	0.84	0.826086956522	0.853658536585	0.794871794872	0.86	0.694444444444	0.9	0.790697674419	0.833333333333	0.94	0.88	0.785714285714	0.791666666667	0.853658536585
550	0.86	0.875	0.92	0.84	0.844444444444	0.813953488372	0.96	0.717948717949	0.96	0.804347826087	0.846153846154	0.96	0.98	0.8	0.8	0.863636363636
600	0.9	0.96	0.94	0.88	0.857142857143	0.829787234043	0.96	0.744186046512	0.96	0.88	0.860465116279	0.98	0.98	0.804347826087	0.9	0.877551020408
650	0.94	0.98	0.98	0.88	0.94	0.84	0.96	0.765957446809	0.98	0.92	0.875	0.98	0.98	0.84	0.94	0.96
700	0.96	0.96	1.0	0.92	0.96	0.94	0.96	0.82	0.98	0.94	0.96	0.98	0.98	0.9	0.96	1.0
750	0.96	0.96	1.0	0.96	0.98	0.94	0.96	0.86	0.98	0.94	1.0	0.96	0.98	0.92	0.98	1.0
800	0.98	0.96	1.0	0.96	0.98	0.96	0.96	0.88	0.98	0.94	1.0	0.96	1.0	0.92	1.0	1.0
850	0.98	0.94	1.0	0.96	0.98	0.98	0.96	0.92	0.98	0.98	1.0	0.98	0.98	0.92	1.0	0.98
900	0.98	0.94	1.0	0.96	0.98	0.98	0.96	0.96	0.98	0.98	1.0	0.96	0.96	0.92	1.0	0.96
950	0.98	0.94	1.0	0.98	0.98	0.98	0.96	1.0	1.0	0.98	0.98	0.96	0.94	0.94	1.0	0.96
1000	0.98	0.92	1.0	0.98	0.98	0.98	0.96	1.0	0.98	0.98	0.96	0.96	0.94	0.96	1.0	0.94
1050	0.98	0.9	1.0	0.98	0.98	0.98	0.96	1.0	0.98	0.98	0.94	0.94	0.92	0.96	1.0	0.94
1100	1.0	0.9	1.0	0.98	0.98	0.98	0.96	1.0	0.98	0.98	0.94	0.94	0.92	0.98	1.0	0.94
1150	1.0	0.9	1.0	1.0	0.98	0.98	0.96	1.0	0.98	0.98	0.94	0.94	0.9	0.98	1.0	0.9
1200	1.0	0.9	1.0	1.0	1.0	0.98	0.96	1.0	0.94	0.98	0.94	0.94	0.88	1.0	1.0	0.9
1250	1.0	0.9	1.0	1.0	1.0	0.98	0.96	1.0	0.94	0.98	0.94	0.94	0.88	1.0	1.0	0.9
1300	1.0	0.9	1.0	1.0	1.0	0.98	0.96	1.0	0.94	0.94	0.94	0.94	0.88	0.98	1.0	0.9
1350	1.0	0.92	1.0	1.0	1.0	0.98	0.96	1.0	0.92	0.92	0.94	0.94	0.88	0.98	1.0	0.9
1400	1.0	0.92	1.0	1.0	1.0	0.98	0.96	1.0	0.92	0.9	0.92	0.94	0.88	0.98	1.0	0.88
1450	1.0	0.94	1.0	1.0	1.0	0.98	0.96	1.0	0.92	0.9	0.92	0.94	0.92	0.94	1.0	0.88
1500	1.0	0.96	1.0	1.0	1.0	0.98	0.96	1.0	0.92	0.9	0.96	0.94	0.94	0.94	1.0	0.88
1550	1.0	0.96	1.0	1.0	1.0	0.98	0.96	1.0	0.94	0.9	0.96	0.94	0.96	0.9	1.0	0.9
1600	1.0	0.96	1.0	1.0	1.0	1.0	1.0	1.0	0.94	0.92	0.98	0.94	0.96	0.9	1.0	0.9
1650	1.0	0.96	1.0	1.0	1.0	1.0	1.0	1.0	0.94	0.92	0.98	0.94	0.96	0.9	1.0	0.92
1700	0.98	0.96	1.0	1.0	1.0	1.0	1.0	1.0	0.94	0.92	0.98	0.96	0.96	0.9	1.0	0.92
1750	0.98	1.0	1.0	1.0	1.0	1.0	1.0	1.0	0.94	0.92	0.98	0.98	1.0	0.88	1.0	0.94
1800	0.98	1.0	1.0	1.0	1.0	1.0	1.0	1.0	0.96	0.92	0.98	0.98	1.0	0.88	1.0	0.94
1850	0.98	1.0	1.0	1.0	1.0	1.0	1.0	1.0	0.94	0.92	0.98	0.98	1.0	0.88	1.0	0.96
1900	0.98	1.0	1.0	1.0	1.0	1.0	1.0	1.0	0.94	0.92	0.98	0.98	1.0	0.88	1.0	0.96
1950	0.98	1.0	1.0	1.0	1.0	1.0	0.98	1.0	0.94	0.92	1.0	0.96	1.0	0.88	1.0	0.96
2000	0.98	1.0	1.0	1.0	1.0	1.0	0.98	1.0	0.96	0.96	1.0	0.94	1.0	0.88	1.0	0.98
2050	0.98	1.0	1.0	0.98	1.0	0.98	0.98	1.0	0.96	0.98	1.0	0.94	1.0	0.9	1.0	0.98
2100	0.98	1.0	1.0	0.98	0.96	0.98	0.98	1.0	0.96	0.98	1.0	0.94	1.0	0.9	1.0	0.98
2150	0.98	1.0	1.0	0.96	0.96	0.98	0.98	1.0	0.96	1.0	1.0	0.94	1.0	0.92	1.0	0.98
2200	0.98	1.0	1.0	0.96	0.92	0.98	0.98	1.0	0.96	1.0	1.0	0.94	1.0	0.94	1.0	0.98
2250	0.98	1.0	1.0	0.96	0.92	0.98	0.98	1.0	0.96	1.0	1.0	0.94	1.0	0.96	1.0	0.98
2300	0.98	1.0	1.0	0.96	0.9	0.98	0.98	1.0	0.96	1.0	1.0	0.94	1.0	0.96	1.0	0.98
2350	0.98	1.0	1.0	0.96	0.9	0.98	0.98	1.0	0.96	1.0	1.0	0.94	1.0	0.96	1.0	0.98
2400	1.0	1.0	1.0	0.96	0.88	0.98	0.98	1.0	0.96	1.0	1.0	0.94	1.0	0.98	1.0	0.98
2450	1.0	1.0	1.0	0.96	0.88	0.98	0.98	1.0	0.96	1.0	1.0	0.96	1.0	0.98	1.0	0.98
2500	1.0	1.0	1.0	0.96	0.88	0.96	0.98	1.0	0.96	1.0	1.0	0.94	1.0	1.0	1.0	0.98
2550	1.0	1.0	1.0	0.96	0.88	0.96	0.98	1.0	0.96	1.0	1.0	0.94	1.0	1.0	1.0	0.98
2600	1.0	1.0	1.0	0.94	0.88	0.96	0.98	1.0	0.98	1.0	1.0	0.96	1.0	1.0	1.0	1.0
2650	1.0	1.0	1.0	0.92	0.88	0.98	1.0	1.0	1.0	1.0	1.0	0.96	1.0	1.0	0.98	1.0
2700	1.0	1.0	1.0	0.94	0.88	0.98	1.0	1.0	1.0	1.0	1.0	0.96	1.0	1.0	0.96	1.0
2750	1.0	1.0	1.0	0.94	0.84	0.96	1.0	1.0	1.0	1.0	1.0	0.96	1.0	1.0	0.96	1.0
2800	1.0	1.0	1.0	0.92	0.84	0.96	1.0	1.0	1.0	1.0	1.0	0.96	0.98	1.0	0.94	1.0
2850	1.0	1.0	1.0	0.94	0.84	0.92	1.0	1.0	1.0	1.0	1.0	0.96	0.96	1.0	0.94	1.0
2900	1.0	1.0	1.0	0.94	0.88	0.92	1.0	1.0	1.0	1.0	1.0	0.96	0.96	1.0	0.94	1.0
2950	1.0	1.0	1.0	0.94	0.9	0.92	1.0	1.0	1.0	1.0	1.0	0.96	0.96	1.0	0.92	1.0
3000	1.0	1.0	1.0	0.94	0.9	0.92	1.0	1.0	1.0	1.0	1.0	0.96	0.94	1.0	0.92	1.0
3050	1.0	1.0	1.0	0.94	0.92	0.92	1.0	1.0	1.0	1.0	1.0	0.96	0.94	1.0	0.92	1.0
3100	1.0	1.0	1.0	0.94	0.94	0.92	1.0	1.0	1.0	1.0	1.0	0.96	0.92	1.0	0.92	1.0
3150	1.0	1.0	1.0	0.94	0.92	0.92	1.0	1.0	1.0	1.0	1.0	0.98	0.9	1.0	0.92	1.0
3200	1.0	1.0	1.0	0.94	0.92	0.92	1.0	1.0	1.0	1.0	1.0	0.98	0.9	1.0	0.92	1.0
3250	1.0	1.0	1.0	0.94	0.92	0.94	1.0	1.0	1.0	1.0	1.0	1.0	0.9	1.0	0.92	1.0
3300	1.0	1.0	1.0	0.96	0.92	0.94	1.0	1.0	1.0	1.0	1.0	1.0	0.9	1.0	0.92	1.0
3350	1.0	1.0	1.0	0.96	0.92	0.94	1.0	1.0	1.0	1.0	1.0	1.0	0.9	1.0	0.94	1.0
3400	1.0	1.0	1.0	0.98	0.94	0.94	1.0	1.0	1.0	1.0	1.0	1.0	0.92	1.0	0.94	1.0
3450	0.98	1.0	0.98	0.98	0.96	0.94	1.0	1.0	1.0	1.0	1.0	1.0	0.92	1.0	0.96	1.0
3500	0.98	1.0	0.98	0.98	0.96	0.94	1.0	1.0	1.0	1.0	1.0	1.0	0.92	1.0	0.98	1.0
3550	0.98	1.0	0.98	0.98	0.96	0.96	1.0	1.0	1.0	1.0	1.0	1.0	0.94	1.0	0.98	1.0
3600	0.98	1.0	0.98	0.98	0.96	0.98	1.0	1.0	1.0	1.0	1.0	1.0	0.94	1.0	0.98	1.0
3650	0.98	1.0	0.96	0.98	0.96	0.98	1.0	1.0	1.0	1.0	1.0	1.0	0.94	1.0	1.0	1.0
3700	0.96	1.0	0.96	0.98	0.96	0.98	1.0	1.0	1.0	1.0	1.0	1.0	0.94	1.0	1.0	1.0
3750	0.96	1.0	0.96	0.98	0.98	0.96	1.0	1.0	1.0	1.0	1.0	1.0	0.96	1.0	1.0	1.0
3800	0.94	1.0	0.96	0.98	0.98	0.94	1.0	1.0	1.0	1.0	1.0	0.98	0.96	1.0	1.0	1.0
3850	0.94	1.0	0.96	0.98	0.98	0.94	1.0	1.0	1.0	1.0	1.0	0.98	0.98	1.0	1.0	1.0
3900	0.94	1.0	0.96	1.0	1.0	0.94	0.98	1.0	1.0	1.0	1.0	0.98	0.98	1.0	1.0	1.0
3950	0.94	1.0	0.96	1.0	1.0	0.94	0.98	1.0	1.0	1.0	1.0	0.98	0.98	1.0	1.0	1.0
4000	0.94	1.0	0.96	1.0	1.0	0.94	0.98	1.0	1.0	1.0	1.0	0.98	0.98	1.0	1.0	1.0
4050	0.92	1.0	0.96	1.0	1.0	0.94	0.98	1.0	1.0	1.0	1.0	0.98	0.98	1.0	1.0	1.0
4100	0.92	1.0	0.96	1.0	1.0	0.94	0.98	1.0	1.0	1.0	1.0	0.98	0.98	1.0	1.0	1.0
4150	0.92	1.0	0.94	1.0	1.0	0.96	0.98	1.0	1.0	1.0	1.0	0.98	0.98	1.0	1.0	1.0
4200	0.92	1.0	0.96	1.0	1.0	0.96	0.98	1.0	1.0	1.0	1.0	0.98	1.0	1.0	1.0	1.0
4250	0.92	1.0	0.96	1.0	1.0	0.96	0.98	1.0	1.0	1.0	1.0	0.98	1.0	1.0	1.0	1.0
4300	0.92	1.0	0.96	1.0	1.0	0.96	0.98	1.0	1.0	1.0	1.0	0.98	1.0	1.0	1.0	1.0
4350	0.92	1.0	0.98	1.0	1.0	0.96	0.98	1.0	1.0	1.0	1.0	0.98	1.0	1.0	1.0	1.0
4400	0.92	1.0	0.98	1.0	1.0	0.98	0.98	1.0	1.0	1.0	1.0	0.98	1.0	1.0	1.0	1.0
4450	0.94	1.0	0.98	1.0	1.0	1.0	0.98	1.0	1.0	1.0	1.0	0.98	1.0	1.0	1.0	1.0
4500	0.96	1.0	0.98	1.0	1.0	1.0	0.98	1.0	1.0	1.0	1.0	0.98	1.0	1.0	1.0	1.0
4550	0.96	1.0	0.98	1.0	1.0	1.0	1.0	1.0	1.0	1.0	1.0	0.98	1.0	1.0	1.0	1.0
4600	0.96	1.0	0.98	1.0	1.0	1.0	1.0	1.0	1.0	1.0	1.0	0.98	1.0	1.0	1.0	1.0
4650	0.96	1.0	0.98	1.0	1.0	1.0	1.0	1.0	1.0	1.0	1.0	0.98	1.0	1.0	1.0	1.0
4700	0.96	1.0	0.98	1.0	1.0	1.0	1.0	1.0	1.0	1.0	1.0	0.98	1.0	1.0	1.0	1.0
4750	0.96	1.0	0.98	1.0	1.0	1.0	1.0	1.0	1.0	1.0	1.0	0.98	1.0	1.0	1.0	1.0
4800	0.98	1.0	0.98	1.0	1.0	1.0	1.0	1.0	1.0	1.0	1.0	0.98	1.0	1.0	1.0	1.0
4850	0.98	1.0	0.98	1.0	0.98	1.0	1.0	1.0	1.0	1.0	1.0	1.0	1.0	1.0	1.0	1.0
4900	0.98	1.0	0.98	1.0	0.98	1.0	1.0	1.0	1.0	1.0	1.0	1.0	1.0	1.0	1.0	1.0
4950	0.98	1.0	1.0	1.0	0.98	1.0	1.0	1.0	1.0	1.0	1.0	1.0	1.0	0.98	1.0	1.0
5000	1.0	1.0	1.0	1.0	0.98	1.0	1.0	1.0	1.0	1.0	1.0	1.0	1.0	0.98	1.0	1.0
5050	1.0	1.0	1.0	1.0	0.98	1.0	1.0	1.0	1.0	1.0	1.0	1.0	1.0	0.98	1.0	1.0
5100	1.0	1.0	1.0	1.0	0.98	1.0	1.0	1.0	1.0	1.0	1.0	1.0	1.0	0.98	1.0	1.0
5150	1.0	1.0	1.0	1.0	0.96	1.0	1.0	1.0	1.0	1.0	1.0	1.0	1.0	0.98	1.0	1.0
5200	1.0	1.0	1.0	1.0	0.96	0.98	1.0	1.0	1.0	1.0	1.0	1.0	1.0	0.98	1.0	1.0
5250	1.0	1.0	1.0	1.0	0.96	0.98	1.0	1.0	1.0	1.0	1.0	1.0	1.0	0.98	1.0	1.0
5300	0.96	1.0	1.0	1.0	0.96	0.98	1.0	1.0	1.0	1.0	1.0	1.0	1.0	0.98	1.0	1.0
5350	0.96	1.0	1.0	1.0	0.96	0.98	1.0	1.0	1.0	1.0	1.0	1.0	1.0	0.98	1.0	1.0
5400	0.94	1.0	1.0	1.0	0.96	0.98	1.0	1.0	1.0	1.0	1.0	1.0	1.0	0.98	1.0	1.0
5450	0.94	1.0	1.0	1.0	0.96	0.98	1.0	1.0	1.0	1.0	1.0	1.0	1.0	0.98	1.0	1.0
5500	0.94	1.0	1.0	1.0	0.98	0.98	1.0	1.0	0.98	1.0	1.0	1.0	1.0	0.98	1.0	0.98
5550	0.94	1.0	1.0	1.0	0.98	0.98	1.0	1.0	0.96	1.0	1.0	1.0	1.0	0.98	1.0	0.98
5600	0.92	1.0	1.0	1.0	0.98	0.98	1.0	1.0	0.96	1.0	1.0	1.0	1.0	0.98	1.0	0.98
5650	0.92	1.0	1.0	1.0	0.98	0.98	1.0	1.0	0.96	1.0	1.0	1.0	1.0	1.0	1.0	0.98
5700	0.9	1.0	1.0	1.0	0.98	0.96	1.0	1.0	0.96	1.0	1.0	1.0	1.0	1.0	1.0	0.98
5750	0.9	1.0	1.0	1.0	0.98	0.96	1.0	1.0	0.96	1.0	1.0	0.98	1.0	1.0	1.0	0.98
5800	0.9	1.0	1.0	1.0	0.98	0.96	1.0	1.0	0.96	1.0	1.0	0.98	1.0	1.0	1.0	0.98
5850	0.9	1.0	1.0	1.0	0.98	0.96	1.0	1.0	0.96	1.0	1.0	0.98	1.0	1.0	1.0	0.98
5900	0.9	1.0	1.0	1.0	1.0	0.96	1.0	1.0	0.96	1.0	1.0	0.98	1.0	1.0	1.0	0.98
5950	0.9	1.0	1.0	1.0	1.0	0.96	1.0	1.0	0.96	1.0	1.0	0.98	1.0	1.0	1.0	0.98
6000	0.92	0.98	1.0	1.0	1.0	0.98	1.0	1.0	0.96	1.0	1.0	0.98	1.0	1.0	1.0	0.98
6050	0.94	0.98	1.0	1.0	1.0	0.98	1.0	1.0	0.96	1.0	1.0	0.98	1.0	1.0	1.0	0.98
6100	0.96	0.98	1.0	1.0	1.0	0.98	1.0	1.0	0.94	1.0	1.0	0.98	1.0	1.0	1.0	0.98
6150	0.96	0.98	1.0	1.0	0.98	0.98	1.0	1.0	0.94	1.0	1.0	0.98	1.0	1.0	1.0	0.98
6200	0.96	0.98	1.0	1.0	0.98	0.98	1.0	1.0	0.94	1.0	1.0	0.98	1.0	1.0	1.0	0.98
6250	0.96	0.98	1.0	1.0	0.98	0.98	1.0	1.0	0.94	1.0	1.0	0.98	1.0	1.0	1.0	1.0
6300	0.96	0.98	1.0	1.0	0.98	0.98	1.0	1.0	0.96	1.0	1.0	0.96	1.0	1.0	1.0	1.0
6350	0.96	0.98	1.0	1.0	0.98	0.98	1.0	1.0	0.96	1.0	1.0	0.96	1.0	1.0	1.0	1.0
6400	0.96	0.98	1.0	1.0	0.98	0.98	1.0	1.0	0.96	1.0	1.0	0.96	1.0	1.0	1.0	1.0
6450	0.94	0.98	1.0	1.0	0.98	1.0	1.0	1.0	0.96	1.0	1.0	0.94	1.0	1.0	1.0	1.0
6500	0.96	0.98	1.0	1.0	0.98	1.0	1.0	1.0	0.96	1.0	1.0	0.94	1.0	1.0	1.0	1.0
6550	0.96	0.98	1.0	1.0	0.98	0.98	1.0	1.0	0.96	1.0	1.0	0.94	1.0	1.0	1.0	1.0
6600	0.96	0.98	1.0	1.0	0.98	0.98	1.0	1.0	0.96	1.0	1.0	0.94	1.0	1.0	1.0	1.0
6650	0.96	0.98	1.0	0.98	0.98	0.98	1.0	1.0	0.96	1.0	1.0	0.94	1.0	1.0	1.0	1.0
6700	0.96	0.98	1.0	0.98	0.96	0.98	1.0	1.0	0.96	1.0	1.0	0.96	1.0	0.98	1.0	1.0
6750	0.96	1.0	1.0	0.98	0.96	0.98	1.0	1.0	0.98	1.0	1.0	0.96	1.0	0.98	1.0	1.0
6800	0.96	1.0	0.98	0.98	0.96	0.98	1.0	1.0	0.98	1.0	1.0	0.96	1.0	0.98	1.0	1.0
6850	0.96	1.0	0.98	0.98	0.98	0.98	1.0	1.0	0.98	1.0	1.0	0.96	1.0	0.98	1.0	0.98
6900	0.94	1.0	0.96	0.98	0.98	0.98	1.0	1.0	0.98	1.0	1.0	0.96	1.0	0.98	1.0	0.98
6950	0.94	1.0	0.94	0.96	0.98	0.98	1.0	1.0	0.98	1.0	1.0	0.96	1.0	0.98	1.0	0.98
7000	0.92	1.0	0.94	0.96	0.98	0.96	1.0	1.0	0.98	1.0	1.0	0.96	0.98	0.98	1.0	0.98
7050	0.92	1.0	0.94	0.96	0.98	0.96	1.0	1.0	1.0	1.0	0.98	0.96	0.98	0.98	1.0	0.98
7100	0.94	1.0	0.94	0.96	0.98	0.96	1.0	1.0	1.0	1.0	0.98	0.94	0.98	0.98	1.0	0.98
7150	0.94	1.0	0.94	0.96	0.96	0.96	1.0	1.0	1.0	1.0	0.98	0.94	0.98	0.98	1.0	0.98
7200	0.96	1.0	0.94	0.96	0.96	0.94	1.0	1.0	1.0	1.0	0.98	0.96	0.98	0.98	1.0	0.96
7250	0.96	1.0	0.94	0.96	0.96	0.94	1.0	1.0	1.0	1.0	0.98	0.96	0.98	0.98	0.98	0.96
7300	0.96	1.0	0.94	0.96	0.96	0.94	1.0	1.0	0.98	1.0	0.98	0.96	0.98	0.98	0.98	0.96
7350	0.96	1.0	0.94	0.98	0.96	0.96	1.0	1.0	0.98	1.0	0.98	0.98	0.98	0.96	0.98	0.96
7400	0.96	1.0	0.94	0.98	0.98	0.96	1.0	1.0	0.96	1.0	0.98	0.98	0.98	0.96	0.98	0.94
7450	0.96	1.0	0.94	0.98	0.98	0.96	1.0	1.0	0.96	1.0	0.98	0.98	0.98	0.98	0.98	0.92
7500	0.96	1.0	0.96	0.98	0.98	0.96	1.0	1.0	0.96	1.0	0.98	0.98	0.98	0.98	0.98	0.92
7550	0.96	1.0	0.96	0.98	0.96	0.96	1.0	1.0	0.96	1.0	0.98	0.98	0.98	0.98	0.98	0.94
7600	0.96	1.0	1.0	0.98	0.96	0.96	1.0	1.0	0.96	1.0	0.98	0.98	0.98	0.98	0.98	0.94
7650	0.96	1.0	1.0	0.98	0.96	0.96	1.0	1.0	0.94	1.0	0.98	0.98	0.98	0.98	0.98	0.94
7700	0.98	1.0	1.0	0.98	0.96	0.96	1.0	1.0	0.94	1.0	0.98	0.98	0.98	0.98	0.98	0.94
7750	0.98	1.0	1.0	0.98	0.96	0.96	1.0	1.0	0.94	1.0	0.98	0.94	0.98	0.98	0.98	0.94
7800	1.0	1.0	0.98	0.96	0.96	0.98	1.0	1.0	0.94	1.0	1.0	0.94	1.0	0.98	0.98	0.94
7850	1.0	1.0	0.98	0.96	0.96	0.98	1.0	1.0	0.94	1.0	1.0	0.94	1.0	0.98	0.98	0.94
7900	1.0	1.0	0.98	0.96	0.96	0.98	1.0	1.0	0.94	1.0	1.0	0.94	1.0	0.98	0.98	0.96
7950	1.0	1.0	0.98	0.96	0.98	0.98	1.0	1.0	0.94	1.0	1.0	0.94	1.0	0.98	0.98	0.96
8000	1.0	1.0	0.98	0.96	0.98	0.98	1.0	1.0	0.94	1.0	1.0	0.96	0.98	0.98	0.98	0.96
8050	1.0	1.0	0.98	0.96	0.98	0.98	1.0	1.0	0.94	1.0	1.0	0.96	0.98	1.0	0.98	0.96
8100	1.0	1.0	0.98	0.96	0.98	0.98	1.0	1.0	0.94	1.0	1.0	0.96	0.98	1.0	0.98	0.96
8150	1.0	1.0	0.98	0.94	0.98	0.98	1.0	1.0	0.94	1.0	1.0	0.96	0.98	0.98	1.0	0.96
8200	1.0	1.0	0.98	0.94	0.98	0.98	1.0	1.0	0.96	1.0	1.0	0.94	0.98	0.98	1.0	0.98
8250	1.0	1.0	0.98	0.94	0.98	0.98	1.0	1.0	0.96	0.98	1.0	0.94	0.96	0.98	1.0	0.98
8300	1.0	1.0	0.98	0.94	0.98	0.98	1.0	1.0	0.98	0.98	1.0	0.94	0.96	0.98	1.0	0.98
8350	1.0	1.0	0.98	0.94	0.98	0.98	1.0	1.0	0.98	0.98	1.0	0.94	0.96	0.98	1.0	1.0
8400	1.0	1.0	0.98	0.94	1.0	0.98	1.0	1.0	0.98	0.98	1.0	0.92	0.96	0.98	1.0	1.0
8450	1.0	1.0	0.98	0.94	1.0	1.0	1.0	1.0	1.0	0.98	1.0	0.92	0.96	0.98	1.0	1.0
8500	1.0	1.0	1.0	0.94	0.98	1.0	1.0	1.0	1.0	0.98	1.0	0.92	0.96	0.98	1.0	1.0
8550	1.0	1.0	1.0	0.92	0.98	1.0	1.0	1.0	1.0	0.98	1.0	0.92	0.96	0.98	1.0	1.0
8600	1.0	1.0	1.0	0.94	0.98	0.98	1.0	1.0	1.0	0.98	1.0	0.96	0.96	0.98	1.0	0.98
8650	1.0	1.0	1.0	0.96	0.98	0.98	1.0	1.0	1.0	0.98	1.0	0.96	0.96	0.98	1.0	0.98
8700	0.98	1.0	1.0	0.96	0.98	0.98	1.0	1.0	1.0	0.98	1.0	0.94	0.94	0.98	1.0	0.98
8750	0.98	1.0	1.0	0.96	0.98	0.98	1.0	1.0	1.0	0.98	1.0	0.94	0.92	0.98	1.0	0.98
8800	0.98	1.0	0.98	0.94	0.98	0.98	1.0	1.0	1.0	0.98	1.0	0.94	0.94	0.98	1.0	0.98
8850	0.98	1.0	0.98	0.94	0.98	0.98	1.0	1.0	1.0	0.98	1.0	0.94	0.94	0.98	1.0	0.98
8900	0.98	1.0	0.98	0.94	0.98	0.98	1.0	1.0	1.0	0.98	1.0	0.94	0.94	0.98	1.0	0.98
8950	0.98	1.0	0.98	0.96	0.98	0.98	1.0	1.0	1.0	0.98	1.0	0.96	0.94	0.98	1.0	0.98
9000	0.98	1.0	0.98	0.96	0.98	0.98	0.98	1.0	1.0	0.98	1.0	0.96	0.96	0.98	1.0	0.98
9050	0.98	1.0	0.98	0.96	0.98	0.98	0.98	1.0	1.0	1.0	1.0	0.96	0.96	0.98	1.0	0.98
9100	0.98	1.0	0.98	0.96	0.98	0.98	0.98	1.0	1.0	1.0	1.0	0.96	0.96	0.98	1.0	0.98
9150	0.98	1.0	0.98	0.96	1.0	0.98	0.98	1.0	1.0	1.0	1.0	0.96	0.96	0.98	1.0	0.96
9200	0.98	1.0	0.98	0.94	1.0	0.98	0.98	1.0	1.0	1.0	1.0	0.96	0.96	0.98	1.0	0.96
9250	0.98	1.0	0.98	0.94	0.96	0.98	0.98	1.0	1.0	1.0	1.0	0.96	0.96	0.96	1.0	0.96
9300	0.98	1.0	0.98	0.94	0.96	0.98	0.98	1.0	1.0	1.0	1.0	0.96	0.96	0.96	1.0	0.96
9350	0.98	1.0	0.98	0.94	0.94	0.98	0.98	1.0	1.0	1.0	1.0	0.94	0.96	0.96	1.0	0.96
9400	0.98	1.0	0.98	0.96	0.92	0.98	0.98	1.0	1.0	1.0	1.0	0.96	0.96	0.96	1.0	0.98
9450	0.98	1.0	0.98	0.96	0.92	1.0	0.98	1.0	1.0	1.0	1.0	0.96	0.96	0.96	1.0	0.98
9500	0.98	1.0	1.0	0.98	0.9	1.0	0.98	1.0	1.0	1.0	1.0	0.96	0.98	0.96	1.0	0.98
9550	0.98	1.0	1.0	0.98	0.9	1.0	0.98	1.0	1.0	1.0	1.0	0.96	1.0	0.96	1.0	0.98
9600	1.0	1.0	1.0	0.98	0.9	1.0	0.98	0.98	1.0	1.0	1.0	0.96	1.0	0.96	1.0	0.98
9650	1.0	1.0	1.0	0.98	0.9	1.0	1.0	0.98	1.0	1.0	1.0	0.96	1.0	0.96	1.0	0.98
9700	1.0	1.0	1.0	0.98	0.9	1.0	1.0	0.98	1.0	1.0	1.0	0.96	1.0	0.96	1.0	0.98
9750	1.0	1.0	1.0	0.98	0.88	1.0	1.0	0.98	1.0	1.0	1.0	0.96	1.0	0.96	1.0	0.98
9800	1.0	1.0	1.0	0.98	0.88	1.0	1.0	0.98	1.0	1.0	1.0	0.96	1.0	0.94	1.0	0.98
9850	1.0	1.0	1.0	0.98	0.88	1.0	1.0	0.98	1.0	1.0	1.0	0.98	1.0	0.96	1.0	0.98
9900	1.0	1.0	1.0	0.98	0.88	1.0	1.0	0.98	1.0	1.0	1.0	0.98	1.0	0.96	1.0	0.98
9950	1.0	1.0	1.0	0.98	0.88	1.0	1.0	0.98	1.0	1.0	1.0	0.98	1.0	0.96	1.0	0.98
10000	1.0	1.0	1.0	0.98	0.88	1.0	1.0	0.98	1.0	1.0	1.0	0.98	1.0	0.94	1.0	0.98
10050	1.0	1.0	1.0	1.0	0.9	1.0	1.0	0.98	1.0	1.0	1.0	0.98	1.0	0.94	0.98	1.0
10100	1.0	1.0	1.0	1.0	0.92	1.0	1.0	0.98	1.0	1.0	1.0	1.0	1.0	0.94	0.98	1.0
10150	1.0	1.0	1.0	1.0	0.92	1.0	1.0	0.98	1.0	1.0	1.0	1.0	1.0	0.94	0.98	1.0
10200	1.0	1.0	1.0	1.0	0.92	1.0	1.0	0.98	1.0	1.0	1.0	1.0	1.0	0.94	0.98	1.0
10250	1.0	1.0	0.98	1.0	0.94	1.0	1.0	0.98	1.0	1.0	1.0	1.0	1.0	0.94	0.98	0.98
10300	1.0	1.0	0.98	1.0	0.94	1.0	1.0	0.98	1.0	1.0	1.0	1.0	1.0	0.94	0.98	0.98
10350	1.0	1.0	0.98	1.0	0.96	1.0	1.0	0.98	0.98	1.0	1.0	1.0	1.0	0.94	0.98	0.98
10400	1.0	1.0	0.98	1.0	0.96	1.0	1.0	0.98	0.98	1.0	1.0	1.0	1.0	0.94	0.98	0.98
10450	1.0	1.0	0.98	1.0	0.96	1.0	1.0	0.98	0.98	1.0	1.0	1.0	1.0	0.94	0.98	0.98
10500	1.0	1.0	0.98	1.0	0.96	1.0	1.0	1.0	0.98	1.0	1.0	1.0	1.0	0.94	0.98	0.98
10550	1.0	1.0	0.98	1.0	0.96	1.0	1.0	1.0	0.98	1.0	1.0	1.0	1.0	0.94	0.98	0.98
10600	1.0	1.0	0.98	1.0	0.98	1.0	1.0	1.0	0.96	1.0	1.0	1.0	1.0	0.96	0.98	0.98
10650	1.0	1.0	0.98	1.0	0.98	1.0	1.0	1.0	0.96	1.0	1.0	1.0	1.0	0.96	0.98	0.98
10700	1.0	1.0	0.98	1.0	0.98	1.0	0.98	0.98	0.96	1.0	1.0	1.0	1.0	0.96	0.98	0.98
10750	1.0	1.0	0.98	1.0	0.96	1.0	0.98	0.98	0.96	1.0	1.0	1.0	1.0	0.96	1.0	0.98
10800	1.0	1.0	0.98	1.0	0.96	0.98	0.98	0.98	0.96	1.0	1.0	1.0	1.0	0.96	1.0	0.98
10850	1.0	1.0	0.98	1.0	0.96	0.98	0.98	0.98	0.96	1.0	1.0	1.0	1.0	0.96	1.0	0.98
10900	1.0	1.0	0.98	1.0	0.96	0.98	0.98	0.98	0.96	1.0	1.0	1.0	1.0	0.96	1.0	0.98
10950	1.0	1.0	0.98	1.0	0.96	0.98	0.98	0.98	0.96	1.0	1.0	1.0	1.0	0.98	1.0	0.98
11000	1.0	1.0	1.0	1.0	0.98	0.98	0.98	0.98	0.96	1.0	1.0	1.0	1.0	0.96	1.0	0.98
11050	1.0	1.0	1.0	1.0	0.98	0.98	0.98	0.98	0.96	1.0	1.0	1.0	1.0	0.96	1.0	1.0
11100	1.0	1.0	1.0	1.0	0.98	0.98	0.98	0.98	0.98	1.0	1.0	1.0	1.0	0.96	1.0	1.0
11150	1.0	1.0	1.0	1.0	0.98	0.98	0.98	0.98	0.98	1.0	1.0	1.0	1.0	0.98	1.0	1.0
11200	1.0	1.0	1.0	1.0	0.98	0.98	0.98	0.98	0.98	1.0	1.0	1.0	1.0	0.98	1.0	1.0
11250	1.0	1.0	1.0	1.0	0.98	0.98	0.98	0.98	0.98	1.0	1.0	1.0	1.0	0.98	1.0	1.0
11300	1.0	1.0	1.0	1.0	0.98	0.98	0.98	0.98	0.98	1.0	1.0	1.0	1.0	0.98	1.0	1.0
11350	1.0	1.0	1.0	1.0	0.98	0.96	0.98	1.0	0.98	1.0	1.0	1.0	1.0	0.98	1.0	1.0
11400	1.0	1.0	1.0	1.0	0.98	0.96	0.98	1.0	1.0	1.0	1.0	1.0	1.0	0.98	1.0	1.0
11450	1.0	1.0	1.0	1.0	0.98	0.96	0.98	1.0	1.0	1.0	1.0	1.0	1.0	0.98	1.0	1.0
11500	1.0	1.0	1.0	1.0	0.98	0.96	0.98	1.0	1.0	1.0	1.0	1.0	1.0	0.98	1.0	1.0
11550	1.0	1.0	1.0	1.0	1.0	0.96	0.98	1.0	1.0	1.0	1.0	1.0	1.0	0.98	1.0	1.0
11600	1.0	1.0	1.0	1.0	1.0	0.98	0.98	1.0	1.0	1.0	1.0	1.0	1.0	0.98	1.0	1.0
11650	1.0	1.0	1.0	1.0	0.98	0.98	0.98	1.0	1.0	1.0	1.0	1.0	1.0	1.0	1.0	1.0
11700	1.0	1.0	1.0	1.0	0.98	0.98	0.98	1.0	1.0	1.0	1.0	1.0	1.0	1.0	1.0	1.0
11750	1.0	1.0	1.0	1.0	0.98	0.98	1.0	1.0	1.0	1.0	1.0	1.0	1.0	1.0	1.0	1.0
11800	1.0	1.0	1.0	1.0	0.98	0.98	1.0	1.0	1.0	1.0	1.0	1.0	1.0	1.0	1.0	1.0
11850	1.0	1.0	1.0	1.0	0.98	0.98	1.0	1.0	1.0	1.0	1.0	1.0	1.0	1.0	0.98	1.0
11900	1.0	1.0	1.0	1.0	0.98	0.98	1.0	1.0	1.0	1.0	1.0	1.0	1.0	1.0	0.98	1.0
11950	1.0	1.0	1.0	1.0	0.98	0.98	1.0	1.0	1.0	1.0	1.0	1.0	1.0	1.0	0.98	1.0
12000	1.0	1.0	1.0	1.0	0.98	0.98	1.0	1.0	1.0	1.0	1.0	1.0	1.0	1.0	0.98	1.0
12050	1.0	1.0	1.0	1.0	0.98	0.98	1.0	1.0	1.0	1.0	1.0	1.0	1.0	1.0	0.96	1.0
12100	1.0	1.0	1.0	0.98	0.98	0.98	1.0	1.0	1.0	1.0	1.0	1.0	1.0	1.0	0.96	1.0
12150	1.0	1.0	1.0	0.98	0.98	0.98	1.0	1.0	1.0	1.0	1.0	1.0	1.0	1.0	0.96	1.0
12200	1.0	1.0	1.0	0.98	0.98	1.0	1.0	1.0	1.0	1.0	1.0	1.0	1.0	1.0	0.96	1.0
12250	1.0	1.0	1.0	0.98	0.98	1.0	1.0	1.0	1.0	1.0	1.0	1.0	1.0	1.0	0.96	1.0
12300	1.0	1.0	1.0	0.98	1.0	1.0	0.98	1.0	1.0	1.0	1.0	1.0	1.0	0.98	0.96	1.0
12350	1.0	1.0	1.0	0.98	1.0	1.0	0.98	1.0	1.0	1.0	1.0	1.0	1.0	0.98	0.96	1.0
12400	0.98	1.0	1.0	0.98	1.0	1.0	0.98	1.0	1.0	1.0	1.0	1.0	1.0	0.96	0.96	1.0
12450	0.98	1.0	1.0	0.98	1.0	1.0	0.98	1.0	1.0	1.0	1.0	1.0	1.0	0.96	0.96	1.0
12500	0.98	1.0	1.0	0.98	1.0	1.0	0.98	1.0	1.0	1.0	1.0	1.0	1.0	0.96	0.98	1.0
12550	0.98	1.0	1.0	0.98	1.0	1.0	0.98	1.0	1.0	1.0	1.0	1.0	1.0	0.96	0.98	1.0
12600	0.98	1.0	1.0	0.96	1.0	0.98	0.98	1.0	1.0	1.0	1.0	1.0	1.0	0.96	0.98	1.0
12650	0.98	1.0	1.0	0.96	1.0	0.98	0.98	1.0	1.0	1.0	1.0	1.0	1.0	0.96	0.98	1.0
12700	0.98	1.0	1.0	0.96	1.0	0.98	0.98	1.0	1.0	1.0	1.0	1.0	1.0	0.96	0.98	1.0
12750	0.98	1.0	1.0	0.96	1.0	0.98	0.98	1.0	0.98	1.0	1.0	1.0	1.0	0.96	0.98	1.0
12800	0.98	1.0	1.0	0.96	1.0	0.98	0.98	1.0	0.98	1.0	1.0	1.0	1.0	0.96	0.98	1.0
12850	0.98	1.0	1.0	0.96	1.0	0.98	0.98	1.0	0.98	1.0	1.0	1.0	1.0	0.96	0.98	1.0
12900	0.98	1.0	1.0	0.96	1.0	0.98	0.98	1.0	0.98	1.0	1.0	1.0	1.0	0.94	0.98	1.0
12950	0.98	1.0	1.0	0.96	1.0	0.98	0.98	1.0	0.96	1.0	1.0	1.0	1.0	0.94	0.96	1.0
13000	0.98	1.0	1.0	0.94	1.0	0.98	0.98	1.0	0.96	1.0	1.0	1.0	1.0	0.92	0.96	1.0
13050	0.98	1.0	1.0	0.96	1.0	0.98	1.0	1.0	0.96	1.0	1.0	1.0	1.0	0.92	0.96	1.0
13100	0.98	1.0	1.0	0.96	1.0	0.98	1.0	1.0	0.96	1.0	1.0	1.0	1.0	0.94	0.96	0.98
13150	0.98	1.0	1.0	0.96	1.0	0.98	1.0	1.0	0.96	1.0	0.98	1.0	1.0	0.96	0.96	0.98
13200	1.0	1.0	1.0	0.96	1.0	0.98	1.0	1.0	0.96	1.0	0.98	1.0	1.0	0.96	0.96	0.98
13250	1.0	1.0	1.0	0.96	1.0	0.98	1.0	1.0	0.96	1.0	0.98	1.0	1.0	0.96	0.96	0.98
13300	1.0	1.0	1.0	0.96	1.0	0.98	1.0	1.0	0.96	1.0	0.98	1.0	1.0	0.96	0.96	0.98
13350	1.0	1.0	1.0	0.96	1.0	0.98	1.0	1.0	0.96	1.0	0.98	1.0	1.0	0.96	0.96	0.96
13400	1.0	1.0	1.0	0.96	1.0	0.98	1.0	1.0	0.96	1.0	0.98	1.0	1.0	0.96	0.96	0.96
13450	1.0	1.0	1.0	0.96	1.0	0.98	1.0	1.0	0.96	1.0	0.98	1.0	1.0	0.96	0.96	0.96
13500	1.0	1.0	1.0	0.96	0.98	1.0	1.0	1.0	0.96	1.0	0.98	0.98	1.0	0.96	0.96	0.96
13550	1.0	1.0	1.0	0.98	0.98	1.0	1.0	1.0	0.98	1.0	0.98	0.98	1.0	0.96	0.96	0.96
13600	1.0	1.0	1.0	0.98	0.98	1.0	1.0	1.0	0.96	1.0	0.98	0.98	1.0	0.96	0.96	0.96
13650	1.0	1.0	1.0	0.98	0.98	1.0	1.0	1.0	0.94	1.0	0.98	0.98	1.0	0.96	0.96	0.96
13700	1.0	1.0	1.0	0.98	0.98	1.0	1.0	1.0	0.94	1.0	0.98	0.98	1.0	0.96	0.94	0.96
13750	1.0	1.0	1.0	1.0	0.98	1.0	1.0	1.0	0.94	1.0	0.98	0.98	1.0	0.98	0.94	0.96
13800	1.0	1.0	1.0	1.0	0.98	1.0	1.0	1.0	0.96	1.0	0.98	0.98	1.0	1.0	0.94	0.96
13850	1.0	1.0	1.0	1.0	0.98	1.0	1.0	1.0	0.96	1.0	0.98	0.98	1.0	1.0	0.94	0.96
13900	1.0	1.0	1.0	1.0	0.98	1.0	0.98	1.0	0.96	1.0	1.0	0.98	1.0	1.0	0.96	0.96
13950	1.0	1.0	1.0	1.0	0.98	1.0	0.98	1.0	0.96	1.0	1.0	0.98	1.0	0.98	0.96	0.98
14000	1.0	1.0	1.0	1.0	0.98	1.0	0.98	1.0	0.96	1.0	1.0	0.98	1.0	0.98	0.96	0.98
14050	1.0	1.0	1.0	1.0	0.98	1.0	0.98	1.0	0.96	1.0	1.0	0.98	1.0	0.98	0.96	0.98
14100	1.0	1.0	1.0	0.98	0.98	1.0	0.98	1.0	0.96	1.0	1.0	0.98	1.0	0.98	0.96	0.98
14150	1.0	1.0	1.0	0.98	0.98	1.0	0.96	1.0	0.96	1.0	1.0	0.98	1.0	0.98	0.96	0.98
14200	0.98	1.0	1.0	0.98	0.98	1.0	0.96	1.0	0.96	1.0	1.0	0.98	1.0	0.98	0.96	1.0
14250	0.98	1.0	1.0	0.98	0.98	1.0	0.96	1.0	0.96	1.0	1.0	0.96	1.0	0.98	0.96	1.0
14300	0.98	1.0	1.0	0.98	1.0	1.0	0.96	1.0	0.96	1.0	1.0	0.96	1.0	0.98	0.96	1.0
14350	0.96	1.0	1.0	0.98	1.0	1.0	0.96	1.0	0.96	1.0	1.0	0.96	1.0	0.98	0.96	1.0
14400	0.96	1.0	1.0	0.98	1.0	1.0	0.96	1.0	0.96	1.0	1.0	0.94	1.0	0.98	0.96	1.0
14450	0.96	1.0	1.0	0.98	1.0	1.0	0.96	1.0	1.0	1.0	1.0	0.94	1.0	0.96	0.96	1.0
14500	0.96	1.0	1.0	0.98	1.0	1.0	0.98	1.0	1.0	1.0	1.0	0.94	1.0	0.96	0.96	1.0
14550	0.96	1.0	1.0	0.98	1.0	1.0	0.98	1.0	1.0	1.0	1.0	0.94	1.0	0.96	1.0	1.0
14600	0.96	1.0	1.0	0.98	1.0	1.0	0.98	1.0	1.0	1.0	1.0	0.94	1.0	0.96	1.0	1.0
14650	0.96	1.0	1.0	0.98	1.0	1.0	0.98	1.0	1.0	1.0	1.0	0.94	1.0	0.96	1.0	1.0
14700	0.96	1.0	0.98	0.98	1.0	1.0	0.98	1.0	1.0	1.0	1.0	0.94	1.0	0.96	1.0	1.0
14750	0.92	1.0	0.98	0.98	1.0	1.0	0.98	1.0	1.0	1.0	1.0	0.94	1.0	0.98	1.0	1.0
14800	0.92	1.0	0.98	0.98	1.0	1.0	0.98	1.0	1.0	1.0	0.98	0.94	1.0	0.98	1.0	1.0
14850	0.94	1.0	0.98	0.98	1.0	1.0	1.0	1.0	1.0	1.0	0.98	0.94	1.0	0.98	1.0	1.0
14900	0.94	1.0	0.98	0.98	1.0	1.0	1.0	1.0	1.0	1.0	0.98	0.94	1.0	0.98	1.0	1.0
14950	0.96	1.0	0.98	0.98	1.0	1.0	1.0	1.0	1.0	1.0	0.98	0.96	1.0	0.98	1.0	1.0
15000	0.96	1.0	0.98	1.0	1.0	1.0	1.0	1.0	1.0	0.98	0.98	0.98	1.0	0.98	1.0	1.0
15050	0.96	1.0	0.98	1.0	1.0	1.0	1.0	1.0	1.0	0.98	0.98	0.98	1.0	0.98	1.0	1.0
15100	0.96	1.0	0.98	1.0	0.98	1.0	1.0	1.0	1.0	0.98	0.98	0.98	1.0	0.98	1.0	1.0
15150	0.94	1.0	0.98	1.0	0.96	1.0	1.0	1.0	1.0	0.98	0.94	0.98	1.0	1.0	1.0	1.0
15200	0.92	1.0	0.98	1.0	0.96	1.0	1.0	1.0	1.0	0.98	0.94	1.0	1.0	1.0	1.0	1.0
15250	0.92	1.0	0.98	0.98	0.96	1.0	1.0	1.0	1.0	0.98	0.94	1.0	1.0	1.0	1.0	1.0
15300	0.9	1.0	0.98	0.98	0.96	1.0	1.0	1.0	1.0	0.98	0.94	1.0	1.0	1.0	1.0	1.0
15350	0.94	1.0	0.98	0.98	0.96	1.0	1.0	1.0	1.0	0.98	0.94	1.0	1.0	1.0	1.0	1.0
15400	0.94	1.0	0.98	0.98	0.96	1.0	1.0	1.0	1.0	0.98	0.94	1.0	1.0	1.0	1.0	1.0
15450	0.94	1.0	0.98	0.98	0.96	0.98	1.0	1.0	1.0	0.98	0.94	1.0	1.0	1.0	1.0	1.0
15500	0.94	1.0	0.98	0.98	0.96	0.98	1.0	1.0	1.0	0.98	0.94	1.0	1.0	1.0	1.0	1.0
15550	0.94	1.0	1.0	0.98	0.94	0.98	1.0	1.0	1.0	1.0	0.94	1.0	1.0	1.0	1.0	1.0
15600	0.92	1.0	1.0	0.98	0.94	0.98	1.0	1.0	1.0	1.0	0.92	1.0	1.0	1.0	1.0	1.0
15650	0.92	1.0	1.0	0.98	0.94	0.98	1.0	1.0	1.0	1.0	0.94	1.0	1.0	0.98	1.0	1.0
15700	0.92	1.0	1.0	0.98	0.94	0.98	1.0	1.0	1.0	1.0	0.94	1.0	1.0	0.98	1.0	1.0
15750	0.92	1.0	1.0	0.98	0.94	0.98	1.0	1.0	1.0	1.0	0.94	1.0	1.0	0.98	1.0	1.0
15800	0.92	1.0	1.0	0.98	0.96	0.98	1.0	1.0	1.0	1.0	0.94	1.0	1.0	0.98	1.0	1.0
15850	0.9	1.0	1.0	0.98	0.96	0.98	1.0	1.0	1.0	1.0	0.94	1.0	1.0	0.98	1.0	1.0
15900	0.9	1.0	1.0	0.98	0.98	0.98	1.0	1.0	0.98	1.0	0.94	1.0	1.0	0.98	1.0	0.98
15950	0.92	1.0	1.0	0.98	0.96	0.98	1.0	1.0	0.98	1.0	0.94	1.0	1.0	0.98	1.0	0.98
16000	0.92	1.0	1.0	1.0	0.96	0.98	1.0	1.0	0.98	1.0	0.96	1.0	1.0	0.98	1.0	0.98
16050	0.92	1.0	1.0	1.0	0.96	0.98	1.0	1.0	0.98	1.0	0.98	1.0	0.98	0.98	1.0	0.98
16100	0.94	1.0	1.0	1.0	0.96	0.98	1.0	1.0	0.98	1.0	0.98	1.0	0.96	0.98	1.0	0.98
16150	0.92	1.0	1.0	1.0	0.96	0.98	1.0	1.0	0.98	1.0	0.98	1.0	0.96	0.98	1.0	0.98
16200	0.92	1.0	1.0	1.0	0.96	0.98	1.0	1.0	0.98	1.0	0.98	1.0	0.96	0.98	1.0	0.98
16250	0.9	1.0	1.0	1.0	0.96	0.98	1.0	1.0	0.98	1.0	0.98	1.0	0.94	0.98	1.0	0.98
16300	0.92	1.0	1.0	1.0	0.98	0.98	1.0	1.0	0.98	1.0	0.98	1.0	0.94	0.98	1.0	0.98
16350	0.92	1.0	1.0	1.0	0.96	1.0	1.0	1.0	0.98	1.0	0.98	1.0	0.92	1.0	1.0	0.98
16400	0.9	1.0	1.0	1.0	0.96	1.0	1.0	1.0	0.98	1.0	0.98	1.0	0.92	1.0	1.0	0.98
16450	0.9	1.0	1.0	1.0	0.96	1.0	1.0	1.0	0.98	1.0	1.0	1.0	0.92	1.0	1.0	0.98
16500	0.92	1.0	1.0	1.0	0.96	1.0	1.0	1.0	0.98	1.0	1.0	1.0	0.92	1.0	1.0	0.98
16550	0.92	1.0	1.0	1.0	0.96	1.0	1.0	1.0	1.0	1.0	1.0	1.0	0.92	1.0	1.0	0.98
16600	0.94	1.0	1.0	1.0	0.98	1.0	1.0	1.0	1.0	1.0	1.0	1.0	0.92	1.0	1.0	0.98
16650	0.94	1.0	1.0	0.98	0.98	1.0	1.0	0.98	1.0	1.0	1.0	1.0	0.92	1.0	1.0	0.98
16700	0.94	1.0	1.0	0.98	0.98	1.0	1.0	0.96	1.0	1.0	1.0	1.0	0.92	1.0	1.0	0.98
16750	0.94	1.0	1.0	0.98	0.98	1.0	1.0	0.96	1.0	1.0	1.0	1.0	0.92	1.0	0.98	0.96
16800	0.92	1.0	1.0	0.98	0.98	1.0	1.0	0.96	1.0	1.0	1.0	1.0	0.92	0.98	0.98	0.98
16850	0.94	1.0	1.0	0.98	0.98	1.0	1.0	0.96	1.0	1.0	1.0	1.0	0.92	0.98	0.98	0.98
16900	0.94	1.0	1.0	0.98	0.98	1.0	1.0	0.96	1.0	1.0	1.0	1.0	0.94	0.98	0.98	0.98
16950	0.94	1.0	1.0	0.98	0.98	1.0	1.0	0.96	1.0	1.0	1.0	1.0	0.96	0.98	0.98	0.98
17000	0.94	1.0	1.0	0.98	0.98	1.0	1.0	0.96	1.0	1.0	1.0	1.0	0.96	0.98	0.98	0.98
17050	0.92	1.0	1.0	0.98	0.98	1.0	1.0	0.96	1.0	1.0	1.0	1.0	0.98	0.98	0.98	0.98
17100	0.94	1.0	1.0	0.98	0.98	1.0	1.0	0.96	1.0	1.0	1.0	1.0	0.98	0.98	0.98	0.98
17150	0.92	1.0	1.0	0.98	0.98	1.0	1.0	0.96	1.0	1.0	1.0	1.0	1.0	0.98	0.98	0.98
17200	0.92	1.0	1.0	0.98	1.0	1.0	1.0	0.96	1.0	1.0	1.0	1.0	1.0	0.98	0.98	0.98
17250	0.92	1.0	1.0	0.98	1.0	1.0	1.0	0.96	1.0	1.0	1.0	1.0	1.0	0.98	0.98	0.98
17300	0.9	1.0	1.0	0.98	1.0	1.0	1.0	0.96	1.0	1.0	1.0	1.0	1.0	0.98	0.98	0.98
17350	0.9	1.0	1.0	0.98	0.98	1.0	1.0	0.98	0.98	1.0	1.0	1.0	1.0	0.98	0.98	0.98
17400	0.9	1.0	1.0	1.0	0.98	1.0	1.0	0.98	0.98	1.0	1.0	1.0	1.0	0.98	0.98	1.0
17450	0.9	1.0	1.0	1.0	0.96	1.0	1.0	0.98	0.98	1.0	1.0	1.0	1.0	0.98	1.0	1.0
17500	0.9	1.0	1.0	1.0	0.96	1.0	1.0	0.96	0.98	1.0	1.0	1.0	1.0	1.0	1.0	1.0
17550	0.9	1.0	1.0	1.0	0.96	1.0	1.0	0.98	0.98	1.0	1.0	1.0	1.0	0.98	1.0	1.0
17600	0.92	1.0	1.0	1.0	0.96	1.0	0.98	0.98	0.98	1.0	1.0	1.0	1.0	0.98	1.0	1.0
17650	0.9	1.0	1.0	1.0	0.96	1.0	0.98	0.98	0.98	1.0	1.0	1.0	1.0	0.98	1.0	1.0
17700	0.9	1.0	1.0	1.0	0.94	1.0	0.98	0.98	0.98	1.0	1.0	1.0	1.0	0.98	1.0	1.0
17750	0.9	1.0	1.0	1.0	0.94	1.0	0.98	0.98	0.98	1.0	1.0	1.0	1.0	0.98	1.0	1.0
17800	0.9	1.0	1.0	1.0	0.94	1.0	0.98	0.98	0.98	1.0	1.0	1.0	1.0	0.96	1.0	1.0
17850	0.9	1.0	1.0	1.0	0.94	1.0	0.98	0.98	0.98	1.0	1.0	1.0	1.0	0.96	1.0	1.0
17900	0.92	1.0	1.0	1.0	0.92	1.0	0.98	0.98	0.98	1.0	1.0	1.0	1.0	0.96	1.0	1.0
17950	0.92	1.0	1.0	1.0	0.92	1.0	0.98	0.98	0.98	1.0	1.0	1.0	1.0	0.96	1.0	1.0
18000	0.94	1.0	1.0	1.0	0.92	1.0	0.96	0.98	0.98	1.0	1.0	1.0	1.0	0.94	1.0	1.0
18050	0.94	1.0	1.0	1.0	0.92	1.0	0.96	0.98	0.98	1.0	1.0	1.0	1.0	0.94	1.0	0.98
18100	0.96	1.0	1.0	1.0	0.94	1.0	0.96	0.98	0.98	1.0	1.0	1.0	1.0	0.94	1.0	0.96
18150	0.96	1.0	1.0	1.0	0.94	1.0	0.94	0.98	0.98	1.0	1.0	1.0	1.0	0.94	1.0	0.96
18200	0.96	1.0	1.0	1.0	0.94	1.0	0.94	1.0	0.98	1.0	1.0	1.0	1.0	0.94	1.0	0.96
18250	0.96	1.0	1.0	0.98	0.94	1.0	0.94	1.0	0.98	1.0	1.0	1.0	1.0	0.94	1.0	0.96
18300	0.96	1.0	1.0	0.98	0.96	1.0	0.94	1.0	1.0	0.98	1.0	1.0	1.0	0.94	0.98	0.96
18350	0.96	1.0	1.0	0.98	0.94	1.0	0.94	1.0	1.0	0.98	1.0	1.0	1.0	0.9	0.98	0.96
18400	0.94	1.0	1.0	0.98	0.94	1.0	0.94	1.0	1.0	0.98	1.0	1.0	1.0	0.9	0.98	0.96
18450	0.94	1.0	1.0	0.98	0.94	1.0	0.94	1.0	1.0	0.98	1.0	1.0	1.0	0.9	0.98	0.96
18500	0.94	1.0	1.0	0.98	0.94	1.0	0.94	1.0	1.0	0.98	1.0	1.0	0.98	0.9	0.98	0.96
18550	0.94	1.0	1.0	0.98	0.94	1.0	0.94	1.0	1.0	0.98	1.0	1.0	0.98	0.92	0.98	0.96
18600	0.94	1.0	1.0	0.98	0.94	1.0	0.94	1.0	1.0	0.98	1.0	1.0	0.98	0.92	0.98	0.96
18650	0.94	1.0	1.0	0.98	0.92	1.0	0.94	1.0	1.0	0.98	1.0	1.0	0.98	0.9	0.98	0.96
18700	0.94	1.0	1.0	0.98	0.94	1.0	0.94	1.0	1.0	0.98	1.0	1.0	0.98	0.92	0.98	0.96
18750	0.94	1.0	1.0	0.98	0.94	1.0	0.94	1.0	1.0	0.98	1.0	1.0	0.96	0.92	0.98	0.96
18800	0.94	1.0	1.0	0.96	0.94	1.0	0.96	1.0	1.0	0.98	1.0	1.0	0.96	0.88	0.98	0.98
18850	0.94	1.0	1.0	0.96	0.94	1.0	0.96	1.0	1.0	0.98	1.0	1.0	0.96	0.86	0.98	1.0
18900	0.92	1.0	1.0	0.94	0.94	1.0	0.96	1.0	1.0	0.98	1.0	1.0	0.96	0.86	0.98	1.0
18950	0.92	1.0	1.0	0.94	0.94	1.0	0.96	1.0	1.0	0.98	1.0	1.0	0.96	0.86	0.98	1.0
19000	0.92	1.0	1.0	0.94	0.94	1.0	0.98	1.0	0.98	1.0	1.0	1.0	0.96	0.86	0.98	1.0
19050	0.92	1.0	1.0	0.94	0.94	1.0	0.98	1.0	0.98	1.0	1.0	1.0	0.96	0.92	0.98	1.0
19100	0.9	1.0	1.0	0.94	0.94	1.0	1.0	1.0	0.98	1.0	1.0	1.0	0.96	0.92	0.98	1.0
19150	0.9	1.0	1.0	0.94	0.92	1.0	1.0	1.0	0.98	1.0	1.0	1.0	0.96	0.92	1.0	1.0
19200	0.88	1.0	1.0	0.94	0.9	1.0	1.0	1.0	0.98	1.0	1.0	1.0	0.96	0.9	1.0	1.0
19250	0.86	1.0	1.0	0.92	0.9	1.0	1.0	1.0	0.98	1.0	1.0	1.0	0.98	0.9	1.0	1.0
19300	0.86	0.98	1.0	0.92	0.9	1.0	1.0	1.0	0.98	1.0	1.0	1.0	0.96	0.9	1.0	1.0
19350	0.86	0.98	1.0	0.92	0.92	1.0	1.0	1.0	0.98	1.0	1.0	1.0	0.96	0.9	1.0	1.0
19400	0.9	0.98	1.0	0.92	0.92	1.0	1.0	1.0	0.98	1.0	1.0	1.0	0.96	0.92	1.0	1.0
19450	0.88	0.98	1.0	0.92	0.9	1.0	1.0	1.0	0.98	1.0	1.0	1.0	0.96	0.92	1.0	1.0
19500	0.88	0.98	1.0	0.9	0.9	1.0	1.0	1.0	0.98	1.0	1.0	1.0	0.96	0.9	1.0	1.0
19550	0.88	0.98	1.0	0.9	0.9	1.0	1.0	1.0	0.98	1.0	1.0	1.0	0.96	0.96	1.0	1.0
19600	0.9	0.98	1.0	0.92	0.9	1.0	1.0	1.0	0.98	1.0	1.0	1.0	0.98	0.94	1.0	1.0
19650	0.88	0.98	1.0	0.9	0.9	1.0	1.0	1.0	0.98	1.0	1.0	1.0	0.98	0.94	1.0	1.0
19700	0.88	0.98	1.0	0.9	0.92	1.0	1.0	1.0	0.98	1.0	1.0	1.0	0.96	0.94	1.0	1.0
19750	0.88	0.98	1.0	0.92	0.92	1.0	1.0	1.0	0.98	1.0	1.0	1.0	0.96	0.94	1.0	1.0
19800	0.9	0.98	1.0	0.92	0.9	1.0	1.0	1.0	1.0	1.0	1.0	1.0	0.96	0.94	1.0	1.0
19850	0.9	0.98	1.0	0.94	0.94	1.0	1.0	1.0	1.0	1.0	1.0	1.0	0.96	0.94	1.0	1.0
19900	0.9	0.98	1.0	0.94	0.94	1.0	1.0	1.0	1.0	1.0	1.0	1.0	0.96	0.94	1.0	1.0
19950	0.9	0.98	1.0	0.94	0.94	1.0	1.0	1.0	1.0	1.0	1.0	1.0	0.96	0.96	1.0	1.0
20000	0.92	0.98	1.0	0.96	0.94	1.0	1.0	1.0	1.0	1.0	1.0	1.0	0.96	0.96	1.0	1.0
