0	0	0	0	0	0	0	0	0	0	0	0	0	0	0	0	0	0
50	2	1	1	1	2	2	2	1	4	3	1	1	1	2	1	2	7
100	6	2	2	3	2	5	4	2	5	4	4	4	5	4	3	5	24
150	7	3	4	4	3	5	5	4	6	5	5	5	6	5	6	6	30
200	9	5	5	4	5	6	6	5	6	6	5	8	8	6	7	7	42
250	9	5	7	5	6	7	7	5	8	7	6	10	11	7	7	8	49
300	10	5	9	5	7	8	9	8	8	9	7	10	11	7	7	10	57
350	10	8	10	5	7	10	9	8	8	9	8	10	12	8	7	10	60
400	10	8	10	5	8	10	10	8	9	10	9	10	12	8	7	10	60
450	10	8	10	8	8	10	10	8	9	13	11	10	12	8	7	10	61
500	10	9	10	9	8	10	11	9	9	13	12	11	12	9	7	11	65
550	11	9	10	9	9	12	11	10	9	14	12	11	13	9	8	13	72
600	11	10	9	11	9	13	11	10	10	14	12	11	14	9	8	13	73
650	12	12	9	11	9	14	12	11	10	14	12	11	14	9	8	13	75
700	12	12	10	12	9	14	13	12	10	14	12	11	14	9	8	13	75
750	12	12	11	12	10	14	13	12	10	14	12	11	14	9	8	13	80
800	13	12	12	12	10	14	13	12	10	14	12	12	14	9	8	13	83
850	13	12	12	12	10	14	13	15	10	14	12	12	14	9	8	13	85
900	13	12	12	12	10	14	13	15	10	14	12	12	14	10	8	13	84
950	13	12	12	12	10	14	13	15	9	14	12	12	14	10	8	13	85
1000	13	12	12	12	10	14	13	15	9	14	12	12	14	10	8	13	85
1050	13	12	13	12	10	14	13	15	9	14	12	12	14	10	8	13	85
1100	13	12	13	12	10	14	13	15	9	14	12	12	14	11	8	13	85
1150	13	12	13	11	10	14	13	15	9	14	12	12	15	11	8	13	83
1200	13	12	13	11	10	14	13	15	9	14	12	12	15	11	8	13	84
1250	13	12	13	11	10	14	13	15	9	14	12	12	15	11	9	13	84
1300	13	12	13	11	10	14	13	15	10	14	12	12	15	11	9	14	85
1350	14	12	13	11	10	14	13	15	11	14	12	12	15	11	10	14	85
1400	14	12	13	11	10	14	13	15	11	14	12	12	15	12	11	14	86
1450	14	12	13	11	10	14	13	15	12	15	12	12	15	12	12	15	87
1500	14	12	13	11	10	14	13	15	12	15	12	12	15	12	12	15	87
1550	14	12	13	11	11	14	13	15	12	15	12	12	15	12	14	15	90
1600	14	12	13	12	11	14	13	15	11	15	12	12	15	12	14	15	89
1650	14	12	13	12	12	14	13	15	12	15	12	12	15	12	14	15	90
1700	14	12	13	12	13	14	13	15	14	15	12	12	15	12	14	15	91
1750	14	12	13	12	13	14	13	15	15	15	12	12	15	12	14	15	92
1800	14	12	13	12	13	14	13	15	14	15	12	13	15	12	14	15	90
1850	14	12	13	13	14	14	13	15	14	15	12	13	15	12	14	15	93
1900	14	12	13	13	15	14	13	15	15	15	12	13	15	12	13	15	91
1950	14	12	13	13	15	14	13	15	15	15	12	13	15	12	13	15	90
2000	14	12	14	13	16	14	13	15	15	15	12	14	15	13	14	15	93
2050	14	12	14	13	17	14	13	15	15	16	12	14	15	13	15	16	95
2100	14	12	14	13	17	14	13	15	15	16	12	14	15	13	16	16	94
2150	14	12	14	13	17	14	13	15	16	16	12	14	15	13	16	16	93
2200	14	12	14	13	17	14	13	15	18	16	12	14	15	13	16	16	93
2250	14	12	14	13	17	14	13	15	19	17	12	15	15	13	16	16	94
2300	14	12	16	13	18	14	13	15	19	17	12	15	15	13	16	16	95
2350	14	12	16	13	18	14	13	15	20	19	12	16	15	13	16	16	97
2400	14	12	17	14	18	14	13	15	20	19	12	16	15	13	16	16	98
2450	14	12	17	14	18	14	13	15	20	19	12	16	15	13	16	16	98
2500	14	12	17	14	18	14	13	15	20	18	12	17	15	13	16	16	98
2550	14	12	18	14	18	14	13	15	20	17	12	18	15	13	16	16	100
2600	14	12	17	15	18	14	13	15	20	17	12	18	15	13	16	16	98
2650	14	12	17	15	18	14	13	15	20	17	12	18	15	13	16	16	97
2700	14	12	17	15	18	14	13	15	20	17	12	18	15	13	16	16	97
2750	14	12	16	15	18	14	13	15	20	18	12	18	15	14	16	16	98
2800	14	11	17	16	18	14	13	15	20	18	12	19	15	14	16	16	101
2850	14	11	17	16	18	14	13	15	20	19	12	19	15	14	16	16	102
2900	14	11	17	16	18	14	13	15	20	19	12	19	14	14	16	16	101
2950	14	11	18	18	18	14	13	15	21	19	12	19	14	14	16	16	102
3000	14	11	19	18	18	14	14	15	21	19	12	20	14	14	16	16	104
3050	14	11	20	18	18	14	14	15	21	20	14	20	14	14	16	16	108
3100	14	11	20	18	18	14	14	15	21	20	14	21	14	16	16	16	110
3150	14	11	21	18	18	14	14	15	21	20	15	21	14	16	16	16	112
3200	14	11	21	18	18	14	14	15	22	19	15	21	14	16	16	16	112
3250	14	11	21	18	18	14	14	15	22	19	16	21	14	17	16	16	113
3300	14	11	21	18	18	14	14	15	22	19	17	23	14	17	16	16	116
3350	14	11	21	19	18	14	14	15	22	20	17	23	14	17	16	18	119
3400	14	11	22	19	18	14	14	15	22	21	17	23	14	17	16	19	121
3450	14	11	22	19	18	14	14	15	22	21	17	23	14	17	16	19	120
3500	14	11	22	19	18	14	14	15	23	21	17	23	14	17	16	20	121
3550	14	11	23	19	18	14	14	15	23	22	17	23	14	17	16	20	122
3600	14	11	23	19	18	14	14	15	23	22	17	23	14	17	16	20	122
3650	14	11	23	19	18	14	14	15	23	23	17	23	14	17	16	20	123
3700	14	11	23	19	18	14	14	15	23	24	17	23	14	17	16	20	124
3750	14	11	23	19	17	14	14	15	23	24	17	23	14	17	16	21	124
3800	14	11	23	19	17	14	14	15	23	24	17	23	14	17	16	22	125
3850	14	11	23	19	17	14	14	15	23	24	17	23	14	17	16	22	123
3900	14	11	23	19	18	14	14	15	23	24	18	23	14	17	16	22	123
3950	14	11	23	19	18	14	14	14	23	25	18	23	14	17	16	22	125
4000	14	11	23	19	18	14	14	14	23	25	18	23	14	17	16	22	125
4050	14	11	23	19	18	14	14	14	24	25	18	23	14	17	16	22	126
4100	14	11	23	19	18	14	14	14	24	25	18	23	14	17	16	22	126
4150	14	11	23	19	18	14	14	14	24	25	18	23	14	17	16	22	126
4200	14	11	23	19	18	14	14	14	24	25	18	23	14	17	16	22	126
4250	14	11	22	19	18	14	14	14	25	25	18	23	14	17	16	22	126
4300	14	11	22	19	18	14	14	14	25	25	18	23	14	17	16	22	125
4350	14	11	22	19	18	14	14	14	25	25	18	23	14	17	16	22	125
4400	14	11	23	19	18	14	14	14	25	25	18	23	14	18	16	22	124
4450	14	11	23	19	18	14	14	14	25	26	18	23	14	18	16	22	124
4500	14	11	23	19	18	14	14	14	25	26	18	23	14	18	16	22	123
4550	14	11	23	19	18	14	14	14	27	26	18	23	14	18	16	22	125
4600	14	11	23	19	19	14	14	14	27	26	18	23	14	18	16	22	126
4650	14	11	23	19	19	14	14	14	27	27	18	23	14	18	16	22	127
4700	14	11	23	19	19	14	14	14	27	27	18	23	14	18	16	22	127
4750	14	11	23	19	19	14	14	14	27	27	18	23	14	18	16	22	127
4800	14	11	23	19	20	14	14	14	27	27	18	23	14	18	16	22	128
4850	14	11	23	19	19	14	14	14	27	27	18	23	14	18	16	22	127
4900	14	11	23	19	19	14	14	14	27	27	18	23	14	19	16	22	128
4950	14	11	23	19	19	14	14	14	28	27	18	23	14	18	16	22	128
5000	14	11	23	19	19	14	14	14	28	27	18	23	14	18	16	22	128
5050	14	11	23	19	19	14	14	14	28	27	18	23	15	18	16	22	128
5100	15	11	23	19	19	14	14	14	28	27	18	23	15	18	16	22	128
5150	15	11	23	19	19	15	14	14	28	27	18	23	15	19	16	22	129
5200	15	11	23	19	19	15	14	14	29	27	18	23	15	19	16	22	130
5250	15	11	23	19	19	15	14	14	29	27	18	23	15	20	16	22	131
5300	15	11	23	19	19	15	14	14	29	27	18	23	15	20	16	22	132
5350	16	11	23	19	19	16	14	14	29	27	18	23	15	20	16	22	133
5400	16	11	23	19	19	16	14	14	29	27	18	23	15	20	16	22	133
5450	16	11	23	19	19	16	14	14	29	27	18	23	15	20	16	22	133
5500	16	11	23	19	19	17	14	14	29	27	18	23	15	20	16	22	134
5550	16	11	23	19	19	17	14	14	29	27	18	23	15	20	16	22	134
5600	16	11	23	19	20	17	14	14	29	27	18	23	15	20	16	22	135
5650	17	11	23	18	20	17	14	14	29	27	18	23	15	20	16	22	136
5700	19	11	23	18	20	17	14	14	29	27	18	24	15	21	15	22	138
5750	19	11	23	18	19	17	14	14	29	28	18	24	15	21	15	22	140
5800	19	11	23	18	19	17	14	14	29	28	18	24	15	21	15	22	140
5850	19	11	23	18	20	17	14	14	29	28	18	24	15	21	15	22	141
5900	20	11	23	18	20	17	14	14	29	28	18	24	15	21	15	22	142
5950	21	11	23	18	20	18	14	14	29	27	18	24	15	21	15	22	143
6000	21	11	23	18	20	18	14	14	29	27	18	25	15	21	15	22	144
6050	21	11	22	18	20	18	14	14	29	27	18	25	15	22	15	22	145
6100	21	11	22	18	20	18	14	14	29	27	18	25	15	22	15	22	145
6150	21	11	21	18	20	18	14	14	29	27	18	25	15	22	15	22	144
6200	21	11	21	18	20	18	14	14	29	27	18	25	15	22	15	22	143
6250	22	11	21	18	20	18	14	14	29	27	18	24	15	22	15	22	144
6300	22	11	22	18	20	18	14	15	28	27	18	24	15	22	15	22	144
6350	22	11	22	18	20	18	14	15	28	27	18	24	15	22	15	22	143
6400	22	11	22	18	20	18	14	15	28	27	18	24	15	22	15	22	143
6450	22	11	21	18	20	18	14	16	28	27	18	24	15	22	15	22	145
6500	22	11	21	18	20	18	14	16	27	27	18	24	15	22	16	22	143
6550	22	11	21	18	20	18	14	16	27	27	18	24	15	22	16	22	144
6600	22	11	22	18	20	18	14	16	27	27	18	24	15	22	17	22	144
6650	22	11	23	18	20	18	14	16	27	27	18	24	15	22	17	22	144
6700	22	11	23	18	21	18	14	16	27	27	18	24	15	22	16	22	144
6750	22	11	23	18	21	18	14	17	27	27	18	24	15	22	17	22	146
6800	22	11	23	18	21	18	14	17	27	27	18	24	15	22	17	22	146
6850	22	11	23	18	21	18	14	17	27	27	18	24	15	22	17	22	146
6900	22	11	23	18	21	18	14	18	27	27	18	23	15	22	17	22	147
6950	22	11	23	18	21	18	14	18	27	27	18	23	15	22	17	22	147
7000	22	11	23	18	21	18	14	18	27	27	18	23	15	22	17	22	146
7050	22	11	23	18	21	18	14	18	27	27	18	23	15	22	17	22	146
7100	22	11	24	18	21	18	14	18	27	27	18	22	15	22	18	22	147
7150	22	11	24	18	21	18	14	18	27	27	18	22	15	22	17	22	146
7200	22	11	25	18	21	18	14	19	27	27	18	22	15	22	17	22	148
7250	22	11	26	18	21	18	14	19	27	26	18	22	15	22	18	22	150
7300	22	11	26	18	21	18	14	19	27	26	18	22	15	22	18	22	151
7350	22	11	26	18	21	17	14	19	27	26	18	22	15	22	18	22	150
7400	22	11	26	18	21	17	14	19	27	26	18	22	15	22	18	23	150
7450	22	11	26	18	21	17	14	19	27	26	18	22	15	22	18	22	150
7500	22	11	26	18	21	17	14	20	27	26	18	22	15	22	18	22	151
7550	22	11	26	18	21	17	14	20	27	26	18	22	15	22	18	22	151
7600	22	11	26	18	21	17	14	21	27	26	18	22	15	22	18	23	153
7650	22	11	26	18	21	17	14	21	27	26	18	22	15	22	18	23	153
7700	22	11	26	18	21	17	14	21	27	26	18	22	15	22	18	23	153
7750	22	11	26	18	21	17	14	21	27	27	18	22	15	22	19	24	154
7800	22	11	26	18	21	17	14	22	27	28	18	22	15	22	20	24	156
7850	22	11	26	18	21	17	14	22	25	28	18	22	15	22	20	25	155
7900	22	11	25	18	21	17	14	22	25	28	18	22	15	22	21	25	156
7950	22	11	25	18	20	17	14	22	25	28	18	22	15	22	21	25	156
8000	22	11	25	18	20	17	14	22	25	28	18	21	15	22	21	27	156
8050	22	11	25	18	20	18	14	22	25	28	18	21	15	22	21	27	155
8100	22	11	25	18	20	18	14	22	25	28	18	21	15	22	21	27	154
8150	22	11	25	18	20	18	14	22	25	28	18	21	15	22	21	27	154
8200	22	11	25	18	20	18	14	22	25	29	18	21	15	22	21	27	155
8250	22	11	25	18	20	18	14	22	25	29	18	21	15	22	21	27	156
8300	22	11	25	18	20	18	14	22	25	29	18	21	15	22	22	27	157
8350	22	11	25	18	20	18	14	22	25	29	18	21	15	22	22	27	157
8400	22	11	25	18	20	18	14	22	25	29	18	21	15	22	22	27	157
8450	22	11	25	17	21	18	14	21	25	29	18	21	15	22	22	27	156
8500	22	11	25	17	21	18	14	21	25	29	18	21	15	22	22	27	156
8550	21	11	25	17	21	18	14	21	25	29	18	21	15	22	22	27	155
8600	21	11	25	17	21	18	14	21	25	29	18	21	15	22	22	27	155
8650	21	11	25	17	21	18	14	21	25	29	18	21	15	22	22	27	155
8700	21	11	25	17	19	18	14	21	25	29	18	21	15	22	22	27	152
8750	20	11	25	17	20	18	14	21	25	29	18	21	15	22	22	27	153
8800	19	11	25	17	20	17	14	21	25	29	18	21	15	22	22	27	151
8850	19	11	25	17	20	17	14	21	25	29	18	21	15	22	22	27	151
8900	19	11	25	17	20	17	14	21	25	29	18	21	15	22	21	28	151
8950	19	11	24	17	20	17	14	21	25	29	18	21	15	22	21	28	149
9000	19	11	24	17	21	17	14	21	25	29	18	20	15	22	21	28	149
9050	19	11	24	17	22	17	14	21	24	28	18	20	15	22	21	28	147
9100	19	11	24	17	22	17	14	21	24	28	18	20	15	22	21	28	147
9150	19	11	24	17	22	17	14	21	24	28	18	20	15	22	21	28	147
9200	19	11	24	17	21	17	14	21	24	28	18	20	15	22	21	28	148
9250	19	11	24	17	21	17	14	21	24	28	18	20	15	22	21	28	148
9300	19	11	24	17	22	17	14	21	24	28	18	20	15	22	21	28	149
9350	19	11	24	17	21	17	14	21	24	28	18	20	15	22	21	28	148
9400	19	11	24	17	21	17	14	21	23	28	18	20	15	22	20	28	148
9450	19	11	24	17	22	17	14	21	23	29	18	20	15	22	20	28	148
9500	19	11	24	17	22	17	14	21	23	29	18	20	15	22	20	28	148
9550	19	11	24	17	23	17	14	21	23	28	18	20	15	22	20	28	148
9600	19	11	24	17	25	17	14	21	23	28	18	20	15	22	20	28	150
9650	19	11	24	17	25	17	14	21	23	28	18	20	15	22	20	28	150
9700	19	11	24	17	25	17	14	21	23	28	18	20	15	22	20	28	150
9750	19	11	24	17	23	17	14	21	24	28	18	20	15	22	20	28	148
9800	19	11	24	17	23	17	14	21	24	28	18	20	15	22	20	28	148
9850	19	11	24	17	24	17	14	21	24	29	18	20	15	22	20	28	150
9900	19	11	24	17	25	17	14	21	24	27	18	20	15	22	20	28	148
9950	19	11	24	17	25	17	14	21	24	27	18	20	15	22	20	28	148
10000	19	11	24	17	26	17	14	21	24	27	18	20	15	22	20	28	148
10050	20	13	25	17	27	17	15	22	24	29	19	20	16	22	21	28	151
10100	21	13	25	18	28	17	15	24	26	31	20	20	16	22	21	28	155
10150	21	13	26	20	30	18	15	24	26	30	21	20	17	22	22	29	159
10200	23	15	27	20	31	18	16	24	27	31	22	21	17	22	23	31	167
10250	24	15	27	20	32	19	16	25	28	31	23	21	18	23	24	31	169
10300	24	15	28	20	33	19	17	26	29	31	23	21	19	24	24	30	171
10350	24	17	28	21	33	20	17	26	29	32	23	21	20	24	25	30	173
10400	25	17	28	21	33	21	18	27	29	34	24	22	20	24	26	31	179
10450	25	17	28	21	34	21	20	27	29	35	23	22	20	24	27	32	181
10500	25	17	29	22	34	21	21	28	29	36	24	23	21	24	28	32	186
10550	25	18	29	22	34	21	21	29	29	36	24	23	21	24	28	32	187
10600	25	18	30	22	35	21	21	29	29	36	24	23	21	24	28	33	188
10650	25	18	30	22	35	22	22	29	30	37	24	23	22	24	28	33	191
10700	25	18	30	22	35	22	23	28	30	37	25	24	22	24	28	33	189
10750	25	20	30	22	35	22	23	28	30	37	25	25	24	24	28	34	193
10800	25	21	30	22	35	22	23	29	31	38	25	26	27	24	28	34	198
10850	25	22	30	22	35	23	24	29	32	38	26	26	27	24	28	35	201
10900	25	23	29	22	36	23	24	30	32	39	26	27	28	24	28	36	206
10950	25	23	29	22	36	24	24	30	33	39	26	27	28	24	28	36	204
11000	25	24	29	22	36	24	24	30	33	39	27	27	28	24	28	36	204
11050	25	24	29	22	36	24	24	30	33	39	27	28	28	24	28	36	204
11100	25	24	29	22	35	24	24	30	34	39	27	28	28	24	28	36	201
11150	25	24	29	22	35	24	24	30	34	39	28	29	28	24	28	36	205
11200	25	25	29	22	35	24	24	30	34	39	28	29	29	24	28	37	207
11250	25	26	29	22	35	24	24	30	34	39	28	29	29	24	28	37	207
11300	25	26	29	22	35	24	24	30	34	39	28	29	29	24	28	37	207
11350	25	26	29	22	35	24	25	30	34	39	28	29	29	24	28	37	206
11400	25	26	29	22	34	24	25	31	34	39	28	30	29	26	28	37	209
11450	26	26	29	22	34	24	25	31	34	40	28	29	29	26	28	37	209
11500	27	26	29	22	34	24	25	31	34	40	28	29	29	27	28	37	209
11550	27	27	29	23	34	24	25	31	34	40	28	29	30	27	28	37	211
11600	27	27	29	22	34	24	25	31	35	40	28	29	30	27	28	37	211
11650	27	27	29	22	34	24	24	31	36	40	28	29	30	27	28	38	212
11700	28	27	29	23	34	24	24	31	36	40	29	29	30	27	28	38	215
11750	28	27	29	24	35	24	24	31	36	40	30	29	30	28	28	38	218
11800	28	27	28	25	35	24	24	31	36	40	31	30	30	29	28	38	218
11850	28	27	28	25	35	24	24	32	36	40	31	30	30	30	28	38	221
11900	28	27	28	25	35	24	24	32	36	40	31	31	30	30	28	38	221
11950	28	27	28	26	36	24	24	32	36	40	31	31	30	30	28	38	223
12000	28	26	28	26	38	23	24	32	36	40	31	32	30	30	28	38	223
12050	28	26	28	26	38	23	24	32	37	40	31	32	30	30	28	38	224
12100	28	27	28	28	38	23	24	32	37	40	32	32	30	29	28	38	227
12150	28	27	29	29	38	23	24	32	37	40	32	32	30	29	28	38	227
12200	28	27	29	29	38	23	24	32	37	40	32	32	30	29	28	38	226
12250	28	27	29	29	38	23	24	32	37	40	32	32	30	29	28	38	226
12300	28	28	29	29	38	23	24	32	37	40	32	32	30	29	28	38	228
12350	28	28	29	29	39	23	24	32	37	41	32	32	30	30	28	38	228
12400	27	28	29	29	39	23	24	32	37	41	31	32	30	30	28	38	227
12450	27	28	29	29	39	23	24	32	37	41	31	33	30	31	28	38	228
12500	27	28	29	29	38	23	24	32	37	42	31	33	30	31	27	38	227
12550	27	28	29	29	38	23	24	32	37	42	31	33	30	31	27	38	228
12600	27	28	29	29	38	23	24	32	37	42	31	33	30	31	27	38	228
12650	27	28	29	29	38	23	24	32	36	42	31	33	30	30	27	38	226
12700	27	28	29	29	37	23	24	32	36	42	33	33	30	31	27	38	227
12750	27	28	29	29	37	23	24	32	35	42	34	33	29	32	27	38	228
12800	27	28	29	29	37	23	24	32	35	42	34	33	29	32	27	38	227
12850	27	28	29	28	36	23	24	32	36	42	34	32	29	32	27	38	227
12900	27	29	29	29	35	23	24	32	38	42	34	32	29	32	27	38	229
12950	27	29	29	29	34	23	24	32	37	42	34	32	29	32	27	38	228
13000	27	29	29	29	34	23	24	32	37	42	34	32	29	34	27	37	229
13050	27	29	29	30	33	23	24	32	38	42	34	32	29	35	27	37	231
13100	27	28	29	29	33	23	24	32	38	42	34	32	29	34	27	37	230
13150	27	28	28	30	33	23	24	32	39	41	34	32	29	33	27	37	232
13200	27	29	28	30	33	23	24	32	39	41	34	32	29	31	27	37	232
13250	27	29	28	31	33	23	24	31	39	41	34	31	29	31	27	37	232
13300	27	29	28	32	33	23	24	31	40	41	34	31	29	32	27	37	234
13350	27	29	28	32	33	23	24	31	40	41	34	31	29	33	27	37	235
13400	27	29	29	32	33	23	24	31	40	41	35	31	29	33	27	37	236
13450	28	29	29	32	33	23	24	31	40	40	35	31	29	33	27	37	236
13500	30	29	30	32	33	23	24	31	40	40	35	31	29	32	27	37	237
13550	30	30	30	32	33	23	24	30	41	40	35	31	29	32	27	37	238
13600	30	30	30	32	33	23	24	30	41	40	34	31	29	33	27	37	238
13650	30	30	30	33	33	23	24	29	42	40	34	31	29	33	27	37	240
13700	30	30	30	33	32	23	24	29	43	39	34	31	29	33	27	37	239
13750	30	29	30	33	32	23	24	29	43	39	34	31	29	34	27	37	239
13800	29	29	30	34	32	23	24	29	43	39	33	31	29	34	27	37	240
13850	30	28	30	34	32	23	24	29	43	39	33	31	29	35	27	37	241
13900	30	28	30	34	32	23	24	29	43	39	33	31	29	35	27	37	241
13950	30	29	30	34	32	23	24	29	42	39	33	31	29	35	27	37	244
14000	30	29	30	33	32	23	24	29	42	39	33	31	29	35	27	37	243
14050	31	29	30	34	31	23	24	29	43	39	33	31	29	35	27	37	245
14100	31	30	30	35	31	23	24	29	43	39	33	31	29	35	27	37	246
14150	31	31	30	36	32	23	24	29	43	39	33	31	29	36	27	37	248
14200	32	31	30	36	32	23	24	29	43	39	33	31	29	36	27	37	249
14250	32	31	30	36	32	23	24	29	43	39	33	31	29	36	27	37	249
14300	33	31	30	35	32	23	24	29	42	39	33	31	29	36	27	37	251
14350	34	32	30	36	32	23	24	29	43	38	33	31	29	37	27	37	253
14400	34	32	30	37	32	23	24	29	42	38	33	31	28	37	27	37	252
14450	34	32	30	37	32	23	24	29	42	38	33	31	28	38	27	37	253
14500	35	32	30	37	32	23	24	29	42	38	33	31	28	39	27	37	254
14550	35	32	30	37	32	23	25	29	42	38	33	31	28	39	27	36	252
14600	36	32	30	37	32	23	25	29	41	38	33	31	28	39	27	36	252
14650	36	33	30	38	32	23	25	28	41	38	33	31	28	38	27	36	253
14700	37	34	30	38	32	23	26	28	41	38	33	31	28	38	27	36	255
14750	39	34	30	38	31	23	26	28	41	38	33	31	28	38	27	36	257
14800	39	35	30	38	31	23	26	28	41	38	33	31	28	38	27	36	258
14850	40	35	30	38	31	23	26	28	41	38	33	31	28	38	27	35	258
14900	40	35	30	38	31	23	26	28	41	37	33	31	28	38	27	35	258
14950	40	35	30	38	31	23	26	27	41	37	34	31	29	38	27	35	257
15000	40	35	30	38	31	23	26	27	40	37	34	31	28	38	27	35	257
15050	40	35	30	38	31	23	26	27	40	37	34	31	28	38	27	35	255
15100	40	35	30	38	31	23	26	27	40	37	34	31	28	38	27	35	254
15150	38	35	30	38	31	23	26	27	40	37	34	31	28	38	27	35	253
15200	38	35	30	38	31	22	26	27	40	37	34	31	28	38	27	35	254
15250	38	35	30	38	31	22	26	27	40	36	33	31	28	38	27	35	252
15300	37	36	30	38	31	22	26	27	40	36	33	32	28	38	27	35	253
15350	38	35	30	38	31	22	26	27	40	36	33	32	29	38	27	35	254
15400	39	35	30	38	31	22	26	27	40	36	33	32	29	37	27	34	253
15450	38	35	30	38	31	22	27	27	40	35	33	32	29	37	27	34	252
15500	39	35	30	38	31	22	27	28	40	35	33	32	29	37	27	34	253
15550	39	35	30	38	31	22	27	28	41	35	33	32	29	37	27	34	254
15600	39	35	30	38	31	22	27	28	41	35	33	33	29	37	27	34	255
15650	40	35	30	38	31	22	27	28	41	35	33	33	30	37	27	34	256
15700	40	35	30	38	29	22	27	27	41	35	33	33	30	37	27	34	254
15750	40	35	30	38	29	22	27	27	41	35	33	33	30	37	27	34	254
15800	40	35	30	38	29	22	27	27	41	35	32	33	30	37	27	34	254
15850	41	36	30	38	29	22	27	27	41	35	32	33	30	35	27	34	255
15900	40	36	30	38	29	22	28	27	41	35	33	33	30	35	28	34	254
15950	41	37	30	38	29	22	28	26	41	35	33	33	30	35	28	34	255
16000	41	38	30	38	28	22	28	26	41	35	34	33	30	35	28	34	254
16050	41	38	30	38	27	22	28	26	41	35	35	33	30	35	27	34	255
16100	41	38	30	38	27	22	29	26	41	35	35	33	30	35	27	34	255
16150	41	38	30	38	27	22	29	26	41	35	36	33	30	36	26	34	257
16200	42	38	30	38	26	22	29	26	41	33	36	33	30	36	26	34	255
16250	42	39	30	38	26	22	29	25	41	33	36	33	30	36	26	34	256
16300	41	39	30	38	26	22	29	25	41	33	36	33	30	36	27	34	255
16350	41	39	30	38	26	22	29	25	41	32	36	32	30	36	27	34	253
16400	40	39	30	38	26	22	29	25	41	32	36	32	30	36	28	34	255
16450	40	39	30	38	26	22	29	25	41	32	36	32	30	36	28	34	255
16500	39	39	30	38	26	22	29	25	41	32	36	32	30	36	28	34	254
16550	39	39	30	38	25	22	29	25	41	32	36	32	30	36	29	34	254
16600	39	39	30	38	25	22	27	25	40	32	36	32	30	36	29	34	253
16650	39	39	30	38	25	22	27	25	40	32	36	32	30	36	28	34	254
16700	39	39	30	38	25	22	27	25	39	32	36	32	30	36	28	34	253
16750	39	39	29	38	25	22	27	25	39	32	35	31	30	36	28	34	252
16800	39	39	29	38	25	22	27	25	39	32	35	31	30	36	30	34	254
16850	39	40	29	38	25	22	27	25	39	32	35	31	30	36	31	34	256
16900	39	40	29	38	25	22	27	25	39	32	35	30	30	36	31	34	256
16950	40	40	29	38	25	22	27	25	39	32	34	30	30	36	31	34	255
17000	40	40	29	38	25	22	27	25	39	31	34	30	30	36	31	34	255
17050	41	40	29	38	25	22	27	25	39	31	34	30	30	36	31	34	254
17100	40	40	29	37	25	22	27	25	39	31	34	29	30	36	32	34	254
17150	39	40	29	37	25	22	27	25	39	31	34	29	30	36	32	34	253
17200	39	40	29	36	25	22	27	25	39	31	34	29	30	36	32	34	252
17250	39	40	29	36	25	22	27	25	39	31	34	29	30	36	32	34	252
17300	39	40	29	36	25	22	27	25	39	31	34	29	30	36	32	33	252
17350	39	40	29	36	25	21	27	25	39	31	34	29	30	36	32	33	252
17400	39	40	29	36	25	21	27	25	39	31	34	29	30	36	32	33	251
17450	39	40	29	36	25	21	27	25	39	31	34	29	30	36	32	32	250
17500	39	40	29	36	25	21	27	25	39	31	34	29	31	36	32	32	251
17550	39	40	29	36	25	21	27	25	39	31	34	29	31	36	32	32	251
17600	39	40	29	36	25	21	27	25	39	31	33	29	30	36	32	32	250
17650	39	39	29	36	25	21	27	26	39	31	33	29	30	36	32	32	250
17700	39	39	29	36	25	21	27	26	39	31	33	29	30	36	32	32	250
17750	39	39	29	36	25	21	27	26	39	31	33	29	30	36	32	32	250
17800	39	39	29	36	25	21	27	26	39	31	33	29	30	36	32	32	250
17850	39	39	29	36	25	21	27	26	39	31	32	27	30	36	32	32	248
17900	39	39	29	36	25	21	27	25	39	31	32	27	30	37	33	32	250
17950	39	39	29	36	25	21	26	25	39	31	32	27	30	37	33	32	250
18000	39	39	29	36	24	21	26	26	39	31	31	27	30	37	33	32	251
18050	39	41	29	36	24	21	26	26	40	31	31	27	30	37	34	32	254
18100	39	41	29	36	24	21	26	26	40	31	31	26	30	37	34	32	253
18150	39	41	29	36	24	21	26	27	40	31	31	26	30	37	35	32	253
18200	37	41	29	36	24	21	26	27	40	31	31	26	30	37	34	31	252
18250	38	41	29	36	24	21	26	27	40	31	31	26	30	37	34	31	252
18300	38	41	29	36	24	21	26	27	40	31	31	26	29	37	34	31	252
18350	38	41	29	36	24	21	26	27	40	31	31	26	29	37	34	31	252
18400	38	41	29	36	24	21	25	27	40	31	31	26	29	36	34	31	251
18450	38	40	29	36	24	21	25	27	40	31	31	26	29	36	34	31	251
18500	38	40	29	36	24	21	26	27	40	31	31	26	29	38	34	31	253
18550	39	40	29	36	24	21	26	27	40	31	31	26	29	38	34	31	252
18600	39	40	29	36	24	21	26	27	40	31	31	26	29	38	34	31	251
18650	39	40	29	36	24	21	25	27	40	30	31	26	29	39	34	32	251
18700	39	40	29	36	23	21	25	27	40	30	31	26	29	39	34	32	250
18750	41	40	29	36	23	21	25	27	40	30	31	26	29	39	34	32	251
18800	41	40	29	36	23	21	25	27	40	30	30	26	29	40	34	32	252
18850	41	38	30	36	23	21	25	26	40	30	30	26	29	40	34	32	251
18900	40	38	30	36	23	21	25	26	40	30	30	26	29	41	34	32	251
18950	41	38	30	36	23	21	25	26	40	30	30	26	28	41	34	31	251
19000	42	38	31	36	23	21	25	26	40	30	30	26	28	41	34	31	254
19050	42	38	31	36	23	21	25	26	40	27	30	26	27	41	34	31	253
19100	42	38	31	36	23	21	25	26	40	27	30	26	27	41	34	31	253
19150	42	38	31	36	23	21	25	28	40	27	30	26	26	41	34	31	254
19200	41	38	31	36	23	21	25	27	40	27	30	26	26	41	33	31	252
19250	41	38	31	36	23	21	25	28	40	27	30	26	27	39	33	31	251
19300	41	38	30	36	23	21	25	28	40	27	30	26	27	39	33	31	250
19350	41	38	30	36	23	21	25	28	40	27	30	26	27	39	34	32	252
19400	41	38	30	36	23	21	25	28	39	27	30	26	27	39	34	32	252
19450	41	38	30	36	23	21	25	28	39	27	30	26	27	39	34	33	253
19500	41	38	30	36	23	21	25	27	39	28	30	26	27	39	34	33	253
19550	41	38	30	36	23	21	25	27	39	28	29	26	27	38	34	33	252
19600	41	38	29	36	23	21	25	28	39	28	29	26	27	38	34	32	250
19650	41	38	29	36	23	21	25	29	38	28	29	26	27	38	34	31	249
19700	41	39	29	36	23	21	25	29	38	28	29	26	27	38	34	31	249
19750	40	39	29	36	23	21	25	29	38	28	29	26	28	38	34	31	248
19800	40	38	29	36	23	21	25	29	37	28	29	26	28	38	34	31	248
19850	40	38	29	36	23	21	25	30	37	28	29	26	28	38	34	31	248
19900	40	38	29	36	23	21	25	29	37	29	29	26	28	38	34	31	248
19950	40	38	29	36	23	21	25	29	37	29	30	26	28	38	34	31	248
20000	40	38	29	36	23	21	25	29	37	29	29	26	28	38	34	32	248
