0	0	0	0	0	0	0	0	0	0	0	0	0	0	0	0	0	0
50	2	1	2	1	1	2	2	1	1	2	2	2	1	1	2	3	6
100	3	2	3	1	3	5	4	4	7	5	4	4	2	2	4	5	19
150	3	5	4	3	6	7	5	4	7	6	7	6	5	6	5	5	32
200	5	8	7	5	7	7	6	4	8	7	7	7	7	7	6	6	40
250	6	7	9	7	8	7	6	6	8	7	7	8	8	7	6	6	43
300	6	8	10	7	8	7	8	7	8	7	8	9	9	7	7	6	46
350	7	9	10	7	8	7	8	7	9	8	9	9	9	8	7	7	51
400	7	10	10	9	9	8	9	7	9	8	9	9	9	8	7	8	53
450	7	11	9	11	10	8	9	8	8	9	9	9	9	8	8	9	52
500	7	11	9	11	10	9	9	8	9	9	10	9	9	9	8	9	53
550	7	11	10	10	10	10	9	8	10	10	10	9	8	9	9	10	56
600	7	12	10	11	11	10	10	9	10	10	10	9	9	10	9	12	60
650	7	12	11	10	11	10	12	9	11	10	10	9	9	11	9	13	61
700	7	13	11	10	11	10	12	10	11	10	10	9	9	11	9	14	62
750	7	13	11	11	11	10	12	10	11	10	10	9	9	12	9	14	64
800	7	13	11	11	12	10	12	10	12	10	10	10	9	12	9	14	67
850	7	13	12	11	12	10	12	10	13	10	10	10	9	12	9	14	68
900	7	13	12	11	12	10	12	10	13	10	10	10	9	12	9	14	68
950	7	13	12	11	12	10	12	10	13	10	10	10	9	12	9	14	65
1000	7	13	12	11	12	10	12	10	13	10	10	10	9	12	10	14	64
1050	7	13	12	11	13	10	12	10	13	10	10	10	9	12	10	15	67
1100	7	13	12	11	13	10	12	10	13	10	10	10	9	12	10	15	65
1150	7	13	12	11	13	10	12	10	13	10	10	10	9	12	10	15	65
1200	7	13	12	11	13	10	13	10	13	10	10	10	9	12	10	15	66
1250	7	13	12	11	13	10	13	10	13	10	10	10	9	12	10	15	64
1300	7	13	12	11	13	10	13	10	13	10	10	10	9	12	10	15	65
1350	7	13	12	11	13	10	14	11	13	11	10	10	9	12	10	15	65
1400	7	13	12	11	13	10	14	11	13	11	10	10	9	12	10	14	65
1450	7	13	12	11	13	10	14	11	13	12	10	10	9	12	10	14	66
1500	7	13	12	11	13	10	14	11	13	12	10	10	9	12	10	14	65
1550	7	13	12	12	13	10	14	11	12	11	10	11	9	12	10	14	65
1600	7	13	12	12	13	10	14	12	12	11	10	11	9	12	11	14	65
1650	7	13	12	13	13	10	14	13	12	11	10	12	9	12	11	14	66
1700	8	13	12	12	13	10	14	13	12	12	10	13	9	12	11	14	69
1750	8	14	13	12	13	10	14	13	12	12	10	13	9	12	11	14	70
1800	10	14	13	12	13	10	14	13	12	12	10	14	10	12	11	14	72
1850	10	14	13	13	13	11	14	13	12	13	10	14	10	12	11	14	75
1900	10	14	13	13	13	11	14	14	12	14	10	14	10	12	11	14	77
1950	10	14	13	12	13	11	14	14	12	14	10	14	10	12	11	14	77
2000	11	14	14	13	13	11	14	13	12	14	10	14	10	12	11	14	79
2050	11	14	14	14	13	11	14	13	13	15	10	15	11	12	11	14	82
2100	11	14	14	14	13	11	14	15	13	15	10	15	12	12	11	14	84
2150	11	14	14	14	13	12	14	15	13	15	10	15	12	12	11	14	85
2200	12	14	14	15	13	15	14	15	13	15	10	15	12	12	11	14	91
2250	12	14	14	14	13	15	14	16	14	15	10	15	12	12	11	14	90
2300	12	14	15	15	13	15	14	16	14	15	10	16	12	12	11	14	90
2350	12	14	15	17	13	16	14	16	14	15	10	16	12	12	11	14	92
2400	13	14	15	17	14	16	14	16	14	15	10	16	12	12	11	14	92
2450	13	14	16	17	14	16	15	16	14	15	9	16	13	12	11	14	93
2500	13	14	16	17	14	16	15	16	14	14	9	16	13	12	11	14	94
2550	13	14	17	18	14	16	15	16	14	14	9	16	14	12	11	14	98
2600	13	14	17	18	14	18	15	16	15	14	9	16	14	12	11	14	101
2650	13	14	17	18	14	18	15	18	15	15	10	16	14	12	11	14	102
2700	13	14	18	18	15	18	15	18	15	15	10	15	13	12	11	14	102
2750	13	14	18	18	15	18	15	18	15	15	10	17	13	12	11	14	102
2800	13	14	18	18	15	19	15	18	15	15	10	17	14	12	11	14	104
2850	13	14	18	19	15	20	15	18	15	15	10	17	15	12	11	14	106
2900	13	14	18	19	15	21	15	19	15	15	10	17	15	12	11	14	106
2950	14	14	18	19	15	21	15	19	15	15	10	17	15	12	11	14	107
3000	14	14	18	19	16	21	15	19	15	15	10	17	15	12	11	14	108
3050	14	14	18	19	17	21	15	19	15	15	10	17	16	12	11	14	111
3100	14	14	18	19	18	21	15	19	15	15	10	17	16	13	11	14	112
3150	14	14	18	19	18	21	15	19	15	15	10	17	16	13	11	14	113
3200	14	14	18	19	18	21	15	19	15	15	10	17	16	13	11	14	111
3250	14	14	19	19	18	21	15	19	15	16	10	18	16	14	11	14	112
3300	14	14	19	19	17	21	15	19	15	16	10	18	16	14	11	14	111
3350	14	14	19	18	17	21	15	19	15	16	10	18	16	14	11	14	109
3400	14	14	19	18	17	21	15	19	15	16	10	19	16	15	11	14	111
3450	14	14	19	18	18	21	15	19	15	16	10	19	16	15	12	14	111
3500	15	14	19	18	18	21	15	19	15	16	10	19	16	15	12	14	113
3550	15	14	19	18	18	21	15	19	15	16	10	19	16	15	12	14	113
3600	15	14	19	17	19	21	16	19	15	16	10	19	16	15	12	14	115
3650	16	14	20	17	20	21	16	19	15	16	10	19	16	15	14	14	116
3700	16	14	20	17	22	21	17	19	15	16	10	19	16	15	15	14	117
3750	16	14	20	17	22	21	17	19	15	16	10	19	16	15	16	14	118
3800	16	14	20	17	22	21	17	19	15	16	10	19	16	15	17	14	120
3850	16	14	20	17	22	21	18	19	15	16	10	19	16	15	17	14	120
3900	18	14	20	17	22	21	18	18	15	16	10	19	16	15	17	14	121
3950	18	14	20	17	22	21	18	18	15	16	10	20	16	16	17	14	121
4000	18	14	20	18	22	21	18	18	15	16	11	20	16	16	18	14	120
4050	18	14	20	17	22	21	18	18	15	16	11	20	16	16	18	14	119
4100	18	14	20	17	22	21	18	18	15	16	11	20	16	16	18	14	119
4150	19	14	20	17	22	21	18	18	15	16	11	20	16	16	18	14	120
4200	20	14	20	17	22	21	18	18	15	16	11	20	16	16	18	14	120
4250	20	14	20	17	22	21	18	18	15	16	12	20	16	16	18	14	121
4300	20	14	20	17	22	21	18	18	15	16	12	20	16	16	18	14	120
4350	20	14	20	16	22	21	18	18	15	16	12	20	16	16	18	14	118
4400	20	14	20	17	22	21	18	18	15	17	12	20	16	16	18	14	119
4450	20	14	20	17	22	21	18	18	15	17	12	19	16	16	18	14	118
4500	20	14	20	18	22	21	19	18	15	17	14	19	16	16	18	14	122
4550	20	14	20	17	22	21	19	19	15	17	15	19	16	16	18	14	123
4600	20	14	20	17	22	21	19	19	15	17	15	19	16	16	18	14	123
4650	20	14	20	17	22	21	19	19	15	17	14	19	16	16	18	14	123
4700	20	14	20	17	22	21	19	19	15	17	14	19	16	16	18	14	123
4750	20	14	20	17	22	21	19	19	15	17	16	19	16	17	18	14	125
4800	20	14	20	17	22	21	19	19	15	17	16	19	16	17	18	14	125
4850	20	14	20	18	22	21	19	19	15	17	16	19	16	17	18	14	127
4900	20	14	20	18	22	21	19	19	15	17	18	19	16	18	18	14	129
4950	20	14	20	18	22	21	19	19	15	17	18	19	16	18	18	14	129
5000	20	14	20	19	22	21	19	19	15	17	18	19	16	18	18	14	129
5050	20	14	20	19	22	21	21	19	14	17	18	19	16	18	18	14	131
5100	21	14	20	19	22	21	21	18	14	17	18	19	16	18	18	14	132
5150	21	14	20	20	22	21	21	18	14	17	18	19	16	17	18	14	131
5200	21	14	20	20	22	20	21	18	14	17	18	19	16	17	18	14	131
5250	21	14	20	20	22	21	21	18	14	17	18	19	16	17	18	14	130
5300	21	14	20	20	22	21	21	18	14	17	18	19	16	17	18	14	130
5350	21	14	20	20	22	21	21	18	14	17	18	19	16	18	18	14	131
5400	21	14	20	20	22	21	21	18	14	17	18	19	16	18	18	14	131
5450	21	14	21	20	22	21	21	18	14	17	18	19	16	18	18	14	131
5500	21	14	22	20	22	21	22	18	14	17	18	19	16	18	18	14	131
5550	21	13	22	20	22	21	22	18	14	17	17	19	16	18	18	14	130
5600	21	13	22	22	22	21	21	18	14	17	17	19	16	19	18	14	132
5650	21	13	21	22	22	21	21	18	14	17	17	19	16	20	18	14	133
5700	21	13	22	22	22	21	21	18	14	17	17	19	15	20	17	14	132
5750	21	13	22	23	22	21	21	18	14	17	17	19	15	20	17	14	133
5800	21	13	22	23	22	21	21	18	14	17	17	19	15	20	17	14	133
5850	21	13	23	22	22	21	22	18	14	17	17	19	15	20	17	14	134
5900	21	13	23	23	22	21	22	18	14	17	17	19	15	20	17	14	135
5950	21	13	23	24	22	21	22	18	14	17	16	19	15	19	17	14	135
6000	21	13	23	25	22	21	22	18	14	17	16	19	16	19	17	14	136
6050	21	13	24	25	22	21	22	18	14	17	16	19	16	20	17	14	138
6100	21	13	24	25	22	21	23	18	14	17	16	19	17	20	17	14	140
6150	21	13	25	24	22	21	23	18	14	17	16	19	17	20	17	14	138
6200	21	13	25	24	22	21	23	18	14	17	16	20	17	20	17	14	138
6250	21	13	25	24	22	21	23	18	14	17	16	20	17	20	17	14	138
6300	21	13	26	24	22	21	23	18	14	17	17	20	17	22	17	13	140
6350	21	13	26	24	22	21	23	18	14	16	17	20	17	22	17	13	141
6400	21	13	26	24	22	21	23	18	14	16	17	20	18	22	17	13	141
6450	21	13	26	24	22	21	24	18	14	16	17	20	18	22	17	13	142
6500	21	13	27	26	22	21	24	18	14	16	17	20	19	22	17	13	144
6550	21	13	27	26	22	21	24	18	14	16	17	21	19	22	17	13	144
6600	21	13	27	26	22	21	24	18	14	16	17	21	19	22	17	13	144
6650	21	13	27	26	22	21	25	18	14	16	17	21	19	22	17	14	145
6700	21	13	27	26	22	21	25	18	14	16	17	21	19	22	17	15	145
6750	21	13	27	26	22	21	25	18	14	16	17	21	20	22	17	15	146
6800	21	13	26	26	22	21	25	18	14	16	17	22	20	22	17	15	146
6850	21	13	26	27	22	21	25	18	14	16	17	22	20	22	17	15	147
6900	21	13	26	28	22	21	25	18	14	16	17	22	21	22	17	15	149
6950	21	13	26	28	22	21	25	18	14	16	16	22	21	22	17	15	148
7000	21	13	26	28	22	21	25	18	14	16	16	22	22	22	17	15	150
7050	21	13	26	27	22	21	25	18	14	16	16	22	22	22	17	15	149
7100	21	13	26	27	22	21	25	18	14	16	16	22	22	22	17	15	150
7150	21	13	26	26	22	21	25	18	14	16	16	21	22	22	17	15	148
7200	21	13	26	26	22	21	25	18	14	16	16	21	22	23	17	16	149
7250	21	13	26	26	22	21	25	18	14	16	16	21	22	23	17	16	148
7300	20	13	27	26	22	21	24	18	14	16	16	21	22	23	17	16	149
7350	20	13	27	26	22	21	25	18	14	16	16	22	22	24	17	18	149
7400	20	13	27	26	22	21	24	18	14	16	16	22	22	24	17	19	149
7450	20	13	27	26	22	21	24	18	14	16	16	22	22	24	17	19	149
7500	20	13	27	26	22	21	24	18	14	16	16	22	22	24	17	19	150
7550	20	13	28	26	22	21	26	18	14	16	16	22	22	24	17	19	154
7600	20	13	28	26	22	21	26	18	14	16	16	23	22	24	17	19	156
7650	20	13	28	26	22	21	26	18	14	16	16	23	23	24	17	19	156
7700	20	13	28	26	22	21	26	17	14	16	16	24	23	24	17	19	157
7750	20	13	28	26	22	21	27	17	14	16	16	24	23	24	17	19	158
7800	20	13	28	26	22	21	27	17	14	16	16	24	23	24	17	19	158
7850	20	13	28	26	22	21	27	17	14	16	16	24	23	24	17	19	158
7900	20	13	28	26	22	21	28	17	14	16	16	25	24	24	17	19	160
7950	20	13	28	26	22	21	28	17	15	16	16	26	24	24	19	19	162
8000	20	13	28	26	22	21	28	17	15	16	16	26	24	24	19	20	162
8050	20	13	28	26	22	21	29	17	15	16	16	26	24	24	19	20	161
8100	20	13	28	26	22	21	29	17	17	16	16	26	25	24	19	19	163
8150	20	13	28	26	22	21	29	17	17	16	16	26	25	24	19	19	162
8200	20	13	28	26	22	21	29	17	17	16	16	26	25	24	19	19	162
8250	20	13	28	26	22	21	29	17	17	16	16	26	25	24	19	19	162
8300	20	13	29	26	22	21	29	17	17	16	16	27	25	24	19	20	163
8350	19	13	29	26	22	21	28	17	18	16	16	27	25	24	19	20	162
8400	19	13	29	26	22	21	28	17	18	16	16	27	25	24	20	20	161
8450	19	13	28	25	22	21	28	17	18	16	16	28	24	24	20	20	161
8500	20	13	28	25	22	21	28	17	18	16	16	28	24	24	19	20	161
8550	21	13	27	25	22	21	28	17	18	16	16	28	24	24	20	20	163
8600	21	13	27	24	22	21	28	17	18	16	16	28	24	24	21	20	163
8650	21	13	27	24	22	21	29	17	18	16	16	28	24	24	21	20	164
8700	21	13	27	26	22	21	29	17	18	16	16	28	24	24	21	20	167
8750	21	13	27	26	22	21	30	17	18	16	16	28	24	24	21	20	167
8800	20	13	27	26	22	21	30	19	18	16	16	28	24	24	22	20	168
8850	21	13	27	26	22	21	30	19	18	16	15	28	25	23	22	20	168
8900	22	13	27	27	22	21	30	19	18	16	15	28	25	23	21	20	170
8950	22	13	26	27	22	21	30	19	18	16	15	28	25	23	21	20	168
9000	22	13	26	27	22	21	30	18	18	16	15	28	25	23	21	20	166
9050	22	13	26	27	22	21	30	18	18	16	15	28	25	22	21	20	166
9100	23	13	26	27	22	21	30	18	18	16	15	28	25	22	21	20	167
9150	23	13	25	27	22	21	30	18	18	16	15	28	25	22	21	20	167
9200	23	13	25	27	22	21	30	18	18	16	15	28	25	22	21	19	166
9250	23	13	25	27	21	21	30	18	18	16	15	28	25	21	21	19	164
9300	23	13	26	27	21	21	30	18	18	16	15	28	25	21	21	19	165
9350	23	13	26	27	21	21	30	18	18	16	15	28	25	21	21	19	165
9400	23	13	26	27	21	21	30	20	18	16	15	28	25	21	21	19	166
9450	23	13	27	27	21	21	30	20	18	16	15	28	25	21	21	19	167
9500	23	13	27	26	21	21	30	20	18	16	15	28	25	21	21	19	168
9550	23	13	26	26	21	21	30	21	18	16	15	28	25	21	22	19	169
9600	23	13	26	26	21	21	30	21	18	16	15	28	25	21	22	19	167
9650	22	13	26	26	21	21	30	21	18	16	15	28	25	21	22	19	166
9700	22	13	26	26	21	21	30	21	18	16	15	28	24	21	22	19	165
9750	21	13	26	25	21	21	30	21	18	16	15	28	24	21	22	19	167
9800	21	13	26	25	21	21	30	21	18	16	15	28	24	20	22	19	163
9850	21	13	26	25	21	21	30	21	18	16	15	28	24	20	22	19	164
9900	21	13	26	28	21	21	30	22	18	16	15	28	24	20	22	19	168
9950	21	13	26	28	21	21	30	22	18	16	15	28	25	20	22	19	169
10000	21	13	26	28	21	21	30	22	18	16	15	28	25	20	22	19	168
10050	21	15	26	28	21	22	31	22	18	17	15	28	26	21	23	20	169
10100	22	16	26	28	21	23	31	25	18	18	15	28	26	21	24	20	171
10150	22	16	27	28	21	24	31	26	18	18	17	29	27	22	24	21	177
10200	23	16	27	29	21	24	31	27	18	18	17	29	27	22	24	21	181
10250	23	17	28	31	21	26	31	29	19	19	17	30	28	23	25	21	189
10300	23	17	28	31	21	26	31	29	20	19	17	30	28	23	27	22	191
10350	25	17	28	31	21	27	31	30	20	19	18	30	28	24	27	24	194
10400	25	17	28	31	21	27	32	32	20	20	18	30	28	25	26	24	195
10450	27	19	29	31	21	28	32	33	21	21	19	31	28	25	26	26	200
10500	27	21	32	34	21	28	32	33	21	22	19	31	29	25	26	26	204
10550	27	23	31	34	21	29	32	33	21	22	21	31	29	25	27	26	208
10600	27	24	33	35	21	30	32	33	21	24	21	31	30	26	27	26	212
10650	27	24	32	36	21	30	32	33	21	24	21	31	31	26	29	26	215
10700	27	24	33	36	21	30	32	34	21	24	22	31	31	26	30	26	218
10750	27	24	33	36	21	30	32	34	21	25	22	31	32	28	32	26	221
10800	27	24	33	37	21	30	32	34	22	26	22	31	32	28	32	26	218
10850	27	24	33	37	21	30	32	34	22	26	22	31	32	29	32	26	216
10900	27	24	33	38	21	30	32	36	22	26	23	31	32	29	33	26	221
10950	27	24	33	39	22	30	32	36	22	26	23	31	33	29	34	26	222
11000	27	24	33	39	22	30	32	37	22	26	23	31	33	29	35	26	223
11050	27	24	33	39	22	30	32	37	22	27	23	31	33	29	35	26	223
11100	27	24	34	39	23	30	32	37	22	27	23	31	33	29	35	26	223
11150	27	24	34	39	23	30	32	37	22	27	23	31	33	29	35	26	222
11200	27	24	34	39	23	30	32	37	22	27	23	30	33	29	35	26	221
11250	27	25	35	39	26	30	32	37	22	28	24	30	33	29	35	26	223
11300	27	25	36	38	26	30	32	37	22	28	24	30	33	29	35	26	224
11350	27	26	36	38	27	30	32	37	22	28	24	30	33	29	35	26	224
11400	27	26	36	38	29	30	32	37	23	28	24	30	33	29	35	26	228
11450	27	26	36	38	29	30	32	38	22	28	24	30	33	29	35	26	230
11500	27	26	36	38	29	30	32	37	22	28	24	30	33	29	35	26	228
11550	27	27	36	38	29	30	32	37	22	28	24	30	33	29	35	26	228
11600	27	27	36	38	30	30	32	38	22	28	24	30	33	29	35	26	230
11650	27	26	36	38	34	30	32	38	22	28	25	30	33	29	34	26	235
11700	27	25	36	38	34	30	32	38	22	28	25	30	33	29	34	26	235
11750	27	25	36	38	34	30	32	38	22	29	25	30	33	29	34	26	236
11800	27	26	36	38	34	30	32	38	22	29	25	30	33	29	34	26	236
11850	27	28	36	38	35	30	32	38	22	29	25	30	33	29	34	26	238
11900	27	28	36	37	35	30	32	37	22	29	25	30	33	29	34	26	237
11950	27	28	36	37	35	30	32	37	22	29	25	30	33	29	34	26	237
12000	27	27	36	37	36	30	32	37	22	29	25	30	34	30	34	26	240
12050	27	27	36	37	36	30	32	37	22	29	25	30	34	30	34	26	238
12100	27	29	36	37	36	30	32	37	22	29	25	30	34	30	34	26	239
12150	27	28	36	37	36	30	32	37	22	29	25	30	34	31	34	26	239
12200	27	28	36	36	36	30	32	37	22	29	25	30	34	31	34	26	239
12250	27	32	36	36	37	30	32	37	22	29	25	30	34	32	33	26	243
12300	27	32	36	35	37	30	32	37	22	29	25	30	34	32	33	26	241
12350	27	33	36	34	37	30	32	37	22	29	24	30	34	32	33	26	241
12400	27	34	36	34	36	30	32	37	22	29	24	30	34	32	33	26	242
12450	27	34	36	34	36	30	32	37	22	29	24	30	34	32	33	26	240
12500	27	35	36	34	36	30	32	37	22	29	24	30	34	33	33	26	240
12550	27	35	36	34	36	30	32	37	22	29	24	30	34	33	33	26	241
12600	27	35	36	34	36	30	32	37	22	29	24	30	34	33	33	26	242
12650	27	35	36	34	36	30	32	37	22	29	24	30	33	33	33	26	239
12700	27	36	36	34	36	30	32	37	22	29	24	30	33	34	33	26	240
12750	27	36	36	35	36	30	32	37	22	28	24	30	33	34	33	26	239
12800	27	36	36	35	36	30	32	37	22	28	24	30	33	34	33	26	240
12850	27	35	36	36	36	30	32	37	22	28	24	30	33	34	33	26	241
12900	27	35	36	36	36	30	33	37	22	27	24	32	33	34	32	26	240
12950	27	35	36	37	36	30	33	37	22	27	24	32	33	34	32	26	240
13000	27	34	36	38	36	30	33	37	21	27	24	32	33	34	32	26	240
13050	27	34	36	39	37	30	34	36	21	27	24	32	33	34	31	26	241
13100	27	34	36	39	37	30	34	36	21	27	24	32	33	35	31	26	241
13150	27	34	36	40	37	30	34	36	21	27	24	31	33	35	30	26	242
13200	27	34	36	40	37	30	34	36	21	27	24	32	33	35	30	26	243
13250	27	34	36	39	37	30	34	36	21	27	24	33	33	35	30	26	244
13300	27	34	36	39	37	30	34	36	21	27	24	34	32	35	30	26	245
13350	26	34	36	40	37	30	34	37	21	27	24	34	32	35	30	26	245
13400	26	35	36	40	37	30	34	37	21	27	24	34	32	35	30	26	246
13450	26	36	36	40	37	30	34	37	21	27	24	34	32	35	29	26	247
13500	27	36	36	40	36	30	34	37	21	27	23	34	33	35	28	26	245
13550	27	36	36	41	36	30	34	37	21	27	23	34	33	35	28	26	247
13600	27	36	36	41	36	30	34	37	21	27	23	34	33	35	28	26	247
13650	27	36	36	42	36	30	34	36	21	27	23	34	33	35	28	26	247
13700	27	36	36	42	36	30	35	36	21	27	23	33	33	35	28	26	248
13750	28	36	36	42	36	30	35	36	21	27	23	33	33	35	28	26	249
13800	28	36	36	42	36	29	36	36	21	27	23	33	33	35	28	26	249
13850	28	36	36	42	36	28	36	36	21	27	23	33	33	35	27	26	247
13900	27	36	36	42	36	28	36	36	21	27	23	33	33	35	27	26	247
13950	27	36	36	43	36	28	37	36	21	27	23	33	33	35	26	26	248
14000	27	36	36	43	36	28	37	36	21	27	23	33	33	35	26	26	247
14050	27	35	36	43	36	28	37	36	21	27	23	33	33	35	26	26	246
14100	28	35	36	42	36	28	37	36	21	27	23	33	33	35	26	26	245
14150	28	35	36	42	36	28	37	36	21	27	23	33	34	35	26	26	245
14200	28	35	36	42	36	28	38	36	20	27	23	33	34	35	25	26	244
14250	28	35	36	42	36	28	38	36	20	27	23	33	34	35	25	26	244
14300	30	35	36	42	36	28	38	36	20	27	23	33	34	35	25	26	247
14350	30	35	36	42	36	28	37	36	20	27	23	33	34	35	25	26	246
14400	30	35	36	42	36	28	37	36	20	27	23	33	34	35	25	26	246
14450	31	37	36	42	36	28	37	36	20	27	23	33	34	35	25	26	249
14500	31	36	36	42	36	28	37	36	20	27	23	34	34	35	25	26	248
14550	31	36	36	42	36	28	37	35	20	27	23	34	33	35	25	26	247
14600	30	36	36	42	36	28	37	35	20	27	23	34	33	35	25	26	246
14650	30	36	36	41	36	28	36	35	20	27	23	34	33	35	25	26	246
14700	30	37	36	41	36	28	36	35	20	27	23	34	34	35	25	26	247
14750	30	38	36	41	36	28	36	35	20	27	23	34	34	35	25	26	247
14800	31	38	36	41	36	28	36	35	20	26	23	34	34	35	25	26	247
14850	31	38	36	41	36	28	36	34	20	26	23	34	34	35	25	26	247
14900	30	39	36	41	36	28	36	34	20	26	23	34	34	35	25	26	246
14950	30	39	36	41	35	27	36	34	20	26	23	34	34	35	25	26	243
15000	30	37	36	41	35	27	36	34	20	26	23	34	34	35	25	26	242
15050	30	36	36	41	35	27	36	34	20	26	23	34	34	35	25	26	241
15100	30	36	36	42	35	27	36	34	20	26	23	34	34	35	25	26	241
15150	30	36	36	42	35	27	36	34	20	26	24	34	34	35	24	26	239
15200	30	36	36	42	35	27	36	33	20	26	24	34	33	35	24	26	239
15250	30	36	36	42	34	27	36	33	20	26	24	34	33	35	24	26	238
15300	31	36	36	42	34	27	36	33	20	26	24	34	33	35	24	26	238
15350	32	36	36	42	34	27	36	33	20	26	24	34	33	35	24	26	239
15400	32	36	36	42	34	27	36	33	20	26	24	34	33	36	24	26	239
15450	32	35	36	42	34	27	36	33	20	26	25	34	34	36	24	26	240
15500	32	35	36	41	34	28	36	33	20	26	25	34	35	36	24	26	241
15550	32	36	36	41	33	28	36	33	20	26	25	34	35	36	24	26	242
15600	32	35	36	42	33	28	36	33	20	26	25	34	35	36	24	26	241
15650	33	35	36	42	33	28	36	33	20	26	25	34	35	36	23	26	242
15700	33	35	36	42	33	28	36	33	20	26	26	34	35	36	23	26	244
15750	33	35	36	42	33	28	36	33	20	26	26	34	35	35	23	26	242
15800	32	35	35	42	33	28	36	33	20	26	27	34	35	35	23	26	244
15850	33	35	35	42	33	28	36	33	20	26	27	34	35	35	23	26	245
15900	32	35	35	42	33	28	36	33	20	26	28	33	35	35	23	26	244
15950	32	35	35	42	33	28	36	33	20	26	28	33	35	35	23	26	244
16000	32	35	35	42	33	28	36	33	20	26	29	32	35	35	23	26	245
16050	33	35	35	42	33	28	36	33	21	26	29	32	35	35	23	26	245
16100	33	35	35	42	33	28	36	33	21	26	29	32	35	35	23	26	245
16150	33	35	35	42	33	28	36	33	21	26	29	32	35	35	23	26	245
16200	34	35	35	41	32	28	36	33	21	26	29	32	35	35	23	26	246
16250	34	35	34	41	32	28	36	33	21	26	30	32	35	35	23	26	247
16300	34	35	34	41	32	28	36	33	21	26	30	32	35	35	23	26	247
16350	34	35	34	41	32	28	36	32	21	26	30	32	35	35	23	26	246
16400	34	35	34	41	32	28	36	32	21	26	30	32	35	35	23	26	246
16450	33	35	34	41	31	28	35	32	21	26	30	32	35	35	24	26	245
16500	33	34	34	40	31	28	35	32	20	26	30	32	35	35	24	26	244
16550	33	34	34	40	31	28	35	32	20	26	31	32	35	35	24	26	246
16600	33	33	34	40	31	28	35	32	20	26	33	31	34	35	24	26	247
16650	32	33	34	40	30	28	35	32	21	26	33	31	34	35	24	26	248
16700	32	33	34	40	30	28	35	32	21	26	33	31	34	35	24	26	248
16750	32	33	34	40	30	28	35	32	21	26	33	31	34	35	24	26	248
16800	32	33	34	40	30	28	34	32	21	26	33	31	34	35	24	26	248
16850	33	33	34	40	30	28	34	32	22	26	33	31	35	35	24	26	250
16900	33	33	34	40	30	28	34	32	22	26	33	31	35	35	24	26	250
16950	33	33	34	40	29	28	34	32	22	26	33	31	35	35	24	26	249
17000	34	33	35	40	29	28	34	32	23	26	34	31	34	35	24	25	251
17050	34	33	35	40	29	28	34	32	22	26	34	31	34	35	24	25	251
17100	33	33	35	40	29	28	33	32	23	26	34	31	34	35	24	25	250
17150	34	33	35	40	29	28	33	32	23	26	34	31	34	35	24	25	251
17200	35	33	35	40	29	28	33	32	23	26	34	31	33	35	24	25	252
17250	34	33	35	40	29	28	33	32	23	26	34	31	33	35	24	24	251
17300	34	33	35	40	29	28	33	32	24	26	34	31	33	35	24	24	251
17350	34	33	35	40	29	28	33	32	24	26	34	31	33	35	24	24	251
17400	34	33	35	40	28	28	33	32	24	26	35	31	33	35	23	24	249
17450	34	32	35	40	28	28	33	32	25	26	35	31	33	35	23	24	249
17500	36	32	35	40	28	28	33	32	25	26	35	31	33	35	23	24	252
17550	36	32	35	40	28	28	33	32	25	26	36	31	33	35	23	24	253
17600	36	31	35	40	28	28	32	33	25	26	36	31	33	35	23	24	254
17650	36	31	35	40	28	28	32	33	25	26	36	30	33	34	23	24	251
17700	36	31	37	40	28	28	32	33	24	26	37	30	32	34	23	24	253
17750	36	31	37	40	28	28	32	33	24	26	37	30	32	34	23	24	253
17800	37	31	37	40	28	28	32	33	24	26	37	30	31	34	23	24	252
17850	37	31	37	40	28	28	32	33	24	26	36	30	31	34	23	24	252
17900	38	32	36	40	28	28	32	33	24	26	36	30	31	34	23	24	253
17950	38	32	36	40	28	28	31	33	25	26	36	30	30	34	23	24	252
18000	38	32	36	40	28	28	30	33	25	26	36	30	30	34	23	24	252
18050	38	32	36	40	28	28	30	33	25	26	36	30	30	34	23	24	252
18100	39	32	36	40	28	28	30	33	25	26	36	30	30	34	23	24	253
18150	39	32	36	40	28	28	30	33	25	26	36	30	30	34	23	22	252
18200	39	32	36	40	28	27	29	33	25	26	36	30	30	34	23	22	250
18250	39	32	36	40	28	27	29	33	25	26	35	30	30	34	23	22	249
18300	39	32	36	40	28	27	29	33	25	26	35	30	30	34	23	22	249
18350	39	32	36	40	27	27	29	33	25	26	35	30	30	34	23	22	248
18400	39	32	36	40	27	27	30	32	25	26	35	31	30	34	22	22	247
18450	39	32	36	40	27	27	30	32	24	26	35	31	30	34	22	22	247
18500	39	30	36	40	27	27	30	32	24	26	35	31	30	34	23	22	248
18550	39	30	36	40	27	27	30	32	24	25	35	32	30	34	23	22	248
18600	39	30	36	40	27	27	30	32	24	25	35	32	30	34	23	22	248
18650	39	30	36	40	27	27	30	32	24	25	35	32	30	34	23	21	247
18700	40	30	36	40	27	27	30	32	24	25	35	32	30	34	23	21	247
18750	40	32	36	40	27	27	30	32	24	25	35	32	30	34	23	21	249
18800	40	32	37	40	27	27	30	32	25	25	35	32	30	34	22	21	250
18850	40	32	37	40	27	27	30	32	25	25	33	32	30	33	22	21	249
18900	39	32	37	40	26	27	30	32	25	25	33	32	30	33	22	22	247
18950	39	32	37	40	26	27	30	32	26	25	33	32	30	33	22	22	248
19000	39	32	37	40	26	27	30	32	26	25	33	32	30	33	22	22	247
19050	39	32	37	40	26	28	31	32	26	25	33	32	30	33	23	22	249
19100	39	32	37	39	25	28	31	32	26	25	33	32	30	33	23	22	250
19150	39	32	37	38	25	28	31	32	26	25	33	32	30	33	23	22	250
19200	39	32	37	38	25	28	32	32	26	25	32	32	30	33	23	22	250
19250	39	32	37	38	25	28	32	32	26	24	32	32	30	33	23	22	249
19300	39	33	37	38	25	29	32	32	26	24	32	32	30	33	23	22	251
19350	39	33	37	37	25	29	32	32	26	24	32	32	30	33	24	21	250
19400	39	32	37	37	25	29	32	32	25	24	32	32	30	33	24	21	249
19450	39	32	37	37	25	29	32	30	24	24	32	32	30	33	24	21	248
19500	39	32	38	37	25	29	32	30	24	24	32	32	30	33	24	21	249
19550	39	32	38	37	25	29	32	30	24	24	32	32	29	33	24	21	249
19600	39	32	38	37	25	29	32	30	24	24	32	32	29	33	24	20	249
19650	39	32	38	37	25	29	32	29	24	25	32	31	29	33	24	20	248
19700	39	31	38	37	25	29	32	29	24	25	32	31	28	33	26	20	250
19750	39	31	38	37	25	29	32	29	24	25	32	31	28	33	27	20	252
19800	39	31	37	37	25	30	32	29	24	25	32	31	28	32	27	21	252
19850	39	31	37	37	25	31	32	29	24	25	32	31	27	32	27	21	253
19900	39	31	37	37	25	31	32	29	24	25	32	30	27	32	27	21	253
19950	39	31	37	37	25	32	32	29	24	25	32	30	27	32	27	21	253
20000	39	30	37	37	25	32	32	29	24	26	32	30	27	32	27	21	252
