0	0.0	0.0	0.0	0.0	0.0	0.0	0.0	0.0	0.0	0.0	0.0	0.0	0.0	0.0	0.0	0.0
50	0.545454545455	0.0	0.0	0.0	0.0	0.0	0.0	1.0	0.0	0.0	0.0	0.0	0.0	0.0	0.5	0.0
100	0.641025641026	0.0	0.0	0.0	0.142857142857	0.2	0.333333333333	0.666666666667	0.2	0.0	0.0	0.0	0.666666666667	0.0	0.5	0.333333333333
150	0.62	0.0	0.0	0.0	0.25	0.285714285714	0.333333333333	0.555555555556	0.2	0.0	0.166666666667	0.0	0.4	0.2	0.4	0.4
200	0.68	0.125	0.166666666667	0.333333333333	0.25	0.285714285714	0.25	0.555555555556	0.5	0.0	0.125	0.0	0.571428571429	0.2	0.4	0.428571428571
250	0.78	0.272727272727	0.125	0.333333333333	0.214285714286	0.25	0.25	0.5	0.636363636364	0.111111111111	0.125	0.0	0.555555555556	0.333333333333	0.333333333333	0.428571428571
300	0.7	0.333333333333	0.272727272727	0.166666666667	0.266666666667	0.333333333333	0.2	0.615384615385	0.583333333333	0.153846153846	0.3	0.0	0.545454545455	0.307692307692	0.333333333333	0.428571428571
350	0.68	0.357142857143	0.272727272727	0.142857142857	0.25	0.461538461538	0.333333333333	0.5625	0.583333333333	0.266666666667	0.333333333333	0.0	0.5	0.285714285714	0.333333333333	0.5
400	0.74	0.4	0.25	0.111111111111	0.277777777778	0.461538461538	0.4	0.5625	0.538461538462	0.3125	0.428571428571	0.111111111111	0.5	0.266666666667	0.555555555556	0.6
450	0.76	0.411764705882	0.2	0.2	0.315789473684	0.5	0.363636363636	0.578947368421	0.571428571429	0.333333333333	0.4	0.272727272727	0.5625	0.294117647059	0.590909090909	0.583333333333
500	0.64	0.444444444444	0.235294117647	0.384615384615	0.3	0.5	0.363636363636	0.636363636364	0.571428571429	0.4	0.375	0.307692307692	0.588235294118	0.428571428571	0.608695652174	0.615384615385
550	0.62	0.473684210526	0.222222222222	0.3125	0.318181818182	0.5	0.461538461538	0.64	0.571428571429	0.4	0.375	0.357142857143	0.611111111111	0.454545454545	0.62962962963	0.666666666667
600	0.7	0.5	0.210526315789	0.277777777778	0.375	0.473684210526	0.533333333333	0.62962962963	0.6	0.4	0.4	0.4	0.6	0.478260869565	0.607142857143	0.6875
650	0.74	0.52380952381	0.238095238095	0.3	0.375	0.409090909091	0.5625	0.655172413793	0.684210526316	0.4	0.428571428571	0.45	0.565217391304	0.518518518519	0.566666666667	0.722222222222
700	0.76	0.5	0.304347826087	0.347826086957	0.464285714286	0.409090909091	0.526315789474	0.677419354839	0.7	0.428571428571	0.409090909091	0.47619047619	0.541666666667	0.59375	0.606060606061	0.736842105263
750	0.78	0.521739130435	0.392857142857	0.333333333333	0.448275862069	0.409090909091	0.545454545455	0.677419354839	0.681818181818	0.458333333333	0.434782608696	0.478260869565	0.576923076923	0.628571428571	0.606060606061	0.75
800	0.9	0.592592592593	0.392857142857	0.32	0.41935483871	0.434782608696	0.521739130435	0.69696969697	0.681818181818	0.5	0.416666666667	0.5	0.576923076923	0.638888888889	0.588235294118	0.708333333333
850	0.82	0.592592592593	0.433333333333	0.344827586207	0.454545454545	0.48	0.521739130435	0.676470588235	0.692307692308	0.5	0.416666666667	0.48	0.535714285714	0.638888888889	0.588235294118	0.703703703704
900	0.74	0.607142857143	0.451612903226	0.40625	0.472222222222	0.461538461538	0.541666666667	0.694444444444	0.692307692308	0.535714285714	0.44	0.481481481481	0.535714285714	0.657894736842	0.641025641026	0.714285714286
950	0.86	0.607142857143	0.424242424242	0.428571428571	0.472222222222	0.481481481481	0.538461538462	0.710526315789	0.714285714286	0.516129032258	0.407407407407	0.5	0.551724137931	0.657894736842	0.651162790698	0.75
1000	0.88	0.607142857143	0.428571428571	0.416666666667	0.459459459459	0.483870967742	0.518518518519	0.717948717949	0.724137931034	0.558823529412	0.413793103448	0.51724137931	0.58064516129	0.634146341463	0.630434782609	0.757575757576
1050	0.82	0.620689655172	0.416666666667	0.410256410256	0.463414634146	0.483870967742	0.533333333333	0.731707317073	0.677419354839	0.571428571429	0.451612903226	0.51724137931	0.59375	0.642857142857	0.65306122449	0.735294117647
1100	0.82	0.633333333333	0.416666666667	0.410256410256	0.452380952381	0.515151515152	0.575757575758	0.731707317073	0.69696969697	0.578947368421	0.46875	0.533333333333	0.628571428571	0.636363636364	0.66	0.75
1150	0.82	0.65625	0.425	0.404761904762	0.46511627907	0.5	0.571428571429	0.738095238095	0.69696969697	0.6	0.46875	0.53125	0.648648648649	0.652173913043	0.64	0.763157894737
1200	0.78	0.636363636364	0.439024390244	0.444444444444	0.478260869565	0.485714285714	0.583333333333	0.738095238095	0.685714285714	0.6	0.46875	0.571428571429	0.666666666667	0.659574468085	0.66	0.769230769231
1250	0.74	0.647058823529	0.46511627907	0.428571428571	0.489795918367	0.447368421053	0.578947368421	0.755555555556	0.685714285714	0.585365853659	0.484848484848	0.594594594595	0.675	0.659574468085	0.68	0.780487804878
1300	0.8	0.657142857143	0.477272727273	0.48	0.52	0.461538461538	0.575	0.760869565217	0.710526315789	0.595238095238	0.5	0.605263157895	0.666666666667	0.666666666667	0.72	0.785714285714
1350	0.9	0.666666666667	0.488888888889	0.5	0.54	0.475	0.585365853659	0.760869565217	0.738095238095	0.613636363636	0.5	0.615384615385	0.666666666667	0.673469387755	0.74	0.772727272727
1400	0.84	0.657894736842	0.56	0.5	0.56	0.511627906977	0.581395348837	0.760869565217	0.727272727273	0.622222222222	0.5	0.642857142857	0.666666666667	0.7	0.74	0.777777777778
1450	0.74	0.675	0.56	0.5	0.56	0.522727272727	0.577777777778	0.760869565217	0.711111111111	0.622222222222	0.513513513514	0.651162790698	0.659574468085	0.72	0.74	0.777777777778
1500	0.8	0.682926829268	0.62	0.5	0.56	0.522727272727	0.5625	0.775510204082	0.711111111111	0.617021276596	0.538461538462	0.644444444444	0.659574468085	0.72	0.74	0.765957446809
1550	0.88	0.704545454545	0.64	0.52	0.58	0.531914893617	0.58	0.78	0.717391304348	0.632653061224	0.538461538462	0.659574468085	0.65306122449	0.72	0.74	0.78
1600	0.96	0.711111111111	0.66	0.52	0.62	0.520833333333	0.6	0.78	0.729166666667	0.64	0.55	0.666666666667	0.65306122449	0.74	0.74	0.8
1650	0.84	0.711111111111	0.66	0.52	0.62	0.510204081633	0.6	0.78	0.74	0.68	0.547619047619	0.66	0.65306122449	0.76	0.74	0.8
1700	0.84	0.723404255319	0.68	0.52	0.62	0.52	0.6	0.8	0.76	0.72	0.568181818182	0.7	0.66	0.76	0.74	0.82
1750	0.86	0.729166666667	0.74	0.54	0.64	0.56	0.62	0.8	0.78	0.74	0.531914893617	0.74	0.66	0.78	0.76	0.82
1800	0.84	0.714285714286	0.74	0.56	0.66	0.56	0.62	0.8	0.78	0.74	0.520833333333	0.74	0.66	0.8	0.76	0.84
1850	0.78	0.74	0.74	0.58	0.66	0.56	0.64	0.84	0.76	0.78	0.510204081633	0.76	0.66	0.82	0.76	0.82
1900	0.8	0.8	0.76	0.58	0.66	0.58	0.64	0.86	0.76	0.78	0.510204081633	0.76	0.66	0.82	0.78	0.8
1950	0.76	0.82	0.78	0.6	0.64	0.58	0.64	0.86	0.7	0.8	0.54	0.8	0.68	0.82	0.78	0.8
2000	0.74	0.86	0.8	0.62	0.66	0.6	0.64	0.86	0.72	0.84	0.54	0.78	0.68	0.82	0.78	0.8
2050	0.8	0.86	0.8	0.64	0.7	0.6	0.64	0.86	0.72	0.82	0.56	0.78	0.66	0.82	0.78	0.8
2100	0.86	0.88	0.8	0.66	0.7	0.6	0.66	0.86	0.7	0.82	0.58	0.74	0.68	0.82	0.76	0.78
2150	0.86	0.9	0.78	0.68	0.72	0.6	0.68	0.86	0.7	0.84	0.58	0.74	0.7	0.8	0.76	0.78
2200	0.84	0.9	0.8	0.68	0.72	0.6	0.66	0.86	0.68	0.8	0.56	0.76	0.66	0.78	0.78	0.8
2250	0.88	0.9	0.84	0.7	0.72	0.62	0.68	0.88	0.68	0.82	0.56	0.76	0.68	0.8	0.8	0.8
2300	0.9	0.9	0.88	0.7	0.72	0.62	0.7	0.9	0.68	0.78	0.56	0.78	0.68	0.8	0.8	0.78
2350	0.84	0.9	0.86	0.7	0.72	0.66	0.7	0.92	0.68	0.78	0.56	0.78	0.68	0.78	0.8	0.78
2400	0.74	0.86	0.86	0.7	0.76	0.68	0.68	0.92	0.68	0.78	0.52	0.78	0.7	0.78	0.8	0.78
2450	0.78	0.86	0.84	0.72	0.76	0.7	0.68	0.92	0.68	0.82	0.54	0.78	0.72	0.78	0.8	0.8
2500	0.76	0.86	0.84	0.74	0.76	0.7	0.68	0.92	0.7	0.82	0.54	0.78	0.74	0.76	0.82	0.8
2550	0.82	0.84	0.82	0.74	0.76	0.72	0.7	0.94	0.72	0.82	0.58	0.78	0.74	0.78	0.82	0.8
2600	0.9	0.84	0.8	0.74	0.74	0.76	0.68	0.94	0.72	0.82	0.6	0.78	0.74	0.76	0.84	0.8
2650	0.84	0.86	0.8	0.74	0.74	0.74	0.7	0.94	0.72	0.82	0.58	0.8	0.72	0.74	0.84	0.82
2700	0.82	0.86	0.82	0.78	0.74	0.76	0.72	0.9	0.7	0.82	0.58	0.78	0.72	0.74	0.84	0.82
2750	0.76	0.86	0.82	0.8	0.76	0.76	0.72	0.88	0.7	0.84	0.56	0.78	0.72	0.76	0.84	0.82
2800	0.76	0.86	0.84	0.8	0.78	0.78	0.72	0.88	0.72	0.84	0.56	0.76	0.66	0.78	0.84	0.82
2850	0.76	0.86	0.84	0.8	0.78	0.8	0.72	0.88	0.72	0.84	0.56	0.78	0.68	0.78	0.84	0.82
2900	0.82	0.86	0.84	0.82	0.8	0.8	0.76	0.88	0.72	0.82	0.56	0.78	0.68	0.8	0.82	0.82
2950	0.86	0.86	0.86	0.82	0.78	0.78	0.76	0.86	0.72	0.84	0.58	0.78	0.68	0.8	0.82	0.84
3000	0.86	0.88	0.86	0.82	0.78	0.76	0.78	0.86	0.74	0.84	0.58	0.76	0.68	0.8	0.82	0.84
3050	0.9	0.88	0.86	0.82	0.78	0.76	0.8	0.86	0.72	0.84	0.58	0.76	0.7	0.8	0.82	0.84
3100	0.96	0.88	0.84	0.84	0.78	0.76	0.82	0.86	0.72	0.82	0.58	0.76	0.7	0.8	0.82	0.84
3150	0.98	0.88	0.86	0.86	0.8	0.76	0.84	0.86	0.72	0.82	0.56	0.74	0.7	0.8	0.82	0.82
3200	0.98	0.88	0.84	0.84	0.78	0.76	0.84	0.86	0.74	0.82	0.56	0.72	0.7	0.78	0.86	0.82
3250	0.98	0.88	0.86	0.84	0.78	0.74	0.84	0.86	0.76	0.82	0.56	0.7	0.7	0.8	0.86	0.82
3300	0.94	0.86	0.86	0.84	0.78	0.74	0.84	0.86	0.76	0.84	0.56	0.68	0.7	0.82	0.82	0.82
3350	0.88	0.86	0.86	0.86	0.78	0.78	0.84	0.86	0.72	0.84	0.54	0.66	0.7	0.82	0.82	0.82
3400	0.92	0.88	0.84	0.86	0.78	0.74	0.86	0.86	0.7	0.84	0.54	0.64	0.7	0.82	0.82	0.84
3450	0.94	0.88	0.84	0.86	0.76	0.74	0.88	0.86	0.7	0.84	0.54	0.64	0.72	0.82	0.82	0.86
3500	0.96	0.88	0.84	0.86	0.78	0.76	0.88	0.86	0.7	0.82	0.54	0.64	0.74	0.84	0.84	0.82
3550	0.96	0.88	0.84	0.84	0.78	0.74	0.88	0.86	0.72	0.86	0.54	0.64	0.78	0.84	0.82	0.82
3600	0.96	0.88	0.86	0.82	0.78	0.72	0.88	0.88	0.72	0.86	0.56	0.64	0.78	0.84	0.82	0.82
3650	0.96	0.88	0.86	0.82	0.78	0.72	0.9	0.88	0.74	0.86	0.56	0.64	0.78	0.82	0.8	0.84
3700	0.98	0.88	0.88	0.82	0.78	0.72	0.9	0.9	0.74	0.84	0.56	0.66	0.76	0.84	0.8	0.84
3750	0.98	0.88	0.86	0.8	0.76	0.72	0.92	0.9	0.78	0.84	0.56	0.64	0.76	0.84	0.8	0.86
3800	0.98	0.9	0.88	0.8	0.76	0.68	0.92	0.9	0.82	0.88	0.6	0.64	0.76	0.8	0.8	0.86
3850	0.96	0.9	0.88	0.8	0.74	0.66	0.92	0.9	0.82	0.88	0.66	0.64	0.74	0.82	0.78	0.82
3900	0.96	0.9	0.88	0.84	0.76	0.64	0.92	0.9	0.82	0.88	0.66	0.62	0.74	0.82	0.76	0.82
3950	0.96	0.9	0.88	0.86	0.76	0.64	0.92	0.92	0.82	0.88	0.66	0.62	0.68	0.84	0.76	0.84
4000	0.94	0.88	0.88	0.86	0.78	0.64	0.94	0.92	0.82	0.88	0.68	0.62	0.68	0.86	0.76	0.82
4050	0.94	0.88	0.86	0.86	0.76	0.62	0.96	0.92	0.82	0.88	0.7	0.62	0.68	0.84	0.74	0.82
4100	0.88	0.88	0.86	0.84	0.76	0.6	0.96	0.94	0.82	0.88	0.7	0.6	0.66	0.84	0.74	0.82
4150	0.92	0.88	0.86	0.82	0.74	0.6	0.98	0.94	0.82	0.88	0.7	0.58	0.64	0.84	0.74	0.82
4200	0.98	0.88	0.84	0.84	0.74	0.6	0.98	0.94	0.82	0.9	0.7	0.6	0.64	0.84	0.72	0.8
4250	1.0	0.9	0.84	0.84	0.74	0.6	0.96	0.94	0.82	0.9	0.72	0.6	0.64	0.84	0.74	0.8
4300	1.0	0.9	0.84	0.84	0.74	0.62	0.96	0.94	0.82	0.88	0.72	0.6	0.64	0.84	0.74	0.8
4350	0.98	0.88	0.84	0.84	0.74	0.62	0.96	0.96	0.82	0.88	0.72	0.6	0.64	0.84	0.76	0.8
4400	0.94	0.88	0.86	0.84	0.74	0.6	0.96	0.96	0.82	0.88	0.72	0.56	0.66	0.82	0.76	0.8
4450	0.96	0.88	0.86	0.84	0.74	0.6	0.96	0.96	0.84	0.9	0.76	0.54	0.68	0.82	0.78	0.8
4500	0.94	0.9	0.86	0.84	0.74	0.64	0.94	0.98	0.84	0.9	0.76	0.54	0.68	0.82	0.76	0.76
4550	0.94	0.92	0.86	0.84	0.72	0.62	0.94	0.98	0.86	0.9	0.78	0.5	0.66	0.82	0.76	0.76
4600	0.92	0.92	0.86	0.84	0.72	0.66	0.94	0.98	0.84	0.9	0.8	0.54	0.66	0.82	0.74	0.74
4650	0.88	0.92	0.86	0.84	0.72	0.68	0.94	0.98	0.84	0.9	0.8	0.54	0.66	0.8	0.72	0.72
4700	0.94	0.92	0.86	0.84	0.72	0.7	0.94	0.98	0.82	0.9	0.8	0.56	0.66	0.78	0.72	0.72
4750	0.98	0.92	0.9	0.86	0.74	0.68	0.94	0.98	0.82	0.92	0.82	0.56	0.7	0.8	0.72	0.72
4800	1.0	0.94	0.9	0.86	0.74	0.68	0.94	0.98	0.84	0.9	0.8	0.56	0.68	0.82	0.68	0.74
4850	0.9	0.94	0.9	0.86	0.74	0.68	0.94	0.98	0.82	0.9	0.82	0.6	0.68	0.8	0.68	0.76
4900	0.86	0.94	0.9	0.84	0.74	0.7	0.94	0.98	0.82	0.88	0.82	0.58	0.66	0.8	0.68	0.76
4950	0.92	0.94	0.9	0.84	0.72	0.72	0.94	0.98	0.82	0.9	0.82	0.58	0.66	0.8	0.72	0.76
5000	0.92	0.94	0.88	0.84	0.72	0.72	0.92	0.98	0.82	0.9	0.82	0.6	0.66	0.8	0.74	0.74
5050	0.9	0.94	0.88	0.88	0.76	0.72	0.92	0.98	0.8	0.88	0.78	0.58	0.64	0.8	0.74	0.74
5100	0.92	0.92	0.88	0.86	0.76	0.72	0.92	0.98	0.8	0.88	0.8	0.58	0.62	0.8	0.74	0.78
5150	0.9	0.92	0.88	0.86	0.76	0.74	0.92	0.98	0.82	0.9	0.8	0.58	0.62	0.78	0.72	0.76
5200	0.86	0.9	0.88	0.84	0.76	0.74	0.92	0.96	0.84	0.9	0.82	0.56	0.66	0.78	0.72	0.76
5250	0.88	0.92	0.88	0.84	0.76	0.78	0.9	0.96	0.86	0.9	0.82	0.56	0.66	0.78	0.7	0.76
5300	0.9	0.9	0.88	0.86	0.76	0.8	0.92	0.96	0.86	0.9	0.82	0.58	0.7	0.78	0.68	0.76
5350	0.96	0.9	0.88	0.86	0.78	0.8	0.92	0.96	0.86	0.9	0.82	0.58	0.7	0.78	0.68	0.8
5400	0.98	0.9	0.88	0.84	0.78	0.8	0.9	0.96	0.86	0.9	0.82	0.58	0.7	0.8	0.68	0.8
5450	1.0	0.9	0.88	0.82	0.76	0.82	0.9	0.96	0.86	0.9	0.84	0.6	0.72	0.84	0.68	0.8
5500	0.94	0.9	0.88	0.84	0.74	0.82	0.88	0.96	0.86	0.92	0.84	0.6	0.7	0.84	0.68	0.78
5550	0.9	0.9	0.88	0.82	0.72	0.86	0.88	0.96	0.86	0.92	0.84	0.6	0.7	0.8	0.7	0.76
5600	0.92	0.9	0.88	0.84	0.72	0.84	0.88	0.96	0.86	0.92	0.84	0.6	0.7	0.8	0.7	0.76
5650	0.94	0.9	0.9	0.84	0.74	0.84	0.88	0.96	0.86	0.92	0.84	0.62	0.7	0.8	0.72	0.8
5700	0.96	0.9	0.9	0.86	0.74	0.86	0.88	0.96	0.86	0.92	0.84	0.6	0.68	0.8	0.76	0.8
5750	0.9	0.9	0.9	0.86	0.74	0.86	0.88	0.96	0.88	0.92	0.86	0.6	0.68	0.8	0.78	0.8
5800	0.8	0.9	0.9	0.86	0.74	0.86	0.9	0.96	0.84	0.9	0.86	0.62	0.68	0.84	0.74	0.82
5850	0.82	0.9	0.92	0.86	0.74	0.88	0.9	0.96	0.84	0.9	0.84	0.6	0.66	0.84	0.72	0.82
5900	0.9	0.9	0.92	0.86	0.74	0.88	0.88	0.96	0.84	0.9	0.86	0.6	0.64	0.84	0.72	0.82
5950	0.88	0.9	0.92	0.86	0.74	0.9	0.84	0.96	0.84	0.92	0.86	0.62	0.62	0.84	0.72	0.82
6000	0.9	0.9	0.92	0.84	0.68	0.92	0.86	0.96	0.84	0.96	0.84	0.64	0.62	0.84	0.72	0.8
6050	0.9	0.9	0.92	0.86	0.68	0.9	0.86	0.96	0.84	0.96	0.84	0.64	0.64	0.86	0.72	0.8
6100	0.82	0.9	0.92	0.86	0.7	0.94	0.86	0.96	0.84	0.96	0.84	0.64	0.64	0.82	0.72	0.8
6150	0.82	0.9	0.92	0.86	0.7	0.96	0.86	0.96	0.82	0.96	0.84	0.66	0.64	0.8	0.76	0.8
6200	0.88	0.9	0.94	0.84	0.7	0.94	0.86	0.94	0.82	0.96	0.86	0.66	0.64	0.82	0.76	0.78
6250	0.92	0.88	0.94	0.82	0.7	0.94	0.86	0.94	0.82	0.98	0.86	0.68	0.64	0.78	0.78	0.78
6300	0.96	0.88	0.94	0.82	0.7	0.92	0.86	0.94	0.84	0.98	0.86	0.7	0.64	0.78	0.78	0.78
6350	0.98	0.88	0.92	0.8	0.68	0.92	0.86	0.94	0.84	0.98	0.86	0.68	0.64	0.76	0.78	0.78
6400	0.98	0.88	0.92	0.82	0.68	0.92	0.86	0.94	0.86	0.98	0.86	0.68	0.62	0.76	0.8	0.78
6450	0.98	0.88	0.94	0.78	0.68	0.92	0.86	0.94	0.86	0.98	0.86	0.7	0.58	0.76	0.8	0.78
6500	0.96	0.88	0.94	0.78	0.68	0.92	0.86	0.94	0.86	0.94	0.86	0.72	0.52	0.74	0.8	0.78
6550	0.98	0.88	0.94	0.76	0.68	0.92	0.86	0.94	0.86	0.94	0.84	0.74	0.52	0.74	0.8	0.78
6600	0.98	0.88	0.94	0.76	0.68	0.92	0.86	0.94	0.88	0.94	0.84	0.76	0.54	0.72	0.82	0.78
6650	0.98	0.88	0.92	0.78	0.68	0.92	0.88	0.94	0.88	0.94	0.84	0.76	0.54	0.72	0.84	0.8
6700	0.98	0.88	0.92	0.76	0.68	0.94	0.88	0.94	0.88	0.94	0.84	0.74	0.54	0.72	0.84	0.8
6750	0.94	0.9	0.94	0.78	0.68	0.94	0.88	0.96	0.88	0.94	0.86	0.74	0.54	0.72	0.84	0.8
6800	0.92	0.9	0.94	0.78	0.66	0.94	0.88	0.96	0.9	0.94	0.88	0.72	0.54	0.72	0.84	0.8
6850	0.92	0.92	0.94	0.78	0.66	0.92	0.88	0.96	0.9	0.94	0.88	0.72	0.56	0.72	0.82	0.8
6900	0.9	0.92	0.94	0.8	0.68	0.92	0.88	0.96	0.9	0.94	0.84	0.72	0.56	0.7	0.82	0.8
6950	0.96	0.94	0.94	0.8	0.68	0.92	0.88	0.96	0.9	0.94	0.82	0.74	0.58	0.72	0.8	0.8
7000	0.98	0.94	0.94	0.8	0.68	0.92	0.88	0.96	0.9	0.96	0.8	0.74	0.58	0.74	0.8	0.8
7050	0.98	0.92	0.94	0.8	0.66	0.88	0.88	0.98	0.88	0.96	0.8	0.74	0.58	0.72	0.8	0.8
7100	0.96	0.9	0.92	0.8	0.7	0.86	0.88	0.98	0.88	0.96	0.78	0.76	0.58	0.7	0.8	0.8
7150	0.92	0.9	0.92	0.8	0.72	0.86	0.86	0.96	0.88	0.96	0.78	0.76	0.58	0.7	0.82	0.8
7200	0.96	0.9	0.88	0.8	0.74	0.86	0.9	0.96	0.88	0.94	0.78	0.8	0.62	0.72	0.82	0.84
7250	0.98	0.9	0.86	0.82	0.72	0.86	0.92	0.96	0.88	0.94	0.78	0.78	0.66	0.72	0.84	0.8
7300	0.98	0.9	0.84	0.8	0.72	0.86	0.9	0.96	0.88	0.94	0.8	0.78	0.66	0.7	0.84	0.8
7350	0.94	0.9	0.82	0.76	0.72	0.86	0.9	0.94	0.88	0.94	0.78	0.78	0.72	0.68	0.86	0.8
7400	0.94	0.9	0.82	0.76	0.72	0.86	0.9	0.92	0.88	0.94	0.78	0.76	0.7	0.68	0.86	0.78
7450	0.98	0.88	0.82	0.76	0.72	0.86	0.9	0.94	0.84	0.94	0.76	0.78	0.7	0.68	0.86	0.78
7500	0.96	0.9	0.82	0.78	0.74	0.88	0.9	0.92	0.86	0.94	0.76	0.78	0.72	0.64	0.82	0.78
7550	0.88	0.9	0.82	0.8	0.74	0.86	0.9	0.92	0.86	0.94	0.76	0.78	0.7	0.64	0.82	0.8
7600	0.86	0.9	0.8	0.84	0.74	0.86	0.9	0.92	0.86	0.94	0.72	0.78	0.7	0.64	0.8	0.8
7650	0.94	0.88	0.8	0.84	0.72	0.86	0.9	0.92	0.86	0.94	0.72	0.78	0.7	0.62	0.8	0.8
7700	0.96	0.88	0.8	0.84	0.72	0.86	0.9	0.92	0.86	0.94	0.72	0.8	0.72	0.64	0.8	0.8
7750	0.96	0.88	0.8	0.84	0.7	0.86	0.9	0.92	0.82	0.94	0.74	0.8	0.74	0.66	0.8	0.8
7800	0.9	0.88	0.82	0.84	0.7	0.86	0.9	0.92	0.82	0.94	0.74	0.8	0.76	0.66	0.8	0.82
7850	0.84	0.88	0.82	0.84	0.7	0.86	0.92	0.92	0.82	0.94	0.74	0.78	0.78	0.66	0.8	0.82
7900	0.88	0.88	0.82	0.86	0.7	0.86	0.92	0.92	0.82	0.94	0.76	0.76	0.8	0.66	0.78	0.82
7950	0.92	0.9	0.82	0.88	0.72	0.86	0.92	0.92	0.82	0.94	0.76	0.74	0.82	0.68	0.78	0.82
8000	0.96	0.9	0.82	0.88	0.72	0.86	0.92	0.92	0.82	0.94	0.76	0.78	0.8	0.7	0.8	0.82
8050	0.98	0.9	0.82	0.88	0.7	0.84	0.92	0.92	0.8	0.94	0.74	0.8	0.8	0.7	0.8	0.82
8100	1.0	0.9	0.82	0.88	0.68	0.84	0.94	0.92	0.8	0.98	0.74	0.8	0.78	0.72	0.82	0.82
8150	1.0	0.9	0.84	0.86	0.66	0.84	0.94	0.92	0.78	0.98	0.74	0.82	0.78	0.72	0.82	0.84
8200	0.98	0.92	0.84	0.86	0.68	0.86	0.94	0.92	0.78	0.98	0.74	0.82	0.76	0.72	0.82	0.84
8250	0.98	0.9	0.84	0.86	0.68	0.82	0.94	0.92	0.78	0.98	0.72	0.82	0.76	0.7	0.8	0.84
8300	0.96	0.9	0.82	0.86	0.68	0.84	0.94	0.92	0.76	0.98	0.7	0.82	0.76	0.72	0.8	0.84
8350	0.92	0.9	0.82	0.86	0.7	0.86	0.94	0.92	0.74	0.98	0.7	0.8	0.74	0.7	0.8	0.8
8400	0.96	0.88	0.82	0.84	0.7	0.86	0.96	0.92	0.74	0.98	0.72	0.8	0.72	0.7	0.8	0.8
8450	1.0	0.88	0.82	0.82	0.74	0.88	0.96	0.92	0.76	0.98	0.74	0.8	0.72	0.7	0.8	0.78
8500	0.98	0.88	0.84	0.82	0.72	0.88	0.96	0.9	0.74	0.98	0.78	0.8	0.72	0.7	0.8	0.78
8550	0.98	0.86	0.82	0.82	0.72	0.88	0.96	0.9	0.74	0.96	0.78	0.8	0.72	0.7	0.78	0.74
8600	1.0	0.86	0.82	0.82	0.7	0.88	0.98	0.9	0.76	0.96	0.78	0.82	0.72	0.72	0.8	0.78
8650	0.98	0.86	0.84	0.82	0.72	0.88	0.98	0.9	0.76	0.96	0.78	0.8	0.72	0.74	0.8	0.8
8700	0.98	0.84	0.84	0.8	0.7	0.88	0.98	0.9	0.76	0.96	0.78	0.8	0.74	0.72	0.82	0.8
8750	0.98	0.84	0.86	0.8	0.68	0.88	0.98	0.9	0.76	0.96	0.78	0.82	0.74	0.72	0.82	0.8
8800	0.98	0.84	0.86	0.8	0.68	0.88	0.98	0.9	0.8	0.96	0.78	0.8	0.74	0.7	0.82	0.8
8850	0.98	0.82	0.9	0.8	0.64	0.88	0.98	0.9	0.8	0.96	0.78	0.8	0.74	0.7	0.8	0.8
8900	1.0	0.82	0.9	0.78	0.64	0.88	0.98	0.94	0.8	0.96	0.78	0.8	0.74	0.74	0.82	0.8
8950	1.0	0.82	0.92	0.78	0.64	0.88	0.98	0.94	0.8	0.98	0.78	0.8	0.76	0.78	0.86	0.78
9000	1.0	0.84	0.9	0.78	0.64	0.88	0.98	0.94	0.8	0.96	0.78	0.8	0.76	0.76	0.88	0.78
9050	1.0	0.84	0.9	0.78	0.64	0.88	1.0	0.94	0.84	0.96	0.78	0.8	0.74	0.78	0.86	0.78
9100	1.0	0.84	0.86	0.82	0.66	0.88	1.0	0.94	0.84	0.96	0.78	0.82	0.74	0.78	0.88	0.78
9150	1.0	0.84	0.86	0.82	0.66	0.88	1.0	0.94	0.86	0.96	0.78	0.82	0.74	0.78	0.86	0.78
9200	1.0	0.84	0.86	0.84	0.68	0.88	1.0	0.96	0.86	0.94	0.8	0.82	0.74	0.78	0.88	0.78
9250	0.94	0.84	0.88	0.84	0.72	0.9	1.0	0.96	0.86	0.92	0.8	0.82	0.74	0.78	0.88	0.78
9300	0.94	0.84	0.88	0.84	0.72	0.9	1.0	0.96	0.88	0.92	0.8	0.82	0.72	0.76	0.9	0.78
9350	0.96	0.84	0.88	0.84	0.72	0.9	1.0	0.96	0.88	0.92	0.78	0.82	0.72	0.78	0.9	0.76
9400	0.98	0.84	0.88	0.84	0.7	0.9	1.0	0.96	0.88	0.92	0.82	0.86	0.7	0.8	0.9	0.76
9450	0.98	0.84	0.88	0.88	0.7	0.9	1.0	0.96	0.88	0.9	0.8	0.88	0.68	0.8	0.88	0.76
9500	0.96	0.84	0.88	0.88	0.7	0.9	1.0	0.96	0.88	0.9	0.8	0.88	0.68	0.78	0.84	0.78
9550	0.96	0.86	0.88	0.88	0.7	0.9	1.0	0.96	0.88	0.9	0.8	0.88	0.64	0.76	0.86	0.78
9600	0.96	0.86	0.88	0.88	0.7	0.9	1.0	0.96	0.9	0.9	0.8	0.88	0.64	0.74	0.86	0.78
9650	0.9	0.84	0.88	0.88	0.7	0.9	0.98	0.96	0.92	0.9	0.8	0.86	0.62	0.74	0.86	0.78
9700	0.92	0.84	0.88	0.88	0.7	0.9	0.98	0.96	0.94	0.9	0.78	0.86	0.62	0.74	0.84	0.78
9750	0.98	0.84	0.9	0.88	0.7	0.9	0.98	0.96	0.94	0.9	0.78	0.88	0.62	0.74	0.84	0.8
9800	0.96	0.84	0.9	0.86	0.7	0.9	0.98	0.96	0.94	0.92	0.8	0.88	0.62	0.74	0.84	0.82
9850	0.92	0.84	0.9	0.88	0.68	0.92	0.98	0.96	0.94	0.92	0.82	0.88	0.62	0.76	0.84	0.82
9900	0.92	0.84	0.9	0.9	0.68	0.92	0.98	0.96	0.96	0.92	0.82	0.86	0.62	0.76	0.86	0.84
9950	0.94	0.84	0.92	0.88	0.68	0.92	0.98	0.94	0.96	0.9	0.84	0.86	0.6	0.78	0.84	0.84
10000	0.94	0.84	0.92	0.88	0.7	0.96	0.98	0.94	0.94	0.9	0.84	0.88	0.56	0.78	0.84	0.86
10050	0.98	0.84	0.92	0.86	0.7	0.96	0.98	0.94	0.9	0.9	0.84	0.88	0.56	0.76	0.82	0.88
10100	1.0	0.86	0.94	0.86	0.72	0.96	0.98	0.94	0.9	0.9	0.84	0.9	0.56	0.78	0.82	0.88
10150	1.0	0.86	0.92	0.88	0.76	0.94	0.98	0.92	0.9	0.9	0.82	0.88	0.58	0.78	0.84	0.86
10200	0.94	0.9	0.92	0.86	0.78	0.94	0.98	0.92	0.9	0.92	0.84	0.88	0.58	0.8	0.86	0.86
10250	0.94	0.9	0.92	0.88	0.78	0.94	0.94	0.92	0.9	0.92	0.84	0.9	0.56	0.8	0.88	0.86
10300	1.0	0.9	0.9	0.88	0.8	0.96	0.94	0.92	0.9	0.94	0.86	0.9	0.58	0.8	0.88	0.9
10350	0.98	0.9	0.92	0.88	0.8	0.94	0.94	0.92	0.9	0.96	0.86	0.9	0.58	0.84	0.86	0.9
10400	0.98	0.9	0.92	0.86	0.8	0.94	0.94	0.92	0.92	0.94	0.88	0.92	0.58	0.84	0.88	0.88
10450	1.0	0.9	0.94	0.86	0.8	0.94	0.94	0.94	0.92	0.96	0.9	0.92	0.6	0.84	0.88	0.88
10500	1.0	0.9	0.94	0.84	0.86	0.92	0.92	0.96	0.92	0.96	0.9	0.92	0.6	0.86	0.92	0.88
10550	1.0	0.9	0.94	0.84	0.9	0.94	0.92	0.96	0.92	0.96	0.9	0.92	0.6	0.86	0.92	0.88
10600	0.98	0.9	0.94	0.84	0.9	0.94	0.92	0.96	0.92	0.96	0.92	0.92	0.62	0.86	0.92	0.9
10650	0.96	0.9	0.94	0.84	0.92	0.92	0.92	0.96	0.92	0.96	0.92	0.92	0.64	0.9	0.92	0.92
10700	0.98	0.9	0.94	0.84	0.92	0.92	0.92	0.96	0.92	0.96	0.92	0.92	0.66	0.92	0.92	0.92
10750	1.0	0.9	0.94	0.84	0.92	0.92	0.92	0.96	0.92	0.96	0.92	0.9	0.68	0.94	0.94	0.92
10800	1.0	0.92	0.94	0.86	0.94	0.92	0.94	0.96	0.92	0.96	0.96	0.9	0.7	0.94	0.94	0.92
10850	0.96	0.94	0.94	0.86	0.94	0.92	0.94	0.96	0.92	0.96	0.96	0.9	0.72	0.92	0.94	0.92
10900	0.96	0.94	0.94	0.88	0.96	0.92	0.94	0.96	0.92	0.98	0.96	0.9	0.74	0.92	0.94	0.92
10950	1.0	0.96	0.94	0.88	0.96	0.9	0.94	0.96	0.92	0.98	0.96	0.9	0.74	0.92	0.94	0.92
11000	1.0	0.96	0.94	0.9	0.96	0.9	0.94	0.98	0.92	0.98	0.96	0.9	0.76	0.92	0.94	0.94
11050	0.92	0.96	0.94	0.9	0.96	0.9	0.94	0.98	0.92	0.98	0.96	0.9	0.82	0.92	0.94	0.94
11100	0.92	0.98	0.94	0.9	0.96	0.9	0.94	1.0	0.92	0.98	0.96	0.92	0.84	0.94	0.96	0.94
11150	0.96	0.98	0.94	0.94	0.96	0.9	0.94	1.0	0.92	0.98	0.96	0.94	0.88	0.94	0.96	0.94
11200	0.98	0.98	0.94	0.94	0.98	0.9	0.94	1.0	0.96	0.98	0.98	0.94	0.88	0.96	0.96	0.94
11250	1.0	0.98	0.94	0.94	0.98	0.92	0.94	1.0	1.0	0.98	1.0	0.94	0.96	0.96	0.98	0.94
11300	1.0	0.98	0.94	0.96	0.98	0.92	0.94	1.0	1.0	0.98	1.0	0.94	0.96	0.96	0.98	0.96
11350	1.0	0.98	0.94	0.96	0.98	0.92	0.94	0.98	1.0	0.98	1.0	0.94	0.96	0.96	0.98	0.98
11400	1.0	0.98	0.96	0.96	0.98	0.92	0.94	0.98	1.0	0.96	1.0	0.96	0.98	0.96	0.98	0.98
11450	1.0	1.0	0.96	0.96	0.98	0.92	0.98	0.98	1.0	0.96	1.0	0.96	0.98	0.96	0.98	0.98
11500	1.0	1.0	0.96	0.96	0.98	0.92	0.98	0.98	1.0	0.96	0.98	0.98	0.98	0.98	0.98	0.98
11550	0.98	1.0	0.96	0.96	0.96	0.9	0.98	0.98	1.0	0.96	0.98	0.98	0.98	0.98	0.98	0.98
11600	0.98	1.0	0.98	0.96	0.96	0.9	0.98	0.98	1.0	0.96	0.98	0.98	0.98	0.98	0.98	1.0
11650	0.98	1.0	0.98	0.96	0.96	0.9	0.98	0.98	1.0	0.96	0.98	0.98	0.98	0.98	1.0	1.0
11700	1.0	1.0	0.98	0.98	0.96	0.9	0.98	0.98	1.0	0.96	0.98	0.98	1.0	0.98	1.0	1.0
11750	1.0	1.0	0.98	1.0	0.94	0.92	0.98	0.98	1.0	0.98	0.98	0.98	1.0	0.98	1.0	1.0
11800	1.0	1.0	1.0	1.0	0.94	0.92	0.98	0.98	1.0	0.98	0.98	0.98	1.0	0.98	1.0	1.0
11850	1.0	1.0	1.0	1.0	0.94	0.92	0.98	0.96	1.0	0.98	0.98	1.0	1.0	0.98	1.0	1.0
11900	1.0	1.0	1.0	1.0	0.94	0.92	1.0	0.96	1.0	0.98	0.98	1.0	1.0	0.98	1.0	1.0
11950	1.0	1.0	1.0	1.0	0.94	0.92	1.0	0.96	1.0	0.98	0.98	1.0	1.0	1.0	1.0	1.0
12000	0.96	1.0	1.0	1.0	0.94	0.92	1.0	0.96	1.0	0.92	0.98	1.0	1.0	1.0	1.0	1.0
12050	0.94	1.0	1.0	1.0	0.94	0.94	1.0	0.96	1.0	0.92	0.98	1.0	1.0	1.0	1.0	1.0
12100	0.98	1.0	1.0	1.0	0.94	0.96	1.0	0.96	0.98	0.92	0.98	1.0	1.0	1.0	1.0	1.0
12150	0.98	1.0	1.0	1.0	0.94	0.96	1.0	0.96	0.98	0.92	0.96	1.0	1.0	1.0	1.0	1.0
12200	0.96	1.0	1.0	1.0	0.92	0.96	1.0	0.96	0.98	0.92	0.96	1.0	1.0	1.0	1.0	1.0
12250	0.98	1.0	1.0	1.0	0.92	0.96	1.0	0.96	0.98	0.92	0.96	1.0	1.0	1.0	1.0	1.0
12300	0.98	1.0	1.0	1.0	0.92	0.96	1.0	0.96	0.98	0.92	0.94	1.0	1.0	1.0	1.0	1.0
12350	1.0	1.0	1.0	1.0	0.92	0.96	1.0	0.96	0.98	0.92	0.94	1.0	1.0	1.0	1.0	1.0
12400	1.0	1.0	1.0	1.0	0.92	0.96	1.0	0.96	0.98	0.92	0.94	1.0	1.0	1.0	1.0	1.0
12450	1.0	1.0	1.0	1.0	0.92	0.96	1.0	0.96	0.98	0.92	0.94	1.0	1.0	1.0	1.0	1.0
12500	0.98	1.0	1.0	1.0	0.92	0.96	1.0	0.96	0.98	0.92	0.94	1.0	1.0	1.0	1.0	1.0
12550	0.96	1.0	1.0	1.0	0.92	0.98	1.0	0.96	0.98	0.9	0.94	1.0	1.0	1.0	1.0	1.0
12600	0.96	1.0	1.0	1.0	0.92	0.98	1.0	0.96	0.98	0.9	0.94	1.0	1.0	1.0	1.0	1.0
12650	0.92	1.0	1.0	1.0	0.92	0.98	1.0	0.96	0.98	0.9	0.94	1.0	1.0	1.0	1.0	1.0
12700	0.94	1.0	1.0	1.0	0.92	0.98	1.0	0.96	0.98	0.92	0.92	1.0	1.0	1.0	1.0	1.0
12750	1.0	1.0	1.0	1.0	0.92	0.98	1.0	0.96	0.98	0.92	0.92	1.0	1.0	1.0	0.98	1.0
12800	0.98	1.0	1.0	1.0	0.92	0.98	1.0	0.96	0.98	0.92	0.94	1.0	1.0	1.0	0.96	1.0
12850	0.98	1.0	1.0	1.0	0.92	0.98	1.0	0.96	0.96	0.92	0.94	1.0	1.0	1.0	0.96	1.0
12900	0.98	1.0	1.0	1.0	0.92	0.98	1.0	0.96	0.96	0.92	0.94	1.0	1.0	1.0	0.96	1.0
12950	0.98	1.0	1.0	1.0	0.92	0.98	1.0	0.96	0.96	0.92	0.94	1.0	1.0	1.0	0.94	1.0
13000	1.0	1.0	1.0	1.0	0.92	0.98	1.0	0.96	0.96	0.92	0.94	1.0	1.0	1.0	0.94	1.0
13050	1.0	1.0	1.0	1.0	0.92	0.98	1.0	0.96	0.96	0.92	0.94	1.0	1.0	1.0	0.94	0.98
13100	1.0	1.0	1.0	1.0	0.94	1.0	1.0	0.96	0.96	0.92	0.94	1.0	1.0	1.0	0.94	0.98
13150	0.98	1.0	1.0	0.98	0.94	1.0	1.0	0.96	0.96	0.92	0.94	1.0	1.0	1.0	0.94	0.98
13200	0.96	0.98	1.0	0.98	0.94	1.0	1.0	0.96	0.96	0.92	0.94	1.0	1.0	1.0	0.94	0.98
13250	0.98	0.98	1.0	0.98	0.96	1.0	1.0	0.96	0.96	0.92	0.94	1.0	1.0	1.0	0.94	0.98
13300	0.98	0.98	1.0	0.98	0.96	1.0	1.0	0.96	0.96	0.94	0.92	1.0	1.0	1.0	0.94	0.98
13350	0.98	0.98	1.0	0.98	0.98	1.0	1.0	0.98	0.96	0.96	0.92	1.0	1.0	1.0	0.94	0.98
13400	0.98	0.98	1.0	0.98	0.98	1.0	1.0	0.98	0.94	0.98	0.94	1.0	1.0	1.0	0.94	0.98
13450	0.98	0.98	1.0	0.98	0.98	1.0	1.0	0.98	0.94	0.98	0.96	1.0	1.0	1.0	0.94	0.98
13500	1.0	0.96	1.0	0.98	0.98	1.0	1.0	0.98	0.94	0.98	0.96	1.0	1.0	1.0	0.94	0.98
13550	1.0	0.96	1.0	0.98	0.98	1.0	1.0	0.98	0.94	0.98	0.96	1.0	1.0	1.0	0.94	0.98
13600	1.0	0.96	1.0	0.98	0.98	1.0	1.0	0.98	0.96	0.98	0.96	1.0	1.0	1.0	0.94	0.98
13650	0.98	0.96	1.0	0.98	0.98	1.0	1.0	0.98	0.96	0.98	0.96	1.0	1.0	1.0	0.94	0.96
13700	0.98	0.96	1.0	0.98	1.0	1.0	1.0	0.98	0.96	0.98	0.96	1.0	1.0	1.0	0.94	0.96
13750	0.96	0.96	1.0	0.98	1.0	1.0	1.0	0.98	0.96	0.98	0.96	1.0	1.0	1.0	0.94	0.96
13800	0.94	0.96	1.0	0.98	1.0	1.0	1.0	0.98	0.96	0.98	0.96	1.0	1.0	1.0	0.94	0.96
13850	0.94	0.96	1.0	0.98	1.0	0.98	1.0	0.98	0.96	0.98	0.96	1.0	1.0	1.0	0.94	0.96
13900	0.98	0.96	1.0	0.98	1.0	0.98	1.0	0.98	0.96	0.98	0.96	1.0	1.0	1.0	0.94	0.96
13950	1.0	0.96	1.0	0.98	1.0	0.98	1.0	0.98	0.96	1.0	0.98	1.0	1.0	1.0	0.94	0.96
14000	0.98	0.96	1.0	0.98	1.0	0.98	1.0	0.98	0.96	1.0	0.98	1.0	1.0	1.0	0.94	0.96
14050	0.98	0.96	1.0	0.98	1.0	0.98	1.0	0.98	0.96	1.0	0.98	1.0	1.0	1.0	0.94	0.94
14100	1.0	0.96	1.0	0.98	1.0	0.98	1.0	0.98	0.96	1.0	0.98	1.0	1.0	1.0	0.96	0.94
14150	1.0	0.96	1.0	0.98	1.0	0.98	1.0	0.96	0.96	1.0	0.96	1.0	1.0	1.0	0.96	0.92
14200	0.98	0.96	1.0	0.98	1.0	0.98	1.0	0.96	0.96	1.0	0.96	1.0	1.0	1.0	0.96	0.9
14250	0.98	0.94	0.98	0.98	1.0	0.98	1.0	0.96	0.98	1.0	0.96	1.0	1.0	1.0	0.98	0.9
14300	1.0	0.94	0.98	0.98	1.0	0.98	1.0	0.96	0.98	1.0	0.96	1.0	1.0	1.0	0.98	0.9
14350	0.96	0.94	0.98	0.98	1.0	0.98	1.0	0.96	0.98	1.0	0.96	1.0	1.0	1.0	0.98	0.9
14400	0.96	0.94	0.98	0.98	1.0	0.98	1.0	0.96	0.98	1.0	0.96	1.0	1.0	1.0	0.98	0.9
14450	0.94	0.94	0.98	0.98	1.0	0.98	1.0	0.96	0.98	1.0	0.96	1.0	1.0	1.0	0.98	0.9
14500	0.98	0.94	0.98	0.98	1.0	0.98	1.0	0.92	0.98	1.0	0.96	1.0	1.0	1.0	0.98	0.9
14550	1.0	0.94	0.98	0.98	1.0	0.98	1.0	0.92	0.98	1.0	0.98	1.0	1.0	1.0	0.98	0.9
14600	0.96	0.94	0.98	0.98	1.0	0.98	1.0	0.92	1.0	1.0	0.98	1.0	1.0	1.0	0.98	0.9
14650	0.94	0.96	0.98	0.98	1.0	0.98	1.0	0.92	1.0	1.0	0.98	1.0	1.0	1.0	0.98	0.92
14700	0.98	0.96	0.98	0.98	1.0	0.98	1.0	0.92	1.0	1.0	0.98	1.0	1.0	1.0	0.98	0.92
14750	1.0	0.96	0.98	0.98	1.0	0.98	1.0	0.9	1.0	0.98	0.98	1.0	1.0	1.0	0.98	0.92
14800	1.0	0.96	0.98	0.98	1.0	0.98	1.0	0.9	1.0	0.98	0.98	1.0	1.0	1.0	0.98	0.92
14850	1.0	0.96	0.96	0.98	1.0	0.98	1.0	0.92	1.0	0.98	0.98	1.0	1.0	1.0	0.98	0.92
14900	1.0	0.96	0.96	1.0	1.0	0.98	1.0	0.92	1.0	0.98	0.98	1.0	1.0	1.0	0.98	0.92
14950	1.0	0.98	0.96	1.0	1.0	0.98	1.0	0.92	1.0	0.98	0.98	1.0	1.0	1.0	0.98	0.92
15000	0.94	0.98	0.96	1.0	1.0	0.98	1.0	0.9	1.0	0.98	0.98	1.0	1.0	1.0	0.98	0.92
15050	0.92	0.98	0.96	0.98	1.0	0.98	1.0	0.9	1.0	0.98	0.98	1.0	1.0	1.0	0.98	0.92
15100	0.98	0.98	0.96	0.98	1.0	0.98	1.0	0.9	1.0	0.94	0.98	1.0	1.0	1.0	0.98	0.94
15150	1.0	0.98	0.96	0.98	1.0	0.98	1.0	0.9	1.0	0.94	0.98	1.0	1.0	1.0	0.96	0.94
15200	1.0	0.98	0.96	0.98	1.0	0.98	1.0	0.9	1.0	0.94	0.96	1.0	1.0	1.0	0.96	0.94
15250	0.98	0.98	0.96	0.98	1.0	0.98	1.0	0.9	1.0	0.94	0.96	1.0	1.0	1.0	0.96	0.92
15300	0.98	0.98	0.96	0.98	1.0	0.98	0.98	0.9	1.0	0.94	0.96	1.0	1.0	1.0	0.96	0.92
15350	0.98	0.98	0.96	0.98	1.0	0.98	0.98	0.92	1.0	0.94	0.96	1.0	1.0	1.0	0.96	0.92
15400	0.98	0.98	0.96	0.98	1.0	1.0	0.98	0.92	1.0	0.94	0.96	1.0	1.0	1.0	0.96	0.92
15450	0.94	0.98	0.96	0.98	1.0	1.0	0.98	0.92	1.0	0.94	0.96	1.0	1.0	1.0	0.96	0.92
15500	0.96	1.0	0.96	0.98	1.0	1.0	0.98	0.92	1.0	0.92	0.96	1.0	1.0	1.0	0.98	0.92
15550	1.0	1.0	0.96	0.98	1.0	1.0	0.98	0.92	1.0	0.92	0.96	1.0	1.0	0.98	0.98	0.94
15600	1.0	1.0	0.96	0.98	1.0	1.0	0.98	0.9	1.0	0.92	0.98	1.0	1.0	0.98	0.98	0.94
15650	1.0	1.0	0.96	0.98	1.0	1.0	0.98	0.9	1.0	0.92	0.98	1.0	1.0	0.98	0.98	0.96
15700	0.96	1.0	0.96	0.98	1.0	1.0	0.98	0.92	1.0	0.92	0.98	1.0	1.0	0.98	0.98	0.98
15750	0.96	1.0	0.96	0.98	1.0	1.0	0.98	0.94	1.0	0.92	0.98	1.0	1.0	0.98	0.98	0.98
15800	1.0	1.0	0.98	0.98	1.0	1.0	0.98	0.94	1.0	0.92	0.98	1.0	1.0	0.98	0.98	0.98
15850	0.98	1.0	0.98	0.98	1.0	1.0	0.98	0.94	0.98	0.92	0.98	1.0	1.0	0.98	0.98	0.98
15900	0.96	1.0	0.98	0.98	1.0	1.0	0.98	0.94	0.98	0.92	0.98	1.0	1.0	0.98	0.98	0.98
15950	0.96	1.0	0.98	0.98	1.0	1.0	0.98	0.92	0.98	0.92	0.98	1.0	1.0	0.98	0.98	0.98
16000	0.96	1.0	0.96	0.98	0.98	1.0	0.98	0.92	0.98	0.92	0.98	1.0	0.98	0.98	0.98	0.98
16050	0.96	1.0	0.96	0.98	0.98	1.0	0.98	0.94	0.96	0.92	0.98	1.0	0.98	0.98	0.98	0.98
16100	1.0	1.0	0.96	0.98	0.98	1.0	0.98	0.94	0.96	0.92	0.98	1.0	0.98	0.98	0.98	0.98
16150	1.0	0.98	0.96	0.96	0.98	1.0	0.98	0.96	0.96	0.92	0.98	1.0	0.98	0.98	0.98	0.98
16200	0.98	0.98	0.96	0.96	0.98	0.98	0.98	0.96	0.96	0.92	0.96	1.0	0.98	0.98	0.98	0.98
16250	0.96	0.98	0.94	0.96	0.98	0.98	0.98	0.96	0.96	0.92	0.96	1.0	0.98	0.98	0.98	0.98
16300	0.96	0.98	0.92	0.96	0.98	0.98	0.98	0.96	0.96	0.94	0.96	1.0	0.98	0.98	0.98	0.98
16350	0.98	0.98	0.92	0.96	0.98	0.98	0.98	0.96	0.96	0.96	0.96	1.0	0.98	0.98	0.98	0.98
16400	0.98	0.98	0.92	0.96	0.98	0.96	0.98	0.96	0.94	0.96	0.96	1.0	0.98	0.98	0.98	0.98
16450	1.0	0.98	0.92	0.96	0.98	0.96	0.96	0.96	0.94	0.96	0.96	1.0	0.98	0.98	0.98	0.98
16500	0.98	0.98	0.92	0.96	0.98	0.96	0.96	0.96	0.92	0.96	0.96	1.0	0.98	0.98	0.98	0.98
16550	0.96	0.98	0.92	0.92	0.98	0.94	0.94	0.96	0.92	0.96	0.98	1.0	0.98	0.98	0.98	0.98
16600	0.96	0.98	0.92	0.92	0.98	0.94	0.96	0.96	0.92	0.96	0.98	1.0	0.98	0.98	0.98	1.0
16650	1.0	0.98	0.92	0.94	0.98	0.94	0.96	0.96	0.92	0.96	0.98	1.0	0.98	0.98	0.98	1.0
16700	0.98	0.98	0.92	0.94	0.98	0.94	0.96	0.96	0.92	0.98	0.96	1.0	0.98	0.98	1.0	1.0
16750	0.96	0.98	0.92	0.94	0.98	0.94	0.96	0.96	0.92	0.98	0.96	1.0	0.98	0.98	0.98	1.0
16800	0.98	0.98	0.92	0.94	0.98	0.94	0.96	0.96	0.92	0.98	0.94	1.0	0.98	0.98	0.98	0.98
16850	1.0	0.98	0.92	0.94	0.98	0.94	0.96	0.96	0.92	0.98	0.94	1.0	0.98	0.98	0.98	0.98
16900	0.98	0.98	0.92	0.94	0.98	0.94	0.96	0.96	0.92	0.98	0.94	1.0	0.98	0.98	0.98	0.98
16950	0.98	0.98	0.92	0.94	0.98	0.92	0.96	0.96	0.92	0.98	0.94	1.0	0.98	0.98	0.98	0.98
17000	1.0	0.98	0.92	0.94	0.98	0.92	0.96	0.96	0.92	0.98	0.94	1.0	0.98	0.98	0.98	0.98
17050	1.0	0.98	0.92	0.94	0.98	0.92	0.96	0.96	0.92	0.98	0.94	1.0	0.98	1.0	0.98	0.98
17100	0.98	0.98	0.92	0.94	0.96	0.92	0.96	0.98	0.92	1.0	0.94	1.0	0.98	1.0	0.98	0.98
17150	0.98	0.98	0.92	0.94	0.96	0.92	0.96	0.98	0.92	1.0	0.94	0.98	0.98	1.0	0.98	0.98
17200	1.0	0.96	0.92	0.94	0.96	0.94	0.96	0.98	0.92	1.0	0.94	0.98	0.98	1.0	0.98	0.98
17250	0.96	0.96	0.92	0.94	0.96	0.94	0.96	0.96	0.92	1.0	0.94	0.98	0.98	1.0	0.98	0.98
17300	0.96	0.96	0.92	0.94	0.96	0.94	0.96	0.94	0.92	1.0	0.94	0.98	0.98	1.0	0.96	0.98
17350	1.0	0.96	0.92	0.94	0.96	0.94	0.96	0.94	0.92	1.0	0.94	0.98	0.98	1.0	0.96	0.98
17400	1.0	0.96	0.92	0.94	0.96	0.94	0.96	0.92	0.92	1.0	0.94	0.98	0.98	1.0	0.96	0.98
17450	0.94	0.96	0.92	0.94	0.96	0.94	0.96	0.92	0.92	1.0	0.94	0.98	0.98	1.0	0.96	0.98
17500	0.9	0.96	0.92	0.94	0.98	0.94	0.96	0.94	0.92	1.0	0.94	0.98	0.98	1.0	0.96	0.98
17550	0.94	0.96	0.94	0.94	0.98	0.92	0.98	0.94	0.92	1.0	0.94	0.98	0.98	1.0	0.96	0.98
17600	0.98	0.96	0.94	0.94	0.98	0.92	0.98	0.94	0.92	1.0	0.94	0.98	0.98	1.0	0.96	0.98
17650	0.98	0.96	0.94	0.94	0.96	0.92	1.0	0.94	0.94	1.0	0.94	0.98	0.98	1.0	0.96	0.98
17700	0.94	0.96	0.94	0.96	0.96	0.92	1.0	0.94	0.92	1.0	0.94	0.98	0.98	1.0	0.96	0.98
17750	0.94	0.98	0.94	0.96	0.96	0.94	1.0	0.94	0.92	1.0	0.94	0.98	0.98	1.0	0.96	0.98
17800	0.98	0.98	0.94	0.96	0.96	0.94	1.0	0.94	0.94	1.0	0.94	0.98	0.98	1.0	0.96	0.98
17850	1.0	0.98	0.96	0.96	0.94	0.94	1.0	0.94	0.94	1.0	0.96	0.98	1.0	1.0	0.96	0.98
17900	0.96	0.98	0.96	0.96	0.94	0.94	1.0	0.94	0.94	1.0	0.94	0.98	1.0	1.0	0.96	0.98
17950	0.96	0.98	0.98	1.0	0.94	0.94	1.0	0.94	0.94	1.0	0.94	0.98	1.0	1.0	0.96	0.98
18000	1.0	0.98	0.98	1.0	0.94	0.94	1.0	0.94	0.96	1.0	0.94	0.98	1.0	1.0	0.96	0.98
18050	1.0	0.98	0.98	1.0	0.94	0.96	1.0	0.94	0.98	1.0	0.94	0.98	1.0	1.0	0.96	0.98
18100	0.98	0.98	0.98	1.0	0.94	0.96	1.0	0.94	0.98	1.0	0.94	0.98	1.0	1.0	0.96	0.98
18150	0.96	0.98	0.98	1.0	0.94	0.94	1.0	0.94	0.98	1.0	0.94	0.98	1.0	1.0	0.96	1.0
18200	0.96	0.98	0.98	1.0	0.94	0.94	1.0	0.94	0.98	1.0	0.94	0.98	1.0	1.0	0.98	1.0
18250	0.96	0.98	0.98	1.0	0.94	0.94	1.0	0.94	0.98	1.0	0.94	0.98	1.0	1.0	0.98	1.0
18300	0.98	0.98	0.98	1.0	0.94	0.94	1.0	0.94	0.98	1.0	0.94	0.98	1.0	1.0	0.98	1.0
18350	0.98	0.98	0.98	1.0	0.94	0.94	1.0	0.94	0.98	1.0	0.96	0.98	1.0	1.0	0.98	1.0
18400	0.98	0.98	0.96	1.0	0.94	0.94	1.0	0.94	0.98	1.0	0.96	0.98	1.0	1.0	0.98	1.0
18450	1.0	0.98	0.96	1.0	0.94	0.94	1.0	0.94	0.98	1.0	0.98	0.98	1.0	1.0	0.98	1.0
18500	0.98	0.98	0.96	1.0	0.94	0.96	1.0	0.94	0.98	1.0	0.98	0.98	1.0	1.0	0.98	1.0
18550	1.0	0.98	0.96	1.0	0.94	0.94	1.0	0.96	0.98	1.0	0.98	0.98	1.0	1.0	0.98	1.0
18600	0.98	0.98	0.96	1.0	0.94	0.94	1.0	0.98	0.98	1.0	0.98	0.98	1.0	1.0	0.98	1.0
18650	0.94	1.0	0.96	1.0	0.96	0.94	0.98	0.98	0.98	1.0	0.98	0.98	1.0	1.0	0.98	1.0
18700	0.94	1.0	0.96	1.0	0.96	0.94	0.98	0.98	0.98	1.0	0.98	0.98	1.0	1.0	0.98	1.0
18750	1.0	1.0	0.96	1.0	0.96	0.94	0.98	0.98	0.98	1.0	0.98	0.98	1.0	1.0	0.98	1.0
18800	1.0	1.0	0.96	1.0	0.96	0.94	0.98	1.0	0.98	1.0	0.98	0.98	1.0	1.0	1.0	1.0
18850	0.98	1.0	0.96	1.0	0.98	0.94	0.98	1.0	0.98	1.0	0.98	0.98	1.0	1.0	1.0	1.0
18900	0.98	1.0	0.96	1.0	0.98	0.94	0.98	1.0	0.98	1.0	0.98	0.98	1.0	1.0	1.0	1.0
18950	1.0	0.98	0.96	1.0	0.98	0.94	0.98	1.0	0.98	1.0	0.98	0.98	1.0	1.0	1.0	1.0
19000	1.0	0.98	0.96	1.0	0.98	0.94	0.98	1.0	0.96	1.0	0.98	1.0	1.0	1.0	1.0	1.0
19050	0.98	0.98	0.96	1.0	0.98	0.94	0.98	1.0	0.96	1.0	0.98	1.0	1.0	1.0	1.0	1.0
19100	0.98	0.98	0.98	1.0	0.98	0.94	0.98	1.0	0.96	1.0	0.98	1.0	0.98	1.0	1.0	1.0
19150	1.0	0.98	0.98	1.0	0.98	0.94	0.98	1.0	0.96	1.0	0.98	1.0	0.96	1.0	1.0	1.0
19200	1.0	0.98	0.98	1.0	0.98	0.94	0.98	1.0	0.96	1.0	0.98	0.98	0.96	1.0	1.0	1.0
19250	1.0	0.98	0.98	1.0	0.98	0.96	0.98	1.0	0.96	1.0	0.98	0.98	0.96	1.0	1.0	1.0
19300	0.98	0.98	0.98	1.0	1.0	0.96	0.98	1.0	0.96	1.0	0.98	0.98	0.96	1.0	1.0	1.0
19350	0.96	0.98	0.98	1.0	1.0	0.96	0.98	1.0	0.96	0.98	0.96	0.98	0.96	1.0	1.0	1.0
19400	0.98	0.96	0.98	1.0	1.0	0.96	0.98	1.0	0.98	0.98	0.96	0.98	0.96	1.0	1.0	1.0
19450	0.98	0.96	0.98	1.0	1.0	0.96	0.98	1.0	0.98	0.98	0.96	0.98	0.96	1.0	1.0	1.0
19500	1.0	0.96	0.98	1.0	1.0	0.96	0.98	1.0	0.98	0.98	0.94	0.98	0.96	1.0	1.0	1.0
19550	1.0	0.96	0.98	1.0	1.0	0.96	0.98	1.0	0.98	0.98	0.94	0.98	0.94	1.0	1.0	1.0
19600	1.0	0.96	0.98	1.0	1.0	0.96	0.98	1.0	0.98	0.98	0.94	0.98	0.94	1.0	1.0	1.0
19650	1.0	0.96	0.98	1.0	1.0	0.98	0.98	1.0	0.96	0.98	0.94	0.98	0.94	1.0	1.0	1.0
19700	1.0	0.96	0.98	1.0	1.0	0.98	0.98	1.0	0.96	0.98	0.94	0.98	0.94	1.0	1.0	1.0
19750	1.0	0.96	1.0	1.0	1.0	1.0	0.96	1.0	0.96	0.98	0.94	0.98	0.94	1.0	1.0	1.0
19800	1.0	0.96	1.0	1.0	1.0	1.0	0.96	1.0	0.96	0.98	0.94	0.98	0.94	1.0	1.0	1.0
19850	1.0	0.96	1.0	1.0	1.0	1.0	0.96	1.0	0.96	0.98	0.94	0.98	0.94	1.0	1.0	1.0
19900	0.98	0.96	1.0	1.0	1.0	1.0	0.96	1.0	0.96	0.98	0.94	0.98	0.94	1.0	1.0	1.0
19950	0.98	0.96	1.0	1.0	1.0	1.0	0.96	1.0	0.96	0.98	0.94	0.98	0.94	1.0	1.0	1.0
20000	1.0	0.94	1.0	1.0	1.0	1.0	0.96	1.0	0.96	0.98	0.94	0.98	0.94	1.0	1.0	1.0
