0	0	0	0	0	0	0	0	0	0	0	0	0	0	0	0	0	0
50	1	1	1	1	1	1	4	3	2	2	0	2	2	1	2	2	6
100	2	3	2	3	2	3	4	5	3	3	2	3	3	5	4	3	17
150	6	6	4	6	4	5	5	6	6	4	3	4	5	6	5	4	35
200	6	6	5	8	5	6	6	6	7	6	7	7	6	7	8	7	47
250	6	6	5	9	5	7	7	6	9	8	7	7	7	8	9	7	46
300	6	6	6	9	6	8	8	7	10	9	9	8	7	8	9	7	50
350	8	8	7	10	6	8	8	7	10	10	11	8	7	9	9	9	55
400	8	8	8	10	8	9	11	7	10	11	12	10	7	10	9	8	62
450	8	8	8	10	9	9	11	7	11	12	12	10	8	11	9	9	64
500	8	8	8	10	8	9	12	8	11	12	11	10	9	11	9	10	62
550	10	8	8	10	9	10	13	9	12	13	11	10	9	12	9	10	68
600	10	8	9	10	10	11	13	9	12	13	12	11	9	13	10	10	71
650	10	8	9	10	10	11	13	9	12	13	13	12	9	16	10	11	74
700	10	8	10	10	11	11	13	9	12	13	15	12	9	16	10	10	74
750	10	8	11	10	11	11	13	9	12	13	15	12	9	16	10	10	75
800	10	8	11	10	12	11	13	9	12	13	15	12	9	16	10	10	75
850	11	8	11	10	13	11	13	9	12	13	15	12	9	16	10	11	77
900	11	8	11	10	13	12	13	9	12	13	16	12	9	16	10	11	77
950	12	8	11	10	13	12	13	9	12	13	16	12	9	16	10	12	78
1000	12	8	11	10	13	12	13	9	12	13	16	12	9	16	10	12	77
1050	12	8	11	10	13	12	13	9	12	13	16	12	9	16	10	12	75
1100	12	8	11	10	13	12	13	9	12	13	16	12	9	16	10	12	75
1150	12	8	11	10	13	12	13	9	12	13	16	12	9	16	10	12	75
1200	12	8	11	10	13	12	13	9	12	13	16	12	9	16	10	12	77
1250	12	8	11	10	13	12	13	9	12	13	16	12	9	16	10	12	76
1300	12	8	10	10	13	12	13	9	12	13	16	12	9	16	10	12	76
1350	12	8	10	10	13	12	13	9	12	13	16	12	9	16	10	12	77
1400	12	8	10	10	13	12	13	9	12	13	16	12	9	16	10	12	77
1450	12	8	10	11	13	12	13	9	12	13	16	12	10	16	10	12	77
1500	12	8	10	12	13	13	13	9	12	13	16	12	11	16	10	12	75
1550	12	8	10	12	13	13	13	9	12	13	16	12	11	16	10	12	75
1600	12	8	10	12	13	13	13	9	12	13	16	12	12	16	10	12	75
1650	12	8	10	12	13	13	13	9	12	13	16	12	12	16	10	12	74
1700	12	8	10	12	13	13	13	9	12	13	16	12	12	16	10	12	75
1750	12	8	10	12	13	13	13	9	12	13	16	12	13	16	10	12	74
1800	13	8	11	12	13	14	13	9	12	12	16	12	14	16	10	12	75
1850	13	8	11	12	13	14	13	9	12	12	16	12	15	16	10	12	75
1900	13	8	11	11	13	14	13	9	12	12	16	12	17	16	10	12	77
1950	13	8	11	11	13	14	13	9	12	12	16	13	17	16	10	12	77
2000	14	8	11	11	13	14	13	9	12	12	16	13	16	16	10	12	76
2050	15	8	11	11	13	14	13	9	12	12	16	12	16	16	10	12	75
2100	15	8	11	11	13	14	13	10	12	12	16	13	16	16	10	12	76
2150	15	8	11	12	14	14	13	10	12	12	16	14	17	16	11	12	79
2200	15	8	11	13	14	14	13	10	12	12	16	14	17	16	11	12	80
2250	15	8	11	14	14	15	13	10	12	12	16	14	17	16	11	12	81
2300	18	8	11	14	14	15	13	10	12	12	16	15	17	16	11	12	84
2350	18	8	11	14	14	15	13	11	12	12	16	15	17	16	12	12	84
2400	17	8	12	15	14	15	13	12	12	12	16	15	18	16	12	12	88
2450	18	8	12	15	14	16	13	12	12	12	16	15	18	16	12	12	88
2500	18	8	12	15	14	16	13	12	12	12	16	16	18	16	12	12	88
2550	19	8	12	15	16	17	13	12	12	12	16	18	19	16	12	12	94
2600	19	8	13	15	16	17	13	12	12	12	16	18	19	16	12	12	94
2650	19	8	13	15	16	18	13	12	12	12	16	18	19	16	13	12	93
2700	19	8	13	14	17	18	13	13	12	12	16	18	19	16	15	12	93
2750	18	8	13	14	17	18	13	13	12	12	16	18	19	16	15	12	92
2800	18	8	13	14	18	19	13	13	12	12	16	19	19	16	15	12	93
2850	19	8	14	14	19	20	13	13	12	12	16	19	19	16	15	12	96
2900	19	8	14	14	19	21	13	13	13	12	16	19	19	16	15	12	97
2950	19	8	14	14	19	21	13	13	13	12	16	19	19	16	16	12	98
3000	19	8	14	14	19	21	13	13	13	12	16	19	19	16	16	12	98
3050	18	8	14	14	20	21	13	13	13	12	16	19	19	16	17	12	100
3100	18	9	14	14	20	21	13	13	13	12	16	19	19	16	19	12	101
3150	18	9	14	14	20	21	13	13	13	12	16	19	19	16	19	12	101
3200	20	9	14	14	20	22	13	13	13	12	16	19	19	16	19	12	105
3250	22	10	14	14	20	22	13	13	13	12	16	20	19	16	19	12	107
3300	22	10	14	14	20	23	13	13	13	12	16	20	19	16	19	12	107
3350	22	10	14	14	20	23	13	13	14	12	16	20	19	16	19	12	108
3400	22	10	14	14	20	23	13	13	14	12	16	20	19	16	19	12	106
3450	22	10	14	14	20	24	13	13	14	12	16	20	19	16	21	12	107
3500	23	10	14	14	20	24	13	13	14	12	16	20	19	16	21	12	108
3550	23	10	14	14	20	24	13	13	14	12	16	20	19	16	21	12	108
3600	23	10	14	14	20	23	13	13	14	12	16	20	19	16	21	12	106
3650	23	10	14	14	21	23	13	13	14	12	16	19	19	16	21	12	105
3700	23	10	14	14	21	23	13	13	14	12	16	20	19	16	21	12	106
3750	23	10	14	14	21	23	13	13	14	12	16	21	19	16	21	12	105
3800	23	10	14	14	21	23	13	13	15	12	16	23	19	16	21	12	109
3850	23	10	14	14	21	23	13	13	15	12	16	23	19	16	21	12	109
3900	23	11	14	14	21	23	13	13	18	12	16	23	19	16	21	12	112
3950	23	11	14	14	21	23	13	13	18	12	16	23	19	16	21	12	112
4000	23	11	14	14	21	23	13	13	18	12	16	23	19	16	21	12	113
4050	23	11	14	14	21	23	13	13	19	12	16	23	19	16	21	12	113
4100	23	11	14	14	21	23	13	13	19	12	16	23	20	16	21	12	113
4150	23	11	14	14	21	23	13	13	19	12	16	24	20	16	21	12	114
4200	22	11	14	14	21	23	13	13	19	12	16	23	20	16	21	12	114
4250	22	11	14	14	21	23	13	13	19	12	16	24	20	16	21	12	114
4300	22	11	14	14	22	23	13	13	20	12	16	24	20	16	21	12	115
4350	22	11	14	14	22	23	13	13	20	13	16	24	20	16	21	12	115
4400	22	11	14	14	22	23	13	13	21	13	16	24	20	16	21	12	116
4450	22	11	14	14	22	23	13	13	21	13	16	25	20	16	21	12	118
4500	22	11	14	15	22	23	13	13	21	13	16	25	20	16	21	12	118
4550	22	11	14	15	22	23	13	13	21	13	16	25	20	16	21	12	119
4600	21	11	14	15	22	23	13	13	21	13	16	25	20	16	21	12	119
4650	21	11	14	15	22	23	13	13	21	13	16	25	20	16	21	12	118
4700	21	11	14	14	22	23	13	13	21	13	16	25	20	16	21	12	118
4750	20	11	14	14	22	23	13	13	21	13	16	25	20	16	21	12	117
4800	20	11	14	14	22	23	13	13	21	13	16	25	20	16	21	12	117
4850	20	11	14	15	23	23	13	13	21	13	16	25	20	16	21	12	119
4900	20	11	14	15	23	23	13	13	21	14	16	25	20	16	21	12	120
4950	21	11	14	15	23	23	13	13	21	14	16	25	20	16	22	12	121
5000	21	11	14	15	23	23	13	13	21	14	16	25	20	16	22	12	121
5050	21	11	14	15	23	23	13	13	21	14	16	25	20	16	23	12	121
5100	21	11	14	15	23	23	13	13	21	14	16	25	20	16	23	12	120
5150	21	11	14	15	23	23	13	13	21	14	16	25	20	16	23	12	121
5200	21	11	14	15	23	23	13	13	21	14	16	25	20	16	23	12	122
5250	21	11	14	15	23	23	13	13	21	14	16	25	20	16	23	12	122
5300	21	11	14	16	23	23	13	13	21	14	16	25	20	16	23	12	122
5350	22	11	14	17	23	23	13	13	21	14	16	25	20	16	23	12	124
5400	22	11	15	17	23	23	13	13	21	14	16	25	20	16	23	12	124
5450	21	11	15	17	23	23	14	13	21	14	16	25	20	16	23	13	124
5500	21	11	15	18	23	23	14	13	21	15	16	25	20	16	23	13	125
5550	21	11	15	18	23	23	15	13	21	15	16	25	20	16	23	13	126
5600	21	11	14	18	23	23	15	13	21	14	16	25	20	16	23	13	125
5650	21	11	15	17	23	23	16	12	21	14	16	25	20	17	23	13	125
5700	21	11	15	19	23	23	15	12	21	15	16	25	20	16	23	13	126
5750	21	11	16	19	23	23	15	12	21	15	16	25	20	16	23	14	127
5800	21	11	16	19	23	23	15	12	21	15	16	25	20	17	22	14	127
5850	21	12	16	19	23	23	15	12	21	15	16	25	20	17	22	14	128
5900	21	13	16	19	23	23	15	12	21	15	16	25	20	18	22	14	128
5950	21	13	16	19	22	23	15	12	21	15	16	25	20	19	22	14	128
6000	21	14	17	19	22	23	15	12	21	16	16	25	20	20	21	15	133
6050	21	14	17	20	22	23	16	12	21	16	16	25	20	20	21	15	134
6100	21	14	17	20	22	23	16	12	21	16	16	25	20	20	21	15	134
6150	21	14	17	20	22	23	17	12	21	17	16	25	20	20	21	15	134
6200	21	14	17	20	22	23	17	12	21	17	16	25	20	21	21	15	135
6250	21	14	17	20	22	23	17	12	21	17	16	25	20	21	21	15	135
6300	21	13	17	20	22	23	18	12	21	17	16	25	20	21	21	15	137
6350	22	13	18	20	22	23	18	12	21	18	16	25	20	21	21	15	138
6400	23	13	18	20	22	23	18	12	21	18	16	25	20	22	21	15	139
6450	23	13	19	20	22	23	18	12	21	18	16	25	20	22	21	15	139
6500	23	14	19	20	22	23	19	12	21	18	16	25	20	22	21	16	142
6550	23	14	19	20	22	23	19	12	21	19	16	25	20	22	21	16	143
6600	23	14	18	20	22	23	19	12	21	19	16	25	20	22	21	16	142
6650	23	14	19	20	22	23	19	12	21	19	16	25	20	22	22	16	143
6700	23	14	19	20	22	23	19	12	21	19	16	25	20	22	22	16	143
6750	23	14	20	21	22	23	19	12	20	19	16	25	20	22	22	16	143
6800	23	14	20	20	22	23	19	12	20	19	16	25	20	22	22	16	141
6850	23	14	20	20	22	23	20	12	20	19	16	25	20	22	22	16	141
6900	23	14	20	20	22	23	20	12	20	19	16	25	20	23	22	16	141
6950	23	14	20	20	23	23	20	12	20	19	16	25	20	23	21	16	141
7000	23	14	20	20	23	23	20	12	20	19	16	25	20	23	22	16	141
7050	22	14	20	20	23	23	20	12	20	19	16	25	20	23	22	16	140
7100	22	13	20	21	24	23	20	12	20	20	16	25	20	23	23	16	142
7150	22	14	20	21	24	23	20	12	20	20	16	26	20	23	23	16	144
7200	23	15	20	21	24	23	20	12	20	20	16	26	20	23	22	16	145
7250	23	15	20	21	25	23	20	13	20	20	16	26	20	23	23	17	148
7300	23	15	20	21	25	23	20	13	20	20	16	26	20	23	23	18	149
7350	23	16	21	21	25	23	21	13	20	20	16	26	20	23	23	18	151
7400	23	15	21	21	25	23	21	13	20	20	16	26	20	23	23	18	149
7450	23	16	21	23	26	23	21	13	20	20	16	26	20	24	26	19	154
7500	23	15	21	23	27	23	22	13	20	20	16	26	20	24	27	19	155
7550	23	15	21	23	27	23	22	13	20	20	16	26	20	25	26	19	155
7600	23	15	21	23	27	23	22	13	20	21	16	26	20	25	27	19	157
7650	23	15	21	23	27	23	22	13	20	21	16	26	20	24	27	19	157
7700	23	16	20	23	27	23	22	13	20	21	16	26	19	26	27	19	160
7750	23	16	20	23	27	22	22	13	20	22	16	26	19	26	27	20	159
7800	23	16	21	23	27	22	22	13	20	22	16	26	19	26	27	21	161
7850	23	16	21	23	27	22	22	13	20	22	16	26	19	27	28	23	165
7900	23	16	22	23	27	22	22	13	20	22	16	26	19	27	28	23	166
7950	23	16	22	23	27	22	22	13	20	22	16	26	19	28	28	23	167
8000	23	16	22	23	27	22	22	13	20	22	17	26	19	28	28	24	167
8050	23	16	21	23	27	22	22	13	20	22	16	26	19	28	28	25	168
8100	23	16	22	24	27	22	22	13	20	22	16	26	19	28	28	26	171
8150	23	16	22	24	27	22	22	13	20	22	17	26	19	28	30	26	173
8200	23	16	22	24	28	22	22	13	20	22	17	26	19	28	30	26	174
8250	23	16	22	24	28	22	22	13	20	22	17	26	19	28	30	26	172
8300	23	16	22	24	28	22	22	13	20	22	17	25	19	28	30	26	170
8350	23	16	22	23	28	22	22	13	20	22	17	25	19	28	30	26	169
8400	23	16	22	23	28	22	22	13	20	22	17	25	19	28	30	26	169
8450	23	16	22	23	28	22	22	13	20	22	17	25	19	28	30	26	169
8500	23	16	22	23	28	22	22	13	20	22	17	25	19	28	30	26	169
8550	23	16	22	23	28	22	22	13	20	22	17	25	19	28	30	26	169
8600	23	16	22	23	28	22	22	13	20	22	17	25	19	28	30	26	169
8650	23	16	22	23	28	22	22	13	20	22	17	25	19	28	30	26	169
8700	23	17	22	23	29	22	22	13	22	22	17	25	19	28	30	26	171
8750	23	18	22	23	29	22	22	13	22	22	17	26	19	27	29	26	171
8800	23	18	22	23	29	22	22	13	22	23	17	26	19	27	30	26	174
8850	23	18	22	23	29	22	22	13	23	23	17	26	19	27	29	26	174
8900	23	18	22	23	29	22	22	13	23	23	17	26	19	28	29	25	173
8950	23	18	22	23	29	22	22	13	23	23	17	26	19	28	29	25	173
9000	23	18	22	25	29	22	22	13	23	23	17	26	19	28	29	25	171
9050	23	18	22	25	29	22	22	13	22	23	17	26	19	28	29	25	173
9100	23	18	22	25	28	22	22	13	23	23	17	26	19	28	29	25	174
9150	23	18	22	25	29	22	22	13	23	23	17	26	19	28	29	25	173
9200	23	18	22	25	29	22	22	13	23	23	17	26	19	28	31	25	174
9250	23	19	23	25	29	22	22	13	23	23	17	26	19	28	31	25	175
9300	23	19	23	25	29	22	22	13	24	23	17	26	19	28	31	24	175
9350	23	19	23	25	29	22	22	13	24	23	17	26	19	28	32	24	175
9400	23	19	23	25	29	22	21	13	25	23	17	26	19	28	32	24	175
9450	23	19	23	26	29	22	21	13	25	23	17	26	19	28	33	24	177
9500	23	18	23	26	29	22	21	13	25	24	17	27	19	28	34	24	178
9550	22	18	23	26	29	22	21	13	24	24	17	27	19	28	33	24	176
9600	22	18	23	26	29	22	21	13	24	24	17	27	19	28	33	24	175
9650	22	18	23	26	29	22	21	13	26	25	17	27	19	28	33	24	176
9700	22	18	23	26	29	22	21	13	26	24	17	27	19	28	33	24	174
9750	22	18	23	26	29	22	21	13	26	24	17	27	19	28	33	23	172
9800	21	18	23	26	29	22	21	13	26	24	17	27	19	28	33	23	169
9850	21	18	23	26	29	22	21	13	26	24	17	27	19	28	33	23	169
9900	21	18	23	26	29	22	21	13	26	24	17	27	19	29	33	23	168
9950	21	18	23	26	29	22	21	13	26	23	17	27	19	29	33	23	169
10000	21	18	23	26	29	22	21	13	26	23	17	27	19	29	33	24	169
10050	24	18	23	27	29	23	22	14	26	23	18	27	20	29	34	24	173
10100	24	20	24	27	30	24	22	14	27	24	19	28	21	29	33	24	177
10150	24	20	25	28	30	24	23	15	28	24	19	28	21	29	32	25	179
10200	24	20	25	29	31	25	23	15	28	25	19	29	21	29	32	27	182
10250	26	21	26	30	31	25	23	15	28	26	20	29	21	29	32	28	186
10300	27	21	26	30	31	25	23	17	29	26	20	30	21	29	32	28	190
10350	27	21	26	32	31	26	25	17	29	26	20	30	22	29	33	28	194
10400	27	21	26	33	31	26	25	18	30	25	20	30	22	30	33	30	196
10450	28	22	27	33	31	28	25	19	30	26	20	31	22	30	33	31	203
10500	28	23	27	33	31	28	25	20	30	28	20	31	22	31	33	31	204
10550	28	23	29	35	32	29	25	20	30	29	21	33	23	31	34	31	211
10600	28	24	30	35	32	30	26	21	30	29	21	33	24	31	34	32	215
10650	29	25	30	37	31	30	26	23	30	29	21	33	24	31	34	32	218
10700	29	25	30	36	31	30	26	23	29	31	22	34	24	31	34	32	220
10750	30	25	31	37	31	30	26	25	30	31	23	33	24	31	34	33	223
10800	30	25	31	38	31	30	26	25	30	32	23	33	24	31	34	33	223
10850	29	25	31	39	32	30	26	25	30	32	23	33	24	31	34	34	220
10900	30	25	32	40	32	30	26	25	30	32	23	33	24	31	34	34	221
10950	30	25	32	41	32	30	26	27	30	32	23	33	24	31	34	34	223
11000	30	25	32	42	32	30	26	28	30	32	23	33	24	31	34	34	223
11050	30	25	32	42	32	30	26	28	30	33	23	34	24	31	34	34	225
11100	30	25	32	42	32	30	26	29	30	33	23	34	24	31	35	34	227
11150	30	25	32	42	32	30	26	30	30	33	23	34	26	31	35	34	229
11200	30	25	32	43	33	30	26	30	30	33	23	34	26	32	35	34	230
11250	30	25	32	43	33	31	26	30	30	33	23	34	27	32	35	34	232
11300	30	25	33	43	33	31	26	32	30	33	23	34	29	32	35	34	233
11350	30	25	33	43	33	31	26	32	30	33	23	34	29	32	35	34	233
11400	29	25	33	43	34	30	26	32	30	33	23	34	29	32	35	34	232
11450	29	25	33	43	35	30	26	32	30	34	23	33	29	32	35	34	234
11500	29	25	33	43	35	31	26	32	30	34	23	33	30	32	35	34	234
11550	29	25	34	43	35	31	26	32	30	34	23	32	30	32	37	34	235
11600	29	25	34	43	35	31	26	33	30	34	23	32	30	32	37	34	236
11650	29	25	34	42	35	32	26	33	30	34	23	32	30	32	38	34	237
11700	29	25	34	42	36	32	26	33	30	34	23	33	30	32	38	33	237
11750	29	25	34	40	36	32	26	33	30	35	24	33	30	32	38	33	234
11800	29	25	34	40	37	33	26	33	30	35	24	33	31	32	38	33	235
11850	29	25	34	40	38	33	26	33	30	35	24	33	31	32	38	33	236
11900	29	25	34	40	38	34	26	33	30	35	24	33	32	32	38	33	237
11950	29	25	34	39	38	34	26	33	30	35	24	33	32	32	38	33	233
12000	29	25	34	39	38	34	26	33	30	35	24	33	32	32	38	33	233
12050	28	26	34	39	38	34	26	33	30	35	24	33	32	32	38	32	232
12100	28	26	34	39	38	34	26	33	30	35	24	33	32	32	38	32	232
12150	27	26	34	39	39	34	26	33	30	35	24	33	32	32	39	32	235
12200	26	26	34	39	39	35	26	33	30	35	24	33	32	32	39	32	235
12250	26	26	35	39	39	35	26	33	30	35	24	34	33	32	40	31	238
12300	26	26	35	39	40	35	26	33	30	35	24	34	33	32	40	31	238
12350	26	26	35	39	40	35	26	33	30	35	24	34	33	32	40	31	237
12400	26	26	35	39	40	35	26	33	30	35	24	34	34	32	40	30	237
12450	26	26	35	39	40	36	26	33	30	35	24	34	34	32	40	30	237
12500	26	26	36	39	40	36	26	33	30	35	24	34	34	32	41	30	236
12550	26	27	36	39	40	36	26	33	30	35	24	34	34	32	42	30	239
12600	26	27	36	39	40	36	26	33	30	35	24	34	34	32	42	30	238
12650	26	27	36	39	40	36	26	33	30	35	24	34	34	32	42	30	238
12700	26	27	37	39	40	36	26	33	30	35	24	34	34	32	42	30	239
12750	27	27	37	39	40	36	25	33	30	36	24	34	34	32	42	30	237
12800	27	27	37	39	41	36	25	32	30	36	24	34	35	32	43	30	239
12850	27	27	37	38	41	36	24	33	30	35	24	34	35	32	42	30	238
12900	28	27	38	38	41	36	24	33	29	35	24	34	35	32	43	30	240
12950	28	27	38	38	41	36	24	33	29	35	24	34	35	32	44	30	241
13000	27	27	37	38	41	36	24	33	30	35	24	34	35	32	44	31	241
13050	30	27	37	38	41	36	24	33	30	35	24	34	36	32	44	31	242
13100	30	27	37	38	41	36	24	33	30	35	24	34	36	32	44	31	242
13150	29	27	37	38	41	36	24	33	30	35	24	34	36	32	44	31	242
13200	29	27	37	38	41	35	25	33	30	35	24	34	35	32	43	31	240
13250	30	27	37	38	41	35	25	33	30	35	24	35	34	32	42	30	240
13300	31	27	38	38	41	35	25	33	30	35	24	36	35	32	42	30	243
13350	32	27	38	38	41	35	25	34	30	35	24	36	35	32	42	30	245
13400	32	27	38	38	41	35	26	34	30	35	24	36	35	32	42	30	245
13450	32	27	37	36	41	34	26	34	30	35	24	36	35	32	42	30	245
13500	34	27	37	36	41	34	26	34	30	35	24	36	35	32	42	30	247
13550	34	27	38	36	41	34	26	34	30	35	24	36	35	32	41	30	247
13600	34	27	38	36	41	34	26	34	30	35	24	36	35	32	41	30	246
13650	34	27	38	36	41	34	26	34	30	35	24	36	36	32	41	30	247
13700	34	27	38	36	41	34	26	34	30	35	24	36	36	32	41	30	247
13750	34	28	38	36	41	34	26	34	30	35	24	36	36	32	41	30	248
13800	34	28	37	36	41	34	27	34	30	34	24	36	36	32	41	30	249
13850	34	28	37	36	41	34	28	34	30	34	24	35	36	32	41	30	250
13900	34	28	37	36	41	34	29	34	30	34	24	35	36	32	41	30	251
13950	34	28	37	36	41	34	29	34	30	33	24	35	36	32	41	30	251
14000	34	28	37	36	41	34	30	34	30	33	24	35	36	33	41	30	252
14050	34	28	37	36	41	34	30	34	30	33	24	35	36	34	41	30	253
14100	34	28	37	36	41	34	30	33	30	33	24	35	36	34	41	30	253
14150	34	28	37	35	41	34	30	33	30	33	24	36	36	34	41	30	254
14200	34	28	37	35	40	34	30	33	30	33	24	36	36	34	41	30	251
14250	32	28	36	35	40	34	30	33	30	33	24	36	36	34	40	30	250
14300	32	28	36	34	40	34	30	33	30	33	24	36	36	34	41	30	251
14350	32	28	35	34	40	34	30	33	30	33	24	36	36	34	40	30	249
14400	32	28	35	35	40	34	30	33	29	33	24	36	36	34	40	30	248
14450	32	28	35	35	40	34	30	33	29	33	24	36	36	34	40	30	249
14500	32	28	35	35	40	34	30	33	29	33	24	36	36	34	40	30	248
14550	32	28	35	35	40	34	30	33	29	33	24	35	36	34	40	30	248
14600	31	28	35	35	40	34	30	32	29	33	24	35	36	34	40	30	246
14650	31	28	35	35	40	34	30	32	29	33	24	35	36	34	40	30	246
14700	31	28	35	34	40	34	30	32	29	33	24	35	36	34	40	30	247
14750	31	28	34	34	40	34	30	31	29	33	24	35	36	34	38	30	246
14800	31	28	34	34	40	34	30	31	28	33	24	35	36	34	38	30	246
14850	31	28	34	34	40	34	30	31	28	33	24	35	36	34	39	30	246
14900	31	28	34	34	40	34	30	31	28	33	24	35	36	34	39	30	246
14950	31	28	34	34	40	34	30	31	28	33	25	35	36	34	39	30	246
15000	31	28	35	34	40	34	30	31	28	33	26	35	36	34	39	30	245
15050	31	28	35	34	40	34	30	31	28	33	26	34	36	34	38	30	244
15100	31	28	35	34	39	34	30	31	28	33	26	34	36	34	38	30	243
15150	31	28	35	34	39	34	31	31	28	33	26	34	36	34	38	30	244
15200	31	28	35	34	39	34	32	31	28	33	26	34	36	34	38	30	244
15250	31	28	35	34	39	34	32	31	28	33	25	34	36	34	38	30	244
15300	31	28	35	34	39	34	32	31	28	33	25	34	36	34	38	30	243
15350	31	28	35	34	39	34	33	31	28	33	25	34	36	34	38	30	242
15400	31	28	35	34	39	34	33	31	28	33	25	34	36	34	38	30	242
15450	31	28	35	34	39	34	33	31	28	33	25	34	36	34	38	30	242
15500	31	27	35	34	39	34	32	31	28	33	25	34	36	34	38	30	241
15550	30	27	35	34	39	34	32	31	28	33	25	34	36	35	38	29	242
15600	30	27	35	34	39	34	32	31	28	33	25	34	36	35	38	29	242
15650	30	27	34	34	39	34	32	31	28	33	25	34	36	35	38	29	241
15700	30	27	34	34	39	34	32	31	28	33	25	34	36	35	38	29	242
15750	30	27	34	34	39	34	32	31	28	33	25	34	36	35	38	29	242
15800	29	27	34	34	39	34	32	31	28	33	25	34	36	35	38	28	239
15850	29	26	34	34	39	34	31	31	28	33	25	34	36	35	38	28	238
15900	29	26	36	34	39	34	31	31	28	33	25	34	36	35	38	27	239
15950	28	26	37	33	39	34	32	31	28	33	26	34	36	35	38	27	239
16000	28	26	37	33	39	34	32	31	28	32	26	34	35	35	38	27	239
16050	28	26	36	33	39	34	32	31	28	32	26	34	35	35	38	27	239
16100	28	26	35	33	39	34	31	31	28	32	27	34	35	35	38	27	239
16150	28	26	35	33	39	34	31	31	28	32	27	34	35	35	38	27	239
16200	28	26	35	33	39	34	30	31	28	32	27	34	35	35	38	27	239
16250	28	26	35	33	39	34	31	30	29	32	27	34	35	35	38	27	240
16300	28	26	35	33	39	34	31	30	29	32	27	34	35	35	38	27	239
16350	28	26	35	33	39	34	31	30	29	32	27	34	35	35	37	27	239
16400	28	26	35	33	39	34	31	30	28	32	27	34	35	35	37	27	238
16450	28	26	35	33	39	34	31	30	28	32	26	34	35	35	37	27	236
16500	28	26	35	33	39	34	32	30	28	33	26	34	35	35	37	26	236
16550	28	26	35	33	39	34	32	30	28	33	26	34	35	35	37	26	236
16600	28	26	35	33	39	34	31	30	28	33	26	34	35	35	38	26	237
16650	28	26	34	33	39	34	33	30	28	33	26	34	35	35	38	26	238
16700	28	26	34	33	39	34	33	30	28	33	26	34	35	35	38	26	238
16750	28	26	34	33	39	34	35	30	28	34	26	34	35	35	38	28	241
16800	28	26	35	33	39	34	35	30	29	34	26	34	35	35	38	28	242
16850	28	26	35	33	39	34	35	29	29	34	26	34	35	35	38	28	241
16900	28	26	35	33	39	34	36	29	28	34	26	34	35	35	38	28	241
16950	28	26	35	33	39	34	37	29	29	33	26	35	34	35	38	28	242
17000	28	26	35	33	39	34	37	29	29	33	26	35	34	35	38	28	242
17050	28	26	35	33	39	33	37	29	29	33	26	35	34	35	38	28	244
17100	28	25	35	33	39	33	37	30	29	32	26	35	34	35	38	28	244
17150	29	25	35	33	39	33	37	30	29	32	26	36	34	36	38	28	245
17200	29	25	35	33	39	33	37	30	29	32	26	36	34	36	38	28	246
17250	29	25	35	33	39	33	37	30	28	32	27	36	34	36	38	28	247
17300	29	25	35	33	39	33	37	30	28	33	27	36	34	36	38	28	248
17350	29	25	35	33	39	32	37	31	28	34	27	37	34	36	38	27	250
17400	29	25	35	33	39	32	37	31	28	35	27	38	35	36	38	27	252
17450	29	25	35	33	39	32	38	31	28	35	27	38	36	36	38	27	253
17500	29	25	35	33	39	32	38	31	28	35	27	38	36	37	38	27	254
17550	29	25	35	33	39	32	38	32	29	35	27	39	36	37	38	27	256
17600	29	25	35	32	39	32	38	32	29	35	27	39	36	37	38	27	255
17650	29	25	34	32	39	32	38	32	29	35	27	39	36	37	38	27	255
17700	29	25	34	32	39	32	38	32	31	35	27	39	36	36	37	27	254
17750	30	24	34	32	39	32	38	34	31	36	27	39	36	36	37	27	256
17800	30	24	34	32	39	32	38	34	31	36	28	40	36	36	37	27	257
17850	30	24	34	32	39	32	38	35	31	36	28	40	36	36	37	27	258
17900	30	24	34	32	39	32	39	35	31	36	27	40	36	36	37	27	259
17950	31	24	34	32	39	32	39	35	31	37	27	40	36	36	37	27	261
18000	31	24	34	32	39	32	39	35	32	37	27	40	36	36	37	28	262
18050	31	24	34	32	39	32	39	35	33	37	27	41	36	36	37	28	264
18100	31	25	34	32	39	32	39	35	33	37	27	41	36	36	37	29	266
18150	31	24	34	32	39	32	40	35	33	37	26	41	36	36	37	29	263
18200	31	24	34	32	39	32	40	35	33	37	27	41	36	36	37	29	263
18250	31	24	34	32	39	32	40	35	33	37	27	41	36	36	37	29	262
18300	31	24	34	32	39	32	40	35	33	37	27	41	36	36	37	29	262
18350	31	26	35	32	39	32	40	35	33	37	27	41	36	36	37	29	263
18400	31	26	35	32	39	33	40	35	33	37	27	41	36	37	37	29	264
18450	31	26	35	32	39	33	40	35	33	37	27	41	36	37	37	31	266
18500	31	27	36	32	39	33	40	35	34	37	27	41	36	37	37	31	269
18550	31	27	36	32	39	33	40	35	34	37	27	41	36	37	37	31	270
18600	31	27	36	32	39	33	40	35	34	37	27	41	36	37	37	31	268
18650	31	27	36	32	39	33	41	35	34	37	27	41	36	37	37	31	268
18700	31	27	35	32	39	33	41	35	34	37	27	41	36	37	37	31	267
18750	31	28	35	32	39	32	41	35	34	37	27	41	36	37	36	31	265
18800	32	28	35	32	39	32	41	35	34	38	27	41	36	37	36	31	265
18850	32	29	35	32	39	32	41	35	35	37	27	41	36	37	36	31	266
18900	32	30	35	32	39	32	41	35	35	38	27	41	36	37	36	31	268
18950	32	30	35	32	39	32	41	35	35	38	27	41	36	38	36	32	270
19000	32	30	35	32	39	32	41	35	35	38	27	41	36	38	36	32	271
19050	32	31	35	32	39	32	41	35	35	38	27	41	36	38	36	32	271
19100	31	31	35	32	38	32	41	35	35	37	27	41	36	37	36	32	270
19150	31	31	35	32	38	32	41	35	35	37	27	41	36	38	36	32	271
19200	31	31	35	32	38	32	40	35	36	37	27	41	36	37	36	32	269
19250	31	31	35	32	38	32	40	35	36	37	27	41	36	38	36	33	270
19300	31	30	35	32	38	32	40	35	36	37	27	41	36	38	36	33	271
19350	31	30	35	32	38	32	40	35	36	37	27	41	36	38	36	33	271
19400	31	30	36	32	38	32	40	35	36	37	27	41	36	38	36	33	271
19450	31	30	36	32	38	32	40	35	35	37	27	41	36	38	36	33	270
19500	31	30	36	32	38	31	39	35	35	37	27	41	36	38	36	32	268
19550	32	29	36	32	38	31	39	35	35	37	27	41	36	38	36	32	269
19600	32	29	36	32	38	31	38	35	34	37	27	41	36	39	36	32	269
19650	32	29	36	32	38	31	38	35	34	37	27	41	36	39	36	32	269
19700	32	29	38	32	38	31	38	35	34	37	27	41	36	39	36	32	271
19750	32	29	38	32	38	31	38	35	34	38	27	41	36	39	36	32	272
19800	32	29	38	32	38	31	38	35	35	38	27	41	36	39	36	34	274
19850	32	29	38	32	38	31	38	35	35	38	27	41	36	39	36	34	274
19900	32	29	38	32	38	31	38	34	35	38	27	41	35	39	36	34	274
19950	32	29	36	32	38	31	38	34	35	38	27	41	35	39	36	34	272
20000	32	29	36	32	38	31	38	34	35	38	27	41	35	40	36	34	273
