0	0.0	0.0	0.0	0.0	0.0	0.0	0.0	0.0	0.0	0.0	0.0	0.0	0.0	0.0	0.0	0.0
50	0.0	0.0	0.0	0.0	0.0	0.0	0.0	0.0	0.0	0.0	0.0	0.0	0.0	0.0	0.0	0.0
100	0.0	0.0909090909091	0.0714285714286	0.125	0.0	0.0909090909091	0.0555555555556	0.0	0.111111111111	0.0833333333333	0.0	0.0	0.0625	0.0	0.0666666666667	0.0
150	0.0	0.142857142857	0.130434782609	0.12	0.05	0.166666666667	0.0740740740741	0.1	0.1875	0.0555555555556	0.0	0.0	0.1	0.0714285714286	0.0666666666667	0.0
200	0.047619047619	0.12	0.212121212121	0.1875	0.0833333333333	0.16	0.176470588235	0.1875	0.24	0.0869565217391	0.0434782608696	0.0	0.192307692308	0.208333333333	0.190476190476	0.0
250	0.0689655172414	0.166666666667	0.268292682927	0.209302325581	0.125	0.233333333333	0.219512195122	0.210526315789	0.233333333333	0.161290322581	0.121212121212	0.0526315789474	0.206896551724	0.259259259259	0.208333333333	0.0
300	0.114285714286	0.194444444444	0.32	0.26	0.125	0.21875	0.244444444444	0.190476190476	0.264705882353	0.138888888889	0.175	0.15625	0.210526315789	0.266666666667	0.214285714286	0.0384615384615
350	0.105263157895	0.232558139535	0.38	0.28	0.173913043478	0.25641025641	0.26	0.2	0.263157894737	0.162790697674	0.217391304348	0.236842105263	0.255319148936	0.333333333333	0.243243243243	0.0882352941176
400	0.133333333333	0.24	0.42	0.24	0.18	0.255319148936	0.3	0.229166666667	0.302325581395	0.224489795918	0.22	0.255319148936	0.3	0.363636363636	0.243902439024	0.116279069767
450	0.163265306122	0.28	0.46	0.28	0.2	0.26	0.34	0.26	0.31914893617	0.26	0.3	0.34	0.4	0.4	0.326086956522	0.170212765957
500	0.18	0.36	0.54	0.32	0.24	0.28	0.4	0.34	0.36	0.38	0.38	0.36	0.4	0.48	0.326530612245	0.22
550	0.22	0.4	0.56	0.38	0.28	0.32	0.46	0.42	0.42	0.44	0.44	0.36	0.42	0.52	0.4	0.26
600	0.26	0.48	0.58	0.42	0.3	0.38	0.4	0.42	0.52	0.5	0.48	0.44	0.46	0.5	0.42	0.26
650	0.26	0.56	0.56	0.5	0.36	0.44	0.42	0.42	0.54	0.56	0.48	0.46	0.48	0.52	0.42	0.28
700	0.36	0.6	0.56	0.54	0.34	0.42	0.44	0.44	0.56	0.58	0.5	0.46	0.5	0.56	0.38	0.36
750	0.42	0.64	0.52	0.6	0.34	0.48	0.5	0.44	0.62	0.56	0.52	0.5	0.52	0.58	0.44	0.38
800	0.5	0.7	0.54	0.66	0.34	0.54	0.5	0.46	0.58	0.58	0.62	0.54	0.48	0.54	0.48	0.38
850	0.52	0.72	0.56	0.62	0.4	0.6	0.5	0.54	0.6	0.64	0.6	0.48	0.5	0.58	0.5	0.44
900	0.56	0.66	0.52	0.58	0.44	0.64	0.54	0.56	0.66	0.66	0.64	0.58	0.56	0.56	0.48	0.44
950	0.52	0.68	0.54	0.54	0.48	0.62	0.58	0.56	0.62	0.62	0.6	0.56	0.56	0.58	0.54	0.5
1000	0.56	0.7	0.56	0.58	0.4	0.58	0.58	0.6	0.64	0.66	0.66	0.54	0.64	0.64	0.56	0.48
1050	0.64	0.74	0.62	0.58	0.48	0.66	0.62	0.6	0.62	0.64	0.64	0.54	0.66	0.66	0.68	0.52
1100	0.64	0.7	0.72	0.58	0.56	0.64	0.66	0.66	0.62	0.64	0.68	0.56	0.68	0.66	0.72	0.56
1150	0.64	0.68	0.74	0.62	0.66	0.66	0.66	0.68	0.66	0.74	0.7	0.56	0.68	0.66	0.76	0.54
1200	0.64	0.66	0.76	0.68	0.7	0.66	0.68	0.74	0.64	0.78	0.66	0.6	0.68	0.68	0.78	0.6
1250	0.62	0.64	0.82	0.74	0.74	0.68	0.68	0.78	0.64	0.72	0.64	0.64	0.74	0.72	0.8	0.6
1300	0.64	0.66	0.84	0.78	0.82	0.7	0.72	0.74	0.66	0.7	0.62	0.62	0.74	0.72	0.78	0.66
1350	0.66	0.74	0.86	0.78	0.84	0.7	0.66	0.7	0.68	0.74	0.62	0.64	0.74	0.74	0.8	0.7
1400	0.62	0.72	0.82	0.72	0.8	0.72	0.68	0.7	0.68	0.76	0.6	0.7	0.74	0.7	0.82	0.72
1450	0.6	0.72	0.8	0.68	0.74	0.74	0.68	0.7	0.72	0.76	0.58	0.7	0.76	0.76	0.84	0.7
1500	0.58	0.7	0.8	0.74	0.74	0.76	0.74	0.72	0.78	0.74	0.56	0.74	0.78	0.78	0.82	0.72
1550	0.52	0.68	0.78	0.72	0.74	0.7	0.72	0.72	0.84	0.74	0.54	0.7	0.74	0.74	0.8	0.74
1600	0.54	0.76	0.8	0.68	0.72	0.7	0.7	0.7	0.82	0.76	0.6	0.68	0.74	0.74	0.82	0.72
1650	0.56	0.72	0.74	0.66	0.72	0.7	0.72	0.72	0.8	0.76	0.64	0.76	0.8	0.74	0.84	0.76
1700	0.58	0.72	0.76	0.68	0.74	0.74	0.72	0.72	0.8	0.74	0.66	0.76	0.82	0.76	0.9	0.78
1750	0.6	0.76	0.76	0.68	0.76	0.76	0.72	0.7	0.78	0.68	0.68	0.8	0.8	0.74	0.88	0.74
1800	0.6	0.74	0.76	0.72	0.82	0.74	0.64	0.72	0.72	0.68	0.7	0.8	0.78	0.7	0.86	0.72
1850	0.64	0.8	0.8	0.74	0.8	0.76	0.64	0.72	0.68	0.66	0.76	0.82	0.74	0.72	0.82	0.7
1900	0.64	0.84	0.78	0.78	0.74	0.74	0.62	0.7	0.6	0.64	0.8	0.78	0.72	0.7	0.8	0.72
1950	0.68	0.82	0.76	0.8	0.7	0.74	0.64	0.7	0.62	0.62	0.76	0.82	0.7	0.68	0.8	0.72
2000	0.72	0.82	0.76	0.78	0.7	0.74	0.66	0.72	0.62	0.64	0.76	0.82	0.7	0.74	0.8	0.72
2050	0.74	0.84	0.78	0.82	0.72	0.76	0.7	0.68	0.66	0.66	0.78	0.82	0.74	0.74	0.72	0.7
2100	0.72	0.86	0.78	0.82	0.66	0.68	0.68	0.7	0.64	0.64	0.78	0.8	0.72	0.7	0.74	0.66
2150	0.76	0.8	0.76	0.76	0.66	0.68	0.68	0.7	0.64	0.68	0.82	0.8	0.74	0.72	0.78	0.72
2200	0.76	0.76	0.8	0.74	0.7	0.7	0.7	0.7	0.62	0.7	0.84	0.84	0.76	0.76	0.8	0.72
2250	0.78	0.78	0.8	0.7	0.7	0.72	0.72	0.74	0.66	0.72	0.84	0.82	0.76	0.76	0.76	0.7
2300	0.78	0.78	0.8	0.72	0.74	0.72	0.74	0.74	0.7	0.76	0.82	0.78	0.74	0.76	0.74	0.64
2350	0.72	0.78	0.8	0.7	0.8	0.76	0.7	0.68	0.76	0.78	0.82	0.78	0.74	0.7	0.74	0.6
2400	0.74	0.76	0.86	0.72	0.8	0.74	0.7	0.66	0.68	0.78	0.84	0.78	0.7	0.72	0.7	0.62
2450	0.74	0.76	0.82	0.72	0.78	0.7	0.72	0.68	0.64	0.76	0.82	0.78	0.68	0.66	0.68	0.64
2500	0.74	0.74	0.84	0.74	0.78	0.7	0.76	0.74	0.68	0.76	0.78	0.76	0.7	0.64	0.68	0.6
2550	0.7	0.84	0.88	0.82	0.82	0.7	0.76	0.72	0.7	0.8	0.76	0.74	0.7	0.66	0.68	0.6
2600	0.7	0.84	0.82	0.86	0.82	0.72	0.76	0.72	0.66	0.78	0.74	0.72	0.74	0.62	0.64	0.58
2650	0.68	0.82	0.84	0.9	0.82	0.76	0.74	0.68	0.68	0.74	0.74	0.72	0.72	0.56	0.68	0.56
2700	0.6	0.8	0.8	0.86	0.76	0.76	0.78	0.72	0.76	0.74	0.74	0.72	0.76	0.58	0.66	0.5
2750	0.52	0.8	0.8	0.88	0.78	0.78	0.78	0.78	0.78	0.78	0.7	0.68	0.7	0.58	0.62	0.5
2800	0.5	0.76	0.82	0.86	0.82	0.78	0.78	0.8	0.78	0.78	0.74	0.62	0.66	0.62	0.58	0.54
2850	0.48	0.76	0.84	0.84	0.78	0.76	0.76	0.84	0.82	0.84	0.74	0.6	0.6	0.7	0.56	0.56
2900	0.44	0.76	0.82	0.8	0.74	0.78	0.72	0.78	0.84	0.86	0.76	0.56	0.58	0.68	0.54	0.54
2950	0.42	0.72	0.82	0.82	0.76	0.7	0.68	0.76	0.84	0.84	0.7	0.52	0.56	0.62	0.5	0.46
3000	0.36	0.7	0.86	0.76	0.72	0.72	0.68	0.78	0.82	0.84	0.66	0.54	0.58	0.62	0.48	0.42
3050	0.38	0.7	0.82	0.72	0.74	0.72	0.66	0.76	0.72	0.86	0.66	0.58	0.6	0.6	0.52	0.5
3100	0.46	0.72	0.84	0.72	0.78	0.72	0.64	0.78	0.7	0.86	0.72	0.64	0.62	0.62	0.48	0.46
3150	0.48	0.74	0.82	0.74	0.72	0.76	0.66	0.78	0.72	0.88	0.74	0.64	0.7	0.54	0.5	0.46
3200	0.54	0.74	0.84	0.74	0.76	0.78	0.66	0.78	0.7	0.84	0.72	0.66	0.72	0.56	0.52	0.44
3250	0.56	0.78	0.8	0.76	0.78	0.78	0.64	0.78	0.66	0.82	0.72	0.68	0.7	0.6	0.56	0.46
3300	0.58	0.76	0.76	0.72	0.78	0.8	0.66	0.86	0.64	0.8	0.72	0.68	0.7	0.6	0.58	0.54
3350	0.62	0.78	0.76	0.74	0.82	0.86	0.7	0.88	0.66	0.8	0.78	0.7	0.7	0.64	0.6	0.58
3400	0.66	0.84	0.82	0.78	0.82	0.88	0.7	0.86	0.62	0.8	0.78	0.68	0.66	0.6	0.62	0.64
3450	0.7	0.86	0.82	0.84	0.84	0.88	0.68	0.86	0.7	0.76	0.76	0.7	0.62	0.62	0.64	0.6
3500	0.66	0.82	0.84	0.86	0.86	0.86	0.7	0.88	0.74	0.8	0.74	0.64	0.6	0.62	0.6	0.7
3550	0.68	0.8	0.84	0.84	0.86	0.82	0.74	0.9	0.72	0.8	0.74	0.64	0.58	0.64	0.6	0.7
3600	0.64	0.8	0.88	0.86	0.88	0.82	0.72	0.9	0.74	0.8	0.74	0.66	0.62	0.66	0.64	0.68
3650	0.68	0.84	0.92	0.86	0.86	0.8	0.74	0.9	0.74	0.8	0.76	0.72	0.66	0.72	0.64	0.7
3700	0.64	0.84	0.94	0.9	0.84	0.76	0.78	0.9	0.76	0.82	0.72	0.74	0.7	0.76	0.7	0.72
3750	0.68	0.84	0.94	0.88	0.84	0.74	0.78	0.86	0.8	0.86	0.76	0.74	0.74	0.8	0.72	0.72
3800	0.7	0.84	0.92	0.84	0.78	0.72	0.76	0.9	0.76	0.88	0.74	0.74	0.72	0.8	0.76	0.78
3850	0.7	0.84	0.9	0.84	0.74	0.68	0.74	0.86	0.72	0.82	0.74	0.74	0.82	0.8	0.78	0.78
3900	0.72	0.82	0.9	0.84	0.74	0.64	0.72	0.84	0.68	0.78	0.74	0.72	0.84	0.84	0.82	0.78
3950	0.7	0.8	0.86	0.8	0.7	0.6	0.7	0.84	0.68	0.74	0.72	0.74	0.86	0.88	0.82	0.78
4000	0.68	0.78	0.88	0.78	0.72	0.62	0.68	0.82	0.68	0.76	0.72	0.74	0.86	0.88	0.8	0.8
4050	0.72	0.82	0.88	0.78	0.7	0.62	0.66	0.76	0.64	0.74	0.74	0.76	0.86	0.86	0.78	0.78
4100	0.7	0.86	0.88	0.78	0.74	0.64	0.66	0.74	0.6	0.7	0.74	0.74	0.9	0.84	0.8	0.8
4150	0.72	0.84	0.88	0.78	0.76	0.64	0.68	0.74	0.62	0.66	0.7	0.72	0.88	0.84	0.74	0.76
4200	0.72	0.86	0.88	0.8	0.74	0.64	0.72	0.76	0.62	0.68	0.66	0.68	0.86	0.82	0.74	0.8
4250	0.76	0.86	0.88	0.74	0.72	0.72	0.7	0.78	0.64	0.68	0.7	0.68	0.86	0.84	0.74	0.78
4300	0.74	0.88	0.86	0.76	0.72	0.74	0.72	0.78	0.72	0.74	0.72	0.66	0.8	0.82	0.72	0.78
4350	0.84	0.88	0.86	0.76	0.7	0.76	0.7	0.72	0.74	0.68	0.72	0.68	0.8	0.84	0.68	0.78
4400	0.82	0.88	0.86	0.78	0.72	0.74	0.72	0.68	0.78	0.68	0.66	0.7	0.8	0.84	0.68	0.74
4450	0.84	0.86	0.86	0.82	0.74	0.74	0.72	0.72	0.8	0.7	0.62	0.66	0.8	0.82	0.66	0.76
4500	0.84	0.86	0.84	0.84	0.76	0.76	0.74	0.78	0.84	0.72	0.64	0.66	0.8	0.84	0.66	0.72
4550	0.82	0.86	0.84	0.82	0.76	0.74	0.68	0.78	0.86	0.72	0.64	0.68	0.8	0.88	0.72	0.72
4600	0.84	0.86	0.82	0.86	0.76	0.78	0.7	0.72	0.82	0.72	0.7	0.74	0.84	0.88	0.72	0.74
4650	0.88	0.86	0.8	0.9	0.82	0.78	0.68	0.72	0.74	0.72	0.7	0.78	0.86	0.88	0.76	0.76
4700	0.86	0.86	0.84	0.92	0.84	0.74	0.68	0.74	0.74	0.68	0.66	0.78	0.84	0.86	0.8	0.76
4750	0.88	0.88	0.86	0.92	0.82	0.72	0.66	0.78	0.7	0.68	0.68	0.74	0.88	0.84	0.8	0.78
4800	0.88	0.88	0.88	0.9	0.78	0.74	0.7	0.8	0.68	0.74	0.7	0.74	0.88	0.86	0.84	0.8
4850	0.88	0.86	0.86	0.82	0.72	0.72	0.72	0.76	0.66	0.74	0.78	0.76	0.86	0.86	0.86	0.82
4900	0.86	0.82	0.84	0.78	0.68	0.7	0.74	0.72	0.7	0.74	0.74	0.8	0.9	0.86	0.84	0.8
4950	0.86	0.78	0.86	0.78	0.74	0.68	0.8	0.74	0.72	0.7	0.74	0.82	0.9	0.88	0.84	0.8
5000	0.86	0.78	0.86	0.74	0.74	0.7	0.8	0.8	0.74	0.78	0.74	0.84	0.92	0.88	0.88	0.8
5050	0.8	0.76	0.88	0.74	0.76	0.64	0.78	0.82	0.76	0.8	0.76	0.78	0.94	0.88	0.88	0.78
5100	0.74	0.76	0.88	0.72	0.74	0.62	0.76	0.8	0.76	0.8	0.74	0.7	0.92	0.88	0.82	0.72
5150	0.76	0.74	0.84	0.72	0.76	0.66	0.76	0.78	0.8	0.82	0.78	0.74	0.88	0.86	0.82	0.72
5200	0.8	0.74	0.82	0.76	0.76	0.68	0.76	0.78	0.8	0.8	0.78	0.78	0.86	0.84	0.8	0.72
5250	0.76	0.78	0.82	0.8	0.8	0.74	0.78	0.82	0.76	0.82	0.78	0.76	0.82	0.8	0.78	0.72
5300	0.76	0.8	0.8	0.8	0.8	0.74	0.76	0.82	0.74	0.8	0.76	0.72	0.8	0.82	0.78	0.76
5350	0.72	0.82	0.82	0.78	0.8	0.8	0.78	0.82	0.78	0.84	0.82	0.7	0.76	0.82	0.76	0.76
5400	0.68	0.78	0.82	0.78	0.78	0.8	0.8	0.76	0.74	0.82	0.82	0.72	0.72	0.76	0.72	0.68
5450	0.7	0.78	0.82	0.8	0.8	0.82	0.78	0.72	0.74	0.82	0.82	0.74	0.7	0.72	0.74	0.74
5500	0.74	0.8	0.82	0.82	0.78	0.8	0.86	0.74	0.7	0.82	0.86	0.7	0.72	0.74	0.82	0.7
5550	0.74	0.82	0.82	0.78	0.74	0.78	0.86	0.76	0.72	0.82	0.86	0.68	0.72	0.72	0.8	0.7
5600	0.7	0.84	0.82	0.72	0.74	0.76	0.86	0.78	0.78	0.84	0.82	0.68	0.68	0.7	0.76	0.66
5650	0.66	0.82	0.84	0.72	0.76	0.74	0.82	0.8	0.82	0.86	0.82	0.72	0.7	0.72	0.78	0.6
5700	0.7	0.82	0.84	0.76	0.78	0.7	0.78	0.8	0.8	0.82	0.8	0.72	0.7	0.68	0.74	0.62
5750	0.72	0.78	0.82	0.72	0.76	0.7	0.74	0.76	0.78	0.8	0.8	0.74	0.66	0.7	0.72	0.66
5800	0.74	0.8	0.8	0.78	0.72	0.7	0.66	0.78	0.76	0.8	0.82	0.76	0.64	0.7	0.7	0.7
5850	0.72	0.84	0.78	0.76	0.7	0.72	0.68	0.78	0.74	0.78	0.82	0.76	0.7	0.72	0.7	0.68
5900	0.74	0.84	0.8	0.82	0.72	0.72	0.68	0.8	0.76	0.8	0.84	0.76	0.76	0.7	0.72	0.66
5950	0.68	0.82	0.82	0.82	0.74	0.74	0.68	0.78	0.74	0.78	0.76	0.8	0.82	0.7	0.78	0.72
6000	0.7	0.78	0.86	0.78	0.74	0.78	0.7	0.76	0.72	0.76	0.76	0.84	0.78	0.72	0.74	0.74
6050	0.7	0.78	0.84	0.8	0.68	0.8	0.76	0.78	0.72	0.76	0.8	0.82	0.84	0.74	0.8	0.74
6100	0.64	0.8	0.86	0.8	0.7	0.76	0.76	0.76	0.74	0.78	0.8	0.8	0.84	0.72	0.8	0.72
6150	0.64	0.8	0.82	0.8	0.7	0.8	0.74	0.74	0.8	0.78	0.82	0.82	0.84	0.74	0.86	0.72
6200	0.6	0.8	0.84	0.8	0.68	0.74	0.7	0.72	0.8	0.82	0.84	0.82	0.84	0.74	0.8	0.68
6250	0.62	0.8	0.84	0.82	0.7	0.72	0.72	0.8	0.86	0.86	0.82	0.82	0.8	0.7	0.78	0.66
6300	0.62	0.8	0.88	0.8	0.72	0.7	0.64	0.8	0.86	0.84	0.78	0.82	0.76	0.6	0.76	0.66
6350	0.68	0.82	0.84	0.8	0.76	0.7	0.62	0.8	0.86	0.82	0.82	0.78	0.74	0.66	0.76	0.7
6400	0.7	0.8	0.84	0.8	0.8	0.68	0.62	0.76	0.84	0.84	0.86	0.78	0.7	0.66	0.76	0.64
6450	0.74	0.76	0.84	0.8	0.84	0.72	0.68	0.74	0.8	0.78	0.84	0.8	0.72	0.68	0.76	0.68
6500	0.78	0.74	0.84	0.78	0.84	0.72	0.7	0.76	0.78	0.74	0.84	0.78	0.72	0.7	0.76	0.7
6550	0.82	0.72	0.86	0.74	0.86	0.72	0.7	0.78	0.78	0.74	0.8	0.76	0.72	0.68	0.78	0.7
6600	0.84	0.72	0.88	0.74	0.9	0.72	0.68	0.76	0.76	0.7	0.78	0.76	0.74	0.74	0.82	0.7
6650	0.88	0.76	0.86	0.78	0.92	0.76	0.66	0.7	0.7	0.66	0.78	0.8	0.72	0.84	0.84	0.76
6700	0.9	0.76	0.82	0.82	0.9	0.76	0.66	0.72	0.64	0.68	0.76	0.76	0.72	0.8	0.78	0.74
6750	0.94	0.74	0.82	0.8	0.9	0.8	0.7	0.7	0.64	0.68	0.78	0.74	0.7	0.78	0.74	0.68
6800	0.94	0.72	0.84	0.8	0.88	0.76	0.66	0.7	0.64	0.7	0.76	0.76	0.7	0.76	0.7	0.72
6850	0.92	0.74	0.82	0.8	0.88	0.78	0.64	0.72	0.64	0.68	0.78	0.72	0.68	0.76	0.7	0.72
6900	0.9	0.72	0.84	0.82	0.88	0.78	0.68	0.74	0.66	0.72	0.78	0.7	0.66	0.74	0.68	0.74
6950	0.88	0.78	0.84	0.8	0.86	0.76	0.64	0.7	0.62	0.7	0.76	0.74	0.68	0.72	0.7	0.72
7000	0.86	0.84	0.82	0.78	0.84	0.76	0.6	0.64	0.64	0.7	0.8	0.74	0.76	0.74	0.7	0.74
7050	0.78	0.84	0.82	0.78	0.84	0.78	0.66	0.66	0.7	0.7	0.78	0.68	0.78	0.76	0.72	0.72
7100	0.76	0.84	0.82	0.8	0.84	0.8	0.66	0.72	0.76	0.74	0.8	0.72	0.76	0.78	0.74	0.7
7150	0.74	0.84	0.84	0.8	0.84	0.82	0.66	0.68	0.78	0.74	0.82	0.74	0.76	0.8	0.76	0.66
7200	0.76	0.84	0.86	0.8	0.84	0.86	0.7	0.7	0.82	0.76	0.86	0.76	0.8	0.82	0.8	0.66
7250	0.78	0.8	0.86	0.82	0.86	0.86	0.8	0.68	0.82	0.76	0.82	0.78	0.8	0.86	0.86	0.74
7300	0.82	0.82	0.86	0.82	0.84	0.84	0.82	0.66	0.88	0.78	0.82	0.74	0.76	0.86	0.86	0.76
7350	0.76	0.82	0.86	0.82	0.86	0.78	0.76	0.66	0.92	0.74	0.78	0.74	0.76	0.82	0.8	0.74
7400	0.84	0.72	0.86	0.78	0.9	0.76	0.74	0.64	0.92	0.68	0.74	0.8	0.8	0.84	0.8	0.74
7450	0.88	0.7	0.86	0.74	0.86	0.74	0.72	0.66	0.92	0.74	0.74	0.82	0.78	0.86	0.86	0.82
7500	0.9	0.72	0.88	0.76	0.88	0.74	0.74	0.68	0.94	0.78	0.72	0.82	0.82	0.86	0.88	0.88
7550	0.9	0.74	0.88	0.76	0.88	0.72	0.76	0.7	0.92	0.8	0.72	0.82	0.8	0.84	0.9	0.9
7600	0.9	0.76	0.9	0.78	0.88	0.72	0.7	0.7	0.88	0.78	0.78	0.82	0.8	0.84	0.88	0.88
7650	0.88	0.74	0.86	0.76	0.84	0.72	0.66	0.68	0.88	0.84	0.86	0.86	0.8	0.82	0.86	0.84
7700	0.92	0.76	0.86	0.76	0.8	0.68	0.62	0.7	0.86	0.9	0.9	0.88	0.84	0.82	0.84	0.84
7750	0.9	0.78	0.86	0.78	0.8	0.68	0.62	0.68	0.86	0.88	0.88	0.88	0.86	0.84	0.82	0.82
7800	0.88	0.82	0.88	0.82	0.78	0.7	0.62	0.7	0.84	0.88	0.86	0.84	0.8	0.84	0.76	0.8
7850	0.88	0.88	0.9	0.8	0.78	0.74	0.66	0.68	0.84	0.86	0.9	0.84	0.74	0.84	0.7	0.78
7900	0.88	0.86	0.88	0.84	0.76	0.7	0.7	0.74	0.86	0.86	0.88	0.84	0.74	0.82	0.72	0.76
7950	0.84	0.86	0.88	0.84	0.72	0.66	0.68	0.7	0.86	0.88	0.9	0.86	0.74	0.78	0.7	0.7
8000	0.86	0.86	0.88	0.88	0.72	0.66	0.7	0.76	0.9	0.88	0.92	0.84	0.78	0.76	0.7	0.7
8050	0.88	0.88	0.86	0.92	0.76	0.68	0.7	0.74	0.86	0.86	0.9	0.82	0.74	0.76	0.72	0.76
8100	0.9	0.9	0.9	0.9	0.74	0.68	0.7	0.78	0.84	0.86	0.9	0.84	0.7	0.76	0.74	0.78
8150	0.94	0.92	0.88	0.88	0.74	0.68	0.72	0.82	0.84	0.88	0.92	0.86	0.68	0.78	0.72	0.78
8200	0.94	0.88	0.84	0.86	0.74	0.72	0.74	0.82	0.82	0.9	0.94	0.84	0.7	0.74	0.76	0.84
8250	0.94	0.88	0.82	0.9	0.78	0.76	0.74	0.84	0.82	0.9	0.96	0.86	0.74	0.74	0.82	0.84
8300	0.98	0.88	0.84	0.92	0.82	0.7	0.64	0.86	0.82	0.9	0.96	0.9	0.74	0.74	0.8	0.86
8350	0.98	0.86	0.82	0.9	0.8	0.6	0.6	0.82	0.8	0.84	0.94	0.88	0.72	0.78	0.8	0.88
8400	0.94	0.82	0.84	0.9	0.78	0.66	0.6	0.84	0.8	0.88	0.9	0.88	0.7	0.82	0.8	0.94
8450	0.9	0.78	0.78	0.8	0.78	0.68	0.6	0.82	0.82	0.84	0.92	0.9	0.72	0.82	0.8	0.92
8500	0.88	0.74	0.76	0.78	0.8	0.66	0.58	0.72	0.8	0.84	0.88	0.9	0.74	0.84	0.82	0.92
8550	0.84	0.74	0.8	0.8	0.76	0.62	0.58	0.72	0.8	0.8	0.84	0.88	0.74	0.8	0.84	0.88
8600	0.84	0.76	0.82	0.82	0.76	0.6	0.6	0.72	0.76	0.76	0.82	0.88	0.82	0.8	0.9	0.84
8650	0.84	0.76	0.84	0.8	0.78	0.6	0.6	0.74	0.78	0.76	0.82	0.86	0.76	0.76	0.88	0.82
8700	0.84	0.74	0.82	0.78	0.8	0.62	0.6	0.72	0.76	0.72	0.82	0.86	0.78	0.74	0.86	0.78
8750	0.88	0.76	0.82	0.74	0.82	0.68	0.62	0.72	0.78	0.78	0.88	0.86	0.78	0.76	0.88	0.78
8800	0.92	0.78	0.84	0.76	0.84	0.7	0.66	0.68	0.78	0.74	0.88	0.84	0.76	0.76	0.82	0.76
8850	0.94	0.78	0.86	0.78	0.82	0.66	0.62	0.68	0.78	0.76	0.94	0.84	0.76	0.76	0.82	0.8
8900	0.96	0.8	0.84	0.82	0.78	0.66	0.62	0.76	0.8	0.78	0.94	0.86	0.72	0.74	0.8	0.78
8950	0.96	0.84	0.82	0.82	0.8	0.72	0.68	0.76	0.82	0.84	0.94	0.84	0.68	0.76	0.8	0.82
9000	0.94	0.82	0.84	0.8	0.76	0.7	0.64	0.74	0.8	0.84	0.94	0.84	0.66	0.78	0.8	0.8
9050	0.88	0.84	0.9	0.78	0.78	0.74	0.62	0.72	0.8	0.82	0.9	0.84	0.64	0.84	0.78	0.82
9100	0.8	0.84	0.88	0.78	0.8	0.74	0.64	0.72	0.8	0.82	0.88	0.82	0.68	0.84	0.78	0.84
9150	0.78	0.84	0.88	0.82	0.82	0.72	0.66	0.74	0.76	0.84	0.86	0.82	0.66	0.82	0.78	0.86
9200	0.76	0.82	0.9	0.82	0.78	0.74	0.68	0.78	0.8	0.86	0.82	0.8	0.66	0.82	0.8	0.86
9250	0.72	0.86	0.88	0.8	0.78	0.7	0.7	0.82	0.8	0.86	0.8	0.8	0.66	0.78	0.8	0.82
9300	0.74	0.84	0.9	0.82	0.8	0.7	0.7	0.84	0.82	0.88	0.82	0.8	0.62	0.78	0.76	0.82
9350	0.78	0.88	0.9	0.84	0.82	0.74	0.72	0.84	0.8	0.9	0.82	0.82	0.66	0.8	0.78	0.82
9400	0.82	0.84	0.88	0.86	0.82	0.76	0.8	0.86	0.8	0.92	0.78	0.78	0.7	0.84	0.74	0.84
9450	0.82	0.82	0.86	0.8	0.8	0.74	0.8	0.84	0.86	0.92	0.76	0.78	0.72	0.8	0.74	0.8
9500	0.8	0.82	0.86	0.8	0.76	0.76	0.76	0.84	0.86	0.92	0.8	0.74	0.74	0.78	0.76	0.82
9550	0.78	0.84	0.84	0.8	0.8	0.78	0.78	0.82	0.86	0.88	0.8	0.76	0.74	0.78	0.78	0.78
9600	0.8	0.84	0.84	0.8	0.84	0.78	0.78	0.82	0.88	0.86	0.82	0.8	0.76	0.8	0.82	0.78
9650	0.84	0.84	0.84	0.8	0.86	0.78	0.78	0.8	0.8	0.78	0.86	0.8	0.76	0.82	0.84	0.8
9700	0.84	0.86	0.84	0.82	0.88	0.78	0.8	0.76	0.74	0.82	0.86	0.8	0.78	0.78	0.88	0.76
9750	0.84	0.88	0.88	0.82	0.88	0.78	0.8	0.74	0.78	0.82	0.94	0.84	0.78	0.78	0.9	0.8
9800	0.82	0.86	0.88	0.8	0.84	0.78	0.78	0.76	0.76	0.84	0.94	0.88	0.78	0.78	0.84	0.74
9850	0.84	0.86	0.88	0.84	0.86	0.78	0.78	0.74	0.78	0.82	0.94	0.9	0.68	0.7	0.82	0.76
9900	0.86	0.86	0.84	0.84	0.84	0.8	0.78	0.74	0.74	0.82	0.94	0.92	0.7	0.68	0.84	0.76
9950	0.9	0.92	0.82	0.84	0.88	0.8	0.76	0.76	0.76	0.82	0.88	0.9	0.66	0.68	0.78	0.8
10000	0.88	0.9	0.86	0.84	0.82	0.82	0.76	0.76	0.76	0.84	0.86	0.88	0.62	0.68	0.74	0.8
10050	0.88	0.88	0.88	0.86	0.84	0.8	0.76	0.78	0.78	0.8	0.86	0.9	0.64	0.68	0.74	0.8
10100	0.88	0.88	0.86	0.8	0.84	0.78	0.68	0.78	0.78	0.82	0.86	0.9	0.62	0.64	0.72	0.8
10150	0.86	0.84	0.86	0.8	0.86	0.76	0.64	0.82	0.76	0.84	0.82	0.84	0.68	0.62	0.72	0.78
10200	0.88	0.82	0.86	0.8	0.9	0.76	0.64	0.86	0.74	0.84	0.84	0.84	0.7	0.64	0.7	0.8
10250	0.88	0.76	0.84	0.76	0.84	0.72	0.62	0.84	0.74	0.82	0.84	0.84	0.68	0.64	0.7	0.8
10300	0.92	0.76	0.84	0.76	0.82	0.68	0.66	0.84	0.78	0.88	0.84	0.82	0.72	0.72	0.76	0.8
10350	0.9	0.78	0.82	0.72	0.8	0.66	0.62	0.82	0.76	0.86	0.88	0.8	0.72	0.74	0.78	0.82
10400	0.92	0.78	0.88	0.76	0.82	0.68	0.6	0.84	0.76	0.88	0.9	0.84	0.8	0.76	0.82	0.84
10450	0.9	0.78	0.9	0.76	0.86	0.68	0.7	0.84	0.78	0.88	0.9	0.84	0.78	0.78	0.84	0.82
10500	0.88	0.8	0.9	0.78	0.86	0.72	0.74	0.84	0.76	0.88	0.9	0.86	0.78	0.76	0.82	0.8
10550	0.86	0.8	0.9	0.78	0.86	0.74	0.76	0.82	0.76	0.88	0.88	0.88	0.74	0.78	0.82	0.78
10600	0.86	0.8	0.88	0.8	0.82	0.72	0.8	0.86	0.8	0.84	0.84	0.86	0.8	0.8	0.82	0.8
10650	0.84	0.82	0.9	0.8	0.82	0.76	0.8	0.84	0.76	0.82	0.84	0.84	0.78	0.8	0.8	0.82
10700	0.8	0.82	0.9	0.8	0.84	0.76	0.84	0.84	0.78	0.84	0.84	0.8	0.78	0.78	0.76	0.82
10750	0.8	0.84	0.86	0.72	0.86	0.76	0.78	0.84	0.78	0.82	0.84	0.82	0.8	0.76	0.74	0.78
10800	0.78	0.82	0.86	0.8	0.86	0.74	0.78	0.8	0.76	0.82	0.82	0.82	0.78	0.72	0.76	0.76
10850	0.8	0.8	0.82	0.8	0.84	0.72	0.74	0.8	0.8	0.82	0.8	0.82	0.76	0.72	0.78	0.78
10900	0.78	0.76	0.8	0.8	0.8	0.72	0.76	0.82	0.82	0.82	0.82	0.82	0.76	0.72	0.82	0.78
10950	0.76	0.74	0.78	0.78	0.78	0.72	0.76	0.86	0.82	0.8	0.84	0.8	0.82	0.76	0.84	0.76
11000	0.76	0.72	0.8	0.76	0.76	0.7	0.8	0.9	0.82	0.82	0.82	0.78	0.8	0.7	0.84	0.72
11050	0.78	0.74	0.82	0.74	0.82	0.7	0.8	0.9	0.84	0.84	0.8	0.8	0.78	0.72	0.8	0.74
11100	0.76	0.72	0.8	0.8	0.82	0.68	0.8	0.86	0.86	0.82	0.82	0.8	0.74	0.72	0.8	0.78
11150	0.74	0.76	0.84	0.82	0.84	0.7	0.82	0.9	0.86	0.84	0.82	0.78	0.72	0.76	0.78	0.8
11200	0.76	0.74	0.84	0.82	0.84	0.74	0.88	0.86	0.84	0.84	0.82	0.78	0.7	0.74	0.76	0.76
11250	0.76	0.76	0.84	0.84	0.82	0.78	0.86	0.84	0.82	0.84	0.82	0.78	0.72	0.76	0.74	0.78
11300	0.78	0.76	0.86	0.86	0.84	0.76	0.86	0.82	0.8	0.82	0.8	0.74	0.68	0.8	0.74	0.76
11350	0.74	0.76	0.86	0.86	0.86	0.78	0.86	0.82	0.78	0.82	0.8	0.78	0.7	0.82	0.74	0.76
11400	0.74	0.78	0.9	0.86	0.88	0.78	0.82	0.8	0.74	0.82	0.8	0.84	0.74	0.86	0.78	0.76
11450	0.74	0.78	0.88	0.86	0.88	0.76	0.76	0.76	0.72	0.76	0.82	0.84	0.74	0.88	0.74	0.76
11500	0.78	0.82	0.88	0.86	0.88	0.8	0.78	0.74	0.74	0.78	0.82	0.88	0.76	0.88	0.78	0.78
11550	0.76	0.74	0.86	0.86	0.9	0.82	0.76	0.74	0.78	0.74	0.78	0.9	0.78	0.9	0.78	0.74
11600	0.78	0.7	0.82	0.82	0.86	0.78	0.74	0.72	0.8	0.74	0.8	0.9	0.76	0.88	0.76	0.74
11650	0.78	0.72	0.82	0.84	0.84	0.76	0.68	0.72	0.78	0.74	0.82	0.92	0.78	0.88	0.72	0.72
11700	0.8	0.74	0.82	0.82	0.84	0.74	0.72	0.72	0.8	0.68	0.84	0.94	0.78	0.9	0.7	0.74
11750	0.78	0.72	0.82	0.8	0.86	0.72	0.74	0.7	0.78	0.66	0.88	0.92	0.8	0.86	0.68	0.74
11800	0.84	0.72	0.84	0.78	0.84	0.74	0.74	0.74	0.84	0.68	0.88	0.86	0.72	0.82	0.68	0.74
11850	0.84	0.72	0.84	0.76	0.84	0.7	0.72	0.74	0.82	0.66	0.86	0.84	0.68	0.78	0.74	0.76
11900	0.84	0.7	0.82	0.76	0.84	0.68	0.72	0.78	0.76	0.66	0.86	0.86	0.7	0.82	0.78	0.78
11950	0.88	0.72	0.8	0.78	0.86	0.7	0.72	0.8	0.76	0.66	0.86	0.86	0.72	0.82	0.8	0.82
12000	0.88	0.7	0.84	0.8	0.86	0.74	0.74	0.82	0.74	0.66	0.9	0.86	0.76	0.82	0.8	0.84
12050	0.88	0.74	0.86	0.8	0.86	0.7	0.7	0.86	0.72	0.66	0.9	0.86	0.72	0.82	0.86	0.82
12100	0.86	0.76	0.86	0.82	0.88	0.7	0.68	0.84	0.72	0.68	0.92	0.84	0.74	0.8	0.86	0.84
12150	0.86	0.76	0.86	0.8	0.92	0.74	0.66	0.86	0.7	0.7	0.92	0.88	0.82	0.82	0.84	0.84
12200	0.88	0.76	0.86	0.8	0.94	0.72	0.66	0.84	0.68	0.68	0.9	0.9	0.84	0.76	0.8	0.78
12250	0.88	0.76	0.84	0.84	0.9	0.72	0.7	0.82	0.66	0.7	0.9	0.92	0.82	0.78	0.8	0.76
12300	0.88	0.8	0.84	0.84	0.9	0.72	0.68	0.84	0.7	0.78	0.92	0.92	0.82	0.76	0.8	0.74
12350	0.88	0.8	0.88	0.86	0.84	0.72	0.68	0.84	0.7	0.76	0.96	0.9	0.8	0.76	0.82	0.74
12400	0.9	0.78	0.88	0.88	0.8	0.66	0.64	0.84	0.7	0.74	0.94	0.9	0.8	0.76	0.82	0.72
12450	0.9	0.78	0.88	0.86	0.78	0.62	0.68	0.84	0.68	0.76	0.96	0.9	0.78	0.76	0.78	0.7
12500	0.88	0.72	0.84	0.82	0.76	0.66	0.72	0.8	0.7	0.74	0.92	0.86	0.78	0.76	0.78	0.66
12550	0.86	0.74	0.88	0.84	0.76	0.66	0.66	0.78	0.7	0.74	0.9	0.88	0.8	0.78	0.78	0.66
12600	0.82	0.72	0.84	0.88	0.78	0.66	0.68	0.78	0.72	0.74	0.92	0.84	0.78	0.8	0.8	0.7
12650	0.8	0.72	0.82	0.84	0.76	0.68	0.72	0.82	0.76	0.7	0.88	0.8	0.76	0.78	0.78	0.72
12700	0.8	0.74	0.84	0.82	0.78	0.76	0.72	0.8	0.76	0.7	0.84	0.76	0.74	0.76	0.76	0.74
12750	0.78	0.76	0.82	0.82	0.82	0.8	0.76	0.8	0.78	0.72	0.8	0.74	0.72	0.78	0.68	0.7
12800	0.74	0.78	0.78	0.8	0.84	0.8	0.76	0.8	0.76	0.72	0.78	0.72	0.72	0.82	0.72	0.72
12850	0.74	0.86	0.76	0.82	0.88	0.78	0.82	0.8	0.82	0.74	0.76	0.72	0.74	0.82	0.7	0.72
12900	0.74	0.86	0.74	0.8	0.86	0.78	0.76	0.82	0.82	0.72	0.78	0.74	0.74	0.8	0.74	0.72
12950	0.76	0.88	0.78	0.76	0.82	0.78	0.8	0.86	0.8	0.74	0.8	0.76	0.74	0.8	0.72	0.74
13000	0.76	0.88	0.78	0.76	0.82	0.78	0.76	0.86	0.78	0.76	0.78	0.8	0.76	0.78	0.74	0.74
13050	0.74	0.9	0.8	0.8	0.84	0.76	0.74	0.88	0.8	0.8	0.78	0.78	0.82	0.8	0.74	0.74
13100	0.78	0.88	0.76	0.8	0.78	0.76	0.74	0.88	0.76	0.8	0.74	0.78	0.84	0.82	0.72	0.74
13150	0.78	0.88	0.76	0.84	0.76	0.72	0.72	0.9	0.74	0.78	0.76	0.78	0.88	0.8	0.76	0.74
13200	0.82	0.82	0.78	0.8	0.76	0.7	0.72	0.88	0.76	0.78	0.76	0.8	0.88	0.78	0.82	0.8
13250	0.82	0.8	0.78	0.78	0.76	0.68	0.72	0.9	0.8	0.82	0.76	0.78	0.92	0.8	0.8	0.8
13300	0.88	0.8	0.84	0.76	0.78	0.66	0.76	0.88	0.82	0.84	0.78	0.76	0.86	0.76	0.82	0.8
13350	0.88	0.8	0.84	0.82	0.76	0.7	0.68	0.8	0.76	0.82	0.78	0.82	0.86	0.76	0.82	0.78
13400	0.88	0.8	0.82	0.8	0.72	0.72	0.72	0.82	0.78	0.8	0.76	0.82	0.86	0.78	0.84	0.8
13450	0.88	0.82	0.8	0.86	0.68	0.74	0.72	0.78	0.78	0.8	0.76	0.82	0.84	0.8	0.76	0.76
13500	0.86	0.82	0.8	0.84	0.68	0.7	0.7	0.78	0.8	0.76	0.76	0.82	0.82	0.84	0.8	0.82
13550	0.86	0.84	0.82	0.8	0.64	0.74	0.68	0.76	0.8	0.76	0.74	0.78	0.8	0.86	0.78	0.84
13600	0.82	0.86	0.8	0.82	0.66	0.76	0.68	0.74	0.8	0.78	0.76	0.78	0.76	0.88	0.72	0.74
13650	0.8	0.84	0.78	0.82	0.7	0.76	0.66	0.74	0.72	0.76	0.78	0.78	0.72	0.86	0.68	0.72
13700	0.76	0.84	0.78	0.82	0.7	0.8	0.74	0.84	0.7	0.72	0.72	0.76	0.76	0.9	0.7	0.72
13750	0.74	0.84	0.78	0.84	0.7	0.8	0.76	0.84	0.7	0.72	0.7	0.72	0.76	0.94	0.68	0.76
13800	0.72	0.82	0.76	0.84	0.72	0.8	0.78	0.86	0.74	0.72	0.7	0.7	0.8	0.94	0.68	0.74
13850	0.72	0.8	0.8	0.88	0.74	0.78	0.8	0.86	0.72	0.72	0.72	0.74	0.84	0.96	0.72	0.7
13900	0.72	0.78	0.82	0.84	0.74	0.76	0.8	0.88	0.72	0.72	0.7	0.76	0.9	0.94	0.68	0.7
13950	0.74	0.78	0.84	0.84	0.72	0.7	0.78	0.94	0.76	0.76	0.72	0.76	0.9	0.92	0.66	0.74
14000	0.76	0.76	0.86	0.82	0.76	0.7	0.82	0.96	0.78	0.78	0.74	0.82	0.92	0.92	0.66	0.78
14050	0.74	0.76	0.82	0.78	0.78	0.68	0.84	0.94	0.84	0.76	0.74	0.78	0.9	0.9	0.74	0.74
14100	0.72	0.78	0.82	0.8	0.76	0.68	0.84	0.92	0.84	0.82	0.74	0.74	0.88	0.9	0.78	0.68
14150	0.76	0.72	0.82	0.8	0.74	0.6	0.74	0.88	0.8	0.8	0.78	0.76	0.88	0.88	0.8	0.7
14200	0.76	0.72	0.8	0.8	0.74	0.6	0.76	0.86	0.8	0.8	0.76	0.74	0.88	0.88	0.86	0.7
14250	0.72	0.74	0.82	0.84	0.72	0.62	0.76	0.8	0.82	0.82	0.76	0.7	0.84	0.84	0.86	0.7
14300	0.72	0.74	0.76	0.8	0.7	0.62	0.72	0.74	0.82	0.82	0.76	0.66	0.82	0.84	0.9	0.76
14350	0.72	0.74	0.76	0.78	0.7	0.62	0.7	0.7	0.82	0.82	0.8	0.64	0.78	0.84	0.86	0.76
14400	0.7	0.78	0.78	0.8	0.7	0.6	0.68	0.68	0.76	0.82	0.8	0.64	0.78	0.84	0.86	0.74
14450	0.74	0.78	0.8	0.8	0.7	0.56	0.68	0.7	0.72	0.86	0.78	0.72	0.74	0.78	0.82	0.74
14500	0.74	0.72	0.8	0.82	0.7	0.52	0.64	0.7	0.72	0.82	0.72	0.74	0.78	0.84	0.84	0.76
14550	0.72	0.7	0.8	0.8	0.66	0.54	0.66	0.7	0.7	0.86	0.72	0.72	0.78	0.82	0.8	0.8
14600	0.68	0.7	0.8	0.76	0.7	0.58	0.68	0.74	0.72	0.84	0.72	0.72	0.78	0.82	0.76	0.76
14650	0.68	0.68	0.76	0.78	0.68	0.6	0.68	0.76	0.74	0.84	0.7	0.72	0.74	0.82	0.76	0.76
14700	0.68	0.66	0.76	0.74	0.66	0.58	0.64	0.78	0.68	0.84	0.72	0.72	0.72	0.8	0.78	0.76
14750	0.7	0.64	0.76	0.74	0.66	0.56	0.64	0.78	0.7	0.86	0.74	0.78	0.78	0.8	0.76	0.7
14800	0.72	0.62	0.7	0.78	0.68	0.6	0.64	0.82	0.7	0.88	0.76	0.74	0.78	0.82	0.76	0.7
14850	0.68	0.7	0.7	0.84	0.72	0.62	0.66	0.86	0.68	0.84	0.66	0.7	0.82	0.82	0.78	0.72
14900	0.62	0.66	0.68	0.78	0.7	0.68	0.66	0.82	0.68	0.76	0.64	0.66	0.8	0.82	0.76	0.68
14950	0.6	0.66	0.68	0.78	0.7	0.72	0.78	0.8	0.72	0.78	0.64	0.72	0.78	0.82	0.78	0.7
15000	0.62	0.68	0.72	0.84	0.7	0.68	0.74	0.78	0.7	0.64	0.6	0.72	0.78	0.82	0.8	0.7
15050	0.6	0.7	0.74	0.82	0.76	0.7	0.78	0.76	0.68	0.62	0.6	0.76	0.82	0.86	0.8	0.66
15100	0.64	0.76	0.74	0.8	0.78	0.78	0.8	0.76	0.68	0.62	0.62	0.72	0.82	0.84	0.8	0.68
15150	0.58	0.74	0.8	0.78	0.76	0.78	0.78	0.76	0.7	0.62	0.52	0.7	0.8	0.86	0.78	0.68
15200	0.58	0.74	0.88	0.78	0.74	0.78	0.8	0.72	0.72	0.66	0.6	0.72	0.78	0.82	0.8	0.7
15250	0.62	0.82	0.84	0.82	0.74	0.76	0.82	0.72	0.72	0.64	0.56	0.68	0.7	0.82	0.78	0.72
15300	0.6	0.82	0.86	0.82	0.74	0.78	0.84	0.74	0.74	0.68	0.6	0.6	0.66	0.82	0.74	0.7
15350	0.66	0.84	0.86	0.86	0.76	0.8	0.8	0.7	0.72	0.64	0.68	0.62	0.7	0.8	0.76	0.72
15400	0.64	0.84	0.86	0.86	0.72	0.74	0.72	0.74	0.7	0.74	0.66	0.56	0.7	0.78	0.76	0.72
15450	0.7	0.86	0.88	0.86	0.72	0.68	0.68	0.8	0.64	0.7	0.66	0.56	0.7	0.8	0.76	0.74
15500	0.7	0.86	0.84	0.82	0.72	0.7	0.66	0.78	0.66	0.68	0.66	0.62	0.7	0.8	0.72	0.7
15550	0.7	0.82	0.78	0.8	0.7	0.7	0.64	0.78	0.68	0.66	0.72	0.64	0.72	0.84	0.72	0.72
15600	0.74	0.84	0.76	0.8	0.74	0.72	0.66	0.82	0.66	0.62	0.72	0.64	0.74	0.84	0.7	0.74
15650	0.72	0.78	0.8	0.78	0.72	0.74	0.64	0.82	0.66	0.64	0.72	0.62	0.8	0.78	0.74	0.72
15700	0.7	0.76	0.8	0.74	0.7	0.74	0.7	0.9	0.62	0.66	0.74	0.64	0.82	0.78	0.78	0.72
15750	0.74	0.72	0.76	0.74	0.72	0.74	0.76	0.86	0.62	0.68	0.74	0.7	0.8	0.76	0.78	0.78
15800	0.78	0.74	0.76	0.78	0.76	0.78	0.78	0.82	0.62	0.64	0.72	0.72	0.8	0.76	0.8	0.76
15850	0.82	0.72	0.8	0.76	0.72	0.72	0.76	0.8	0.64	0.62	0.7	0.78	0.8	0.78	0.82	0.78
15900	0.8	0.72	0.84	0.8	0.74	0.68	0.72	0.76	0.64	0.62	0.72	0.78	0.76	0.76	0.78	0.82
15950	0.78	0.7	0.82	0.8	0.78	0.64	0.76	0.78	0.72	0.7	0.76	0.76	0.76	0.82	0.76	0.86
16000	0.78	0.72	0.84	0.88	0.8	0.62	0.74	0.8	0.72	0.68	0.72	0.8	0.8	0.82	0.76	0.84
16050	0.76	0.74	0.86	0.84	0.8	0.62	0.68	0.74	0.68	0.64	0.76	0.84	0.76	0.84	0.78	0.86
16100	0.86	0.72	0.88	0.8	0.8	0.66	0.7	0.76	0.68	0.66	0.8	0.82	0.76	0.82	0.82	0.9
16150	0.84	0.76	0.86	0.78	0.78	0.68	0.7	0.74	0.68	0.68	0.8	0.84	0.74	0.84	0.78	0.9
16200	0.78	0.78	0.86	0.8	0.76	0.64	0.68	0.74	0.72	0.7	0.8	0.8	0.76	0.86	0.8	0.88
16250	0.78	0.82	0.88	0.8	0.8	0.72	0.7	0.74	0.74	0.72	0.82	0.76	0.76	0.86	0.8	0.88
16300	0.8	0.86	0.88	0.76	0.8	0.7	0.72	0.76	0.74	0.68	0.8	0.8	0.74	0.88	0.82	0.88
16350	0.8	0.86	0.86	0.7	0.78	0.7	0.62	0.68	0.72	0.66	0.8	0.78	0.72	0.86	0.84	0.86
16400	0.8	0.88	0.9	0.72	0.76	0.7	0.58	0.66	0.7	0.7	0.8	0.78	0.72	0.84	0.86	0.86
16450	0.78	0.9	0.9	0.78	0.76	0.76	0.58	0.64	0.72	0.72	0.78	0.76	0.74	0.82	0.9	0.8
16500	0.74	0.86	0.9	0.78	0.8	0.74	0.56	0.62	0.76	0.72	0.78	0.78	0.76	0.82	0.92	0.78
16550	0.8	0.86	0.88	0.78	0.8	0.72	0.54	0.6	0.76	0.68	0.78	0.78	0.82	0.82	0.92	0.78
16600	0.82	0.84	0.88	0.8	0.8	0.76	0.56	0.66	0.72	0.64	0.76	0.78	0.82	0.8	0.92	0.74
16650	0.8	0.86	0.88	0.76	0.82	0.8	0.6	0.72	0.76	0.66	0.76	0.76	0.84	0.82	0.92	0.7
16700	0.8	0.84	0.9	0.8	0.86	0.82	0.7	0.76	0.84	0.66	0.72	0.78	0.82	0.82	0.9	0.7
16750	0.82	0.8	0.86	0.82	0.84	0.82	0.76	0.82	0.8	0.68	0.7	0.8	0.86	0.88	0.88	0.7
16800	0.82	0.82	0.84	0.82	0.8	0.78	0.78	0.82	0.8	0.74	0.72	0.76	0.88	0.88	0.88	0.76
16850	0.82	0.84	0.82	0.86	0.72	0.76	0.76	0.86	0.78	0.76	0.74	0.76	0.88	0.9	0.86	0.76
16900	0.8	0.82	0.78	0.82	0.66	0.76	0.78	0.84	0.8	0.76	0.74	0.76	0.9	0.86	0.84	0.78
16950	0.88	0.78	0.78	0.82	0.66	0.72	0.82	0.78	0.8	0.7	0.78	0.76	0.88	0.92	0.84	0.82
17000	0.9	0.76	0.76	0.82	0.68	0.68	0.8	0.8	0.8	0.72	0.76	0.76	0.88	0.92	0.8	0.84
17050	0.86	0.76	0.76	0.84	0.64	0.66	0.8	0.76	0.78	0.72	0.76	0.74	0.88	0.9	0.82	0.88
17100	0.86	0.78	0.78	0.82	0.6	0.68	0.8	0.8	0.76	0.68	0.86	0.68	0.88	0.86	0.82	0.84
17150	0.78	0.78	0.78	0.84	0.66	0.74	0.82	0.8	0.76	0.7	0.82	0.66	0.84	0.82	0.78	0.78
17200	0.8	0.82	0.82	0.86	0.68	0.74	0.84	0.8	0.72	0.68	0.84	0.68	0.82	0.78	0.8	0.74
17250	0.78	0.8	0.88	0.86	0.72	0.76	0.86	0.8	0.72	0.68	0.84	0.7	0.8	0.78	0.76	0.76
17300	0.7	0.78	0.9	0.86	0.82	0.8	0.88	0.8	0.74	0.6	0.72	0.62	0.8	0.76	0.76	0.74
17350	0.68	0.76	0.86	0.86	0.78	0.8	0.86	0.84	0.72	0.66	0.76	0.6	0.76	0.72	0.76	0.72
17400	0.74	0.78	0.88	0.88	0.82	0.82	0.88	0.86	0.72	0.66	0.72	0.64	0.74	0.74	0.74	0.72
17450	0.76	0.76	0.84	0.88	0.82	0.84	0.86	0.86	0.7	0.68	0.72	0.64	0.76	0.74	0.74	0.72
17500	0.76	0.72	0.8	0.88	0.88	0.86	0.84	0.84	0.68	0.68	0.72	0.64	0.72	0.76	0.82	0.76
17550	0.78	0.74	0.74	0.88	0.76	0.78	0.8	0.84	0.72	0.66	0.7	0.66	0.68	0.74	0.78	0.8
17600	0.8	0.76	0.74	0.88	0.74	0.8	0.8	0.84	0.72	0.64	0.68	0.66	0.66	0.74	0.76	0.8
17650	0.84	0.76	0.74	0.92	0.74	0.76	0.78	0.84	0.72	0.66	0.72	0.6	0.66	0.72	0.74	0.8
17700	0.86	0.78	0.72	0.9	0.7	0.76	0.72	0.82	0.72	0.7	0.76	0.64	0.62	0.74	0.74	0.8
17750	0.82	0.84	0.78	0.9	0.7	0.74	0.68	0.78	0.72	0.64	0.7	0.68	0.64	0.74	0.72	0.8
17800	0.88	0.86	0.8	0.86	0.64	0.74	0.62	0.74	0.7	0.66	0.72	0.66	0.64	0.72	0.72	0.82
17850	0.82	0.9	0.76	0.86	0.62	0.7	0.64	0.72	0.72	0.72	0.7	0.66	0.64	0.7	0.72	0.8
17900	0.82	0.82	0.82	0.84	0.62	0.66	0.66	0.72	0.74	0.76	0.7	0.64	0.62	0.72	0.72	0.8
17950	0.8	0.78	0.8	0.82	0.7	0.7	0.72	0.76	0.76	0.76	0.68	0.66	0.66	0.76	0.68	0.78
18000	0.8	0.8	0.8	0.78	0.76	0.72	0.76	0.76	0.78	0.8	0.68	0.68	0.7	0.76	0.64	0.74
18050	0.8	0.76	0.8	0.72	0.72	0.74	0.78	0.78	0.74	0.78	0.7	0.68	0.72	0.76	0.72	0.78
18100	0.78	0.74	0.8	0.68	0.74	0.74	0.8	0.84	0.76	0.8	0.68	0.7	0.8	0.84	0.76	0.8
18150	0.78	0.74	0.78	0.68	0.78	0.78	0.86	0.84	0.78	0.78	0.66	0.74	0.78	0.86	0.8	0.82
18200	0.76	0.72	0.78	0.74	0.8	0.8	0.84	0.78	0.8	0.82	0.74	0.68	0.78	0.86	0.84	0.82
18250	0.76	0.76	0.78	0.74	0.78	0.78	0.8	0.82	0.76	0.78	0.74	0.7	0.78	0.88	0.82	0.84
18300	0.76	0.8	0.76	0.74	0.76	0.78	0.82	0.82	0.74	0.74	0.74	0.72	0.84	0.86	0.9	0.84
18350	0.78	0.8	0.74	0.76	0.72	0.8	0.8	0.8	0.72	0.76	0.78	0.68	0.82	0.88	0.88	0.88
18400	0.82	0.8	0.74	0.76	0.62	0.76	0.8	0.72	0.72	0.72	0.8	0.68	0.78	0.86	0.9	0.9
18450	0.78	0.82	0.76	0.8	0.68	0.78	0.76	0.68	0.7	0.7	0.76	0.68	0.74	0.84	0.88	0.88
18500	0.74	0.82	0.74	0.84	0.7	0.76	0.74	0.66	0.74	0.7	0.72	0.68	0.7	0.82	0.82	0.86
18550	0.74	0.8	0.76	0.84	0.68	0.68	0.74	0.64	0.78	0.72	0.74	0.72	0.72	0.8	0.78	0.84
18600	0.78	0.78	0.76	0.8	0.66	0.66	0.72	0.62	0.78	0.7	0.72	0.78	0.72	0.76	0.76	0.86
18650	0.78	0.78	0.76	0.82	0.66	0.7	0.72	0.68	0.84	0.68	0.78	0.78	0.76	0.78	0.8	0.88
18700	0.8	0.78	0.76	0.8	0.66	0.68	0.7	0.68	0.86	0.72	0.76	0.8	0.76	0.74	0.78	0.82
18750	0.8	0.76	0.8	0.78	0.7	0.68	0.72	0.72	0.84	0.74	0.76	0.78	0.78	0.7	0.76	0.84
18800	0.76	0.78	0.86	0.8	0.76	0.68	0.72	0.68	0.78	0.74	0.74	0.78	0.78	0.7	0.78	0.84
18850	0.8	0.78	0.86	0.82	0.72	0.68	0.72	0.68	0.76	0.7	0.72	0.76	0.78	0.74	0.82	0.84
18900	0.82	0.78	0.86	0.82	0.72	0.68	0.74	0.68	0.72	0.66	0.74	0.76	0.78	0.78	0.86	0.8
18950	0.82	0.78	0.84	0.8	0.72	0.62	0.74	0.7	0.7	0.66	0.74	0.72	0.78	0.78	0.88	0.8
19000	0.8	0.76	0.86	0.8	0.72	0.62	0.72	0.7	0.66	0.66	0.74	0.74	0.74	0.72	0.84	0.78
19050	0.78	0.78	0.86	0.82	0.74	0.58	0.68	0.64	0.66	0.58	0.72	0.72	0.7	0.76	0.8	0.8
19100	0.78	0.78	0.84	0.82	0.8	0.6	0.64	0.64	0.66	0.56	0.7	0.74	0.68	0.78	0.78	0.8
19150	0.78	0.74	0.84	0.74	0.78	0.7	0.62	0.68	0.66	0.56	0.72	0.74	0.66	0.78	0.76	0.78
19200	0.78	0.72	0.82	0.76	0.78	0.68	0.64	0.7	0.68	0.56	0.74	0.74	0.68	0.78	0.74	0.78
19250	0.78	0.66	0.8	0.74	0.84	0.64	0.64	0.76	0.68	0.62	0.74	0.7	0.66	0.76	0.74	0.78
19300	0.78	0.68	0.82	0.82	0.86	0.7	0.68	0.76	0.74	0.62	0.7	0.7	0.66	0.74	0.7	0.74
19350	0.8	0.66	0.8	0.8	0.86	0.66	0.68	0.76	0.76	0.64	0.66	0.7	0.7	0.74	0.7	0.78
19400	0.74	0.62	0.76	0.78	0.86	0.68	0.68	0.74	0.74	0.7	0.66	0.7	0.74	0.72	0.7	0.76
19450	0.76	0.66	0.78	0.8	0.84	0.7	0.7	0.72	0.74	0.7	0.66	0.66	0.68	0.74	0.68	0.78
19500	0.76	0.68	0.74	0.84	0.8	0.66	0.7	0.72	0.78	0.7	0.66	0.62	0.68	0.74	0.74	0.8
19550	0.74	0.66	0.74	0.8	0.8	0.64	0.72	0.76	0.8	0.72	0.66	0.62	0.7	0.72	0.76	0.8
19600	0.7	0.66	0.72	0.78	0.76	0.64	0.7	0.72	0.82	0.7	0.68	0.64	0.72	0.72	0.8	0.8
19650	0.72	0.72	0.7	0.78	0.72	0.64	0.74	0.76	0.84	0.68	0.64	0.64	0.68	0.76	0.8	0.8
19700	0.7	0.8	0.68	0.76	0.7	0.68	0.74	0.74	0.82	0.62	0.62	0.66	0.66	0.76	0.82	0.82
19750	0.74	0.8	0.72	0.74	0.66	0.66	0.68	0.7	0.84	0.62	0.6	0.64	0.66	0.8	0.8	0.82
19800	0.76	0.8	0.72	0.76	0.7	0.7	0.68	0.7	0.8	0.68	0.64	0.66	0.64	0.78	0.78	0.8
19850	0.74	0.78	0.74	0.78	0.7	0.7	0.68	0.72	0.82	0.7	0.66	0.62	0.66	0.78	0.76	0.76
19900	0.8	0.84	0.74	0.8	0.72	0.72	0.74	0.74	0.84	0.7	0.7	0.6	0.68	0.72	0.76	0.72
19950	0.76	0.84	0.72	0.82	0.74	0.76	0.72	0.76	0.82	0.72	0.66	0.64	0.72	0.7	0.74	0.72
20000	0.76	0.86	0.76	0.82	0.78	0.8	0.66	0.72	0.76	0.74	0.66	0.66	0.72	0.7	0.74	0.72
