0	0.0	0.0	0.0	0.0	0.0	0.0	0.0	0.0	0.0	0.0	0.0	0.0	0.0	0.0	0.0	0.0
50	0.0	0.2	0.0	0.5	0.0	0.0	0.0	0.0	0.0	0.5	0.25	0.0	0.0	0.0	0.0	0.2
100	0.0	0.4	0.4	0.25	0.4	0.5	0.25	0.166666666667	0.454545454545	0.545454545455	0.545454545455	0.4	0.375	0.363636363636	0.0	0.363636363636
150	0.375	0.5	0.588235294118	0.4	0.333333333333	0.6	0.5	0.625	0.5625	0.571428571429	0.666666666667	0.444444444444	0.666666666667	0.588235294118	0.4	0.55
200	0.4	0.708333333333	0.636363636364	0.5	0.571428571429	0.76	0.5625	0.739130434783	0.611111111111	0.684210526316	0.708333333333	0.5	0.705882352941	0.695652173913	0.555555555556	0.615384615385
250	0.428571428571	0.75	0.7	0.65	0.611111111111	0.777777777778	0.65	0.758620689655	0.695652173913	0.72	0.774193548387	0.631578947368	0.75	0.75	0.636363636364	0.666666666667
300	0.555555555556	0.787878787879	0.735294117647	0.695652173913	0.68	0.8125	0.695652173913	0.764705882353	0.766666666667	0.733333333333	0.794117647059	0.740740740741	0.774193548387	0.78125	0.714285714286	0.722222222222
350	0.652173913043	0.794117647059	0.769230769231	0.714285714286	0.741935483871	0.820512820513	0.758620689655	0.764705882353	0.771428571429	0.727272727273	0.825	0.787878787879	0.810810810811	0.75	0.764705882353	0.772727272727
400	0.703703703704	0.815789473684	0.795454545455	0.764705882353	0.771428571429	0.833333333333	0.8	0.789473684211	0.794871794872	0.75	0.847826086957	0.815789473684	0.840909090909	0.790697674419	0.789473684211	0.775510204082
450	0.735294117647	0.825	0.8125	0.775	0.789473684211	0.86	0.829268292683	0.789473684211	0.795454545455	0.736842105263	0.9	0.833333333333	0.857142857143	0.84	0.818181818182	0.82
500	0.769230769231	0.844444444444	0.86	0.787234042553	0.809523809524	0.94	0.851063829787	0.822222222222	0.82	0.761904761905	0.92	0.844444444444	0.92	0.9	0.84	0.86
550	0.785714285714	0.9	0.92	0.84	0.829787234043	0.98	0.88	0.82	0.9	0.791666666667	0.96	0.92	0.96	0.94	0.94	0.86
600	0.790697674419	0.94	0.94	0.92	0.86	0.98	0.98	0.92	0.94	0.84	0.98	0.92	0.96	0.96	0.94	0.92
650	0.804347826087	0.94	0.94	0.94	0.96	0.98	1.0	0.92	0.96	0.86	0.98	0.96	0.98	0.96	0.96	0.94
700	0.84	0.96	0.98	0.94	0.96	0.98	1.0	0.94	0.96	0.92	1.0	1.0	0.98	0.96	0.96	0.98
750	0.9	0.98	0.98	0.96	0.98	0.98	1.0	0.94	0.96	0.92	1.0	1.0	0.96	0.96	1.0	0.98
800	0.92	0.98	0.98	0.96	1.0	0.96	1.0	0.94	0.96	0.94	1.0	1.0	0.98	0.96	1.0	0.98
850	0.92	0.98	1.0	0.96	1.0	0.98	1.0	0.94	0.94	0.94	1.0	1.0	0.98	1.0	1.0	0.98
900	0.96	0.98	1.0	0.98	1.0	0.98	1.0	0.96	0.96	0.96	1.0	1.0	0.98	1.0	1.0	0.98
950	0.98	0.98	1.0	0.98	1.0	0.98	1.0	0.96	0.96	0.98	1.0	1.0	0.98	1.0	1.0	0.98
1000	0.98	0.98	1.0	1.0	1.0	0.98	1.0	0.96	0.96	1.0	1.0	1.0	0.96	1.0	1.0	0.98
1050	0.98	0.98	1.0	1.0	1.0	0.98	1.0	0.98	0.98	1.0	1.0	1.0	0.96	1.0	1.0	1.0
1100	0.98	0.98	1.0	1.0	1.0	0.98	1.0	0.98	0.98	1.0	1.0	1.0	0.96	1.0	1.0	1.0
1150	0.98	0.98	1.0	1.0	1.0	0.96	1.0	0.98	0.98	1.0	1.0	1.0	0.94	1.0	1.0	1.0
1200	1.0	0.98	1.0	1.0	1.0	0.94	1.0	0.98	0.98	1.0	1.0	1.0	0.94	1.0	1.0	1.0
1250	1.0	0.98	1.0	1.0	1.0	0.96	1.0	1.0	0.98	1.0	1.0	0.98	0.94	1.0	0.96	1.0
1300	0.98	1.0	1.0	1.0	1.0	0.96	1.0	1.0	0.98	1.0	1.0	0.98	0.96	1.0	0.96	1.0
1350	0.98	1.0	1.0	1.0	1.0	0.96	1.0	1.0	0.98	1.0	1.0	0.96	0.96	1.0	0.96	1.0
1400	0.98	0.98	1.0	1.0	1.0	0.96	1.0	1.0	0.98	1.0	1.0	0.96	0.96	1.0	0.96	1.0
1450	0.98	0.98	1.0	1.0	1.0	0.94	1.0	1.0	0.98	1.0	1.0	0.96	0.96	1.0	0.94	1.0
1500	0.98	0.98	1.0	1.0	1.0	0.94	1.0	1.0	0.98	1.0	1.0	0.96	0.98	1.0	0.92	1.0
1550	0.98	0.96	1.0	1.0	1.0	0.94	1.0	1.0	0.98	1.0	1.0	0.94	0.98	1.0	0.92	1.0
1600	0.96	0.96	1.0	1.0	1.0	0.94	1.0	1.0	1.0	1.0	1.0	0.94	0.98	1.0	0.92	1.0
1650	0.96	0.96	1.0	1.0	1.0	0.98	0.96	1.0	1.0	1.0	1.0	0.94	1.0	1.0	0.92	1.0
1700	0.96	0.94	1.0	1.0	1.0	0.98	0.96	1.0	1.0	1.0	1.0	0.94	1.0	1.0	0.92	1.0
1750	0.96	0.94	1.0	1.0	1.0	0.98	0.96	1.0	1.0	1.0	1.0	0.94	1.0	1.0	0.92	1.0
1800	0.94	0.94	1.0	1.0	1.0	0.98	0.96	1.0	1.0	1.0	1.0	0.94	1.0	1.0	0.92	1.0
1850	0.94	0.94	1.0	1.0	1.0	0.98	0.96	1.0	1.0	1.0	1.0	0.94	1.0	0.98	0.92	1.0
1900	0.94	0.94	1.0	1.0	1.0	0.98	0.96	1.0	1.0	1.0	1.0	0.96	1.0	0.98	0.92	1.0
1950	0.94	0.94	1.0	1.0	1.0	0.98	0.96	1.0	1.0	1.0	1.0	0.94	1.0	0.98	0.96	1.0
2000	0.94	0.96	1.0	1.0	1.0	1.0	0.96	1.0	1.0	1.0	1.0	0.94	1.0	0.98	0.96	1.0
2050	0.92	0.96	1.0	1.0	1.0	0.98	0.94	1.0	1.0	1.0	1.0	0.96	1.0	0.98	0.96	1.0
2100	0.92	0.96	1.0	1.0	1.0	0.98	0.92	1.0	1.0	0.98	1.0	0.96	1.0	0.98	0.98	1.0
2150	0.92	0.96	1.0	1.0	1.0	0.98	0.92	1.0	1.0	0.98	1.0	0.96	1.0	0.98	0.98	1.0
2200	0.92	0.96	1.0	0.98	1.0	0.98	0.92	1.0	1.0	0.98	1.0	0.96	1.0	0.96	1.0	1.0
2250	0.92	0.96	1.0	0.96	1.0	0.96	0.92	1.0	1.0	0.98	1.0	0.96	1.0	0.96	1.0	1.0
2300	0.92	0.98	1.0	0.96	1.0	0.96	0.92	1.0	1.0	0.98	1.0	0.96	0.96	0.96	1.0	1.0
2350	0.94	0.98	1.0	0.96	1.0	0.96	0.96	1.0	1.0	0.98	1.0	0.98	0.94	0.96	1.0	1.0
2400	0.94	0.98	1.0	0.96	1.0	0.96	0.94	1.0	1.0	0.98	1.0	0.98	0.94	0.96	1.0	1.0
2450	0.94	1.0	1.0	0.96	1.0	0.96	0.94	1.0	1.0	0.98	1.0	0.98	0.94	0.98	1.0	1.0
2500	0.94	1.0	1.0	0.96	1.0	0.96	0.94	1.0	1.0	0.98	0.98	0.98	0.94	0.9	1.0	1.0
2550	0.94	1.0	1.0	0.96	1.0	0.96	0.94	0.96	1.0	0.98	0.98	0.98	0.94	0.9	1.0	1.0
2600	0.96	0.98	1.0	0.96	1.0	0.96	0.94	0.96	1.0	0.98	0.98	0.98	0.94	0.9	0.98	1.0
2650	0.98	0.96	1.0	0.96	1.0	0.96	0.96	0.94	1.0	0.98	0.98	0.98	0.92	0.9	0.98	1.0
2700	0.98	0.94	1.0	0.96	1.0	0.96	0.96	0.94	1.0	0.98	0.96	0.98	0.92	0.88	0.98	1.0
2750	0.98	0.94	1.0	0.96	1.0	0.94	0.98	0.94	1.0	1.0	0.96	0.98	0.92	0.86	0.98	1.0
2800	0.98	0.92	1.0	0.96	1.0	0.94	0.98	0.94	1.0	0.98	0.96	0.98	0.92	0.86	0.98	1.0
2850	0.98	0.92	1.0	0.96	1.0	0.94	0.98	0.94	1.0	0.98	0.94	1.0	0.92	0.88	0.98	1.0
2900	1.0	0.92	1.0	0.96	1.0	0.94	0.98	0.94	1.0	0.98	0.94	1.0	0.92	0.88	0.98	1.0
2950	1.0	0.92	1.0	0.96	1.0	0.94	0.98	0.94	1.0	0.98	0.96	1.0	0.92	0.88	0.98	1.0
3000	1.0	0.92	1.0	0.96	1.0	0.94	0.98	0.94	1.0	0.96	0.94	1.0	0.92	0.88	0.98	1.0
3050	1.0	0.92	1.0	0.96	1.0	0.96	0.98	0.94	1.0	0.96	0.94	1.0	0.94	0.88	0.96	1.0
3100	1.0	0.94	1.0	0.96	1.0	0.96	1.0	0.96	1.0	0.96	0.94	1.0	0.94	0.88	0.96	1.0
3150	0.98	0.92	1.0	1.0	1.0	0.96	1.0	0.98	1.0	0.96	0.96	1.0	0.94	0.9	0.96	1.0
3200	0.98	0.94	1.0	1.0	1.0	0.96	1.0	0.98	1.0	0.96	0.96	1.0	0.94	0.9	0.96	0.98
3250	0.98	0.96	1.0	1.0	1.0	0.96	1.0	0.98	1.0	0.96	0.96	1.0	0.96	0.94	0.96	0.98
3300	0.98	0.96	1.0	1.0	1.0	0.96	1.0	1.0	1.0	0.96	0.94	1.0	0.96	0.96	0.98	0.98
3350	0.96	0.98	1.0	1.0	1.0	0.96	1.0	1.0	1.0	0.96	0.94	1.0	0.94	0.96	0.98	0.98
3400	0.96	0.98	1.0	1.0	1.0	0.98	1.0	1.0	1.0	0.96	0.94	1.0	0.94	0.96	0.98	0.98
3450	0.96	0.98	1.0	1.0	1.0	0.98	0.98	1.0	1.0	0.96	0.94	1.0	0.94	0.98	0.98	0.98
3500	0.96	0.98	1.0	1.0	1.0	1.0	0.98	1.0	1.0	0.96	0.94	1.0	0.94	0.98	0.98	0.98
3550	0.96	0.98	1.0	0.98	1.0	1.0	0.96	1.0	1.0	0.98	0.94	1.0	0.94	0.98	0.98	0.96
3600	0.96	0.98	1.0	0.98	1.0	0.98	0.96	1.0	1.0	0.94	0.96	1.0	0.96	0.98	0.98	0.96
3650	0.96	0.98	1.0	0.96	1.0	0.94	0.96	1.0	1.0	0.94	0.94	1.0	0.96	0.98	0.98	0.96
3700	0.96	0.98	1.0	0.96	1.0	0.94	0.96	1.0	1.0	0.92	0.94	1.0	0.98	0.98	1.0	0.96
3750	0.98	1.0	1.0	0.96	1.0	0.92	0.96	1.0	1.0	0.94	0.94	1.0	0.98	0.98	1.0	0.96
3800	0.98	1.0	1.0	0.96	1.0	0.92	0.96	1.0	1.0	0.94	0.96	1.0	0.98	0.98	1.0	0.96
3850	0.98	1.0	1.0	0.96	1.0	0.92	0.96	1.0	1.0	0.94	0.96	1.0	0.98	0.98	1.0	0.96
3900	0.98	1.0	1.0	0.96	1.0	0.9	0.96	1.0	1.0	0.94	0.96	1.0	0.98	0.98	1.0	0.96
3950	0.98	1.0	1.0	0.96	1.0	0.9	0.96	1.0	1.0	0.94	0.96	1.0	0.98	0.98	1.0	0.96
4000	0.98	1.0	1.0	0.96	1.0	0.9	0.94	1.0	1.0	0.94	0.96	1.0	1.0	0.98	1.0	0.96
4050	0.98	1.0	1.0	0.96	1.0	0.9	0.94	1.0	1.0	0.94	0.96	0.98	1.0	0.98	1.0	0.96
4100	1.0	1.0	1.0	0.96	1.0	0.9	0.94	1.0	1.0	0.94	0.96	0.98	1.0	1.0	1.0	0.96
4150	1.0	1.0	1.0	0.96	1.0	0.92	0.94	1.0	1.0	0.94	0.98	0.98	1.0	1.0	1.0	0.96
4200	1.0	1.0	1.0	0.96	1.0	0.9	0.96	1.0	1.0	0.94	0.98	0.98	1.0	1.0	1.0	0.96
4250	1.0	1.0	1.0	0.98	1.0	0.9	0.96	1.0	1.0	0.94	0.98	0.98	1.0	1.0	1.0	0.96
4300	1.0	1.0	1.0	0.98	1.0	0.9	0.96	1.0	1.0	0.96	0.98	0.98	1.0	1.0	1.0	0.98
4350	1.0	1.0	1.0	1.0	1.0	0.92	0.96	1.0	1.0	0.98	0.98	0.98	1.0	1.0	0.98	0.98
4400	1.0	1.0	1.0	1.0	1.0	0.94	0.96	1.0	1.0	0.98	0.98	0.98	1.0	1.0	0.98	0.98
4450	1.0	1.0	1.0	1.0	1.0	0.96	0.96	1.0	1.0	1.0	1.0	0.96	1.0	1.0	0.98	1.0
4500	1.0	1.0	1.0	1.0	1.0	0.96	0.96	1.0	1.0	1.0	1.0	0.96	0.98	1.0	0.98	1.0
4550	1.0	1.0	1.0	1.0	1.0	0.98	0.96	1.0	1.0	1.0	1.0	0.96	0.98	1.0	0.98	1.0
4600	1.0	1.0	1.0	1.0	1.0	0.98	0.98	1.0	1.0	1.0	1.0	0.96	0.98	1.0	0.98	1.0
4650	0.98	1.0	1.0	1.0	1.0	0.98	0.98	1.0	1.0	1.0	1.0	0.96	0.98	1.0	0.98	1.0
4700	0.98	1.0	1.0	1.0	1.0	0.98	0.96	1.0	1.0	1.0	1.0	0.96	0.98	0.98	0.98	1.0
4750	0.98	1.0	1.0	0.98	1.0	0.98	0.96	1.0	1.0	1.0	1.0	0.98	0.98	0.98	0.98	1.0
4800	0.98	1.0	1.0	0.98	1.0	0.98	0.96	1.0	1.0	1.0	1.0	0.98	0.98	0.98	0.98	1.0
4850	0.98	1.0	1.0	0.98	1.0	1.0	0.96	1.0	1.0	0.98	1.0	0.98	0.98	0.98	0.98	1.0
4900	0.96	1.0	1.0	0.98	1.0	1.0	0.96	0.98	1.0	0.98	1.0	0.98	0.96	0.98	0.96	1.0
4950	0.96	1.0	1.0	0.98	1.0	1.0	0.96	0.98	1.0	0.98	1.0	0.98	0.94	0.98	0.96	1.0
5000	0.96	1.0	1.0	0.98	1.0	1.0	0.94	0.98	1.0	0.98	1.0	0.98	0.94	0.98	0.96	1.0
5050	0.96	1.0	1.0	0.98	1.0	1.0	0.92	0.98	1.0	0.98	1.0	0.98	0.92	0.96	0.96	1.0
5100	0.96	1.0	1.0	0.98	1.0	1.0	0.94	0.98	1.0	0.98	1.0	0.98	0.92	0.96	0.96	1.0
5150	0.94	1.0	1.0	0.98	1.0	1.0	0.94	0.98	1.0	0.98	1.0	1.0	0.92	0.94	0.96	1.0
5200	0.94	1.0	1.0	0.98	1.0	1.0	0.94	0.98	1.0	0.98	1.0	1.0	0.92	0.92	0.96	1.0
5250	0.94	1.0	1.0	0.98	1.0	1.0	0.94	0.98	1.0	0.98	1.0	1.0	0.94	0.92	0.96	1.0
5300	0.94	1.0	1.0	0.94	1.0	1.0	0.94	0.98	1.0	0.98	1.0	1.0	0.92	0.94	0.96	1.0
5350	0.96	1.0	1.0	0.96	1.0	1.0	0.94	0.98	1.0	0.98	1.0	0.98	0.92	0.94	0.96	1.0
5400	0.96	1.0	1.0	0.96	1.0	1.0	0.94	0.98	1.0	0.98	1.0	0.98	0.92	0.94	0.96	1.0
5450	0.96	1.0	1.0	0.96	1.0	1.0	0.96	1.0	1.0	0.98	1.0	0.98	0.94	0.94	0.96	1.0
5500	0.96	1.0	1.0	0.96	1.0	1.0	0.96	1.0	1.0	0.98	1.0	0.96	0.94	0.94	0.96	1.0
5550	0.98	1.0	1.0	0.96	1.0	1.0	0.96	1.0	1.0	0.98	1.0	0.94	0.96	0.94	0.92	1.0
5600	0.98	1.0	1.0	0.96	1.0	1.0	0.96	1.0	1.0	0.98	1.0	0.94	0.96	0.94	0.9	1.0
5650	0.98	1.0	1.0	0.96	1.0	1.0	0.96	1.0	1.0	1.0	1.0	0.94	0.98	0.94	0.9	1.0
5700	1.0	1.0	1.0	0.96	1.0	1.0	0.96	1.0	1.0	1.0	1.0	0.94	0.98	0.96	0.9	0.98
5750	1.0	1.0	1.0	0.96	1.0	1.0	0.98	1.0	1.0	0.98	1.0	0.94	0.98	0.96	0.9	0.98
5800	1.0	1.0	1.0	0.96	1.0	1.0	0.98	1.0	1.0	0.96	1.0	0.94	0.98	0.98	0.92	0.98
5850	1.0	1.0	1.0	0.98	1.0	1.0	0.98	1.0	1.0	0.96	1.0	0.92	0.98	0.96	0.94	0.98
5900	1.0	1.0	1.0	0.98	1.0	1.0	0.94	1.0	1.0	0.96	1.0	0.92	0.98	0.98	0.94	0.98
5950	1.0	1.0	1.0	1.0	1.0	1.0	0.94	1.0	1.0	0.94	1.0	0.92	0.98	0.98	0.94	0.98
6000	1.0	1.0	1.0	1.0	1.0	1.0	0.94	1.0	1.0	0.94	0.98	0.94	1.0	0.98	0.94	0.98
6050	1.0	1.0	1.0	1.0	1.0	1.0	0.94	1.0	1.0	0.94	0.98	0.96	1.0	0.98	0.94	0.98
6100	1.0	1.0	1.0	1.0	1.0	1.0	0.94	1.0	1.0	0.92	0.98	0.96	1.0	0.98	0.94	0.98
6150	1.0	1.0	1.0	1.0	1.0	1.0	0.94	1.0	1.0	0.92	0.98	0.96	1.0	0.98	0.94	0.98
6200	1.0	1.0	1.0	1.0	1.0	1.0	0.94	1.0	1.0	0.92	0.98	0.96	1.0	0.98	0.96	0.98
6250	1.0	1.0	1.0	1.0	1.0	1.0	0.94	1.0	1.0	0.92	0.98	0.96	1.0	0.98	0.96	0.98
6300	1.0	1.0	1.0	1.0	1.0	1.0	0.94	1.0	1.0	0.92	0.98	0.96	1.0	0.98	0.96	1.0
6350	1.0	1.0	1.0	1.0	1.0	1.0	0.94	1.0	1.0	0.92	0.98	0.96	1.0	0.98	0.96	1.0
6400	1.0	1.0	1.0	1.0	1.0	1.0	0.94	1.0	1.0	0.92	0.98	0.96	1.0	0.98	0.96	1.0
6450	1.0	1.0	1.0	1.0	1.0	1.0	0.94	1.0	1.0	0.94	0.98	0.96	1.0	0.98	0.96	1.0
6500	1.0	1.0	1.0	1.0	1.0	1.0	0.98	1.0	1.0	0.96	0.98	0.98	1.0	0.98	0.96	1.0
6550	1.0	1.0	1.0	0.98	1.0	1.0	1.0	1.0	1.0	0.96	0.98	0.98	1.0	0.98	0.96	1.0
6600	1.0	1.0	1.0	0.98	1.0	1.0	1.0	1.0	1.0	0.96	0.98	0.98	1.0	0.98	0.96	1.0
6650	1.0	1.0	1.0	0.98	1.0	0.98	1.0	1.0	1.0	0.96	0.98	0.98	0.98	0.98	0.96	1.0
6700	1.0	1.0	1.0	0.98	1.0	0.98	1.0	1.0	1.0	0.98	0.98	0.98	0.98	0.98	0.96	0.98
6750	1.0	1.0	1.0	0.98	1.0	0.98	1.0	1.0	1.0	0.98	0.98	0.98	0.98	1.0	1.0	0.94
6800	1.0	1.0	1.0	0.96	1.0	0.98	1.0	1.0	1.0	1.0	0.98	0.98	0.98	1.0	1.0	0.94
6850	1.0	1.0	1.0	0.96	1.0	0.98	1.0	1.0	1.0	1.0	0.98	0.98	0.98	1.0	1.0	0.94
6900	1.0	1.0	1.0	0.96	1.0	0.98	1.0	1.0	1.0	1.0	1.0	0.98	0.98	1.0	1.0	0.94
6950	1.0	1.0	1.0	0.96	1.0	0.98	1.0	1.0	1.0	1.0	0.98	1.0	0.98	1.0	1.0	0.94
7000	1.0	1.0	1.0	0.96	1.0	0.98	1.0	1.0	1.0	1.0	0.98	1.0	0.98	0.98	1.0	0.94
7050	1.0	1.0	1.0	0.96	1.0	0.98	1.0	1.0	1.0	1.0	0.98	1.0	0.96	0.98	1.0	0.94
7100	1.0	1.0	1.0	0.94	1.0	0.98	1.0	1.0	1.0	1.0	0.94	1.0	0.96	0.98	1.0	0.94
7150	1.0	1.0	0.98	0.94	1.0	0.98	1.0	1.0	1.0	1.0	0.94	1.0	0.98	0.98	1.0	0.94
7200	1.0	1.0	0.98	0.92	0.98	0.98	1.0	1.0	1.0	1.0	0.94	1.0	0.98	0.98	1.0	0.94
7250	1.0	0.98	0.96	0.92	0.98	0.98	1.0	1.0	1.0	1.0	0.94	1.0	0.98	0.98	1.0	0.94
7300	1.0	0.98	0.96	0.94	0.98	0.96	1.0	1.0	1.0	1.0	0.94	1.0	0.98	0.98	0.98	0.94
7350	1.0	0.96	0.96	0.94	0.98	0.96	1.0	1.0	1.0	1.0	0.94	1.0	0.98	0.98	0.98	0.96
7400	1.0	0.96	0.96	0.94	0.98	0.96	1.0	1.0	1.0	1.0	0.94	1.0	0.98	0.98	0.98	0.98
7450	1.0	0.96	0.96	0.96	0.98	0.96	1.0	1.0	1.0	1.0	0.94	1.0	0.98	0.98	0.98	1.0
7500	1.0	0.96	0.96	0.96	0.98	0.96	1.0	1.0	1.0	1.0	0.94	1.0	0.98	0.98	0.98	1.0
7550	1.0	0.96	0.96	0.96	0.94	0.98	1.0	1.0	1.0	1.0	0.94	1.0	0.98	0.98	0.98	1.0
7600	1.0	0.96	0.96	0.96	0.92	0.98	1.0	1.0	1.0	1.0	0.94	1.0	0.98	0.98	0.98	1.0
7650	1.0	0.96	0.96	0.96	0.92	0.98	1.0	1.0	1.0	1.0	0.94	1.0	0.98	0.98	0.96	1.0
7700	1.0	0.96	0.96	0.98	0.92	0.98	1.0	1.0	1.0	0.98	0.96	1.0	0.98	0.98	0.96	1.0
7750	1.0	0.96	0.98	0.98	0.94	0.98	1.0	1.0	1.0	0.98	0.96	0.98	0.98	0.98	0.96	1.0
7800	1.0	0.96	0.96	0.96	0.94	0.96	1.0	1.0	1.0	0.98	0.96	0.98	0.98	0.98	0.96	1.0
7850	1.0	0.96	0.98	0.96	0.94	0.94	1.0	1.0	1.0	0.98	0.96	0.96	1.0	0.98	0.96	1.0
7900	1.0	0.96	0.98	0.96	0.92	0.94	1.0	1.0	1.0	0.98	0.96	0.96	1.0	0.98	0.96	1.0
7950	1.0	0.98	0.98	0.96	0.92	0.94	1.0	1.0	1.0	0.98	0.98	0.94	1.0	1.0	0.98	1.0
8000	1.0	0.98	0.98	0.96	0.92	0.94	1.0	1.0	1.0	0.98	0.96	0.94	1.0	1.0	0.98	1.0
8050	1.0	0.98	0.98	0.96	0.92	0.94	1.0	1.0	1.0	0.98	0.96	0.94	1.0	1.0	0.98	1.0
8100	1.0	1.0	0.98	0.96	0.96	0.96	1.0	1.0	1.0	0.98	0.96	0.94	1.0	1.0	0.98	1.0
8150	0.98	1.0	0.98	0.96	0.98	0.96	1.0	1.0	1.0	0.98	0.96	0.94	1.0	1.0	0.98	1.0
8200	0.98	0.98	0.98	0.96	0.98	0.96	1.0	1.0	1.0	0.98	0.94	0.94	1.0	1.0	0.98	1.0
8250	0.96	0.98	0.98	0.96	0.98	0.96	1.0	1.0	1.0	0.98	0.94	0.94	1.0	1.0	0.98	1.0
8300	0.94	0.98	0.98	0.94	0.98	0.96	1.0	1.0	1.0	1.0	0.94	0.94	1.0	1.0	1.0	1.0
8350	0.94	0.98	0.98	0.92	0.98	0.98	1.0	1.0	1.0	1.0	0.94	0.94	1.0	1.0	1.0	1.0
8400	0.94	0.98	0.98	0.9	0.98	1.0	1.0	1.0	1.0	1.0	0.94	0.94	1.0	1.0	1.0	1.0
8450	0.94	0.98	0.98	0.9	0.98	1.0	1.0	1.0	1.0	1.0	0.94	0.94	1.0	1.0	1.0	1.0
8500	0.94	0.98	0.98	0.94	1.0	1.0	1.0	1.0	0.98	1.0	0.94	0.94	1.0	1.0	1.0	1.0
8550	0.94	0.98	1.0	0.94	1.0	1.0	1.0	1.0	0.98	1.0	0.92	0.94	1.0	1.0	1.0	1.0
8600	0.94	0.98	0.98	0.94	1.0	1.0	1.0	1.0	0.98	1.0	0.94	0.94	1.0	1.0	1.0	1.0
8650	0.94	0.98	0.96	0.94	1.0	1.0	1.0	1.0	0.98	1.0	0.92	0.96	1.0	1.0	1.0	1.0
8700	0.94	0.98	0.96	0.94	1.0	1.0	1.0	1.0	0.98	1.0	0.94	0.98	1.0	1.0	1.0	1.0
8750	0.92	0.96	0.96	0.94	1.0	1.0	1.0	1.0	0.98	1.0	0.94	0.98	1.0	1.0	1.0	1.0
8800	0.94	0.96	0.96	0.96	1.0	1.0	1.0	1.0	0.98	1.0	0.94	0.98	1.0	0.98	1.0	1.0
8850	0.96	0.98	0.96	0.96	0.98	1.0	1.0	1.0	0.98	1.0	0.96	0.98	1.0	0.96	1.0	1.0
8900	0.96	0.98	0.96	0.98	0.98	1.0	1.0	1.0	0.96	1.0	0.96	0.98	1.0	0.96	1.0	1.0
8950	0.98	0.98	0.96	1.0	0.98	1.0	1.0	1.0	0.96	1.0	0.96	0.98	1.0	0.96	1.0	1.0
9000	0.98	0.98	0.96	1.0	0.98	1.0	1.0	1.0	0.96	1.0	0.96	0.98	1.0	0.96	1.0	1.0
9050	0.98	0.98	0.96	1.0	0.98	1.0	1.0	1.0	0.96	1.0	0.96	0.98	1.0	0.96	1.0	1.0
9100	0.98	0.98	0.96	1.0	0.98	1.0	1.0	1.0	0.96	1.0	0.96	0.98	1.0	0.96	1.0	1.0
9150	0.98	0.98	0.96	1.0	0.98	1.0	1.0	1.0	0.96	1.0	0.96	0.98	1.0	0.96	0.98	1.0
9200	0.98	0.98	0.96	1.0	0.98	0.98	1.0	1.0	0.96	1.0	0.96	0.98	1.0	0.96	0.98	1.0
9250	0.98	0.98	0.96	1.0	0.98	0.98	1.0	1.0	0.98	1.0	0.98	1.0	1.0	0.96	0.98	1.0
9300	0.98	0.98	0.96	1.0	0.98	0.98	1.0	1.0	0.98	1.0	1.0	1.0	1.0	0.96	0.98	1.0
9350	1.0	1.0	0.96	1.0	0.98	0.98	1.0	1.0	0.98	1.0	1.0	1.0	1.0	0.96	0.98	1.0
9400	1.0	1.0	0.94	1.0	0.98	0.98	1.0	1.0	0.98	1.0	1.0	1.0	1.0	0.96	0.98	1.0
9450	1.0	1.0	0.94	1.0	0.98	0.98	1.0	1.0	0.98	1.0	1.0	1.0	1.0	0.96	0.98	1.0
9500	1.0	1.0	0.98	1.0	0.98	0.98	1.0	1.0	0.98	1.0	1.0	1.0	1.0	0.96	0.98	1.0
9550	1.0	1.0	0.98	1.0	1.0	0.98	1.0	1.0	0.96	1.0	1.0	1.0	1.0	0.98	0.96	1.0
9600	1.0	1.0	0.98	1.0	1.0	0.98	1.0	1.0	0.96	1.0	1.0	1.0	1.0	1.0	0.96	1.0
9650	1.0	1.0	0.98	1.0	1.0	0.98	1.0	1.0	0.96	1.0	1.0	1.0	1.0	0.98	0.96	1.0
9700	1.0	1.0	0.98	1.0	1.0	0.98	1.0	1.0	0.96	1.0	1.0	1.0	1.0	0.98	0.96	1.0
9750	1.0	1.0	0.98	1.0	1.0	0.98	1.0	1.0	0.98	1.0	1.0	1.0	1.0	0.98	0.96	1.0
9800	1.0	1.0	0.98	1.0	1.0	0.98	1.0	1.0	0.98	1.0	1.0	1.0	1.0	0.98	0.96	1.0
9850	1.0	1.0	0.98	0.98	1.0	0.98	1.0	1.0	0.98	0.98	1.0	1.0	1.0	0.98	0.96	1.0
9900	1.0	1.0	1.0	0.98	1.0	0.98	1.0	1.0	0.98	0.98	1.0	1.0	1.0	0.98	0.96	1.0
9950	1.0	1.0	0.98	0.98	1.0	0.98	1.0	1.0	0.98	0.98	0.98	1.0	1.0	0.98	0.98	1.0
10000	1.0	1.0	0.98	0.98	1.0	0.98	1.0	1.0	0.98	0.98	0.98	1.0	1.0	0.96	0.98	1.0
10050	1.0	1.0	0.98	0.98	1.0	1.0	1.0	1.0	0.98	0.98	0.98	1.0	1.0	0.96	0.98	1.0
10100	1.0	1.0	0.98	0.98	1.0	1.0	1.0	1.0	0.98	0.98	0.98	1.0	1.0	0.96	0.98	1.0
10150	1.0	1.0	0.98	0.98	1.0	1.0	1.0	1.0	0.98	0.98	0.98	1.0	1.0	0.96	0.98	1.0
10200	1.0	1.0	0.98	0.98	1.0	1.0	1.0	1.0	0.96	0.98	0.98	1.0	1.0	0.96	0.98	1.0
10250	1.0	1.0	0.96	0.98	0.98	1.0	1.0	1.0	0.96	0.98	0.98	1.0	1.0	0.96	0.98	1.0
10300	1.0	1.0	0.96	0.98	0.98	1.0	1.0	1.0	0.96	0.98	0.98	1.0	1.0	0.96	0.98	1.0
10350	1.0	1.0	0.94	0.98	0.98	1.0	1.0	1.0	0.96	1.0	0.98	1.0	1.0	0.96	1.0	1.0
10400	1.0	1.0	0.94	0.98	0.98	1.0	1.0	1.0	0.98	1.0	0.98	1.0	1.0	0.96	1.0	1.0
10450	1.0	1.0	0.94	0.98	0.98	1.0	1.0	1.0	0.98	1.0	0.98	1.0	1.0	0.98	1.0	1.0
10500	1.0	1.0	0.94	0.98	0.98	1.0	1.0	1.0	0.98	1.0	0.98	1.0	1.0	0.98	1.0	1.0
10550	1.0	1.0	0.96	1.0	0.98	1.0	1.0	1.0	0.96	1.0	0.98	1.0	1.0	0.98	1.0	1.0
10600	1.0	1.0	0.96	1.0	0.98	1.0	1.0	1.0	0.96	1.0	0.98	1.0	1.0	0.98	1.0	1.0
10650	1.0	1.0	0.96	1.0	0.98	1.0	1.0	1.0	0.94	1.0	0.98	1.0	1.0	0.98	1.0	1.0
10700	1.0	1.0	0.98	1.0	0.98	1.0	1.0	1.0	0.94	0.98	1.0	1.0	1.0	0.98	0.98	1.0
10750	1.0	1.0	0.98	1.0	0.98	1.0	1.0	1.0	0.94	0.98	1.0	1.0	1.0	0.98	0.98	1.0
10800	1.0	1.0	0.98	1.0	0.98	1.0	1.0	1.0	0.94	0.98	1.0	1.0	1.0	0.98	0.98	1.0
10850	1.0	0.98	1.0	1.0	0.98	1.0	1.0	1.0	0.94	0.98	1.0	1.0	1.0	1.0	0.98	1.0
10900	1.0	0.98	1.0	1.0	0.98	1.0	1.0	1.0	0.94	0.98	1.0	1.0	1.0	1.0	0.98	1.0
10950	1.0	0.98	1.0	1.0	0.98	1.0	1.0	1.0	0.94	0.98	1.0	1.0	1.0	1.0	0.98	1.0
11000	1.0	0.98	0.98	1.0	0.98	1.0	1.0	1.0	0.94	0.98	1.0	1.0	1.0	1.0	0.98	1.0
11050	1.0	0.98	0.98	1.0	1.0	1.0	1.0	1.0	0.94	0.98	1.0	1.0	1.0	1.0	0.98	1.0
11100	1.0	0.98	0.98	1.0	1.0	1.0	1.0	1.0	0.94	0.98	1.0	1.0	1.0	1.0	0.98	1.0
11150	1.0	0.98	0.98	1.0	1.0	1.0	1.0	1.0	0.96	0.98	1.0	1.0	1.0	1.0	0.98	1.0
11200	1.0	0.98	0.98	1.0	1.0	1.0	1.0	1.0	0.96	0.98	1.0	1.0	1.0	1.0	0.98	1.0
11250	1.0	0.98	0.98	1.0	1.0	1.0	1.0	1.0	0.96	0.98	1.0	1.0	1.0	1.0	0.96	1.0
11300	1.0	0.98	0.98	1.0	1.0	1.0	1.0	1.0	0.96	0.98	1.0	1.0	1.0	1.0	0.96	1.0
11350	1.0	0.98	0.98	0.98	1.0	1.0	1.0	1.0	0.96	0.98	1.0	1.0	1.0	1.0	0.92	1.0
11400	1.0	0.98	0.98	0.98	1.0	1.0	1.0	1.0	0.96	0.98	1.0	1.0	1.0	1.0	0.92	1.0
11450	1.0	0.98	0.98	0.98	1.0	1.0	1.0	1.0	0.98	0.98	1.0	1.0	1.0	1.0	0.92	1.0
11500	1.0	0.98	0.98	0.98	1.0	1.0	1.0	1.0	0.98	0.98	1.0	1.0	1.0	1.0	0.92	1.0
11550	1.0	0.98	0.96	0.98	1.0	1.0	1.0	1.0	0.98	1.0	1.0	1.0	1.0	1.0	0.94	1.0
11600	1.0	0.98	0.96	0.98	1.0	1.0	1.0	1.0	0.96	1.0	1.0	1.0	1.0	1.0	0.94	1.0
11650	1.0	0.98	0.96	0.98	1.0	1.0	1.0	1.0	0.96	1.0	1.0	1.0	1.0	1.0	0.94	1.0
11700	1.0	1.0	0.96	0.96	1.0	1.0	1.0	1.0	0.96	1.0	1.0	1.0	1.0	0.98	0.92	1.0
11750	1.0	1.0	0.96	0.96	1.0	1.0	1.0	1.0	0.96	1.0	1.0	1.0	1.0	0.98	0.92	1.0
11800	1.0	1.0	0.96	0.96	1.0	1.0	1.0	1.0	0.96	1.0	1.0	1.0	1.0	0.98	0.92	1.0
11850	1.0	1.0	0.94	0.96	1.0	1.0	1.0	1.0	0.96	1.0	1.0	1.0	1.0	0.96	0.92	0.98
11900	1.0	1.0	0.94	0.96	1.0	1.0	1.0	1.0	0.96	0.98	1.0	1.0	1.0	0.96	0.92	0.98
11950	1.0	1.0	0.94	0.96	1.0	1.0	1.0	1.0	0.96	0.98	1.0	1.0	1.0	0.96	0.92	0.98
12000	1.0	1.0	0.94	0.96	1.0	1.0	1.0	1.0	0.96	0.98	1.0	1.0	1.0	0.96	0.92	0.98
12050	1.0	1.0	0.94	0.96	1.0	1.0	1.0	1.0	0.96	0.98	1.0	1.0	1.0	0.96	0.92	0.98
12100	1.0	1.0	0.94	0.98	1.0	1.0	1.0	1.0	0.96	0.98	1.0	1.0	1.0	0.96	0.94	0.98
12150	1.0	1.0	0.94	0.98	1.0	1.0	1.0	1.0	0.96	0.98	0.98	1.0	1.0	0.96	0.94	0.98
12200	1.0	1.0	0.96	0.98	1.0	1.0	1.0	1.0	0.96	0.98	0.98	1.0	1.0	0.96	0.94	0.98
12250	1.0	1.0	0.96	0.98	1.0	1.0	1.0	1.0	0.96	0.98	0.98	1.0	1.0	0.96	0.94	0.98
12300	1.0	1.0	0.96	0.98	1.0	1.0	1.0	1.0	0.96	0.98	0.98	1.0	1.0	0.96	0.94	0.98
12350	1.0	1.0	0.96	0.98	1.0	1.0	1.0	1.0	0.96	0.98	0.98	1.0	1.0	0.96	0.94	0.98
12400	1.0	1.0	0.96	1.0	1.0	1.0	1.0	1.0	0.96	0.98	0.98	1.0	1.0	0.96	0.96	0.98
12450	1.0	1.0	0.96	1.0	1.0	1.0	1.0	1.0	0.96	0.98	0.98	1.0	1.0	0.98	0.96	0.98
12500	1.0	1.0	0.96	1.0	1.0	1.0	1.0	1.0	0.98	0.98	0.98	1.0	1.0	0.98	0.96	0.98
12550	1.0	1.0	0.96	1.0	1.0	1.0	1.0	1.0	1.0	0.96	0.98	1.0	1.0	0.98	0.96	0.98
12600	1.0	1.0	0.96	1.0	1.0	1.0	1.0	1.0	1.0	0.96	0.98	1.0	1.0	0.98	0.96	0.98
12650	1.0	1.0	0.98	1.0	1.0	1.0	1.0	1.0	0.98	0.96	0.98	1.0	1.0	1.0	0.94	1.0
12700	1.0	1.0	0.98	1.0	1.0	1.0	1.0	1.0	0.98	0.94	0.98	1.0	1.0	1.0	0.94	1.0
12750	1.0	1.0	0.98	1.0	1.0	1.0	1.0	1.0	0.98	0.94	0.98	1.0	1.0	1.0	0.94	1.0
12800	1.0	1.0	0.98	1.0	1.0	1.0	1.0	1.0	0.98	0.94	0.98	1.0	1.0	1.0	0.92	1.0
12850	1.0	1.0	0.98	1.0	1.0	1.0	1.0	1.0	0.98	0.96	1.0	1.0	1.0	1.0	0.94	1.0
12900	1.0	1.0	0.98	1.0	1.0	1.0	1.0	1.0	0.98	0.96	1.0	1.0	1.0	1.0	0.94	1.0
12950	1.0	1.0	0.98	1.0	1.0	1.0	1.0	1.0	0.98	0.96	1.0	1.0	1.0	1.0	0.94	1.0
13000	1.0	1.0	0.98	1.0	1.0	1.0	1.0	1.0	0.98	0.96	1.0	1.0	1.0	1.0	0.92	1.0
13050	1.0	1.0	0.98	1.0	1.0	1.0	1.0	1.0	0.98	0.96	1.0	1.0	1.0	1.0	0.94	1.0
13100	1.0	1.0	0.98	1.0	1.0	1.0	1.0	1.0	0.98	0.96	1.0	1.0	1.0	1.0	0.92	1.0
13150	1.0	1.0	0.98	1.0	1.0	1.0	1.0	1.0	0.98	0.96	1.0	1.0	1.0	0.98	0.92	1.0
13200	1.0	1.0	0.98	1.0	1.0	1.0	1.0	1.0	0.96	0.98	1.0	1.0	1.0	0.98	0.92	1.0
13250	1.0	1.0	0.98	1.0	1.0	1.0	1.0	1.0	0.96	0.98	1.0	1.0	1.0	0.98	0.92	1.0
13300	1.0	1.0	0.98	1.0	1.0	1.0	1.0	1.0	0.96	0.98	1.0	1.0	1.0	0.98	0.92	1.0
13350	1.0	1.0	1.0	1.0	1.0	1.0	1.0	1.0	0.96	1.0	1.0	1.0	1.0	0.98	0.92	1.0
13400	1.0	1.0	0.98	1.0	1.0	1.0	1.0	1.0	0.96	1.0	1.0	1.0	1.0	0.98	0.92	1.0
13450	1.0	1.0	0.98	1.0	1.0	1.0	1.0	1.0	0.98	0.98	1.0	1.0	1.0	0.98	0.92	1.0
13500	1.0	1.0	0.98	1.0	1.0	1.0	1.0	1.0	0.98	0.98	1.0	1.0	1.0	0.98	0.94	1.0
13550	0.98	1.0	0.98	1.0	0.98	1.0	0.98	1.0	0.98	0.98	1.0	1.0	1.0	0.98	0.94	1.0
13600	0.98	1.0	0.98	1.0	0.98	1.0	0.98	1.0	0.98	0.98	1.0	1.0	1.0	0.98	0.92	1.0
13650	0.98	1.0	0.98	1.0	0.98	1.0	0.98	1.0	0.98	0.98	1.0	1.0	1.0	0.98	0.92	1.0
13700	0.98	1.0	0.98	1.0	0.98	1.0	0.98	1.0	0.98	0.98	1.0	1.0	1.0	0.98	0.94	1.0
13750	0.98	1.0	0.98	1.0	0.98	1.0	0.98	1.0	0.98	0.98	1.0	0.98	1.0	0.98	0.92	1.0
13800	0.98	1.0	0.98	1.0	0.98	1.0	0.98	1.0	0.98	0.98	1.0	0.98	1.0	0.98	0.94	1.0
13850	0.98	1.0	0.98	1.0	0.98	1.0	0.96	1.0	0.98	0.98	1.0	0.98	1.0	1.0	0.94	1.0
13900	0.98	1.0	0.98	1.0	0.98	1.0	0.96	1.0	0.98	0.98	1.0	0.98	1.0	0.98	0.94	1.0
13950	0.98	1.0	0.98	1.0	0.98	1.0	0.96	1.0	0.98	0.98	1.0	0.98	1.0	0.98	0.94	1.0
14000	0.98	1.0	0.98	1.0	0.98	1.0	0.96	1.0	0.98	0.98	1.0	0.98	1.0	0.98	0.94	1.0
14050	0.98	1.0	0.96	1.0	0.98	1.0	0.96	1.0	0.98	0.96	1.0	0.98	1.0	0.98	0.94	1.0
14100	0.98	1.0	0.96	1.0	0.98	1.0	0.96	1.0	1.0	0.96	1.0	0.98	1.0	0.98	0.94	1.0
14150	0.98	1.0	0.96	1.0	0.98	1.0	0.96	1.0	1.0	0.98	1.0	0.98	1.0	0.98	0.94	1.0
14200	0.98	1.0	0.96	1.0	0.98	1.0	0.96	1.0	1.0	0.98	1.0	0.98	1.0	0.98	0.92	1.0
14250	0.98	1.0	0.96	1.0	0.98	1.0	0.96	1.0	1.0	0.98	1.0	0.98	1.0	0.98	0.86	1.0
14300	1.0	1.0	0.96	1.0	0.98	1.0	0.94	1.0	1.0	0.98	1.0	0.98	1.0	0.98	0.86	1.0
14350	1.0	1.0	0.96	1.0	0.98	1.0	0.96	1.0	1.0	0.98	1.0	0.98	1.0	0.98	0.86	1.0
14400	1.0	1.0	0.98	1.0	0.98	1.0	0.96	1.0	1.0	0.96	1.0	0.98	1.0	0.96	0.86	1.0
14450	1.0	1.0	0.98	1.0	1.0	1.0	0.96	1.0	1.0	0.94	1.0	0.98	1.0	0.96	0.88	1.0
14500	1.0	1.0	0.98	1.0	1.0	1.0	0.96	1.0	1.0	0.94	1.0	0.98	1.0	0.96	0.86	1.0
14550	1.0	1.0	0.98	1.0	1.0	1.0	0.96	1.0	1.0	0.92	1.0	0.98	1.0	0.96	0.86	1.0
14600	1.0	1.0	0.98	1.0	1.0	1.0	0.96	1.0	1.0	0.92	1.0	0.98	1.0	0.96	0.86	1.0
14650	1.0	1.0	0.98	1.0	1.0	1.0	0.98	1.0	0.98	0.92	0.98	0.98	1.0	0.96	0.86	1.0
14700	1.0	1.0	0.98	1.0	1.0	1.0	0.98	1.0	0.98	0.92	0.98	1.0	1.0	0.98	0.86	1.0
14750	1.0	1.0	0.98	0.98	1.0	1.0	0.98	1.0	0.98	0.92	0.98	1.0	1.0	0.98	0.86	1.0
14800	1.0	1.0	0.98	0.98	1.0	1.0	0.98	1.0	0.98	0.92	0.98	1.0	1.0	0.98	0.86	1.0
14850	1.0	1.0	0.98	0.98	1.0	1.0	0.98	1.0	0.96	0.94	0.98	1.0	1.0	0.98	0.86	1.0
14900	1.0	1.0	0.98	0.98	1.0	1.0	0.98	1.0	0.96	0.94	0.96	1.0	1.0	0.98	0.86	1.0
14950	1.0	1.0	0.98	0.98	1.0	1.0	0.98	1.0	0.96	0.92	0.96	1.0	1.0	0.98	0.92	1.0
15000	1.0	1.0	0.98	0.98	1.0	1.0	0.98	1.0	0.94	0.92	0.96	1.0	1.0	0.98	0.92	1.0
15050	1.0	1.0	0.98	0.98	1.0	1.0	0.98	1.0	0.94	0.9	0.96	1.0	1.0	0.98	0.92	1.0
15100	1.0	1.0	0.98	0.98	1.0	1.0	0.98	1.0	0.94	0.9	0.96	1.0	1.0	0.98	0.94	1.0
15150	1.0	1.0	0.98	0.98	1.0	1.0	0.98	1.0	0.94	0.9	0.96	1.0	1.0	0.98	0.94	1.0
15200	1.0	1.0	0.98	0.98	1.0	1.0	1.0	1.0	0.94	0.92	0.96	1.0	1.0	0.98	0.94	0.98
15250	1.0	1.0	0.96	0.98	1.0	1.0	1.0	1.0	0.94	0.92	0.94	1.0	1.0	0.98	0.94	0.98
15300	1.0	1.0	0.96	0.98	1.0	1.0	1.0	1.0	0.92	0.92	0.94	1.0	1.0	0.98	0.94	0.98
15350	1.0	1.0	0.96	0.98	1.0	1.0	1.0	1.0	0.92	0.92	0.94	1.0	1.0	1.0	0.94	0.98
15400	1.0	1.0	0.96	0.98	1.0	1.0	1.0	1.0	0.92	0.92	0.94	1.0	1.0	1.0	0.96	0.96
15450	1.0	1.0	0.96	0.98	1.0	1.0	1.0	1.0	0.92	0.94	0.94	1.0	1.0	1.0	0.96	0.96
15500	1.0	1.0	0.96	0.98	1.0	1.0	1.0	1.0	0.92	0.92	0.92	1.0	1.0	0.98	0.98	0.96
15550	1.0	1.0	0.96	1.0	1.0	1.0	1.0	1.0	0.94	0.92	0.92	1.0	1.0	0.98	0.98	0.96
15600	1.0	1.0	0.96	1.0	1.0	1.0	1.0	1.0	0.94	0.92	0.92	1.0	1.0	0.98	0.96	0.96
15650	0.96	1.0	0.96	1.0	1.0	1.0	1.0	1.0	0.94	0.92	0.9	1.0	1.0	0.98	0.96	0.96
15700	0.96	1.0	0.96	1.0	1.0	1.0	1.0	1.0	0.96	0.92	0.92	1.0	1.0	0.98	0.96	0.96
15750	0.96	1.0	0.96	1.0	1.0	1.0	1.0	1.0	0.96	0.92	0.92	1.0	1.0	0.98	0.96	0.96
15800	0.96	1.0	0.96	1.0	0.98	1.0	0.98	1.0	0.96	0.92	0.92	1.0	1.0	0.98	0.96	0.96
15850	0.96	1.0	0.96	1.0	0.98	1.0	0.98	1.0	0.96	0.94	0.92	1.0	1.0	0.98	0.96	0.96
15900	0.96	1.0	0.96	1.0	0.98	1.0	0.98	1.0	0.96	0.94	0.94	0.98	1.0	0.98	0.96	0.96
15950	0.96	0.98	0.96	1.0	0.98	1.0	0.98	1.0	0.96	0.94	0.94	0.98	1.0	0.98	0.98	0.96
16000	0.96	0.98	0.96	1.0	0.98	1.0	0.98	1.0	0.96	0.96	0.94	0.98	1.0	0.98	0.96	0.96
16050	0.96	0.98	0.96	1.0	0.98	1.0	0.98	1.0	0.98	0.98	0.96	0.98	1.0	0.98	0.96	0.96
16100	0.96	0.96	0.96	1.0	0.98	1.0	0.98	1.0	0.98	0.98	0.96	0.98	1.0	0.98	0.94	0.98
16150	0.96	0.96	0.96	1.0	0.98	1.0	0.98	1.0	0.98	0.98	0.98	0.98	1.0	0.98	0.94	0.98
16200	0.96	0.96	0.96	1.0	0.98	1.0	0.98	1.0	0.98	0.98	0.98	0.96	1.0	0.98	0.94	0.98
16250	0.96	0.96	0.96	1.0	0.96	1.0	0.98	1.0	0.98	0.98	0.98	0.96	1.0	0.98	0.94	0.98
16300	0.98	0.96	0.96	1.0	0.96	1.0	0.98	1.0	0.98	0.98	0.98	0.94	1.0	0.98	0.94	0.98
16350	1.0	0.96	0.96	1.0	0.96	1.0	0.98	1.0	0.98	1.0	1.0	0.94	1.0	0.98	0.92	0.98
16400	1.0	0.96	0.96	1.0	0.96	1.0	0.98	1.0	0.98	1.0	1.0	0.94	1.0	0.98	0.92	0.98
16450	1.0	0.96	0.98	1.0	0.96	1.0	0.98	1.0	1.0	1.0	0.98	0.94	1.0	0.98	0.92	1.0
16500	1.0	0.96	0.98	1.0	0.96	1.0	0.98	1.0	1.0	1.0	0.98	0.94	1.0	1.0	0.94	1.0
16550	1.0	0.98	0.98	1.0	0.96	1.0	1.0	1.0	1.0	1.0	0.98	0.94	1.0	1.0	0.94	1.0
16600	1.0	0.98	0.98	1.0	0.96	1.0	1.0	1.0	0.98	1.0	0.98	0.96	1.0	0.98	0.94	1.0
16650	1.0	0.98	0.98	1.0	0.96	1.0	0.98	1.0	0.98	1.0	0.98	0.96	1.0	0.96	0.94	1.0
16700	1.0	0.98	0.98	1.0	0.98	1.0	0.98	1.0	0.98	1.0	0.98	0.96	1.0	0.96	0.94	1.0
16750	1.0	0.98	1.0	1.0	0.98	1.0	0.98	1.0	0.98	1.0	0.98	0.96	1.0	0.94	0.94	1.0
16800	1.0	0.98	1.0	1.0	0.98	1.0	0.98	1.0	0.98	1.0	0.98	0.98	1.0	0.92	0.94	1.0
16850	1.0	0.98	1.0	1.0	0.98	1.0	0.98	1.0	0.98	1.0	0.98	0.98	1.0	0.92	0.94	1.0
16900	1.0	0.98	1.0	1.0	0.96	1.0	0.98	1.0	0.98	1.0	0.98	0.98	1.0	0.9	0.94	1.0
16950	1.0	0.98	1.0	1.0	0.96	1.0	0.98	1.0	0.98	1.0	0.98	1.0	1.0	0.9	0.94	1.0
17000	1.0	0.98	1.0	0.98	0.98	1.0	0.98	1.0	0.98	1.0	0.98	1.0	1.0	0.9	0.94	1.0
17050	1.0	0.98	1.0	0.98	0.98	1.0	0.98	1.0	0.98	1.0	0.98	1.0	1.0	0.9	0.96	1.0
17100	1.0	0.98	1.0	0.98	0.98	1.0	0.98	1.0	0.98	1.0	0.98	1.0	1.0	0.9	0.96	1.0
17150	1.0	0.98	1.0	0.98	0.98	1.0	0.98	1.0	0.98	1.0	1.0	1.0	1.0	0.9	0.98	1.0
17200	1.0	0.98	0.98	0.98	0.98	1.0	0.98	1.0	0.98	0.98	1.0	1.0	1.0	0.9	0.98	1.0
17250	1.0	0.98	0.96	0.98	0.98	1.0	0.98	1.0	0.96	0.98	1.0	1.0	1.0	0.9	0.98	1.0
17300	1.0	1.0	0.96	0.98	0.98	1.0	0.98	1.0	0.96	0.98	1.0	1.0	1.0	0.88	1.0	1.0
17350	1.0	1.0	0.96	0.98	0.96	1.0	0.98	1.0	0.96	0.98	1.0	1.0	1.0	0.88	1.0	1.0
17400	1.0	1.0	0.96	0.98	0.96	1.0	0.98	1.0	0.96	0.98	1.0	1.0	1.0	0.88	1.0	1.0
17450	1.0	1.0	0.96	0.98	0.96	1.0	0.98	1.0	0.98	0.98	1.0	1.0	1.0	0.92	1.0	1.0
17500	1.0	1.0	0.96	0.98	0.96	1.0	0.98	1.0	0.98	0.98	1.0	1.0	1.0	0.96	1.0	1.0
17550	1.0	1.0	0.96	0.98	0.96	1.0	1.0	1.0	0.98	0.98	1.0	1.0	1.0	0.98	1.0	1.0
17600	1.0	1.0	0.96	0.98	0.96	1.0	1.0	1.0	0.98	0.98	1.0	1.0	1.0	0.98	1.0	1.0
17650	1.0	1.0	0.96	0.98	0.96	1.0	1.0	1.0	0.98	0.98	0.98	1.0	1.0	0.98	1.0	1.0
17700	1.0	1.0	0.96	0.98	0.96	1.0	1.0	1.0	0.98	0.98	0.98	1.0	1.0	0.98	1.0	1.0
17750	1.0	1.0	0.96	0.98	0.96	1.0	1.0	1.0	0.98	0.98	0.96	1.0	1.0	0.98	1.0	1.0
17800	1.0	1.0	0.96	0.96	0.96	1.0	1.0	1.0	0.98	0.98	0.96	1.0	1.0	0.98	1.0	1.0
17850	1.0	1.0	0.96	0.98	0.96	1.0	1.0	0.98	0.98	0.98	0.96	1.0	1.0	0.98	1.0	0.98
17900	1.0	1.0	0.96	0.98	0.98	1.0	1.0	0.98	0.98	0.98	0.94	1.0	1.0	0.98	0.96	0.98
17950	1.0	1.0	0.98	0.98	0.98	1.0	1.0	0.98	0.98	0.98	0.94	1.0	1.0	0.98	0.94	0.98
18000	1.0	1.0	0.98	0.98	0.98	1.0	1.0	0.98	0.98	1.0	0.94	1.0	1.0	0.96	0.94	0.98
18050	1.0	1.0	0.98	0.98	0.98	1.0	1.0	0.98	1.0	1.0	0.94	1.0	1.0	0.96	0.94	0.96
18100	1.0	1.0	0.98	0.98	0.98	1.0	1.0	0.98	1.0	1.0	0.94	1.0	1.0	0.96	0.94	0.96
18150	1.0	1.0	0.98	0.98	0.98	1.0	1.0	0.98	1.0	1.0	0.94	1.0	1.0	0.96	0.94	0.96
18200	1.0	1.0	0.98	0.98	0.98	1.0	0.98	0.98	1.0	1.0	0.94	1.0	1.0	0.96	0.94	0.96
18250	1.0	1.0	0.98	0.98	0.98	1.0	0.98	0.98	1.0	1.0	0.94	1.0	1.0	0.94	0.94	0.96
18300	1.0	1.0	0.98	0.98	0.98	1.0	0.98	0.98	1.0	1.0	0.94	1.0	1.0	0.94	0.92	0.96
18350	1.0	1.0	0.98	0.98	0.98	1.0	0.98	0.98	1.0	1.0	0.94	1.0	1.0	0.94	0.92	0.96
18400	1.0	1.0	0.98	0.98	1.0	1.0	0.98	0.98	1.0	1.0	0.96	1.0	1.0	0.94	0.92	0.94
18450	1.0	1.0	0.98	0.98	1.0	1.0	0.98	0.98	1.0	0.98	0.96	1.0	1.0	0.94	0.92	0.92
18500	1.0	1.0	0.98	0.98	1.0	1.0	0.98	1.0	1.0	0.96	0.96	1.0	1.0	0.94	0.92	0.92
18550	1.0	1.0	0.98	0.98	1.0	1.0	0.98	1.0	1.0	0.96	0.98	1.0	1.0	0.94	0.9	0.92
18600	1.0	1.0	0.98	1.0	1.0	1.0	0.98	1.0	1.0	0.96	0.98	1.0	1.0	0.94	0.9	0.92
18650	1.0	1.0	0.98	1.0	1.0	1.0	0.98	1.0	1.0	0.96	1.0	1.0	1.0	0.94	0.9	0.92
18700	1.0	1.0	0.98	1.0	1.0	1.0	0.98	1.0	1.0	0.94	1.0	1.0	1.0	0.94	0.9	0.94
18750	1.0	1.0	0.98	1.0	1.0	1.0	0.98	1.0	1.0	0.94	1.0	1.0	1.0	0.94	0.9	0.96
18800	1.0	1.0	1.0	1.0	1.0	1.0	0.98	1.0	1.0	0.94	1.0	1.0	0.98	0.94	0.9	0.96
18850	1.0	1.0	1.0	1.0	1.0	1.0	0.98	1.0	1.0	0.94	1.0	1.0	0.98	0.94	0.9	0.94
18900	1.0	1.0	1.0	1.0	1.0	1.0	0.98	1.0	1.0	0.94	1.0	1.0	0.98	0.94	0.92	0.94
18950	1.0	1.0	1.0	1.0	1.0	1.0	1.0	1.0	1.0	0.94	1.0	1.0	0.98	0.94	0.92	0.94
19000	1.0	1.0	1.0	1.0	1.0	1.0	1.0	1.0	1.0	0.94	1.0	1.0	0.98	0.94	0.92	0.94
19050	1.0	1.0	1.0	1.0	1.0	1.0	1.0	1.0	1.0	0.94	1.0	1.0	0.98	0.92	0.92	0.94
19100	1.0	1.0	1.0	1.0	1.0	1.0	1.0	1.0	1.0	0.94	1.0	0.98	0.98	0.92	0.92	0.96
19150	1.0	1.0	1.0	1.0	1.0	1.0	1.0	1.0	1.0	0.92	1.0	0.98	0.98	0.92	0.92	0.98
19200	1.0	1.0	1.0	1.0	0.98	1.0	1.0	1.0	1.0	0.92	1.0	0.98	0.98	0.92	0.92	0.98
19250	1.0	1.0	1.0	1.0	0.98	1.0	1.0	1.0	1.0	0.94	0.98	0.98	0.98	0.92	0.92	0.98
19300	1.0	1.0	1.0	1.0	0.98	1.0	1.0	1.0	1.0	0.96	0.98	0.98	0.98	0.92	0.9	0.98
19350	1.0	1.0	1.0	1.0	0.98	1.0	1.0	1.0	1.0	0.96	0.98	0.98	0.98	0.92	0.9	0.98
19400	1.0	1.0	1.0	1.0	0.98	1.0	1.0	1.0	0.98	0.96	0.98	0.98	0.98	0.92	0.9	0.98
19450	1.0	1.0	1.0	1.0	0.98	1.0	1.0	1.0	0.98	0.94	0.98	0.98	0.98	0.92	0.9	0.94
19500	1.0	1.0	0.98	1.0	0.98	1.0	1.0	1.0	0.98	0.94	0.98	0.98	0.98	0.88	0.92	0.94
19550	1.0	1.0	0.98	1.0	0.98	1.0	1.0	1.0	0.98	0.96	0.96	0.98	0.98	0.86	0.92	0.94
19600	1.0	0.98	0.98	1.0	0.98	1.0	1.0	1.0	0.96	0.96	0.96	0.98	0.98	0.86	0.92	0.96
19650	1.0	0.98	0.98	1.0	0.98	1.0	1.0	1.0	0.96	0.96	0.96	0.98	1.0	0.84	0.92	0.96
19700	1.0	0.98	0.98	1.0	0.96	1.0	1.0	1.0	0.96	0.96	0.96	0.98	1.0	0.84	0.92	0.96
19750	1.0	0.98	0.98	1.0	0.96	1.0	1.0	1.0	0.96	0.96	0.96	0.98	1.0	0.84	0.94	0.96
19800	1.0	0.98	0.98	1.0	0.96	1.0	1.0	1.0	0.96	0.96	0.96	0.98	0.98	0.8	0.94	0.96
19850	1.0	0.98	0.98	1.0	0.96	1.0	1.0	1.0	0.96	0.96	0.96	0.98	0.98	0.82	0.94	0.96
19900	1.0	0.98	0.98	1.0	0.96	1.0	0.98	1.0	0.96	0.98	0.96	0.98	0.98	0.82	0.94	0.96
19950	1.0	0.98	0.96	1.0	0.96	1.0	0.98	1.0	0.96	0.98	0.98	0.98	0.98	0.82	0.94	0.96
20000	1.0	0.98	0.96	1.0	0.96	1.0	0.98	0.98	0.96	0.98	0.98	0.98	0.98	0.84	0.98	0.96
