0	0.0	0.0	0.0	0.0	0.0	0.0	0.0	0.0	0.0	0.0	0.0	0.0	0.0	0.0	0.0	0.0
50	0.0	0.0	0.0	0.0	0.0	0.0	0.0	0.0	0.0	0.0	0.0	0.0	0.0	0.0	0.0	0.0
100	0.0714285714286	0.1	0.153846153846	0.153846153846	0.0	0.0909090909091	0.0	0.1	0.0	0.0	0.0	0.0	0.0	0.0	0.0	0.0
150	0.0526315789474	0.133333333333	0.2	0.176470588235	0.0	0.0952380952381	0.0	0.0555555555556	0.0357142857143	0.0	0.0	0.0	0.0434782608696	0.0	0.0588235294118	0.0
200	0.0384615384615	0.173913043478	0.16	0.181818181818	0.111111111111	0.0606060606061	0.0	0.037037037037	0.0344827586207	0.0	0.0	0.0714285714286	0.0384615384615	0.0322580645161	0.0714285714286	0.0555555555556
250	0.0285714285714	0.148148148148	0.1875	0.225806451613	0.142857142857	0.0909090909091	0.111111111111	0.0333333333333	0.0857142857143	0.0689655172414	0.037037037037	0.09375	0.0625	0.0526315789474	0.138888888889	0.208333333333
300	0.05	0.15625	0.189189189189	0.25	0.178571428571	0.1	0.125	0.0810810810811	0.139534883721	0.157894736842	0.142857142857	0.135135135135	0.0789473684211	0.0714285714286	0.159090909091	0.178571428571
350	0.0454545454545	0.138888888889	0.181818181818	0.261904761905	0.161290322581	0.14	0.121951219512	0.0833333333333	0.148936170213	0.155555555556	0.162790697674	0.177777777778	0.0681818181818	0.0681818181818	0.18	0.1875
400	0.0408163265306	0.125	0.2	0.24	0.225	0.12	0.130434782609	0.08	0.18	0.16	0.163265306122	0.16	0.12	0.0816326530612	0.22	0.2
450	0.04	0.136363636364	0.2	0.26	0.217391304348	0.16	0.14	0.1	0.22	0.24	0.22	0.24	0.16	0.16	0.3	0.234042553191
500	0.04	0.14	0.2	0.24	0.208333333333	0.24	0.16	0.16	0.3	0.3	0.24	0.26	0.28	0.24	0.32	0.24
550	0.02	0.18	0.22	0.22	0.22	0.24	0.2	0.16	0.36	0.28	0.26	0.3	0.34	0.26	0.32	0.28
600	0.06	0.22	0.2	0.2	0.24	0.28	0.24	0.24	0.36	0.3	0.3	0.34	0.36	0.3	0.34	0.32
650	0.08	0.2	0.24	0.22	0.28	0.28	0.24	0.24	0.38	0.3	0.26	0.28	0.38	0.34	0.36	0.26
700	0.1	0.28	0.22	0.22	0.24	0.28	0.24	0.28	0.38	0.36	0.24	0.4	0.4	0.36	0.36	0.3
750	0.12	0.28	0.22	0.2	0.26	0.32	0.22	0.3	0.38	0.4	0.26	0.38	0.4	0.38	0.42	0.34
800	0.12	0.34	0.28	0.22	0.3	0.32	0.22	0.28	0.4	0.42	0.24	0.42	0.38	0.34	0.42	0.34
850	0.14	0.32	0.26	0.24	0.34	0.34	0.26	0.34	0.4	0.44	0.32	0.46	0.38	0.28	0.4	0.38
900	0.18	0.36	0.3	0.26	0.38	0.36	0.3	0.36	0.38	0.54	0.34	0.42	0.3	0.3	0.42	0.36
950	0.2	0.38	0.3	0.34	0.42	0.34	0.28	0.34	0.34	0.54	0.34	0.42	0.26	0.24	0.4	0.36
1000	0.22	0.4	0.3	0.36	0.5	0.34	0.3	0.34	0.36	0.52	0.36	0.52	0.24	0.22	0.44	0.44
1050	0.22	0.3	0.3	0.34	0.56	0.38	0.26	0.34	0.38	0.6	0.5	0.44	0.22	0.18	0.48	0.48
1100	0.22	0.32	0.32	0.34	0.58	0.38	0.32	0.36	0.4	0.58	0.48	0.42	0.28	0.26	0.5	0.46
1150	0.3	0.36	0.34	0.3	0.58	0.36	0.36	0.32	0.42	0.56	0.5	0.46	0.34	0.3	0.48	0.44
1200	0.32	0.42	0.32	0.32	0.52	0.44	0.36	0.34	0.38	0.58	0.52	0.48	0.3	0.32	0.46	0.42
1250	0.38	0.4	0.32	0.36	0.5	0.4	0.34	0.36	0.42	0.54	0.5	0.46	0.32	0.36	0.48	0.42
1300	0.42	0.4	0.38	0.36	0.52	0.4	0.3	0.38	0.42	0.58	0.52	0.48	0.34	0.36	0.44	0.42
1350	0.44	0.42	0.4	0.4	0.48	0.4	0.32	0.38	0.44	0.62	0.56	0.48	0.34	0.38	0.46	0.46
1400	0.48	0.48	0.44	0.42	0.44	0.46	0.32	0.4	0.4	0.58	0.54	0.44	0.38	0.4	0.48	0.44
1450	0.46	0.52	0.48	0.44	0.46	0.48	0.22	0.42	0.38	0.58	0.5	0.42	0.4	0.42	0.48	0.38
1500	0.46	0.48	0.48	0.46	0.44	0.46	0.24	0.42	0.4	0.58	0.46	0.4	0.36	0.36	0.4	0.36
1550	0.44	0.4	0.46	0.48	0.46	0.44	0.22	0.48	0.42	0.6	0.46	0.4	0.36	0.3	0.42	0.32
1600	0.42	0.44	0.5	0.48	0.46	0.46	0.3	0.48	0.42	0.62	0.48	0.48	0.32	0.32	0.42	0.4
1650	0.38	0.42	0.48	0.48	0.4	0.46	0.28	0.5	0.42	0.64	0.48	0.44	0.36	0.32	0.4	0.38
1700	0.34	0.4	0.42	0.44	0.38	0.5	0.3	0.46	0.4	0.6	0.48	0.4	0.34	0.32	0.48	0.3
1750	0.38	0.42	0.44	0.42	0.34	0.5	0.26	0.52	0.4	0.64	0.5	0.38	0.32	0.32	0.46	0.28
1800	0.38	0.38	0.42	0.36	0.38	0.5	0.32	0.56	0.36	0.64	0.56	0.42	0.3	0.3	0.46	0.28
1850	0.34	0.42	0.46	0.38	0.36	0.46	0.36	0.58	0.38	0.62	0.52	0.4	0.3	0.3	0.4	0.26
1900	0.4	0.46	0.42	0.42	0.4	0.42	0.36	0.56	0.4	0.68	0.56	0.42	0.26	0.38	0.46	0.26
1950	0.4	0.44	0.44	0.46	0.42	0.48	0.34	0.58	0.36	0.64	0.56	0.44	0.26	0.4	0.5	0.3
2000	0.42	0.46	0.42	0.44	0.44	0.52	0.26	0.66	0.36	0.64	0.52	0.38	0.28	0.42	0.56	0.3
2050	0.42	0.5	0.4	0.44	0.48	0.5	0.36	0.6	0.4	0.64	0.5	0.38	0.28	0.46	0.58	0.28
2100	0.4	0.52	0.42	0.46	0.48	0.46	0.4	0.64	0.42	0.62	0.44	0.4	0.26	0.42	0.52	0.28
2150	0.46	0.48	0.38	0.48	0.46	0.44	0.44	0.62	0.5	0.6	0.38	0.34	0.28	0.42	0.48	0.32
2200	0.44	0.48	0.34	0.46	0.48	0.44	0.42	0.56	0.5	0.6	0.36	0.32	0.28	0.42	0.48	0.36
2250	0.48	0.42	0.38	0.48	0.46	0.46	0.4	0.56	0.5	0.58	0.32	0.28	0.3	0.52	0.48	0.42
2300	0.48	0.4	0.36	0.42	0.44	0.42	0.42	0.52	0.46	0.58	0.32	0.28	0.34	0.52	0.42	0.44
2350	0.46	0.42	0.36	0.38	0.42	0.34	0.42	0.48	0.46	0.58	0.34	0.28	0.34	0.48	0.32	0.42
2400	0.42	0.4	0.38	0.38	0.44	0.36	0.42	0.5	0.48	0.56	0.36	0.26	0.34	0.42	0.34	0.42
2450	0.4	0.32	0.32	0.34	0.4	0.36	0.44	0.46	0.46	0.54	0.4	0.3	0.32	0.36	0.32	0.44
2500	0.42	0.3	0.32	0.32	0.42	0.34	0.46	0.48	0.5	0.58	0.44	0.32	0.38	0.36	0.36	0.46
2550	0.42	0.32	0.32	0.3	0.42	0.32	0.44	0.5	0.44	0.56	0.54	0.4	0.4	0.36	0.36	0.44
2600	0.44	0.36	0.36	0.34	0.42	0.34	0.38	0.48	0.46	0.5	0.54	0.46	0.46	0.34	0.36	0.42
2650	0.44	0.38	0.38	0.38	0.48	0.32	0.34	0.44	0.44	0.48	0.52	0.46	0.46	0.32	0.36	0.4
2700	0.48	0.46	0.38	0.3	0.48	0.3	0.36	0.44	0.48	0.48	0.54	0.5	0.48	0.38	0.4	0.4
2750	0.46	0.5	0.4	0.4	0.52	0.32	0.34	0.44	0.52	0.52	0.58	0.58	0.48	0.38	0.4	0.42
2800	0.5	0.5	0.38	0.44	0.56	0.4	0.4	0.48	0.58	0.6	0.58	0.58	0.48	0.36	0.44	0.46
2850	0.56	0.54	0.32	0.5	0.56	0.46	0.44	0.5	0.6	0.6	0.62	0.56	0.48	0.38	0.46	0.48
2900	0.6	0.56	0.4	0.56	0.62	0.46	0.44	0.5	0.56	0.56	0.56	0.54	0.5	0.42	0.46	0.54
2950	0.6	0.52	0.32	0.52	0.62	0.52	0.44	0.52	0.52	0.62	0.62	0.58	0.46	0.46	0.48	0.54
3000	0.58	0.5	0.34	0.52	0.58	0.52	0.4	0.52	0.5	0.66	0.62	0.58	0.4	0.44	0.48	0.56
3050	0.62	0.52	0.32	0.52	0.48	0.5	0.4	0.52	0.48	0.66	0.62	0.56	0.4	0.56	0.5	0.52
3100	0.62	0.5	0.3	0.42	0.48	0.52	0.44	0.58	0.54	0.7	0.62	0.54	0.38	0.52	0.5	0.54
3150	0.58	0.48	0.28	0.38	0.5	0.56	0.42	0.66	0.48	0.7	0.6	0.52	0.4	0.52	0.5	0.46
3200	0.58	0.44	0.26	0.36	0.44	0.6	0.36	0.64	0.4	0.64	0.6	0.46	0.4	0.54	0.5	0.4
3250	0.56	0.42	0.3	0.36	0.38	0.62	0.3	0.64	0.38	0.6	0.6	0.46	0.42	0.5	0.44	0.36
3300	0.54	0.46	0.36	0.36	0.36	0.56	0.34	0.66	0.38	0.58	0.6	0.48	0.44	0.42	0.36	0.32
3350	0.58	0.44	0.38	0.32	0.36	0.54	0.4	0.64	0.42	0.6	0.56	0.44	0.48	0.34	0.38	0.36
3400	0.52	0.44	0.46	0.36	0.38	0.44	0.36	0.62	0.46	0.62	0.54	0.46	0.48	0.4	0.42	0.3
3450	0.52	0.48	0.44	0.4	0.44	0.5	0.38	0.62	0.44	0.62	0.52	0.48	0.48	0.38	0.38	0.36
3500	0.48	0.42	0.52	0.38	0.48	0.46	0.4	0.6	0.48	0.6	0.52	0.5	0.5	0.4	0.36	0.4
3550	0.44	0.42	0.54	0.4	0.52	0.5	0.38	0.62	0.48	0.56	0.5	0.54	0.54	0.4	0.38	0.46
3600	0.52	0.44	0.56	0.46	0.48	0.48	0.4	0.52	0.48	0.52	0.5	0.46	0.56	0.42	0.42	0.46
3650	0.48	0.48	0.5	0.48	0.52	0.46	0.44	0.5	0.5	0.5	0.52	0.48	0.56	0.42	0.44	0.52
3700	0.46	0.42	0.46	0.46	0.46	0.46	0.42	0.48	0.52	0.48	0.5	0.48	0.56	0.42	0.48	0.52
3750	0.42	0.42	0.44	0.48	0.52	0.54	0.4	0.52	0.56	0.44	0.4	0.44	0.52	0.46	0.5	0.54
3800	0.38	0.44	0.42	0.46	0.52	0.6	0.44	0.56	0.52	0.44	0.38	0.46	0.52	0.44	0.44	0.58
3850	0.42	0.4	0.44	0.44	0.56	0.56	0.44	0.5	0.54	0.42	0.4	0.44	0.54	0.44	0.46	0.58
3900	0.42	0.38	0.44	0.44	0.52	0.52	0.42	0.48	0.5	0.44	0.42	0.44	0.56	0.46	0.46	0.58
3950	0.4	0.4	0.48	0.46	0.54	0.52	0.4	0.52	0.48	0.42	0.38	0.48	0.54	0.42	0.44	0.56
4000	0.38	0.44	0.46	0.44	0.56	0.48	0.42	0.52	0.48	0.44	0.42	0.52	0.52	0.42	0.42	0.56
4050	0.38	0.48	0.46	0.48	0.62	0.46	0.42	0.52	0.52	0.5	0.44	0.54	0.52	0.42	0.42	0.52
4100	0.44	0.46	0.44	0.48	0.64	0.42	0.34	0.46	0.42	0.48	0.48	0.52	0.54	0.48	0.44	0.52
4150	0.46	0.46	0.46	0.54	0.64	0.38	0.3	0.36	0.4	0.46	0.5	0.54	0.54	0.5	0.46	0.52
4200	0.5	0.5	0.5	0.56	0.64	0.4	0.3	0.42	0.42	0.46	0.54	0.56	0.56	0.56	0.48	0.52
4250	0.48	0.46	0.46	0.54	0.58	0.44	0.26	0.4	0.34	0.42	0.5	0.54	0.52	0.5	0.44	0.5
4300	0.5	0.44	0.4	0.52	0.62	0.48	0.32	0.46	0.36	0.42	0.52	0.54	0.44	0.52	0.52	0.5
4350	0.46	0.42	0.42	0.5	0.62	0.48	0.32	0.4	0.4	0.48	0.5	0.5	0.48	0.5	0.52	0.5
4400	0.48	0.38	0.4	0.52	0.54	0.5	0.28	0.44	0.4	0.46	0.54	0.48	0.5	0.48	0.5	0.5
4450	0.52	0.44	0.4	0.54	0.54	0.48	0.32	0.44	0.36	0.44	0.5	0.48	0.5	0.48	0.52	0.48
4500	0.46	0.42	0.46	0.52	0.56	0.44	0.38	0.52	0.34	0.46	0.54	0.5	0.5	0.44	0.5	0.5
4550	0.5	0.42	0.5	0.56	0.54	0.44	0.38	0.5	0.32	0.48	0.54	0.56	0.48	0.44	0.52	0.5
4600	0.5	0.42	0.5	0.6	0.54	0.44	0.36	0.52	0.3	0.5	0.56	0.58	0.48	0.48	0.5	0.5
4650	0.52	0.4	0.52	0.7	0.58	0.52	0.4	0.56	0.3	0.58	0.6	0.6	0.46	0.52	0.5	0.5
4700	0.5	0.4	0.54	0.7	0.6	0.52	0.38	0.52	0.3	0.56	0.56	0.64	0.48	0.54	0.54	0.58
4750	0.5	0.48	0.54	0.7	0.62	0.56	0.4	0.54	0.28	0.56	0.58	0.66	0.54	0.56	0.56	0.58
4800	0.52	0.5	0.56	0.72	0.58	0.58	0.4	0.56	0.24	0.52	0.58	0.66	0.58	0.56	0.58	0.56
4850	0.46	0.5	0.54	0.68	0.58	0.58	0.38	0.58	0.3	0.52	0.6	0.64	0.56	0.52	0.54	0.46
4900	0.48	0.52	0.48	0.64	0.56	0.62	0.4	0.58	0.34	0.48	0.56	0.64	0.6	0.56	0.58	0.44
4950	0.52	0.48	0.44	0.62	0.62	0.6	0.42	0.56	0.36	0.52	0.58	0.62	0.62	0.6	0.62	0.44
5000	0.52	0.5	0.4	0.56	0.62	0.62	0.38	0.58	0.36	0.54	0.56	0.62	0.66	0.6	0.58	0.46
5050	0.5	0.5	0.36	0.52	0.58	0.58	0.36	0.52	0.42	0.5	0.56	0.6	0.66	0.6	0.6	0.34
5100	0.52	0.48	0.34	0.46	0.52	0.56	0.36	0.54	0.46	0.54	0.56	0.62	0.7	0.62	0.58	0.34
5150	0.52	0.48	0.36	0.46	0.54	0.56	0.38	0.54	0.56	0.56	0.58	0.6	0.68	0.66	0.54	0.4
5200	0.56	0.52	0.38	0.48	0.54	0.54	0.38	0.5	0.54	0.6	0.6	0.56	0.66	0.64	0.48	0.42
5250	0.58	0.54	0.36	0.4	0.54	0.52	0.42	0.52	0.52	0.52	0.58	0.52	0.64	0.64	0.52	0.4
5300	0.56	0.48	0.36	0.42	0.54	0.48	0.38	0.48	0.5	0.5	0.58	0.5	0.6	0.64	0.48	0.42
5350	0.58	0.5	0.38	0.4	0.48	0.48	0.36	0.48	0.5	0.44	0.56	0.46	0.6	0.58	0.42	0.36
5400	0.56	0.48	0.4	0.42	0.52	0.48	0.38	0.48	0.46	0.44	0.52	0.36	0.52	0.48	0.44	0.38
5450	0.52	0.5	0.42	0.48	0.56	0.46	0.34	0.44	0.42	0.38	0.48	0.36	0.52	0.48	0.38	0.36
5500	0.48	0.46	0.42	0.48	0.58	0.44	0.26	0.44	0.42	0.42	0.46	0.3	0.54	0.5	0.38	0.34
5550	0.52	0.44	0.48	0.5	0.56	0.48	0.18	0.44	0.36	0.4	0.48	0.26	0.5	0.52	0.42	0.26
5600	0.46	0.4	0.46	0.48	0.52	0.46	0.24	0.44	0.36	0.4	0.46	0.24	0.46	0.46	0.44	0.26
5650	0.48	0.42	0.42	0.5	0.52	0.48	0.3	0.44	0.44	0.44	0.46	0.34	0.44	0.46	0.44	0.3
5700	0.44	0.48	0.48	0.48	0.52	0.5	0.26	0.46	0.4	0.5	0.46	0.36	0.44	0.54	0.54	0.28
5750	0.44	0.44	0.5	0.46	0.54	0.5	0.28	0.5	0.4	0.52	0.4	0.36	0.46	0.52	0.54	0.32
5800	0.38	0.44	0.46	0.46	0.5	0.52	0.36	0.54	0.36	0.52	0.34	0.36	0.42	0.58	0.56	0.32
5850	0.4	0.46	0.52	0.46	0.44	0.56	0.34	0.52	0.32	0.52	0.38	0.42	0.38	0.52	0.6	0.34
5900	0.4	0.48	0.48	0.46	0.44	0.52	0.34	0.54	0.36	0.52	0.38	0.46	0.42	0.5	0.54	0.36
5950	0.42	0.52	0.54	0.52	0.44	0.56	0.34	0.52	0.38	0.48	0.46	0.52	0.48	0.56	0.58	0.38
6000	0.48	0.54	0.58	0.52	0.46	0.54	0.3	0.48	0.36	0.46	0.44	0.54	0.52	0.56	0.44	0.42
6050	0.5	0.58	0.56	0.58	0.44	0.56	0.34	0.5	0.36	0.44	0.46	0.6	0.52	0.58	0.46	0.4
6100	0.52	0.56	0.58	0.56	0.46	0.58	0.34	0.52	0.4	0.44	0.46	0.6	0.48	0.56	0.48	0.42
6150	0.5	0.54	0.58	0.6	0.44	0.56	0.34	0.54	0.4	0.44	0.48	0.62	0.44	0.52	0.48	0.46
6200	0.48	0.54	0.58	0.58	0.44	0.56	0.36	0.54	0.44	0.44	0.54	0.6	0.46	0.54	0.44	0.42
6250	0.5	0.54	0.6	0.52	0.48	0.5	0.3	0.46	0.48	0.46	0.56	0.62	0.52	0.56	0.48	0.46
6300	0.48	0.52	0.54	0.5	0.46	0.54	0.34	0.58	0.44	0.48	0.56	0.62	0.46	0.54	0.48	0.4
6350	0.5	0.52	0.54	0.48	0.46	0.54	0.36	0.56	0.46	0.48	0.6	0.62	0.46	0.54	0.52	0.42
6400	0.5	0.44	0.52	0.48	0.46	0.54	0.38	0.54	0.46	0.46	0.6	0.58	0.44	0.54	0.46	0.46
6450	0.4	0.38	0.56	0.48	0.48	0.54	0.38	0.56	0.46	0.48	0.58	0.5	0.42	0.52	0.48	0.5
6500	0.4	0.4	0.54	0.5	0.48	0.54	0.4	0.56	0.48	0.5	0.56	0.46	0.56	0.54	0.52	0.52
6550	0.36	0.4	0.58	0.5	0.52	0.5	0.4	0.54	0.52	0.5	0.56	0.48	0.62	0.56	0.5	0.52
6600	0.38	0.4	0.62	0.54	0.54	0.52	0.44	0.58	0.52	0.48	0.54	0.46	0.58	0.52	0.44	0.54
6650	0.38	0.34	0.6	0.54	0.54	0.5	0.42	0.52	0.52	0.52	0.58	0.48	0.6	0.5	0.42	0.52
6700	0.4	0.34	0.62	0.54	0.54	0.56	0.46	0.52	0.52	0.58	0.54	0.44	0.62	0.52	0.46	0.48
6750	0.36	0.36	0.58	0.6	0.54	0.48	0.42	0.48	0.5	0.52	0.54	0.44	0.54	0.48	0.44	0.5
6800	0.36	0.36	0.56	0.58	0.54	0.48	0.4	0.5	0.5	0.54	0.54	0.46	0.54	0.46	0.4	0.5
6850	0.38	0.34	0.52	0.62	0.54	0.42	0.4	0.42	0.52	0.58	0.52	0.48	0.58	0.46	0.38	0.5
6900	0.4	0.32	0.5	0.62	0.56	0.44	0.34	0.36	0.48	0.58	0.48	0.46	0.56	0.42	0.38	0.48
6950	0.42	0.38	0.48	0.64	0.52	0.46	0.36	0.36	0.48	0.58	0.52	0.46	0.48	0.44	0.42	0.44
7000	0.5	0.46	0.46	0.6	0.5	0.46	0.32	0.34	0.48	0.54	0.56	0.48	0.5	0.46	0.38	0.44
7050	0.44	0.44	0.42	0.58	0.48	0.44	0.36	0.36	0.44	0.56	0.52	0.52	0.5	0.46	0.36	0.44
7100	0.44	0.46	0.46	0.5	0.44	0.44	0.32	0.34	0.4	0.54	0.52	0.48	0.5	0.5	0.42	0.44
7150	0.46	0.52	0.46	0.5	0.46	0.48	0.32	0.36	0.42	0.5	0.52	0.48	0.5	0.5	0.42	0.46
7200	0.48	0.5	0.44	0.46	0.42	0.44	0.36	0.38	0.44	0.56	0.5	0.5	0.58	0.56	0.44	0.5
7250	0.44	0.5	0.44	0.44	0.4	0.46	0.34	0.4	0.48	0.58	0.5	0.52	0.56	0.54	0.44	0.52
7300	0.48	0.54	0.4	0.36	0.36	0.46	0.42	0.44	0.5	0.6	0.5	0.52	0.54	0.56	0.4	0.48
7350	0.54	0.6	0.36	0.3	0.44	0.4	0.44	0.46	0.46	0.58	0.54	0.56	0.5	0.62	0.44	0.52
7400	0.5	0.56	0.4	0.32	0.52	0.38	0.4	0.42	0.46	0.6	0.5	0.52	0.56	0.62	0.44	0.52
7450	0.52	0.56	0.4	0.32	0.5	0.38	0.36	0.38	0.48	0.62	0.54	0.5	0.58	0.62	0.48	0.48
7500	0.5	0.56	0.4	0.36	0.48	0.4	0.34	0.4	0.46	0.6	0.54	0.5	0.54	0.58	0.42	0.44
7550	0.5	0.56	0.46	0.34	0.48	0.38	0.36	0.4	0.42	0.56	0.54	0.54	0.54	0.58	0.4	0.42
7600	0.56	0.52	0.48	0.34	0.48	0.3	0.36	0.42	0.42	0.6	0.56	0.48	0.5	0.58	0.38	0.42
7650	0.58	0.54	0.48	0.36	0.56	0.3	0.38	0.4	0.44	0.58	0.58	0.5	0.5	0.56	0.4	0.44
7700	0.58	0.52	0.48	0.36	0.58	0.32	0.38	0.4	0.46	0.56	0.54	0.36	0.54	0.58	0.48	0.42
7750	0.5	0.46	0.58	0.4	0.52	0.34	0.42	0.38	0.44	0.56	0.48	0.3	0.56	0.56	0.46	0.32
7800	0.52	0.46	0.6	0.42	0.54	0.32	0.36	0.38	0.46	0.54	0.46	0.32	0.54	0.56	0.42	0.3
7850	0.52	0.44	0.58	0.46	0.52	0.3	0.34	0.4	0.52	0.54	0.42	0.26	0.56	0.56	0.42	0.34
7900	0.46	0.42	0.56	0.44	0.52	0.36	0.34	0.46	0.58	0.62	0.4	0.3	0.6	0.54	0.44	0.38
7950	0.5	0.4	0.56	0.54	0.52	0.46	0.38	0.52	0.56	0.62	0.42	0.32	0.6	0.6	0.48	0.4
8000	0.48	0.38	0.6	0.58	0.6	0.54	0.42	0.6	0.6	0.62	0.42	0.34	0.56	0.52	0.54	0.4
8050	0.46	0.42	0.64	0.6	0.58	0.54	0.4	0.64	0.6	0.6	0.38	0.38	0.56	0.52	0.5	0.34
8100	0.46	0.44	0.66	0.6	0.56	0.54	0.42	0.64	0.62	0.68	0.4	0.42	0.54	0.5	0.46	0.38
8150	0.48	0.44	0.6	0.6	0.54	0.52	0.4	0.64	0.6	0.66	0.42	0.44	0.52	0.52	0.46	0.4
8200	0.52	0.4	0.6	0.64	0.52	0.6	0.4	0.7	0.54	0.62	0.44	0.48	0.5	0.56	0.5	0.52
8250	0.52	0.44	0.6	0.68	0.54	0.6	0.4	0.66	0.54	0.6	0.46	0.54	0.5	0.58	0.5	0.54
8300	0.6	0.44	0.64	0.7	0.54	0.62	0.38	0.58	0.54	0.58	0.5	0.54	0.56	0.58	0.5	0.5
8350	0.62	0.48	0.64	0.74	0.52	0.58	0.38	0.54	0.58	0.6	0.54	0.54	0.62	0.66	0.46	0.5
8400	0.64	0.48	0.6	0.68	0.52	0.46	0.34	0.5	0.56	0.66	0.56	0.52	0.64	0.64	0.44	0.52
8450	0.62	0.48	0.62	0.68	0.54	0.48	0.34	0.46	0.54	0.64	0.54	0.54	0.64	0.66	0.44	0.54
8500	0.6	0.48	0.6	0.66	0.54	0.42	0.32	0.42	0.54	0.6	0.54	0.56	0.68	0.7	0.54	0.5
8550	0.64	0.52	0.64	0.66	0.58	0.36	0.34	0.4	0.56	0.6	0.54	0.6	0.66	0.68	0.5	0.52
8600	0.66	0.56	0.62	0.62	0.6	0.34	0.36	0.4	0.54	0.62	0.58	0.58	0.66	0.66	0.46	0.44
8650	0.62	0.58	0.6	0.48	0.5	0.36	0.4	0.44	0.58	0.6	0.56	0.58	0.68	0.66	0.46	0.46
8700	0.56	0.6	0.6	0.48	0.52	0.38	0.46	0.5	0.54	0.58	0.56	0.56	0.66	0.62	0.5	0.46
8750	0.54	0.62	0.54	0.44	0.5	0.34	0.42	0.44	0.56	0.56	0.48	0.64	0.64	0.62	0.44	0.54
8800	0.5	0.58	0.5	0.44	0.5	0.36	0.48	0.46	0.48	0.52	0.5	0.62	0.62	0.58	0.42	0.6
8850	0.5	0.54	0.54	0.5	0.54	0.4	0.46	0.5	0.52	0.5	0.52	0.6	0.62	0.54	0.38	0.6
8900	0.52	0.44	0.52	0.48	0.5	0.38	0.48	0.48	0.58	0.52	0.54	0.6	0.6	0.48	0.38	0.6
8950	0.46	0.44	0.5	0.44	0.54	0.42	0.48	0.52	0.58	0.56	0.52	0.54	0.56	0.48	0.38	0.62
9000	0.4	0.42	0.5	0.52	0.6	0.46	0.5	0.54	0.62	0.6	0.52	0.54	0.58	0.42	0.4	0.62
9050	0.38	0.42	0.52	0.52	0.58	0.5	0.48	0.54	0.56	0.62	0.54	0.56	0.64	0.44	0.38	0.7
9100	0.44	0.42	0.5	0.5	0.62	0.48	0.46	0.54	0.62	0.7	0.58	0.52	0.6	0.5	0.46	0.68
9150	0.5	0.42	0.5	0.48	0.58	0.5	0.46	0.6	0.62	0.68	0.56	0.52	0.64	0.52	0.5	0.66
9200	0.52	0.4	0.5	0.5	0.58	0.5	0.44	0.54	0.68	0.7	0.64	0.54	0.7	0.58	0.52	0.62
9250	0.48	0.44	0.5	0.46	0.56	0.48	0.48	0.56	0.6	0.6	0.6	0.54	0.66	0.54	0.46	0.58
9300	0.52	0.48	0.52	0.44	0.52	0.48	0.5	0.56	0.58	0.6	0.58	0.5	0.62	0.56	0.46	0.52
9350	0.52	0.48	0.52	0.42	0.48	0.46	0.48	0.48	0.58	0.6	0.58	0.52	0.66	0.6	0.52	0.54
9400	0.48	0.42	0.5	0.42	0.5	0.46	0.5	0.52	0.6	0.64	0.56	0.56	0.64	0.6	0.5	0.48
9450	0.52	0.4	0.48	0.42	0.44	0.42	0.48	0.46	0.6	0.58	0.54	0.56	0.6	0.6	0.44	0.48
9500	0.5	0.38	0.48	0.42	0.4	0.46	0.52	0.5	0.56	0.54	0.48	0.54	0.6	0.58	0.46	0.5
9550	0.46	0.36	0.48	0.38	0.36	0.44	0.48	0.5	0.52	0.6	0.48	0.52	0.48	0.52	0.5	0.48
9600	0.4	0.38	0.5	0.46	0.42	0.42	0.48	0.44	0.56	0.62	0.44	0.46	0.54	0.52	0.52	0.48
9650	0.38	0.4	0.48	0.48	0.42	0.48	0.46	0.48	0.58	0.66	0.42	0.44	0.56	0.54	0.52	0.54
9700	0.4	0.38	0.44	0.48	0.42	0.52	0.46	0.46	0.54	0.64	0.44	0.46	0.54	0.58	0.54	0.54
9750	0.46	0.44	0.44	0.4	0.4	0.5	0.42	0.48	0.48	0.6	0.46	0.48	0.54	0.58	0.5	0.56
9800	0.52	0.46	0.44	0.34	0.42	0.44	0.4	0.46	0.5	0.6	0.5	0.52	0.54	0.6	0.48	0.52
9850	0.5	0.5	0.42	0.36	0.46	0.46	0.36	0.5	0.48	0.58	0.5	0.5	0.56	0.6	0.54	0.5
9900	0.56	0.56	0.48	0.34	0.48	0.48	0.38	0.5	0.5	0.64	0.54	0.48	0.6	0.68	0.56	0.52
9950	0.6	0.62	0.5	0.42	0.52	0.5	0.32	0.5	0.46	0.66	0.5	0.5	0.62	0.7	0.5	0.52
10000	0.6	0.56	0.5	0.42	0.52	0.46	0.36	0.52	0.48	0.66	0.58	0.52	0.6	0.7	0.52	0.52
10050	0.54	0.6	0.54	0.44	0.52	0.44	0.32	0.54	0.42	0.64	0.56	0.52	0.6	0.7	0.56	0.5
10100	0.56	0.56	0.58	0.46	0.52	0.5	0.36	0.58	0.46	0.64	0.56	0.5	0.6	0.66	0.56	0.48
10150	0.56	0.58	0.6	0.44	0.52	0.54	0.36	0.6	0.52	0.7	0.54	0.46	0.66	0.66	0.58	0.48
10200	0.54	0.56	0.58	0.48	0.52	0.58	0.5	0.6	0.56	0.72	0.58	0.42	0.62	0.68	0.6	0.48
10250	0.54	0.58	0.56	0.5	0.52	0.56	0.48	0.54	0.62	0.7	0.56	0.42	0.56	0.62	0.6	0.46
10300	0.5	0.52	0.56	0.52	0.52	0.56	0.48	0.52	0.64	0.68	0.54	0.4	0.58	0.6	0.58	0.46
10350	0.52	0.52	0.6	0.54	0.52	0.56	0.48	0.52	0.66	0.68	0.5	0.4	0.58	0.52	0.54	0.44
10400	0.48	0.52	0.56	0.54	0.5	0.56	0.56	0.58	0.66	0.7	0.52	0.38	0.54	0.5	0.58	0.48
10450	0.5	0.54	0.56	0.52	0.48	0.58	0.52	0.5	0.68	0.64	0.54	0.4	0.54	0.48	0.56	0.48
10500	0.54	0.58	0.54	0.5	0.52	0.56	0.5	0.48	0.6	0.58	0.56	0.4	0.5	0.48	0.56	0.44
10550	0.58	0.56	0.62	0.52	0.56	0.54	0.52	0.48	0.58	0.6	0.62	0.46	0.56	0.52	0.58	0.52
10600	0.54	0.54	0.58	0.5	0.56	0.48	0.56	0.5	0.62	0.6	0.6	0.5	0.56	0.54	0.56	0.6
10650	0.5	0.54	0.58	0.5	0.6	0.48	0.6	0.54	0.56	0.62	0.6	0.48	0.54	0.56	0.6	0.6
10700	0.48	0.56	0.58	0.52	0.66	0.52	0.58	0.54	0.52	0.62	0.58	0.56	0.58	0.58	0.6	0.66
10750	0.42	0.58	0.54	0.54	0.66	0.54	0.58	0.58	0.5	0.58	0.58	0.54	0.56	0.58	0.62	0.64
10800	0.44	0.56	0.56	0.48	0.66	0.52	0.56	0.64	0.5	0.62	0.62	0.6	0.58	0.62	0.58	0.66
10850	0.44	0.54	0.56	0.46	0.62	0.54	0.68	0.66	0.6	0.64	0.62	0.6	0.6	0.64	0.62	0.6
10900	0.4	0.58	0.62	0.44	0.62	0.5	0.66	0.68	0.58	0.7	0.58	0.6	0.64	0.64	0.62	0.62
10950	0.42	0.54	0.62	0.48	0.56	0.5	0.62	0.72	0.58	0.74	0.58	0.64	0.64	0.62	0.58	0.62
11000	0.42	0.52	0.6	0.54	0.56	0.52	0.6	0.66	0.58	0.7	0.58	0.62	0.6	0.62	0.6	0.58
11050	0.44	0.52	0.7	0.58	0.56	0.54	0.62	0.68	0.62	0.72	0.64	0.64	0.66	0.64	0.54	0.56
11100	0.5	0.52	0.68	0.58	0.58	0.56	0.64	0.72	0.6	0.7	0.68	0.64	0.68	0.64	0.56	0.56
11150	0.5	0.52	0.62	0.62	0.58	0.54	0.66	0.66	0.6	0.7	0.66	0.64	0.72	0.66	0.56	0.56
11200	0.56	0.5	0.64	0.64	0.56	0.54	0.64	0.66	0.62	0.7	0.72	0.68	0.7	0.66	0.56	0.58
11250	0.54	0.5	0.68	0.72	0.64	0.56	0.66	0.7	0.62	0.66	0.66	0.72	0.72	0.68	0.58	0.58
11300	0.54	0.5	0.66	0.72	0.66	0.58	0.58	0.64	0.64	0.66	0.66	0.72	0.64	0.62	0.58	0.6
11350	0.58	0.5	0.64	0.72	0.64	0.62	0.62	0.62	0.7	0.7	0.72	0.72	0.68	0.6	0.56	0.56
11400	0.62	0.52	0.64	0.74	0.68	0.68	0.6	0.64	0.68	0.62	0.7	0.72	0.68	0.58	0.58	0.56
11450	0.64	0.52	0.6	0.72	0.7	0.68	0.6	0.64	0.66	0.64	0.74	0.74	0.68	0.56	0.6	0.66
11500	0.64	0.48	0.5	0.64	0.7	0.64	0.64	0.64	0.68	0.66	0.7	0.66	0.66	0.58	0.58	0.64
11550	0.66	0.54	0.56	0.68	0.74	0.68	0.64	0.66	0.66	0.66	0.68	0.6	0.62	0.56	0.6	0.64
11600	0.66	0.56	0.58	0.68	0.68	0.68	0.66	0.64	0.58	0.6	0.7	0.62	0.56	0.54	0.6	0.66
11650	0.62	0.6	0.58	0.68	0.7	0.7	0.7	0.62	0.64	0.62	0.68	0.62	0.6	0.56	0.56	0.7
11700	0.64	0.56	0.58	0.68	0.68	0.72	0.66	0.62	0.64	0.64	0.66	0.62	0.62	0.58	0.6	0.72
11750	0.6	0.54	0.58	0.66	0.66	0.68	0.7	0.66	0.64	0.66	0.56	0.56	0.58	0.58	0.6	0.72
11800	0.6	0.54	0.6	0.64	0.68	0.66	0.66	0.62	0.66	0.64	0.6	0.52	0.6	0.64	0.6	0.74
11850	0.58	0.54	0.6	0.66	0.66	0.68	0.64	0.6	0.62	0.7	0.58	0.5	0.6	0.64	0.62	0.72
11900	0.58	0.58	0.64	0.66	0.64	0.68	0.6	0.58	0.64	0.74	0.58	0.52	0.64	0.68	0.68	0.68
11950	0.6	0.62	0.66	0.7	0.66	0.66	0.6	0.58	0.68	0.74	0.6	0.54	0.66	0.72	0.7	0.64
12000	0.64	0.6	0.68	0.72	0.64	0.66	0.62	0.6	0.7	0.72	0.64	0.52	0.74	0.72	0.68	0.66
12050	0.62	0.62	0.72	0.66	0.62	0.64	0.6	0.58	0.64	0.7	0.66	0.48	0.76	0.7	0.72	0.64
12100	0.62	0.62	0.7	0.68	0.64	0.64	0.58	0.58	0.66	0.7	0.62	0.46	0.74	0.72	0.74	0.58
12150	0.66	0.68	0.7	0.62	0.66	0.62	0.56	0.6	0.66	0.72	0.68	0.44	0.72	0.64	0.74	0.54
12200	0.7	0.74	0.68	0.66	0.66	0.6	0.6	0.52	0.72	0.7	0.68	0.48	0.7	0.64	0.7	0.48
12250	0.7	0.78	0.72	0.62	0.66	0.6	0.64	0.52	0.72	0.7	0.7	0.54	0.7	0.66	0.74	0.54
12300	0.7	0.78	0.7	0.58	0.64	0.58	0.6	0.6	0.76	0.74	0.78	0.6	0.72	0.64	0.72	0.58
12350	0.7	0.76	0.7	0.58	0.62	0.6	0.66	0.64	0.76	0.78	0.78	0.6	0.7	0.66	0.68	0.56
12400	0.74	0.72	0.64	0.54	0.64	0.64	0.64	0.66	0.74	0.78	0.74	0.58	0.7	0.66	0.72	0.56
12450	0.7	0.72	0.64	0.56	0.62	0.64	0.58	0.68	0.72	0.8	0.72	0.6	0.64	0.68	0.72	0.6
12500	0.72	0.7	0.62	0.56	0.64	0.72	0.6	0.74	0.68	0.82	0.72	0.64	0.64	0.72	0.7	0.68
12550	0.68	0.64	0.64	0.56	0.66	0.74	0.62	0.74	0.66	0.84	0.74	0.62	0.62	0.72	0.72	0.74
12600	0.66	0.64	0.6	0.52	0.66	0.76	0.58	0.76	0.62	0.82	0.7	0.66	0.66	0.76	0.74	0.78
12650	0.66	0.62	0.6	0.52	0.72	0.76	0.6	0.74	0.62	0.8	0.62	0.64	0.68	0.82	0.74	0.8
12700	0.62	0.6	0.6	0.56	0.7	0.78	0.56	0.72	0.58	0.74	0.56	0.6	0.72	0.8	0.78	0.76
12750	0.62	0.64	0.56	0.6	0.74	0.78	0.6	0.68	0.62	0.74	0.6	0.66	0.68	0.76	0.8	0.76
12800	0.66	0.68	0.52	0.6	0.76	0.8	0.64	0.66	0.64	0.74	0.62	0.7	0.66	0.78	0.8	0.7
12850	0.7	0.7	0.56	0.64	0.76	0.72	0.64	0.68	0.68	0.74	0.64	0.7	0.64	0.72	0.8	0.7
12900	0.7	0.7	0.62	0.66	0.76	0.7	0.68	0.72	0.76	0.74	0.66	0.72	0.7	0.78	0.78	0.7
12950	0.76	0.72	0.62	0.64	0.78	0.68	0.72	0.72	0.78	0.76	0.68	0.72	0.72	0.78	0.74	0.68
13000	0.8	0.68	0.62	0.64	0.7	0.62	0.74	0.68	0.8	0.72	0.76	0.7	0.72	0.76	0.72	0.68
13050	0.82	0.68	0.62	0.68	0.7	0.64	0.74	0.7	0.8	0.74	0.82	0.74	0.72	0.78	0.74	0.7
13100	0.84	0.7	0.64	0.64	0.72	0.68	0.78	0.7	0.8	0.72	0.84	0.72	0.76	0.78	0.68	0.68
13150	0.86	0.72	0.66	0.62	0.72	0.66	0.76	0.7	0.74	0.74	0.88	0.74	0.74	0.74	0.7	0.7
13200	0.88	0.72	0.7	0.6	0.7	0.64	0.76	0.72	0.72	0.74	0.9	0.72	0.74	0.74	0.6	0.7
13250	0.86	0.72	0.72	0.64	0.7	0.7	0.72	0.7	0.7	0.74	0.88	0.72	0.72	0.78	0.64	0.72
13300	0.82	0.72	0.7	0.66	0.7	0.74	0.64	0.66	0.6	0.72	0.84	0.68	0.72	0.8	0.68	0.72
13350	0.78	0.74	0.7	0.7	0.7	0.78	0.64	0.68	0.58	0.74	0.82	0.7	0.7	0.82	0.72	0.74
13400	0.72	0.7	0.72	0.7	0.64	0.78	0.68	0.7	0.66	0.74	0.78	0.72	0.7	0.74	0.64	0.8
13450	0.68	0.7	0.7	0.7	0.66	0.78	0.7	0.72	0.66	0.76	0.8	0.76	0.74	0.74	0.64	0.84
13500	0.72	0.74	0.7	0.7	0.68	0.76	0.7	0.78	0.66	0.78	0.74	0.8	0.78	0.78	0.66	0.82
13550	0.7	0.72	0.68	0.64	0.62	0.78	0.68	0.78	0.68	0.82	0.72	0.82	0.8	0.78	0.64	0.86
13600	0.7	0.74	0.66	0.6	0.58	0.8	0.68	0.76	0.68	0.76	0.72	0.82	0.78	0.78	0.68	0.9
13650	0.76	0.72	0.66	0.6	0.58	0.76	0.74	0.76	0.76	0.8	0.76	0.82	0.76	0.78	0.64	0.92
13700	0.8	0.7	0.68	0.58	0.58	0.72	0.74	0.76	0.84	0.78	0.74	0.84	0.78	0.78	0.62	0.9
13750	0.84	0.68	0.66	0.58	0.58	0.68	0.78	0.78	0.86	0.8	0.74	0.82	0.78	0.8	0.68	0.86
13800	0.84	0.72	0.66	0.6	0.54	0.72	0.78	0.78	0.82	0.8	0.76	0.8	0.76	0.8	0.68	0.84
13850	0.86	0.74	0.66	0.6	0.54	0.74	0.76	0.78	0.82	0.84	0.76	0.78	0.76	0.8	0.68	0.82
13900	0.88	0.76	0.7	0.58	0.58	0.72	0.72	0.78	0.78	0.86	0.8	0.78	0.74	0.78	0.66	0.82
13950	0.84	0.78	0.72	0.58	0.66	0.7	0.74	0.78	0.78	0.9	0.8	0.8	0.7	0.76	0.7	0.82
14000	0.76	0.74	0.74	0.66	0.66	0.72	0.72	0.8	0.78	0.9	0.8	0.78	0.72	0.7	0.72	0.76
14050	0.76	0.72	0.74	0.68	0.62	0.78	0.72	0.84	0.78	0.94	0.8	0.76	0.7	0.68	0.72	0.74
14100	0.72	0.78	0.76	0.72	0.62	0.78	0.74	0.82	0.72	0.9	0.78	0.78	0.68	0.68	0.72	0.72
14150	0.72	0.78	0.78	0.7	0.66	0.74	0.78	0.82	0.72	0.9	0.74	0.74	0.7	0.7	0.72	0.72
14200	0.74	0.76	0.78	0.74	0.7	0.7	0.76	0.82	0.72	0.9	0.76	0.74	0.74	0.68	0.68	0.7
14250	0.7	0.78	0.78	0.76	0.7	0.66	0.72	0.72	0.72	0.86	0.74	0.76	0.72	0.72	0.68	0.64
14300	0.68	0.76	0.76	0.78	0.76	0.66	0.7	0.66	0.8	0.84	0.7	0.76	0.74	0.72	0.74	0.66
14350	0.68	0.76	0.78	0.72	0.68	0.62	0.66	0.62	0.76	0.78	0.72	0.78	0.72	0.72	0.68	0.68
14400	0.72	0.8	0.76	0.7	0.76	0.62	0.66	0.6	0.78	0.76	0.72	0.8	0.74	0.72	0.66	0.74
14450	0.76	0.82	0.76	0.7	0.74	0.62	0.66	0.56	0.78	0.72	0.7	0.74	0.74	0.76	0.68	0.7
14500	0.76	0.78	0.76	0.7	0.74	0.64	0.68	0.58	0.8	0.74	0.74	0.8	0.74	0.78	0.68	0.74
14550	0.72	0.82	0.76	0.7	0.72	0.68	0.66	0.54	0.76	0.68	0.74	0.8	0.72	0.76	0.7	0.72
14600	0.72	0.8	0.76	0.68	0.66	0.68	0.68	0.56	0.78	0.72	0.74	0.76	0.76	0.78	0.74	0.74
14650	0.72	0.8	0.78	0.68	0.72	0.72	0.72	0.56	0.74	0.7	0.74	0.74	0.74	0.74	0.76	0.74
14700	0.7	0.84	0.8	0.68	0.68	0.74	0.7	0.6	0.72	0.7	0.66	0.72	0.76	0.76	0.82	0.68
14750	0.7	0.8	0.8	0.74	0.68	0.78	0.74	0.72	0.76	0.72	0.66	0.66	0.78	0.78	0.86	0.7
14800	0.74	0.8	0.82	0.76	0.68	0.8	0.7	0.74	0.72	0.72	0.68	0.68	0.82	0.8	0.88	0.66
14850	0.7	0.8	0.88	0.76	0.72	0.82	0.72	0.76	0.7	0.74	0.66	0.68	0.86	0.82	0.86	0.68
14900	0.7	0.84	0.86	0.78	0.74	0.86	0.66	0.78	0.7	0.74	0.66	0.68	0.84	0.8	0.86	0.64
14950	0.72	0.84	0.9	0.8	0.72	0.86	0.66	0.82	0.7	0.8	0.7	0.68	0.9	0.82	0.82	0.68
15000	0.72	0.84	0.9	0.82	0.76	0.84	0.68	0.88	0.72	0.8	0.72	0.7	0.88	0.8	0.84	0.66
15050	0.7	0.84	0.9	0.82	0.82	0.84	0.68	0.84	0.68	0.82	0.8	0.72	0.86	0.82	0.84	0.72
15100	0.7	0.82	0.9	0.82	0.8	0.8	0.74	0.84	0.68	0.84	0.8	0.72	0.84	0.84	0.84	0.74
15150	0.7	0.8	0.88	0.82	0.84	0.8	0.74	0.82	0.72	0.86	0.82	0.72	0.86	0.86	0.82	0.76
15200	0.66	0.8	0.86	0.84	0.86	0.78	0.78	0.78	0.74	0.82	0.84	0.72	0.82	0.8	0.82	0.78
15250	0.62	0.78	0.84	0.8	0.84	0.82	0.78	0.78	0.8	0.82	0.88	0.76	0.82	0.76	0.78	0.76
15300	0.62	0.72	0.8	0.8	0.86	0.8	0.84	0.78	0.8	0.82	0.88	0.7	0.82	0.74	0.8	0.74
15350	0.68	0.7	0.82	0.78	0.82	0.76	0.82	0.74	0.86	0.8	0.88	0.72	0.84	0.78	0.8	0.76
15400	0.64	0.7	0.8	0.78	0.8	0.74	0.78	0.7	0.84	0.8	0.82	0.7	0.82	0.76	0.74	0.78
15450	0.6	0.74	0.76	0.8	0.82	0.72	0.74	0.74	0.82	0.8	0.82	0.76	0.82	0.7	0.7	0.78
15500	0.6	0.7	0.74	0.8	0.78	0.72	0.74	0.76	0.84	0.78	0.78	0.74	0.8	0.7	0.6	0.76
15550	0.62	0.7	0.74	0.8	0.78	0.7	0.7	0.76	0.8	0.78	0.78	0.72	0.82	0.68	0.6	0.74
15600	0.66	0.7	0.74	0.78	0.76	0.7	0.68	0.76	0.76	0.76	0.74	0.7	0.76	0.68	0.6	0.76
15650	0.7	0.72	0.72	0.78	0.74	0.72	0.68	0.76	0.74	0.76	0.72	0.76	0.76	0.64	0.64	0.76
15700	0.7	0.72	0.72	0.8	0.74	0.76	0.68	0.76	0.72	0.76	0.72	0.76	0.76	0.62	0.7	0.76
15750	0.64	0.68	0.74	0.72	0.68	0.78	0.68	0.76	0.74	0.74	0.72	0.78	0.76	0.66	0.68	0.76
15800	0.68	0.68	0.72	0.68	0.7	0.76	0.66	0.78	0.78	0.78	0.76	0.76	0.76	0.64	0.7	0.76
15850	0.7	0.68	0.74	0.64	0.68	0.74	0.7	0.74	0.76	0.76	0.76	0.82	0.78	0.68	0.76	0.78
15900	0.7	0.72	0.76	0.68	0.7	0.74	0.74	0.74	0.76	0.76	0.74	0.82	0.78	0.74	0.76	0.78
15950	0.74	0.74	0.78	0.66	0.72	0.74	0.74	0.82	0.78	0.78	0.74	0.82	0.8	0.76	0.8	0.8
16000	0.82	0.8	0.84	0.68	0.74	0.74	0.8	0.82	0.82	0.82	0.8	0.82	0.86	0.78	0.82	0.84
16050	0.82	0.84	0.84	0.7	0.74	0.74	0.8	0.8	0.78	0.8	0.82	0.8	0.86	0.82	0.86	0.82
16100	0.78	0.82	0.86	0.78	0.74	0.68	0.84	0.8	0.76	0.78	0.8	0.82	0.88	0.82	0.86	0.82
16150	0.78	0.82	0.88	0.82	0.74	0.7	0.82	0.8	0.78	0.8	0.82	0.82	0.86	0.82	0.84	0.84
16200	0.8	0.84	0.88	0.8	0.76	0.76	0.82	0.8	0.74	0.76	0.8	0.82	0.86	0.76	0.8	0.86
16250	0.84	0.88	0.88	0.8	0.76	0.74	0.84	0.76	0.76	0.78	0.82	0.84	0.88	0.72	0.76	0.86
16300	0.8	0.82	0.9	0.82	0.76	0.74	0.82	0.78	0.7	0.78	0.84	0.88	0.78	0.64	0.78	0.84
16350	0.76	0.8	0.92	0.8	0.76	0.74	0.82	0.78	0.76	0.7	0.74	0.88	0.76	0.62	0.76	0.84
16400	0.76	0.82	0.9	0.78	0.7	0.76	0.8	0.74	0.76	0.7	0.76	0.88	0.7	0.62	0.74	0.84
16450	0.74	0.82	0.9	0.78	0.7	0.82	0.76	0.7	0.76	0.74	0.74	0.86	0.7	0.62	0.7	0.82
16500	0.8	0.84	0.84	0.8	0.68	0.82	0.74	0.72	0.78	0.72	0.76	0.88	0.66	0.62	0.68	0.78
16550	0.8	0.84	0.86	0.84	0.64	0.86	0.74	0.72	0.74	0.72	0.72	0.84	0.64	0.56	0.68	0.76
16600	0.82	0.88	0.8	0.84	0.74	0.84	0.72	0.64	0.72	0.66	0.74	0.84	0.62	0.56	0.74	0.76
16650	0.82	0.84	0.8	0.82	0.76	0.88	0.72	0.64	0.68	0.64	0.74	0.78	0.62	0.6	0.78	0.76
16700	0.84	0.84	0.78	0.86	0.84	0.9	0.68	0.66	0.68	0.64	0.74	0.78	0.6	0.7	0.82	0.74
16750	0.84	0.84	0.76	0.84	0.84	0.9	0.72	0.64	0.66	0.66	0.72	0.72	0.62	0.72	0.8	0.76
16800	0.84	0.86	0.72	0.86	0.88	0.86	0.72	0.64	0.66	0.66	0.72	0.74	0.6	0.74	0.82	0.78
16850	0.84	0.86	0.72	0.86	0.9	0.86	0.72	0.66	0.66	0.7	0.76	0.76	0.56	0.7	0.84	0.8
16900	0.8	0.82	0.72	0.86	0.9	0.84	0.72	0.7	0.62	0.68	0.76	0.74	0.6	0.7	0.8	0.82
16950	0.76	0.8	0.74	0.88	0.88	0.8	0.74	0.72	0.62	0.7	0.78	0.74	0.58	0.62	0.76	0.84
17000	0.74	0.8	0.8	0.9	0.92	0.82	0.78	0.8	0.66	0.72	0.76	0.76	0.66	0.64	0.76	0.86
17050	0.7	0.8	0.84	0.92	0.92	0.8	0.78	0.78	0.74	0.76	0.76	0.78	0.68	0.64	0.76	0.86
17100	0.68	0.82	0.88	0.92	0.92	0.78	0.78	0.78	0.72	0.76	0.76	0.78	0.7	0.66	0.76	0.86
17150	0.66	0.8	0.9	0.9	0.92	0.76	0.8	0.78	0.72	0.76	0.82	0.82	0.76	0.68	0.8	0.86
17200	0.64	0.82	0.86	0.9	0.88	0.78	0.76	0.76	0.72	0.82	0.82	0.82	0.8	0.64	0.8	0.76
17250	0.62	0.8	0.9	0.88	0.88	0.76	0.7	0.76	0.74	0.82	0.8	0.76	0.82	0.6	0.8	0.76
17300	0.64	0.8	0.88	0.84	0.88	0.78	0.68	0.78	0.74	0.8	0.78	0.76	0.84	0.7	0.82	0.78
17350	0.68	0.78	0.86	0.84	0.86	0.8	0.72	0.76	0.74	0.78	0.8	0.76	0.84	0.7	0.82	0.78
17400	0.7	0.8	0.88	0.86	0.88	0.82	0.74	0.74	0.74	0.8	0.8	0.76	0.84	0.74	0.84	0.8
17450	0.7	0.78	0.88	0.88	0.88	0.8	0.72	0.7	0.8	0.78	0.8	0.76	0.86	0.7	0.82	0.76
17500	0.7	0.78	0.84	0.84	0.84	0.8	0.68	0.68	0.8	0.78	0.78	0.74	0.86	0.7	0.78	0.86
17550	0.74	0.74	0.78	0.78	0.84	0.82	0.7	0.68	0.82	0.78	0.7	0.7	0.88	0.74	0.78	0.88
17600	0.76	0.74	0.82	0.82	0.86	0.84	0.72	0.72	0.84	0.78	0.7	0.76	0.88	0.8	0.82	0.88
17650	0.76	0.76	0.8	0.84	0.82	0.84	0.74	0.72	0.84	0.78	0.68	0.74	0.88	0.82	0.82	0.84
17700	0.76	0.76	0.8	0.84	0.82	0.84	0.74	0.7	0.84	0.82	0.7	0.78	0.84	0.8	0.8	0.86
17750	0.78	0.76	0.8	0.86	0.82	0.8	0.72	0.7	0.82	0.82	0.72	0.76	0.78	0.82	0.76	0.84
17800	0.8	0.8	0.8	0.88	0.8	0.76	0.72	0.68	0.8	0.82	0.72	0.78	0.74	0.86	0.76	0.84
17850	0.78	0.78	0.76	0.84	0.78	0.74	0.74	0.72	0.74	0.82	0.76	0.74	0.74	0.8	0.76	0.84
17900	0.78	0.8	0.8	0.84	0.84	0.76	0.74	0.76	0.66	0.84	0.76	0.74	0.72	0.8	0.76	0.84
17950	0.74	0.78	0.84	0.82	0.84	0.74	0.72	0.74	0.62	0.82	0.76	0.76	0.72	0.8	0.72	0.86
18000	0.72	0.76	0.8	0.88	0.84	0.78	0.72	0.74	0.66	0.84	0.8	0.74	0.7	0.8	0.74	0.8
18050	0.74	0.84	0.82	0.86	0.84	0.78	0.74	0.76	0.64	0.86	0.78	0.72	0.7	0.8	0.74	0.82
18100	0.7	0.84	0.84	0.86	0.88	0.84	0.76	0.74	0.62	0.8	0.76	0.76	0.66	0.74	0.8	0.84
18150	0.66	0.86	0.86	0.86	0.9	0.88	0.78	0.76	0.62	0.78	0.72	0.74	0.62	0.72	0.84	0.86
18200	0.64	0.86	0.86	0.88	0.88	0.88	0.74	0.78	0.62	0.78	0.76	0.82	0.62	0.7	0.82	0.88
18250	0.62	0.86	0.88	0.84	0.84	0.86	0.76	0.78	0.7	0.78	0.76	0.78	0.66	0.74	0.82	0.86
18300	0.6	0.86	0.88	0.86	0.82	0.88	0.74	0.8	0.72	0.82	0.74	0.78	0.68	0.7	0.84	0.8
18350	0.62	0.86	0.86	0.84	0.84	0.84	0.76	0.82	0.76	0.86	0.76	0.82	0.72	0.74	0.88	0.82
18400	0.66	0.88	0.88	0.82	0.86	0.78	0.74	0.78	0.68	0.86	0.78	0.84	0.7	0.72	0.82	0.88
18450	0.66	0.86	0.84	0.82	0.84	0.76	0.76	0.78	0.62	0.82	0.82	0.84	0.68	0.74	0.78	0.86
18500	0.7	0.84	0.8	0.82	0.82	0.74	0.78	0.74	0.64	0.82	0.82	0.86	0.74	0.76	0.78	0.84
18550	0.7	0.84	0.78	0.82	0.8	0.78	0.76	0.76	0.68	0.8	0.82	0.86	0.7	0.74	0.8	0.82
18600	0.72	0.82	0.8	0.9	0.8	0.84	0.72	0.8	0.68	0.82	0.84	0.86	0.72	0.74	0.84	0.8
18650	0.74	0.8	0.78	0.88	0.82	0.82	0.74	0.8	0.68	0.8	0.86	0.84	0.7	0.72	0.76	0.78
18700	0.74	0.76	0.8	0.9	0.82	0.84	0.7	0.76	0.66	0.76	0.88	0.88	0.7	0.74	0.76	0.76
18750	0.8	0.76	0.82	0.88	0.88	0.84	0.72	0.72	0.68	0.74	0.9	0.88	0.76	0.72	0.8	0.8
18800	0.8	0.74	0.8	0.86	0.88	0.82	0.74	0.72	0.68	0.68	0.88	0.86	0.76	0.7	0.8	0.8
18850	0.8	0.74	0.82	0.86	0.86	0.82	0.74	0.72	0.72	0.68	0.84	0.84	0.82	0.7	0.78	0.82
18900	0.72	0.72	0.8	0.86	0.88	0.8	0.76	0.72	0.76	0.72	0.84	0.86	0.82	0.68	0.78	0.82
18950	0.7	0.7	0.78	0.84	0.88	0.78	0.8	0.76	0.8	0.68	0.8	0.84	0.82	0.68	0.78	0.82
19000	0.7	0.7	0.78	0.8	0.86	0.82	0.8	0.82	0.8	0.7	0.78	0.8	0.8	0.68	0.78	0.84
19050	0.68	0.74	0.78	0.8	0.84	0.8	0.84	0.82	0.78	0.8	0.76	0.8	0.76	0.64	0.8	0.84
19100	0.66	0.76	0.8	0.82	0.86	0.8	0.86	0.82	0.82	0.8	0.7	0.78	0.78	0.68	0.8	0.88
19150	0.68	0.76	0.84	0.8	0.82	0.8	0.86	0.84	0.78	0.8	0.7	0.76	0.76	0.68	0.76	0.86
19200	0.68	0.84	0.84	0.8	0.78	0.78	0.86	0.84	0.7	0.76	0.72	0.78	0.74	0.68	0.76	0.88
19250	0.64	0.86	0.84	0.82	0.8	0.8	0.88	0.86	0.68	0.76	0.74	0.82	0.74	0.66	0.76	0.9
19300	0.66	0.88	0.9	0.82	0.8	0.76	0.88	0.86	0.68	0.78	0.72	0.8	0.76	0.7	0.76	0.9
19350	0.66	0.9	0.92	0.82	0.82	0.8	0.86	0.84	0.7	0.76	0.68	0.8	0.76	0.74	0.8	0.9
19400	0.64	0.88	0.88	0.84	0.84	0.8	0.84	0.84	0.68	0.74	0.66	0.8	0.78	0.76	0.78	0.92
19450	0.64	0.84	0.86	0.84	0.88	0.8	0.84	0.84	0.7	0.74	0.66	0.82	0.78	0.74	0.76	0.94
19500	0.72	0.84	0.86	0.86	0.9	0.76	0.88	0.78	0.72	0.7	0.7	0.8	0.8	0.8	0.78	0.9
19550	0.7	0.86	0.84	0.86	0.9	0.78	0.82	0.78	0.74	0.74	0.76	0.84	0.8	0.82	0.8	0.9
19600	0.68	0.82	0.88	0.88	0.94	0.78	0.82	0.78	0.76	0.74	0.78	0.84	0.8	0.78	0.82	0.9
19650	0.68	0.72	0.8	0.88	0.94	0.84	0.84	0.74	0.78	0.74	0.78	0.84	0.82	0.8	0.88	0.92
19700	0.66	0.74	0.8	0.88	0.92	0.78	0.84	0.7	0.76	0.76	0.8	0.82	0.82	0.78	0.9	0.88
19750	0.66	0.74	0.78	0.86	0.92	0.78	0.84	0.7	0.8	0.74	0.86	0.86	0.82	0.78	0.88	0.88
19800	0.68	0.8	0.8	0.84	0.92	0.76	0.82	0.66	0.82	0.76	0.84	0.82	0.8	0.72	0.88	0.84
19850	0.68	0.8	0.82	0.86	0.92	0.76	0.78	0.66	0.78	0.78	0.8	0.78	0.8	0.72	0.9	0.82
19900	0.66	0.78	0.84	0.88	0.94	0.78	0.82	0.7	0.78	0.82	0.82	0.84	0.8	0.74	0.9	0.84
19950	0.68	0.82	0.84	0.86	0.92	0.74	0.82	0.7	0.68	0.78	0.78	0.84	0.72	0.7	0.86	0.88
20000	0.68	0.78	0.78	0.84	0.92	0.78	0.78	0.72	0.68	0.78	0.78	0.8	0.68	0.68	0.86	0.88
