0	0.0	0.0	0.0	0.0	0.0	0.0	0.0	0.0	0.0	0.0	0.0	0.0	0.0	0.0	0.0	0.0
50	0.08	0.25	0.2	0.0	0.0	0.0	0.0	0.0	0.0	0.0	0.0	0.0	0.0	0.333333333333	0.0	0.0
100	0.14	0.166666666667	0.2	0.1	0.0	0.0	0.0	0.0	0.166666666667	0.142857142857	0.0	0.0	0.125	0.25	0.0	0.111111111111
150	0.28	0.25	0.285714285714	0.181818181818	0.0	0.153846153846	0.0	0.0	0.222222222222	0.0909090909091	0.166666666667	0.0	0.181818181818	0.307692307692	0.25	0.2
200	0.52	0.5	0.333333333333	0.214285714286	0.0769230769231	0.2	0.142857142857	0.0	0.333333333333	0.235294117647	0.181818181818	0.0	0.333333333333	0.411764705882	0.25	0.263157894737
250	0.52	0.56	0.333333333333	0.176470588235	0.1875	0.25	0.285714285714	0.0	0.388888888889	0.25	0.333333333333	0.0833333333333	0.375	0.47619047619	0.333333333333	0.32
300	0.5	0.535714285714	0.380952380952	0.25	0.3	0.277777777778	0.25	0.0	0.478260869565	0.347826086957	0.421052631579	0.142857142857	0.411764705882	0.434782608696	0.333333333333	0.333333333333
350	0.42	0.5	0.407407407407	0.25	0.363636363636	0.285714285714	0.192307692308	0.1	0.461538461538	0.384615384615	0.45	0.125	0.4	0.5	0.375	0.323529411765
400	0.52	0.470588235294	0.433333333333	0.296296296296	0.344827586207	0.304347826087	0.214285714286	0.130434782609	0.448275862069	0.392857142857	0.45	0.291666666667	0.416666666667	0.5	0.333333333333	0.425
450	0.68	0.473684210526	0.433333333333	0.382352941176	0.393939393939	0.384615384615	0.193548387097	0.25	0.466666666667	0.413793103448	0.47619047619	0.413793103448	0.44	0.470588235294	0.375	0.478260869565
500	0.64	0.488372093023	0.451612903226	0.388888888889	0.459459459459	0.41935483871	0.212121212121	0.272727272727	0.5	0.441176470588	0.52	0.454545454545	0.423076923077	0.472222222222	0.428571428571	0.489795918367
550	0.74	0.510638297872	0.472222222222	0.421052631579	0.5	0.405405405405	0.25	0.324324324324	0.515151515152	0.428571428571	0.586206896552	0.485714285714	0.464285714286	0.512195121951	0.478260869565	0.52
600	0.62	0.520833333333	0.447368421053	0.439024390244	0.52	0.421052631579	0.282051282051	0.342105263158	0.527777777778	0.447368421053	0.575757575758	0.538461538462	0.515151515152	0.511627906977	0.48	0.58
650	0.66	0.530612244898	0.488888888889	0.441860465116	0.56	0.463414634146	0.275	0.372093023256	0.538461538462	0.441860465116	0.567567567568	0.560975609756	0.552631578947	0.531914893617	0.5	0.6
700	0.6	0.6	0.458333333333	0.454545454545	0.6	0.489361702128	0.272727272727	0.382978723404	0.55	0.448979591837	0.575	0.571428571429	0.564102564103	0.56	0.518518518519	0.6
750	0.8	0.68	0.5	0.458333333333	0.66	0.5	0.276595744681	0.42	0.55	0.46	0.617021276596	0.595744680851	0.604651162791	0.58	0.548387096774	0.62
800	0.72	0.68	0.48	0.48	0.7	0.5	0.32	0.5	0.547619047619	0.54	0.6	0.62	0.617021276596	0.6	0.5625	0.64
850	0.74	0.7	0.5	0.52	0.74	0.52	0.36	0.58	0.520833333333	0.6	0.66	0.66	0.6	0.6	0.588235294118	0.68
900	0.74	0.66	0.52	0.54	0.78	0.54	0.36	0.68	0.54	0.62	0.72	0.76	0.66	0.66	0.611111111111	0.72
950	0.78	0.66	0.52	0.54	0.8	0.6	0.36	0.68	0.56	0.64	0.74	0.78	0.7	0.68	0.634146341463	0.7
1000	0.66	0.66	0.54	0.54	0.84	0.6	0.36	0.66	0.58	0.64	0.76	0.82	0.74	0.68	0.630434782609	0.68
1050	0.8	0.68	0.54	0.58	0.86	0.62	0.38	0.68	0.6	0.6	0.76	0.84	0.76	0.72	0.65306122449	0.72
1100	0.8	0.76	0.54	0.6	0.86	0.6	0.46	0.68	0.62	0.62	0.76	0.84	0.76	0.76	0.68	0.74
1150	0.68	0.8	0.56	0.6	0.86	0.62	0.5	0.68	0.58	0.6	0.76	0.86	0.78	0.78	0.7	0.74
1200	0.7	0.84	0.56	0.62	0.84	0.6	0.5	0.68	0.6	0.62	0.76	0.86	0.84	0.8	0.74	0.76
1250	0.7	0.84	0.56	0.66	0.82	0.6	0.52	0.66	0.58	0.62	0.72	0.84	0.88	0.82	0.74	0.76
1300	0.76	0.82	0.54	0.68	0.8	0.6	0.54	0.66	0.62	0.66	0.74	0.84	0.88	0.84	0.76	0.76
1350	0.64	0.82	0.56	0.68	0.78	0.64	0.54	0.7	0.6	0.68	0.74	0.84	0.88	0.82	0.76	0.74
1400	0.6	0.82	0.56	0.68	0.78	0.64	0.5	0.68	0.6	0.68	0.76	0.86	0.84	0.82	0.78	0.74
1450	0.72	0.8	0.52	0.68	0.78	0.66	0.54	0.68	0.58	0.68	0.76	0.86	0.8	0.82	0.82	0.78
1500	0.7	0.76	0.56	0.68	0.74	0.66	0.52	0.68	0.56	0.66	0.8	0.84	0.82	0.82	0.82	0.72
1550	0.62	0.76	0.58	0.64	0.74	0.66	0.52	0.64	0.6	0.68	0.8	0.82	0.8	0.82	0.8	0.72
1600	0.64	0.76	0.56	0.62	0.72	0.66	0.54	0.64	0.6	0.68	0.82	0.82	0.82	0.78	0.78	0.72
1650	0.68	0.78	0.58	0.64	0.72	0.66	0.46	0.6	0.6	0.7	0.82	0.8	0.82	0.74	0.76	0.7
1700	0.6	0.76	0.6	0.6	0.74	0.64	0.48	0.64	0.64	0.72	0.8	0.74	0.78	0.7	0.76	0.7
1750	0.76	0.76	0.6	0.6	0.7	0.66	0.48	0.64	0.62	0.74	0.8	0.78	0.78	0.66	0.78	0.72
1800	0.72	0.72	0.58	0.62	0.68	0.7	0.46	0.66	0.64	0.74	0.8	0.78	0.76	0.7	0.76	0.66
1850	0.52	0.68	0.54	0.58	0.72	0.72	0.44	0.68	0.66	0.72	0.76	0.78	0.76	0.68	0.74	0.64
1900	0.68	0.7	0.52	0.58	0.7	0.72	0.44	0.64	0.66	0.72	0.78	0.8	0.78	0.68	0.7	0.6
1950	0.74	0.68	0.54	0.58	0.7	0.72	0.42	0.66	0.68	0.74	0.78	0.8	0.76	0.66	0.74	0.6
2000	0.76	0.68	0.56	0.6	0.7	0.76	0.44	0.68	0.66	0.72	0.8	0.76	0.76	0.72	0.7	0.56
2050	0.72	0.68	0.56	0.56	0.7	0.78	0.4	0.66	0.68	0.7	0.8	0.76	0.72	0.74	0.68	0.58
2100	0.82	0.7	0.58	0.58	0.7	0.82	0.4	0.66	0.68	0.74	0.8	0.76	0.7	0.76	0.68	0.58
2150	0.66	0.72	0.58	0.56	0.7	0.8	0.38	0.68	0.7	0.78	0.8	0.76	0.68	0.76	0.72	0.6
2200	0.64	0.72	0.62	0.52	0.7	0.82	0.36	0.68	0.68	0.76	0.8	0.74	0.68	0.76	0.7	0.58
2250	0.68	0.72	0.58	0.54	0.68	0.82	0.4	0.7	0.68	0.76	0.8	0.72	0.7	0.78	0.68	0.58
2300	0.64	0.78	0.6	0.54	0.7	0.82	0.4	0.72	0.68	0.76	0.8	0.72	0.68	0.74	0.66	0.54
2350	0.66	0.8	0.6	0.56	0.74	0.82	0.46	0.74	0.66	0.72	0.8	0.7	0.66	0.78	0.66	0.56
2400	0.76	0.82	0.6	0.56	0.74	0.86	0.46	0.74	0.68	0.74	0.78	0.72	0.68	0.8	0.62	0.54
2450	0.68	0.82	0.6	0.54	0.72	0.86	0.48	0.76	0.66	0.74	0.78	0.7	0.7	0.82	0.64	0.52
2500	0.82	0.82	0.64	0.54	0.74	0.86	0.58	0.76	0.66	0.76	0.78	0.7	0.7	0.82	0.66	0.48
2550	0.76	0.84	0.68	0.54	0.76	0.88	0.58	0.78	0.66	0.76	0.78	0.78	0.72	0.82	0.68	0.5
2600	0.8	0.84	0.68	0.54	0.78	0.88	0.6	0.78	0.64	0.78	0.74	0.78	0.72	0.84	0.64	0.56
2650	0.8	0.86	0.7	0.56	0.78	0.9	0.62	0.76	0.62	0.78	0.76	0.76	0.72	0.84	0.68	0.58
2700	0.72	0.86	0.68	0.56	0.8	0.9	0.66	0.74	0.62	0.78	0.76	0.76	0.66	0.84	0.68	0.58
2750	0.66	0.82	0.68	0.56	0.82	0.84	0.66	0.76	0.6	0.78	0.76	0.72	0.66	0.82	0.7	0.54
2800	0.7	0.82	0.68	0.58	0.82	0.8	0.7	0.74	0.6	0.74	0.78	0.7	0.64	0.8	0.68	0.54
2850	0.8	0.8	0.7	0.62	0.82	0.84	0.68	0.72	0.6	0.76	0.8	0.7	0.66	0.82	0.7	0.52
2900	0.66	0.78	0.74	0.6	0.8	0.84	0.68	0.76	0.58	0.7	0.8	0.7	0.64	0.82	0.72	0.5
2950	0.74	0.78	0.68	0.64	0.76	0.84	0.74	0.76	0.58	0.72	0.82	0.72	0.68	0.84	0.72	0.52
3000	0.74	0.76	0.7	0.66	0.76	0.84	0.76	0.76	0.6	0.78	0.8	0.7	0.72	0.84	0.78	0.54
3050	0.74	0.76	0.72	0.68	0.74	0.84	0.76	0.76	0.58	0.78	0.78	0.74	0.74	0.84	0.8	0.54
3100	0.86	0.8	0.72	0.68	0.74	0.84	0.76	0.74	0.62	0.76	0.82	0.74	0.78	0.84	0.82	0.54
3150	0.68	0.82	0.76	0.66	0.74	0.86	0.76	0.66	0.6	0.74	0.8	0.72	0.78	0.82	0.84	0.54
3200	0.74	0.82	0.74	0.68	0.74	0.84	0.76	0.68	0.58	0.76	0.8	0.72	0.78	0.82	0.84	0.52
3250	0.7	0.84	0.74	0.7	0.74	0.82	0.74	0.68	0.66	0.76	0.8	0.72	0.78	0.82	0.84	0.5
3300	0.82	0.84	0.74	0.72	0.74	0.78	0.72	0.66	0.68	0.76	0.82	0.76	0.76	0.82	0.86	0.48
3350	0.76	0.84	0.74	0.72	0.74	0.78	0.72	0.66	0.68	0.76	0.8	0.76	0.8	0.84	0.86	0.46
3400	0.62	0.82	0.72	0.68	0.72	0.82	0.7	0.66	0.68	0.74	0.78	0.74	0.8	0.84	0.86	0.44
3450	0.78	0.82	0.72	0.68	0.72	0.8	0.68	0.68	0.74	0.76	0.78	0.74	0.82	0.82	0.86	0.5
3500	0.64	0.8	0.7	0.64	0.74	0.8	0.68	0.68	0.7	0.74	0.78	0.72	0.82	0.82	0.86	0.52
3550	0.78	0.8	0.7	0.64	0.74	0.8	0.64	0.72	0.72	0.78	0.74	0.76	0.8	0.84	0.88	0.52
3600	0.84	0.82	0.7	0.62	0.74	0.8	0.66	0.74	0.72	0.8	0.74	0.8	0.8	0.84	0.88	0.54
3650	0.84	0.86	0.7	0.62	0.78	0.8	0.66	0.72	0.7	0.8	0.7	0.8	0.82	0.82	0.86	0.54
3700	0.78	0.84	0.74	0.66	0.82	0.8	0.64	0.74	0.72	0.78	0.68	0.8	0.82	0.84	0.86	0.52
3750	0.82	0.84	0.72	0.66	0.84	0.8	0.62	0.72	0.78	0.76	0.68	0.8	0.82	0.82	0.84	0.52
3800	0.82	0.86	0.7	0.64	0.84	0.8	0.64	0.74	0.78	0.76	0.7	0.8	0.84	0.86	0.82	0.5
3850	0.74	0.86	0.7	0.64	0.82	0.8	0.66	0.7	0.78	0.78	0.72	0.8	0.84	0.86	0.82	0.5
3900	0.84	0.86	0.7	0.62	0.84	0.82	0.62	0.72	0.8	0.78	0.72	0.84	0.84	0.86	0.8	0.5
3950	0.84	0.86	0.72	0.6	0.82	0.82	0.62	0.76	0.8	0.8	0.74	0.86	0.82	0.88	0.82	0.52
4000	0.8	0.88	0.72	0.6	0.8	0.82	0.62	0.74	0.84	0.8	0.76	0.86	0.86	0.88	0.82	0.54
4050	0.84	0.9	0.7	0.62	0.82	0.88	0.62	0.76	0.84	0.8	0.76	0.84	0.9	0.88	0.82	0.58
4100	0.76	0.9	0.68	0.62	0.82	0.88	0.64	0.8	0.8	0.82	0.78	0.84	0.9	0.88	0.84	0.64
4150	0.66	0.9	0.68	0.62	0.8	0.92	0.64	0.82	0.72	0.86	0.78	0.78	0.86	0.9	0.84	0.68
4200	0.84	0.9	0.72	0.68	0.76	0.94	0.66	0.82	0.72	0.86	0.76	0.8	0.88	0.9	0.84	0.7
4250	0.78	0.9	0.72	0.72	0.74	0.94	0.64	0.82	0.72	0.86	0.78	0.8	0.9	0.86	0.82	0.7
4300	0.68	0.88	0.72	0.72	0.72	0.92	0.64	0.8	0.72	0.88	0.72	0.78	0.86	0.88	0.86	0.7
4350	0.78	0.86	0.74	0.7	0.72	0.9	0.66	0.78	0.68	0.88	0.76	0.78	0.86	0.88	0.84	0.7
4400	0.66	0.88	0.72	0.72	0.72	0.92	0.6	0.74	0.66	0.86	0.76	0.78	0.86	0.88	0.82	0.7
4450	0.64	0.88	0.66	0.7	0.72	0.9	0.62	0.74	0.62	0.88	0.76	0.74	0.84	0.9	0.8	0.68
4500	0.54	0.88	0.62	0.7	0.72	0.88	0.56	0.7	0.6	0.84	0.76	0.7	0.84	0.88	0.78	0.66
4550	0.58	0.86	0.62	0.7	0.7	0.84	0.56	0.7	0.56	0.82	0.78	0.72	0.78	0.88	0.76	0.7
4600	0.74	0.88	0.62	0.72	0.74	0.84	0.54	0.66	0.5	0.84	0.82	0.7	0.8	0.88	0.78	0.68
4650	0.86	0.88	0.66	0.72	0.76	0.84	0.54	0.64	0.54	0.82	0.82	0.7	0.78	0.86	0.78	0.74
4700	0.7	0.88	0.64	0.74	0.76	0.84	0.52	0.64	0.54	0.82	0.8	0.7	0.82	0.84	0.76	0.72
4750	0.78	0.88	0.64	0.72	0.74	0.84	0.52	0.68	0.6	0.8	0.78	0.7	0.82	0.82	0.76	0.74
4800	0.62	0.86	0.6	0.7	0.74	0.84	0.5	0.64	0.64	0.78	0.76	0.7	0.82	0.8	0.76	0.72
4850	0.78	0.84	0.62	0.68	0.74	0.84	0.5	0.64	0.66	0.74	0.78	0.72	0.82	0.76	0.76	0.72
4900	0.78	0.82	0.62	0.66	0.76	0.82	0.48	0.64	0.68	0.76	0.78	0.72	0.78	0.78	0.78	0.72
4950	0.86	0.84	0.66	0.68	0.76	0.8	0.5	0.64	0.7	0.72	0.86	0.7	0.78	0.78	0.78	0.72
5000	0.76	0.84	0.68	0.68	0.78	0.78	0.5	0.62	0.74	0.72	0.86	0.7	0.76	0.76	0.74	0.72
5050	0.7	0.84	0.7	0.64	0.78	0.78	0.5	0.56	0.76	0.72	0.86	0.7	0.78	0.74	0.74	0.72
5100	0.76	0.84	0.7	0.66	0.76	0.8	0.5	0.62	0.74	0.72	0.84	0.72	0.78	0.72	0.76	0.74
5150	0.76	0.86	0.7	0.68	0.76	0.8	0.54	0.62	0.72	0.72	0.86	0.7	0.8	0.76	0.74	0.74
5200	0.86	0.86	0.74	0.7	0.76	0.8	0.54	0.62	0.78	0.74	0.86	0.74	0.8	0.76	0.76	0.78
5250	0.72	0.86	0.74	0.72	0.76	0.82	0.52	0.6	0.8	0.74	0.86	0.76	0.8	0.76	0.78	0.8
5300	0.78	0.86	0.72	0.7	0.78	0.88	0.54	0.62	0.8	0.74	0.86	0.72	0.8	0.76	0.78	0.8
5350	0.78	0.86	0.74	0.72	0.78	0.88	0.6	0.64	0.76	0.72	0.8	0.7	0.82	0.76	0.78	0.8
5400	0.72	0.86	0.74	0.74	0.76	0.88	0.62	0.64	0.78	0.72	0.82	0.72	0.86	0.78	0.8	0.76
5450	0.76	0.86	0.74	0.76	0.72	0.88	0.64	0.6	0.76	0.74	0.8	0.76	0.86	0.78	0.8	0.76
5500	0.8	0.86	0.74	0.76	0.72	0.86	0.68	0.6	0.76	0.72	0.82	0.76	0.84	0.8	0.78	0.76
5550	0.74	0.88	0.7	0.78	0.7	0.86	0.66	0.54	0.76	0.74	0.84	0.76	0.86	0.8	0.78	0.78
5600	0.76	0.88	0.68	0.8	0.7	0.88	0.68	0.54	0.72	0.74	0.84	0.78	0.86	0.82	0.76	0.8
5650	0.76	0.88	0.68	0.8	0.7	0.86	0.7	0.56	0.68	0.78	0.84	0.78	0.88	0.84	0.78	0.74
5700	0.78	0.88	0.68	0.8	0.72	0.88	0.72	0.54	0.66	0.78	0.84	0.74	0.88	0.84	0.76	0.74
5750	0.74	0.88	0.68	0.78	0.72	0.84	0.72	0.56	0.68	0.78	0.84	0.72	0.84	0.86	0.76	0.74
5800	0.82	0.88	0.66	0.8	0.74	0.84	0.72	0.58	0.72	0.78	0.84	0.74	0.84	0.88	0.76	0.72
5850	0.74	0.86	0.66	0.84	0.76	0.86	0.7	0.56	0.7	0.74	0.84	0.74	0.84	0.88	0.76	0.7
5900	0.78	0.84	0.66	0.82	0.76	0.86	0.74	0.54	0.7	0.76	0.86	0.72	0.82	0.86	0.76	0.74
5950	0.74	0.86	0.68	0.78	0.78	0.84	0.74	0.56	0.68	0.74	0.84	0.72	0.82	0.84	0.76	0.76
6000	0.7	0.86	0.68	0.76	0.78	0.84	0.74	0.56	0.68	0.68	0.84	0.7	0.82	0.84	0.76	0.76
6050	0.72	0.84	0.68	0.78	0.78	0.84	0.74	0.54	0.68	0.68	0.84	0.68	0.8	0.82	0.74	0.84
6100	0.82	0.84	0.68	0.78	0.82	0.82	0.76	0.52	0.7	0.68	0.84	0.68	0.82	0.8	0.76	0.84
6150	0.82	0.84	0.68	0.74	0.84	0.82	0.76	0.54	0.68	0.68	0.9	0.7	0.82	0.82	0.78	0.84
6200	0.82	0.84	0.68	0.74	0.86	0.84	0.78	0.58	0.7	0.7	0.9	0.7	0.84	0.8	0.78	0.82
6250	0.8	0.84	0.68	0.72	0.84	0.8	0.76	0.58	0.72	0.7	0.92	0.72	0.84	0.82	0.76	0.84
6300	0.74	0.88	0.68	0.7	0.86	0.82	0.8	0.58	0.72	0.68	0.92	0.72	0.82	0.82	0.76	0.86
6350	0.66	0.9	0.68	0.7	0.82	0.8	0.8	0.6	0.68	0.68	0.92	0.68	0.8	0.8	0.74	0.86
6400	0.78	0.9	0.66	0.7	0.82	0.78	0.8	0.6	0.7	0.68	0.94	0.68	0.78	0.82	0.72	0.88
6450	0.82	0.9	0.66	0.72	0.84	0.8	0.8	0.62	0.7	0.68	0.92	0.7	0.82	0.82	0.68	0.88
6500	0.84	0.92	0.68	0.72	0.86	0.82	0.8	0.66	0.7	0.7	0.92	0.7	0.8	0.84	0.68	0.86
6550	0.84	0.92	0.68	0.7	0.88	0.82	0.82	0.66	0.7	0.7	0.9	0.68	0.8	0.86	0.68	0.9
6600	0.78	0.92	0.66	0.68	0.9	0.82	0.82	0.66	0.72	0.68	0.9	0.7	0.82	0.86	0.68	0.88
6650	0.68	0.94	0.66	0.66	0.84	0.82	0.82	0.66	0.72	0.7	0.9	0.68	0.86	0.82	0.66	0.86
6700	0.78	0.94	0.64	0.66	0.84	0.82	0.82	0.68	0.72	0.74	0.88	0.7	0.86	0.82	0.62	0.84
6750	0.82	0.94	0.66	0.66	0.82	0.82	0.82	0.7	0.72	0.76	0.9	0.68	0.88	0.84	0.62	0.8
6800	0.82	0.96	0.66	0.68	0.84	0.84	0.8	0.7	0.74	0.78	0.92	0.68	0.88	0.86	0.64	0.8
6850	0.68	0.92	0.62	0.68	0.76	0.84	0.78	0.7	0.76	0.8	0.92	0.72	0.88	0.86	0.62	0.78
6900	0.84	0.9	0.62	0.7	0.76	0.84	0.8	0.7	0.76	0.8	0.92	0.72	0.88	0.86	0.62	0.78
6950	0.84	0.9	0.68	0.72	0.74	0.84	0.8	0.72	0.76	0.78	0.9	0.7	0.9	0.88	0.62	0.8
7000	0.74	0.88	0.66	0.72	0.76	0.82	0.82	0.74	0.82	0.84	0.9	0.7	0.92	0.9	0.64	0.78
7050	0.74	0.86	0.66	0.76	0.78	0.82	0.78	0.74	0.8	0.84	0.9	0.72	0.92	0.88	0.66	0.74
7100	0.7	0.84	0.62	0.74	0.76	0.76	0.78	0.74	0.78	0.82	0.88	0.72	0.94	0.88	0.68	0.72
7150	0.86	0.84	0.64	0.76	0.74	0.76	0.76	0.74	0.8	0.82	0.9	0.72	0.94	0.86	0.7	0.74
7200	0.74	0.82	0.64	0.74	0.72	0.8	0.74	0.7	0.8	0.82	0.9	0.74	0.94	0.88	0.74	0.74
7250	0.76	0.82	0.66	0.74	0.7	0.8	0.74	0.7	0.8	0.82	0.9	0.72	0.92	0.86	0.74	0.76
7300	0.88	0.8	0.66	0.74	0.7	0.8	0.76	0.7	0.8	0.82	0.94	0.72	0.92	0.86	0.78	0.72
7350	0.84	0.8	0.66	0.76	0.68	0.78	0.74	0.66	0.82	0.84	0.94	0.74	0.94	0.86	0.8	0.74
7400	0.78	0.82	0.62	0.76	0.7	0.8	0.72	0.66	0.82	0.82	0.94	0.76	0.92	0.86	0.84	0.72
7450	0.8	0.84	0.62	0.76	0.72	0.78	0.7	0.68	0.82	0.78	0.94	0.74	0.92	0.86	0.84	0.72
7500	0.76	0.84	0.6	0.76	0.72	0.78	0.7	0.7	0.8	0.78	0.96	0.74	0.86	0.9	0.84	0.7
7550	0.86	0.88	0.64	0.74	0.72	0.78	0.74	0.7	0.8	0.78	0.94	0.78	0.86	0.9	0.86	0.74
7600	0.78	0.86	0.68	0.76	0.72	0.76	0.76	0.7	0.8	0.74	0.96	0.8	0.82	0.88	0.86	0.74
7650	0.84	0.86	0.66	0.8	0.74	0.76	0.74	0.72	0.8	0.76	0.96	0.78	0.82	0.88	0.86	0.74
7700	0.88	0.9	0.68	0.8	0.76	0.76	0.74	0.74	0.8	0.74	0.96	0.8	0.82	0.88	0.86	0.74
7750	0.76	0.88	0.7	0.82	0.8	0.78	0.74	0.76	0.8	0.74	0.94	0.8	0.84	0.84	0.86	0.74
7800	0.84	0.9	0.7	0.82	0.8	0.8	0.76	0.76	0.78	0.74	0.94	0.8	0.82	0.86	0.86	0.74
7850	0.84	0.88	0.7	0.84	0.82	0.82	0.78	0.78	0.8	0.76	0.92	0.8	0.78	0.86	0.86	0.78
7900	0.92	0.88	0.72	0.84	0.82	0.88	0.82	0.76	0.8	0.76	0.94	0.8	0.78	0.84	0.86	0.82
7950	0.84	0.9	0.74	0.82	0.84	0.9	0.8	0.76	0.8	0.78	0.94	0.8	0.78	0.84	0.86	0.8
8000	0.8	0.9	0.78	0.84	0.84	0.92	0.78	0.76	0.78	0.76	0.92	0.82	0.78	0.82	0.86	0.8
8050	0.84	0.9	0.76	0.86	0.86	0.92	0.74	0.74	0.76	0.76	0.92	0.82	0.8	0.82	0.88	0.82
8100	0.8	0.9	0.8	0.9	0.82	0.92	0.78	0.74	0.74	0.76	0.9	0.82	0.78	0.8	0.88	0.82
8150	0.78	0.88	0.8	0.88	0.84	0.92	0.82	0.72	0.72	0.76	0.88	0.84	0.76	0.8	0.88	0.8
8200	0.76	0.9	0.76	0.9	0.82	0.9	0.82	0.72	0.72	0.78	0.84	0.82	0.82	0.8	0.86	0.8
8250	0.74	0.9	0.76	0.88	0.82	0.92	0.82	0.72	0.72	0.78	0.84	0.82	0.82	0.78	0.82	0.78
8300	0.82	0.9	0.78	0.9	0.84	0.9	0.82	0.74	0.74	0.8	0.84	0.76	0.84	0.8	0.78	0.84
8350	0.82	0.9	0.78	0.92	0.84	0.88	0.8	0.72	0.72	0.82	0.86	0.8	0.88	0.82	0.78	0.78
8400	0.7	0.9	0.84	0.9	0.82	0.88	0.74	0.66	0.74	0.78	0.86	0.8	0.88	0.84	0.78	0.76
8450	0.8	0.9	0.84	0.88	0.8	0.9	0.72	0.62	0.74	0.82	0.86	0.8	0.88	0.84	0.78	0.76
8500	0.84	0.9	0.84	0.86	0.82	0.92	0.7	0.62	0.76	0.8	0.88	0.78	0.88	0.86	0.78	0.74
8550	0.8	0.92	0.84	0.86	0.82	0.9	0.7	0.6	0.78	0.8	0.88	0.8	0.88	0.86	0.74	0.74
8600	0.8	0.92	0.8	0.84	0.82	0.9	0.7	0.6	0.74	0.8	0.9	0.82	0.88	0.86	0.74	0.7
8650	0.82	0.92	0.78	0.84	0.8	0.86	0.7	0.58	0.78	0.82	0.9	0.82	0.92	0.86	0.72	0.72
8700	0.8	0.92	0.74	0.84	0.78	0.86	0.72	0.58	0.78	0.84	0.92	0.78	0.94	0.86	0.76	0.7
8750	0.88	0.94	0.72	0.84	0.8	0.86	0.74	0.6	0.78	0.86	0.92	0.8	0.94	0.88	0.76	0.72
8800	0.74	0.94	0.7	0.84	0.76	0.86	0.72	0.66	0.78	0.84	0.9	0.78	0.94	0.86	0.74	0.72
8850	0.74	0.94	0.7	0.82	0.74	0.86	0.7	0.64	0.8	0.82	0.9	0.8	0.9	0.86	0.74	0.7
8900	0.8	0.96	0.74	0.8	0.74	0.84	0.68	0.64	0.78	0.8	0.92	0.82	0.9	0.88	0.74	0.7
8950	0.8	0.96	0.72	0.82	0.74	0.84	0.7	0.68	0.8	0.82	0.94	0.78	0.9	0.86	0.74	0.68
9000	0.86	0.96	0.72	0.8	0.76	0.86	0.72	0.68	0.8	0.8	0.94	0.76	0.92	0.86	0.74	0.68
9050	0.86	0.96	0.78	0.78	0.76	0.88	0.78	0.68	0.8	0.82	0.96	0.78	0.94	0.84	0.76	0.68
9100	0.82	0.96	0.74	0.82	0.78	0.88	0.78	0.7	0.82	0.86	0.96	0.76	0.94	0.82	0.76	0.66
9150	0.84	0.96	0.74	0.82	0.78	0.88	0.78	0.7	0.82	0.84	0.96	0.76	0.94	0.8	0.74	0.7
9200	0.82	0.94	0.72	0.82	0.78	0.88	0.74	0.74	0.8	0.84	0.96	0.74	0.94	0.78	0.74	0.7
9250	0.78	0.96	0.7	0.82	0.74	0.9	0.76	0.72	0.8	0.86	0.96	0.72	0.94	0.78	0.74	0.7
9300	0.68	0.96	0.7	0.82	0.74	0.88	0.74	0.76	0.8	0.84	0.94	0.74	0.9	0.8	0.72	0.7
9350	0.84	0.96	0.72	0.8	0.74	0.88	0.74	0.76	0.8	0.82	0.94	0.74	0.9	0.8	0.72	0.72
9400	0.8	0.96	0.74	0.78	0.7	0.9	0.72	0.7	0.78	0.82	0.92	0.78	0.9	0.82	0.74	0.72
9450	0.78	0.96	0.74	0.78	0.7	0.9	0.74	0.72	0.8	0.82	0.92	0.78	0.88	0.82	0.7	0.72
9500	0.76	0.96	0.74	0.76	0.72	0.9	0.74	0.7	0.84	0.8	0.9	0.8	0.86	0.8	0.7	0.76
9550	0.78	0.96	0.7	0.76	0.74	0.88	0.74	0.7	0.82	0.78	0.88	0.8	0.84	0.82	0.72	0.76
9600	0.74	0.96	0.7	0.74	0.72	0.88	0.74	0.66	0.82	0.82	0.88	0.8	0.82	0.82	0.74	0.76
9650	0.78	0.96	0.7	0.74	0.74	0.88	0.72	0.68	0.8	0.84	0.86	0.8	0.82	0.84	0.74	0.74
9700	0.86	0.96	0.68	0.76	0.74	0.88	0.72	0.7	0.8	0.84	0.84	0.82	0.8	0.8	0.76	0.76
9750	0.74	0.96	0.64	0.78	0.7	0.88	0.72	0.68	0.8	0.82	0.84	0.84	0.82	0.82	0.72	0.82
9800	0.82	0.96	0.64	0.76	0.68	0.9	0.72	0.68	0.8	0.84	0.84	0.86	0.84	0.82	0.74	0.8
9850	0.88	0.96	0.62	0.76	0.7	0.9	0.74	0.68	0.78	0.84	0.86	0.86	0.84	0.82	0.74	0.8
9900	0.8	0.96	0.66	0.76	0.7	0.88	0.74	0.68	0.82	0.82	0.84	0.84	0.84	0.86	0.72	0.82
9950	0.9	0.96	0.68	0.76	0.74	0.88	0.74	0.66	0.82	0.82	0.86	0.82	0.84	0.86	0.74	0.82
10000	0.76	0.96	0.66	0.76	0.76	0.88	0.7	0.66	0.82	0.8	0.86	0.82	0.84	0.88	0.74	0.8
10050	0.76	0.96	0.66	0.78	0.76	0.88	0.68	0.64	0.84	0.82	0.88	0.82	0.84	0.86	0.76	0.78
10100	0.74	0.96	0.62	0.74	0.8	0.88	0.68	0.62	0.84	0.82	0.86	0.84	0.86	0.86	0.76	0.76
10150	0.78	0.96	0.64	0.74	0.78	0.88	0.7	0.58	0.82	0.84	0.86	0.84	0.84	0.84	0.8	0.78
10200	0.7	0.94	0.66	0.74	0.74	0.9	0.7	0.6	0.8	0.82	0.86	0.84	0.88	0.84	0.78	0.76
10250	0.78	0.92	0.68	0.74	0.76	0.88	0.7	0.58	0.8	0.78	0.86	0.88	0.86	0.86	0.82	0.74
10300	0.8	0.92	0.68	0.74	0.78	0.88	0.7	0.56	0.82	0.78	0.86	0.88	0.88	0.82	0.84	0.74
10350	0.76	0.92	0.66	0.72	0.76	0.88	0.66	0.6	0.82	0.78	0.88	0.88	0.86	0.82	0.88	0.7
10400	0.8	0.92	0.66	0.72	0.82	0.9	0.64	0.58	0.82	0.74	0.88	0.88	0.84	0.84	0.88	0.7
10450	0.68	0.92	0.64	0.74	0.82	0.9	0.6	0.58	0.8	0.72	0.9	0.88	0.82	0.84	0.86	0.68
10500	0.8	0.92	0.66	0.74	0.82	0.88	0.64	0.58	0.78	0.72	0.9	0.86	0.82	0.88	0.84	0.72
10550	0.68	0.92	0.66	0.72	0.82	0.84	0.62	0.6	0.8	0.68	0.86	0.86	0.8	0.88	0.82	0.76
10600	0.78	0.92	0.66	0.68	0.84	0.82	0.64	0.58	0.8	0.7	0.84	0.84	0.82	0.88	0.8	0.74
10650	0.68	0.88	0.62	0.66	0.84	0.84	0.66	0.58	0.8	0.72	0.84	0.84	0.74	0.84	0.82	0.74
10700	0.8	0.88	0.62	0.64	0.82	0.82	0.7	0.6	0.8	0.72	0.8	0.88	0.72	0.84	0.82	0.74
10750	0.88	0.86	0.62	0.66	0.82	0.84	0.7	0.6	0.78	0.72	0.8	0.88	0.68	0.82	0.82	0.76
10800	0.7	0.86	0.6	0.6	0.8	0.8	0.7	0.62	0.76	0.72	0.82	0.86	0.7	0.82	0.82	0.76
10850	0.68	0.86	0.64	0.64	0.8	0.8	0.7	0.62	0.74	0.7	0.8	0.82	0.72	0.82	0.76	0.76
10900	0.72	0.88	0.66	0.66	0.82	0.78	0.72	0.66	0.76	0.7	0.78	0.78	0.72	0.82	0.76	0.74
10950	0.66	0.82	0.66	0.64	0.78	0.78	0.78	0.7	0.78	0.7	0.74	0.8	0.74	0.82	0.76	0.74
11000	0.72	0.82	0.62	0.66	0.8	0.74	0.8	0.7	0.78	0.72	0.68	0.78	0.74	0.84	0.74	0.74
11050	0.68	0.82	0.62	0.64	0.78	0.76	0.76	0.7	0.76	0.74	0.68	0.76	0.76	0.82	0.72	0.72
11100	0.84	0.82	0.64	0.66	0.82	0.78	0.78	0.72	0.76	0.72	0.68	0.76	0.76	0.82	0.68	0.72
11150	0.72	0.8	0.64	0.66	0.82	0.76	0.82	0.74	0.76	0.72	0.64	0.76	0.78	0.82	0.68	0.74
11200	0.88	0.8	0.68	0.66	0.82	0.76	0.8	0.76	0.74	0.78	0.66	0.78	0.8	0.84	0.68	0.7
11250	0.76	0.8	0.7	0.68	0.8	0.74	0.78	0.76	0.74	0.8	0.66	0.8	0.86	0.84	0.66	0.68
11300	0.82	0.8	0.7	0.68	0.8	0.8	0.78	0.74	0.76	0.82	0.66	0.78	0.86	0.82	0.74	0.66
11350	0.7	0.82	0.68	0.66	0.78	0.8	0.78	0.72	0.7	0.8	0.66	0.8	0.9	0.82	0.74	0.66
11400	0.58	0.8	0.7	0.66	0.78	0.74	0.74	0.68	0.7	0.78	0.62	0.78	0.9	0.82	0.76	0.64
11450	0.64	0.82	0.7	0.62	0.76	0.74	0.72	0.66	0.64	0.76	0.62	0.8	0.88	0.8	0.76	0.6
11500	0.62	0.82	0.68	0.64	0.76	0.74	0.72	0.68	0.6	0.74	0.58	0.76	0.88	0.8	0.74	0.62
11550	0.72	0.86	0.66	0.64	0.76	0.76	0.72	0.7	0.58	0.72	0.6	0.76	0.86	0.82	0.72	0.62
11600	0.74	0.9	0.66	0.58	0.76	0.76	0.74	0.7	0.62	0.7	0.6	0.76	0.86	0.8	0.76	0.62
11650	0.68	0.92	0.68	0.6	0.76	0.78	0.74	0.7	0.62	0.66	0.62	0.7	0.84	0.76	0.8	0.62
11700	0.62	0.9	0.62	0.6	0.76	0.8	0.72	0.74	0.62	0.66	0.62	0.74	0.78	0.74	0.76	0.64
11750	0.78	0.92	0.62	0.56	0.8	0.78	0.74	0.74	0.64	0.7	0.66	0.74	0.74	0.76	0.78	0.64
11800	0.68	0.9	0.64	0.58	0.8	0.76	0.74	0.78	0.62	0.64	0.68	0.74	0.72	0.74	0.78	0.64
11850	0.64	0.9	0.6	0.58	0.8	0.78	0.72	0.78	0.6	0.62	0.7	0.74	0.68	0.74	0.76	0.66
11900	0.72	0.9	0.6	0.56	0.76	0.8	0.76	0.8	0.62	0.6	0.68	0.7	0.68	0.74	0.72	0.66
11950	0.64	0.88	0.58	0.56	0.76	0.78	0.72	0.78	0.64	0.62	0.7	0.7	0.62	0.64	0.7	0.68
12000	0.8	0.9	0.58	0.52	0.76	0.76	0.76	0.8	0.68	0.62	0.72	0.68	0.6	0.62	0.7	0.7
12050	0.72	0.9	0.58	0.52	0.76	0.74	0.78	0.8	0.74	0.64	0.72	0.68	0.62	0.6	0.7	0.68
12100	0.74	0.9	0.6	0.52	0.72	0.72	0.78	0.8	0.74	0.64	0.74	0.72	0.6	0.58	0.66	0.72
12150	0.72	0.9	0.58	0.52	0.74	0.72	0.78	0.84	0.76	0.66	0.74	0.7	0.58	0.58	0.66	0.76
12200	0.76	0.9	0.56	0.54	0.74	0.7	0.8	0.84	0.76	0.68	0.78	0.66	0.56	0.62	0.66	0.76
12250	0.7	0.88	0.52	0.54	0.74	0.7	0.8	0.82	0.78	0.7	0.8	0.68	0.56	0.58	0.66	0.76
12300	0.66	0.86	0.56	0.54	0.74	0.68	0.78	0.8	0.76	0.7	0.8	0.7	0.56	0.6	0.66	0.78
12350	0.78	0.84	0.56	0.52	0.76	0.66	0.78	0.78	0.76	0.74	0.82	0.72	0.6	0.6	0.64	0.8
12400	0.78	0.84	0.58	0.54	0.76	0.68	0.76	0.78	0.78	0.72	0.8	0.78	0.6	0.66	0.68	0.8
12450	0.82	0.86	0.62	0.54	0.76	0.72	0.76	0.76	0.76	0.74	0.76	0.78	0.62	0.66	0.68	0.82
12500	0.64	0.86	0.62	0.54	0.72	0.72	0.78	0.7	0.72	0.74	0.72	0.8	0.68	0.66	0.68	0.82
12550	0.56	0.82	0.58	0.5	0.7	0.74	0.78	0.7	0.7	0.72	0.7	0.78	0.72	0.7	0.68	0.76
12600	0.62	0.8	0.62	0.52	0.7	0.68	0.76	0.66	0.7	0.72	0.7	0.78	0.72	0.7	0.72	0.72
12650	0.66	0.8	0.62	0.52	0.7	0.7	0.72	0.64	0.7	0.72	0.74	0.76	0.74	0.72	0.68	0.72
12700	0.72	0.8	0.6	0.56	0.7	0.7	0.74	0.66	0.66	0.76	0.72	0.76	0.74	0.76	0.7	0.72
12750	0.72	0.8	0.6	0.56	0.74	0.74	0.7	0.64	0.66	0.74	0.74	0.8	0.72	0.78	0.74	0.72
12800	0.64	0.78	0.58	0.54	0.72	0.74	0.7	0.64	0.58	0.72	0.74	0.78	0.7	0.76	0.76	0.74
12850	0.68	0.78	0.48	0.56	0.74	0.76	0.68	0.6	0.58	0.72	0.74	0.8	0.7	0.78	0.72	0.74
12900	0.68	0.8	0.48	0.58	0.74	0.78	0.68	0.58	0.56	0.72	0.7	0.78	0.7	0.82	0.72	0.7
12950	0.76	0.8	0.52	0.6	0.76	0.74	0.66	0.56	0.56	0.72	0.7	0.78	0.76	0.82	0.72	0.7
13000	0.66	0.8	0.56	0.6	0.76	0.72	0.62	0.58	0.52	0.72	0.68	0.76	0.76	0.84	0.68	0.72
13050	0.66	0.78	0.56	0.64	0.78	0.72	0.62	0.58	0.52	0.72	0.68	0.8	0.72	0.84	0.7	0.68
13100	0.6	0.78	0.6	0.64	0.78	0.68	0.6	0.54	0.5	0.72	0.68	0.78	0.7	0.78	0.7	0.68
13150	0.7	0.78	0.6	0.66	0.78	0.7	0.56	0.54	0.52	0.74	0.72	0.74	0.72	0.76	0.72	0.68
13200	0.62	0.8	0.6	0.68	0.74	0.7	0.54	0.54	0.56	0.76	0.7	0.74	0.64	0.72	0.74	0.62
13250	0.8	0.84	0.62	0.72	0.74	0.7	0.54	0.56	0.56	0.78	0.7	0.72	0.64	0.72	0.74	0.6
13300	0.62	0.84	0.6	0.72	0.72	0.72	0.5	0.56	0.58	0.78	0.68	0.74	0.62	0.74	0.7	0.6
13350	0.56	0.84	0.64	0.7	0.7	0.7	0.5	0.56	0.5	0.74	0.66	0.76	0.64	0.72	0.68	0.58
13400	0.78	0.84	0.64	0.7	0.7	0.7	0.56	0.58	0.52	0.78	0.64	0.76	0.66	0.72	0.7	0.62
13450	0.76	0.82	0.68	0.7	0.74	0.66	0.58	0.62	0.54	0.78	0.64	0.78	0.64	0.74	0.7	0.62
13500	0.64	0.84	0.7	0.7	0.7	0.66	0.64	0.64	0.54	0.74	0.64	0.76	0.64	0.72	0.7	0.6
13550	0.64	0.82	0.7	0.72	0.68	0.66	0.64	0.64	0.56	0.72	0.62	0.76	0.64	0.7	0.66	0.6
13600	0.68	0.82	0.72	0.72	0.62	0.68	0.66	0.62	0.56	0.74	0.62	0.74	0.68	0.68	0.66	0.6
13650	0.6	0.78	0.74	0.72	0.6	0.64	0.7	0.6	0.56	0.72	0.64	0.72	0.7	0.68	0.66	0.58
13700	0.7	0.8	0.74	0.74	0.6	0.62	0.72	0.58	0.52	0.72	0.64	0.7	0.68	0.66	0.68	0.6
13750	0.7	0.8	0.76	0.72	0.6	0.64	0.74	0.6	0.52	0.7	0.64	0.68	0.7	0.62	0.68	0.62
13800	0.62	0.84	0.76	0.7	0.58	0.64	0.72	0.62	0.54	0.7	0.66	0.68	0.7	0.58	0.7	0.6
13850	0.66	0.84	0.76	0.74	0.58	0.64	0.72	0.64	0.52	0.72	0.66	0.68	0.7	0.6	0.66	0.66
13900	0.58	0.82	0.72	0.74	0.58	0.58	0.72	0.66	0.52	0.72	0.6	0.66	0.7	0.6	0.62	0.68
13950	0.78	0.82	0.72	0.72	0.58	0.62	0.76	0.7	0.56	0.72	0.6	0.7	0.7	0.6	0.6	0.66
14000	0.66	0.8	0.74	0.72	0.62	0.62	0.74	0.7	0.52	0.7	0.58	0.7	0.74	0.58	0.62	0.66
14050	0.76	0.78	0.76	0.76	0.62	0.66	0.7	0.72	0.52	0.68	0.58	0.74	0.76	0.6	0.6	0.66
14100	0.66	0.76	0.78	0.76	0.58	0.66	0.64	0.7	0.52	0.74	0.64	0.72	0.76	0.6	0.58	0.64
14150	0.72	0.78	0.8	0.76	0.6	0.68	0.62	0.66	0.52	0.7	0.64	0.74	0.76	0.6	0.54	0.7
14200	0.76	0.74	0.8	0.76	0.6	0.7	0.62	0.66	0.5	0.7	0.66	0.72	0.74	0.6	0.56	0.72
14250	0.62	0.76	0.76	0.74	0.58	0.66	0.6	0.66	0.56	0.72	0.66	0.72	0.74	0.62	0.6	0.72
14300	0.84	0.76	0.76	0.76	0.58	0.66	0.62	0.64	0.58	0.74	0.66	0.74	0.76	0.66	0.62	0.76
14350	0.72	0.72	0.76	0.76	0.62	0.66	0.64	0.66	0.64	0.74	0.62	0.74	0.76	0.66	0.6	0.74
14400	0.7	0.72	0.76	0.76	0.62	0.68	0.66	0.66	0.62	0.72	0.62	0.74	0.72	0.68	0.6	0.74
14450	0.76	0.74	0.76	0.78	0.62	0.68	0.66	0.68	0.6	0.72	0.62	0.74	0.76	0.7	0.6	0.74
14500	0.7	0.74	0.78	0.8	0.58	0.72	0.68	0.72	0.62	0.7	0.62	0.78	0.76	0.72	0.62	0.76
14550	0.72	0.7	0.76	0.8	0.62	0.74	0.68	0.72	0.66	0.68	0.64	0.8	0.82	0.68	0.62	0.76
14600	0.76	0.66	0.78	0.8	0.64	0.7	0.66	0.72	0.72	0.7	0.68	0.82	0.82	0.74	0.62	0.78
14650	0.68	0.68	0.78	0.8	0.66	0.74	0.66	0.7	0.72	0.68	0.7	0.8	0.82	0.72	0.62	0.8
14700	0.54	0.62	0.76	0.8	0.64	0.7	0.68	0.68	0.74	0.7	0.7	0.78	0.82	0.74	0.64	0.74
14750	0.58	0.54	0.74	0.78	0.6	0.7	0.7	0.68	0.7	0.74	0.72	0.76	0.82	0.74	0.62	0.74
14800	0.66	0.56	0.74	0.78	0.58	0.68	0.7	0.68	0.7	0.74	0.72	0.74	0.82	0.74	0.6	0.72
14850	0.6	0.56	0.74	0.78	0.6	0.64	0.7	0.68	0.68	0.74	0.66	0.74	0.78	0.74	0.56	0.7
14900	0.66	0.56	0.76	0.76	0.58	0.66	0.72	0.64	0.66	0.68	0.66	0.74	0.78	0.72	0.56	0.7
14950	0.62	0.54	0.78	0.72	0.6	0.66	0.72	0.7	0.64	0.68	0.64	0.74	0.68	0.72	0.56	0.7
15000	0.64	0.58	0.78	0.74	0.6	0.68	0.68	0.68	0.6	0.68	0.66	0.76	0.66	0.66	0.6	0.7
15050	0.52	0.58	0.76	0.76	0.62	0.7	0.66	0.64	0.58	0.7	0.66	0.74	0.66	0.64	0.56	0.64
15100	0.62	0.56	0.76	0.76	0.62	0.66	0.62	0.64	0.54	0.72	0.62	0.74	0.7	0.62	0.62	0.62
15150	0.56	0.54	0.76	0.74	0.64	0.64	0.62	0.62	0.52	0.68	0.58	0.7	0.72	0.6	0.62	0.66
15200	0.54	0.6	0.72	0.66	0.66	0.62	0.58	0.58	0.52	0.72	0.52	0.72	0.72	0.6	0.62	0.66
15250	0.66	0.62	0.68	0.66	0.66	0.6	0.58	0.6	0.54	0.72	0.5	0.7	0.68	0.64	0.58	0.66
15300	0.56	0.62	0.68	0.64	0.62	0.58	0.58	0.58	0.56	0.7	0.46	0.7	0.68	0.66	0.58	0.64
15350	0.82	0.64	0.66	0.68	0.62	0.58	0.62	0.56	0.56	0.68	0.46	0.74	0.68	0.68	0.6	0.62
15400	0.72	0.66	0.68	0.7	0.62	0.56	0.6	0.56	0.56	0.68	0.48	0.76	0.7	0.68	0.6	0.58
15450	0.54	0.64	0.68	0.7	0.62	0.54	0.58	0.54	0.54	0.68	0.44	0.74	0.7	0.68	0.56	0.56
15500	0.68	0.64	0.66	0.72	0.64	0.56	0.58	0.52	0.52	0.7	0.42	0.76	0.7	0.7	0.58	0.54
15550	0.7	0.62	0.64	0.68	0.64	0.56	0.62	0.52	0.54	0.72	0.4	0.76	0.78	0.68	0.6	0.58
15600	0.64	0.64	0.62	0.7	0.54	0.54	0.64	0.56	0.56	0.74	0.44	0.76	0.82	0.64	0.58	0.6
15650	0.62	0.66	0.56	0.68	0.54	0.58	0.66	0.56	0.58	0.74	0.44	0.7	0.86	0.64	0.6	0.6
15700	0.64	0.64	0.58	0.7	0.58	0.56	0.64	0.56	0.64	0.74	0.42	0.64	0.86	0.66	0.62	0.6
15750	0.7	0.68	0.58	0.68	0.56	0.56	0.64	0.58	0.66	0.72	0.5	0.66	0.84	0.66	0.64	0.62
15800	0.72	0.7	0.6	0.66	0.58	0.6	0.62	0.56	0.7	0.74	0.5	0.62	0.84	0.7	0.62	0.64
15850	0.54	0.68	0.62	0.62	0.52	0.62	0.64	0.58	0.74	0.76	0.5	0.62	0.82	0.72	0.6	0.64
15900	0.66	0.62	0.62	0.62	0.5	0.62	0.66	0.58	0.78	0.78	0.52	0.62	0.84	0.72	0.62	0.64
15950	0.64	0.6	0.56	0.66	0.5	0.64	0.64	0.6	0.76	0.8	0.52	0.6	0.84	0.7	0.62	0.66
16000	0.58	0.64	0.56	0.68	0.48	0.62	0.62	0.58	0.68	0.8	0.52	0.6	0.84	0.72	0.62	0.68
16050	0.64	0.68	0.54	0.68	0.46	0.64	0.6	0.6	0.68	0.8	0.54	0.62	0.8	0.7	0.6	0.72
16100	0.7	0.66	0.58	0.64	0.46	0.64	0.62	0.62	0.68	0.76	0.62	0.62	0.8	0.7	0.62	0.72
16150	0.6	0.64	0.56	0.64	0.46	0.64	0.6	0.6	0.7	0.76	0.58	0.62	0.76	0.7	0.62	0.7
16200	0.58	0.66	0.54	0.64	0.44	0.64	0.6	0.6	0.72	0.78	0.6	0.62	0.74	0.64	0.62	0.7
16250	0.68	0.66	0.54	0.64	0.48	0.64	0.6	0.6	0.72	0.8	0.58	0.64	0.76	0.66	0.6	0.68
16300	0.7	0.66	0.52	0.64	0.5	0.62	0.6	0.6	0.72	0.8	0.58	0.72	0.74	0.68	0.62	0.7
16350	0.7	0.66	0.52	0.6	0.5	0.62	0.62	0.6	0.74	0.8	0.6	0.72	0.7	0.7	0.66	0.7
16400	0.72	0.64	0.58	0.6	0.48	0.62	0.64	0.6	0.74	0.8	0.54	0.8	0.7	0.7	0.68	0.72
16450	0.76	0.64	0.56	0.62	0.54	0.62	0.66	0.58	0.76	0.82	0.54	0.82	0.68	0.7	0.68	0.72
16500	0.66	0.68	0.56	0.6	0.56	0.68	0.68	0.54	0.74	0.82	0.52	0.82	0.68	0.68	0.68	0.74
16550	0.74	0.7	0.6	0.6	0.6	0.72	0.7	0.52	0.72	0.82	0.52	0.8	0.68	0.68	0.7	0.7
16600	0.64	0.72	0.56	0.56	0.6	0.74	0.68	0.5	0.7	0.8	0.52	0.82	0.7	0.68	0.68	0.7
16650	0.78	0.72	0.56	0.58	0.62	0.74	0.68	0.52	0.7	0.78	0.54	0.8	0.7	0.7	0.68	0.68
16700	0.68	0.68	0.6	0.58	0.62	0.8	0.7	0.52	0.66	0.8	0.54	0.82	0.7	0.68	0.7	0.68
16750	0.64	0.66	0.6	0.64	0.62	0.78	0.7	0.54	0.64	0.8	0.54	0.82	0.74	0.7	0.7	0.72
16800	0.7	0.64	0.62	0.64	0.62	0.78	0.74	0.52	0.7	0.8	0.5	0.78	0.74	0.74	0.7	0.74
16850	0.62	0.64	0.6	0.62	0.6	0.78	0.74	0.58	0.74	0.78	0.48	0.8	0.78	0.72	0.64	0.72
16900	0.72	0.68	0.64	0.64	0.62	0.8	0.78	0.58	0.72	0.76	0.48	0.82	0.8	0.7	0.64	0.74
16950	0.64	0.68	0.66	0.62	0.62	0.84	0.8	0.62	0.7	0.74	0.46	0.8	0.8	0.66	0.62	0.76
17000	0.7	0.64	0.66	0.68	0.64	0.84	0.78	0.6	0.68	0.74	0.46	0.78	0.8	0.68	0.62	0.76
17050	0.7	0.64	0.68	0.68	0.68	0.8	0.78	0.62	0.68	0.74	0.48	0.78	0.78	0.7	0.58	0.74
17100	0.78	0.64	0.66	0.66	0.7	0.8	0.8	0.64	0.7	0.74	0.48	0.78	0.8	0.7	0.58	0.72
17150	0.56	0.64	0.64	0.62	0.72	0.76	0.8	0.64	0.68	0.74	0.48	0.72	0.82	0.7	0.56	0.72
17200	0.64	0.66	0.64	0.62	0.7	0.74	0.8	0.66	0.68	0.74	0.5	0.74	0.86	0.74	0.54	0.7
17250	0.62	0.64	0.64	0.6	0.72	0.74	0.8	0.66	0.68	0.7	0.46	0.72	0.88	0.72	0.58	0.7
17300	0.64	0.66	0.6	0.64	0.7	0.76	0.78	0.62	0.66	0.72	0.46	0.74	0.86	0.72	0.58	0.7
17350	0.74	0.62	0.62	0.66	0.68	0.76	0.78	0.62	0.68	0.76	0.46	0.72	0.88	0.74	0.56	0.68
17400	0.74	0.6	0.64	0.64	0.68	0.76	0.74	0.62	0.72	0.76	0.44	0.74	0.88	0.76	0.58	0.66
17450	0.62	0.6	0.66	0.66	0.7	0.76	0.78	0.6	0.68	0.74	0.46	0.72	0.86	0.72	0.58	0.64
17500	0.72	0.62	0.66	0.66	0.7	0.74	0.78	0.6	0.68	0.76	0.44	0.7	0.86	0.7	0.62	0.66
17550	0.62	0.62	0.66	0.68	0.68	0.72	0.78	0.6	0.68	0.76	0.44	0.72	0.82	0.7	0.6	0.62
17600	0.62	0.58	0.66	0.66	0.64	0.76	0.76	0.6	0.68	0.76	0.46	0.72	0.84	0.68	0.64	0.62
17650	0.58	0.6	0.66	0.58	0.62	0.72	0.74	0.58	0.64	0.78	0.48	0.72	0.84	0.7	0.66	0.6
17700	0.62	0.6	0.7	0.58	0.56	0.72	0.74	0.54	0.64	0.8	0.5	0.72	0.84	0.7	0.62	0.62
17750	0.68	0.58	0.68	0.58	0.56	0.74	0.74	0.54	0.62	0.8	0.46	0.7	0.82	0.7	0.64	0.62
17800	0.68	0.62	0.68	0.62	0.52	0.78	0.74	0.52	0.62	0.78	0.46	0.68	0.8	0.7	0.64	0.66
17850	0.62	0.62	0.64	0.64	0.5	0.78	0.72	0.56	0.58	0.74	0.46	0.68	0.8	0.7	0.62	0.68
17900	0.66	0.64	0.64	0.68	0.5	0.8	0.7	0.56	0.62	0.76	0.44	0.66	0.78	0.72	0.64	0.7
17950	0.64	0.64	0.64	0.68	0.48	0.78	0.6	0.56	0.62	0.74	0.48	0.66	0.78	0.72	0.64	0.7
18000	0.7	0.64	0.7	0.68	0.5	0.78	0.6	0.56	0.6	0.72	0.5	0.7	0.78	0.7	0.62	0.72
18050	0.68	0.62	0.7	0.68	0.5	0.74	0.6	0.54	0.6	0.7	0.48	0.68	0.8	0.7	0.66	0.72
18100	0.72	0.66	0.7	0.66	0.54	0.74	0.62	0.56	0.64	0.7	0.5	0.66	0.82	0.7	0.66	0.74
18150	0.68	0.66	0.7	0.66	0.56	0.74	0.66	0.58	0.62	0.72	0.52	0.66	0.8	0.7	0.68	0.74
18200	0.7	0.68	0.72	0.6	0.56	0.78	0.66	0.52	0.62	0.7	0.5	0.66	0.8	0.7	0.68	0.76
18250	0.82	0.68	0.74	0.62	0.58	0.78	0.68	0.52	0.64	0.68	0.5	0.66	0.82	0.66	0.68	0.76
18300	0.74	0.7	0.72	0.64	0.62	0.78	0.68	0.52	0.64	0.7	0.5	0.7	0.8	0.66	0.68	0.78
18350	0.64	0.72	0.72	0.64	0.62	0.78	0.64	0.54	0.66	0.74	0.48	0.7	0.8	0.66	0.68	0.8
18400	0.6	0.72	0.7	0.64	0.64	0.76	0.66	0.52	0.66	0.74	0.5	0.74	0.8	0.64	0.7	0.82
18450	0.74	0.72	0.72	0.68	0.66	0.74	0.66	0.52	0.66	0.74	0.5	0.72	0.84	0.58	0.74	0.84
18500	0.5	0.72	0.72	0.68	0.66	0.68	0.64	0.52	0.64	0.76	0.5	0.66	0.84	0.54	0.72	0.82
18550	0.56	0.74	0.7	0.66	0.64	0.64	0.64	0.5	0.66	0.76	0.48	0.66	0.84	0.5	0.7	0.78
18600	0.6	0.74	0.7	0.66	0.66	0.64	0.62	0.48	0.68	0.76	0.54	0.68	0.84	0.48	0.72	0.76
18650	0.8	0.74	0.72	0.7	0.68	0.68	0.64	0.48	0.7	0.78	0.54	0.7	0.86	0.5	0.74	0.76
18700	0.7	0.72	0.76	0.68	0.68	0.64	0.64	0.46	0.7	0.8	0.56	0.7	0.86	0.5	0.72	0.78
18750	0.7	0.72	0.78	0.7	0.68	0.6	0.68	0.48	0.66	0.82	0.52	0.72	0.84	0.52	0.72	0.78
18800	0.76	0.74	0.78	0.72	0.68	0.6	0.68	0.52	0.66	0.82	0.5	0.74	0.84	0.54	0.72	0.78
18850	0.62	0.76	0.76	0.72	0.68	0.58	0.72	0.46	0.66	0.82	0.5	0.74	0.84	0.58	0.72	0.78
18900	0.54	0.7	0.72	0.72	0.68	0.54	0.72	0.42	0.68	0.78	0.5	0.72	0.84	0.6	0.68	0.84
18950	0.66	0.7	0.72	0.72	0.7	0.5	0.72	0.42	0.66	0.78	0.46	0.72	0.84	0.6	0.68	0.84
19000	0.68	0.72	0.7	0.74	0.7	0.52	0.68	0.42	0.58	0.8	0.46	0.66	0.84	0.66	0.64	0.86
19050	0.7	0.7	0.72	0.74	0.7	0.52	0.66	0.42	0.6	0.8	0.48	0.66	0.82	0.64	0.62	0.86
19100	0.68	0.72	0.7	0.74	0.68	0.52	0.64	0.44	0.6	0.8	0.46	0.66	0.8	0.66	0.66	0.86
19150	0.54	0.72	0.7	0.68	0.7	0.54	0.62	0.48	0.6	0.72	0.46	0.62	0.8	0.7	0.62	0.88
19200	0.6	0.72	0.68	0.66	0.7	0.58	0.62	0.46	0.56	0.72	0.48	0.64	0.78	0.74	0.62	0.88
19250	0.72	0.7	0.68	0.68	0.74	0.6	0.64	0.52	0.58	0.7	0.46	0.64	0.76	0.72	0.64	0.86
19300	0.68	0.64	0.66	0.68	0.72	0.62	0.66	0.52	0.56	0.68	0.46	0.64	0.78	0.7	0.64	0.9
19350	0.74	0.62	0.62	0.66	0.72	0.66	0.66	0.54	0.56	0.68	0.46	0.7	0.76	0.68	0.68	0.9
19400	0.74	0.6	0.62	0.66	0.72	0.68	0.66	0.58	0.56	0.68	0.46	0.74	0.76	0.66	0.7	0.9
19450	0.74	0.64	0.62	0.66	0.7	0.7	0.66	0.62	0.52	0.68	0.46	0.74	0.78	0.64	0.7	0.9
19500	0.72	0.62	0.68	0.64	0.7	0.76	0.66	0.62	0.54	0.68	0.46	0.7	0.76	0.62	0.68	0.92
19550	0.64	0.62	0.66	0.62	0.7	0.76	0.64	0.64	0.54	0.64	0.44	0.7	0.8	0.66	0.64	0.92
19600	0.76	0.62	0.66	0.54	0.74	0.76	0.66	0.68	0.58	0.64	0.46	0.7	0.82	0.66	0.62	0.9
19650	0.54	0.64	0.7	0.52	0.7	0.74	0.68	0.66	0.56	0.64	0.42	0.7	0.8	0.66	0.6	0.9
19700	0.66	0.62	0.66	0.5	0.7	0.76	0.7	0.66	0.58	0.64	0.54	0.72	0.76	0.66	0.62	0.9
19750	0.78	0.6	0.68	0.5	0.7	0.82	0.68	0.68	0.62	0.66	0.54	0.74	0.74	0.66	0.64	0.88
19800	0.64	0.6	0.68	0.5	0.7	0.8	0.7	0.72	0.62	0.68	0.56	0.74	0.72	0.66	0.68	0.86
19850	0.8	0.58	0.72	0.56	0.7	0.82	0.68	0.72	0.64	0.7	0.56	0.78	0.74	0.68	0.68	0.86
19900	0.72	0.58	0.72	0.58	0.68	0.8	0.64	0.7	0.64	0.68	0.54	0.82	0.7	0.68	0.68	0.86
19950	0.68	0.62	0.74	0.6	0.68	0.78	0.66	0.7	0.64	0.68	0.58	0.8	0.74	0.7	0.66	0.88
20000	0.74	0.74	0.76	0.62	0.68	0.76	0.68	0.74	0.62	0.7	0.52	0.8	0.72	0.72	0.64	0.92
