0	0.0	0.0	0.0	0.0	0.0	0.0	0.0	0.0	0.0	0.0	0.0	0.0	0.0	0.0	0.0	0.0
50	0.0	0.0	0.0	0.0	0.0	0.0	0.0	0.0	0.0	0.285714285714	0.0	0.0	0.285714285714	0.0	0.666666666667	0.0
100	0.125	0.0	0.5	0.333333333333	0.25	0.1	0.2	0.25	0.25	0.2	0.5	0.333333333333	0.454545454545	0.25	0.75	0.111111111111
150	0.2	0.142857142857	0.416666666667	0.428571428571	0.285714285714	0.285714285714	0.333333333333	0.375	0.333333333333	0.166666666667	0.5	0.6	0.533333333333	0.333333333333	0.714285714286	0.230769230769
200	0.285714285714	0.272727272727	0.352941176471	0.444444444444	0.375	0.333333333333	0.375	0.4	0.416666666667	0.333333333333	0.666666666667	0.5	0.470588235294	0.214285714286	0.625	0.352941176471
250	0.3125	0.333333333333	0.368421052632	0.416666666667	0.5	0.363636363636	0.333333333333	0.333333333333	0.5625	0.333333333333	0.727272727273	0.526315789474	0.444444444444	0.176470588235	0.538461538462	0.44
300	0.388888888889	0.4375	0.35	0.4375	0.571428571429	0.347826086957	0.461538461538	0.375	0.631578947368	0.428571428571	0.75	0.571428571429	0.444444444444	0.2	0.5625	0.423076923077
350	0.458333333333	0.478260869565	0.416666666667	0.421052631579	0.608695652174	0.347826086957	0.5	0.411764705882	0.681818181818	0.423076923077	0.809523809524	0.608695652174	0.52380952381	0.260869565217	0.588235294118	0.466666666667
400	0.461538461538	0.458333333333	0.461538461538	0.454545454545	0.571428571429	0.375	0.5625	0.454545454545	0.695652173913	0.448275862069	0.833333333333	0.576923076923	0.62962962963	0.32	0.619047619048	0.567567567568
450	0.451612903226	0.535714285714	0.464285714286	0.48	0.575757575758	0.4	0.6	0.518518518519	0.730769230769	0.451612903226	0.846153846154	0.59375	0.642857142857	0.346153846154	0.625	0.575
500	0.457142857143	0.535714285714	0.5	0.535714285714	0.594594594595	0.379310344828	0.636363636364	0.58064516129	0.75	0.470588235294	0.866666666667	0.589743589744	0.655172413793	0.379310344828	0.64	0.586956521739
550	0.486486486486	0.551724137931	0.545454545455	0.575757575758	0.609756097561	0.454545454545	0.714285714286	0.5625	0.766666666667	0.485714285714	0.875	0.521739130435	0.677419354839	0.470588235294	0.666666666667	0.591836734694
600	0.475	0.551724137931	0.571428571429	0.567567567568	0.619047619048	0.457142857143	0.741935483871	0.611111111111	0.794117647059	0.45	0.885714285714	0.541666666667	0.676470588235	0.459459459459	0.636363636364	0.68
650	0.463414634146	0.648648648649	0.605263157895	0.560975609756	0.608695652174	0.447368421053	0.75	0.621621621622	0.789473684211	0.428571428571	0.864864864865	0.54	0.710526315789	0.5	0.666666666667	0.74
700	0.477272727273	0.648648648649	0.6	0.547619047619	0.595744680851	0.46511627907	0.771428571429	0.651162790698	0.795454545455	0.454545454545	0.871794871795	0.56	0.738095238095	0.533333333333	0.666666666667	0.76
750	0.510638297872	0.651162790698	0.644444444444	0.53488372093	0.583333333333	0.477272727273	0.777777777778	0.666666666667	0.808510638298	0.54	0.878048780488	0.56	0.775510204082	0.510638297872	0.658536585366	0.78
800	0.530612244898	0.673913043478	0.666666666667	0.551020408163	0.6	0.510204081633	0.789473684211	0.673469387755	0.84	0.54	0.883720930233	0.56	0.78	0.510638297872	0.659090909091	0.82
850	0.54	0.68	0.7	0.56	0.58	0.52	0.8	0.7	0.88	0.54	0.891304347826	0.58	0.8	0.54	0.673913043478	0.84
900	0.56	0.76	0.7	0.64	0.58	0.54	0.804347826087	0.72	0.9	0.54	0.877551020408	0.58	0.84	0.56	0.6875	0.86
950	0.6	0.78	0.72	0.66	0.58	0.54	0.791666666667	0.74	0.94	0.58	0.9	0.56	0.84	0.56	0.68	0.86
1000	0.64	0.78	0.76	0.68	0.66	0.6	0.84	0.76	0.94	0.58	0.88	0.56	0.86	0.6	0.68	0.88
1050	0.64	0.78	0.82	0.68	0.66	0.62	0.88	0.8	0.94	0.58	0.88	0.54	0.86	0.66	0.7	0.86
1100	0.64	0.78	0.86	0.66	0.66	0.64	0.92	0.82	0.94	0.54	0.86	0.52	0.86	0.7	0.72	0.88
1150	0.64	0.8	0.84	0.64	0.66	0.62	0.94	0.82	0.94	0.58	0.86	0.5	0.9	0.72	0.76	0.88
1200	0.66	0.82	0.84	0.64	0.66	0.64	0.94	0.86	0.9	0.58	0.84	0.52	0.9	0.7	0.78	0.9
1250	0.66	0.86	0.84	0.64	0.68	0.62	0.96	0.86	0.88	0.6	0.84	0.54	0.88	0.64	0.78	0.9
1300	0.7	0.86	0.86	0.64	0.7	0.64	0.96	0.84	0.88	0.6	0.84	0.5	0.88	0.62	0.78	0.9
1350	0.68	0.84	0.84	0.64	0.7	0.6	0.96	0.82	0.92	0.58	0.84	0.54	0.88	0.64	0.8	0.9
1400	0.72	0.84	0.84	0.68	0.7	0.58	0.96	0.78	0.9	0.6	0.82	0.54	0.88	0.62	0.8	0.86
1450	0.74	0.88	0.84	0.7	0.68	0.58	0.96	0.78	0.9	0.64	0.82	0.54	0.86	0.58	0.8	0.86
1500	0.72	0.88	0.82	0.7	0.74	0.58	0.96	0.76	0.92	0.66	0.82	0.58	0.86	0.6	0.8	0.84
1550	0.72	0.86	0.82	0.72	0.74	0.54	0.94	0.76	0.92	0.64	0.82	0.58	0.86	0.64	0.8	0.84
1600	0.76	0.84	0.82	0.7	0.78	0.54	0.96	0.74	0.92	0.64	0.8	0.56	0.86	0.62	0.82	0.82
1650	0.8	0.84	0.82	0.72	0.8	0.52	0.96	0.74	0.92	0.64	0.8	0.56	0.86	0.66	0.78	0.8
1700	0.78	0.86	0.82	0.72	0.8	0.54	0.94	0.76	0.92	0.64	0.84	0.52	0.86	0.66	0.78	0.8
1750	0.76	0.86	0.82	0.7	0.76	0.58	0.94	0.74	0.92	0.64	0.84	0.5	0.88	0.7	0.78	0.8
1800	0.74	0.9	0.82	0.66	0.76	0.58	0.94	0.76	0.92	0.66	0.86	0.46	0.88	0.66	0.78	0.82
1850	0.74	0.84	0.8	0.66	0.76	0.54	0.94	0.78	0.92	0.72	0.88	0.46	0.88	0.68	0.78	0.82
1900	0.7	0.86	0.76	0.66	0.74	0.52	0.94	0.78	0.92	0.68	0.88	0.48	0.88	0.66	0.78	0.8
1950	0.72	0.82	0.76	0.68	0.76	0.48	0.94	0.78	0.92	0.68	0.88	0.5	0.88	0.68	0.76	0.78
2000	0.72	0.8	0.76	0.7	0.76	0.54	0.92	0.74	0.9	0.66	0.86	0.48	0.86	0.66	0.74	0.78
2050	0.7	0.8	0.82	0.72	0.74	0.56	0.92	0.74	0.92	0.68	0.86	0.44	0.86	0.68	0.74	0.72
2100	0.7	0.8	0.84	0.74	0.78	0.6	0.92	0.76	0.94	0.7	0.86	0.44	0.84	0.68	0.74	0.72
2150	0.68	0.76	0.84	0.76	0.78	0.62	0.94	0.78	0.96	0.72	0.86	0.44	0.84	0.76	0.76	0.76
2200	0.66	0.68	0.88	0.76	0.76	0.64	0.94	0.76	0.94	0.7	0.84	0.42	0.8	0.78	0.74	0.76
2250	0.68	0.68	0.9	0.76	0.82	0.68	0.94	0.78	0.92	0.7	0.88	0.4	0.8	0.78	0.72	0.8
2300	0.72	0.66	0.9	0.74	0.82	0.7	0.94	0.74	0.92	0.72	0.88	0.36	0.74	0.78	0.76	0.78
2350	0.76	0.66	0.88	0.74	0.84	0.7	0.94	0.74	0.92	0.72	0.88	0.4	0.7	0.82	0.78	0.82
2400	0.74	0.64	0.9	0.74	0.8	0.7	0.92	0.74	0.9	0.7	0.88	0.42	0.7	0.82	0.82	0.82
2450	0.7	0.64	0.86	0.72	0.82	0.72	0.92	0.7	0.9	0.72	0.86	0.4	0.66	0.86	0.8	0.84
2500	0.68	0.64	0.82	0.72	0.84	0.68	0.92	0.7	0.88	0.72	0.86	0.44	0.62	0.82	0.8	0.82
2550	0.7	0.64	0.8	0.72	0.84	0.66	0.92	0.7	0.88	0.72	0.86	0.44	0.62	0.84	0.82	0.82
2600	0.7	0.6	0.82	0.74	0.82	0.66	0.92	0.7	0.9	0.74	0.86	0.44	0.6	0.86	0.84	0.82
2650	0.74	0.58	0.84	0.76	0.8	0.64	0.92	0.68	0.88	0.74	0.86	0.48	0.6	0.84	0.86	0.84
2700	0.76	0.6	0.82	0.76	0.8	0.66	0.92	0.68	0.88	0.74	0.86	0.46	0.58	0.86	0.86	0.88
2750	0.76	0.62	0.82	0.78	0.8	0.64	0.92	0.72	0.9	0.74	0.9	0.5	0.52	0.86	0.86	0.94
2800	0.8	0.58	0.82	0.78	0.82	0.62	0.94	0.74	0.88	0.72	0.92	0.48	0.52	0.84	0.84	0.94
2850	0.82	0.62	0.82	0.8	0.84	0.66	0.92	0.72	0.88	0.76	0.9	0.46	0.5	0.82	0.82	0.94
2900	0.86	0.66	0.82	0.82	0.84	0.66	0.9	0.74	0.88	0.8	0.92	0.48	0.48	0.84	0.82	0.94
2950	0.88	0.64	0.8	0.78	0.84	0.66	0.9	0.74	0.86	0.82	0.9	0.44	0.48	0.84	0.82	0.94
3000	0.88	0.64	0.76	0.78	0.84	0.64	0.9	0.72	0.86	0.82	0.88	0.44	0.5	0.86	0.86	0.96
3050	0.86	0.64	0.78	0.74	0.84	0.6	0.92	0.72	0.88	0.82	0.88	0.46	0.56	0.84	0.88	0.96
3100	0.86	0.68	0.78	0.74	0.82	0.58	0.94	0.72	0.88	0.82	0.9	0.46	0.56	0.84	0.84	0.94
3150	0.86	0.7	0.84	0.74	0.82	0.56	0.94	0.72	0.88	0.82	0.9	0.48	0.56	0.84	0.82	0.94
3200	0.86	0.74	0.86	0.74	0.82	0.52	0.94	0.74	0.88	0.82	0.92	0.48	0.56	0.88	0.78	0.92
3250	0.82	0.74	0.86	0.76	0.84	0.5	0.94	0.74	0.9	0.82	0.92	0.5	0.56	0.86	0.8	0.92
3300	0.84	0.74	0.86	0.8	0.82	0.48	0.96	0.74	0.9	0.86	0.88	0.54	0.56	0.86	0.8	0.92
3350	0.88	0.76	0.8	0.78	0.8	0.48	0.96	0.76	0.92	0.86	0.86	0.52	0.58	0.88	0.8	0.92
3400	0.88	0.76	0.82	0.78	0.82	0.5	0.96	0.74	0.92	0.86	0.86	0.48	0.6	0.9	0.78	0.92
3450	0.88	0.78	0.82	0.78	0.8	0.5	0.96	0.74	0.94	0.88	0.82	0.5	0.56	0.9	0.78	0.92
3500	0.84	0.8	0.82	0.8	0.8	0.5	0.94	0.72	0.94	0.88	0.8	0.5	0.56	0.9	0.78	0.88
3550	0.86	0.78	0.78	0.82	0.8	0.5	0.96	0.74	0.96	0.86	0.78	0.5	0.54	0.92	0.78	0.88
3600	0.84	0.8	0.78	0.8	0.82	0.5	0.98	0.74	0.96	0.86	0.78	0.46	0.54	0.92	0.78	0.88
3650	0.82	0.78	0.78	0.78	0.82	0.5	0.98	0.72	0.98	0.84	0.78	0.46	0.54	0.94	0.76	0.88
3700	0.84	0.72	0.78	0.78	0.84	0.46	0.98	0.72	0.98	0.84	0.8	0.46	0.56	0.92	0.72	0.88
3750	0.84	0.7	0.78	0.74	0.84	0.46	0.98	0.74	0.98	0.86	0.8	0.46	0.54	0.92	0.76	0.9
3800	0.84	0.7	0.78	0.72	0.8	0.44	0.96	0.7	0.98	0.84	0.8	0.48	0.54	0.92	0.76	0.9
3850	0.84	0.7	0.76	0.74	0.82	0.42	0.96	0.7	0.98	0.8	0.8	0.44	0.54	0.92	0.8	0.9
3900	0.84	0.7	0.76	0.74	0.84	0.44	0.96	0.66	0.98	0.82	0.8	0.42	0.56	0.94	0.8	0.9
3950	0.8	0.68	0.76	0.76	0.82	0.46	0.94	0.68	0.98	0.8	0.8	0.38	0.54	0.94	0.8	0.88
4000	0.78	0.68	0.76	0.76	0.82	0.46	0.94	0.7	1.0	0.8	0.82	0.36	0.5	0.96	0.78	0.9
4050	0.78	0.68	0.76	0.74	0.82	0.48	0.94	0.7	1.0	0.82	0.82	0.36	0.52	0.96	0.78	0.92
4100	0.82	0.66	0.74	0.74	0.82	0.5	0.92	0.68	1.0	0.8	0.82	0.34	0.5	0.96	0.82	0.9
4150	0.82	0.66	0.74	0.72	0.88	0.54	0.92	0.7	0.98	0.78	0.84	0.4	0.52	0.96	0.82	0.9
4200	0.82	0.66	0.74	0.7	0.88	0.52	0.92	0.68	0.98	0.78	0.88	0.42	0.52	0.96	0.82	0.88
4250	0.82	0.64	0.76	0.7	0.88	0.54	0.94	0.7	0.98	0.8	0.88	0.5	0.54	0.96	0.82	0.88
4300	0.84	0.64	0.78	0.7	0.86	0.52	0.94	0.72	0.98	0.8	0.88	0.5	0.54	0.96	0.86	0.9
4350	0.86	0.66	0.76	0.7	0.86	0.52	0.94	0.74	0.98	0.82	0.88	0.5	0.58	0.96	0.84	0.9
4400	0.86	0.66	0.78	0.68	0.86	0.52	0.94	0.72	0.98	0.82	0.84	0.5	0.6	0.96	0.86	0.86
4450	0.88	0.66	0.78	0.7	0.86	0.54	0.94	0.7	0.96	0.82	0.82	0.48	0.64	0.96	0.86	0.86
4500	0.88	0.66	0.76	0.7	0.9	0.6	0.94	0.68	0.96	0.82	0.8	0.5	0.64	0.98	0.86	0.86
4550	0.88	0.7	0.76	0.7	0.9	0.6	0.96	0.66	0.96	0.84	0.8	0.52	0.66	0.98	0.88	0.86
4600	0.9	0.74	0.76	0.7	0.9	0.6	0.96	0.74	0.96	0.84	0.8	0.56	0.66	0.96	0.9	0.84
4650	0.9	0.76	0.76	0.74	0.86	0.62	0.94	0.76	0.94	0.84	0.8	0.6	0.68	0.94	0.92	0.86
4700	0.88	0.76	0.76	0.74	0.88	0.66	0.94	0.8	0.94	0.86	0.8	0.62	0.72	0.94	0.92	0.82
4750	0.86	0.76	0.78	0.76	0.88	0.64	0.96	0.82	0.94	0.86	0.8	0.64	0.72	0.92	0.92	0.82
4800	0.86	0.8	0.82	0.78	0.88	0.64	0.96	0.8	0.94	0.86	0.8	0.68	0.76	0.92	0.92	0.82
4850	0.86	0.78	0.82	0.8	0.88	0.6	0.96	0.8	0.94	0.9	0.8	0.66	0.78	0.9	0.92	0.84
4900	0.88	0.78	0.84	0.8	0.88	0.62	0.98	0.8	0.94	0.92	0.8	0.66	0.82	0.9	0.94	0.82
4950	0.88	0.76	0.84	0.8	0.86	0.58	0.98	0.82	0.94	0.92	0.8	0.64	0.84	0.92	0.92	0.78
5000	0.88	0.78	0.82	0.8	0.8	0.62	0.98	0.82	0.96	0.92	0.78	0.62	0.84	0.92	0.92	0.78
5050	0.86	0.78	0.82	0.8	0.8	0.66	0.98	0.82	0.94	0.92	0.78	0.62	0.8	0.92	0.9	0.8
5100	0.86	0.8	0.8	0.84	0.78	0.64	0.96	0.8	0.92	0.92	0.8	0.64	0.8	0.9	0.9	0.8
5150	0.86	0.78	0.82	0.86	0.78	0.62	0.96	0.82	0.92	0.9	0.8	0.72	0.8	0.9	0.92	0.82
5200	0.84	0.78	0.82	0.86	0.76	0.62	0.96	0.8	0.9	0.88	0.8	0.74	0.8	0.9	0.92	0.82
5250	0.84	0.8	0.82	0.86	0.76	0.6	0.96	0.78	0.9	0.88	0.84	0.76	0.8	0.9	0.92	0.8
5300	0.82	0.8	0.82	0.88	0.78	0.56	0.94	0.8	0.92	0.88	0.84	0.72	0.78	0.9	0.94	0.78
5350	0.82	0.8	0.82	0.88	0.78	0.58	0.9	0.78	0.92	0.88	0.86	0.72	0.76	0.88	0.92	0.74
5400	0.8	0.8	0.82	0.9	0.78	0.58	0.9	0.76	0.9	0.84	0.86	0.72	0.74	0.88	0.9	0.72
5450	0.82	0.76	0.82	0.9	0.8	0.56	0.9	0.74	0.9	0.86	0.88	0.72	0.78	0.86	0.88	0.74
5500	0.8	0.78	0.84	0.88	0.82	0.6	0.9	0.76	0.92	0.84	0.88	0.74	0.78	0.82	0.86	0.7
5550	0.8	0.8	0.86	0.88	0.82	0.6	0.9	0.7	0.92	0.8	0.86	0.76	0.8	0.84	0.84	0.74
5600	0.8	0.78	0.86	0.88	0.82	0.6	0.9	0.68	0.92	0.8	0.86	0.8	0.82	0.86	0.8	0.72
5650	0.8	0.76	0.82	0.88	0.84	0.62	0.9	0.68	0.9	0.78	0.86	0.82	0.82	0.86	0.8	0.7
5700	0.8	0.74	0.8	0.88	0.84	0.6	0.9	0.66	0.88	0.78	0.88	0.82	0.8	0.86	0.82	0.72
5750	0.8	0.74	0.78	0.86	0.9	0.6	0.9	0.68	0.88	0.8	0.88	0.78	0.82	0.86	0.82	0.74
5800	0.8	0.74	0.76	0.84	0.9	0.58	0.9	0.62	0.88	0.82	0.88	0.78	0.82	0.86	0.82	0.76
5850	0.78	0.72	0.76	0.86	0.92	0.56	0.92	0.62	0.9	0.82	0.9	0.76	0.74	0.86	0.82	0.74
5900	0.78	0.72	0.74	0.86	0.94	0.54	0.96	0.6	0.9	0.78	0.9	0.78	0.74	0.86	0.84	0.74
5950	0.8	0.72	0.74	0.88	0.94	0.54	0.98	0.58	0.9	0.78	0.9	0.78	0.72	0.86	0.84	0.76
6000	0.8	0.72	0.7	0.88	0.96	0.54	0.98	0.58	0.88	0.78	0.9	0.78	0.76	0.86	0.82	0.78
6050	0.8	0.74	0.7	0.86	0.96	0.56	0.96	0.54	0.9	0.82	0.9	0.78	0.74	0.88	0.82	0.78
6100	0.82	0.78	0.72	0.84	0.96	0.58	0.94	0.6	0.9	0.82	0.9	0.72	0.74	0.88	0.8	0.78
6150	0.82	0.8	0.72	0.86	0.94	0.6	0.94	0.62	0.92	0.82	0.9	0.68	0.74	0.88	0.8	0.78
6200	0.8	0.78	0.7	0.84	0.9	0.64	0.94	0.64	0.92	0.84	0.88	0.72	0.74	0.88	0.82	0.78
6250	0.82	0.8	0.7	0.84	0.88	0.64	0.94	0.66	0.92	0.86	0.88	0.72	0.7	0.88	0.84	0.82
6300	0.86	0.8	0.7	0.84	0.92	0.62	0.96	0.68	0.92	0.84	0.88	0.72	0.66	0.9	0.86	0.82
6350	0.88	0.82	0.72	0.84	0.9	0.62	0.96	0.68	0.92	0.84	0.88	0.72	0.68	0.9	0.88	0.84
6400	0.92	0.86	0.72	0.86	0.88	0.66	0.96	0.66	0.9	0.8	0.88	0.7	0.64	0.9	0.88	0.86
6450	0.92	0.86	0.74	0.86	0.88	0.66	0.92	0.66	0.92	0.82	0.88	0.7	0.68	0.9	0.9	0.86
6500	0.92	0.86	0.74	0.86	0.84	0.66	0.92	0.68	0.92	0.84	0.88	0.68	0.7	0.9	0.92	0.84
6550	0.9	0.88	0.76	0.86	0.84	0.68	0.92	0.7	0.94	0.84	0.86	0.68	0.72	0.88	0.9	0.84
6600	0.9	0.88	0.76	0.86	0.84	0.68	0.92	0.7	0.94	0.82	0.88	0.68	0.72	0.86	0.9	0.84
6650	0.9	0.9	0.76	0.88	0.84	0.7	0.92	0.72	0.94	0.82	0.88	0.68	0.72	0.86	0.92	0.82
6700	0.92	0.9	0.76	0.9	0.82	0.68	0.92	0.74	0.94	0.8	0.88	0.76	0.74	0.86	0.92	0.82
6750	0.9	0.86	0.78	0.88	0.8	0.68	0.9	0.76	0.94	0.78	0.88	0.76	0.72	0.84	0.92	0.8
6800	0.9	0.84	0.82	0.86	0.8	0.68	0.9	0.76	0.96	0.8	0.88	0.76	0.7	0.84	0.92	0.8
6850	0.9	0.84	0.84	0.86	0.8	0.68	0.9	0.78	0.96	0.82	0.88	0.78	0.78	0.84	0.92	0.82
6900	0.88	0.84	0.78	0.86	0.86	0.68	0.9	0.82	0.98	0.82	0.88	0.76	0.78	0.84	0.94	0.8
6950	0.86	0.86	0.78	0.86	0.86	0.66	0.92	0.8	0.98	0.8	0.88	0.8	0.78	0.82	0.96	0.8
7000	0.86	0.88	0.78	0.9	0.84	0.66	0.92	0.76	0.98	0.76	0.88	0.8	0.82	0.84	0.96	0.78
7050	0.84	0.88	0.76	0.88	0.84	0.66	0.92	0.78	0.98	0.76	0.86	0.82	0.82	0.84	0.94	0.78
7100	0.84	0.88	0.72	0.88	0.86	0.68	0.92	0.76	0.96	0.74	0.86	0.82	0.84	0.84	0.96	0.76
7150	0.84	0.88	0.72	0.88	0.86	0.68	0.88	0.78	0.94	0.74	0.86	0.8	0.82	0.86	0.94	0.74
7200	0.82	0.86	0.72	0.86	0.86	0.68	0.9	0.76	0.94	0.76	0.86	0.82	0.82	0.86	0.94	0.72
7250	0.8	0.86	0.72	0.86	0.86	0.68	0.9	0.74	0.94	0.74	0.86	0.84	0.84	0.88	0.94	0.74
7300	0.78	0.86	0.72	0.86	0.88	0.66	0.92	0.74	0.92	0.78	0.86	0.82	0.8	0.88	0.92	0.74
7350	0.76	0.84	0.72	0.84	0.88	0.64	0.92	0.76	0.92	0.78	0.84	0.82	0.82	0.9	0.92	0.72
7400	0.74	0.84	0.72	0.82	0.88	0.64	0.92	0.74	0.92	0.82	0.84	0.82	0.82	0.9	0.94	0.72
7450	0.74	0.86	0.72	0.76	0.88	0.7	0.88	0.74	0.92	0.8	0.84	0.8	0.82	0.9	0.94	0.74
7500	0.76	0.86	0.7	0.8	0.86	0.68	0.88	0.74	0.92	0.74	0.82	0.8	0.82	0.86	0.92	0.76
7550	0.78	0.9	0.74	0.8	0.84	0.66	0.88	0.72	0.92	0.74	0.82	0.8	0.82	0.84	0.92	0.76
7600	0.76	0.9	0.74	0.78	0.84	0.66	0.9	0.72	0.92	0.76	0.86	0.8	0.8	0.84	0.92	0.76
7650	0.78	0.88	0.72	0.76	0.84	0.68	0.9	0.7	0.92	0.76	0.84	0.8	0.78	0.84	0.9	0.76
7700	0.8	0.88	0.72	0.78	0.84	0.64	0.9	0.72	0.92	0.78	0.84	0.78	0.78	0.84	0.9	0.76
7750	0.76	0.88	0.74	0.78	0.84	0.64	0.88	0.74	0.92	0.74	0.84	0.78	0.78	0.84	0.9	0.78
7800	0.74	0.88	0.76	0.78	0.84	0.66	0.88	0.72	0.92	0.76	0.84	0.8	0.74	0.84	0.88	0.82
7850	0.74	0.9	0.74	0.78	0.84	0.66	0.88	0.76	0.92	0.76	0.88	0.78	0.72	0.86	0.9	0.8
7900	0.74	0.88	0.72	0.76	0.84	0.68	0.9	0.74	0.9	0.76	0.86	0.76	0.72	0.86	0.9	0.82
7950	0.74	0.88	0.72	0.76	0.84	0.68	0.88	0.76	0.94	0.74	0.86	0.76	0.76	0.86	0.9	0.84
8000	0.76	0.9	0.76	0.74	0.86	0.7	0.88	0.78	0.94	0.72	0.86	0.76	0.76	0.86	0.92	0.84
8050	0.78	0.88	0.8	0.76	0.84	0.72	0.88	0.78	0.96	0.7	0.86	0.72	0.76	0.86	0.92	0.86
8100	0.78	0.86	0.74	0.76	0.86	0.76	0.9	0.78	0.98	0.68	0.88	0.74	0.78	0.86	0.92	0.86
8150	0.82	0.86	0.72	0.76	0.84	0.76	0.9	0.78	0.98	0.7	0.9	0.74	0.76	0.86	0.94	0.86
8200	0.8	0.86	0.72	0.78	0.82	0.78	0.9	0.8	0.98	0.68	0.9	0.72	0.8	0.9	0.94	0.88
8250	0.8	0.86	0.7	0.82	0.82	0.76	0.88	0.82	0.96	0.7	0.9	0.72	0.82	0.92	0.94	0.88
8300	0.8	0.84	0.7	0.82	0.82	0.8	0.9	0.78	0.96	0.72	0.88	0.74	0.82	0.86	0.94	0.9
8350	0.78	0.84	0.74	0.8	0.84	0.82	0.9	0.78	0.96	0.7	0.88	0.76	0.82	0.9	0.94	0.9
8400	0.78	0.82	0.68	0.76	0.84	0.82	0.9	0.76	0.96	0.7	0.88	0.76	0.84	0.86	0.94	0.94
8450	0.78	0.84	0.7	0.74	0.8	0.84	0.92	0.78	0.9	0.7	0.84	0.72	0.8	0.86	0.96	0.94
8500	0.8	0.84	0.7	0.74	0.78	0.84	0.92	0.78	0.9	0.7	0.84	0.72	0.78	0.86	0.96	0.94
8550	0.82	0.84	0.7	0.74	0.8	0.86	0.92	0.78	0.9	0.68	0.84	0.72	0.76	0.86	0.96	0.94
8600	0.82	0.86	0.68	0.74	0.76	0.82	0.92	0.76	0.9	0.7	0.86	0.72	0.78	0.86	0.96	0.92
8650	0.84	0.86	0.68	0.78	0.76	0.84	0.92	0.78	0.9	0.68	0.86	0.72	0.78	0.8	0.94	0.92
8700	0.84	0.88	0.68	0.78	0.76	0.78	0.94	0.78	0.9	0.68	0.88	0.74	0.78	0.8	0.94	0.92
8750	0.84	0.88	0.72	0.74	0.76	0.76	0.94	0.78	0.9	0.7	0.88	0.74	0.8	0.76	0.94	0.92
8800	0.84	0.88	0.74	0.74	0.76	0.72	0.94	0.72	0.9	0.74	0.88	0.74	0.8	0.68	0.94	0.92
8850	0.84	0.9	0.76	0.74	0.76	0.72	0.94	0.72	0.88	0.74	0.88	0.8	0.8	0.68	0.92	0.9
8900	0.84	0.88	0.8	0.74	0.76	0.7	0.94	0.72	0.88	0.74	0.84	0.78	0.78	0.68	0.92	0.92
8950	0.82	0.88	0.8	0.78	0.8	0.7	0.94	0.72	0.88	0.72	0.84	0.76	0.82	0.68	0.9	0.92
9000	0.82	0.88	0.82	0.74	0.78	0.7	0.94	0.7	0.86	0.72	0.88	0.78	0.84	0.68	0.9	0.94
9050	0.84	0.9	0.82	0.74	0.78	0.7	0.96	0.74	0.86	0.76	0.88	0.78	0.82	0.74	0.9	0.94
9100	0.84	0.86	0.82	0.72	0.8	0.68	0.96	0.72	0.86	0.78	0.88	0.74	0.76	0.74	0.9	0.94
9150	0.84	0.82	0.84	0.72	0.8	0.66	0.98	0.7	0.86	0.76	0.86	0.74	0.76	0.78	0.9	0.94
9200	0.84	0.78	0.82	0.74	0.82	0.66	0.98	0.7	0.88	0.78	0.86	0.72	0.8	0.78	0.9	0.96
9250	0.84	0.78	0.82	0.74	0.8	0.68	0.98	0.72	0.88	0.8	0.86	0.76	0.8	0.76	0.9	0.96
9300	0.86	0.76	0.84	0.76	0.8	0.7	0.98	0.7	0.88	0.84	0.86	0.8	0.78	0.76	0.9	0.96
9350	0.86	0.76	0.84	0.74	0.84	0.68	0.98	0.74	0.88	0.84	0.86	0.8	0.78	0.76	0.88	0.96
9400	0.86	0.76	0.82	0.76	0.84	0.66	0.98	0.74	0.92	0.84	0.86	0.82	0.8	0.74	0.9	0.96
9450	0.86	0.76	0.82	0.72	0.86	0.66	1.0	0.74	0.92	0.86	0.86	0.84	0.8	0.72	0.88	0.94
9500	0.84	0.76	0.78	0.72	0.82	0.72	1.0	0.74	0.92	0.86	0.86	0.86	0.8	0.7	0.9	0.94
9550	0.9	0.78	0.78	0.68	0.84	0.72	1.0	0.74	0.92	0.86	0.86	0.86	0.76	0.74	0.88	0.94
9600	0.92	0.76	0.8	0.74	0.84	0.74	1.0	0.78	0.9	0.84	0.86	0.84	0.74	0.76	0.86	0.96
9650	0.9	0.76	0.82	0.74	0.82	0.74	1.0	0.8	0.9	0.84	0.86	0.86	0.72	0.76	0.86	0.96
9700	0.9	0.74	0.82	0.74	0.84	0.76	0.96	0.8	0.9	0.84	0.86	0.86	0.7	0.72	0.84	0.94
9750	0.88	0.76	0.82	0.68	0.86	0.8	0.96	0.82	0.9	0.86	0.86	0.86	0.72	0.72	0.84	0.92
9800	0.88	0.76	0.8	0.68	0.86	0.78	0.96	0.82	0.9	0.84	0.86	0.86	0.72	0.7	0.84	0.92
9850	0.86	0.76	0.82	0.72	0.88	0.76	0.96	0.82	0.92	0.86	0.86	0.88	0.72	0.68	0.86	0.9
9900	0.86	0.76	0.8	0.72	0.88	0.8	0.94	0.84	0.94	0.86	0.84	0.88	0.7	0.68	0.86	0.9
9950	0.88	0.78	0.8	0.72	0.88	0.78	0.88	0.86	0.94	0.84	0.82	0.9	0.68	0.66	0.86	0.9
10000	0.86	0.76	0.8	0.72	0.86	0.78	0.86	0.86	0.94	0.82	0.82	0.88	0.72	0.68	0.86	0.9
10050	0.86	0.8	0.8	0.74	0.88	0.8	0.86	0.88	0.94	0.82	0.84	0.88	0.72	0.68	0.88	0.9
10100	0.86	0.82	0.8	0.74	0.88	0.8	0.84	0.86	0.94	0.84	0.88	0.9	0.76	0.72	0.88	0.9
10150	0.88	0.84	0.82	0.76	0.9	0.82	0.84	0.88	0.94	0.84	0.88	0.88	0.8	0.72	0.88	0.9
10200	0.88	0.82	0.82	0.76	0.92	0.82	0.84	0.9	0.96	0.84	0.88	0.88	0.78	0.76	0.9	0.92
10250	0.88	0.84	0.82	0.78	0.92	0.82	0.86	0.9	0.96	0.88	0.88	0.86	0.78	0.8	0.9	0.92
10300	0.88	0.86	0.84	0.82	0.92	0.82	0.88	0.9	0.96	0.9	0.88	0.86	0.78	0.82	0.92	0.92
10350	0.88	0.88	0.84	0.84	0.92	0.8	0.88	0.9	0.98	0.9	0.88	0.88	0.8	0.82	0.92	0.92
10400	0.92	0.9	0.84	0.82	0.92	0.82	0.9	0.9	1.0	0.9	0.9	0.9	0.88	0.84	0.94	0.92
10450	0.94	0.94	0.88	0.86	0.94	0.84	0.94	0.9	1.0	0.92	0.94	0.92	0.88	0.86	0.98	0.94
10500	0.94	0.98	0.9	0.86	0.94	0.84	0.98	0.9	1.0	0.94	0.98	0.92	0.88	0.88	0.98	0.96
10550	0.94	0.98	0.94	0.9	0.94	0.86	0.98	0.94	1.0	0.96	0.94	0.92	0.9	0.92	0.98	0.98
10600	0.94	0.98	0.94	0.92	0.94	0.88	1.0	0.94	1.0	0.98	0.94	0.94	0.9	0.94	1.0	1.0
10650	0.94	1.0	0.94	0.92	0.94	0.88	1.0	0.96	0.98	0.98	0.94	0.94	0.9	0.94	1.0	1.0
10700	0.96	1.0	0.94	0.92	0.94	0.88	1.0	0.96	0.98	0.96	0.96	0.96	0.94	0.96	1.0	1.0
10750	0.96	1.0	0.96	0.94	0.96	0.92	1.0	0.96	0.98	0.96	0.96	0.96	0.96	0.96	1.0	1.0
10800	0.96	1.0	0.96	0.94	0.96	0.94	1.0	0.96	0.98	0.96	0.96	0.96	0.98	0.98	1.0	1.0
10850	0.96	1.0	0.98	0.96	0.96	0.94	1.0	0.98	0.98	0.96	0.96	0.98	0.98	1.0	1.0	1.0
10900	0.98	1.0	0.98	0.98	0.96	0.94	0.98	1.0	0.98	0.98	0.96	0.98	0.98	1.0	1.0	1.0
10950	0.98	1.0	0.98	1.0	0.96	0.94	0.96	0.98	0.98	0.96	0.96	0.98	0.98	1.0	1.0	1.0
11000	1.0	1.0	1.0	1.0	0.98	0.98	0.96	0.98	0.98	0.96	0.96	0.98	0.98	1.0	1.0	1.0
11050	0.98	1.0	1.0	1.0	1.0	0.98	0.96	0.98	0.98	0.94	0.96	0.98	0.98	1.0	1.0	1.0
11100	0.98	1.0	1.0	1.0	1.0	0.98	0.96	0.98	0.98	0.94	0.96	0.98	1.0	1.0	1.0	1.0
11150	0.98	1.0	1.0	1.0	1.0	0.98	0.96	0.98	0.98	0.94	1.0	0.98	1.0	1.0	1.0	1.0
11200	0.98	1.0	1.0	1.0	1.0	1.0	0.96	0.98	0.98	0.94	1.0	0.96	1.0	1.0	1.0	1.0
11250	0.98	1.0	1.0	1.0	1.0	1.0	0.96	0.98	0.98	0.96	1.0	0.98	1.0	1.0	1.0	1.0
11300	0.98	1.0	0.98	0.98	1.0	1.0	0.94	0.98	1.0	0.96	1.0	0.98	1.0	0.96	1.0	1.0
11350	0.98	1.0	0.98	0.98	1.0	1.0	0.94	0.98	1.0	0.96	1.0	0.98	1.0	0.96	1.0	1.0
11400	0.98	1.0	0.98	0.98	1.0	0.98	0.92	0.98	1.0	0.94	1.0	0.98	0.98	0.96	1.0	1.0
11450	0.98	0.98	0.98	0.96	1.0	0.98	0.92	0.98	1.0	0.94	1.0	0.98	0.98	0.94	1.0	1.0
11500	0.98	0.98	0.98	0.96	1.0	0.98	0.92	0.98	1.0	0.96	1.0	0.98	0.98	0.94	1.0	1.0
11550	0.98	0.98	0.98	0.96	1.0	0.94	0.94	0.98	1.0	0.98	1.0	0.98	0.98	0.92	1.0	1.0
11600	0.98	0.98	0.98	0.96	1.0	0.94	0.96	0.98	1.0	0.98	1.0	0.98	0.96	0.92	1.0	1.0
11650	1.0	0.98	0.98	0.96	1.0	0.92	0.96	0.98	1.0	0.98	1.0	0.98	0.96	0.92	1.0	1.0
11700	1.0	0.96	0.98	0.96	1.0	0.9	0.94	0.98	1.0	0.98	1.0	0.98	0.96	0.92	1.0	1.0
11750	1.0	0.96	0.98	0.94	1.0	0.9	0.94	1.0	1.0	0.98	1.0	0.96	0.96	0.92	1.0	1.0
11800	1.0	0.96	0.98	0.92	1.0	0.88	0.96	1.0	1.0	0.98	1.0	0.98	0.96	0.92	1.0	1.0
11850	1.0	0.96	0.98	0.92	1.0	0.88	0.94	1.0	1.0	0.98	1.0	0.98	0.96	0.92	1.0	1.0
11900	1.0	0.96	0.98	0.92	1.0	0.88	0.94	1.0	0.98	0.96	1.0	0.98	0.96	0.92	1.0	0.98
11950	1.0	0.94	0.98	0.92	1.0	0.88	0.96	1.0	0.98	0.96	1.0	0.98	0.96	0.92	1.0	0.98
12000	1.0	0.92	0.98	0.92	1.0	0.88	0.96	1.0	0.98	0.98	1.0	0.98	0.98	0.92	1.0	0.98
12050	1.0	0.92	0.98	0.94	1.0	0.9	0.96	1.0	0.98	0.98	1.0	0.98	0.98	0.96	1.0	0.96
12100	1.0	0.92	0.98	0.94	1.0	0.9	0.96	1.0	0.98	0.98	1.0	0.98	0.98	0.94	1.0	0.96
12150	1.0	0.94	0.98	0.94	1.0	0.9	0.96	1.0	0.98	0.98	1.0	0.98	0.98	0.94	1.0	0.96
12200	1.0	0.94	0.98	0.94	1.0	0.94	0.96	1.0	0.98	0.98	1.0	0.98	0.98	0.94	0.98	0.96
12250	1.0	0.94	0.98	0.94	1.0	0.94	0.96	1.0	0.98	0.98	1.0	0.96	1.0	0.92	0.98	0.96
12300	1.0	0.94	0.98	0.96	1.0	0.96	0.98	1.0	0.98	0.94	1.0	0.96	1.0	0.92	0.98	0.96
12350	1.0	0.94	0.98	0.96	1.0	0.96	0.98	1.0	0.98	0.94	1.0	0.96	1.0	0.92	0.98	0.96
12400	1.0	0.94	0.98	0.96	1.0	0.98	0.98	1.0	0.98	0.94	1.0	0.96	1.0	0.92	0.98	0.94
12450	1.0	0.94	0.98	1.0	1.0	0.98	1.0	1.0	0.98	0.96	1.0	0.96	1.0	0.94	0.98	0.94
12500	1.0	0.94	0.98	1.0	1.0	0.98	1.0	0.98	0.96	0.96	1.0	0.98	1.0	0.94	0.98	0.94
12550	1.0	0.94	0.98	1.0	1.0	0.98	1.0	0.98	0.94	0.96	1.0	0.98	1.0	0.94	0.98	0.94
12600	1.0	0.96	0.98	1.0	1.0	0.98	1.0	0.98	0.94	0.96	0.98	0.98	1.0	0.94	0.98	0.96
12650	1.0	0.96	0.98	1.0	1.0	1.0	1.0	0.98	0.94	0.96	0.98	0.94	1.0	0.94	0.98	0.96
12700	1.0	0.96	0.98	1.0	1.0	1.0	1.0	0.98	0.96	0.96	0.98	0.94	1.0	0.94	0.98	0.96
12750	1.0	0.98	1.0	1.0	1.0	1.0	1.0	0.98	0.96	0.96	0.98	0.94	1.0	0.94	0.98	0.98
12800	1.0	0.98	1.0	1.0	1.0	1.0	1.0	0.98	0.96	0.96	0.98	0.94	1.0	0.92	1.0	0.98
12850	1.0	0.98	1.0	0.98	1.0	1.0	1.0	0.98	0.94	0.96	0.98	0.94	1.0	0.92	1.0	0.98
12900	1.0	0.98	1.0	0.98	1.0	1.0	1.0	0.98	0.94	0.96	0.98	0.96	1.0	0.94	1.0	0.98
12950	1.0	0.98	1.0	0.98	1.0	1.0	1.0	0.98	0.94	0.94	0.98	0.96	1.0	0.94	1.0	0.98
13000	1.0	0.98	1.0	0.98	1.0	1.0	1.0	0.98	0.94	0.98	0.98	0.96	1.0	0.94	1.0	0.98
13050	1.0	0.98	1.0	0.98	1.0	1.0	1.0	0.96	0.94	0.98	0.98	0.96	1.0	0.96	1.0	0.98
13100	1.0	0.98	0.98	0.98	1.0	1.0	1.0	0.94	0.94	0.96	0.98	0.96	1.0	0.98	1.0	0.98
13150	1.0	0.98	0.98	0.98	1.0	1.0	1.0	0.96	0.94	0.96	1.0	0.96	1.0	0.98	1.0	0.98
13200	1.0	1.0	0.98	0.98	1.0	1.0	1.0	0.96	0.94	0.96	0.98	0.96	1.0	0.98	1.0	1.0
13250	1.0	1.0	0.98	0.98	1.0	1.0	1.0	0.94	0.94	0.96	0.98	1.0	1.0	0.98	1.0	1.0
13300	1.0	0.98	0.98	0.98	1.0	1.0	1.0	0.94	0.94	0.96	0.98	0.98	1.0	0.98	1.0	1.0
13350	1.0	0.98	0.98	0.98	1.0	0.98	1.0	0.94	0.96	0.96	0.98	0.98	1.0	0.98	1.0	0.98
13400	1.0	0.98	0.98	0.98	1.0	0.96	0.98	0.94	0.98	0.94	0.98	0.98	1.0	0.98	1.0	0.98
13450	1.0	0.98	0.98	0.98	1.0	0.96	0.98	0.94	0.98	0.94	0.98	0.98	1.0	0.98	1.0	0.98
13500	1.0	0.98	0.98	0.98	1.0	0.96	0.98	0.94	0.98	0.94	0.98	0.98	1.0	0.98	1.0	0.98
13550	1.0	0.98	0.98	1.0	1.0	0.96	0.98	0.94	1.0	0.94	0.98	0.98	1.0	0.98	1.0	0.98
13600	1.0	0.98	0.98	1.0	1.0	0.96	0.98	0.94	1.0	0.94	0.98	0.96	1.0	1.0	1.0	0.98
13650	1.0	0.98	0.96	1.0	1.0	0.96	0.98	0.96	1.0	0.94	0.98	0.96	1.0	1.0	1.0	0.98
13700	1.0	0.98	0.96	1.0	1.0	0.96	0.98	0.96	1.0	0.96	0.98	0.98	1.0	1.0	1.0	0.98
13750	1.0	0.98	0.94	0.98	1.0	0.96	0.98	0.96	1.0	0.96	0.98	0.98	1.0	1.0	1.0	0.98
13800	1.0	0.98	0.96	0.98	1.0	0.96	0.98	0.96	1.0	0.96	0.98	0.98	1.0	1.0	1.0	0.96
13850	1.0	0.98	0.96	0.98	1.0	0.94	0.98	0.98	1.0	0.96	0.98	0.98	1.0	1.0	0.98	0.96
13900	1.0	0.98	0.96	0.98	1.0	0.94	0.98	0.98	1.0	0.98	0.98	0.98	1.0	1.0	0.98	0.96
13950	1.0	0.98	0.96	0.98	1.0	0.96	0.98	0.98	1.0	0.98	1.0	0.98	1.0	1.0	0.98	0.96
14000	1.0	1.0	0.96	0.98	1.0	0.94	1.0	0.98	1.0	0.98	1.0	0.98	1.0	1.0	0.98	0.94
14050	1.0	1.0	0.96	0.98	1.0	0.94	1.0	0.98	1.0	0.98	1.0	0.98	1.0	1.0	0.98	0.94
14100	1.0	1.0	0.96	0.98	1.0	0.96	1.0	0.98	1.0	0.98	0.98	0.98	1.0	1.0	0.98	0.94
14150	1.0	1.0	0.96	0.96	1.0	0.96	1.0	0.98	1.0	0.96	0.98	0.98	1.0	1.0	0.98	0.94
14200	1.0	1.0	0.96	0.94	1.0	0.96	1.0	0.98	1.0	0.96	0.98	1.0	1.0	1.0	0.98	0.96
14250	1.0	1.0	0.98	0.94	1.0	0.96	1.0	0.98	1.0	0.96	0.96	1.0	1.0	1.0	0.98	0.96
14300	1.0	1.0	0.98	0.96	1.0	0.96	1.0	0.98	1.0	0.96	0.96	1.0	1.0	1.0	0.98	0.96
14350	1.0	1.0	0.98	0.96	0.98	0.96	1.0	0.98	1.0	0.96	0.96	1.0	1.0	1.0	0.98	0.96
14400	1.0	1.0	0.98	0.96	0.98	0.96	1.0	0.98	1.0	0.96	0.96	1.0	1.0	1.0	0.98	0.96
14450	1.0	1.0	0.98	0.96	0.98	0.98	1.0	0.98	1.0	0.96	0.96	1.0	1.0	1.0	0.98	0.96
14500	1.0	1.0	0.98	0.96	0.98	0.98	1.0	1.0	1.0	0.96	0.94	1.0	1.0	1.0	0.98	0.96
14550	0.98	1.0	1.0	0.94	0.98	1.0	1.0	1.0	0.98	0.96	0.94	0.98	1.0	1.0	0.98	0.96
14600	0.98	1.0	0.98	0.94	0.98	1.0	1.0	1.0	0.96	0.96	0.92	0.98	1.0	1.0	1.0	0.96
14650	0.98	1.0	0.98	0.94	0.98	1.0	1.0	1.0	0.96	0.96	0.92	0.98	1.0	1.0	1.0	0.96
14700	0.98	1.0	0.98	0.94	0.98	1.0	1.0	1.0	0.96	0.96	0.92	0.98	1.0	1.0	1.0	0.96
14750	0.98	1.0	0.98	0.96	0.98	1.0	1.0	1.0	0.96	0.96	0.92	0.98	1.0	1.0	1.0	0.96
14800	0.98	1.0	0.98	0.98	0.98	1.0	1.0	1.0	0.96	0.96	0.92	0.98	1.0	1.0	1.0	0.96
14850	0.98	1.0	0.98	0.98	0.98	1.0	1.0	1.0	0.96	0.94	0.92	0.98	1.0	1.0	1.0	0.96
14900	0.96	0.98	0.98	0.98	0.98	0.98	1.0	1.0	0.96	0.94	0.94	0.96	0.98	1.0	1.0	0.98
14950	0.96	0.98	0.98	0.98	1.0	0.98	1.0	1.0	0.96	0.96	0.94	0.96	0.98	1.0	1.0	0.96
15000	0.96	0.96	0.98	0.98	1.0	0.98	1.0	1.0	0.96	0.96	0.94	0.96	0.98	1.0	1.0	0.96
15050	0.94	0.96	0.98	0.98	1.0	0.98	1.0	1.0	0.92	0.96	0.94	0.96	0.98	1.0	1.0	0.96
15100	0.94	0.96	0.98	0.98	1.0	0.98	1.0	1.0	0.92	0.96	0.94	0.96	0.98	1.0	1.0	0.96
15150	0.94	0.94	0.98	1.0	0.98	0.98	1.0	1.0	0.92	0.96	0.96	0.96	0.98	1.0	1.0	0.94
15200	0.94	0.94	0.98	0.98	0.98	0.98	1.0	1.0	0.92	0.96	0.96	0.96	0.98	1.0	1.0	0.94
15250	0.92	0.94	0.98	0.98	0.98	0.98	1.0	1.0	0.92	0.96	0.96	0.98	0.98	1.0	1.0	0.94
15300	0.94	0.94	1.0	0.98	0.98	0.98	1.0	1.0	0.96	0.96	0.98	0.98	0.98	1.0	1.0	0.94
15350	0.94	0.92	1.0	0.96	0.98	0.98	1.0	1.0	0.96	0.96	0.98	0.98	0.98	1.0	1.0	0.94
15400	0.94	0.92	1.0	0.96	0.98	0.98	1.0	1.0	0.96	0.96	1.0	0.98	0.96	1.0	1.0	0.94
15450	0.94	0.92	1.0	0.96	0.98	0.98	1.0	1.0	0.96	0.96	1.0	0.96	0.96	1.0	1.0	0.94
15500	0.94	0.92	1.0	0.96	0.98	0.98	1.0	1.0	0.96	0.94	1.0	0.96	0.96	1.0	1.0	0.94
15550	0.94	0.92	1.0	0.94	0.98	0.98	1.0	1.0	0.96	0.94	0.98	0.96	0.96	1.0	1.0	0.96
15600	0.94	0.94	1.0	0.94	0.98	0.98	0.98	1.0	0.96	0.96	0.98	0.96	0.96	1.0	1.0	0.96
15650	0.94	0.96	1.0	0.94	0.98	1.0	0.98	1.0	0.96	0.96	0.98	0.96	0.96	1.0	1.0	0.96
15700	0.96	0.96	0.98	0.94	1.0	1.0	0.98	1.0	0.96	0.96	0.98	0.96	0.94	1.0	1.0	0.96
15750	0.96	0.98	0.96	0.94	1.0	1.0	0.98	1.0	0.96	0.98	0.98	0.98	0.94	1.0	1.0	0.98
15800	0.98	0.96	0.96	0.94	1.0	1.0	0.98	1.0	0.96	0.98	0.98	0.98	0.94	1.0	1.0	0.98
15850	0.98	0.94	0.96	0.96	1.0	1.0	0.98	1.0	0.98	0.98	0.98	0.98	0.94	1.0	1.0	0.98
15900	0.98	0.94	0.96	0.98	1.0	1.0	0.98	1.0	1.0	0.98	0.98	0.98	0.94	1.0	1.0	0.98
15950	0.98	0.94	0.96	0.98	1.0	1.0	0.98	1.0	1.0	0.98	0.98	0.98	0.94	1.0	1.0	1.0
16000	1.0	0.96	0.96	0.98	1.0	1.0	0.96	1.0	1.0	0.98	0.98	0.98	0.92	1.0	1.0	1.0
16050	1.0	0.96	0.96	0.98	1.0	1.0	0.96	1.0	1.0	0.98	0.98	0.96	0.92	1.0	1.0	1.0
16100	1.0	0.96	0.96	1.0	1.0	1.0	0.96	1.0	1.0	0.98	0.98	0.94	0.94	1.0	1.0	1.0
16150	1.0	0.96	0.96	1.0	1.0	1.0	0.96	1.0	1.0	0.98	0.98	0.94	0.94	1.0	0.98	1.0
16200	1.0	0.96	0.96	1.0	1.0	1.0	0.96	0.98	1.0	0.98	0.96	0.92	0.94	1.0	0.98	1.0
16250	1.0	0.94	0.96	1.0	1.0	1.0	0.96	0.98	1.0	0.98	0.96	0.92	0.96	1.0	0.98	1.0
16300	1.0	0.94	1.0	1.0	1.0	1.0	0.98	0.98	1.0	1.0	0.96	0.94	0.96	1.0	0.98	1.0
16350	1.0	0.94	1.0	1.0	1.0	1.0	0.98	0.96	1.0	1.0	0.98	0.94	0.96	1.0	0.96	1.0
16400	1.0	0.94	1.0	1.0	1.0	1.0	0.96	0.96	1.0	1.0	0.98	0.94	0.96	1.0	0.96	1.0
16450	1.0	0.94	1.0	1.0	1.0	1.0	0.96	0.94	0.98	1.0	0.98	0.94	0.98	1.0	0.96	1.0
16500	1.0	0.98	1.0	1.0	1.0	1.0	0.96	0.94	0.98	1.0	0.98	0.94	0.98	1.0	0.96	1.0
16550	1.0	0.98	1.0	1.0	1.0	1.0	0.96	0.94	0.98	1.0	0.98	0.94	0.98	1.0	0.96	1.0
16600	1.0	0.98	1.0	1.0	1.0	1.0	0.96	0.94	0.98	1.0	0.98	0.94	0.98	1.0	0.96	1.0
16650	1.0	0.98	1.0	0.98	1.0	1.0	0.96	0.94	0.98	1.0	0.98	0.92	0.98	1.0	0.96	1.0
16700	1.0	0.98	1.0	0.98	1.0	1.0	0.96	0.94	0.98	1.0	0.98	0.92	0.98	1.0	0.96	1.0
16750	1.0	0.96	1.0	0.96	1.0	1.0	0.96	0.94	0.98	1.0	0.98	0.94	1.0	1.0	0.94	1.0
16800	1.0	0.96	1.0	0.96	1.0	1.0	0.98	0.94	0.98	1.0	0.98	0.96	1.0	1.0	0.94	1.0
16850	1.0	0.96	1.0	0.96	1.0	1.0	0.98	0.94	0.98	1.0	0.98	0.96	1.0	1.0	0.92	1.0
16900	1.0	0.96	0.98	0.96	1.0	1.0	0.98	0.94	0.98	1.0	0.98	0.96	1.0	1.0	0.92	0.96
16950	1.0	0.96	0.98	0.96	1.0	1.0	0.98	0.94	0.98	0.98	0.98	0.96	1.0	1.0	0.94	0.96
17000	1.0	0.98	0.98	0.96	1.0	1.0	0.98	0.96	0.98	0.98	0.98	0.96	1.0	1.0	0.96	0.96
17050	0.98	0.98	0.98	0.96	1.0	1.0	0.98	0.96	0.98	0.98	1.0	0.94	1.0	1.0	0.96	0.96
17100	0.98	0.98	0.98	0.94	1.0	1.0	1.0	0.96	1.0	0.96	1.0	0.94	1.0	1.0	0.96	0.96
17150	0.98	0.98	0.98	0.92	0.98	1.0	1.0	0.98	0.98	0.96	1.0	0.94	1.0	1.0	0.96	0.96
17200	0.98	0.98	0.98	0.92	0.98	1.0	0.96	0.98	0.98	0.96	1.0	0.94	1.0	1.0	0.96	0.96
17250	0.98	0.98	0.98	0.92	0.98	1.0	0.94	1.0	0.98	0.96	1.0	0.94	1.0	1.0	0.96	0.96
17300	0.98	0.98	0.98	0.94	0.98	1.0	0.94	1.0	0.96	0.96	1.0	0.94	1.0	1.0	0.96	0.96
17350	0.98	0.98	0.98	0.94	0.96	1.0	0.94	1.0	0.96	0.96	0.96	0.96	1.0	1.0	0.96	0.96
17400	0.98	0.98	0.98	0.96	0.94	1.0	0.94	1.0	0.96	0.96	0.96	0.96	1.0	1.0	0.96	0.96
17450	0.98	1.0	0.98	0.96	0.94	1.0	0.94	1.0	0.96	0.96	0.96	0.96	1.0	1.0	0.98	0.96
17500	0.98	1.0	0.98	0.96	0.94	1.0	0.94	1.0	0.96	0.96	0.96	0.96	1.0	1.0	1.0	0.96
17550	0.98	1.0	0.98	0.96	0.94	1.0	0.92	1.0	0.96	0.96	0.96	0.98	1.0	1.0	1.0	0.96
17600	0.98	1.0	0.98	0.96	0.94	1.0	0.92	1.0	0.96	0.96	0.96	0.98	1.0	1.0	1.0	0.94
17650	0.98	1.0	0.98	0.96	0.94	1.0	0.92	1.0	0.96	0.96	0.96	0.96	1.0	1.0	1.0	0.96
17700	0.98	1.0	0.98	0.96	0.94	1.0	0.92	1.0	0.96	0.98	0.96	0.98	1.0	1.0	1.0	0.96
17750	0.98	1.0	0.98	0.96	0.94	1.0	0.9	1.0	0.96	0.98	0.96	0.98	1.0	1.0	1.0	0.98
17800	0.98	1.0	0.98	0.98	0.94	1.0	0.88	1.0	0.96	0.98	0.96	0.98	1.0	1.0	1.0	0.98
17850	0.98	1.0	0.98	0.98	0.94	1.0	0.88	1.0	0.98	1.0	0.96	0.98	1.0	1.0	1.0	0.98
17900	1.0	1.0	0.98	0.98	0.96	1.0	0.92	1.0	0.98	1.0	0.94	0.94	1.0	1.0	1.0	0.98
17950	1.0	0.98	0.98	0.98	0.96	1.0	0.94	1.0	1.0	1.0	0.94	0.92	1.0	1.0	1.0	0.98
18000	1.0	0.98	0.98	0.98	0.94	1.0	0.94	1.0	1.0	1.0	0.94	0.92	1.0	1.0	1.0	0.98
18050	1.0	0.98	0.98	0.98	0.94	1.0	0.92	1.0	1.0	0.98	0.94	0.92	1.0	1.0	1.0	0.98
18100	1.0	0.98	0.98	0.98	0.96	1.0	0.92	1.0	1.0	0.98	0.92	0.92	1.0	1.0	1.0	0.98
18150	1.0	0.98	0.98	0.98	0.98	1.0	0.92	1.0	1.0	0.94	0.96	0.92	1.0	1.0	1.0	0.96
18200	1.0	0.98	0.98	0.98	0.98	1.0	0.92	1.0	1.0	0.94	0.94	0.92	1.0	1.0	1.0	0.96
18250	1.0	0.98	0.98	0.98	0.98	1.0	0.92	1.0	0.98	0.92	0.94	0.94	1.0	1.0	1.0	0.96
18300	1.0	0.98	0.98	0.98	0.98	1.0	0.94	1.0	0.98	0.92	0.94	0.94	1.0	1.0	1.0	0.96
18350	1.0	0.98	0.98	0.98	0.98	1.0	0.94	1.0	0.98	0.92	0.94	0.94	1.0	1.0	1.0	0.96
18400	1.0	0.96	1.0	1.0	0.98	1.0	0.94	1.0	0.98	0.92	0.94	0.94	1.0	1.0	1.0	0.98
18450	1.0	0.98	1.0	1.0	0.98	1.0	0.96	1.0	0.98	0.92	0.94	0.94	1.0	1.0	1.0	0.98
18500	0.98	0.98	1.0	1.0	0.98	1.0	0.96	1.0	0.98	0.92	0.94	0.94	1.0	1.0	1.0	0.98
18550	0.98	0.98	1.0	1.0	0.98	1.0	0.98	1.0	0.98	0.92	0.94	0.98	1.0	1.0	1.0	0.98
18600	0.98	0.96	1.0	1.0	1.0	1.0	0.98	1.0	0.98	0.92	0.96	0.98	1.0	1.0	1.0	0.98
18650	0.98	0.96	1.0	1.0	1.0	1.0	0.98	1.0	0.98	0.92	0.96	1.0	1.0	1.0	1.0	0.98
18700	0.98	0.96	1.0	1.0	1.0	1.0	0.98	1.0	0.98	0.92	0.96	1.0	1.0	1.0	1.0	0.98
18750	0.98	0.96	1.0	1.0	1.0	1.0	0.98	1.0	0.98	0.94	0.96	1.0	1.0	1.0	1.0	0.98
18800	0.98	0.96	1.0	1.0	1.0	1.0	1.0	1.0	0.98	0.98	0.96	1.0	1.0	1.0	1.0	1.0
18850	0.98	0.96	1.0	1.0	1.0	1.0	1.0	1.0	0.98	0.98	0.98	1.0	1.0	0.98	1.0	1.0
18900	0.98	0.96	1.0	1.0	1.0	1.0	1.0	1.0	1.0	0.98	0.96	1.0	1.0	0.98	1.0	1.0
18950	0.98	0.96	1.0	0.98	1.0	1.0	1.0	1.0	1.0	0.98	0.96	1.0	1.0	0.98	1.0	1.0
19000	0.98	0.94	1.0	0.98	1.0	1.0	1.0	1.0	1.0	1.0	0.96	1.0	1.0	0.98	1.0	1.0
19050	0.98	0.96	1.0	0.96	1.0	1.0	1.0	1.0	1.0	0.98	0.96	1.0	1.0	0.98	0.98	1.0
19100	0.98	0.96	1.0	0.96	1.0	1.0	1.0	1.0	1.0	0.98	0.96	1.0	1.0	0.98	0.98	1.0
19150	0.98	0.96	1.0	0.94	1.0	0.98	1.0	1.0	1.0	0.98	0.94	1.0	1.0	0.98	0.98	1.0
19200	1.0	0.96	1.0	0.94	1.0	0.98	1.0	1.0	1.0	0.98	0.94	1.0	1.0	0.98	0.98	1.0
19250	1.0	0.96	1.0	0.94	1.0	0.98	1.0	1.0	1.0	0.98	0.94	1.0	1.0	0.98	0.98	1.0
19300	1.0	0.96	1.0	0.94	1.0	0.98	1.0	1.0	1.0	0.98	0.96	1.0	1.0	0.98	0.98	1.0
19350	1.0	0.98	1.0	0.94	1.0	0.98	1.0	1.0	1.0	0.98	0.96	1.0	1.0	0.98	0.98	1.0
19400	1.0	0.98	1.0	0.94	1.0	0.98	1.0	1.0	1.0	0.98	0.96	1.0	1.0	0.98	0.98	1.0
19450	1.0	0.96	1.0	0.94	1.0	0.98	1.0	1.0	1.0	0.98	0.96	1.0	1.0	1.0	0.98	1.0
19500	1.0	0.96	1.0	0.94	1.0	0.98	0.98	1.0	1.0	0.96	0.96	1.0	1.0	1.0	0.98	1.0
19550	1.0	0.96	1.0	0.94	1.0	0.98	0.98	0.98	1.0	0.96	0.98	1.0	1.0	1.0	0.96	1.0
19600	1.0	0.96	1.0	0.94	1.0	0.98	0.98	0.98	1.0	0.96	0.98	1.0	1.0	1.0	0.96	1.0
19650	1.0	0.96	1.0	0.94	1.0	0.98	0.98	0.98	1.0	0.96	0.98	1.0	1.0	1.0	0.94	1.0
19700	1.0	0.96	1.0	0.94	1.0	0.98	0.98	0.98	1.0	0.96	0.98	1.0	1.0	1.0	0.94	1.0
19750	1.0	0.98	1.0	0.96	1.0	0.98	0.98	0.98	1.0	0.96	0.98	1.0	1.0	1.0	0.96	1.0
19800	1.0	0.98	1.0	0.98	1.0	0.98	0.98	0.98	1.0	0.98	0.98	1.0	1.0	1.0	0.96	1.0
19850	1.0	0.98	1.0	0.98	1.0	0.98	0.98	0.98	1.0	0.98	1.0	1.0	1.0	1.0	0.96	1.0
19900	1.0	0.98	1.0	0.98	1.0	0.98	0.98	0.98	1.0	0.96	1.0	1.0	1.0	1.0	0.96	1.0
19950	1.0	0.98	1.0	0.98	1.0	0.98	0.98	0.98	0.98	0.96	1.0	1.0	1.0	1.0	0.96	0.98
20000	1.0	0.96	1.0	1.0	1.0	0.98	0.96	0.98	0.98	0.96	1.0	1.0	1.0	1.0	0.96	0.98
