0	0.0	0.0	0.0	0.0	0.0	0.0	0.0	0.0	0.0	0.0	0.0	0.0	0.0	0.0	0.0	0.0
50	0.0	0.0	0.0	0.0	0.0	0.142857142857	0.111111111111	0.0	0.0	0.0	0.0	0.0	0.0	0.0	0.0	0.0
100	0.0	0.0	0.0	0.0	0.0	0.0769230769231	0.0526315789474	0.0	0.0	0.0	0.0	0.0	0.0	0.0	0.0	0.0
150	0.0555555555556	0.0434782608696	0.0	0.0	0.0	0.0555555555556	0.037037037037	0.0	0.0	0.111111111111	0.0	0.0526315789474	0.0384615384615	0.0	0.0	0.142857142857
200	0.047619047619	0.103448275862	0.0434782608696	0.105263157895	0.157894736842	0.0434782608696	0.0857142857143	0.0	0.0	0.136363636364	0.0416666666667	0.153846153846	0.037037037037	0.037037037037	0.047619047619	0.111111111111
250	0.142857142857	0.129032258065	0.133333333333	0.136363636364	0.217391304348	0.193548387097	0.139534883721	0.0333333333333	0.0588235294118	0.142857142857	0.0714285714286	0.193548387097	0.0333333333333	0.0625	0.21875	0.0833333333333
300	0.147058823529	0.184210526316	0.153846153846	0.166666666667	0.265306122449	0.205882352941	0.1875	0.0857142857143	0.125	0.142857142857	0.135135135135	0.222222222222	0.0263157894737	0.1	0.277777777778	0.0967741935484
350	0.175	0.208333333333	0.136363636364	0.147058823529	0.3	0.255813953488	0.2	0.102564102564	0.155555555556	0.19512195122	0.239130434783	0.217391304348	0.0833333333333	0.093023255814	0.279069767442	0.111111111111
400	0.173913043478	0.22	0.18	0.219512195122	0.36	0.270833333333	0.22	0.142857142857	0.163265306122	0.195652173913	0.229166666667	0.26	0.16	0.104166666667	0.291666666667	0.155555555556
450	0.2	0.24	0.22	0.234042553191	0.4	0.3	0.24	0.16	0.26	0.24	0.26	0.32	0.22	0.14	0.4	0.16
500	0.28	0.26	0.26	0.24	0.46	0.32	0.28	0.24	0.34	0.28	0.28	0.38	0.28	0.18	0.44	0.2
550	0.3	0.34	0.3	0.32	0.54	0.34	0.28	0.26	0.36	0.32	0.32	0.48	0.34	0.2	0.46	0.18
600	0.32	0.34	0.3	0.42	0.6	0.36	0.28	0.3	0.4	0.32	0.34	0.52	0.4	0.3	0.48	0.24
650	0.4	0.38	0.32	0.42	0.58	0.34	0.32	0.38	0.44	0.3	0.36	0.56	0.44	0.32	0.44	0.32
700	0.38	0.38	0.3	0.42	0.56	0.32	0.32	0.4	0.44	0.3	0.36	0.6	0.5	0.36	0.38	0.36
750	0.4	0.38	0.28	0.38	0.58	0.38	0.32	0.42	0.48	0.36	0.36	0.64	0.52	0.36	0.44	0.36
800	0.42	0.4	0.32	0.34	0.56	0.4	0.3	0.4	0.52	0.34	0.42	0.6	0.52	0.38	0.48	0.38
850	0.4	0.44	0.3	0.32	0.54	0.42	0.3	0.34	0.52	0.42	0.4	0.64	0.48	0.34	0.48	0.48
900	0.48	0.52	0.3	0.36	0.52	0.44	0.28	0.42	0.52	0.42	0.44	0.66	0.52	0.4	0.48	0.52
950	0.5	0.54	0.32	0.4	0.46	0.44	0.3	0.5	0.52	0.44	0.46	0.62	0.48	0.42	0.48	0.6
1000	0.52	0.6	0.32	0.38	0.46	0.5	0.32	0.44	0.5	0.48	0.5	0.62	0.48	0.38	0.52	0.64
1050	0.52	0.58	0.34	0.4	0.48	0.52	0.32	0.46	0.5	0.46	0.5	0.64	0.52	0.42	0.58	0.66
1100	0.52	0.56	0.34	0.46	0.52	0.48	0.32	0.5	0.46	0.5	0.5	0.68	0.52	0.42	0.52	0.74
1150	0.54	0.58	0.36	0.56	0.54	0.48	0.32	0.56	0.48	0.5	0.54	0.68	0.52	0.44	0.5	0.74
1200	0.58	0.6	0.42	0.6	0.56	0.48	0.34	0.6	0.5	0.48	0.54	0.7	0.52	0.46	0.48	0.72
1250	0.58	0.66	0.46	0.58	0.56	0.5	0.38	0.62	0.42	0.48	0.5	0.74	0.58	0.5	0.48	0.72
1300	0.54	0.7	0.5	0.58	0.56	0.48	0.44	0.58	0.4	0.54	0.54	0.78	0.58	0.52	0.52	0.68
1350	0.54	0.7	0.52	0.58	0.52	0.48	0.44	0.58	0.44	0.5	0.54	0.76	0.64	0.52	0.52	0.68
1400	0.56	0.68	0.54	0.58	0.52	0.52	0.5	0.62	0.5	0.5	0.58	0.76	0.7	0.52	0.46	0.64
1450	0.58	0.66	0.56	0.56	0.56	0.48	0.54	0.66	0.48	0.48	0.56	0.76	0.7	0.54	0.5	0.64
1500	0.56	0.64	0.52	0.56	0.56	0.56	0.54	0.7	0.56	0.54	0.58	0.74	0.7	0.56	0.52	0.64
1550	0.62	0.66	0.52	0.56	0.6	0.58	0.6	0.64	0.54	0.54	0.6	0.74	0.7	0.56	0.52	0.64
1600	0.64	0.68	0.58	0.58	0.64	0.6	0.62	0.66	0.6	0.56	0.6	0.76	0.72	0.54	0.58	0.68
1650	0.66	0.66	0.58	0.58	0.74	0.64	0.62	0.62	0.6	0.64	0.62	0.8	0.74	0.56	0.6	0.68
1700	0.66	0.6	0.56	0.64	0.78	0.62	0.64	0.62	0.66	0.66	0.6	0.76	0.78	0.58	0.62	0.7
1750	0.7	0.56	0.52	0.62	0.78	0.64	0.64	0.62	0.6	0.68	0.64	0.74	0.76	0.56	0.58	0.72
1800	0.74	0.6	0.54	0.64	0.74	0.66	0.62	0.62	0.6	0.72	0.7	0.76	0.78	0.48	0.58	0.72
1850	0.72	0.62	0.58	0.62	0.84	0.68	0.62	0.58	0.62	0.7	0.68	0.74	0.74	0.5	0.58	0.76
1900	0.74	0.64	0.58	0.64	0.84	0.66	0.68	0.58	0.64	0.76	0.76	0.76	0.74	0.48	0.58	0.76
1950	0.68	0.62	0.6	0.68	0.86	0.66	0.7	0.58	0.66	0.78	0.78	0.76	0.74	0.46	0.58	0.74
2000	0.68	0.6	0.6	0.66	0.8	0.68	0.74	0.62	0.7	0.76	0.78	0.7	0.76	0.5	0.58	0.76
2050	0.64	0.56	0.6	0.72	0.76	0.7	0.72	0.62	0.7	0.76	0.76	0.7	0.72	0.54	0.58	0.74
2100	0.64	0.58	0.58	0.66	0.76	0.7	0.7	0.58	0.74	0.8	0.78	0.7	0.7	0.46	0.5	0.74
2150	0.7	0.6	0.56	0.64	0.72	0.72	0.7	0.66	0.82	0.76	0.8	0.72	0.7	0.56	0.52	0.7
2200	0.66	0.66	0.52	0.64	0.72	0.76	0.7	0.66	0.8	0.7	0.78	0.78	0.76	0.64	0.6	0.64
2250	0.64	0.66	0.52	0.6	0.7	0.76	0.7	0.7	0.78	0.72	0.72	0.78	0.76	0.64	0.62	0.64
2300	0.64	0.7	0.58	0.6	0.66	0.72	0.7	0.66	0.72	0.68	0.7	0.8	0.76	0.64	0.62	0.62
2350	0.62	0.7	0.58	0.6	0.66	0.74	0.66	0.66	0.72	0.68	0.72	0.8	0.78	0.62	0.58	0.64
2400	0.68	0.76	0.62	0.58	0.68	0.7	0.62	0.64	0.74	0.72	0.7	0.78	0.78	0.66	0.58	0.64
2450	0.72	0.82	0.62	0.52	0.66	0.68	0.6	0.64	0.7	0.7	0.74	0.8	0.8	0.7	0.54	0.68
2500	0.76	0.78	0.62	0.56	0.68	0.7	0.58	0.62	0.66	0.66	0.68	0.86	0.82	0.66	0.58	0.66
2550	0.7	0.72	0.62	0.58	0.68	0.74	0.68	0.68	0.68	0.62	0.64	0.76	0.8	0.64	0.6	0.66
2600	0.62	0.76	0.58	0.58	0.66	0.68	0.7	0.7	0.7	0.64	0.68	0.7	0.78	0.62	0.56	0.7
2650	0.64	0.76	0.6	0.62	0.68	0.64	0.66	0.72	0.7	0.72	0.7	0.72	0.76	0.64	0.6	0.74
2700	0.6	0.74	0.56	0.6	0.68	0.66	0.66	0.7	0.74	0.78	0.76	0.72	0.76	0.62	0.6	0.68
2750	0.62	0.74	0.56	0.58	0.7	0.7	0.7	0.74	0.72	0.8	0.76	0.72	0.74	0.64	0.64	0.7
2800	0.66	0.72	0.54	0.62	0.74	0.7	0.68	0.76	0.76	0.76	0.74	0.68	0.72	0.64	0.68	0.7
2850	0.64	0.72	0.56	0.64	0.72	0.72	0.68	0.78	0.78	0.74	0.76	0.7	0.74	0.6	0.7	0.72
2900	0.64	0.7	0.56	0.66	0.7	0.72	0.7	0.76	0.72	0.78	0.78	0.76	0.74	0.6	0.74	0.74
2950	0.72	0.72	0.58	0.66	0.7	0.72	0.68	0.7	0.72	0.74	0.82	0.76	0.72	0.58	0.76	0.66
3000	0.76	0.72	0.62	0.66	0.76	0.74	0.68	0.68	0.74	0.72	0.8	0.74	0.7	0.6	0.76	0.62
3050	0.8	0.72	0.66	0.64	0.7	0.74	0.64	0.68	0.72	0.7	0.8	0.76	0.74	0.62	0.7	0.64
3100	0.8	0.72	0.64	0.66	0.72	0.74	0.62	0.68	0.72	0.7	0.82	0.8	0.74	0.64	0.78	0.66
3150	0.86	0.74	0.66	0.66	0.72	0.8	0.6	0.66	0.74	0.7	0.84	0.84	0.74	0.66	0.78	0.64
3200	0.82	0.74	0.66	0.66	0.66	0.78	0.64	0.72	0.78	0.74	0.84	0.82	0.74	0.66	0.74	0.66
3250	0.84	0.76	0.68	0.66	0.66	0.76	0.62	0.68	0.82	0.76	0.86	0.82	0.74	0.6	0.68	0.66
3300	0.84	0.76	0.68	0.66	0.68	0.76	0.62	0.66	0.8	0.74	0.84	0.76	0.74	0.62	0.7	0.68
3350	0.78	0.72	0.68	0.68	0.7	0.78	0.62	0.7	0.84	0.78	0.84	0.72	0.76	0.64	0.7	0.68
3400	0.74	0.74	0.64	0.64	0.68	0.78	0.6	0.7	0.84	0.76	0.84	0.78	0.74	0.68	0.74	0.7
3450	0.74	0.74	0.66	0.64	0.66	0.8	0.6	0.74	0.8	0.72	0.82	0.76	0.72	0.7	0.74	0.7
3500	0.76	0.76	0.68	0.62	0.64	0.78	0.62	0.74	0.78	0.72	0.78	0.74	0.74	0.68	0.74	0.74
3550	0.74	0.74	0.66	0.68	0.68	0.78	0.64	0.76	0.76	0.7	0.74	0.7	0.74	0.68	0.74	0.72
3600	0.72	0.74	0.72	0.68	0.7	0.78	0.74	0.74	0.72	0.66	0.74	0.68	0.74	0.68	0.7	0.72
3650	0.68	0.74	0.66	0.68	0.72	0.74	0.72	0.74	0.72	0.64	0.76	0.68	0.74	0.72	0.76	0.68
3700	0.66	0.72	0.64	0.66	0.7	0.7	0.7	0.74	0.72	0.66	0.7	0.72	0.8	0.78	0.76	0.7
3750	0.62	0.7	0.54	0.62	0.74	0.68	0.7	0.76	0.78	0.7	0.72	0.74	0.82	0.72	0.72	0.68
3800	0.64	0.68	0.5	0.62	0.76	0.66	0.72	0.8	0.74	0.68	0.72	0.74	0.8	0.68	0.64	0.72
3850	0.66	0.66	0.5	0.62	0.78	0.64	0.76	0.78	0.78	0.7	0.7	0.74	0.8	0.68	0.64	0.7
3900	0.6	0.66	0.48	0.58	0.78	0.66	0.78	0.82	0.8	0.68	0.74	0.78	0.78	0.72	0.64	0.7
3950	0.6	0.66	0.5	0.58	0.74	0.66	0.76	0.76	0.8	0.72	0.72	0.76	0.76	0.74	0.7	0.7
4000	0.66	0.7	0.52	0.6	0.7	0.66	0.72	0.72	0.84	0.68	0.78	0.76	0.78	0.76	0.74	0.7
4050	0.66	0.76	0.56	0.62	0.62	0.66	0.68	0.74	0.82	0.6	0.8	0.78	0.74	0.76	0.76	0.7
4100	0.64	0.8	0.58	0.64	0.6	0.7	0.62	0.72	0.78	0.66	0.8	0.72	0.76	0.78	0.76	0.72
4150	0.72	0.76	0.66	0.66	0.62	0.72	0.7	0.7	0.82	0.66	0.82	0.68	0.76	0.76	0.78	0.72
4200	0.74	0.78	0.7	0.68	0.66	0.68	0.68	0.72	0.84	0.66	0.86	0.68	0.76	0.8	0.8	0.74
4250	0.72	0.76	0.68	0.72	0.64	0.66	0.64	0.68	0.84	0.7	0.9	0.66	0.78	0.8	0.8	0.72
4300	0.72	0.74	0.72	0.7	0.66	0.7	0.64	0.68	0.84	0.72	0.86	0.7	0.78	0.8	0.82	0.68
4350	0.76	0.74	0.74	0.74	0.74	0.7	0.64	0.68	0.78	0.68	0.84	0.74	0.76	0.8	0.8	0.7
4400	0.76	0.74	0.76	0.76	0.78	0.66	0.68	0.62	0.8	0.7	0.84	0.72	0.74	0.76	0.76	0.66
4450	0.72	0.74	0.74	0.8	0.82	0.66	0.7	0.64	0.8	0.8	0.84	0.74	0.76	0.76	0.8	0.72
4500	0.74	0.72	0.74	0.78	0.84	0.64	0.7	0.6	0.76	0.8	0.82	0.74	0.76	0.74	0.78	0.72
4550	0.76	0.74	0.74	0.8	0.84	0.62	0.7	0.58	0.76	0.72	0.76	0.74	0.76	0.78	0.82	0.72
4600	0.76	0.8	0.74	0.72	0.78	0.64	0.7	0.6	0.78	0.66	0.74	0.8	0.74	0.78	0.82	0.72
4650	0.74	0.76	0.7	0.74	0.8	0.7	0.72	0.66	0.8	0.62	0.8	0.84	0.68	0.76	0.82	0.72
4700	0.8	0.78	0.7	0.76	0.8	0.74	0.68	0.64	0.82	0.64	0.82	0.88	0.68	0.76	0.82	0.74
4750	0.8	0.76	0.68	0.74	0.74	0.72	0.68	0.64	0.86	0.6	0.82	0.84	0.62	0.76	0.84	0.68
4800	0.82	0.76	0.72	0.66	0.72	0.72	0.68	0.64	0.84	0.56	0.74	0.76	0.6	0.74	0.84	0.66
4850	0.82	0.78	0.72	0.7	0.7	0.66	0.7	0.7	0.86	0.58	0.76	0.72	0.6	0.7	0.84	0.66
4900	0.84	0.78	0.72	0.7	0.78	0.7	0.66	0.66	0.88	0.66	0.78	0.72	0.64	0.72	0.8	0.7
4950	0.8	0.8	0.72	0.66	0.78	0.7	0.68	0.66	0.9	0.68	0.8	0.74	0.66	0.64	0.8	0.72
5000	0.74	0.78	0.7	0.66	0.78	0.7	0.7	0.74	0.9	0.74	0.8	0.7	0.68	0.64	0.84	0.72
5050	0.74	0.76	0.7	0.6	0.74	0.7	0.72	0.76	0.9	0.74	0.76	0.74	0.68	0.56	0.82	0.74
5100	0.74	0.78	0.78	0.58	0.76	0.68	0.74	0.78	0.88	0.7	0.7	0.8	0.7	0.58	0.82	0.74
5150	0.76	0.74	0.72	0.58	0.72	0.64	0.72	0.8	0.88	0.7	0.66	0.8	0.74	0.58	0.8	0.82
5200	0.72	0.74	0.7	0.56	0.68	0.68	0.76	0.84	0.86	0.72	0.72	0.78	0.74	0.6	0.8	0.82
5250	0.76	0.72	0.68	0.56	0.62	0.74	0.76	0.78	0.88	0.74	0.78	0.78	0.72	0.6	0.78	0.8
5300	0.76	0.72	0.66	0.56	0.58	0.8	0.74	0.8	0.9	0.72	0.74	0.76	0.7	0.62	0.82	0.8
5350	0.76	0.74	0.68	0.6	0.58	0.8	0.76	0.78	0.84	0.7	0.74	0.76	0.66	0.56	0.8	0.78
5400	0.78	0.72	0.68	0.6	0.56	0.76	0.64	0.76	0.78	0.68	0.72	0.72	0.68	0.58	0.78	0.78
5450	0.78	0.78	0.68	0.58	0.56	0.82	0.58	0.72	0.8	0.68	0.74	0.74	0.72	0.62	0.78	0.76
5500	0.72	0.76	0.64	0.56	0.56	0.78	0.56	0.66	0.78	0.66	0.72	0.72	0.76	0.62	0.8	0.76
5550	0.7	0.74	0.6	0.54	0.52	0.78	0.54	0.62	0.82	0.72	0.72	0.7	0.78	0.68	0.82	0.76
5600	0.7	0.74	0.6	0.48	0.5	0.8	0.54	0.66	0.84	0.72	0.74	0.7	0.82	0.66	0.78	0.7
5650	0.66	0.78	0.6	0.5	0.54	0.8	0.58	0.66	0.82	0.76	0.72	0.7	0.8	0.66	0.76	0.66
5700	0.64	0.7	0.58	0.52	0.54	0.8	0.56	0.68	0.84	0.78	0.72	0.68	0.82	0.64	0.76	0.66
5750	0.62	0.7	0.56	0.54	0.54	0.76	0.56	0.68	0.88	0.76	0.78	0.7	0.86	0.66	0.82	0.64
5800	0.6	0.7	0.54	0.52	0.56	0.74	0.6	0.68	0.86	0.74	0.8	0.7	0.84	0.68	0.78	0.64
5850	0.64	0.74	0.52	0.52	0.58	0.76	0.6	0.68	0.86	0.74	0.82	0.66	0.8	0.66	0.74	0.62
5900	0.6	0.74	0.5	0.48	0.58	0.72	0.62	0.72	0.86	0.76	0.86	0.7	0.78	0.64	0.74	0.64
5950	0.6	0.76	0.48	0.52	0.62	0.72	0.6	0.74	0.88	0.76	0.86	0.78	0.78	0.62	0.78	0.64
6000	0.62	0.74	0.44	0.5	0.62	0.72	0.62	0.7	0.9	0.74	0.82	0.76	0.74	0.6	0.76	0.68
6050	0.64	0.8	0.52	0.54	0.64	0.72	0.64	0.68	0.92	0.7	0.84	0.74	0.7	0.6	0.74	0.68
6100	0.66	0.82	0.54	0.58	0.6	0.74	0.6	0.66	0.96	0.7	0.82	0.78	0.7	0.62	0.76	0.7
6150	0.64	0.8	0.56	0.56	0.6	0.7	0.6	0.7	0.96	0.68	0.84	0.74	0.72	0.56	0.76	0.68
6200	0.66	0.78	0.58	0.58	0.64	0.68	0.6	0.66	0.88	0.7	0.82	0.76	0.72	0.56	0.74	0.68
6250	0.64	0.82	0.64	0.56	0.66	0.7	0.6	0.68	0.88	0.72	0.82	0.78	0.74	0.56	0.76	0.72
6300	0.62	0.82	0.64	0.58	0.66	0.74	0.58	0.64	0.82	0.74	0.84	0.78	0.74	0.6	0.74	0.68
6350	0.66	0.8	0.68	0.64	0.72	0.78	0.64	0.66	0.82	0.7	0.86	0.78	0.78	0.64	0.78	0.74
6400	0.64	0.78	0.62	0.64	0.76	0.8	0.66	0.64	0.8	0.68	0.82	0.76	0.76	0.66	0.78	0.7
6450	0.62	0.78	0.6	0.62	0.78	0.82	0.66	0.68	0.76	0.66	0.8	0.74	0.78	0.68	0.78	0.7
6500	0.62	0.78	0.66	0.66	0.76	0.8	0.66	0.64	0.76	0.64	0.82	0.76	0.78	0.68	0.8	0.7
6550	0.62	0.82	0.66	0.64	0.74	0.86	0.7	0.66	0.78	0.66	0.8	0.74	0.76	0.66	0.82	0.74
6600	0.68	0.86	0.68	0.66	0.74	0.84	0.66	0.68	0.82	0.68	0.78	0.76	0.74	0.7	0.86	0.76
6650	0.72	0.86	0.66	0.68	0.74	0.8	0.66	0.72	0.8	0.66	0.8	0.8	0.78	0.74	0.84	0.76
6700	0.72	0.86	0.68	0.68	0.74	0.8	0.68	0.74	0.8	0.6	0.76	0.76	0.7	0.76	0.86	0.72
6750	0.78	0.86	0.72	0.66	0.7	0.8	0.7	0.78	0.82	0.6	0.74	0.74	0.68	0.76	0.84	0.78
6800	0.76	0.84	0.76	0.68	0.66	0.78	0.66	0.82	0.8	0.62	0.7	0.74	0.7	0.84	0.88	0.8
6850	0.74	0.84	0.8	0.66	0.68	0.78	0.7	0.82	0.84	0.6	0.74	0.76	0.68	0.82	0.86	0.76
6900	0.72	0.88	0.68	0.7	0.72	0.76	0.68	0.78	0.82	0.66	0.78	0.78	0.68	0.86	0.86	0.72
6950	0.66	0.84	0.66	0.72	0.74	0.76	0.66	0.76	0.82	0.6	0.78	0.8	0.68	0.9	0.86	0.72
7000	0.66	0.82	0.66	0.68	0.78	0.72	0.7	0.76	0.82	0.62	0.78	0.8	0.68	0.86	0.86	0.7
7050	0.62	0.8	0.64	0.72	0.78	0.74	0.7	0.76	0.86	0.62	0.76	0.76	0.64	0.84	0.86	0.68
7100	0.66	0.82	0.66	0.74	0.78	0.78	0.7	0.74	0.88	0.62	0.78	0.74	0.62	0.84	0.86	0.7
7150	0.72	0.78	0.64	0.74	0.78	0.74	0.68	0.74	0.86	0.64	0.82	0.72	0.66	0.86	0.88	0.74
7200	0.76	0.8	0.66	0.72	0.78	0.76	0.68	0.76	0.86	0.68	0.82	0.74	0.7	0.86	0.88	0.7
7250	0.76	0.82	0.72	0.74	0.76	0.72	0.68	0.78	0.82	0.7	0.82	0.72	0.68	0.78	0.78	0.74
7300	0.76	0.78	0.74	0.78	0.74	0.72	0.7	0.82	0.84	0.76	0.82	0.68	0.7	0.8	0.78	0.74
7350	0.76	0.76	0.68	0.78	0.7	0.78	0.68	0.8	0.86	0.78	0.82	0.66	0.7	0.8	0.8	0.78
7400	0.78	0.76	0.72	0.8	0.68	0.76	0.7	0.84	0.86	0.82	0.84	0.62	0.66	0.78	0.78	0.82
7450	0.78	0.72	0.7	0.82	0.68	0.76	0.72	0.84	0.82	0.82	0.8	0.66	0.72	0.74	0.76	0.84
7500	0.84	0.7	0.7	0.82	0.68	0.84	0.7	0.82	0.78	0.82	0.8	0.72	0.74	0.74	0.76	0.84
7550	0.86	0.74	0.72	0.82	0.68	0.84	0.74	0.84	0.82	0.8	0.8	0.74	0.72	0.74	0.76	0.82
7600	0.82	0.7	0.68	0.84	0.72	0.84	0.8	0.84	0.82	0.74	0.78	0.74	0.7	0.72	0.7	0.82
7650	0.84	0.7	0.64	0.78	0.72	0.84	0.74	0.84	0.84	0.72	0.78	0.74	0.74	0.68	0.72	0.84
7700	0.84	0.7	0.64	0.74	0.76	0.82	0.78	0.82	0.86	0.72	0.78	0.8	0.78	0.66	0.76	0.84
7750	0.84	0.7	0.62	0.74	0.8	0.82	0.78	0.82	0.86	0.72	0.74	0.84	0.78	0.68	0.76	0.84
7800	0.82	0.72	0.64	0.76	0.82	0.84	0.78	0.84	0.86	0.7	0.72	0.86	0.76	0.66	0.74	0.8
7850	0.8	0.76	0.68	0.74	0.82	0.84	0.76	0.84	0.86	0.72	0.74	0.84	0.74	0.66	0.74	0.82
7900	0.82	0.74	0.7	0.78	0.82	0.84	0.8	0.82	0.9	0.78	0.78	0.8	0.76	0.68	0.72	0.84
7950	0.74	0.78	0.7	0.74	0.8	0.8	0.78	0.76	0.9	0.78	0.8	0.78	0.76	0.6	0.68	0.78
8000	0.72	0.76	0.7	0.72	0.82	0.78	0.76	0.64	0.82	0.82	0.8	0.78	0.8	0.62	0.64	0.7
8050	0.76	0.74	0.74	0.74	0.8	0.84	0.78	0.66	0.8	0.84	0.8	0.7	0.8	0.66	0.64	0.68
8100	0.76	0.74	0.76	0.76	0.8	0.86	0.84	0.64	0.8	0.82	0.82	0.7	0.78	0.7	0.68	0.66
8150	0.78	0.76	0.78	0.82	0.8	0.82	0.82	0.64	0.82	0.84	0.88	0.72	0.8	0.74	0.7	0.66
8200	0.76	0.76	0.78	0.82	0.82	0.82	0.84	0.58	0.8	0.84	0.92	0.76	0.82	0.72	0.7	0.62
8250	0.76	0.76	0.8	0.82	0.78	0.8	0.82	0.56	0.82	0.84	0.92	0.76	0.78	0.76	0.72	0.58
8300	0.76	0.76	0.78	0.8	0.8	0.86	0.78	0.56	0.8	0.74	0.86	0.76	0.74	0.82	0.74	0.54
8350	0.78	0.78	0.86	0.78	0.76	0.88	0.74	0.56	0.82	0.74	0.88	0.76	0.7	0.8	0.8	0.56
8400	0.8	0.78	0.84	0.76	0.78	0.86	0.78	0.6	0.86	0.7	0.88	0.8	0.64	0.74	0.84	0.64
8450	0.78	0.8	0.86	0.78	0.78	0.82	0.78	0.62	0.84	0.72	0.88	0.84	0.64	0.74	0.84	0.64
8500	0.76	0.84	0.88	0.8	0.8	0.78	0.78	0.62	0.82	0.7	0.88	0.84	0.64	0.68	0.76	0.62
8550	0.74	0.84	0.86	0.8	0.82	0.82	0.74	0.62	0.82	0.68	0.88	0.82	0.56	0.68	0.76	0.64
8600	0.7	0.84	0.84	0.78	0.8	0.8	0.74	0.66	0.8	0.66	0.84	0.82	0.6	0.64	0.74	0.62
8650	0.7	0.86	0.82	0.78	0.82	0.76	0.74	0.68	0.82	0.7	0.84	0.84	0.62	0.66	0.7	0.68
8700	0.68	0.9	0.84	0.78	0.84	0.76	0.74	0.72	0.86	0.68	0.9	0.88	0.68	0.7	0.72	0.68
8750	0.66	0.86	0.76	0.78	0.86	0.74	0.76	0.76	0.86	0.66	0.9	0.9	0.72	0.68	0.74	0.66
8800	0.64	0.9	0.76	0.74	0.86	0.7	0.78	0.78	0.88	0.62	0.92	0.88	0.7	0.7	0.76	0.66
8850	0.68	0.9	0.76	0.76	0.86	0.72	0.78	0.84	0.9	0.54	0.92	0.88	0.68	0.74	0.8	0.68
8900	0.66	0.84	0.74	0.74	0.86	0.74	0.72	0.82	0.94	0.56	0.88	0.86	0.68	0.74	0.86	0.7
8950	0.68	0.86	0.72	0.76	0.82	0.76	0.74	0.8	0.96	0.54	0.88	0.86	0.68	0.72	0.84	0.62
9000	0.74	0.82	0.72	0.72	0.82	0.76	0.74	0.84	0.94	0.54	0.88	0.86	0.72	0.74	0.84	0.62
9050	0.72	0.8	0.72	0.72	0.84	0.74	0.78	0.82	0.92	0.6	0.9	0.84	0.7	0.72	0.86	0.66
9100	0.78	0.8	0.72	0.72	0.82	0.78	0.8	0.8	0.9	0.6	0.86	0.86	0.72	0.74	0.86	0.68
9150	0.8	0.78	0.74	0.72	0.8	0.8	0.8	0.74	0.9	0.64	0.88	0.82	0.72	0.78	0.86	0.62
9200	0.82	0.82	0.74	0.7	0.8	0.84	0.8	0.72	0.88	0.66	0.88	0.8	0.68	0.74	0.82	0.6
9250	0.78	0.84	0.72	0.68	0.74	0.82	0.82	0.72	0.88	0.7	0.92	0.74	0.68	0.68	0.82	0.66
9300	0.8	0.82	0.76	0.64	0.74	0.82	0.84	0.78	0.86	0.74	0.9	0.76	0.7	0.72	0.86	0.74
9350	0.84	0.86	0.74	0.66	0.76	0.86	0.84	0.74	0.84	0.74	0.86	0.78	0.72	0.76	0.86	0.76
9400	0.84	0.82	0.72	0.64	0.74	0.88	0.82	0.7	0.84	0.72	0.86	0.8	0.72	0.74	0.84	0.74
9450	0.84	0.84	0.72	0.68	0.74	0.88	0.84	0.7	0.78	0.68	0.84	0.8	0.72	0.78	0.88	0.7
9500	0.82	0.82	0.72	0.68	0.74	0.86	0.78	0.66	0.78	0.68	0.84	0.74	0.7	0.78	0.9	0.72
9550	0.8	0.82	0.7	0.7	0.74	0.82	0.8	0.68	0.8	0.68	0.82	0.78	0.78	0.78	0.88	0.74
9600	0.76	0.82	0.68	0.66	0.76	0.76	0.74	0.72	0.76	0.7	0.82	0.78	0.76	0.8	0.86	0.74
9650	0.74	0.78	0.7	0.7	0.74	0.78	0.76	0.72	0.74	0.72	0.84	0.76	0.78	0.82	0.88	0.78
9700	0.7	0.78	0.7	0.74	0.8	0.76	0.74	0.74	0.8	0.72	0.88	0.76	0.76	0.82	0.88	0.68
9750	0.68	0.78	0.7	0.74	0.8	0.76	0.74	0.76	0.76	0.76	0.88	0.74	0.78	0.86	0.86	0.72
9800	0.68	0.78	0.72	0.72	0.8	0.74	0.78	0.8	0.72	0.8	0.86	0.74	0.78	0.84	0.84	0.74
9850	0.66	0.76	0.7	0.72	0.8	0.74	0.76	0.8	0.76	0.82	0.9	0.74	0.82	0.84	0.8	0.72
9900	0.56	0.78	0.68	0.76	0.76	0.74	0.8	0.86	0.78	0.8	0.9	0.76	0.82	0.86	0.78	0.7
9950	0.6	0.8	0.68	0.76	0.74	0.78	0.8	0.84	0.76	0.82	0.9	0.76	0.84	0.88	0.78	0.7
10000	0.62	0.8	0.7	0.8	0.78	0.72	0.78	0.88	0.76	0.84	0.92	0.82	0.84	0.92	0.78	0.8
10050	0.62	0.76	0.7	0.82	0.74	0.72	0.8	0.88	0.8	0.82	0.9	0.8	0.82	0.9	0.78	0.82
10100	0.66	0.82	0.72	0.88	0.8	0.74	0.8	0.84	0.8	0.8	0.9	0.84	0.8	0.9	0.78	0.8
10150	0.7	0.76	0.66	0.88	0.8	0.76	0.82	0.82	0.78	0.82	0.92	0.82	0.78	0.86	0.78	0.82
10200	0.72	0.76	0.7	0.88	0.78	0.76	0.78	0.84	0.78	0.8	0.92	0.82	0.78	0.86	0.8	0.82
10250	0.72	0.74	0.72	0.84	0.82	0.78	0.76	0.84	0.84	0.78	0.9	0.82	0.74	0.8	0.82	0.82
10300	0.74	0.76	0.74	0.84	0.82	0.74	0.76	0.86	0.84	0.86	0.94	0.8	0.74	0.76	0.78	0.84
10350	0.74	0.76	0.78	0.84	0.84	0.74	0.8	0.84	0.88	0.84	0.94	0.8	0.78	0.78	0.82	0.86
10400	0.72	0.8	0.74	0.78	0.86	0.8	0.82	0.84	0.88	0.8	0.88	0.84	0.8	0.76	0.8	0.86
10450	0.76	0.78	0.7	0.72	0.86	0.76	0.86	0.82	0.86	0.78	0.88	0.84	0.82	0.74	0.74	0.8
10500	0.78	0.82	0.68	0.7	0.84	0.72	0.86	0.84	0.86	0.8	0.88	0.8	0.82	0.72	0.7	0.78
10550	0.78	0.88	0.76	0.72	0.84	0.66	0.84	0.84	0.86	0.8	0.86	0.82	0.82	0.78	0.72	0.8
10600	0.76	0.86	0.76	0.68	0.8	0.62	0.82	0.82	0.86	0.8	0.84	0.82	0.84	0.76	0.72	0.74
10650	0.76	0.86	0.74	0.68	0.74	0.62	0.76	0.82	0.86	0.82	0.84	0.82	0.82	0.72	0.72	0.76
10700	0.74	0.84	0.72	0.7	0.74	0.7	0.76	0.84	0.9	0.76	0.8	0.84	0.84	0.68	0.7	0.74
10750	0.72	0.78	0.72	0.7	0.7	0.72	0.74	0.84	0.92	0.74	0.78	0.76	0.82	0.68	0.74	0.74
10800	0.72	0.72	0.7	0.74	0.68	0.72	0.7	0.8	0.9	0.74	0.82	0.76	0.82	0.66	0.72	0.7
10850	0.76	0.72	0.7	0.72	0.7	0.72	0.7	0.8	0.9	0.74	0.82	0.78	0.78	0.7	0.78	0.72
10900	0.74	0.72	0.74	0.72	0.72	0.74	0.68	0.82	0.92	0.76	0.82	0.8	0.76	0.64	0.82	0.7
10950	0.72	0.74	0.78	0.74	0.74	0.78	0.74	0.84	0.92	0.74	0.84	0.82	0.76	0.64	0.86	0.72
11000	0.72	0.76	0.78	0.76	0.78	0.8	0.76	0.84	0.92	0.74	0.82	0.78	0.74	0.7	0.86	0.7
11050	0.68	0.82	0.8	0.74	0.76	0.88	0.74	0.86	0.92	0.72	0.82	0.84	0.8	0.74	0.86	0.68
11100	0.68	0.82	0.8	0.74	0.76	0.86	0.78	0.9	0.9	0.74	0.86	0.82	0.78	0.76	0.86	0.7
11150	0.66	0.8	0.8	0.78	0.8	0.78	0.8	0.88	0.88	0.72	0.86	0.78	0.74	0.78	0.84	0.72
11200	0.7	0.82	0.86	0.8	0.82	0.74	0.74	0.9	0.9	0.76	0.9	0.8	0.78	0.8	0.84	0.78
11250	0.68	0.8	0.82	0.76	0.76	0.7	0.72	0.82	0.86	0.78	0.88	0.78	0.8	0.8	0.8	0.78
11300	0.66	0.8	0.82	0.78	0.76	0.68	0.74	0.84	0.86	0.8	0.88	0.72	0.78	0.8	0.78	0.74
11350	0.64	0.78	0.8	0.7	0.68	0.68	0.76	0.84	0.84	0.76	0.82	0.68	0.8	0.82	0.8	0.68
11400	0.64	0.78	0.8	0.72	0.66	0.68	0.74	0.82	0.84	0.72	0.82	0.66	0.74	0.76	0.74	0.66
11450	0.6	0.76	0.8	0.74	0.68	0.6	0.74	0.8	0.82	0.74	0.84	0.62	0.76	0.78	0.74	0.66
11500	0.62	0.78	0.8	0.72	0.66	0.66	0.76	0.74	0.8	0.7	0.82	0.66	0.78	0.76	0.78	0.68
11550	0.66	0.78	0.76	0.74	0.72	0.64	0.74	0.72	0.8	0.68	0.84	0.64	0.74	0.8	0.74	0.68
11600	0.64	0.78	0.76	0.76	0.72	0.7	0.74	0.7	0.8	0.68	0.84	0.7	0.8	0.82	0.74	0.66
11650	0.62	0.78	0.74	0.78	0.78	0.7	0.76	0.7	0.78	0.68	0.8	0.8	0.8	0.8	0.72	0.62
11700	0.6	0.82	0.7	0.8	0.78	0.72	0.8	0.74	0.8	0.68	0.84	0.78	0.8	0.84	0.68	0.62
11750	0.58	0.8	0.7	0.8	0.84	0.7	0.8	0.78	0.84	0.64	0.86	0.8	0.74	0.84	0.66	0.6
11800	0.58	0.74	0.7	0.76	0.78	0.66	0.7	0.74	0.84	0.66	0.82	0.76	0.72	0.8	0.7	0.58
11850	0.56	0.76	0.7	0.74	0.78	0.7	0.66	0.74	0.82	0.68	0.84	0.76	0.72	0.74	0.7	0.62
11900	0.58	0.78	0.74	0.74	0.76	0.66	0.62	0.76	0.86	0.72	0.84	0.76	0.7	0.68	0.7	0.62
11950	0.58	0.8	0.72	0.72	0.76	0.62	0.58	0.78	0.88	0.74	0.84	0.76	0.68	0.66	0.68	0.56
12000	0.56	0.8	0.68	0.68	0.72	0.56	0.54	0.76	0.86	0.72	0.86	0.74	0.66	0.66	0.68	0.58
12050	0.58	0.82	0.68	0.64	0.66	0.54	0.56	0.72	0.88	0.76	0.88	0.72	0.7	0.64	0.64	0.62
12100	0.56	0.8	0.68	0.64	0.66	0.58	0.58	0.74	0.9	0.72	0.82	0.78	0.74	0.64	0.72	0.62
12150	0.6	0.82	0.7	0.66	0.66	0.58	0.58	0.78	0.86	0.74	0.8	0.8	0.8	0.62	0.74	0.68
12200	0.58	0.86	0.68	0.7	0.68	0.58	0.66	0.76	0.82	0.72	0.8	0.8	0.78	0.64	0.74	0.66
12250	0.58	0.82	0.7	0.72	0.68	0.6	0.7	0.8	0.84	0.74	0.8	0.74	0.78	0.66	0.72	0.68
12300	0.62	0.78	0.7	0.74	0.66	0.58	0.74	0.84	0.84	0.7	0.78	0.74	0.78	0.66	0.66	0.74
12350	0.62	0.74	0.74	0.74	0.68	0.58	0.78	0.86	0.84	0.66	0.78	0.68	0.78	0.72	0.7	0.66
12400	0.64	0.72	0.76	0.76	0.76	0.58	0.86	0.88	0.86	0.7	0.74	0.7	0.8	0.72	0.72	0.72
12450	0.66	0.6	0.72	0.78	0.74	0.66	0.88	0.9	0.86	0.72	0.72	0.68	0.76	0.8	0.74	0.68
12500	0.68	0.6	0.76	0.78	0.74	0.7	0.88	0.88	0.88	0.66	0.7	0.7	0.7	0.82	0.74	0.66
12550	0.68	0.56	0.74	0.78	0.76	0.68	0.88	0.88	0.88	0.7	0.76	0.7	0.72	0.84	0.74	0.68
12600	0.72	0.58	0.74	0.8	0.76	0.72	0.9	0.88	0.9	0.72	0.76	0.72	0.76	0.82	0.76	0.7
12650	0.72	0.62	0.76	0.82	0.86	0.74	0.92	0.9	0.88	0.76	0.8	0.74	0.72	0.84	0.76	0.74
12700	0.74	0.62	0.72	0.8	0.88	0.76	0.92	0.9	0.88	0.76	0.82	0.78	0.68	0.82	0.8	0.82
12750	0.72	0.64	0.7	0.8	0.88	0.78	0.92	0.9	0.84	0.74	0.82	0.8	0.66	0.82	0.76	0.8
12800	0.76	0.66	0.7	0.78	0.86	0.76	0.88	0.9	0.86	0.76	0.8	0.8	0.68	0.78	0.72	0.8
12850	0.8	0.66	0.7	0.82	0.84	0.76	0.88	0.84	0.84	0.74	0.8	0.78	0.68	0.76	0.74	0.86
12900	0.8	0.7	0.76	0.84	0.84	0.74	0.88	0.86	0.84	0.74	0.8	0.76	0.68	0.76	0.74	0.82
12950	0.78	0.78	0.7	0.86	0.86	0.78	0.9	0.84	0.84	0.74	0.82	0.78	0.72	0.76	0.76	0.78
13000	0.74	0.78	0.68	0.86	0.84	0.72	0.86	0.82	0.86	0.7	0.8	0.78	0.72	0.78	0.76	0.78
13050	0.74	0.78	0.7	0.84	0.8	0.7	0.88	0.84	0.86	0.68	0.82	0.76	0.68	0.76	0.78	0.82
13100	0.72	0.76	0.68	0.84	0.76	0.68	0.84	0.84	0.92	0.7	0.84	0.72	0.76	0.8	0.82	0.82
13150	0.62	0.74	0.68	0.8	0.68	0.68	0.84	0.82	0.9	0.72	0.86	0.72	0.8	0.78	0.8	0.76
13200	0.6	0.76	0.64	0.72	0.66	0.64	0.82	0.8	0.92	0.74	0.86	0.74	0.84	0.82	0.86	0.76
13250	0.6	0.78	0.66	0.7	0.66	0.66	0.84	0.82	0.9	0.74	0.84	0.76	0.8	0.82	0.82	0.76
13300	0.6	0.78	0.62	0.72	0.66	0.64	0.82	0.8	0.9	0.74	0.86	0.74	0.82	0.82	0.88	0.76
13350	0.6	0.8	0.62	0.72	0.68	0.64	0.8	0.78	0.9	0.8	0.88	0.72	0.76	0.8	0.88	0.78
13400	0.62	0.8	0.66	0.7	0.66	0.7	0.8	0.78	0.88	0.78	0.86	0.72	0.74	0.76	0.84	0.78
13450	0.64	0.82	0.7	0.7	0.68	0.76	0.8	0.76	0.88	0.88	0.88	0.74	0.74	0.78	0.84	0.78
13500	0.68	0.86	0.72	0.76	0.68	0.76	0.8	0.78	0.88	0.86	0.88	0.72	0.72	0.76	0.82	0.72
13550	0.7	0.82	0.7	0.74	0.72	0.74	0.78	0.78	0.9	0.88	0.88	0.74	0.7	0.76	0.76	0.74
13600	0.64	0.82	0.72	0.78	0.72	0.72	0.78	0.78	0.9	0.84	0.88	0.7	0.74	0.78	0.72	0.76
13650	0.66	0.86	0.72	0.8	0.72	0.72	0.8	0.8	0.9	0.86	0.9	0.74	0.74	0.76	0.78	0.76
13700	0.64	0.86	0.74	0.76	0.7	0.74	0.84	0.84	0.9	0.84	0.9	0.74	0.8	0.74	0.76	0.76
13750	0.7	0.9	0.72	0.72	0.72	0.74	0.86	0.82	0.86	0.86	0.9	0.76	0.76	0.7	0.74	0.8
13800	0.66	0.9	0.76	0.7	0.74	0.72	0.88	0.84	0.82	0.82	0.88	0.74	0.74	0.7	0.76	0.78
13850	0.68	0.92	0.74	0.66	0.72	0.72	0.88	0.82	0.76	0.8	0.88	0.78	0.74	0.7	0.78	0.74
13900	0.7	0.92	0.74	0.66	0.76	0.74	0.86	0.78	0.8	0.8	0.9	0.8	0.74	0.7	0.76	0.76
13950	0.7	0.92	0.8	0.66	0.72	0.68	0.86	0.82	0.76	0.74	0.82	0.78	0.72	0.7	0.78	0.8
14000	0.72	0.98	0.8	0.7	0.78	0.72	0.88	0.82	0.74	0.74	0.82	0.8	0.74	0.72	0.8	0.76
14050	0.7	0.98	0.8	0.74	0.82	0.74	0.84	0.8	0.68	0.72	0.8	0.82	0.74	0.76	0.8	0.82
14100	0.76	0.94	0.76	0.74	0.88	0.72	0.82	0.76	0.7	0.76	0.8	0.82	0.72	0.78	0.8	0.8
14150	0.76	0.92	0.82	0.78	0.82	0.68	0.76	0.78	0.72	0.74	0.78	0.8	0.7	0.78	0.76	0.78
14200	0.76	0.88	0.8	0.78	0.8	0.64	0.74	0.76	0.72	0.72	0.8	0.78	0.7	0.76	0.78	0.76
14250	0.72	0.86	0.84	0.76	0.84	0.6	0.72	0.74	0.76	0.76	0.8	0.78	0.72	0.78	0.78	0.76
14300	0.7	0.8	0.76	0.76	0.84	0.58	0.74	0.72	0.72	0.78	0.78	0.78	0.72	0.78	0.8	0.8
14350	0.72	0.78	0.78	0.82	0.88	0.6	0.74	0.74	0.76	0.76	0.78	0.78	0.74	0.8	0.8	0.82
14400	0.76	0.78	0.82	0.82	0.88	0.66	0.78	0.72	0.74	0.82	0.8	0.78	0.76	0.82	0.8	0.78
14450	0.76	0.72	0.8	0.8	0.88	0.68	0.82	0.72	0.78	0.82	0.84	0.74	0.7	0.78	0.8	0.76
14500	0.76	0.7	0.8	0.84	0.9	0.76	0.82	0.74	0.76	0.8	0.84	0.7	0.7	0.76	0.76	0.78
14550	0.76	0.7	0.8	0.78	0.82	0.74	0.84	0.78	0.82	0.82	0.84	0.68	0.72	0.7	0.8	0.82
14600	0.76	0.74	0.8	0.76	0.82	0.76	0.86	0.8	0.82	0.8	0.84	0.66	0.74	0.74	0.78	0.82
14650	0.8	0.74	0.8	0.72	0.78	0.76	0.82	0.84	0.82	0.82	0.84	0.62	0.68	0.7	0.76	0.82
14700	0.76	0.76	0.76	0.72	0.74	0.8	0.82	0.84	0.84	0.8	0.88	0.62	0.64	0.7	0.78	0.84
14750	0.74	0.78	0.72	0.68	0.7	0.76	0.82	0.84	0.84	0.8	0.88	0.62	0.64	0.72	0.78	0.84
14800	0.74	0.8	0.7	0.68	0.68	0.76	0.8	0.82	0.82	0.82	0.86	0.68	0.68	0.72	0.76	0.82
14850	0.72	0.82	0.72	0.66	0.72	0.74	0.78	0.82	0.78	0.8	0.84	0.7	0.72	0.7	0.74	0.86
14900	0.74	0.86	0.72	0.66	0.68	0.68	0.74	0.82	0.78	0.76	0.82	0.66	0.7	0.74	0.74	0.8
14950	0.78	0.82	0.68	0.7	0.68	0.62	0.72	0.84	0.82	0.76	0.8	0.64	0.72	0.74	0.66	0.82
15000	0.78	0.78	0.68	0.7	0.72	0.66	0.7	0.84	0.82	0.74	0.78	0.64	0.72	0.74	0.66	0.82
15050	0.78	0.8	0.66	0.66	0.74	0.66	0.76	0.82	0.78	0.76	0.78	0.72	0.78	0.76	0.7	0.82
15100	0.8	0.78	0.68	0.66	0.7	0.66	0.76	0.8	0.78	0.76	0.78	0.74	0.78	0.76	0.68	0.8
15150	0.84	0.74	0.72	0.64	0.7	0.68	0.78	0.84	0.78	0.76	0.78	0.76	0.76	0.72	0.68	0.8
15200	0.84	0.68	0.7	0.66	0.68	0.68	0.8	0.78	0.76	0.76	0.76	0.78	0.76	0.68	0.64	0.76
15250	0.84	0.68	0.72	0.7	0.7	0.7	0.8	0.8	0.8	0.82	0.8	0.8	0.8	0.68	0.7	0.78
15300	0.84	0.72	0.7	0.7	0.74	0.76	0.78	0.8	0.78	0.88	0.82	0.82	0.82	0.7	0.72	0.8
15350	0.86	0.74	0.74	0.72	0.74	0.78	0.76	0.76	0.74	0.86	0.8	0.84	0.82	0.74	0.7	0.82
15400	0.84	0.76	0.7	0.7	0.7	0.78	0.76	0.76	0.76	0.86	0.82	0.88	0.86	0.78	0.7	0.8
15450	0.82	0.76	0.7	0.72	0.7	0.74	0.74	0.74	0.76	0.84	0.84	0.82	0.84	0.8	0.72	0.74
15500	0.84	0.78	0.72	0.74	0.72	0.74	0.76	0.76	0.78	0.82	0.86	0.8	0.86	0.84	0.7	0.74
15550	0.78	0.76	0.68	0.7	0.7	0.74	0.7	0.74	0.82	0.76	0.82	0.82	0.84	0.82	0.76	0.72
15600	0.78	0.8	0.66	0.68	0.68	0.76	0.72	0.76	0.82	0.76	0.82	0.78	0.84	0.82	0.8	0.68
15650	0.82	0.82	0.74	0.7	0.7	0.76	0.74	0.78	0.88	0.7	0.84	0.76	0.84	0.82	0.88	0.66
15700	0.8	0.8	0.74	0.68	0.72	0.76	0.8	0.82	0.9	0.64	0.86	0.72	0.78	0.82	0.84	0.68
15750	0.78	0.8	0.76	0.7	0.72	0.68	0.8	0.86	0.88	0.66	0.82	0.7	0.76	0.76	0.8	0.7
15800	0.72	0.76	0.74	0.68	0.72	0.7	0.8	0.86	0.86	0.66	0.78	0.66	0.72	0.78	0.82	0.7
15850	0.74	0.76	0.78	0.68	0.72	0.7	0.76	0.82	0.88	0.66	0.78	0.62	0.68	0.76	0.82	0.68
15900	0.74	0.76	0.76	0.72	0.78	0.72	0.78	0.82	0.9	0.6	0.76	0.64	0.7	0.76	0.8	0.64
15950	0.74	0.72	0.82	0.74	0.8	0.74	0.82	0.82	0.88	0.62	0.76	0.6	0.66	0.74	0.8	0.68
16000	0.8	0.7	0.84	0.72	0.78	0.7	0.82	0.84	0.84	0.58	0.72	0.58	0.62	0.72	0.76	0.68
16050	0.76	0.68	0.84	0.76	0.74	0.66	0.8	0.82	0.8	0.6	0.68	0.56	0.6	0.74	0.76	0.68
16100	0.76	0.66	0.82	0.76	0.74	0.72	0.8	0.82	0.8	0.66	0.72	0.52	0.64	0.76	0.74	0.68
16150	0.78	0.6	0.84	0.78	0.76	0.72	0.8	0.82	0.82	0.64	0.7	0.56	0.66	0.8	0.74	0.7
16200	0.78	0.62	0.88	0.78	0.76	0.72	0.82	0.8	0.78	0.62	0.72	0.54	0.62	0.78	0.72	0.68
16250	0.78	0.62	0.92	0.8	0.72	0.68	0.82	0.82	0.76	0.66	0.72	0.54	0.66	0.7	0.7	0.64
16300	0.8	0.62	0.88	0.8	0.74	0.7	0.82	0.8	0.68	0.66	0.7	0.56	0.7	0.7	0.66	0.66
16350	0.76	0.66	0.88	0.86	0.76	0.7	0.84	0.8	0.74	0.7	0.74	0.56	0.66	0.7	0.64	0.7
16400	0.78	0.68	0.84	0.8	0.72	0.74	0.84	0.82	0.78	0.68	0.8	0.56	0.7	0.74	0.64	0.68
16450	0.78	0.72	0.82	0.84	0.72	0.74	0.82	0.74	0.76	0.68	0.8	0.6	0.7	0.74	0.64	0.7
16500	0.76	0.72	0.82	0.84	0.72	0.74	0.82	0.78	0.76	0.7	0.78	0.6	0.7	0.72	0.66	0.72
16550	0.78	0.72	0.74	0.82	0.74	0.78	0.82	0.8	0.84	0.72	0.78	0.64	0.68	0.72	0.66	0.72
16600	0.8	0.76	0.72	0.82	0.76	0.78	0.84	0.78	0.8	0.74	0.72	0.72	0.66	0.74	0.66	0.74
16650	0.82	0.68	0.7	0.8	0.78	0.78	0.84	0.84	0.84	0.7	0.68	0.72	0.7	0.76	0.7	0.76
16700	0.78	0.68	0.72	0.78	0.8	0.78	0.86	0.82	0.84	0.66	0.62	0.76	0.7	0.74	0.68	0.72
16750	0.76	0.64	0.7	0.74	0.8	0.82	0.84	0.82	0.84	0.7	0.64	0.76	0.7	0.72	0.74	0.72
16800	0.76	0.64	0.76	0.72	0.78	0.78	0.84	0.8	0.84	0.68	0.66	0.78	0.7	0.72	0.76	0.7
16850	0.76	0.64	0.74	0.72	0.76	0.74	0.82	0.8	0.82	0.7	0.7	0.76	0.68	0.68	0.74	0.68
16900	0.78	0.66	0.74	0.72	0.8	0.74	0.84	0.8	0.86	0.7	0.68	0.76	0.66	0.68	0.74	0.64
16950	0.74	0.66	0.74	0.66	0.78	0.72	0.84	0.82	0.86	0.62	0.7	0.72	0.7	0.64	0.7	0.64
17000	0.72	0.7	0.76	0.66	0.78	0.74	0.82	0.82	0.86	0.58	0.74	0.72	0.7	0.6	0.74	0.66
17050	0.7	0.7	0.76	0.66	0.78	0.76	0.84	0.84	0.88	0.6	0.78	0.7	0.7	0.6	0.74	0.66
17100	0.66	0.72	0.76	0.72	0.76	0.7	0.84	0.86	0.88	0.6	0.78	0.72	0.72	0.64	0.76	0.72
17150	0.62	0.72	0.78	0.74	0.8	0.7	0.86	0.84	0.88	0.58	0.74	0.7	0.7	0.7	0.78	0.7
17200	0.62	0.74	0.74	0.8	0.8	0.7	0.88	0.86	0.9	0.62	0.76	0.74	0.72	0.74	0.78	0.7
17250	0.64	0.76	0.74	0.78	0.76	0.72	0.88	0.9	0.92	0.62	0.78	0.72	0.8	0.74	0.78	0.74
17300	0.6	0.8	0.74	0.78	0.76	0.72	0.88	0.94	0.92	0.62	0.8	0.7	0.8	0.78	0.78	0.74
17350	0.68	0.8	0.74	0.78	0.78	0.74	0.88	0.92	0.88	0.6	0.86	0.74	0.76	0.78	0.78	0.76
17400	0.68	0.82	0.74	0.76	0.76	0.72	0.86	0.92	0.9	0.6	0.82	0.74	0.72	0.8	0.78	0.76
17450	0.66	0.8	0.78	0.68	0.76	0.74	0.86	0.9	0.86	0.62	0.8	0.74	0.76	0.74	0.76	0.76
17500	0.76	0.78	0.78	0.66	0.78	0.76	0.86	0.88	0.84	0.62	0.78	0.76	0.76	0.72	0.76	0.78
17550	0.78	0.78	0.78	0.7	0.84	0.78	0.86	0.84	0.84	0.68	0.78	0.78	0.74	0.74	0.78	0.76
17600	0.84	0.76	0.74	0.68	0.86	0.76	0.86	0.84	0.84	0.66	0.78	0.74	0.72	0.68	0.72	0.78
17650	0.84	0.76	0.78	0.72	0.86	0.8	0.84	0.84	0.84	0.68	0.78	0.78	0.7	0.66	0.72	0.76
17700	0.82	0.76	0.78	0.74	0.86	0.78	0.84	0.84	0.8	0.74	0.78	0.82	0.7	0.66	0.74	0.74
17750	0.8	0.8	0.74	0.72	0.88	0.8	0.82	0.82	0.82	0.78	0.78	0.88	0.68	0.6	0.72	0.72
17800	0.8	0.78	0.74	0.62	0.86	0.76	0.8	0.82	0.82	0.76	0.8	0.86	0.72	0.56	0.74	0.7
17850	0.8	0.82	0.74	0.64	0.84	0.76	0.76	0.86	0.84	0.68	0.8	0.82	0.66	0.6	0.74	0.68
17900	0.8	0.82	0.78	0.66	0.82	0.76	0.78	0.84	0.78	0.64	0.8	0.78	0.68	0.6	0.76	0.64
17950	0.78	0.84	0.78	0.64	0.82	0.72	0.74	0.86	0.8	0.66	0.78	0.76	0.68	0.6	0.8	0.64
18000	0.78	0.8	0.76	0.7	0.82	0.74	0.74	0.82	0.8	0.64	0.76	0.76	0.7	0.64	0.82	0.66
18050	0.78	0.78	0.74	0.68	0.82	0.76	0.74	0.82	0.78	0.64	0.72	0.76	0.74	0.68	0.84	0.66
18100	0.78	0.74	0.82	0.74	0.8	0.74	0.78	0.78	0.72	0.62	0.7	0.68	0.68	0.66	0.8	0.64
18150	0.76	0.76	0.82	0.78	0.82	0.74	0.8	0.76	0.7	0.56	0.66	0.72	0.68	0.7	0.8	0.64
18200	0.82	0.72	0.84	0.74	0.74	0.74	0.78	0.74	0.7	0.56	0.66	0.66	0.68	0.74	0.78	0.66
18250	0.8	0.72	0.8	0.72	0.74	0.78	0.8	0.72	0.76	0.54	0.68	0.64	0.66	0.76	0.82	0.66
18300	0.8	0.7	0.82	0.76	0.7	0.8	0.76	0.74	0.78	0.56	0.68	0.64	0.66	0.78	0.84	0.7
18350	0.84	0.68	0.8	0.72	0.66	0.82	0.78	0.76	0.78	0.66	0.68	0.58	0.72	0.78	0.84	0.76
18400	0.82	0.66	0.82	0.72	0.66	0.8	0.8	0.82	0.84	0.68	0.68	0.54	0.7	0.76	0.84	0.76
18450	0.78	0.7	0.74	0.74	0.68	0.82	0.82	0.84	0.82	0.64	0.66	0.54	0.7	0.76	0.82	0.76
18500	0.74	0.7	0.7	0.7	0.62	0.82	0.84	0.82	0.86	0.68	0.72	0.52	0.68	0.76	0.82	0.72
18550	0.68	0.7	0.7	0.74	0.58	0.84	0.82	0.82	0.86	0.7	0.72	0.56	0.68	0.74	0.8	0.72
18600	0.72	0.64	0.74	0.76	0.68	0.84	0.84	0.86	0.9	0.68	0.76	0.52	0.68	0.76	0.86	0.72
18650	0.68	0.66	0.74	0.76	0.7	0.84	0.86	0.8	0.88	0.7	0.74	0.5	0.68	0.8	0.88	0.68
18700	0.68	0.72	0.76	0.74	0.72	0.84	0.88	0.8	0.9	0.72	0.74	0.52	0.72	0.72	0.84	0.72
18750	0.66	0.68	0.76	0.76	0.72	0.84	0.86	0.8	0.84	0.76	0.74	0.56	0.76	0.72	0.8	0.7
18800	0.68	0.7	0.78	0.76	0.72	0.82	0.84	0.82	0.84	0.76	0.78	0.56	0.72	0.68	0.8	0.74
18850	0.76	0.68	0.9	0.82	0.74	0.8	0.82	0.78	0.82	0.8	0.76	0.6	0.7	0.68	0.8	0.76
18900	0.84	0.66	0.9	0.78	0.74	0.82	0.8	0.78	0.82	0.8	0.78	0.6	0.68	0.66	0.8	0.76
18950	0.86	0.64	0.84	0.76	0.78	0.82	0.8	0.76	0.84	0.82	0.78	0.6	0.64	0.6	0.82	0.78
19000	0.84	0.64	0.82	0.74	0.7	0.8	0.78	0.76	0.82	0.78	0.7	0.62	0.66	0.64	0.76	0.74
19050	0.86	0.68	0.86	0.74	0.64	0.8	0.76	0.78	0.86	0.78	0.7	0.58	0.7	0.68	0.74	0.76
19100	0.86	0.66	0.86	0.76	0.58	0.84	0.78	0.8	0.88	0.74	0.72	0.6	0.68	0.72	0.82	0.76
19150	0.88	0.64	0.86	0.74	0.58	0.82	0.78	0.82	0.92	0.7	0.68	0.58	0.7	0.72	0.84	0.76
19200	0.86	0.66	0.78	0.68	0.6	0.8	0.76	0.82	0.9	0.7	0.7	0.62	0.72	0.72	0.84	0.76
19250	0.82	0.62	0.78	0.68	0.58	0.8	0.74	0.86	0.88	0.7	0.68	0.6	0.74	0.72	0.88	0.78
19300	0.76	0.62	0.72	0.66	0.58	0.78	0.76	0.86	0.86	0.7	0.72	0.58	0.8	0.76	0.86	0.76
19350	0.68	0.66	0.76	0.66	0.54	0.76	0.76	0.84	0.86	0.72	0.76	0.6	0.84	0.78	0.86	0.78
19400	0.68	0.7	0.76	0.72	0.58	0.74	0.8	0.86	0.86	0.74	0.8	0.62	0.84	0.76	0.86	0.78
19450	0.66	0.72	0.74	0.7	0.6	0.7	0.8	0.86	0.84	0.74	0.8	0.64	0.86	0.76	0.88	0.76
19500	0.66	0.72	0.72	0.68	0.6	0.72	0.8	0.88	0.84	0.78	0.86	0.64	0.88	0.76	0.9	0.78
19550	0.64	0.7	0.66	0.7	0.68	0.76	0.8	0.84	0.88	0.78	0.86	0.68	0.9	0.76	0.88	0.76
19600	0.62	0.7	0.66	0.72	0.72	0.72	0.8	0.82	0.86	0.78	0.82	0.7	0.88	0.76	0.86	0.74
19650	0.68	0.7	0.72	0.74	0.76	0.72	0.8	0.82	0.88	0.78	0.86	0.68	0.84	0.78	0.82	0.78
19700	0.66	0.72	0.72	0.7	0.76	0.74	0.84	0.82	0.88	0.8	0.84	0.76	0.86	0.76	0.8	0.76
19750	0.66	0.64	0.72	0.7	0.8	0.72	0.84	0.84	0.88	0.78	0.78	0.74	0.84	0.74	0.82	0.76
19800	0.66	0.64	0.7	0.64	0.82	0.76	0.82	0.84	0.88	0.7	0.76	0.7	0.78	0.72	0.82	0.68
19850	0.7	0.66	0.66	0.56	0.82	0.78	0.82	0.82	0.84	0.68	0.74	0.72	0.74	0.64	0.82	0.64
19900	0.7	0.7	0.7	0.56	0.8	0.72	0.8	0.82	0.82	0.64	0.72	0.72	0.66	0.6	0.8	0.68
19950	0.64	0.72	0.72	0.54	0.8	0.72	0.8	0.78	0.8	0.62	0.7	0.72	0.66	0.54	0.8	0.6
20000	0.66	0.76	0.78	0.56	0.8	0.74	0.84	0.78	0.76	0.64	0.72	0.7	0.66	0.52	0.76	0.62
