0	0.0	0.0	0.0	0.0	0.0	0.0	0.0	0.0	0.0	0.0	0.0	0.0	0.0	0.0	0.0	0.0
50	0.0	0.5	0.0	0.0	0.0	0.0	0.0	0.5	0.333333333333	0.0	0.111111111111	0.2	0.0	0.333333333333	0.0	0.0
100	0.5	0.75	0.333333333333	0.0	0.25	0.6	0.0	0.571428571429	0.6	0.5	0.111111111111	0.375	0.285714285714	0.333333333333	0.166666666667	0.285714285714
150	0.615384615385	0.833333333333	0.6	0.375	0.5	0.692307692308	0.75	0.636363636364	0.75	0.615384615385	0.272727272727	0.4	0.444444444444	0.6	0.444444444444	0.583333333333
200	0.75	0.777777777778	0.666666666667	0.444444444444	0.692307692308	0.733333333333	0.875	0.642857142857	0.777777777778	0.6875	0.384615384615	0.6	0.615384615385	0.666666666667	0.615384615385	0.6
250	0.791666666667	0.823529411765	0.75	0.5	0.733333333333	0.75	0.9	0.6875	0.833333333333	0.714285714286	0.529411764706	0.65	0.705882352941	0.733333333333	0.615384615385	0.684210526316
300	0.8	0.823529411765	0.7	0.625	0.809523809524	0.789473684211	0.933333333333	0.761904761905	0.888888888889	0.695652173913	0.555555555556	0.695652173913	0.705882352941	0.789473684211	0.625	0.681818181818
350	0.84375	0.842105263158	0.75	0.727272727273	0.826086956522	0.809523809524	0.947368421053	0.807692307692	0.894736842105	0.708333333333	0.652173913043	0.708333333333	0.714285714286	0.809523809524	0.684210526316	0.72
400	0.864864864865	0.863636363636	0.769230769231	0.777777777778	0.862068965517	0.826086956522	0.952380952381	0.814814814815	0.9	0.730769230769	0.703703703704	0.72	0.793103448276	0.818181818182	0.652173913043	0.758620689655
450	0.864864864865	0.875	0.8	0.8	0.878787878788	0.851851851852	0.962962962963	0.827586206897	0.923076923077	0.766666666667	0.733333333333	0.740740740741	0.8125	0.84	0.68	0.787878787879
500	0.875	0.892857142857	0.8125	0.8125	0.888888888889	0.875	0.966666666667	0.838709677419	0.931034482759	0.787878787879	0.771428571429	0.766666666667	0.818181818182	0.866666666667	0.703703703704	0.815789473684
550	0.883720930233	0.892857142857	0.833333333333	0.833333333333	0.90243902439	0.894736842105	0.969696969697	0.861111111111	0.935483870968	0.8	0.794871794872	0.774193548387	0.837837837838	0.870967741935	0.71875	0.829268292683
600	0.888888888889	0.903225806452	0.833333333333	0.857142857143	0.904761904762	0.894736842105	0.972972972973	0.878048780488	0.941176470588	0.810810810811	0.80487804878	0.794117647059	0.857142857143	0.882352941176	0.756756756757	0.851063829787
650	0.893617021277	0.914285714286	0.842105263158	0.863636363636	0.913043478261	0.904761904762	0.974358974359	0.883720930233	0.941176470588	0.829268292683	0.822222222222	0.833333333333	0.877551020408	0.888888888889	0.780487804878	0.851063829787
700	0.9	0.888888888889	0.869565217391	0.872340425532	0.916666666667	0.911111111111	0.977272727273	0.886363636364	0.942857142857	0.840909090909	0.826086956522	0.857142857143	0.96	0.894736842105	0.8	0.86
750	0.94	0.888888888889	0.875	0.9	0.92	0.914893617021	0.979166666667	0.893617021277	0.952380952381	0.847826086957	0.84	0.92	0.98	0.897435897436	0.84	0.92
800	0.98	0.897435897436	0.9	0.94	0.96	0.918367346939	0.979591836735	0.897959183673	0.957446808511	0.854166666667	0.88	0.94	0.98	0.909090909091	0.92	0.94
850	1.0	0.904761904762	0.90625	0.98	0.98	0.96	1.0	0.92	0.959183673469	0.88	0.96	0.96	0.98	0.918367346939	0.92	0.92
900	1.0	0.914893617021	0.914285714286	0.98	0.98	1.0	1.0	0.94	1.0	0.94	0.98	0.98	0.98	0.96	0.92	0.9
950	1.0	0.94	0.923076923077	0.98	0.98	1.0	1.0	0.96	0.98	0.94	1.0	0.98	1.0	1.0	0.92	0.88
1000	1.0	0.94	0.928571428571	1.0	0.98	0.98	1.0	0.98	0.98	0.96	1.0	0.98	1.0	1.0	0.92	0.9
1050	1.0	0.96	0.93023255814	1.0	0.98	0.98	1.0	0.98	0.98	0.96	1.0	1.0	1.0	1.0	0.92	0.9
1100	1.0	0.96	0.933333333333	1.0	0.98	0.98	1.0	1.0	0.98	0.96	1.0	1.0	1.0	1.0	0.96	0.9
1150	1.0	0.98	0.936170212766	1.0	0.98	0.98	1.0	1.0	0.98	0.98	1.0	0.98	1.0	1.0	0.96	0.9
1200	1.0	0.98	0.96	1.0	0.98	0.98	1.0	1.0	0.98	1.0	1.0	0.98	1.0	1.0	0.96	0.9
1250	1.0	0.98	1.0	1.0	0.98	0.98	1.0	1.0	0.98	1.0	1.0	0.98	1.0	1.0	0.98	0.9
1300	1.0	0.98	1.0	1.0	0.98	0.98	1.0	1.0	0.98	1.0	1.0	0.98	1.0	1.0	0.98	0.88
1350	1.0	0.98	1.0	1.0	0.98	0.98	1.0	1.0	0.96	1.0	1.0	0.96	1.0	1.0	0.98	0.88
1400	1.0	0.98	1.0	1.0	0.98	0.98	1.0	1.0	0.96	1.0	1.0	0.96	1.0	1.0	0.98	0.9
1450	1.0	0.98	1.0	1.0	0.98	0.98	1.0	1.0	0.96	1.0	1.0	0.96	1.0	1.0	0.98	0.9
1500	1.0	0.98	1.0	1.0	0.98	0.98	1.0	1.0	0.94	1.0	1.0	0.96	1.0	1.0	0.98	0.9
1550	1.0	1.0	0.98	1.0	0.98	0.98	1.0	1.0	0.94	1.0	1.0	0.96	1.0	1.0	0.98	0.9
1600	1.0	1.0	0.98	1.0	1.0	0.98	1.0	1.0	0.94	1.0	1.0	0.96	1.0	1.0	0.98	0.94
1650	1.0	1.0	0.98	1.0	1.0	0.98	1.0	1.0	0.94	1.0	1.0	0.96	1.0	1.0	0.98	0.94
1700	1.0	1.0	0.98	1.0	1.0	0.98	1.0	1.0	0.94	1.0	1.0	0.96	1.0	1.0	0.98	0.96
1750	1.0	1.0	0.98	1.0	1.0	0.98	1.0	1.0	0.94	1.0	1.0	0.94	1.0	1.0	0.98	0.94
1800	1.0	1.0	0.98	1.0	1.0	0.98	1.0	1.0	0.94	1.0	1.0	0.94	1.0	1.0	1.0	0.92
1850	1.0	1.0	0.98	1.0	1.0	1.0	1.0	1.0	0.94	1.0	1.0	0.92	1.0	1.0	1.0	0.92
1900	1.0	1.0	0.98	1.0	1.0	1.0	1.0	1.0	0.94	1.0	1.0	0.92	1.0	1.0	1.0	0.88
1950	1.0	1.0	0.98	1.0	1.0	1.0	1.0	1.0	0.92	1.0	1.0	0.94	1.0	1.0	1.0	0.86
2000	0.98	1.0	0.98	1.0	1.0	0.98	1.0	1.0	0.92	1.0	1.0	0.94	1.0	1.0	1.0	0.88
2050	0.98	1.0	0.98	1.0	1.0	0.98	1.0	1.0	0.9	1.0	1.0	0.92	1.0	1.0	1.0	0.86
2100	0.98	1.0	0.98	1.0	1.0	0.98	1.0	1.0	0.88	1.0	1.0	0.92	1.0	1.0	1.0	0.82
2150	0.98	0.98	0.98	0.98	1.0	0.98	1.0	1.0	0.88	0.96	1.0	0.9	1.0	1.0	1.0	0.82
2200	0.98	0.98	0.98	0.98	1.0	0.98	1.0	1.0	0.88	0.96	1.0	0.9	1.0	1.0	1.0	0.84
2250	0.98	0.98	0.98	0.96	1.0	0.98	1.0	1.0	0.9	0.96	1.0	0.92	1.0	1.0	1.0	0.84
2300	0.96	0.98	0.98	0.96	1.0	0.98	1.0	1.0	0.9	0.94	1.0	0.92	1.0	1.0	1.0	0.82
2350	0.96	0.98	0.98	0.96	1.0	0.98	1.0	1.0	0.9	0.94	1.0	0.92	1.0	1.0	1.0	0.82
2400	0.96	0.98	0.98	0.94	1.0	0.98	1.0	1.0	0.92	0.94	1.0	0.92	1.0	0.98	1.0	0.82
2450	0.96	0.98	0.96	0.94	1.0	0.98	1.0	1.0	0.92	0.94	1.0	0.92	1.0	0.98	1.0	0.82
2500	0.96	0.98	0.98	0.94	1.0	0.98	1.0	1.0	0.92	0.92	1.0	0.92	0.98	0.98	1.0	0.8
2550	0.96	0.98	0.98	0.94	1.0	0.98	1.0	1.0	0.9	0.9	1.0	0.94	0.98	0.98	1.0	0.84
2600	0.96	0.98	0.96	0.94	1.0	0.98	1.0	1.0	0.9	0.9	0.98	0.94	0.98	0.98	1.0	0.84
2650	0.96	0.98	0.96	0.94	1.0	0.98	1.0	1.0	0.9	0.9	0.98	0.96	0.98	0.98	1.0	0.82
2700	0.96	0.98	0.96	0.94	1.0	0.96	1.0	1.0	0.9	0.9	0.98	0.96	0.98	0.98	1.0	0.78
2750	0.98	0.98	0.96	0.92	1.0	0.96	1.0	1.0	0.94	0.9	0.98	0.98	0.98	0.98	1.0	0.8
2800	0.98	0.98	0.96	0.92	1.0	0.98	1.0	1.0	0.92	0.9	0.96	0.98	0.98	0.98	1.0	0.84
2850	0.98	0.98	0.96	0.92	1.0	0.98	1.0	1.0	0.94	0.88	0.96	1.0	0.98	0.98	1.0	0.84
2900	0.98	0.98	0.94	0.92	1.0	0.98	1.0	1.0	0.96	0.88	0.96	1.0	0.98	0.98	1.0	0.84
2950	0.98	0.96	0.92	0.94	1.0	0.98	1.0	1.0	0.94	0.92	0.96	1.0	0.98	0.98	1.0	0.86
3000	0.98	0.96	0.92	0.94	1.0	0.98	1.0	1.0	0.94	0.94	0.96	0.98	0.98	0.98	1.0	0.86
3050	0.98	0.96	0.92	0.96	1.0	0.98	1.0	1.0	0.94	0.94	0.96	0.96	0.98	0.98	1.0	0.86
3100	0.98	0.96	0.92	0.96	1.0	0.98	1.0	1.0	0.94	0.94	0.94	0.96	0.98	0.98	1.0	0.88
3150	1.0	0.96	0.9	0.96	1.0	0.98	1.0	1.0	0.94	0.94	0.94	0.96	0.98	0.98	1.0	0.92
3200	0.96	0.92	0.9	0.98	1.0	0.98	1.0	1.0	0.94	0.96	0.94	0.96	0.98	0.98	1.0	0.92
3250	0.96	0.92	0.92	0.98	1.0	0.98	1.0	1.0	0.96	0.96	0.92	0.96	0.96	0.98	1.0	0.92
3300	0.96	0.92	0.92	0.98	1.0	0.98	1.0	1.0	0.94	0.96	0.92	0.96	0.96	1.0	1.0	0.92
3350	0.96	0.92	0.92	0.98	1.0	0.98	1.0	1.0	0.94	0.98	0.92	0.96	0.98	1.0	0.96	0.92
3400	0.96	0.92	0.92	0.98	1.0	0.98	1.0	1.0	0.94	0.98	0.9	0.96	0.98	1.0	0.94	0.96
3450	0.96	0.92	0.9	0.98	1.0	0.98	1.0	1.0	0.94	0.98	0.92	0.96	0.98	1.0	0.94	0.94
3500	0.96	0.92	0.9	0.98	1.0	0.98	1.0	1.0	0.96	0.98	0.92	0.96	0.98	1.0	0.94	0.94
3550	0.96	0.92	0.9	0.96	1.0	0.98	1.0	1.0	0.96	1.0	0.92	0.96	0.98	1.0	0.94	0.94
3600	0.96	0.92	0.88	0.98	1.0	0.98	1.0	1.0	0.98	1.0	0.9	0.96	0.98	1.0	0.94	0.94
3650	0.96	0.92	0.92	0.98	1.0	0.98	1.0	1.0	0.98	1.0	0.9	0.96	0.98	1.0	0.94	0.94
3700	0.96	0.92	0.92	0.98	1.0	0.98	1.0	0.98	0.98	1.0	0.9	0.96	0.98	1.0	0.92	0.94
3750	0.96	0.92	0.92	0.98	0.98	0.98	1.0	0.98	0.98	1.0	0.92	0.96	0.98	1.0	0.92	0.94
3800	0.98	0.92	0.9	0.98	0.98	0.98	1.0	0.98	0.98	1.0	0.92	0.96	0.98	1.0	0.92	0.94
3850	1.0	0.92	0.9	0.98	0.98	0.98	1.0	0.98	0.98	1.0	0.92	0.96	0.98	1.0	0.92	0.94
3900	0.98	0.92	0.9	0.98	0.98	0.98	1.0	0.98	0.98	1.0	0.92	0.96	0.98	0.98	0.92	0.94
3950	0.98	0.96	0.92	0.98	0.98	0.98	1.0	0.98	0.98	1.0	0.92	0.96	0.98	0.98	0.92	0.94
4000	0.98	0.96	0.92	0.98	0.98	0.98	1.0	0.98	0.98	1.0	0.94	0.96	0.98	0.98	0.94	0.94
4050	0.98	0.94	0.94	0.98	0.98	0.98	1.0	0.98	0.98	1.0	0.94	0.96	0.98	0.98	0.96	0.94
4100	0.98	0.94	0.96	0.98	0.98	0.98	1.0	0.98	0.98	1.0	0.96	0.98	0.98	0.98	0.94	0.94
4150	0.96	0.94	0.96	0.98	0.98	0.98	1.0	0.98	0.98	1.0	0.96	0.98	1.0	0.98	0.94	0.94
4200	0.96	0.96	0.96	0.98	0.98	0.98	0.98	0.98	0.98	1.0	0.96	0.98	1.0	0.98	0.94	0.94
4250	0.96	0.96	0.98	0.98	0.98	0.98	0.98	0.98	0.98	1.0	0.96	0.98	1.0	0.98	0.94	0.98
4300	0.96	0.94	0.98	0.98	0.98	0.98	0.98	0.98	0.98	1.0	0.96	0.98	1.0	0.98	0.94	1.0
4350	0.96	0.94	0.98	1.0	0.98	0.98	0.98	0.98	0.98	1.0	0.98	0.98	1.0	0.98	0.94	1.0
4400	0.94	0.94	0.96	1.0	0.98	1.0	0.98	0.98	0.98	1.0	0.98	0.98	1.0	0.96	0.94	1.0
4450	0.94	0.94	0.96	1.0	1.0	1.0	0.98	0.98	0.98	1.0	0.98	0.98	1.0	0.96	0.94	1.0
4500	0.94	0.94	0.96	1.0	1.0	1.0	0.98	0.96	0.98	1.0	1.0	0.98	1.0	0.98	0.96	1.0
4550	0.96	0.96	0.96	1.0	1.0	1.0	0.98	0.96	0.98	1.0	1.0	0.98	1.0	0.98	0.96	1.0
4600	0.96	0.96	0.96	1.0	1.0	1.0	0.98	0.96	0.98	1.0	1.0	0.98	0.98	0.98	0.96	1.0
4650	0.96	0.94	0.98	1.0	1.0	1.0	0.98	0.96	0.98	1.0	1.0	0.96	0.98	0.98	0.96	1.0
4700	0.96	0.94	0.96	1.0	1.0	1.0	0.98	0.96	0.98	1.0	1.0	0.96	0.98	0.96	0.96	1.0
4750	0.96	0.94	0.96	1.0	1.0	1.0	0.98	0.96	0.98	1.0	1.0	0.94	0.98	0.96	0.96	1.0
4800	0.96	0.94	0.96	1.0	1.0	1.0	0.96	0.96	0.98	1.0	1.0	0.94	0.98	0.96	0.96	1.0
4850	0.98	0.94	0.96	1.0	1.0	1.0	0.96	0.96	1.0	1.0	1.0	0.92	0.98	0.96	0.96	0.96
4900	0.94	0.9	0.96	1.0	1.0	1.0	0.96	0.96	1.0	1.0	1.0	0.92	0.98	0.94	0.94	0.96
4950	0.94	0.9	0.96	1.0	1.0	0.98	0.96	0.96	1.0	1.0	1.0	0.9	0.98	0.94	0.96	0.94
5000	0.94	0.9	0.96	1.0	1.0	0.98	0.96	0.96	1.0	1.0	1.0	0.9	0.98	0.94	0.96	0.94
5050	0.94	0.9	0.94	1.0	1.0	0.98	0.96	0.96	1.0	1.0	1.0	0.9	0.98	0.94	0.94	0.94
5100	0.92	0.92	0.94	1.0	1.0	0.98	0.96	0.96	1.0	1.0	1.0	0.9	0.98	0.94	0.94	0.94
5150	0.92	0.92	0.94	1.0	1.0	0.98	0.98	0.96	1.0	1.0	1.0	0.9	0.98	0.96	0.94	0.94
5200	0.94	0.92	0.94	1.0	1.0	0.98	0.98	0.96	1.0	1.0	0.98	0.9	0.98	0.96	0.94	0.92
5250	0.94	0.92	0.96	1.0	1.0	0.98	0.98	0.96	1.0	1.0	0.98	0.88	0.98	0.96	0.94	0.92
5300	0.94	0.92	0.96	1.0	1.0	0.98	0.98	1.0	1.0	1.0	0.98	0.88	0.98	0.96	0.94	0.92
5350	0.94	0.92	0.96	1.0	1.0	0.96	0.98	1.0	1.0	1.0	0.98	0.9	1.0	0.96	0.94	0.92
5400	0.94	0.94	0.98	1.0	1.0	0.96	0.98	1.0	1.0	1.0	0.98	0.9	1.0	0.96	0.94	0.92
5450	0.94	0.94	0.98	1.0	1.0	0.96	0.98	1.0	0.98	1.0	0.98	0.9	1.0	0.98	0.94	0.92
5500	0.94	0.94	0.98	1.0	1.0	0.96	0.98	1.0	0.94	1.0	0.98	0.9	1.0	0.98	0.94	0.92
5550	0.94	0.96	0.98	0.98	1.0	0.96	0.98	1.0	0.94	1.0	0.98	0.92	1.0	0.98	0.94	0.94
5600	0.94	0.96	0.98	0.98	1.0	0.96	0.98	1.0	0.94	1.0	0.98	0.92	1.0	0.98	0.9	0.96
5650	0.98	0.96	0.98	0.98	1.0	0.96	0.98	1.0	0.94	1.0	0.98	0.92	1.0	1.0	0.92	0.96
5700	0.98	0.98	0.98	0.98	1.0	0.96	0.98	1.0	0.94	1.0	0.98	0.96	1.0	1.0	0.94	0.96
5750	0.96	0.98	1.0	0.98	1.0	0.96	0.98	1.0	0.94	1.0	0.98	0.96	1.0	1.0	0.94	0.96
5800	0.98	0.98	1.0	0.98	1.0	0.96	1.0	1.0	0.94	1.0	0.98	0.94	1.0	1.0	0.94	0.96
5850	0.98	0.96	1.0	0.98	1.0	0.96	1.0	1.0	0.94	1.0	0.98	0.94	1.0	1.0	0.96	0.96
5900	0.98	0.96	1.0	0.98	1.0	0.96	1.0	1.0	0.94	1.0	0.98	0.94	1.0	1.0	0.96	0.94
5950	0.98	0.96	1.0	0.98	1.0	0.96	1.0	1.0	0.94	1.0	0.98	0.94	1.0	1.0	0.96	0.96
6000	0.98	0.96	1.0	0.98	1.0	0.96	1.0	1.0	0.94	1.0	0.98	0.96	1.0	1.0	0.96	0.96
6050	0.98	0.96	1.0	0.96	1.0	0.96	1.0	0.98	0.94	1.0	1.0	0.96	1.0	1.0	0.96	0.96
6100	0.98	0.96	1.0	0.96	1.0	0.96	1.0	0.98	0.94	1.0	1.0	0.96	1.0	1.0	0.96	0.94
6150	0.98	0.96	1.0	0.94	1.0	0.94	1.0	0.96	0.94	1.0	1.0	0.96	1.0	1.0	0.96	0.94
6200	0.98	0.96	1.0	0.94	1.0	0.94	1.0	0.96	0.94	1.0	1.0	0.96	1.0	1.0	0.96	0.92
6250	0.98	0.96	1.0	0.94	1.0	0.94	1.0	0.96	0.94	1.0	1.0	0.96	1.0	1.0	0.98	0.92
6300	0.98	0.98	0.98	0.94	1.0	0.94	1.0	0.96	0.94	1.0	1.0	0.96	1.0	1.0	0.98	0.92
6350	0.98	0.98	0.98	0.94	1.0	0.94	1.0	0.94	0.96	1.0	1.0	0.96	0.98	0.96	1.0	0.9
6400	0.98	0.98	0.98	0.94	1.0	0.94	1.0	0.94	0.98	1.0	1.0	0.96	0.98	0.96	1.0	0.92
6450	0.98	0.98	0.98	0.94	1.0	0.94	1.0	0.94	0.98	0.98	1.0	0.94	0.98	0.96	1.0	0.92
6500	0.98	0.98	0.98	0.96	1.0	0.94	0.98	0.94	0.98	0.98	1.0	0.94	0.98	0.96	1.0	0.92
6550	0.98	0.98	0.98	0.96	1.0	0.94	0.98	0.94	0.98	0.98	1.0	0.9	0.98	0.94	1.0	0.92
6600	0.98	0.98	0.98	0.94	1.0	0.94	0.96	0.94	0.98	0.98	1.0	0.92	0.98	0.94	0.98	0.92
6650	1.0	0.98	0.98	0.94	1.0	0.94	0.96	0.94	0.98	0.98	1.0	0.92	0.98	0.94	0.98	0.94
6700	1.0	0.98	0.98	0.94	1.0	0.94	0.96	0.94	0.98	0.98	1.0	0.92	0.98	0.94	0.98	0.94
6750	0.98	0.98	0.98	0.94	1.0	0.94	0.96	0.94	0.98	0.98	1.0	0.92	0.98	0.94	0.98	0.94
6800	0.98	0.98	0.98	0.94	1.0	0.94	0.96	0.94	0.98	0.96	1.0	0.92	0.98	0.94	0.98	0.94
6850	0.98	0.98	0.98	0.94	1.0	0.96	0.96	0.94	0.98	0.96	1.0	0.92	0.98	0.94	0.98	0.94
6900	0.96	0.98	0.98	0.94	1.0	0.96	0.96	0.96	0.98	0.96	1.0	0.92	0.98	0.94	0.98	0.94
6950	0.96	0.98	0.98	0.94	1.0	0.98	0.96	0.98	1.0	0.96	1.0	0.92	0.98	0.94	0.98	0.96
7000	0.96	0.98	1.0	0.94	1.0	0.98	0.96	0.98	1.0	0.96	1.0	0.92	0.98	0.94	0.96	0.96
7050	0.96	0.98	1.0	0.96	1.0	0.98	0.96	0.98	1.0	0.96	0.98	0.94	0.98	0.94	0.96	0.96
7100	0.96	0.98	1.0	0.96	1.0	1.0	0.96	1.0	1.0	0.96	0.98	0.94	0.98	0.94	0.96	0.98
7150	0.96	0.98	1.0	0.98	1.0	1.0	0.96	1.0	1.0	0.94	0.98	0.94	1.0	0.94	0.96	0.98
7200	0.96	0.98	1.0	0.98	1.0	1.0	0.96	1.0	1.0	0.94	0.98	0.94	1.0	0.98	0.94	0.98
7250	0.96	0.98	1.0	0.98	1.0	1.0	0.96	1.0	0.98	0.94	0.98	0.96	1.0	0.98	0.94	0.98
7300	0.96	0.98	1.0	0.96	1.0	1.0	0.96	1.0	0.98	0.94	0.98	0.98	1.0	1.0	0.94	0.98
7350	0.96	1.0	1.0	0.96	1.0	1.0	0.96	1.0	0.98	0.94	0.98	1.0	1.0	1.0	0.94	0.98
7400	0.96	1.0	1.0	0.96	1.0	1.0	0.98	1.0	0.98	0.96	0.98	1.0	1.0	1.0	0.94	0.98
7450	0.96	1.0	1.0	0.98	1.0	1.0	0.98	1.0	0.98	0.96	0.98	1.0	1.0	1.0	0.96	0.98
7500	0.96	1.0	1.0	0.98	1.0	1.0	1.0	1.0	0.98	0.96	0.98	1.0	1.0	0.98	0.96	0.98
7550	0.96	1.0	1.0	0.98	1.0	0.98	0.98	1.0	0.98	0.96	0.98	1.0	1.0	0.96	0.96	0.98
7600	0.98	1.0	1.0	0.98	1.0	0.98	0.98	1.0	0.98	0.96	0.98	1.0	1.0	0.96	0.96	0.98
7650	0.98	0.98	1.0	0.98	1.0	0.98	0.96	1.0	0.98	0.98	0.98	1.0	1.0	0.96	0.96	0.98
7700	0.98	0.98	1.0	0.98	1.0	0.98	0.96	1.0	0.98	0.98	0.98	1.0	1.0	0.96	0.96	0.98
7750	1.0	0.96	1.0	0.98	1.0	0.98	0.96	1.0	0.98	0.98	1.0	1.0	1.0	0.96	0.96	1.0
7800	1.0	0.96	1.0	0.98	1.0	0.98	0.96	1.0	0.98	0.98	1.0	1.0	1.0	0.96	0.96	1.0
7850	1.0	0.96	1.0	0.98	1.0	0.98	0.96	1.0	0.98	0.98	1.0	1.0	1.0	0.96	0.96	1.0
7900	1.0	0.96	1.0	0.98	1.0	0.98	0.96	1.0	0.98	1.0	1.0	1.0	1.0	0.96	0.96	1.0
7950	1.0	0.96	1.0	0.98	1.0	0.98	0.96	1.0	0.98	1.0	1.0	1.0	1.0	0.96	0.96	1.0
8000	1.0	0.96	1.0	0.98	1.0	0.98	0.96	1.0	0.98	1.0	1.0	1.0	1.0	0.96	0.98	1.0
8050	1.0	0.96	1.0	1.0	1.0	0.98	0.96	1.0	0.98	1.0	1.0	1.0	1.0	0.96	0.96	1.0
8100	1.0	0.96	1.0	1.0	1.0	0.98	0.96	1.0	1.0	1.0	1.0	1.0	1.0	0.96	0.96	1.0
8150	0.98	0.96	1.0	1.0	1.0	1.0	0.96	1.0	1.0	1.0	1.0	1.0	1.0	0.96	0.98	1.0
8200	0.98	0.94	1.0	1.0	1.0	1.0	0.94	1.0	1.0	1.0	1.0	1.0	1.0	0.96	0.98	1.0
8250	0.98	0.94	1.0	1.0	1.0	1.0	0.94	0.98	1.0	1.0	1.0	1.0	1.0	0.96	0.98	1.0
8300	0.98	0.94	1.0	1.0	1.0	1.0	0.94	0.98	1.0	1.0	1.0	1.0	1.0	0.96	0.98	1.0
8350	0.98	0.94	1.0	0.98	1.0	1.0	0.94	0.98	1.0	1.0	1.0	0.98	1.0	0.96	0.98	1.0
8400	0.98	0.94	1.0	0.98	1.0	1.0	0.96	0.98	1.0	1.0	0.98	0.98	1.0	0.96	0.98	1.0
8450	0.98	0.96	1.0	0.96	1.0	1.0	0.96	0.98	1.0	1.0	0.98	0.98	1.0	0.96	0.98	1.0
8500	0.98	0.96	1.0	0.96	1.0	1.0	0.96	0.98	1.0	1.0	0.98	0.96	1.0	0.96	0.98	1.0
8550	0.98	0.98	1.0	0.94	1.0	1.0	0.98	0.98	1.0	1.0	0.98	0.96	1.0	0.98	0.98	1.0
8600	0.98	0.98	1.0	0.92	1.0	1.0	0.98	0.98	1.0	1.0	0.98	0.96	1.0	0.98	0.98	1.0
8650	0.98	0.98	1.0	0.9	1.0	1.0	0.98	0.98	0.98	1.0	0.98	0.96	1.0	0.98	0.98	0.98
8700	0.98	0.98	1.0	0.9	1.0	1.0	0.98	0.98	0.98	1.0	0.98	0.96	1.0	1.0	0.98	0.96
8750	0.98	0.98	1.0	0.9	1.0	1.0	0.98	0.98	0.98	0.98	0.98	0.96	1.0	1.0	0.98	0.96
8800	0.98	0.98	1.0	0.9	1.0	1.0	0.98	0.98	0.98	0.98	0.98	0.96	0.98	1.0	0.98	0.96
8850	0.98	0.98	1.0	0.9	1.0	1.0	0.98	0.98	0.98	0.98	0.98	0.96	0.98	1.0	0.98	0.96
8900	0.98	1.0	1.0	0.9	1.0	1.0	0.98	0.96	0.98	0.98	0.98	0.96	0.98	1.0	1.0	0.94
8950	0.98	1.0	1.0	0.9	1.0	1.0	0.98	0.96	0.98	0.98	0.98	0.96	0.98	1.0	1.0	0.94
9000	1.0	1.0	1.0	0.9	1.0	0.98	0.98	0.98	0.98	0.96	0.98	0.96	0.98	1.0	0.98	0.94
9050	1.0	0.98	1.0	0.92	1.0	0.98	0.98	0.98	0.98	0.96	0.98	0.96	0.98	1.0	0.98	0.94
9100	0.98	0.98	1.0	0.92	1.0	0.98	0.98	0.98	0.98	0.96	0.98	0.98	0.98	1.0	0.96	0.94
9150	0.98	0.98	1.0	0.92	1.0	0.98	0.98	0.98	0.98	0.96	1.0	0.98	0.98	1.0	0.96	0.94
9200	0.98	0.98	1.0	0.92	0.98	0.98	1.0	0.98	0.98	0.96	1.0	1.0	0.98	1.0	0.96	0.94
9250	0.98	0.98	1.0	0.94	0.98	0.98	1.0	0.98	0.98	0.96	1.0	1.0	0.98	1.0	0.96	0.92
9300	0.98	0.98	1.0	0.94	0.98	0.98	1.0	0.96	0.98	0.96	1.0	1.0	0.98	1.0	0.94	0.94
9350	0.98	0.98	1.0	0.94	0.98	0.98	1.0	0.96	0.98	0.96	1.0	1.0	0.98	1.0	0.92	0.96
9400	0.98	0.98	1.0	0.94	0.98	0.98	0.98	0.96	0.98	0.96	1.0	1.0	0.98	1.0	0.92	0.96
9450	0.98	0.96	1.0	0.96	0.98	0.98	0.98	0.96	0.98	0.96	1.0	1.0	0.98	1.0	0.92	0.96
9500	0.98	0.96	1.0	0.96	0.98	0.98	0.98	0.96	0.98	0.96	1.0	1.0	0.98	1.0	0.92	0.96
9550	0.98	0.96	1.0	0.96	0.98	0.98	0.98	0.96	0.98	0.96	1.0	1.0	0.98	1.0	0.92	0.96
9600	0.98	0.96	1.0	0.92	0.98	0.98	0.98	0.96	1.0	0.96	1.0	1.0	0.98	1.0	0.92	0.96
9650	0.98	0.96	1.0	0.92	0.98	1.0	0.98	0.98	1.0	0.98	1.0	1.0	0.98	1.0	0.92	0.98
9700	0.98	0.96	1.0	0.92	0.98	1.0	0.98	0.98	1.0	0.98	1.0	1.0	1.0	0.98	0.92	0.98
9750	0.98	0.96	1.0	0.92	0.98	1.0	0.98	0.98	1.0	0.98	1.0	0.98	1.0	0.98	0.92	0.98
9800	0.96	0.94	1.0	0.92	0.98	1.0	0.98	0.98	1.0	0.98	1.0	0.98	1.0	0.98	0.92	0.98
9850	0.96	0.94	1.0	0.94	0.98	1.0	0.98	0.98	1.0	1.0	1.0	0.98	1.0	0.96	0.92	0.98
9900	0.96	0.94	1.0	0.94	0.98	1.0	0.98	0.98	1.0	1.0	1.0	0.98	1.0	0.96	0.94	0.98
9950	0.96	0.94	1.0	0.94	0.98	1.0	0.98	0.98	1.0	1.0	1.0	0.98	1.0	0.96	0.96	1.0
10000	0.96	0.9	1.0	0.94	1.0	0.98	0.96	0.98	1.0	1.0	1.0	0.98	1.0	0.96	0.96	1.0
10050	0.96	0.9	1.0	0.96	1.0	0.96	0.96	0.98	1.0	1.0	1.0	0.98	1.0	0.96	0.94	1.0
10100	0.96	0.9	0.98	0.94	1.0	0.96	0.98	1.0	1.0	1.0	1.0	0.98	1.0	0.96	0.98	1.0
10150	0.96	0.9	0.98	0.94	1.0	0.96	0.96	1.0	1.0	1.0	1.0	0.96	1.0	0.96	0.98	1.0
10200	0.94	0.9	0.98	0.94	1.0	0.96	0.94	1.0	1.0	1.0	1.0	0.96	1.0	0.96	0.96	1.0
10250	0.94	0.88	0.98	0.94	1.0	0.96	0.94	1.0	1.0	1.0	1.0	0.96	1.0	0.98	0.96	1.0
10300	0.94	0.88	0.98	0.98	1.0	0.96	0.92	1.0	1.0	1.0	1.0	0.96	1.0	0.98	0.96	1.0
10350	0.94	0.9	0.98	0.98	1.0	0.96	0.92	1.0	1.0	1.0	1.0	0.96	1.0	0.98	0.96	1.0
10400	0.94	0.92	0.98	0.98	1.0	0.96	0.92	1.0	1.0	1.0	1.0	0.96	1.0	1.0	0.96	1.0
10450	0.94	0.92	0.98	0.98	1.0	0.96	0.94	0.98	1.0	1.0	1.0	0.96	1.0	1.0	0.96	1.0
10500	0.96	0.92	0.98	0.98	1.0	0.98	0.94	0.98	1.0	1.0	1.0	0.96	1.0	1.0	0.96	1.0
10550	0.96	0.94	0.98	0.98	1.0	1.0	0.94	0.98	1.0	1.0	1.0	0.96	1.0	0.98	0.96	1.0
10600	0.98	0.96	0.98	0.98	1.0	1.0	0.94	0.98	1.0	1.0	1.0	0.96	0.98	0.98	0.98	1.0
10650	0.98	0.96	1.0	1.0	1.0	1.0	0.94	0.98	1.0	1.0	1.0	0.96	0.98	0.98	0.96	1.0
10700	0.98	0.96	1.0	1.0	1.0	0.98	0.94	0.98	1.0	1.0	1.0	0.96	0.98	0.98	0.96	1.0
10750	0.98	0.94	1.0	1.0	1.0	0.98	0.98	0.98	1.0	1.0	1.0	0.98	0.98	0.98	0.96	1.0
10800	1.0	0.96	1.0	1.0	1.0	0.98	0.98	0.96	1.0	1.0	1.0	0.98	0.98	0.98	0.98	1.0
10850	1.0	0.98	1.0	0.98	1.0	0.98	0.98	0.96	1.0	1.0	1.0	0.98	0.98	0.98	0.98	1.0
10900	1.0	0.98	1.0	0.98	1.0	0.98	0.98	0.96	1.0	1.0	1.0	0.98	0.98	0.98	0.98	1.0
10950	1.0	0.98	1.0	0.98	1.0	0.98	1.0	0.96	1.0	1.0	1.0	0.98	0.98	0.98	0.98	1.0
11000	1.0	0.98	1.0	0.96	1.0	0.98	1.0	0.96	1.0	1.0	1.0	0.96	0.98	0.98	0.98	1.0
11050	1.0	0.98	1.0	0.96	1.0	0.98	1.0	0.96	1.0	1.0	1.0	0.96	0.96	1.0	0.98	1.0
11100	0.98	0.98	1.0	0.96	1.0	0.98	0.98	0.96	1.0	1.0	1.0	0.96	0.96	1.0	0.98	1.0
11150	0.98	0.98	1.0	0.96	1.0	0.98	0.98	0.96	1.0	1.0	1.0	0.94	0.96	1.0	0.96	1.0
11200	0.98	0.98	1.0	0.96	1.0	0.98	0.98	0.96	1.0	1.0	1.0	0.94	0.98	1.0	0.96	1.0
11250	0.98	1.0	1.0	0.96	1.0	0.98	0.98	0.96	1.0	1.0	1.0	0.94	0.98	1.0	0.98	1.0
11300	0.98	0.98	1.0	0.96	1.0	0.98	0.98	0.96	1.0	1.0	1.0	0.92	0.98	1.0	0.98	1.0
11350	0.98	0.98	1.0	0.94	1.0	0.98	0.98	0.96	1.0	1.0	1.0	0.92	0.98	1.0	0.96	1.0
11400	0.98	0.98	1.0	0.96	1.0	0.98	0.96	0.98	1.0	1.0	0.98	0.92	0.98	1.0	0.94	1.0
11450	0.98	0.98	1.0	0.96	0.98	0.98	0.96	0.98	1.0	1.0	0.98	0.92	0.98	1.0	0.94	1.0
11500	0.98	0.96	1.0	0.98	0.96	0.98	0.94	0.98	1.0	1.0	0.98	0.92	0.98	1.0	0.94	1.0
11550	0.96	0.96	1.0	0.98	0.96	0.96	0.94	0.98	1.0	1.0	0.98	0.94	0.98	1.0	0.94	1.0
11600	0.94	0.96	1.0	0.98	0.94	0.96	0.94	0.98	1.0	1.0	0.98	0.94	0.98	1.0	0.96	1.0
11650	0.94	0.96	1.0	0.98	0.94	0.96	0.94	0.98	1.0	1.0	0.98	0.96	0.98	0.98	0.96	1.0
11700	0.9	0.96	1.0	0.98	0.94	0.96	0.94	0.98	1.0	1.0	0.98	0.94	0.98	0.98	0.96	1.0
11750	0.92	0.96	1.0	0.98	0.94	0.96	0.96	0.98	1.0	1.0	0.98	0.92	1.0	0.98	0.96	1.0
11800	0.92	0.96	1.0	0.98	0.94	0.96	0.96	0.98	1.0	1.0	0.98	0.94	1.0	0.98	0.98	1.0
11850	0.9	0.96	1.0	0.98	0.94	0.96	0.96	1.0	1.0	1.0	0.98	0.92	1.0	0.98	0.98	1.0
11900	0.88	0.96	1.0	1.0	0.94	0.96	0.96	1.0	1.0	1.0	0.98	0.94	1.0	0.98	1.0	1.0
11950	0.88	0.96	1.0	1.0	0.94	0.98	0.96	0.98	1.0	1.0	0.98	0.94	1.0	0.98	1.0	1.0
12000	0.88	0.96	1.0	1.0	0.94	0.98	0.96	0.98	1.0	1.0	0.98	0.94	1.0	0.98	1.0	1.0
12050	0.88	0.96	1.0	1.0	0.94	0.98	0.96	0.98	1.0	1.0	1.0	0.92	1.0	0.98	1.0	1.0
12100	0.88	0.98	1.0	1.0	0.94	1.0	0.98	0.98	1.0	1.0	1.0	0.92	1.0	0.98	1.0	1.0
12150	0.88	0.98	1.0	1.0	0.96	1.0	0.98	0.98	1.0	1.0	1.0	0.9	1.0	0.98	1.0	1.0
12200	0.9	0.98	1.0	1.0	0.96	1.0	1.0	0.98	1.0	1.0	1.0	0.9	1.0	0.98	1.0	1.0
12250	0.92	0.98	1.0	1.0	0.98	1.0	1.0	0.98	1.0	1.0	1.0	0.92	1.0	0.98	1.0	0.98
12300	0.92	1.0	1.0	1.0	0.98	1.0	0.98	0.98	1.0	1.0	1.0	0.92	0.98	0.98	1.0	0.98
12350	0.94	1.0	1.0	1.0	1.0	1.0	0.98	0.98	1.0	1.0	1.0	0.92	0.98	0.98	1.0	0.98
12400	0.96	1.0	1.0	1.0	1.0	1.0	0.98	0.98	1.0	1.0	1.0	0.92	0.98	0.98	1.0	0.98
12450	0.96	1.0	1.0	1.0	1.0	1.0	0.98	0.98	1.0	1.0	1.0	0.94	0.98	0.98	0.98	0.98
12500	0.96	1.0	1.0	1.0	1.0	0.98	0.96	0.98	1.0	1.0	0.98	0.94	0.96	0.98	0.96	0.98
12550	0.98	1.0	1.0	1.0	0.98	0.98	0.94	0.98	1.0	0.98	0.98	0.94	0.96	0.98	0.96	0.98
12600	1.0	1.0	1.0	0.98	0.98	0.98	0.94	1.0	1.0	0.98	0.98	0.94	0.92	0.96	0.96	0.98
12650	1.0	1.0	1.0	0.98	0.98	0.98	0.92	1.0	1.0	0.98	0.98	0.94	0.92	0.96	0.94	0.98
12700	1.0	1.0	1.0	0.98	0.98	0.98	0.9	1.0	1.0	0.98	0.98	0.96	0.92	0.96	0.94	0.98
12750	1.0	1.0	1.0	0.98	0.98	0.98	0.88	1.0	1.0	0.98	0.98	0.98	0.92	0.96	0.94	0.98
12800	1.0	1.0	1.0	0.98	0.98	0.98	0.88	1.0	1.0	0.98	0.98	0.98	0.92	0.96	0.94	0.98
12850	1.0	1.0	1.0	0.98	0.98	0.98	0.86	1.0	1.0	0.98	0.96	0.98	0.94	0.96	0.94	1.0
12900	1.0	1.0	1.0	0.98	0.98	0.98	0.86	1.0	1.0	0.98	0.96	1.0	0.94	0.98	0.94	1.0
12950	1.0	1.0	1.0	0.98	0.98	0.98	0.86	1.0	1.0	0.98	0.96	1.0	0.94	0.98	0.94	1.0
13000	1.0	1.0	1.0	0.96	0.98	0.98	0.86	1.0	1.0	0.96	0.96	1.0	0.96	0.98	0.94	1.0
13050	1.0	1.0	1.0	0.96	0.98	0.98	0.88	1.0	1.0	0.96	0.96	1.0	0.96	0.98	0.94	0.98
13100	1.0	1.0	1.0	0.96	0.98	0.98	0.88	1.0	1.0	0.96	0.98	1.0	0.96	0.98	0.94	0.98
13150	0.98	1.0	1.0	0.96	0.98	0.98	0.88	1.0	0.98	0.96	0.98	1.0	1.0	0.98	0.94	0.98
13200	0.98	1.0	1.0	0.98	0.98	0.98	0.88	1.0	0.98	0.98	0.98	1.0	1.0	1.0	0.94	0.98
13250	0.98	1.0	1.0	0.98	0.98	0.98	0.88	1.0	0.98	0.96	0.98	1.0	1.0	0.98	0.94	0.98
13300	0.98	1.0	1.0	0.98	0.98	0.98	0.88	1.0	0.98	0.96	0.98	1.0	1.0	0.98	0.96	0.98
13350	0.98	0.98	1.0	0.98	0.98	0.98	0.9	1.0	0.98	0.94	0.98	0.98	1.0	0.98	0.94	0.98
13400	0.98	0.96	1.0	0.98	0.98	0.98	0.92	1.0	0.98	0.94	0.98	0.96	1.0	0.98	0.96	0.98
13450	0.98	0.96	1.0	0.98	0.98	1.0	0.94	1.0	0.98	0.94	1.0	0.96	1.0	0.98	0.98	0.98
13500	0.98	0.96	1.0	0.98	0.98	1.0	0.96	1.0	0.98	0.94	1.0	0.94	1.0	0.98	0.98	0.98
13550	0.98	0.94	1.0	0.98	0.98	1.0	0.96	0.96	0.98	0.94	1.0	0.92	1.0	0.96	0.98	0.98
13600	0.98	0.92	1.0	0.96	0.98	1.0	0.96	0.96	0.98	0.94	1.0	0.92	1.0	0.96	0.98	0.98
13650	0.96	0.92	1.0	0.96	0.98	1.0	0.98	0.96	0.98	0.94	1.0	0.92	1.0	0.96	0.98	0.98
13700	0.94	0.92	1.0	0.98	0.98	1.0	0.98	0.94	1.0	0.96	1.0	0.9	1.0	0.96	0.98	0.98
13750	0.94	0.92	1.0	0.98	0.98	1.0	1.0	0.92	1.0	0.96	1.0	0.9	0.98	0.96	0.98	1.0
13800	0.94	0.92	1.0	0.98	0.98	1.0	1.0	0.92	1.0	0.96	1.0	0.84	0.98	0.96	0.98	1.0
13850	0.96	0.92	1.0	0.98	0.98	1.0	0.98	0.92	1.0	0.96	1.0	0.84	0.98	0.96	0.98	0.98
13900	0.96	0.92	1.0	0.98	0.98	1.0	0.98	0.92	1.0	0.94	1.0	0.86	0.98	0.96	0.98	0.98
13950	0.96	0.92	1.0	0.98	0.98	1.0	0.98	0.9	1.0	0.96	1.0	0.88	0.98	0.96	0.98	0.98
14000	0.96	0.92	1.0	0.96	1.0	1.0	0.98	0.9	1.0	0.98	1.0	0.88	0.98	0.98	1.0	0.98
14050	0.96	0.94	1.0	0.94	1.0	1.0	0.98	0.9	1.0	0.98	1.0	0.86	0.98	0.98	1.0	0.98
14100	0.96	0.96	1.0	0.94	1.0	1.0	0.98	0.9	0.98	0.98	1.0	0.88	0.98	0.98	1.0	0.98
14150	0.96	0.96	1.0	0.94	1.0	1.0	0.98	0.9	0.98	0.98	1.0	0.88	0.98	0.96	1.0	0.96
14200	0.96	0.96	1.0	0.94	0.98	0.98	0.96	0.9	0.98	0.98	1.0	0.9	0.98	0.96	1.0	0.96
14250	0.98	0.96	1.0	0.94	0.96	0.98	0.96	0.9	0.98	0.96	0.98	0.9	0.98	0.96	1.0	0.96
14300	1.0	0.98	1.0	0.96	0.96	0.98	0.96	0.92	0.98	0.96	0.98	0.9	0.98	0.96	0.98	0.96
14350	1.0	1.0	1.0	0.96	0.96	0.98	0.96	0.94	0.98	0.96	0.98	0.9	0.98	0.98	0.98	0.96
14400	1.0	1.0	1.0	0.94	0.96	0.98	0.96	0.94	0.98	0.96	0.98	0.92	0.98	0.98	0.98	0.96
14450	0.98	1.0	1.0	0.94	0.96	0.98	0.98	0.94	0.98	0.98	0.98	0.92	0.98	0.98	0.98	0.96
14500	0.98	1.0	1.0	0.94	0.96	0.98	0.98	0.96	0.98	0.98	0.98	0.92	0.98	0.98	0.98	0.96
14550	0.98	1.0	1.0	0.94	0.96	0.98	0.98	0.98	0.98	0.98	0.98	0.94	1.0	0.98	0.96	0.94
14600	0.98	1.0	1.0	0.94	0.96	0.98	0.98	0.98	0.98	0.98	0.98	0.98	1.0	0.98	0.96	0.96
14650	0.98	1.0	1.0	0.98	0.96	0.98	0.98	0.98	1.0	0.98	0.98	0.98	1.0	0.98	0.96	0.96
14700	0.98	1.0	1.0	0.98	0.96	0.98	0.98	0.98	1.0	0.98	0.98	0.98	1.0	0.94	0.96	0.96
14750	0.98	1.0	0.98	0.98	0.96	0.98	0.96	1.0	1.0	0.98	0.98	0.98	1.0	0.94	0.96	0.96
14800	0.98	1.0	0.98	0.98	0.96	0.98	0.96	1.0	0.98	0.98	0.98	1.0	1.0	0.94	0.98	0.96
14850	0.98	1.0	0.98	0.98	0.96	0.98	0.98	1.0	0.96	0.98	1.0	0.98	1.0	0.94	0.98	0.96
14900	0.96	1.0	0.98	0.98	0.94	0.98	0.98	1.0	0.94	0.98	1.0	0.98	1.0	0.94	0.98	0.96
14950	0.96	1.0	0.98	0.96	0.94	1.0	0.98	1.0	0.94	0.98	1.0	0.98	1.0	0.94	0.98	0.94
15000	0.96	1.0	0.98	0.98	0.96	1.0	0.98	1.0	0.94	1.0	1.0	0.98	1.0	0.96	0.98	0.94
15050	0.92	1.0	0.98	0.98	0.96	1.0	0.98	1.0	0.94	0.98	1.0	0.98	1.0	0.96	0.98	0.94
15100	0.9	1.0	0.98	0.98	0.96	0.98	0.98	1.0	0.94	0.98	1.0	0.98	1.0	0.96	1.0	0.94
15150	0.9	1.0	0.98	0.98	0.94	0.96	0.98	1.0	0.94	0.96	1.0	0.98	1.0	0.96	1.0	0.94
15200	0.9	1.0	0.98	0.98	0.94	0.96	0.98	1.0	0.94	0.96	1.0	0.96	1.0	0.94	1.0	0.94
15250	0.92	1.0	0.98	0.98	0.94	0.96	0.96	1.0	0.94	0.96	1.0	0.96	1.0	0.94	1.0	0.94
15300	0.92	1.0	0.98	0.98	0.94	0.96	0.94	1.0	0.94	0.96	1.0	0.96	1.0	0.96	1.0	0.94
15350	0.92	1.0	0.98	0.98	0.94	0.96	0.94	1.0	0.94	0.94	1.0	0.94	1.0	0.98	0.98	0.94
15400	0.92	1.0	1.0	0.98	0.94	0.96	0.94	1.0	0.94	0.94	1.0	0.92	1.0	0.98	0.98	0.94
15450	0.92	1.0	1.0	0.98	0.94	0.96	0.92	1.0	0.94	0.94	1.0	0.92	1.0	0.98	0.98	0.94
15500	0.92	1.0	1.0	0.98	0.96	0.96	0.94	1.0	0.96	0.92	1.0	0.92	1.0	0.98	0.98	0.94
15550	0.92	1.0	1.0	0.96	0.98	0.96	0.94	1.0	0.98	0.92	1.0	0.92	1.0	0.98	0.98	0.94
15600	0.94	1.0	1.0	0.96	0.98	0.96	0.94	1.0	0.98	0.92	1.0	0.94	1.0	0.98	0.98	0.96
15650	0.96	1.0	1.0	0.98	0.98	0.98	0.94	1.0	0.98	0.92	1.0	0.94	1.0	0.98	0.98	0.96
15700	0.98	1.0	1.0	0.98	0.98	1.0	0.94	1.0	0.96	0.92	1.0	0.94	1.0	0.98	0.98	0.96
15750	0.98	1.0	1.0	0.98	0.98	1.0	0.94	1.0	0.96	0.92	1.0	0.94	1.0	0.96	0.98	0.98
15800	0.98	1.0	1.0	0.98	1.0	1.0	0.94	1.0	0.96	0.94	1.0	0.96	1.0	0.96	0.98	0.98
15850	1.0	1.0	1.0	0.98	0.98	1.0	0.94	1.0	0.96	0.96	1.0	0.96	1.0	0.96	0.98	0.98
15900	1.0	1.0	1.0	0.98	0.98	1.0	0.94	1.0	0.96	0.96	1.0	0.96	1.0	0.98	0.98	0.98
15950	1.0	1.0	1.0	0.98	0.98	1.0	0.98	1.0	0.96	0.96	1.0	0.96	1.0	0.98	0.96	0.98
16000	1.0	1.0	1.0	0.98	0.98	1.0	0.98	1.0	0.96	0.96	1.0	0.96	1.0	0.98	0.96	1.0
16050	1.0	1.0	1.0	0.98	0.98	1.0	0.96	1.0	0.96	0.96	1.0	0.98	1.0	0.98	0.96	1.0
16100	1.0	1.0	1.0	0.98	0.96	1.0	0.98	1.0	0.96	0.98	1.0	0.98	1.0	0.98	0.96	1.0
16150	1.0	0.98	1.0	0.98	0.96	1.0	0.98	1.0	0.96	1.0	1.0	0.98	1.0	0.98	0.96	1.0
16200	0.98	0.98	1.0	0.98	0.96	1.0	0.98	1.0	0.96	1.0	1.0	0.98	1.0	0.98	0.96	1.0
16250	0.98	0.98	1.0	1.0	0.96	0.98	0.98	1.0	0.96	1.0	1.0	0.98	1.0	0.98	0.96	1.0
16300	0.98	0.98	1.0	1.0	0.96	0.98	0.98	1.0	0.96	1.0	1.0	0.98	1.0	0.96	0.96	1.0
16350	0.98	0.98	1.0	0.98	0.96	0.98	0.98	1.0	0.96	1.0	1.0	0.98	1.0	0.96	0.96	1.0
16400	0.98	0.98	1.0	0.98	0.96	0.98	0.98	1.0	0.98	1.0	1.0	0.98	1.0	0.96	0.96	1.0
16450	0.98	0.98	1.0	0.98	0.96	0.98	0.98	1.0	0.98	1.0	1.0	0.98	0.98	0.98	0.96	1.0
16500	0.98	0.98	1.0	0.98	0.96	0.96	0.96	1.0	0.98	1.0	1.0	0.98	0.98	0.98	1.0	1.0
16550	0.98	0.98	0.98	0.98	0.96	0.94	0.96	1.0	1.0	1.0	1.0	0.98	0.98	0.98	1.0	1.0
16600	0.98	0.98	0.98	0.98	0.96	0.94	0.96	1.0	1.0	1.0	1.0	0.98	0.98	0.96	1.0	1.0
16650	0.98	0.98	0.98	0.98	0.96	0.94	0.92	1.0	1.0	1.0	1.0	1.0	0.98	0.96	1.0	1.0
16700	0.98	1.0	0.98	0.98	0.96	0.94	0.92	1.0	1.0	1.0	1.0	1.0	0.98	0.96	0.98	1.0
16750	0.98	1.0	0.98	0.98	0.98	0.92	0.92	1.0	1.0	1.0	1.0	1.0	0.98	0.94	0.98	1.0
16800	0.98	1.0	0.98	0.98	0.96	0.94	0.94	1.0	1.0	1.0	1.0	1.0	0.98	0.92	0.98	1.0
16850	0.98	1.0	0.98	0.98	0.96	0.94	0.94	1.0	1.0	1.0	1.0	1.0	0.98	0.94	0.98	1.0
16900	1.0	1.0	0.98	0.98	0.96	0.94	0.94	1.0	1.0	1.0	1.0	1.0	0.98	0.92	0.98	1.0
16950	1.0	1.0	0.98	0.98	0.96	0.94	0.94	1.0	1.0	1.0	1.0	1.0	0.98	0.92	0.98	1.0
17000	1.0	1.0	0.98	0.98	0.96	0.94	0.94	1.0	1.0	1.0	1.0	1.0	0.98	0.92	0.98	1.0
17050	1.0	1.0	0.98	1.0	0.96	0.94	0.94	1.0	1.0	1.0	1.0	1.0	0.98	0.92	0.98	0.98
17100	1.0	1.0	0.98	1.0	0.96	0.94	0.94	1.0	1.0	1.0	1.0	1.0	0.98	0.92	0.98	0.98
17150	1.0	1.0	1.0	1.0	0.96	0.94	0.94	0.98	1.0	1.0	1.0	1.0	0.98	0.92	0.98	0.98
17200	1.0	1.0	1.0	1.0	0.96	0.94	0.96	0.98	0.98	1.0	1.0	1.0	0.98	0.92	0.98	0.98
17250	1.0	1.0	1.0	1.0	0.96	0.96	0.98	0.98	0.98	1.0	0.98	1.0	0.98	0.94	0.98	0.98
17300	1.0	1.0	1.0	1.0	0.98	0.98	0.98	0.98	0.98	1.0	0.98	1.0	0.98	0.92	0.98	0.96
17350	0.98	1.0	1.0	0.98	0.96	0.98	0.98	0.98	0.98	1.0	0.98	1.0	0.96	0.94	0.98	0.96
17400	0.98	1.0	1.0	0.94	0.96	0.98	0.98	0.98	0.98	1.0	0.98	1.0	0.96	0.94	0.98	0.96
17450	0.98	1.0	1.0	0.94	0.98	0.98	0.98	0.98	0.98	1.0	0.98	1.0	0.96	0.96	0.96	0.96
17500	0.98	1.0	1.0	0.94	0.98	0.98	0.98	0.98	0.98	0.98	0.98	1.0	0.98	0.94	0.98	0.96
17550	0.98	1.0	1.0	0.94	0.98	1.0	0.98	0.98	0.98	0.98	0.98	1.0	0.98	0.94	0.98	0.96
17600	0.98	1.0	1.0	0.94	0.98	1.0	0.98	0.98	0.98	0.98	0.98	0.98	0.98	0.96	0.98	0.96
17650	0.98	1.0	1.0	0.94	0.98	0.98	0.98	0.98	0.98	0.98	0.98	0.98	0.98	0.96	0.98	0.96
17700	0.96	1.0	1.0	0.94	0.98	0.98	0.96	0.98	0.98	0.98	0.98	0.98	0.98	0.94	0.98	0.96
17750	0.96	1.0	1.0	0.94	0.98	0.98	0.96	0.96	0.98	0.98	0.98	0.98	0.96	0.94	0.98	0.96
17800	0.96	1.0	1.0	0.94	0.98	0.96	0.96	0.96	0.98	0.98	0.96	0.98	0.96	0.94	0.98	0.98
17850	0.94	1.0	1.0	0.94	0.98	0.94	0.94	0.96	0.98	0.98	0.94	0.98	0.96	0.96	0.98	0.98
17900	0.94	1.0	1.0	0.94	0.98	0.92	0.94	0.96	0.98	0.98	0.96	0.98	0.94	0.96	0.98	0.98
17950	0.94	1.0	1.0	0.94	0.96	0.92	0.94	0.94	0.98	0.98	0.96	0.96	0.94	0.96	0.98	1.0
18000	0.94	1.0	1.0	0.94	0.96	0.9	0.94	0.96	0.98	0.98	0.96	0.96	0.94	0.96	0.98	1.0
18050	0.94	1.0	1.0	0.94	0.98	0.9	0.94	0.96	0.98	0.98	0.96	0.96	0.94	0.96	0.96	1.0
18100	0.96	1.0	1.0	0.96	0.98	0.9	0.94	0.96	1.0	1.0	0.96	0.96	0.94	0.94	0.96	1.0
18150	0.96	1.0	1.0	0.96	0.96	0.9	0.94	0.96	1.0	1.0	0.96	0.94	0.94	0.94	0.96	1.0
18200	0.96	1.0	1.0	0.98	0.96	0.92	0.94	0.96	1.0	1.0	0.96	0.94	0.94	0.96	0.96	1.0
18250	0.94	1.0	1.0	0.96	0.94	0.92	0.94	0.94	1.0	1.0	0.96	0.94	0.94	0.96	0.96	1.0
18300	0.94	1.0	1.0	0.96	0.94	0.94	0.94	0.94	1.0	1.0	0.96	0.94	0.94	0.96	0.96	1.0
18350	0.94	1.0	1.0	0.96	0.94	0.94	0.94	0.94	1.0	1.0	0.96	0.94	0.94	0.94	0.94	1.0
18400	0.96	1.0	1.0	0.96	0.94	0.94	0.92	0.94	1.0	1.0	0.98	0.92	0.96	0.96	0.94	1.0
18450	0.96	1.0	0.98	0.94	0.94	0.94	0.92	0.94	1.0	0.98	1.0	0.92	0.96	0.96	0.94	1.0
18500	0.98	1.0	0.98	0.94	0.94	0.96	0.92	0.94	0.98	0.98	1.0	0.9	0.96	0.96	0.94	1.0
18550	0.98	0.98	0.98	0.94	0.96	0.94	0.92	0.96	0.98	0.98	1.0	0.92	0.96	0.96	0.94	1.0
18600	0.98	0.98	0.98	0.94	0.96	0.94	0.92	0.96	0.98	0.98	1.0	0.9	0.96	0.94	0.92	1.0
18650	0.98	0.98	0.98	0.94	0.96	0.96	0.94	0.96	0.98	0.98	1.0	0.9	0.96	0.94	0.92	1.0
18700	0.98	0.98	0.98	0.96	0.96	0.96	0.94	0.98	0.98	0.98	1.0	0.9	0.92	0.94	0.94	1.0
18750	0.98	0.98	0.98	0.96	0.96	0.96	0.96	0.98	0.98	0.98	1.0	0.88	0.94	0.94	0.94	1.0
18800	0.98	0.96	0.98	0.98	0.98	0.96	0.96	0.98	0.98	0.98	1.0	0.9	0.94	0.96	0.94	1.0
18850	0.98	0.96	0.98	0.98	0.98	0.96	0.98	1.0	0.98	0.98	1.0	0.88	0.94	0.96	0.94	1.0
18900	1.0	0.96	0.98	0.96	0.98	0.96	0.98	1.0	0.98	0.98	1.0	0.86	0.94	0.96	0.92	1.0
18950	1.0	0.94	0.98	0.96	0.98	0.96	0.98	1.0	0.98	0.98	1.0	0.86	0.94	0.94	0.92	1.0
19000	1.0	0.94	0.98	0.96	0.96	0.96	0.98	1.0	0.98	0.98	1.0	0.88	0.94	0.94	0.92	1.0
19050	1.0	0.94	0.98	0.98	0.96	0.96	0.98	1.0	0.98	0.96	1.0	0.88	0.94	0.94	0.92	1.0
19100	1.0	0.96	1.0	0.98	0.96	0.96	0.98	1.0	0.98	0.96	1.0	0.88	0.94	0.96	0.92	1.0
19150	1.0	0.96	1.0	0.98	0.96	0.98	0.98	1.0	1.0	0.96	1.0	0.9	0.94	0.96	0.92	1.0
19200	1.0	0.96	1.0	0.98	0.96	0.98	1.0	1.0	1.0	0.98	1.0	0.9	0.96	0.96	0.9	1.0
19250	1.0	0.96	1.0	0.98	0.96	0.98	1.0	0.98	1.0	0.98	1.0	0.9	0.96	0.96	0.9	1.0
19300	0.98	0.96	1.0	0.98	0.96	1.0	0.98	0.98	1.0	0.98	1.0	0.92	1.0	0.96	0.9	1.0
19350	0.96	0.96	1.0	0.98	0.96	1.0	0.98	0.98	1.0	0.98	1.0	0.92	1.0	0.98	0.92	1.0
19400	0.96	0.96	1.0	0.98	0.96	1.0	0.98	0.98	1.0	0.98	1.0	0.94	1.0	0.98	0.92	1.0
19450	0.96	0.96	1.0	0.96	0.96	1.0	0.98	0.98	1.0	0.98	0.98	0.94	1.0	0.98	0.92	1.0
19500	0.96	0.96	1.0	0.96	0.96	1.0	0.98	0.98	1.0	0.98	0.96	0.94	1.0	0.98	0.92	1.0
19550	0.96	0.96	1.0	0.96	0.96	1.0	0.98	0.98	1.0	0.98	0.96	0.94	1.0	0.98	0.92	1.0
19600	0.96	0.98	1.0	0.96	0.98	1.0	0.94	0.96	1.0	0.98	0.96	0.98	1.0	0.98	0.94	1.0
19650	0.96	0.98	1.0	0.96	0.98	1.0	0.94	0.96	1.0	0.98	0.96	0.98	1.0	1.0	0.94	1.0
19700	0.94	0.98	1.0	0.96	0.98	1.0	0.94	0.96	1.0	0.98	0.96	1.0	1.0	1.0	0.94	1.0
19750	0.94	0.98	1.0	0.96	1.0	1.0	0.94	0.96	1.0	0.98	0.96	1.0	1.0	1.0	0.96	1.0
19800	0.92	0.98	1.0	0.96	1.0	1.0	0.92	0.96	1.0	1.0	0.96	1.0	1.0	1.0	0.94	1.0
19850	0.9	0.98	1.0	0.96	1.0	1.0	0.92	0.96	1.0	1.0	0.96	1.0	1.0	1.0	0.94	1.0
19900	0.9	0.98	1.0	0.96	1.0	1.0	0.92	0.96	1.0	1.0	0.96	1.0	1.0	1.0	0.94	1.0
19950	0.88	0.98	1.0	0.92	1.0	1.0	0.94	0.96	1.0	1.0	0.96	0.98	0.98	1.0	0.96	1.0
20000	0.88	0.98	1.0	0.9	1.0	1.0	0.94	0.96	1.0	1.0	0.98	0.98	0.98	1.0	0.96	1.0
