0	0	0	0	0	0	0	0	0	0	0	0	0	0	0	0	0	0
50	11	4	2	1	2	1	3	3	0	1	5	4	0	1	4	5	11
100	11	4	3	4	4	3	3	4	5	3	5	4	2	3	5	6	12
150	11	5	5	4	5	3	4	4	6	4	6	5	5	5	6	6	12
200	11	5	7	5	6	4	4	5	7	4	6	6	6	5	6	6	12
250	11	6	7	6	7	4	4	6	7	6	6	6	6	5	6	6	12
300	12	6	7	6	8	5	6	6	7	6	8	6	7	6	6	6	13
350	14	6	7	6	8	5	6	6	8	7	8	6	7	6	6	7	16
400	14	6	7	6	8	7	6	7	8	7	9	6	7	6	6	7	16
450	16	7	7	6	9	7	7	7	9	7	9	7	7	6	6	8	17
500	16	7	7	6	9	7	7	7	9	7	9	7	7	6	6	8	18
550	16	7	7	6	9	7	8	7	9	7	9	7	7	7	6	9	19
600	16	7	7	7	9	7	8	7	9	7	9	7	7	7	6	9	19
650	16	7	7	7	9	8	8	7	9	8	9	8	8	7	7	9	21
700	16	7	7	8	9	9	8	7	9	8	9	8	8	7	7	9	22
750	18	8	7	8	9	9	8	8	10	8	9	8	8	7	7	9	25
800	19	8	8	8	10	9	8	8	10	8	9	8	8	8	7	10	27
850	22	8	9	9	10	9	8	8	10	9	9	8	8	8	8	11	32
900	22	9	9	9	10	9	8	8	10	9	9	9	8	8	8	11	32
950	22	9	9	9	10	9	8	8	10	9	10	9	8	8	8	11	32
1000	23	9	9	9	10	10	8	9	10	9	10	10	9	8	8	11	33
1050	23	9	9	9	10	10	8	9	10	9	10	10	9	8	7	12	35
1100	23	9	9	9	10	10	8	9	10	9	10	10	9	10	7	12	34
1150	23	9	9	9	11	10	8	9	11	9	10	10	9	10	7	12	33
1200	24	8	9	10	11	11	8	9	11	9	10	10	9	10	7	12	34
1250	25	8	9	10	11	11	8	9	11	9	11	10	9	10	9	12	35
1300	26	9	10	11	11	11	8	8	11	9	10	10	9	10	9	12	36
1350	29	9	10	11	10	11	8	8	11	9	11	10	10	10	9	12	40
1400	29	9	10	11	11	12	8	8	11	10	11	10	10	10	10	13	43
1450	29	9	10	11	10	12	7	8	11	10	11	11	10	10	10	13	43
1500	30	10	10	11	10	12	8	8	11	9	11	11	10	10	10	13	44
1550	32	10	10	11	11	12	8	8	11	9	11	11	10	10	11	14	46
1600	31	12	12	11	11	12	8	8	11	11	11	11	10	10	12	15	49
1650	33	12	12	11	11	12	8	8	11	11	11	11	10	9	12	15	51
1700	35	13	13	11	11	13	9	9	11	11	12	11	10	9	12	16	57
1750	36	13	13	11	13	14	9	10	11	11	12	11	11	9	12	17	61
1800	36	14	13	12	13	14	9	10	11	11	12	12	11	9	12	17	64
1850	36	14	13	12	13	15	9	10	13	11	13	12	12	9	12	17	65
1900	37	14	14	12	13	15	9	11	13	11	13	12	12	9	12	17	65
1950	37	14	14	13	13	15	10	11	13	11	13	12	14	10	12	17	66
2000	38	14	14	14	13	16	10	12	14	11	13	13	14	10	12	17	66
2050	38	14	14	14	13	16	11	12	14	11	13	13	14	10	12	17	66
2100	39	14	14	14	14	16	11	12	14	11	13	14	14	12	12	18	70
2150	39	15	14	14	14	16	11	12	14	11	13	14	14	12	12	18	69
2200	40	16	14	14	14	16	11	14	14	11	13	15	14	13	12	18	71
2250	40	16	14	14	15	16	11	14	15	12	14	15	14	13	12	18	73
2300	42	18	15	14	14	16	11	14	15	12	14	15	14	13	12	19	75
2350	39	18	15	14	14	16	12	15	15	12	14	16	14	13	12	19	75
2400	40	17	15	13	14	16	13	15	15	12	14	16	14	13	12	19	74
2450	41	18	15	14	14	16	13	16	15	12	14	16	14	14	12	19	75
2500	41	18	15	14	14	16	13	16	16	12	14	16	14	14	12	19	76
2550	40	19	16	14	14	16	14	16	16	12	14	16	14	14	12	19	77
2600	39	19	16	14	15	16	15	16	16	12	14	16	14	14	12	19	78
2650	39	19	16	14	18	16	15	16	16	13	14	16	14	14	12	19	79
2700	39	20	17	14	18	16	15	16	16	13	13	16	14	14	12	19	78
2750	37	20	17	14	19	16	15	16	16	13	13	17	14	14	12	19	80
2800	38	21	17	14	19	16	15	16	17	13	13	17	14	15	12	19	80
2850	37	21	17	14	19	15	15	16	17	13	13	18	14	15	12	19	79
2900	36	21	17	14	19	14	15	16	17	14	13	18	14	15	12	19	75
2950	36	21	17	14	19	15	15	16	16	14	13	19	14	15	12	19	74
3000	36	21	18	15	19	15	15	16	16	14	13	19	14	15	12	19	75
3050	36	21	18	15	20	16	15	16	16	14	13	20	14	16	12	19	76
3100	36	21	18	15	20	16	15	17	16	14	13	20	14	16	12	19	77
3150	36	21	18	15	20	16	15	17	16	15	13	20	14	16	13	19	78
3200	38	21	18	15	20	16	15	17	16	15	14	20	14	16	13	19	79
3250	39	20	18	16	20	16	15	17	16	15	14	20	14	16	13	19	80
3300	39	20	18	16	19	16	15	17	16	15	14	20	14	16	14	19	81
3350	39	20	18	16	19	16	15	17	16	15	15	20	14	16	14	19	82
3400	39	20	18	16	20	16	15	17	16	15	16	20	14	17	14	19	83
3450	39	20	19	18	21	16	15	17	16	15	16	20	14	17	14	19	85
3500	41	20	19	18	21	16	15	17	17	15	17	20	14	17	14	19	87
3550	41	19	20	18	21	16	15	17	17	15	17	20	15	17	14	19	83
3600	43	19	20	18	21	16	15	17	17	17	17	20	15	17	14	19	84
3650	42	19	21	17	20	17	15	17	18	17	18	20	15	17	14	19	86
3700	42	19	21	17	20	17	16	17	18	17	18	20	15	17	14	19	87
3750	45	19	21	17	20	17	16	17	18	17	18	20	15	17	14	19	90
3800	46	19	21	17	20	17	16	17	18	17	18	20	16	17	14	19	91
3850	46	20	21	17	20	17	16	17	18	17	18	20	16	17	14	19	91
3900	43	20	21	17	20	17	16	17	18	17	18	20	16	17	15	19	91
3950	46	20	21	17	21	17	16	17	18	17	18	20	16	16	16	19	95
4000	47	19	21	18	21	18	18	17	18	17	18	20	16	16	16	19	93
4050	47	19	21	18	21	18	18	17	18	17	18	20	16	16	16	19	92
4100	47	20	21	18	21	18	18	17	18	17	18	21	16	16	16	19	93
4150	47	20	21	17	21	18	18	18	18	18	18	21	16	16	16	19	92
4200	47	20	21	17	21	18	18	18	19	18	18	21	16	16	16	19	92
4250	47	21	21	17	21	18	18	18	19	18	18	21	16	17	16	20	95
4300	47	21	21	17	21	18	18	18	19	18	18	21	16	17	16	20	94
4350	47	21	21	17	21	18	19	18	20	18	18	21	16	17	16	20	95
4400	47	21	21	17	21	18	19	18	19	18	18	21	16	17	16	20	95
4450	46	21	21	17	21	18	20	18	19	18	18	21	16	17	16	20	95
4500	45	21	21	18	22	18	20	18	19	18	19	21	17	18	17	20	97
4550	45	20	21	18	22	18	20	19	19	18	19	22	17	18	17	20	95
4600	45	20	21	18	22	18	20	19	19	18	19	22	17	18	17	20	96
4650	45	18	21	18	22	18	20	19	19	18	19	22	17	18	17	20	95
4700	46	18	22	18	22	19	20	19	20	18	19	22	17	19	17	20	96
4750	47	18	22	18	22	20	20	19	20	19	19	22	17	19	17	20	97
4800	47	18	23	19	22	20	20	19	20	19	19	22	17	19	17	20	97
4850	47	18	23	19	22	20	20	19	20	20	19	22	17	19	17	20	97
4900	47	18	23	19	22	20	20	19	20	20	19	22	17	19	17	20	97
4950	46	18	23	19	22	20	20	19	20	19	19	22	18	19	17	20	97
5000	46	18	23	20	22	20	21	19	19	19	19	22	18	19	17	20	97
5050	47	18	23	20	23	20	21	19	19	19	19	22	18	18	17	20	98
5100	46	18	23	21	23	20	21	19	20	19	19	22	18	19	17	20	98
5150	46	18	22	21	23	20	20	19	20	19	19	22	18	19	17	20	98
5200	45	18	22	21	24	20	20	19	20	19	19	22	18	19	17	20	100
5250	45	18	22	21	24	20	20	19	20	19	19	22	18	19	17	21	100
5300	44	18	22	21	24	20	21	19	20	19	19	22	18	19	17	21	100
5350	45	18	22	21	24	20	21	19	20	19	20	22	18	19	17	21	100
5400	45	18	22	21	24	20	21	19	21	19	21	22	18	19	17	21	102
5450	45	18	22	21	24	20	21	19	21	19	21	22	18	19	17	21	102
5500	45	18	22	21	24	20	21	19	21	19	21	22	18	19	17	21	101
5550	44	18	22	21	24	19	21	19	21	19	21	22	18	19	17	21	101
5600	47	18	23	21	24	19	21	19	21	19	22	22	18	19	17	21	105
5650	47	18	23	21	24	20	21	19	21	19	22	22	18	19	17	21	104
5700	48	18	23	21	24	20	21	19	21	19	22	22	18	19	17	21	105
5750	47	18	23	21	24	20	21	19	21	19	22	23	18	19	17	21	104
5800	47	18	23	21	23	20	21	19	21	19	22	23	18	19	17	21	104
5850	48	18	23	21	23	20	21	19	21	19	22	23	18	19	17	21	104
5900	51	18	22	21	23	20	21	19	21	19	22	23	20	19	17	21	107
5950	51	18	22	22	23	20	21	19	21	19	22	23	20	19	17	21	109
6000	53	18	22	22	23	20	21	19	21	19	22	23	20	20	17	21	111
6050	54	18	22	22	23	20	22	19	21	19	22	23	20	20	17	21	112
6100	53	18	22	22	23	20	23	19	21	19	22	23	20	20	17	21	111
6150	53	18	22	22	22	20	23	19	21	19	22	23	20	20	17	21	110
6200	53	18	22	22	22	20	23	19	21	19	22	23	22	20	17	21	109
6250	53	18	22	22	22	20	23	19	21	18	22	23	22	20	17	21	108
6300	51	18	22	22	22	20	23	19	21	18	22	23	22	20	17	21	107
6350	52	18	22	23	22	20	23	19	21	19	22	22	23	19	17	21	108
6400	52	18	22	23	22	20	23	19	21	19	22	22	23	19	17	21	108
6450	51	18	22	23	22	20	23	19	21	19	22	22	23	19	17	21	108
6500	50	18	23	23	22	20	23	19	21	19	22	22	23	19	17	21	107
6550	52	19	23	23	22	20	23	19	22	19	22	22	23	20	17	21	110
6600	49	19	23	23	22	20	23	19	22	19	22	22	23	20	17	21	109
6650	49	19	23	23	22	20	23	19	22	19	22	22	23	20	17	21	108
6700	50	19	23	23	22	20	23	19	22	19	22	22	23	20	17	21	109
6750	50	19	23	23	22	20	23	19	22	19	22	22	23	20	17	21	108
6800	49	19	23	23	22	20	23	19	22	19	22	22	23	20	17	20	107
6850	49	19	23	23	22	20	23	19	22	19	22	22	23	20	17	20	106
6900	47	19	24	23	22	20	23	19	22	19	22	22	24	20	17	20	106
6950	48	19	24	23	22	20	23	19	22	19	22	22	24	20	17	21	106
7000	47	19	24	23	22	21	23	19	22	19	22	22	24	20	17	21	108
7050	50	19	24	23	22	21	23	19	22	19	23	22	24	20	17	21	112
7100	51	19	24	23	22	21	23	19	22	19	23	22	24	20	17	21	113
7150	52	19	24	23	22	21	23	19	22	19	24	22	24	20	17	21	114
7200	51	19	24	23	22	21	23	19	22	19	24	22	24	20	17	21	114
7250	50	19	24	23	22	21	23	19	22	19	24	22	24	21	17	21	116
7300	49	19	24	23	22	21	23	19	22	19	24	22	24	21	17	21	116
7350	49	18	24	23	22	21	23	19	22	19	24	22	23	22	17	21	116
7400	49	18	24	23	22	21	23	19	22	19	24	22	23	22	17	21	117
7450	49	18	24	23	22	22	23	19	22	19	24	22	23	22	17	21	117
7500	50	18	24	23	22	23	24	19	22	19	24	22	23	22	17	21	118
7550	50	18	24	23	22	24	24	19	22	19	24	22	23	22	17	21	118
7600	49	18	24	23	22	24	24	19	22	19	24	22	24	22	17	21	118
7650	49	18	24	23	22	24	24	19	22	19	24	22	24	22	17	21	118
7700	49	18	24	23	22	24	23	19	22	19	24	22	24	22	17	21	118
7750	50	18	24	23	22	24	23	20	22	19	24	22	24	22	17	21	119
7800	49	18	24	23	22	24	23	20	23	19	24	22	24	22	17	21	118
7850	49	18	24	23	22	24	23	20	23	19	24	22	23	22	18	21	119
7900	50	18	24	23	21	24	23	21	23	19	24	22	23	22	18	21	120
7950	50	18	24	23	21	24	23	21	23	19	24	22	23	22	18	21	122
8000	49	18	24	23	19	24	23	21	23	19	24	22	23	22	18	21	120
8050	48	18	24	23	19	25	23	21	23	19	24	22	23	22	18	21	119
8100	48	18	24	23	19	25	23	19	23	19	24	22	23	22	18	21	120
8150	48	18	24	23	19	25	23	19	23	19	25	22	23	22	18	21	119
8200	49	18	24	23	19	25	23	19	23	19	25	22	23	22	18	21	120
8250	49	18	25	23	20	25	23	19	23	19	25	22	23	22	18	21	120
8300	47	18	25	23	20	25	23	19	23	19	25	22	23	22	18	20	117
8350	46	18	25	23	20	25	23	19	23	19	25	22	23	22	18	20	115
8400	45	18	25	23	20	25	23	19	23	19	25	22	23	22	18	20	113
8450	44	18	25	23	20	25	23	19	23	19	25	22	23	21	18	20	113
8500	44	18	25	23	20	25	23	19	23	19	24	22	23	21	18	20	112
8550	44	18	25	23	20	26	23	19	23	19	24	22	23	21	18	20	112
8600	44	18	25	23	19	26	23	19	23	19	24	22	23	21	18	20	112
8650	44	18	25	23	19	26	23	19	23	19	24	22	23	21	18	21	111
8700	44	18	25	23	19	26	23	19	23	19	24	22	23	21	18	21	109
8750	44	18	25	23	19	26	23	20	23	19	24	22	23	21	18	21	108
8800	44	18	25	23	19	26	23	20	23	19	23	22	23	21	18	21	107
8850	45	18	25	23	19	25	23	20	23	19	23	22	23	21	18	21	108
8900	48	18	25	23	20	25	23	20	23	19	23	22	23	21	18	21	111
8950	49	18	25	22	20	25	23	20	23	19	23	22	23	21	18	21	112
9000	49	18	26	22	20	24	23	20	23	19	23	22	23	21	18	21	112
9050	49	18	26	22	20	24	23	20	23	19	23	22	23	21	18	21	111
9100	47	18	26	22	20	24	23	20	23	19	23	22	23	21	18	21	111
9150	47	18	25	22	19	24	23	20	23	19	23	22	23	21	18	21	111
9200	47	18	25	22	19	24	23	20	23	19	23	22	22	21	18	21	111
9250	46	18	25	22	19	24	23	20	23	19	23	23	22	21	18	21	112
9300	47	18	25	22	19	24	23	20	23	19	23	23	22	21	18	21	113
9350	47	18	25	22	19	24	23	21	23	19	23	23	23	21	18	21	114
9400	47	18	25	22	19	24	23	21	23	20	23	23	23	21	18	21	114
9450	48	18	25	22	19	24	22	21	23	20	23	23	23	21	18	21	114
9500	48	18	25	22	19	24	22	21	23	19	23	23	23	21	18	21	112
9550	49	19	25	23	19	24	22	21	23	19	24	23	23	21	18	21	115
9600	48	19	23	24	19	24	22	21	23	19	24	23	23	21	18	21	112
9650	49	19	23	24	19	24	22	21	23	19	24	23	23	21	18	21	113
9700	50	19	23	24	19	24	22	21	24	19	24	23	23	21	18	21	115
9750	51	19	23	24	19	24	22	22	24	19	24	23	23	21	18	21	116
9800	51	19	23	24	19	24	22	22	24	19	24	23	23	21	18	20	116
9850	51	19	23	24	19	23	22	22	25	19	24	23	23	21	18	20	116
9900	50	19	23	24	19	23	22	23	25	19	24	23	23	21	18	20	116
9950	52	19	23	24	19	23	22	23	25	19	24	23	23	21	18	20	118
10000	51	19	23	24	19	23	22	22	25	19	24	23	23	21	18	20	117
10050	51	19	23	24	19	23	22	23	25	19	24	23	23	21	18	20	116
10100	51	18	23	24	19	23	22	23	25	19	24	23	23	21	18	20	117
10150	51	18	23	24	19	23	22	24	25	19	24	23	23	21	18	20	118
10200	51	18	23	24	19	23	22	24	25	21	24	23	23	21	18	20	118
10250	51	18	23	24	19	23	22	26	24	21	24	23	23	21	18	21	120
10300	51	18	23	24	19	23	22	26	24	21	24	23	23	21	18	21	121
10350	51	18	23	24	19	23	22	26	24	21	24	23	23	21	18	21	121
10400	51	18	23	24	20	23	22	27	24	22	24	22	23	21	18	21	122
10450	51	18	23	24	20	23	22	29	24	23	24	22	23	21	18	21	126
10500	51	18	23	24	20	23	22	29	24	23	24	22	23	21	18	21	126
10550	51	18	23	24	20	23	22	29	24	23	24	22	23	21	18	21	126
10600	51	18	23	24	20	23	22	27	24	24	24	22	23	21	18	22	127
10650	51	18	23	24	20	23	22	27	24	24	24	21	23	20	18	22	125
10700	51	19	23	24	20	23	22	27	24	24	24	21	23	20	18	22	124
10750	51	20	23	23	20	23	22	27	24	24	24	21	23	20	18	22	125
10800	51	20	23	23	20	23	22	27	24	24	24	21	23	19	18	22	125
10850	51	20	23	23	20	23	22	27	24	24	24	21	23	19	18	22	125
10900	51	20	23	23	20	23	22	28	24	24	24	21	23	19	18	22	125
10950	51	20	23	23	20	23	22	28	24	24	24	21	22	19	18	22	124
11000	51	20	23	23	20	23	22	29	24	24	24	21	22	19	18	22	125
11050	50	20	23	23	20	23	22	29	24	24	24	21	22	19	18	22	126
11100	50	20	23	23	20	23	22	29	24	24	24	21	22	19	18	22	124
11150	50	20	23	23	20	24	22	28	24	24	24	21	22	19	18	22	124
11200	50	20	23	23	21	25	22	29	24	24	24	21	22	19	18	22	126
11250	49	20	23	23	21	25	22	29	24	25	24	21	22	19	18	21	127
11300	49	20	23	23	21	25	22	29	24	25	24	21	22	19	18	21	128
11350	49	20	23	23	21	25	22	29	24	25	24	21	22	19	18	21	128
11400	49	20	23	23	21	25	22	29	24	25	24	21	22	19	18	21	129
11450	49	20	23	23	21	25	22	29	24	25	24	21	22	19	18	21	128
11500	49	20	23	23	21	25	22	29	24	25	24	21	22	19	18	21	129
11550	49	20	23	23	21	25	22	30	24	26	24	21	21	19	18	21	131
11600	49	20	23	23	21	25	22	29	24	25	24	21	21	19	18	21	132
11650	49	20	23	23	21	25	23	29	24	25	24	21	21	19	18	21	132
11700	49	20	23	23	21	25	23	29	24	25	24	21	21	19	18	21	132
11750	49	20	23	23	21	25	23	30	24	24	24	21	21	19	18	21	132
11800	49	20	23	23	21	25	24	30	24	24	24	21	21	19	18	21	132
11850	49	20	23	23	21	25	24	30	24	24	24	21	21	19	18	21	132
11900	49	20	23	23	21	25	24	30	24	24	24	21	21	19	18	21	132
11950	49	20	23	23	21	25	24	31	24	24	24	21	21	20	18	21	133
12000	49	21	23	23	21	25	24	31	24	24	24	22	21	20	18	21	134
12050	49	21	23	23	21	25	24	31	24	24	24	22	21	20	17	21	132
12100	50	21	23	23	21	25	24	31	24	24	24	23	20	20	17	21	133
12150	49	21	23	23	21	26	24	31	24	24	24	22	20	20	17	21	134
12200	48	21	23	23	21	26	24	31	24	24	24	22	20	20	17	21	133
12250	48	21	23	23	21	26	24	31	24	24	24	23	20	20	18	21	132
12300	48	21	23	23	22	26	24	31	24	24	24	23	20	20	18	21	132
12350	48	21	23	23	22	26	24	32	24	24	24	25	20	20	18	21	134
12400	48	21	23	23	22	26	24	32	24	24	24	26	20	20	19	21	136
12450	48	21	23	22	22	26	24	33	24	24	24	25	20	20	19	21	135
12500	48	21	23	22	22	26	24	33	24	24	24	26	20	20	20	21	136
12550	48	21	23	22	22	26	24	33	24	24	24	26	20	20	20	21	136
12600	48	21	23	22	22	26	24	33	24	24	24	26	20	20	20	21	136
12650	48	21	23	22	21	26	24	32	24	24	24	26	20	20	20	21	134
12700	48	21	23	22	21	26	24	32	24	24	23	26	20	20	20	21	134
12750	48	21	23	22	21	26	24	32	24	24	23	26	20	20	20	21	134
12800	49	20	23	22	21	25	24	33	24	24	23	26	20	20	20	21	135
12850	49	20	23	22	21	25	24	33	24	24	23	26	20	20	20	21	133
12900	49	20	23	22	21	25	24	33	24	24	23	26	20	20	20	21	133
12950	49	20	23	22	21	25	24	33	24	24	23	27	20	20	20	21	134
13000	49	20	23	22	21	25	24	33	24	24	23	27	20	20	21	21	134
13050	49	20	23	22	21	25	24	33	24	25	23	27	20	20	21	21	135
13100	49	20	23	22	21	25	24	33	24	25	23	27	20	20	21	21	135
13150	49	20	23	22	21	25	25	33	24	25	23	27	20	20	21	21	136
13200	49	20	23	22	21	25	25	33	24	26	23	27	20	20	21	21	135
13250	49	20	23	22	21	26	25	33	24	26	23	27	20	20	21	21	135
13300	49	20	23	22	21	26	25	33	24	26	23	27	20	20	21	21	135
13350	50	20	23	22	21	26	25	33	24	26	23	27	20	20	21	21	137
13400	50	20	23	21	21	26	25	34	24	26	23	27	20	20	21	21	137
13450	50	20	23	21	21	26	25	34	24	27	23	27	20	20	21	21	138
13500	50	21	22	21	21	27	24	34	24	27	23	27	20	20	21	21	138
13550	50	21	22	21	21	27	24	34	24	27	23	27	20	20	21	21	138
13600	50	21	22	21	21	28	24	35	24	27	23	27	20	20	21	21	140
13650	50	20	22	21	21	29	24	35	24	27	23	27	20	20	21	21	141
13700	50	20	22	21	21	30	24	34	24	27	23	27	20	20	21	21	141
13750	50	22	22	21	21	28	24	34	24	27	23	27	20	20	21	21	143
13800	50	22	22	21	21	28	24	34	24	27	23	27	20	20	21	21	143
13850	50	22	22	21	21	26	24	34	24	27	23	27	20	20	21	21	142
13900	50	22	22	21	21	26	24	34	24	27	23	27	20	20	21	21	142
13950	50	23	22	21	21	27	24	34	24	27	23	27	20	20	21	21	144
14000	50	23	22	21	21	27	24	33	24	27	23	27	20	20	21	21	143
14050	50	23	22	21	21	27	23	33	24	28	23	27	20	20	21	21	144
14100	50	23	22	21	21	27	23	33	25	28	23	27	20	20	21	21	144
14150	50	23	22	21	21	28	24	33	26	28	23	27	20	20	21	21	145
14200	49	23	22	21	21	28	24	33	26	28	23	27	20	20	21	21	144
14250	49	24	22	21	21	28	24	33	27	28	23	27	20	20	21	21	145
14300	49	24	22	21	21	28	24	34	27	28	23	26	20	20	21	21	145
14350	49	25	22	21	21	29	24	34	27	28	23	26	20	20	21	21	147
14400	49	25	22	21	21	30	24	34	27	28	22	26	20	20	21	21	148
14450	49	25	22	21	21	30	23	34	27	28	22	26	20	20	21	21	148
14500	49	25	22	21	21	30	23	34	27	28	22	26	20	20	21	21	148
14550	49	25	22	21	21	30	23	33	27	28	22	26	20	20	21	21	147
14600	49	25	22	21	21	30	23	33	28	28	22	26	20	20	21	21	147
14650	49	25	22	21	21	29	23	33	28	28	22	26	20	20	21	21	146
14700	49	25	22	21	21	29	23	33	28	28	22	26	20	20	21	21	146
14750	49	25	22	21	21	29	23	33	28	28	22	26	19	20	21	21	145
14800	49	26	22	21	21	29	23	33	28	28	22	26	19	21	21	21	146
14850	49	28	22	21	21	29	21	33	28	28	22	26	19	21	21	21	147
14900	49	28	22	21	21	29	21	33	28	28	22	26	19	21	21	21	147
14950	49	29	22	21	21	29	21	33	28	28	22	26	19	21	21	21	149
15000	49	29	22	21	21	29	21	33	29	28	22	26	19	21	21	21	150
15050	49	28	22	21	21	29	22	33	29	28	22	26	19	21	20	21	149
15100	48	28	22	21	21	29	22	33	29	28	22	26	19	21	20	21	148
15150	48	28	22	21	21	29	22	33	29	28	22	26	19	21	20	21	148
15200	48	28	22	21	21	29	22	33	29	27	22	26	19	21	20	20	147
15250	48	29	22	21	21	30	22	33	29	27	22	26	19	21	20	20	147
15300	48	29	22	21	21	30	22	33	29	27	22	25	19	21	20	21	146
15350	47	29	22	21	21	30	21	33	29	27	22	25	19	21	20	21	145
15400	47	29	22	21	21	30	21	34	29	27	21	25	19	21	20	21	146
15450	47	29	22	21	21	30	21	34	29	27	21	25	19	21	20	22	146
15500	46	29	22	21	21	30	21	34	29	27	21	25	19	21	20	22	146
15550	46	29	22	21	20	30	21	34	29	27	21	24	19	21	20	22	146
15600	46	29	22	21	20	30	21	34	30	27	21	23	19	21	20	22	145
15650	46	29	22	21	20	30	20	34	30	27	21	23	19	21	20	22	145
15700	46	29	22	21	20	29	20	34	30	27	20	23	19	21	20	23	146
15750	45	30	22	21	20	29	20	34	30	27	20	23	19	21	20	23	147
15800	45	30	22	21	20	29	20	34	30	27	20	23	19	21	20	24	148
15850	45	30	22	20	20	29	20	34	30	27	20	23	19	21	20	24	148
15900	45	29	22	20	20	29	21	34	30	27	20	23	19	21	20	24	149
15950	46	29	22	20	20	29	22	34	30	27	20	23	19	21	20	25	150
16000	46	29	22	20	20	29	22	33	30	27	20	23	19	21	20	25	150
16050	46	28	22	20	20	28	22	33	31	27	20	23	19	21	20	25	151
16100	46	28	22	20	20	28	22	33	31	27	20	23	19	21	20	25	151
16150	46	28	22	20	20	28	22	33	32	27	20	23	19	21	20	25	150
16200	45	28	22	20	20	28	22	33	32	27	20	23	19	21	20	25	148
16250	45	28	22	20	20	28	22	33	32	27	20	23	19	21	20	25	148
16300	45	27	22	20	19	28	22	33	32	27	20	23	19	21	20	25	147
16350	45	27	22	20	19	28	22	33	32	26	20	23	19	21	20	25	146
16400	45	27	22	20	19	28	22	33	31	26	20	23	19	21	20	25	146
16450	45	27	22	20	19	27	24	33	31	26	20	23	19	21	20	25	147
16500	46	27	22	20	20	27	25	33	31	26	20	23	19	21	20	25	148
16550	46	27	22	20	20	27	26	33	31	26	20	23	19	21	20	25	149
16600	46	27	22	20	20	27	26	33	31	26	20	23	19	21	20	26	151
16650	46	27	22	20	20	28	27	33	31	26	20	23	19	21	20	26	151
16700	45	27	22	20	20	28	27	33	32	26	20	23	19	21	20	27	152
16750	45	27	22	20	20	28	28	33	32	26	20	23	19	21	20	27	152
16800	45	27	22	20	20	28	28	32	32	26	20	23	19	21	20	27	151
16850	45	27	22	20	20	28	28	32	32	26	20	23	19	21	21	27	152
16900	46	27	22	20	20	28	28	32	32	26	20	23	19	21	21	26	152
16950	46	27	22	20	20	27	28	32	32	26	20	23	19	21	21	27	152
17000	45	27	22	20	20	27	28	32	32	26	20	23	19	21	21	27	152
17050	45	27	22	20	20	27	28	32	32	26	20	23	19	21	21	27	152
17100	46	27	22	20	20	27	28	32	32	26	20	23	19	21	21	27	152
17150	46	27	22	20	20	27	28	32	32	26	20	23	19	21	21	27	152
17200	46	27	22	20	20	27	29	32	32	26	20	23	19	21	21	27	153
17250	46	27	22	20	20	28	29	32	32	26	20	23	19	21	21	28	154
17300	46	27	22	20	20	28	29	32	32	26	20	23	19	21	21	28	154
17350	46	27	22	20	20	28	31	32	32	26	20	23	19	21	21	28	156
17400	45	27	22	20	20	29	31	32	32	26	20	23	19	21	21	28	157
17450	45	26	22	20	20	29	30	32	32	26	20	23	19	21	21	28	154
17500	45	26	22	20	20	30	30	32	32	26	20	23	19	21	21	28	154
17550	45	26	22	20	20	30	30	32	32	26	20	23	19	21	21	27	154
17600	45	26	21	20	20	29	31	32	32	26	20	23	19	21	21	27	153
17650	45	24	21	20	20	29	31	32	32	26	20	23	19	21	21	27	152
17700	45	24	21	20	20	28	31	32	32	26	20	23	19	21	21	27	150
17750	45	24	21	20	20	28	31	32	32	26	20	23	19	21	21	27	150
17800	45	24	21	20	20	28	29	32	32	26	20	24	19	20	21	26	148
17850	45	24	21	20	20	29	29	32	32	26	20	24	19	20	21	26	149
17900	46	24	21	20	20	29	29	32	32	26	20	24	19	20	21	26	150
17950	46	24	21	20	20	29	29	32	32	26	20	24	19	20	21	26	150
18000	46	24	21	20	20	29	29	32	32	26	20	24	19	20	21	26	151
18050	46	24	21	20	20	29	29	32	32	26	20	24	19	20	21	27	152
18100	47	25	21	20	20	28	28	32	32	26	20	24	19	20	21	27	151
18150	46	25	21	20	20	29	28	31	32	26	20	24	19	20	21	27	150
18200	46	25	21	20	20	28	28	31	32	26	20	24	19	20	22	27	150
18250	47	25	21	20	20	28	28	31	32	26	20	24	19	20	22	27	150
18300	47	25	21	20	20	28	28	31	32	26	20	24	19	20	22	27	150
18350	47	25	21	20	20	28	28	31	32	26	20	24	19	20	22	27	150
18400	47	26	21	20	20	28	28	31	32	26	20	24	19	20	22	27	151
18450	46	27	21	20	20	28	27	30	32	26	20	25	19	20	22	27	151
18500	46	27	21	20	20	28	27	30	32	26	20	25	19	20	22	27	152
18550	46	26	21	20	20	31	26	30	32	26	20	26	19	20	22	27	153
18600	46	26	21	20	20	32	26	29	32	26	20	26	19	19	22	27	153
18650	47	27	21	20	20	33	26	29	32	26	20	26	19	19	22	27	155
18700	47	27	21	20	20	33	26	29	32	26	20	26	19	19	22	27	154
18750	47	27	21	20	20	33	26	29	32	27	20	26	19	19	22	27	154
18800	47	27	21	20	20	33	26	29	32	27	20	26	19	19	22	29	155
18850	47	27	21	20	20	33	26	29	32	27	20	26	19	19	22	29	155
18900	47	27	21	20	20	32	25	29	32	27	20	26	19	19	22	29	155
18950	47	27	21	20	20	32	25	29	32	28	20	26	19	19	23	29	157
19000	47	27	21	20	20	32	25	29	32	28	20	26	19	19	23	29	157
19050	47	27	21	20	20	33	25	29	32	28	20	26	19	19	23	29	158
19100	47	27	21	20	20	33	25	29	32	28	20	26	19	19	23	28	157
19150	47	27	21	20	20	33	25	29	32	28	19	26	19	19	23	28	157
19200	47	27	21	20	20	33	25	29	32	29	19	26	19	19	24	28	159
19250	47	27	21	20	20	33	25	28	32	29	19	26	19	19	25	27	159
19300	47	29	21	20	20	33	25	28	32	28	19	26	19	19	25	26	160
19350	47	30	21	20	20	33	25	28	32	28	19	26	19	19	24	26	159
19400	47	30	21	20	20	33	25	28	32	30	19	27	19	19	24	26	162
19450	45	30	21	20	20	34	25	28	32	29	19	27	19	19	25	26	163
19500	45	30	21	20	20	34	25	27	32	29	19	27	19	19	25	26	162
19550	45	29	21	20	20	34	25	27	32	29	19	27	19	19	26	26	163
19600	44	30	21	20	20	34	25	27	32	29	19	27	19	19	26	26	164
19650	44	32	21	20	20	34	25	27	32	29	19	27	19	19	26	26	167
19700	44	32	21	20	20	31	25	27	32	29	19	27	19	19	27	26	167
19750	44	33	21	20	20	30	25	27	32	29	19	27	19	19	27	26	165
19800	44	33	21	20	20	30	25	27	32	29	19	27	19	19	28	26	168
19850	44	33	21	20	20	30	25	27	32	29	19	27	19	19	28	26	167
19900	44	33	21	20	20	29	24	27	32	29	19	27	19	19	28	26	166
19950	44	33	21	20	19	28	24	27	32	29	19	27	19	19	29	26	165
20000	44	33	21	20	19	28	24	27	32	29	19	27	19	19	29	26	165
