0	0.0	0.0	0.0	0.0	0.0	0.0	0.0	0.0	0.0	0.0	0.0	0.0	0.0	0.0	0.0	0.0
50	0.0	0.0	0.0	0.0	0.0	0.0	0.0	0.0	0.0	0.0	0.0	0.0	0.0	0.0	0.0	0.0
100	0.1	0.0769230769231	0.0769230769231	0.0	0.05	0.0588235294118	0.0	0.0	0.0	0.0	0.0	0.0625	0.047619047619	0.0	0.111111111111	0.0
150	0.0666666666667	0.136363636364	0.111111111111	0.1	0.0769230769231	0.0416666666667	0.0	0.0	0.0	0.0	0.0588235294118	0.130434782609	0.107142857143	0.0952380952381	0.0714285714286	0.0769230769231
200	0.1	0.115384615385	0.12	0.142857142857	0.09375	0.0625	0.0416666666667	0.0416666666667	0.0	0.0454545454545	0.047619047619	0.129032258065	0.147058823529	0.08	0.1	0.0909090909091
250	0.15625	0.166666666667	0.161290322581	0.176470588235	0.108108108108	0.05	0.037037037037	0.0344827586207	0.0	0.04	0.111111111111	0.184210526316	0.162162162162	0.166666666667	0.12	0.09375
300	0.189189189189	0.19512195122	0.147058823529	0.184210526316	0.1	0.0909090909091	0.09375	0.0606060606061	0.0384615384615	0.09375	0.166666666667	0.22	0.214285714286	0.25	0.166666666667	0.205128205128
350	0.255813953488	0.2	0.15	0.155555555556	0.106382978723	0.122448979592	0.0833333333333	0.0869565217391	0.0857142857143	0.135135135135	0.190476190476	0.28	0.229166666667	0.25	0.184210526316	0.214285714286
400	0.30612244898	0.22	0.163265306122	0.2	0.14	0.16	0.0697674418605	0.1	0.0731707317073	0.142857142857	0.24	0.32	0.24	0.285714285714	0.209302325581	0.285714285714
450	0.34	0.28	0.2	0.28	0.24	0.2	0.08	0.14	0.145833333333	0.145833333333	0.28	0.34	0.26	0.32	0.26	0.32
500	0.36	0.32	0.24	0.32	0.32	0.24	0.16	0.2	0.24	0.18	0.36	0.42	0.32	0.34	0.3	0.34
550	0.44	0.34	0.26	0.36	0.36	0.34	0.26	0.24	0.38	0.28	0.4	0.44	0.34	0.48	0.34	0.46
600	0.48	0.4	0.32	0.36	0.42	0.4	0.34	0.34	0.46	0.38	0.42	0.48	0.38	0.52	0.4	0.54
650	0.5	0.44	0.36	0.36	0.44	0.44	0.32	0.36	0.48	0.46	0.46	0.5	0.46	0.54	0.48	0.6
700	0.54	0.42	0.46	0.46	0.48	0.42	0.42	0.48	0.56	0.54	0.46	0.48	0.44	0.56	0.52	0.62
750	0.6	0.46	0.58	0.5	0.48	0.44	0.44	0.52	0.58	0.54	0.52	0.5	0.46	0.54	0.56	0.62
800	0.6	0.58	0.68	0.58	0.54	0.52	0.56	0.58	0.62	0.58	0.56	0.5	0.48	0.58	0.56	0.66
850	0.58	0.62	0.76	0.6	0.58	0.58	0.56	0.58	0.6	0.7	0.58	0.54	0.5	0.64	0.56	0.66
900	0.62	0.62	0.74	0.58	0.56	0.56	0.5	0.58	0.6	0.64	0.6	0.58	0.52	0.66	0.52	0.66
950	0.66	0.64	0.76	0.58	0.52	0.58	0.5	0.6	0.58	0.62	0.56	0.58	0.48	0.6	0.5	0.62
1000	0.7	0.6	0.74	0.6	0.56	0.54	0.54	0.6	0.56	0.58	0.62	0.62	0.52	0.62	0.52	0.62
1050	0.68	0.62	0.72	0.66	0.6	0.56	0.56	0.58	0.56	0.52	0.58	0.56	0.56	0.64	0.56	0.62
1100	0.72	0.6	0.7	0.7	0.62	0.56	0.48	0.54	0.5	0.5	0.56	0.52	0.64	0.7	0.54	0.62
1150	0.7	0.56	0.7	0.74	0.6	0.56	0.48	0.5	0.52	0.52	0.58	0.56	0.64	0.7	0.56	0.66
1200	0.68	0.6	0.66	0.72	0.6	0.54	0.46	0.48	0.54	0.5	0.56	0.6	0.64	0.7	0.58	0.62
1250	0.72	0.62	0.72	0.76	0.7	0.54	0.5	0.48	0.5	0.5	0.58	0.62	0.68	0.66	0.58	0.58
1300	0.66	0.6	0.74	0.8	0.74	0.54	0.5	0.48	0.54	0.48	0.52	0.62	0.68	0.68	0.62	0.6
1350	0.62	0.64	0.74	0.82	0.74	0.52	0.56	0.46	0.54	0.54	0.54	0.58	0.72	0.72	0.62	0.6
1400	0.64	0.6	0.78	0.84	0.76	0.54	0.48	0.44	0.58	0.58	0.5	0.58	0.72	0.7	0.6	0.6
1450	0.62	0.66	0.8	0.86	0.76	0.5	0.5	0.46	0.58	0.62	0.58	0.54	0.7	0.74	0.66	0.6
1500	0.66	0.66	0.82	0.86	0.84	0.56	0.5	0.46	0.62	0.66	0.64	0.58	0.7	0.74	0.62	0.6
1550	0.6	0.74	0.84	0.88	0.82	0.54	0.52	0.44	0.62	0.68	0.58	0.6	0.66	0.72	0.66	0.66
1600	0.56	0.72	0.86	0.88	0.84	0.6	0.5	0.5	0.66	0.7	0.62	0.56	0.7	0.72	0.68	0.66
1650	0.54	0.74	0.84	0.84	0.82	0.58	0.52	0.54	0.68	0.72	0.6	0.56	0.68	0.72	0.72	0.66
1700	0.54	0.76	0.86	0.86	0.8	0.6	0.56	0.52	0.7	0.68	0.68	0.52	0.66	0.74	0.74	0.66
1750	0.62	0.78	0.84	0.82	0.8	0.66	0.56	0.54	0.74	0.66	0.64	0.48	0.68	0.8	0.76	0.66
1800	0.62	0.8	0.82	0.8	0.78	0.76	0.64	0.56	0.74	0.66	0.62	0.56	0.66	0.76	0.72	0.64
1850	0.56	0.78	0.82	0.78	0.82	0.82	0.66	0.52	0.74	0.68	0.58	0.52	0.62	0.72	0.7	0.64
1900	0.6	0.72	0.76	0.7	0.84	0.84	0.74	0.56	0.7	0.64	0.58	0.54	0.7	0.72	0.72	0.66
1950	0.66	0.74	0.76	0.68	0.82	0.84	0.72	0.52	0.72	0.62	0.64	0.58	0.72	0.72	0.7	0.68
2000	0.68	0.7	0.74	0.7	0.82	0.84	0.78	0.56	0.7	0.58	0.64	0.64	0.74	0.76	0.7	0.68
2050	0.74	0.66	0.74	0.7	0.8	0.84	0.74	0.66	0.7	0.64	0.68	0.64	0.74	0.78	0.72	0.66
2100	0.74	0.68	0.68	0.66	0.8	0.84	0.74	0.72	0.76	0.62	0.72	0.72	0.78	0.76	0.72	0.66
2150	0.66	0.66	0.68	0.66	0.82	0.84	0.76	0.72	0.8	0.64	0.68	0.72	0.78	0.74	0.72	0.66
2200	0.66	0.66	0.66	0.66	0.84	0.82	0.76	0.76	0.8	0.7	0.76	0.7	0.78	0.76	0.74	0.7
2250	0.7	0.7	0.74	0.68	0.86	0.78	0.76	0.76	0.8	0.74	0.82	0.76	0.82	0.76	0.8	0.72
2300	0.74	0.68	0.7	0.68	0.84	0.76	0.72	0.76	0.76	0.7	0.82	0.76	0.86	0.78	0.82	0.74
2350	0.72	0.7	0.68	0.7	0.78	0.7	0.7	0.8	0.74	0.7	0.82	0.8	0.86	0.8	0.82	0.72
2400	0.72	0.72	0.72	0.64	0.8	0.72	0.72	0.76	0.76	0.68	0.76	0.8	0.86	0.8	0.8	0.74
2450	0.76	0.72	0.72	0.66	0.8	0.72	0.72	0.8	0.74	0.72	0.78	0.74	0.84	0.82	0.82	0.74
2500	0.72	0.64	0.7	0.62	0.8	0.68	0.7	0.8	0.74	0.72	0.76	0.74	0.86	0.82	0.82	0.72
2550	0.74	0.66	0.74	0.62	0.78	0.7	0.72	0.82	0.72	0.72	0.76	0.7	0.84	0.82	0.82	0.74
2600	0.78	0.66	0.72	0.64	0.74	0.68	0.68	0.82	0.74	0.72	0.74	0.66	0.8	0.82	0.8	0.76
2650	0.74	0.7	0.7	0.64	0.78	0.74	0.7	0.86	0.76	0.74	0.76	0.64	0.78	0.84	0.82	0.72
2700	0.76	0.7	0.7	0.66	0.8	0.76	0.74	0.88	0.8	0.8	0.72	0.62	0.78	0.84	0.78	0.72
2750	0.74	0.72	0.78	0.68	0.8	0.78	0.72	0.88	0.86	0.82	0.7	0.62	0.8	0.9	0.82	0.7
2800	0.7	0.68	0.72	0.74	0.8	0.78	0.72	0.84	0.86	0.82	0.74	0.64	0.78	0.88	0.86	0.68
2850	0.7	0.76	0.76	0.84	0.8	0.78	0.74	0.76	0.88	0.8	0.68	0.66	0.8	0.84	0.8	0.68
2900	0.74	0.78	0.76	0.82	0.78	0.72	0.72	0.76	0.88	0.78	0.7	0.7	0.84	0.8	0.82	0.68
2950	0.76	0.82	0.78	0.84	0.78	0.74	0.76	0.76	0.9	0.78	0.74	0.78	0.84	0.8	0.82	0.66
3000	0.76	0.82	0.78	0.84	0.78	0.7	0.74	0.74	0.88	0.76	0.68	0.82	0.86	0.78	0.82	0.64
3050	0.8	0.78	0.76	0.86	0.78	0.7	0.76	0.72	0.88	0.74	0.72	0.82	0.9	0.74	0.86	0.66
3100	0.76	0.74	0.74	0.82	0.8	0.64	0.78	0.72	0.84	0.74	0.7	0.84	0.9	0.76	0.84	0.66
3150	0.8	0.72	0.74	0.8	0.78	0.64	0.76	0.78	0.78	0.72	0.64	0.78	0.82	0.76	0.82	0.68
3200	0.86	0.74	0.68	0.82	0.78	0.72	0.8	0.8	0.72	0.72	0.7	0.76	0.78	0.78	0.84	0.72
3250	0.86	0.72	0.66	0.82	0.76	0.74	0.78	0.84	0.74	0.74	0.74	0.76	0.78	0.86	0.84	0.72
3300	0.8	0.72	0.64	0.78	0.74	0.76	0.78	0.84	0.74	0.74	0.76	0.76	0.78	0.86	0.82	0.74
3350	0.78	0.68	0.66	0.76	0.74	0.76	0.82	0.88	0.76	0.8	0.78	0.74	0.78	0.9	0.84	0.76
3400	0.8	0.68	0.7	0.76	0.76	0.8	0.82	0.9	0.78	0.76	0.78	0.78	0.76	0.88	0.86	0.78
3450	0.8	0.64	0.66	0.72	0.78	0.8	0.8	0.88	0.76	0.74	0.78	0.8	0.72	0.84	0.78	0.76
3500	0.8	0.66	0.72	0.72	0.8	0.84	0.84	0.86	0.72	0.74	0.78	0.86	0.76	0.82	0.74	0.74
3550	0.76	0.72	0.76	0.82	0.8	0.86	0.84	0.84	0.74	0.78	0.76	0.9	0.8	0.8	0.74	0.72
3600	0.7	0.74	0.76	0.78	0.8	0.84	0.86	0.86	0.76	0.8	0.82	0.88	0.78	0.8	0.74	0.7
3650	0.72	0.76	0.84	0.76	0.8	0.82	0.86	0.84	0.84	0.84	0.78	0.82	0.74	0.76	0.74	0.7
3700	0.74	0.78	0.84	0.74	0.8	0.84	0.86	0.84	0.86	0.86	0.8	0.82	0.7	0.72	0.7	0.72
3750	0.76	0.76	0.8	0.8	0.86	0.84	0.86	0.82	0.86	0.84	0.8	0.78	0.72	0.74	0.68	0.72
3800	0.74	0.7	0.8	0.78	0.84	0.78	0.84	0.82	0.84	0.84	0.8	0.74	0.72	0.74	0.76	0.74
3850	0.74	0.68	0.78	0.8	0.82	0.78	0.82	0.82	0.86	0.82	0.8	0.7	0.72	0.74	0.74	0.64
3900	0.78	0.66	0.76	0.8	0.82	0.74	0.82	0.82	0.88	0.84	0.84	0.72	0.74	0.78	0.78	0.74
3950	0.8	0.64	0.72	0.82	0.82	0.74	0.76	0.82	0.88	0.86	0.84	0.72	0.74	0.8	0.78	0.74
4000	0.82	0.62	0.7	0.82	0.78	0.72	0.76	0.82	0.9	0.84	0.78	0.72	0.76	0.82	0.82	0.76
4050	0.84	0.64	0.76	0.78	0.74	0.72	0.78	0.82	0.88	0.84	0.8	0.72	0.8	0.82	0.84	0.78
4100	0.84	0.64	0.74	0.74	0.74	0.72	0.78	0.84	0.88	0.86	0.84	0.74	0.8	0.86	0.84	0.86
4150	0.82	0.72	0.74	0.74	0.76	0.72	0.78	0.84	0.86	0.86	0.82	0.8	0.84	0.82	0.84	0.82
4200	0.8	0.74	0.76	0.72	0.74	0.72	0.76	0.84	0.84	0.88	0.84	0.8	0.84	0.84	0.84	0.8
4250	0.82	0.78	0.78	0.76	0.76	0.72	0.76	0.86	0.84	0.88	0.84	0.84	0.86	0.86	0.84	0.84
4300	0.82	0.8	0.82	0.76	0.78	0.74	0.76	0.86	0.78	0.86	0.84	0.84	0.84	0.82	0.82	0.82
4350	0.8	0.8	0.82	0.74	0.76	0.76	0.76	0.88	0.78	0.86	0.86	0.84	0.84	0.82	0.78	0.78
4400	0.82	0.8	0.8	0.74	0.74	0.74	0.78	0.88	0.8	0.84	0.84	0.78	0.8	0.78	0.8	0.78
4450	0.82	0.82	0.82	0.72	0.74	0.72	0.76	0.84	0.74	0.84	0.8	0.78	0.8	0.76	0.76	0.78
4500	0.82	0.82	0.8	0.76	0.74	0.7	0.72	0.84	0.74	0.82	0.8	0.78	0.78	0.78	0.74	0.76
4550	0.8	0.82	0.82	0.8	0.76	0.66	0.68	0.84	0.7	0.8	0.8	0.78	0.8	0.78	0.76	0.76
4600	0.82	0.84	0.84	0.84	0.78	0.66	0.68	0.84	0.7	0.8	0.82	0.8	0.8	0.78	0.76	0.76
4650	0.8	0.86	0.82	0.84	0.78	0.66	0.68	0.84	0.7	0.8	0.8	0.8	0.8	0.76	0.72	0.72
4700	0.8	0.8	0.8	0.8	0.8	0.7	0.66	0.82	0.68	0.78	0.8	0.8	0.8	0.76	0.76	0.7
4750	0.8	0.76	0.82	0.8	0.8	0.7	0.64	0.82	0.7	0.84	0.82	0.82	0.82	0.78	0.78	0.7
4800	0.82	0.78	0.84	0.8	0.84	0.7	0.62	0.8	0.78	0.84	0.84	0.82	0.8	0.76	0.78	0.7
4850	0.84	0.76	0.84	0.8	0.84	0.72	0.62	0.78	0.76	0.82	0.86	0.86	0.8	0.8	0.76	0.7
4900	0.86	0.7	0.86	0.74	0.92	0.78	0.64	0.78	0.78	0.84	0.86	0.82	0.74	0.8	0.74	0.7
4950	0.82	0.7	0.86	0.72	0.9	0.8	0.68	0.78	0.8	0.84	0.86	0.82	0.76	0.86	0.74	0.64
5000	0.82	0.62	0.84	0.68	0.9	0.82	0.7	0.76	0.8	0.82	0.84	0.82	0.76	0.86	0.72	0.62
5050	0.8	0.62	0.82	0.68	0.9	0.84	0.74	0.78	0.8	0.84	0.84	0.84	0.76	0.88	0.74	0.66
5100	0.82	0.62	0.82	0.66	0.8	0.78	0.72	0.8	0.8	0.82	0.82	0.84	0.76	0.86	0.76	0.72
5150	0.78	0.66	0.82	0.74	0.78	0.78	0.72	0.78	0.82	0.8	0.8	0.84	0.8	0.86	0.8	0.68
5200	0.78	0.74	0.82	0.74	0.74	0.8	0.78	0.8	0.84	0.8	0.8	0.84	0.82	0.8	0.76	0.66
5250	0.78	0.74	0.8	0.76	0.74	0.8	0.8	0.8	0.8	0.8	0.84	0.86	0.8	0.8	0.78	0.74
5300	0.74	0.72	0.78	0.76	0.7	0.74	0.82	0.82	0.82	0.82	0.8	0.82	0.82	0.82	0.8	0.72
5350	0.72	0.74	0.74	0.76	0.74	0.68	0.72	0.78	0.84	0.84	0.82	0.84	0.82	0.78	0.82	0.68
5400	0.72	0.76	0.76	0.74	0.78	0.7	0.7	0.8	0.82	0.82	0.8	0.82	0.82	0.76	0.84	0.7
5450	0.72	0.82	0.74	0.76	0.76	0.7	0.68	0.8	0.78	0.84	0.8	0.86	0.84	0.76	0.82	0.72
5500	0.8	0.78	0.68	0.76	0.74	0.74	0.64	0.76	0.78	0.82	0.86	0.84	0.82	0.74	0.84	0.74
5550	0.82	0.76	0.74	0.74	0.7	0.72	0.6	0.76	0.76	0.82	0.86	0.84	0.82	0.78	0.84	0.74
5600	0.8	0.72	0.68	0.7	0.7	0.74	0.62	0.76	0.72	0.82	0.86	0.82	0.8	0.84	0.86	0.76
5650	0.8	0.64	0.62	0.66	0.66	0.72	0.64	0.78	0.76	0.82	0.86	0.8	0.84	0.88	0.86	0.76
5700	0.8	0.7	0.62	0.7	0.7	0.74	0.68	0.82	0.76	0.76	0.78	0.84	0.88	0.84	0.9	0.74
5750	0.86	0.7	0.62	0.66	0.72	0.76	0.7	0.82	0.74	0.76	0.8	0.84	0.88	0.86	0.9	0.78
5800	0.86	0.66	0.66	0.68	0.72	0.78	0.7	0.84	0.76	0.76	0.84	0.86	0.88	0.88	0.88	0.78
5850	0.88	0.62	0.62	0.64	0.7	0.78	0.76	0.82	0.76	0.78	0.82	0.86	0.92	0.88	0.88	0.82
5900	0.84	0.64	0.56	0.62	0.7	0.8	0.84	0.88	0.8	0.8	0.82	0.84	0.9	0.9	0.88	0.82
5950	0.82	0.68	0.64	0.66	0.74	0.76	0.84	0.86	0.82	0.84	0.82	0.82	0.88	0.88	0.9	0.82
6000	0.82	0.74	0.68	0.66	0.74	0.76	0.8	0.82	0.8	0.82	0.8	0.78	0.8	0.86	0.9	0.84
6050	0.82	0.78	0.68	0.68	0.74	0.8	0.78	0.88	0.82	0.8	0.78	0.76	0.8	0.86	0.88	0.84
6100	0.84	0.76	0.64	0.66	0.68	0.78	0.78	0.86	0.8	0.8	0.82	0.78	0.78	0.84	0.88	0.88
6150	0.82	0.76	0.64	0.66	0.66	0.74	0.82	0.82	0.78	0.8	0.82	0.78	0.74	0.8	0.88	0.86
6200	0.84	0.82	0.72	0.64	0.72	0.78	0.8	0.82	0.74	0.84	0.8	0.74	0.72	0.82	0.9	0.9
6250	0.8	0.84	0.72	0.68	0.68	0.74	0.76	0.78	0.72	0.8	0.78	0.72	0.7	0.8	0.84	0.84
6300	0.82	0.88	0.72	0.7	0.64	0.8	0.74	0.78	0.72	0.8	0.8	0.76	0.72	0.8	0.84	0.88
6350	0.84	0.84	0.68	0.7	0.66	0.84	0.8	0.8	0.72	0.8	0.8	0.8	0.7	0.82	0.8	0.86
6400	0.84	0.84	0.68	0.7	0.68	0.84	0.8	0.76	0.78	0.78	0.8	0.78	0.72	0.76	0.8	0.84
6450	0.86	0.84	0.68	0.7	0.7	0.84	0.78	0.78	0.8	0.76	0.82	0.84	0.74	0.76	0.82	0.82
6500	0.84	0.8	0.66	0.72	0.66	0.8	0.74	0.8	0.82	0.78	0.8	0.86	0.78	0.76	0.8	0.82
6550	0.88	0.8	0.64	0.74	0.62	0.74	0.7	0.8	0.8	0.74	0.82	0.84	0.78	0.78	0.8	0.8
6600	0.86	0.78	0.6	0.72	0.68	0.74	0.7	0.8	0.78	0.72	0.84	0.82	0.76	0.8	0.78	0.8
6650	0.88	0.78	0.62	0.74	0.72	0.74	0.72	0.82	0.78	0.78	0.82	0.74	0.74	0.82	0.8	0.86
6700	0.86	0.76	0.64	0.7	0.68	0.72	0.74	0.86	0.78	0.76	0.82	0.66	0.7	0.82	0.82	0.8
6750	0.82	0.76	0.66	0.7	0.68	0.7	0.72	0.84	0.8	0.76	0.8	0.68	0.76	0.8	0.84	0.82
6800	0.8	0.76	0.7	0.7	0.72	0.7	0.72	0.84	0.76	0.74	0.78	0.7	0.74	0.82	0.86	0.82
6850	0.76	0.78	0.72	0.72	0.74	0.68	0.7	0.82	0.74	0.74	0.8	0.7	0.76	0.84	0.86	0.84
6900	0.74	0.76	0.72	0.68	0.74	0.7	0.74	0.82	0.78	0.78	0.82	0.72	0.76	0.86	0.86	0.82
6950	0.76	0.74	0.74	0.7	0.72	0.72	0.8	0.84	0.82	0.82	0.86	0.72	0.72	0.82	0.86	0.82
7000	0.76	0.78	0.78	0.7	0.76	0.78	0.82	0.82	0.84	0.84	0.9	0.76	0.76	0.82	0.9	0.82
7050	0.76	0.82	0.74	0.7	0.76	0.84	0.8	0.78	0.76	0.84	0.9	0.82	0.8	0.84	0.92	0.84
7100	0.78	0.84	0.8	0.76	0.8	0.78	0.78	0.78	0.78	0.84	0.88	0.82	0.8	0.82	0.92	0.88
7150	0.82	0.84	0.76	0.76	0.82	0.8	0.78	0.8	0.78	0.86	0.88	0.82	0.8	0.86	0.92	0.9
7200	0.82	0.8	0.74	0.78	0.8	0.82	0.8	0.82	0.84	0.88	0.86	0.8	0.78	0.84	0.9	0.9
7250	0.82	0.84	0.74	0.8	0.76	0.84	0.78	0.82	0.84	0.9	0.82	0.72	0.72	0.82	0.88	0.86
7300	0.8	0.86	0.74	0.86	0.76	0.82	0.74	0.82	0.82	0.86	0.76	0.72	0.68	0.8	0.86	0.82
7350	0.8	0.86	0.76	0.9	0.82	0.82	0.74	0.8	0.8	0.82	0.76	0.76	0.68	0.8	0.86	0.84
7400	0.76	0.86	0.8	0.88	0.82	0.82	0.76	0.8	0.8	0.82	0.74	0.7	0.68	0.78	0.78	0.8
7450	0.74	0.88	0.84	0.88	0.82	0.8	0.76	0.84	0.78	0.82	0.76	0.7	0.7	0.78	0.76	0.78
7500	0.78	0.84	0.86	0.9	0.82	0.78	0.74	0.78	0.8	0.8	0.78	0.68	0.66	0.78	0.74	0.8
7550	0.76	0.84	0.86	0.88	0.84	0.8	0.76	0.78	0.88	0.82	0.8	0.68	0.6	0.8	0.72	0.78
7600	0.7	0.8	0.92	0.92	0.86	0.76	0.78	0.8	0.88	0.84	0.84	0.7	0.6	0.8	0.7	0.74
7650	0.7	0.84	0.86	0.9	0.84	0.8	0.78	0.8	0.9	0.82	0.86	0.76	0.64	0.82	0.74	0.74
7700	0.72	0.84	0.86	0.9	0.84	0.8	0.8	0.78	0.86	0.78	0.86	0.72	0.7	0.82	0.7	0.76
7750	0.66	0.84	0.76	0.8	0.78	0.82	0.76	0.78	0.86	0.8	0.84	0.7	0.66	0.84	0.68	0.84
7800	0.68	0.78	0.7	0.78	0.82	0.84	0.78	0.78	0.82	0.82	0.86	0.72	0.72	0.86	0.76	0.82
7850	0.66	0.76	0.66	0.76	0.84	0.84	0.82	0.84	0.84	0.88	0.86	0.7	0.72	0.86	0.78	0.86
7900	0.58	0.76	0.66	0.76	0.82	0.82	0.78	0.84	0.82	0.88	0.86	0.72	0.76	0.9	0.8	0.78
7950	0.64	0.76	0.68	0.78	0.82	0.84	0.8	0.82	0.84	0.88	0.82	0.68	0.76	0.92	0.78	0.74
8000	0.64	0.78	0.68	0.74	0.82	0.84	0.82	0.86	0.82	0.9	0.82	0.66	0.8	0.86	0.78	0.74
8050	0.62	0.8	0.74	0.74	0.8	0.78	0.8	0.84	0.8	0.86	0.82	0.68	0.82	0.84	0.84	0.7
8100	0.62	0.76	0.76	0.7	0.8	0.78	0.8	0.84	0.76	0.84	0.76	0.66	0.84	0.82	0.8	0.66
8150	0.62	0.76	0.74	0.68	0.78	0.76	0.84	0.84	0.74	0.82	0.76	0.66	0.88	0.78	0.84	0.6
8200	0.64	0.8	0.66	0.7	0.74	0.76	0.84	0.86	0.74	0.82	0.7	0.64	0.88	0.74	0.88	0.6
8250	0.64	0.82	0.68	0.7	0.7	0.78	0.84	0.84	0.8	0.82	0.68	0.62	0.86	0.7	0.84	0.58
8300	0.64	0.78	0.74	0.68	0.68	0.66	0.76	0.8	0.8	0.8	0.68	0.62	0.86	0.7	0.86	0.64
8350	0.64	0.8	0.76	0.66	0.7	0.68	0.76	0.82	0.76	0.74	0.64	0.6	0.84	0.72	0.82	0.66
8400	0.6	0.78	0.74	0.7	0.76	0.76	0.76	0.8	0.78	0.76	0.64	0.62	0.86	0.7	0.8	0.6
8450	0.62	0.76	0.7	0.66	0.74	0.72	0.8	0.8	0.82	0.76	0.64	0.64	0.86	0.72	0.78	0.58
8500	0.6	0.76	0.72	0.7	0.74	0.72	0.72	0.82	0.84	0.76	0.62	0.68	0.84	0.74	0.78	0.6
8550	0.64	0.8	0.76	0.74	0.72	0.7	0.7	0.8	0.84	0.76	0.62	0.64	0.8	0.76	0.76	0.68
8600	0.64	0.8	0.8	0.76	0.74	0.7	0.68	0.78	0.82	0.76	0.64	0.68	0.82	0.8	0.72	0.66
8650	0.68	0.8	0.78	0.78	0.74	0.72	0.62	0.78	0.86	0.76	0.66	0.68	0.82	0.82	0.7	0.68
8700	0.68	0.82	0.74	0.78	0.68	0.78	0.66	0.84	0.88	0.78	0.7	0.66	0.82	0.8	0.68	0.66
8750	0.66	0.8	0.66	0.72	0.66	0.8	0.74	0.8	0.88	0.76	0.68	0.64	0.84	0.78	0.7	0.7
8800	0.66	0.78	0.7	0.72	0.7	0.76	0.7	0.76	0.78	0.76	0.66	0.64	0.82	0.84	0.7	0.7
8850	0.7	0.78	0.68	0.74	0.74	0.76	0.72	0.78	0.74	0.76	0.68	0.64	0.8	0.86	0.64	0.7
8900	0.76	0.8	0.68	0.74	0.76	0.78	0.72	0.78	0.74	0.76	0.72	0.72	0.76	0.84	0.62	0.68
8950	0.76	0.76	0.64	0.72	0.72	0.84	0.78	0.76	0.74	0.8	0.74	0.76	0.74	0.78	0.62	0.68
9000	0.76	0.76	0.64	0.74	0.74	0.82	0.82	0.78	0.7	0.78	0.7	0.78	0.78	0.76	0.66	0.7
9050	0.78	0.76	0.66	0.74	0.76	0.8	0.8	0.78	0.68	0.8	0.7	0.82	0.76	0.74	0.66	0.66
9100	0.84	0.78	0.64	0.68	0.74	0.82	0.76	0.76	0.7	0.8	0.68	0.84	0.78	0.74	0.68	0.74
9150	0.76	0.74	0.62	0.7	0.7	0.78	0.72	0.74	0.76	0.8	0.7	0.82	0.78	0.74	0.7	0.76
9200	0.76	0.68	0.64	0.68	0.7	0.76	0.7	0.78	0.76	0.84	0.68	0.8	0.82	0.74	0.72	0.78
9250	0.76	0.66	0.68	0.66	0.72	0.76	0.7	0.78	0.76	0.84	0.68	0.82	0.82	0.74	0.68	0.74
9300	0.76	0.68	0.64	0.7	0.7	0.7	0.68	0.76	0.76	0.84	0.74	0.84	0.86	0.74	0.7	0.78
9350	0.76	0.66	0.68	0.68	0.72	0.74	0.68	0.8	0.78	0.86	0.78	0.82	0.9	0.78	0.74	0.74
9400	0.76	0.62	0.74	0.68	0.64	0.66	0.66	0.82	0.76	0.84	0.8	0.84	0.9	0.82	0.78	0.74
9450	0.74	0.62	0.74	0.7	0.72	0.66	0.64	0.8	0.74	0.82	0.78	0.82	0.94	0.82	0.82	0.76
9500	0.74	0.68	0.74	0.72	0.7	0.68	0.66	0.78	0.78	0.8	0.84	0.8	0.94	0.8	0.8	0.78
9550	0.74	0.74	0.76	0.74	0.68	0.7	0.68	0.8	0.8	0.82	0.84	0.82	0.92	0.82	0.84	0.74
9600	0.76	0.8	0.84	0.78	0.72	0.66	0.66	0.78	0.84	0.82	0.9	0.84	0.86	0.78	0.78	0.7
9650	0.78	0.8	0.82	0.8	0.72	0.64	0.64	0.78	0.84	0.84	0.9	0.8	0.8	0.74	0.76	0.72
9700	0.8	0.84	0.82	0.8	0.74	0.68	0.62	0.82	0.86	0.84	0.88	0.84	0.8	0.74	0.76	0.72
9750	0.82	0.86	0.84	0.84	0.74	0.68	0.6	0.8	0.84	0.8	0.88	0.82	0.76	0.74	0.8	0.74
9800	0.86	0.88	0.82	0.84	0.7	0.66	0.64	0.8	0.86	0.78	0.88	0.84	0.76	0.76	0.76	0.74
9850	0.88	0.86	0.8	0.8	0.64	0.68	0.66	0.84	0.86	0.72	0.84	0.88	0.72	0.72	0.76	0.74
9900	0.88	0.86	0.8	0.82	0.68	0.66	0.66	0.84	0.86	0.72	0.76	0.82	0.74	0.72	0.76	0.78
9950	0.86	0.86	0.82	0.82	0.66	0.62	0.72	0.84	0.86	0.7	0.72	0.82	0.74	0.72	0.74	0.82
10000	0.84	0.82	0.78	0.82	0.68	0.66	0.74	0.84	0.86	0.7	0.72	0.84	0.78	0.68	0.68	0.82
10050	0.84	0.78	0.74	0.76	0.62	0.66	0.78	0.88	0.84	0.64	0.68	0.86	0.78	0.68	0.66	0.82
10100	0.84	0.76	0.78	0.74	0.64	0.7	0.84	0.88	0.84	0.62	0.68	0.82	0.72	0.66	0.64	0.8
10150	0.84	0.76	0.78	0.74	0.6	0.68	0.8	0.9	0.82	0.64	0.64	0.78	0.7	0.64	0.66	0.76
10200	0.82	0.76	0.76	0.72	0.58	0.68	0.82	0.88	0.84	0.68	0.62	0.74	0.72	0.62	0.64	0.76
10250	0.72	0.7	0.72	0.76	0.58	0.68	0.82	0.86	0.82	0.74	0.68	0.78	0.72	0.64	0.62	0.72
10300	0.76	0.7	0.74	0.76	0.66	0.66	0.76	0.86	0.8	0.74	0.7	0.8	0.74	0.66	0.6	0.72
10350	0.78	0.7	0.74	0.72	0.66	0.66	0.76	0.86	0.8	0.76	0.76	0.78	0.72	0.64	0.62	0.72
10400	0.76	0.72	0.7	0.7	0.66	0.68	0.72	0.84	0.8	0.76	0.74	0.76	0.72	0.64	0.62	0.72
10450	0.7	0.72	0.76	0.72	0.72	0.68	0.72	0.8	0.78	0.74	0.72	0.76	0.72	0.64	0.62	0.68
10500	0.68	0.72	0.74	0.74	0.72	0.7	0.7	0.82	0.74	0.8	0.72	0.76	0.74	0.66	0.62	0.72
10550	0.72	0.72	0.78	0.78	0.76	0.72	0.72	0.78	0.74	0.82	0.74	0.8	0.74	0.68	0.66	0.72
10600	0.78	0.72	0.78	0.8	0.8	0.76	0.72	0.8	0.7	0.8	0.76	0.76	0.72	0.68	0.66	0.72
10650	0.72	0.72	0.76	0.8	0.8	0.76	0.72	0.84	0.72	0.78	0.72	0.76	0.72	0.7	0.68	0.72
10700	0.68	0.72	0.78	0.8	0.8	0.74	0.74	0.82	0.72	0.68	0.64	0.74	0.7	0.68	0.68	0.76
10750	0.68	0.7	0.76	0.74	0.78	0.66	0.68	0.78	0.68	0.7	0.64	0.74	0.72	0.66	0.64	0.8
10800	0.64	0.7	0.72	0.72	0.78	0.62	0.66	0.82	0.68	0.72	0.62	0.72	0.74	0.68	0.64	0.78
10850	0.66	0.7	0.68	0.7	0.76	0.7	0.68	0.8	0.68	0.68	0.6	0.72	0.76	0.7	0.64	0.78
10900	0.66	0.66	0.66	0.68	0.7	0.66	0.66	0.78	0.68	0.66	0.6	0.72	0.7	0.66	0.66	0.76
10950	0.64	0.68	0.66	0.66	0.7	0.6	0.62	0.8	0.68	0.66	0.6	0.7	0.68	0.64	0.7	0.76
11000	0.64	0.68	0.64	0.66	0.68	0.58	0.58	0.78	0.68	0.66	0.6	0.7	0.66	0.64	0.7	0.78
11050	0.62	0.7	0.72	0.64	0.68	0.6	0.62	0.78	0.66	0.64	0.52	0.68	0.66	0.64	0.74	0.76
11100	0.62	0.7	0.68	0.68	0.7	0.64	0.56	0.78	0.7	0.72	0.58	0.68	0.62	0.66	0.72	0.78
11150	0.56	0.7	0.66	0.72	0.72	0.72	0.58	0.76	0.7	0.68	0.5	0.64	0.62	0.66	0.72	0.76
11200	0.58	0.7	0.68	0.7	0.7	0.74	0.6	0.78	0.66	0.64	0.52	0.64	0.62	0.66	0.7	0.76
11250	0.62	0.7	0.68	0.7	0.66	0.66	0.6	0.76	0.68	0.66	0.58	0.64	0.68	0.68	0.74	0.76
11300	0.64	0.66	0.66	0.7	0.66	0.66	0.58	0.74	0.6	0.7	0.58	0.66	0.7	0.7	0.74	0.82
11350	0.68	0.66	0.72	0.72	0.72	0.72	0.62	0.74	0.64	0.74	0.62	0.68	0.72	0.78	0.68	0.8
11400	0.68	0.62	0.62	0.74	0.66	0.7	0.64	0.72	0.64	0.74	0.64	0.74	0.7	0.76	0.64	0.76
11450	0.7	0.64	0.6	0.72	0.66	0.66	0.68	0.74	0.68	0.8	0.74	0.74	0.74	0.76	0.62	0.7
11500	0.68	0.6	0.66	0.68	0.7	0.62	0.64	0.68	0.66	0.72	0.76	0.76	0.74	0.72	0.58	0.66
11550	0.76	0.66	0.68	0.74	0.7	0.6	0.62	0.72	0.62	0.7	0.8	0.8	0.7	0.74	0.52	0.64
11600	0.76	0.68	0.68	0.74	0.7	0.62	0.64	0.72	0.64	0.66	0.8	0.8	0.72	0.74	0.54	0.62
11650	0.76	0.68	0.68	0.72	0.64	0.6	0.68	0.68	0.68	0.64	0.72	0.78	0.68	0.78	0.46	0.6
11700	0.76	0.68	0.66	0.66	0.66	0.62	0.68	0.72	0.68	0.64	0.78	0.72	0.66	0.78	0.44	0.56
11750	0.78	0.72	0.62	0.64	0.68	0.66	0.66	0.74	0.68	0.64	0.76	0.74	0.7	0.78	0.48	0.56
11800	0.76	0.72	0.6	0.56	0.68	0.68	0.64	0.74	0.62	0.62	0.74	0.76	0.7	0.76	0.52	0.66
11850	0.7	0.72	0.64	0.56	0.64	0.64	0.64	0.8	0.68	0.62	0.68	0.66	0.7	0.78	0.52	0.66
11900	0.66	0.74	0.6	0.54	0.64	0.66	0.68	0.84	0.8	0.64	0.64	0.62	0.72	0.76	0.58	0.64
11950	0.68	0.74	0.64	0.56	0.66	0.64	0.72	0.84	0.74	0.7	0.62	0.62	0.74	0.76	0.62	0.7
12000	0.68	0.76	0.6	0.56	0.68	0.68	0.7	0.82	0.66	0.74	0.66	0.64	0.74	0.66	0.66	0.7
12050	0.68	0.72	0.62	0.58	0.76	0.7	0.7	0.84	0.72	0.8	0.68	0.7	0.84	0.64	0.7	0.7
12100	0.7	0.72	0.64	0.62	0.8	0.74	0.7	0.8	0.7	0.78	0.7	0.7	0.84	0.66	0.74	0.76
12150	0.74	0.74	0.68	0.68	0.76	0.76	0.7	0.78	0.7	0.76	0.74	0.72	0.84	0.66	0.76	0.76
12200	0.7	0.72	0.68	0.7	0.78	0.76	0.7	0.74	0.68	0.7	0.7	0.7	0.8	0.62	0.74	0.74
12250	0.66	0.72	0.68	0.74	0.78	0.78	0.7	0.76	0.68	0.74	0.72	0.68	0.82	0.6	0.7	0.74
12300	0.66	0.76	0.7	0.8	0.78	0.74	0.66	0.78	0.74	0.76	0.74	0.72	0.8	0.62	0.7	0.72
12350	0.7	0.74	0.76	0.82	0.78	0.72	0.7	0.76	0.78	0.74	0.72	0.74	0.82	0.64	0.72	0.74
12400	0.74	0.72	0.72	0.8	0.76	0.74	0.7	0.74	0.78	0.74	0.72	0.72	0.8	0.68	0.74	0.74
12450	0.8	0.74	0.74	0.76	0.76	0.76	0.66	0.7	0.72	0.74	0.7	0.72	0.8	0.64	0.74	0.72
12500	0.74	0.76	0.78	0.82	0.76	0.76	0.66	0.74	0.7	0.76	0.72	0.74	0.8	0.62	0.66	0.7
12550	0.68	0.82	0.84	0.86	0.76	0.76	0.66	0.76	0.66	0.7	0.66	0.72	0.82	0.66	0.68	0.68
12600	0.68	0.8	0.8	0.82	0.74	0.78	0.72	0.74	0.68	0.66	0.64	0.68	0.84	0.72	0.7	0.72
12650	0.66	0.82	0.8	0.84	0.74	0.78	0.72	0.7	0.62	0.64	0.62	0.68	0.82	0.7	0.64	0.7
12700	0.6	0.84	0.78	0.84	0.76	0.76	0.7	0.66	0.56	0.64	0.6	0.7	0.82	0.74	0.66	0.72
12750	0.6	0.88	0.78	0.8	0.66	0.76	0.7	0.68	0.56	0.62	0.62	0.7	0.84	0.76	0.72	0.72
12800	0.56	0.84	0.8	0.78	0.64	0.74	0.68	0.7	0.56	0.64	0.62	0.74	0.84	0.74	0.7	0.76
12850	0.56	0.82	0.8	0.78	0.6	0.68	0.7	0.64	0.62	0.64	0.64	0.76	0.88	0.8	0.68	0.76
12900	0.52	0.74	0.72	0.68	0.6	0.68	0.7	0.6	0.66	0.68	0.64	0.72	0.84	0.8	0.74	0.78
12950	0.58	0.66	0.72	0.64	0.6	0.68	0.68	0.62	0.7	0.72	0.66	0.72	0.82	0.78	0.74	0.76
13000	0.62	0.62	0.68	0.58	0.58	0.64	0.68	0.66	0.72	0.74	0.72	0.74	0.82	0.78	0.74	0.74
13050	0.6	0.64	0.7	0.56	0.58	0.6	0.68	0.66	0.76	0.72	0.76	0.7	0.8	0.78	0.74	0.76
13100	0.7	0.58	0.62	0.54	0.56	0.6	0.66	0.68	0.76	0.7	0.76	0.78	0.78	0.76	0.78	0.76
13150	0.7	0.56	0.56	0.54	0.62	0.66	0.68	0.66	0.74	0.66	0.72	0.78	0.8	0.78	0.78	0.76
13200	0.74	0.58	0.52	0.6	0.6	0.64	0.62	0.66	0.72	0.68	0.74	0.8	0.82	0.76	0.78	0.74
13250	0.76	0.54	0.48	0.62	0.6	0.66	0.66	0.66	0.72	0.64	0.7	0.78	0.78	0.76	0.78	0.8
13300	0.7	0.64	0.54	0.66	0.6	0.66	0.68	0.64	0.68	0.6	0.66	0.76	0.78	0.74	0.78	0.76
13350	0.7	0.64	0.54	0.7	0.6	0.62	0.66	0.66	0.66	0.58	0.62	0.74	0.74	0.76	0.72	0.78
13400	0.74	0.68	0.52	0.76	0.68	0.68	0.64	0.58	0.64	0.58	0.66	0.74	0.78	0.76	0.74	0.82
13450	0.72	0.72	0.56	0.84	0.7	0.74	0.64	0.58	0.64	0.62	0.7	0.76	0.78	0.74	0.7	0.82
13500	0.7	0.72	0.6	0.86	0.74	0.74	0.66	0.6	0.64	0.68	0.7	0.74	0.78	0.78	0.72	0.82
13550	0.72	0.74	0.62	0.88	0.8	0.72	0.7	0.6	0.68	0.7	0.74	0.72	0.78	0.8	0.7	0.82
13600	0.72	0.72	0.62	0.82	0.78	0.74	0.72	0.62	0.68	0.74	0.76	0.78	0.72	0.76	0.7	0.82
13650	0.72	0.8	0.68	0.8	0.78	0.76	0.78	0.64	0.66	0.78	0.76	0.8	0.78	0.8	0.7	0.82
13700	0.76	0.78	0.64	0.8	0.74	0.8	0.78	0.64	0.7	0.8	0.84	0.84	0.82	0.78	0.68	0.82
13750	0.82	0.78	0.64	0.8	0.76	0.84	0.78	0.64	0.68	0.76	0.82	0.86	0.82	0.78	0.68	0.82
13800	0.78	0.76	0.64	0.82	0.72	0.78	0.8	0.7	0.68	0.78	0.82	0.82	0.82	0.82	0.72	0.82
13850	0.8	0.78	0.72	0.82	0.72	0.78	0.82	0.68	0.68	0.76	0.78	0.82	0.86	0.8	0.72	0.84
13900	0.84	0.8	0.74	0.82	0.74	0.82	0.84	0.7	0.68	0.76	0.8	0.8	0.78	0.74	0.72	0.86
13950	0.82	0.78	0.74	0.84	0.76	0.82	0.8	0.68	0.7	0.78	0.76	0.78	0.8	0.72	0.7	0.84
14000	0.84	0.76	0.74	0.92	0.78	0.84	0.78	0.66	0.7	0.8	0.76	0.74	0.8	0.68	0.68	0.88
14050	0.8	0.72	0.78	0.92	0.84	0.8	0.78	0.7	0.74	0.78	0.68	0.7	0.8	0.72	0.68	0.86
14100	0.76	0.78	0.84	0.94	0.86	0.82	0.74	0.72	0.8	0.82	0.66	0.66	0.78	0.74	0.66	0.86
14150	0.76	0.8	0.8	0.92	0.86	0.8	0.72	0.76	0.76	0.78	0.7	0.66	0.76	0.76	0.68	0.9
14200	0.72	0.8	0.78	0.92	0.9	0.84	0.68	0.76	0.76	0.8	0.7	0.64	0.74	0.76	0.7	0.9
14250	0.74	0.74	0.68	0.86	0.86	0.82	0.7	0.74	0.78	0.82	0.74	0.68	0.78	0.8	0.72	0.9
14300	0.76	0.76	0.7	0.88	0.84	0.82	0.66	0.66	0.74	0.7	0.64	0.74	0.82	0.82	0.74	0.9
14350	0.74	0.78	0.76	0.88	0.84	0.82	0.72	0.66	0.72	0.7	0.66	0.76	0.82	0.82	0.76	0.92
14400	0.72	0.78	0.74	0.84	0.8	0.8	0.74	0.66	0.72	0.74	0.7	0.78	0.8	0.82	0.74	0.92
14450	0.78	0.8	0.72	0.86	0.78	0.76	0.72	0.68	0.72	0.74	0.72	0.8	0.84	0.88	0.78	0.92
14500	0.76	0.82	0.78	0.86	0.78	0.76	0.74	0.7	0.74	0.74	0.72	0.8	0.84	0.9	0.82	0.88
14550	0.72	0.8	0.76	0.84	0.78	0.76	0.74	0.68	0.74	0.72	0.76	0.82	0.88	0.9	0.86	0.88
14600	0.78	0.82	0.78	0.84	0.78	0.74	0.74	0.68	0.78	0.68	0.7	0.88	0.88	0.9	0.82	0.86
14650	0.78	0.82	0.8	0.84	0.8	0.8	0.76	0.72	0.78	0.66	0.78	0.88	0.86	0.92	0.84	0.88
14700	0.76	0.86	0.82	0.86	0.78	0.78	0.74	0.7	0.78	0.7	0.76	0.86	0.86	0.9	0.84	0.84
14750	0.74	0.86	0.82	0.86	0.8	0.76	0.7	0.68	0.76	0.66	0.74	0.8	0.86	0.9	0.86	0.84
14800	0.74	0.84	0.76	0.84	0.78	0.8	0.72	0.64	0.7	0.64	0.68	0.74	0.86	0.92	0.84	0.8
14850	0.68	0.82	0.74	0.84	0.8	0.82	0.8	0.64	0.66	0.64	0.64	0.64	0.82	0.84	0.84	0.76
14900	0.64	0.8	0.68	0.88	0.76	0.8	0.78	0.62	0.7	0.66	0.64	0.66	0.84	0.84	0.82	0.78
14950	0.74	0.76	0.68	0.86	0.74	0.76	0.78	0.64	0.68	0.72	0.64	0.66	0.86	0.84	0.82	0.8
15000	0.76	0.76	0.66	0.86	0.74	0.74	0.82	0.66	0.66	0.7	0.64	0.64	0.82	0.84	0.86	0.82
15050	0.72	0.76	0.64	0.84	0.68	0.7	0.82	0.64	0.68	0.72	0.66	0.64	0.8	0.82	0.84	0.8
15100	0.72	0.76	0.66	0.86	0.7	0.72	0.76	0.64	0.66	0.72	0.72	0.62	0.76	0.76	0.8	0.76
15150	0.72	0.76	0.64	0.82	0.7	0.72	0.74	0.66	0.68	0.74	0.7	0.62	0.76	0.74	0.82	0.76
15200	0.76	0.8	0.7	0.82	0.66	0.74	0.7	0.62	0.68	0.72	0.72	0.68	0.78	0.72	0.8	0.78
15250	0.84	0.84	0.72	0.8	0.66	0.72	0.68	0.62	0.68	0.66	0.72	0.72	0.78	0.7	0.8	0.82
15300	0.86	0.9	0.74	0.8	0.64	0.76	0.64	0.58	0.64	0.62	0.68	0.68	0.76	0.76	0.8	0.8
15350	0.86	0.9	0.72	0.82	0.7	0.78	0.6	0.54	0.64	0.64	0.7	0.68	0.74	0.74	0.78	0.74
15400	0.82	0.92	0.72	0.82	0.74	0.8	0.58	0.54	0.68	0.64	0.7	0.68	0.76	0.72	0.78	0.74
15450	0.82	0.94	0.74	0.82	0.78	0.84	0.6	0.54	0.66	0.64	0.68	0.7	0.76	0.78	0.8	0.7
15500	0.84	0.92	0.7	0.8	0.72	0.78	0.62	0.54	0.66	0.66	0.7	0.74	0.84	0.78	0.8	0.68
15550	0.78	0.9	0.7	0.84	0.68	0.76	0.58	0.5	0.68	0.7	0.68	0.7	0.78	0.78	0.78	0.7
15600	0.72	0.9	0.7	0.84	0.7	0.76	0.58	0.48	0.68	0.72	0.66	0.66	0.76	0.8	0.76	0.66
15650	0.7	0.88	0.7	0.84	0.7	0.76	0.66	0.62	0.68	0.76	0.7	0.68	0.78	0.78	0.78	0.68
15700	0.68	0.88	0.72	0.84	0.7	0.78	0.68	0.66	0.68	0.8	0.78	0.72	0.78	0.76	0.8	0.7
15750	0.68	0.84	0.68	0.82	0.72	0.76	0.66	0.68	0.72	0.78	0.76	0.7	0.74	0.72	0.78	0.7
15800	0.64	0.82	0.66	0.82	0.7	0.72	0.7	0.74	0.72	0.8	0.74	0.68	0.74	0.72	0.78	0.7
15850	0.66	0.76	0.68	0.78	0.68	0.82	0.74	0.72	0.68	0.8	0.76	0.68	0.74	0.7	0.78	0.76
15900	0.66	0.74	0.62	0.78	0.74	0.84	0.72	0.68	0.66	0.74	0.74	0.68	0.7	0.7	0.82	0.82
15950	0.68	0.74	0.62	0.78	0.76	0.82	0.74	0.7	0.62	0.74	0.72	0.64	0.72	0.74	0.84	0.8
16000	0.7	0.74	0.64	0.76	0.78	0.8	0.74	0.7	0.64	0.72	0.76	0.64	0.76	0.74	0.84	0.8
16050	0.74	0.72	0.68	0.76	0.76	0.8	0.72	0.68	0.64	0.74	0.74	0.6	0.74	0.76	0.86	0.82
16100	0.72	0.74	0.66	0.74	0.76	0.78	0.7	0.6	0.62	0.72	0.7	0.58	0.74	0.78	0.84	0.8
16150	0.72	0.76	0.7	0.74	0.76	0.78	0.7	0.56	0.64	0.64	0.72	0.58	0.74	0.8	0.84	0.82
16200	0.74	0.8	0.72	0.76	0.78	0.78	0.72	0.62	0.62	0.72	0.74	0.62	0.78	0.8	0.84	0.86
16250	0.74	0.78	0.7	0.7	0.78	0.74	0.7	0.64	0.64	0.78	0.7	0.62	0.78	0.84	0.86	0.86
16300	0.72	0.78	0.78	0.7	0.74	0.7	0.7	0.66	0.66	0.72	0.68	0.66	0.84	0.84	0.86	0.82
16350	0.7	0.74	0.8	0.66	0.7	0.7	0.68	0.64	0.64	0.74	0.74	0.66	0.86	0.88	0.86	0.78
16400	0.72	0.68	0.76	0.62	0.7	0.68	0.68	0.64	0.68	0.72	0.7	0.68	0.86	0.88	0.86	0.78
16450	0.74	0.64	0.7	0.58	0.66	0.68	0.74	0.62	0.72	0.76	0.7	0.72	0.82	0.9	0.82	0.78
16500	0.7	0.68	0.7	0.56	0.62	0.68	0.76	0.68	0.74	0.76	0.72	0.72	0.84	0.9	0.84	0.78
16550	0.68	0.66	0.68	0.56	0.58	0.66	0.78	0.68	0.76	0.76	0.72	0.72	0.88	0.9	0.84	0.8
16600	0.68	0.64	0.66	0.56	0.5	0.68	0.76	0.7	0.72	0.78	0.74	0.72	0.9	0.86	0.8	0.76
16650	0.74	0.64	0.64	0.58	0.5	0.72	0.7	0.7	0.72	0.8	0.8	0.7	0.88	0.88	0.8	0.78
16700	0.74	0.68	0.68	0.6	0.56	0.74	0.7	0.7	0.72	0.82	0.82	0.74	0.86	0.82	0.72	0.76
16750	0.76	0.72	0.66	0.62	0.56	0.78	0.68	0.68	0.7	0.82	0.82	0.72	0.84	0.82	0.74	0.8
16800	0.8	0.76	0.62	0.62	0.54	0.74	0.68	0.72	0.68	0.82	0.86	0.72	0.8	0.8	0.7	0.8
16850	0.78	0.74	0.66	0.68	0.58	0.68	0.66	0.76	0.72	0.82	0.86	0.68	0.74	0.76	0.74	0.8
16900	0.82	0.72	0.74	0.68	0.58	0.7	0.66	0.74	0.7	0.82	0.88	0.7	0.78	0.78	0.74	0.82
16950	0.84	0.72	0.72	0.7	0.56	0.62	0.64	0.72	0.68	0.8	0.86	0.74	0.78	0.78	0.74	0.84
17000	0.8	0.68	0.72	0.7	0.58	0.64	0.7	0.74	0.66	0.78	0.76	0.64	0.72	0.72	0.74	0.84
17050	0.78	0.68	0.72	0.72	0.64	0.6	0.7	0.74	0.66	0.76	0.78	0.62	0.66	0.7	0.74	0.86
17100	0.76	0.66	0.74	0.68	0.64	0.6	0.8	0.72	0.7	0.76	0.74	0.58	0.64	0.7	0.8	0.86
17150	0.7	0.68	0.76	0.7	0.6	0.6	0.74	0.7	0.68	0.68	0.7	0.54	0.6	0.72	0.74	0.86
17200	0.68	0.74	0.78	0.74	0.6	0.64	0.74	0.66	0.68	0.68	0.7	0.56	0.56	0.7	0.74	0.88
17250	0.66	0.76	0.74	0.74	0.62	0.7	0.74	0.66	0.68	0.7	0.68	0.58	0.62	0.74	0.78	0.84
17300	0.7	0.74	0.7	0.72	0.56	0.7	0.74	0.62	0.66	0.66	0.72	0.58	0.6	0.74	0.78	0.82
17350	0.68	0.74	0.68	0.76	0.66	0.7	0.66	0.58	0.64	0.66	0.76	0.62	0.58	0.72	0.8	0.76
17400	0.66	0.76	0.7	0.72	0.64	0.68	0.64	0.6	0.56	0.66	0.74	0.66	0.6	0.74	0.82	0.76
17450	0.64	0.76	0.72	0.74	0.6	0.62	0.62	0.56	0.58	0.66	0.74	0.68	0.66	0.72	0.84	0.74
17500	0.7	0.76	0.7	0.72	0.62	0.66	0.6	0.52	0.58	0.64	0.68	0.7	0.7	0.76	0.84	0.74
17550	0.72	0.76	0.74	0.78	0.64	0.66	0.6	0.5	0.68	0.74	0.66	0.68	0.74	0.76	0.9	0.78
17600	0.7	0.74	0.7	0.74	0.68	0.66	0.58	0.46	0.68	0.72	0.68	0.7	0.8	0.74	0.9	0.74
17650	0.74	0.7	0.72	0.7	0.68	0.62	0.56	0.46	0.64	0.78	0.7	0.74	0.78	0.76	0.88	0.74
17700	0.68	0.7	0.78	0.7	0.74	0.66	0.56	0.54	0.7	0.8	0.72	0.72	0.8	0.76	0.86	0.72
17750	0.72	0.76	0.8	0.7	0.74	0.72	0.52	0.52	0.66	0.78	0.72	0.7	0.84	0.78	0.86	0.74
17800	0.74	0.74	0.8	0.68	0.76	0.7	0.54	0.52	0.7	0.78	0.7	0.72	0.86	0.84	0.82	0.72
17850	0.78	0.76	0.76	0.68	0.76	0.74	0.58	0.52	0.68	0.8	0.7	0.74	0.8	0.78	0.78	0.7
17900	0.8	0.74	0.78	0.72	0.76	0.66	0.56	0.56	0.66	0.8	0.7	0.78	0.82	0.8	0.8	0.74
17950	0.76	0.68	0.72	0.7	0.76	0.68	0.64	0.62	0.66	0.8	0.66	0.76	0.8	0.72	0.76	0.74
18000	0.74	0.72	0.72	0.7	0.74	0.74	0.74	0.72	0.66	0.82	0.68	0.76	0.8	0.76	0.8	0.8
18050	0.76	0.74	0.68	0.72	0.72	0.76	0.76	0.72	0.7	0.8	0.76	0.72	0.78	0.72	0.76	0.8
18100	0.78	0.76	0.74	0.74	0.76	0.8	0.82	0.7	0.64	0.78	0.72	0.72	0.8	0.7	0.74	0.78
18150	0.8	0.78	0.74	0.78	0.76	0.82	0.82	0.72	0.62	0.76	0.7	0.74	0.8	0.72	0.76	0.78
18200	0.8	0.78	0.72	0.78	0.78	0.82	0.84	0.72	0.64	0.78	0.7	0.74	0.78	0.78	0.78	0.78
18250	0.78	0.76	0.74	0.8	0.76	0.8	0.82	0.74	0.7	0.78	0.7	0.68	0.82	0.82	0.82	0.8
18300	0.74	0.82	0.76	0.8	0.78	0.82	0.8	0.7	0.7	0.8	0.7	0.64	0.8	0.78	0.82	0.74
18350	0.74	0.82	0.74	0.84	0.8	0.9	0.8	0.7	0.76	0.78	0.74	0.62	0.76	0.78	0.86	0.7
18400	0.76	0.76	0.76	0.86	0.84	0.88	0.78	0.76	0.78	0.82	0.74	0.64	0.76	0.78	0.88	0.72
18450	0.8	0.76	0.72	0.86	0.82	0.86	0.8	0.78	0.8	0.8	0.72	0.66	0.76	0.78	0.86	0.76
18500	0.82	0.76	0.72	0.88	0.82	0.88	0.78	0.76	0.78	0.8	0.74	0.66	0.76	0.82	0.9	0.76
18550	0.84	0.74	0.68	0.9	0.8	0.86	0.78	0.76	0.76	0.82	0.78	0.68	0.76	0.76	0.9	0.76
18600	0.86	0.72	0.72	0.88	0.76	0.86	0.82	0.74	0.76	0.78	0.78	0.7	0.78	0.74	0.92	0.76
18650	0.82	0.72	0.74	0.86	0.76	0.84	0.8	0.72	0.74	0.76	0.68	0.7	0.82	0.8	0.9	0.78
18700	0.86	0.72	0.8	0.9	0.78	0.86	0.76	0.68	0.7	0.78	0.72	0.76	0.8	0.78	0.9	0.84
18750	0.86	0.72	0.78	0.92	0.78	0.84	0.72	0.68	0.72	0.78	0.76	0.82	0.82	0.78	0.9	0.84
18800	0.8	0.76	0.8	0.9	0.8	0.82	0.68	0.64	0.7	0.74	0.66	0.78	0.84	0.76	0.88	0.84
18850	0.78	0.8	0.8	0.88	0.84	0.82	0.66	0.64	0.66	0.72	0.66	0.8	0.86	0.76	0.9	0.82
18900	0.8	0.82	0.8	0.88	0.76	0.82	0.68	0.58	0.62	0.72	0.68	0.78	0.84	0.72	0.88	0.82
18950	0.76	0.82	0.82	0.86	0.78	0.76	0.62	0.64	0.68	0.76	0.68	0.72	0.82	0.74	0.88	0.8
19000	0.82	0.86	0.8	0.82	0.78	0.8	0.64	0.68	0.68	0.76	0.72	0.74	0.82	0.72	0.8	0.82
19050	0.78	0.9	0.82	0.82	0.74	0.8	0.74	0.74	0.72	0.76	0.72	0.68	0.78	0.74	0.8	0.78
19100	0.76	0.86	0.78	0.76	0.72	0.8	0.76	0.78	0.74	0.78	0.74	0.68	0.78	0.72	0.8	0.78
19150	0.76	0.84	0.72	0.74	0.7	0.82	0.78	0.8	0.76	0.74	0.72	0.64	0.78	0.74	0.82	0.78
19200	0.74	0.84	0.7	0.74	0.76	0.8	0.76	0.8	0.76	0.76	0.74	0.64	0.8	0.74	0.8	0.8
19250	0.72	0.86	0.72	0.74	0.72	0.82	0.76	0.78	0.82	0.82	0.82	0.7	0.8	0.72	0.8	0.78
19300	0.76	0.82	0.7	0.72	0.72	0.84	0.8	0.78	0.8	0.82	0.84	0.66	0.74	0.7	0.8	0.78
19350	0.74	0.78	0.72	0.74	0.74	0.82	0.8	0.74	0.78	0.76	0.76	0.7	0.74	0.74	0.84	0.8
19400	0.76	0.78	0.7	0.74	0.78	0.8	0.76	0.66	0.8	0.76	0.78	0.7	0.76	0.78	0.86	0.82
19450	0.76	0.74	0.7	0.76	0.76	0.8	0.76	0.7	0.8	0.76	0.82	0.78	0.8	0.8	0.88	0.86
19500	0.74	0.68	0.68	0.76	0.78	0.78	0.72	0.68	0.82	0.76	0.82	0.74	0.82	0.86	0.84	0.86
19550	0.74	0.72	0.74	0.76	0.76	0.74	0.72	0.7	0.8	0.8	0.78	0.76	0.78	0.82	0.84	0.86
19600	0.74	0.72	0.76	0.76	0.8	0.72	0.72	0.7	0.78	0.8	0.8	0.76	0.8	0.82	0.82	0.84
19650	0.68	0.7	0.76	0.74	0.78	0.66	0.72	0.7	0.72	0.76	0.76	0.76	0.82	0.84	0.8	0.82
19700	0.7	0.68	0.78	0.72	0.76	0.66	0.7	0.72	0.72	0.72	0.72	0.78	0.82	0.84	0.8	0.76
19750	0.62	0.74	0.82	0.7	0.78	0.7	0.78	0.76	0.8	0.72	0.68	0.78	0.86	0.84	0.8	0.74
19800	0.58	0.78	0.86	0.72	0.76	0.72	0.78	0.76	0.76	0.76	0.72	0.76	0.82	0.82	0.76	0.7
19850	0.56	0.82	0.88	0.74	0.76	0.72	0.78	0.78	0.74	0.8	0.72	0.7	0.76	0.82	0.72	0.68
19900	0.54	0.78	0.86	0.74	0.78	0.74	0.8	0.74	0.74	0.8	0.72	0.72	0.74	0.8	0.74	0.68
19950	0.54	0.74	0.82	0.72	0.8	0.7	0.8	0.74	0.76	0.8	0.72	0.66	0.72	0.78	0.7	0.64
20000	0.56	0.74	0.82	0.72	0.8	0.76	0.8	0.72	0.76	0.78	0.74	0.68	0.78	0.8	0.72	0.66
