0	0.0	0.0	0.0	0.0	0.0	0.0	0.0	0.0	0.0	0.0	0.0	0.0	0.0	0.0	0.0	0.0
50	0.0	0.0	0.0	0.0	0.166666666667	0.571428571429	0.4	0.285714285714	0.285714285714	0.25	0.0	0.0	0.0	0.333333333333	0.25	0.0
100	0.5	0.444444444444	0.416666666667	0.5	0.571428571429	0.454545454545	0.285714285714	0.363636363636	0.583333333333	0.444444444444	0.0	0.0	0.0	0.375	0.166666666667	0.2
150	0.545454545455	0.642857142857	0.5	0.5625	0.684210526316	0.571428571429	0.5	0.5	0.666666666667	0.666666666667	0.285714285714	0.375	0.444444444444	0.545454545455	0.538461538462	0.444444444444
200	0.625	0.6875	0.65	0.695652173913	0.68	0.647058823529	0.533333333333	0.578947368421	0.772727272727	0.714285714286	0.333333333333	0.5625	0.625	0.642857142857	0.647058823529	0.5
250	0.7	0.722222222222	0.75	0.758620689655	0.741935483871	0.7	0.666666666667	0.608695652174	0.814814814815	0.730769230769	0.538461538462	0.695652173913	0.65	0.684210526316	0.714285714286	0.6
300	0.793103448276	0.791666666667	0.78125	0.766666666667	0.783783783784	0.727272727273	0.695652173913	0.7	0.8125	0.740740740741	0.571428571429	0.72	0.730769230769	0.75	0.785714285714	0.625
350	0.837837837838	0.791666666667	0.810810810811	0.8	0.813953488372	0.785714285714	0.740740740741	0.756756756757	0.828571428571	0.78125	0.608695652174	0.740740740741	0.774193548387	0.793103448276	0.818181818182	0.7
400	0.840909090909	0.8	0.829268292683	0.809523809524	0.836734693878	0.8125	0.766666666667	0.790697674419	0.842105263158	0.805555555556	0.666666666667	0.766666666667	0.8	0.823529411765	0.837837837838	0.739130434783
450	0.854166666667	0.828571428571	0.844444444444	0.822222222222	0.88	0.829268292683	0.8	0.816326530612	0.860465116279	0.815789473684	0.7	0.794117647059	0.805555555556	0.846153846154	0.85	0.777777777778
500	0.857142857143	0.846153846154	0.829787234043	0.833333333333	0.94	0.847826086957	0.833333333333	0.88	0.877551020408	0.837209302326	0.735294117647	0.815789473684	0.820512820513	0.85	0.860465116279	0.818181818182
550	0.92	0.829268292683	0.836734693878	0.92	0.94	0.86	0.84	0.94	0.96	0.86	0.769230769231	0.840909090909	0.833333333333	0.860465116279	0.872340425532	0.828571428571
600	0.92	0.844444444444	0.86	0.92	0.96	0.92	0.92	0.96	0.98	0.92	0.790697674419	0.86	0.851063829787	0.875	0.94	0.837837837838
650	0.96	0.851063829787	0.92	0.96	0.96	0.96	0.96	0.98	0.98	0.96	0.84	0.94	0.9	0.88	0.98	0.857142857143
700	0.98	0.86	0.96	0.98	0.98	0.98	0.98	0.98	0.98	0.96	0.92	0.96	0.94	0.96	0.98	0.869565217391
750	0.98	0.88	0.98	0.98	1.0	0.98	0.98	1.0	0.98	0.96	0.94	0.98	0.94	0.96	0.98	0.875
800	0.98	0.94	0.98	0.98	1.0	0.98	0.98	1.0	0.98	0.98	0.96	1.0	0.96	0.96	1.0	0.96
850	0.98	0.96	0.98	0.98	1.0	0.98	0.98	1.0	0.98	1.0	1.0	1.0	0.96	0.98	1.0	0.98
900	0.98	0.96	0.96	0.98	1.0	0.98	0.98	1.0	1.0	1.0	1.0	1.0	0.96	0.98	1.0	0.98
950	0.98	0.96	0.96	0.98	1.0	0.98	0.98	1.0	1.0	1.0	1.0	1.0	0.96	0.98	1.0	1.0
1000	1.0	0.96	0.96	0.98	1.0	0.98	1.0	1.0	1.0	1.0	1.0	1.0	0.96	0.98	1.0	1.0
1050	1.0	0.96	0.96	1.0	1.0	0.96	1.0	1.0	1.0	1.0	1.0	1.0	0.96	0.98	1.0	1.0
1100	1.0	0.96	0.96	1.0	1.0	0.96	1.0	1.0	1.0	1.0	1.0	1.0	0.96	0.98	1.0	1.0
1150	1.0	0.98	0.96	1.0	1.0	0.98	1.0	0.98	0.98	1.0	1.0	0.98	0.96	0.98	1.0	1.0
1200	1.0	0.98	0.96	1.0	1.0	0.98	1.0	0.98	0.96	1.0	1.0	0.98	0.96	0.98	1.0	1.0
1250	1.0	0.96	0.96	1.0	1.0	0.98	1.0	0.98	0.96	1.0	1.0	0.98	0.96	0.98	1.0	1.0
1300	1.0	0.96	0.98	0.98	1.0	0.98	1.0	0.96	0.96	1.0	1.0	0.96	0.96	0.98	1.0	1.0
1350	1.0	0.96	0.98	0.98	1.0	0.98	1.0	0.96	0.94	1.0	1.0	0.96	0.98	1.0	1.0	0.98
1400	1.0	0.98	0.98	0.98	1.0	0.98	1.0	0.96	0.94	1.0	1.0	0.96	0.98	1.0	1.0	0.98
1450	1.0	0.98	0.98	0.98	1.0	0.98	1.0	0.96	0.94	1.0	1.0	0.96	0.96	1.0	1.0	0.94
1500	1.0	0.98	0.98	0.98	1.0	0.98	1.0	0.96	0.94	1.0	0.98	0.94	0.96	1.0	1.0	0.92
1550	1.0	0.98	0.98	0.98	1.0	0.98	1.0	0.96	0.94	1.0	0.98	0.92	0.94	1.0	1.0	0.92
1600	1.0	0.98	0.98	0.98	1.0	0.98	1.0	0.96	0.94	1.0	0.98	0.92	0.94	1.0	1.0	0.92
1650	1.0	0.98	0.98	0.98	0.98	0.98	1.0	0.96	0.94	1.0	0.98	0.92	0.96	1.0	1.0	0.92
1700	1.0	0.98	1.0	0.98	0.98	0.98	1.0	0.96	0.94	1.0	0.98	0.92	0.96	1.0	1.0	0.92
1750	1.0	0.98	1.0	0.98	0.98	0.98	0.98	0.96	0.94	1.0	0.98	0.92	0.96	1.0	1.0	0.9
1800	1.0	0.98	1.0	0.98	0.98	0.98	0.98	0.96	0.94	1.0	0.98	0.92	0.96	1.0	1.0	0.9
1850	1.0	0.98	1.0	0.94	0.98	0.96	0.98	0.96	0.94	1.0	0.98	0.92	0.96	1.0	1.0	0.9
1900	1.0	0.98	1.0	0.94	0.98	0.96	0.98	0.94	0.94	1.0	0.98	0.94	0.94	1.0	1.0	0.9
1950	1.0	0.98	1.0	0.92	0.98	0.96	0.98	0.94	0.98	1.0	0.98	0.94	0.94	1.0	1.0	0.9
2000	1.0	0.98	1.0	0.92	0.98	0.96	0.98	0.94	0.98	1.0	0.98	0.94	0.96	1.0	1.0	0.9
2050	1.0	1.0	1.0	0.94	0.98	0.96	0.96	0.96	0.98	1.0	0.98	0.94	0.96	1.0	1.0	0.92
2100	1.0	1.0	1.0	0.94	0.98	0.96	0.96	0.96	0.98	1.0	0.98	0.94	0.98	1.0	1.0	0.94
2150	1.0	1.0	1.0	0.92	0.98	0.96	0.96	0.96	1.0	1.0	0.98	0.94	0.98	1.0	1.0	0.96
2200	1.0	1.0	1.0	0.92	0.96	0.96	0.96	0.96	1.0	1.0	0.98	0.96	0.98	1.0	1.0	0.98
2250	1.0	1.0	1.0	0.92	0.96	0.94	0.96	0.96	1.0	1.0	0.98	0.96	0.98	1.0	1.0	0.98
2300	1.0	1.0	1.0	0.92	0.96	0.94	0.96	0.96	1.0	1.0	1.0	0.96	0.98	1.0	1.0	0.98
2350	1.0	1.0	1.0	0.92	0.98	0.94	0.96	0.96	0.96	1.0	1.0	0.96	0.98	1.0	1.0	0.98
2400	1.0	1.0	1.0	0.92	0.98	0.94	0.96	0.96	0.96	1.0	0.98	0.98	0.98	1.0	1.0	1.0
2450	1.0	1.0	1.0	0.92	0.98	0.96	0.96	0.96	0.96	1.0	0.98	1.0	0.96	1.0	1.0	1.0
2500	1.0	1.0	0.98	0.94	0.98	0.96	0.96	0.98	0.96	1.0	0.98	1.0	0.96	1.0	1.0	1.0
2550	1.0	1.0	0.98	0.96	0.98	0.96	0.96	1.0	0.96	1.0	0.98	1.0	0.96	1.0	1.0	1.0
2600	1.0	1.0	0.98	0.98	0.98	0.98	0.96	1.0	0.96	1.0	0.98	1.0	0.96	1.0	1.0	1.0
2650	1.0	1.0	0.96	0.98	0.98	0.98	0.96	1.0	0.94	1.0	0.98	1.0	0.96	1.0	1.0	1.0
2700	1.0	1.0	0.96	0.98	0.98	0.98	0.96	1.0	0.94	1.0	0.98	1.0	0.96	1.0	0.98	1.0
2750	1.0	1.0	0.96	0.98	0.96	0.98	0.96	1.0	0.94	1.0	0.98	1.0	0.96	1.0	0.96	1.0
2800	1.0	1.0	0.96	1.0	0.96	0.98	0.96	1.0	0.94	1.0	0.98	1.0	0.94	1.0	0.96	1.0
2850	1.0	1.0	0.96	1.0	0.96	0.98	0.96	1.0	0.94	1.0	0.98	1.0	0.92	1.0	0.96	1.0
2900	1.0	1.0	0.94	1.0	0.98	0.98	0.96	1.0	0.92	1.0	0.98	1.0	0.92	1.0	0.96	1.0
2950	1.0	0.98	0.92	1.0	0.98	0.98	0.96	1.0	0.94	1.0	0.98	1.0	0.92	1.0	0.96	1.0
3000	1.0	0.98	0.92	1.0	0.98	0.98	0.96	1.0	0.94	1.0	0.98	1.0	0.96	1.0	0.96	1.0
3050	1.0	0.98	0.92	1.0	0.98	0.98	0.94	1.0	0.96	1.0	0.98	1.0	0.96	1.0	0.94	1.0
3100	1.0	0.98	0.94	1.0	0.98	1.0	0.96	1.0	0.96	1.0	0.98	1.0	0.96	1.0	0.94	1.0
3150	1.0	0.98	0.94	1.0	0.98	1.0	0.96	1.0	0.96	1.0	0.98	1.0	0.96	1.0	0.94	1.0
3200	1.0	0.98	0.94	1.0	0.98	1.0	0.96	1.0	0.96	1.0	0.98	1.0	0.96	0.98	0.94	1.0
3250	1.0	0.98	0.94	1.0	0.98	1.0	0.96	1.0	0.96	1.0	0.98	0.98	0.96	0.98	0.9	1.0
3300	1.0	0.98	0.94	1.0	1.0	1.0	0.96	1.0	0.96	1.0	1.0	0.98	0.96	0.96	0.9	1.0
3350	1.0	0.98	0.94	1.0	1.0	1.0	0.96	1.0	0.96	1.0	1.0	0.98	0.98	0.96	0.9	1.0
3400	1.0	0.96	0.94	1.0	1.0	1.0	0.96	1.0	0.98	1.0	1.0	0.98	0.98	0.96	0.92	1.0
3450	0.98	0.92	0.96	1.0	1.0	1.0	0.96	1.0	0.98	1.0	1.0	0.98	1.0	0.96	0.92	1.0
3500	0.98	0.92	0.96	1.0	1.0	1.0	0.92	1.0	0.98	1.0	1.0	0.98	1.0	0.96	0.94	1.0
3550	0.98	0.92	0.96	1.0	1.0	1.0	0.92	1.0	0.98	1.0	1.0	0.98	1.0	0.96	0.94	1.0
3600	0.98	0.92	0.96	1.0	1.0	1.0	0.92	1.0	0.98	1.0	0.98	0.98	1.0	0.96	0.94	1.0
3650	0.98	0.9	0.96	1.0	1.0	1.0	0.92	1.0	1.0	1.0	0.98	0.98	1.0	0.96	0.94	1.0
3700	0.98	0.9	0.98	1.0	1.0	1.0	0.92	1.0	0.98	1.0	0.98	0.98	1.0	0.96	0.94	1.0
3750	0.98	0.92	1.0	1.0	0.98	1.0	0.94	1.0	0.98	1.0	0.98	0.96	1.0	0.96	0.94	1.0
3800	0.96	0.92	1.0	1.0	0.98	0.98	0.94	1.0	0.98	1.0	0.98	0.96	1.0	0.96	0.96	1.0
3850	0.94	0.92	1.0	1.0	0.98	0.98	0.94	1.0	0.96	1.0	0.96	0.96	1.0	0.96	0.96	1.0
3900	0.94	0.92	1.0	1.0	0.98	0.96	0.94	1.0	0.96	1.0	0.96	0.98	1.0	0.96	0.96	1.0
3950	0.92	0.92	1.0	1.0	0.98	0.96	0.94	0.98	0.94	1.0	0.96	0.98	1.0	0.98	0.96	1.0
4000	0.9	0.96	1.0	1.0	0.98	0.96	0.94	0.98	0.94	1.0	0.96	0.98	1.0	0.98	0.96	1.0
4050	0.88	0.96	1.0	1.0	0.98	0.96	0.94	0.98	0.94	1.0	0.96	0.98	1.0	1.0	0.98	1.0
4100	0.88	0.96	1.0	1.0	0.98	0.94	0.94	0.98	0.94	1.0	0.96	0.98	0.98	1.0	0.98	1.0
4150	0.88	0.96	1.0	1.0	0.98	0.94	0.94	0.98	0.92	1.0	0.96	0.98	0.98	1.0	0.96	1.0
4200	0.88	0.96	1.0	1.0	0.98	0.94	1.0	0.98	0.92	1.0	0.96	0.96	0.98	1.0	0.96	1.0
4250	0.88	0.96	1.0	1.0	0.98	0.94	1.0	0.98	0.92	1.0	0.96	0.96	0.98	1.0	0.96	1.0
4300	0.88	0.98	1.0	1.0	0.98	0.94	1.0	0.98	0.9	1.0	0.94	0.96	0.98	1.0	0.96	1.0
4350	0.88	0.98	1.0	1.0	0.98	0.94	1.0	0.98	0.9	1.0	0.96	0.96	0.98	1.0	0.94	1.0
4400	0.9	0.98	1.0	1.0	0.98	0.94	1.0	0.98	0.9	1.0	0.96	0.96	0.98	1.0	0.94	1.0
4450	0.9	0.98	1.0	1.0	0.98	0.94	1.0	0.98	0.9	1.0	0.96	0.96	0.98	1.0	0.94	1.0
4500	0.9	0.98	1.0	1.0	1.0	0.94	1.0	0.98	0.9	1.0	0.96	0.98	0.98	1.0	0.92	1.0
4550	0.9	0.98	0.98	1.0	1.0	0.96	1.0	0.98	0.9	1.0	0.96	0.96	0.98	1.0	0.92	1.0
4600	0.94	0.98	0.98	1.0	1.0	0.96	1.0	0.96	0.9	1.0	0.96	0.96	0.98	1.0	0.92	1.0
4650	0.94	0.98	0.98	1.0	1.0	0.96	1.0	0.96	0.92	1.0	0.98	0.96	0.98	1.0	0.92	1.0
4700	0.98	0.98	0.98	1.0	0.98	0.96	1.0	0.94	0.92	1.0	0.98	0.96	0.98	1.0	0.94	1.0
4750	1.0	1.0	0.98	1.0	0.98	0.94	1.0	0.94	0.92	1.0	0.98	0.96	0.98	1.0	0.94	1.0
4800	1.0	0.96	0.98	1.0	0.98	0.94	1.0	0.94	0.94	1.0	0.98	0.96	0.98	1.0	0.94	1.0
4850	1.0	0.96	0.98	1.0	0.98	0.96	1.0	0.94	0.96	1.0	0.98	0.96	1.0	1.0	0.94	1.0
4900	1.0	0.96	0.98	0.98	0.98	0.96	1.0	0.94	0.96	1.0	0.94	0.96	1.0	1.0	0.94	1.0
4950	1.0	0.96	0.98	0.98	0.98	0.96	1.0	0.94	0.96	1.0	0.94	0.98	1.0	1.0	0.96	1.0
5000	1.0	0.96	0.98	0.98	0.98	0.96	1.0	0.94	0.98	1.0	0.96	0.96	1.0	1.0	0.96	1.0
5050	1.0	0.96	0.98	0.98	0.98	0.96	1.0	0.94	1.0	1.0	0.96	0.96	1.0	1.0	0.96	1.0
5100	0.98	0.96	0.98	0.98	0.98	0.96	0.98	0.94	1.0	1.0	0.96	0.96	1.0	1.0	0.96	1.0
5150	0.98	0.96	0.98	0.98	0.98	0.96	0.98	0.94	1.0	1.0	0.96	0.96	1.0	1.0	0.98	1.0
5200	0.98	0.96	0.98	0.98	0.98	0.96	0.98	0.94	1.0	1.0	0.96	0.96	1.0	1.0	0.98	1.0
5250	0.98	0.94	1.0	0.98	0.98	0.96	0.98	0.94	1.0	1.0	0.94	0.96	1.0	1.0	1.0	1.0
5300	0.98	0.94	1.0	0.98	0.98	0.96	0.98	0.94	1.0	1.0	0.92	0.96	1.0	1.0	1.0	1.0
5350	0.98	0.94	1.0	0.98	0.96	0.98	0.98	0.96	1.0	1.0	0.9	0.96	1.0	1.0	1.0	1.0
5400	0.98	0.94	0.98	0.98	0.96	0.98	0.98	0.96	1.0	1.0	0.9	0.98	1.0	1.0	1.0	1.0
5450	0.98	0.94	0.96	0.98	0.96	0.98	0.98	0.96	1.0	1.0	0.9	0.98	1.0	1.0	0.98	1.0
5500	0.98	0.98	0.96	0.98	0.94	1.0	0.98	0.98	1.0	1.0	0.9	0.98	1.0	1.0	0.98	1.0
5550	0.96	0.98	0.96	0.98	0.94	1.0	0.98	0.98	1.0	1.0	0.9	0.98	1.0	1.0	0.98	1.0
5600	0.96	0.98	0.96	0.98	0.94	1.0	0.98	0.98	1.0	1.0	0.94	0.96	1.0	1.0	0.98	1.0
5650	0.96	0.98	0.96	0.98	0.94	1.0	0.96	0.98	1.0	1.0	0.94	0.96	1.0	1.0	0.98	1.0
5700	0.96	0.98	0.94	1.0	0.92	1.0	0.96	0.98	1.0	0.98	0.94	0.96	1.0	1.0	0.98	1.0
5750	0.96	0.98	0.94	1.0	0.92	1.0	0.96	0.98	1.0	0.98	0.92	0.96	1.0	1.0	0.98	1.0
5800	0.96	0.98	0.94	1.0	0.92	1.0	0.96	0.98	1.0	0.98	0.92	0.96	1.0	1.0	0.98	1.0
5850	0.96	0.98	0.92	1.0	0.92	1.0	0.96	0.98	1.0	0.98	0.92	0.98	1.0	1.0	0.98	1.0
5900	0.96	0.98	0.92	1.0	0.92	1.0	0.96	0.98	1.0	0.98	0.92	0.98	1.0	1.0	0.98	1.0
5950	0.98	0.98	0.92	1.0	0.92	1.0	0.96	0.98	1.0	0.98	0.92	0.98	1.0	1.0	0.98	1.0
6000	0.98	0.98	0.92	1.0	0.92	1.0	0.96	0.98	1.0	0.98	0.96	0.98	0.98	1.0	0.98	1.0
6050	0.98	1.0	0.94	1.0	0.92	1.0	0.96	0.98	1.0	0.98	0.96	0.98	0.96	1.0	0.98	1.0
6100	0.98	1.0	0.96	1.0	0.92	1.0	0.96	0.98	1.0	0.98	0.96	0.98	0.94	1.0	0.98	1.0
6150	0.98	1.0	0.96	0.98	0.92	1.0	0.96	0.98	1.0	0.98	0.96	0.98	0.94	1.0	0.98	1.0
6200	0.98	1.0	0.96	0.98	0.92	1.0	0.96	1.0	1.0	0.98	0.94	0.98	0.94	1.0	1.0	1.0
6250	0.98	1.0	0.96	0.98	0.92	1.0	0.96	1.0	1.0	0.98	0.94	0.98	0.94	1.0	1.0	1.0
6300	0.98	1.0	0.98	0.98	0.92	1.0	0.96	1.0	1.0	0.98	0.94	0.98	0.94	1.0	1.0	1.0
6350	1.0	1.0	0.98	0.98	0.92	1.0	0.94	1.0	1.0	0.98	0.94	0.98	0.94	1.0	1.0	1.0
6400	1.0	1.0	0.98	0.98	0.92	1.0	0.94	1.0	1.0	0.98	0.96	0.98	0.94	1.0	0.98	1.0
6450	1.0	1.0	1.0	0.98	0.94	1.0	0.96	1.0	1.0	1.0	0.96	0.98	0.94	1.0	0.98	1.0
6500	1.0	1.0	1.0	0.98	0.96	1.0	0.98	1.0	1.0	1.0	0.96	0.98	0.94	1.0	0.98	1.0
6550	1.0	1.0	1.0	0.98	0.96	1.0	0.98	1.0	1.0	1.0	0.96	0.96	0.94	1.0	0.98	1.0
6600	1.0	1.0	1.0	0.98	0.96	1.0	0.98	1.0	1.0	1.0	0.96	0.96	0.96	1.0	0.98	1.0
6650	1.0	1.0	0.98	0.96	0.96	1.0	0.98	1.0	1.0	1.0	0.96	0.96	0.96	1.0	0.98	1.0
6700	1.0	1.0	0.98	0.96	0.96	1.0	0.98	1.0	1.0	0.98	0.96	0.96	0.96	1.0	0.98	1.0
6750	1.0	1.0	0.98	0.96	0.96	1.0	0.98	0.98	1.0	0.98	0.96	0.96	0.98	1.0	0.96	1.0
6800	1.0	1.0	0.98	0.96	0.96	0.98	0.98	0.98	1.0	0.98	0.96	0.98	0.98	1.0	0.96	1.0
6850	1.0	1.0	0.98	0.98	0.96	0.98	0.98	0.98	1.0	0.98	0.96	0.98	1.0	1.0	0.96	1.0
6900	1.0	1.0	0.98	0.98	0.96	0.98	0.98	0.98	1.0	0.96	0.96	0.98	1.0	1.0	0.96	1.0
6950	1.0	1.0	0.98	0.98	0.96	0.98	0.96	0.98	1.0	0.96	0.98	0.98	1.0	1.0	0.96	1.0
7000	1.0	1.0	0.98	0.98	0.96	0.96	0.94	0.98	1.0	0.94	0.98	0.98	1.0	1.0	0.96	1.0
7050	1.0	1.0	0.98	0.98	0.96	0.96	0.96	0.98	1.0	0.94	0.98	0.98	1.0	1.0	0.94	1.0
7100	1.0	1.0	0.98	0.98	0.98	0.96	0.96	0.98	1.0	0.94	0.98	0.98	1.0	1.0	0.94	1.0
7150	1.0	0.98	0.98	0.98	1.0	0.96	0.96	0.98	1.0	0.94	1.0	0.98	1.0	1.0	0.94	1.0
7200	1.0	0.98	0.96	0.98	1.0	0.94	0.96	0.98	1.0	0.94	1.0	0.98	0.98	1.0	0.94	1.0
7250	1.0	0.98	0.96	0.98	1.0	0.94	0.96	0.98	1.0	0.96	1.0	0.98	0.98	1.0	0.94	1.0
7300	1.0	0.98	0.98	0.98	1.0	0.94	0.96	0.98	1.0	0.96	1.0	0.98	0.98	1.0	0.94	1.0
7350	1.0	0.98	0.98	0.98	1.0	0.94	0.96	0.98	1.0	0.96	1.0	0.96	0.98	1.0	0.92	1.0
7400	1.0	0.98	0.98	0.98	0.98	0.94	0.96	0.98	1.0	0.96	0.98	0.94	0.98	1.0	0.92	1.0
7450	1.0	0.98	0.98	1.0	0.98	0.94	0.96	1.0	1.0	0.96	0.98	0.94	0.98	1.0	0.92	1.0
7500	1.0	0.98	0.96	1.0	0.98	0.94	0.96	1.0	1.0	0.96	0.98	0.94	0.98	1.0	0.92	1.0
7550	1.0	0.98	0.96	1.0	0.98	0.96	0.96	1.0	1.0	0.98	0.98	0.94	0.98	1.0	0.94	1.0
7600	1.0	0.98	0.96	1.0	0.98	0.96	0.94	1.0	1.0	0.98	0.98	0.94	0.98	1.0	0.94	1.0
7650	1.0	0.98	0.96	1.0	0.98	0.96	0.96	1.0	1.0	1.0	0.98	0.94	0.98	1.0	0.94	1.0
7700	1.0	0.98	0.96	1.0	0.98	0.96	0.98	1.0	1.0	1.0	0.98	0.94	0.98	1.0	0.94	1.0
7750	1.0	0.98	0.96	1.0	0.98	0.98	0.98	1.0	1.0	1.0	0.98	0.94	0.98	1.0	0.94	1.0
7800	1.0	0.98	0.98	1.0	0.98	0.98	0.98	1.0	1.0	1.0	0.98	0.94	0.98	1.0	0.94	1.0
7850	1.0	0.98	0.98	1.0	0.98	0.98	0.98	1.0	1.0	1.0	0.98	0.94	0.98	1.0	0.96	1.0
7900	1.0	0.98	0.98	1.0	0.98	0.98	0.98	0.98	1.0	1.0	0.98	0.94	0.98	0.98	0.98	1.0
7950	1.0	0.98	0.98	1.0	0.98	0.98	0.98	0.98	1.0	1.0	0.98	0.94	0.98	0.98	0.98	1.0
8000	1.0	0.98	0.98	1.0	0.98	1.0	0.98	0.98	1.0	1.0	0.98	0.94	0.98	0.98	0.98	1.0
8050	1.0	0.98	0.98	1.0	0.98	1.0	0.96	0.98	1.0	1.0	0.98	0.94	1.0	0.98	0.98	1.0
8100	1.0	0.98	0.98	1.0	0.98	1.0	0.96	0.98	1.0	1.0	0.98	0.92	1.0	0.98	0.98	1.0
8150	1.0	0.98	0.98	0.98	1.0	1.0	0.96	0.96	1.0	1.0	0.98	0.94	1.0	0.98	0.98	1.0
8200	1.0	0.98	0.98	0.98	1.0	1.0	0.96	0.96	1.0	1.0	0.98	0.98	0.98	0.96	1.0	1.0
8250	1.0	0.98	1.0	0.98	1.0	1.0	0.96	0.96	1.0	1.0	0.98	0.96	0.98	0.96	1.0	1.0
8300	1.0	0.98	1.0	0.98	1.0	1.0	0.96	0.96	1.0	1.0	0.98	0.96	0.98	0.96	1.0	1.0
8350	1.0	0.98	1.0	0.98	1.0	1.0	0.96	0.96	1.0	1.0	0.98	0.96	0.96	0.96	1.0	1.0
8400	1.0	0.98	1.0	0.98	1.0	1.0	0.98	0.96	1.0	1.0	1.0	0.96	0.96	0.96	1.0	1.0
8450	1.0	0.98	0.98	0.98	1.0	1.0	0.98	0.96	1.0	1.0	1.0	0.96	0.96	0.96	1.0	1.0
8500	1.0	0.96	0.98	0.98	0.98	1.0	0.98	0.96	1.0	1.0	1.0	0.96	0.96	0.96	1.0	1.0
8550	1.0	0.98	0.98	0.98	0.98	1.0	0.98	0.96	1.0	1.0	1.0	0.94	0.94	0.98	1.0	1.0
8600	1.0	0.98	0.98	0.98	0.98	1.0	0.98	0.96	1.0	1.0	1.0	0.94	0.94	0.98	1.0	1.0
8650	1.0	0.98	0.98	0.98	0.98	1.0	0.98	0.96	1.0	1.0	1.0	0.94	0.94	0.98	1.0	1.0
8700	1.0	0.98	0.98	0.98	0.98	1.0	0.98	0.94	1.0	1.0	1.0	0.94	0.94	0.98	1.0	1.0
8750	1.0	0.98	0.98	0.98	0.98	1.0	0.98	0.94	1.0	1.0	1.0	0.94	0.94	0.98	1.0	1.0
8800	1.0	0.98	0.98	0.98	0.98	0.98	0.98	0.94	1.0	1.0	1.0	0.96	0.92	0.98	1.0	1.0
8850	1.0	0.98	0.98	0.98	0.98	0.98	1.0	0.96	1.0	1.0	1.0	0.96	0.9	1.0	1.0	1.0
8900	1.0	0.98	0.98	0.98	0.98	0.98	1.0	0.96	1.0	1.0	1.0	0.96	0.9	1.0	1.0	1.0
8950	0.98	0.98	0.98	1.0	0.98	0.98	1.0	0.96	1.0	1.0	1.0	0.98	0.9	1.0	1.0	1.0
9000	0.98	0.96	0.98	1.0	0.98	0.98	1.0	0.96	1.0	1.0	1.0	0.98	0.9	1.0	1.0	1.0
9050	0.98	0.96	0.98	1.0	0.98	0.98	1.0	0.96	1.0	1.0	1.0	0.96	0.9	1.0	1.0	1.0
9100	0.98	0.96	0.98	1.0	0.98	0.98	1.0	0.96	1.0	1.0	1.0	0.96	0.92	1.0	1.0	1.0
9150	0.98	0.96	0.98	1.0	0.98	0.98	1.0	0.96	1.0	1.0	1.0	0.96	0.92	1.0	1.0	1.0
9200	0.98	0.98	0.98	1.0	1.0	0.98	1.0	0.98	1.0	0.98	1.0	0.98	0.92	1.0	1.0	1.0
9250	0.98	0.98	0.98	1.0	1.0	0.98	1.0	0.98	1.0	0.98	1.0	0.98	0.94	1.0	1.0	1.0
9300	0.98	0.98	0.98	1.0	1.0	0.98	1.0	0.98	1.0	0.98	1.0	0.98	0.94	1.0	1.0	1.0
9350	0.98	0.98	0.98	1.0	1.0	0.98	1.0	0.98	1.0	0.98	1.0	0.98	0.94	1.0	1.0	0.98
9400	0.98	0.98	0.98	1.0	1.0	0.98	1.0	0.98	1.0	0.98	1.0	0.98	0.94	1.0	1.0	0.98
9450	0.98	0.98	0.98	1.0	1.0	0.98	1.0	0.98	1.0	0.98	0.98	0.98	0.96	1.0	1.0	0.98
9500	0.98	0.98	0.98	1.0	1.0	0.98	1.0	0.98	1.0	0.96	0.98	0.98	0.94	1.0	1.0	0.98
9550	0.98	0.98	0.98	1.0	1.0	0.98	1.0	1.0	1.0	0.96	0.98	0.98	0.94	1.0	1.0	0.96
9600	1.0	0.96	0.98	1.0	1.0	1.0	1.0	1.0	1.0	0.96	0.98	0.98	0.94	1.0	1.0	0.96
9650	1.0	0.96	0.98	1.0	1.0	1.0	1.0	1.0	1.0	0.96	0.98	0.98	0.96	1.0	1.0	0.96
9700	1.0	0.96	0.96	1.0	1.0	1.0	1.0	1.0	1.0	0.96	0.98	0.98	0.98	1.0	1.0	0.96
9750	1.0	0.98	0.96	1.0	1.0	1.0	0.98	1.0	1.0	0.96	0.98	1.0	0.98	1.0	1.0	0.96
9800	1.0	0.98	0.96	1.0	1.0	0.98	0.98	1.0	1.0	0.96	0.98	1.0	0.98	1.0	1.0	0.94
9850	1.0	0.98	0.96	1.0	1.0	0.98	0.98	1.0	1.0	0.96	0.98	1.0	0.98	1.0	0.98	0.94
9900	1.0	0.98	0.96	1.0	1.0	0.96	0.98	1.0	1.0	0.98	0.98	1.0	0.98	1.0	0.98	0.94
9950	1.0	0.98	0.98	1.0	1.0	0.96	0.98	1.0	1.0	0.98	0.98	0.98	0.98	1.0	0.98	0.94
10000	1.0	0.98	0.98	1.0	1.0	0.96	0.98	0.98	1.0	0.98	0.98	0.98	0.98	1.0	0.98	0.94
10050	1.0	0.98	0.98	1.0	1.0	0.96	0.96	0.98	1.0	0.98	0.98	0.96	0.98	1.0	0.98	0.92
10100	1.0	0.98	0.98	1.0	1.0	0.96	0.96	0.98	1.0	0.98	0.98	0.96	0.98	1.0	0.98	0.92
10150	1.0	0.98	0.98	1.0	1.0	0.96	0.96	0.98	1.0	0.98	0.96	0.96	0.96	1.0	0.98	0.92
10200	1.0	0.98	0.98	1.0	1.0	0.96	0.94	0.98	1.0	1.0	0.96	0.96	0.96	1.0	0.96	0.92
10250	1.0	0.96	0.98	1.0	1.0	0.96	0.94	0.98	1.0	1.0	0.98	0.96	0.94	0.98	0.96	0.94
10300	1.0	0.96	0.98	1.0	1.0	0.96	0.94	0.96	1.0	1.0	0.98	0.96	0.94	0.98	0.96	0.94
10350	1.0	0.96	0.98	1.0	1.0	0.96	0.94	0.94	1.0	1.0	0.98	0.96	0.96	0.98	0.96	0.94
10400	1.0	0.96	0.98	1.0	1.0	0.96	0.94	0.94	1.0	1.0	0.98	0.96	0.96	0.96	0.96	0.96
10450	1.0	0.96	1.0	1.0	1.0	0.96	0.94	0.94	1.0	1.0	0.98	0.96	0.96	0.96	0.96	0.96
10500	1.0	0.96	1.0	1.0	1.0	0.98	0.96	0.94	1.0	1.0	0.98	0.96	0.94	0.96	0.96	0.96
10550	1.0	0.98	1.0	1.0	1.0	0.98	0.96	0.94	0.98	1.0	0.98	0.96	0.92	0.96	0.96	0.96
10600	1.0	0.98	1.0	0.98	1.0	0.98	0.96	0.94	0.98	1.0	0.98	0.96	0.92	0.96	0.96	0.96
10650	1.0	0.98	1.0	0.98	1.0	0.98	0.96	0.94	0.98	0.98	0.98	0.96	0.92	0.96	0.98	0.98
10700	1.0	0.98	1.0	0.98	1.0	0.98	0.96	0.94	0.98	0.98	0.98	0.96	0.92	0.96	0.98	0.98
10750	1.0	0.98	1.0	0.98	1.0	0.98	0.96	0.94	0.98	0.98	0.98	0.96	0.92	0.96	0.98	0.98
10800	1.0	0.98	1.0	0.98	1.0	0.98	0.96	0.96	0.98	0.98	0.98	0.96	0.92	0.96	0.98	1.0
10850	1.0	0.98	1.0	0.98	1.0	0.98	0.96	0.96	0.98	0.98	1.0	0.98	0.92	0.96	0.98	1.0
10900	1.0	0.98	1.0	0.98	1.0	0.98	0.98	0.96	0.98	0.98	1.0	1.0	0.92	0.96	1.0	1.0
10950	1.0	0.98	1.0	0.98	1.0	0.98	1.0	0.96	0.98	0.98	1.0	1.0	0.92	0.96	1.0	1.0
11000	1.0	1.0	1.0	0.98	1.0	0.98	1.0	0.96	0.98	0.98	1.0	1.0	0.9	0.96	1.0	1.0
11050	1.0	1.0	1.0	0.98	1.0	1.0	1.0	0.96	0.98	0.98	1.0	1.0	0.9	0.96	1.0	1.0
11100	1.0	1.0	0.98	0.98	1.0	0.98	0.98	0.98	0.98	0.98	1.0	1.0	0.9	0.98	1.0	1.0
11150	1.0	1.0	0.98	0.98	1.0	0.98	0.98	0.98	0.98	0.98	1.0	1.0	0.92	0.98	1.0	1.0
11200	1.0	1.0	0.98	0.98	1.0	0.98	0.96	0.98	0.98	0.98	1.0	1.0	0.92	1.0	1.0	1.0
11250	1.0	1.0	0.98	0.98	1.0	0.98	0.96	0.96	1.0	0.98	1.0	1.0	0.88	1.0	1.0	1.0
11300	1.0	1.0	0.98	1.0	1.0	0.98	0.96	0.96	1.0	0.98	1.0	1.0	0.9	1.0	1.0	1.0
11350	1.0	1.0	0.98	1.0	1.0	0.98	0.96	0.96	1.0	0.98	1.0	1.0	0.9	1.0	1.0	1.0
11400	1.0	1.0	0.98	1.0	1.0	0.98	0.96	0.96	1.0	0.98	1.0	1.0	0.9	1.0	1.0	0.98
11450	1.0	1.0	0.98	1.0	1.0	0.98	0.96	0.96	1.0	1.0	1.0	1.0	0.9	1.0	1.0	0.98
11500	1.0	1.0	0.98	1.0	1.0	0.98	0.96	0.96	1.0	1.0	1.0	1.0	0.9	1.0	1.0	0.98
11550	1.0	1.0	0.98	1.0	1.0	0.98	0.94	0.96	1.0	1.0	1.0	1.0	0.92	1.0	1.0	0.98
11600	1.0	0.98	0.98	1.0	1.0	0.98	0.94	0.96	1.0	1.0	1.0	1.0	0.94	1.0	1.0	0.96
11650	1.0	0.98	0.98	1.0	1.0	0.98	0.94	0.96	1.0	1.0	1.0	1.0	0.94	1.0	1.0	0.96
11700	1.0	0.98	0.98	1.0	1.0	0.98	0.94	0.96	1.0	1.0	1.0	1.0	0.94	1.0	1.0	0.96
11750	1.0	0.98	0.96	1.0	1.0	0.98	0.92	0.96	1.0	1.0	1.0	0.98	0.94	1.0	1.0	0.96
11800	1.0	0.98	0.96	1.0	1.0	1.0	0.94	0.96	1.0	1.0	1.0	0.98	0.94	1.0	1.0	0.96
11850	1.0	0.98	0.96	1.0	1.0	1.0	0.92	0.96	1.0	1.0	1.0	0.98	0.94	0.98	1.0	0.96
11900	1.0	0.98	0.96	1.0	1.0	1.0	0.94	0.96	1.0	1.0	1.0	0.98	0.94	0.98	1.0	0.96
11950	1.0	0.98	0.96	1.0	1.0	1.0	0.92	0.96	1.0	1.0	1.0	0.98	0.94	0.98	1.0	0.96
12000	1.0	0.98	0.96	1.0	1.0	1.0	0.92	0.98	1.0	1.0	1.0	0.98	0.96	0.98	1.0	0.96
12050	1.0	0.98	0.96	1.0	1.0	1.0	0.92	0.96	1.0	1.0	1.0	0.98	0.96	0.98	1.0	0.96
12100	1.0	0.98	0.98	1.0	1.0	1.0	0.92	0.98	1.0	1.0	1.0	0.98	1.0	0.98	1.0	0.96
12150	1.0	0.98	0.98	1.0	1.0	1.0	0.92	0.98	1.0	1.0	1.0	0.98	1.0	0.98	1.0	0.96
12200	1.0	0.98	0.98	1.0	1.0	1.0	0.92	0.98	1.0	1.0	1.0	0.98	1.0	0.98	1.0	0.98
12250	1.0	0.98	0.98	1.0	1.0	1.0	0.94	0.98	1.0	1.0	1.0	0.98	1.0	0.98	0.96	0.98
12300	1.0	0.98	0.98	1.0	1.0	1.0	0.94	0.98	1.0	1.0	1.0	0.98	0.98	0.98	0.96	0.98
12350	1.0	1.0	0.98	1.0	1.0	1.0	0.94	0.98	1.0	1.0	1.0	0.98	0.98	0.98	0.96	1.0
12400	1.0	1.0	0.98	1.0	1.0	1.0	0.92	0.98	1.0	1.0	1.0	0.98	0.98	0.98	0.96	0.98
12450	1.0	1.0	0.98	1.0	0.98	1.0	0.94	0.98	1.0	1.0	1.0	0.98	0.98	0.98	0.96	0.98
12500	1.0	1.0	0.98	1.0	0.96	1.0	0.94	0.98	1.0	0.98	1.0	0.98	0.98	0.98	0.96	0.98
12550	1.0	1.0	0.98	1.0	0.96	1.0	0.94	0.98	1.0	0.98	1.0	0.98	0.98	0.98	0.96	0.98
12600	1.0	1.0	0.98	1.0	0.96	1.0	0.96	0.98	1.0	0.98	1.0	0.98	0.98	0.98	0.96	0.98
12650	1.0	1.0	0.98	1.0	0.96	1.0	0.94	0.98	1.0	0.98	1.0	0.98	0.96	0.98	0.96	0.96
12700	1.0	1.0	0.98	1.0	0.96	1.0	0.96	1.0	1.0	0.98	1.0	1.0	0.96	0.98	0.96	0.96
12750	1.0	1.0	0.98	1.0	0.96	1.0	0.96	1.0	1.0	0.98	1.0	1.0	0.96	1.0	0.96	0.96
12800	1.0	1.0	0.96	1.0	0.96	1.0	0.96	1.0	1.0	0.98	1.0	1.0	0.96	1.0	0.96	0.96
12850	1.0	1.0	0.96	1.0	0.96	1.0	0.96	1.0	1.0	0.98	1.0	1.0	0.96	1.0	0.96	0.94
12900	1.0	0.98	0.96	1.0	0.96	1.0	0.96	1.0	1.0	0.98	1.0	1.0	0.94	1.0	0.96	0.94
12950	1.0	0.98	0.96	1.0	0.96	1.0	0.96	1.0	1.0	0.96	1.0	1.0	0.94	1.0	0.96	0.94
13000	1.0	0.98	0.96	1.0	0.96	1.0	0.96	1.0	1.0	0.96	1.0	1.0	0.94	1.0	0.96	0.94
13050	1.0	0.98	0.96	1.0	0.96	1.0	0.96	1.0	1.0	0.96	1.0	1.0	0.94	1.0	0.96	0.94
13100	1.0	0.98	0.96	1.0	0.96	1.0	0.96	1.0	0.98	0.96	1.0	1.0	0.94	1.0	0.94	0.94
13150	1.0	0.98	0.94	1.0	0.96	1.0	0.98	0.98	0.98	0.96	1.0	1.0	0.94	1.0	0.94	0.96
13200	1.0	0.98	0.94	1.0	0.96	1.0	0.98	0.98	0.98	0.96	1.0	1.0	0.92	1.0	0.98	0.94
13250	1.0	0.98	0.94	1.0	0.96	1.0	0.98	0.98	0.98	0.96	1.0	1.0	0.94	1.0	0.98	0.94
13300	1.0	0.98	0.94	0.98	0.96	1.0	0.98	0.98	0.98	0.96	1.0	1.0	0.94	1.0	0.98	0.94
13350	0.98	0.98	0.94	0.98	0.98	1.0	0.98	0.98	0.98	0.96	1.0	1.0	0.92	1.0	0.98	0.96
13400	0.98	0.98	0.94	0.98	1.0	1.0	1.0	0.98	0.98	0.96	1.0	1.0	0.92	1.0	0.98	0.96
13450	0.98	0.98	0.94	0.98	1.0	1.0	1.0	0.98	0.98	0.98	1.0	1.0	0.94	1.0	0.98	0.96
13500	0.98	0.98	0.94	0.98	1.0	1.0	1.0	0.98	0.98	0.98	1.0	1.0	0.94	1.0	0.98	0.96
13550	0.98	0.98	0.94	0.98	0.98	1.0	0.98	0.98	0.98	0.96	1.0	1.0	0.9	1.0	0.98	0.96
13600	0.98	0.98	0.94	0.98	0.98	1.0	0.98	0.98	0.98	0.96	1.0	1.0	0.92	1.0	0.98	0.98
13650	0.98	1.0	0.94	0.98	0.98	1.0	0.98	0.98	0.98	0.96	1.0	0.98	0.92	1.0	0.98	0.98
13700	0.98	1.0	0.94	0.98	0.98	1.0	0.98	0.98	0.98	0.98	1.0	0.98	0.92	1.0	0.98	0.98
13750	0.98	1.0	0.94	0.98	0.98	1.0	0.98	0.98	0.98	0.98	1.0	0.98	0.92	1.0	0.98	0.98
13800	0.98	1.0	0.94	0.98	0.98	0.98	0.98	0.98	0.98	0.98	1.0	0.98	0.92	1.0	0.96	0.98
13850	0.98	1.0	0.94	0.98	0.98	0.98	0.98	0.98	0.96	0.98	1.0	0.98	0.94	1.0	0.96	0.98
13900	0.98	1.0	0.94	0.98	0.98	0.98	0.98	0.98	0.98	0.98	1.0	0.98	0.94	1.0	0.96	1.0
13950	0.98	1.0	0.94	0.98	0.98	0.98	0.96	1.0	0.98	0.98	1.0	0.96	0.92	1.0	0.96	1.0
14000	0.98	1.0	0.94	0.98	0.98	0.98	0.96	1.0	0.98	0.98	1.0	0.96	0.94	1.0	0.96	1.0
14050	0.98	1.0	0.96	0.98	0.98	0.98	0.96	1.0	0.98	0.98	1.0	0.96	0.94	1.0	0.96	1.0
14100	0.98	1.0	0.96	0.98	0.96	0.98	0.96	1.0	0.98	0.98	1.0	0.96	0.94	1.0	0.98	1.0
14150	1.0	1.0	0.98	0.98	0.96	0.98	0.96	1.0	0.98	0.98	1.0	0.96	0.94	1.0	0.98	1.0
14200	1.0	1.0	0.98	1.0	0.94	0.98	0.96	1.0	0.98	1.0	1.0	0.96	0.92	1.0	0.98	1.0
14250	1.0	1.0	0.98	1.0	0.94	0.98	0.96	1.0	0.98	1.0	1.0	0.96	0.94	1.0	0.98	1.0
14300	1.0	1.0	0.96	1.0	0.92	0.98	0.94	1.0	0.98	1.0	1.0	0.96	0.96	1.0	0.98	1.0
14350	1.0	1.0	0.98	1.0	0.9	0.98	0.96	1.0	0.98	1.0	1.0	0.94	0.96	0.98	0.98	1.0
14400	0.98	1.0	0.98	1.0	0.9	0.98	0.96	1.0	0.98	1.0	1.0	0.94	0.96	0.98	0.98	1.0
14450	0.98	1.0	0.98	1.0	0.9	0.98	0.96	1.0	0.98	1.0	1.0	0.94	0.96	0.98	0.98	1.0
14500	0.98	1.0	0.98	1.0	0.9	0.98	0.96	1.0	0.98	1.0	1.0	0.94	0.96	0.98	0.96	1.0
14550	0.98	1.0	0.98	1.0	0.9	1.0	0.94	1.0	0.98	1.0	1.0	0.94	0.92	0.98	0.96	1.0
14600	0.98	1.0	0.98	1.0	0.9	1.0	0.94	1.0	1.0	1.0	1.0	0.94	0.92	0.98	0.96	1.0
14650	0.98	1.0	0.98	1.0	0.9	1.0	0.92	1.0	1.0	1.0	1.0	0.94	0.92	0.98	0.96	1.0
14700	0.98	1.0	0.98	1.0	0.92	1.0	0.94	1.0	1.0	1.0	1.0	0.96	0.92	0.98	0.98	1.0
14750	0.98	1.0	0.98	1.0	0.92	1.0	0.94	1.0	1.0	0.98	1.0	0.96	0.92	0.98	0.96	1.0
14800	0.96	1.0	0.98	1.0	0.92	1.0	0.94	1.0	1.0	0.98	1.0	0.96	0.94	0.98	0.96	1.0
14850	0.96	1.0	0.98	1.0	0.92	1.0	0.94	1.0	1.0	0.98	1.0	0.96	0.94	0.98	0.96	1.0
14900	0.96	1.0	0.98	1.0	0.96	1.0	0.94	1.0	1.0	0.98	1.0	0.96	0.92	0.98	0.96	1.0
14950	0.96	1.0	0.98	1.0	0.96	1.0	0.94	1.0	1.0	0.98	1.0	0.96	0.92	0.98	0.96	1.0
15000	0.96	1.0	0.98	1.0	0.98	1.0	0.94	1.0	1.0	0.98	1.0	0.96	0.94	0.98	0.96	1.0
15050	0.96	1.0	0.98	1.0	1.0	1.0	0.94	1.0	1.0	0.98	1.0	0.98	0.94	1.0	0.96	1.0
15100	0.96	1.0	1.0	0.98	1.0	1.0	0.94	1.0	1.0	0.98	1.0	0.98	0.94	1.0	0.96	1.0
15150	0.94	1.0	0.98	0.98	1.0	1.0	0.94	1.0	1.0	0.98	1.0	1.0	0.94	1.0	0.96	1.0
15200	0.94	0.98	0.96	0.98	1.0	1.0	0.96	1.0	1.0	0.96	1.0	1.0	0.94	1.0	0.96	1.0
15250	0.96	0.98	0.96	0.98	1.0	1.0	0.96	1.0	1.0	0.96	1.0	1.0	0.94	1.0	0.96	1.0
15300	0.96	0.98	0.96	0.98	1.0	1.0	0.96	1.0	1.0	0.96	1.0	0.98	0.94	1.0	0.96	1.0
15350	0.96	0.98	0.96	0.98	1.0	1.0	0.96	1.0	1.0	0.96	1.0	0.98	0.96	1.0	0.98	1.0
15400	0.96	0.98	0.94	0.98	1.0	1.0	0.98	1.0	1.0	0.96	1.0	0.98	0.96	1.0	0.98	1.0
15450	0.96	0.98	0.94	0.98	1.0	1.0	1.0	1.0	1.0	0.96	1.0	0.98	0.96	1.0	0.98	1.0
15500	0.96	0.98	0.94	0.98	1.0	1.0	1.0	0.98	1.0	0.98	1.0	0.98	0.96	1.0	0.98	1.0
15550	0.98	0.96	0.94	0.98	1.0	1.0	1.0	0.98	1.0	0.98	1.0	0.98	0.96	1.0	1.0	1.0
15600	0.98	0.96	0.94	0.98	1.0	1.0	1.0	0.98	1.0	0.98	1.0	0.98	0.98	1.0	0.98	1.0
15650	0.96	0.96	0.94	0.98	1.0	1.0	1.0	0.98	1.0	0.98	1.0	0.98	0.98	1.0	0.98	1.0
15700	0.94	0.96	0.94	0.98	1.0	1.0	1.0	0.98	1.0	0.98	1.0	0.98	0.98	1.0	0.98	1.0
15750	0.94	0.94	0.94	0.98	1.0	1.0	0.98	0.98	1.0	0.98	1.0	0.98	0.98	1.0	0.98	1.0
15800	0.94	0.94	0.94	0.98	1.0	1.0	0.98	0.98	1.0	0.98	1.0	0.98	0.98	1.0	0.98	1.0
15850	0.96	0.94	0.96	0.98	1.0	1.0	0.98	0.98	1.0	0.98	1.0	0.98	0.98	1.0	0.98	1.0
15900	0.96	0.94	0.96	0.98	1.0	1.0	0.98	0.98	1.0	0.98	1.0	0.98	0.98	1.0	0.98	1.0
15950	0.96	0.94	0.98	1.0	1.0	1.0	0.98	0.98	1.0	0.98	1.0	0.98	0.98	1.0	0.98	1.0
16000	0.96	0.96	0.96	1.0	1.0	1.0	0.96	0.98	1.0	0.98	1.0	0.98	0.96	1.0	0.98	1.0
16050	0.96	0.96	0.96	1.0	1.0	1.0	0.96	0.98	1.0	0.98	1.0	0.98	0.96	1.0	0.98	1.0
16100	0.96	0.96	0.96	1.0	1.0	1.0	0.96	0.98	1.0	1.0	1.0	1.0	0.96	1.0	0.96	1.0
16150	0.96	0.96	0.96	1.0	1.0	0.98	0.96	0.98	1.0	1.0	1.0	1.0	0.96	1.0	0.96	1.0
16200	0.96	0.96	0.96	1.0	1.0	0.98	0.96	0.96	1.0	1.0	1.0	1.0	0.96	1.0	0.94	1.0
16250	0.96	0.96	0.96	1.0	1.0	0.98	0.96	0.96	1.0	1.0	1.0	1.0	0.96	1.0	0.94	1.0
16300	0.96	0.96	0.96	1.0	1.0	0.98	0.96	0.98	1.0	1.0	1.0	1.0	0.96	1.0	0.92	1.0
16350	0.98	0.98	0.96	1.0	1.0	0.98	0.96	0.98	1.0	1.0	1.0	1.0	0.96	1.0	0.92	1.0
16400	1.0	0.98	0.96	1.0	1.0	0.98	0.96	0.98	1.0	1.0	1.0	1.0	0.96	1.0	0.92	1.0
16450	1.0	0.98	0.96	1.0	1.0	0.98	0.96	0.98	1.0	1.0	1.0	1.0	0.96	1.0	0.92	1.0
16500	1.0	0.98	0.96	1.0	1.0	0.98	0.98	0.98	1.0	1.0	1.0	1.0	0.96	1.0	0.92	1.0
16550	1.0	0.98	0.96	1.0	1.0	0.98	0.98	0.96	1.0	1.0	1.0	1.0	0.96	1.0	0.94	1.0
16600	1.0	1.0	0.96	1.0	1.0	0.98	0.98	0.94	1.0	1.0	1.0	0.98	0.96	1.0	0.94	1.0
16650	1.0	1.0	0.96	1.0	1.0	0.98	0.98	0.94	1.0	1.0	1.0	0.98	0.98	1.0	0.94	1.0
16700	1.0	1.0	0.96	1.0	1.0	0.98	0.98	0.94	1.0	1.0	1.0	0.98	0.98	0.98	0.94	1.0
16750	1.0	1.0	0.96	1.0	1.0	1.0	1.0	0.94	1.0	1.0	1.0	0.98	1.0	0.98	0.94	1.0
16800	1.0	1.0	0.96	1.0	1.0	1.0	1.0	0.94	1.0	1.0	1.0	0.98	1.0	0.98	0.94	1.0
16850	1.0	1.0	0.96	1.0	1.0	1.0	1.0	0.92	1.0	1.0	1.0	0.98	1.0	0.98	0.94	1.0
16900	1.0	1.0	0.96	1.0	1.0	1.0	1.0	0.92	1.0	1.0	1.0	0.98	1.0	0.98	0.96	1.0
16950	1.0	1.0	0.96	1.0	1.0	1.0	1.0	0.92	1.0	1.0	1.0	0.98	1.0	0.98	0.98	1.0
17000	1.0	1.0	0.96	1.0	1.0	1.0	1.0	0.94	1.0	1.0	1.0	0.98	1.0	0.98	1.0	1.0
17050	1.0	1.0	0.96	1.0	1.0	1.0	1.0	0.94	1.0	0.98	1.0	0.98	1.0	0.98	1.0	1.0
17100	1.0	1.0	0.98	1.0	1.0	1.0	1.0	0.94	1.0	0.98	1.0	0.98	0.98	0.98	1.0	1.0
17150	1.0	1.0	0.98	1.0	1.0	1.0	1.0	0.94	1.0	0.98	1.0	0.98	0.98	0.98	1.0	1.0
17200	1.0	1.0	0.98	1.0	1.0	1.0	1.0	0.94	1.0	0.98	1.0	0.98	0.98	0.98	1.0	0.98
17250	1.0	1.0	0.98	1.0	1.0	1.0	1.0	0.96	1.0	0.98	1.0	0.98	0.98	0.96	1.0	0.98
17300	1.0	0.98	0.98	1.0	1.0	1.0	1.0	0.98	1.0	0.98	1.0	0.98	0.98	0.96	1.0	0.98
17350	1.0	0.98	0.98	1.0	1.0	1.0	1.0	0.96	1.0	0.98	1.0	0.98	0.98	0.96	1.0	0.98
17400	0.98	0.98	0.98	1.0	1.0	1.0	0.98	0.96	1.0	0.98	1.0	1.0	0.98	0.94	1.0	0.98
17450	0.96	0.98	0.98	1.0	1.0	0.98	0.98	0.96	1.0	0.98	1.0	1.0	0.96	0.94	1.0	0.98
17500	0.94	0.98	0.98	1.0	1.0	0.98	0.98	0.96	1.0	0.98	1.0	1.0	0.96	0.94	0.98	0.98
17550	0.94	0.98	0.96	1.0	1.0	0.98	0.98	0.94	1.0	0.98	1.0	1.0	0.96	0.94	0.96	0.98
17600	0.94	0.98	0.96	1.0	1.0	0.98	0.96	0.96	1.0	0.98	1.0	1.0	0.96	0.94	0.96	0.98
17650	0.94	0.96	0.96	1.0	1.0	0.98	0.96	0.96	1.0	0.96	1.0	1.0	0.96	0.92	0.96	0.98
17700	0.94	0.96	0.96	1.0	0.98	0.98	0.96	0.96	1.0	0.98	1.0	1.0	0.96	0.92	0.96	0.98
17750	0.94	0.96	0.98	1.0	0.98	0.98	0.96	0.96	0.98	0.98	1.0	1.0	0.96	0.94	0.96	0.98
17800	0.94	0.94	0.96	1.0	0.98	0.98	0.96	0.96	0.98	0.98	1.0	1.0	0.96	0.94	0.96	0.98
17850	0.96	0.94	0.96	1.0	0.98	0.96	0.94	0.96	0.98	0.98	1.0	1.0	0.94	0.94	0.96	0.98
17900	0.98	0.92	0.94	1.0	0.98	0.96	0.94	0.96	0.98	0.98	1.0	1.0	0.94	0.94	0.96	0.98
17950	0.98	0.92	0.94	1.0	0.98	0.96	0.94	0.96	0.98	0.98	1.0	1.0	0.96	0.94	0.96	0.98
18000	1.0	0.92	0.94	1.0	0.98	0.96	0.94	0.96	0.98	0.98	1.0	1.0	0.96	0.94	0.96	0.98
18050	0.98	0.92	0.94	1.0	0.98	0.96	0.94	0.96	0.98	0.98	1.0	1.0	0.96	0.94	0.96	0.98
18100	0.98	0.92	0.94	1.0	0.98	0.96	0.94	0.96	0.98	0.98	1.0	1.0	0.96	0.96	0.96	1.0
18150	0.96	0.92	0.94	1.0	0.98	0.98	0.94	0.96	0.98	0.98	1.0	1.0	0.94	0.96	0.96	1.0
18200	0.96	0.92	0.94	1.0	0.98	0.98	0.94	0.96	0.98	0.98	1.0	1.0	0.94	0.98	0.96	1.0
18250	0.96	0.94	0.96	1.0	0.98	0.98	0.94	0.96	0.98	0.98	1.0	1.0	0.94	0.98	0.96	1.0
18300	0.96	0.94	0.96	1.0	0.98	0.98	0.96	0.96	0.98	0.98	1.0	1.0	0.94	0.98	0.98	1.0
18350	0.96	0.94	0.96	1.0	1.0	0.98	0.96	0.98	0.98	0.98	1.0	0.98	0.94	0.98	0.98	1.0
18400	0.96	0.94	0.96	1.0	1.0	0.98	0.96	0.98	0.98	0.98	1.0	0.98	0.96	1.0	0.98	1.0
18450	0.96	0.94	0.96	1.0	1.0	1.0	0.96	0.98	0.98	0.98	1.0	0.98	0.96	1.0	0.98	1.0
18500	0.96	0.94	0.96	1.0	1.0	1.0	0.96	0.98	0.98	0.98	1.0	0.98	0.96	1.0	0.98	1.0
18550	0.96	0.96	0.96	1.0	1.0	1.0	0.96	0.96	0.98	0.98	1.0	0.98	0.98	1.0	0.98	1.0
18600	0.96	0.96	0.96	1.0	1.0	1.0	0.98	0.96	1.0	0.96	1.0	0.98	0.98	1.0	0.98	1.0
18650	0.96	0.96	0.98	1.0	1.0	1.0	0.98	0.96	1.0	0.96	1.0	0.98	0.98	1.0	0.98	1.0
18700	0.98	0.96	0.98	0.98	1.0	1.0	0.98	0.96	1.0	0.96	1.0	0.98	0.98	1.0	0.98	1.0
18750	0.98	0.98	0.98	0.98	1.0	1.0	0.98	0.96	1.0	0.96	1.0	0.98	0.96	1.0	0.98	1.0
18800	0.98	0.98	0.98	0.98	1.0	0.98	0.98	0.96	1.0	0.94	1.0	0.98	0.96	1.0	0.98	1.0
18850	0.98	1.0	0.98	0.96	1.0	0.98	0.98	0.98	1.0	0.94	1.0	0.98	0.96	1.0	0.98	1.0
18900	0.98	1.0	1.0	0.96	1.0	0.98	0.98	0.98	1.0	0.94	1.0	0.98	0.96	1.0	0.98	1.0
18950	0.98	1.0	1.0	0.96	1.0	0.98	0.98	0.98	1.0	0.94	1.0	0.98	0.98	1.0	0.96	1.0
19000	0.98	1.0	0.98	0.96	1.0	0.98	0.98	0.98	1.0	0.94	1.0	0.98	0.98	1.0	0.96	1.0
19050	0.98	1.0	0.98	0.96	1.0	0.98	0.98	0.98	1.0	0.94	1.0	0.98	0.98	1.0	0.96	1.0
19100	0.98	1.0	0.98	0.96	1.0	0.98	1.0	0.98	1.0	0.94	1.0	1.0	0.98	1.0	0.96	1.0
19150	0.98	0.98	0.96	0.96	1.0	0.98	1.0	0.98	1.0	0.96	1.0	1.0	0.98	1.0	0.96	1.0
19200	0.98	0.98	0.96	0.96	1.0	0.98	1.0	0.98	1.0	0.94	1.0	1.0	0.98	1.0	0.96	1.0
19250	0.98	0.98	0.96	0.96	1.0	0.98	1.0	0.98	1.0	0.96	1.0	1.0	0.98	1.0	0.96	1.0
19300	0.98	0.98	0.96	0.96	1.0	0.98	0.98	0.98	1.0	0.96	1.0	1.0	0.98	1.0	0.96	1.0
19350	0.96	0.98	0.96	0.96	1.0	0.98	0.98	0.98	1.0	0.98	1.0	1.0	0.98	1.0	0.96	1.0
19400	0.96	0.98	0.94	0.96	1.0	0.98	0.98	0.98	1.0	0.98	1.0	1.0	0.98	1.0	0.98	1.0
19450	0.94	0.98	0.94	0.98	1.0	0.98	0.98	0.98	1.0	0.98	1.0	1.0	0.98	1.0	0.98	1.0
19500	0.94	0.98	0.94	0.98	1.0	0.98	0.98	0.98	1.0	0.98	1.0	1.0	1.0	1.0	0.98	1.0
19550	0.94	0.98	0.92	0.98	1.0	0.98	0.98	0.98	1.0	0.98	1.0	1.0	1.0	1.0	0.98	1.0
19600	0.92	0.98	0.92	0.98	1.0	1.0	0.98	0.98	1.0	0.98	1.0	1.0	1.0	1.0	0.98	1.0
19650	0.92	0.98	0.94	0.98	0.98	1.0	0.98	0.98	1.0	0.98	1.0	1.0	1.0	1.0	0.98	1.0
19700	0.92	0.98	0.94	0.98	0.98	1.0	0.98	0.98	0.98	0.98	1.0	1.0	0.98	1.0	0.98	1.0
19750	0.9	0.98	0.94	0.98	0.98	1.0	0.98	0.98	0.98	0.98	1.0	0.98	0.96	1.0	0.98	1.0
19800	0.9	0.98	0.94	0.98	0.98	1.0	0.98	0.98	0.98	0.98	1.0	0.98	0.96	1.0	0.98	1.0
19850	0.9	0.98	0.94	0.98	0.98	1.0	0.98	0.98	0.98	1.0	1.0	0.98	0.96	1.0	0.98	1.0
19900	0.9	0.98	0.94	0.98	0.98	1.0	0.98	0.98	0.98	1.0	1.0	0.96	0.96	1.0	0.98	0.98
19950	0.88	0.98	0.94	0.98	0.98	1.0	0.98	0.98	0.98	1.0	1.0	0.96	0.96	1.0	0.98	0.98
20000	0.9	0.98	0.94	0.98	0.98	1.0	0.98	0.98	0.98	1.0	1.0	0.96	0.96	1.0	0.98	0.98
