0	0.0	0.0	0.0	0.0	0.0	0.0	0.0	0.0	0.0	0.0	0.0	0.0	0.0	0.0	0.0	0.0
50	0.833333333333	0.0	0.0	0.0	0.25	0.0	0.0	0.0	0.0	0.0	0.0	0.0	0.0	0.0	0.0	0.0
100	1.0	0.0	0.2	0.0	0.2	0.333333333333	0.0	0.166666666667	0.0	0.2	0.0	0.4	0.333333333333	0.2	0.0	0.0
150	0.94	0.428571428571	0.166666666667	0.0	0.428571428571	0.333333333333	0.0	0.285714285714	0.2	0.333333333333	0.2	0.333333333333	0.5	0.333333333333	0.0	0.0
200	0.96	0.444444444444	0.142857142857	0.0	0.428571428571	0.555555555556	0.428571428571	0.5	0.2	0.375	0.2	0.333333333333	0.6	0.428571428571	0.0	0.0
250	0.98	0.444444444444	0.333333333333	0.2	0.5	0.555555555556	0.375	0.583333333333	0.5	0.444444444444	0.428571428571	0.333333333333	0.6	0.5	0.4	0.333333333333
300	0.96	0.5	0.333333333333	0.2	0.555555555556	0.636363636364	0.375	0.583333333333	0.5	0.4	0.555555555556	0.428571428571	0.6	0.5	0.333333333333	0.285714285714
350	0.96	0.538461538462	0.4	0.375	0.555555555556	0.636363636364	0.444444444444	0.615384615385	0.5	0.4	0.555555555556	0.6	0.666666666667	0.6	0.285714285714	0.375
400	0.98	0.571428571429	0.4	0.5	0.545454545455	0.714285714286	0.444444444444	0.642857142857	0.6	0.4	0.636363636364	0.636363636364	0.666666666667	0.6	0.285714285714	0.333333333333
450	1.0	0.6	0.454545454545	0.545454545455	0.583333333333	0.75	0.5	0.666666666667	0.636363636364	0.4	0.636363636364	0.692307692308	0.714285714286	0.6	0.375	0.333333333333
500	1.0	0.6	0.5	0.666666666667	0.642857142857	0.75	0.454545454545	0.666666666667	0.636363636364	0.4	0.714285714286	0.733333333333	0.714285714286	0.615384615385	0.375	0.4
550	0.94	0.6	0.5	0.6875	0.666666666667	0.75	0.5	0.666666666667	0.692307692308	0.454545454545	0.733333333333	0.75	0.714285714286	0.642857142857	0.5	0.4
600	0.98	0.6	0.5	0.705882352941	0.6875	0.777777777778	0.5	0.6875	0.692307692308	0.571428571429	0.75	0.75	0.714285714286	0.666666666667	0.545454545455	0.454545454545
650	1.0	0.647058823529	0.5	0.705882352941	0.6875	0.789473684211	0.571428571429	0.6875	0.714285714286	0.625	0.75	0.764705882353	0.733333333333	0.666666666667	0.545454545455	0.416666666667
700	0.98	0.666666666667	0.5	0.722222222222	0.722222222222	0.809523809524	0.6	0.6875	0.714285714286	0.647058823529	0.777777777778	0.777777777778	0.733333333333	0.666666666667	0.538461538462	0.461538461538
750	0.96	0.684210526316	0.538461538462	0.722222222222	0.736842105263	0.809523809524	0.666666666667	0.6875	0.733333333333	0.666666666667	0.789473684211	0.789473684211	0.733333333333	0.666666666667	0.538461538462	0.5
800	0.92	0.7	0.538461538462	0.722222222222	0.75	0.818181818182	0.666666666667	0.722222222222	0.733333333333	0.684210526316	0.8	0.789473684211	0.733333333333	0.666666666667	0.571428571429	0.588235294118
850	0.96	0.7	0.538461538462	0.736842105263	0.75	0.826086956522	0.666666666667	0.722222222222	0.75	0.714285714286	0.8	0.789473684211	0.733333333333	0.6875	0.6	0.611111111111
900	1.0	0.7	0.6	0.75	0.761904761905	0.846153846154	0.684210526316	0.75	0.75	0.714285714286	0.809523809524	0.789473684211	0.733333333333	0.736842105263	0.6	0.578947368421
950	0.96	0.7	0.625	0.75	0.772727272727	0.846153846154	0.7	0.75	0.75	0.727272727273	0.809523809524	0.8	0.75	0.75	0.6	0.6
1000	0.94	0.7	0.684210526316	0.782608695652	0.772727272727	0.846153846154	0.714285714286	0.75	0.764705882353	0.727272727273	0.809523809524	0.8	0.764705882353	0.75	0.647058823529	0.636363636364
1050	0.94	0.7	0.684210526316	0.782608695652	0.772727272727	0.846153846154	0.727272727273	0.75	0.777777777778	0.739130434783	0.809523809524	0.8	0.777777777778	0.772727272727	0.684210526316	0.666666666667
1100	0.98	0.7	0.684210526316	0.791666666667	0.782608695652	0.851851851852	0.75	0.75	0.777777777778	0.739130434783	0.818181818182	0.809523809524	0.777777777778	0.782608695652	0.684210526316	0.692307692308
1150	0.96	0.727272727273	0.7	0.8	0.782608695652	0.857142857143	0.75	0.761904761905	0.789473684211	0.739130434783	0.826086956522	0.818181818182	0.8	0.782608695652	0.727272727273	0.692307692308
1200	0.96	0.739130434783	0.75	0.814814814815	0.782608695652	0.857142857143	0.75	0.761904761905	0.789473684211	0.739130434783	0.833333333333	0.818181818182	0.809523809524	0.782608695652	0.739130434783	0.692307692308
1250	0.96	0.739130434783	0.76	0.821428571429	0.782608695652	0.857142857143	0.75	0.772727272727	0.8	0.75	0.833333333333	0.826086956522	0.818181818182	0.782608695652	0.739130434783	0.703703703704
1300	0.98	0.75	0.769230769231	0.821428571429	0.791666666667	0.862068965517	0.75	0.772727272727	0.818181818182	0.75	0.84	0.826086956522	0.826086956522	0.782608695652	0.739130434783	0.714285714286
1350	0.98	0.75	0.777777777778	0.827586206897	0.8	0.862068965517	0.76	0.772727272727	0.818181818182	0.75	0.846153846154	0.826086956522	0.833333333333	0.782608695652	0.739130434783	0.733333333333
1400	0.94	0.75	0.777777777778	0.833333333333	0.8	0.862068965517	0.76	0.772727272727	0.818181818182	0.76	0.846153846154	0.826086956522	0.84	0.782608695652	0.739130434783	0.741935483871
1450	1.0	0.75	0.777777777778	0.833333333333	0.814814814815	0.862068965517	0.777777777778	0.772727272727	0.818181818182	0.777777777778	0.846153846154	0.826086956522	0.846153846154	0.807692307692	0.75	0.741935483871
1500	0.98	0.769230769231	0.785714285714	0.833333333333	0.814814814815	0.862068965517	0.785714285714	0.791666666667	0.818181818182	0.785714285714	0.846153846154	0.826086956522	0.851851851852	0.807692307692	0.76	0.75
1550	0.98	0.777777777778	0.793103448276	0.838709677419	0.814814814815	0.862068965517	0.8	0.8	0.818181818182	0.793103448276	0.846153846154	0.833333333333	0.857142857143	0.807692307692	0.76	0.764705882353
1600	1.0	0.777777777778	0.793103448276	0.84375	0.821428571429	0.862068965517	0.8	0.8	0.833333333333	0.8	0.846153846154	0.84	0.857142857143	0.814814814815	0.76	0.764705882353
1650	0.96	0.785714285714	0.8	0.84375	0.827586206897	0.862068965517	0.8125	0.8	0.833333333333	0.806451612903	0.851851851852	0.846153846154	0.857142857143	0.814814814815	0.769230769231	0.764705882353
1700	0.96	0.785714285714	0.806451612903	0.84375	0.827586206897	0.862068965517	0.8125	0.8	0.84	0.8125	0.851851851852	0.846153846154	0.862068965517	0.821428571429	0.777777777778	0.764705882353
1750	0.96	0.8	0.8125	0.852941176471	0.833333333333	0.866666666667	0.823529411765	0.821428571429	0.84	0.818181818182	0.851851851852	0.851851851852	0.862068965517	0.833333333333	0.777777777778	0.771428571429
1800	0.96	0.806451612903	0.8125	0.857142857143	0.833333333333	0.870967741935	0.828571428571	0.821428571429	0.84	0.818181818182	0.851851851852	0.851851851852	0.862068965517	0.833333333333	0.777777777778	0.777777777778
1850	1.0	0.8125	0.8125	0.861111111111	0.84375	0.870967741935	0.833333333333	0.821428571429	0.84	0.818181818182	0.851851851852	0.862068965517	0.862068965517	0.838709677419	0.785714285714	0.783783783784
1900	1.0	0.8125	0.818181818182	0.864864864865	0.84375	0.870967741935	0.842105263158	0.821428571429	0.84	0.818181818182	0.857142857143	0.862068965517	0.866666666667	0.84375	0.793103448276	0.783783783784
1950	0.98	0.828571428571	0.818181818182	0.864864864865	0.848484848485	0.875	0.846153846154	0.838709677419	0.846153846154	0.823529411765	0.866666666667	0.875	0.866666666667	0.84375	0.806451612903	0.783783783784
2000	0.96	0.828571428571	0.818181818182	0.868421052632	0.852941176471	0.878787878788	0.853658536585	0.838709677419	0.857142857143	0.823529411765	0.870967741935	0.878787878788	0.866666666667	0.852941176471	0.8125	0.783783783784
2050	0.96	0.828571428571	0.823529411765	0.868421052632	0.857142857143	0.882352941176	0.860465116279	0.838709677419	0.857142857143	0.823529411765	0.870967741935	0.878787878788	0.875	0.857142857143	0.8125	0.783783783784
2100	0.96	0.842105263158	0.823529411765	0.871794871795	0.861111111111	0.885714285714	0.860465116279	0.838709677419	0.857142857143	0.823529411765	0.888888888889	0.882352941176	0.875	0.861111111111	0.8125	0.789473684211
2150	1.0	0.842105263158	0.828571428571	0.871794871795	0.861111111111	0.885714285714	0.860465116279	0.84375	0.862068965517	0.833333333333	0.888888888889	0.882352941176	0.878787878788	0.861111111111	0.8125	0.794871794872
2200	0.98	0.85	0.828571428571	0.871794871795	0.861111111111	0.888888888889	0.860465116279	0.84375	0.866666666667	0.837837837838	0.888888888889	0.885714285714	0.882352941176	0.861111111111	0.818181818182	0.8
2250	1.0	0.85	0.833333333333	0.875	0.864864864865	0.891891891892	0.860465116279	0.84375	0.875	0.842105263158	0.888888888889	0.885714285714	0.885714285714	0.861111111111	0.823529411765	0.80487804878
2300	1.0	0.853658536585	0.837837837838	0.875	0.868421052632	0.894736842105	0.860465116279	0.84375	0.878787878788	0.85	0.888888888889	0.885714285714	0.888888888889	0.861111111111	0.823529411765	0.80487804878
2350	0.98	0.853658536585	0.842105263158	0.875	0.875	0.894736842105	0.863636363636	0.84375	0.878787878788	0.85	0.888888888889	0.885714285714	0.894736842105	0.864864864865	0.828571428571	0.809523809524
2400	0.96	0.857142857143	0.842105263158	0.875	0.875	0.9	0.863636363636	0.84375	0.888888888889	0.853658536585	0.888888888889	0.885714285714	0.894736842105	0.864864864865	0.828571428571	0.809523809524
2450	0.98	0.863636363636	0.846153846154	0.878048780488	0.878048780488	0.906976744186	0.863636363636	0.84375	0.894736842105	0.853658536585	0.888888888889	0.891891891892	0.894736842105	0.864864864865	0.833333333333	0.809523809524
2500	0.96	0.866666666667	0.846153846154	0.880952380952	0.880952380952	0.909090909091	0.866666666667	0.84375	0.894736842105	0.860465116279	0.891891891892	0.897435897436	0.894736842105	0.864864864865	0.833333333333	0.809523809524
2550	0.94	0.869565217391	0.846153846154	0.880952380952	0.880952380952	0.909090909091	0.866666666667	0.84375	0.894736842105	0.860465116279	0.891891891892	0.897435897436	0.897435897436	0.868421052632	0.837837837838	0.809523809524
2600	0.98	0.872340425532	0.846153846154	0.880952380952	0.880952380952	0.909090909091	0.866666666667	0.852941176471	0.894736842105	0.860465116279	0.891891891892	0.90243902439	0.9	0.868421052632	0.842105263158	0.809523809524
2650	0.94	0.872340425532	0.846153846154	0.880952380952	0.880952380952	0.909090909091	0.866666666667	0.852941176471	0.894736842105	0.866666666667	0.894736842105	0.90243902439	0.904761904762	0.871794871795	0.842105263158	0.809523809524
2700	0.96	0.872340425532	0.846153846154	0.880952380952	0.886363636364	0.909090909091	0.866666666667	0.857142857143	0.894736842105	0.866666666667	0.897435897436	0.90243902439	0.904761904762	0.875	0.842105263158	0.809523809524
2750	1.0	0.872340425532	0.846153846154	0.880952380952	0.886363636364	0.909090909091	0.869565217391	0.857142857143	0.894736842105	0.866666666667	0.897435897436	0.904761904762	0.904761904762	0.875	0.842105263158	0.809523809524
2800	0.98	0.872340425532	0.853658536585	0.880952380952	0.886363636364	0.909090909091	0.869565217391	0.857142857143	0.894736842105	0.872340425532	0.897435897436	0.906976744186	0.906976744186	0.875	0.842105263158	0.809523809524
2850	0.98	0.872340425532	0.857142857143	0.883720930233	0.886363636364	0.909090909091	0.875	0.861111111111	0.894736842105	0.875	0.897435897436	0.906976744186	0.911111111111	0.875	0.85	0.809523809524
2900	1.0	0.872340425532	0.860465116279	0.883720930233	0.886363636364	0.909090909091	0.9	0.861111111111	0.894736842105	0.877551020408	0.9	0.906976744186	0.911111111111	0.880952380952	0.85	0.809523809524
2950	0.9	0.872340425532	0.863636363636	0.886363636364	0.888888888889	0.911111111111	0.92	0.861111111111	0.894736842105	0.877551020408	0.90243902439	0.909090909091	0.913043478261	0.880952380952	0.85	0.809523809524
3000	0.98	0.872340425532	0.863636363636	0.888888888889	0.888888888889	0.911111111111	0.92	0.861111111111	0.897435897436	0.877551020408	0.90243902439	0.909090909091	0.913043478261	0.880952380952	0.857142857143	0.813953488372
3050	0.92	0.875	0.863636363636	0.888888888889	0.888888888889	0.913043478261	0.92	0.861111111111	0.90243902439	0.877551020408	0.904761904762	0.909090909091	0.913043478261	0.883720930233	0.860465116279	0.813953488372
3100	0.98	0.88	0.869565217391	0.891304347826	0.888888888889	0.914893617021	0.92	0.861111111111	0.906976744186	0.877551020408	0.906976744186	0.909090909091	0.914893617021	0.883720930233	0.863636363636	0.818181818182
3150	0.94	0.9	0.869565217391	0.891304347826	0.888888888889	0.918367346939	0.92	0.864864864865	0.909090909091	0.88	0.909090909091	0.909090909091	0.916666666667	0.886363636364	0.863636363636	0.818181818182
3200	0.98	0.92	0.872340425532	0.897959183673	0.893617021277	0.918367346939	0.92	0.864864864865	0.911111111111	0.92	0.911111111111	0.911111111111	0.918367346939	0.888888888889	0.869565217391	0.822222222222
3250	0.94	0.92	0.872340425532	0.92	0.895833333333	0.918367346939	0.94	0.868421052632	0.911111111111	0.94	0.911111111111	0.913043478261	0.96	0.888888888889	0.869565217391	0.826086956522
3300	0.98	0.92	0.872340425532	0.96	0.895833333333	0.92	0.94	0.871794871795	0.914893617021	0.96	0.913043478261	0.914893617021	0.98	0.891304347826	0.869565217391	0.826086956522
3350	0.92	0.92	0.872340425532	0.96	0.897959183673	0.94	0.96	0.878048780488	0.918367346939	0.96	0.913043478261	0.916666666667	0.98	0.893617021277	0.872340425532	0.829787234043
3400	1.0	0.94	0.877551020408	0.98	0.9	0.94	0.96	0.883720930233	0.94	0.96	0.913043478261	0.92	1.0	0.895833333333	0.875	0.833333333333
3450	0.98	0.94	0.877551020408	0.98	0.94	0.94	0.96	0.886363636364	0.94	0.96	0.916666666667	0.96	1.0	0.897959183673	0.88	0.836734693878
3500	1.0	0.94	0.94	0.98	0.94	0.94	0.96	0.888888888889	0.96	0.96	0.918367346939	0.98	1.0	0.9	0.88	0.836734693878
3550	1.0	0.94	0.96	0.98	0.96	0.98	0.96	0.893617021277	0.96	0.98	0.92	0.98	1.0	0.92	0.88	0.84
3600	1.0	0.98	0.98	0.98	0.98	0.98	0.96	0.893617021277	0.98	0.98	0.92	0.98	1.0	0.94	0.9	0.84
3650	1.0	0.98	1.0	0.98	0.98	0.98	0.96	0.895833333333	1.0	0.98	0.94	1.0	1.0	0.96	0.9	0.84
3700	1.0	0.98	1.0	0.98	0.98	1.0	0.96	0.9	1.0	0.98	0.94	1.0	1.0	0.98	0.92	0.84
3750	1.0	0.98	1.0	1.0	0.98	1.0	0.96	0.9	1.0	1.0	0.96	1.0	1.0	0.98	0.92	0.86
3800	1.0	0.98	1.0	1.0	0.98	1.0	0.98	0.92	1.0	1.0	0.96	1.0	1.0	0.98	0.94	0.86
3850	0.96	0.98	1.0	1.0	0.98	1.0	0.98	0.94	1.0	1.0	0.98	1.0	1.0	0.98	0.98	0.88
3900	0.98	1.0	1.0	1.0	0.98	1.0	0.98	0.96	1.0	1.0	0.98	1.0	1.0	0.98	0.98	0.88
3950	0.98	1.0	1.0	1.0	0.98	1.0	0.98	0.96	1.0	1.0	0.98	1.0	1.0	0.98	0.98	0.92
4000	1.0	1.0	1.0	1.0	0.98	1.0	1.0	0.98	1.0	1.0	1.0	1.0	1.0	0.98	1.0	0.92
4050	0.94	1.0	1.0	1.0	0.98	1.0	1.0	0.98	1.0	1.0	1.0	1.0	1.0	0.98	1.0	0.94
4100	1.0	1.0	1.0	1.0	0.98	1.0	1.0	1.0	1.0	1.0	1.0	1.0	1.0	0.98	1.0	0.94
4150	1.0	1.0	1.0	1.0	0.98	1.0	1.0	1.0	1.0	1.0	1.0	1.0	1.0	0.98	1.0	0.94
4200	0.98	1.0	1.0	1.0	1.0	1.0	1.0	1.0	1.0	1.0	1.0	1.0	1.0	1.0	1.0	0.96
4250	0.96	1.0	1.0	1.0	1.0	1.0	1.0	1.0	1.0	1.0	1.0	1.0	1.0	1.0	1.0	0.96
4300	1.0	1.0	1.0	1.0	1.0	1.0	1.0	1.0	1.0	1.0	1.0	1.0	1.0	1.0	1.0	0.96
4350	0.96	1.0	1.0	1.0	1.0	1.0	1.0	1.0	1.0	1.0	1.0	1.0	1.0	1.0	1.0	0.96
4400	1.0	1.0	1.0	1.0	1.0	1.0	1.0	1.0	1.0	1.0	1.0	1.0	1.0	1.0	1.0	0.96
4450	0.94	1.0	1.0	1.0	1.0	1.0	1.0	1.0	1.0	1.0	1.0	1.0	1.0	1.0	1.0	0.98
4500	0.96	1.0	1.0	1.0	1.0	1.0	1.0	1.0	1.0	1.0	1.0	1.0	1.0	1.0	1.0	0.98
4550	0.96	1.0	1.0	1.0	1.0	1.0	1.0	1.0	1.0	1.0	1.0	1.0	1.0	1.0	1.0	0.98
4600	0.98	1.0	1.0	1.0	1.0	1.0	1.0	1.0	1.0	1.0	1.0	1.0	1.0	1.0	1.0	0.98
4650	0.96	1.0	1.0	1.0	1.0	1.0	1.0	1.0	1.0	1.0	1.0	1.0	1.0	1.0	1.0	0.98
4700	1.0	1.0	1.0	1.0	1.0	1.0	1.0	1.0	1.0	1.0	1.0	1.0	1.0	1.0	1.0	0.98
4750	1.0	1.0	1.0	1.0	1.0	1.0	1.0	1.0	1.0	1.0	1.0	1.0	1.0	1.0	1.0	0.98
4800	1.0	1.0	1.0	1.0	1.0	1.0	1.0	1.0	1.0	1.0	1.0	1.0	1.0	1.0	1.0	0.98
4850	0.96	1.0	1.0	1.0	1.0	1.0	1.0	1.0	1.0	1.0	1.0	1.0	1.0	1.0	1.0	0.98
4900	0.98	1.0	1.0	1.0	1.0	1.0	1.0	1.0	1.0	1.0	1.0	1.0	1.0	1.0	1.0	0.98
4950	0.88	1.0	1.0	1.0	1.0	1.0	1.0	1.0	1.0	1.0	1.0	1.0	1.0	1.0	1.0	0.98
5000	0.98	1.0	1.0	1.0	1.0	1.0	1.0	1.0	1.0	1.0	1.0	1.0	1.0	1.0	1.0	0.98
5050	1.0	1.0	1.0	1.0	1.0	1.0	1.0	1.0	1.0	1.0	1.0	1.0	1.0	1.0	1.0	0.98
5100	0.98	1.0	1.0	1.0	1.0	1.0	1.0	1.0	1.0	1.0	1.0	1.0	1.0	1.0	1.0	0.98
5150	0.94	1.0	1.0	1.0	1.0	1.0	1.0	1.0	1.0	1.0	1.0	1.0	1.0	1.0	1.0	0.98
5200	0.98	1.0	1.0	1.0	1.0	1.0	1.0	1.0	1.0	1.0	1.0	1.0	1.0	1.0	1.0	0.98
5250	0.96	1.0	1.0	1.0	1.0	1.0	1.0	1.0	1.0	1.0	1.0	1.0	1.0	1.0	1.0	1.0
5300	1.0	1.0	1.0	1.0	1.0	1.0	1.0	1.0	1.0	1.0	1.0	1.0	1.0	1.0	1.0	1.0
5350	1.0	1.0	1.0	1.0	1.0	1.0	1.0	1.0	1.0	1.0	1.0	1.0	1.0	1.0	1.0	1.0
5400	1.0	1.0	1.0	1.0	1.0	1.0	1.0	1.0	1.0	1.0	1.0	1.0	1.0	1.0	1.0	1.0
5450	0.98	1.0	1.0	1.0	1.0	1.0	1.0	1.0	1.0	1.0	1.0	1.0	1.0	1.0	1.0	1.0
5500	1.0	1.0	1.0	1.0	1.0	1.0	1.0	1.0	1.0	1.0	1.0	1.0	1.0	1.0	1.0	1.0
5550	0.98	1.0	1.0	1.0	1.0	1.0	1.0	1.0	1.0	1.0	1.0	1.0	1.0	1.0	1.0	1.0
5600	1.0	1.0	1.0	1.0	1.0	1.0	1.0	1.0	1.0	1.0	1.0	1.0	1.0	1.0	1.0	1.0
5650	1.0	1.0	1.0	1.0	1.0	1.0	1.0	1.0	1.0	1.0	1.0	1.0	1.0	1.0	1.0	1.0
5700	1.0	1.0	1.0	1.0	1.0	1.0	1.0	1.0	1.0	1.0	1.0	1.0	1.0	1.0	1.0	1.0
5750	0.98	1.0	1.0	1.0	1.0	1.0	1.0	1.0	1.0	1.0	1.0	1.0	1.0	1.0	1.0	1.0
5800	0.96	1.0	1.0	1.0	1.0	1.0	1.0	1.0	1.0	1.0	1.0	1.0	1.0	1.0	1.0	1.0
5850	1.0	1.0	1.0	1.0	1.0	1.0	1.0	1.0	1.0	1.0	1.0	1.0	1.0	1.0	1.0	1.0
5900	1.0	1.0	1.0	1.0	1.0	1.0	1.0	1.0	1.0	1.0	1.0	1.0	1.0	1.0	1.0	1.0
5950	1.0	1.0	1.0	1.0	1.0	1.0	1.0	1.0	1.0	1.0	1.0	1.0	1.0	1.0	1.0	1.0
6000	1.0	1.0	1.0	1.0	1.0	1.0	1.0	1.0	1.0	1.0	1.0	1.0	1.0	1.0	1.0	1.0
6050	1.0	1.0	1.0	1.0	1.0	1.0	1.0	1.0	1.0	1.0	1.0	1.0	1.0	1.0	1.0	1.0
6100	1.0	1.0	1.0	1.0	1.0	1.0	1.0	1.0	1.0	1.0	1.0	1.0	1.0	1.0	1.0	1.0
6150	0.98	1.0	1.0	1.0	1.0	1.0	1.0	1.0	1.0	1.0	1.0	1.0	1.0	1.0	1.0	1.0
6200	0.96	1.0	1.0	1.0	1.0	1.0	1.0	1.0	1.0	1.0	1.0	1.0	1.0	1.0	1.0	1.0
6250	0.98	1.0	1.0	1.0	1.0	1.0	1.0	1.0	1.0	1.0	1.0	1.0	1.0	1.0	1.0	1.0
6300	1.0	1.0	1.0	1.0	1.0	1.0	1.0	1.0	1.0	1.0	1.0	1.0	1.0	1.0	1.0	1.0
6350	0.96	1.0	1.0	1.0	1.0	1.0	1.0	1.0	1.0	1.0	1.0	1.0	1.0	1.0	1.0	1.0
6400	0.94	1.0	1.0	1.0	1.0	1.0	1.0	1.0	1.0	1.0	1.0	1.0	1.0	1.0	1.0	1.0
6450	0.98	1.0	1.0	1.0	1.0	1.0	1.0	1.0	1.0	1.0	1.0	1.0	1.0	1.0	1.0	1.0
6500	1.0	1.0	1.0	1.0	1.0	1.0	1.0	1.0	1.0	1.0	1.0	1.0	1.0	1.0	1.0	1.0
6550	0.98	1.0	1.0	1.0	1.0	1.0	1.0	1.0	1.0	1.0	1.0	1.0	1.0	1.0	1.0	1.0
6600	1.0	1.0	1.0	1.0	1.0	1.0	1.0	1.0	1.0	1.0	1.0	1.0	1.0	1.0	1.0	1.0
6650	1.0	1.0	1.0	1.0	1.0	1.0	1.0	1.0	1.0	1.0	1.0	1.0	1.0	1.0	1.0	1.0
6700	0.96	1.0	1.0	1.0	1.0	1.0	1.0	1.0	1.0	1.0	1.0	1.0	1.0	1.0	1.0	1.0
6750	0.98	1.0	1.0	1.0	1.0	1.0	1.0	1.0	1.0	1.0	1.0	1.0	1.0	1.0	1.0	1.0
6800	0.98	1.0	1.0	1.0	1.0	1.0	1.0	1.0	1.0	1.0	1.0	1.0	1.0	1.0	1.0	1.0
6850	0.96	1.0	1.0	1.0	1.0	1.0	1.0	1.0	1.0	1.0	1.0	1.0	1.0	1.0	1.0	1.0
6900	0.96	1.0	1.0	1.0	1.0	1.0	1.0	1.0	1.0	1.0	1.0	1.0	1.0	1.0	1.0	1.0
6950	1.0	1.0	1.0	1.0	1.0	1.0	1.0	1.0	1.0	1.0	1.0	1.0	1.0	1.0	1.0	1.0
7000	0.98	1.0	1.0	1.0	1.0	1.0	1.0	1.0	1.0	1.0	1.0	1.0	1.0	1.0	1.0	1.0
7050	1.0	1.0	1.0	1.0	1.0	1.0	1.0	1.0	1.0	1.0	1.0	1.0	1.0	1.0	1.0	1.0
7100	1.0	1.0	1.0	1.0	1.0	1.0	1.0	1.0	1.0	1.0	1.0	1.0	1.0	1.0	1.0	1.0
7150	0.98	1.0	1.0	1.0	1.0	1.0	1.0	1.0	1.0	1.0	1.0	1.0	1.0	1.0	1.0	1.0
7200	1.0	1.0	1.0	1.0	1.0	1.0	1.0	1.0	1.0	1.0	1.0	1.0	1.0	1.0	1.0	1.0
7250	0.94	1.0	1.0	1.0	1.0	1.0	1.0	1.0	1.0	1.0	1.0	1.0	1.0	1.0	1.0	1.0
7300	1.0	1.0	1.0	1.0	1.0	1.0	1.0	1.0	1.0	1.0	1.0	1.0	1.0	1.0	1.0	1.0
7350	1.0	1.0	1.0	1.0	1.0	1.0	1.0	1.0	1.0	1.0	1.0	1.0	1.0	1.0	1.0	1.0
7400	0.98	1.0	1.0	1.0	1.0	1.0	1.0	1.0	1.0	1.0	1.0	1.0	1.0	1.0	1.0	1.0
7450	1.0	1.0	1.0	1.0	1.0	1.0	1.0	1.0	1.0	1.0	1.0	1.0	1.0	1.0	1.0	1.0
7500	1.0	1.0	1.0	1.0	1.0	1.0	1.0	1.0	1.0	1.0	1.0	1.0	1.0	1.0	1.0	1.0
7550	1.0	1.0	1.0	1.0	1.0	1.0	1.0	1.0	1.0	1.0	1.0	1.0	1.0	1.0	1.0	1.0
7600	0.98	1.0	1.0	1.0	1.0	1.0	1.0	1.0	1.0	1.0	1.0	1.0	1.0	1.0	1.0	1.0
7650	0.96	1.0	1.0	1.0	1.0	1.0	1.0	1.0	1.0	1.0	1.0	1.0	1.0	1.0	1.0	1.0
7700	0.98	1.0	1.0	1.0	1.0	1.0	1.0	1.0	1.0	1.0	1.0	1.0	1.0	1.0	1.0	1.0
7750	1.0	1.0	1.0	1.0	1.0	1.0	1.0	1.0	1.0	1.0	1.0	1.0	1.0	1.0	1.0	1.0
7800	0.98	1.0	1.0	1.0	1.0	1.0	1.0	1.0	1.0	1.0	1.0	1.0	1.0	1.0	1.0	1.0
7850	0.94	1.0	1.0	1.0	1.0	1.0	1.0	1.0	1.0	1.0	1.0	1.0	1.0	1.0	1.0	1.0
7900	0.98	1.0	1.0	1.0	1.0	1.0	1.0	1.0	1.0	1.0	1.0	1.0	1.0	1.0	1.0	1.0
7950	1.0	1.0	1.0	1.0	1.0	1.0	1.0	1.0	1.0	1.0	1.0	1.0	1.0	1.0	1.0	1.0
8000	0.98	1.0	1.0	1.0	1.0	1.0	1.0	1.0	1.0	1.0	1.0	1.0	1.0	1.0	1.0	1.0
8050	0.98	1.0	1.0	1.0	1.0	1.0	1.0	1.0	1.0	1.0	1.0	1.0	1.0	1.0	1.0	1.0
8100	0.98	1.0	1.0	1.0	1.0	1.0	1.0	1.0	1.0	1.0	1.0	1.0	1.0	1.0	1.0	1.0
8150	0.98	1.0	1.0	1.0	1.0	1.0	1.0	1.0	1.0	1.0	1.0	1.0	1.0	1.0	1.0	1.0
8200	0.92	1.0	1.0	1.0	1.0	1.0	1.0	1.0	1.0	1.0	1.0	1.0	1.0	1.0	1.0	1.0
8250	0.96	1.0	1.0	1.0	1.0	1.0	1.0	1.0	1.0	1.0	1.0	1.0	1.0	1.0	1.0	1.0
8300	0.98	1.0	1.0	1.0	1.0	1.0	1.0	1.0	1.0	1.0	1.0	1.0	1.0	1.0	1.0	1.0
8350	0.94	1.0	1.0	1.0	1.0	1.0	1.0	1.0	0.98	1.0	1.0	1.0	1.0	1.0	1.0	1.0
8400	0.96	1.0	1.0	1.0	1.0	1.0	1.0	1.0	0.98	1.0	1.0	1.0	1.0	1.0	1.0	1.0
8450	0.98	1.0	1.0	1.0	1.0	1.0	1.0	1.0	0.98	1.0	1.0	1.0	1.0	1.0	1.0	1.0
8500	1.0	1.0	1.0	1.0	1.0	1.0	1.0	1.0	0.98	1.0	1.0	1.0	1.0	1.0	1.0	1.0
8550	0.98	1.0	1.0	1.0	1.0	1.0	1.0	1.0	0.98	1.0	1.0	1.0	1.0	1.0	1.0	1.0
8600	0.98	1.0	1.0	1.0	1.0	1.0	1.0	1.0	0.98	1.0	1.0	1.0	1.0	1.0	1.0	1.0
8650	0.98	1.0	1.0	1.0	1.0	1.0	1.0	1.0	0.98	1.0	1.0	1.0	1.0	1.0	1.0	1.0
8700	1.0	1.0	1.0	1.0	1.0	1.0	1.0	1.0	0.98	1.0	1.0	1.0	1.0	1.0	1.0	1.0
8750	1.0	1.0	1.0	1.0	1.0	1.0	1.0	1.0	0.98	1.0	1.0	1.0	1.0	1.0	1.0	1.0
8800	1.0	1.0	1.0	1.0	1.0	1.0	1.0	1.0	0.98	1.0	1.0	1.0	1.0	1.0	1.0	1.0
8850	0.96	1.0	1.0	1.0	1.0	1.0	1.0	1.0	0.98	1.0	1.0	1.0	1.0	1.0	1.0	1.0
8900	0.96	1.0	1.0	1.0	1.0	1.0	1.0	1.0	0.98	1.0	1.0	1.0	1.0	1.0	1.0	1.0
8950	1.0	1.0	1.0	1.0	1.0	1.0	1.0	1.0	0.98	1.0	1.0	1.0	1.0	1.0	1.0	1.0
9000	1.0	1.0	1.0	1.0	1.0	1.0	1.0	1.0	0.98	1.0	1.0	1.0	1.0	1.0	1.0	1.0
9050	1.0	1.0	1.0	1.0	1.0	1.0	1.0	1.0	0.98	1.0	1.0	1.0	1.0	1.0	1.0	1.0
9100	0.98	1.0	1.0	1.0	1.0	1.0	1.0	1.0	0.98	1.0	1.0	1.0	1.0	1.0	1.0	1.0
9150	1.0	1.0	1.0	1.0	1.0	1.0	1.0	1.0	0.98	1.0	1.0	1.0	1.0	1.0	1.0	1.0
9200	0.98	1.0	1.0	1.0	1.0	1.0	1.0	1.0	0.98	1.0	1.0	1.0	1.0	1.0	1.0	1.0
9250	0.98	1.0	1.0	1.0	1.0	1.0	1.0	1.0	0.98	1.0	1.0	1.0	1.0	1.0	1.0	1.0
9300	1.0	1.0	1.0	1.0	1.0	1.0	1.0	1.0	0.98	1.0	1.0	1.0	1.0	1.0	1.0	1.0
9350	0.98	1.0	1.0	1.0	1.0	1.0	1.0	1.0	0.98	1.0	1.0	1.0	1.0	1.0	1.0	1.0
9400	1.0	1.0	1.0	1.0	1.0	1.0	1.0	1.0	0.98	1.0	1.0	1.0	1.0	1.0	1.0	1.0
9450	0.98	1.0	1.0	1.0	1.0	1.0	1.0	1.0	0.98	1.0	1.0	1.0	1.0	1.0	1.0	1.0
9500	0.98	1.0	1.0	1.0	1.0	1.0	1.0	1.0	0.98	1.0	1.0	1.0	1.0	1.0	1.0	1.0
9550	1.0	1.0	1.0	1.0	1.0	1.0	1.0	1.0	0.98	1.0	1.0	1.0	1.0	1.0	1.0	1.0
9600	0.96	1.0	1.0	1.0	1.0	1.0	1.0	1.0	0.98	1.0	1.0	1.0	1.0	1.0	1.0	1.0
9650	0.98	1.0	1.0	1.0	1.0	1.0	1.0	1.0	0.98	1.0	1.0	1.0	1.0	1.0	1.0	1.0
9700	1.0	1.0	1.0	1.0	1.0	1.0	1.0	1.0	0.98	1.0	1.0	1.0	1.0	1.0	1.0	1.0
9750	1.0	1.0	1.0	1.0	1.0	1.0	1.0	1.0	0.98	1.0	1.0	1.0	1.0	1.0	1.0	1.0
9800	0.98	1.0	1.0	1.0	1.0	1.0	1.0	1.0	0.98	1.0	1.0	1.0	1.0	1.0	1.0	1.0
9850	0.94	1.0	1.0	1.0	1.0	1.0	1.0	1.0	0.98	1.0	1.0	1.0	1.0	1.0	1.0	1.0
9900	0.96	1.0	1.0	1.0	1.0	1.0	1.0	1.0	0.98	1.0	1.0	1.0	1.0	0.98	1.0	1.0
9950	0.98	1.0	1.0	1.0	1.0	1.0	1.0	1.0	0.98	1.0	1.0	1.0	1.0	0.98	1.0	1.0
10000	0.9	1.0	1.0	1.0	1.0	1.0	1.0	1.0	0.98	1.0	1.0	1.0	1.0	0.98	1.0	1.0
10050	1.0	1.0	1.0	1.0	1.0	1.0	1.0	1.0	0.98	1.0	1.0	1.0	1.0	0.98	1.0	1.0
10100	1.0	1.0	1.0	1.0	1.0	1.0	1.0	1.0	0.98	1.0	1.0	1.0	1.0	0.98	1.0	1.0
10150	1.0	1.0	1.0	1.0	1.0	1.0	1.0	1.0	0.98	1.0	1.0	1.0	1.0	0.98	1.0	1.0
10200	1.0	1.0	1.0	1.0	1.0	1.0	1.0	1.0	0.98	1.0	1.0	1.0	1.0	0.98	1.0	1.0
10250	0.96	1.0	1.0	1.0	1.0	1.0	1.0	1.0	0.98	1.0	1.0	1.0	1.0	0.98	1.0	1.0
10300	1.0	1.0	0.98	1.0	1.0	1.0	1.0	1.0	0.98	1.0	1.0	1.0	1.0	0.98	1.0	1.0
10350	0.96	1.0	0.98	1.0	1.0	1.0	1.0	1.0	0.98	1.0	1.0	1.0	1.0	0.98	1.0	1.0
10400	0.98	1.0	0.98	1.0	1.0	1.0	1.0	1.0	0.98	1.0	1.0	1.0	1.0	0.98	1.0	1.0
10450	1.0	1.0	0.98	1.0	1.0	1.0	1.0	1.0	0.98	1.0	1.0	1.0	1.0	0.98	1.0	1.0
10500	0.94	1.0	0.98	1.0	1.0	1.0	1.0	1.0	0.98	1.0	1.0	1.0	1.0	0.98	1.0	1.0
10550	0.98	1.0	0.98	1.0	1.0	1.0	1.0	1.0	0.98	1.0	1.0	1.0	1.0	0.98	1.0	1.0
10600	0.98	1.0	0.98	1.0	1.0	1.0	1.0	1.0	0.98	1.0	1.0	1.0	1.0	0.98	1.0	1.0
10650	1.0	1.0	0.98	1.0	1.0	1.0	1.0	1.0	0.98	1.0	1.0	1.0	1.0	0.98	1.0	1.0
10700	1.0	1.0	0.98	1.0	1.0	1.0	1.0	1.0	0.98	1.0	1.0	1.0	1.0	0.98	1.0	1.0
10750	0.96	1.0	0.98	1.0	1.0	1.0	1.0	1.0	0.98	1.0	1.0	1.0	1.0	0.98	1.0	1.0
10800	0.96	1.0	0.98	1.0	1.0	1.0	1.0	1.0	0.98	1.0	1.0	1.0	1.0	0.98	1.0	1.0
10850	1.0	1.0	0.98	1.0	1.0	1.0	1.0	1.0	0.98	1.0	1.0	1.0	1.0	0.98	1.0	1.0
10900	1.0	1.0	0.98	1.0	1.0	1.0	1.0	1.0	0.98	1.0	1.0	1.0	1.0	0.98	1.0	1.0
10950	1.0	1.0	0.98	1.0	1.0	1.0	1.0	1.0	0.98	1.0	1.0	1.0	1.0	0.98	1.0	1.0
11000	1.0	1.0	0.98	1.0	1.0	1.0	1.0	1.0	0.98	0.98	1.0	1.0	1.0	0.98	1.0	1.0
11050	1.0	1.0	0.98	1.0	1.0	1.0	1.0	1.0	0.98	0.98	1.0	1.0	1.0	0.98	1.0	1.0
11100	0.98	1.0	0.98	1.0	1.0	1.0	1.0	1.0	0.98	0.98	1.0	1.0	1.0	0.98	1.0	1.0
11150	1.0	1.0	0.98	1.0	1.0	1.0	1.0	1.0	0.98	0.98	1.0	1.0	1.0	0.98	1.0	1.0
11200	1.0	1.0	0.98	1.0	1.0	1.0	1.0	1.0	0.98	0.98	1.0	1.0	1.0	0.98	1.0	1.0
11250	0.98	1.0	0.98	1.0	1.0	1.0	1.0	1.0	0.98	0.98	1.0	1.0	1.0	0.98	1.0	1.0
11300	0.98	1.0	0.98	1.0	1.0	1.0	1.0	1.0	0.98	0.98	1.0	1.0	1.0	0.98	1.0	1.0
11350	0.96	1.0	0.98	1.0	1.0	1.0	1.0	1.0	0.98	0.98	1.0	1.0	1.0	0.98	1.0	1.0
11400	1.0	1.0	0.98	1.0	1.0	1.0	1.0	1.0	0.98	0.98	1.0	1.0	1.0	0.98	1.0	1.0
11450	1.0	1.0	0.98	1.0	1.0	1.0	1.0	1.0	0.98	0.98	1.0	1.0	1.0	0.98	1.0	1.0
11500	1.0	1.0	0.98	1.0	1.0	1.0	1.0	1.0	0.98	0.98	1.0	1.0	1.0	0.98	1.0	1.0
11550	0.96	1.0	0.98	1.0	1.0	1.0	1.0	1.0	0.98	0.98	1.0	1.0	1.0	0.98	1.0	1.0
11600	1.0	1.0	0.98	1.0	1.0	1.0	1.0	1.0	0.98	0.98	1.0	1.0	1.0	0.98	1.0	1.0
11650	0.96	1.0	0.98	1.0	1.0	1.0	1.0	1.0	0.98	0.98	1.0	1.0	1.0	0.98	1.0	1.0
11700	1.0	1.0	0.98	1.0	1.0	1.0	1.0	1.0	0.98	0.98	1.0	1.0	1.0	0.98	1.0	1.0
11750	1.0	1.0	0.98	1.0	1.0	1.0	1.0	1.0	0.98	0.98	1.0	1.0	1.0	0.98	1.0	1.0
11800	1.0	1.0	0.98	1.0	1.0	1.0	1.0	1.0	0.98	0.98	1.0	1.0	1.0	0.98	1.0	1.0
11850	1.0	1.0	0.98	1.0	1.0	1.0	1.0	1.0	0.98	0.98	1.0	1.0	1.0	0.98	1.0	1.0
11900	0.98	1.0	0.98	1.0	1.0	1.0	1.0	1.0	0.96	0.98	1.0	1.0	1.0	0.98	1.0	1.0
11950	0.98	1.0	0.98	1.0	1.0	1.0	1.0	1.0	0.96	0.98	1.0	1.0	1.0	0.98	1.0	1.0
12000	1.0	1.0	0.98	1.0	1.0	1.0	1.0	1.0	0.96	0.98	1.0	1.0	1.0	0.98	1.0	1.0
12050	1.0	1.0	0.98	1.0	1.0	1.0	1.0	1.0	0.96	0.98	1.0	1.0	1.0	0.98	1.0	1.0
12100	1.0	1.0	0.98	1.0	1.0	1.0	1.0	1.0	0.96	0.98	1.0	1.0	1.0	0.98	1.0	1.0
12150	0.98	1.0	0.98	1.0	1.0	1.0	1.0	1.0	0.96	0.98	1.0	1.0	1.0	0.98	1.0	1.0
12200	1.0	1.0	0.98	1.0	1.0	1.0	1.0	1.0	0.96	0.98	1.0	1.0	1.0	0.98	1.0	1.0
12250	1.0	1.0	0.98	1.0	1.0	1.0	1.0	1.0	0.96	0.98	1.0	1.0	1.0	0.98	1.0	1.0
12300	1.0	1.0	0.98	1.0	1.0	1.0	1.0	1.0	0.96	0.98	1.0	1.0	1.0	0.98	1.0	1.0
12350	0.98	1.0	0.98	1.0	1.0	1.0	1.0	1.0	0.96	0.98	1.0	1.0	1.0	0.98	1.0	1.0
12400	0.98	1.0	0.98	1.0	1.0	1.0	1.0	1.0	0.96	0.98	1.0	1.0	1.0	0.98	1.0	1.0
12450	1.0	1.0	0.98	1.0	1.0	1.0	1.0	1.0	0.96	0.98	1.0	1.0	1.0	0.98	1.0	1.0
12500	0.98	1.0	0.98	1.0	1.0	1.0	1.0	1.0	0.96	0.98	1.0	1.0	1.0	0.98	1.0	1.0
12550	0.96	1.0	0.98	1.0	1.0	1.0	1.0	1.0	0.96	0.98	1.0	1.0	1.0	0.98	1.0	1.0
12600	1.0	1.0	0.98	1.0	1.0	1.0	1.0	1.0	0.96	0.98	1.0	1.0	1.0	0.98	1.0	1.0
12650	1.0	1.0	0.98	1.0	1.0	1.0	1.0	1.0	0.96	0.98	1.0	1.0	1.0	0.98	1.0	1.0
12700	1.0	1.0	0.98	1.0	1.0	1.0	1.0	1.0	0.96	0.98	1.0	1.0	1.0	0.98	1.0	1.0
12750	1.0	1.0	0.98	1.0	1.0	1.0	1.0	1.0	0.96	0.98	1.0	1.0	1.0	0.98	1.0	1.0
12800	0.96	1.0	0.98	1.0	1.0	1.0	1.0	1.0	0.96	0.98	1.0	1.0	1.0	0.98	1.0	1.0
12850	0.96	1.0	0.98	1.0	1.0	1.0	1.0	1.0	0.96	0.98	1.0	1.0	1.0	0.98	1.0	1.0
12900	1.0	1.0	0.98	1.0	1.0	1.0	1.0	1.0	0.96	0.98	1.0	1.0	1.0	0.98	1.0	1.0
12950	1.0	1.0	0.98	1.0	1.0	1.0	1.0	1.0	0.96	0.98	1.0	1.0	1.0	0.98	1.0	1.0
13000	1.0	1.0	0.98	1.0	1.0	1.0	1.0	1.0	0.96	0.98	1.0	1.0	1.0	0.98	1.0	1.0
13050	0.98	1.0	0.98	1.0	1.0	1.0	1.0	1.0	0.96	0.98	1.0	1.0	1.0	0.98	1.0	1.0
13100	1.0	1.0	0.98	1.0	1.0	1.0	1.0	1.0	0.96	0.98	1.0	1.0	1.0	0.98	1.0	1.0
13150	0.98	1.0	0.98	1.0	1.0	1.0	1.0	1.0	0.96	0.98	1.0	1.0	1.0	0.98	1.0	1.0
13200	1.0	1.0	0.98	1.0	1.0	1.0	1.0	1.0	0.96	0.98	1.0	1.0	1.0	0.98	1.0	1.0
13250	0.98	1.0	0.98	1.0	1.0	1.0	1.0	1.0	0.96	0.98	1.0	1.0	1.0	0.98	1.0	1.0
13300	0.98	1.0	0.98	1.0	1.0	1.0	1.0	1.0	0.96	0.98	1.0	1.0	1.0	0.98	1.0	1.0
13350	0.98	1.0	0.98	1.0	1.0	1.0	1.0	1.0	0.96	0.98	1.0	1.0	1.0	0.98	1.0	1.0
13400	1.0	1.0	0.98	1.0	1.0	1.0	1.0	1.0	0.96	0.96	1.0	1.0	1.0	0.98	1.0	1.0
13450	0.98	1.0	0.98	1.0	1.0	1.0	1.0	1.0	0.96	0.96	1.0	1.0	1.0	0.98	1.0	1.0
13500	0.96	1.0	0.98	1.0	1.0	1.0	1.0	1.0	0.96	0.96	1.0	1.0	1.0	0.98	1.0	1.0
13550	1.0	1.0	0.98	1.0	1.0	1.0	1.0	1.0	0.96	0.96	1.0	1.0	1.0	0.98	1.0	1.0
13600	1.0	1.0	0.98	1.0	1.0	1.0	1.0	1.0	0.96	0.96	1.0	1.0	1.0	0.98	1.0	1.0
13650	1.0	1.0	0.98	1.0	1.0	1.0	1.0	1.0	0.96	0.96	1.0	1.0	1.0	0.98	1.0	1.0
13700	0.98	1.0	0.98	1.0	1.0	1.0	1.0	1.0	0.96	0.96	1.0	1.0	1.0	0.98	1.0	1.0
13750	0.98	1.0	0.98	1.0	1.0	1.0	1.0	1.0	0.96	0.96	1.0	1.0	1.0	0.98	1.0	1.0
13800	0.98	1.0	0.98	1.0	1.0	1.0	1.0	1.0	0.96	0.96	1.0	1.0	1.0	0.98	1.0	1.0
13850	1.0	1.0	0.98	1.0	1.0	1.0	1.0	1.0	0.96	0.96	1.0	1.0	1.0	0.98	1.0	1.0
13900	0.98	1.0	0.98	1.0	1.0	1.0	1.0	1.0	0.96	0.96	1.0	1.0	1.0	0.98	1.0	1.0
13950	1.0	1.0	0.98	1.0	1.0	1.0	1.0	1.0	0.96	0.96	1.0	1.0	1.0	0.98	1.0	1.0
14000	0.98	1.0	0.98	1.0	1.0	1.0	1.0	1.0	0.96	0.96	1.0	1.0	1.0	0.98	1.0	1.0
14050	0.92	1.0	0.98	1.0	1.0	1.0	1.0	1.0	0.96	0.96	1.0	1.0	1.0	0.98	1.0	1.0
14100	0.98	1.0	0.98	1.0	1.0	1.0	1.0	1.0	0.96	0.96	1.0	1.0	1.0	0.98	1.0	1.0
14150	0.98	1.0	0.98	1.0	1.0	1.0	1.0	1.0	0.96	0.96	1.0	1.0	1.0	0.98	1.0	1.0
14200	1.0	1.0	0.98	1.0	1.0	1.0	1.0	1.0	0.96	0.96	1.0	1.0	1.0	0.98	1.0	1.0
14250	1.0	1.0	0.98	1.0	1.0	1.0	1.0	1.0	0.96	0.96	1.0	1.0	1.0	0.98	1.0	1.0
14300	1.0	1.0	0.98	1.0	1.0	1.0	1.0	1.0	0.96	0.96	1.0	1.0	1.0	0.98	1.0	1.0
14350	0.98	1.0	0.98	1.0	1.0	1.0	1.0	1.0	0.96	0.96	1.0	1.0	1.0	0.98	1.0	1.0
14400	1.0	1.0	0.98	1.0	1.0	1.0	1.0	1.0	0.96	0.96	1.0	1.0	1.0	0.98	1.0	1.0
14450	1.0	1.0	0.98	1.0	1.0	1.0	1.0	1.0	0.96	0.96	1.0	1.0	1.0	0.98	1.0	1.0
14500	0.98	1.0	0.98	1.0	1.0	1.0	1.0	1.0	0.96	0.96	1.0	1.0	1.0	0.98	1.0	1.0
14550	1.0	1.0	0.98	1.0	1.0	1.0	1.0	1.0	0.96	0.96	1.0	1.0	1.0	0.98	1.0	1.0
14600	0.98	1.0	0.98	1.0	1.0	1.0	1.0	1.0	0.96	0.96	1.0	1.0	1.0	0.98	1.0	1.0
14650	0.98	1.0	0.98	1.0	1.0	1.0	1.0	1.0	0.96	0.96	1.0	1.0	1.0	0.98	1.0	1.0
14700	0.96	1.0	0.98	1.0	1.0	1.0	1.0	1.0	0.96	0.96	1.0	1.0	1.0	0.98	1.0	1.0
14750	1.0	1.0	0.98	1.0	1.0	1.0	1.0	1.0	0.96	0.96	1.0	1.0	1.0	0.98	1.0	1.0
14800	0.96	1.0	0.98	1.0	1.0	1.0	1.0	1.0	0.96	0.96	1.0	1.0	1.0	0.98	1.0	1.0
14850	0.96	1.0	0.98	1.0	1.0	1.0	1.0	1.0	0.96	0.96	1.0	1.0	1.0	0.98	1.0	1.0
14900	0.98	1.0	0.98	1.0	1.0	1.0	1.0	1.0	0.96	0.94	1.0	1.0	1.0	0.98	1.0	1.0
14950	0.98	1.0	0.98	1.0	1.0	0.98	1.0	1.0	0.96	0.94	1.0	1.0	1.0	0.98	1.0	1.0
15000	1.0	1.0	0.98	1.0	1.0	0.98	1.0	1.0	0.96	0.94	1.0	1.0	1.0	0.98	1.0	1.0
15050	1.0	1.0	0.98	1.0	1.0	0.98	1.0	1.0	0.96	0.94	1.0	1.0	1.0	0.98	1.0	1.0
15100	1.0	1.0	0.98	1.0	1.0	0.98	1.0	1.0	0.96	0.94	1.0	1.0	1.0	0.98	1.0	1.0
15150	1.0	1.0	0.98	1.0	1.0	0.98	1.0	1.0	0.96	0.94	1.0	1.0	1.0	0.98	1.0	1.0
15200	1.0	1.0	0.98	1.0	1.0	0.98	1.0	1.0	0.96	0.94	1.0	1.0	1.0	0.98	1.0	1.0
15250	1.0	1.0	0.98	1.0	1.0	0.98	1.0	1.0	0.96	0.94	1.0	1.0	1.0	0.98	1.0	1.0
15300	1.0	1.0	0.98	1.0	1.0	0.98	1.0	1.0	0.96	0.94	1.0	1.0	1.0	0.98	1.0	1.0
15350	0.98	1.0	0.98	1.0	1.0	0.98	1.0	1.0	0.96	0.94	1.0	1.0	1.0	0.98	1.0	1.0
15400	1.0	1.0	0.98	1.0	1.0	0.98	1.0	1.0	0.96	0.94	1.0	1.0	1.0	0.98	1.0	1.0
15450	0.98	1.0	0.98	1.0	1.0	0.98	1.0	1.0	0.96	0.94	1.0	1.0	1.0	0.98	1.0	1.0
15500	1.0	1.0	0.98	1.0	1.0	0.98	1.0	1.0	0.96	0.94	1.0	1.0	1.0	0.98	1.0	1.0
15550	1.0	1.0	0.98	1.0	1.0	0.98	1.0	1.0	0.96	0.94	1.0	1.0	1.0	0.98	1.0	1.0
15600	0.98	1.0	0.98	1.0	1.0	0.98	1.0	1.0	0.96	0.94	1.0	1.0	1.0	0.98	1.0	1.0
15650	1.0	1.0	0.98	1.0	1.0	0.98	1.0	1.0	0.96	0.94	1.0	1.0	1.0	0.98	1.0	1.0
15700	0.98	1.0	0.98	1.0	1.0	0.98	1.0	1.0	0.96	0.94	1.0	1.0	1.0	0.98	1.0	1.0
15750	1.0	1.0	0.98	1.0	1.0	0.98	1.0	1.0	0.96	0.94	1.0	1.0	1.0	0.98	1.0	1.0
15800	1.0	1.0	0.98	1.0	1.0	0.98	1.0	1.0	0.96	0.94	1.0	1.0	1.0	0.98	1.0	1.0
15850	0.92	1.0	0.98	1.0	1.0	0.98	1.0	1.0	0.96	0.94	1.0	1.0	1.0	0.98	1.0	1.0
15900	1.0	1.0	0.98	1.0	1.0	0.98	1.0	1.0	0.96	0.94	1.0	1.0	1.0	0.98	1.0	1.0
15950	0.96	1.0	0.98	1.0	1.0	0.98	1.0	1.0	0.96	0.94	1.0	1.0	1.0	0.98	1.0	1.0
16000	0.98	1.0	0.98	1.0	1.0	0.98	1.0	1.0	0.96	0.94	1.0	1.0	1.0	0.98	1.0	1.0
16050	0.96	1.0	0.98	1.0	1.0	0.98	1.0	1.0	0.96	0.94	1.0	1.0	1.0	0.98	1.0	1.0
16100	1.0	1.0	0.98	1.0	1.0	0.98	1.0	1.0	0.96	0.94	1.0	1.0	1.0	0.98	1.0	1.0
16150	0.96	1.0	0.98	1.0	1.0	0.98	1.0	1.0	0.96	0.94	1.0	1.0	1.0	0.98	1.0	1.0
16200	0.98	1.0	0.98	1.0	1.0	0.98	1.0	1.0	0.96	0.94	1.0	1.0	1.0	0.98	1.0	1.0
16250	0.98	1.0	0.98	1.0	1.0	0.98	1.0	1.0	0.96	0.94	1.0	1.0	1.0	0.98	1.0	1.0
16300	0.96	1.0	0.98	1.0	1.0	0.98	1.0	1.0	0.96	0.94	1.0	1.0	1.0	0.98	1.0	1.0
16350	0.94	1.0	0.98	1.0	1.0	0.98	1.0	1.0	0.96	0.94	1.0	1.0	1.0	0.98	1.0	1.0
16400	0.96	1.0	0.98	1.0	1.0	0.98	1.0	1.0	0.96	0.94	1.0	1.0	1.0	0.98	1.0	1.0
16450	1.0	1.0	0.98	1.0	1.0	0.98	1.0	1.0	0.96	0.94	1.0	1.0	1.0	0.98	1.0	1.0
16500	0.94	1.0	0.98	1.0	1.0	0.98	1.0	1.0	0.96	0.94	1.0	1.0	1.0	0.98	1.0	1.0
16550	0.98	1.0	0.98	1.0	1.0	0.98	1.0	1.0	0.96	0.94	1.0	1.0	1.0	0.98	1.0	1.0
16600	0.98	1.0	0.96	1.0	1.0	0.98	1.0	1.0	0.96	0.94	1.0	1.0	1.0	0.98	1.0	1.0
16650	0.96	1.0	0.96	1.0	1.0	0.98	1.0	1.0	0.96	0.94	1.0	1.0	1.0	0.98	1.0	1.0
16700	1.0	1.0	0.96	1.0	1.0	0.98	1.0	1.0	0.96	0.94	1.0	1.0	1.0	0.98	1.0	1.0
16750	1.0	1.0	0.96	1.0	1.0	0.98	1.0	1.0	0.96	0.94	1.0	1.0	1.0	0.98	1.0	1.0
16800	0.96	1.0	0.96	1.0	1.0	0.98	1.0	1.0	0.96	0.94	1.0	1.0	1.0	0.98	1.0	1.0
16850	1.0	1.0	0.96	1.0	1.0	0.98	1.0	1.0	0.96	0.94	1.0	1.0	1.0	0.98	1.0	1.0
16900	1.0	1.0	0.96	1.0	1.0	0.98	1.0	1.0	0.96	0.94	1.0	1.0	1.0	0.98	1.0	1.0
16950	0.98	1.0	0.96	1.0	1.0	0.98	1.0	1.0	0.96	0.94	1.0	1.0	1.0	0.98	1.0	1.0
17000	0.98	1.0	0.96	1.0	1.0	0.98	1.0	1.0	0.96	0.94	1.0	1.0	1.0	0.98	1.0	1.0
17050	1.0	1.0	0.96	1.0	1.0	0.98	1.0	1.0	0.96	0.94	1.0	1.0	1.0	0.98	1.0	1.0
17100	1.0	1.0	0.96	1.0	1.0	0.98	1.0	1.0	0.96	0.94	1.0	1.0	1.0	0.98	1.0	1.0
17150	1.0	1.0	0.96	1.0	1.0	0.98	1.0	1.0	0.96	0.94	1.0	1.0	1.0	0.98	1.0	1.0
17200	1.0	1.0	0.96	1.0	1.0	0.98	1.0	1.0	0.96	0.94	1.0	1.0	1.0	0.98	1.0	1.0
17250	0.96	1.0	0.96	1.0	1.0	0.98	1.0	1.0	0.96	0.94	1.0	1.0	1.0	0.98	1.0	1.0
17300	0.98	1.0	0.96	1.0	1.0	0.98	1.0	1.0	0.96	0.94	1.0	1.0	1.0	0.98	1.0	1.0
17350	1.0	1.0	0.96	1.0	1.0	0.98	1.0	1.0	0.96	0.94	1.0	1.0	1.0	0.98	1.0	1.0
17400	1.0	1.0	0.96	1.0	1.0	0.98	1.0	1.0	0.96	0.94	1.0	1.0	1.0	0.98	1.0	1.0
17450	0.96	1.0	0.96	1.0	1.0	0.98	1.0	1.0	0.96	0.94	1.0	1.0	1.0	0.98	1.0	1.0
17500	1.0	1.0	0.96	1.0	1.0	0.98	1.0	1.0	0.96	0.94	1.0	1.0	1.0	0.98	1.0	1.0
17550	0.98	1.0	0.96	1.0	1.0	0.98	1.0	1.0	0.96	0.94	1.0	1.0	1.0	0.98	1.0	1.0
17600	1.0	1.0	0.96	1.0	0.98	0.98	1.0	1.0	0.96	0.94	1.0	1.0	1.0	0.98	1.0	1.0
17650	0.96	1.0	0.96	1.0	0.98	0.98	1.0	1.0	0.96	0.94	1.0	1.0	1.0	0.98	1.0	1.0
17700	0.98	1.0	0.96	1.0	0.98	0.98	1.0	1.0	0.96	0.94	1.0	1.0	1.0	0.98	1.0	1.0
17750	0.96	1.0	0.96	1.0	0.98	0.98	1.0	1.0	0.96	0.94	1.0	1.0	1.0	0.98	1.0	1.0
17800	0.94	1.0	0.96	1.0	0.98	0.98	1.0	1.0	0.96	0.94	1.0	1.0	1.0	0.98	1.0	1.0
17850	1.0	1.0	0.96	1.0	0.98	0.98	1.0	1.0	0.96	0.94	1.0	1.0	1.0	0.98	1.0	1.0
17900	1.0	1.0	0.96	1.0	0.98	0.98	1.0	1.0	0.96	0.94	1.0	1.0	1.0	0.98	1.0	1.0
17950	1.0	1.0	0.96	1.0	0.98	0.98	1.0	1.0	0.96	0.94	1.0	1.0	1.0	0.98	1.0	1.0
18000	0.98	1.0	0.96	1.0	0.98	0.98	1.0	1.0	0.96	0.94	1.0	1.0	1.0	0.98	1.0	1.0
18050	1.0	1.0	0.96	1.0	0.98	0.98	1.0	1.0	0.96	0.94	1.0	1.0	1.0	0.98	1.0	1.0
18100	0.98	1.0	0.96	1.0	0.98	0.98	1.0	1.0	0.96	0.94	1.0	1.0	1.0	0.98	1.0	1.0
18150	0.98	1.0	0.96	1.0	0.98	0.98	1.0	1.0	0.96	0.94	1.0	1.0	1.0	0.98	1.0	1.0
18200	0.98	1.0	0.96	1.0	0.98	0.98	1.0	1.0	0.94	0.94	1.0	1.0	1.0	0.98	1.0	1.0
18250	0.96	1.0	0.96	1.0	0.98	0.98	1.0	1.0	0.94	0.94	1.0	1.0	1.0	0.98	1.0	1.0
18300	1.0	1.0	0.96	1.0	0.98	0.98	1.0	1.0	0.94	0.94	1.0	1.0	1.0	0.98	1.0	1.0
18350	0.98	1.0	0.96	1.0	0.98	0.98	1.0	1.0	0.94	0.94	1.0	1.0	1.0	0.98	1.0	1.0
18400	0.94	1.0	0.96	1.0	0.98	0.98	1.0	1.0	0.94	0.94	1.0	1.0	1.0	0.98	1.0	1.0
18450	0.96	1.0	0.96	1.0	0.98	0.98	1.0	1.0	0.94	0.94	1.0	1.0	1.0	0.98	1.0	1.0
18500	0.96	1.0	0.96	1.0	0.98	0.98	1.0	0.98	0.94	0.94	1.0	1.0	1.0	0.98	1.0	1.0
18550	0.96	1.0	0.96	1.0	0.98	0.98	1.0	0.98	0.94	0.94	1.0	1.0	1.0	0.98	1.0	1.0
18600	0.96	1.0	0.96	1.0	0.98	0.98	1.0	0.98	0.94	0.94	1.0	1.0	1.0	0.98	1.0	1.0
18650	0.98	1.0	0.96	1.0	0.98	0.98	1.0	0.98	0.94	0.94	1.0	1.0	1.0	0.98	1.0	1.0
18700	1.0	1.0	0.96	1.0	0.98	0.98	1.0	0.98	0.94	0.94	1.0	1.0	1.0	0.98	1.0	1.0
18750	0.98	1.0	0.96	1.0	0.98	0.98	1.0	0.98	0.94	0.94	1.0	1.0	1.0	0.98	1.0	1.0
18800	0.96	1.0	0.96	1.0	0.98	0.98	1.0	0.98	0.94	0.94	1.0	1.0	1.0	0.98	1.0	1.0
18850	1.0	1.0	0.96	1.0	0.98	0.98	1.0	0.98	0.94	0.94	1.0	1.0	1.0	0.98	1.0	1.0
18900	1.0	1.0	0.96	1.0	0.98	0.98	1.0	0.98	0.94	0.94	1.0	1.0	1.0	0.98	1.0	1.0
18950	1.0	1.0	0.96	1.0	0.98	0.98	1.0	0.98	0.94	0.94	1.0	1.0	1.0	0.98	1.0	1.0
19000	0.94	1.0	0.96	1.0	0.98	0.98	1.0	0.98	0.94	0.94	1.0	1.0	1.0	1.0	1.0	1.0
19050	0.94	1.0	0.96	1.0	0.98	0.98	1.0	0.98	0.94	0.94	1.0	1.0	1.0	1.0	1.0	1.0
19100	0.98	1.0	0.96	1.0	0.98	0.98	1.0	0.98	0.94	0.94	1.0	1.0	1.0	1.0	1.0	1.0
19150	0.96	1.0	0.96	1.0	0.98	0.98	1.0	0.98	0.94	0.94	1.0	1.0	1.0	1.0	1.0	1.0
19200	0.98	1.0	0.96	1.0	0.98	0.98	1.0	0.98	0.94	0.94	1.0	1.0	1.0	1.0	1.0	1.0
19250	0.98	1.0	0.96	1.0	0.98	0.98	1.0	0.98	0.94	0.96	1.0	1.0	1.0	1.0	1.0	1.0
19300	1.0	1.0	0.96	1.0	0.98	0.98	1.0	0.98	0.94	0.96	1.0	1.0	1.0	1.0	1.0	1.0
19350	0.98	1.0	0.96	1.0	0.98	0.98	1.0	0.98	0.94	0.96	1.0	1.0	1.0	1.0	1.0	1.0
19400	0.98	1.0	0.96	1.0	0.98	0.98	1.0	0.98	0.94	0.96	1.0	1.0	1.0	1.0	1.0	1.0
19450	0.98	1.0	0.96	1.0	0.98	0.98	1.0	0.98	0.94	0.96	1.0	1.0	1.0	1.0	1.0	1.0
19500	1.0	1.0	0.96	1.0	0.98	0.98	1.0	0.98	0.94	0.96	1.0	1.0	1.0	1.0	1.0	1.0
19550	1.0	1.0	0.96	1.0	0.98	0.98	1.0	0.98	0.96	0.96	1.0	1.0	1.0	1.0	1.0	1.0
19600	1.0	1.0	0.96	1.0	0.98	0.98	1.0	0.98	0.96	0.96	1.0	1.0	1.0	1.0	1.0	1.0
19650	0.96	1.0	0.96	1.0	0.98	0.98	1.0	0.98	0.96	0.96	1.0	1.0	1.0	1.0	1.0	1.0
19700	0.96	1.0	0.96	1.0	0.98	0.98	1.0	0.98	0.96	0.96	1.0	1.0	1.0	1.0	1.0	1.0
19750	1.0	1.0	0.96	1.0	0.98	0.98	1.0	0.98	0.96	0.96	1.0	1.0	1.0	1.0	1.0	1.0
19800	1.0	1.0	0.96	1.0	0.98	0.98	1.0	0.98	0.96	0.96	1.0	1.0	1.0	1.0	1.0	1.0
19850	0.98	1.0	0.96	1.0	0.98	0.98	1.0	0.98	0.96	0.96	1.0	1.0	1.0	1.0	1.0	1.0
19900	0.98	1.0	0.96	1.0	0.98	0.98	1.0	0.98	0.96	0.96	1.0	1.0	1.0	1.0	1.0	1.0
19950	0.98	1.0	0.96	1.0	0.98	0.98	1.0	0.98	0.96	0.96	1.0	1.0	1.0	1.0	1.0	1.0
20000	0.94	1.0	0.96	1.0	0.98	0.98	1.0	0.98	0.96	0.96	1.0	1.0	1.0	1.0	1.0	1.0
