0	0.0	0.0	0.0	0.0	0.0	0.0	0.0	0.0	0.0	0.0	0.0	0.0	0.0	0.0	0.0	0.0
50	0.25	0.0	0.0	0.0	0.166666666667	0.4	0.0	0.0	0.0	0.0	0.25	0.5	0.0	0.0	0.0	0.0
100	0.461538461538	0.375	0.0	0.166666666667	0.181818181818	0.444444444444	0.25	0.25	0.285714285714	0.333333333333	0.333333333333	0.625	0.444444444444	0.375	0.333333333333	0.4
150	0.588235294118	0.538461538462	0.333333333333	0.5	0.4375	0.625	0.363636363636	0.6	0.5	0.538461538462	0.466666666667	0.7	0.6	0.571428571429	0.5	0.647058823529
200	0.65	0.647058823529	0.454545454545	0.5	0.55	0.714285714286	0.533333333333	0.631578947368	0.588235294118	0.5625	0.571428571429	0.666666666667	0.625	0.7	0.625	0.7
250	0.708333333333	0.695652173913	0.571428571429	0.5625	0.590909090909	0.769230769231	0.588235294118	0.608695652174	0.636363636364	0.68	0.64	0.761904761905	0.739130434783	0.769230769231	0.714285714286	0.695652173913
300	0.678571428571	0.766666666667	0.625	0.666666666667	0.653846153846	0.806451612903	0.666666666667	0.7	0.703703703704	0.689655172414	0.7	0.791666666667	0.793103448276	0.785714285714	0.777777777778	0.72
350	0.727272727273	0.777777777778	0.631578947368	0.72	0.7	0.818181818182	0.681818181818	0.75	0.7	0.6875	0.742857142857	0.827586206897	0.837837837838	0.806451612903	0.8	0.758620689655
400	0.75	0.8	0.72	0.766666666667	0.763157894737	0.837837837838	0.72	0.775	0.7	0.722222222222	0.756756756757	0.848484848485	0.857142857143	0.8	0.828571428571	0.774193548387
450	0.790697674419	0.818181818182	0.758620689655	0.78125	0.777777777778	0.872340425532	0.733333333333	0.790697674419	0.75	0.72972972973	0.775	0.852941176471	0.863636363636	0.822222222222	0.837837837838	0.805555555556
500	0.804347826087	0.84	0.8	0.815789473684	0.84	0.94	0.777777777778	0.782608695652	0.775	0.761904761905	0.804347826087	0.861111111111	0.875	0.826086956522	0.842105263158	0.825
550	0.86	0.92	0.840909090909	0.840909090909	0.88	0.98	0.789473684211	0.795918367347	0.761904761905	0.777777777778	0.791666666667	0.871794871795	0.98	0.84	0.872340425532	0.851063829787
600	0.9	0.94	0.844444444444	0.857142857143	0.9	0.98	0.826086956522	0.86	0.765957446809	0.791666666667	0.84	0.886363636364	1.0	0.92	0.9	0.88
650	0.92	0.94	0.851063829787	0.92	0.98	1.0	0.833333333333	0.92	0.86	0.88	0.94	0.9	1.0	0.92	0.94	0.9
700	0.96	0.96	0.9	0.94	0.98	1.0	0.9	0.92	0.9	0.9	0.96	0.94	1.0	0.94	0.96	0.94
750	0.96	0.96	0.92	0.98	0.98	0.98	0.92	0.92	0.92	0.94	0.96	0.96	1.0	0.94	0.96	0.96
800	0.96	0.98	0.98	0.98	0.98	0.98	0.94	0.94	0.94	0.94	0.98	0.98	1.0	0.94	0.96	0.98
850	0.96	0.98	0.98	0.98	0.98	0.98	0.96	0.94	0.94	0.96	0.98	0.98	1.0	0.94	0.98	0.98
900	0.96	0.98	0.98	0.98	0.98	0.98	0.98	0.94	0.94	0.98	0.98	0.96	1.0	0.94	1.0	0.98
950	1.0	1.0	1.0	0.98	0.98	0.98	0.98	0.96	0.96	1.0	0.98	0.96	0.98	0.96	1.0	1.0
1000	1.0	1.0	1.0	0.98	1.0	0.98	0.98	0.98	0.96	1.0	0.98	0.96	0.94	0.96	1.0	1.0
1050	1.0	1.0	1.0	0.98	1.0	0.98	0.98	0.98	0.96	1.0	0.98	0.96	0.94	0.98	1.0	1.0
1100	1.0	1.0	1.0	0.98	1.0	0.98	0.98	0.98	0.98	1.0	1.0	0.96	0.94	0.98	1.0	1.0
1150	1.0	0.98	1.0	0.98	1.0	0.98	1.0	0.98	1.0	1.0	1.0	0.94	0.94	0.98	1.0	1.0
1200	1.0	0.98	1.0	0.98	1.0	0.98	1.0	0.98	1.0	1.0	1.0	0.94	0.94	0.98	1.0	1.0
1250	1.0	0.98	1.0	0.98	1.0	0.94	1.0	0.98	1.0	1.0	1.0	0.94	0.94	0.98	1.0	1.0
1300	1.0	0.98	1.0	1.0	1.0	0.94	1.0	1.0	1.0	1.0	1.0	0.92	0.94	0.98	1.0	1.0
1350	1.0	0.98	1.0	1.0	1.0	0.96	1.0	1.0	1.0	1.0	1.0	0.92	0.94	0.98	1.0	1.0
1400	0.98	0.98	1.0	1.0	1.0	0.96	1.0	1.0	1.0	1.0	1.0	0.92	0.92	1.0	1.0	1.0
1450	0.96	0.98	1.0	1.0	1.0	0.96	0.98	1.0	1.0	1.0	1.0	0.92	0.92	1.0	1.0	1.0
1500	0.96	0.98	1.0	1.0	0.98	0.94	0.94	1.0	1.0	1.0	1.0	0.92	0.92	1.0	1.0	1.0
1550	0.96	0.96	1.0	1.0	0.98	0.94	0.9	1.0	1.0	1.0	1.0	0.92	0.92	1.0	0.98	1.0
1600	0.94	0.96	1.0	0.98	0.98	0.94	0.9	1.0	1.0	1.0	1.0	0.92	0.92	1.0	0.98	1.0
1650	0.94	0.96	1.0	0.98	0.98	0.94	0.9	1.0	1.0	1.0	1.0	0.92	0.96	1.0	0.98	1.0
1700	0.92	0.96	1.0	0.98	0.96	0.94	0.9	1.0	1.0	1.0	1.0	0.92	0.98	1.0	0.98	0.98
1750	0.92	0.96	1.0	0.98	0.96	0.92	0.9	1.0	1.0	1.0	1.0	0.96	0.96	1.0	0.98	0.98
1800	0.9	0.96	1.0	0.98	0.96	0.92	0.9	1.0	1.0	1.0	1.0	0.96	0.96	1.0	0.98	0.96
1850	0.9	0.98	1.0	0.98	0.96	0.92	0.9	1.0	1.0	1.0	1.0	0.96	0.96	1.0	0.98	0.92
1900	0.9	0.98	1.0	0.98	0.96	0.94	0.88	1.0	1.0	1.0	1.0	0.96	0.96	1.0	0.98	0.92
1950	0.9	0.98	1.0	0.96	0.96	0.96	0.88	1.0	1.0	1.0	1.0	0.96	0.96	1.0	0.98	0.92
2000	0.9	0.98	1.0	0.96	0.96	0.94	0.88	1.0	1.0	1.0	1.0	0.98	0.96	1.0	0.98	0.9
2050	0.9	0.98	1.0	0.96	0.92	0.94	0.88	1.0	1.0	1.0	1.0	0.98	0.94	1.0	0.98	0.9
2100	0.9	0.98	1.0	0.96	0.9	0.94	0.88	1.0	1.0	1.0	1.0	0.98	0.94	1.0	0.98	0.9
2150	0.94	0.98	1.0	0.96	0.92	0.96	0.88	1.0	1.0	1.0	1.0	0.98	0.94	1.0	0.98	0.9
2200	0.94	0.98	1.0	0.96	0.92	0.96	0.92	1.0	1.0	1.0	1.0	0.96	0.94	1.0	0.98	0.9
2250	0.94	0.98	1.0	0.94	0.92	0.96	0.94	1.0	1.0	1.0	1.0	0.94	0.94	1.0	0.98	0.9
2300	0.94	0.98	1.0	0.94	0.92	0.96	0.98	1.0	0.98	1.0	1.0	0.94	0.96	1.0	0.98	0.9
2350	0.94	0.98	1.0	0.94	0.92	0.98	0.98	1.0	0.98	1.0	1.0	0.94	0.96	1.0	0.98	0.9
2400	0.96	1.0	1.0	0.94	0.94	0.98	0.98	1.0	0.98	1.0	1.0	0.94	0.96	1.0	0.98	0.92
2450	0.98	1.0	1.0	0.96	0.94	0.98	0.98	1.0	0.98	1.0	1.0	0.94	0.96	1.0	0.98	0.94
2500	1.0	1.0	1.0	0.96	0.94	0.98	0.98	1.0	0.98	1.0	1.0	0.92	0.98	1.0	0.98	0.96
2550	1.0	1.0	1.0	0.96	0.94	0.98	0.98	1.0	0.98	1.0	1.0	0.9	0.98	1.0	0.98	0.98
2600	1.0	1.0	0.98	0.96	0.94	1.0	0.98	1.0	0.96	1.0	1.0	0.9	0.98	1.0	0.98	0.98
2650	1.0	1.0	0.98	0.92	0.94	1.0	1.0	1.0	0.96	1.0	1.0	0.9	0.98	1.0	0.98	0.98
2700	1.0	1.0	0.98	0.92	0.94	1.0	1.0	1.0	0.96	1.0	1.0	0.88	0.98	1.0	0.98	0.98
2750	1.0	1.0	0.98	0.94	0.94	1.0	1.0	1.0	0.96	1.0	1.0	0.86	1.0	1.0	0.98	0.98
2800	1.0	1.0	0.98	0.94	0.98	1.0	1.0	1.0	0.96	1.0	1.0	0.86	1.0	1.0	1.0	0.98
2850	1.0	1.0	0.98	0.94	1.0	1.0	1.0	1.0	0.96	0.98	1.0	0.86	1.0	1.0	1.0	0.98
2900	1.0	1.0	0.98	0.94	1.0	1.0	1.0	1.0	0.96	0.98	1.0	0.88	1.0	1.0	1.0	0.98
2950	1.0	1.0	0.98	0.94	1.0	1.0	1.0	1.0	0.96	0.98	1.0	0.88	1.0	1.0	1.0	0.98
3000	1.0	1.0	0.98	0.96	1.0	1.0	1.0	1.0	0.98	0.98	1.0	0.92	1.0	1.0	1.0	1.0
3050	1.0	1.0	0.98	0.94	1.0	1.0	1.0	1.0	0.98	0.98	1.0	0.92	1.0	1.0	1.0	1.0
3100	1.0	1.0	0.96	0.94	1.0	1.0	1.0	1.0	0.98	0.98	1.0	0.9	1.0	1.0	1.0	1.0
3150	1.0	1.0	0.96	0.94	1.0	1.0	1.0	1.0	0.96	0.98	1.0	0.9	1.0	1.0	1.0	1.0
3200	1.0	1.0	0.96	0.94	1.0	1.0	1.0	1.0	0.96	0.98	1.0	0.92	1.0	1.0	1.0	1.0
3250	1.0	0.98	0.98	0.94	1.0	1.0	1.0	1.0	0.96	0.98	1.0	0.92	1.0	1.0	1.0	1.0
3300	1.0	0.98	0.98	0.96	1.0	1.0	0.98	1.0	0.96	0.98	1.0	0.92	1.0	1.0	1.0	1.0
3350	1.0	0.98	0.98	0.98	1.0	1.0	0.98	1.0	0.96	0.98	1.0	0.96	1.0	1.0	1.0	1.0
3400	1.0	0.98	0.98	0.98	1.0	1.0	0.98	1.0	0.98	0.96	1.0	0.96	1.0	1.0	1.0	1.0
3450	1.0	0.98	0.98	0.98	1.0	1.0	0.98	1.0	0.96	0.96	1.0	0.96	1.0	1.0	1.0	1.0
3500	1.0	0.98	0.98	0.98	1.0	1.0	0.98	1.0	0.94	0.96	1.0	0.96	1.0	1.0	1.0	1.0
3550	1.0	0.98	0.98	0.98	1.0	1.0	0.98	1.0	0.94	0.96	1.0	0.96	0.98	1.0	1.0	1.0
3600	1.0	0.98	0.98	0.98	1.0	1.0	0.98	1.0	0.94	0.96	1.0	0.96	0.98	1.0	1.0	1.0
3650	1.0	0.98	0.98	0.98	1.0	1.0	0.98	1.0	0.94	0.98	1.0	0.96	0.98	1.0	1.0	1.0
3700	1.0	0.98	0.98	0.96	1.0	1.0	0.98	1.0	0.94	0.96	1.0	0.96	0.96	1.0	1.0	1.0
3750	1.0	0.98	0.98	0.98	1.0	1.0	0.98	1.0	0.94	0.96	1.0	0.96	0.96	1.0	0.98	1.0
3800	1.0	0.98	0.98	0.98	1.0	1.0	0.98	1.0	0.94	0.96	1.0	0.96	0.96	1.0	0.98	1.0
3850	1.0	0.98	1.0	0.98	1.0	1.0	0.98	1.0	0.94	0.94	1.0	0.98	0.96	1.0	0.98	1.0
3900	1.0	0.98	1.0	0.98	1.0	1.0	0.98	1.0	0.94	0.94	1.0	0.98	0.96	1.0	0.96	1.0
3950	1.0	1.0	1.0	0.98	1.0	1.0	1.0	1.0	0.94	0.94	1.0	0.98	0.96	1.0	0.96	1.0
4000	1.0	1.0	1.0	0.96	1.0	1.0	1.0	1.0	0.96	0.94	1.0	0.98	0.96	1.0	0.96	1.0
4050	1.0	1.0	1.0	0.96	1.0	1.0	1.0	1.0	0.94	0.96	1.0	1.0	0.96	1.0	0.96	1.0
4100	1.0	1.0	1.0	0.96	1.0	1.0	1.0	1.0	0.94	0.96	1.0	1.0	0.96	1.0	0.96	1.0
4150	1.0	1.0	1.0	0.96	1.0	1.0	1.0	1.0	0.96	0.96	1.0	1.0	0.96	1.0	0.96	1.0
4200	1.0	1.0	1.0	0.96	1.0	1.0	1.0	1.0	0.96	0.96	1.0	1.0	0.98	1.0	0.96	1.0
4250	1.0	1.0	1.0	0.96	1.0	1.0	1.0	1.0	0.96	0.96	1.0	1.0	0.96	1.0	0.94	1.0
4300	1.0	1.0	1.0	0.96	1.0	1.0	1.0	1.0	0.98	0.96	1.0	0.98	0.96	1.0	0.94	1.0
4350	1.0	1.0	1.0	0.96	1.0	1.0	1.0	1.0	0.98	0.98	1.0	0.98	0.96	0.98	0.94	1.0
4400	1.0	1.0	1.0	0.96	1.0	1.0	1.0	1.0	0.96	0.98	1.0	0.98	0.96	0.98	0.94	1.0
4450	1.0	1.0	1.0	0.98	1.0	1.0	1.0	1.0	0.96	0.98	1.0	0.98	0.98	0.98	0.94	1.0
4500	1.0	1.0	1.0	0.98	1.0	1.0	1.0	1.0	0.94	0.98	1.0	0.98	0.98	0.98	0.94	1.0
4550	1.0	1.0	1.0	0.98	1.0	1.0	1.0	0.98	0.94	1.0	1.0	0.96	0.98	0.98	0.94	1.0
4600	1.0	1.0	1.0	0.98	1.0	1.0	1.0	0.98	0.94	1.0	1.0	0.96	0.98	0.98	0.92	1.0
4650	1.0	1.0	1.0	0.96	1.0	1.0	1.0	0.98	0.94	1.0	1.0	0.96	0.98	0.98	0.94	1.0
4700	1.0	1.0	1.0	0.94	1.0	1.0	1.0	0.98	0.96	1.0	1.0	0.96	0.98	0.98	0.94	1.0
4750	1.0	0.98	1.0	0.94	1.0	1.0	1.0	0.98	0.96	1.0	1.0	0.96	0.96	0.98	0.94	1.0
4800	1.0	0.98	1.0	0.96	1.0	1.0	1.0	0.98	0.96	1.0	1.0	0.96	0.96	0.98	0.94	1.0
4850	1.0	0.98	1.0	0.96	1.0	1.0	1.0	0.98	0.96	1.0	1.0	0.96	0.96	0.98	0.94	1.0
4900	1.0	0.98	1.0	0.96	1.0	0.96	1.0	0.98	0.96	1.0	1.0	0.96	0.96	0.98	0.94	1.0
4950	1.0	0.98	1.0	0.96	1.0	0.96	1.0	0.98	0.96	1.0	1.0	0.96	0.98	0.98	0.94	1.0
5000	1.0	0.94	0.98	0.96	1.0	0.96	1.0	0.98	0.96	1.0	1.0	0.94	0.98	0.98	0.92	1.0
5050	1.0	0.94	0.98	0.96	1.0	0.96	1.0	0.98	0.96	1.0	1.0	0.94	0.98	0.98	0.92	1.0
5100	1.0	0.92	0.98	0.96	1.0	0.96	1.0	0.98	0.96	1.0	1.0	0.94	0.98	0.98	0.94	1.0
5150	1.0	0.92	0.98	0.96	1.0	0.94	1.0	0.98	0.96	1.0	1.0	0.96	0.98	1.0	0.94	1.0
5200	1.0	0.92	0.98	0.96	1.0	0.94	1.0	0.98	0.96	1.0	1.0	0.94	0.96	1.0	0.94	1.0
5250	1.0	0.92	0.98	0.96	1.0	0.94	1.0	0.98	0.98	1.0	1.0	0.94	0.96	1.0	0.96	1.0
5300	1.0	0.9	0.98	0.96	1.0	0.92	1.0	0.98	0.98	1.0	1.0	0.94	0.96	1.0	0.96	1.0
5350	1.0	0.9	0.98	0.96	1.0	0.92	1.0	0.98	0.98	1.0	1.0	0.94	0.96	1.0	0.96	1.0
5400	1.0	0.92	0.98	0.96	1.0	0.92	1.0	0.98	1.0	1.0	1.0	0.94	0.96	1.0	0.96	1.0
5450	1.0	0.92	0.98	0.98	1.0	0.92	1.0	1.0	1.0	0.98	1.0	0.96	0.96	1.0	0.98	1.0
5500	1.0	0.92	0.98	1.0	1.0	0.9	1.0	1.0	1.0	0.98	1.0	0.94	0.96	1.0	0.98	1.0
5550	1.0	0.92	0.98	1.0	1.0	0.94	1.0	1.0	1.0	0.98	1.0	0.94	0.98	0.98	0.98	1.0
5600	1.0	0.92	0.98	1.0	1.0	0.94	1.0	1.0	1.0	0.98	1.0	0.94	0.98	0.98	0.98	1.0
5650	1.0	0.92	0.98	1.0	1.0	0.94	1.0	1.0	1.0	0.98	1.0	0.94	0.98	0.98	0.98	1.0
5700	1.0	0.94	0.98	1.0	1.0	0.94	1.0	1.0	1.0	0.98	1.0	0.94	0.98	0.98	1.0	1.0
5750	1.0	0.96	0.98	0.98	1.0	0.94	1.0	1.0	1.0	0.94	1.0	0.92	0.98	0.98	1.0	1.0
5800	1.0	0.96	0.98	0.96	1.0	0.94	1.0	1.0	1.0	0.92	1.0	0.94	0.98	0.98	1.0	1.0
5850	1.0	0.98	0.98	0.96	1.0	0.96	1.0	1.0	1.0	0.92	1.0	0.94	0.96	0.98	1.0	1.0
5900	1.0	0.98	0.98	0.94	1.0	0.96	1.0	1.0	1.0	0.92	1.0	0.94	0.96	0.98	1.0	1.0
5950	1.0	0.98	0.98	0.94	1.0	0.98	1.0	1.0	1.0	0.92	1.0	0.96	0.96	0.98	1.0	1.0
6000	1.0	0.98	0.98	0.94	1.0	0.98	1.0	1.0	1.0	0.92	1.0	0.96	0.98	0.98	0.98	1.0
6050	1.0	0.98	0.98	0.92	1.0	0.98	1.0	1.0	1.0	0.92	1.0	0.96	0.98	0.98	0.98	1.0
6100	1.0	0.98	0.98	0.92	1.0	0.98	1.0	1.0	1.0	0.9	1.0	0.96	0.98	0.98	0.98	1.0
6150	1.0	1.0	0.98	0.92	1.0	0.98	1.0	1.0	1.0	0.9	1.0	0.96	0.98	0.98	0.98	1.0
6200	1.0	1.0	0.98	0.92	1.0	0.98	1.0	1.0	1.0	0.92	1.0	0.96	0.98	0.98	0.98	1.0
6250	1.0	1.0	0.98	0.92	1.0	1.0	1.0	1.0	1.0	0.92	1.0	0.98	0.96	0.98	0.98	1.0
6300	1.0	1.0	0.98	0.92	1.0	1.0	1.0	1.0	0.98	0.92	1.0	0.98	0.94	1.0	0.98	1.0
6350	1.0	1.0	0.98	0.92	1.0	1.0	1.0	1.0	0.98	0.92	1.0	0.98	0.94	1.0	0.98	1.0
6400	1.0	1.0	0.98	0.92	1.0	1.0	1.0	1.0	0.98	0.92	1.0	0.98	0.96	1.0	0.98	1.0
6450	1.0	1.0	0.98	0.94	1.0	1.0	1.0	1.0	0.98	0.94	1.0	0.98	0.94	1.0	0.98	1.0
6500	1.0	1.0	1.0	0.96	1.0	1.0	1.0	1.0	0.98	0.96	1.0	0.98	0.94	1.0	0.98	1.0
6550	1.0	1.0	1.0	0.96	1.0	1.0	1.0	1.0	0.98	0.96	1.0	1.0	0.94	1.0	0.98	1.0
6600	1.0	1.0	1.0	0.96	1.0	1.0	1.0	1.0	0.98	0.98	1.0	0.98	0.94	1.0	0.98	1.0
6650	1.0	0.98	1.0	0.98	1.0	1.0	1.0	1.0	0.96	0.98	1.0	0.98	0.94	1.0	0.98	1.0
6700	1.0	0.98	1.0	0.98	1.0	1.0	1.0	1.0	0.96	0.98	1.0	0.98	0.94	1.0	1.0	1.0
6750	1.0	0.96	1.0	0.98	1.0	1.0	1.0	1.0	0.96	0.98	1.0	0.98	0.94	1.0	1.0	1.0
6800	1.0	0.96	1.0	0.98	1.0	1.0	1.0	1.0	0.96	0.98	1.0	0.96	0.94	1.0	1.0	1.0
6850	1.0	0.96	0.98	1.0	1.0	1.0	1.0	1.0	0.96	1.0	1.0	0.96	0.94	1.0	1.0	1.0
6900	1.0	0.96	0.98	1.0	1.0	1.0	1.0	1.0	0.96	1.0	1.0	0.96	0.92	0.98	1.0	1.0
6950	1.0	0.96	0.98	1.0	1.0	1.0	1.0	1.0	0.98	1.0	1.0	0.96	0.94	0.98	1.0	1.0
7000	1.0	0.96	0.98	1.0	1.0	1.0	1.0	1.0	0.98	1.0	1.0	0.96	0.96	0.98	1.0	1.0
7050	1.0	0.96	0.98	1.0	1.0	1.0	1.0	1.0	0.94	1.0	1.0	0.96	0.96	0.98	1.0	1.0
7100	1.0	0.94	0.98	1.0	1.0	1.0	1.0	1.0	0.94	1.0	1.0	0.96	0.96	0.98	1.0	1.0
7150	1.0	0.94	0.96	1.0	1.0	0.98	1.0	1.0	0.94	1.0	0.98	0.96	0.96	0.98	1.0	1.0
7200	1.0	0.94	0.96	1.0	1.0	0.98	1.0	1.0	0.94	1.0	0.98	0.96	0.96	0.98	1.0	1.0
7250	1.0	0.92	0.96	1.0	1.0	0.98	1.0	1.0	0.94	1.0	0.98	0.96	0.98	0.98	1.0	1.0
7300	1.0	0.92	0.96	1.0	1.0	0.98	0.98	1.0	0.94	1.0	0.98	0.96	0.98	0.98	1.0	1.0
7350	1.0	0.94	0.96	0.98	1.0	0.98	0.98	1.0	0.92	1.0	0.98	0.96	0.98	0.98	1.0	1.0
7400	1.0	0.96	0.96	0.98	1.0	0.98	0.98	1.0	0.92	0.98	0.98	0.96	0.98	0.98	1.0	1.0
7450	1.0	0.96	0.96	0.98	1.0	0.98	0.98	1.0	0.94	0.96	0.98	0.96	0.98	0.98	1.0	1.0
7500	1.0	0.96	0.96	0.98	1.0	0.98	0.98	1.0	0.92	0.96	0.98	0.98	0.98	0.98	1.0	1.0
7550	1.0	0.96	0.96	0.98	1.0	0.98	0.98	1.0	0.92	0.96	0.98	0.98	0.98	0.98	1.0	1.0
7600	1.0	0.96	0.96	0.98	1.0	0.98	0.98	1.0	0.92	0.96	0.98	0.98	0.98	0.98	1.0	1.0
7650	1.0	0.96	0.98	0.98	1.0	0.98	0.98	1.0	0.92	0.96	0.98	1.0	0.98	0.98	1.0	1.0
7700	1.0	0.96	0.98	0.96	1.0	0.98	0.98	1.0	0.92	0.96	0.98	1.0	1.0	0.96	1.0	1.0
7750	1.0	0.98	0.98	0.96	1.0	0.98	0.96	1.0	0.92	0.96	0.98	0.98	1.0	0.96	1.0	1.0
7800	1.0	0.98	0.98	0.96	1.0	0.98	0.96	1.0	0.92	0.96	0.98	0.98	1.0	0.96	1.0	1.0
7850	1.0	0.96	0.98	0.94	1.0	0.98	0.96	1.0	0.96	0.96	0.98	0.98	1.0	0.94	1.0	1.0
7900	1.0	0.96	1.0	0.94	1.0	0.98	0.96	1.0	0.96	0.96	1.0	0.98	1.0	0.94	1.0	1.0
7950	1.0	0.98	1.0	0.94	1.0	0.98	0.96	1.0	0.96	0.96	1.0	0.98	1.0	0.94	1.0	1.0
8000	1.0	0.98	1.0	0.94	1.0	1.0	0.96	1.0	0.98	0.96	1.0	0.96	1.0	0.92	1.0	1.0
8050	1.0	0.98	1.0	0.94	1.0	0.98	0.96	1.0	0.98	0.96	1.0	0.96	1.0	0.9	1.0	1.0
8100	1.0	0.98	1.0	0.94	1.0	0.98	0.94	1.0	0.98	0.96	1.0	0.94	1.0	0.9	1.0	1.0
8150	1.0	0.98	1.0	0.92	1.0	0.98	0.94	1.0	0.98	0.96	1.0	0.94	1.0	0.9	1.0	1.0
8200	1.0	0.98	1.0	0.92	1.0	0.98	0.96	1.0	0.98	0.96	1.0	0.94	1.0	0.9	1.0	1.0
8250	1.0	0.98	1.0	0.94	1.0	0.98	0.94	1.0	1.0	0.98	1.0	0.94	0.98	0.9	1.0	1.0
8300	1.0	0.98	1.0	0.94	1.0	0.98	0.94	1.0	1.0	0.98	1.0	0.94	0.98	0.92	1.0	1.0
8350	1.0	0.98	1.0	0.94	1.0	0.98	0.92	1.0	1.0	1.0	1.0	0.94	0.98	0.94	1.0	1.0
8400	1.0	0.98	1.0	0.96	1.0	0.98	0.92	1.0	1.0	1.0	1.0	0.94	0.96	0.94	1.0	1.0
8450	1.0	0.98	1.0	0.96	1.0	0.98	0.92	1.0	1.0	1.0	1.0	0.94	0.96	0.96	1.0	1.0
8500	1.0	0.98	1.0	0.96	1.0	0.98	0.92	1.0	1.0	1.0	1.0	0.94	0.96	0.96	1.0	1.0
8550	1.0	0.98	1.0	0.96	1.0	0.98	0.92	1.0	1.0	1.0	1.0	0.94	0.96	0.98	1.0	1.0
8600	1.0	0.98	1.0	0.96	1.0	0.98	0.94	1.0	0.98	1.0	1.0	0.94	0.96	0.98	1.0	1.0
8650	1.0	0.98	1.0	0.96	1.0	0.98	0.94	1.0	0.98	0.96	1.0	0.94	0.96	0.98	1.0	1.0
8700	1.0	0.98	1.0	0.96	1.0	0.98	0.94	1.0	0.98	0.94	1.0	0.94	0.96	0.98	0.98	1.0
8750	1.0	0.98	1.0	0.98	1.0	1.0	0.94	1.0	0.98	0.92	1.0	0.94	0.96	0.98	0.96	1.0
8800	1.0	0.98	0.98	0.98	1.0	1.0	0.94	1.0	0.96	0.92	1.0	0.96	0.94	0.98	0.96	1.0
8850	1.0	0.96	0.96	0.98	1.0	1.0	0.96	1.0	0.94	0.92	1.0	0.94	0.94	0.98	0.94	1.0
8900	1.0	0.96	0.96	1.0	1.0	1.0	0.96	1.0	0.94	0.9	1.0	0.94	0.96	0.98	0.92	1.0
8950	1.0	0.98	0.96	1.0	1.0	1.0	0.96	1.0	0.94	0.9	1.0	0.94	0.96	0.98	0.92	1.0
9000	1.0	0.98	0.96	1.0	1.0	1.0	0.96	1.0	0.94	0.9	1.0	0.94	0.96	0.98	0.92	1.0
9050	1.0	0.98	0.96	1.0	1.0	1.0	0.98	1.0	0.94	0.9	1.0	0.94	0.98	0.98	0.92	1.0
9100	1.0	0.98	0.96	1.0	1.0	1.0	0.98	1.0	0.94	0.9	0.98	0.94	0.98	0.96	0.92	1.0
9150	1.0	0.98	0.96	1.0	1.0	0.98	1.0	1.0	0.94	0.9	0.98	0.94	0.98	0.94	0.9	1.0
9200	1.0	0.98	0.96	1.0	1.0	0.98	1.0	1.0	0.94	0.9	0.98	0.94	0.98	0.94	0.9	1.0
9250	1.0	0.98	0.96	1.0	1.0	0.98	1.0	1.0	0.94	0.9	0.98	0.94	0.98	0.94	0.9	1.0
9300	1.0	0.98	0.94	1.0	1.0	0.98	0.98	1.0	0.94	0.9	0.98	0.94	0.98	0.94	0.92	1.0
9350	1.0	0.98	0.94	1.0	1.0	0.98	0.96	1.0	0.96	0.9	0.98	0.94	0.98	0.94	0.92	1.0
9400	1.0	0.96	0.94	1.0	1.0	0.98	0.96	1.0	0.96	0.9	0.98	0.94	0.98	0.92	0.92	1.0
9450	1.0	0.96	0.94	1.0	1.0	0.98	0.96	1.0	0.96	0.94	0.98	0.94	0.98	0.92	0.94	1.0
9500	1.0	0.98	0.94	1.0	1.0	0.98	0.96	1.0	0.96	0.96	0.98	0.94	0.98	0.94	0.94	1.0
9550	1.0	0.98	0.94	1.0	1.0	0.98	0.96	1.0	0.94	0.98	0.98	0.94	1.0	0.92	0.96	1.0
9600	1.0	0.96	0.94	1.0	1.0	0.98	0.96	1.0	0.94	0.98	0.98	0.96	1.0	0.92	0.96	1.0
9650	0.98	0.96	0.94	1.0	1.0	0.98	0.96	1.0	0.96	0.98	0.98	0.96	1.0	0.92	0.98	1.0
9700	0.98	0.96	0.94	1.0	1.0	0.98	0.96	1.0	0.96	1.0	1.0	0.96	0.98	0.92	0.98	1.0
9750	0.98	0.96	0.98	1.0	1.0	0.96	0.96	1.0	0.96	1.0	0.98	0.96	0.98	0.92	0.98	1.0
9800	0.98	0.96	0.98	1.0	1.0	0.96	0.96	1.0	0.96	1.0	0.96	0.98	0.98	0.94	0.98	1.0
9850	0.98	0.96	0.98	1.0	1.0	0.96	0.96	1.0	0.94	1.0	0.94	1.0	0.98	0.96	0.98	1.0
9900	0.98	0.96	0.98	1.0	1.0	0.98	0.96	1.0	0.94	1.0	0.94	1.0	0.96	0.96	0.98	1.0
9950	0.98	0.98	0.98	1.0	1.0	0.98	0.96	1.0	0.94	1.0	0.94	1.0	0.96	0.96	1.0	1.0
10000	0.98	0.98	0.98	1.0	1.0	0.98	0.96	1.0	0.94	1.0	0.94	1.0	0.96	0.96	1.0	1.0
10050	0.98	0.98	0.98	1.0	1.0	0.98	0.96	1.0	0.94	1.0	0.94	1.0	0.96	0.96	1.0	1.0
10100	0.98	0.98	0.98	1.0	1.0	0.98	0.98	1.0	0.94	1.0	0.94	1.0	0.94	0.98	1.0	1.0
10150	0.98	0.98	1.0	0.98	1.0	0.98	0.98	1.0	0.94	1.0	0.94	1.0	0.94	0.98	1.0	1.0
10200	0.98	0.98	1.0	0.98	1.0	0.96	1.0	1.0	0.96	1.0	0.94	1.0	0.94	0.98	1.0	1.0
10250	0.98	0.98	1.0	0.98	1.0	0.96	1.0	1.0	0.98	1.0	0.94	1.0	0.94	0.98	1.0	1.0
10300	1.0	0.98	1.0	0.98	1.0	0.96	1.0	1.0	0.98	1.0	0.94	1.0	0.92	1.0	1.0	1.0
10350	1.0	0.98	1.0	0.98	1.0	0.96	1.0	1.0	0.98	1.0	0.94	1.0	0.94	0.98	1.0	1.0
10400	0.98	0.98	1.0	0.98	1.0	0.96	1.0	1.0	0.98	0.98	0.94	1.0	0.94	0.98	1.0	1.0
10450	0.98	0.98	1.0	0.98	1.0	0.96	1.0	1.0	0.98	0.98	0.94	1.0	0.94	0.98	0.98	1.0
10500	0.96	0.98	1.0	0.98	1.0	0.96	1.0	1.0	0.96	0.98	0.94	1.0	0.94	0.98	0.98	1.0
10550	0.96	0.96	1.0	0.96	1.0	0.96	1.0	1.0	0.96	0.98	0.96	1.0	0.94	0.98	0.98	1.0
10600	0.94	0.96	1.0	0.96	1.0	0.98	1.0	1.0	0.96	0.98	0.96	1.0	0.92	0.98	0.98	1.0
10650	0.94	0.96	1.0	0.96	1.0	0.98	1.0	1.0	0.96	0.98	0.98	1.0	0.9	0.98	0.98	1.0
10700	0.94	0.96	1.0	0.96	1.0	0.98	1.0	1.0	0.96	0.98	0.98	1.0	0.9	0.98	0.98	1.0
10750	0.94	0.96	1.0	0.96	1.0	0.98	1.0	1.0	0.96	0.98	0.98	0.98	0.88	0.98	0.98	1.0
10800	0.94	0.96	1.0	0.96	1.0	0.98	1.0	1.0	0.96	0.98	0.98	0.98	0.88	0.98	0.98	1.0
10850	0.94	0.96	0.98	0.96	1.0	0.98	1.0	1.0	0.96	0.98	0.98	0.98	0.88	0.98	0.98	1.0
10900	0.94	0.96	0.98	0.96	1.0	0.98	1.0	1.0	0.96	0.98	0.98	0.98	0.88	0.98	0.98	1.0
10950	0.94	0.94	0.98	0.96	1.0	0.98	1.0	1.0	0.96	0.96	0.98	0.98	0.88	0.98	0.98	1.0
11000	0.94	0.94	0.98	0.98	1.0	0.98	1.0	1.0	0.96	0.96	0.98	0.98	0.88	0.98	0.98	1.0
11050	0.94	0.94	0.98	0.98	1.0	0.98	1.0	1.0	0.96	0.96	0.98	0.98	0.88	0.98	0.98	1.0
11100	0.94	0.94	0.98	0.98	1.0	0.98	1.0	1.0	0.96	0.94	0.98	0.98	0.88	1.0	0.98	1.0
11150	0.94	0.96	0.98	0.96	1.0	1.0	1.0	1.0	0.96	0.94	0.98	0.98	0.86	1.0	0.98	1.0
11200	0.96	0.96	0.98	0.96	1.0	1.0	1.0	1.0	0.96	0.96	0.98	0.98	0.86	1.0	0.98	1.0
11250	0.98	0.96	0.98	0.96	1.0	1.0	1.0	1.0	0.98	0.96	0.98	0.98	0.86	1.0	0.98	1.0
11300	0.98	0.98	0.98	0.96	1.0	1.0	1.0	1.0	0.98	0.96	0.98	0.98	0.86	1.0	0.98	1.0
11350	0.98	0.98	0.98	0.96	1.0	1.0	1.0	1.0	1.0	0.96	0.98	0.98	0.88	1.0	1.0	1.0
11400	1.0	0.98	0.98	0.96	1.0	1.0	1.0	1.0	1.0	0.96	1.0	0.98	0.88	1.0	1.0	1.0
11450	1.0	0.98	0.98	0.98	1.0	1.0	1.0	1.0	1.0	0.96	1.0	0.98	0.88	1.0	1.0	1.0
11500	1.0	0.98	0.98	0.98	1.0	1.0	1.0	1.0	1.0	0.96	1.0	0.98	0.9	1.0	1.0	1.0
11550	1.0	0.98	1.0	0.98	1.0	0.98	1.0	1.0	1.0	0.96	1.0	0.98	0.92	1.0	1.0	1.0
11600	1.0	0.98	1.0	0.98	1.0	0.98	1.0	1.0	0.98	0.94	1.0	0.98	0.94	1.0	1.0	1.0
11650	1.0	1.0	1.0	0.98	1.0	0.98	1.0	1.0	0.98	0.94	1.0	0.98	0.94	1.0	1.0	1.0
11700	1.0	1.0	0.98	0.98	1.0	0.98	1.0	1.0	0.98	0.94	1.0	0.98	0.94	1.0	1.0	1.0
11750	1.0	1.0	0.98	0.98	1.0	0.98	1.0	0.98	0.98	0.94	1.0	1.0	0.94	1.0	1.0	1.0
11800	1.0	1.0	0.98	0.98	1.0	0.98	1.0	0.98	0.98	0.94	1.0	1.0	0.96	1.0	1.0	1.0
11850	1.0	1.0	0.98	0.98	1.0	0.98	1.0	0.98	0.98	0.96	1.0	1.0	0.96	1.0	1.0	1.0
11900	1.0	1.0	0.98	0.98	1.0	0.98	0.98	0.98	0.98	0.96	1.0	1.0	0.98	1.0	1.0	1.0
11950	1.0	1.0	0.98	0.98	1.0	0.98	0.98	0.98	0.98	0.96	1.0	1.0	1.0	1.0	1.0	1.0
12000	1.0	1.0	0.98	0.98	1.0	0.96	0.98	0.98	0.98	0.96	1.0	1.0	1.0	1.0	1.0	1.0
12050	1.0	1.0	0.98	0.98	1.0	0.96	0.98	0.98	0.98	0.98	1.0	1.0	1.0	1.0	1.0	1.0
12100	1.0	1.0	0.98	0.98	1.0	0.96	0.98	0.98	0.98	0.98	1.0	1.0	0.98	1.0	0.98	1.0
12150	1.0	1.0	0.98	1.0	1.0	0.96	0.98	0.98	0.98	0.98	1.0	1.0	0.98	1.0	0.98	1.0
12200	1.0	1.0	0.98	1.0	1.0	0.96	0.96	0.98	0.98	0.98	1.0	1.0	0.98	1.0	0.98	1.0
12250	1.0	1.0	0.98	1.0	1.0	0.96	0.96	0.98	0.98	0.98	1.0	1.0	0.98	1.0	0.98	1.0
12300	1.0	1.0	0.98	1.0	1.0	0.96	0.96	0.98	0.98	0.98	1.0	1.0	0.98	1.0	0.98	1.0
12350	1.0	1.0	0.98	1.0	1.0	0.96	0.96	0.98	0.98	0.98	1.0	1.0	0.98	1.0	0.98	1.0
12400	1.0	1.0	0.98	1.0	1.0	0.96	0.96	0.98	0.98	0.98	1.0	1.0	0.98	1.0	0.98	1.0
12450	1.0	1.0	0.98	1.0	1.0	0.96	0.96	0.98	0.98	0.98	1.0	1.0	0.98	1.0	0.98	1.0
12500	1.0	1.0	0.98	1.0	1.0	0.96	0.98	0.98	0.98	0.98	1.0	1.0	0.98	1.0	0.98	1.0
12550	1.0	1.0	0.98	1.0	1.0	0.96	0.98	0.98	0.98	0.98	1.0	1.0	0.96	1.0	0.98	1.0
12600	1.0	1.0	0.98	1.0	1.0	0.96	0.98	1.0	0.98	0.98	1.0	1.0	0.96	1.0	0.98	1.0
12650	1.0	1.0	0.98	1.0	1.0	0.94	0.96	1.0	0.96	0.96	0.98	1.0	0.96	1.0	0.98	1.0
12700	1.0	1.0	1.0	1.0	1.0	0.94	0.96	1.0	0.94	0.96	0.98	1.0	0.96	1.0	0.98	1.0
12750	1.0	1.0	1.0	0.98	0.98	0.94	0.98	1.0	0.94	0.96	0.98	1.0	0.96	1.0	0.98	1.0
12800	1.0	1.0	1.0	0.98	0.98	0.94	0.98	1.0	0.94	0.96	0.98	1.0	0.96	1.0	0.96	1.0
12850	1.0	0.98	1.0	0.96	0.98	0.94	0.98	1.0	0.94	0.96	0.98	1.0	0.96	1.0	0.96	1.0
12900	1.0	0.98	1.0	0.96	0.98	0.94	0.98	1.0	0.94	0.96	0.98	1.0	0.98	1.0	0.96	1.0
12950	1.0	0.98	1.0	0.96	0.98	0.96	0.98	1.0	0.94	0.96	0.98	1.0	0.98	1.0	0.96	1.0
13000	1.0	0.98	1.0	0.96	0.98	0.96	0.98	1.0	0.94	0.96	0.98	1.0	0.98	1.0	0.96	1.0
13050	1.0	0.98	1.0	0.96	0.98	0.96	0.98	1.0	0.96	0.94	0.98	1.0	0.98	1.0	0.98	1.0
13100	1.0	0.98	1.0	0.96	0.98	0.94	0.98	1.0	0.96	0.94	0.98	1.0	0.98	1.0	0.98	1.0
13150	1.0	0.98	1.0	0.96	0.98	0.94	0.98	1.0	0.94	0.96	0.98	1.0	0.98	1.0	0.98	1.0
13200	1.0	0.98	1.0	0.94	0.98	0.94	0.98	0.98	0.94	0.98	0.98	1.0	0.98	0.98	0.98	1.0
13250	1.0	0.98	1.0	0.94	0.98	0.96	0.98	0.98	0.94	0.98	1.0	0.98	0.98	0.98	0.98	1.0
13300	1.0	0.98	1.0	0.94	0.98	0.96	0.98	0.98	0.94	0.98	0.98	0.98	0.98	0.98	0.96	1.0
13350	1.0	0.98	1.0	0.94	0.98	0.96	0.98	0.98	0.92	0.98	0.96	0.98	1.0	0.98	0.96	1.0
13400	1.0	0.98	0.98	0.94	0.98	0.98	0.98	0.98	0.92	0.98	0.96	0.98	1.0	0.98	0.96	1.0
13450	1.0	0.96	0.98	0.94	0.98	0.98	0.98	0.98	0.92	0.98	0.96	0.96	1.0	0.98	0.96	1.0
13500	1.0	0.96	0.98	0.94	1.0	0.98	0.98	0.98	0.96	0.98	0.96	0.96	1.0	0.98	0.96	1.0
13550	1.0	0.96	0.98	0.94	1.0	0.98	0.98	0.98	0.96	0.98	0.96	0.96	1.0	0.98	0.96	1.0
13600	1.0	0.96	0.98	0.94	1.0	0.98	0.98	0.98	0.96	1.0	0.96	0.96	0.98	0.98	0.96	1.0
13650	1.0	0.98	0.98	0.96	1.0	0.98	0.98	0.98	0.92	1.0	0.96	0.96	0.98	0.98	0.96	1.0
13700	1.0	0.98	0.98	0.98	1.0	0.98	0.98	0.98	0.92	1.0	0.96	0.96	0.98	0.98	0.96	1.0
13750	1.0	0.98	0.98	0.98	1.0	1.0	0.98	0.98	0.92	1.0	0.96	0.96	0.98	0.98	0.98	1.0
13800	1.0	0.98	0.98	0.98	1.0	1.0	0.98	0.98	0.92	0.98	0.96	0.96	0.98	0.98	0.96	1.0
13850	1.0	0.98	0.98	0.98	1.0	1.0	0.98	0.98	0.92	0.98	0.96	0.96	0.98	0.98	0.96	1.0
13900	1.0	0.98	0.98	1.0	1.0	1.0	0.98	0.98	0.92	0.98	0.96	0.96	0.98	0.98	0.96	1.0
13950	1.0	0.98	0.96	0.98	1.0	1.0	0.98	0.98	0.94	0.98	0.96	0.96	0.98	0.98	0.96	1.0
14000	1.0	0.98	0.96	0.98	1.0	1.0	0.98	1.0	0.92	0.98	0.98	0.96	0.98	0.98	0.96	1.0
14050	1.0	0.98	0.96	0.98	1.0	1.0	0.98	1.0	0.94	0.98	1.0	0.96	0.98	0.98	0.96	1.0
14100	1.0	0.98	0.96	0.96	1.0	1.0	0.98	1.0	0.94	0.98	1.0	0.96	0.98	0.98	0.96	1.0
14150	1.0	0.98	0.96	0.96	1.0	1.0	0.98	1.0	0.94	0.96	0.98	0.98	0.98	0.98	0.96	1.0
14200	1.0	1.0	0.96	0.96	1.0	1.0	0.98	1.0	0.92	0.96	0.98	0.96	0.98	0.98	0.98	0.98
14250	1.0	1.0	0.96	0.96	1.0	1.0	1.0	1.0	0.9	0.96	0.98	0.98	0.98	1.0	0.98	0.98
14300	1.0	1.0	0.98	0.96	1.0	1.0	1.0	1.0	0.9	0.96	0.98	0.98	0.98	1.0	0.98	0.98
14350	1.0	1.0	0.98	0.96	1.0	0.98	1.0	1.0	0.9	0.96	0.98	0.98	0.98	1.0	0.98	0.98
14400	1.0	1.0	0.98	0.96	1.0	0.98	1.0	1.0	0.92	0.96	0.96	0.98	1.0	1.0	0.98	0.98
14450	1.0	1.0	0.98	0.96	1.0	0.98	1.0	1.0	0.92	0.96	0.96	0.98	1.0	1.0	0.98	0.98
14500	1.0	1.0	0.98	0.96	1.0	0.98	1.0	1.0	0.92	0.96	0.94	0.98	1.0	1.0	1.0	0.98
14550	1.0	1.0	0.98	0.94	1.0	0.96	1.0	1.0	0.92	0.96	0.94	0.98	1.0	1.0	1.0	0.98
14600	1.0	1.0	0.96	0.94	1.0	0.96	1.0	1.0	0.92	0.96	0.94	0.96	1.0	1.0	1.0	0.98
14650	1.0	1.0	0.98	0.94	1.0	0.96	1.0	1.0	0.92	0.96	0.92	0.96	1.0	1.0	1.0	0.98
14700	1.0	1.0	0.98	0.94	1.0	0.96	1.0	1.0	0.92	0.94	0.92	0.96	1.0	1.0	1.0	0.98
14750	1.0	1.0	0.98	0.94	1.0	0.96	0.98	1.0	0.92	0.96	0.92	0.96	1.0	1.0	1.0	0.98
14800	1.0	1.0	0.96	0.94	1.0	0.94	0.98	1.0	0.92	0.96	0.92	0.96	1.0	1.0	1.0	0.98
14850	1.0	1.0	0.96	0.96	1.0	0.94	0.98	1.0	0.92	0.96	0.92	0.96	1.0	1.0	1.0	0.98
14900	1.0	1.0	0.94	0.96	1.0	0.94	0.96	1.0	0.92	0.96	0.92	0.96	1.0	1.0	1.0	0.98
14950	1.0	1.0	0.92	0.96	1.0	0.94	0.96	1.0	0.92	0.96	0.94	0.96	1.0	1.0	1.0	0.98
15000	0.98	1.0	0.92	0.96	1.0	0.94	0.96	1.0	0.92	0.96	0.94	0.96	1.0	1.0	1.0	1.0
15050	0.98	1.0	0.88	0.96	1.0	0.94	0.96	1.0	0.92	0.96	0.94	0.96	1.0	1.0	1.0	1.0
15100	0.98	1.0	0.88	0.96	1.0	0.94	0.96	1.0	0.94	0.96	0.94	0.96	1.0	1.0	1.0	1.0
15150	0.98	1.0	0.88	0.96	1.0	0.94	0.96	1.0	0.94	0.96	0.94	0.96	1.0	1.0	1.0	0.98
15200	0.98	0.98	0.88	0.94	1.0	0.96	0.96	1.0	0.96	0.96	0.94	0.96	1.0	1.0	1.0	0.98
15250	0.98	0.98	0.88	0.94	1.0	0.96	0.96	1.0	0.98	0.98	0.94	0.96	1.0	1.0	1.0	0.98
15300	0.98	0.98	0.88	0.96	1.0	0.96	0.96	1.0	0.98	0.98	0.96	0.98	1.0	1.0	1.0	0.98
15350	0.98	0.98	0.9	0.96	1.0	0.96	0.96	1.0	0.98	0.96	0.98	0.98	1.0	1.0	1.0	0.96
15400	0.98	0.98	0.9	0.98	1.0	0.96	0.96	1.0	1.0	0.94	0.98	0.98	1.0	1.0	1.0	0.96
15450	0.98	0.98	0.9	0.96	1.0	0.96	0.96	1.0	1.0	0.92	0.98	0.96	1.0	1.0	1.0	0.96
15500	0.98	0.98	0.9	0.96	1.0	0.98	0.96	1.0	1.0	0.92	0.98	0.96	1.0	1.0	1.0	0.96
15550	0.98	0.98	0.92	0.94	1.0	0.98	0.96	1.0	1.0	0.92	0.98	0.98	1.0	1.0	1.0	0.96
15600	0.98	0.98	0.94	0.94	1.0	0.98	0.98	1.0	0.98	0.92	1.0	0.98	1.0	1.0	1.0	0.96
15650	0.98	0.98	0.94	0.94	1.0	0.98	0.98	1.0	0.98	0.92	1.0	0.98	1.0	1.0	1.0	0.96
15700	0.96	0.98	0.96	0.94	1.0	0.98	0.98	1.0	0.98	0.92	1.0	0.98	1.0	1.0	1.0	0.96
15750	0.94	0.98	0.98	0.94	1.0	0.98	1.0	1.0	0.98	0.92	1.0	0.98	1.0	1.0	1.0	0.96
15800	0.94	0.96	0.98	0.94	1.0	0.98	1.0	1.0	0.98	0.92	1.0	0.98	1.0	1.0	1.0	0.96
15850	0.94	0.96	0.98	0.94	1.0	1.0	0.98	1.0	0.98	0.9	1.0	0.98	1.0	1.0	1.0	0.96
15900	0.96	0.96	0.98	0.94	1.0	1.0	0.98	1.0	0.98	0.9	1.0	0.98	1.0	0.98	1.0	0.96
15950	0.96	0.98	0.98	0.96	1.0	1.0	0.98	1.0	0.98	0.9	1.0	0.98	1.0	0.98	1.0	0.98
16000	0.96	0.98	0.98	0.96	1.0	1.0	0.98	1.0	0.98	0.9	1.0	0.98	1.0	0.98	1.0	0.98
16050	0.96	0.98	0.98	0.96	1.0	1.0	0.98	1.0	0.98	0.9	1.0	0.98	1.0	0.98	1.0	0.98
16100	0.96	0.96	0.98	0.96	1.0	1.0	0.98	1.0	0.98	0.9	1.0	0.98	1.0	0.98	1.0	1.0
16150	0.96	0.96	0.98	0.96	1.0	1.0	0.98	1.0	0.98	0.92	1.0	0.98	1.0	0.98	0.98	1.0
16200	0.96	0.96	0.98	0.98	1.0	1.0	0.98	1.0	0.98	0.94	1.0	0.98	1.0	0.98	0.98	1.0
16250	0.96	0.96	0.98	0.98	1.0	1.0	0.98	1.0	0.98	0.94	1.0	0.98	1.0	0.98	0.98	1.0
16300	0.96	0.96	0.98	0.98	0.98	1.0	0.96	1.0	1.0	0.94	1.0	0.98	1.0	0.98	0.98	1.0
16350	0.94	0.96	0.96	1.0	0.98	1.0	0.96	1.0	1.0	0.96	1.0	0.98	1.0	0.98	0.98	1.0
16400	0.94	0.96	0.96	1.0	0.98	1.0	0.96	1.0	1.0	0.96	1.0	0.98	1.0	0.98	0.98	1.0
16450	0.96	0.96	0.96	1.0	0.98	1.0	0.96	1.0	1.0	0.98	1.0	0.98	1.0	0.98	0.98	1.0
16500	0.96	0.96	0.96	1.0	0.98	1.0	0.96	1.0	1.0	0.98	1.0	0.98	1.0	0.98	0.98	1.0
16550	0.98	0.96	0.96	1.0	0.98	1.0	0.98	1.0	1.0	0.98	0.98	0.98	1.0	0.98	0.98	1.0
16600	0.98	0.96	0.96	1.0	0.98	1.0	0.98	1.0	1.0	0.98	0.98	0.98	1.0	0.98	0.96	1.0
16650	0.98	0.98	0.98	1.0	0.98	1.0	0.98	1.0	1.0	1.0	0.98	0.98	1.0	0.98	0.96	1.0
16700	0.98	0.98	0.98	1.0	0.98	1.0	0.96	1.0	1.0	1.0	0.98	0.98	1.0	0.98	0.96	1.0
16750	0.98	0.98	0.98	1.0	0.98	1.0	0.96	1.0	1.0	1.0	0.98	0.98	1.0	1.0	0.98	1.0
16800	0.98	0.98	0.96	1.0	0.98	1.0	0.94	1.0	1.0	1.0	0.98	0.98	1.0	1.0	0.98	1.0
16850	0.98	0.98	0.96	1.0	0.98	1.0	0.94	1.0	0.98	1.0	0.98	0.98	1.0	1.0	0.98	1.0
16900	0.98	0.98	0.96	1.0	0.98	1.0	0.94	1.0	0.98	1.0	0.98	0.98	1.0	1.0	0.98	1.0
16950	0.98	0.98	0.94	1.0	0.98	1.0	0.92	1.0	0.98	1.0	0.98	0.98	0.98	1.0	0.98	1.0
17000	0.98	0.98	0.94	1.0	0.98	1.0	0.94	1.0	0.98	1.0	0.98	0.96	0.98	1.0	0.98	1.0
17050	0.98	0.96	0.94	1.0	0.98	1.0	0.9	1.0	0.98	1.0	0.98	0.96	0.96	1.0	0.98	1.0
17100	1.0	0.96	0.94	1.0	0.98	0.98	0.9	1.0	0.98	1.0	0.98	0.96	0.94	1.0	0.98	1.0
17150	1.0	0.98	0.94	1.0	1.0	0.98	0.9	1.0	0.98	1.0	0.98	0.96	0.94	0.98	0.98	1.0
17200	1.0	0.98	0.94	1.0	1.0	0.98	0.9	1.0	0.98	1.0	0.98	0.92	0.9	0.98	0.98	1.0
17250	1.0	0.98	0.94	1.0	1.0	0.98	0.9	1.0	0.98	1.0	1.0	0.94	0.9	0.98	0.98	1.0
17300	1.0	0.98	0.94	0.98	1.0	0.98	0.9	1.0	0.98	0.98	1.0	0.94	0.9	0.98	0.98	1.0
17350	1.0	0.98	0.92	0.98	1.0	0.98	0.9	1.0	0.98	0.98	1.0	0.94	0.9	0.98	0.98	1.0
17400	1.0	0.98	0.94	0.98	1.0	0.98	0.9	1.0	0.98	0.98	1.0	0.94	0.9	0.98	1.0	1.0
17450	1.0	0.98	0.94	0.98	0.98	0.98	0.9	1.0	0.98	0.98	1.0	0.94	0.9	0.98	1.0	1.0
17500	1.0	0.98	0.94	0.98	0.98	0.98	0.92	1.0	0.98	0.98	1.0	0.94	0.9	0.98	1.0	1.0
17550	1.0	0.98	0.94	0.98	0.98	0.98	0.94	1.0	0.98	0.98	1.0	0.94	0.9	0.98	1.0	1.0
17600	1.0	0.98	0.96	0.98	0.98	0.98	0.94	1.0	0.98	0.98	1.0	0.94	0.92	0.98	1.0	1.0
17650	1.0	1.0	0.96	0.96	0.98	0.98	0.94	1.0	1.0	0.98	1.0	0.94	0.92	0.98	1.0	1.0
17700	1.0	1.0	0.98	0.96	0.98	0.98	0.94	1.0	1.0	0.98	1.0	0.94	0.92	0.98	1.0	1.0
17750	1.0	1.0	0.98	0.96	0.96	0.98	0.94	0.98	1.0	0.98	1.0	0.94	0.92	0.98	1.0	1.0
17800	1.0	1.0	0.98	0.96	0.96	0.98	0.94	0.98	1.0	0.98	1.0	0.94	0.92	0.98	1.0	1.0
17850	1.0	1.0	0.98	0.96	0.96	0.96	0.96	0.98	1.0	0.98	1.0	0.94	0.94	1.0	1.0	1.0
17900	1.0	1.0	0.98	0.94	0.96	0.98	0.94	0.98	1.0	0.96	1.0	0.94	0.94	1.0	1.0	1.0
17950	1.0	1.0	0.98	0.94	0.96	0.98	0.96	0.98	1.0	0.96	1.0	0.94	0.96	1.0	1.0	1.0
18000	1.0	1.0	0.98	0.96	0.96	0.98	0.98	0.98	0.98	0.96	1.0	0.94	0.98	1.0	1.0	1.0
18050	1.0	1.0	1.0	0.96	0.96	0.98	0.98	0.98	0.98	0.96	1.0	0.96	0.98	1.0	1.0	1.0
18100	1.0	1.0	1.0	0.96	0.98	0.98	0.98	0.98	0.98	0.96	1.0	0.96	0.98	1.0	1.0	1.0
18150	1.0	1.0	1.0	0.96	0.98	0.98	0.98	0.98	0.98	0.96	1.0	0.96	0.98	1.0	1.0	1.0
18200	1.0	1.0	1.0	0.96	0.98	0.98	0.98	0.98	0.98	0.96	1.0	0.96	0.98	1.0	1.0	1.0
18250	1.0	1.0	1.0	0.96	0.98	0.96	0.98	0.98	0.98	0.94	1.0	0.96	0.98	1.0	1.0	1.0
18300	0.98	1.0	1.0	0.96	0.98	0.96	0.98	0.98	0.98	0.94	1.0	1.0	0.98	1.0	1.0	1.0
18350	0.98	1.0	1.0	0.98	0.98	0.94	0.98	0.98	0.98	0.94	1.0	1.0	0.98	1.0	1.0	1.0
18400	0.98	1.0	1.0	0.98	0.96	0.94	0.98	0.98	0.98	0.94	1.0	1.0	0.98	0.98	1.0	1.0
18450	0.98	0.98	1.0	0.98	0.98	0.94	0.98	0.98	0.98	0.94	1.0	1.0	0.98	0.98	1.0	1.0
18500	0.98	0.98	1.0	0.98	0.98	0.94	0.98	0.98	0.98	0.94	1.0	1.0	0.98	0.98	1.0	1.0
18550	0.96	0.98	1.0	0.98	0.98	0.94	0.98	0.98	0.98	0.96	1.0	1.0	1.0	0.98	1.0	1.0
18600	0.96	0.98	1.0	0.96	0.98	0.94	0.98	1.0	0.98	0.96	1.0	1.0	1.0	0.98	1.0	1.0
18650	0.94	0.98	1.0	0.96	0.98	0.94	0.98	1.0	0.98	0.96	1.0	1.0	1.0	0.98	1.0	1.0
18700	0.94	0.98	1.0	0.96	0.98	0.96	0.98	1.0	0.98	0.96	1.0	0.98	1.0	0.98	1.0	1.0
18750	0.94	0.98	1.0	0.94	0.98	0.96	0.98	1.0	0.98	0.96	1.0	0.98	1.0	0.98	1.0	1.0
18800	0.94	0.98	1.0	0.94	0.98	0.96	1.0	1.0	0.98	0.98	1.0	0.98	0.98	0.98	1.0	1.0
18850	0.94	0.98	1.0	0.94	0.98	0.96	0.98	1.0	1.0	0.96	1.0	0.98	0.98	0.98	1.0	1.0
18900	0.94	0.98	0.98	0.94	0.96	0.96	0.98	1.0	1.0	0.96	1.0	0.98	0.98	0.98	1.0	1.0
18950	0.96	0.98	0.98	0.94	0.96	0.94	0.98	1.0	1.0	0.94	1.0	0.98	0.98	0.98	1.0	1.0
19000	0.96	0.98	0.96	0.94	0.96	0.94	0.98	1.0	1.0	0.96	1.0	0.98	0.98	0.98	1.0	1.0
19050	0.96	0.98	0.96	0.94	0.96	0.96	0.98	1.0	1.0	0.96	1.0	0.98	0.96	0.98	1.0	1.0
19100	0.96	0.98	0.96	0.94	0.96	0.96	0.98	1.0	1.0	0.96	1.0	0.98	0.96	0.98	1.0	1.0
19150	0.96	0.98	0.94	0.94	0.96	0.96	0.98	1.0	1.0	0.96	1.0	0.98	0.96	0.98	1.0	1.0
19200	0.96	0.98	0.94	0.94	0.96	0.96	0.96	1.0	1.0	0.96	1.0	0.98	0.94	0.98	0.98	1.0
19250	0.98	1.0	0.94	0.92	0.96	0.98	0.96	1.0	1.0	0.96	1.0	0.96	0.94	0.98	0.98	1.0
19300	0.98	1.0	0.94	0.94	0.96	0.98	0.96	1.0	1.0	0.96	1.0	0.96	0.94	0.98	0.98	1.0
19350	1.0	1.0	0.94	0.96	0.96	0.98	0.96	1.0	1.0	0.96	1.0	0.94	0.94	1.0	0.98	1.0
19400	1.0	1.0	0.94	0.96	0.96	0.98	0.96	1.0	1.0	0.96	1.0	0.94	0.94	1.0	0.98	1.0
19450	1.0	1.0	0.94	0.94	0.98	0.98	0.96	1.0	1.0	0.96	0.98	0.94	0.94	1.0	0.98	1.0
19500	1.0	1.0	0.94	0.96	0.98	0.98	0.96	1.0	1.0	0.96	0.98	0.94	0.96	1.0	0.98	1.0
19550	1.0	1.0	0.94	0.96	0.98	0.98	0.98	1.0	1.0	0.94	0.98	0.94	0.96	1.0	0.98	1.0
19600	1.0	1.0	0.94	0.96	0.98	0.98	0.98	1.0	1.0	0.94	0.98	0.94	0.96	1.0	0.98	1.0
19650	1.0	1.0	0.94	0.96	0.98	0.98	0.98	1.0	1.0	0.94	0.98	0.94	0.96	0.98	0.98	1.0
19700	1.0	1.0	0.96	0.96	0.98	0.96	0.98	1.0	1.0	0.96	0.98	0.94	0.96	0.98	0.98	1.0
19750	1.0	0.98	0.98	0.96	0.96	0.96	0.96	1.0	1.0	0.96	0.98	0.94	0.96	0.98	0.98	1.0
19800	1.0	0.98	0.98	0.96	0.98	0.96	0.96	1.0	1.0	0.96	0.98	0.94	0.96	0.98	0.98	1.0
19850	1.0	0.98	0.98	0.96	0.98	0.96	0.96	1.0	1.0	0.96	0.98	0.94	0.96	0.98	0.98	1.0
19900	1.0	0.98	1.0	0.96	0.98	0.96	0.98	1.0	1.0	0.96	0.98	0.94	0.96	0.98	1.0	1.0
19950	1.0	0.98	1.0	0.96	0.98	0.96	0.96	1.0	1.0	0.96	0.98	0.94	0.98	0.98	1.0	1.0
20000	0.98	0.98	1.0	0.96	0.98	0.96	0.96	1.0	1.0	0.96	0.98	0.94	0.98	0.98	1.0	1.0
