0	0.0	0.0	0.0	0.0	0.0	0.0	0.0	0.0	0.0	0.0	0.0	0.0	0.0	0.0	0.0	0.0
50	0.791666666667	0.0	0.0	0.0	0.0	0.0	0.0	0.0	0.0	0.0	0.0	0.25	0.0	0.0	0.0	0.0
100	0.92	0.2	0.0	0.0	0.166666666667	0.0	0.0	0.0	0.0	0.285714285714	0.25	0.2	0.285714285714	0.0	0.142857142857	0.2
150	0.98	0.142857142857	0.333333333333	0.2	0.166666666667	0.333333333333	0.285714285714	0.333333333333	0.2	0.375	0.333333333333	0.444444444444	0.285714285714	0.166666666667	0.25	0.2
200	1.0	0.222222222222	0.333333333333	0.333333333333	0.166666666667	0.545454545455	0.375	0.5	0.333333333333	0.416666666667	0.428571428571	0.5	0.375	0.375	0.4	0.333333333333
250	1.0	0.3	0.25	0.454545454545	0.166666666667	0.583333333333	0.375	0.5	0.454545454545	0.461538461538	0.5	0.5	0.444444444444	0.444444444444	0.4	0.375
300	1.0	0.363636363636	0.25	0.454545454545	0.285714285714	0.642857142857	0.333333333333	0.5	0.5	0.5	0.583333333333	0.5	0.4	0.454545454545	0.538461538462	0.5
350	1.0	0.416666666667	0.4	0.5	0.444444444444	0.642857142857	0.4	0.5	0.5	0.533333333333	0.583333333333	0.545454545455	0.454545454545	0.538461538462	0.5	0.545454545455
400	1.0	0.416666666667	0.4	0.571428571429	0.5	0.666666666667	0.363636363636	0.5	0.538461538462	0.533333333333	0.615384615385	0.545454545455	0.454545454545	0.571428571429	0.533333333333	0.583333333333
450	1.0	0.416666666667	0.5	0.533333333333	0.545454545455	0.666666666667	0.461538461538	0.545454545455	0.538461538462	0.5625	0.615384615385	0.545454545455	0.454545454545	0.6	0.533333333333	0.615384615385
500	0.98	0.5	0.538461538462	0.533333333333	0.583333333333	0.666666666667	0.461538461538	0.545454545455	0.571428571429	0.5625	0.615384615385	0.545454545455	0.454545454545	0.6	0.533333333333	0.615384615385
550	0.92	0.533333333333	0.6	0.533333333333	0.666666666667	0.6875	0.461538461538	0.583333333333	0.6	0.5625	0.615384615385	0.615384615385	0.5	0.666666666667	0.533333333333	0.642857142857
600	1.0	0.533333333333	0.6	0.5625	0.6875	0.6875	0.461538461538	0.642857142857	0.647058823529	0.588235294118	0.642857142857	0.6875	0.5	0.7	0.533333333333	0.642857142857
650	0.94	0.533333333333	0.666666666667	0.588235294118	0.722222222222	0.705882352941	0.461538461538	0.705882352941	0.647058823529	0.588235294118	0.705882352941	0.705882352941	0.5	0.7	0.5625	0.6875
700	0.98	0.533333333333	0.684210526316	0.588235294118	0.684210526316	0.736842105263	0.533333333333	0.75	0.684210526316	0.588235294118	0.705882352941	0.705882352941	0.538461538462	0.7	0.5625	0.6875
750	0.94	0.588235294118	0.7	0.611111111111	0.684210526316	0.75	0.611111111111	0.75	0.684210526316	0.588235294118	0.736842105263	0.705882352941	0.538461538462	0.714285714286	0.588235294118	0.705882352941
800	1.0	0.611111111111	0.7	0.65	0.684210526316	0.75	0.631578947368	0.772727272727	0.714285714286	0.588235294118	0.761904761905	0.705882352941	0.571428571429	0.714285714286	0.611111111111	0.705882352941
850	0.96	0.65	0.714285714286	0.666666666667	0.684210526316	0.761904761905	0.65	0.772727272727	0.727272727273	0.631578947368	0.772727272727	0.705882352941	0.571428571429	0.739130434783	0.631578947368	0.736842105263
900	0.92	0.695652173913	0.727272727273	0.666666666667	0.684210526316	0.791666666667	0.65	0.772727272727	0.727272727273	0.631578947368	0.782608695652	0.722222222222	0.571428571429	0.76	0.65	0.75
950	0.98	0.708333333333	0.727272727273	0.666666666667	0.684210526316	0.8	0.65	0.782608695652	0.727272727273	0.666666666667	0.791666666667	0.75	0.6	0.769230769231	0.65	0.761904761905
1000	0.96	0.730769230769	0.739130434783	0.681818181818	0.684210526316	0.8	0.65	0.791666666667	0.739130434783	0.681818181818	0.8	0.75	0.666666666667	0.769230769231	0.681818181818	0.761904761905
1050	0.98	0.730769230769	0.75	0.681818181818	0.727272727273	0.807692307692	0.65	0.8	0.75	0.681818181818	0.807692307692	0.772727272727	0.684210526316	0.785714285714	0.695652173913	0.772727272727
1100	0.94	0.740740740741	0.75	0.681818181818	0.75	0.814814814815	0.65	0.807692307692	0.769230769231	0.681818181818	0.807692307692	0.782608695652	0.7	0.785714285714	0.708333333333	0.791666666667
1150	0.98	0.75	0.76	0.681818181818	0.76	0.814814814815	0.65	0.807692307692	0.769230769231	0.695652173913	0.807692307692	0.782608695652	0.727272727273	0.785714285714	0.708333333333	0.8
1200	0.94	0.758620689655	0.777777777778	0.681818181818	0.769230769231	0.814814814815	0.681818181818	0.807692307692	0.769230769231	0.708333333333	0.807692307692	0.782608695652	0.739130434783	0.785714285714	0.740740740741	0.8
1250	0.96	0.758620689655	0.785714285714	0.708333333333	0.769230769231	0.814814814815	0.695652173913	0.807692307692	0.777777777778	0.72	0.807692307692	0.791666666667	0.739130434783	0.793103448276	0.75	0.807692307692
1300	0.9	0.766666666667	0.785714285714	0.708333333333	0.777777777778	0.814814814815	0.695652173913	0.814814814815	0.777777777778	0.72	0.807692307692	0.807692307692	0.739130434783	0.8125	0.75	0.814814814815
1350	1.0	0.78125	0.793103448276	0.730769230769	0.8	0.827586206897	0.695652173913	0.821428571429	0.793103448276	0.72	0.814814814815	0.821428571429	0.739130434783	0.8125	0.758620689655	0.821428571429
1400	0.98	0.787878787879	0.793103448276	0.730769230769	0.8	0.833333333333	0.708333333333	0.821428571429	0.8125	0.72	0.827586206897	0.833333333333	0.739130434783	0.8125	0.758620689655	0.821428571429
1450	0.94	0.787878787879	0.8	0.75	0.806451612903	0.838709677419	0.708333333333	0.827586206897	0.8125	0.730769230769	0.838709677419	0.833333333333	0.75	0.8125	0.758620689655	0.821428571429
1500	0.94	0.794117647059	0.806451612903	0.758620689655	0.806451612903	0.838709677419	0.72	0.827586206897	0.818181818182	0.740740740741	0.838709677419	0.833333333333	0.75	0.818181818182	0.766666666667	0.827586206897
1550	0.96	0.8	0.818181818182	0.758620689655	0.806451612903	0.84375	0.730769230769	0.833333333333	0.833333333333	0.75	0.84375	0.84375	0.75	0.823529411765	0.766666666667	0.833333333333
1600	0.98	0.805555555556	0.818181818182	0.766666666667	0.806451612903	0.848484848485	0.740740740741	0.838709677419	0.833333333333	0.75	0.848484848485	0.84375	0.75	0.828571428571	0.774193548387	0.833333333333
1650	0.98	0.810810810811	0.823529411765	0.766666666667	0.818181818182	0.848484848485	0.740740740741	0.848484848485	0.833333333333	0.75	0.848484848485	0.84375	0.769230769231	0.828571428571	0.774193548387	0.838709677419
1700	1.0	0.810810810811	0.828571428571	0.766666666667	0.818181818182	0.848484848485	0.740740740741	0.848484848485	0.833333333333	0.75	0.848484848485	0.848484848485	0.793103448276	0.833333333333	0.774193548387	0.838709677419
1750	0.94	0.810810810811	0.828571428571	0.766666666667	0.823529411765	0.848484848485	0.75	0.848484848485	0.833333333333	0.758620689655	0.852941176471	0.852941176471	0.8	0.837837837838	0.78125	0.838709677419
1800	1.0	0.810810810811	0.833333333333	0.766666666667	0.823529411765	0.852941176471	0.75	0.848484848485	0.833333333333	0.766666666667	0.852941176471	0.852941176471	0.8125	0.837837837838	0.787878787879	0.838709677419
1850	0.94	0.810810810811	0.837837837838	0.766666666667	0.828571428571	0.852941176471	0.758620689655	0.848484848485	0.833333333333	0.78125	0.852941176471	0.857142857143	0.818181818182	0.842105263158	0.787878787879	0.848484848485
1900	0.88	0.815789473684	0.842105263158	0.78125	0.828571428571	0.852941176471	0.766666666667	0.852941176471	0.833333333333	0.794117647059	0.857142857143	0.861111111111	0.823529411765	0.842105263158	0.794117647059	0.848484848485
1950	0.98	0.815789473684	0.842105263158	0.794117647059	0.828571428571	0.861111111111	0.774193548387	0.852941176471	0.837837837838	0.8	0.861111111111	0.864864864865	0.823529411765	0.85	0.794117647059	0.848484848485
2000	0.98	0.820512820513	0.842105263158	0.8	0.833333333333	0.864864864865	0.78125	0.857142857143	0.842105263158	0.8	0.861111111111	0.868421052632	0.828571428571	0.85	0.794117647059	0.848484848485
2050	0.98	0.820512820513	0.846153846154	0.8	0.837837837838	0.871794871795	0.794117647059	0.857142857143	0.846153846154	0.8	0.861111111111	0.868421052632	0.828571428571	0.85	0.8	0.848484848485
2100	0.96	0.825	0.85	0.810810810811	0.837837837838	0.871794871795	0.794117647059	0.857142857143	0.846153846154	0.815789473684	0.861111111111	0.868421052632	0.828571428571	0.85	0.8	0.852941176471
2150	1.0	0.829268292683	0.85	0.810810810811	0.842105263158	0.871794871795	0.794117647059	0.861111111111	0.846153846154	0.815789473684	0.861111111111	0.868421052632	0.828571428571	0.853658536585	0.8	0.852941176471
2200	0.98	0.829268292683	0.860465116279	0.810810810811	0.842105263158	0.875	0.794117647059	0.864864864865	0.857142857143	0.815789473684	0.861111111111	0.868421052632	0.828571428571	0.853658536585	0.8	0.852941176471
2250	1.0	0.829268292683	0.863636363636	0.810810810811	0.846153846154	0.875	0.8	0.868421052632	0.860465116279	0.825	0.864864864865	0.871794871795	0.828571428571	0.853658536585	0.8	0.852941176471
2300	0.96	0.829268292683	0.863636363636	0.815789473684	0.846153846154	0.875	0.8	0.868421052632	0.863636363636	0.825	0.868421052632	0.871794871795	0.833333333333	0.853658536585	0.815789473684	0.852941176471
2350	0.96	0.833333333333	0.866666666667	0.815789473684	0.846153846154	0.880952380952	0.8	0.871794871795	0.869565217391	0.825	0.871794871795	0.875	0.837837837838	0.853658536585	0.820512820513	0.852941176471
2400	0.96	0.833333333333	0.869565217391	0.815789473684	0.846153846154	0.880952380952	0.8	0.871794871795	0.869565217391	0.829268292683	0.871794871795	0.878048780488	0.842105263158	0.853658536585	0.825	0.861111111111
2450	0.98	0.837209302326	0.872340425532	0.815789473684	0.860465116279	0.880952380952	0.805555555556	0.875	0.869565217391	0.840909090909	0.871794871795	0.883720930233	0.842105263158	0.853658536585	0.829268292683	0.861111111111
2500	0.92	0.837209302326	0.872340425532	0.815789473684	0.860465116279	0.883720930233	0.810810810811	0.875	0.875	0.844444444444	0.871794871795	0.883720930233	0.846153846154	0.853658536585	0.829268292683	0.868421052632
2550	0.98	0.840909090909	0.872340425532	0.820512820513	0.860465116279	0.883720930233	0.810810810811	0.875	0.877551020408	0.844444444444	0.871794871795	0.883720930233	0.846153846154	0.860465116279	0.833333333333	0.868421052632
2600	0.96	0.844444444444	0.872340425532	0.825	0.863636363636	0.883720930233	0.810810810811	0.875	0.877551020408	0.844444444444	0.875	0.886363636364	0.846153846154	0.860465116279	0.837209302326	0.871794871795
2650	0.9	0.844444444444	0.872340425532	0.825	0.863636363636	0.883720930233	0.810810810811	0.875	0.877551020408	0.847826086957	0.878048780488	0.886363636364	0.85	0.860465116279	0.840909090909	0.871794871795
2700	0.94	0.844444444444	0.875	0.825	0.866666666667	0.883720930233	0.810810810811	0.875	0.877551020408	0.851063829787	0.878048780488	0.886363636364	0.853658536585	0.863636363636	0.840909090909	0.871794871795
2750	0.98	0.844444444444	0.877551020408	0.825	0.869565217391	0.883720930233	0.810810810811	0.875	0.88	0.854166666667	0.883720930233	0.886363636364	0.857142857143	0.866666666667	0.851063829787	0.875
2800	1.0	0.844444444444	0.88	0.829268292683	0.869565217391	0.888888888889	0.810810810811	0.878048780488	0.92	0.854166666667	0.883720930233	0.891304347826	0.857142857143	0.866666666667	0.851063829787	0.875
2850	0.98	0.851063829787	0.88	0.829268292683	0.869565217391	0.893617021277	0.810810810811	0.878048780488	0.94	0.854166666667	0.886363636364	0.891304347826	0.860465116279	0.866666666667	0.851063829787	0.875
2900	0.96	0.851063829787	0.88	0.833333333333	0.872340425532	0.893617021277	0.810810810811	0.878048780488	0.96	0.86	0.886363636364	0.891304347826	0.860465116279	0.869565217391	0.851063829787	0.878048780488
2950	0.88	0.857142857143	0.9	0.837209302326	0.875	0.893617021277	0.810810810811	0.878048780488	0.98	0.86	0.888888888889	0.891304347826	0.863636363636	0.869565217391	0.851063829787	0.878048780488
3000	0.98	0.857142857143	0.9	0.851063829787	0.877551020408	0.893617021277	0.815789473684	0.880952380952	0.98	0.88	0.888888888889	0.891304347826	0.866666666667	0.869565217391	0.851063829787	0.878048780488
3050	1.0	0.857142857143	0.9	0.854166666667	0.877551020408	0.893617021277	0.815789473684	0.880952380952	0.98	0.88	0.891304347826	0.891304347826	0.866666666667	0.869565217391	0.851063829787	0.880952380952
3100	0.92	0.857142857143	0.9	0.854166666667	0.88	0.893617021277	0.815789473684	0.880952380952	0.98	0.88	0.891304347826	0.891304347826	0.866666666667	0.872340425532	0.854166666667	0.880952380952
3150	0.94	0.86	0.9	0.854166666667	0.88	0.895833333333	0.825	0.886363636364	1.0	0.88	0.895833333333	0.891304347826	0.869565217391	0.875	0.854166666667	0.880952380952
3200	1.0	0.88	0.92	0.854166666667	0.9	0.897959183673	0.825	0.886363636364	1.0	0.9	0.897959183673	0.891304347826	0.869565217391	0.875	0.857142857143	0.883720930233
3250	0.94	0.88	0.96	0.857142857143	0.92	0.9	0.825	0.888888888889	1.0	0.9	0.897959183673	0.891304347826	0.872340425532	0.875	0.857142857143	0.883720930233
3300	0.96	0.88	0.96	0.86	0.94	0.9	0.825	0.888888888889	1.0	0.94	0.9	0.893617021277	0.872340425532	0.877551020408	0.86	0.883720930233
3350	0.96	0.9	0.96	0.86	0.94	0.92	0.825	0.891304347826	1.0	0.96	0.92	0.893617021277	0.872340425532	0.88	0.92	0.888888888889
3400	0.96	0.94	0.96	0.9	0.94	0.92	0.829268292683	0.893617021277	1.0	0.96	0.92	0.893617021277	0.872340425532	0.88	0.94	0.888888888889
3450	0.98	0.94	0.96	0.9	0.94	0.92	0.829268292683	0.897959183673	1.0	0.96	0.96	0.893617021277	0.872340425532	0.92	0.94	0.891304347826
3500	0.92	0.96	0.98	0.9	0.96	0.92	0.829268292683	0.9	1.0	0.96	0.96	0.893617021277	0.872340425532	0.92	0.96	0.891304347826
3550	0.96	0.96	1.0	0.92	0.98	0.96	0.829268292683	0.92	1.0	0.96	0.96	0.893617021277	0.872340425532	0.92	0.98	0.893617021277
3600	1.0	0.96	1.0	0.94	0.98	0.98	0.837209302326	0.92	1.0	0.96	0.98	0.895833333333	0.872340425532	0.94	0.98	0.897959183673
3650	1.0	1.0	1.0	0.94	0.98	0.98	0.837209302326	0.92	1.0	0.96	0.98	0.895833333333	0.875	0.94	0.98	0.92
3700	0.94	1.0	1.0	0.96	0.98	0.98	0.837209302326	0.94	1.0	0.96	1.0	0.895833333333	0.877551020408	0.96	0.98	0.94
3750	0.96	1.0	1.0	0.96	0.98	0.98	0.844444444444	0.96	1.0	0.96	1.0	0.895833333333	0.877551020408	0.98	0.98	0.94
3800	0.96	1.0	1.0	0.98	0.98	0.98	0.847826086957	0.98	1.0	0.96	1.0	0.895833333333	0.88	0.98	0.98	0.98
3850	0.94	1.0	1.0	0.98	0.98	0.98	0.847826086957	0.98	1.0	0.96	1.0	0.895833333333	0.92	0.98	0.98	0.98
3900	0.94	1.0	1.0	0.98	0.98	0.98	0.851063829787	0.98	1.0	0.96	1.0	0.895833333333	0.92	0.98	0.98	1.0
3950	0.98	1.0	1.0	0.98	0.98	0.98	0.854166666667	0.98	1.0	0.98	1.0	0.897959183673	0.92	1.0	0.98	1.0
4000	1.0	1.0	1.0	0.98	0.98	0.98	0.857142857143	0.98	1.0	1.0	1.0	0.897959183673	0.92	1.0	0.98	1.0
4050	0.98	1.0	1.0	0.98	0.98	0.98	0.857142857143	0.98	1.0	1.0	1.0	0.9	0.94	1.0	0.98	1.0
4100	0.98	1.0	1.0	0.98	0.98	0.98	0.857142857143	0.98	1.0	1.0	1.0	0.96	0.94	1.0	0.98	1.0
4150	0.98	1.0	1.0	1.0	0.98	0.98	0.857142857143	0.98	1.0	1.0	1.0	0.96	0.96	1.0	0.98	1.0
4200	0.96	1.0	1.0	1.0	0.98	0.98	0.857142857143	0.98	1.0	1.0	1.0	0.98	0.96	1.0	0.98	1.0
4250	1.0	1.0	1.0	1.0	0.98	0.98	0.857142857143	0.98	1.0	1.0	1.0	0.98	0.96	1.0	0.98	1.0
4300	0.96	1.0	1.0	1.0	0.98	1.0	0.857142857143	0.98	1.0	1.0	1.0	1.0	0.98	1.0	1.0	1.0
4350	1.0	1.0	1.0	1.0	0.98	1.0	0.86	0.98	1.0	1.0	1.0	1.0	0.98	1.0	1.0	1.0
4400	0.92	1.0	1.0	1.0	0.98	1.0	0.86	0.98	1.0	1.0	1.0	1.0	0.98	1.0	1.0	1.0
4450	0.98	1.0	1.0	1.0	0.98	1.0	0.86	0.98	1.0	1.0	1.0	1.0	0.98	1.0	1.0	1.0
4500	0.98	1.0	1.0	1.0	0.98	1.0	0.88	0.98	1.0	1.0	1.0	1.0	0.98	1.0	1.0	1.0
4550	1.0	1.0	1.0	1.0	0.98	1.0	0.88	0.98	1.0	1.0	1.0	1.0	0.98	1.0	1.0	1.0
4600	1.0	1.0	1.0	1.0	0.98	1.0	0.9	0.98	1.0	1.0	1.0	1.0	0.98	1.0	1.0	1.0
4650	0.98	1.0	1.0	1.0	0.98	1.0	0.9	0.98	1.0	1.0	1.0	1.0	1.0	1.0	1.0	1.0
4700	0.92	1.0	1.0	1.0	1.0	1.0	0.9	0.98	1.0	1.0	1.0	1.0	1.0	1.0	1.0	1.0
4750	0.98	1.0	1.0	1.0	1.0	1.0	0.9	0.98	1.0	1.0	1.0	1.0	1.0	1.0	1.0	1.0
4800	0.9	1.0	1.0	1.0	1.0	1.0	0.94	0.98	1.0	1.0	1.0	1.0	1.0	1.0	1.0	1.0
4850	1.0	1.0	1.0	1.0	1.0	1.0	0.96	1.0	1.0	1.0	1.0	1.0	1.0	1.0	1.0	1.0
4900	0.94	1.0	1.0	1.0	1.0	1.0	0.96	1.0	1.0	1.0	1.0	1.0	1.0	1.0	1.0	1.0
4950	1.0	1.0	1.0	1.0	1.0	1.0	0.96	1.0	1.0	1.0	1.0	1.0	1.0	1.0	1.0	1.0
5000	0.96	1.0	1.0	1.0	1.0	1.0	0.98	1.0	1.0	1.0	1.0	1.0	1.0	1.0	1.0	1.0
5050	0.96	1.0	1.0	1.0	1.0	1.0	0.98	1.0	1.0	1.0	1.0	1.0	1.0	1.0	1.0	1.0
5100	0.98	1.0	1.0	1.0	1.0	1.0	0.98	1.0	1.0	1.0	1.0	1.0	1.0	1.0	1.0	1.0
5150	0.98	1.0	1.0	1.0	1.0	1.0	0.98	1.0	1.0	1.0	1.0	1.0	1.0	1.0	1.0	1.0
5200	0.98	1.0	1.0	1.0	1.0	1.0	0.98	1.0	1.0	1.0	1.0	1.0	1.0	1.0	1.0	1.0
5250	0.98	1.0	1.0	1.0	1.0	1.0	0.98	1.0	1.0	1.0	1.0	1.0	1.0	1.0	1.0	1.0
5300	0.94	1.0	1.0	1.0	1.0	1.0	0.98	1.0	1.0	1.0	1.0	1.0	1.0	1.0	1.0	1.0
5350	0.98	1.0	1.0	1.0	1.0	1.0	0.98	1.0	1.0	1.0	1.0	1.0	1.0	1.0	1.0	1.0
5400	0.86	1.0	1.0	1.0	1.0	1.0	0.98	1.0	1.0	1.0	1.0	1.0	1.0	1.0	1.0	1.0
5450	0.98	1.0	1.0	1.0	1.0	1.0	0.98	1.0	1.0	1.0	1.0	1.0	1.0	1.0	1.0	1.0
5500	1.0	1.0	1.0	1.0	1.0	1.0	0.98	1.0	1.0	1.0	1.0	1.0	1.0	1.0	1.0	1.0
5550	1.0	1.0	1.0	1.0	1.0	1.0	1.0	1.0	1.0	1.0	1.0	1.0	1.0	1.0	1.0	1.0
5600	0.98	1.0	1.0	1.0	1.0	1.0	1.0	1.0	1.0	1.0	1.0	1.0	1.0	1.0	1.0	1.0
5650	0.98	1.0	1.0	1.0	1.0	1.0	1.0	1.0	1.0	1.0	1.0	1.0	1.0	1.0	1.0	1.0
5700	0.94	1.0	1.0	1.0	1.0	1.0	1.0	1.0	1.0	1.0	1.0	1.0	1.0	1.0	1.0	1.0
5750	0.98	1.0	1.0	1.0	1.0	1.0	1.0	1.0	1.0	1.0	1.0	1.0	1.0	1.0	1.0	1.0
5800	0.96	1.0	1.0	1.0	1.0	1.0	1.0	1.0	1.0	1.0	1.0	1.0	1.0	1.0	1.0	1.0
5850	0.96	1.0	1.0	1.0	1.0	1.0	1.0	1.0	1.0	1.0	1.0	1.0	1.0	1.0	1.0	1.0
5900	0.96	1.0	1.0	1.0	1.0	1.0	1.0	1.0	1.0	1.0	1.0	1.0	1.0	1.0	1.0	1.0
5950	0.98	1.0	1.0	1.0	1.0	1.0	1.0	1.0	1.0	1.0	1.0	1.0	1.0	1.0	1.0	1.0
6000	0.98	1.0	1.0	1.0	1.0	1.0	1.0	1.0	1.0	1.0	1.0	1.0	1.0	1.0	1.0	1.0
6050	0.96	1.0	1.0	1.0	1.0	1.0	1.0	1.0	1.0	1.0	1.0	1.0	1.0	1.0	1.0	1.0
6100	0.96	1.0	1.0	1.0	1.0	1.0	1.0	1.0	1.0	1.0	1.0	1.0	1.0	1.0	1.0	1.0
6150	0.96	1.0	1.0	1.0	1.0	1.0	1.0	1.0	1.0	1.0	1.0	1.0	1.0	1.0	1.0	1.0
6200	0.98	1.0	1.0	1.0	1.0	1.0	1.0	1.0	1.0	1.0	1.0	1.0	1.0	1.0	1.0	1.0
6250	0.94	1.0	1.0	1.0	1.0	1.0	1.0	1.0	1.0	1.0	1.0	1.0	1.0	1.0	1.0	1.0
6300	0.98	1.0	1.0	1.0	1.0	1.0	1.0	1.0	1.0	1.0	1.0	1.0	1.0	1.0	1.0	1.0
6350	0.96	1.0	1.0	1.0	1.0	1.0	1.0	1.0	1.0	1.0	1.0	1.0	1.0	1.0	1.0	1.0
6400	1.0	1.0	1.0	1.0	1.0	1.0	1.0	1.0	1.0	1.0	1.0	1.0	1.0	1.0	1.0	1.0
6450	0.98	1.0	1.0	1.0	1.0	1.0	1.0	1.0	1.0	1.0	1.0	1.0	1.0	1.0	1.0	1.0
6500	0.94	1.0	1.0	1.0	1.0	1.0	1.0	1.0	1.0	1.0	1.0	1.0	1.0	1.0	1.0	1.0
6550	0.88	1.0	1.0	1.0	1.0	1.0	1.0	1.0	1.0	1.0	1.0	1.0	1.0	1.0	1.0	1.0
6600	1.0	1.0	1.0	1.0	1.0	1.0	1.0	1.0	1.0	1.0	1.0	1.0	1.0	1.0	1.0	1.0
6650	0.98	1.0	1.0	1.0	1.0	1.0	1.0	1.0	1.0	1.0	1.0	1.0	1.0	1.0	1.0	1.0
6700	0.98	1.0	1.0	1.0	1.0	1.0	1.0	1.0	1.0	1.0	1.0	1.0	1.0	1.0	1.0	1.0
6750	0.94	1.0	1.0	1.0	1.0	1.0	1.0	1.0	1.0	1.0	1.0	1.0	1.0	1.0	1.0	1.0
6800	0.98	1.0	1.0	1.0	1.0	1.0	1.0	1.0	1.0	1.0	1.0	1.0	1.0	1.0	1.0	1.0
6850	1.0	1.0	1.0	1.0	1.0	1.0	1.0	1.0	1.0	1.0	1.0	1.0	1.0	1.0	1.0	1.0
6900	0.98	1.0	1.0	1.0	1.0	1.0	1.0	1.0	1.0	1.0	1.0	1.0	1.0	1.0	1.0	1.0
6950	0.96	1.0	1.0	1.0	1.0	1.0	1.0	1.0	1.0	1.0	1.0	1.0	1.0	1.0	1.0	1.0
7000	0.96	1.0	1.0	1.0	1.0	1.0	1.0	1.0	1.0	1.0	1.0	1.0	1.0	1.0	1.0	1.0
7050	0.94	1.0	1.0	1.0	1.0	1.0	1.0	1.0	1.0	1.0	1.0	1.0	1.0	1.0	1.0	1.0
7100	0.94	1.0	1.0	1.0	1.0	1.0	1.0	1.0	1.0	1.0	1.0	1.0	1.0	1.0	1.0	1.0
7150	0.98	1.0	1.0	1.0	1.0	1.0	1.0	1.0	1.0	1.0	1.0	1.0	1.0	1.0	1.0	1.0
7200	0.96	1.0	1.0	1.0	1.0	1.0	1.0	1.0	1.0	1.0	1.0	1.0	1.0	1.0	1.0	1.0
7250	0.98	1.0	1.0	1.0	1.0	1.0	1.0	1.0	1.0	1.0	1.0	1.0	1.0	1.0	1.0	1.0
7300	0.98	1.0	1.0	1.0	1.0	1.0	1.0	1.0	1.0	1.0	1.0	1.0	1.0	1.0	1.0	1.0
7350	0.96	1.0	1.0	1.0	1.0	1.0	1.0	1.0	1.0	1.0	1.0	1.0	1.0	1.0	1.0	1.0
7400	0.94	1.0	1.0	1.0	1.0	1.0	1.0	1.0	1.0	1.0	1.0	1.0	1.0	1.0	1.0	1.0
7450	1.0	1.0	1.0	1.0	1.0	1.0	1.0	1.0	1.0	1.0	1.0	1.0	1.0	1.0	1.0	1.0
7500	0.98	1.0	1.0	1.0	0.98	1.0	1.0	1.0	1.0	1.0	1.0	1.0	1.0	1.0	1.0	1.0
7550	0.96	1.0	1.0	1.0	0.98	1.0	1.0	1.0	1.0	1.0	1.0	1.0	1.0	1.0	1.0	1.0
7600	0.94	1.0	1.0	1.0	0.98	1.0	1.0	1.0	1.0	1.0	1.0	1.0	1.0	1.0	1.0	1.0
7650	0.96	1.0	1.0	1.0	0.98	1.0	1.0	1.0	1.0	1.0	1.0	1.0	1.0	1.0	1.0	1.0
7700	0.98	1.0	1.0	1.0	0.98	1.0	1.0	1.0	1.0	1.0	1.0	1.0	1.0	1.0	1.0	1.0
7750	0.98	1.0	1.0	1.0	0.98	1.0	1.0	1.0	1.0	1.0	1.0	1.0	1.0	1.0	1.0	1.0
7800	0.96	1.0	1.0	1.0	0.98	1.0	1.0	1.0	1.0	1.0	1.0	1.0	1.0	1.0	1.0	1.0
7850	0.92	1.0	1.0	1.0	0.98	1.0	1.0	1.0	1.0	1.0	1.0	1.0	1.0	1.0	1.0	1.0
7900	0.94	1.0	1.0	1.0	0.98	1.0	1.0	1.0	1.0	1.0	1.0	1.0	1.0	1.0	1.0	1.0
7950	0.96	1.0	1.0	1.0	0.98	1.0	1.0	1.0	1.0	1.0	1.0	1.0	1.0	1.0	1.0	1.0
8000	0.98	1.0	1.0	1.0	0.98	1.0	1.0	1.0	1.0	1.0	1.0	1.0	1.0	1.0	1.0	1.0
8050	0.92	1.0	1.0	1.0	0.98	1.0	1.0	1.0	1.0	1.0	1.0	1.0	1.0	1.0	1.0	1.0
8100	1.0	1.0	1.0	1.0	0.98	1.0	1.0	1.0	1.0	1.0	1.0	1.0	1.0	1.0	1.0	1.0
8150	0.96	1.0	1.0	1.0	0.98	1.0	1.0	1.0	1.0	1.0	1.0	1.0	1.0	1.0	1.0	1.0
8200	0.94	1.0	1.0	1.0	0.98	1.0	1.0	1.0	1.0	1.0	1.0	1.0	1.0	1.0	1.0	1.0
8250	0.94	1.0	1.0	1.0	0.98	1.0	1.0	1.0	1.0	1.0	1.0	1.0	1.0	1.0	1.0	1.0
8300	0.96	1.0	1.0	1.0	0.98	1.0	1.0	1.0	1.0	1.0	1.0	1.0	1.0	1.0	1.0	1.0
8350	0.96	1.0	1.0	1.0	0.98	1.0	1.0	1.0	1.0	1.0	1.0	1.0	1.0	1.0	1.0	1.0
8400	0.9	1.0	1.0	1.0	0.98	1.0	1.0	1.0	1.0	1.0	1.0	1.0	1.0	1.0	1.0	1.0
8450	0.96	1.0	1.0	1.0	0.98	1.0	1.0	1.0	1.0	1.0	1.0	1.0	1.0	1.0	1.0	1.0
8500	0.94	1.0	1.0	1.0	0.98	1.0	1.0	1.0	1.0	1.0	1.0	1.0	1.0	1.0	1.0	1.0
8550	0.96	1.0	1.0	1.0	0.98	1.0	1.0	1.0	1.0	1.0	1.0	1.0	1.0	1.0	1.0	1.0
8600	0.96	1.0	1.0	1.0	0.98	1.0	1.0	1.0	1.0	1.0	1.0	1.0	1.0	1.0	1.0	1.0
8650	0.94	1.0	1.0	1.0	0.98	1.0	1.0	1.0	1.0	1.0	1.0	1.0	1.0	1.0	1.0	1.0
8700	0.96	1.0	1.0	1.0	0.98	1.0	1.0	1.0	1.0	1.0	1.0	1.0	1.0	1.0	1.0	1.0
8750	0.98	1.0	1.0	0.98	0.98	1.0	1.0	1.0	1.0	1.0	1.0	1.0	1.0	1.0	1.0	1.0
8800	0.98	1.0	1.0	0.98	0.98	1.0	1.0	1.0	1.0	1.0	1.0	1.0	1.0	1.0	1.0	1.0
8850	0.98	1.0	1.0	0.98	0.98	1.0	1.0	1.0	1.0	1.0	1.0	1.0	1.0	1.0	1.0	1.0
8900	0.92	1.0	1.0	0.98	0.98	1.0	1.0	1.0	1.0	1.0	1.0	1.0	1.0	1.0	1.0	1.0
8950	0.9	1.0	1.0	0.98	0.98	1.0	1.0	1.0	1.0	1.0	1.0	1.0	1.0	1.0	1.0	1.0
9000	0.94	1.0	1.0	0.98	0.98	1.0	1.0	1.0	1.0	1.0	1.0	1.0	1.0	1.0	1.0	1.0
9050	0.94	1.0	1.0	0.98	0.98	1.0	1.0	1.0	1.0	1.0	1.0	1.0	1.0	1.0	1.0	1.0
9100	0.98	1.0	1.0	0.98	0.98	1.0	1.0	1.0	1.0	1.0	1.0	1.0	1.0	1.0	1.0	1.0
9150	0.94	1.0	1.0	0.96	0.98	1.0	1.0	1.0	1.0	1.0	1.0	1.0	1.0	1.0	1.0	1.0
9200	0.94	1.0	1.0	0.96	0.98	1.0	1.0	1.0	1.0	1.0	1.0	1.0	1.0	1.0	1.0	1.0
9250	0.98	1.0	1.0	0.96	0.98	1.0	1.0	1.0	1.0	1.0	1.0	1.0	1.0	1.0	1.0	1.0
9300	1.0	1.0	1.0	0.96	0.98	1.0	1.0	1.0	1.0	1.0	1.0	1.0	1.0	1.0	1.0	1.0
9350	0.98	1.0	1.0	0.96	0.98	1.0	1.0	1.0	1.0	1.0	1.0	1.0	1.0	1.0	1.0	1.0
9400	0.94	1.0	1.0	0.96	0.98	1.0	1.0	1.0	1.0	1.0	1.0	1.0	1.0	1.0	1.0	1.0
9450	0.92	1.0	1.0	0.96	0.98	1.0	1.0	1.0	1.0	1.0	1.0	1.0	1.0	1.0	1.0	1.0
9500	0.96	1.0	1.0	0.96	0.98	1.0	1.0	1.0	1.0	1.0	1.0	1.0	1.0	1.0	1.0	1.0
9550	0.9	1.0	1.0	0.96	0.98	1.0	1.0	1.0	1.0	1.0	1.0	1.0	1.0	1.0	1.0	1.0
9600	0.94	1.0	1.0	0.96	0.98	1.0	1.0	1.0	1.0	1.0	1.0	1.0	1.0	1.0	1.0	1.0
9650	0.96	1.0	1.0	0.96	0.98	1.0	1.0	1.0	1.0	1.0	1.0	1.0	1.0	1.0	1.0	1.0
9700	0.92	1.0	1.0	0.96	0.98	1.0	1.0	1.0	1.0	1.0	1.0	1.0	1.0	1.0	1.0	1.0
9750	0.96	1.0	1.0	0.96	0.98	1.0	1.0	1.0	1.0	1.0	1.0	1.0	1.0	1.0	1.0	1.0
9800	0.96	1.0	1.0	0.96	0.98	1.0	1.0	1.0	1.0	1.0	1.0	1.0	1.0	1.0	1.0	1.0
9850	1.0	1.0	1.0	0.96	0.98	1.0	1.0	1.0	1.0	1.0	1.0	1.0	1.0	1.0	1.0	1.0
9900	1.0	1.0	1.0	0.96	0.98	1.0	1.0	1.0	1.0	1.0	1.0	1.0	1.0	1.0	1.0	1.0
9950	0.94	1.0	1.0	0.96	0.98	1.0	1.0	1.0	1.0	1.0	1.0	1.0	1.0	1.0	1.0	1.0
10000	0.96	1.0	1.0	0.96	0.98	1.0	1.0	1.0	1.0	1.0	1.0	1.0	1.0	1.0	1.0	1.0
10050	0.98	1.0	1.0	0.96	0.98	1.0	1.0	1.0	1.0	1.0	1.0	1.0	1.0	1.0	1.0	1.0
10100	0.98	1.0	1.0	0.96	0.98	1.0	1.0	1.0	1.0	1.0	1.0	1.0	1.0	1.0	1.0	1.0
10150	1.0	1.0	1.0	0.96	0.98	1.0	1.0	1.0	1.0	1.0	1.0	1.0	1.0	1.0	1.0	1.0
10200	1.0	1.0	1.0	0.96	0.98	1.0	1.0	1.0	1.0	1.0	1.0	1.0	1.0	1.0	1.0	1.0
10250	1.0	1.0	1.0	0.96	0.98	1.0	1.0	1.0	1.0	1.0	1.0	1.0	1.0	1.0	1.0	1.0
10300	0.96	1.0	1.0	0.96	0.98	1.0	1.0	1.0	1.0	1.0	1.0	1.0	1.0	1.0	1.0	1.0
10350	0.98	1.0	1.0	0.96	0.98	1.0	1.0	1.0	1.0	1.0	1.0	1.0	1.0	1.0	1.0	1.0
10400	0.98	1.0	1.0	0.96	0.98	1.0	1.0	1.0	1.0	1.0	1.0	1.0	1.0	1.0	1.0	1.0
10450	0.98	1.0	1.0	0.96	0.98	1.0	1.0	1.0	1.0	1.0	1.0	1.0	1.0	1.0	1.0	1.0
10500	1.0	1.0	1.0	0.96	0.98	1.0	1.0	1.0	1.0	1.0	1.0	1.0	1.0	1.0	1.0	1.0
10550	1.0	1.0	1.0	0.96	0.98	1.0	1.0	1.0	1.0	1.0	1.0	1.0	1.0	1.0	1.0	1.0
10600	0.98	1.0	1.0	0.96	0.98	1.0	1.0	1.0	1.0	1.0	1.0	1.0	1.0	1.0	1.0	1.0
10650	1.0	1.0	1.0	0.96	0.98	1.0	1.0	1.0	1.0	1.0	1.0	1.0	1.0	1.0	1.0	1.0
10700	1.0	1.0	1.0	0.96	0.98	1.0	1.0	1.0	1.0	1.0	1.0	1.0	1.0	1.0	1.0	1.0
10750	1.0	1.0	1.0	0.96	0.98	1.0	1.0	1.0	1.0	1.0	1.0	1.0	1.0	1.0	1.0	1.0
10800	0.98	1.0	1.0	0.96	0.98	1.0	1.0	1.0	1.0	1.0	1.0	1.0	1.0	1.0	1.0	1.0
10850	0.98	1.0	1.0	0.96	0.98	1.0	1.0	1.0	1.0	1.0	1.0	1.0	1.0	1.0	1.0	1.0
10900	0.96	1.0	1.0	0.96	0.98	1.0	1.0	1.0	1.0	1.0	1.0	1.0	1.0	1.0	1.0	1.0
10950	0.98	1.0	1.0	0.96	0.98	1.0	1.0	1.0	1.0	1.0	1.0	1.0	1.0	1.0	1.0	1.0
11000	1.0	1.0	1.0	0.96	0.98	1.0	1.0	1.0	1.0	1.0	1.0	1.0	1.0	1.0	1.0	1.0
11050	0.98	1.0	1.0	0.96	0.98	1.0	1.0	1.0	1.0	1.0	1.0	1.0	1.0	1.0	1.0	1.0
11100	0.94	1.0	1.0	0.96	0.98	1.0	1.0	1.0	1.0	1.0	1.0	1.0	1.0	1.0	1.0	1.0
11150	0.94	1.0	1.0	0.96	0.98	1.0	1.0	1.0	1.0	1.0	1.0	1.0	1.0	1.0	1.0	1.0
11200	0.98	1.0	1.0	0.96	0.98	1.0	1.0	1.0	1.0	1.0	1.0	1.0	1.0	1.0	1.0	1.0
11250	0.98	1.0	1.0	0.96	0.98	1.0	1.0	1.0	1.0	1.0	1.0	1.0	1.0	1.0	1.0	1.0
11300	0.96	1.0	1.0	0.96	0.98	1.0	1.0	1.0	1.0	1.0	1.0	1.0	1.0	1.0	1.0	1.0
11350	1.0	1.0	1.0	0.96	0.98	1.0	1.0	1.0	1.0	1.0	1.0	1.0	1.0	1.0	1.0	1.0
11400	0.94	1.0	1.0	0.96	0.98	1.0	1.0	1.0	1.0	1.0	1.0	1.0	1.0	1.0	1.0	1.0
11450	0.96	1.0	1.0	0.96	0.98	1.0	1.0	1.0	1.0	1.0	1.0	1.0	1.0	1.0	1.0	1.0
11500	1.0	1.0	1.0	0.96	0.98	1.0	1.0	1.0	1.0	1.0	1.0	1.0	1.0	1.0	1.0	1.0
11550	1.0	1.0	1.0	0.96	0.98	1.0	1.0	1.0	1.0	1.0	1.0	1.0	1.0	1.0	1.0	1.0
11600	0.96	1.0	1.0	0.96	0.98	1.0	1.0	1.0	1.0	1.0	1.0	1.0	1.0	0.98	1.0	1.0
11650	0.96	1.0	1.0	0.96	0.98	1.0	1.0	1.0	1.0	1.0	1.0	1.0	1.0	0.98	1.0	1.0
11700	1.0	1.0	1.0	0.96	0.98	1.0	1.0	1.0	1.0	1.0	1.0	1.0	1.0	0.98	1.0	1.0
11750	0.96	1.0	1.0	0.96	0.98	1.0	1.0	1.0	1.0	1.0	1.0	1.0	1.0	0.98	1.0	1.0
11800	0.88	1.0	1.0	0.96	0.98	1.0	1.0	1.0	1.0	1.0	1.0	1.0	1.0	0.98	1.0	1.0
11850	0.96	1.0	1.0	0.96	0.98	1.0	1.0	1.0	1.0	1.0	1.0	1.0	1.0	0.98	1.0	1.0
11900	0.96	1.0	1.0	0.96	0.98	1.0	1.0	1.0	1.0	1.0	1.0	1.0	1.0	0.96	1.0	1.0
11950	0.96	1.0	1.0	0.96	0.98	1.0	1.0	1.0	1.0	1.0	1.0	1.0	1.0	0.96	1.0	1.0
12000	1.0	1.0	1.0	0.96	0.98	1.0	1.0	1.0	1.0	1.0	1.0	1.0	1.0	0.96	1.0	1.0
12050	0.94	1.0	1.0	0.96	0.98	1.0	1.0	1.0	1.0	1.0	1.0	1.0	1.0	0.96	1.0	1.0
12100	0.92	1.0	1.0	0.96	0.98	1.0	1.0	1.0	1.0	1.0	1.0	1.0	1.0	0.96	1.0	1.0
12150	0.98	1.0	1.0	0.96	0.98	1.0	1.0	1.0	1.0	1.0	1.0	1.0	1.0	0.96	1.0	1.0
12200	1.0	1.0	1.0	0.96	0.98	1.0	1.0	1.0	1.0	1.0	1.0	1.0	1.0	0.96	1.0	1.0
12250	0.94	1.0	1.0	0.96	0.98	1.0	1.0	1.0	1.0	1.0	1.0	1.0	1.0	0.96	1.0	1.0
12300	0.98	1.0	1.0	0.96	0.98	1.0	1.0	1.0	1.0	1.0	1.0	1.0	1.0	0.96	1.0	1.0
12350	0.96	1.0	1.0	0.96	0.98	1.0	1.0	1.0	1.0	1.0	1.0	1.0	1.0	0.96	1.0	1.0
12400	1.0	1.0	1.0	0.96	0.98	1.0	1.0	1.0	1.0	1.0	1.0	1.0	1.0	0.96	1.0	1.0
12450	0.9	1.0	1.0	0.96	0.98	1.0	1.0	1.0	1.0	1.0	1.0	1.0	1.0	0.96	1.0	1.0
12500	0.96	1.0	1.0	0.96	0.98	1.0	1.0	1.0	1.0	1.0	1.0	1.0	1.0	0.96	1.0	1.0
12550	0.98	1.0	1.0	0.96	0.98	1.0	1.0	1.0	1.0	1.0	1.0	1.0	1.0	0.96	1.0	1.0
12600	1.0	1.0	1.0	0.96	0.98	1.0	1.0	1.0	1.0	1.0	1.0	1.0	1.0	0.96	1.0	1.0
12650	0.96	1.0	1.0	0.96	0.98	1.0	1.0	1.0	1.0	1.0	1.0	1.0	1.0	0.96	1.0	1.0
12700	0.96	1.0	1.0	0.96	0.98	1.0	1.0	1.0	1.0	1.0	1.0	1.0	1.0	0.96	1.0	1.0
12750	0.98	1.0	1.0	0.96	0.98	1.0	1.0	1.0	1.0	1.0	1.0	1.0	1.0	0.96	1.0	1.0
12800	0.96	1.0	1.0	0.96	0.98	1.0	1.0	1.0	1.0	1.0	1.0	1.0	1.0	0.96	1.0	1.0
12850	0.92	1.0	1.0	0.96	0.98	1.0	1.0	1.0	1.0	1.0	1.0	1.0	1.0	0.96	1.0	1.0
12900	0.96	1.0	1.0	0.96	0.98	1.0	1.0	1.0	1.0	1.0	1.0	1.0	1.0	0.96	1.0	1.0
12950	0.98	1.0	1.0	0.96	0.98	1.0	1.0	1.0	1.0	1.0	1.0	1.0	1.0	0.96	1.0	1.0
13000	0.92	1.0	1.0	0.96	0.98	1.0	1.0	1.0	1.0	1.0	1.0	1.0	1.0	0.96	1.0	1.0
13050	0.98	1.0	1.0	0.96	0.98	1.0	1.0	1.0	1.0	1.0	1.0	1.0	1.0	0.96	1.0	1.0
13100	0.94	1.0	1.0	0.96	0.98	1.0	1.0	1.0	1.0	1.0	1.0	1.0	1.0	0.96	1.0	1.0
13150	0.88	1.0	1.0	0.96	0.98	1.0	1.0	1.0	1.0	1.0	1.0	1.0	1.0	0.96	1.0	1.0
13200	0.88	1.0	1.0	0.96	0.98	1.0	1.0	1.0	1.0	1.0	1.0	1.0	1.0	0.96	1.0	1.0
13250	0.94	1.0	1.0	0.96	0.98	1.0	1.0	1.0	1.0	1.0	1.0	1.0	1.0	0.96	1.0	1.0
13300	0.9	1.0	1.0	0.96	0.98	1.0	1.0	1.0	1.0	1.0	1.0	1.0	1.0	0.96	1.0	1.0
13350	0.96	1.0	1.0	0.96	0.98	1.0	1.0	1.0	1.0	1.0	1.0	1.0	1.0	0.96	1.0	1.0
13400	0.96	1.0	1.0	0.96	0.98	1.0	1.0	1.0	1.0	1.0	1.0	1.0	1.0	0.96	1.0	1.0
13450	0.94	1.0	1.0	0.96	0.98	1.0	1.0	1.0	1.0	1.0	1.0	1.0	1.0	0.96	1.0	1.0
13500	0.96	1.0	1.0	0.96	0.98	1.0	1.0	1.0	1.0	1.0	1.0	1.0	1.0	0.96	1.0	1.0
13550	0.9	1.0	1.0	0.96	0.98	1.0	1.0	1.0	1.0	1.0	1.0	1.0	1.0	0.96	1.0	1.0
13600	0.96	1.0	1.0	0.96	0.98	1.0	1.0	1.0	1.0	1.0	1.0	1.0	1.0	0.96	1.0	1.0
13650	0.96	1.0	1.0	0.96	0.98	1.0	1.0	1.0	1.0	1.0	1.0	1.0	1.0	0.96	1.0	1.0
13700	0.98	1.0	1.0	0.96	0.98	1.0	1.0	1.0	1.0	1.0	1.0	1.0	1.0	0.96	1.0	1.0
13750	0.96	1.0	1.0	0.96	0.98	1.0	1.0	1.0	1.0	1.0	1.0	1.0	1.0	0.96	1.0	1.0
13800	1.0	1.0	1.0	0.96	0.98	1.0	1.0	1.0	1.0	1.0	1.0	1.0	1.0	0.96	1.0	1.0
13850	0.98	1.0	1.0	0.96	0.98	1.0	1.0	1.0	1.0	1.0	1.0	1.0	1.0	0.96	1.0	1.0
13900	0.92	1.0	1.0	0.96	0.98	1.0	1.0	1.0	1.0	1.0	1.0	1.0	1.0	0.96	1.0	1.0
13950	0.98	1.0	1.0	0.96	0.98	1.0	1.0	1.0	1.0	1.0	1.0	1.0	1.0	0.96	1.0	1.0
14000	0.94	1.0	1.0	0.96	0.98	1.0	1.0	1.0	1.0	1.0	1.0	1.0	1.0	0.96	1.0	1.0
14050	0.96	1.0	1.0	0.96	0.98	1.0	1.0	1.0	1.0	1.0	1.0	1.0	1.0	0.96	1.0	1.0
14100	1.0	1.0	1.0	0.96	0.98	1.0	1.0	1.0	1.0	1.0	1.0	1.0	1.0	0.96	1.0	1.0
14150	0.94	1.0	1.0	0.96	0.98	1.0	1.0	1.0	1.0	1.0	1.0	1.0	1.0	0.96	1.0	1.0
14200	0.92	1.0	1.0	0.96	0.98	1.0	1.0	1.0	1.0	1.0	1.0	1.0	1.0	0.96	1.0	1.0
14250	0.96	1.0	1.0	0.96	0.98	1.0	1.0	1.0	1.0	1.0	1.0	1.0	1.0	0.96	1.0	1.0
14300	0.98	1.0	1.0	0.96	0.98	1.0	1.0	1.0	1.0	1.0	1.0	1.0	1.0	0.96	1.0	1.0
14350	0.96	1.0	1.0	0.96	0.98	1.0	1.0	1.0	1.0	1.0	1.0	1.0	1.0	0.96	1.0	1.0
14400	0.9	1.0	1.0	0.96	0.98	1.0	1.0	1.0	1.0	1.0	1.0	1.0	1.0	0.96	1.0	1.0
14450	1.0	1.0	1.0	0.96	0.98	1.0	1.0	1.0	1.0	1.0	1.0	1.0	1.0	0.96	1.0	1.0
14500	0.94	1.0	1.0	0.96	0.98	1.0	1.0	1.0	1.0	1.0	1.0	1.0	1.0	0.96	1.0	1.0
14550	0.96	1.0	1.0	0.96	0.98	1.0	1.0	1.0	1.0	1.0	1.0	1.0	1.0	0.96	1.0	1.0
14600	1.0	1.0	1.0	0.96	0.98	1.0	1.0	1.0	1.0	1.0	1.0	1.0	1.0	0.96	1.0	1.0
14650	0.96	1.0	1.0	0.96	0.98	1.0	1.0	1.0	1.0	1.0	1.0	1.0	1.0	0.96	1.0	1.0
14700	0.94	1.0	1.0	0.96	0.98	1.0	1.0	1.0	1.0	1.0	1.0	1.0	1.0	0.96	1.0	1.0
14750	0.96	1.0	1.0	0.96	1.0	1.0	1.0	1.0	1.0	1.0	1.0	1.0	1.0	0.96	1.0	1.0
14800	1.0	1.0	1.0	0.96	1.0	1.0	1.0	1.0	1.0	1.0	1.0	1.0	1.0	0.96	1.0	1.0
14850	0.96	1.0	1.0	0.96	1.0	1.0	1.0	1.0	1.0	1.0	1.0	1.0	1.0	0.96	1.0	1.0
14900	0.98	1.0	1.0	0.96	1.0	1.0	1.0	1.0	1.0	1.0	1.0	1.0	1.0	0.96	1.0	1.0
14950	0.96	1.0	1.0	0.96	1.0	1.0	1.0	1.0	1.0	1.0	1.0	1.0	1.0	0.96	1.0	1.0
15000	0.94	1.0	1.0	0.96	1.0	1.0	1.0	1.0	1.0	1.0	1.0	1.0	1.0	0.96	1.0	1.0
15050	1.0	1.0	1.0	0.96	1.0	1.0	1.0	1.0	1.0	1.0	1.0	1.0	1.0	0.96	1.0	1.0
15100	1.0	1.0	1.0	0.96	1.0	1.0	1.0	1.0	1.0	1.0	1.0	1.0	1.0	0.96	1.0	1.0
15150	0.96	1.0	1.0	0.96	1.0	1.0	1.0	1.0	1.0	1.0	1.0	1.0	1.0	0.96	1.0	1.0
15200	0.96	1.0	1.0	0.96	1.0	1.0	1.0	1.0	1.0	1.0	1.0	1.0	1.0	0.96	1.0	1.0
15250	0.98	1.0	1.0	0.96	1.0	1.0	1.0	1.0	1.0	1.0	1.0	1.0	1.0	0.96	1.0	1.0
15300	0.98	1.0	1.0	0.96	1.0	1.0	1.0	1.0	1.0	1.0	1.0	1.0	1.0	0.96	1.0	1.0
15350	1.0	1.0	1.0	0.96	1.0	1.0	1.0	1.0	1.0	1.0	1.0	1.0	1.0	0.96	1.0	1.0
15400	0.96	1.0	1.0	0.96	1.0	1.0	1.0	1.0	1.0	1.0	1.0	1.0	1.0	0.96	1.0	1.0
15450	0.98	1.0	1.0	0.96	1.0	1.0	1.0	1.0	1.0	1.0	1.0	1.0	1.0	0.96	1.0	1.0
15500	0.98	1.0	1.0	0.96	1.0	1.0	1.0	1.0	1.0	1.0	1.0	1.0	1.0	0.96	1.0	1.0
15550	0.96	1.0	1.0	0.96	1.0	1.0	1.0	1.0	1.0	1.0	1.0	1.0	1.0	0.94	1.0	1.0
15600	0.98	1.0	1.0	0.96	1.0	1.0	1.0	1.0	1.0	1.0	1.0	1.0	1.0	0.94	1.0	1.0
15650	0.98	1.0	1.0	0.96	1.0	1.0	1.0	1.0	1.0	1.0	1.0	1.0	1.0	0.94	1.0	1.0
15700	0.9	1.0	1.0	0.96	1.0	1.0	1.0	1.0	1.0	1.0	1.0	1.0	1.0	0.94	1.0	1.0
15750	0.9	1.0	1.0	0.96	1.0	1.0	1.0	1.0	1.0	1.0	1.0	1.0	1.0	0.94	1.0	1.0
15800	0.98	1.0	1.0	0.96	1.0	1.0	1.0	1.0	1.0	1.0	1.0	1.0	1.0	0.94	1.0	1.0
15850	0.98	1.0	1.0	0.96	1.0	1.0	1.0	1.0	1.0	1.0	1.0	1.0	1.0	0.94	1.0	1.0
15900	0.94	1.0	1.0	0.96	1.0	1.0	1.0	1.0	1.0	1.0	1.0	1.0	1.0	0.94	1.0	1.0
15950	0.98	1.0	1.0	0.96	1.0	1.0	1.0	1.0	1.0	1.0	1.0	1.0	1.0	0.94	1.0	1.0
16000	0.94	1.0	1.0	0.96	1.0	1.0	1.0	1.0	1.0	1.0	1.0	1.0	1.0	0.94	1.0	1.0
16050	0.92	1.0	1.0	0.96	1.0	1.0	1.0	1.0	1.0	1.0	1.0	1.0	1.0	0.94	1.0	1.0
16100	0.86	1.0	1.0	0.96	1.0	1.0	1.0	1.0	1.0	1.0	1.0	1.0	1.0	0.94	1.0	1.0
16150	0.88	1.0	1.0	0.96	1.0	1.0	1.0	1.0	1.0	1.0	1.0	1.0	1.0	0.94	1.0	1.0
16200	0.96	1.0	1.0	0.96	1.0	1.0	1.0	1.0	1.0	1.0	1.0	1.0	1.0	0.94	1.0	1.0
16250	0.94	1.0	1.0	0.96	1.0	1.0	1.0	1.0	1.0	1.0	1.0	1.0	1.0	0.94	1.0	1.0
16300	0.94	1.0	1.0	0.96	1.0	1.0	1.0	1.0	1.0	1.0	1.0	1.0	1.0	0.94	1.0	1.0
16350	0.98	1.0	1.0	0.96	1.0	1.0	1.0	1.0	1.0	1.0	1.0	1.0	1.0	0.94	1.0	1.0
16400	0.98	1.0	1.0	0.96	1.0	1.0	1.0	1.0	1.0	1.0	1.0	1.0	1.0	0.94	1.0	1.0
16450	0.92	1.0	1.0	0.96	1.0	1.0	1.0	1.0	1.0	1.0	1.0	1.0	1.0	0.94	1.0	1.0
16500	0.96	1.0	1.0	0.96	1.0	1.0	1.0	1.0	1.0	1.0	1.0	1.0	1.0	0.94	1.0	1.0
16550	0.94	1.0	1.0	0.96	1.0	1.0	1.0	1.0	1.0	1.0	1.0	1.0	1.0	0.94	1.0	1.0
16600	0.98	1.0	1.0	0.96	1.0	1.0	1.0	1.0	1.0	1.0	1.0	1.0	1.0	0.94	1.0	1.0
16650	0.98	1.0	1.0	0.96	1.0	1.0	1.0	1.0	1.0	1.0	1.0	1.0	1.0	0.94	1.0	1.0
16700	0.98	1.0	1.0	0.96	1.0	1.0	1.0	1.0	1.0	1.0	1.0	1.0	1.0	0.94	1.0	1.0
16750	1.0	1.0	1.0	0.96	1.0	1.0	1.0	1.0	1.0	1.0	1.0	1.0	1.0	0.94	1.0	1.0
16800	0.94	1.0	1.0	0.96	1.0	1.0	1.0	1.0	1.0	1.0	1.0	1.0	1.0	0.94	1.0	1.0
16850	0.94	1.0	1.0	0.96	1.0	1.0	1.0	1.0	1.0	1.0	1.0	1.0	1.0	0.94	1.0	1.0
16900	0.98	1.0	1.0	0.96	1.0	1.0	1.0	1.0	1.0	1.0	1.0	1.0	1.0	0.94	1.0	1.0
16950	1.0	1.0	1.0	0.96	1.0	1.0	1.0	1.0	1.0	1.0	1.0	1.0	1.0	0.94	1.0	1.0
17000	1.0	1.0	1.0	0.96	1.0	1.0	1.0	1.0	1.0	1.0	1.0	1.0	1.0	0.94	1.0	1.0
17050	0.94	1.0	1.0	0.96	1.0	1.0	1.0	1.0	1.0	1.0	1.0	1.0	1.0	0.94	1.0	1.0
17100	1.0	1.0	1.0	0.96	1.0	1.0	1.0	1.0	1.0	1.0	1.0	1.0	1.0	0.94	1.0	1.0
17150	1.0	1.0	1.0	0.96	1.0	1.0	1.0	1.0	1.0	1.0	1.0	1.0	1.0	0.94	1.0	1.0
17200	0.98	1.0	1.0	0.96	1.0	1.0	1.0	1.0	1.0	1.0	1.0	1.0	1.0	0.94	1.0	1.0
17250	0.98	1.0	1.0	0.96	1.0	1.0	1.0	1.0	1.0	1.0	1.0	1.0	1.0	0.94	1.0	1.0
17300	1.0	1.0	1.0	0.96	1.0	1.0	1.0	1.0	1.0	1.0	1.0	1.0	1.0	0.94	1.0	1.0
17350	0.98	1.0	1.0	0.96	1.0	1.0	1.0	1.0	1.0	1.0	1.0	1.0	1.0	0.94	1.0	1.0
17400	0.98	1.0	1.0	0.96	1.0	1.0	1.0	1.0	1.0	1.0	1.0	1.0	1.0	0.94	1.0	1.0
17450	0.98	1.0	1.0	0.96	1.0	1.0	1.0	1.0	1.0	1.0	1.0	1.0	1.0	0.94	1.0	1.0
17500	0.98	1.0	1.0	0.96	1.0	1.0	1.0	0.98	1.0	1.0	1.0	1.0	1.0	0.94	1.0	1.0
17550	0.96	1.0	1.0	0.96	1.0	1.0	1.0	0.98	1.0	1.0	1.0	1.0	1.0	0.94	1.0	1.0
17600	0.98	1.0	1.0	0.96	1.0	1.0	1.0	0.98	1.0	1.0	1.0	1.0	1.0	0.94	1.0	1.0
17650	0.98	1.0	1.0	0.96	1.0	1.0	1.0	0.98	1.0	1.0	1.0	1.0	1.0	0.94	1.0	1.0
17700	1.0	1.0	1.0	0.96	1.0	1.0	1.0	0.98	1.0	1.0	1.0	1.0	1.0	0.94	1.0	1.0
17750	0.98	1.0	1.0	0.96	1.0	1.0	1.0	0.98	1.0	1.0	1.0	1.0	1.0	0.94	1.0	1.0
17800	0.98	1.0	1.0	0.96	1.0	1.0	1.0	0.98	1.0	1.0	1.0	1.0	1.0	0.94	1.0	1.0
17850	0.98	1.0	1.0	0.96	1.0	1.0	1.0	0.98	1.0	1.0	1.0	1.0	1.0	0.94	1.0	1.0
17900	0.94	1.0	1.0	0.96	1.0	1.0	1.0	0.98	1.0	1.0	1.0	1.0	1.0	0.92	1.0	1.0
17950	1.0	1.0	1.0	0.96	1.0	1.0	1.0	0.98	1.0	1.0	1.0	1.0	1.0	0.92	1.0	1.0
18000	0.98	1.0	1.0	0.96	1.0	1.0	1.0	0.98	1.0	1.0	1.0	1.0	1.0	0.92	1.0	1.0
18050	0.98	1.0	1.0	0.96	1.0	1.0	1.0	0.98	1.0	1.0	1.0	1.0	1.0	0.92	1.0	1.0
18100	0.98	1.0	1.0	0.96	1.0	1.0	1.0	0.98	1.0	1.0	1.0	1.0	1.0	0.92	1.0	1.0
18150	1.0	1.0	1.0	0.96	1.0	1.0	1.0	0.98	1.0	1.0	1.0	1.0	1.0	0.92	1.0	1.0
18200	1.0	1.0	1.0	0.96	1.0	1.0	1.0	0.98	1.0	1.0	1.0	1.0	1.0	0.92	1.0	1.0
18250	0.94	1.0	1.0	0.96	1.0	1.0	1.0	0.98	1.0	1.0	1.0	1.0	1.0	0.92	1.0	1.0
18300	0.98	1.0	1.0	0.96	1.0	1.0	1.0	0.98	1.0	1.0	1.0	1.0	1.0	0.92	1.0	1.0
18350	0.98	1.0	1.0	0.96	1.0	1.0	1.0	0.98	1.0	1.0	1.0	1.0	1.0	0.92	1.0	1.0
18400	0.96	1.0	1.0	0.96	1.0	1.0	1.0	0.98	1.0	1.0	1.0	1.0	1.0	0.92	1.0	1.0
18450	0.96	1.0	1.0	0.96	1.0	1.0	1.0	0.98	1.0	1.0	1.0	1.0	1.0	0.92	1.0	1.0
18500	0.98	1.0	1.0	0.96	1.0	1.0	1.0	0.98	1.0	1.0	1.0	1.0	1.0	0.92	1.0	1.0
18550	1.0	1.0	1.0	0.96	1.0	1.0	1.0	0.98	1.0	1.0	1.0	1.0	1.0	0.92	1.0	1.0
18600	0.98	1.0	1.0	0.96	1.0	1.0	1.0	0.98	1.0	1.0	1.0	1.0	1.0	0.92	1.0	1.0
18650	0.92	1.0	1.0	0.96	1.0	1.0	1.0	0.98	1.0	1.0	1.0	1.0	1.0	0.92	1.0	1.0
18700	0.9	1.0	1.0	0.96	1.0	1.0	1.0	0.98	1.0	1.0	1.0	1.0	1.0	0.92	1.0	1.0
18750	0.9	1.0	1.0	0.96	1.0	1.0	1.0	0.98	1.0	1.0	1.0	1.0	1.0	0.92	1.0	1.0
18800	0.94	1.0	1.0	0.96	1.0	1.0	1.0	0.98	1.0	1.0	1.0	1.0	1.0	0.92	1.0	1.0
18850	0.98	1.0	1.0	0.96	1.0	1.0	1.0	0.98	1.0	1.0	1.0	1.0	1.0	0.92	1.0	1.0
18900	0.94	1.0	1.0	0.96	1.0	1.0	1.0	0.98	1.0	1.0	1.0	1.0	1.0	0.92	1.0	1.0
18950	0.98	1.0	1.0	0.96	1.0	1.0	1.0	0.98	1.0	1.0	1.0	1.0	1.0	0.92	1.0	1.0
19000	0.94	1.0	1.0	0.96	1.0	1.0	1.0	0.98	1.0	1.0	1.0	1.0	1.0	0.92	1.0	1.0
19050	0.9	1.0	1.0	0.96	1.0	1.0	1.0	0.98	1.0	1.0	1.0	1.0	1.0	0.92	1.0	1.0
19100	0.94	1.0	1.0	0.96	1.0	0.98	1.0	0.98	1.0	1.0	1.0	1.0	1.0	0.92	1.0	1.0
19150	0.9	1.0	1.0	0.96	1.0	0.98	1.0	0.98	1.0	1.0	1.0	1.0	1.0	0.92	1.0	1.0
19200	0.96	1.0	1.0	0.96	1.0	0.98	1.0	0.98	1.0	1.0	1.0	1.0	1.0	0.92	1.0	1.0
19250	1.0	1.0	1.0	0.96	1.0	0.98	1.0	0.98	1.0	1.0	1.0	1.0	1.0	0.92	1.0	1.0
19300	0.92	1.0	1.0	0.96	1.0	0.98	1.0	0.98	1.0	1.0	1.0	1.0	1.0	0.92	1.0	1.0
19350	0.94	1.0	1.0	0.96	1.0	0.98	1.0	0.98	1.0	1.0	1.0	1.0	1.0	0.92	1.0	1.0
19400	0.92	1.0	1.0	0.96	1.0	0.98	1.0	0.98	1.0	1.0	1.0	1.0	1.0	0.92	1.0	1.0
19450	0.96	1.0	1.0	0.96	1.0	0.98	1.0	0.98	1.0	1.0	1.0	1.0	1.0	0.92	1.0	1.0
19500	0.9	1.0	1.0	0.96	1.0	0.98	1.0	0.98	1.0	1.0	1.0	1.0	1.0	0.92	1.0	1.0
19550	0.9	1.0	1.0	0.96	1.0	0.98	1.0	0.98	1.0	1.0	1.0	1.0	1.0	0.92	1.0	1.0
19600	0.86	1.0	1.0	0.96	1.0	0.98	1.0	0.98	1.0	1.0	1.0	1.0	1.0	0.92	1.0	1.0
19650	0.92	1.0	1.0	0.96	0.98	0.98	1.0	0.98	1.0	1.0	1.0	1.0	1.0	0.92	1.0	1.0
19700	0.98	1.0	1.0	0.96	0.98	0.98	1.0	0.98	1.0	1.0	1.0	1.0	1.0	0.92	1.0	1.0
19750	0.94	1.0	1.0	0.96	0.98	0.98	1.0	0.98	1.0	1.0	1.0	1.0	1.0	0.92	1.0	1.0
19800	0.92	1.0	1.0	0.96	0.98	0.98	1.0	0.98	1.0	1.0	1.0	1.0	1.0	0.92	1.0	1.0
19850	0.88	1.0	1.0	0.96	0.98	0.98	1.0	0.98	1.0	1.0	1.0	1.0	1.0	0.92	1.0	1.0
19900	0.9	1.0	1.0	0.96	0.98	0.98	1.0	0.98	1.0	1.0	1.0	1.0	1.0	0.92	1.0	1.0
19950	0.96	1.0	1.0	0.96	0.98	0.98	1.0	0.98	1.0	1.0	1.0	1.0	1.0	0.92	1.0	1.0
20000	0.98	1.0	1.0	0.96	0.98	0.98	1.0	0.98	1.0	1.0	1.0	1.0	1.0	0.92	1.0	1.0
