0	0.0	0.0	0.0	0.0	0.0	0.0	0.0	0.0	0.0	0.0	0.0	0.0	0.0	0.0	0.0	0.0
50	0.766666666667	0.0	0.0	0.25	0.0	0.0	0.25	0.25	0.0	0.0	0.0	0.0	0.0	0.166666666667	0.0	0.0
100	0.98	0.375	0.2	0.5	0.333333333333	0.0	0.285714285714	0.4	0.0	0.2	0.2	0.428571428571	0.0	0.166666666667	0.166666666667	0.25
150	1.0	0.4	0.555555555556	0.5	0.5	0.428571428571	0.285714285714	0.5	0.285714285714	0.25	0.375	0.5	0.166666666667	0.25	0.363636363636	0.375
200	0.96	0.5	0.6	0.571428571429	0.5	0.454545454545	0.444444444444	0.545454545455	0.4	0.4	0.5	0.454545454545	0.25	0.4	0.533333333333	0.454545454545
250	0.92	0.538461538462	0.636363636364	0.571428571429	0.583333333333	0.538461538462	0.545454545455	0.642857142857	0.571428571429	0.5	0.571428571429	0.538461538462	0.5	0.5625	0.611111111111	0.538461538462
300	0.98	0.6	0.714285714286	0.625	0.583333333333	0.571428571429	0.571428571429	0.6875	0.625	0.5625	0.6	0.647058823529	0.611111111111	0.65	0.65	0.571428571429
350	0.98	0.684210526316	0.6875	0.625	0.642857142857	0.666666666667	0.666666666667	0.705882352941	0.7	0.6	0.625	0.714285714286	0.611111111111	0.681818181818	0.636363636364	0.611111111111
400	1.0	0.727272727273	0.666666666667	0.684210526316	0.6	0.7	0.684210526316	0.75	0.727272727273	0.636363636364	0.647058823529	0.727272727273	0.730769230769	0.72	0.636363636364	0.695652173913
450	1.0	0.769230769231	0.714285714286	0.7	0.625	0.739130434783	0.7	0.782608695652	0.76	0.666666666667	0.739130434783	0.739130434783	0.740740740741	0.75	0.692307692308	0.708333333333
500	0.98	0.75	0.739130434783	0.76	0.7	0.730769230769	0.75	0.8	0.769230769231	0.68	0.76	0.75	0.724137931034	0.766666666667	0.714285714286	0.740740740741
550	0.98	0.766666666667	0.76	0.777777777778	0.76	0.75	0.777777777778	0.807692307692	0.793103448276	0.653846153846	0.793103448276	0.714285714286	0.741935483871	0.78125	0.733333333333	0.758620689655
600	0.98	0.787878787879	0.777777777778	0.8	0.777777777778	0.774193548387	0.785714285714	0.821428571429	0.793103448276	0.678571428571	0.818181818182	0.724137931034	0.757575757576	0.805555555556	0.741935483871	0.78125
650	0.98	0.787878787879	0.806451612903	0.8	0.774193548387	0.787878787879	0.766666666667	0.84375	0.823529411765	0.678571428571	0.842105263158	0.724137931034	0.783783783784	0.810810810811	0.771428571429	0.805555555556
700	0.98	0.771428571429	0.823529411765	0.787878787879	0.794117647059	0.794117647059	0.78125	0.848484848485	0.842105263158	0.7	0.85	0.764705882353	0.809523809524	0.810810810811	0.8	0.810810810811
750	1.0	0.80487804878	0.833333333333	0.794117647059	0.794117647059	0.783783783784	0.787878787879	0.852941176471	0.846153846154	0.709677419355	0.851063829787	0.764705882353	0.826086956522	0.820512820513	0.80487804878	0.810810810811
800	0.98	0.813953488372	0.837837837838	0.815789473684	0.810810810811	0.789473684211	0.794117647059	0.857142857143	0.85	0.722222222222	0.851063829787	0.777777777778	0.833333333333	0.825	0.790697674419	0.829268292683
850	0.98	0.813953488372	0.846153846154	0.825	0.815789473684	0.794871794872	0.820512820513	0.857142857143	0.857142857143	0.722222222222	0.854166666667	0.789473684211	0.86	0.829268292683	0.808510638298	0.840909090909
900	0.96	0.822222222222	0.860465116279	0.833333333333	0.825	0.794871794872	0.837209302326	0.864864864865	0.863636363636	0.74358974359	0.857142857143	0.8	0.92	0.829268292683	0.8125	0.840909090909
950	0.94	0.829787234043	0.863636363636	0.833333333333	0.840909090909	0.8	0.844444444444	0.871794871795	0.863636363636	0.761904761905	0.9	0.813953488372	0.92	0.829268292683	0.82	0.847826086957
1000	0.98	0.829787234043	0.866666666667	0.837209302326	0.851063829787	0.818181818182	0.847826086957	0.880952380952	0.863636363636	0.782608695652	0.96	0.822222222222	0.94	0.833333333333	0.84	0.854166666667
1050	1.0	0.833333333333	0.872340425532	0.847826086957	0.854166666667	0.826086956522	0.851063829787	0.891304347826	0.869565217391	0.8	0.96	0.833333333333	0.94	0.847826086957	0.86	0.857142857143
1100	1.0	0.836734693878	0.877551020408	0.854166666667	0.857142857143	0.829787234043	0.854166666667	0.895833333333	0.872340425532	0.9	0.96	0.836734693878	0.94	0.86	0.9	0.86
1150	0.96	0.9	0.9	0.857142857143	0.857142857143	0.833333333333	0.88	0.88	0.872340425532	0.9	0.98	0.836734693878	0.96	0.94	0.92	0.92
1200	0.98	0.92	0.94	0.88	0.86	0.833333333333	0.88	0.9	0.9	0.92	0.98	0.9	0.96	0.94	0.94	0.92
1250	0.98	0.94	0.96	0.92	0.86	0.88	0.88	0.94	0.92	0.92	0.98	0.92	0.96	0.96	0.94	0.94
1300	0.98	0.94	0.96	0.94	0.88	0.92	0.92	0.96	0.92	0.92	0.98	0.92	0.96	0.98	0.96	0.96
1350	0.98	0.96	0.96	0.94	0.9	0.92	0.94	0.98	0.96	0.92	0.98	0.94	0.98	0.98	0.96	0.98
1400	0.98	0.96	0.96	0.94	0.94	0.92	0.96	0.98	0.96	0.92	0.98	0.94	0.98	0.98	0.96	0.98
1450	0.96	0.96	0.96	0.98	0.94	0.94	0.96	0.98	0.98	0.92	0.98	0.96	0.98	0.98	0.96	0.98
1500	0.96	0.96	0.98	0.98	0.96	0.94	0.98	0.98	0.98	0.94	0.98	0.94	0.98	0.98	0.96	1.0
1550	1.0	0.96	1.0	0.98	0.96	0.94	0.98	0.98	1.0	0.94	0.98	0.94	0.98	0.98	0.98	1.0
1600	0.94	0.96	1.0	0.98	0.96	0.96	0.98	0.98	1.0	0.94	0.98	0.94	0.98	0.98	0.98	1.0
1650	0.9	0.96	1.0	0.98	0.96	0.96	0.98	0.98	1.0	0.96	0.98	0.94	0.98	1.0	0.98	1.0
1700	0.92	0.96	1.0	0.98	0.96	0.96	0.98	0.98	1.0	0.96	0.96	0.94	1.0	1.0	0.98	1.0
1750	1.0	0.96	1.0	0.98	0.96	0.96	0.98	0.98	1.0	0.96	0.94	0.94	1.0	0.98	0.98	1.0
1800	1.0	0.96	1.0	0.98	0.98	0.96	0.98	0.98	0.98	0.98	0.94	0.98	1.0	0.98	0.98	1.0
1850	1.0	0.98	1.0	0.98	0.98	0.96	0.98	0.98	0.98	0.98	0.92	0.98	1.0	0.98	0.98	1.0
1900	1.0	0.98	1.0	0.98	0.98	0.98	0.98	0.98	0.98	0.98	0.92	0.98	1.0	0.96	0.98	1.0
1950	1.0	0.98	1.0	1.0	0.98	0.98	0.98	0.98	0.98	1.0	0.92	0.98	1.0	0.96	0.98	1.0
2000	1.0	1.0	1.0	1.0	0.98	0.98	0.98	0.98	0.96	1.0	0.92	0.98	1.0	0.96	1.0	1.0
2050	0.98	1.0	1.0	1.0	1.0	0.98	0.98	0.98	0.96	1.0	0.94	0.98	1.0	0.96	1.0	1.0
2100	0.96	1.0	1.0	1.0	1.0	0.98	1.0	0.98	0.96	1.0	0.94	0.98	1.0	0.96	1.0	1.0
2150	0.96	1.0	1.0	1.0	1.0	0.98	1.0	0.98	0.94	1.0	0.94	0.98	1.0	0.96	1.0	1.0
2200	0.96	1.0	1.0	1.0	1.0	0.98	1.0	0.98	0.94	1.0	0.94	0.98	1.0	0.96	1.0	1.0
2250	0.94	1.0	1.0	1.0	1.0	0.98	0.98	1.0	0.94	1.0	0.94	0.98	1.0	0.96	1.0	1.0
2300	1.0	1.0	1.0	1.0	1.0	1.0	0.98	1.0	0.92	1.0	0.94	0.98	1.0	0.96	1.0	1.0
2350	0.96	1.0	1.0	1.0	1.0	1.0	0.98	1.0	0.92	1.0	0.94	0.98	1.0	0.96	1.0	1.0
2400	0.94	1.0	1.0	1.0	1.0	1.0	0.98	1.0	0.92	1.0	0.94	0.98	1.0	0.96	1.0	1.0
2450	0.98	1.0	1.0	1.0	1.0	1.0	0.98	1.0	0.92	1.0	0.94	0.98	1.0	0.96	1.0	1.0
2500	0.96	1.0	1.0	1.0	1.0	1.0	0.98	1.0	0.92	1.0	0.94	0.98	1.0	0.96	1.0	1.0
2550	0.94	1.0	1.0	1.0	1.0	1.0	0.98	1.0	0.92	1.0	0.94	0.98	1.0	0.96	1.0	1.0
2600	0.96	1.0	1.0	1.0	1.0	1.0	0.98	1.0	0.92	0.94	0.94	0.98	1.0	0.96	1.0	1.0
2650	0.96	1.0	1.0	1.0	1.0	1.0	0.98	1.0	0.92	0.92	0.94	0.98	1.0	0.96	1.0	1.0
2700	0.96	1.0	1.0	1.0	1.0	1.0	0.98	1.0	0.92	0.92	0.94	0.98	1.0	0.96	1.0	1.0
2750	1.0	1.0	1.0	1.0	1.0	1.0	0.98	0.98	0.92	0.92	0.94	1.0	1.0	0.96	1.0	1.0
2800	1.0	1.0	1.0	1.0	1.0	1.0	0.98	0.96	0.92	0.92	0.96	1.0	1.0	0.96	1.0	1.0
2850	1.0	1.0	1.0	1.0	1.0	1.0	0.98	0.94	0.92	0.92	0.96	1.0	1.0	0.96	1.0	1.0
2900	0.98	1.0	1.0	1.0	0.98	1.0	0.98	0.94	0.92	0.92	0.98	1.0	1.0	0.96	1.0	1.0
2950	0.92	1.0	1.0	1.0	0.98	1.0	0.98	0.94	0.92	0.92	0.98	1.0	0.98	0.98	1.0	1.0
3000	0.94	0.98	1.0	1.0	0.98	0.98	0.98	0.94	0.92	0.92	1.0	1.0	0.96	0.98	1.0	1.0
3050	0.98	0.98	1.0	1.0	0.98	0.98	0.98	0.94	0.92	0.92	1.0	1.0	0.96	0.98	1.0	1.0
3100	0.96	0.98	1.0	1.0	0.98	0.98	0.98	0.94	0.92	0.92	1.0	1.0	0.96	0.98	1.0	1.0
3150	0.94	0.98	1.0	1.0	0.98	0.98	0.98	0.94	0.92	0.92	1.0	1.0	0.96	0.98	1.0	1.0
3200	0.96	0.98	1.0	1.0	0.98	0.98	0.98	0.94	0.92	0.92	1.0	1.0	0.94	1.0	1.0	1.0
3250	1.0	0.98	1.0	1.0	0.98	0.98	0.98	0.94	0.92	0.92	1.0	1.0	0.92	1.0	1.0	1.0
3300	1.0	0.98	1.0	1.0	0.98	0.98	0.94	0.94	0.94	0.92	1.0	1.0	0.92	1.0	1.0	1.0
3350	1.0	0.98	1.0	1.0	0.96	0.98	0.94	0.94	0.94	0.92	1.0	1.0	0.92	1.0	1.0	1.0
3400	1.0	0.98	1.0	1.0	0.96	0.98	0.94	0.94	0.94	0.92	1.0	1.0	0.92	1.0	1.0	1.0
3450	0.98	0.98	1.0	1.0	0.96	0.98	0.96	0.94	0.94	0.92	1.0	1.0	0.92	1.0	1.0	1.0
3500	0.94	0.98	1.0	1.0	0.96	0.98	0.96	0.94	0.94	0.92	1.0	1.0	0.92	1.0	1.0	1.0
3550	0.94	0.98	1.0	1.0	0.96	0.98	0.96	0.94	0.96	0.92	1.0	1.0	0.92	1.0	1.0	1.0
3600	0.98	0.98	1.0	1.0	0.96	0.98	0.96	0.94	0.98	0.92	1.0	1.0	0.92	1.0	1.0	1.0
3650	1.0	0.98	1.0	1.0	0.96	0.98	0.96	0.94	0.98	0.92	1.0	1.0	0.92	1.0	1.0	1.0
3700	1.0	0.98	1.0	1.0	0.96	0.98	0.94	0.94	0.98	0.94	1.0	1.0	0.92	1.0	1.0	1.0
3750	0.96	0.98	1.0	1.0	0.96	0.98	0.92	0.94	0.98	0.98	1.0	1.0	0.92	1.0	1.0	1.0
3800	0.96	0.96	1.0	1.0	0.96	0.98	0.92	0.94	1.0	0.98	1.0	1.0	0.92	1.0	0.98	1.0
3850	1.0	0.96	1.0	1.0	0.96	0.98	0.92	0.94	1.0	0.96	1.0	1.0	0.92	1.0	0.98	1.0
3900	0.98	0.96	1.0	1.0	0.96	0.98	0.92	0.94	1.0	0.96	1.0	1.0	0.92	1.0	0.98	1.0
3950	0.94	0.96	1.0	1.0	0.96	0.98	0.92	0.94	1.0	0.96	1.0	1.0	0.94	1.0	0.96	1.0
4000	0.94	0.96	1.0	1.0	0.96	0.98	0.9	0.94	1.0	0.96	1.0	1.0	0.96	1.0	0.96	1.0
4050	0.98	0.96	1.0	1.0	0.96	0.98	0.9	0.94	1.0	0.96	1.0	1.0	0.96	1.0	0.96	1.0
4100	1.0	0.96	1.0	1.0	0.96	0.98	0.9	0.94	1.0	0.96	1.0	1.0	0.96	1.0	0.96	1.0
4150	1.0	0.98	1.0	1.0	0.96	0.98	0.9	0.94	1.0	0.96	1.0	1.0	0.94	1.0	0.96	1.0
4200	0.98	0.98	1.0	1.0	0.96	0.98	0.9	0.94	1.0	0.96	1.0	1.0	0.94	1.0	0.96	1.0
4250	0.98	0.98	1.0	1.0	0.96	0.98	0.88	0.96	1.0	0.96	1.0	1.0	0.94	1.0	0.96	1.0
4300	0.98	0.98	1.0	0.98	0.96	0.98	0.88	0.98	1.0	0.96	1.0	1.0	0.94	1.0	0.96	1.0
4350	0.96	0.98	1.0	0.96	0.98	0.98	0.88	1.0	1.0	0.96	1.0	1.0	0.94	1.0	0.96	1.0
4400	0.96	0.96	1.0	0.96	0.96	1.0	0.9	1.0	1.0	0.96	1.0	1.0	0.94	1.0	0.96	1.0
4450	0.98	0.96	1.0	0.96	0.96	1.0	0.92	1.0	1.0	0.96	0.98	1.0	0.94	1.0	0.96	1.0
4500	0.98	0.96	1.0	0.96	0.96	1.0	0.92	1.0	1.0	0.96	0.98	1.0	0.96	1.0	0.96	1.0
4550	0.96	0.96	1.0	0.96	0.96	1.0	0.92	1.0	1.0	0.96	0.98	1.0	0.98	1.0	0.96	1.0
4600	0.94	0.96	1.0	0.96	0.96	1.0	0.92	1.0	1.0	0.96	0.98	1.0	0.98	1.0	0.96	1.0
4650	0.9	0.96	1.0	0.96	0.98	1.0	0.92	1.0	1.0	0.96	0.98	1.0	0.98	1.0	0.96	1.0
4700	0.92	0.96	1.0	0.96	0.98	1.0	0.92	1.0	1.0	0.96	0.98	1.0	0.98	0.98	0.96	1.0
4750	0.96	0.96	1.0	0.96	0.98	1.0	0.92	1.0	1.0	0.96	0.98	1.0	0.98	0.98	0.96	1.0
4800	0.98	0.96	1.0	0.96	0.98	1.0	0.94	0.98	1.0	0.96	0.98	1.0	0.96	0.98	0.96	1.0
4850	0.98	0.96	1.0	0.96	0.96	1.0	0.94	0.98	0.98	0.98	0.98	1.0	0.96	0.98	0.96	1.0
4900	0.98	0.96	1.0	0.94	0.96	1.0	0.96	0.98	0.98	0.98	0.98	1.0	0.96	0.96	0.96	1.0
4950	0.92	0.96	1.0	0.94	0.96	1.0	0.96	0.98	0.98	0.98	0.98	1.0	0.96	0.96	0.96	1.0
5000	0.92	0.96	1.0	0.94	0.96	1.0	0.96	0.98	0.98	0.98	0.98	1.0	0.96	0.96	0.96	1.0
5050	0.98	0.96	1.0	0.94	0.94	1.0	0.98	0.98	0.98	0.98	0.98	1.0	0.96	0.96	0.96	1.0
5100	1.0	0.96	1.0	0.94	0.94	1.0	0.98	0.98	0.98	0.98	0.98	1.0	0.96	0.96	0.96	1.0
5150	1.0	0.96	1.0	0.94	0.94	1.0	0.98	0.98	0.98	0.98	0.98	1.0	0.96	0.96	0.98	1.0
5200	1.0	0.96	1.0	0.96	0.94	1.0	0.98	0.98	0.98	0.98	0.98	1.0	0.96	0.96	1.0	1.0
5250	1.0	0.96	1.0	0.96	0.94	1.0	0.98	0.98	0.98	0.98	0.98	1.0	0.98	0.96	1.0	1.0
5300	1.0	0.96	1.0	0.98	0.94	1.0	0.98	0.98	0.98	0.98	0.98	1.0	0.98	0.96	1.0	1.0
5350	0.98	0.96	1.0	0.98	0.94	1.0	0.98	0.98	0.98	0.98	0.98	1.0	0.98	0.96	1.0	1.0
5400	0.96	0.96	1.0	0.98	0.94	1.0	0.98	0.98	0.98	0.98	0.98	1.0	0.98	0.96	1.0	1.0
5450	0.98	0.96	1.0	0.98	0.94	1.0	0.98	0.98	0.98	0.98	0.98	1.0	0.98	0.96	1.0	1.0
5500	1.0	0.96	1.0	0.98	0.94	1.0	0.98	0.98	0.98	0.98	0.98	1.0	0.98	0.94	1.0	1.0
5550	1.0	0.96	1.0	0.98	0.96	1.0	1.0	0.98	0.98	0.98	1.0	1.0	0.98	0.94	1.0	1.0
5600	1.0	0.96	1.0	0.98	0.96	1.0	1.0	0.98	0.98	0.98	1.0	1.0	0.98	0.94	1.0	1.0
5650	1.0	0.98	1.0	0.98	0.96	0.98	1.0	0.98	0.98	0.96	1.0	1.0	0.98	0.94	1.0	1.0
5700	0.98	0.98	1.0	0.98	0.96	0.98	1.0	0.98	0.98	0.96	1.0	1.0	0.98	0.94	1.0	1.0
5750	0.98	0.98	1.0	0.98	0.96	0.98	1.0	0.98	0.98	0.94	0.98	1.0	0.98	0.94	1.0	1.0
5800	0.98	0.96	1.0	0.98	0.96	0.98	1.0	0.98	0.98	0.94	0.98	1.0	0.98	0.94	1.0	1.0
5850	0.96	0.96	1.0	0.96	0.98	0.98	1.0	0.98	1.0	0.94	0.98	1.0	0.98	0.94	1.0	1.0
5900	0.94	0.96	1.0	0.96	0.98	0.98	1.0	0.98	1.0	0.92	0.98	1.0	1.0	0.96	1.0	1.0
5950	0.96	0.96	1.0	0.96	0.98	0.98	1.0	0.98	1.0	0.92	0.98	1.0	1.0	0.96	1.0	1.0
6000	1.0	0.96	1.0	0.96	0.98	0.98	1.0	0.98	1.0	0.92	0.98	1.0	1.0	0.96	1.0	1.0
6050	0.98	0.94	1.0	0.98	0.98	0.98	1.0	0.98	1.0	0.92	0.98	1.0	1.0	0.96	1.0	1.0
6100	0.98	0.94	1.0	0.98	0.98	0.98	1.0	0.98	0.98	0.92	0.96	1.0	1.0	0.96	1.0	1.0
6150	1.0	0.94	1.0	0.96	1.0	0.98	1.0	0.98	0.98	0.92	0.96	1.0	0.98	0.96	1.0	1.0
6200	0.96	0.94	1.0	0.96	1.0	0.98	1.0	1.0	0.98	0.92	0.96	1.0	0.98	0.96	1.0	1.0
6250	0.96	0.92	1.0	0.96	1.0	0.98	1.0	1.0	0.98	0.92	0.96	1.0	0.96	0.96	1.0	1.0
6300	0.96	0.92	1.0	0.96	1.0	0.98	1.0	1.0	0.96	0.92	0.96	1.0	0.96	0.96	1.0	1.0
6350	0.94	0.92	1.0	0.96	1.0	0.98	1.0	1.0	0.96	0.92	0.96	1.0	0.96	0.96	1.0	1.0
6400	0.96	0.92	1.0	0.96	1.0	0.98	1.0	1.0	0.96	0.92	0.96	1.0	0.96	0.96	1.0	1.0
6450	0.94	0.92	1.0	0.96	1.0	0.98	1.0	1.0	0.96	0.94	0.96	1.0	0.96	0.96	1.0	1.0
6500	0.96	0.92	1.0	0.96	1.0	0.98	1.0	1.0	0.96	0.94	0.96	1.0	0.96	0.96	1.0	1.0
6550	0.96	0.92	1.0	0.96	1.0	0.98	1.0	1.0	0.96	0.94	0.96	1.0	0.96	0.96	1.0	1.0
6600	0.98	0.92	1.0	0.96	1.0	0.98	1.0	1.0	0.96	0.94	0.96	1.0	0.96	0.96	1.0	1.0
6650	1.0	0.92	1.0	0.96	1.0	0.96	1.0	1.0	0.96	0.94	0.96	1.0	0.96	0.98	1.0	1.0
6700	1.0	0.92	1.0	0.96	1.0	0.96	1.0	1.0	0.96	0.92	0.94	0.98	0.96	0.98	1.0	1.0
6750	0.96	0.92	1.0	0.96	1.0	0.96	1.0	1.0	0.96	0.9	0.94	0.98	0.96	0.98	1.0	1.0
6800	0.96	0.92	1.0	0.96	1.0	0.96	1.0	1.0	0.96	0.9	0.94	0.98	0.96	0.98	1.0	1.0
6850	0.98	0.9	0.98	0.96	1.0	0.96	1.0	1.0	0.96	0.92	0.94	0.98	0.96	0.98	1.0	1.0
6900	0.98	0.9	0.98	0.96	1.0	0.96	1.0	1.0	0.96	0.92	0.94	0.98	0.94	0.98	1.0	1.0
6950	0.98	0.9	0.98	0.96	1.0	0.96	1.0	1.0	0.96	0.92	0.94	0.98	0.94	0.98	1.0	1.0
7000	0.96	0.9	0.98	0.96	1.0	0.96	1.0	1.0	0.96	0.92	0.94	0.98	0.96	0.98	1.0	1.0
7050	0.98	0.9	0.98	0.96	1.0	0.96	1.0	1.0	0.96	0.94	0.94	0.98	0.96	0.98	1.0	1.0
7100	0.96	0.9	0.98	0.96	1.0	0.96	1.0	1.0	0.96	0.94	0.94	0.98	0.96	0.98	1.0	1.0
7150	0.98	0.9	0.98	0.96	1.0	0.96	1.0	1.0	0.96	0.9	0.94	0.98	0.96	0.98	1.0	1.0
7200	1.0	0.9	0.96	0.96	1.0	0.96	1.0	1.0	0.96	0.9	0.94	0.98	0.98	0.98	1.0	1.0
7250	0.92	0.9	0.96	0.96	1.0	0.96	1.0	1.0	0.96	0.9	0.94	0.96	0.98	0.98	1.0	1.0
7300	0.94	0.9	0.96	0.96	1.0	0.96	1.0	1.0	0.96	0.9	0.94	0.96	0.98	0.98	1.0	1.0
7350	0.98	0.9	0.96	0.96	1.0	0.96	1.0	1.0	0.96	0.9	0.94	0.96	0.98	0.98	1.0	1.0
7400	0.92	0.9	0.96	0.96	1.0	0.96	1.0	1.0	0.98	0.92	0.94	0.96	0.98	0.98	1.0	1.0
7450	0.92	0.92	0.94	0.96	1.0	0.96	1.0	1.0	0.98	0.92	0.96	0.96	0.98	0.98	1.0	1.0
7500	0.96	0.94	0.94	0.96	1.0	0.96	1.0	1.0	0.98	0.9	0.96	0.96	0.98	1.0	1.0	1.0
7550	1.0	0.94	0.94	0.96	1.0	0.96	1.0	1.0	0.98	0.9	0.96	0.96	0.98	1.0	1.0	1.0
7600	1.0	0.94	0.94	0.98	1.0	0.94	1.0	1.0	0.98	0.9	0.96	0.96	0.98	1.0	1.0	1.0
7650	1.0	0.96	0.94	0.96	1.0	0.94	1.0	1.0	1.0	0.9	0.96	0.96	0.98	1.0	1.0	1.0
7700	0.96	0.96	0.94	0.94	1.0	0.94	1.0	1.0	1.0	0.9	0.96	0.96	0.98	1.0	1.0	1.0
7750	0.96	0.96	0.94	0.94	1.0	0.92	1.0	1.0	1.0	0.9	0.98	0.96	0.98	0.98	1.0	1.0
7800	0.98	0.96	0.94	0.94	1.0	0.92	1.0	1.0	1.0	0.9	0.98	0.96	0.98	0.96	1.0	1.0
7850	0.98	0.96	0.94	0.94	1.0	0.92	1.0	1.0	1.0	0.9	0.98	0.96	0.98	0.96	1.0	1.0
7900	0.94	0.98	0.94	0.96	0.96	0.92	1.0	1.0	1.0	0.9	0.98	0.96	0.98	0.96	1.0	1.0
7950	0.96	0.98	0.94	0.96	0.94	0.92	1.0	1.0	1.0	0.9	0.98	0.96	0.98	0.96	1.0	1.0
8000	0.98	0.96	0.94	0.96	0.94	0.94	1.0	1.0	1.0	0.9	0.98	0.96	0.98	0.96	1.0	1.0
8050	0.94	0.96	0.94	0.96	0.92	0.94	1.0	1.0	1.0	0.9	0.98	0.96	0.98	0.96	1.0	1.0
8100	0.92	0.96	0.94	0.96	0.92	0.94	1.0	1.0	0.98	0.9	0.96	0.96	0.98	0.96	1.0	1.0
8150	0.94	0.96	0.94	0.96	0.92	0.94	1.0	1.0	0.98	0.9	0.96	0.96	0.98	0.96	1.0	1.0
8200	0.94	0.96	0.94	0.96	0.92	0.94	1.0	1.0	0.98	0.9	0.96	0.98	0.98	0.96	1.0	1.0
8250	0.96	0.96	0.94	0.96	0.92	0.94	1.0	1.0	0.98	0.9	0.98	0.98	0.98	0.96	1.0	1.0
8300	1.0	0.98	0.96	0.96	0.92	0.94	1.0	1.0	0.98	0.92	0.98	0.98	1.0	0.96	1.0	1.0
8350	0.98	0.98	0.96	0.96	0.9	0.94	1.0	1.0	0.96	0.94	0.98	0.98	1.0	0.96	1.0	1.0
8400	0.98	0.98	0.96	0.96	0.9	0.96	1.0	1.0	0.96	0.94	0.98	0.98	1.0	0.94	1.0	0.98
8450	1.0	0.98	0.96	0.96	0.9	0.96	1.0	1.0	0.96	0.94	0.98	0.98	1.0	0.94	1.0	0.98
8500	1.0	0.98	0.96	0.96	0.9	0.96	1.0	1.0	0.96	0.94	0.98	0.98	1.0	0.94	1.0	0.98
8550	0.98	0.98	0.96	0.96	0.9	0.96	1.0	1.0	0.96	0.94	0.98	1.0	1.0	0.92	1.0	0.96
8600	0.98	0.98	0.96	0.96	0.9	0.96	1.0	1.0	0.96	0.94	0.98	1.0	1.0	0.92	1.0	0.96
8650	0.98	0.96	0.96	0.96	0.88	0.96	1.0	1.0	0.96	0.94	0.98	1.0	1.0	0.92	1.0	0.96
8700	0.98	0.96	0.98	0.96	0.88	0.96	1.0	1.0	0.96	0.98	0.98	1.0	1.0	0.92	1.0	0.96
8750	1.0	0.96	0.98	0.96	0.88	0.96	1.0	1.0	0.96	0.98	0.98	1.0	1.0	0.92	1.0	0.96
8800	1.0	0.96	0.98	0.96	0.88	0.96	1.0	1.0	0.96	0.98	0.98	1.0	1.0	0.92	1.0	0.96
8850	0.98	0.96	0.98	0.96	0.88	0.96	1.0	1.0	0.96	0.98	0.98	1.0	1.0	0.92	1.0	0.96
8900	0.98	0.96	1.0	0.96	0.88	0.96	1.0	1.0	0.96	0.98	0.98	1.0	1.0	0.96	1.0	0.96
8950	0.94	0.96	1.0	0.96	0.9	0.96	1.0	1.0	0.96	0.98	0.98	1.0	1.0	0.96	1.0	0.96
9000	0.94	0.96	1.0	0.94	0.92	0.96	1.0	1.0	0.96	0.98	0.98	1.0	1.0	0.96	1.0	0.96
9050	0.98	0.96	1.0	0.94	0.92	0.98	1.0	1.0	0.96	1.0	0.98	1.0	1.0	0.96	1.0	0.96
9100	0.98	0.96	1.0	0.94	0.94	0.98	1.0	1.0	0.94	1.0	0.98	1.0	1.0	0.96	1.0	0.96
9150	1.0	0.96	1.0	0.94	0.94	0.98	1.0	1.0	0.94	1.0	0.98	1.0	1.0	0.96	1.0	0.96
9200	1.0	0.96	0.98	0.96	0.94	1.0	1.0	1.0	0.94	1.0	0.98	1.0	1.0	0.96	1.0	0.96
9250	0.98	0.96	0.98	0.96	0.94	1.0	1.0	1.0	0.94	1.0	0.98	1.0	1.0	0.96	1.0	0.94
9300	0.96	0.96	0.98	0.98	0.96	1.0	1.0	1.0	0.94	1.0	0.96	1.0	1.0	0.96	1.0	0.94
9350	0.96	0.98	0.98	0.98	0.96	1.0	1.0	1.0	0.94	1.0	0.96	1.0	1.0	0.96	1.0	0.94
9400	0.96	0.98	0.98	0.98	0.96	1.0	1.0	1.0	0.96	1.0	0.96	1.0	1.0	0.96	1.0	0.94
9450	0.94	0.98	0.98	0.98	0.96	1.0	1.0	1.0	0.96	1.0	0.96	1.0	1.0	0.96	1.0	0.94
9500	0.96	0.98	0.98	0.98	0.98	1.0	1.0	1.0	0.96	1.0	0.96	1.0	1.0	0.96	1.0	0.94
9550	1.0	0.98	0.98	0.98	0.98	1.0	1.0	1.0	0.96	1.0	0.96	1.0	1.0	0.96	1.0	0.94
9600	1.0	0.98	0.98	0.98	0.98	1.0	1.0	1.0	0.98	1.0	0.98	1.0	1.0	0.96	1.0	0.94
9650	1.0	0.98	0.98	0.98	0.98	1.0	1.0	1.0	0.98	1.0	0.98	1.0	1.0	0.96	1.0	0.94
9700	0.98	0.96	0.98	0.98	0.98	1.0	1.0	0.98	0.98	1.0	0.98	1.0	1.0	0.96	1.0	0.94
9750	0.98	0.96	0.96	0.96	0.98	1.0	1.0	0.98	0.98	1.0	0.96	1.0	1.0	0.96	1.0	0.94
9800	0.98	0.96	0.96	0.96	1.0	1.0	1.0	0.98	0.98	1.0	0.96	0.98	1.0	0.96	1.0	0.94
9850	0.96	0.96	0.96	0.96	1.0	1.0	1.0	0.98	0.98	1.0	0.96	0.98	1.0	0.96	1.0	0.96
9900	0.92	0.96	0.96	0.94	1.0	0.98	1.0	0.98	0.98	1.0	0.96	0.98	1.0	0.98	1.0	0.96
9950	0.96	0.98	0.96	0.94	1.0	0.98	1.0	0.98	0.98	1.0	0.96	0.98	0.98	0.98	1.0	0.96
10000	0.96	0.96	0.96	0.96	1.0	0.98	1.0	0.98	0.98	1.0	0.96	0.98	0.98	0.98	1.0	0.96
10050	0.9	0.94	0.96	0.96	1.0	0.98	1.0	0.98	0.98	1.0	0.96	0.98	0.96	0.98	1.0	0.96
10100	0.92	0.94	0.96	0.96	1.0	0.98	1.0	0.98	0.98	1.0	0.96	0.98	0.96	0.98	1.0	0.96
10150	0.98	0.94	0.96	0.96	1.0	0.98	1.0	0.98	0.98	1.0	0.96	0.98	0.94	1.0	1.0	0.98
10200	0.96	0.94	0.96	0.96	1.0	0.98	1.0	0.98	0.98	1.0	0.96	0.98	0.94	1.0	1.0	0.98
10250	0.94	0.94	0.96	0.96	1.0	0.98	1.0	0.98	0.98	1.0	0.96	0.98	0.94	0.98	1.0	0.98
10300	0.94	0.94	0.96	0.96	1.0	0.98	1.0	0.98	0.98	1.0	0.96	0.98	0.92	0.98	1.0	0.98
10350	0.96	0.94	0.96	0.96	1.0	0.98	1.0	0.98	0.98	1.0	0.96	0.98	0.92	0.98	1.0	0.98
10400	0.98	0.94	0.96	0.96	1.0	0.98	1.0	0.98	0.98	1.0	0.96	0.98	0.92	0.98	1.0	0.98
10450	0.98	0.94	0.96	0.96	1.0	0.98	1.0	0.96	0.98	1.0	0.96	0.98	0.92	0.98	1.0	0.98
10500	0.98	0.94	0.96	0.96	1.0	0.98	1.0	0.96	0.98	1.0	0.96	0.98	0.92	0.98	1.0	0.98
10550	0.98	0.94	0.96	0.96	1.0	0.98	1.0	0.96	0.98	1.0	0.96	0.98	0.92	0.98	1.0	0.98
10600	0.98	0.94	0.96	0.96	1.0	0.98	1.0	0.96	1.0	1.0	0.96	0.98	0.92	0.98	1.0	0.98
10650	0.98	0.92	0.96	0.96	1.0	0.98	1.0	0.96	0.98	1.0	0.96	0.98	0.92	0.98	1.0	0.98
10700	0.98	0.92	0.96	0.94	1.0	0.98	1.0	0.96	0.98	1.0	0.96	0.98	0.92	0.98	1.0	0.98
10750	0.98	0.92	0.96	0.92	1.0	0.98	1.0	0.96	0.98	1.0	0.98	0.96	0.92	0.98	1.0	0.98
10800	0.96	0.92	0.96	0.92	1.0	0.98	1.0	0.96	0.98	1.0	0.98	0.96	0.92	0.98	1.0	0.98
10850	0.96	0.94	0.96	0.92	1.0	0.98	1.0	0.96	0.98	0.98	0.98	0.96	0.92	0.98	1.0	0.98
10900	0.96	0.94	0.94	0.92	1.0	0.98	1.0	0.96	0.98	0.98	0.98	0.96	0.92	0.98	1.0	0.98
10950	0.96	0.92	0.94	0.92	1.0	0.98	1.0	0.96	0.98	0.98	0.98	0.96	0.92	0.96	1.0	1.0
11000	0.98	0.92	0.94	0.92	1.0	0.98	1.0	0.96	0.98	0.98	0.98	0.96	0.92	0.96	1.0	1.0
11050	1.0	0.92	0.94	0.94	1.0	0.98	1.0	0.96	0.98	0.98	0.98	0.96	0.92	0.96	1.0	1.0
11100	1.0	0.92	0.92	0.94	1.0	0.98	1.0	0.96	0.98	0.98	0.98	0.94	0.92	0.96	1.0	1.0
11150	0.96	0.92	0.92	0.94	1.0	0.98	1.0	0.96	0.98	0.98	1.0	0.94	0.92	0.96	1.0	1.0
11200	0.96	0.92	0.92	0.96	1.0	0.98	1.0	0.96	0.98	0.98	1.0	0.94	0.92	0.94	1.0	1.0
11250	0.96	0.92	0.92	0.96	1.0	1.0	1.0	0.96	0.96	0.98	1.0	0.94	0.92	0.94	1.0	1.0
11300	0.96	0.94	0.92	0.96	1.0	1.0	1.0	0.96	0.96	0.98	1.0	0.94	0.92	0.94	1.0	1.0
11350	0.98	0.96	0.92	0.96	1.0	1.0	1.0	0.96	0.96	0.98	1.0	0.96	0.92	0.94	1.0	0.98
11400	0.96	0.96	0.92	0.96	1.0	1.0	1.0	0.98	0.96	0.98	1.0	0.96	0.92	0.94	0.98	0.98
11450	0.88	0.96	0.92	0.96	1.0	1.0	1.0	0.98	0.96	0.98	1.0	0.96	0.94	0.94	0.98	0.98
11500	0.9	0.96	0.92	0.96	1.0	1.0	1.0	0.98	0.96	0.98	1.0	0.96	0.94	0.94	0.98	0.98
11550	0.92	0.96	0.92	0.96	1.0	1.0	1.0	0.98	0.96	0.98	1.0	0.96	0.94	0.94	0.98	0.98
11600	0.9	0.96	0.92	0.96	1.0	1.0	1.0	0.98	0.96	0.98	1.0	0.96	0.94	0.94	0.98	0.98
11650	0.9	0.96	0.92	0.94	1.0	1.0	1.0	0.98	0.96	0.98	1.0	0.96	0.94	0.96	0.98	0.98
11700	0.92	0.96	0.92	0.94	1.0	1.0	1.0	0.98	0.96	0.98	1.0	0.96	0.94	0.96	0.98	0.98
11750	0.98	0.96	0.92	0.94	1.0	1.0	1.0	0.98	0.96	0.98	1.0	0.94	0.94	0.96	0.98	0.98
11800	0.98	0.96	0.92	0.94	1.0	1.0	1.0	0.98	0.96	0.98	1.0	0.9	0.94	0.96	0.98	0.98
11850	0.96	0.96	0.92	0.94	1.0	1.0	1.0	0.98	0.96	0.98	1.0	0.9	0.96	0.96	0.98	0.98
11900	0.96	0.96	0.92	0.94	1.0	1.0	1.0	0.98	0.96	0.98	1.0	0.9	0.98	0.96	0.98	0.96
11950	0.96	0.96	0.92	0.98	1.0	1.0	1.0	0.98	0.96	0.98	1.0	0.9	0.98	0.96	0.98	0.96
12000	0.96	0.96	0.92	0.98	1.0	1.0	1.0	0.98	0.96	0.98	1.0	0.88	1.0	0.96	0.98	0.96
12050	0.92	0.98	0.92	0.98	1.0	1.0	1.0	0.98	0.96	1.0	1.0	0.88	1.0	0.96	0.98	0.96
12100	0.92	0.96	0.92	0.98	1.0	1.0	1.0	0.98	0.96	1.0	1.0	0.86	1.0	0.96	0.98	0.96
12150	0.9	0.96	0.92	0.98	1.0	1.0	1.0	0.98	0.96	1.0	1.0	0.86	1.0	0.98	0.98	0.96
12200	0.9	0.96	0.96	0.98	1.0	1.0	1.0	0.98	0.96	1.0	1.0	0.86	1.0	0.98	0.98	0.96
12250	0.96	0.96	0.96	0.98	1.0	0.98	1.0	1.0	0.96	1.0	0.98	0.86	1.0	1.0	0.98	0.96
12300	0.98	0.94	0.96	0.98	1.0	0.98	1.0	1.0	0.98	1.0	0.98	0.86	1.0	1.0	0.98	0.96
12350	1.0	0.94	0.98	0.98	1.0	0.98	1.0	1.0	0.98	1.0	0.96	0.88	1.0	1.0	0.98	0.96
12400	0.96	0.94	0.98	0.96	1.0	0.98	1.0	1.0	0.98	1.0	0.96	0.88	1.0	1.0	0.98	0.96
12450	0.96	0.94	0.98	0.96	1.0	0.98	1.0	1.0	0.96	1.0	0.96	0.88	1.0	1.0	0.98	0.96
12500	0.98	0.94	1.0	0.96	1.0	0.98	1.0	1.0	0.96	1.0	0.96	0.88	1.0	1.0	0.98	0.96
12550	0.98	0.94	1.0	0.96	1.0	0.98	1.0	1.0	0.96	1.0	0.96	0.88	1.0	1.0	0.98	0.96
12600	0.98	0.94	1.0	0.98	1.0	0.98	1.0	1.0	0.96	1.0	0.96	0.88	1.0	1.0	0.98	0.96
12650	0.98	0.96	1.0	0.98	1.0	0.98	1.0	1.0	0.96	1.0	0.96	0.88	1.0	0.98	0.98	0.96
12700	0.96	0.96	1.0	0.98	1.0	0.98	1.0	1.0	0.96	1.0	0.96	0.88	1.0	0.98	0.98	0.96
12750	0.96	0.96	0.98	0.98	1.0	0.98	1.0	1.0	0.96	1.0	0.92	0.88	1.0	0.98	0.96	0.96
12800	0.94	0.96	0.98	0.98	1.0	0.98	1.0	1.0	0.96	1.0	0.92	0.88	1.0	0.98	0.96	0.98
12850	0.94	0.96	0.98	0.98	1.0	0.98	1.0	1.0	0.96	1.0	0.9	0.88	1.0	0.98	0.96	0.98
12900	0.94	0.96	0.98	0.98	1.0	0.98	1.0	1.0	0.94	1.0	0.88	0.88	1.0	0.98	0.96	0.98
12950	0.94	0.96	0.96	0.98	1.0	0.98	1.0	1.0	0.94	1.0	0.88	0.88	1.0	0.98	0.96	0.98
13000	0.94	0.96	0.96	0.98	1.0	0.98	1.0	1.0	0.94	1.0	0.88	0.88	1.0	0.98	0.96	0.98
13050	0.98	0.96	0.94	0.98	1.0	0.98	1.0	0.98	0.94	1.0	0.88	0.88	1.0	0.98	0.98	0.98
13100	1.0	0.96	0.94	0.98	1.0	0.98	1.0	0.98	0.92	1.0	0.88	0.88	1.0	0.98	0.98	0.98
13150	0.98	0.96	0.94	0.96	1.0	0.98	1.0	0.98	0.92	1.0	0.88	0.88	1.0	0.98	0.98	0.98
13200	0.94	0.96	0.94	0.96	1.0	0.98	1.0	0.98	0.92	1.0	0.88	0.88	1.0	0.98	0.98	0.98
13250	0.94	0.96	0.94	0.96	1.0	0.98	1.0	0.98	0.92	1.0	0.88	0.94	1.0	0.98	0.98	1.0
13300	0.96	0.96	0.94	0.96	1.0	0.98	1.0	0.98	0.92	1.0	0.88	0.94	1.0	0.98	0.98	1.0
13350	0.94	0.96	0.94	0.96	1.0	0.98	1.0	0.98	0.92	1.0	0.88	0.94	0.98	0.98	0.98	1.0
13400	0.9	0.94	0.94	0.96	1.0	0.98	1.0	0.98	0.92	1.0	0.88	0.94	0.98	0.98	0.98	1.0
13450	0.92	0.94	0.94	0.96	1.0	0.98	1.0	0.98	0.92	1.0	0.88	0.94	0.98	0.98	0.96	1.0
13500	0.94	0.94	0.94	0.96	1.0	0.98	1.0	0.98	0.92	1.0	0.88	0.94	0.98	0.98	0.96	1.0
13550	0.94	0.94	0.94	0.96	1.0	0.98	1.0	0.98	0.92	1.0	0.88	0.96	0.98	0.98	0.96	1.0
13600	0.96	0.94	0.94	0.96	1.0	0.98	1.0	0.98	0.94	1.0	0.88	1.0	0.98	0.98	0.96	1.0
13650	0.96	0.96	0.94	0.96	1.0	0.98	1.0	0.98	0.94	1.0	0.88	1.0	0.98	0.98	0.96	1.0
13700	0.92	0.96	0.94	0.96	1.0	0.98	1.0	0.96	0.94	1.0	0.88	1.0	0.96	0.98	0.96	1.0
13750	0.94	0.96	0.94	0.96	1.0	0.98	1.0	0.96	0.94	1.0	0.88	1.0	0.96	0.98	0.96	1.0
13800	0.9	0.96	0.94	0.96	1.0	0.98	1.0	0.96	0.94	1.0	0.9	1.0	0.96	0.98	0.96	1.0
13850	0.9	0.98	0.94	0.96	1.0	0.98	1.0	0.96	0.94	1.0	0.9	1.0	0.96	0.98	0.96	1.0
13900	0.96	0.96	0.94	0.96	1.0	0.98	1.0	0.96	0.94	1.0	0.9	1.0	0.96	0.98	0.96	1.0
13950	0.96	0.96	0.94	0.96	1.0	0.98	1.0	0.96	0.92	1.0	0.9	1.0	0.96	0.98	0.96	1.0
14000	0.94	0.96	0.94	0.98	1.0	1.0	1.0	0.96	0.94	1.0	0.9	1.0	0.96	0.98	0.96	1.0
14050	0.94	0.96	0.94	0.98	1.0	1.0	1.0	0.96	0.96	1.0	0.9	1.0	0.96	0.98	0.96	1.0
14100	0.98	0.96	0.94	0.98	1.0	1.0	1.0	0.96	0.96	1.0	0.9	1.0	0.96	1.0	0.96	1.0
14150	0.96	0.96	0.92	0.98	1.0	1.0	1.0	0.96	0.96	1.0	0.92	1.0	0.96	1.0	0.96	1.0
14200	0.96	0.96	0.92	0.98	1.0	1.0	1.0	0.96	0.96	1.0	0.92	1.0	0.96	1.0	0.96	1.0
14250	0.96	0.96	0.92	0.98	1.0	1.0	1.0	0.96	0.96	1.0	0.92	1.0	0.96	1.0	0.98	1.0
14300	0.92	0.96	0.9	0.98	1.0	1.0	1.0	0.96	0.96	1.0	0.92	1.0	0.96	0.98	0.98	1.0
14350	0.94	0.96	0.9	0.98	1.0	1.0	1.0	0.96	0.98	1.0	0.92	1.0	0.96	0.98	0.98	1.0
14400	0.98	0.96	0.9	0.98	1.0	1.0	1.0	0.96	0.98	1.0	0.92	1.0	0.96	0.98	0.98	1.0
14450	0.94	0.96	0.88	0.96	1.0	1.0	1.0	0.96	0.98	1.0	0.94	1.0	0.96	0.98	0.98	1.0
14500	0.94	0.96	0.9	0.96	1.0	1.0	1.0	0.96	0.98	1.0	0.94	1.0	0.96	0.98	0.98	1.0
14550	0.96	0.96	0.9	0.96	1.0	1.0	1.0	0.96	0.98	1.0	0.96	0.98	0.96	0.98	0.98	1.0
14600	0.98	0.96	0.92	0.96	1.0	1.0	1.0	0.96	0.98	1.0	0.98	0.98	0.96	0.98	0.98	1.0
14650	0.98	0.96	0.92	0.96	1.0	1.0	1.0	0.96	0.96	1.0	0.98	0.98	0.96	0.98	0.98	1.0
14700	0.94	0.96	0.94	0.96	1.0	1.0	1.0	0.98	0.96	1.0	0.98	0.96	0.96	0.98	0.98	1.0
14750	0.94	0.96	0.94	0.96	1.0	1.0	1.0	0.98	0.96	1.0	1.0	0.96	0.98	0.98	0.98	1.0
14800	0.98	0.96	0.94	0.98	1.0	1.0	1.0	0.98	0.96	1.0	1.0	0.96	0.98	0.98	0.98	1.0
14850	1.0	0.96	0.94	0.98	1.0	1.0	1.0	0.98	0.96	1.0	1.0	0.96	0.98	0.98	1.0	1.0
14900	0.98	0.98	0.94	0.98	1.0	1.0	1.0	0.98	0.96	1.0	1.0	0.94	0.98	0.98	1.0	1.0
14950	0.98	0.98	0.94	0.98	1.0	1.0	1.0	0.98	0.96	1.0	1.0	0.92	0.98	0.98	1.0	0.98
15000	0.98	0.98	0.94	0.98	1.0	1.0	1.0	0.98	0.96	1.0	1.0	0.92	0.98	0.98	1.0	0.98
15050	0.98	0.98	0.94	0.98	1.0	1.0	1.0	0.98	0.96	1.0	1.0	0.92	0.98	0.98	0.98	0.98
15100	1.0	0.98	0.94	0.98	1.0	1.0	1.0	1.0	0.96	1.0	1.0	0.92	0.98	0.98	0.98	0.98
15150	1.0	0.98	0.94	0.98	1.0	1.0	1.0	1.0	0.94	1.0	1.0	0.92	0.98	0.98	0.98	0.98
15200	1.0	0.98	0.94	0.98	1.0	1.0	1.0	1.0	0.96	1.0	1.0	0.92	0.98	0.98	0.98	0.98
15250	1.0	0.98	0.94	0.98	1.0	1.0	1.0	1.0	0.96	1.0	0.98	0.92	0.98	0.98	0.98	0.98
15300	1.0	1.0	0.94	0.98	1.0	1.0	1.0	1.0	0.96	1.0	0.98	0.92	0.96	0.98	0.98	0.98
15350	0.96	1.0	0.94	0.98	1.0	1.0	1.0	1.0	0.96	1.0	0.98	0.92	0.98	0.98	0.98	0.98
15400	0.96	1.0	0.94	0.98	0.98	1.0	1.0	1.0	0.96	1.0	0.98	0.92	0.98	0.98	0.98	0.98
15450	0.96	1.0	0.94	0.98	0.98	1.0	1.0	1.0	0.96	0.98	0.98	0.92	0.98	0.98	0.98	0.98
15500	0.98	1.0	0.94	0.98	0.98	1.0	1.0	1.0	0.96	0.98	0.98	0.92	0.98	0.98	0.98	0.98
15550	1.0	1.0	0.94	0.98	0.98	1.0	1.0	1.0	0.96	0.98	0.98	0.92	0.98	1.0	0.98	0.98
15600	1.0	1.0	0.94	0.98	0.98	1.0	1.0	1.0	0.96	0.98	0.98	0.92	0.98	1.0	0.98	0.98
15650	1.0	0.98	0.94	0.98	0.98	1.0	1.0	1.0	0.96	0.98	0.98	0.92	0.98	1.0	0.98	0.98
15700	0.98	0.98	0.94	0.98	0.98	0.98	1.0	1.0	0.96	0.98	0.98	0.9	0.98	0.98	0.98	0.98
15750	0.98	0.98	0.94	0.98	0.98	0.98	1.0	1.0	0.94	0.98	0.98	0.92	0.98	0.98	0.98	0.98
15800	1.0	0.98	0.94	0.98	0.98	0.98	1.0	1.0	0.94	0.98	0.98	0.92	0.98	0.98	0.98	0.98
15850	0.96	0.98	0.94	0.98	0.98	0.96	1.0	1.0	0.94	0.98	0.98	0.92	0.96	0.98	0.98	0.98
15900	0.94	0.98	0.96	0.98	0.96	0.96	1.0	1.0	0.94	0.98	0.98	0.92	0.94	0.98	0.98	0.98
15950	0.96	0.98	0.96	0.98	0.96	0.96	1.0	1.0	0.94	0.98	0.98	0.94	0.94	0.98	0.98	0.98
16000	0.98	0.98	0.96	0.98	0.96	0.96	1.0	1.0	0.94	0.98	0.98	0.94	0.94	0.98	0.98	0.98
16050	0.98	0.98	0.96	0.98	0.96	0.96	1.0	1.0	0.94	0.98	0.98	0.94	0.94	0.96	0.98	0.98
16100	1.0	0.98	0.96	0.98	0.96	0.96	1.0	1.0	0.94	0.98	0.98	0.94	0.94	0.96	0.98	0.98
16150	0.94	0.98	0.98	0.98	0.96	0.96	1.0	1.0	0.94	0.98	0.98	0.94	0.94	0.96	0.98	0.98
16200	0.94	0.98	0.98	0.98	0.96	0.96	1.0	1.0	0.94	0.98	0.96	0.94	0.94	0.94	0.98	0.98
16250	1.0	0.98	0.98	0.98	0.96	0.94	1.0	1.0	0.94	0.98	0.96	0.94	0.94	0.94	0.96	0.98
16300	0.98	0.98	0.98	0.98	0.96	0.94	1.0	1.0	0.94	0.98	0.96	0.94	0.94	0.94	0.96	0.98
16350	0.98	0.98	0.98	0.98	0.94	0.94	1.0	1.0	0.94	0.98	0.96	0.96	0.94	0.94	0.96	0.98
16400	0.98	0.98	0.98	0.98	0.94	0.94	1.0	1.0	0.94	0.98	0.96	0.96	0.94	0.94	0.96	0.98
16450	0.96	0.98	0.98	0.98	0.94	0.94	1.0	1.0	0.92	0.98	0.96	0.96	0.94	0.94	0.96	0.98
16500	0.98	0.98	0.98	1.0	0.94	0.94	1.0	1.0	0.94	0.98	0.96	0.96	0.94	0.94	0.98	0.98
16550	0.98	0.98	0.98	1.0	0.92	0.94	1.0	1.0	0.94	0.98	0.96	0.96	0.94	0.94	0.98	0.98
16600	0.94	0.98	0.98	1.0	0.92	0.94	1.0	1.0	0.94	0.98	0.96	0.96	0.94	0.94	0.98	0.98
16650	0.96	0.98	0.98	1.0	0.92	0.94	1.0	0.98	0.94	0.98	0.96	0.96	0.96	0.92	0.98	0.98
16700	1.0	0.98	0.98	1.0	0.92	0.94	0.98	0.98	0.94	0.98	0.98	0.96	0.96	0.92	0.98	1.0
16750	1.0	0.96	0.98	1.0	0.92	0.94	0.98	0.98	0.94	0.98	0.98	0.96	0.96	0.92	0.98	1.0
16800	1.0	0.96	0.98	1.0	0.92	0.94	0.98	0.98	0.94	0.98	0.98	0.96	0.96	0.92	0.98	1.0
16850	0.98	0.96	0.98	1.0	0.92	0.94	0.98	0.98	0.94	0.98	0.98	0.96	0.96	0.92	0.98	1.0
16900	0.96	0.96	0.98	1.0	0.92	0.94	0.98	0.98	0.94	0.98	0.96	0.96	0.96	0.9	0.98	1.0
16950	0.94	0.96	0.98	1.0	0.92	0.94	0.98	0.98	0.94	0.98	0.96	0.96	0.96	0.9	0.98	1.0
17000	0.96	0.96	0.98	1.0	0.94	0.94	0.98	0.98	0.94	0.98	0.96	0.96	0.96	0.9	0.98	1.0
17050	0.98	0.98	0.98	1.0	0.94	0.92	0.98	0.98	0.94	0.98	0.96	0.96	0.96	0.92	0.98	1.0
17100	0.98	0.98	0.98	1.0	0.94	0.92	0.96	0.98	0.94	1.0	0.96	0.96	0.96	0.92	0.98	0.98
17150	1.0	0.98	0.98	1.0	0.94	0.94	0.96	0.98	0.94	1.0	0.96	0.96	0.96	0.92	0.98	0.98
17200	1.0	0.98	0.98	1.0	0.94	0.94	0.96	0.98	0.96	1.0	0.96	0.98	0.96	0.92	0.98	0.96
17250	0.98	0.98	0.98	1.0	0.94	0.92	0.96	0.98	0.96	1.0	0.96	0.98	0.98	0.92	0.98	0.96
17300	0.94	0.98	0.98	1.0	0.94	0.94	0.96	0.98	0.96	1.0	0.96	0.98	0.98	0.92	0.98	0.96
17350	0.96	0.98	0.96	1.0	0.94	0.92	0.96	0.98	0.96	1.0	0.96	0.98	0.98	0.92	0.96	0.96
17400	1.0	0.98	0.96	1.0	0.94	0.92	0.96	0.98	0.96	1.0	0.96	0.98	0.98	0.92	0.96	0.96
17450	1.0	0.98	0.98	1.0	0.94	0.92	0.96	0.98	0.96	1.0	0.96	0.98	0.98	0.92	0.96	0.96
17500	0.96	0.98	0.98	1.0	0.92	0.92	0.96	0.98	0.96	1.0	0.96	0.98	0.98	0.92	0.96	0.96
17550	0.92	0.98	0.98	1.0	0.92	0.92	0.96	0.98	0.96	1.0	0.96	0.98	0.98	0.92	0.96	0.96
17600	0.96	0.98	0.98	0.98	0.94	0.92	0.96	0.98	0.96	1.0	0.96	0.98	0.96	0.94	0.96	0.96
17650	0.98	0.98	0.98	0.98	0.94	0.94	0.96	0.98	0.96	1.0	0.96	0.98	0.96	0.94	0.96	0.96
17700	0.98	0.98	0.98	0.98	0.92	0.94	0.96	0.98	0.98	1.0	0.98	0.98	0.96	0.94	0.96	0.96
17750	0.96	0.98	0.98	0.98	0.94	0.94	0.96	0.98	0.98	1.0	0.98	0.98	0.94	0.96	0.96	0.96
17800	0.96	0.98	0.98	0.98	0.94	0.94	0.96	0.98	0.98	1.0	0.98	0.98	0.94	0.96	0.96	0.96
17850	0.98	0.98	0.98	0.98	0.94	0.94	0.96	0.98	0.98	1.0	0.98	0.98	0.94	0.96	0.98	0.96
17900	1.0	0.98	0.98	0.98	0.94	0.94	0.96	0.98	0.98	1.0	0.98	0.96	0.94	0.96	0.98	0.96
17950	1.0	0.98	0.98	0.98	0.96	0.94	0.96	0.98	0.98	1.0	0.98	0.96	0.94	0.96	0.98	0.96
18000	0.96	0.98	0.98	0.98	0.96	0.94	0.96	0.98	0.98	1.0	0.98	0.98	0.94	0.98	0.98	0.96
18050	0.92	0.98	0.98	0.98	0.96	0.94	0.96	1.0	1.0	1.0	0.98	0.98	0.94	0.98	0.98	0.96
18100	0.96	1.0	0.98	0.98	0.96	0.94	0.96	1.0	1.0	1.0	1.0	0.98	0.94	0.98	0.98	0.96
18150	0.94	0.98	0.98	0.98	0.96	0.94	0.96	1.0	1.0	0.98	1.0	0.98	0.94	0.98	0.98	0.96
18200	0.94	0.98	0.98	0.98	0.96	0.94	0.96	1.0	1.0	0.98	1.0	0.98	0.94	0.98	0.98	0.96
18250	0.98	0.98	0.98	0.98	0.96	0.94	0.96	1.0	1.0	0.98	1.0	0.98	0.94	1.0	0.98	0.96
18300	0.98	0.98	0.98	0.98	0.94	0.94	0.96	1.0	1.0	0.98	1.0	0.98	0.94	1.0	0.98	0.96
18350	0.96	0.96	0.98	0.98	0.94	0.94	0.96	1.0	1.0	0.98	0.98	0.98	0.94	1.0	0.98	0.96
18400	0.96	0.96	0.98	0.98	0.94	0.94	0.96	1.0	1.0	0.98	0.98	0.98	0.94	1.0	0.98	0.96
18450	0.96	0.96	0.98	0.98	0.94	0.94	0.96	1.0	1.0	0.98	0.98	0.98	0.94	1.0	0.98	0.96
18500	0.96	0.96	0.98	0.98	0.94	0.94	0.94	1.0	1.0	0.98	0.98	0.98	0.94	1.0	0.98	0.96
18550	0.96	0.96	0.98	0.98	0.94	0.96	0.96	1.0	1.0	0.98	0.98	0.98	0.94	1.0	0.98	0.96
18600	0.96	0.96	1.0	0.98	0.92	0.96	0.96	1.0	1.0	0.98	0.98	0.98	0.92	1.0	0.98	0.96
18650	0.96	0.96	1.0	0.98	0.92	0.96	0.96	1.0	1.0	0.98	0.98	0.98	0.92	1.0	0.98	0.96
18700	1.0	0.96	1.0	0.98	0.92	0.96	0.96	1.0	1.0	0.98	0.98	0.98	0.92	1.0	0.98	0.98
18750	0.92	0.96	1.0	0.96	0.92	0.96	0.96	1.0	1.0	0.98	0.96	0.96	0.92	1.0	0.98	0.98
18800	0.92	0.96	1.0	0.96	0.94	0.98	0.96	1.0	1.0	0.98	0.96	0.96	0.92	1.0	0.98	0.98
18850	0.94	0.96	1.0	0.96	0.94	1.0	0.98	1.0	1.0	0.98	0.96	0.96	0.92	1.0	0.98	1.0
18900	0.92	0.96	1.0	0.96	0.94	1.0	0.98	1.0	1.0	0.98	0.96	0.96	0.92	1.0	0.98	1.0
18950	0.98	0.96	1.0	0.94	0.94	0.98	0.98	1.0	1.0	0.98	0.96	0.96	0.92	1.0	0.98	0.98
19000	0.96	0.96	1.0	0.94	0.94	0.98	0.98	1.0	1.0	0.98	0.94	0.96	0.92	1.0	1.0	0.98
19050	0.96	0.96	1.0	0.94	0.94	0.98	0.98	1.0	1.0	0.98	0.94	0.94	0.92	1.0	1.0	0.98
19100	0.98	0.96	1.0	0.96	0.94	0.96	0.98	1.0	0.98	0.98	0.94	0.94	0.92	1.0	1.0	0.98
19150	1.0	0.96	1.0	0.94	0.94	0.96	0.98	1.0	0.98	0.98	0.92	0.94	0.92	1.0	1.0	0.98
19200	0.96	0.96	1.0	0.94	0.94	0.96	0.98	1.0	0.98	0.98	0.92	0.92	0.92	1.0	1.0	0.98
19250	0.98	0.96	1.0	0.94	0.92	0.96	0.98	1.0	0.98	0.98	0.92	0.92	0.92	1.0	1.0	0.98
19300	0.94	0.96	1.0	0.94	0.92	0.96	0.98	1.0	0.98	0.98	0.92	0.92	0.92	1.0	1.0	0.98
19350	0.94	0.96	1.0	0.94	0.92	0.96	0.98	1.0	0.98	0.98	0.92	0.92	0.92	1.0	1.0	0.98
19400	0.98	0.96	1.0	0.94	0.92	0.96	0.98	1.0	0.98	0.98	0.92	0.94	0.94	1.0	1.0	0.98
19450	0.98	0.96	1.0	0.94	0.92	0.96	0.98	1.0	0.98	0.96	0.92	0.94	0.94	1.0	1.0	0.98
19500	1.0	0.96	1.0	0.94	0.9	0.96	0.98	1.0	0.98	0.96	0.92	0.94	0.94	0.98	1.0	0.98
19550	0.98	0.96	1.0	0.94	0.9	0.96	0.98	1.0	0.96	0.96	0.9	0.94	0.94	0.98	1.0	0.98
19600	0.9	0.96	0.98	0.94	0.9	0.96	0.98	1.0	0.96	0.96	0.9	0.94	0.94	0.98	1.0	0.98
19650	0.9	0.96	0.98	0.94	0.9	0.96	0.98	1.0	0.96	0.96	0.92	0.94	0.94	0.98	1.0	0.98
19700	0.94	0.96	0.98	0.94	0.92	0.96	0.98	1.0	0.96	0.98	0.92	0.94	0.94	0.98	1.0	0.98
19750	0.94	0.96	0.98	0.94	0.92	0.96	0.98	1.0	0.96	0.98	0.92	0.94	0.94	0.98	1.0	0.98
19800	0.98	0.96	0.98	0.94	0.92	0.96	0.98	1.0	0.96	0.98	0.92	0.94	0.94	0.98	1.0	0.96
19850	0.94	0.96	0.98	0.94	0.92	0.96	0.98	1.0	0.96	0.98	0.92	0.94	0.94	0.96	1.0	0.96
19900	0.94	0.98	0.98	0.94	0.92	0.96	0.98	1.0	0.96	0.98	0.92	0.94	0.94	0.96	1.0	0.96
19950	0.98	0.98	0.98	0.94	0.92	0.96	0.98	1.0	0.96	0.98	0.92	0.94	0.94	0.96	1.0	0.96
20000	0.96	0.98	0.98	0.94	0.92	0.96	0.98	1.0	0.96	0.98	0.92	0.94	0.94	0.96	1.0	0.96
