0	0	0	0	0	0	0	0	0	0	0	0	0	0	0	0	0	0
50	9	3	1	2	4	2	1	3	1	2	2	3	4	2	1	2	9
100	15	4	4	3	5	3	4	4	4	4	3	4	5	4	6	4	15
150	16	6	4	4	5	4	5	4	4	4	5	6	5	5	6	4	17
200	16	7	4	4	5	6	5	4	6	7	5	6	5	6	6	4	17
250	16	8	6	6	5	6	5	4	6	7	6	6	7	6	6	5	17
300	16	8	6	6	5	6	6	5	6	7	7	6	8	8	7	5	17
350	16	8	7	6	6	7	6	5	6	7	7	6	9	8	7	5	17
400	16	8	7	7	6	7	7	5	7	7	8	6	9	8	8	6	19
450	16	9	7	8	6	8	7	6	7	8	8	6	9	9	8	6	20
500	16	9	7	8	6	8	8	6	7	8	8	6	9	9	8	6	20
550	19	10	8	8	6	8	8	6	7	8	8	7	10	10	8	6	23
600	20	10	8	8	6	8	8	7	8	8	8	7	10	11	8	6	26
650	21	10	9	9	6	8	8	8	8	8	9	7	10	11	8	7	28
700	21	9	10	9	7	8	8	9	8	8	9	7	11	11	8	7	28
750	22	10	10	10	8	8	8	9	8	8	10	7	11	11	8	7	30
800	22	10	10	11	8	8	9	9	9	8	10	7	11	11	8	7	33
850	22	11	10	11	8	9	9	9	8	8	11	7	11	12	9	7	32
900	24	11	10	11	8	9	10	9	8	8	10	7	11	13	10	7	33
950	26	12	10	11	8	9	10	9	8	8	10	7	11	13	10	7	37
1000	24	12	10	10	8	9	10	9	8	8	10	7	11	13	12	7	36
1050	24	12	10	10	9	9	10	10	8	8	11	7	11	14	12	7	38
1100	25	12	10	10	9	9	10	10	10	8	11	7	11	13	12	7	39
1150	26	12	10	10	9	9	10	10	10	9	11	7	12	13	12	7	40
1200	26	12	10	10	9	9	10	10	10	10	11	7	13	12	12	7	39
1250	27	12	10	11	9	9	10	10	10	10	11	7	13	13	12	7	41
1300	30	13	10	11	9	9	10	10	10	10	11	7	13	13	12	7	44
1350	31	12	10	11	10	9	10	10	11	10	12	7	13	13	13	7	45
1400	31	12	10	11	10	9	10	10	14	10	12	8	13	13	13	7	45
1450	31	12	10	12	10	10	10	9	14	10	14	8	13	13	13	7	46
1500	30	13	11	12	10	10	10	9	14	11	14	8	13	13	13	8	44
1550	31	12	11	12	10	10	11	9	15	12	15	8	13	13	13	9	46
1600	32	12	11	12	10	10	11	9	15	12	16	8	13	12	13	9	47
1650	32	12	11	12	10	10	11	10	15	12	16	8	13	12	13	10	49
1700	32	12	11	12	10	10	11	10	15	12	16	8	13	12	13	10	49
1750	33	12	11	12	11	10	11	10	15	13	16	8	13	12	13	10	52
1800	34	12	12	12	11	10	11	10	15	13	16	8	14	12	13	10	54
1850	35	12	12	12	11	10	12	9	15	15	16	8	15	12	13	11	55
1900	34	13	12	14	10	10	12	9	15	15	16	9	15	12	13	11	58
1950	36	13	12	15	10	11	13	9	16	15	17	9	15	12	13	11	61
2000	36	14	12	16	10	11	14	9	16	15	15	9	15	12	13	11	61
2050	35	13	13	16	10	12	14	9	17	15	15	9	15	12	14	11	61
2100	34	13	13	16	10	12	14	9	17	17	15	9	15	12	14	12	63
2150	34	14	13	16	11	12	14	10	17	17	15	9	15	12	14	12	65
2200	35	14	15	16	11	13	14	11	17	17	15	9	15	12	14	12	69
2250	35	14	15	16	12	13	14	11	17	17	15	9	15	12	14	12	69
2300	35	14	15	17	12	13	14	11	17	16	16	9	15	12	15	12	69
2350	36	15	15	16	12	14	14	11	17	16	16	10	15	12	15	12	69
2400	37	15	15	15	12	14	14	11	17	16	16	10	15	12	14	12	68
2450	37	15	15	15	13	14	14	12	17	17	16	11	15	12	14	12	70
2500	35	15	15	15	12	15	14	12	19	17	15	11	16	12	14	13	72
2550	36	14	15	15	12	15	14	12	19	17	15	11	16	12	14	13	71
2600	35	14	15	15	13	15	14	12	17	17	15	11	16	12	14	13	70
2650	35	14	15	15	13	15	14	12	17	17	15	11	16	12	14	13	70
2700	33	14	15	15	14	15	14	12	17	17	14	11	16	13	14	13	70
2750	35	14	15	14	14	15	14	12	18	18	14	11	16	14	15	13	75
2800	37	14	15	15	14	16	14	13	18	18	14	11	16	14	15	13	78
2850	38	14	15	15	14	16	14	13	18	18	15	11	16	15	15	13	78
2900	37	14	14	15	15	16	14	13	19	18	15	11	16	15	14	13	78
2950	36	14	14	15	15	16	14	13	19	18	15	11	16	15	14	13	76
3000	35	14	14	15	16	16	14	14	19	19	15	11	16	15	14	13	78
3050	34	14	14	15	16	16	14	13	19	19	15	11	16	15	14	14	79
3100	33	14	14	15	15	16	14	13	19	19	15	11	16	13	14	14	78
3150	33	14	14	15	15	16	15	14	19	19	15	11	16	12	14	14	80
3200	33	14	14	14	15	16	15	13	19	19	15	11	16	12	14	14	80
3250	35	14	15	14	16	16	15	14	19	19	15	11	16	12	14	14	84
3300	36	14	15	13	16	16	15	14	20	21	15	11	16	12	15	14	88
3350	34	15	15	13	16	15	15	14	20	22	15	11	16	12	15	14	91
3400	34	16	15	13	16	15	16	14	20	22	15	11	16	12	17	14	91
3450	35	16	16	13	16	15	16	16	20	22	16	11	16	13	17	14	93
3500	36	17	16	13	16	15	16	17	20	22	17	11	15	13	17	14	94
3550	36	17	16	13	16	16	16	17	20	22	18	11	15	13	17	15	95
3600	39	17	16	13	16	16	17	17	20	22	19	11	15	13	17	15	99
3650	38	18	16	14	16	16	17	17	21	22	19	11	15	13	18	15	99
3700	36	18	16	15	17	16	17	17	21	21	19	11	15	13	18	16	101
3750	33	18	17	15	17	17	17	18	21	21	20	11	15	13	18	16	101
3800	34	18	18	15	17	17	17	18	21	20	20	11	15	13	18	16	100
3850	35	18	19	15	17	17	17	18	21	20	21	11	17	13	18	16	102
3900	37	18	19	15	17	17	18	17	21	20	21	11	17	14	18	16	104
3950	37	18	19	16	19	17	18	18	21	20	21	11	17	14	18	16	105
4000	41	18	19	16	19	17	18	19	21	20	21	11	17	14	18	15	107
4050	41	18	18	17	19	17	18	20	21	20	21	12	17	14	18	16	108
4100	41	18	18	17	19	17	18	20	21	19	21	14	17	14	18	16	107
4150	39	18	18	18	19	17	18	20	21	19	21	14	18	14	18	16	107
4200	39	18	18	18	19	17	18	20	21	19	20	14	18	15	18	16	107
4250	39	17	18	19	18	18	18	19	21	19	20	14	18	15	18	16	105
4300	39	17	18	18	18	18	18	18	21	20	20	14	18	15	19	16	103
4350	37	17	18	18	18	18	19	18	21	20	21	14	18	15	19	16	102
4400	37	17	18	18	18	18	19	18	21	20	22	14	18	15	20	16	102
4450	38	17	18	17	18	18	19	18	21	20	22	14	19	15	20	16	103
4500	36	17	18	17	18	18	20	18	21	20	22	14	19	16	20	16	104
4550	35	17	18	17	18	18	20	18	22	20	23	14	19	16	20	16	106
4600	35	18	18	17	19	19	20	18	22	20	23	14	19	16	20	16	109
4650	35	19	18	17	19	19	20	18	22	20	24	15	20	16	20	16	111
4700	35	19	18	17	19	19	20	18	22	20	24	15	20	17	20	16	111
4750	36	19	18	17	19	18	20	18	22	20	24	15	20	17	21	15	111
4800	35	19	19	17	19	18	20	18	22	20	24	15	20	17	21	15	113
4850	35	19	19	17	19	19	21	18	22	20	24	15	20	17	21	16	115
4900	37	19	19	17	19	19	22	18	22	20	24	15	20	17	22	16	118
4950	37	19	19	16	20	19	21	18	22	20	23	15	20	17	22	15	117
5000	37	19	19	16	20	19	21	18	22	20	23	15	20	17	22	15	118
5050	36	19	19	16	20	19	21	18	21	20	23	15	20	17	22	15	118
5100	34	19	19	16	20	19	21	18	21	20	23	15	20	18	22	15	118
5150	35	19	19	16	20	19	21	18	21	20	23	15	20	18	22	15	118
5200	35	19	19	16	20	19	21	18	21	20	23	15	20	18	22	16	119
5250	35	19	19	16	20	20	21	18	21	20	23	15	20	18	22	16	119
5300	35	19	19	15	20	20	21	18	21	20	23	16	20	18	22	17	117
5350	36	19	19	15	20	20	21	19	21	20	23	16	20	18	22	17	119
5400	34	19	19	16	21	19	21	19	21	20	23	16	20	18	22	17	120
5450	37	19	19	16	21	19	21	20	21	21	23	16	20	18	22	17	124
5500	38	19	19	16	21	19	21	20	21	21	23	17	20	18	22	18	127
5550	38	19	19	16	21	20	21	20	21	21	22	17	20	18	22	18	126
5600	38	19	19	16	20	20	21	20	21	21	22	17	20	18	23	18	126
5650	37	19	19	16	20	20	21	20	21	21	22	17	20	18	23	18	125
5700	37	19	20	16	20	20	20	19	21	21	22	18	20	18	23	18	123
5750	37	19	19	17	21	19	20	19	21	21	22	18	20	18	23	18	122
5800	38	19	19	17	21	19	21	19	21	21	21	18	20	18	23	19	124
5850	37	19	19	16	21	19	21	19	22	23	21	18	20	18	23	19	124
5900	36	19	19	15	21	19	21	19	21	22	21	18	20	18	23	19	121
5950	35	19	19	15	21	19	20	19	21	22	22	19	20	18	23	19	122
6000	35	20	19	16	21	19	20	19	22	22	22	19	20	17	23	19	123
6050	35	21	19	16	21	19	20	19	22	22	22	19	20	17	23	19	124
6100	34	21	19	16	21	19	20	19	22	22	21	19	20	17	22	19	123
6150	34	21	19	16	21	19	20	19	22	22	21	19	20	17	22	19	123
6200	34	21	20	16	21	19	20	19	22	22	21	19	20	17	22	19	123
6250	32	21	20	16	21	18	20	19	22	22	21	19	20	17	22	19	122
6300	34	21	20	16	21	18	18	19	22	22	21	19	20	17	22	18	123
6350	35	21	20	16	21	18	19	19	22	22	21	19	20	17	22	18	124
6400	35	22	20	16	21	19	20	19	22	22	21	19	20	16	22	18	123
6450	35	21	20	16	21	19	20	19	22	22	21	19	20	16	22	18	123
6500	33	21	20	16	20	19	21	18	22	22	21	20	20	17	22	18	123
6550	33	21	20	16	20	19	21	18	22	22	21	20	20	17	22	18	124
6600	34	21	20	16	20	19	21	18	22	22	21	20	20	17	22	17	124
6650	36	21	20	16	20	19	20	18	22	22	21	20	20	17	22	18	126
6700	37	21	20	16	20	19	20	18	22	22	21	20	20	17	22	18	127
6750	37	21	20	16	20	19	21	19	23	22	21	20	20	17	22	18	129
6800	39	21	20	16	20	19	21	19	23	22	21	20	20	17	22	18	131
6850	39	21	20	16	21	19	21	20	23	22	22	20	20	17	22	18	133
6900	38	21	20	16	21	19	21	20	23	22	22	20	20	17	22	18	133
6950	38	21	20	16	21	19	21	19	23	22	22	21	20	17	22	18	133
7000	38	21	20	17	21	20	21	19	23	22	22	21	20	17	22	18	134
7050	36	21	20	17	21	20	21	19	23	22	22	21	20	17	22	18	132
7100	36	21	20	16	21	20	21	19	23	22	22	21	20	17	22	18	133
7150	36	21	20	16	21	20	21	19	23	22	22	21	20	17	22	18	133
7200	35	21	20	16	21	20	21	19	23	22	21	21	20	17	22	18	132
7250	36	21	20	15	21	19	21	19	23	22	21	21	20	17	22	18	133
7300	36	21	20	15	21	19	21	19	23	22	21	21	20	17	22	18	133
7350	37	21	20	12	21	20	21	20	23	22	21	21	20	17	22	18	134
7400	36	21	20	12	21	20	21	20	23	22	21	21	20	17	22	18	135
7450	36	21	20	12	21	20	21	20	22	22	20	21	20	17	22	18	134
7500	37	21	20	12	21	20	21	20	22	22	20	21	20	17	22	18	134
7550	37	21	20	12	20	20	21	20	22	22	20	21	20	17	22	18	133
7600	36	21	20	12	20	20	21	21	22	22	20	21	20	17	22	18	128
7650	38	21	20	12	20	21	22	21	22	22	20	21	20	17	22	18	131
7700	40	21	20	12	20	21	23	21	22	22	20	21	20	17	22	18	132
7750	40	21	20	12	20	21	23	21	22	22	20	21	20	17	22	18	131
7800	39	21	20	12	20	20	23	21	22	22	20	21	20	17	23	18	131
7850	38	21	20	12	20	20	23	20	22	22	20	21	20	17	22	18	129
7900	40	21	20	12	20	20	23	20	22	22	20	21	20	17	22	18	130
7950	41	21	20	12	20	20	23	20	22	22	20	21	20	17	22	19	133
8000	41	21	20	12	21	19	23	20	22	22	20	21	20	17	22	19	133
8050	40	22	20	12	21	19	23	20	22	22	20	21	20	17	22	19	132
8100	41	22	20	11	21	19	23	20	22	22	20	21	20	17	23	19	133
8150	40	22	20	11	21	19	22	20	22	22	20	21	20	17	23	19	132
8200	40	22	20	11	21	19	22	20	22	22	20	21	20	17	23	19	132
8250	40	22	20	11	21	19	22	20	22	22	20	22	20	17	23	19	132
8300	41	22	20	11	21	19	22	20	22	22	20	22	20	17	23	19	134
8350	41	22	20	11	21	19	22	20	22	22	20	22	20	17	23	19	134
8400	40	22	20	11	20	19	23	20	22	22	20	22	20	17	23	19	135
8450	43	22	20	11	20	19	23	20	22	22	20	22	20	18	23	19	137
8500	45	22	20	11	19	19	23	20	22	22	20	22	20	18	23	19	139
8550	44	22	20	11	19	19	23	20	22	22	20	22	20	18	23	19	139
8600	45	22	20	11	20	19	23	20	22	22	20	22	20	17	23	19	140
8650	47	22	20	11	21	19	23	20	22	22	20	22	20	17	23	19	143
8700	47	22	20	11	21	19	23	20	22	22	20	22	20	17	23	19	142
8750	46	22	20	11	21	19	23	20	22	22	20	22	20	17	23	19	141
8800	44	22	20	11	22	19	23	20	22	23	19	22	20	17	23	20	135
8850	44	22	20	11	22	19	23	20	22	23	19	22	20	17	21	20	135
8900	42	22	20	11	22	19	23	20	23	23	19	22	20	17	21	20	133
8950	42	22	20	11	22	19	23	20	23	23	19	22	20	17	21	20	133
9000	44	23	20	11	22	19	23	20	23	23	19	22	20	17	21	20	135
9050	43	23	20	11	22	19	23	20	23	23	19	22	20	17	21	20	134
9100	46	23	20	11	22	19	23	20	23	23	19	22	20	17	21	20	137
9150	45	23	20	11	22	18	23	20	23	24	19	22	20	17	22	20	138
9200	46	23	20	11	22	18	23	19	23	24	19	22	20	17	22	20	138
9250	46	23	20	11	22	18	23	19	23	24	19	22	20	17	22	20	136
9300	47	23	20	11	22	18	23	19	23	24	19	22	20	17	22	20	136
9350	46	23	20	11	22	18	23	19	23	24	19	22	20	17	22	20	135
9400	45	23	20	11	22	18	23	19	23	24	19	22	20	17	22	20	134
9450	46	23	20	11	22	18	23	19	23	24	19	22	20	17	22	20	137
9500	44	23	20	11	22	18	23	19	23	24	19	22	20	17	22	20	138
9550	45	23	20	11	22	18	23	19	23	24	19	22	20	17	22	20	142
9600	43	23	20	11	22	18	23	19	24	24	19	22	20	17	22	20	140
9650	43	23	20	11	22	18	23	19	24	25	19	22	20	17	22	20	141
9700	44	23	20	11	22	18	23	19	24	25	19	22	20	17	22	20	141
9750	45	23	20	11	22	18	23	19	24	25	19	22	20	17	22	20	141
9800	47	23	20	11	22	18	23	19	24	25	19	22	20	17	22	20	145
9850	45	23	20	11	22	18	23	19	24	25	19	22	20	17	22	20	140
9900	47	23	20	11	21	18	23	19	24	25	19	22	20	17	22	20	142
9950	46	23	20	10	21	18	23	19	24	25	19	22	20	17	22	20	140
10000	47	23	20	10	21	18	23	19	24	25	20	22	20	17	22	20	142
10050	47	23	20	10	21	18	23	19	24	25	21	22	20	17	22	20	142
10100	47	23	20	10	21	18	22	19	24	25	21	22	20	17	22	20	141
10150	47	23	20	10	21	18	23	19	24	25	21	22	21	17	22	20	143
10200	47	23	20	10	22	18	23	20	25	25	21	22	21	17	22	20	143
10250	47	23	20	11	22	18	23	20	25	25	21	22	21	17	22	20	143
10300	46	23	21	11	22	18	23	20	25	25	21	22	21	17	22	20	143
10350	46	23	20	11	22	18	23	21	24	26	21	22	21	18	22	20	142
10400	46	23	20	11	22	18	24	21	24	26	21	22	21	19	22	20	143
10450	46	23	20	12	22	18	24	20	24	26	21	22	21	19	22	20	143
10500	47	23	20	12	22	18	24	20	24	26	21	22	21	19	22	20	143
10550	45	23	19	12	22	18	24	20	24	26	21	22	21	20	22	20	142
10600	45	22	19	13	22	18	24	20	24	26	21	22	21	20	22	20	140
10650	45	22	19	13	22	19	24	20	24	25	21	22	21	20	22	20	138
10700	45	22	19	13	22	19	24	20	24	25	21	22	21	20	22	20	138
10750	45	22	19	13	22	19	24	19	24	25	21	21	20	20	22	20	134
10800	45	22	19	13	22	19	23	19	24	24	21	21	20	20	22	20	132
10850	43	22	19	13	22	19	23	19	24	24	21	20	20	20	22	20	131
10900	43	22	19	13	22	19	23	19	24	24	21	20	20	20	22	20	131
10950	43	22	19	12	22	19	23	19	24	24	21	20	20	20	22	20	131
11000	43	22	19	12	22	19	23	19	24	24	21	20	20	19	22	20	131
11050	42	22	19	13	22	19	23	19	24	24	21	20	20	18	22	20	129
11100	42	22	19	13	22	18	23	19	24	24	21	20	20	18	23	20	128
11150	42	22	19	13	22	18	23	19	24	24	21	20	20	18	23	19	127
11200	42	22	19	13	22	18	23	19	24	24	20	20	20	18	23	19	127
11250	42	22	19	15	23	18	23	19	24	24	20	20	20	18	23	19	128
11300	42	22	19	14	23	18	23	19	24	24	20	20	20	18	23	19	129
11350	42	22	19	16	23	18	23	19	24	24	20	20	20	18	23	19	131
11400	42	22	19	16	23	18	23	19	24	24	20	20	20	18	23	19	130
11450	42	22	19	15	23	18	23	19	24	24	20	20	20	18	23	19	128
11500	42	22	19	15	23	18	23	19	24	24	20	20	21	18	23	19	128
11550	42	22	19	15	23	18	23	19	24	24	21	20	21	18	23	19	129
11600	42	22	19	15	23	18	23	19	24	24	20	20	21	18	23	19	128
11650	42	22	19	17	23	18	23	19	24	24	20	20	21	18	23	19	130
11700	42	22	19	16	24	18	23	19	24	24	20	20	21	18	23	19	130
11750	42	22	19	16	24	18	23	19	24	24	20	20	21	18	23	19	130
11800	42	22	19	18	25	17	22	19	24	24	20	20	21	18	23	19	131
11850	42	22	19	18	25	17	22	19	24	24	20	20	21	18	21	19	131
11900	42	22	19	19	25	17	22	19	24	24	20	20	21	18	21	19	133
11950	42	23	19	18	25	17	22	19	24	24	20	20	21	18	21	19	133
12000	42	23	19	19	25	17	22	18	24	24	20	20	21	18	21	19	133
12050	40	23	19	19	25	17	22	18	24	24	20	19	21	18	21	19	132
12100	39	23	19	18	25	17	22	18	24	24	20	19	21	18	21	19	129
12150	38	23	19	19	24	17	22	18	24	24	20	19	21	18	21	19	127
12200	38	23	19	19	24	17	22	18	24	24	20	19	21	18	21	19	127
12250	37	23	19	20	24	17	22	18	24	24	20	19	21	19	21	19	128
12300	36	23	19	20	24	17	22	18	24	24	20	19	21	19	21	19	127
12350	36	23	19	21	24	17	22	18	24	24	20	19	21	19	21	19	128
12400	36	23	19	20	24	17	22	18	24	24	20	19	21	19	21	19	127
12450	36	23	19	22	24	17	22	18	24	24	20	19	21	19	21	19	130
12500	36	23	19	22	24	17	22	18	24	24	19	19	21	19	21	19	130
12550	36	23	19	22	24	17	22	17	24	24	19	19	20	18	21	19	129
12600	36	23	19	22	23	17	22	17	24	24	19	19	19	18	21	19	129
12650	36	23	19	22	23	17	22	17	24	24	19	19	19	18	21	19	129
12700	36	23	19	22	23	17	22	17	24	24	19	19	19	18	21	19	128
12750	35	23	19	22	22	17	22	17	24	24	20	19	19	18	21	19	129
12800	35	23	19	22	23	17	22	17	24	24	20	19	19	18	21	19	129
12850	35	23	19	22	23	17	22	17	24	24	20	19	19	18	21	19	129
12900	35	23	18	22	23	17	22	17	23	24	20	19	19	18	21	19	128
12950	35	23	18	22	23	17	22	18	23	24	20	19	19	19	21	19	129
13000	35	23	18	22	23	17	22	19	23	24	20	19	19	19	21	19	129
13050	35	23	18	22	23	17	22	19	23	24	20	19	19	19	21	19	129
13100	35	23	17	22	23	17	22	19	23	24	20	19	19	19	21	19	128
13150	34	23	17	22	23	17	22	19	23	24	20	18	19	19	21	19	128
13200	34	23	17	23	23	17	22	19	23	24	20	18	19	19	21	19	129
13250	34	23	17	23	23	17	22	19	23	24	20	18	19	19	21	19	128
13300	34	23	17	22	23	17	22	19	23	24	20	18	19	19	21	19	127
13350	35	23	17	22	23	17	22	19	23	24	20	18	19	19	21	19	126
13400	35	23	17	21	23	17	22	19	23	24	19	18	19	19	21	19	124
13450	35	23	17	21	23	17	22	19	23	24	19	18	19	19	21	19	124
13500	35	23	17	21	23	17	22	19	21	24	19	18	19	19	21	19	122
13550	35	23	17	21	23	17	22	19	21	24	19	18	19	19	21	19	122
13600	34	23	17	21	23	17	22	19	21	24	19	18	19	19	21	19	121
13650	33	23	17	22	23	17	22	19	21	24	19	18	19	19	21	19	121
13700	33	23	17	22	23	17	22	19	21	24	19	18	19	19	21	19	121
13750	33	23	17	22	23	17	22	19	21	24	19	18	19	19	21	19	121
13800	33	23	16	22	23	17	22	19	21	24	19	18	18	19	21	19	120
13850	32	23	16	22	23	17	22	19	21	24	19	18	18	19	21	19	120
13900	32	23	16	21	23	17	22	19	21	24	19	18	18	19	21	19	120
13950	31	23	16	22	23	18	22	19	21	24	19	18	18	19	21	19	120
14000	31	23	16	22	23	18	22	19	21	24	19	18	18	19	21	19	120
14050	31	23	16	21	23	18	22	19	21	24	19	18	18	19	21	19	120
14100	31	23	16	21	23	18	22	19	21	24	19	18	18	19	21	19	120
14150	32	23	16	19	23	18	22	19	21	24	19	18	18	19	21	19	119
14200	32	23	16	18	23	18	22	19	21	24	19	18	18	19	21	19	118
14250	32	23	16	18	23	18	22	19	21	24	19	18	18	19	21	19	118
14300	32	23	16	19	23	18	22	19	21	24	19	18	18	18	21	19	119
14350	32	23	16	19	23	18	22	19	21	24	19	18	18	18	21	19	119
14400	33	23	16	19	23	18	22	19	21	24	19	18	18	18	21	19	120
14450	34	23	16	18	23	18	22	19	21	24	19	18	18	18	21	19	120
14500	33	22	16	18	23	18	22	19	21	23	19	18	18	18	21	19	119
14550	33	22	16	17	23	18	22	19	21	23	19	18	18	18	21	19	119
14600	33	22	16	17	23	18	22	19	21	22	19	18	18	18	21	19	119
14650	34	22	16	17	23	18	22	19	20	22	19	18	18	18	21	19	119
14700	34	22	16	16	23	18	22	19	20	22	19	18	18	18	21	19	118
14750	34	22	16	16	23	18	23	19	20	22	19	18	18	18	21	19	118
14800	35	22	16	16	23	18	23	19	19	22	19	18	18	18	21	19	119
14850	34	21	16	18	23	18	23	18	19	22	19	18	18	18	21	19	118
14900	33	21	16	18	23	18	23	18	19	22	20	18	18	18	21	19	117
14950	33	21	16	18	23	18	23	18	19	22	20	18	18	18	21	19	117
15000	33	21	16	19	23	18	23	18	19	22	21	18	18	18	21	19	117
15050	33	21	16	19	23	18	23	18	19	22	21	18	18	18	21	19	115
15100	33	21	16	20	23	18	23	18	19	22	22	18	18	18	21	19	116
15150	33	21	16	20	23	18	23	18	19	22	22	18	18	18	21	19	117
15200	33	21	16	20	23	18	23	18	19	22	22	18	18	18	21	19	116
15250	32	21	16	20	23	18	23	18	19	22	21	18	18	18	21	19	116
15300	34	21	16	21	23	18	23	18	19	22	21	18	18	18	21	19	119
15350	35	21	16	22	23	18	23	18	19	22	21	18	18	18	21	19	120
15400	37	21	16	22	23	18	23	18	19	22	21	18	18	18	21	19	122
15450	36	21	16	23	23	18	23	18	19	22	22	18	18	18	21	19	123
15500	36	21	16	23	23	18	23	18	19	22	21	18	18	18	21	19	121
15550	36	21	16	24	23	18	23	18	19	22	21	18	18	18	21	19	122
15600	36	21	16	24	23	18	23	18	19	22	21	18	18	18	21	19	122
15650	35	21	16	24	23	18	23	18	19	22	22	18	18	18	21	19	123
15700	35	21	16	24	23	18	23	18	19	22	22	18	18	18	21	19	123
15750	34	21	16	24	23	18	23	18	19	22	22	18	18	18	21	19	122
15800	34	21	16	24	23	18	23	18	19	22	22	18	18	18	21	19	122
15850	36	21	16	23	23	18	23	18	19	22	22	18	18	18	21	19	123
15900	36	21	16	23	23	18	23	18	19	22	22	18	18	18	21	19	123
15950	35	21	16	24	23	18	23	18	19	22	22	18	18	18	21	19	123
16000	34	21	17	24	23	18	23	18	19	22	22	18	18	18	21	19	122
16050	34	21	17	24	23	18	23	18	19	22	23	18	18	18	21	19	123
16100	34	21	17	23	23	18	23	18	19	22	23	18	18	18	21	19	122
16150	35	21	17	23	23	18	23	18	19	22	23	18	18	18	21	19	123
16200	35	21	17	24	23	18	23	18	19	22	23	18	18	18	21	19	124
16250	38	21	17	24	23	18	23	18	19	22	23	18	18	18	21	19	126
16300	38	21	17	24	23	18	23	18	19	22	23	18	18	18	21	19	126
16350	39	21	17	24	23	18	23	18	19	22	23	18	18	19	21	19	127
16400	38	21	17	24	23	18	23	18	19	22	23	18	18	20	21	19	128
16450	38	22	17	24	23	16	23	18	19	22	23	18	18	19	21	19	126
16500	38	22	17	24	23	16	23	18	19	22	23	18	18	19	21	19	126
16550	38	22	17	24	23	16	23	18	19	22	23	18	18	19	21	19	126
16600	37	22	17	24	23	15	23	18	19	22	23	18	18	19	21	19	124
16650	37	22	17	24	23	15	23	18	19	22	23	18	18	20	21	19	127
16700	38	22	17	24	23	15	23	18	19	22	23	18	18	21	21	19	129
16750	37	22	17	24	23	15	23	18	19	22	23	18	18	22	21	19	130
16800	38	22	17	24	23	15	23	18	19	22	23	18	18	22	21	19	131
16850	38	22	17	25	23	15	23	18	19	22	21	17	18	22	21	19	132
16900	38	23	17	25	23	15	23	18	19	22	21	17	18	22	21	19	131
16950	38	23	17	25	23	15	23	18	19	22	22	17	18	22	21	19	132
17000	38	23	17	25	23	15	23	18	19	22	23	17	18	22	21	19	133
17050	35	23	17	26	23	15	23	18	19	22	24	17	18	23	21	19	134
17100	35	23	17	28	23	15	23	18	19	22	24	17	18	24	21	19	135
17150	38	23	17	27	23	15	23	18	19	22	24	17	18	24	21	19	137
17200	38	24	17	27	23	15	23	18	19	22	24	17	18	24	21	19	138
17250	39	25	17	27	23	15	23	18	19	22	24	17	18	24	21	19	140
17300	40	25	17	26	23	15	23	18	19	22	24	17	18	24	21	19	140
17350	41	25	17	27	23	15	23	18	19	22	24	17	18	24	21	19	142
17400	41	25	17	27	23	15	23	18	19	22	23	17	18	24	21	19	142
17450	40	25	17	27	23	15	23	18	19	22	23	17	18	24	21	19	141
17500	39	25	17	26	23	15	23	18	19	22	23	17	18	24	21	19	140
17550	39	25	17	25	23	15	23	18	19	22	23	17	18	24	21	19	141
17600	39	25	17	25	23	15	23	18	19	22	22	17	18	24	21	19	140
17650	39	25	17	24	23	15	23	18	19	22	22	17	18	24	21	19	139
17700	39	25	17	24	23	15	23	18	19	22	22	17	18	24	21	19	139
17750	40	25	17	24	23	15	23	18	19	22	22	17	18	24	21	19	140
17800	40	25	17	24	23	15	23	18	19	22	22	17	18	24	21	19	140
17850	40	25	17	24	22	15	23	18	19	22	22	17	18	24	21	19	139
17900	39	24	17	22	22	15	23	18	19	22	22	17	18	24	21	19	136
17950	40	24	17	22	22	15	23	18	19	22	22	17	18	24	21	19	138
18000	41	25	17	22	22	15	23	18	19	22	22	17	18	24	21	19	140
18050	41	25	17	22	22	15	23	18	19	22	22	17	18	24	21	19	140
18100	40	25	16	22	22	15	23	18	19	22	22	17	18	24	21	19	139
18150	40	25	16	22	22	15	23	18	19	22	22	17	18	23	21	19	138
18200	40	25	16	22	22	15	23	18	19	22	22	17	18	23	21	19	139
18250	39	25	16	22	22	15	23	18	19	22	22	17	18	23	21	19	139
18300	40	25	16	22	22	15	23	18	19	22	22	17	18	23	21	19	140
18350	40	25	16	22	22	15	23	18	19	22	22	17	18	23	21	19	140
18400	40	25	16	22	22	16	23	18	19	22	22	17	18	23	21	19	140
18450	40	25	16	22	22	16	23	18	19	22	22	17	18	23	21	19	140
18500	40	25	16	22	22	16	23	18	19	22	22	17	18	23	21	19	140
18550	40	25	16	22	22	16	23	18	19	22	22	17	18	23	21	19	140
18600	40	25	16	23	22	16	23	18	19	22	22	17	18	23	21	19	141
18650	39	26	16	24	22	17	23	18	19	22	22	17	18	23	21	19	142
18700	38	26	16	24	22	17	23	18	19	22	22	17	18	23	21	19	141
18750	39	26	16	24	22	17	23	18	19	22	22	17	18	23	21	19	142
18800	39	26	16	24	22	17	23	18	19	22	22	17	18	23	21	19	142
18850	39	26	16	23	22	17	23	18	19	22	22	17	18	23	21	19	139
18900	38	26	16	23	22	17	23	18	19	22	22	17	18	23	21	19	140
18950	35	26	16	23	22	17	23	18	19	22	22	17	18	23	21	19	138
19000	34	26	16	23	22	17	23	18	19	22	22	17	18	23	21	19	137
19050	34	26	16	23	22	17	23	18	18	22	22	16	18	23	21	19	136
19100	34	26	16	22	22	16	23	18	18	22	22	16	18	23	21	19	136
19150	34	26	16	21	22	16	23	18	18	22	22	16	18	23	21	19	135
19200	34	26	16	21	22	16	23	18	18	22	22	16	18	23	21	19	136
19250	32	26	16	21	22	16	23	18	18	22	22	16	18	23	21	19	134
19300	32	26	16	20	22	18	23	18	18	22	22	16	18	24	21	19	135
19350	32	26	16	21	22	18	23	18	18	22	22	16	18	24	21	19	136
19400	31	26	16	21	22	18	23	18	18	22	22	16	18	24	21	19	135
19450	32	26	16	21	22	18	23	18	18	22	22	16	18	24	21	19	133
19500	32	26	16	22	22	18	23	18	18	22	22	16	18	24	21	19	133
19550	31	26	16	22	22	18	23	18	18	22	22	16	18	24	21	19	132
19600	32	26	16	22	22	18	23	18	18	22	22	16	18	24	21	19	133
19650	33	26	16	22	22	19	23	18	18	22	22	16	18	24	21	19	135
19700	32	26	16	22	22	19	23	18	18	22	22	16	18	24	21	19	134
19750	33	26	16	22	22	19	23	18	18	22	22	16	18	24	21	19	135
19800	33	26	16	22	22	19	23	18	18	22	22	16	18	24	21	19	135
19850	33	26	16	22	22	19	23	18	18	22	22	16	18	24	21	19	135
19900	33	25	16	22	22	20	23	18	18	22	22	16	18	24	21	19	136
19950	33	26	16	22	22	20	23	18	18	22	22	16	18	24	21	18	137
20000	34	26	16	22	22	20	23	18	18	22	22	16	18	23	21	18	137
