0	0	0	0	0	0	0	0	0	0	0	0	0	0	0	0	0	0
50	1	1	1	1	1	2	2	2	1	1	1	1	2	2	3	2	5
100	5	3	4	4	5	3	4	3	4	5	3	4	3	3	5	4	22
150	6	7	4	5	6	5	7	3	5	6	4	5	6	4	5	6	32
200	7	7	4	5	7	6	7	6	6	6	8	8	6	6	6	7	39
250	7	7	6	4	9	7	8	6	8	6	8	8	6	8	6	8	42
300	7	7	7	6	9	7	8	7	8	7	9	9	6	8	6	10	48
350	7	7	8	6	9	7	8	7	8	7	9	9	7	9	7	10	50
400	7	7	10	6	10	7	9	7	8	7	9	9	7	9	8	10	50
450	7	9	10	7	10	7	9	8	8	7	11	10	8	9	8	11	55
500	7	10	10	8	10	8	10	8	9	7	12	10	9	9	9	11	56
550	7	10	10	9	11	9	10	8	10	8	12	10	9	9	9	12	56
600	7	10	11	9	11	9	10	9	10	8	12	11	9	10	9	12	56
650	7	10	11	10	11	10	10	10	10	9	12	12	9	10	9	12	59
700	7	11	11	11	11	10	10	10	11	10	13	12	9	11	9	12	62
750	7	12	13	12	11	10	10	11	11	10	13	12	9	11	9	12	65
800	9	13	13	13	11	10	10	12	11	12	13	12	9	11	9	12	68
850	10	13	13	13	11	10	10	13	11	12	13	12	9	11	9	12	69
900	10	13	13	13	11	10	10	13	11	12	13	12	9	11	9	12	69
950	10	13	13	13	11	10	10	13	11	12	13	12	10	11	9	12	71
1000	11	13	13	14	11	10	10	13	11	12	13	12	10	11	9	12	71
1050	11	13	13	14	11	10	10	13	11	12	13	12	10	11	9	12	72
1100	12	13	13	14	11	10	10	13	11	12	13	12	10	11	9	12	71
1150	12	13	13	14	11	10	10	13	11	12	13	12	11	11	9	12	72
1200	12	13	13	15	11	10	10	13	11	12	13	12	11	11	9	12	74
1250	12	13	13	15	11	10	10	13	11	12	13	12	11	11	9	12	74
1300	12	13	13	15	11	10	10	13	11	12	13	12	11	11	9	13	71
1350	12	13	13	15	11	10	10	13	11	12	13	12	11	11	9	14	71
1400	12	13	13	15	11	10	10	13	11	12	13	12	11	11	9	14	71
1450	13	13	13	16	11	10	10	14	11	12	13	13	11	11	9	14	72
1500	14	14	13	16	11	10	10	14	11	12	13	14	12	11	9	16	76
1550	15	14	13	16	11	10	10	14	11	12	13	14	12	11	9	16	77
1600	15	16	13	16	11	11	10	14	11	12	13	14	12	11	9	18	79
1650	15	17	13	16	11	12	10	15	11	12	13	14	12	11	10	19	82
1700	16	17	13	16	11	14	11	14	11	12	13	14	12	11	10	18	83
1750	16	18	13	16	11	14	12	16	11	12	13	14	12	11	10	18	86
1800	16	19	13	16	11	14	12	17	11	12	13	14	12	11	11	18	86
1850	16	19	13	16	11	14	12	17	11	12	13	14	12	11	11	19	86
1900	16	19	13	16	11	15	12	16	11	12	13	14	12	11	11	21	89
1950	16	18	13	16	11	15	12	16	11	12	13	14	12	11	11	22	89
2000	16	18	13	16	11	15	12	17	11	12	13	14	12	11	11	22	90
2050	16	18	13	16	11	15	12	17	11	12	13	15	12	11	11	22	91
2100	16	19	13	16	11	16	16	17	11	12	13	15	12	11	12	22	95
2150	16	19	14	16	11	17	16	17	11	12	13	15	12	11	12	22	95
2200	16	19	14	16	11	18	16	17	11	12	13	15	12	11	12	22	95
2250	16	19	14	16	11	20	17	19	11	12	13	15	12	11	12	22	97
2300	17	19	14	16	11	20	16	21	11	12	13	15	12	11	13	24	99
2350	17	19	14	16	11	20	17	22	11	12	13	15	12	11	14	24	101
2400	17	19	15	16	11	20	18	22	11	12	13	15	12	11	14	24	103
2450	17	20	16	16	11	20	18	23	11	12	13	15	12	11	14	24	106
2500	17	21	16	16	12	20	17	23	11	12	13	15	12	11	14	24	106
2550	17	21	18	16	12	20	17	24	11	12	13	15	12	11	15	24	110
2600	17	21	18	16	12	20	17	24	11	12	13	15	12	11	15	24	110
2650	17	22	18	16	12	20	18	24	11	12	13	15	12	11	15	24	111
2700	17	22	18	16	12	20	19	24	11	12	13	15	12	11	15	24	113
2750	17	22	18	16	12	20	19	24	11	12	13	15	12	11	15	24	112
2800	17	22	17	16	13	19	20	24	11	12	13	15	12	11	15	24	113
2850	17	22	18	16	14	19	20	24	11	12	13	15	13	12	16	25	116
2900	17	22	18	16	14	19	20	25	11	12	13	15	13	12	16	26	117
2950	17	22	18	16	15	19	21	25	11	12	13	15	13	12	16	26	117
3000	17	22	18	16	15	19	21	25	11	12	13	15	13	13	16	26	118
3050	17	22	18	16	15	19	22	25	11	12	13	15	13	13	16	26	119
3100	17	22	18	16	15	19	23	25	11	12	13	15	13	13	16	26	120
3150	17	22	18	16	15	19	23	25	11	12	13	15	13	13	16	26	120
3200	17	22	19	16	15	19	23	25	11	12	13	15	13	14	16	27	123
3250	17	22	19	16	15	19	23	25	11	12	13	15	13	14	16	27	122
3300	17	22	19	16	15	19	23	25	11	12	13	15	13	14	16	28	121
3350	17	22	19	16	16	19	23	24	11	12	13	15	13	15	16	28	121
3400	17	22	19	16	16	19	23	24	11	12	13	15	13	15	16	28	122
3450	17	21	19	16	16	19	23	24	11	12	13	15	13	15	16	28	121
3500	17	22	19	16	16	19	23	24	11	12	13	15	13	16	16	28	123
3550	17	22	19	16	16	19	23	24	11	12	13	15	13	16	16	28	121
3600	17	22	19	16	16	19	23	24	11	12	13	15	13	16	16	29	121
3650	19	20	19	16	16	20	23	24	11	12	13	15	13	16	16	29	120
3700	19	19	19	16	17	20	22	24	11	12	13	15	13	16	16	29	120
3750	19	19	19	16	17	20	22	24	11	12	13	15	13	16	16	29	119
3800	19	20	19	16	17	20	22	23	11	12	13	15	13	16	16	29	118
3850	19	20	19	16	17	20	22	23	11	12	13	15	13	16	16	29	119
3900	19	20	18	17	17	20	22	23	11	12	13	15	14	16	16	29	119
3950	19	20	18	17	17	20	22	23	11	12	13	15	14	16	16	29	119
4000	19	20	18	17	17	20	22	23	11	12	12	15	14	16	16	29	116
4050	19	20	18	17	17	20	22	23	11	12	12	15	14	17	16	29	117
4100	19	18	17	17	17	20	22	23	11	12	12	15	14	16	16	29	115
4150	19	19	18	17	17	20	22	23	11	12	13	15	14	17	16	29	116
4200	19	19	18	17	17	20	23	23	11	12	13	15	14	17	16	29	116
4250	19	19	18	17	17	20	23	23	11	12	13	15	14	17	16	29	115
4300	19	19	17	17	17	20	23	23	11	12	13	15	14	16	16	29	114
4350	19	20	17	17	17	20	23	23	11	12	14	15	14	17	16	29	117
4400	20	19	17	17	17	20	23	23	11	12	14	15	14	17	16	29	116
4450	20	19	17	17	17	20	23	23	11	12	14	15	14	17	16	29	116
4500	20	19	17	17	18	20	23	23	11	12	14	15	14	17	16	29	116
4550	20	19	17	17	18	19	23	23	11	12	14	15	14	17	16	29	115
4600	20	19	17	17	18	19	23	22	11	12	14	15	14	17	16	29	115
4650	20	19	17	17	18	19	23	22	11	12	16	14	14	18	16	29	116
4700	20	19	17	17	18	19	23	22	11	12	16	14	14	18	16	29	116
4750	20	19	17	17	18	19	23	22	11	12	16	14	14	18	16	29	116
4800	20	19	17	17	18	21	23	22	11	12	16	14	14	18	16	29	115
4850	20	19	17	17	18	21	23	22	11	12	16	14	14	18	16	29	115
4900	20	19	17	17	18	21	23	22	11	12	16	14	15	18	16	29	115
4950	20	19	17	17	18	21	23	22	11	12	16	14	15	18	16	29	115
5000	20	19	17	17	18	21	24	22	11	12	16	14	15	19	16	29	117
5050	20	19	17	17	18	23	24	22	11	12	16	15	16	19	16	29	119
5100	20	19	17	17	18	23	23	22	11	12	16	15	17	19	16	29	120
5150	20	18	17	17	17	24	23	22	11	12	16	15	17	19	16	29	119
5200	20	18	18	17	17	25	23	22	11	12	16	15	17	20	16	29	121
5250	20	18	18	17	17	25	24	22	11	12	16	15	17	20	16	29	122
5300	20	18	18	17	17	26	24	22	11	12	16	16	17	20	17	29	121
5350	19	18	18	17	17	26	24	21	11	12	16	16	17	20	17	28	120
5400	19	18	19	17	16	26	24	21	11	13	16	16	17	20	17	28	120
5450	19	18	19	17	16	26	24	21	11	13	17	16	17	20	17	29	122
5500	19	18	19	17	16	25	25	21	11	13	17	16	17	20	17	29	121
5550	19	18	19	17	16	25	25	21	11	13	17	16	17	20	17	29	121
5600	19	18	19	17	16	25	25	21	11	13	17	16	17	20	17	29	121
5650	19	18	19	17	16	26	25	21	11	14	17	16	17	19	17	30	122
5700	19	18	19	17	16	26	25	21	11	14	17	16	17	19	17	31	123
5750	19	18	19	17	16	26	25	21	11	14	17	16	17	19	17	31	123
5800	19	18	19	17	16	26	26	21	11	13	17	16	17	19	17	31	124
5850	19	18	19	16	16	26	26	21	11	13	18	16	17	19	17	31	124
5900	19	18	19	16	15	27	27	21	11	13	18	16	17	19	17	31	125
5950	19	18	19	16	17	26	27	21	11	13	18	16	17	19	17	31	125
6000	19	18	19	16	17	28	27	21	11	13	19	16	17	19	17	31	127
6050	19	18	21	16	17	28	27	21	11	14	19	16	17	19	17	31	128
6100	19	18	21	15	17	28	27	21	11	14	19	16	17	19	18	32	130
6150	19	18	21	15	17	28	27	21	11	14	19	16	17	18	18	32	130
6200	19	18	21	15	17	28	27	21	11	15	19	16	17	18	18	32	131
6250	19	18	21	15	17	28	27	21	11	15	19	16	18	18	18	32	132
6300	19	18	22	15	17	28	28	21	11	15	20	16	18	18	18	32	136
6350	19	19	22	15	17	28	28	21	11	15	21	16	18	17	18	32	136
6400	19	19	23	15	17	28	29	21	11	15	22	16	18	17	18	32	139
6450	19	18	23	16	17	28	29	21	11	15	22	16	18	17	18	32	138
6500	19	18	23	17	17	28	29	21	11	15	22	16	18	17	18	32	138
6550	19	17	23	17	17	28	29	21	11	15	22	16	18	17	18	32	138
6600	19	17	23	17	17	28	29	21	11	15	22	16	18	17	18	32	138
6650	19	17	23	17	18	29	29	21	11	15	22	16	18	17	18	32	139
6700	19	17	24	17	18	29	29	21	11	15	22	16	18	16	19	32	140
6750	19	17	24	17	18	29	29	21	11	15	22	16	18	16	19	32	139
6800	19	17	24	17	20	29	29	21	11	15	23	17	18	16	19	32	141
6850	19	17	25	17	20	29	29	21	11	15	23	17	18	16	19	31	141
6900	19	17	25	17	20	29	29	21	11	15	23	17	18	16	19	31	140
6950	19	17	25	18	20	29	29	21	11	15	23	18	18	16	19	31	143
7000	19	18	23	19	22	29	30	21	11	15	23	18	18	16	19	31	145
7050	19	18	25	21	22	29	30	21	11	15	26	18	18	17	19	31	148
7100	19	18	25	21	23	29	30	21	11	15	26	18	18	15	19	31	149
7150	19	18	25	22	25	29	30	21	11	15	26	18	18	15	19	31	152
7200	19	18	24	22	25	29	30	21	11	15	26	19	18	15	19	31	152
7250	19	18	23	22	24	28	30	21	11	15	26	19	18	17	19	31	152
7300	19	18	23	22	24	28	30	21	11	15	26	20	18	18	19	31	150
7350	19	18	23	23	24	28	30	21	11	16	27	20	18	18	19	31	151
7400	19	18	24	24	24	28	30	21	11	16	27	20	18	18	19	31	153
7450	19	18	24	25	23	28	30	21	11	17	27	19	18	18	19	31	153
7500	19	17	24	26	25	28	30	21	11	17	27	19	18	18	19	31	155
7550	19	17	24	26	26	28	30	21	11	17	27	19	17	18	19	31	155
7600	19	17	24	26	26	28	30	21	11	17	27	20	17	19	19	31	157
7650	19	17	24	26	28	28	30	21	11	16	27	20	17	19	19	31	158
7700	19	17	24	27	28	28	29	21	11	16	27	20	17	20	19	31	159
7750	19	17	24	27	28	28	29	21	11	16	28	20	17	20	19	31	158
7800	19	17	24	27	28	28	29	21	11	16	28	20	17	22	19	31	160
7850	19	17	24	27	30	28	29	21	12	16	28	20	17	22	19	31	161
7900	19	17	24	27	31	28	29	21	12	16	28	20	17	22	19	31	162
7950	19	17	24	28	31	28	29	21	12	16	28	20	18	22	19	31	164
8000	19	17	25	29	31	28	29	21	12	16	28	20	19	22	19	31	166
8050	19	17	25	29	32	28	29	21	12	16	28	20	20	22	19	31	167
8100	19	17	26	29	33	28	29	21	12	15	29	20	21	22	19	31	170
8150	19	17	26	29	33	28	29	21	12	15	29	20	21	23	19	30	170
8200	19	17	26	29	33	28	29	21	12	15	29	20	21	23	19	30	170
8250	19	18	26	30	32	28	29	21	12	15	29	20	21	22	20	30	169
8300	19	18	26	30	32	28	29	21	15	15	29	21	22	22	20	30	174
8350	19	19	26	30	33	28	29	21	16	15	29	21	23	22	20	30	177
8400	19	19	26	30	31	28	29	21	16	15	28	21	23	22	20	30	175
8450	19	19	26	30	31	28	29	21	16	16	28	21	23	22	20	30	175
8500	19	19	26	30	32	28	29	21	15	16	28	21	24	21	20	30	175
8550	19	20	26	31	32	27	29	21	16	17	28	21	24	21	20	31	179
8600	18	21	26	32	33	27	29	21	16	18	28	21	24	21	20	31	180
8650	18	21	26	32	33	28	29	21	17	18	28	21	24	21	20	31	183
8700	18	21	26	32	31	28	29	21	17	18	28	21	24	21	20	31	180
8750	18	21	26	32	30	27	29	21	18	18	28	21	25	21	20	31	181
8800	18	22	26	32	30	27	29	21	18	19	28	21	25	21	20	31	180
8850	18	22	26	32	30	27	29	21	18	19	28	21	25	21	20	31	180
8900	18	23	26	32	29	27	29	21	18	19	28	21	24	20	20	31	179
8950	18	23	26	32	28	27	29	21	18	19	27	21	24	20	20	30	177
9000	18	24	26	32	28	27	29	21	18	19	27	21	23	20	20	30	178
9050	18	24	26	32	28	26	29	21	19	19	27	21	23	21	20	30	178
9100	18	24	26	32	28	26	29	21	19	19	27	21	24	21	20	30	179
9150	18	24	26	32	28	26	29	21	19	19	27	21	24	21	20	30	179
9200	18	24	26	32	28	26	29	21	19	19	27	22	25	21	20	30	180
9250	18	24	26	32	27	28	29	21	19	19	27	22	25	22	20	30	181
9300	18	25	26	32	27	28	29	21	19	19	27	22	28	22	20	30	182
9350	18	25	26	32	27	29	28	21	19	19	27	22	29	22	20	30	183
9400	18	26	27	32	27	29	28	21	19	19	27	22	30	22	20	30	185
9450	18	26	27	32	27	29	28	21	19	19	27	22	31	22	20	30	187
9500	18	26	27	32	27	29	28	21	19	19	27	22	31	21	20	30	187
9550	18	26	27	32	27	29	28	21	19	19	27	22	32	21	20	30	187
9600	18	26	27	32	28	29	28	21	19	19	27	22	32	21	20	30	187
9650	18	26	27	32	28	29	28	21	19	19	27	22	32	21	20	30	187
9700	18	26	27	32	29	30	28	21	19	19	27	22	32	21	20	30	189
9750	18	26	27	32	29	30	28	21	19	19	26	22	32	21	20	30	189
9800	18	26	27	32	29	31	28	21	19	19	26	22	32	21	20	30	189
9850	18	26	27	31	29	32	28	21	19	19	26	23	32	22	20	30	192
9900	18	26	27	31	29	32	28	21	19	19	26	26	32	22	20	30	193
9950	18	26	27	31	29	32	28	21	19	19	26	27	33	22	20	30	192
10000	18	26	27	31	29	32	28	21	19	19	26	26	33	23	20	30	193
10050	18	26	27	31	29	32	28	21	19	19	26	27	33	24	20	30	196
10100	18	26	27	31	29	32	28	21	19	19	26	27	33	24	20	30	196
10150	18	26	27	31	30	32	28	21	19	19	26	27	33	24	20	30	197
10200	18	26	27	31	30	32	28	21	19	19	26	27	34	25	20	30	197
10250	18	26	27	29	30	32	28	21	19	19	26	27	34	25	20	30	197
10300	16	26	27	29	31	32	28	21	19	19	25	28	34	25	20	30	196
10350	16	26	27	29	31	32	28	21	19	19	25	28	34	25	20	30	195
10400	16	26	27	29	31	32	28	21	19	19	25	28	35	24	20	30	193
10450	16	26	27	29	31	32	28	21	19	19	25	28	35	24	20	30	192
10500	16	26	27	29	31	32	28	21	19	19	25	28	36	24	20	30	194
10550	16	26	27	29	31	32	28	21	19	19	25	29	37	23	20	30	195
10600	16	26	27	29	31	32	28	21	19	19	25	30	36	23	20	30	196
10650	16	26	25	29	31	32	28	21	19	19	24	30	36	23	20	30	194
10700	16	26	26	26	31	32	28	21	19	19	24	30	36	22	20	30	192
10750	16	26	26	25	31	31	28	21	19	19	24	30	36	21	20	30	193
10800	17	26	26	25	31	31	28	21	19	19	24	30	36	21	20	31	190
10850	18	25	26	26	32	31	28	21	19	19	24	31	36	21	20	31	188
10900	18	25	26	26	32	31	28	21	19	19	24	31	34	21	20	32	187
10950	18	25	27	26	31	31	27	21	19	19	24	31	32	21	20	32	185
11000	18	24	27	26	31	31	27	21	19	19	24	32	32	19	20	31	186
11050	18	24	27	26	30	31	27	21	19	19	24	30	32	19	20	31	185
11100	18	24	27	27	30	31	27	21	19	19	24	31	32	19	20	31	187
11150	18	25	27	27	30	31	28	21	19	19	24	32	32	18	20	31	187
11200	18	25	28	28	30	31	28	21	19	19	24	32	32	18	20	30	187
11250	18	25	28	28	30	31	28	21	19	19	24	32	31	18	20	30	187
11300	18	25	29	28	30	30	28	21	19	19	24	33	31	18	20	30	187
11350	18	25	29	28	30	30	28	21	19	19	24	33	31	18	20	30	187
11400	18	24	29	28	30	30	28	21	19	19	24	32	31	18	20	30	186
11450	18	24	29	28	30	30	28	21	19	19	24	32	31	18	20	30	184
11500	18	24	29	28	29	29	28	21	18	19	24	31	31	18	20	31	183
11550	18	24	29	28	28	29	28	21	18	19	24	31	30	18	20	31	181
11600	17	24	29	28	28	29	28	21	18	19	24	31	30	18	20	31	181
11650	17	24	29	28	28	29	27	21	18	19	24	31	30	18	20	31	181
11700	17	24	29	28	28	29	27	21	18	19	24	31	29	18	20	31	179
11750	18	24	29	29	27	29	27	21	18	19	24	31	27	18	20	31	178
11800	18	23	29	29	27	29	27	21	18	19	24	31	27	18	19	31	176
11850	18	23	29	29	27	29	27	21	18	19	24	31	27	18	19	31	176
11900	18	23	29	29	27	30	27	21	18	19	24	30	27	18	19	31	173
11950	19	23	29	29	25	29	27	21	18	19	24	30	27	18	19	32	175
12000	19	22	29	29	25	26	27	21	18	19	23	30	26	18	19	32	173
12050	20	21	29	29	25	28	27	21	18	19	23	29	26	18	18	32	173
12100	21	20	29	27	26	28	27	21	18	19	22	29	26	18	18	31	170
12150	21	20	29	28	24	28	27	21	18	19	22	29	26	18	18	31	171
12200	21	20	29	27	24	28	27	21	18	19	22	29	26	18	19	31	169
12250	21	20	29	27	24	28	27	21	18	19	22	29	23	18	18	31	167
12300	21	20	29	27	23	29	27	21	18	19	22	29	24	18	17	31	167
12350	22	19	29	27	24	29	27	21	18	19	22	29	25	18	19	31	170
12400	22	19	29	27	24	29	27	21	18	19	22	29	26	17	19	31	170
12450	22	19	29	27	23	29	27	21	18	19	22	29	26	17	19	31	170
12500	22	19	29	25	23	30	27	21	18	19	22	29	26	16	19	31	171
12550	22	19	29	25	23	31	27	21	18	19	22	29	26	16	19	31	172
12600	22	18	29	25	23	31	27	21	18	19	22	29	26	16	19	31	173
12650	22	18	29	25	23	31	27	21	18	19	22	29	25	16	19	31	173
12700	22	19	29	25	23	29	27	21	18	19	22	28	25	16	19	31	172
12750	22	19	29	25	23	29	27	21	18	19	22	27	25	15	19	31	173
12800	22	19	29	24	23	29	27	20	18	19	22	27	24	15	20	31	173
12850	22	19	29	24	22	29	27	20	18	19	22	27	24	15	20	31	172
12900	22	19	28	24	22	29	27	20	17	19	22	27	24	15	20	31	171
12950	22	19	28	24	22	31	27	20	17	19	20	27	24	15	20	31	171
13000	22	19	28	24	22	31	26	20	17	21	20	27	26	15	20	31	173
13050	22	19	28	24	22	33	26	20	17	21	20	27	26	15	20	31	174
13100	21	19	29	24	22	33	26	20	17	21	20	27	27	15	20	31	174
13150	21	19	29	24	22	33	26	20	17	21	20	27	28	15	20	31	175
13200	21	19	29	24	22	33	25	20	17	21	20	27	27	15	21	31	175
13250	21	19	28	24	22	33	25	20	17	21	20	27	27	15	21	31	173
13300	21	19	27	24	22	32	25	20	17	21	20	26	27	15	22	31	171
13350	21	19	27	24	21	33	25	20	17	20	20	26	27	15	22	31	170
13400	21	19	28	23	21	34	25	20	17	20	20	26	27	15	22	31	173
13450	21	19	28	22	21	35	25	19	17	21	20	26	27	15	22	31	173
13500	21	19	29	21	20	35	25	19	17	19	20	26	27	15	22	31	172
13550	21	19	29	21	22	34	25	20	17	18	20	26	28	15	22	31	171
13600	21	19	29	21	22	34	25	20	17	18	20	26	28	15	22	31	171
13650	21	19	28	21	21	35	25	20	17	18	20	26	28	15	21	31	170
13700	21	19	28	21	22	35	25	20	17	18	20	26	28	15	20	31	171
13750	21	19	28	21	22	35	25	20	17	19	20	26	28	15	20	31	170
13800	20	19	28	21	22	35	25	20	17	19	20	26	28	16	22	31	169
13850	20	19	29	21	21	35	25	21	17	19	20	26	28	16	22	31	169
13900	20	19	30	21	21	35	25	23	16	18	19	26	28	16	23	31	171
13950	20	19	29	21	22	36	25	23	16	19	19	25	28	16	23	31	173
14000	20	19	29	20	22	36	25	25	16	19	19	25	27	16	22	31	174
14050	20	19	30	20	22	36	25	26	16	20	19	24	27	16	23	31	178
14100	21	20	30	21	22	36	25	26	16	20	19	24	27	16	23	31	178
14150	22	20	30	21	21	36	25	26	16	20	19	24	27	17	23	31	179
14200	23	20	31	21	21	36	25	26	15	22	19	24	27	18	23	31	184
14250	23	20	31	23	21	36	25	26	15	23	19	24	27	18	24	31	186
14300	23	21	32	24	19	35	25	26	15	23	19	24	29	18	25	31	191
14350	23	22	33	24	19	35	25	26	15	23	19	24	29	18	25	31	192
14400	23	23	33	22	19	35	25	27	15	23	19	24	29	18	25	31	193
14450	23	23	34	22	19	35	25	27	15	23	19	24	28	18	25	31	193
14500	23	23	34	22	19	34	25	28	15	24	19	24	28	18	25	31	193
14550	23	23	34	21	19	34	24	28	15	24	19	23	28	18	25	31	193
14600	23	23	35	20	19	34	24	27	15	24	19	23	28	18	26	31	196
14650	23	23	36	20	19	34	24	27	15	24	19	23	28	18	26	31	195
14700	23	23	36	21	19	34	24	27	15	24	19	23	28	18	26	31	194
14750	24	23	36	21	19	34	24	27	15	25	19	23	28	18	26	31	196
14800	24	23	37	22	19	34	24	27	15	24	19	25	28	18	24	31	194
14850	24	23	37	23	19	34	24	27	15	24	19	25	28	18	24	31	195
14900	24	24	37	23	19	34	23	27	15	24	18	24	28	18	24	31	191
14950	23	24	37	23	19	34	23	27	15	24	18	24	28	18	24	31	189
15000	23	24	36	23	19	34	23	27	15	25	18	25	27	18	24	31	187
15050	23	24	36	23	19	34	23	27	15	25	18	25	26	18	25	31	188
15100	23	24	34	23	20	34	23	27	15	25	18	24	26	18	24	31	187
15150	23	24	34	25	20	34	23	27	15	25	18	23	26	18	25	31	188
15200	23	24	33	25	20	34	23	27	15	25	18	23	26	19	25	31	190
15250	23	24	33	25	20	34	23	28	15	25	18	23	26	19	25	31	191
15300	21	25	32	26	20	34	23	28	15	25	18	23	26	19	26	31	192
15350	21	25	32	26	20	34	23	28	15	25	17	23	26	19	26	31	192
15400	21	25	32	26	20	34	23	28	15	24	17	24	26	19	26	31	192
15450	21	25	32	27	20	34	23	28	15	24	17	24	26	19	26	31	191
15500	21	25	32	27	20	34	23	28	15	24	17	24	25	19	26	31	190
15550	21	25	32	27	20	34	23	28	15	24	17	25	25	19	26	31	191
15600	21	25	32	28	20	34	23	28	15	24	17	24	25	19	26	31	191
15650	21	25	32	28	20	34	23	28	15	24	17	24	25	18	26	31	191
15700	20	25	32	28	20	34	23	28	15	25	17	25	25	18	26	31	190
15750	20	25	32	28	20	34	23	28	15	25	17	25	26	18	26	31	190
15800	19	25	32	28	20	34	23	28	15	25	17	25	26	18	26	31	190
15850	18	25	31	28	19	34	23	28	15	25	17	25	26	18	26	30	188
15900	18	24	31	28	19	34	23	29	15	25	17	25	26	18	26	30	188
15950	18	23	31	28	19	33	23	29	15	25	17	25	26	18	26	30	187
16000	18	23	31	28	19	33	23	30	15	25	16	25	26	18	26	30	187
16050	18	23	31	28	19	33	23	29	15	25	16	25	26	18	26	30	187
16100	18	22	31	28	19	33	23	29	15	25	16	25	25	18	26	30	186
16150	18	22	31	28	19	33	23	28	15	25	16	26	25	18	26	30	185
16200	18	22	30	28	19	33	23	28	15	24	16	26	25	18	26	30	185
16250	18	22	30	28	19	33	23	28	15	24	16	26	25	18	26	30	184
16300	18	22	30	28	19	33	23	28	14	23	16	26	25	19	26	30	185
16350	18	21	30	29	19	33	23	29	14	23	16	26	24	20	26	30	185
16400	18	21	30	30	19	33	23	29	14	23	16	26	23	20	26	30	185
16450	18	21	30	30	19	33	23	28	14	24	16	26	23	20	26	30	181
16500	18	21	30	29	19	32	23	27	14	24	16	26	24	20	27	30	181
16550	18	21	30	30	19	32	23	27	14	24	16	26	24	21	27	30	183
16600	18	21	30	30	19	32	23	27	14	24	16	26	23	22	27	30	184
16650	18	21	30	30	19	31	23	27	14	25	16	26	23	23	27	30	182
16700	18	20	30	30	19	31	22	27	14	25	16	26	23	23	27	30	181
16750	18	20	29	31	18	30	21	28	14	25	16	26	23	23	28	30	182
16800	18	19	29	31	18	30	21	28	14	25	16	26	23	23	28	30	181
16850	18	19	29	31	18	29	21	28	14	25	16	27	23	23	27	29	179
16900	18	19	29	31	18	29	21	28	14	25	16	27	20	24	27	29	178
16950	19	19	29	31	17	29	21	28	14	25	16	27	21	23	27	28	177
17000	19	19	28	31	17	29	21	28	14	24	16	27	21	22	27	28	175
17050	19	19	26	31	17	29	21	26	14	24	16	27	21	21	27	28	170
17100	19	19	26	31	17	29	21	26	14	24	16	27	21	20	27	28	168
17150	19	19	28	31	17	30	21	26	14	24	16	27	22	22	26	28	170
17200	19	19	28	30	17	30	21	26	14	24	16	27	22	22	26	28	170
17250	20	19	29	30	17	30	21	27	14	24	16	27	22	21	27	28	171
17300	20	19	30	30	17	30	21	27	14	24	16	27	23	21	28	28	174
17350	19	19	30	30	17	30	21	27	14	24	16	27	22	22	28	28	173
17400	19	19	30	30	17	29	21	27	14	24	16	27	22	22	27	28	171
17450	19	19	30	30	17	29	21	27	14	24	16	27	22	22	27	28	171
17500	20	19	28	30	17	29	21	26	14	24	16	27	22	22	27	28	170
17550	20	19	28	30	17	28	21	26	14	24	16	27	23	22	27	28	170
17600	20	19	29	30	17	28	21	26	14	24	16	27	22	22	27	28	171
17650	20	19	28	30	17	29	21	26	15	24	16	27	23	22	27	28	171
17700	20	19	30	30	17	27	21	26	15	24	16	27	24	22	27	28	173
17750	20	19	30	30	17	27	21	26	15	24	16	27	24	24	27	28	176
17800	20	18	29	30	17	27	21	26	15	24	16	27	24	26	27	28	177
17850	20	18	30	30	17	27	21	26	16	24	16	27	24	26	27	28	179
17900	19	19	30	30	17	27	21	26	17	24	16	27	24	25	27	28	181
17950	19	19	30	30	17	27	21	26	17	24	16	27	25	24	26	27	179
18000	19	20	30	29	17	27	21	27	17	24	16	27	26	24	26	27	182
18050	18	20	30	28	17	27	21	28	17	24	16	27	26	25	26	27	183
18100	18	21	32	28	17	27	21	28	17	24	16	27	26	25	26	27	187
18150	18	21	32	28	17	27	21	27	17	24	16	27	28	26	27	27	190
18200	18	21	32	28	17	26	21	26	17	24	16	27	28	26	27	27	187
18250	18	21	32	28	17	26	21	26	17	24	16	26	28	27	26	27	186
18300	18	22	32	28	17	26	21	25	17	24	16	26	28	26	26	27	185
18350	18	23	31	28	17	26	21	24	17	24	16	26	29	26	26	27	185
18400	18	23	31	28	17	26	21	25	17	24	16	26	27	26	26	27	184
18450	18	23	30	28	17	26	21	25	17	24	16	26	28	26	27	27	185
18500	18	24	30	28	17	26	21	25	17	24	16	26	28	25	27	27	183
18550	18	24	30	28	17	26	21	25	17	25	16	25	28	25	27	27	181
18600	18	25	30	28	17	26	21	25	17	25	16	25	29	25	28	27	183
18650	18	25	30	28	17	26	21	24	17	25	16	24	29	25	28	27	181
18700	18	25	31	28	16	26	21	24	17	25	16	24	28	25	28	27	182
18750	18	25	31	28	16	26	21	24	17	25	16	24	28	25	28	27	182
18800	18	25	31	27	16	26	21	24	17	25	16	24	28	25	28	27	182
18850	18	25	31	27	16	26	21	24	17	25	16	24	28	25	28	27	183
18900	18	25	31	27	16	26	21	24	17	25	16	24	29	25	29	27	184
18950	18	25	31	27	16	26	21	25	17	25	16	24	28	24	28	27	182
19000	19	25	31	27	16	26	21	25	17	25	16	24	29	24	29	27	186
19050	18	24	31	26	16	26	21	25	17	25	16	23	30	24	31	27	186
19100	18	24	31	26	16	26	21	25	17	25	16	25	30	24	31	27	187
19150	18	24	31	26	16	26	21	26	17	24	16	26	30	24	32	27	188
19200	18	24	31	26	16	26	21	26	17	24	16	26	31	24	32	27	189
19250	18	24	31	27	16	26	21	26	17	24	16	26	30	24	31	27	187
19300	18	24	31	27	16	26	21	26	17	24	16	26	32	24	31	27	188
19350	18	24	31	26	16	26	21	26	17	23	16	26	33	24	31	27	188
19400	18	24	31	26	16	27	21	26	17	23	16	26	33	24	32	27	190
19450	18	24	30	26	16	27	21	26	17	23	16	27	34	24	33	27	192
19500	18	24	30	26	16	27	21	26	17	23	16	25	34	24	33	27	192
19550	18	24	30	25	16	27	21	26	17	23	16	27	34	24	34	27	193
19600	18	24	27	25	16	27	21	26	17	23	16	28	34	23	34	27	191
19650	18	24	27	25	16	27	21	26	17	22	16	27	33	23	34	27	188
19700	18	24	28	25	16	27	21	26	17	22	16	28	33	23	34	27	190
19750	18	24	27	25	16	27	21	26	17	22	16	28	33	23	34	27	189
19800	18	24	28	27	16	27	21	26	17	22	16	29	33	23	33	27	190
19850	18	24	28	27	16	27	21	25	17	22	16	29	33	23	33	27	189
19900	18	24	28	28	16	27	21	25	17	22	16	30	33	23	33	27	191
19950	18	24	28	28	16	27	21	25	17	22	16	30	30	23	32	27	187
20000	18	24	30	28	16	27	21	24	17	22	16	30	30	22	32	27	188
