0	0	0	0	0	0	0	0	0	0	0	0	0	0	0	0	0	0
50	2	2	2	1	1	1	1	1	1	1	1	2	1	1	1	2	4
100	4	5	4	3	2	4	2	4	4	4	4	6	5	4	6	5	23
150	6	5	6	5	4	6	5	6	4	6	5	6	7	4	7	5	28
200	6	6	7	8	6	7	6	7	5	6	5	8	7	6	8	6	32
250	6	7	7	9	6	7	6	7	7	7	8	8	8	6	11	7	39
300	7	7	7	9	7	7	7	8	7	7	8	8	9	7	12	9	42
350	8	9	7	10	8	8	8	9	9	7	9	8	9	9	12	9	51
400	8	9	8	10	8	10	8	9	10	7	10	8	9	10	13	10	55
450	8	9	8	11	8	10	8	9	11	7	10	9	9	10	15	10	55
500	8	9	7	12	8	10	9	10	11	8	11	9	9	11	15	10	56
550	9	10	8	14	10	10	9	11	11	8	12	9	9	11	15	11	66
600	10	11	10	14	11	10	9	11	11	8	12	9	10	11	15	11	68
650	10	12	10	15	11	11	9	12	11	9	12	9	10	12	17	12	70
700	10	12	10	15	12	11	11	13	11	9	12	9	10	12	17	12	71
750	10	13	10	16	12	11	11	13	11	9	12	9	10	12	17	12	71
800	10	13	10	16	12	11	12	14	11	9	13	9	10	12	17	12	79
850	10	13	10	16	12	11	12	14	11	9	13	9	10	12	17	12	79
900	10	13	10	16	12	11	12	14	11	9	13	9	10	12	17	13	80
950	11	13	10	16	12	11	12	14	11	10	13	9	10	12	18	13	82
1000	12	13	10	17	12	11	12	14	11	10	14	9	10	12	18	13	81
1050	13	13	10	17	12	11	12	14	11	10	14	9	10	12	18	14	83
1100	13	13	10	17	12	11	12	14	11	11	14	9	10	12	18	14	82
1150	13	13	10	17	12	11	12	14	11	11	15	9	10	12	18	14	84
1200	13	13	10	17	12	11	12	14	11	11	15	9	10	12	18	13	80
1250	13	13	10	17	12	11	12	14	11	11	15	9	10	12	18	14	80
1300	14	13	10	17	12	11	12	14	11	11	15	9	10	11	18	14	78
1350	15	13	10	17	12	11	12	14	11	11	15	9	10	11	18	15	79
1400	16	13	10	17	12	11	12	14	11	11	15	9	10	11	18	15	81
1450	16	13	10	17	12	11	12	14	11	11	15	9	10	11	18	15	81
1500	16	13	10	17	12	11	12	14	11	12	15	9	10	11	18	15	81
1550	16	13	10	17	12	11	12	14	11	12	15	9	10	11	18	15	81
1600	18	13	10	17	12	11	12	14	11	12	15	9	10	11	18	14	84
1650	19	13	10	17	12	11	12	14	11	12	15	9	10	11	18	14	84
1700	19	13	10	17	12	11	12	14	11	12	15	9	10	11	18	14	83
1750	19	13	10	17	12	11	12	14	11	13	15	9	10	11	18	14	83
1800	20	13	10	17	12	11	12	14	11	13	15	10	10	11	18	15	84
1850	21	13	10	17	12	11	12	14	11	13	15	11	10	11	18	15	85
1900	21	13	10	17	12	11	12	14	11	13	15	11	10	11	18	15	85
1950	22	13	10	17	12	11	12	14	11	13	15	11	10	11	18	15	87
2000	22	13	10	17	12	11	12	14	11	13	15	12	10	11	18	15	88
2050	22	13	10	17	12	11	12	14	11	13	15	12	10	11	18	15	88
2100	23	13	10	17	12	11	12	14	11	13	15	13	10	11	18	15	89
2150	23	13	10	17	12	11	12	14	11	14	15	13	10	11	18	15	89
2200	24	13	10	17	13	11	12	14	11	17	15	13	10	11	18	15	92
2250	24	13	10	17	13	11	12	14	11	17	15	14	10	11	18	15	93
2300	24	13	10	17	14	11	12	14	11	17	15	15	10	11	18	15	94
2350	25	13	10	17	15	11	12	14	11	17	15	15	10	11	18	16	97
2400	25	13	10	17	15	11	12	14	11	17	15	15	10	11	18	16	96
2450	25	13	10	17	15	11	12	14	11	18	15	15	10	11	18	16	96
2500	25	13	10	17	15	11	12	14	11	18	15	17	10	11	18	16	96
2550	25	13	10	17	15	11	12	14	11	19	15	18	10	11	18	16	97
2600	25	13	10	17	15	11	12	14	11	20	15	17	10	11	18	16	97
2650	25	13	10	17	15	11	12	14	11	20	15	18	10	11	18	15	98
2700	25	13	11	17	15	11	12	14	11	21	14	18	10	11	18	15	97
2750	25	13	11	17	15	11	12	14	11	22	14	18	10	11	18	16	98
2800	25	13	11	17	15	11	12	14	11	22	14	18	10	11	18	16	99
2850	25	13	13	17	15	11	12	14	11	22	14	18	10	11	18	16	99
2900	25	13	13	17	15	11	12	14	11	22	14	18	10	11	18	17	99
2950	25	13	13	17	15	11	12	14	11	23	14	19	10	11	18	17	101
3000	24	13	13	17	15	12	12	14	11	23	14	20	10	11	18	17	100
3050	25	13	14	17	15	12	12	14	11	23	14	19	10	13	18	17	100
3100	25	13	14	17	15	13	12	15	11	23	14	19	10	13	18	17	101
3150	25	13	16	17	15	13	12	15	11	23	14	19	10	13	18	17	103
3200	25	13	16	17	15	13	12	15	11	23	14	19	11	14	18	17	104
3250	24	13	16	17	15	13	12	15	11	23	14	19	11	14	18	17	103
3300	24	13	16	17	15	13	12	16	12	23	14	20	11	15	18	17	104
3350	24	13	16	16	15	13	12	17	12	23	14	20	11	16	18	17	105
3400	23	13	16	16	15	13	12	17	12	23	14	20	11	16	18	18	106
3450	23	13	16	16	15	13	12	17	12	24	14	19	12	17	18	17	109
3500	23	13	16	16	15	13	11	17	12	24	14	19	12	17	18	17	109
3550	23	13	16	16	15	13	11	17	12	25	14	19	12	17	18	17	110
3600	23	13	17	16	15	13	11	18	12	25	14	19	13	17	18	17	111
3650	23	13	17	16	15	13	11	19	12	25	14	19	14	17	18	17	111
3700	23	13	17	16	15	13	12	19	12	25	14	19	15	17	18	17	111
3750	23	13	17	16	15	13	13	19	12	25	14	19	15	17	18	17	112
3800	22	13	17	16	15	13	13	19	12	25	14	19	15	18	18	17	112
3850	23	13	18	16	15	13	13	19	12	25	14	18	15	18	18	17	114
3900	23	13	19	16	15	13	13	19	12	25	14	18	15	18	18	17	114
3950	23	13	19	16	15	13	13	19	13	25	14	18	15	18	18	18	115
4000	23	13	19	16	15	13	13	18	13	25	14	18	15	18	18	18	115
4050	22	13	19	16	15	13	13	18	13	25	14	18	15	17	18	19	115
4100	22	13	19	16	15	13	13	19	14	25	14	18	15	17	18	19	116
4150	22	13	19	16	15	13	13	19	14	24	14	18	15	17	18	19	115
4200	22	13	19	16	15	13	14	19	15	24	14	18	15	17	18	19	114
4250	22	13	19	16	15	13	14	19	15	24	14	19	15	18	18	19	116
4300	22	13	19	16	15	13	14	19	15	24	14	19	15	18	18	19	114
4350	22	13	19	16	15	13	14	19	15	24	14	19	15	18	18	19	115
4400	22	13	19	16	15	13	14	20	15	24	14	19	15	18	18	19	117
4450	22	13	19	16	15	13	14	20	15	23	14	19	15	18	18	19	116
4500	22	13	19	16	15	13	14	20	15	23	14	19	15	18	18	19	116
4550	22	13	19	16	15	13	14	20	15	23	14	19	15	19	18	19	117
4600	22	13	19	16	15	13	15	21	15	23	14	19	15	19	18	19	118
4650	22	13	19	16	15	13	15	22	16	23	14	19	15	19	18	19	119
4700	22	13	19	16	15	13	15	22	16	23	14	19	15	19	18	19	119
4750	22	13	19	16	15	13	16	23	16	23	13	19	16	19	18	20	120
4800	22	13	19	16	15	13	16	23	16	23	13	19	16	19	18	20	120
4850	22	13	19	16	15	13	16	24	16	23	13	19	16	20	18	21	119
4900	22	13	19	16	15	13	16	24	16	23	13	19	16	20	18	22	119
4950	21	13	19	16	15	13	17	24	16	23	13	19	16	20	18	23	121
5000	21	13	19	16	15	13	17	24	16	23	13	19	16	20	18	22	121
5050	21	13	19	16	15	13	18	24	16	23	13	19	17	20	18	22	122
5100	21	13	19	16	15	12	20	24	16	23	13	19	17	20	18	22	122
5150	21	13	19	16	15	12	20	24	17	23	13	19	17	20	18	22	123
5200	21	13	19	16	15	12	21	24	17	23	13	19	19	20	18	22	126
5250	21	13	19	16	15	12	22	24	17	23	14	19	19	20	18	23	127
5300	21	13	19	16	15	12	23	24	17	23	14	19	19	20	18	24	128
5350	21	13	19	16	15	12	23	25	17	23	14	19	19	20	18	25	128
5400	21	13	19	16	15	12	23	25	17	23	14	19	19	20	18	25	128
5450	21	13	19	16	15	12	24	25	17	23	14	19	19	20	18	25	130
5500	21	13	19	16	15	12	25	25	17	23	14	19	19	20	18	26	130
5550	22	13	19	16	15	12	25	25	17	24	14	19	19	20	18	26	132
5600	22	13	19	16	15	12	25	25	17	25	14	19	19	20	18	26	132
5650	22	13	19	16	15	12	25	25	17	25	14	19	19	21	18	26	132
5700	22	13	19	16	15	12	24	25	17	25	14	19	19	21	18	26	133
5750	22	13	19	16	14	12	25	25	17	24	14	19	19	21	18	26	132
5800	22	13	19	16	14	12	25	25	17	24	14	19	19	21	18	27	133
5850	22	13	19	16	14	12	25	25	17	24	14	19	19	21	18	27	133
5900	22	13	19	16	14	12	26	25	17	24	14	19	19	21	18	27	134
5950	22	13	19	16	14	12	26	25	17	24	14	19	19	21	18	26	134
6000	22	13	19	16	14	12	26	25	17	24	14	19	19	21	18	26	134
6050	22	13	19	16	14	12	26	24	17	24	14	19	19	21	18	26	132
6100	22	13	19	16	14	12	28	24	17	24	14	17	19	21	18	26	130
6150	21	13	19	15	14	12	28	24	17	24	14	17	19	21	18	26	128
6200	21	13	19	15	14	12	28	24	17	24	14	17	19	21	18	26	128
6250	21	13	19	15	14	12	28	24	17	24	14	17	19	21	18	27	130
6300	21	13	19	15	14	13	29	24	17	24	14	17	19	21	18	27	129
6350	21	13	19	15	14	14	30	24	17	24	13	17	19	22	18	27	130
6400	22	13	19	15	14	14	32	24	16	24	13	17	19	23	18	27	133
6450	22	13	19	15	14	14	32	24	16	24	13	17	19	23	18	27	134
6500	22	13	19	15	14	14	32	24	16	24	13	17	19	23	18	27	134
6550	22	13	20	15	14	14	33	24	16	24	13	17	19	23	18	27	135
6600	22	13	20	15	14	15	33	24	16	24	13	17	19	23	18	27	136
6650	22	13	20	15	14	15	33	24	16	24	13	17	19	23	18	27	137
6700	22	13	20	15	14	17	34	24	16	24	13	17	19	23	18	27	139
6750	22	13	20	15	14	18	34	24	16	24	13	17	19	23	18	27	140
6800	22	13	20	15	14	18	34	24	16	24	13	17	19	23	18	27	140
6850	22	13	20	15	14	19	34	23	16	24	13	17	19	23	18	27	141
6900	22	13	20	15	14	19	34	22	16	24	13	17	19	23	18	27	140
6950	22	13	20	15	14	19	34	23	15	24	13	17	19	23	18	27	140
7000	21	13	20	15	14	19	34	23	15	24	13	17	19	23	18	28	139
7050	21	13	21	15	14	19	34	23	15	24	13	17	19	23	18	28	140
7100	21	13	21	15	14	19	34	23	15	24	13	17	19	23	18	28	141
7150	21	13	21	15	14	20	34	23	15	24	13	17	19	23	18	28	142
7200	21	13	21	15	14	20	34	23	15	24	13	17	19	23	18	28	142
7250	21	13	21	15	14	21	34	23	15	24	13	17	19	23	18	29	142
7300	21	13	21	15	14	21	34	23	15	24	13	17	19	23	18	30	144
7350	21	13	21	15	14	21	34	23	15	23	13	17	19	23	18	30	144
7400	21	13	21	15	14	21	34	23	15	23	13	17	19	23	18	31	144
7450	20	13	21	15	14	21	34	23	15	23	13	17	20	23	18	31	143
7500	20	13	22	15	14	20	33	23	15	23	13	17	20	23	18	31	145
7550	20	13	22	15	14	20	33	21	15	23	13	15	20	23	18	31	143
7600	20	13	22	15	14	20	34	21	15	23	13	15	20	23	18	31	143
7650	20	13	22	15	14	20	34	21	15	23	13	15	20	23	18	31	143
7700	20	13	22	15	14	21	35	19	15	23	13	15	20	23	18	31	142
7750	21	13	22	15	14	21	35	19	15	23	13	15	20	23	18	31	140
7800	21	13	22	15	14	21	35	19	15	23	13	15	19	23	18	31	139
7850	21	13	22	15	14	22	35	19	15	23	13	15	20	22	18	31	141
7900	21	13	22	15	14	22	36	19	16	23	13	15	19	22	18	31	142
7950	21	13	22	15	14	22	36	19	15	23	13	15	19	22	18	31	141
8000	21	13	22	15	14	22	36	19	15	23	13	15	21	22	18	31	143
8050	24	13	22	15	14	23	36	19	15	23	13	15	21	22	18	31	144
8100	24	13	22	15	14	23	37	19	15	23	13	15	21	22	18	31	144
8150	24	13	22	15	14	23	37	19	15	23	13	15	23	22	18	31	146
8200	24	13	22	15	14	23	37	20	15	23	13	15	23	22	18	31	147
8250	24	13	22	15	14	23	35	20	15	23	13	15	23	22	18	31	145
8300	25	13	22	15	14	23	35	20	15	23	13	15	24	22	18	31	147
8350	25	13	22	15	14	22	35	20	15	23	13	15	24	22	18	30	146
8400	25	13	22	15	14	22	35	20	16	23	13	15	24	22	18	30	144
8450	25	13	22	15	14	22	35	20	16	23	13	15	24	22	18	31	145
8500	25	13	22	15	14	22	35	20	15	23	13	16	24	22	18	31	144
8550	25	13	22	15	14	22	35	20	15	23	13	16	24	22	18	31	144
8600	25	13	22	15	15	22	34	20	15	23	13	16	23	22	18	31	143
8650	25	13	22	15	15	22	35	20	15	23	13	16	23	22	18	31	144
8700	25	13	22	15	14	22	35	20	15	23	13	16	23	22	18	32	145
8750	25	13	22	15	14	22	35	20	15	23	13	16	23	22	18	32	144
8800	25	13	22	15	15	22	35	20	15	23	13	16	23	22	18	32	143
8850	25	13	22	15	16	22	35	20	15	23	13	16	23	22	18	32	143
8900	25	13	22	15	16	22	35	20	15	23	13	16	23	22	18	32	143
8950	25	13	22	15	16	22	35	20	15	23	13	17	22	22	18	32	142
9000	25	13	22	15	16	22	35	20	15	23	13	17	21	22	18	32	142
9050	25	13	22	15	17	22	35	20	15	23	13	17	21	22	18	32	144
9100	25	13	22	15	18	22	35	20	15	23	13	17	21	22	18	32	145
9150	25	13	22	15	18	23	35	20	15	23	13	18	22	22	18	32	148
9200	25	13	22	15	18	23	35	20	16	23	13	18	23	22	18	32	149
9250	25	13	22	15	18	23	35	20	16	23	13	18	23	22	18	33	150
9300	25	13	22	15	18	23	35	21	16	23	13	18	24	22	18	32	150
9350	25	13	22	15	18	23	35	21	16	23	13	18	24	22	18	32	150
9400	25	13	22	15	18	23	35	22	16	23	13	18	24	22	18	32	150
9450	25	13	22	15	18	23	35	23	16	23	13	18	24	22	18	32	151
9500	26	13	22	15	18	23	35	23	16	23	13	18	25	22	18	32	152
9550	26	13	22	15	18	23	35	23	16	23	13	18	26	22	18	32	153
9600	26	13	22	15	17	23	35	23	16	23	13	19	26	22	18	32	153
9650	26	13	22	15	17	23	35	23	16	23	13	19	26	22	18	31	153
9700	26	13	22	15	18	23	35	24	16	23	13	20	26	22	18	31	156
9750	26	13	22	15	18	24	35	24	16	23	13	20	26	22	18	30	156
9800	26	13	22	15	18	26	35	25	16	23	13	20	26	22	18	30	159
9850	26	13	23	15	18	26	35	25	16	23	13	20	27	21	18	30	158
9900	26	13	23	15	17	26	35	25	16	23	13	20	27	21	18	30	158
9950	26	13	23	15	17	28	34	26	17	23	13	20	26	21	18	30	161
10000	26	14	24	15	17	27	34	26	18	23	13	20	26	21	18	30	163
10050	26	14	24	15	17	29	34	27	19	23	13	20	25	21	18	30	163
10100	26	14	23	15	17	30	34	27	19	23	13	20	25	21	18	30	162
10150	26	14	23	15	17	30	34	27	19	23	13	20	25	21	18	29	160
10200	26	14	23	15	17	32	34	27	19	23	13	20	25	21	18	29	160
10250	26	15	23	15	18	32	34	27	18	23	13	18	25	21	18	29	160
10300	24	15	23	15	18	33	34	27	18	23	13	18	25	21	18	30	161
10350	24	15	24	15	18	34	34	27	18	23	13	18	25	21	18	30	162
10400	24	15	24	15	18	33	34	27	19	23	13	18	25	21	18	30	162
10450	24	15	24	15	18	33	35	27	19	23	13	18	25	21	18	31	162
10500	24	15	24	15	17	33	35	27	19	23	13	18	25	21	18	32	163
10550	24	16	24	15	17	34	35	27	19	23	13	18	25	21	18	32	164
10600	24	16	24	15	17	34	35	27	19	22	13	18	25	21	18	32	162
10650	24	17	24	15	17	34	35	27	20	22	13	18	25	21	18	32	163
10700	24	17	24	15	17	34	35	27	20	22	13	17	26	21	18	32	160
10750	24	17	24	15	17	34	35	27	20	22	13	17	26	21	18	33	160
10800	24	17	24	15	17	34	35	26	20	23	13	17	26	21	18	31	159
10850	24	17	24	15	17	34	35	26	20	23	13	18	26	21	18	31	159
10900	24	17	24	15	18	34	35	26	21	22	13	19	26	21	18	31	161
10950	24	18	24	15	18	34	35	26	21	23	13	19	26	21	18	30	160
11000	24	19	24	15	18	33	35	26	21	23	13	20	27	21	18	30	162
11050	24	19	24	15	18	33	35	27	21	23	13	21	27	21	18	30	163
11100	24	19	24	15	18	33	35	27	21	23	13	21	27	21	18	30	163
11150	24	19	24	15	19	33	35	27	21	23	13	21	27	21	18	30	164
11200	24	20	24	15	19	33	35	25	21	24	13	22	27	21	18	30	164
11250	24	20	24	15	22	33	35	25	22	24	13	22	27	21	18	30	165
11300	24	20	24	15	22	32	35	25	22	24	13	25	27	21	18	30	164
11350	25	21	24	15	22	31	35	25	21	25	13	26	27	21	18	30	166
11400	25	21	24	15	23	31	35	25	21	25	13	27	28	21	18	30	169
11450	25	21	23	15	23	31	35	25	21	25	13	28	28	21	18	29	168
11500	25	22	23	15	24	31	35	25	21	25	13	28	28	21	18	29	170
11550	25	22	23	15	24	31	35	25	21	25	13	28	28	21	18	30	170
11600	25	23	23	15	24	31	35	25	21	26	13	28	28	21	18	30	171
11650	25	23	23	15	24	31	34	25	20	26	13	28	28	21	18	30	170
11700	25	23	23	15	26	31	34	24	20	26	13	30	28	21	18	30	171
11750	25	23	23	15	26	31	34	24	20	27	13	31	28	21	18	30	172
11800	25	23	23	15	26	31	34	22	20	28	13	31	28	21	18	30	171
11850	25	24	23	15	27	31	33	22	20	28	13	31	28	21	18	30	171
11900	25	24	23	15	27	30	32	22	20	27	13	32	28	21	18	31	173
11950	25	24	23	15	27	30	33	22	20	28	13	32	28	21	18	31	171
12000	25	24	23	15	27	30	31	22	20	28	13	34	28	21	17	31	171
12050	25	25	23	15	27	30	31	22	20	28	13	35	28	21	17	31	171
12100	25	25	23	15	27	29	31	22	19	28	13	36	27	21	17	31	171
12150	25	25	23	15	27	29	31	22	19	28	13	37	27	21	17	29	170
12200	24	25	23	15	27	29	31	22	19	28	13	36	27	21	17	29	170
12250	24	25	23	15	27	28	31	22	19	28	13	36	27	21	17	29	170
12300	24	25	23	15	27	28	31	22	19	28	13	36	28	21	17	29	169
12350	24	25	23	15	27	28	30	22	19	29	13	37	29	21	17	28	168
12400	24	25	23	15	25	28	29	22	19	29	13	37	28	21	17	27	166
12450	24	25	23	15	25	28	29	22	19	29	13	36	28	21	17	27	165
12500	24	25	23	15	26	27	27	22	19	29	13	37	28	21	17	28	164
12550	24	25	23	15	26	27	27	24	19	29	13	37	27	21	17	28	165
12600	24	25	23	15	27	27	27	24	19	29	13	37	27	21	17	28	166
12650	24	25	23	15	27	27	27	24	19	29	13	37	27	21	17	27	164
12700	23	25	23	15	27	27	27	24	19	29	13	37	28	21	17	27	165
12750	23	25	22	15	27	26	27	24	19	29	13	37	26	21	17	27	163
12800	22	26	22	15	27	26	27	24	19	29	13	37	26	21	17	27	163
12850	22	25	22	15	27	26	27	24	18	29	13	36	26	21	17	27	163
12900	22	25	22	15	27	26	27	24	18	29	13	38	27	21	17	27	164
12950	22	25	23	15	26	26	27	24	17	29	13	38	27	21	17	28	165
13000	22	25	23	15	26	26	27	24	17	29	14	38	26	21	17	27	165
13050	21	25	23	15	26	26	27	24	16	28	14	38	26	21	17	27	164
13100	21	24	23	15	26	26	27	23	16	27	14	37	26	21	17	27	165
13150	21	24	24	15	25	26	27	23	16	26	14	36	26	21	17	27	164
13200	21	24	24	15	25	25	27	22	16	26	14	35	26	21	17	27	165
13250	21	24	24	15	25	25	27	22	16	26	15	34	26	21	17	27	162
13300	21	24	24	15	26	25	27	22	16	26	15	34	26	21	17	27	162
13350	21	24	24	15	25	25	27	22	16	26	15	33	25	21	17	27	161
13400	21	24	25	15	25	25	27	22	16	26	15	33	25	21	17	27	162
13450	21	24	25	15	25	25	27	22	16	26	15	33	25	21	17	27	160
13500	21	24	25	15	25	25	26	22	16	26	15	33	25	21	17	26	159
13550	21	24	25	15	25	25	26	22	16	26	15	33	25	21	17	26	159
13600	21	24	25	15	25	25	26	23	16	26	15	33	25	21	16	26	160
13650	21	24	25	15	25	25	26	23	16	26	15	33	24	20	16	26	160
13700	21	24	26	15	25	24	26	23	16	26	15	33	24	20	16	26	159
13750	21	24	26	15	25	24	26	24	16	26	15	33	24	20	16	26	161
13800	21	24	26	15	25	24	26	24	15	26	15	33	25	20	16	26	159
13850	21	24	26	15	25	24	26	23	15	26	17	33	25	20	16	25	158
13900	21	24	26	15	25	24	26	21	15	26	17	33	25	20	16	25	158
13950	21	25	26	15	25	24	26	21	15	26	17	32	25	20	16	25	159
14000	21	25	27	15	25	24	26	21	15	26	17	32	23	20	16	25	157
14050	21	25	27	15	25	24	26	21	15	26	17	32	23	19	16	24	154
14100	21	25	27	15	25	24	26	21	15	26	17	31	25	19	16	24	155
14150	21	25	27	15	24	24	26	21	15	26	17	30	24	19	16	24	154
14200	21	25	27	15	24	24	26	21	15	26	18	30	24	19	16	24	154
14250	21	25	27	15	24	24	25	21	15	26	18	30	25	19	16	23	153
14300	21	25	27	15	24	24	25	21	15	26	19	30	25	19	16	23	154
14350	21	25	27	15	24	24	25	21	15	25	19	30	25	19	16	23	153
14400	21	25	27	15	25	24	25	21	15	25	19	30	26	19	16	23	155
14450	21	25	27	15	25	24	25	21	15	25	19	30	27	19	16	23	156
14500	21	25	27	15	25	24	25	21	15	25	19	30	28	19	16	23	157
14550	21	25	27	15	25	24	24	21	15	25	19	29	28	19	16	23	154
14600	21	25	27	15	25	24	24	21	15	25	19	28	28	19	16	23	154
14650	21	25	28	15	25	24	24	21	15	25	19	28	28	19	16	23	153
14700	21	25	28	15	25	24	24	21	15	25	19	28	28	19	16	23	152
14750	21	25	28	15	24	23	24	21	15	25	19	28	28	19	16	23	150
14800	21	25	28	15	24	23	24	20	15	25	19	28	29	19	16	24	149
14850	21	25	28	15	25	23	24	20	16	25	19	28	29	19	16	24	150
14900	21	25	27	15	25	23	24	20	16	25	19	28	29	19	16	24	150
14950	21	25	26	15	25	23	24	20	16	25	19	28	29	19	16	24	149
15000	21	25	27	15	25	23	24	21	16	25	19	28	29	19	16	23	151
15050	21	25	27	15	25	23	24	21	16	25	19	28	29	19	16	24	153
15100	21	25	27	15	25	23	24	21	16	25	18	28	29	19	16	24	151
15150	21	25	27	15	26	23	23	22	16	25	18	28	29	19	16	24	153
15200	21	25	27	15	25	23	23	22	16	25	18	27	29	19	16	25	153
15250	21	25	27	15	24	23	23	22	16	25	18	27	29	19	16	25	154
15300	21	25	27	15	24	23	23	22	16	25	18	27	29	19	16	24	154
15350	21	25	27	15	23	23	23	22	16	25	18	27	29	19	16	25	153
15400	21	25	27	15	23	23	23	22	16	25	18	28	30	19	16	26	156
15450	21	25	27	15	23	23	23	22	16	25	18	27	30	19	16	26	156
15500	21	25	27	15	23	24	23	22	16	25	18	26	30	19	16	26	156
15550	21	25	27	15	23	24	23	22	16	25	18	26	30	19	16	25	157
15600	21	25	27	15	23	24	23	22	16	25	18	26	30	19	16	25	155
15650	21	25	27	15	23	24	23	22	16	25	18	26	30	19	16	25	153
15700	21	25	27	15	24	25	23	22	16	25	18	26	32	19	16	25	155
15750	21	25	27	15	24	24	23	22	16	25	18	26	33	19	16	25	155
15800	21	24	27	15	24	24	23	22	16	25	18	26	34	19	16	26	154
15850	21	24	27	15	24	24	23	22	17	23	18	26	34	19	16	26	154
15900	21	24	27	15	24	24	23	22	17	23	18	26	34	19	16	26	154
15950	21	24	27	15	24	24	23	21	17	24	18	26	35	19	16	27	156
16000	21	24	27	15	24	23	23	21	17	23	18	26	35	19	16	27	155
16050	21	24	27	15	24	23	23	21	17	24	17	26	35	19	16	28	156
16100	21	24	27	15	24	23	23	21	17	26	17	26	35	19	16	28	157
16150	20	24	27	15	25	23	23	21	17	26	17	25	35	19	16	28	158
16200	20	24	27	15	26	23	23	22	17	25	17	25	35	19	16	28	160
16250	20	24	27	15	26	23	23	23	17	25	17	25	35	19	16	28	159
16300	20	24	27	15	26	23	22	23	17	25	17	25	34	19	16	28	158
16350	20	24	27	15	26	23	22	22	17	26	17	25	34	19	16	28	159
16400	20	24	27	15	26	23	22	22	17	26	17	25	34	19	16	28	161
16450	20	24	27	15	27	23	22	22	17	27	17	25	34	19	16	28	162
16500	20	23	27	15	27	23	23	20	17	28	16	25	34	19	16	28	162
16550	20	23	27	15	27	23	23	19	17	28	16	25	34	19	16	28	159
16600	20	23	26	15	27	22	23	20	17	28	16	25	35	19	16	28	160
16650	20	22	26	15	27	22	22	19	17	28	16	25	35	19	16	28	158
16700	20	22	26	15	27	22	22	19	17	28	16	25	34	19	16	28	157
16750	20	22	25	15	27	22	22	19	17	29	16	25	35	19	16	28	159
16800	20	22	25	15	27	22	22	21	17	29	16	25	36	19	16	26	161
16850	20	22	25	15	27	22	22	21	17	29	16	25	35	19	16	26	160
16900	20	22	25	15	27	22	22	22	17	29	17	24	35	19	16	26	161
16950	20	22	25	15	27	23	22	23	17	30	17	24	35	19	16	26	162
17000	20	22	25	15	27	23	22	24	17	30	17	24	35	19	16	26	161
17050	20	22	25	15	27	23	22	25	17	30	17	24	35	18	16	26	161
17100	20	22	25	15	27	23	22	25	17	30	17	24	35	18	16	26	162
17150	20	22	25	15	27	23	22	25	17	31	17	24	35	18	16	26	163
17200	20	22	25	15	28	23	22	26	17	31	17	22	35	18	16	26	163
17250	20	22	25	15	28	23	22	26	17	31	17	22	36	18	16	26	163
17300	20	22	25	15	28	23	22	27	18	31	17	22	36	18	16	26	165
17350	20	22	25	15	28	23	22	27	18	31	16	22	35	18	16	26	164
17400	20	22	25	15	29	23	22	29	18	32	16	22	35	18	16	26	167
17450	20	22	25	15	29	23	21	28	18	32	16	22	35	18	16	26	165
17500	20	22	25	15	29	23	21	28	18	32	16	22	36	18	16	26	166
17550	20	22	25	15	29	23	21	29	18	32	17	22	36	18	16	25	168
17600	20	22	25	15	29	23	21	28	19	32	17	22	36	18	16	25	167
17650	20	22	25	15	28	23	21	29	19	32	17	22	36	18	16	25	168
17700	20	22	25	15	28	23	21	29	19	32	17	22	36	18	16	25	168
17750	20	21	25	15	28	23	21	28	19	32	17	22	34	18	16	25	167
17800	20	21	25	15	28	23	21	28	19	32	17	22	33	18	16	25	166
17850	20	21	25	15	28	23	21	28	19	32	17	22	33	18	16	24	165
17900	20	21	25	15	28	23	21	28	19	32	17	22	33	18	16	24	166
17950	20	21	25	15	28	23	21	28	19	32	17	22	33	18	16	23	166
18000	20	21	25	15	28	23	21	28	20	32	17	21	34	18	16	23	166
18050	20	21	25	15	28	23	21	28	20	32	17	21	34	18	16	23	166
18100	20	21	25	15	28	23	21	27	20	31	17	21	34	18	16	22	164
18150	20	21	25	15	28	23	21	27	20	32	17	20	34	18	16	23	164
18200	20	21	25	15	28	23	21	26	19	32	17	20	33	18	16	23	162
18250	20	21	26	15	28	23	21	26	19	32	17	20	33	18	16	22	163
18300	20	21	26	15	28	23	20	26	19	32	17	20	33	18	16	22	163
18350	20	21	26	15	28	23	20	26	19	31	17	20	31	18	16	21	160
18400	20	21	26	15	28	23	20	26	19	30	17	20	31	18	16	23	161
18450	20	21	26	15	26	23	20	25	19	30	17	20	31	18	16	23	159
18500	20	21	26	15	26	23	20	25	19	30	17	20	30	18	16	24	158
18550	20	21	25	15	26	23	20	24	19	30	17	20	30	18	16	23	155
18600	20	21	25	15	26	23	20	24	19	30	17	20	30	18	16	23	155
18650	20	20	25	15	26	23	19	24	19	30	17	20	30	18	16	23	154
18700	20	20	25	15	26	23	19	24	19	30	17	20	30	18	16	23	155
18750	20	20	25	15	26	23	19	24	19	30	17	20	30	18	16	25	156
18800	20	20	25	15	26	23	19	24	19	30	16	20	30	18	16	25	155
18850	20	20	25	15	26	23	19	24	19	30	16	20	30	18	16	24	155
18900	20	20	25	15	25	23	19	24	18	30	16	20	30	18	16	24	152
18950	20	20	24	15	25	23	19	24	18	30	16	20	30	18	16	25	152
19000	20	20	24	15	25	23	19	23	18	30	16	20	29	18	16	25	149
19050	20	20	24	15	25	23	19	24	18	30	16	20	29	18	16	25	149
19100	20	20	22	15	25	23	19	24	18	30	16	20	29	18	16	25	148
19150	20	20	22	15	24	23	19	23	18	30	16	20	29	18	16	26	148
19200	20	20	22	15	24	23	19	23	18	28	16	18	29	18	16	26	143
19250	20	20	22	15	24	23	19	23	18	29	16	18	29	18	16	27	144
19300	20	20	22	15	23	23	19	23	18	29	16	18	29	18	16	28	143
19350	20	20	21	15	23	23	19	23	19	29	16	18	29	18	16	28	143
19400	20	20	22	15	23	23	19	23	19	28	16	18	30	18	16	28	142
19450	20	20	22	15	23	23	19	23	19	28	16	18	30	18	16	28	142
19500	20	20	22	15	23	23	19	23	19	27	16	18	29	18	16	28	141
19550	20	20	22	15	23	23	19	23	19	28	16	18	28	18	16	28	142
19600	20	20	22	15	23	23	19	23	18	28	16	18	28	18	16	28	141
19650	20	20	22	15	23	23	18	23	18	29	16	18	28	18	16	29	142
19700	20	20	23	15	23	23	18	23	18	28	16	18	28	18	16	29	142
19750	20	20	23	15	23	23	19	23	18	27	16	18	28	18	16	29	142
19800	20	20	23	15	23	23	19	23	18	27	16	18	28	18	16	28	141
19850	20	20	23	15	23	22	19	23	18	27	16	18	28	18	16	28	141
19900	20	19	25	15	23	22	19	23	18	27	16	18	29	18	16	28	144
19950	20	19	25	15	23	22	19	23	18	26	16	18	29	18	16	26	143
20000	20	19	25	15	23	22	19	22	18	26	16	18	28	18	16	26	143
