0	0	0	0	0	0	0	0	0	0	0	0	0	0	0	0	0	0
50	2	1	2	2	2	1	1	1	1	1	1	3	2	1	2	2	5
100	3	2	5	3	4	3	6	4	4	3	4	4	3	5	2	4	19
150	6	5	5	5	6	3	7	6	4	3	6	7	4	7	5	5	30
200	7	6	5	6	6	4	7	7	4	7	9	7	5	7	6	8	36
250	7	7	6	7	7	5	9	7	7	8	11	7	6	8	6	8	41
300	8	7	7	7	7	5	9	8	8	10	12	8	7	8	6	8	43
350	8	7	8	8	9	5	9	9	8	9	12	8	7	9	7	9	48
400	10	7	9	8	9	6	9	9	8	11	13	10	7	11	7	10	57
450	10	7	9	8	10	6	11	10	9	12	14	10	7	11	7	10	60
500	11	8	10	8	10	6	12	10	9	13	14	11	10	12	7	11	68
550	13	8	10	9	11	8	12	10	9	13	14	11	10	12	7	11	72
600	13	8	10	10	11	8	14	11	11	13	15	13	10	12	7	14	79
650	13	8	10	10	11	8	14	11	12	14	15	14	11	12	7	14	81
700	13	9	11	10	11	9	14	11	12	14	15	14	11	12	7	14	79
750	13	9	12	11	11	9	14	11	13	15	15	15	11	13	7	14	79
800	13	10	12	12	11	9	14	11	14	15	15	15	11	13	7	14	81
850	13	10	13	13	11	9	14	11	14	15	15	15	12	13	7	14	85
900	13	10	13	13	11	9	14	11	14	16	15	15	12	13	7	14	85
950	13	10	13	13	12	9	14	11	14	16	15	15	12	15	7	14	85
1000	14	10	13	15	12	9	14	11	14	16	15	15	12	15	7	14	86
1050	14	10	13	15	13	9	14	11	14	16	15	15	12	15	7	14	88
1100	14	10	13	15	14	9	14	11	14	16	16	15	12	15	7	14	88
1150	14	10	13	16	14	9	14	11	14	16	16	15	12	15	7	14	89
1200	14	10	13	16	14	9	14	11	14	16	16	15	12	16	7	14	90
1250	14	10	13	16	14	9	14	12	14	16	16	15	12	16	7	14	91
1300	14	10	13	17	15	9	14	12	14	16	16	15	12	16	7	14	91
1350	14	10	13	17	15	9	14	12	14	16	16	15	12	16	7	14	91
1400	14	10	13	17	15	9	14	12	14	16	16	15	12	16	7	14	92
1450	14	10	13	17	15	9	14	12	14	16	16	15	12	16	7	14	92
1500	16	10	13	17	15	9	14	12	14	16	16	15	12	16	8	14	94
1550	16	10	13	17	15	11	14	12	14	16	16	16	12	17	8	14	95
1600	16	10	13	17	15	11	14	12	14	16	16	16	12	18	9	14	97
1650	16	10	13	17	16	12	14	12	14	16	16	16	12	18	9	14	99
1700	16	10	13	17	16	14	14	12	14	16	16	16	12	18	9	14	99
1750	16	10	13	17	16	14	14	12	14	16	16	16	12	18	9	14	99
1800	16	10	13	17	16	14	14	12	14	16	16	16	12	18	9	14	98
1850	16	10	13	17	16	14	14	12	14	16	16	16	12	18	9	14	98
1900	16	10	13	17	16	14	14	12	14	15	16	16	12	18	9	15	98
1950	16	10	13	17	16	14	14	12	14	15	16	16	12	18	10	15	100
2000	18	10	14	17	17	16	14	12	14	15	16	16	12	18	11	16	103
2050	18	10	14	17	18	16	14	11	14	15	16	16	12	19	11	17	105
2100	19	10	14	17	18	16	14	11	14	15	16	16	12	19	11	17	105
2150	20	10	15	17	18	17	14	11	14	15	16	16	12	21	11	18	109
2200	20	10	15	17	18	17	14	11	14	15	16	16	12	21	11	18	109
2250	21	10	15	17	18	18	14	11	14	15	16	16	12	22	11	19	111
2300	22	10	16	17	18	19	14	11	14	15	16	16	12	22	11	19	113
2350	22	10	17	17	18	20	14	11	14	15	16	16	12	22	11	19	114
2400	22	10	18	17	18	20	14	11	14	15	16	16	12	22	11	19	114
2450	22	11	18	17	18	21	14	11	14	15	16	16	12	22	11	19	114
2500	22	11	18	17	18	21	14	11	14	15	17	16	12	22	11	20	113
2550	22	11	18	17	18	21	14	11	13	15	19	16	12	22	11	20	115
2600	22	12	18	17	18	22	14	11	13	15	20	16	12	22	11	20	117
2650	22	13	18	17	18	21	14	11	13	15	21	16	12	22	11	21	119
2700	23	13	18	17	18	21	14	11	12	15	20	16	12	22	11	21	118
2750	23	13	18	17	18	22	14	11	12	15	20	16	12	22	11	21	117
2800	23	13	18	17	18	22	14	11	12	15	20	16	12	22	11	22	118
2850	23	13	18	17	18	21	14	11	12	15	20	16	12	21	11	23	118
2900	23	13	18	17	18	21	14	11	13	15	20	16	12	21	11	23	119
2950	23	13	18	17	18	21	14	11	13	15	20	16	12	21	10	23	118
3000	23	14	18	17	18	21	14	11	13	15	20	16	12	21	10	23	119
3050	23	14	18	17	18	22	14	11	13	16	20	16	12	21	10	22	118
3100	23	14	18	17	18	22	14	11	13	16	20	16	12	21	10	22	117
3150	24	15	18	17	18	22	14	11	13	16	20	16	12	22	10	22	120
3200	24	15	18	17	18	23	14	11	13	16	20	16	12	22	10	22	120
3250	23	15	18	17	18	23	14	11	13	16	20	16	12	22	10	22	121
3300	23	15	18	17	18	23	14	11	13	16	20	16	12	22	10	22	121
3350	23	15	18	17	18	23	14	11	14	16	20	16	12	22	10	22	121
3400	23	16	18	17	18	23	14	11	14	16	20	16	12	22	10	22	122
3450	23	17	18	17	18	23	14	11	14	16	20	16	12	22	10	22	123
3500	23	17	18	17	18	23	14	10	14	16	20	16	12	22	10	22	124
3550	23	17	18	17	18	23	14	12	14	16	20	16	12	24	10	22	126
3600	24	18	19	17	18	23	14	12	15	16	20	16	12	25	10	22	127
3650	24	18	19	17	18	23	14	12	15	16	20	16	12	25	10	22	127
3700	24	18	19	17	18	23	14	12	15	16	20	16	12	25	10	21	127
3750	24	18	19	17	18	23	14	12	15	16	20	16	12	24	10	20	126
3800	24	20	19	17	18	22	14	12	15	16	21	16	12	24	10	20	127
3850	24	20	19	17	18	22	14	12	15	16	21	16	13	24	10	20	127
3900	24	20	19	17	18	22	14	12	15	16	22	16	13	24	10	20	127
3950	24	20	19	17	18	22	14	12	15	16	22	16	12	24	10	20	127
4000	24	20	19	17	18	22	14	12	15	16	22	17	13	25	10	20	129
4050	24	20	19	17	18	22	14	12	15	16	22	17	13	25	10	20	128
4100	24	20	19	17	18	22	14	12	15	16	21	17	14	25	10	20	128
4150	24	20	19	17	18	22	14	12	15	16	21	17	15	25	10	20	129
4200	24	20	19	17	18	22	14	12	15	16	21	17	15	24	10	20	127
4250	24	21	19	17	18	22	14	13	15	16	22	17	16	24	10	21	129
4300	24	22	19	17	18	22	14	13	15	16	22	17	15	24	11	21	129
4350	24	22	19	17	18	22	14	13	15	16	23	17	15	24	11	21	129
4400	24	23	20	17	18	22	14	13	15	16	24	17	16	24	11	21	132
4450	24	23	20	17	18	22	14	13	15	16	24	17	17	24	12	20	133
4500	24	23	20	17	18	22	16	14	15	16	24	17	18	24	12	21	136
4550	24	23	20	17	18	22	16	14	15	16	24	17	18	24	12	22	134
4600	24	23	20	17	18	22	17	15	15	16	24	17	18	24	12	22	135
4650	23	23	20	17	18	22	17	15	15	16	24	17	18	24	12	22	135
4700	23	23	19	17	18	22	17	15	15	16	24	17	18	24	12	22	133
4750	22	24	19	17	18	22	18	15	15	16	24	17	18	24	12	22	134
4800	22	24	19	17	18	22	18	15	15	16	24	17	18	24	12	22	134
4850	22	24	19	17	18	22	18	15	15	16	24	17	18	24	13	22	135
4900	22	24	19	17	18	22	18	15	15	16	24	17	18	24	13	22	135
4950	21	25	19	17	18	22	18	15	15	16	24	17	19	24	13	22	135
5000	21	25	19	17	18	22	19	15	16	16	24	17	20	24	13	23	137
5050	21	27	19	17	18	22	19	16	17	16	24	17	21	25	14	23	140
5100	21	27	18	17	18	22	19	16	17	16	24	17	22	25	14	23	142
5150	21	26	19	17	18	22	19	17	17	16	24	17	22	25	14	23	144
5200	21	24	19	17	18	22	19	18	17	16	24	17	22	25	15	24	146
5250	21	24	19	17	18	22	20	18	17	15	24	17	22	26	16	24	147
5300	21	24	19	17	18	21	20	18	17	15	24	17	22	27	16	24	148
5350	21	24	19	17	18	21	20	19	17	15	24	17	22	28	16	24	150
5400	21	24	19	17	18	21	20	20	18	15	25	17	23	28	16	25	154
5450	20	25	19	17	18	21	21	20	18	15	25	18	23	28	17	25	157
5500	20	25	20	17	18	21	21	20	19	15	25	18	23	28	19	26	160
5550	20	25	20	17	18	21	21	21	19	15	25	18	23	28	19	26	161
5600	20	25	20	17	18	21	21	22	19	15	25	18	23	28	19	26	162
5650	20	25	20	17	18	21	21	23	19	15	25	18	23	28	18	26	163
5700	20	26	20	17	18	21	21	23	19	15	25	18	23	27	18	26	164
5750	21	26	20	17	18	21	21	23	19	15	25	18	21	27	18	26	163
5800	21	26	20	17	18	20	21	23	19	15	25	18	21	27	18	26	164
5850	21	26	20	16	18	20	21	23	19	15	25	18	21	27	19	28	167
5900	21	26	20	17	18	20	20	23	19	15	24	18	21	27	19	28	167
5950	21	27	20	17	18	20	20	23	19	15	24	18	21	27	19	27	167
6000	21	27	20	17	18	20	20	23	19	15	24	18	21	27	19	27	166
6050	20	27	20	17	18	20	20	23	19	15	24	19	21	27	19	27	165
6100	20	27	20	17	18	20	20	23	19	15	25	19	21	27	20	27	167
6150	20	27	20	18	18	20	20	24	19	15	25	19	21	27	20	27	168
6200	20	27	20	18	18	20	19	24	19	15	25	21	21	27	20	28	169
6250	20	27	20	20	18	20	21	24	20	15	25	21	21	27	21	29	173
6300	21	27	20	21	18	20	21	25	20	15	25	21	21	27	21	29	175
6350	21	27	20	22	18	20	22	27	20	15	25	21	20	28	20	29	178
6400	21	27	20	22	18	20	23	29	20	15	25	22	20	29	20	29	182
6450	20	26	20	22	18	20	23	30	21	15	25	22	20	30	19	29	182
6500	20	26	20	22	18	20	23	30	21	15	25	22	20	30	19	29	182
6550	20	26	20	22	18	21	25	30	21	15	25	22	20	30	19	29	183
6600	22	26	20	22	18	21	25	29	21	15	25	23	20	29	19	29	183
6650	22	26	20	22	18	21	25	29	22	15	24	23	20	28	19	29	181
6700	22	26	20	22	18	21	25	29	22	15	24	23	20	28	19	29	181
6750	22	26	20	22	18	21	25	29	22	15	25	24	20	29	20	29	183
6800	23	26	20	22	18	21	25	29	22	15	25	24	20	29	20	29	184
6850	23	26	20	22	18	21	26	30	22	15	25	25	20	29	20	29	186
6900	23	26	20	22	18	21	27	30	22	15	26	26	20	29	21	29	189
6950	23	26	20	23	18	21	27	30	22	15	27	27	21	28	21	29	191
7000	25	26	20	23	18	22	27	30	22	15	27	27	21	29	21	29	195
7050	25	26	20	23	18	22	28	30	22	15	27	27	21	30	21	29	197
7100	25	25	21	23	18	22	28	30	22	15	27	27	21	30	21	29	197
7150	26	24	21	23	18	22	28	30	22	15	28	27	21	30	21	29	198
7200	26	24	21	23	18	22	28	30	22	15	28	27	22	30	21	29	198
7250	27	24	22	23	18	21	28	30	22	15	28	27	22	29	21	29	198
7300	27	24	22	23	18	21	28	29	22	16	28	27	22	29	21	29	198
7350	27	24	22	23	18	22	29	29	22	16	28	27	22	29	21	29	199
7400	27	24	22	23	18	23	30	30	22	16	28	27	22	29	21	29	202
7450	27	24	22	23	18	23	30	30	22	16	28	27	22	29	21	29	202
7500	27	25	22	23	18	23	30	30	22	16	28	27	23	28	21	29	204
7550	27	25	22	23	18	23	30	30	22	16	28	27	23	28	21	29	203
7600	27	25	22	23	18	23	30	30	22	16	28	27	24	28	20	28	204
7650	27	24	22	22	18	24	30	30	23	16	28	27	24	28	20	28	205
7700	27	24	22	22	18	23	30	30	23	16	28	26	24	28	21	28	205
7750	28	24	22	22	18	23	31	30	23	16	28	27	24	28	21	28	206
7800	28	24	22	22	17	24	31	30	22	17	28	27	24	28	21	28	207
7850	27	24	22	22	17	24	31	30	22	17	28	27	24	30	21	28	208
7900	27	24	22	21	17	24	31	30	23	17	28	27	24	30	21	28	207
7950	27	24	22	21	17	26	31	31	23	17	28	27	24	30	21	28	210
8000	27	24	22	21	17	26	31	31	23	17	28	27	24	30	21	28	209
8050	26	24	22	21	17	26	31	31	23	18	28	27	24	30	21	29	208
8100	26	24	22	21	17	26	31	31	24	20	28	27	24	30	21	28	211
8150	24	24	22	21	17	26	31	31	24	20	28	27	24	30	20	28	208
8200	24	24	22	21	17	26	31	31	24	20	28	27	24	30	20	28	208
8250	24	24	22	21	17	26	31	31	24	20	28	26	24	30	20	28	209
8300	23	24	22	21	17	26	31	31	24	21	29	27	24	30	20	28	211
8350	24	24	22	21	17	27	31	31	24	21	28	27	24	29	20	28	209
8400	24	24	22	22	17	28	31	31	24	21	28	27	24	29	20	28	209
8450	24	24	22	22	17	28	31	31	23	21	28	28	24	31	20	28	210
8500	25	23	22	22	17	28	30	31	23	21	28	28	24	31	20	28	209
8550	25	23	22	21	17	28	29	31	23	21	29	28	24	31	20	27	210
8600	25	23	22	20	17	28	30	31	24	21	29	28	24	30	20	27	209
8650	25	23	22	20	17	28	30	31	24	21	29	28	24	31	20	27	209
8700	25	23	22	19	17	28	31	31	24	22	30	28	24	31	20	27	211
8750	25	23	22	20	17	28	31	31	24	22	30	28	23	31	20	27	210
8800	26	23	22	19	17	28	31	31	24	22	31	29	23	30	20	27	210
8850	26	23	22	20	17	28	31	31	23	22	31	29	23	30	20	27	211
8900	25	23	22	22	16	28	31	31	24	22	31	29	23	30	21	27	212
8950	25	23	22	22	16	28	31	31	23	22	31	29	23	31	21	27	213
9000	25	23	21	22	16	28	30	31	23	22	31	30	23	31	21	27	214
9050	26	23	21	22	16	28	30	31	24	22	31	30	24	31	21	27	215
9100	26	23	21	24	16	29	30	31	24	22	31	30	24	31	21	27	217
9150	26	23	21	24	16	28	30	31	24	22	31	30	24	31	21	27	216
9200	26	23	21	23	16	28	30	31	25	22	31	30	24	30	21	27	216
9250	26	23	21	23	16	29	30	31	25	22	31	31	23	30	21	27	217
9300	28	23	21	23	16	29	30	31	26	22	31	31	23	30	21	27	220
9350	28	23	21	24	16	29	30	31	27	22	31	31	23	30	21	27	221
9400	28	23	21	25	16	29	30	31	28	22	31	31	24	30	21	27	223
9450	28	23	21	25	16	29	30	31	28	22	31	31	23	31	20	27	222
9500	28	23	21	25	16	29	30	31	28	22	31	32	23	32	20	27	224
9550	29	23	21	25	16	29	30	31	28	22	32	32	24	32	20	27	226
9600	29	23	21	25	16	29	30	31	28	23	32	33	24	34	20	27	227
9650	29	23	22	25	16	29	29	31	28	23	32	33	24	34	20	27	226
9700	29	23	22	25	16	29	29	31	28	23	32	32	24	34	20	27	227
9750	29	23	22	26	16	29	29	31	28	23	32	32	24	34	20	27	228
9800	29	23	21	26	16	29	29	31	28	23	33	31	24	34	20	27	228
9850	29	23	21	26	16	29	29	31	28	23	34	31	24	34	20	27	228
9900	29	23	21	27	16	28	29	31	28	23	34	32	23	35	20	27	227
9950	29	23	20	27	16	28	29	31	28	23	34	32	23	35	20	27	227
10000	29	23	20	27	16	28	29	31	28	23	34	32	23	35	20	27	226
10050	29	23	20	27	16	28	29	31	28	23	34	32	23	35	20	27	226
10100	29	23	20	28	16	28	29	31	29	23	36	32	24	35	20	27	228
10150	29	23	20	29	16	28	29	31	29	23	36	32	25	36	20	27	229
10200	29	23	20	29	16	28	29	31	29	23	36	31	25	36	20	27	226
10250	29	23	20	29	16	28	29	31	29	23	35	31	27	36	20	27	226
10300	30	23	20	29	16	25	29	31	29	23	36	30	30	36	20	27	226
10350	30	23	20	29	16	25	30	31	29	23	36	30	30	36	20	27	227
10400	30	23	20	29	16	25	30	31	29	23	36	30	30	36	20	27	227
10450	30	23	20	29	16	25	30	31	29	23	35	30	30	36	20	27	226
10500	30	23	20	29	16	25	30	31	29	23	35	30	31	36	20	27	226
10550	30	23	20	29	16	25	30	31	29	23	35	30	31	38	20	27	227
10600	30	23	20	29	16	25	30	31	29	23	35	30	33	38	20	27	227
10650	30	23	20	28	16	25	30	32	29	23	35	30	32	38	20	27	226
10700	30	23	20	28	16	25	30	32	29	23	35	30	31	38	20	27	225
10750	30	24	20	28	16	25	30	32	29	23	35	30	30	38	20	27	224
10800	30	24	20	28	16	24	29	32	29	23	35	30	32	38	20	27	224
10850	30	24	20	28	16	24	29	32	29	23	34	30	32	38	20	27	222
10900	30	23	20	28	16	24	29	32	28	23	34	30	33	38	20	27	222
10950	30	23	20	28	16	24	29	34	28	23	32	30	33	39	20	26	222
11000	30	24	20	28	16	24	29	34	28	23	32	29	34	40	19	26	221
11050	30	24	20	28	16	24	29	34	28	23	32	29	34	39	19	26	220
11100	30	24	20	28	16	24	29	34	28	23	32	29	34	39	19	26	220
11150	30	23	20	28	16	24	29	33	28	23	33	29	32	38	19	26	214
11200	30	23	20	28	16	24	29	34	27	23	33	29	32	38	19	26	212
11250	29	23	20	27	15	24	30	35	28	23	33	27	32	38	19	26	210
11300	29	23	20	27	15	24	30	34	28	23	33	27	32	38	20	26	209
11350	29	22	20	27	16	25	30	32	28	23	33	27	32	38	20	25	205
11400	29	22	20	26	16	26	30	33	28	23	33	27	32	38	22	25	205
11450	29	22	20	26	16	26	30	34	28	23	32	27	32	38	22	25	204
11500	29	22	20	25	16	26	30	35	29	23	32	27	32	38	22	25	204
11550	29	22	20	26	17	26	30	36	29	23	32	27	32	38	22	25	204
11600	29	22	20	27	17	26	30	36	29	23	32	26	32	38	22	25	204
11650	29	22	20	27	17	26	29	36	29	23	32	26	32	38	22	25	203
11700	29	22	20	27	17	26	29	36	29	23	32	26	32	38	23	25	205
11750	29	22	20	27	17	25	29	36	29	23	31	26	32	38	22	25	204
11800	28	22	20	27	17	25	29	35	29	23	30	26	32	38	23	25	203
11850	28	22	20	27	17	26	29	35	29	23	30	26	31	38	25	25	204
11900	29	22	20	27	17	25	29	35	29	23	30	26	31	38	26	25	205
11950	29	22	20	27	17	26	29	34	30	23	30	25	31	37	27	25	207
12000	29	22	20	27	17	25	29	34	30	23	30	23	30	37	27	25	206
12050	29	22	20	27	17	25	29	34	30	23	30	23	30	37	28	25	207
12100	29	22	20	28	17	25	29	34	30	22	30	23	30	37	30	25	208
12150	29	22	20	28	17	25	29	34	30	22	30	23	30	37	30	25	207
12200	29	23	20	28	17	26	29	34	30	22	30	23	31	37	31	25	210
12250	29	23	20	28	16	26	29	34	30	22	30	22	31	37	30	25	208
12300	29	22	20	28	17	26	29	32	30	22	30	22	31	37	30	25	207
12350	29	22	20	28	17	26	29	32	30	22	30	22	31	37	30	25	206
12400	29	22	20	27	17	26	29	31	30	22	30	22	31	37	31	25	205
12450	29	22	20	28	17	25	29	31	30	22	30	22	31	37	31	25	206
12500	29	22	20	29	17	25	29	30	30	22	30	22	31	36	31	25	205
12550	28	22	20	29	17	24	29	30	30	22	30	22	30	36	30	25	202
12600	28	22	20	29	17	25	29	29	30	22	29	22	30	36	31	25	201
12650	28	22	20	31	17	26	29	29	30	22	29	22	30	36	31	25	203
12700	29	22	20	32	17	26	29	29	30	22	29	21	30	36	30	25	204
12750	29	22	19	32	17	25	29	29	30	22	29	21	30	36	30	25	202
12800	29	23	19	33	17	25	29	29	30	22	29	21	30	36	30	25	203
12850	29	23	19	33	17	25	29	28	30	22	29	23	30	36	32	25	207
12900	29	23	19	33	17	26	29	28	30	22	28	23	29	36	31	25	204
12950	28	23	20	34	17	26	29	28	29	22	28	24	29	36	30	25	205
13000	28	23	20	35	17	26	29	28	29	22	28	25	28	36	30	25	203
13050	28	23	20	36	17	27	29	28	29	22	28	25	28	36	30	25	203
13100	28	23	20	36	17	27	28	29	29	22	28	25	28	36	30	25	200
13150	25	23	20	36	16	28	28	29	29	22	28	25	28	36	30	25	201
13200	25	23	20	36	16	28	28	29	30	22	28	25	28	36	30	25	203
13250	25	23	20	37	16	28	28	29	30	22	29	26	28	36	29	25	205
13300	25	21	20	38	16	28	28	29	30	22	29	26	28	36	29	25	205
13350	25	21	20	37	16	27	28	29	30	22	29	26	27	36	29	25	203
13400	25	20	20	37	16	27	27	29	30	22	29	27	27	36	28	25	201
13450	25	20	20	37	15	26	27	29	30	22	29	28	28	36	28	25	201
13500	25	20	20	36	15	26	27	30	30	22	28	28	28	35	28	25	200
13550	25	20	20	35	15	26	27	30	30	22	28	30	28	35	28	25	199
13600	25	20	20	34	15	26	27	31	30	22	28	31	28	35	28	25	201
13650	25	20	20	34	15	26	27	31	30	22	28	31	28	35	28	25	201
13700	25	20	20	33	15	26	27	31	30	22	27	30	28	34	28	25	199
13750	25	20	20	33	15	26	27	31	30	22	27	30	28	34	28	25	199
13800	25	19	20	33	15	26	27	31	30	22	27	30	28	34	28	25	198
13850	25	19	20	33	15	26	27	31	30	22	27	30	28	34	28	25	197
13900	25	19	20	33	15	26	27	31	30	22	27	29	27	34	29	25	195
13950	25	19	19	34	15	26	27	31	30	22	27	29	26	34	29	25	194
14000	25	19	19	34	15	26	27	31	30	22	27	30	25	34	27	25	191
14050	25	19	19	34	15	26	27	30	30	22	27	30	25	34	27	25	191
14100	25	19	19	34	15	26	24	30	30	22	27	30	25	33	27	25	190
14150	24	19	19	34	15	26	23	30	30	22	27	30	25	33	27	25	189
14200	24	19	19	34	15	26	22	30	30	22	27	30	25	32	26	25	185
14250	23	19	19	34	15	26	22	30	30	22	27	29	25	32	26	25	184
14300	24	19	19	34	15	26	22	30	30	22	27	29	25	32	26	25	186
14350	24	18	19	34	15	26	22	30	30	22	27	28	25	32	26	25	184
14400	25	18	19	34	15	26	22	29	30	22	27	28	25	32	26	25	183
14450	25	18	19	34	15	26	22	29	30	22	27	28	25	32	26	24	181
14500	25	18	19	33	15	26	24	29	30	22	27	28	25	32	26	24	181
14550	26	18	19	32	15	26	24	29	30	22	27	28	25	32	26	24	183
14600	27	18	19	32	15	26	24	29	30	22	27	28	25	32	26	24	184
14650	28	17	19	32	15	26	25	28	30	22	27	28	25	32	26	24	185
14700	28	17	19	33	15	25	25	29	30	22	27	28	25	32	26	24	185
14750	28	17	19	33	15	25	25	29	29	22	27	28	25	31	26	24	184
14800	27	17	19	33	15	24	25	29	29	22	27	28	25	31	26	24	184
14850	26	17	19	33	15	24	25	29	29	22	26	26	25	31	26	24	183
14900	26	17	19	33	15	24	25	29	29	22	26	26	25	31	26	24	182
14950	26	17	19	32	15	24	26	29	28	22	26	26	25	31	26	24	180
15000	26	17	19	32	15	24	26	30	28	22	26	26	25	30	26	23	178
15050	26	17	19	31	16	24	26	29	28	22	26	25	25	31	25	23	177
15100	26	17	19	31	16	24	27	30	28	22	26	25	25	31	25	23	179
15150	26	17	19	32	18	24	28	30	28	22	26	25	25	31	25	23	180
15200	26	17	19	33	18	24	28	31	28	22	26	24	25	31	24	23	182
15250	26	17	19	34	18	24	28	31	28	22	26	26	25	31	24	23	185
15300	27	17	19	34	18	24	28	31	28	22	26	26	25	32	24	23	188
15350	27	17	19	34	18	24	28	31	28	22	25	26	25	32	24	23	188
15400	27	17	19	34	19	24	28	32	28	22	25	26	25	33	24	23	190
15450	27	17	19	34	19	24	28	32	28	22	25	26	25	32	24	23	190
15500	27	17	19	34	20	24	29	32	28	22	25	26	24	33	24	23	192
15550	27	17	18	34	20	24	29	32	28	22	25	26	24	34	24	23	190
15600	27	17	18	34	20	23	29	32	28	22	25	26	23	34	23	23	187
15650	27	17	18	34	19	23	29	32	28	22	25	26	23	34	23	23	186
15700	27	17	18	33	19	23	28	32	28	22	25	26	23	34	23	23	186
15750	27	17	18	33	19	23	28	32	28	22	25	26	23	34	23	23	186
15800	27	17	18	33	19	23	29	32	28	22	25	27	22	34	23	23	188
15850	27	17	18	33	19	23	29	32	28	22	25	26	22	34	23	23	188
15900	27	17	18	33	20	23	29	32	28	22	25	26	22	34	23	23	190
15950	27	17	18	33	20	23	29	33	28	22	25	26	22	34	23	23	191
16000	27	17	18	32	20	23	28	34	28	22	25	26	22	34	23	23	191
16050	27	17	18	32	20	23	28	34	27	22	24	26	21	35	23	23	192
16100	27	17	18	31	20	23	28	33	27	22	22	26	21	35	23	23	187
16150	27	17	18	31	20	24	28	33	27	22	22	26	21	35	23	23	187
16200	27	17	18	31	20	24	28	33	26	22	22	26	21	36	23	23	187
16250	26	17	18	31	20	24	28	33	26	22	22	26	21	36	23	23	187
16300	26	17	18	31	20	23	28	33	26	22	22	26	21	37	23	23	186
16350	27	17	18	31	20	23	28	32	26	22	22	26	21	38	23	23	186
16400	27	17	18	31	20	23	28	32	26	22	22	26	21	38	23	23	185
16450	27	17	18	31	20	23	28	32	26	22	22	26	21	39	23	23	185
16500	27	17	18	31	20	23	28	32	26	22	22	26	21	39	23	23	185
16550	27	17	18	31	20	23	28	32	26	22	22	26	20	39	23	23	184
16600	27	17	18	32	20	23	27	32	26	22	22	26	19	38	23	23	182
16650	27	17	18	32	20	23	28	32	26	22	22	24	19	38	23	23	182
16700	27	17	18	32	20	23	27	32	26	22	22	23	19	38	23	23	180
16750	27	17	18	32	20	23	27	32	26	22	22	22	19	38	23	23	179
16800	27	17	18	32	20	23	27	32	26	22	22	22	19	38	23	23	178
16850	27	17	18	32	20	23	27	32	26	22	22	22	19	39	22	23	178
16900	27	17	18	32	20	23	28	32	25	22	22	22	19	40	22	23	177
16950	27	17	18	32	20	23	28	32	25	22	21	22	19	40	22	23	178
17000	27	17	18	32	20	23	28	32	25	22	21	22	19	40	22	23	178
17050	27	17	18	32	20	23	28	32	25	22	22	22	19	41	22	23	179
17100	27	17	18	32	20	23	28	32	25	22	23	22	19	43	22	23	181
17150	27	17	18	32	20	23	28	32	25	22	22	22	19	44	22	23	180
17200	27	17	18	31	20	23	28	32	25	22	22	22	18	44	22	23	178
17250	27	16	18	32	19	23	28	32	25	22	21	22	17	44	22	23	178
17300	27	16	18	32	19	23	28	32	25	22	22	21	16	43	22	23	178
17350	27	16	18	32	19	23	28	32	25	22	23	21	16	43	22	23	178
17400	27	16	18	32	20	23	28	32	25	22	23	21	16	42	22	23	177
17450	27	16	18	32	20	22	28	32	25	21	23	21	16	42	22	23	176
17500	27	16	18	32	20	22	28	32	25	21	23	21	16	43	22	23	178
17550	27	16	18	32	21	22	28	32	25	21	23	21	16	43	22	23	178
17600	27	16	18	32	21	22	28	32	25	21	23	21	16	43	22	23	176
17650	27	16	18	32	21	22	28	32	25	21	23	21	16	43	21	22	175
17700	27	17	18	32	21	22	28	31	25	21	23	21	16	44	21	22	174
17750	27	17	18	32	19	22	28	31	25	21	23	21	16	44	21	22	172
17800	27	17	18	33	19	21	28	31	25	21	23	21	16	44	21	22	174
17850	27	19	18	33	19	21	29	31	25	21	23	21	16	44	21	22	177
17900	27	19	18	33	19	21	30	31	25	21	23	21	17	44	21	22	176
17950	27	18	18	33	19	21	30	31	25	21	23	21	17	45	21	22	176
18000	27	18	18	33	19	21	30	31	26	21	23	21	17	45	21	22	176
18050	27	18	18	33	20	21	30	31	26	21	24	21	17	44	21	22	178
18100	27	18	18	33	21	21	30	31	26	21	23	21	17	44	21	22	179
18150	27	19	18	33	21	21	29	31	26	21	24	21	17	45	21	22	179
18200	27	20	18	32	21	21	29	30	26	21	24	21	17	44	21	22	179
18250	27	20	18	32	20	21	30	30	26	21	24	21	17	44	21	22	180
18300	27	20	18	32	20	21	30	30	26	21	23	21	17	44	21	22	179
18350	27	20	18	32	20	21	30	30	26	21	23	21	17	45	20	22	178
18400	27	21	18	32	21	21	30	29	26	21	23	21	17	45	20	22	180
18450	27	22	18	32	21	21	29	29	26	21	23	21	17	46	20	22	181
18500	27	23	18	32	22	21	29	28	26	21	23	21	17	46	19	22	179
18550	27	22	17	31	22	21	29	29	26	21	23	21	17	46	19	22	176
18600	27	22	17	31	21	21	29	29	26	21	23	21	17	46	18	22	176
18650	27	22	17	31	21	21	29	29	26	21	23	20	17	46	18	22	174
18700	27	22	17	31	21	21	30	29	26	21	23	20	17	46	18	22	175
18750	27	22	17	31	21	21	30	29	26	21	23	20	17	46	18	22	175
18800	26	22	17	31	20	21	30	29	26	21	23	19	17	46	18	22	173
18850	26	22	17	31	21	21	30	29	26	21	23	19	17	46	18	22	173
18900	26	22	17	31	21	21	30	29	25	21	23	19	17	46	18	22	172
18950	26	22	17	31	21	21	30	29	25	21	23	19	17	46	18	22	172
19000	26	22	17	31	21	21	30	29	25	21	23	19	17	46	18	22	172
19050	26	22	17	31	21	21	30	28	25	21	23	19	17	44	18	22	170
19100	25	22	16	31	21	21	30	28	25	21	23	20	17	44	18	22	169
19150	25	22	16	31	21	21	29	28	24	21	23	20	17	44	18	22	167
19200	25	22	16	31	21	21	28	28	24	21	23	20	17	44	18	22	167
19250	25	22	16	31	21	21	29	28	24	21	23	20	17	44	18	22	168
19300	25	22	16	31	21	21	29	28	24	21	23	20	17	44	18	22	168
19350	25	22	16	31	22	21	29	28	24	21	23	22	17	44	18	22	171
19400	25	23	16	31	23	21	29	28	24	21	23	22	17	43	18	22	173
19450	25	23	16	31	22	21	28	27	24	21	23	22	17	43	18	22	171
19500	25	23	16	31	22	21	28	27	24	21	23	22	17	43	18	22	172
19550	25	23	16	31	23	21	28	27	24	21	23	22	17	42	18	22	171
19600	25	23	16	30	23	20	28	27	24	21	23	22	17	42	18	22	170
19650	25	24	16	30	22	20	28	27	24	21	23	22	17	41	18	22	168
19700	25	24	16	30	22	20	28	28	24	21	23	23	17	41	18	22	169
19750	25	24	16	30	23	20	27	28	24	21	23	23	17	41	18	22	169
19800	25	24	16	30	23	20	26	27	24	21	23	23	17	41	18	22	169
19850	25	24	16	30	24	20	26	27	24	21	23	23	17	41	18	22	170
19900	25	24	16	30	24	20	26	26	24	21	23	23	17	41	18	22	169
19950	25	24	16	30	24	20	26	26	24	21	23	23	17	41	18	22	169
20000	25	23	16	30	24	20	26	26	24	21	23	24	17	41	18	22	169
