0	0.0	0.0	0.0	0.0	0.0	0.0	0.0	0.0	0.0	0.0	0.0	0.0	0.0	0.0	0.0	0.0
50	0.0	0.0	0.0	0.0	0.0	0.0	0.0	0.0	0.0	0.0	0.0	0.0	0.0	0.0	0.0	0.0
100	0.0	0.0	0.0	0.0	0.0	0.0	0.0	0.0	0.0	0.0	0.0	0.0	0.0	0.0	0.0	0.0
150	0.0	0.0	0.0	0.0	0.0714285714286	0.0	0.0	0.0	0.0	0.0526315789474	0.0	0.0714285714286	0.0588235294118	0.0	0.0	0.0
200	0.0333333333333	0.0	0.0	0.05	0.0555555555556	0.0	0.0	0.0384615384615	0.0	0.0357142857143	0.0	0.0555555555556	0.08	0.03125	0.0454545454545	0.0
250	0.0294117647059	0.0	0.0	0.103448275862	0.0454545454545	0.0333333333333	0.0	0.0333333333333	0.0344827586207	0.0512820512821	0.0	0.0869565217391	0.133333333333	0.0294117647059	0.133333333333	0.025641025641
300	0.025	0.04	0.0	0.114285714286	0.0714285714286	0.0540540540541	0.0555555555556	0.0555555555556	0.0882352941176	0.0833333333333	0.025641025641	0.0740740740741	0.147058823529	0.0769230769231	0.102564102564	0.0238095238095
350	0.0425531914894	0.04	0.047619047619	0.166666666667	0.0588235294118	0.0434782608696	0.0714285714286	0.046511627907	0.0714285714286	0.1	0.0681818181818	0.0645161290323	0.146341463415	0.0888888888889	0.0869565217391	0.063829787234
400	0.04	0.04	0.0416666666667	0.166666666667	0.0425531914894	0.04	0.0666666666667	0.04	0.0625	0.1	0.08	0.0526315789474	0.14	0.102040816327	0.08	0.06
450	0.06	0.08	0.1	0.16	0.04	0.06	0.0816326530612	0.04	0.06	0.12	0.1	0.047619047619	0.16	0.1	0.08	0.06
500	0.06	0.08	0.14	0.18	0.06	0.06	0.12	0.06	0.06	0.2	0.12	0.0425531914894	0.2	0.1	0.08	0.1
550	0.08	0.1	0.14	0.2	0.06	0.06	0.16	0.1	0.12	0.2	0.16	0.06	0.2	0.1	0.1	0.12
600	0.16	0.12	0.14	0.2	0.1	0.12	0.16	0.16	0.18	0.18	0.16	0.08	0.22	0.14	0.08	0.16
650	0.2	0.12	0.18	0.2	0.1	0.12	0.18	0.14	0.14	0.14	0.14	0.08	0.24	0.14	0.04	0.2
700	0.2	0.1	0.22	0.26	0.14	0.14	0.2	0.14	0.18	0.14	0.12	0.08	0.22	0.12	0.06	0.22
750	0.24	0.12	0.2	0.28	0.14	0.16	0.2	0.16	0.18	0.18	0.1	0.1	0.24	0.12	0.08	0.22
800	0.24	0.14	0.22	0.28	0.18	0.18	0.22	0.16	0.2	0.16	0.1	0.14	0.28	0.12	0.1	0.28
850	0.28	0.16	0.22	0.32	0.2	0.22	0.16	0.18	0.2	0.12	0.14	0.16	0.3	0.12	0.1	0.3
900	0.22	0.18	0.22	0.36	0.2	0.24	0.2	0.16	0.22	0.12	0.16	0.16	0.26	0.12	0.1	0.3
950	0.22	0.16	0.26	0.4	0.2	0.26	0.24	0.18	0.22	0.14	0.22	0.2	0.32	0.12	0.14	0.26
1000	0.2	0.14	0.28	0.4	0.2	0.22	0.24	0.14	0.22	0.2	0.24	0.22	0.26	0.14	0.2	0.2
1050	0.22	0.14	0.26	0.42	0.14	0.26	0.24	0.1	0.22	0.24	0.26	0.24	0.24	0.18	0.28	0.18
1100	0.22	0.18	0.3	0.4	0.18	0.28	0.2	0.12	0.22	0.22	0.3	0.24	0.22	0.26	0.26	0.2
1150	0.28	0.18	0.3	0.38	0.2	0.26	0.26	0.12	0.24	0.2	0.3	0.26	0.3	0.28	0.3	0.18
1200	0.28	0.2	0.3	0.4	0.18	0.26	0.3	0.14	0.28	0.24	0.32	0.3	0.26	0.3	0.34	0.16
1250	0.32	0.18	0.32	0.4	0.26	0.24	0.3	0.14	0.3	0.22	0.32	0.3	0.3	0.34	0.32	0.2
1300	0.32	0.2	0.32	0.4	0.3	0.26	0.3	0.18	0.34	0.24	0.32	0.32	0.34	0.36	0.36	0.22
1350	0.34	0.26	0.38	0.34	0.32	0.26	0.3	0.2	0.32	0.18	0.32	0.34	0.32	0.36	0.34	0.22
1400	0.32	0.28	0.36	0.34	0.32	0.26	0.28	0.16	0.3	0.2	0.28	0.34	0.4	0.38	0.32	0.24
1450	0.36	0.32	0.36	0.28	0.36	0.26	0.26	0.2	0.32	0.18	0.28	0.34	0.42	0.3	0.34	0.2
1500	0.34	0.32	0.38	0.3	0.38	0.26	0.28	0.24	0.32	0.26	0.32	0.32	0.36	0.3	0.28	0.18
1550	0.4	0.26	0.4	0.3	0.34	0.26	0.32	0.2	0.28	0.24	0.28	0.32	0.38	0.26	0.28	0.2
1600	0.38	0.28	0.4	0.32	0.42	0.3	0.4	0.22	0.28	0.28	0.3	0.3	0.36	0.24	0.28	0.18
1650	0.36	0.28	0.36	0.3	0.36	0.34	0.34	0.28	0.3	0.3	0.32	0.22	0.38	0.24	0.28	0.16
1700	0.34	0.28	0.36	0.28	0.36	0.34	0.34	0.3	0.3	0.28	0.3	0.22	0.32	0.28	0.32	0.18
1750	0.32	0.26	0.42	0.32	0.36	0.34	0.32	0.24	0.32	0.32	0.3	0.22	0.38	0.28	0.34	0.2
1800	0.34	0.24	0.4	0.32	0.34	0.34	0.3	0.24	0.28	0.3	0.36	0.2	0.4	0.3	0.38	0.28
1850	0.34	0.3	0.42	0.36	0.4	0.34	0.34	0.3	0.32	0.3	0.34	0.2	0.38	0.3	0.38	0.28
1900	0.38	0.4	0.4	0.38	0.44	0.36	0.4	0.3	0.34	0.34	0.34	0.24	0.32	0.3	0.4	0.34
1950	0.4	0.36	0.42	0.38	0.46	0.34	0.44	0.32	0.34	0.32	0.38	0.3	0.44	0.34	0.4	0.34
2000	0.4	0.42	0.46	0.42	0.46	0.38	0.46	0.32	0.34	0.34	0.4	0.3	0.46	0.4	0.38	0.38
2050	0.4	0.52	0.46	0.44	0.44	0.34	0.44	0.36	0.3	0.36	0.42	0.3	0.46	0.4	0.34	0.4
2100	0.44	0.54	0.4	0.48	0.44	0.34	0.42	0.36	0.3	0.38	0.44	0.34	0.44	0.42	0.34	0.42
2150	0.46	0.56	0.36	0.48	0.46	0.3	0.4	0.34	0.32	0.4	0.42	0.32	0.42	0.4	0.34	0.42
2200	0.48	0.54	0.44	0.48	0.46	0.38	0.4	0.36	0.4	0.4	0.4	0.32	0.38	0.42	0.36	0.4
2250	0.48	0.46	0.46	0.46	0.4	0.32	0.4	0.36	0.38	0.36	0.42	0.34	0.4	0.42	0.42	0.42
2300	0.5	0.54	0.46	0.44	0.38	0.28	0.4	0.36	0.4	0.34	0.42	0.34	0.42	0.42	0.4	0.4
2350	0.44	0.56	0.42	0.42	0.32	0.28	0.42	0.38	0.44	0.36	0.46	0.34	0.42	0.4	0.4	0.44
2400	0.5	0.6	0.42	0.38	0.3	0.32	0.38	0.4	0.48	0.38	0.48	0.32	0.36	0.34	0.4	0.44
2450	0.48	0.56	0.42	0.36	0.36	0.3	0.3	0.42	0.48	0.4	0.48	0.28	0.32	0.34	0.36	0.46
2500	0.52	0.44	0.46	0.32	0.36	0.28	0.3	0.42	0.5	0.36	0.48	0.3	0.38	0.32	0.38	0.42
2550	0.5	0.42	0.44	0.28	0.36	0.22	0.28	0.4	0.44	0.34	0.5	0.28	0.36	0.36	0.34	0.46
2600	0.48	0.48	0.44	0.28	0.34	0.28	0.3	0.42	0.38	0.36	0.48	0.3	0.36	0.36	0.3	0.44
2650	0.5	0.48	0.46	0.34	0.34	0.28	0.3	0.42	0.36	0.32	0.5	0.34	0.36	0.36	0.34	0.42
2700	0.48	0.5	0.42	0.3	0.42	0.34	0.34	0.36	0.28	0.32	0.48	0.3	0.38	0.38	0.36	0.4
2750	0.46	0.46	0.44	0.34	0.38	0.36	0.36	0.34	0.3	0.3	0.46	0.26	0.4	0.42	0.44	0.38
2800	0.46	0.42	0.42	0.38	0.34	0.38	0.32	0.36	0.36	0.24	0.5	0.22	0.4	0.38	0.44	0.36
2850	0.42	0.4	0.4	0.32	0.38	0.42	0.32	0.38	0.3	0.3	0.48	0.26	0.38	0.4	0.44	0.38
2900	0.4	0.44	0.42	0.36	0.36	0.44	0.34	0.36	0.38	0.32	0.42	0.3	0.44	0.42	0.46	0.4
2950	0.36	0.42	0.38	0.42	0.36	0.44	0.34	0.36	0.36	0.42	0.38	0.28	0.44	0.42	0.48	0.38
3000	0.3	0.42	0.38	0.38	0.38	0.4	0.36	0.44	0.32	0.44	0.36	0.32	0.52	0.42	0.5	0.34
3050	0.32	0.34	0.34	0.38	0.38	0.38	0.38	0.44	0.34	0.52	0.34	0.34	0.52	0.42	0.48	0.36
3100	0.32	0.34	0.4	0.44	0.48	0.4	0.38	0.48	0.38	0.52	0.4	0.36	0.54	0.4	0.46	0.42
3150	0.28	0.4	0.42	0.44	0.46	0.4	0.36	0.48	0.38	0.46	0.36	0.32	0.52	0.4	0.44	0.4
3200	0.3	0.42	0.42	0.46	0.48	0.4	0.34	0.46	0.3	0.44	0.34	0.34	0.54	0.36	0.38	0.38
3250	0.26	0.4	0.48	0.48	0.52	0.36	0.3	0.46	0.32	0.38	0.4	0.36	0.58	0.34	0.4	0.34
3300	0.28	0.42	0.44	0.44	0.48	0.36	0.32	0.4	0.34	0.32	0.44	0.38	0.62	0.3	0.4	0.28
3350	0.3	0.42	0.38	0.4	0.46	0.38	0.34	0.38	0.36	0.34	0.42	0.34	0.64	0.3	0.36	0.22
3400	0.26	0.44	0.36	0.44	0.5	0.38	0.36	0.36	0.36	0.36	0.46	0.34	0.62	0.28	0.4	0.24
3450	0.26	0.46	0.38	0.42	0.56	0.4	0.4	0.32	0.36	0.26	0.46	0.3	0.56	0.3	0.4	0.26
3500	0.26	0.42	0.4	0.38	0.52	0.42	0.38	0.32	0.34	0.3	0.44	0.38	0.58	0.28	0.4	0.26
3550	0.26	0.42	0.38	0.42	0.52	0.38	0.38	0.34	0.4	0.3	0.42	0.36	0.62	0.28	0.4	0.24
3600	0.24	0.42	0.28	0.46	0.52	0.32	0.42	0.3	0.4	0.32	0.42	0.36	0.64	0.34	0.4	0.28
3650	0.28	0.36	0.28	0.42	0.44	0.34	0.42	0.28	0.42	0.28	0.42	0.36	0.62	0.36	0.4	0.3
3700	0.3	0.38	0.36	0.46	0.44	0.34	0.48	0.3	0.42	0.3	0.34	0.42	0.62	0.38	0.4	0.36
3750	0.34	0.36	0.44	0.5	0.46	0.38	0.44	0.36	0.46	0.34	0.38	0.42	0.56	0.4	0.48	0.36
3800	0.36	0.32	0.5	0.54	0.48	0.38	0.38	0.38	0.5	0.36	0.4	0.46	0.56	0.42	0.46	0.4
3850	0.36	0.34	0.48	0.5	0.44	0.4	0.4	0.36	0.46	0.36	0.44	0.44	0.56	0.44	0.46	0.36
3900	0.42	0.42	0.48	0.44	0.46	0.36	0.38	0.36	0.52	0.4	0.52	0.46	0.52	0.48	0.46	0.36
3950	0.38	0.46	0.46	0.42	0.44	0.34	0.38	0.32	0.52	0.46	0.54	0.44	0.5	0.56	0.46	0.32
4000	0.42	0.5	0.48	0.48	0.48	0.32	0.38	0.32	0.5	0.48	0.58	0.44	0.54	0.48	0.46	0.32
4050	0.4	0.52	0.48	0.5	0.52	0.32	0.38	0.36	0.48	0.48	0.6	0.46	0.52	0.5	0.4	0.32
4100	0.4	0.54	0.4	0.5	0.58	0.32	0.4	0.34	0.44	0.46	0.62	0.44	0.48	0.46	0.36	0.3
4150	0.44	0.5	0.38	0.5	0.58	0.28	0.4	0.32	0.42	0.4	0.58	0.46	0.5	0.46	0.32	0.3
4200	0.42	0.48	0.36	0.48	0.52	0.26	0.32	0.32	0.38	0.4	0.54	0.42	0.46	0.48	0.28	0.26
4250	0.42	0.48	0.36	0.38	0.5	0.24	0.34	0.3	0.36	0.4	0.5	0.38	0.48	0.5	0.24	0.3
4300	0.4	0.42	0.32	0.42	0.5	0.28	0.36	0.28	0.36	0.38	0.42	0.38	0.44	0.54	0.24	0.34
4350	0.46	0.44	0.32	0.46	0.52	0.26	0.36	0.34	0.36	0.42	0.46	0.38	0.44	0.52	0.22	0.36
4400	0.52	0.36	0.34	0.46	0.52	0.28	0.36	0.34	0.34	0.4	0.42	0.38	0.42	0.5	0.28	0.34
4450	0.46	0.4	0.36	0.46	0.54	0.3	0.38	0.28	0.3	0.42	0.4	0.36	0.38	0.48	0.28	0.32
4500	0.44	0.44	0.4	0.44	0.52	0.32	0.38	0.3	0.36	0.44	0.44	0.38	0.4	0.46	0.3	0.28
4550	0.44	0.44	0.38	0.46	0.52	0.32	0.32	0.32	0.38	0.44	0.46	0.36	0.4	0.46	0.34	0.3
4600	0.36	0.5	0.38	0.48	0.58	0.32	0.36	0.3	0.4	0.4	0.46	0.38	0.4	0.46	0.32	0.3
4650	0.36	0.5	0.34	0.52	0.56	0.36	0.38	0.28	0.4	0.4	0.46	0.42	0.4	0.42	0.34	0.34
4700	0.34	0.54	0.34	0.52	0.58	0.36	0.38	0.3	0.44	0.38	0.44	0.4	0.44	0.44	0.38	0.32
4750	0.32	0.6	0.36	0.54	0.52	0.28	0.36	0.26	0.44	0.34	0.46	0.4	0.48	0.4	0.36	0.36
4800	0.28	0.6	0.42	0.5	0.5	0.34	0.34	0.26	0.46	0.32	0.48	0.4	0.48	0.4	0.4	0.38
4850	0.24	0.62	0.38	0.5	0.44	0.36	0.34	0.34	0.4	0.3	0.46	0.38	0.46	0.38	0.38	0.42
4900	0.26	0.62	0.46	0.54	0.46	0.36	0.36	0.32	0.4	0.26	0.46	0.38	0.46	0.42	0.4	0.46
4950	0.3	0.62	0.46	0.5	0.44	0.34	0.32	0.36	0.4	0.24	0.44	0.36	0.44	0.5	0.44	0.5
5000	0.26	0.56	0.46	0.48	0.44	0.38	0.32	0.36	0.4	0.28	0.4	0.36	0.5	0.52	0.52	0.48
5050	0.3	0.56	0.48	0.46	0.42	0.36	0.3	0.4	0.38	0.26	0.36	0.38	0.48	0.5	0.48	0.48
5100	0.34	0.48	0.52	0.5	0.42	0.4	0.34	0.4	0.34	0.32	0.38	0.38	0.46	0.5	0.5	0.48
5150	0.36	0.46	0.48	0.48	0.42	0.42	0.34	0.4	0.4	0.32	0.38	0.38	0.44	0.46	0.54	0.48
5200	0.42	0.4	0.56	0.44	0.5	0.38	0.38	0.38	0.46	0.3	0.42	0.4	0.48	0.48	0.56	0.48
5250	0.42	0.38	0.52	0.54	0.5	0.4	0.4	0.38	0.5	0.3	0.46	0.42	0.44	0.48	0.6	0.48
5300	0.42	0.36	0.54	0.56	0.5	0.4	0.36	0.42	0.5	0.38	0.46	0.38	0.46	0.46	0.6	0.44
5350	0.38	0.38	0.54	0.54	0.44	0.3	0.36	0.38	0.42	0.42	0.44	0.34	0.38	0.42	0.54	0.44
5400	0.38	0.4	0.54	0.52	0.46	0.3	0.38	0.38	0.44	0.38	0.5	0.32	0.36	0.42	0.48	0.36
5450	0.4	0.4	0.54	0.52	0.48	0.3	0.48	0.3	0.5	0.36	0.54	0.32	0.4	0.44	0.56	0.38
5500	0.4	0.48	0.52	0.56	0.44	0.4	0.5	0.3	0.54	0.34	0.56	0.36	0.38	0.46	0.54	0.4
5550	0.4	0.5	0.48	0.52	0.48	0.38	0.46	0.3	0.42	0.32	0.56	0.34	0.3	0.5	0.48	0.44
5600	0.42	0.48	0.44	0.54	0.46	0.34	0.46	0.28	0.36	0.34	0.6	0.34	0.3	0.48	0.46	0.46
5650	0.4	0.48	0.44	0.56	0.48	0.34	0.46	0.28	0.32	0.36	0.62	0.32	0.28	0.48	0.52	0.44
5700	0.32	0.5	0.46	0.6	0.5	0.4	0.42	0.24	0.34	0.34	0.58	0.32	0.26	0.52	0.52	0.42
5750	0.32	0.5	0.42	0.64	0.52	0.46	0.38	0.32	0.38	0.36	0.52	0.34	0.28	0.5	0.48	0.46
5800	0.34	0.48	0.46	0.66	0.52	0.46	0.32	0.36	0.4	0.32	0.5	0.4	0.28	0.52	0.44	0.4
5850	0.4	0.48	0.54	0.64	0.54	0.4	0.36	0.36	0.38	0.34	0.5	0.4	0.34	0.48	0.5	0.36
5900	0.4	0.46	0.56	0.62	0.46	0.4	0.34	0.42	0.38	0.34	0.44	0.34	0.28	0.46	0.46	0.34
5950	0.42	0.38	0.5	0.6	0.46	0.44	0.34	0.42	0.4	0.36	0.42	0.34	0.34	0.48	0.44	0.34
6000	0.46	0.36	0.52	0.6	0.46	0.48	0.34	0.48	0.48	0.38	0.4	0.4	0.36	0.5	0.46	0.42
6050	0.46	0.42	0.48	0.56	0.48	0.5	0.38	0.44	0.56	0.4	0.44	0.42	0.38	0.5	0.42	0.46
6100	0.48	0.46	0.52	0.56	0.46	0.44	0.38	0.38	0.5	0.48	0.46	0.4	0.38	0.44	0.42	0.46
6150	0.5	0.42	0.52	0.56	0.44	0.46	0.4	0.34	0.46	0.42	0.48	0.36	0.4	0.42	0.44	0.46
6200	0.44	0.44	0.48	0.52	0.44	0.44	0.44	0.3	0.42	0.38	0.46	0.32	0.38	0.42	0.38	0.48
6250	0.44	0.4	0.44	0.56	0.44	0.42	0.44	0.36	0.36	0.42	0.44	0.34	0.48	0.42	0.38	0.46
6300	0.48	0.38	0.38	0.58	0.42	0.42	0.44	0.32	0.4	0.44	0.46	0.36	0.5	0.44	0.42	0.48
6350	0.46	0.42	0.38	0.58	0.48	0.48	0.42	0.32	0.42	0.5	0.44	0.32	0.48	0.42	0.42	0.42
6400	0.4	0.42	0.36	0.56	0.46	0.48	0.4	0.3	0.42	0.46	0.42	0.26	0.46	0.46	0.46	0.4
6450	0.44	0.38	0.36	0.58	0.5	0.38	0.44	0.32	0.36	0.5	0.44	0.3	0.46	0.54	0.5	0.44
6500	0.42	0.3	0.4	0.5	0.46	0.4	0.44	0.4	0.38	0.5	0.42	0.36	0.46	0.54	0.5	0.5
6550	0.46	0.38	0.34	0.56	0.48	0.42	0.42	0.42	0.42	0.5	0.44	0.42	0.5	0.58	0.48	0.5
6600	0.42	0.4	0.36	0.52	0.5	0.46	0.42	0.44	0.48	0.56	0.42	0.46	0.52	0.58	0.56	0.48
6650	0.38	0.36	0.4	0.48	0.46	0.48	0.42	0.46	0.44	0.6	0.46	0.44	0.48	0.58	0.54	0.5
6700	0.36	0.42	0.42	0.52	0.44	0.4	0.4	0.44	0.36	0.56	0.42	0.42	0.46	0.56	0.56	0.48
6750	0.38	0.5	0.5	0.52	0.4	0.4	0.34	0.44	0.34	0.52	0.46	0.46	0.44	0.52	0.54	0.52
6800	0.32	0.48	0.56	0.48	0.36	0.48	0.4	0.48	0.36	0.5	0.46	0.52	0.48	0.52	0.62	0.48
6850	0.34	0.46	0.56	0.56	0.36	0.5	0.42	0.46	0.4	0.48	0.44	0.52	0.48	0.48	0.6	0.48
6900	0.34	0.46	0.54	0.58	0.38	0.5	0.4	0.46	0.38	0.48	0.38	0.56	0.42	0.48	0.56	0.48
6950	0.36	0.44	0.52	0.54	0.38	0.5	0.4	0.4	0.4	0.42	0.38	0.56	0.44	0.42	0.56	0.44
7000	0.34	0.46	0.54	0.52	0.44	0.46	0.42	0.4	0.44	0.42	0.38	0.58	0.38	0.42	0.66	0.42
7050	0.4	0.46	0.52	0.46	0.5	0.4	0.38	0.38	0.44	0.38	0.42	0.58	0.36	0.44	0.58	0.44
7100	0.42	0.46	0.54	0.52	0.52	0.44	0.34	0.36	0.46	0.42	0.44	0.56	0.32	0.5	0.5	0.44
7150	0.4	0.46	0.52	0.5	0.5	0.4	0.42	0.32	0.46	0.42	0.48	0.54	0.28	0.56	0.5	0.44
7200	0.42	0.46	0.52	0.56	0.52	0.36	0.44	0.34	0.46	0.4	0.48	0.48	0.26	0.6	0.5	0.42
7250	0.38	0.42	0.48	0.54	0.48	0.34	0.38	0.34	0.46	0.36	0.46	0.46	0.24	0.58	0.54	0.42
7300	0.4	0.48	0.5	0.46	0.52	0.34	0.34	0.38	0.42	0.38	0.5	0.44	0.3	0.64	0.56	0.44
7350	0.42	0.52	0.52	0.48	0.52	0.34	0.32	0.38	0.46	0.38	0.52	0.46	0.36	0.7	0.54	0.42
7400	0.4	0.52	0.52	0.48	0.48	0.36	0.36	0.38	0.4	0.38	0.52	0.42	0.38	0.68	0.58	0.4
7450	0.4	0.52	0.52	0.46	0.44	0.4	0.42	0.46	0.46	0.38	0.54	0.42	0.42	0.68	0.58	0.34
7500	0.42	0.5	0.54	0.44	0.48	0.38	0.38	0.48	0.46	0.38	0.46	0.44	0.4	0.66	0.58	0.34
7550	0.46	0.48	0.54	0.42	0.5	0.42	0.4	0.5	0.5	0.44	0.48	0.44	0.5	0.62	0.58	0.36
7600	0.44	0.48	0.56	0.38	0.52	0.42	0.46	0.5	0.54	0.46	0.48	0.44	0.54	0.56	0.58	0.36
7650	0.44	0.46	0.6	0.46	0.52	0.46	0.42	0.56	0.5	0.46	0.52	0.38	0.54	0.52	0.56	0.36
7700	0.46	0.46	0.68	0.54	0.5	0.44	0.4	0.5	0.5	0.5	0.54	0.38	0.56	0.48	0.52	0.3
7750	0.44	0.44	0.62	0.56	0.48	0.42	0.44	0.54	0.48	0.48	0.52	0.4	0.48	0.46	0.5	0.28
7800	0.46	0.4	0.62	0.6	0.46	0.44	0.42	0.52	0.48	0.48	0.5	0.46	0.46	0.42	0.44	0.28
7850	0.46	0.4	0.6	0.64	0.46	0.5	0.42	0.5	0.5	0.42	0.5	0.42	0.46	0.46	0.46	0.42
7900	0.5	0.36	0.56	0.66	0.48	0.46	0.42	0.42	0.46	0.44	0.5	0.4	0.42	0.52	0.5	0.4
7950	0.5	0.4	0.56	0.7	0.48	0.46	0.4	0.46	0.46	0.5	0.56	0.42	0.38	0.5	0.46	0.38
8000	0.46	0.42	0.5	0.76	0.46	0.44	0.38	0.5	0.5	0.5	0.6	0.44	0.38	0.58	0.5	0.38
8050	0.52	0.44	0.42	0.68	0.46	0.46	0.32	0.48	0.52	0.54	0.58	0.5	0.42	0.6	0.5	0.4
8100	0.52	0.38	0.44	0.68	0.42	0.36	0.3	0.5	0.52	0.52	0.58	0.5	0.4	0.58	0.52	0.42
8150	0.52	0.44	0.54	0.68	0.44	0.36	0.32	0.46	0.52	0.54	0.56	0.5	0.44	0.66	0.56	0.42
8200	0.5	0.44	0.58	0.62	0.52	0.4	0.3	0.44	0.58	0.62	0.58	0.5	0.44	0.64	0.58	0.42
8250	0.44	0.48	0.54	0.52	0.58	0.36	0.34	0.5	0.56	0.52	0.6	0.54	0.4	0.66	0.52	0.42
8300	0.42	0.52	0.56	0.52	0.6	0.36	0.34	0.48	0.58	0.52	0.56	0.58	0.38	0.56	0.5	0.42
8350	0.38	0.5	0.6	0.5	0.52	0.38	0.36	0.46	0.54	0.46	0.54	0.6	0.4	0.56	0.54	0.46
8400	0.4	0.52	0.58	0.48	0.54	0.38	0.38	0.48	0.5	0.5	0.54	0.58	0.4	0.58	0.48	0.48
8450	0.36	0.5	0.64	0.52	0.5	0.4	0.42	0.5	0.48	0.5	0.56	0.56	0.32	0.58	0.48	0.48
8500	0.28	0.56	0.68	0.5	0.5	0.44	0.46	0.5	0.48	0.46	0.58	0.52	0.4	0.58	0.46	0.5
8550	0.3	0.56	0.68	0.52	0.54	0.46	0.42	0.52	0.5	0.44	0.54	0.48	0.4	0.62	0.46	0.46
8600	0.34	0.58	0.64	0.56	0.54	0.5	0.44	0.5	0.48	0.46	0.6	0.5	0.44	0.6	0.4	0.48
8650	0.4	0.58	0.7	0.62	0.56	0.52	0.44	0.54	0.5	0.54	0.56	0.44	0.44	0.62	0.46	0.44
8700	0.4	0.58	0.64	0.64	0.52	0.54	0.42	0.52	0.5	0.54	0.56	0.4	0.44	0.58	0.48	0.42
8750	0.36	0.58	0.54	0.64	0.56	0.5	0.4	0.5	0.52	0.58	0.58	0.38	0.42	0.58	0.5	0.46
8800	0.36	0.54	0.54	0.7	0.58	0.5	0.46	0.48	0.52	0.54	0.54	0.38	0.4	0.6	0.46	0.46
8850	0.4	0.52	0.54	0.68	0.54	0.46	0.48	0.42	0.54	0.44	0.52	0.38	0.46	0.46	0.48	0.42
8900	0.4	0.54	0.5	0.66	0.44	0.48	0.44	0.42	0.5	0.48	0.44	0.4	0.42	0.44	0.5	0.38
8950	0.38	0.52	0.52	0.64	0.44	0.5	0.4	0.4	0.56	0.52	0.46	0.4	0.42	0.42	0.52	0.38
9000	0.4	0.5	0.5	0.68	0.38	0.54	0.42	0.42	0.56	0.48	0.42	0.42	0.44	0.32	0.46	0.38
9050	0.38	0.48	0.54	0.68	0.36	0.56	0.44	0.38	0.58	0.46	0.44	0.4	0.5	0.28	0.44	0.44
9100	0.38	0.46	0.56	0.68	0.36	0.54	0.48	0.36	0.62	0.46	0.5	0.4	0.46	0.32	0.46	0.46
9150	0.48	0.48	0.52	0.62	0.36	0.56	0.48	0.34	0.56	0.38	0.48	0.42	0.48	0.38	0.46	0.46
9200	0.5	0.52	0.56	0.62	0.32	0.58	0.56	0.32	0.6	0.38	0.46	0.44	0.52	0.44	0.46	0.48
9250	0.56	0.54	0.52	0.66	0.3	0.66	0.56	0.36	0.64	0.42	0.5	0.44	0.54	0.5	0.5	0.48
9300	0.58	0.56	0.52	0.62	0.32	0.7	0.48	0.3	0.62	0.4	0.56	0.44	0.5	0.52	0.5	0.46
9350	0.62	0.6	0.56	0.6	0.28	0.68	0.5	0.3	0.58	0.36	0.56	0.44	0.46	0.56	0.52	0.46
9400	0.56	0.58	0.56	0.6	0.38	0.64	0.52	0.3	0.54	0.36	0.58	0.44	0.46	0.58	0.54	0.52
9450	0.58	0.64	0.56	0.56	0.4	0.64	0.52	0.28	0.54	0.4	0.6	0.44	0.44	0.56	0.6	0.5
9500	0.6	0.64	0.56	0.52	0.4	0.62	0.52	0.28	0.58	0.44	0.54	0.4	0.48	0.46	0.64	0.5
9550	0.58	0.66	0.56	0.48	0.46	0.62	0.5	0.28	0.58	0.44	0.56	0.44	0.44	0.5	0.62	0.48
9600	0.54	0.66	0.52	0.48	0.48	0.52	0.5	0.26	0.52	0.4	0.56	0.4	0.46	0.52	0.56	0.44
9650	0.5	0.62	0.5	0.4	0.46	0.54	0.44	0.26	0.44	0.44	0.5	0.38	0.46	0.54	0.52	0.4
9700	0.52	0.54	0.5	0.44	0.48	0.52	0.4	0.32	0.48	0.44	0.52	0.4	0.44	0.54	0.52	0.44
9750	0.52	0.52	0.54	0.44	0.4	0.48	0.42	0.34	0.5	0.44	0.52	0.4	0.48	0.52	0.5	0.42
9800	0.5	0.5	0.46	0.46	0.42	0.52	0.46	0.36	0.48	0.44	0.54	0.44	0.46	0.54	0.42	0.42
9850	0.52	0.48	0.46	0.48	0.38	0.4	0.44	0.36	0.48	0.48	0.54	0.42	0.42	0.52	0.4	0.42
9900	0.48	0.48	0.5	0.48	0.32	0.42	0.36	0.4	0.48	0.42	0.52	0.38	0.36	0.5	0.36	0.48
9950	0.5	0.44	0.48	0.46	0.36	0.46	0.36	0.42	0.6	0.4	0.54	0.4	0.4	0.52	0.4	0.46
10000	0.5	0.44	0.54	0.48	0.36	0.46	0.36	0.42	0.66	0.4	0.58	0.48	0.4	0.46	0.44	0.46
10050	0.44	0.5	0.58	0.5	0.34	0.4	0.4	0.42	0.62	0.42	0.6	0.44	0.36	0.42	0.44	0.44
10100	0.44	0.46	0.58	0.58	0.36	0.42	0.36	0.42	0.56	0.38	0.58	0.46	0.36	0.4	0.46	0.4
10150	0.48	0.5	0.6	0.58	0.32	0.4	0.34	0.4	0.54	0.38	0.56	0.48	0.4	0.38	0.44	0.38
10200	0.5	0.48	0.62	0.56	0.32	0.42	0.36	0.38	0.56	0.38	0.52	0.48	0.4	0.42	0.52	0.4
10250	0.5	0.46	0.6	0.56	0.3	0.52	0.42	0.44	0.56	0.4	0.54	0.48	0.46	0.4	0.66	0.42
10300	0.42	0.48	0.62	0.56	0.36	0.54	0.4	0.44	0.58	0.42	0.54	0.5	0.48	0.48	0.66	0.44
10350	0.44	0.54	0.62	0.58	0.4	0.56	0.4	0.46	0.58	0.42	0.54	0.54	0.44	0.52	0.66	0.42
10400	0.48	0.5	0.6	0.64	0.42	0.56	0.4	0.46	0.54	0.44	0.56	0.6	0.46	0.58	0.66	0.42
10450	0.46	0.54	0.6	0.64	0.5	0.58	0.42	0.52	0.56	0.48	0.6	0.58	0.48	0.62	0.68	0.46
10500	0.46	0.54	0.6	0.64	0.48	0.6	0.44	0.5	0.6	0.48	0.58	0.58	0.54	0.64	0.78	0.44
10550	0.5	0.56	0.56	0.6	0.5	0.62	0.46	0.48	0.6	0.5	0.6	0.58	0.54	0.64	0.76	0.46
10600	0.56	0.6	0.56	0.62	0.56	0.56	0.44	0.52	0.6	0.5	0.58	0.58	0.56	0.6	0.74	0.56
10650	0.56	0.58	0.54	0.68	0.56	0.6	0.44	0.52	0.56	0.48	0.56	0.6	0.56	0.62	0.7	0.54
10700	0.6	0.62	0.56	0.68	0.56	0.6	0.52	0.54	0.54	0.52	0.54	0.56	0.54	0.6	0.7	0.6
10750	0.62	0.68	0.58	0.66	0.52	0.58	0.54	0.56	0.56	0.5	0.54	0.52	0.6	0.58	0.74	0.62
10800	0.6	0.68	0.58	0.66	0.5	0.54	0.56	0.56	0.54	0.54	0.58	0.52	0.62	0.54	0.72	0.56
10850	0.6	0.66	0.6	0.56	0.5	0.52	0.54	0.54	0.52	0.52	0.56	0.52	0.66	0.52	0.68	0.6
10900	0.66	0.64	0.6	0.6	0.44	0.52	0.54	0.6	0.52	0.46	0.58	0.58	0.66	0.52	0.62	0.58
10950	0.58	0.66	0.64	0.62	0.48	0.48	0.6	0.56	0.52	0.46	0.6	0.56	0.64	0.5	0.62	0.58
11000	0.54	0.64	0.66	0.56	0.44	0.46	0.56	0.54	0.58	0.46	0.6	0.56	0.62	0.44	0.6	0.54
11050	0.54	0.64	0.66	0.58	0.42	0.48	0.56	0.52	0.62	0.5	0.66	0.56	0.6	0.46	0.6	0.54
11100	0.58	0.62	0.64	0.56	0.42	0.36	0.52	0.56	0.64	0.44	0.68	0.56	0.58	0.5	0.6	0.52
11150	0.6	0.64	0.64	0.6	0.44	0.38	0.48	0.56	0.64	0.46	0.66	0.6	0.6	0.56	0.62	0.56
11200	0.58	0.62	0.62	0.6	0.46	0.38	0.5	0.48	0.64	0.46	0.66	0.62	0.58	0.58	0.6	0.6
11250	0.6	0.58	0.72	0.56	0.42	0.4	0.5	0.46	0.64	0.48	0.66	0.6	0.6	0.56	0.6	0.66
11300	0.56	0.64	0.7	0.54	0.4	0.46	0.48	0.44	0.64	0.46	0.6	0.54	0.58	0.6	0.62	0.66
11350	0.62	0.64	0.7	0.54	0.42	0.46	0.5	0.5	0.64	0.5	0.54	0.48	0.58	0.68	0.62	0.66
11400	0.64	0.6	0.68	0.54	0.46	0.5	0.5	0.5	0.68	0.54	0.52	0.44	0.58	0.68	0.66	0.64
11450	0.64	0.62	0.66	0.6	0.5	0.54	0.48	0.58	0.68	0.56	0.44	0.44	0.6	0.66	0.68	0.66
11500	0.56	0.58	0.66	0.64	0.52	0.62	0.5	0.6	0.66	0.6	0.46	0.44	0.62	0.6	0.64	0.64
11550	0.56	0.6	0.62	0.64	0.54	0.66	0.54	0.66	0.64	0.62	0.42	0.48	0.64	0.56	0.62	0.64
11600	0.56	0.56	0.7	0.64	0.58	0.66	0.54	0.68	0.64	0.62	0.42	0.5	0.66	0.6	0.62	0.58
11650	0.6	0.58	0.68	0.64	0.62	0.64	0.56	0.68	0.64	0.66	0.48	0.5	0.66	0.62	0.64	0.58
11700	0.56	0.58	0.64	0.66	0.6	0.6	0.58	0.64	0.66	0.7	0.5	0.54	0.66	0.54	0.66	0.58
11750	0.62	0.56	0.66	0.66	0.58	0.56	0.62	0.68	0.7	0.74	0.56	0.6	0.7	0.54	0.66	0.58
11800	0.64	0.56	0.6	0.7	0.5	0.54	0.6	0.6	0.76	0.72	0.56	0.56	0.72	0.6	0.64	0.56
11850	0.74	0.5	0.56	0.72	0.48	0.5	0.62	0.58	0.68	0.66	0.56	0.58	0.68	0.62	0.64	0.54
11900	0.72	0.54	0.56	0.74	0.5	0.48	0.6	0.58	0.72	0.62	0.6	0.48	0.68	0.6	0.66	0.56
11950	0.68	0.52	0.62	0.64	0.46	0.44	0.66	0.6	0.74	0.66	0.64	0.46	0.64	0.6	0.64	0.56
12000	0.66	0.46	0.54	0.66	0.4	0.44	0.64	0.58	0.7	0.62	0.68	0.44	0.62	0.62	0.56	0.54
12050	0.7	0.48	0.52	0.68	0.44	0.5	0.64	0.6	0.7	0.62	0.7	0.42	0.58	0.66	0.58	0.56
12100	0.7	0.48	0.54	0.68	0.42	0.54	0.66	0.58	0.68	0.6	0.7	0.42	0.58	0.68	0.62	0.58
12150	0.66	0.5	0.54	0.68	0.42	0.56	0.6	0.52	0.6	0.6	0.66	0.38	0.56	0.66	0.6	0.56
12200	0.66	0.52	0.56	0.68	0.48	0.56	0.56	0.54	0.56	0.62	0.64	0.38	0.54	0.64	0.58	0.54
12250	0.62	0.5	0.62	0.62	0.48	0.56	0.5	0.58	0.54	0.62	0.64	0.4	0.56	0.62	0.6	0.56
12300	0.66	0.5	0.64	0.58	0.52	0.64	0.46	0.56	0.58	0.6	0.6	0.44	0.62	0.64	0.62	0.6
12350	0.66	0.5	0.64	0.54	0.46	0.62	0.46	0.52	0.56	0.6	0.56	0.48	0.56	0.68	0.64	0.58
12400	0.66	0.56	0.66	0.6	0.52	0.62	0.44	0.6	0.5	0.6	0.52	0.5	0.58	0.7	0.66	0.58
12450	0.6	0.54	0.68	0.62	0.54	0.64	0.46	0.6	0.54	0.62	0.54	0.52	0.56	0.7	0.64	0.56
12500	0.6	0.6	0.74	0.64	0.52	0.6	0.48	0.56	0.56	0.58	0.5	0.52	0.58	0.68	0.6	0.54
12550	0.56	0.6	0.7	0.62	0.5	0.66	0.56	0.52	0.56	0.62	0.56	0.54	0.54	0.68	0.64	0.58
12600	0.58	0.62	0.74	0.6	0.52	0.66	0.6	0.48	0.58	0.58	0.6	0.6	0.56	0.72	0.64	0.56
12650	0.62	0.68	0.74	0.68	0.6	0.68	0.64	0.5	0.6	0.62	0.64	0.62	0.5	0.78	0.62	0.56
12700	0.68	0.74	0.7	0.72	0.58	0.68	0.62	0.52	0.64	0.62	0.62	0.58	0.54	0.74	0.62	0.56
12750	0.64	0.7	0.66	0.74	0.62	0.64	0.64	0.46	0.6	0.62	0.62	0.58	0.52	0.64	0.66	0.56
12800	0.62	0.64	0.6	0.76	0.64	0.64	0.64	0.46	0.6	0.6	0.66	0.58	0.52	0.64	0.68	0.6
12850	0.58	0.62	0.56	0.74	0.62	0.64	0.62	0.44	0.64	0.6	0.6	0.48	0.52	0.62	0.68	0.6
12900	0.64	0.6	0.52	0.72	0.64	0.62	0.58	0.52	0.7	0.6	0.64	0.5	0.54	0.64	0.7	0.62
12950	0.66	0.64	0.52	0.76	0.64	0.66	0.6	0.54	0.68	0.64	0.66	0.48	0.54	0.62	0.74	0.62
13000	0.68	0.6	0.48	0.74	0.62	0.68	0.58	0.54	0.68	0.64	0.62	0.48	0.62	0.62	0.74	0.66
13050	0.68	0.58	0.48	0.76	0.58	0.66	0.52	0.56	0.68	0.66	0.58	0.42	0.66	0.54	0.74	0.62
13100	0.66	0.64	0.48	0.78	0.56	0.64	0.56	0.54	0.7	0.64	0.54	0.4	0.62	0.58	0.74	0.62
13150	0.68	0.7	0.48	0.8	0.54	0.68	0.58	0.56	0.74	0.72	0.56	0.4	0.7	0.66	0.72	0.56
13200	0.72	0.72	0.48	0.76	0.56	0.68	0.6	0.56	0.74	0.78	0.54	0.38	0.7	0.7	0.68	0.56
13250	0.72	0.74	0.56	0.74	0.54	0.72	0.6	0.64	0.76	0.8	0.56	0.46	0.72	0.7	0.72	0.54
13300	0.72	0.68	0.5	0.74	0.5	0.72	0.6	0.6	0.74	0.8	0.6	0.46	0.68	0.64	0.7	0.54
13350	0.74	0.66	0.54	0.72	0.54	0.7	0.6	0.6	0.74	0.8	0.66	0.54	0.66	0.64	0.7	0.54
13400	0.78	0.68	0.54	0.74	0.54	0.74	0.66	0.62	0.72	0.8	0.7	0.56	0.7	0.66	0.68	0.6
13450	0.72	0.66	0.6	0.74	0.6	0.74	0.66	0.56	0.76	0.8	0.7	0.6	0.66	0.72	0.7	0.6
13500	0.74	0.72	0.62	0.7	0.66	0.74	0.64	0.56	0.76	0.84	0.72	0.62	0.68	0.72	0.74	0.62
13550	0.72	0.72	0.64	0.72	0.66	0.76	0.6	0.56	0.74	0.78	0.8	0.64	0.7	0.72	0.7	0.6
13600	0.74	0.74	0.62	0.68	0.66	0.76	0.58	0.56	0.74	0.74	0.82	0.68	0.7	0.68	0.72	0.62
13650	0.7	0.7	0.62	0.74	0.7	0.74	0.62	0.52	0.72	0.72	0.76	0.66	0.68	0.66	0.74	0.6
13700	0.66	0.66	0.68	0.76	0.68	0.74	0.66	0.54	0.74	0.72	0.74	0.68	0.7	0.7	0.72	0.62
13750	0.64	0.7	0.66	0.74	0.76	0.78	0.64	0.5	0.76	0.7	0.66	0.66	0.64	0.68	0.72	0.58
13800	0.64	0.7	0.64	0.74	0.8	0.76	0.6	0.5	0.72	0.7	0.62	0.64	0.66	0.7	0.7	0.6
13850	0.62	0.72	0.62	0.74	0.78	0.76	0.64	0.6	0.72	0.7	0.58	0.62	0.62	0.72	0.68	0.6
13900	0.58	0.7	0.62	0.7	0.72	0.78	0.6	0.66	0.7	0.76	0.6	0.64	0.62	0.7	0.64	0.68
13950	0.62	0.66	0.62	0.68	0.7	0.76	0.58	0.66	0.66	0.76	0.62	0.64	0.58	0.7	0.66	0.7
14000	0.66	0.66	0.6	0.66	0.7	0.78	0.62	0.7	0.66	0.76	0.7	0.62	0.58	0.68	0.68	0.7
14050	0.64	0.74	0.64	0.66	0.72	0.76	0.6	0.74	0.64	0.76	0.78	0.62	0.56	0.72	0.7	0.7
14100	0.7	0.78	0.62	0.68	0.74	0.72	0.62	0.8	0.64	0.72	0.76	0.64	0.56	0.74	0.7	0.74
14150	0.68	0.78	0.6	0.66	0.7	0.74	0.62	0.88	0.64	0.78	0.8	0.62	0.52	0.8	0.72	0.76
14200	0.68	0.76	0.6	0.62	0.7	0.74	0.62	0.82	0.68	0.78	0.76	0.64	0.52	0.8	0.7	0.72
14250	0.64	0.74	0.58	0.6	0.7	0.72	0.56	0.7	0.64	0.78	0.76	0.64	0.52	0.78	0.74	0.7
14300	0.66	0.76	0.62	0.64	0.74	0.76	0.62	0.68	0.64	0.76	0.7	0.66	0.52	0.8	0.76	0.68
14350	0.7	0.74	0.64	0.68	0.72	0.7	0.68	0.64	0.7	0.76	0.68	0.66	0.5	0.78	0.76	0.62
14400	0.68	0.74	0.64	0.66	0.7	0.72	0.7	0.62	0.74	0.68	0.66	0.66	0.5	0.78	0.8	0.62
14450	0.66	0.7	0.66	0.64	0.68	0.72	0.7	0.66	0.74	0.7	0.68	0.7	0.48	0.8	0.8	0.58
14500	0.7	0.72	0.68	0.72	0.62	0.74	0.72	0.66	0.74	0.74	0.72	0.72	0.58	0.82	0.82	0.64
14550	0.74	0.74	0.72	0.76	0.64	0.74	0.8	0.62	0.72	0.74	0.7	0.7	0.62	0.8	0.8	0.66
14600	0.82	0.72	0.74	0.76	0.66	0.76	0.74	0.7	0.74	0.76	0.66	0.7	0.64	0.82	0.82	0.64
14650	0.82	0.74	0.7	0.8	0.64	0.78	0.72	0.72	0.76	0.74	0.68	0.7	0.66	0.78	0.88	0.6
14700	0.84	0.76	0.72	0.8	0.66	0.8	0.72	0.8	0.8	0.78	0.66	0.72	0.74	0.76	0.86	0.64
14750	0.84	0.7	0.74	0.84	0.68	0.78	0.68	0.78	0.74	0.74	0.66	0.68	0.74	0.72	0.86	0.68
14800	0.86	0.7	0.72	0.84	0.66	0.8	0.66	0.82	0.74	0.74	0.6	0.7	0.78	0.68	0.86	0.66
14850	0.86	0.72	0.72	0.82	0.7	0.8	0.66	0.82	0.68	0.8	0.62	0.66	0.8	0.64	0.9	0.58
14900	0.88	0.7	0.72	0.84	0.7	0.78	0.66	0.8	0.68	0.78	0.58	0.66	0.8	0.6	0.86	0.56
14950	0.84	0.7	0.74	0.84	0.68	0.76	0.76	0.82	0.7	0.74	0.56	0.7	0.78	0.62	0.86	0.6
15000	0.86	0.66	0.7	0.84	0.68	0.74	0.74	0.84	0.72	0.72	0.58	0.72	0.8	0.64	0.82	0.64
15050	0.84	0.66	0.66	0.82	0.68	0.68	0.76	0.82	0.74	0.74	0.56	0.72	0.84	0.62	0.8	0.66
15100	0.84	0.62	0.7	0.8	0.68	0.66	0.8	0.78	0.74	0.7	0.58	0.68	0.8	0.62	0.78	0.64
15150	0.82	0.66	0.72	0.82	0.7	0.68	0.82	0.78	0.8	0.7	0.58	0.66	0.76	0.68	0.78	0.66
15200	0.8	0.76	0.72	0.82	0.66	0.7	0.82	0.78	0.78	0.74	0.64	0.68	0.7	0.72	0.76	0.76
15250	0.78	0.76	0.72	0.82	0.66	0.72	0.82	0.74	0.82	0.74	0.64	0.7	0.72	0.72	0.74	0.76
15300	0.76	0.74	0.72	0.8	0.68	0.7	0.8	0.74	0.8	0.76	0.62	0.66	0.66	0.74	0.76	0.78
15350	0.7	0.76	0.72	0.84	0.68	0.72	0.8	0.72	0.82	0.78	0.6	0.62	0.58	0.72	0.72	0.74
15400	0.66	0.74	0.68	0.84	0.68	0.76	0.86	0.72	0.78	0.8	0.58	0.66	0.48	0.68	0.74	0.72
15450	0.64	0.8	0.78	0.84	0.66	0.76	0.78	0.74	0.78	0.78	0.6	0.68	0.54	0.68	0.76	0.74
15500	0.62	0.84	0.82	0.86	0.68	0.76	0.76	0.78	0.74	0.8	0.62	0.68	0.54	0.64	0.78	0.72
15550	0.62	0.8	0.8	0.86	0.66	0.82	0.7	0.78	0.72	0.82	0.68	0.7	0.48	0.7	0.78	0.74
15600	0.64	0.78	0.8	0.82	0.66	0.78	0.74	0.78	0.7	0.82	0.72	0.7	0.48	0.76	0.8	0.76
15650	0.7	0.8	0.84	0.8	0.7	0.76	0.72	0.84	0.72	0.76	0.72	0.7	0.5	0.76	0.76	0.74
15700	0.74	0.82	0.84	0.78	0.68	0.78	0.74	0.82	0.74	0.78	0.76	0.7	0.6	0.74	0.74	0.78
15750	0.82	0.84	0.86	0.78	0.72	0.76	0.76	0.82	0.7	0.72	0.8	0.7	0.66	0.76	0.72	0.78
15800	0.82	0.8	0.82	0.76	0.74	0.74	0.76	0.8	0.7	0.76	0.78	0.66	0.7	0.78	0.76	0.8
15850	0.82	0.74	0.78	0.78	0.74	0.74	0.7	0.8	0.68	0.7	0.76	0.66	0.68	0.78	0.76	0.8
15900	0.82	0.76	0.76	0.76	0.72	0.66	0.72	0.8	0.68	0.7	0.74	0.64	0.7	0.8	0.8	0.8
15950	0.8	0.72	0.74	0.76	0.76	0.64	0.72	0.8	0.7	0.7	0.74	0.68	0.74	0.86	0.72	0.72
16000	0.76	0.7	0.68	0.74	0.76	0.66	0.76	0.8	0.62	0.7	0.68	0.64	0.74	0.84	0.74	0.72
16050	0.74	0.68	0.64	0.74	0.76	0.64	0.76	0.8	0.66	0.64	0.66	0.62	0.72	0.82	0.76	0.66
16100	0.74	0.72	0.66	0.72	0.82	0.64	0.74	0.78	0.62	0.68	0.66	0.66	0.7	0.78	0.8	0.64
16150	0.72	0.72	0.7	0.74	0.82	0.68	0.7	0.78	0.66	0.68	0.64	0.68	0.72	0.78	0.8	0.6
16200	0.72	0.7	0.76	0.74	0.76	0.72	0.76	0.74	0.68	0.68	0.64	0.7	0.74	0.74	0.8	0.58
16250	0.7	0.72	0.74	0.72	0.74	0.78	0.72	0.68	0.68	0.66	0.66	0.72	0.74	0.7	0.8	0.6
16300	0.7	0.74	0.8	0.72	0.76	0.82	0.68	0.66	0.68	0.64	0.68	0.74	0.74	0.7	0.78	0.62
16350	0.72	0.74	0.86	0.72	0.78	0.84	0.72	0.66	0.74	0.7	0.66	0.76	0.76	0.72	0.8	0.66
16400	0.76	0.76	0.86	0.72	0.76	0.8	0.7	0.64	0.76	0.74	0.68	0.78	0.78	0.7	0.8	0.64
16450	0.76	0.8	0.88	0.78	0.72	0.84	0.68	0.62	0.76	0.72	0.76	0.8	0.8	0.72	0.76	0.68
16500	0.8	0.78	0.84	0.74	0.7	0.86	0.62	0.64	0.7	0.74	0.74	0.74	0.86	0.7	0.76	0.66
16550	0.82	0.76	0.84	0.8	0.76	0.86	0.66	0.64	0.74	0.78	0.74	0.82	0.84	0.74	0.76	0.62
16600	0.82	0.72	0.84	0.76	0.74	0.8	0.72	0.62	0.72	0.76	0.78	0.78	0.8	0.74	0.76	0.66
16650	0.82	0.76	0.82	0.8	0.74	0.78	0.7	0.6	0.7	0.78	0.76	0.72	0.8	0.74	0.78	0.66
16700	0.82	0.82	0.84	0.84	0.72	0.76	0.7	0.6	0.68	0.78	0.76	0.72	0.82	0.78	0.82	0.62
16750	0.82	0.84	0.86	0.84	0.8	0.78	0.7	0.6	0.64	0.76	0.74	0.72	0.8	0.78	0.84	0.64
16800	0.84	0.84	0.86	0.86	0.78	0.74	0.78	0.6	0.62	0.8	0.78	0.64	0.78	0.82	0.88	0.66
16850	0.82	0.82	0.82	0.82	0.8	0.72	0.76	0.58	0.64	0.8	0.76	0.62	0.74	0.82	0.84	0.68
16900	0.76	0.82	0.76	0.82	0.78	0.72	0.72	0.56	0.62	0.76	0.74	0.64	0.72	0.82	0.8	0.68
16950	0.78	0.82	0.78	0.82	0.78	0.68	0.76	0.56	0.64	0.74	0.72	0.68	0.72	0.82	0.86	0.76
17000	0.8	0.88	0.76	0.82	0.78	0.68	0.78	0.54	0.7	0.7	0.74	0.7	0.72	0.86	0.86	0.78
17050	0.82	0.86	0.76	0.82	0.78	0.68	0.78	0.52	0.72	0.66	0.72	0.7	0.7	0.82	0.86	0.78
17100	0.84	0.84	0.78	0.82	0.82	0.72	0.76	0.54	0.76	0.68	0.74	0.68	0.7	0.8	0.82	0.8
17150	0.86	0.84	0.78	0.82	0.76	0.72	0.76	0.6	0.82	0.64	0.74	0.74	0.74	0.76	0.78	0.8
17200	0.8	0.86	0.74	0.82	0.74	0.7	0.74	0.54	0.8	0.6	0.72	0.76	0.78	0.74	0.76	0.8
17250	0.82	0.84	0.72	0.84	0.74	0.72	0.76	0.56	0.78	0.58	0.72	0.78	0.76	0.7	0.74	0.76
17300	0.84	0.82	0.78	0.8	0.76	0.72	0.74	0.56	0.72	0.6	0.7	0.74	0.78	0.72	0.76	0.76
17350	0.86	0.78	0.78	0.8	0.8	0.68	0.7	0.54	0.7	0.6	0.68	0.74	0.74	0.72	0.72	0.74
17400	0.84	0.8	0.78	0.8	0.78	0.68	0.7	0.58	0.7	0.64	0.7	0.76	0.72	0.72	0.66	0.72
17450	0.84	0.8	0.78	0.8	0.8	0.64	0.72	0.62	0.7	0.64	0.74	0.78	0.68	0.72	0.64	0.68
17500	0.78	0.76	0.78	0.78	0.76	0.64	0.68	0.68	0.7	0.64	0.72	0.8	0.66	0.72	0.7	0.68
17550	0.78	0.76	0.78	0.74	0.76	0.7	0.64	0.7	0.72	0.64	0.7	0.82	0.68	0.74	0.72	0.66
17600	0.78	0.7	0.74	0.76	0.74	0.7	0.66	0.72	0.76	0.66	0.7	0.8	0.7	0.74	0.72	0.66
17650	0.8	0.68	0.72	0.76	0.82	0.74	0.64	0.7	0.78	0.7	0.74	0.78	0.64	0.78	0.7	0.62
17700	0.78	0.68	0.74	0.74	0.82	0.72	0.7	0.72	0.76	0.72	0.74	0.8	0.64	0.8	0.76	0.64
17750	0.76	0.68	0.74	0.72	0.82	0.78	0.7	0.68	0.76	0.7	0.74	0.8	0.62	0.8	0.76	0.66
17800	0.78	0.66	0.76	0.72	0.82	0.84	0.72	0.68	0.76	0.72	0.76	0.82	0.68	0.84	0.84	0.7
17850	0.76	0.68	0.76	0.7	0.82	0.86	0.72	0.64	0.7	0.76	0.76	0.78	0.7	0.78	0.86	0.66
17900	0.74	0.68	0.72	0.72	0.86	0.84	0.7	0.62	0.64	0.7	0.76	0.78	0.7	0.8	0.9	0.66
17950	0.72	0.68	0.64	0.74	0.84	0.88	0.74	0.62	0.62	0.76	0.76	0.82	0.68	0.76	0.9	0.7
18000	0.72	0.7	0.66	0.72	0.86	0.88	0.74	0.6	0.58	0.74	0.72	0.78	0.64	0.78	0.9	0.76
18050	0.72	0.68	0.72	0.76	0.84	0.92	0.76	0.54	0.62	0.74	0.68	0.8	0.64	0.78	0.86	0.78
18100	0.68	0.7	0.68	0.78	0.84	0.92	0.76	0.52	0.68	0.76	0.72	0.82	0.68	0.76	0.86	0.76
18150	0.68	0.7	0.68	0.78	0.8	0.86	0.78	0.56	0.7	0.72	0.72	0.78	0.68	0.76	0.86	0.76
18200	0.7	0.74	0.66	0.78	0.78	0.84	0.8	0.62	0.68	0.74	0.7	0.76	0.68	0.78	0.86	0.76
18250	0.7	0.7	0.66	0.8	0.74	0.84	0.8	0.7	0.7	0.74	0.68	0.7	0.68	0.76	0.86	0.76
18300	0.72	0.72	0.72	0.82	0.7	0.82	0.76	0.68	0.72	0.74	0.68	0.68	0.7	0.82	0.82	0.84
18350	0.72	0.76	0.7	0.82	0.7	0.8	0.78	0.7	0.7	0.76	0.72	0.74	0.68	0.82	0.82	0.8
18400	0.74	0.72	0.66	0.86	0.64	0.8	0.76	0.76	0.7	0.78	0.68	0.78	0.68	0.86	0.84	0.72
18450	0.8	0.7	0.7	0.86	0.68	0.82	0.76	0.78	0.7	0.76	0.7	0.76	0.72	0.86	0.84	0.72
18500	0.84	0.76	0.7	0.84	0.7	0.8	0.76	0.78	0.7	0.78	0.7	0.78	0.72	0.82	0.86	0.68
18550	0.84	0.76	0.72	0.84	0.68	0.74	0.78	0.76	0.74	0.78	0.68	0.8	0.76	0.84	0.8	0.68
18600	0.86	0.76	0.72	0.84	0.66	0.8	0.76	0.76	0.8	0.76	0.68	0.82	0.76	0.82	0.8	0.7
18650	0.84	0.76	0.78	0.86	0.74	0.8	0.74	0.78	0.84	0.82	0.72	0.8	0.76	0.8	0.78	0.64
18700	0.82	0.8	0.8	0.88	0.7	0.84	0.72	0.78	0.84	0.82	0.72	0.8	0.74	0.78	0.8	0.64
18750	0.82	0.78	0.82	0.86	0.72	0.82	0.68	0.76	0.82	0.84	0.74	0.82	0.72	0.74	0.78	0.64
18800	0.82	0.82	0.86	0.86	0.74	0.82	0.68	0.74	0.86	0.8	0.78	0.82	0.74	0.72	0.78	0.66
18850	0.8	0.82	0.86	0.84	0.72	0.86	0.68	0.8	0.84	0.82	0.8	0.82	0.78	0.78	0.82	0.68
18900	0.82	0.86	0.86	0.84	0.72	0.9	0.66	0.78	0.86	0.82	0.8	0.84	0.76	0.8	0.8	0.72
18950	0.84	0.82	0.88	0.84	0.74	0.86	0.68	0.82	0.86	0.8	0.82	0.84	0.8	0.82	0.78	0.7
19000	0.8	0.8	0.84	0.82	0.74	0.86	0.7	0.76	0.84	0.78	0.76	0.86	0.76	0.84	0.8	0.7
19050	0.82	0.8	0.86	0.82	0.74	0.84	0.7	0.72	0.82	0.8	0.74	0.9	0.78	0.86	0.84	0.7
19100	0.82	0.82	0.9	0.78	0.7	0.86	0.72	0.72	0.8	0.78	0.74	0.88	0.78	0.92	0.8	0.78
19150	0.76	0.78	0.9	0.78	0.68	0.9	0.66	0.7	0.8	0.76	0.78	0.8	0.82	0.9	0.78	0.78
19200	0.7	0.8	0.84	0.76	0.68	0.84	0.64	0.68	0.78	0.74	0.78	0.78	0.8	0.88	0.78	0.74
19250	0.72	0.8	0.84	0.78	0.72	0.82	0.66	0.68	0.8	0.72	0.78	0.78	0.8	0.86	0.8	0.68
19300	0.74	0.8	0.84	0.76	0.72	0.8	0.7	0.7	0.78	0.74	0.8	0.8	0.76	0.82	0.8	0.6
19350	0.74	0.78	0.76	0.78	0.7	0.74	0.7	0.72	0.76	0.74	0.82	0.78	0.7	0.82	0.8	0.6
19400	0.8	0.82	0.74	0.78	0.72	0.76	0.58	0.72	0.72	0.76	0.82	0.74	0.74	0.74	0.8	0.62
19450	0.78	0.84	0.72	0.82	0.74	0.72	0.6	0.74	0.8	0.74	0.86	0.76	0.74	0.76	0.82	0.6
19500	0.76	0.82	0.68	0.8	0.72	0.7	0.68	0.76	0.7	0.72	0.84	0.74	0.68	0.68	0.84	0.6
19550	0.78	0.8	0.64	0.78	0.76	0.68	0.62	0.78	0.68	0.72	0.82	0.78	0.68	0.64	0.82	0.62
19600	0.8	0.76	0.64	0.78	0.78	0.72	0.6	0.8	0.68	0.72	0.78	0.82	0.7	0.62	0.86	0.62
19650	0.84	0.74	0.64	0.78	0.78	0.72	0.66	0.76	0.64	0.7	0.82	0.78	0.68	0.64	0.84	0.62
19700	0.84	0.72	0.6	0.76	0.78	0.72	0.74	0.78	0.66	0.72	0.84	0.82	0.74	0.64	0.84	0.64
19750	0.84	0.7	0.64	0.78	0.76	0.74	0.72	0.7	0.66	0.76	0.82	0.76	0.76	0.64	0.8	0.68
19800	0.86	0.7	0.66	0.74	0.76	0.78	0.7	0.68	0.66	0.74	0.78	0.74	0.74	0.68	0.82	0.68
19850	0.84	0.7	0.7	0.78	0.7	0.74	0.66	0.68	0.72	0.76	0.84	0.74	0.72	0.7	0.82	0.66
19900	0.78	0.7	0.72	0.76	0.66	0.78	0.68	0.68	0.72	0.82	0.82	0.74	0.7	0.72	0.8	0.66
19950	0.78	0.74	0.74	0.82	0.64	0.74	0.74	0.66	0.68	0.82	0.8	0.74	0.74	0.78	0.76	0.66
20000	0.8	0.78	0.74	0.84	0.66	0.76	0.78	0.64	0.68	0.78	0.86	0.74	0.72	0.78	0.78	0.64
