0	0.0	0.0	0.0	0.0	0.0	0.0	0.0	0.0	0.0	0.0	0.0	0.0	0.0	0.0	0.0	0.0
50	0.0	0.0	0.0	0.0	0.0	0.0	0.0	0.0	0.0	0.0	0.0	0.0	0.0	0.0	0.0	0.0
100	0.142857142857	0.0	0.0	0.0	0.0	0.0588235294118	0.0666666666667	0.166666666667	0.166666666667	0.0	0.0	0.0	0.0	0.0	0.0666666666667	0.0769230769231
150	0.0833333333333	0.0	0.0555555555556	0.0555555555556	0.0	0.05	0.0526315789474	0.142857142857	0.125	0.0	0.0	0.0	0.0555555555556	0.0625	0.0909090909091	0.0769230769231
200	0.15625	0.0714285714286	0.05	0.047619047619	0.0	0.0967741935484	0.0909090909091	0.166666666667	0.137931034483	0.0	0.0	0.0714285714286	0.142857142857	0.16	0.193548387097	0.138888888889
250	0.2	0.138888888889	0.0740740740741	0.0740740740741	0.0740740740741	0.157894736842	0.142857142857	0.236842105263	0.228571428571	0.037037037037	0.0	0.0526315789474	0.137931034483	0.206896551724	0.189189189189	0.170731707317
300	0.25	0.219512195122	0.121212121212	0.0689655172414	0.135135135135	0.212765957447	0.171428571429	0.265306122449	0.275	0.0909090909091	0.0740740740741	0.12	0.243243243243	0.264705882353	0.209302325581	0.173913043478
350	0.291666666667	0.270833333333	0.121951219512	0.170731707317	0.208333333333	0.24	0.162162162162	0.28	0.255319148936	0.119047619048	0.175	0.142857142857	0.279069767442	0.305555555556	0.260869565217	0.24
400	0.36	0.34	0.170212765957	0.212765957447	0.24	0.28	0.19512195122	0.3	0.24	0.12	0.148936170213	0.162162162162	0.3125	0.35	0.38	0.34
450	0.44	0.38	0.22	0.26	0.26	0.32	0.227272727273	0.34	0.3	0.2	0.16	0.279069767442	0.42	0.355555555556	0.42	0.42
500	0.54	0.44	0.28	0.36	0.32	0.32	0.285714285714	0.4	0.4	0.32	0.2	0.297872340426	0.48	0.38	0.46	0.48
550	0.54	0.52	0.38	0.48	0.38	0.36	0.34	0.44	0.42	0.4	0.24	0.36	0.54	0.42	0.5	0.54
600	0.58	0.52	0.44	0.62	0.44	0.4	0.42	0.46	0.48	0.4	0.26	0.36	0.54	0.56	0.54	0.62
650	0.62	0.56	0.54	0.68	0.5	0.46	0.5	0.52	0.54	0.42	0.32	0.44	0.6	0.58	0.6	0.68
700	0.62	0.56	0.56	0.68	0.56	0.5	0.5	0.54	0.56	0.42	0.38	0.46	0.66	0.64	0.64	0.64
750	0.56	0.56	0.6	0.7	0.58	0.48	0.48	0.54	0.52	0.44	0.42	0.52	0.62	0.6	0.6	0.62
800	0.6	0.58	0.58	0.76	0.7	0.52	0.52	0.62	0.58	0.52	0.44	0.58	0.66	0.68	0.62	0.7
850	0.64	0.58	0.6	0.76	0.66	0.48	0.56	0.66	0.62	0.58	0.52	0.58	0.62	0.7	0.72	0.74
900	0.6	0.62	0.6	0.78	0.68	0.48	0.56	0.7	0.7	0.6	0.58	0.58	0.6	0.68	0.74	0.7
950	0.62	0.58	0.62	0.76	0.72	0.5	0.52	0.66	0.6	0.6	0.62	0.68	0.62	0.7	0.78	0.7
1000	0.58	0.56	0.62	0.76	0.7	0.52	0.54	0.68	0.64	0.64	0.62	0.68	0.62	0.66	0.72	0.66
1050	0.56	0.56	0.6	0.74	0.72	0.52	0.52	0.66	0.64	0.66	0.64	0.76	0.58	0.64	0.68	0.68
1100	0.66	0.54	0.56	0.74	0.66	0.5	0.62	0.66	0.66	0.74	0.68	0.8	0.6	0.6	0.72	0.7
1150	0.66	0.58	0.58	0.72	0.64	0.54	0.64	0.66	0.6	0.76	0.72	0.78	0.64	0.6	0.7	0.72
1200	0.66	0.58	0.58	0.7	0.58	0.44	0.62	0.6	0.6	0.72	0.76	0.78	0.72	0.62	0.66	0.72
1250	0.66	0.6	0.58	0.72	0.6	0.52	0.7	0.54	0.58	0.78	0.74	0.82	0.74	0.62	0.64	0.7
1300	0.66	0.66	0.6	0.72	0.64	0.58	0.76	0.52	0.6	0.78	0.74	0.78	0.76	0.6	0.62	0.7
1350	0.7	0.7	0.62	0.72	0.58	0.58	0.82	0.52	0.68	0.78	0.72	0.84	0.72	0.56	0.64	0.74
1400	0.76	0.74	0.6	0.68	0.52	0.56	0.78	0.6	0.7	0.78	0.72	0.86	0.78	0.56	0.66	0.74
1450	0.78	0.8	0.64	0.68	0.54	0.58	0.78	0.58	0.72	0.8	0.74	0.82	0.74	0.56	0.7	0.78
1500	0.76	0.78	0.6	0.68	0.6	0.66	0.8	0.6	0.68	0.74	0.76	0.84	0.76	0.58	0.7	0.76
1550	0.76	0.76	0.62	0.62	0.6	0.7	0.76	0.62	0.66	0.72	0.74	0.86	0.76	0.64	0.7	0.82
1600	0.7	0.7	0.62	0.6	0.6	0.68	0.76	0.64	0.7	0.74	0.72	0.88	0.7	0.58	0.68	0.76
1650	0.76	0.66	0.56	0.6	0.58	0.62	0.7	0.66	0.7	0.74	0.74	0.86	0.7	0.6	0.66	0.76
1700	0.74	0.66	0.56	0.62	0.54	0.64	0.7	0.64	0.7	0.74	0.72	0.86	0.76	0.62	0.7	0.72
1750	0.7	0.7	0.54	0.7	0.6	0.7	0.66	0.7	0.74	0.74	0.74	0.86	0.78	0.62	0.66	0.68
1800	0.7	0.7	0.5	0.72	0.66	0.72	0.66	0.68	0.68	0.72	0.76	0.86	0.74	0.64	0.62	0.64
1850	0.68	0.68	0.54	0.74	0.62	0.68	0.68	0.68	0.66	0.72	0.78	0.86	0.76	0.66	0.64	0.68
1900	0.68	0.72	0.54	0.76	0.6	0.68	0.64	0.64	0.62	0.68	0.76	0.8	0.76	0.6	0.64	0.66
1950	0.66	0.72	0.5	0.68	0.62	0.68	0.58	0.62	0.66	0.64	0.74	0.76	0.76	0.58	0.66	0.64
2000	0.66	0.7	0.48	0.62	0.6	0.68	0.56	0.6	0.68	0.7	0.7	0.76	0.74	0.6	0.68	0.62
2050	0.7	0.66	0.5	0.64	0.66	0.74	0.58	0.6	0.7	0.74	0.66	0.74	0.76	0.58	0.7	0.62
2100	0.74	0.6	0.5	0.64	0.64	0.68	0.58	0.6	0.68	0.74	0.64	0.72	0.7	0.6	0.72	0.62
2150	0.7	0.52	0.52	0.62	0.6	0.66	0.54	0.56	0.66	0.78	0.62	0.72	0.68	0.6	0.76	0.66
2200	0.72	0.52	0.54	0.64	0.6	0.68	0.52	0.54	0.62	0.76	0.62	0.68	0.7	0.62	0.8	0.74
2250	0.72	0.52	0.6	0.62	0.68	0.7	0.52	0.6	0.64	0.68	0.6	0.6	0.7	0.6	0.84	0.74
2300	0.7	0.46	0.6	0.68	0.68	0.7	0.56	0.56	0.62	0.68	0.68	0.6	0.7	0.64	0.86	0.76
2350	0.7	0.52	0.6	0.72	0.68	0.7	0.58	0.58	0.62	0.7	0.68	0.68	0.74	0.64	0.8	0.74
2400	0.74	0.52	0.6	0.7	0.68	0.7	0.58	0.64	0.62	0.74	0.7	0.66	0.72	0.64	0.76	0.78
2450	0.72	0.56	0.64	0.72	0.68	0.72	0.58	0.6	0.64	0.76	0.72	0.72	0.76	0.64	0.7	0.8
2500	0.7	0.62	0.68	0.68	0.66	0.7	0.6	0.6	0.58	0.7	0.74	0.7	0.8	0.66	0.7	0.8
2550	0.68	0.6	0.62	0.68	0.7	0.76	0.62	0.68	0.56	0.64	0.74	0.68	0.78	0.64	0.68	0.8
2600	0.68	0.62	0.62	0.68	0.68	0.76	0.62	0.68	0.58	0.62	0.72	0.66	0.76	0.64	0.7	0.78
2650	0.7	0.62	0.6	0.74	0.7	0.74	0.58	0.64	0.58	0.64	0.78	0.72	0.74	0.7	0.66	0.76
2700	0.72	0.62	0.56	0.7	0.68	0.76	0.56	0.64	0.58	0.7	0.8	0.7	0.76	0.72	0.68	0.76
2750	0.74	0.62	0.6	0.68	0.68	0.74	0.64	0.68	0.58	0.74	0.78	0.68	0.76	0.8	0.72	0.78
2800	0.76	0.62	0.62	0.68	0.62	0.7	0.6	0.62	0.58	0.7	0.78	0.66	0.78	0.8	0.72	0.82
2850	0.74	0.6	0.6	0.68	0.64	0.66	0.58	0.56	0.58	0.76	0.72	0.64	0.78	0.86	0.74	0.78
2900	0.76	0.58	0.6	0.66	0.64	0.66	0.54	0.58	0.58	0.78	0.7	0.66	0.8	0.86	0.76	0.8
2950	0.76	0.58	0.64	0.66	0.66	0.66	0.56	0.62	0.62	0.74	0.74	0.7	0.86	0.86	0.76	0.76
3000	0.78	0.62	0.66	0.66	0.66	0.64	0.54	0.58	0.62	0.72	0.74	0.7	0.88	0.84	0.76	0.8
3050	0.78	0.66	0.7	0.6	0.66	0.66	0.56	0.6	0.66	0.74	0.64	0.72	0.86	0.82	0.74	0.78
3100	0.72	0.62	0.72	0.64	0.66	0.66	0.58	0.62	0.68	0.74	0.66	0.78	0.84	0.74	0.76	0.7
3150	0.72	0.62	0.7	0.7	0.72	0.66	0.62	0.62	0.7	0.72	0.66	0.78	0.86	0.74	0.7	0.64
3200	0.72	0.62	0.72	0.7	0.72	0.7	0.58	0.66	0.64	0.7	0.66	0.74	0.82	0.7	0.68	0.66
3250	0.72	0.6	0.74	0.7	0.76	0.74	0.6	0.62	0.64	0.66	0.66	0.7	0.78	0.64	0.68	0.64
3300	0.72	0.62	0.78	0.76	0.76	0.68	0.56	0.6	0.68	0.7	0.7	0.72	0.76	0.66	0.7	0.64
3350	0.66	0.6	0.78	0.76	0.76	0.66	0.56	0.62	0.68	0.7	0.66	0.72	0.76	0.68	0.72	0.62
3400	0.68	0.56	0.7	0.78	0.72	0.7	0.56	0.62	0.68	0.68	0.7	0.68	0.74	0.66	0.7	0.64
3450	0.72	0.56	0.66	0.74	0.72	0.74	0.58	0.58	0.64	0.7	0.72	0.66	0.74	0.66	0.7	0.66
3500	0.7	0.56	0.72	0.74	0.7	0.72	0.5	0.6	0.58	0.7	0.7	0.7	0.74	0.72	0.68	0.74
3550	0.74	0.58	0.72	0.76	0.72	0.74	0.52	0.58	0.58	0.7	0.7	0.6	0.72	0.68	0.7	0.76
3600	0.76	0.62	0.76	0.82	0.78	0.76	0.56	0.58	0.62	0.68	0.7	0.54	0.7	0.7	0.72	0.78
3650	0.76	0.62	0.72	0.8	0.78	0.76	0.58	0.56	0.72	0.7	0.68	0.56	0.72	0.7	0.74	0.8
3700	0.76	0.72	0.72	0.82	0.8	0.82	0.6	0.6	0.72	0.66	0.68	0.54	0.72	0.72	0.7	0.82
3750	0.7	0.72	0.74	0.82	0.82	0.78	0.58	0.66	0.7	0.64	0.66	0.56	0.74	0.7	0.62	0.82
3800	0.7	0.74	0.76	0.82	0.88	0.78	0.58	0.68	0.74	0.66	0.64	0.54	0.74	0.66	0.6	0.8
3850	0.66	0.74	0.78	0.84	0.88	0.76	0.58	0.76	0.74	0.64	0.62	0.5	0.72	0.68	0.58	0.82
3900	0.68	0.76	0.8	0.82	0.86	0.8	0.66	0.78	0.74	0.64	0.6	0.58	0.66	0.66	0.58	0.78
3950	0.64	0.74	0.82	0.8	0.84	0.72	0.66	0.74	0.74	0.62	0.62	0.58	0.64	0.64	0.58	0.84
4000	0.58	0.74	0.82	0.8	0.84	0.72	0.66	0.74	0.66	0.66	0.64	0.62	0.68	0.68	0.52	0.84
4050	0.58	0.72	0.78	0.76	0.82	0.74	0.62	0.74	0.62	0.62	0.66	0.66	0.7	0.72	0.56	0.84
4100	0.64	0.72	0.8	0.76	0.82	0.78	0.62	0.76	0.62	0.7	0.72	0.68	0.72	0.76	0.62	0.84
4150	0.66	0.72	0.82	0.76	0.8	0.8	0.62	0.74	0.62	0.76	0.74	0.66	0.68	0.76	0.64	0.84
4200	0.68	0.7	0.88	0.78	0.82	0.8	0.62	0.7	0.6	0.76	0.78	0.68	0.72	0.78	0.68	0.82
4250	0.64	0.7	0.9	0.76	0.8	0.8	0.66	0.66	0.56	0.74	0.78	0.68	0.76	0.8	0.66	0.8
4300	0.68	0.66	0.9	0.78	0.8	0.78	0.66	0.62	0.5	0.7	0.74	0.72	0.78	0.8	0.72	0.82
4350	0.68	0.66	0.88	0.8	0.8	0.78	0.7	0.68	0.56	0.7	0.76	0.7	0.78	0.78	0.74	0.76
4400	0.7	0.7	0.9	0.84	0.82	0.78	0.68	0.68	0.62	0.72	0.76	0.74	0.76	0.74	0.78	0.7
4450	0.7	0.68	0.9	0.84	0.84	0.84	0.68	0.68	0.6	0.74	0.78	0.74	0.74	0.7	0.72	0.7
4500	0.72	0.7	0.86	0.8	0.88	0.86	0.7	0.68	0.62	0.7	0.76	0.74	0.72	0.68	0.76	0.68
4550	0.74	0.66	0.84	0.78	0.9	0.84	0.72	0.76	0.64	0.68	0.74	0.72	0.7	0.74	0.8	0.7
4600	0.76	0.68	0.8	0.78	0.86	0.84	0.68	0.74	0.68	0.72	0.72	0.72	0.68	0.72	0.8	0.7
4650	0.74	0.72	0.82	0.78	0.9	0.8	0.74	0.74	0.78	0.78	0.74	0.7	0.64	0.74	0.76	0.66
4700	0.74	0.72	0.78	0.78	0.88	0.76	0.72	0.72	0.76	0.78	0.78	0.68	0.66	0.7	0.76	0.66
4750	0.7	0.76	0.78	0.78	0.84	0.72	0.72	0.72	0.72	0.82	0.76	0.64	0.68	0.76	0.78	0.68
4800	0.74	0.74	0.78	0.76	0.8	0.68	0.72	0.72	0.68	0.82	0.78	0.62	0.7	0.76	0.76	0.7
4850	0.76	0.78	0.8	0.76	0.78	0.64	0.68	0.7	0.7	0.8	0.78	0.62	0.72	0.76	0.78	0.74
4900	0.7	0.78	0.84	0.76	0.72	0.6	0.72	0.66	0.76	0.8	0.82	0.64	0.74	0.82	0.72	0.78
4950	0.7	0.8	0.86	0.78	0.74	0.62	0.64	0.7	0.72	0.76	0.76	0.66	0.8	0.82	0.7	0.76
5000	0.72	0.78	0.86	0.82	0.74	0.66	0.68	0.7	0.68	0.74	0.74	0.64	0.82	0.76	0.68	0.74
5050	0.74	0.78	0.86	0.84	0.78	0.72	0.68	0.74	0.7	0.78	0.76	0.7	0.86	0.82	0.74	0.78
5100	0.72	0.74	0.86	0.8	0.78	0.76	0.7	0.74	0.7	0.78	0.76	0.7	0.86	0.82	0.68	0.76
5150	0.72	0.74	0.82	0.76	0.82	0.76	0.66	0.7	0.68	0.78	0.74	0.68	0.84	0.82	0.66	0.74
5200	0.68	0.78	0.84	0.78	0.86	0.9	0.66	0.76	0.66	0.78	0.74	0.7	0.86	0.82	0.66	0.74
5250	0.7	0.74	0.84	0.72	0.84	0.88	0.6	0.78	0.7	0.82	0.78	0.66	0.82	0.84	0.68	0.76
5300	0.7	0.76	0.84	0.74	0.9	0.86	0.68	0.78	0.66	0.86	0.8	0.7	0.82	0.86	0.68	0.74
5350	0.66	0.72	0.82	0.7	0.84	0.86	0.68	0.78	0.7	0.82	0.8	0.7	0.82	0.9	0.72	0.74
5400	0.68	0.72	0.82	0.7	0.86	0.86	0.66	0.76	0.64	0.84	0.8	0.74	0.84	0.88	0.72	0.72
5450	0.68	0.68	0.8	0.72	0.86	0.86	0.66	0.76	0.6	0.84	0.78	0.74	0.84	0.86	0.74	0.74
5500	0.7	0.72	0.8	0.74	0.86	0.84	0.6	0.74	0.6	0.86	0.8	0.74	0.78	0.86	0.74	0.76
5550	0.72	0.7	0.82	0.74	0.86	0.82	0.6	0.68	0.64	0.88	0.82	0.74	0.78	0.86	0.76	0.8
5600	0.76	0.72	0.86	0.74	0.82	0.82	0.62	0.7	0.66	0.86	0.8	0.74	0.74	0.82	0.82	0.76
5650	0.74	0.72	0.84	0.7	0.82	0.86	0.64	0.66	0.66	0.86	0.82	0.78	0.74	0.84	0.82	0.76
5700	0.78	0.74	0.8	0.66	0.82	0.86	0.62	0.68	0.7	0.84	0.82	0.8	0.68	0.8	0.82	0.74
5750	0.82	0.78	0.78	0.64	0.8	0.88	0.64	0.66	0.7	0.86	0.8	0.82	0.68	0.78	0.8	0.78
5800	0.86	0.78	0.78	0.64	0.82	0.84	0.64	0.66	0.7	0.84	0.76	0.78	0.64	0.76	0.8	0.76
5850	0.8	0.78	0.76	0.6	0.76	0.86	0.7	0.66	0.72	0.82	0.78	0.78	0.64	0.72	0.72	0.7
5900	0.82	0.78	0.78	0.6	0.74	0.88	0.7	0.64	0.72	0.82	0.78	0.84	0.66	0.72	0.72	0.72
5950	0.8	0.78	0.74	0.58	0.74	0.88	0.7	0.66	0.7	0.78	0.78	0.84	0.68	0.72	0.72	0.7
6000	0.76	0.78	0.76	0.6	0.72	0.86	0.68	0.68	0.7	0.8	0.8	0.82	0.7	0.7	0.64	0.66
6050	0.76	0.78	0.72	0.62	0.72	0.84	0.72	0.7	0.7	0.78	0.82	0.8	0.76	0.72	0.62	0.7
6100	0.78	0.84	0.74	0.66	0.72	0.82	0.74	0.7	0.74	0.7	0.78	0.76	0.76	0.78	0.64	0.7
6150	0.8	0.84	0.76	0.66	0.7	0.82	0.78	0.7	0.76	0.72	0.74	0.74	0.78	0.74	0.6	0.68
6200	0.78	0.82	0.8	0.66	0.7	0.84	0.82	0.74	0.78	0.74	0.78	0.76	0.82	0.76	0.62	0.72
6250	0.78	0.84	0.82	0.68	0.74	0.86	0.78	0.72	0.76	0.76	0.76	0.74	0.84	0.8	0.64	0.7
6300	0.78	0.84	0.82	0.7	0.74	0.86	0.78	0.74	0.78	0.72	0.66	0.74	0.78	0.74	0.68	0.68
6350	0.78	0.84	0.82	0.7	0.72	0.84	0.78	0.76	0.78	0.72	0.64	0.68	0.74	0.74	0.68	0.74
6400	0.72	0.78	0.8	0.66	0.7	0.86	0.76	0.76	0.8	0.72	0.6	0.66	0.7	0.72	0.7	0.72
6450	0.72	0.76	0.8	0.68	0.7	0.84	0.76	0.74	0.8	0.74	0.56	0.64	0.68	0.74	0.8	0.74
6500	0.7	0.7	0.8	0.7	0.7	0.82	0.76	0.74	0.82	0.78	0.56	0.66	0.64	0.7	0.74	0.72
6550	0.7	0.7	0.76	0.66	0.7	0.8	0.76	0.74	0.82	0.8	0.54	0.66	0.64	0.68	0.76	0.7
6600	0.68	0.7	0.72	0.66	0.72	0.8	0.8	0.76	0.88	0.8	0.5	0.68	0.62	0.7	0.76	0.72
6650	0.62	0.64	0.7	0.66	0.7	0.78	0.78	0.76	0.92	0.78	0.5	0.72	0.66	0.68	0.68	0.68
6700	0.68	0.66	0.7	0.6	0.7	0.78	0.8	0.76	0.96	0.76	0.54	0.72	0.7	0.72	0.74	0.74
6750	0.74	0.66	0.7	0.56	0.66	0.8	0.84	0.8	0.96	0.8	0.52	0.72	0.72	0.72	0.72	0.72
6800	0.7	0.68	0.66	0.62	0.64	0.76	0.82	0.78	0.92	0.8	0.52	0.74	0.74	0.76	0.68	0.72
6850	0.72	0.74	0.72	0.64	0.64	0.74	0.82	0.76	0.86	0.76	0.6	0.72	0.7	0.78	0.7	0.7
6900	0.76	0.74	0.8	0.64	0.7	0.78	0.82	0.76	0.84	0.78	0.6	0.72	0.64	0.78	0.7	0.72
6950	0.78	0.72	0.8	0.62	0.68	0.82	0.82	0.8	0.84	0.78	0.64	0.7	0.64	0.76	0.7	0.7
7000	0.84	0.78	0.8	0.66	0.68	0.8	0.82	0.8	0.84	0.76	0.7	0.7	0.64	0.74	0.78	0.76
7050	0.82	0.82	0.8	0.7	0.7	0.82	0.8	0.78	0.76	0.72	0.74	0.68	0.7	0.76	0.74	0.76
7100	0.86	0.8	0.8	0.74	0.74	0.8	0.78	0.8	0.76	0.72	0.78	0.7	0.7	0.78	0.74	0.76
7150	0.84	0.72	0.76	0.72	0.76	0.8	0.82	0.78	0.74	0.68	0.78	0.68	0.68	0.82	0.72	0.76
7200	0.8	0.72	0.76	0.76	0.76	0.84	0.82	0.88	0.76	0.68	0.76	0.68	0.7	0.8	0.72	0.76
7250	0.8	0.72	0.8	0.76	0.76	0.84	0.8	0.86	0.78	0.72	0.8	0.64	0.68	0.78	0.72	0.8
7300	0.78	0.7	0.76	0.78	0.8	0.78	0.74	0.82	0.78	0.72	0.82	0.68	0.7	0.76	0.7	0.82
7350	0.8	0.7	0.76	0.84	0.8	0.78	0.74	0.82	0.74	0.7	0.82	0.66	0.74	0.84	0.72	0.84
7400	0.8	0.72	0.78	0.88	0.78	0.72	0.72	0.74	0.76	0.62	0.78	0.62	0.76	0.82	0.74	0.86
7450	0.78	0.74	0.82	0.88	0.82	0.68	0.72	0.72	0.76	0.64	0.78	0.64	0.64	0.8	0.76	0.82
7500	0.8	0.74	0.86	0.9	0.78	0.68	0.7	0.76	0.74	0.66	0.78	0.68	0.68	0.8	0.78	0.84
7550	0.78	0.78	0.9	0.86	0.78	0.58	0.7	0.7	0.78	0.68	0.76	0.68	0.64	0.84	0.82	0.84
7600	0.78	0.82	0.88	0.84	0.74	0.56	0.7	0.68	0.8	0.68	0.74	0.7	0.62	0.82	0.82	0.82
7650	0.8	0.8	0.9	0.8	0.74	0.62	0.76	0.72	0.82	0.72	0.7	0.68	0.56	0.8	0.84	0.82
7700	0.8	0.82	0.9	0.8	0.72	0.64	0.76	0.72	0.84	0.74	0.72	0.7	0.64	0.8	0.82	0.78
7750	0.8	0.8	0.92	0.78	0.72	0.66	0.8	0.8	0.86	0.74	0.72	0.7	0.66	0.76	0.82	0.74
7800	0.78	0.76	0.9	0.78	0.72	0.7	0.82	0.82	0.84	0.7	0.66	0.68	0.66	0.76	0.78	0.68
7850	0.76	0.7	0.88	0.68	0.68	0.72	0.8	0.78	0.88	0.76	0.64	0.76	0.66	0.76	0.78	0.68
7900	0.72	0.7	0.86	0.64	0.64	0.72	0.78	0.8	0.86	0.76	0.64	0.7	0.68	0.72	0.74	0.64
7950	0.74	0.68	0.86	0.66	0.64	0.72	0.74	0.76	0.86	0.76	0.64	0.68	0.72	0.74	0.74	0.62
8000	0.74	0.68	0.84	0.68	0.64	0.74	0.72	0.76	0.88	0.78	0.7	0.68	0.74	0.74	0.76	0.64
8050	0.74	0.68	0.84	0.68	0.7	0.7	0.7	0.72	0.82	0.74	0.68	0.7	0.74	0.74	0.76	0.66
8100	0.7	0.68	0.84	0.64	0.72	0.7	0.68	0.7	0.82	0.78	0.72	0.72	0.76	0.76	0.74	0.64
8150	0.7	0.7	0.82	0.68	0.72	0.68	0.66	0.68	0.72	0.74	0.76	0.74	0.74	0.74	0.74	0.64
8200	0.74	0.72	0.84	0.66	0.72	0.68	0.7	0.66	0.72	0.74	0.74	0.74	0.78	0.76	0.74	0.68
8250	0.76	0.76	0.84	0.7	0.76	0.7	0.7	0.72	0.74	0.76	0.78	0.76	0.76	0.78	0.78	0.68
8300	0.78	0.76	0.84	0.72	0.8	0.74	0.72	0.68	0.74	0.74	0.74	0.74	0.76	0.78	0.78	0.7
8350	0.76	0.76	0.86	0.76	0.82	0.74	0.76	0.7	0.78	0.74	0.72	0.76	0.74	0.76	0.78	0.7
8400	0.74	0.82	0.86	0.76	0.86	0.78	0.8	0.7	0.76	0.76	0.74	0.78	0.74	0.76	0.78	0.66
8450	0.74	0.82	0.84	0.82	0.84	0.72	0.8	0.7	0.76	0.8	0.8	0.78	0.7	0.7	0.8	0.66
8500	0.74	0.84	0.86	0.82	0.84	0.72	0.8	0.72	0.8	0.82	0.78	0.76	0.72	0.7	0.76	0.68
8550	0.74	0.82	0.82	0.82	0.82	0.7	0.82	0.7	0.84	0.86	0.82	0.78	0.72	0.72	0.78	0.72
8600	0.72	0.82	0.82	0.84	0.84	0.76	0.8	0.76	0.88	0.88	0.88	0.76	0.7	0.72	0.82	0.76
8650	0.74	0.84	0.8	0.8	0.8	0.74	0.84	0.78	0.9	0.88	0.86	0.82	0.7	0.74	0.84	0.78
8700	0.74	0.82	0.78	0.78	0.78	0.76	0.84	0.74	0.92	0.86	0.88	0.84	0.68	0.72	0.8	0.78
8750	0.74	0.8	0.74	0.72	0.78	0.78	0.88	0.82	0.92	0.88	0.88	0.82	0.7	0.72	0.8	0.76
8800	0.8	0.82	0.76	0.72	0.8	0.78	0.84	0.84	0.9	0.82	0.86	0.8	0.68	0.76	0.78	0.78
8850	0.82	0.82	0.74	0.72	0.82	0.8	0.84	0.8	0.88	0.84	0.84	0.82	0.68	0.76	0.78	0.8
8900	0.82	0.84	0.74	0.74	0.82	0.76	0.86	0.8	0.86	0.84	0.9	0.82	0.7	0.74	0.8	0.76
8950	0.88	0.86	0.76	0.76	0.84	0.74	0.82	0.78	0.84	0.8	0.88	0.78	0.72	0.74	0.8	0.8
9000	0.88	0.86	0.76	0.8	0.86	0.78	0.82	0.78	0.82	0.78	0.88	0.82	0.72	0.74	0.78	0.78
9050	0.9	0.84	0.78	0.8	0.84	0.76	0.8	0.8	0.8	0.82	0.92	0.82	0.76	0.74	0.78	0.72
9100	0.94	0.84	0.82	0.82	0.88	0.74	0.74	0.78	0.76	0.8	0.9	0.84	0.76	0.76	0.8	0.74
9150	0.9	0.86	0.86	0.84	0.88	0.74	0.7	0.76	0.74	0.8	0.88	0.82	0.82	0.78	0.82	0.76
9200	0.86	0.86	0.9	0.82	0.9	0.76	0.68	0.8	0.72	0.82	0.88	0.8	0.8	0.72	0.8	0.72
9250	0.88	0.88	0.84	0.8	0.88	0.76	0.74	0.8	0.7	0.82	0.86	0.8	0.82	0.76	0.84	0.72
9300	0.84	0.88	0.8	0.78	0.88	0.76	0.7	0.84	0.74	0.86	0.86	0.82	0.8	0.76	0.78	0.74
9350	0.84	0.84	0.82	0.72	0.88	0.78	0.66	0.82	0.78	0.86	0.82	0.82	0.84	0.76	0.8	0.76
9400	0.82	0.86	0.84	0.74	0.88	0.78	0.68	0.86	0.8	0.88	0.8	0.76	0.8	0.78	0.8	0.78
9450	0.88	0.88	0.82	0.76	0.9	0.84	0.7	0.86	0.84	0.9	0.8	0.76	0.84	0.76	0.78	0.76
9500	0.88	0.86	0.8	0.76	0.86	0.8	0.68	0.88	0.82	0.9	0.8	0.78	0.8	0.74	0.76	0.78
9550	0.82	0.86	0.8	0.76	0.82	0.76	0.7	0.86	0.82	0.88	0.84	0.8	0.8	0.74	0.76	0.84
9600	0.82	0.88	0.76	0.76	0.76	0.76	0.72	0.88	0.8	0.88	0.8	0.8	0.72	0.76	0.78	0.84
9650	0.84	0.84	0.74	0.74	0.8	0.76	0.74	0.88	0.8	0.9	0.82	0.84	0.74	0.74	0.78	0.82
9700	0.82	0.86	0.8	0.76	0.78	0.74	0.74	0.82	0.8	0.88	0.84	0.84	0.76	0.76	0.76	0.78
9750	0.84	0.88	0.8	0.76	0.74	0.74	0.78	0.82	0.76	0.82	0.84	0.82	0.76	0.74	0.82	0.76
9800	0.82	0.84	0.8	0.72	0.72	0.7	0.74	0.8	0.76	0.82	0.82	0.82	0.76	0.72	0.84	0.72
9850	0.8	0.88	0.82	0.7	0.72	0.68	0.72	0.76	0.74	0.82	0.84	0.82	0.76	0.74	0.84	0.72
9900	0.84	0.9	0.82	0.72	0.72	0.7	0.68	0.74	0.74	0.82	0.84	0.86	0.76	0.74	0.86	0.74
9950	0.84	0.9	0.82	0.76	0.7	0.66	0.66	0.72	0.72	0.82	0.86	0.84	0.78	0.76	0.88	0.72
10000	0.84	0.92	0.86	0.74	0.7	0.68	0.66	0.74	0.74	0.82	0.9	0.86	0.84	0.8	0.86	0.74
10050	0.82	0.88	0.88	0.8	0.74	0.74	0.66	0.76	0.72	0.84	0.86	0.82	0.8	0.78	0.86	0.68
10100	0.8	0.88	0.88	0.84	0.74	0.72	0.6	0.78	0.72	0.84	0.88	0.84	0.8	0.78	0.78	0.72
10150	0.82	0.88	0.84	0.84	0.76	0.72	0.62	0.76	0.76	0.82	0.9	0.82	0.76	0.74	0.78	0.74
10200	0.84	0.88	0.84	0.86	0.78	0.76	0.68	0.76	0.76	0.86	0.9	0.78	0.74	0.76	0.74	0.74
10250	0.84	0.84	0.82	0.84	0.78	0.78	0.68	0.76	0.78	0.9	0.86	0.78	0.7	0.74	0.7	0.7
10300	0.84	0.82	0.78	0.82	0.86	0.76	0.66	0.76	0.8	0.94	0.84	0.76	0.7	0.72	0.68	0.68
10350	0.84	0.82	0.74	0.84	0.86	0.76	0.66	0.8	0.78	0.9	0.84	0.78	0.76	0.7	0.66	0.66
10400	0.8	0.82	0.74	0.82	0.86	0.78	0.6	0.78	0.78	0.88	0.84	0.74	0.76	0.68	0.66	0.68
10450	0.8	0.8	0.74	0.8	0.88	0.78	0.66	0.76	0.76	0.86	0.84	0.72	0.72	0.64	0.68	0.66
10500	0.78	0.78	0.72	0.72	0.84	0.76	0.72	0.74	0.8	0.84	0.84	0.72	0.74	0.62	0.68	0.64
10550	0.8	0.82	0.68	0.7	0.86	0.78	0.76	0.78	0.82	0.88	0.88	0.78	0.78	0.64	0.68	0.66
10600	0.82	0.78	0.64	0.7	0.86	0.8	0.78	0.76	0.8	0.88	0.84	0.74	0.76	0.68	0.72	0.7
10650	0.84	0.78	0.66	0.7	0.84	0.82	0.74	0.74	0.78	0.84	0.8	0.72	0.76	0.68	0.72	0.74
10700	0.82	0.78	0.7	0.7	0.84	0.78	0.74	0.74	0.76	0.86	0.8	0.72	0.74	0.68	0.8	0.76
10750	0.82	0.72	0.7	0.64	0.88	0.82	0.76	0.76	0.8	0.88	0.8	0.68	0.7	0.68	0.78	0.76
10800	0.84	0.72	0.72	0.68	0.9	0.84	0.8	0.72	0.76	0.92	0.84	0.76	0.7	0.68	0.78	0.74
10850	0.84	0.7	0.72	0.7	0.9	0.82	0.82	0.7	0.78	0.92	0.84	0.74	0.74	0.74	0.78	0.78
10900	0.84	0.7	0.72	0.72	0.88	0.78	0.78	0.72	0.76	0.94	0.8	0.7	0.7	0.76	0.82	0.76
10950	0.84	0.66	0.68	0.66	0.9	0.78	0.76	0.72	0.72	0.88	0.78	0.72	0.72	0.76	0.8	0.78
11000	0.86	0.7	0.74	0.7	0.88	0.78	0.72	0.7	0.66	0.84	0.8	0.72	0.72	0.78	0.78	0.76
11050	0.82	0.68	0.74	0.7	0.84	0.8	0.74	0.76	0.68	0.86	0.84	0.74	0.7	0.78	0.8	0.72
11100	0.8	0.68	0.74	0.72	0.78	0.68	0.72	0.74	0.76	0.82	0.86	0.72	0.74	0.76	0.82	0.74
11150	0.76	0.74	0.78	0.72	0.78	0.7	0.74	0.8	0.76	0.8	0.86	0.74	0.74	0.76	0.78	0.74
11200	0.78	0.74	0.78	0.68	0.78	0.7	0.72	0.8	0.72	0.8	0.86	0.74	0.78	0.76	0.76	0.76
11250	0.8	0.72	0.74	0.66	0.76	0.72	0.68	0.82	0.74	0.82	0.82	0.7	0.76	0.8	0.76	0.78
11300	0.8	0.7	0.78	0.7	0.72	0.7	0.7	0.82	0.74	0.82	0.84	0.7	0.7	0.76	0.76	0.78
11350	0.8	0.7	0.8	0.72	0.68	0.62	0.72	0.8	0.74	0.86	0.86	0.7	0.7	0.74	0.72	0.78
11400	0.78	0.7	0.76	0.7	0.7	0.68	0.68	0.76	0.7	0.84	0.84	0.72	0.68	0.72	0.74	0.76
11450	0.8	0.68	0.74	0.68	0.72	0.72	0.72	0.74	0.7	0.8	0.76	0.7	0.7	0.7	0.74	0.82
11500	0.78	0.66	0.74	0.72	0.76	0.66	0.72	0.66	0.7	0.82	0.76	0.68	0.68	0.7	0.74	0.82
11550	0.8	0.62	0.76	0.7	0.76	0.62	0.74	0.64	0.66	0.78	0.72	0.74	0.64	0.66	0.7	0.76
11600	0.82	0.64	0.78	0.72	0.74	0.66	0.72	0.64	0.6	0.76	0.74	0.72	0.66	0.66	0.68	0.76
11650	0.78	0.62	0.76	0.72	0.8	0.66	0.74	0.62	0.58	0.76	0.74	0.74	0.66	0.64	0.7	0.74
11700	0.78	0.68	0.76	0.74	0.8	0.66	0.76	0.62	0.6	0.78	0.74	0.74	0.68	0.52	0.64	0.7
11750	0.76	0.68	0.74	0.74	0.8	0.64	0.76	0.66	0.62	0.8	0.72	0.72	0.68	0.6	0.66	0.68
11800	0.76	0.66	0.76	0.72	0.82	0.68	0.76	0.66	0.68	0.76	0.72	0.68	0.68	0.58	0.64	0.68
11850	0.76	0.66	0.78	0.72	0.78	0.72	0.78	0.68	0.72	0.76	0.7	0.62	0.6	0.54	0.66	0.66
11900	0.82	0.66	0.82	0.72	0.78	0.72	0.78	0.76	0.72	0.76	0.68	0.6	0.62	0.6	0.66	0.7
11950	0.76	0.72	0.84	0.74	0.82	0.74	0.8	0.76	0.74	0.74	0.7	0.58	0.62	0.58	0.66	0.64
12000	0.82	0.8	0.8	0.76	0.8	0.76	0.84	0.8	0.82	0.76	0.72	0.58	0.66	0.58	0.68	0.64
12050	0.82	0.78	0.78	0.76	0.8	0.78	0.76	0.82	0.82	0.76	0.7	0.54	0.68	0.58	0.68	0.68
12100	0.82	0.74	0.78	0.74	0.82	0.78	0.74	0.8	0.8	0.7	0.7	0.56	0.64	0.62	0.66	0.68
12150	0.8	0.7	0.78	0.76	0.78	0.78	0.78	0.82	0.76	0.7	0.72	0.6	0.64	0.6	0.74	0.68
12200	0.78	0.76	0.8	0.76	0.74	0.78	0.82	0.84	0.78	0.72	0.72	0.6	0.76	0.58	0.68	0.62
12250	0.8	0.76	0.74	0.74	0.74	0.74	0.8	0.8	0.78	0.72	0.78	0.66	0.78	0.54	0.7	0.56
12300	0.78	0.74	0.72	0.72	0.76	0.74	0.74	0.76	0.7	0.76	0.8	0.7	0.74	0.5	0.66	0.54
12350	0.78	0.7	0.66	0.66	0.76	0.7	0.66	0.68	0.66	0.74	0.76	0.74	0.72	0.56	0.64	0.6
12400	0.76	0.7	0.64	0.64	0.74	0.72	0.72	0.7	0.68	0.76	0.78	0.76	0.68	0.58	0.68	0.62
12450	0.8	0.68	0.62	0.66	0.78	0.72	0.72	0.7	0.72	0.82	0.84	0.82	0.8	0.6	0.68	0.64
12500	0.8	0.7	0.62	0.64	0.76	0.72	0.7	0.66	0.74	0.84	0.8	0.88	0.78	0.64	0.68	0.66
12550	0.8	0.72	0.66	0.66	0.76	0.78	0.74	0.7	0.78	0.8	0.74	0.84	0.76	0.66	0.68	0.74
12600	0.8	0.72	0.66	0.68	0.76	0.78	0.76	0.72	0.76	0.78	0.76	0.82	0.74	0.7	0.74	0.82
12650	0.8	0.76	0.66	0.66	0.76	0.84	0.76	0.74	0.74	0.76	0.78	0.82	0.76	0.72	0.78	0.86
12700	0.82	0.76	0.66	0.7	0.82	0.82	0.8	0.68	0.74	0.76	0.82	0.84	0.76	0.78	0.82	0.86
12750	0.84	0.82	0.74	0.74	0.8	0.76	0.72	0.68	0.76	0.76	0.8	0.8	0.76	0.8	0.8	0.82
12800	0.8	0.88	0.76	0.74	0.72	0.68	0.68	0.68	0.74	0.72	0.78	0.72	0.68	0.76	0.78	0.82
12850	0.82	0.88	0.76	0.76	0.72	0.66	0.68	0.68	0.74	0.72	0.8	0.72	0.72	0.7	0.74	0.78
12900	0.84	0.88	0.78	0.82	0.72	0.6	0.66	0.66	0.66	0.64	0.78	0.68	0.68	0.66	0.68	0.74
12950	0.78	0.84	0.78	0.76	0.7	0.6	0.64	0.68	0.66	0.62	0.74	0.66	0.68	0.66	0.68	0.76
13000	0.8	0.86	0.78	0.78	0.7	0.54	0.64	0.7	0.66	0.62	0.74	0.66	0.64	0.68	0.7	0.76
13050	0.78	0.86	0.76	0.74	0.68	0.52	0.6	0.66	0.62	0.64	0.74	0.68	0.6	0.58	0.66	0.72
13100	0.7	0.82	0.76	0.76	0.68	0.56	0.64	0.66	0.6	0.66	0.72	0.68	0.66	0.56	0.66	0.68
13150	0.6	0.8	0.78	0.76	0.66	0.6	0.66	0.72	0.62	0.64	0.72	0.68	0.7	0.6	0.62	0.6
13200	0.6	0.76	0.76	0.72	0.74	0.7	0.68	0.72	0.6	0.62	0.7	0.74	0.68	0.62	0.64	0.58
13250	0.6	0.74	0.78	0.76	0.7	0.7	0.72	0.78	0.6	0.64	0.76	0.76	0.7	0.62	0.64	0.64
13300	0.62	0.74	0.76	0.7	0.66	0.72	0.7	0.78	0.62	0.66	0.74	0.76	0.72	0.66	0.68	0.68
13350	0.62	0.76	0.8	0.72	0.66	0.68	0.72	0.82	0.62	0.68	0.74	0.76	0.76	0.7	0.68	0.64
13400	0.66	0.8	0.8	0.8	0.68	0.7	0.76	0.84	0.64	0.66	0.72	0.78	0.78	0.7	0.68	0.68
13450	0.68	0.78	0.82	0.76	0.72	0.76	0.76	0.84	0.68	0.7	0.76	0.76	0.78	0.7	0.7	0.72
13500	0.7	0.8	0.84	0.82	0.72	0.74	0.8	0.84	0.72	0.76	0.82	0.76	0.84	0.8	0.7	0.8
13550	0.72	0.8	0.84	0.86	0.74	0.68	0.78	0.8	0.72	0.84	0.84	0.8	0.84	0.8	0.7	0.82
13600	0.74	0.84	0.88	0.86	0.72	0.66	0.78	0.8	0.78	0.84	0.86	0.78	0.88	0.82	0.76	0.84
13650	0.74	0.8	0.88	0.86	0.76	0.72	0.8	0.86	0.84	0.86	0.88	0.78	0.86	0.8	0.78	0.84
13700	0.78	0.8	0.92	0.9	0.76	0.72	0.8	0.86	0.78	0.8	0.88	0.78	0.88	0.82	0.8	0.82
13750	0.76	0.76	0.92	0.84	0.76	0.72	0.78	0.86	0.8	0.84	0.86	0.76	0.86	0.82	0.8	0.82
13800	0.74	0.74	0.92	0.82	0.76	0.72	0.78	0.86	0.8	0.84	0.84	0.76	0.92	0.84	0.8	0.78
13850	0.76	0.72	0.84	0.8	0.76	0.7	0.78	0.86	0.82	0.8	0.8	0.8	0.9	0.84	0.8	0.78
13900	0.76	0.7	0.8	0.74	0.74	0.72	0.78	0.86	0.82	0.76	0.78	0.72	0.9	0.84	0.78	0.78
13950	0.76	0.7	0.78	0.7	0.72	0.74	0.76	0.88	0.84	0.74	0.76	0.72	0.9	0.84	0.8	0.74
14000	0.76	0.68	0.74	0.62	0.68	0.72	0.72	0.88	0.82	0.74	0.74	0.72	0.84	0.8	0.82	0.76
14050	0.74	0.64	0.68	0.62	0.7	0.74	0.76	0.86	0.78	0.74	0.74	0.72	0.86	0.74	0.72	0.76
14100	0.78	0.66	0.64	0.6	0.64	0.7	0.72	0.84	0.74	0.76	0.76	0.72	0.84	0.72	0.72	0.78
14150	0.78	0.68	0.62	0.6	0.64	0.7	0.72	0.82	0.74	0.78	0.76	0.74	0.8	0.66	0.72	0.8
14200	0.78	0.72	0.64	0.6	0.66	0.66	0.7	0.8	0.72	0.8	0.78	0.82	0.8	0.62	0.7	0.78
14250	0.78	0.74	0.62	0.6	0.62	0.62	0.68	0.76	0.72	0.82	0.8	0.82	0.8	0.64	0.72	0.76
14300	0.8	0.76	0.64	0.6	0.58	0.62	0.68	0.78	0.72	0.84	0.86	0.86	0.8	0.68	0.72	0.74
14350	0.84	0.78	0.64	0.6	0.56	0.66	0.66	0.76	0.68	0.8	0.84	0.84	0.78	0.7	0.74	0.74
14400	0.82	0.84	0.64	0.68	0.62	0.68	0.66	0.76	0.62	0.76	0.8	0.82	0.82	0.72	0.74	0.76
14450	0.78	0.88	0.72	0.72	0.7	0.64	0.66	0.7	0.68	0.76	0.82	0.82	0.82	0.78	0.78	0.76
14500	0.76	0.84	0.74	0.7	0.72	0.66	0.7	0.72	0.66	0.74	0.82	0.8	0.82	0.82	0.76	0.76
14550	0.74	0.84	0.72	0.76	0.76	0.74	0.68	0.76	0.72	0.78	0.8	0.78	0.86	0.84	0.74	0.72
14600	0.76	0.84	0.72	0.72	0.82	0.76	0.74	0.78	0.74	0.76	0.8	0.78	0.88	0.88	0.74	0.74
14650	0.8	0.82	0.7	0.76	0.88	0.78	0.78	0.8	0.76	0.74	0.8	0.78	0.9	0.9	0.68	0.72
14700	0.82	0.84	0.76	0.8	0.88	0.78	0.78	0.84	0.76	0.74	0.84	0.8	0.88	0.9	0.68	0.78
14750	0.8	0.84	0.8	0.82	0.86	0.8	0.74	0.82	0.74	0.78	0.84	0.82	0.88	0.9	0.7	0.8
14800	0.84	0.84	0.82	0.84	0.88	0.82	0.72	0.78	0.74	0.84	0.88	0.84	0.92	0.9	0.68	0.78
14850	0.9	0.86	0.76	0.82	0.92	0.84	0.74	0.78	0.7	0.84	0.9	0.86	0.9	0.88	0.7	0.82
14900	0.9	0.86	0.78	0.8	0.84	0.8	0.74	0.82	0.66	0.78	0.94	0.86	0.86	0.88	0.74	0.84
14950	0.92	0.86	0.76	0.78	0.78	0.74	0.72	0.78	0.64	0.78	0.92	0.86	0.86	0.88	0.78	0.84
15000	0.92	0.88	0.76	0.78	0.78	0.68	0.7	0.74	0.64	0.74	0.92	0.82	0.84	0.86	0.82	0.86
15050	0.92	0.88	0.78	0.76	0.74	0.64	0.66	0.72	0.62	0.76	0.92	0.84	0.84	0.84	0.84	0.8
15100	0.92	0.88	0.78	0.76	0.76	0.64	0.68	0.7	0.62	0.74	0.84	0.78	0.82	0.8	0.8	0.78
15150	0.92	0.88	0.82	0.78	0.76	0.66	0.76	0.68	0.66	0.74	0.82	0.78	0.8	0.78	0.8	0.74
15200	0.94	0.86	0.76	0.74	0.7	0.6	0.72	0.68	0.68	0.7	0.82	0.78	0.8	0.78	0.76	0.72
15250	0.86	0.84	0.78	0.74	0.68	0.62	0.72	0.72	0.68	0.7	0.74	0.76	0.76	0.74	0.68	0.64
15300	0.82	0.82	0.78	0.78	0.68	0.64	0.7	0.74	0.7	0.72	0.76	0.76	0.8	0.76	0.68	0.64
15350	0.82	0.8	0.78	0.78	0.66	0.66	0.7	0.78	0.7	0.76	0.76	0.8	0.78	0.72	0.64	0.64
15400	0.84	0.78	0.76	0.8	0.72	0.72	0.74	0.76	0.68	0.8	0.72	0.84	0.76	0.72	0.64	0.66
15450	0.84	0.78	0.74	0.82	0.7	0.7	0.76	0.72	0.64	0.78	0.74	0.82	0.74	0.74	0.66	0.72
15500	0.84	0.76	0.74	0.8	0.76	0.7	0.78	0.72	0.66	0.8	0.76	0.86	0.72	0.76	0.7	0.74
15550	0.78	0.76	0.76	0.8	0.78	0.72	0.8	0.7	0.62	0.8	0.8	0.86	0.74	0.74	0.74	0.74
15600	0.7	0.76	0.8	0.78	0.82	0.74	0.8	0.72	0.6	0.8	0.78	0.92	0.76	0.74	0.66	0.66
15650	0.76	0.78	0.76	0.8	0.82	0.68	0.78	0.68	0.66	0.8	0.82	0.9	0.76	0.74	0.68	0.68
15700	0.8	0.8	0.74	0.8	0.84	0.66	0.74	0.66	0.66	0.78	0.8	0.9	0.78	0.74	0.68	0.66
15750	0.8	0.82	0.74	0.8	0.86	0.68	0.74	0.66	0.64	0.74	0.82	0.88	0.78	0.7	0.68	0.64
15800	0.8	0.82	0.8	0.78	0.88	0.68	0.7	0.68	0.62	0.72	0.78	0.84	0.8	0.68	0.7	0.62
15850	0.8	0.82	0.84	0.78	0.92	0.72	0.68	0.68	0.62	0.76	0.8	0.86	0.8	0.68	0.7	0.64
15900	0.86	0.84	0.88	0.82	0.94	0.76	0.66	0.7	0.62	0.68	0.78	0.84	0.8	0.62	0.7	0.64
15950	0.84	0.88	0.88	0.84	0.9	0.7	0.68	0.72	0.64	0.64	0.78	0.76	0.78	0.62	0.66	0.64
16000	0.84	0.86	0.84	0.86	0.86	0.68	0.74	0.72	0.64	0.6	0.74	0.7	0.76	0.68	0.66	0.64
16050	0.84	0.86	0.86	0.86	0.82	0.68	0.78	0.76	0.64	0.64	0.7	0.68	0.76	0.72	0.72	0.72
16100	0.78	0.88	0.88	0.9	0.82	0.7	0.78	0.76	0.68	0.72	0.74	0.66	0.78	0.72	0.7	0.66
16150	0.78	0.88	0.9	0.92	0.82	0.7	0.84	0.74	0.7	0.72	0.74	0.66	0.82	0.74	0.7	0.74
16200	0.8	0.88	0.92	0.92	0.84	0.78	0.82	0.74	0.74	0.74	0.74	0.72	0.82	0.76	0.68	0.74
16250	0.78	0.86	0.9	0.88	0.8	0.7	0.78	0.74	0.76	0.74	0.76	0.76	0.84	0.8	0.68	0.7
16300	0.78	0.88	0.9	0.88	0.78	0.7	0.8	0.7	0.72	0.78	0.76	0.78	0.84	0.82	0.7	0.74
16350	0.72	0.88	0.84	0.86	0.78	0.7	0.8	0.74	0.72	0.8	0.78	0.8	0.84	0.8	0.7	0.76
16400	0.72	0.88	0.88	0.84	0.78	0.7	0.74	0.72	0.72	0.78	0.78	0.86	0.86	0.8	0.72	0.76
16450	0.76	0.86	0.88	0.86	0.82	0.74	0.72	0.68	0.72	0.78	0.82	0.8	0.78	0.76	0.76	0.76
16500	0.84	0.86	0.86	0.88	0.72	0.66	0.72	0.68	0.72	0.8	0.84	0.8	0.78	0.74	0.76	0.8
16550	0.86	0.88	0.86	0.86	0.7	0.64	0.74	0.72	0.7	0.7	0.84	0.74	0.78	0.74	0.74	0.78
16600	0.88	0.86	0.8	0.82	0.68	0.66	0.7	0.66	0.62	0.68	0.84	0.76	0.78	0.7	0.74	0.78
16650	0.86	0.84	0.8	0.8	0.66	0.64	0.7	0.7	0.6	0.7	0.82	0.78	0.72	0.68	0.68	0.78
16700	0.86	0.86	0.8	0.84	0.66	0.64	0.72	0.7	0.66	0.72	0.8	0.78	0.7	0.66	0.7	0.82
16750	0.84	0.82	0.78	0.82	0.66	0.6	0.68	0.7	0.62	0.7	0.82	0.82	0.72	0.64	0.72	0.76
16800	0.84	0.82	0.8	0.82	0.64	0.58	0.7	0.68	0.66	0.74	0.8	0.82	0.74	0.66	0.7	0.76
16850	0.84	0.82	0.8	0.84	0.68	0.62	0.76	0.7	0.66	0.74	0.8	0.82	0.74	0.72	0.68	0.78
16900	0.82	0.82	0.82	0.84	0.68	0.6	0.8	0.66	0.68	0.76	0.82	0.82	0.66	0.64	0.64	0.74
16950	0.76	0.78	0.82	0.82	0.7	0.52	0.78	0.58	0.72	0.76	0.82	0.84	0.68	0.66	0.66	0.72
17000	0.76	0.8	0.84	0.86	0.72	0.54	0.78	0.58	0.74	0.76	0.8	0.88	0.76	0.64	0.68	0.7
17050	0.78	0.82	0.78	0.82	0.72	0.52	0.8	0.52	0.76	0.82	0.82	0.88	0.8	0.68	0.68	0.7
17100	0.78	0.82	0.76	0.84	0.72	0.52	0.82	0.54	0.74	0.88	0.82	0.88	0.8	0.68	0.66	0.72
17150	0.8	0.82	0.76	0.82	0.72	0.56	0.82	0.56	0.68	0.86	0.82	0.9	0.8	0.68	0.72	0.72
17200	0.72	0.8	0.76	0.82	0.7	0.54	0.8	0.54	0.68	0.86	0.84	0.9	0.82	0.7	0.7	0.66
17250	0.74	0.78	0.76	0.8	0.7	0.52	0.8	0.56	0.66	0.82	0.88	0.9	0.82	0.68	0.74	0.7
17300	0.74	0.8	0.74	0.76	0.7	0.62	0.8	0.6	0.66	0.78	0.84	0.88	0.9	0.76	0.74	0.7
17350	0.76	0.8	0.72	0.76	0.72	0.66	0.74	0.64	0.64	0.74	0.84	0.86	0.86	0.8	0.72	0.72
17400	0.74	0.8	0.74	0.72	0.74	0.7	0.74	0.68	0.68	0.74	0.86	0.86	0.86	0.78	0.72	0.68
17450	0.76	0.76	0.78	0.7	0.7	0.66	0.76	0.72	0.68	0.7	0.86	0.84	0.86	0.8	0.76	0.7
17500	0.74	0.74	0.78	0.72	0.7	0.64	0.78	0.74	0.7	0.68	0.9	0.82	0.84	0.78	0.76	0.7
17550	0.68	0.76	0.78	0.72	0.7	0.64	0.78	0.76	0.72	0.68	0.88	0.76	0.86	0.78	0.72	0.7
17600	0.72	0.8	0.76	0.7	0.66	0.72	0.82	0.82	0.74	0.66	0.84	0.76	0.86	0.76	0.66	0.64
17650	0.72	0.76	0.76	0.72	0.74	0.74	0.82	0.82	0.74	0.68	0.84	0.72	0.84	0.78	0.66	0.64
17700	0.72	0.78	0.78	0.7	0.76	0.76	0.82	0.82	0.8	0.68	0.78	0.7	0.84	0.76	0.64	0.64
17750	0.7	0.8	0.78	0.7	0.76	0.78	0.82	0.82	0.76	0.68	0.8	0.68	0.84	0.82	0.64	0.7
17800	0.72	0.8	0.74	0.76	0.68	0.76	0.84	0.82	0.76	0.72	0.78	0.7	0.84	0.8	0.66	0.7
17850	0.78	0.84	0.68	0.72	0.64	0.76	0.8	0.8	0.76	0.68	0.78	0.7	0.82	0.78	0.64	0.66
17900	0.82	0.88	0.7	0.76	0.66	0.74	0.78	0.74	0.72	0.66	0.72	0.68	0.82	0.78	0.66	0.68
17950	0.84	0.86	0.68	0.76	0.68	0.74	0.76	0.7	0.7	0.68	0.72	0.7	0.8	0.78	0.68	0.68
18000	0.82	0.88	0.7	0.8	0.74	0.76	0.78	0.68	0.68	0.66	0.72	0.68	0.78	0.76	0.66	0.72
18050	0.86	0.88	0.72	0.78	0.72	0.74	0.78	0.64	0.68	0.68	0.76	0.74	0.78	0.72	0.64	0.74
18100	0.82	0.9	0.74	0.8	0.72	0.7	0.8	0.66	0.72	0.62	0.8	0.78	0.78	0.7	0.68	0.72
18150	0.8	0.88	0.74	0.8	0.72	0.72	0.8	0.66	0.72	0.62	0.76	0.78	0.76	0.66	0.7	0.68
18200	0.8	0.9	0.8	0.78	0.74	0.76	0.82	0.66	0.7	0.66	0.8	0.78	0.78	0.62	0.74	0.76
18250	0.8	0.88	0.8	0.82	0.78	0.76	0.84	0.64	0.7	0.66	0.8	0.8	0.8	0.68	0.72	0.8
18300	0.8	0.84	0.78	0.82	0.86	0.84	0.82	0.58	0.64	0.64	0.78	0.76	0.78	0.66	0.7	0.8
18350	0.8	0.82	0.78	0.84	0.86	0.84	0.82	0.62	0.68	0.68	0.78	0.76	0.82	0.66	0.68	0.76
18400	0.82	0.84	0.76	0.86	0.86	0.82	0.8	0.62	0.7	0.68	0.8	0.78	0.88	0.68	0.66	0.68
18450	0.8	0.82	0.76	0.86	0.82	0.78	0.84	0.7	0.7	0.7	0.78	0.76	0.84	0.68	0.62	0.66
18500	0.84	0.86	0.74	0.9	0.82	0.8	0.84	0.72	0.7	0.66	0.7	0.76	0.84	0.66	0.62	0.62
18550	0.84	0.86	0.72	0.88	0.8	0.8	0.8	0.72	0.7	0.68	0.74	0.74	0.82	0.7	0.6	0.62
18600	0.82	0.82	0.74	0.84	0.82	0.8	0.82	0.7	0.7	0.68	0.72	0.76	0.84	0.7	0.6	0.6
18650	0.82	0.8	0.76	0.78	0.82	0.74	0.78	0.7	0.7	0.66	0.74	0.76	0.8	0.7	0.64	0.56
18700	0.78	0.78	0.7	0.78	0.76	0.7	0.78	0.74	0.78	0.68	0.74	0.7	0.76	0.7	0.64	0.6
18750	0.78	0.74	0.72	0.82	0.74	0.72	0.8	0.74	0.78	0.72	0.78	0.76	0.74	0.76	0.68	0.6
18800	0.76	0.66	0.7	0.78	0.72	0.68	0.74	0.76	0.76	0.68	0.76	0.74	0.74	0.74	0.7	0.62
18850	0.74	0.66	0.68	0.76	0.72	0.64	0.78	0.74	0.72	0.64	0.8	0.74	0.8	0.76	0.72	0.62
18900	0.72	0.64	0.66	0.74	0.72	0.62	0.76	0.74	0.72	0.68	0.84	0.74	0.82	0.78	0.66	0.58
18950	0.7	0.6	0.7	0.74	0.72	0.6	0.74	0.7	0.7	0.68	0.82	0.76	0.76	0.76	0.64	0.62
19000	0.66	0.6	0.7	0.8	0.74	0.6	0.72	0.74	0.72	0.68	0.78	0.72	0.82	0.8	0.6	0.64
19050	0.64	0.6	0.68	0.84	0.72	0.6	0.7	0.68	0.68	0.64	0.76	0.76	0.82	0.84	0.6	0.68
19100	0.66	0.62	0.7	0.82	0.7	0.58	0.68	0.7	0.6	0.62	0.72	0.72	0.82	0.78	0.54	0.7
19150	0.7	0.66	0.74	0.82	0.72	0.62	0.7	0.72	0.64	0.62	0.72	0.74	0.84	0.74	0.56	0.7
19200	0.7	0.68	0.7	0.8	0.68	0.64	0.72	0.76	0.64	0.64	0.74	0.78	0.84	0.76	0.58	0.72
19250	0.74	0.72	0.7	0.78	0.64	0.64	0.78	0.74	0.68	0.66	0.72	0.76	0.8	0.76	0.6	0.74
19300	0.76	0.74	0.74	0.82	0.68	0.66	0.78	0.74	0.66	0.66	0.72	0.74	0.8	0.72	0.7	0.8
19350	0.8	0.78	0.76	0.82	0.66	0.68	0.78	0.78	0.68	0.66	0.68	0.74	0.82	0.74	0.7	0.8
19400	0.78	0.78	0.78	0.82	0.68	0.68	0.82	0.78	0.72	0.7	0.68	0.72	0.78	0.7	0.76	0.76
19450	0.84	0.84	0.78	0.84	0.7	0.64	0.84	0.76	0.74	0.72	0.72	0.74	0.76	0.66	0.76	0.72
19500	0.82	0.86	0.82	0.88	0.74	0.64	0.84	0.72	0.78	0.7	0.7	0.76	0.76	0.68	0.76	0.72
19550	0.86	0.86	0.82	0.92	0.7	0.64	0.9	0.78	0.78	0.7	0.72	0.78	0.74	0.68	0.74	0.72
19600	0.86	0.9	0.82	0.92	0.72	0.62	0.9	0.74	0.72	0.76	0.74	0.78	0.76	0.64	0.72	0.72
19650	0.84	0.88	0.84	0.9	0.74	0.64	0.86	0.72	0.78	0.78	0.72	0.76	0.74	0.62	0.66	0.66
19700	0.78	0.84	0.9	0.9	0.76	0.62	0.86	0.7	0.8	0.78	0.72	0.78	0.7	0.6	0.6	0.68
19750	0.78	0.82	0.9	0.9	0.74	0.6	0.82	0.64	0.74	0.72	0.7	0.8	0.74	0.6	0.58	0.66
19800	0.76	0.82	0.88	0.9	0.74	0.62	0.82	0.64	0.7	0.74	0.76	0.8	0.76	0.62	0.64	0.72
19850	0.76	0.84	0.86	0.88	0.74	0.62	0.84	0.64	0.72	0.78	0.78	0.82	0.78	0.64	0.68	0.74
19900	0.76	0.82	0.84	0.82	0.64	0.6	0.86	0.6	0.68	0.74	0.78	0.8	0.8	0.68	0.68	0.76
19950	0.78	0.78	0.82	0.76	0.6	0.6	0.86	0.58	0.7	0.74	0.72	0.82	0.8	0.7	0.7	0.74
20000	0.78	0.78	0.8	0.76	0.56	0.62	0.84	0.6	0.7	0.74	0.76	0.78	0.82	0.72	0.74	0.76
