0	0.0	0.0	0.0	0.0	0.0	0.0	0.0	0.0	0.0	0.0	0.0	0.0	0.0	0.0	0.0	0.0
50	0.25	0.0	0.2	0.0	0.0	0.0	0.0	0.2	0.25	0.0	0.4	0.2	0.0	0.2	0.0	0.0
100	0.454545454545	0.25	0.4	0.2	0.166666666667	0.0	0.454545454545	0.4	0.444444444444	0.363636363636	0.625	0.5	0.166666666667	0.428571428571	0.0	0.25
150	0.5625	0.416666666667	0.571428571429	0.285714285714	0.4	0.363636363636	0.5	0.625	0.583333333333	0.631578947368	0.6875	0.666666666667	0.444444444444	0.461538461538	0.142857142857	0.466666666667
200	0.631578947368	0.533333333333	0.65	0.6	0.625	0.533333333333	0.647058823529	0.65	0.684210526316	0.68	0.736842105263	0.666666666667	0.5625	0.5625	0.428571428571	0.619047619048
250	0.730769230769	0.65	0.703703703704	0.666666666667	0.65	0.631578947368	0.714285714286	0.695652173913	0.75	0.678571428571	0.807692307692	0.692307692308	0.681818181818	0.65	0.555555555556	0.666666666667
300	0.78125	0.730769230769	0.764705882353	0.71875	0.695652173913	0.681818181818	0.75	0.730769230769	0.785714285714	0.709677419355	0.8125	0.724137931034	0.730769230769	0.730769230769	0.652173913043	0.714285714286
350	0.8	0.75	0.777777777778	0.75	0.758620689655	0.72	0.777777777778	0.766666666667	0.818181818182	0.727272727273	0.842105263158	0.771428571429	0.78125	0.774193548387	0.653846153846	0.75
400	0.829787234043	0.794117647059	0.80487804878	0.775	0.78125	0.774193548387	0.785714285714	0.78125	0.833333333333	0.769230769231	0.866666666667	0.8	0.8	0.794117647059	0.742857142857	0.764705882353
450	0.88	0.810810810811	0.833333333333	0.790697674419	0.8	0.794117647059	0.823529411765	0.794117647059	0.85	0.795454545455	0.875	0.826086956522	0.825	0.837209302326	0.780487804878	0.783783783784
500	0.92	0.820512820513	0.88	0.795454545455	0.80487804878	0.789473684211	0.842105263158	0.810810810811	0.844444444444	0.88	0.88	0.84	0.840909090909	0.851063829787	0.8125	0.80487804878
550	0.96	0.829268292683	0.94	0.816326530612	0.826086956522	0.794871794872	0.853658536585	0.825	0.854166666667	0.92	0.94	0.94	0.9	0.9	0.88	0.826086956522
600	0.98	0.847826086957	0.94	0.84	0.833333333333	0.818181818182	0.857142857143	0.840909090909	0.92	0.96	0.98	0.94	0.96	0.96	0.94	0.829787234043
650	0.98	0.854166666667	0.94	0.94	0.88	0.92	0.866666666667	0.847826086957	0.96	0.96	0.96	0.94	0.98	1.0	0.94	0.86
700	0.98	0.9	0.98	0.94	0.94	0.98	0.851063829787	0.854166666667	0.96	0.96	0.96	0.96	1.0	1.0	0.98	0.9
750	0.98	0.96	0.98	0.98	0.94	0.98	0.94	0.92	0.96	0.98	0.96	0.98	1.0	1.0	0.98	0.96
800	0.98	0.98	0.98	1.0	0.96	0.98	0.98	0.98	0.98	1.0	0.96	1.0	1.0	1.0	0.98	0.98
850	0.98	1.0	0.98	1.0	0.96	0.98	0.98	0.98	0.96	1.0	0.96	1.0	1.0	1.0	0.98	1.0
900	1.0	1.0	0.98	1.0	0.94	0.98	0.98	1.0	0.94	1.0	0.96	0.98	1.0	1.0	1.0	1.0
950	1.0	1.0	0.98	1.0	0.92	0.98	0.98	1.0	0.92	1.0	0.98	0.98	1.0	1.0	1.0	1.0
1000	1.0	1.0	0.98	1.0	0.92	0.96	0.98	1.0	0.9	1.0	0.98	0.94	1.0	1.0	1.0	1.0
1050	1.0	1.0	1.0	1.0	0.92	0.94	0.98	1.0	0.9	1.0	0.98	0.94	1.0	1.0	1.0	1.0
1100	1.0	1.0	1.0	1.0	0.92	0.96	0.98	1.0	0.9	1.0	0.98	0.94	1.0	1.0	1.0	1.0
1150	1.0	0.98	1.0	1.0	0.92	0.96	0.98	0.94	0.9	1.0	0.98	0.94	1.0	1.0	1.0	1.0
1200	1.0	0.98	1.0	1.0	0.92	0.96	0.98	0.92	0.9	1.0	0.98	0.92	1.0	1.0	1.0	1.0
1250	1.0	0.98	1.0	1.0	0.92	0.96	0.98	0.88	0.9	1.0	0.98	0.92	1.0	1.0	1.0	1.0
1300	1.0	0.98	1.0	1.0	0.92	0.96	0.98	0.88	0.9	1.0	0.98	0.92	1.0	1.0	0.98	0.98
1350	1.0	0.96	1.0	1.0	0.92	0.96	1.0	0.86	0.9	1.0	1.0	0.92	1.0	1.0	0.98	0.98
1400	1.0	0.96	1.0	1.0	0.92	0.96	1.0	0.86	0.9	1.0	1.0	0.92	1.0	0.98	0.98	0.98
1450	1.0	0.96	1.0	1.0	0.92	0.96	0.98	0.84	0.9	1.0	1.0	0.92	1.0	0.96	0.98	0.96
1500	1.0	0.96	1.0	1.0	0.92	0.96	0.96	0.84	0.9	1.0	1.0	0.92	1.0	0.96	0.98	0.96
1550	1.0	0.96	1.0	1.0	0.94	0.96	0.96	0.84	0.9	1.0	0.98	0.94	1.0	0.94	0.98	0.96
1600	1.0	0.96	1.0	1.0	0.96	0.96	0.96	0.84	0.9	1.0	0.98	0.98	1.0	0.94	0.98	0.96
1650	1.0	0.96	1.0	1.0	0.96	0.96	0.96	0.88	0.92	0.98	0.98	0.98	1.0	0.94	0.98	0.96
1700	1.0	0.96	0.98	1.0	0.98	1.0	0.96	0.9	0.94	0.96	0.98	0.98	1.0	0.94	0.98	0.96
1750	1.0	0.96	0.98	1.0	0.98	1.0	0.96	0.9	0.98	0.96	0.98	0.98	1.0	0.94	0.98	0.96
1800	0.98	0.96	0.98	0.98	1.0	1.0	0.96	0.9	0.98	0.96	0.98	0.98	1.0	0.94	0.98	0.96
1850	0.98	0.96	0.98	0.98	1.0	1.0	0.96	0.9	0.98	0.96	0.94	1.0	1.0	0.94	0.98	0.94
1900	0.96	0.96	0.98	0.98	1.0	1.0	0.96	0.94	0.98	0.96	0.94	0.98	1.0	0.94	0.98	0.94
1950	0.96	0.96	0.98	0.98	0.98	1.0	0.96	0.96	1.0	0.96	0.94	0.96	0.98	0.94	1.0	0.96
2000	0.96	0.96	0.98	0.98	0.98	1.0	0.96	0.96	1.0	0.96	0.92	0.96	0.98	0.94	1.0	0.96
2050	0.96	0.94	0.98	0.96	0.98	1.0	0.96	0.98	1.0	0.96	0.92	0.96	0.98	0.96	1.0	0.96
2100	0.96	0.94	0.98	0.96	0.98	1.0	0.98	0.98	1.0	0.96	0.9	0.96	0.98	0.96	1.0	0.98
2150	0.96	0.96	0.98	0.96	0.98	1.0	0.98	1.0	1.0	0.96	0.9	0.94	0.98	0.96	1.0	0.98
2200	0.92	0.96	0.98	0.96	0.96	1.0	0.98	1.0	1.0	0.96	0.9	0.94	0.98	0.96	1.0	0.98
2250	0.92	0.96	0.98	0.96	0.96	1.0	0.98	1.0	1.0	0.96	0.9	0.94	0.98	0.94	1.0	0.96
2300	0.9	0.96	0.98	0.96	0.96	1.0	0.98	1.0	1.0	0.96	0.92	0.94	0.98	0.94	1.0	0.96
2350	0.88	0.96	0.98	0.96	0.96	1.0	0.98	1.0	0.98	0.96	0.92	0.94	0.98	0.96	1.0	0.96
2400	0.88	0.96	0.98	0.98	0.96	1.0	0.98	1.0	0.96	0.98	0.92	0.94	0.98	0.96	1.0	0.96
2450	0.88	0.96	0.98	0.98	0.96	1.0	0.98	1.0	0.96	1.0	0.92	0.94	0.96	0.96	1.0	0.96
2500	0.88	0.98	1.0	0.98	0.98	1.0	0.98	1.0	0.96	1.0	0.92	0.94	0.94	0.96	1.0	0.96
2550	0.88	0.98	1.0	0.98	0.98	0.98	1.0	1.0	0.96	0.98	0.96	0.94	0.92	0.96	1.0	0.96
2600	0.9	0.98	1.0	0.98	0.98	0.98	1.0	1.0	0.96	0.98	0.96	0.94	0.92	0.96	1.0	0.98
2650	0.92	0.98	1.0	0.98	0.98	0.98	0.98	1.0	0.94	0.98	0.98	0.96	0.94	0.96	1.0	0.98
2700	0.9	0.98	1.0	0.98	0.96	0.98	0.98	1.0	0.94	0.98	0.98	0.98	0.94	0.96	1.0	0.98
2750	0.9	0.98	1.0	1.0	0.96	0.98	0.98	1.0	0.94	0.98	1.0	0.98	0.94	0.96	1.0	0.98
2800	0.9	0.98	1.0	1.0	0.96	0.98	0.98	1.0	0.92	0.96	1.0	1.0	0.94	0.96	1.0	0.98
2850	0.9	0.98	1.0	1.0	0.96	0.98	0.98	1.0	0.9	0.96	1.0	1.0	0.92	0.96	1.0	0.98
2900	0.9	0.96	1.0	1.0	0.96	0.98	0.96	1.0	0.9	0.92	1.0	1.0	0.92	0.96	1.0	0.98
2950	0.92	0.96	1.0	1.0	0.96	0.98	0.96	1.0	0.9	0.92	1.0	0.98	0.9	0.98	1.0	1.0
3000	0.96	0.96	0.98	1.0	0.98	0.98	0.94	1.0	0.9	0.9	1.0	0.98	0.88	1.0	1.0	1.0
3050	0.98	0.96	0.94	1.0	0.98	0.98	0.94	1.0	0.9	0.92	1.0	0.98	0.88	0.98	1.0	1.0
3100	0.98	0.96	0.94	1.0	0.98	0.98	0.92	1.0	0.9	0.92	1.0	0.96	0.88	0.98	1.0	1.0
3150	0.98	0.96	0.94	1.0	0.98	0.98	0.92	1.0	0.9	0.92	1.0	0.96	0.92	0.98	1.0	1.0
3200	0.98	0.94	0.94	1.0	0.96	1.0	0.9	1.0	0.94	0.92	1.0	0.96	0.94	0.98	1.0	0.98
3250	0.96	0.94	0.92	1.0	0.96	1.0	0.9	1.0	0.94	0.92	1.0	0.96	0.94	0.96	1.0	0.98
3300	0.96	0.94	0.92	1.0	0.96	1.0	0.9	1.0	0.94	0.9	1.0	0.96	0.92	0.96	1.0	0.98
3350	0.96	0.94	0.92	1.0	0.96	1.0	0.9	1.0	0.96	0.9	1.0	0.96	0.92	0.96	1.0	0.98
3400	0.94	0.94	0.92	1.0	0.96	1.0	0.9	1.0	0.94	0.9	1.0	0.96	0.9	0.96	1.0	0.98
3450	0.92	0.94	0.9	1.0	0.94	1.0	0.92	1.0	0.94	0.94	1.0	0.96	0.9	0.96	1.0	0.98
3500	0.92	0.96	0.92	1.0	0.94	1.0	0.92	1.0	0.96	0.94	0.98	0.96	0.92	0.96	1.0	0.98
3550	0.94	0.96	0.94	0.98	0.92	1.0	0.92	1.0	0.96	0.94	0.98	0.96	0.94	0.92	1.0	0.96
3600	0.94	0.94	0.96	0.98	0.92	1.0	0.94	1.0	0.96	0.94	0.98	0.98	0.94	0.88	1.0	0.94
3650	0.94	0.92	0.96	0.98	0.92	1.0	0.96	1.0	0.98	0.94	0.98	0.98	0.96	0.9	1.0	0.94
3700	0.94	0.92	0.96	0.98	0.92	1.0	0.96	1.0	0.98	0.94	0.98	1.0	0.96	0.9	1.0	0.92
3750	0.94	0.92	0.96	0.96	0.92	1.0	0.96	1.0	0.98	0.94	0.96	0.98	0.96	0.9	1.0	0.92
3800	0.94	0.92	0.96	0.96	0.92	1.0	0.98	1.0	0.98	0.94	0.96	0.98	0.96	0.9	0.98	0.92
3850	0.94	0.94	0.98	0.96	0.92	1.0	0.98	1.0	0.98	0.96	0.96	0.98	0.96	0.9	0.98	0.92
3900	0.94	0.94	0.98	0.96	0.92	1.0	0.98	1.0	0.96	0.96	0.94	0.96	0.96	0.9	0.98	0.94
3950	0.94	0.94	0.98	0.96	0.94	1.0	0.98	1.0	0.96	0.98	0.94	0.94	0.96	0.9	0.98	0.92
4000	0.96	0.96	0.98	0.96	0.96	1.0	0.98	1.0	0.96	0.98	0.94	0.94	0.96	0.9	0.98	0.92
4050	0.98	0.96	0.98	0.94	0.96	1.0	0.96	1.0	0.96	0.98	0.94	0.94	0.96	0.9	0.98	0.92
4100	1.0	0.96	0.98	0.92	0.98	1.0	0.96	1.0	0.96	0.98	0.94	0.94	1.0	0.88	0.98	0.9
4150	0.96	0.96	1.0	0.92	0.98	1.0	0.94	1.0	0.96	0.98	0.94	0.94	1.0	0.92	0.98	0.9
4200	0.96	0.96	0.98	0.92	0.98	1.0	0.94	1.0	0.96	0.98	0.94	0.94	1.0	0.96	0.98	0.9
4250	0.96	0.98	0.98	0.92	1.0	1.0	0.94	1.0	0.96	0.96	0.94	0.94	1.0	0.96	0.98	0.9
4300	0.96	0.98	0.98	0.92	1.0	1.0	0.92	1.0	0.98	0.98	0.96	0.94	1.0	0.96	0.98	0.92
4350	0.96	1.0	0.96	0.94	1.0	1.0	0.92	1.0	0.98	0.98	0.96	0.94	1.0	0.96	1.0	0.94
4400	0.96	1.0	0.96	0.94	1.0	1.0	0.92	1.0	0.98	0.98	0.96	0.96	1.0	0.94	1.0	0.92
4450	0.96	0.98	0.96	0.96	1.0	1.0	0.94	1.0	0.98	0.96	0.96	0.96	1.0	0.94	1.0	0.92
4500	0.96	0.98	0.96	0.96	1.0	1.0	0.94	1.0	0.98	0.96	0.96	0.96	1.0	0.96	1.0	0.94
4550	0.96	0.98	0.96	0.96	1.0	1.0	0.92	1.0	0.98	0.96	0.98	0.98	1.0	0.96	1.0	0.94
4600	0.96	0.98	0.96	0.96	1.0	1.0	0.92	1.0	0.98	0.96	0.96	0.98	1.0	0.96	1.0	0.94
4650	0.96	0.98	0.96	0.96	1.0	1.0	0.92	1.0	0.98	0.94	0.96	1.0	1.0	0.96	1.0	0.94
4700	0.96	0.98	0.96	0.96	1.0	1.0	0.94	1.0	0.98	0.94	0.98	1.0	1.0	0.96	1.0	0.96
4750	0.96	0.98	0.94	0.96	0.98	1.0	0.96	1.0	0.98	0.94	0.98	1.0	1.0	0.96	1.0	0.98
4800	0.98	0.98	0.94	0.98	0.98	1.0	0.96	1.0	0.98	0.94	0.98	1.0	1.0	0.96	1.0	0.98
4850	1.0	0.98	0.94	1.0	0.96	1.0	0.96	1.0	0.96	0.92	0.98	1.0	1.0	0.96	1.0	0.98
4900	1.0	0.98	0.94	0.98	0.96	1.0	0.98	1.0	0.94	0.94	0.96	1.0	1.0	0.98	1.0	0.98
4950	1.0	0.98	0.94	0.98	0.96	1.0	0.98	1.0	0.94	0.94	0.96	1.0	1.0	0.98	1.0	0.98
5000	1.0	0.98	0.96	0.96	0.96	1.0	0.98	1.0	0.94	0.92	0.96	1.0	1.0	0.98	1.0	0.98
5050	1.0	0.98	0.96	0.96	0.96	1.0	0.98	1.0	0.94	0.92	0.96	1.0	1.0	0.98	1.0	1.0
5100	1.0	0.96	0.96	0.94	0.94	1.0	0.98	1.0	0.94	0.94	0.96	1.0	1.0	0.96	1.0	1.0
5150	1.0	0.96	0.96	0.92	0.94	1.0	0.98	1.0	0.94	0.94	0.96	1.0	1.0	0.94	1.0	1.0
5200	1.0	0.96	0.98	0.9	0.94	1.0	0.98	1.0	0.94	0.92	0.96	1.0	1.0	0.94	1.0	1.0
5250	1.0	0.96	0.98	0.9	0.94	1.0	0.98	1.0	0.96	0.92	0.96	1.0	1.0	0.94	1.0	1.0
5300	1.0	0.96	0.98	0.9	0.94	1.0	0.98	1.0	0.96	0.94	0.96	1.0	1.0	0.96	1.0	1.0
5350	0.98	0.96	0.98	0.9	0.9	1.0	1.0	1.0	0.96	0.94	0.96	1.0	1.0	0.96	1.0	1.0
5400	0.96	0.96	0.96	0.9	0.9	1.0	1.0	1.0	0.96	0.94	0.96	1.0	1.0	0.96	1.0	1.0
5450	0.96	0.96	0.96	0.9	0.92	1.0	1.0	1.0	0.96	0.94	0.96	1.0	1.0	0.96	1.0	1.0
5500	0.96	0.96	0.96	0.88	0.92	1.0	1.0	1.0	0.98	0.92	0.98	1.0	1.0	0.96	1.0	1.0
5550	0.94	0.94	0.98	0.88	0.94	1.0	1.0	1.0	0.98	0.92	0.98	1.0	1.0	0.96	1.0	1.0
5600	0.94	0.92	0.98	0.88	0.94	1.0	1.0	1.0	0.98	0.94	0.98	1.0	1.0	0.96	1.0	1.0
5650	0.94	0.92	0.98	0.9	0.94	1.0	1.0	1.0	0.98	0.94	0.98	1.0	1.0	0.96	1.0	1.0
5700	0.94	0.92	0.98	0.92	0.94	1.0	1.0	1.0	0.98	0.94	1.0	1.0	1.0	0.96	1.0	1.0
5750	0.94	0.92	0.98	0.92	0.94	1.0	1.0	1.0	0.96	0.94	1.0	1.0	1.0	0.98	1.0	1.0
5800	0.92	0.94	0.98	0.94	0.94	1.0	1.0	1.0	0.96	0.94	0.98	1.0	1.0	0.98	0.98	1.0
5850	0.92	0.94	0.98	0.94	0.94	1.0	1.0	1.0	0.96	0.96	0.98	1.0	1.0	0.98	0.98	1.0
5900	0.92	0.96	0.96	0.98	0.94	1.0	1.0	1.0	0.96	0.96	0.98	1.0	1.0	0.98	0.98	1.0
5950	0.92	0.96	0.96	0.98	0.94	1.0	1.0	1.0	0.96	0.96	0.98	1.0	1.0	0.98	0.98	1.0
6000	0.92	0.96	0.96	0.98	0.94	1.0	1.0	1.0	0.94	0.96	0.98	1.0	1.0	0.98	0.98	1.0
6050	0.92	0.96	0.98	0.98	0.94	1.0	1.0	1.0	0.94	0.96	0.98	1.0	1.0	0.98	0.98	1.0
6100	0.94	0.96	0.98	0.98	0.96	1.0	1.0	1.0	0.94	0.98	0.96	1.0	1.0	0.98	0.98	1.0
6150	0.96	0.96	0.98	0.98	0.96	1.0	1.0	1.0	0.94	0.98	0.94	1.0	1.0	0.98	0.98	1.0
6200	0.96	0.96	0.98	0.98	0.96	1.0	1.0	1.0	0.94	0.98	0.94	0.98	1.0	0.98	0.98	1.0
6250	0.94	0.96	0.98	0.98	0.96	1.0	1.0	1.0	0.94	0.98	0.94	0.98	1.0	0.98	0.98	1.0
6300	0.96	0.98	0.98	0.98	0.96	1.0	1.0	1.0	0.94	0.98	0.94	0.98	1.0	0.98	0.98	1.0
6350	0.96	1.0	0.98	0.98	0.96	1.0	1.0	1.0	0.94	1.0	0.96	0.98	1.0	0.98	0.98	1.0
6400	0.96	1.0	0.98	0.98	0.96	1.0	1.0	1.0	0.96	1.0	0.96	0.98	1.0	0.98	0.98	1.0
6450	0.96	1.0	0.98	0.98	0.96	1.0	0.98	1.0	0.96	1.0	0.96	0.98	1.0	0.98	0.98	1.0
6500	0.96	1.0	0.98	0.98	0.96	1.0	0.98	1.0	0.96	1.0	0.96	0.98	1.0	0.98	1.0	1.0
6550	0.96	1.0	0.98	0.98	0.96	1.0	0.98	1.0	0.96	1.0	0.96	0.98	1.0	0.98	1.0	1.0
6600	0.98	1.0	1.0	0.98	0.96	1.0	0.98	1.0	0.94	1.0	0.96	0.98	1.0	1.0	1.0	1.0
6650	0.98	1.0	1.0	0.98	0.96	1.0	0.98	1.0	0.94	1.0	0.98	0.98	1.0	0.98	1.0	1.0
6700	0.98	1.0	1.0	0.98	0.98	1.0	0.98	1.0	0.94	1.0	0.98	0.98	1.0	0.98	1.0	1.0
6750	0.98	1.0	1.0	0.98	0.98	1.0	0.98	1.0	0.94	1.0	0.98	0.98	1.0	0.98	1.0	1.0
6800	0.98	1.0	1.0	0.98	1.0	1.0	0.98	1.0	0.96	1.0	1.0	0.98	1.0	0.96	1.0	1.0
6850	0.98	1.0	1.0	0.98	1.0	1.0	0.98	1.0	0.96	1.0	1.0	0.98	1.0	0.96	1.0	1.0
6900	0.98	1.0	1.0	0.98	1.0	1.0	0.98	1.0	0.96	1.0	1.0	1.0	1.0	0.96	1.0	1.0
6950	1.0	1.0	1.0	1.0	1.0	1.0	0.98	1.0	0.96	1.0	1.0	1.0	1.0	0.96	1.0	1.0
7000	1.0	1.0	1.0	1.0	1.0	1.0	0.98	1.0	0.98	1.0	1.0	1.0	1.0	0.96	1.0	1.0
7050	1.0	1.0	1.0	1.0	1.0	1.0	0.98	1.0	0.98	1.0	1.0	1.0	1.0	0.96	1.0	1.0
7100	1.0	1.0	1.0	1.0	1.0	1.0	0.98	1.0	0.98	1.0	1.0	1.0	1.0	0.94	0.98	1.0
7150	1.0	1.0	1.0	1.0	1.0	1.0	0.98	1.0	0.98	1.0	1.0	1.0	1.0	0.94	0.98	1.0
7200	0.98	1.0	1.0	1.0	1.0	1.0	0.98	1.0	0.98	1.0	1.0	1.0	1.0	0.94	0.98	1.0
7250	0.98	1.0	1.0	1.0	1.0	1.0	0.98	1.0	0.98	1.0	0.98	1.0	1.0	0.94	0.98	1.0
7300	0.98	1.0	1.0	1.0	0.98	1.0	1.0	1.0	0.98	1.0	0.98	1.0	1.0	0.94	0.98	1.0
7350	0.98	1.0	1.0	0.98	0.98	1.0	1.0	1.0	0.98	1.0	0.98	1.0	1.0	0.96	0.98	1.0
7400	0.98	1.0	1.0	0.98	0.98	1.0	1.0	1.0	1.0	1.0	0.98	1.0	1.0	0.96	0.96	1.0
7450	0.98	1.0	1.0	0.98	0.96	1.0	0.98	1.0	1.0	1.0	0.98	1.0	1.0	0.98	0.96	1.0
7500	0.98	1.0	1.0	0.98	0.94	1.0	0.96	1.0	1.0	1.0	0.98	0.98	0.98	0.98	0.96	1.0
7550	0.96	1.0	1.0	0.98	0.94	1.0	0.96	1.0	1.0	1.0	0.96	0.98	0.98	0.98	0.96	1.0
7600	0.96	1.0	1.0	0.98	0.94	1.0	0.96	1.0	1.0	1.0	0.96	0.98	0.96	0.98	0.96	1.0
7650	0.96	1.0	1.0	0.98	0.94	1.0	0.96	1.0	1.0	1.0	0.94	0.94	0.96	0.98	0.96	1.0
7700	0.94	1.0	1.0	0.98	0.94	1.0	0.96	1.0	1.0	1.0	0.94	0.94	0.96	1.0	0.96	1.0
7750	0.94	1.0	1.0	0.98	0.94	1.0	0.96	1.0	1.0	1.0	0.92	0.94	0.96	1.0	0.98	1.0
7800	0.94	1.0	1.0	0.98	0.94	1.0	0.96	1.0	1.0	1.0	0.92	0.94	0.96	1.0	0.98	1.0
7850	0.94	1.0	1.0	0.98	0.94	1.0	0.96	1.0	1.0	1.0	0.92	0.94	0.96	1.0	0.98	0.98
7900	0.94	1.0	1.0	0.98	0.94	1.0	0.96	1.0	1.0	1.0	0.94	0.94	0.96	1.0	0.98	0.98
7950	0.94	1.0	1.0	0.98	0.92	1.0	0.96	1.0	1.0	1.0	0.94	0.92	0.96	1.0	0.98	0.98
8000	0.96	1.0	1.0	0.98	0.92	0.98	0.96	1.0	1.0	1.0	0.94	0.92	0.96	1.0	0.98	0.98
8050	0.96	1.0	1.0	0.98	0.92	0.98	0.96	1.0	1.0	1.0	0.94	0.92	0.98	1.0	0.98	0.98
8100	0.96	1.0	1.0	1.0	0.94	0.98	0.96	1.0	1.0	1.0	0.94	0.92	0.98	1.0	1.0	0.98
8150	0.96	1.0	1.0	1.0	0.96	0.98	0.96	1.0	1.0	1.0	0.94	0.92	0.98	1.0	0.98	0.98
8200	0.96	1.0	1.0	1.0	0.98	0.98	0.96	1.0	1.0	1.0	0.94	0.92	0.98	1.0	0.98	0.98
8250	0.94	1.0	1.0	1.0	0.98	0.98	0.96	1.0	1.0	1.0	0.92	0.92	1.0	1.0	0.98	0.98
8300	0.96	1.0	1.0	1.0	0.98	0.98	0.96	1.0	1.0	1.0	0.94	0.94	1.0	1.0	0.98	0.98
8350	0.96	1.0	1.0	0.98	0.98	0.98	0.98	1.0	1.0	1.0	0.94	0.98	1.0	0.98	0.96	0.98
8400	0.96	1.0	1.0	0.96	0.98	0.98	1.0	1.0	1.0	1.0	0.94	0.96	1.0	0.98	0.96	0.98
8450	0.98	1.0	1.0	0.96	0.98	0.98	1.0	1.0	1.0	1.0	0.94	0.96	1.0	0.98	0.96	0.98
8500	0.98	1.0	1.0	0.96	0.98	0.98	1.0	1.0	1.0	1.0	0.94	0.96	1.0	0.98	0.96	0.98
8550	0.98	0.98	1.0	0.96	1.0	0.98	1.0	1.0	1.0	1.0	0.94	0.96	1.0	0.96	0.96	0.98
8600	0.98	0.96	1.0	0.96	0.98	0.98	1.0	1.0	1.0	1.0	0.96	0.96	1.0	0.96	0.96	0.98
8650	0.98	0.96	1.0	0.94	0.98	0.98	1.0	1.0	1.0	1.0	0.98	0.96	1.0	0.96	0.96	0.98
8700	0.98	0.96	1.0	0.94	0.96	1.0	1.0	1.0	1.0	1.0	0.98	0.96	1.0	0.96	0.96	0.98
8750	0.98	0.96	1.0	0.94	0.96	1.0	1.0	1.0	1.0	1.0	0.98	0.96	1.0	0.96	0.96	1.0
8800	0.98	0.96	1.0	0.94	0.96	1.0	1.0	1.0	1.0	1.0	0.96	0.96	1.0	0.96	0.96	1.0
8850	0.98	0.94	1.0	0.96	0.96	1.0	1.0	1.0	1.0	1.0	0.96	0.96	1.0	0.96	0.96	1.0
8900	0.98	0.94	1.0	0.96	0.96	1.0	0.98	1.0	1.0	1.0	0.96	0.96	1.0	0.96	0.96	1.0
8950	0.96	0.94	1.0	0.98	0.96	0.98	0.98	1.0	1.0	1.0	0.96	0.96	1.0	0.96	0.96	1.0
9000	0.96	0.94	1.0	0.98	0.94	0.98	0.98	1.0	1.0	1.0	0.96	0.96	1.0	0.96	0.96	1.0
9050	0.96	0.92	1.0	0.98	0.94	0.98	0.98	1.0	1.0	1.0	0.96	0.96	1.0	0.96	0.98	1.0
9100	0.94	0.92	1.0	0.98	0.94	0.98	0.98	1.0	1.0	1.0	0.98	0.96	1.0	0.96	0.96	1.0
9150	0.94	0.92	1.0	0.98	0.94	0.98	0.98	1.0	1.0	1.0	0.98	0.98	1.0	0.96	0.94	1.0
9200	0.94	0.92	1.0	0.98	0.94	0.96	0.96	1.0	1.0	1.0	0.98	0.98	1.0	0.98	0.96	1.0
9250	0.94	0.92	1.0	0.98	0.94	0.96	0.96	1.0	1.0	1.0	0.98	0.98	1.0	0.98	0.96	1.0
9300	0.94	0.92	0.98	1.0	0.94	0.96	0.94	1.0	1.0	1.0	0.98	0.98	1.0	0.98	0.96	1.0
9350	0.94	0.94	0.98	1.0	0.94	0.96	0.94	1.0	1.0	1.0	0.98	0.98	1.0	1.0	0.96	1.0
9400	0.94	0.96	0.98	1.0	0.94	0.96	0.94	1.0	1.0	1.0	0.98	0.98	1.0	1.0	0.96	1.0
9450	0.94	0.96	0.98	1.0	0.96	0.96	0.92	1.0	1.0	1.0	0.98	1.0	1.0	1.0	0.96	1.0
9500	0.94	0.94	0.98	0.96	0.96	0.96	0.92	1.0	1.0	1.0	0.98	1.0	1.0	1.0	0.96	1.0
9550	0.94	0.96	0.98	0.96	0.96	0.96	0.92	1.0	1.0	0.98	1.0	1.0	1.0	1.0	0.96	1.0
9600	0.92	0.96	0.98	0.96	0.96	0.96	0.94	1.0	1.0	0.98	0.98	1.0	1.0	1.0	0.96	1.0
9650	0.92	0.96	0.98	0.94	0.96	0.98	0.94	1.0	1.0	0.98	0.98	0.98	1.0	1.0	0.96	1.0
9700	0.92	0.96	0.98	0.94	0.96	0.98	0.94	1.0	1.0	0.98	0.98	0.98	1.0	1.0	0.96	1.0
9750	0.94	0.98	0.98	0.92	0.98	0.98	0.94	1.0	1.0	0.98	0.98	0.98	1.0	1.0	0.96	1.0
9800	0.96	0.98	0.98	0.92	0.98	0.98	0.94	1.0	1.0	0.98	0.98	0.98	1.0	1.0	0.96	1.0
9850	0.96	0.98	0.98	0.92	0.98	0.98	0.94	1.0	1.0	0.98	0.98	0.98	1.0	1.0	0.98	1.0
9900	0.96	0.98	0.98	0.92	1.0	0.98	0.94	1.0	1.0	0.98	0.98	0.98	1.0	1.0	1.0	1.0
9950	0.98	0.98	0.98	0.92	1.0	0.98	0.94	1.0	1.0	0.98	0.98	0.98	1.0	1.0	0.98	1.0
10000	0.98	0.98	0.98	0.92	1.0	0.98	0.94	1.0	1.0	0.98	0.98	0.98	1.0	1.0	0.98	1.0
10050	0.98	0.98	0.98	0.92	1.0	1.0	0.96	1.0	1.0	0.98	0.98	0.98	1.0	1.0	0.96	1.0
10100	0.98	0.98	0.98	0.92	1.0	1.0	0.96	1.0	1.0	0.98	0.98	0.98	1.0	1.0	0.94	1.0
10150	0.98	0.96	0.98	0.92	1.0	1.0	0.96	1.0	1.0	0.98	0.98	0.96	1.0	1.0	0.94	1.0
10200	0.98	0.96	0.98	0.92	1.0	1.0	0.98	1.0	1.0	0.98	0.98	0.96	1.0	1.0	0.94	1.0
10250	0.98	0.98	0.98	0.94	1.0	1.0	1.0	1.0	1.0	0.96	0.98	0.96	1.0	1.0	0.94	1.0
10300	0.98	0.98	0.96	0.96	1.0	1.0	1.0	1.0	1.0	0.96	0.96	0.96	1.0	1.0	0.94	1.0
10350	0.96	0.98	0.96	0.96	0.98	1.0	1.0	1.0	1.0	0.96	0.98	0.98	1.0	1.0	0.94	1.0
10400	0.98	0.98	0.96	0.98	0.98	1.0	1.0	1.0	1.0	0.98	0.98	0.98	1.0	1.0	0.94	1.0
10450	0.98	0.98	0.96	0.98	0.98	1.0	1.0	1.0	1.0	0.98	0.98	0.98	1.0	1.0	0.94	1.0
10500	0.98	0.98	0.96	1.0	0.98	1.0	1.0	1.0	0.98	0.98	0.98	0.98	1.0	1.0	0.94	1.0
10550	0.98	0.98	0.96	1.0	0.98	1.0	1.0	1.0	0.98	0.98	0.98	0.98	1.0	1.0	0.94	1.0
10600	0.98	0.98	0.96	1.0	0.98	1.0	1.0	1.0	0.98	0.98	0.98	0.96	1.0	1.0	0.94	1.0
10650	0.98	0.98	0.96	1.0	0.98	1.0	1.0	1.0	0.98	0.98	0.98	0.96	1.0	1.0	0.94	1.0
10700	0.98	0.98	0.94	1.0	0.98	1.0	1.0	1.0	0.98	0.98	0.98	0.96	1.0	1.0	0.92	1.0
10750	0.98	0.98	0.94	1.0	0.98	1.0	1.0	1.0	0.98	0.98	0.98	0.96	1.0	1.0	0.94	1.0
10800	0.98	0.98	0.94	1.0	0.98	1.0	1.0	1.0	0.98	0.98	0.98	0.96	1.0	1.0	0.96	1.0
10850	0.98	0.98	0.94	1.0	0.98	1.0	1.0	1.0	0.98	0.98	0.98	0.96	1.0	1.0	0.96	1.0
10900	0.98	0.98	0.94	1.0	0.98	1.0	1.0	1.0	0.98	0.98	0.98	0.98	1.0	1.0	0.96	1.0
10950	0.98	0.98	0.96	1.0	0.98	1.0	1.0	1.0	0.98	0.98	1.0	0.98	1.0	0.98	0.96	0.98
11000	0.98	0.98	0.96	1.0	0.98	1.0	0.98	1.0	0.98	0.98	1.0	0.98	1.0	0.98	0.96	0.96
11050	0.98	0.98	0.96	1.0	0.98	1.0	0.98	1.0	0.98	1.0	1.0	0.98	1.0	0.98	0.96	0.96
11100	0.98	0.98	0.98	1.0	0.98	1.0	0.98	1.0	0.98	1.0	1.0	0.98	1.0	0.98	0.96	0.96
11150	0.98	0.98	0.98	1.0	0.98	1.0	0.98	1.0	0.98	1.0	1.0	0.98	1.0	0.98	0.96	0.96
11200	0.98	0.98	0.98	1.0	0.96	1.0	0.98	1.0	0.98	1.0	1.0	0.98	1.0	0.98	0.96	0.96
11250	0.98	1.0	0.96	1.0	0.96	0.98	0.98	1.0	0.98	1.0	1.0	0.98	1.0	0.98	0.96	0.96
11300	0.98	0.98	0.96	1.0	0.96	0.98	0.94	1.0	0.98	1.0	1.0	0.98	1.0	0.98	0.96	0.96
11350	0.98	0.98	0.96	1.0	0.96	0.98	0.94	1.0	1.0	1.0	1.0	0.96	1.0	0.98	0.96	0.96
11400	0.98	0.98	0.96	1.0	0.96	0.98	0.94	1.0	1.0	0.98	1.0	0.96	1.0	0.98	0.96	0.96
11450	0.98	0.98	0.98	1.0	0.96	0.98	0.94	1.0	1.0	0.98	1.0	0.96	1.0	0.98	0.96	0.96
11500	0.98	0.98	0.98	1.0	0.96	0.98	0.94	1.0	1.0	0.98	1.0	0.96	1.0	0.98	0.98	0.96
11550	0.98	0.98	0.98	0.98	0.96	0.98	0.92	1.0	1.0	0.98	1.0	0.96	1.0	0.98	0.98	0.94
11600	0.98	0.98	0.98	0.98	0.96	0.98	0.92	1.0	1.0	0.98	1.0	0.94	1.0	1.0	0.98	0.94
11650	0.98	0.98	0.98	0.98	0.96	0.98	0.92	1.0	1.0	0.98	1.0	0.92	1.0	1.0	0.98	0.94
11700	0.98	0.98	0.98	0.98	0.96	0.98	0.94	1.0	1.0	0.98	1.0	0.92	1.0	0.98	1.0	0.94
11750	0.98	0.98	0.98	0.96	0.96	0.98	0.94	1.0	1.0	0.98	0.96	0.92	1.0	0.98	1.0	0.92
11800	0.98	0.98	0.98	0.96	0.96	0.96	0.94	1.0	1.0	0.98	0.96	0.9	1.0	0.98	1.0	0.94
11850	0.98	0.98	0.98	0.96	0.96	0.96	0.94	1.0	1.0	0.98	0.96	0.92	1.0	0.98	1.0	0.96
11900	0.98	0.98	0.98	0.96	0.98	0.96	0.94	1.0	1.0	0.98	0.96	0.92	0.98	0.98	0.96	0.96
11950	0.98	0.98	0.96	0.96	0.98	0.96	0.94	1.0	1.0	0.98	0.96	0.92	0.98	0.98	0.96	0.96
12000	1.0	0.98	0.96	0.96	0.96	0.98	0.94	1.0	1.0	0.98	0.96	0.92	0.98	0.98	0.96	0.96
12050	1.0	0.98	0.96	0.96	0.96	0.98	0.98	1.0	1.0	0.96	0.96	0.92	0.98	0.98	0.96	0.94
12100	1.0	1.0	0.96	0.96	0.98	0.98	0.98	1.0	1.0	0.96	0.96	0.94	0.98	0.98	0.94	0.94
12150	1.0	1.0	0.98	0.96	0.98	0.98	0.98	1.0	1.0	0.98	0.96	0.94	0.98	0.98	0.92	0.94
12200	1.0	1.0	0.98	0.96	0.98	0.98	0.98	1.0	1.0	0.98	0.96	0.94	0.98	0.98	0.92	0.94
12250	1.0	1.0	0.98	0.96	0.98	0.98	1.0	1.0	1.0	0.98	0.96	0.94	0.98	0.98	0.92	0.94
12300	1.0	1.0	0.98	0.94	0.98	0.98	1.0	1.0	1.0	0.98	0.96	0.94	0.98	0.98	0.92	0.96
12350	1.0	1.0	0.98	0.94	0.96	0.98	1.0	1.0	1.0	0.98	0.96	0.94	0.98	0.98	0.9	0.96
12400	1.0	1.0	0.98	0.94	0.96	0.98	1.0	1.0	1.0	0.98	0.96	0.96	0.98	0.98	0.9	0.96
12450	1.0	1.0	0.96	0.96	0.96	0.98	1.0	1.0	1.0	0.98	0.96	0.96	0.98	0.98	0.9	0.98
12500	1.0	1.0	0.94	0.96	0.96	0.98	1.0	1.0	1.0	0.98	0.96	0.98	0.98	1.0	0.9	0.98
12550	1.0	1.0	0.94	0.96	0.96	1.0	1.0	1.0	1.0	0.98	0.98	0.98	0.98	1.0	0.9	0.98
12600	1.0	0.98	0.94	0.96	0.96	1.0	1.0	1.0	1.0	0.98	1.0	0.98	0.98	1.0	0.88	0.98
12650	1.0	0.98	0.96	0.98	0.96	1.0	1.0	1.0	1.0	0.98	1.0	0.98	1.0	1.0	0.86	0.98
12700	1.0	0.98	0.96	0.98	0.96	1.0	1.0	1.0	1.0	0.98	1.0	0.98	1.0	1.0	0.86	0.98
12750	1.0	0.98	0.96	0.98	0.96	1.0	1.0	1.0	1.0	0.98	1.0	1.0	1.0	1.0	0.9	1.0
12800	1.0	0.98	0.94	0.98	0.96	1.0	1.0	1.0	1.0	1.0	1.0	1.0	1.0	1.0	0.9	0.98
12850	1.0	0.98	0.94	0.98	0.96	1.0	1.0	1.0	1.0	1.0	1.0	1.0	1.0	1.0	0.92	0.98
12900	1.0	0.98	0.94	0.98	0.96	1.0	1.0	1.0	1.0	1.0	1.0	1.0	1.0	1.0	0.94	0.98
12950	1.0	0.98	0.94	0.98	0.96	1.0	1.0	1.0	1.0	1.0	1.0	1.0	1.0	1.0	0.94	0.98
13000	1.0	0.98	0.94	0.98	0.96	1.0	1.0	1.0	1.0	1.0	1.0	1.0	1.0	1.0	0.94	0.98
13050	1.0	0.98	0.94	0.98	0.98	1.0	1.0	1.0	1.0	1.0	1.0	1.0	1.0	1.0	0.96	0.98
13100	1.0	0.98	0.94	0.98	0.98	1.0	1.0	1.0	1.0	1.0	1.0	1.0	1.0	1.0	0.96	0.98
13150	1.0	0.98	0.94	0.98	0.98	1.0	1.0	1.0	1.0	1.0	1.0	1.0	1.0	1.0	0.96	0.98
13200	0.98	0.98	0.94	0.98	0.98	1.0	1.0	1.0	1.0	1.0	1.0	1.0	1.0	1.0	0.96	0.98
13250	0.98	0.98	0.94	0.98	1.0	1.0	1.0	1.0	1.0	1.0	1.0	1.0	1.0	1.0	0.96	0.98
13300	0.98	0.98	0.98	0.98	1.0	1.0	1.0	1.0	1.0	1.0	1.0	1.0	1.0	1.0	0.96	0.98
13350	0.98	0.98	0.98	0.98	1.0	1.0	1.0	1.0	1.0	1.0	1.0	1.0	1.0	1.0	0.98	0.98
13400	0.98	0.98	0.98	0.98	1.0	1.0	1.0	1.0	1.0	1.0	1.0	1.0	1.0	1.0	1.0	0.98
13450	0.98	0.98	0.98	0.98	0.98	1.0	1.0	1.0	1.0	1.0	1.0	1.0	1.0	1.0	1.0	0.98
13500	0.96	0.98	0.98	0.98	0.96	1.0	1.0	1.0	1.0	0.98	1.0	1.0	1.0	1.0	1.0	0.98
13550	0.96	0.98	0.98	0.98	0.94	1.0	1.0	1.0	1.0	0.98	1.0	1.0	1.0	1.0	0.98	0.98
13600	0.96	0.98	0.98	0.98	0.94	1.0	1.0	1.0	1.0	0.98	1.0	1.0	1.0	1.0	0.98	1.0
13650	0.96	0.98	0.98	0.98	0.94	1.0	1.0	1.0	1.0	0.98	1.0	1.0	1.0	0.98	0.96	1.0
13700	0.96	0.98	1.0	0.98	0.92	1.0	1.0	1.0	1.0	0.98	1.0	1.0	1.0	0.98	0.96	1.0
13750	0.96	0.98	1.0	0.98	0.92	1.0	1.0	0.98	1.0	0.98	1.0	1.0	0.98	0.98	0.96	1.0
13800	0.96	0.98	1.0	0.98	0.92	1.0	1.0	0.98	1.0	0.98	1.0	1.0	0.98	0.98	0.96	1.0
13850	0.96	0.98	1.0	0.98	0.92	1.0	1.0	0.98	1.0	0.98	1.0	1.0	0.98	0.98	0.94	1.0
13900	0.96	0.98	1.0	1.0	0.92	1.0	1.0	0.98	1.0	0.98	1.0	1.0	0.98	0.98	0.94	1.0
13950	0.96	0.98	1.0	1.0	0.92	1.0	1.0	0.98	1.0	0.98	1.0	1.0	0.98	0.98	0.94	1.0
14000	0.96	0.98	0.98	0.98	0.92	1.0	1.0	0.98	1.0	0.98	1.0	1.0	0.98	0.98	0.94	1.0
14050	0.98	0.98	0.98	0.98	0.92	1.0	1.0	0.98	1.0	0.98	1.0	1.0	0.98	0.98	0.94	1.0
14100	0.98	0.98	0.98	0.98	0.92	1.0	1.0	0.98	1.0	0.98	1.0	1.0	0.98	0.98	0.94	1.0
14150	0.98	0.98	0.96	0.98	0.92	1.0	1.0	0.96	1.0	0.98	1.0	1.0	0.98	0.98	0.94	1.0
14200	0.98	0.98	0.96	0.98	0.92	1.0	1.0	0.96	1.0	0.98	1.0	1.0	0.98	0.98	0.94	1.0
14250	0.98	0.98	0.96	0.98	0.92	1.0	1.0	0.96	1.0	0.98	1.0	0.98	0.98	0.98	0.94	1.0
14300	1.0	0.98	0.96	0.98	0.94	1.0	1.0	0.96	1.0	0.98	1.0	0.98	0.98	0.98	0.92	1.0
14350	1.0	0.98	0.96	0.98	0.96	1.0	1.0	0.96	1.0	0.98	1.0	0.98	0.98	0.98	0.94	1.0
14400	1.0	0.98	0.96	0.96	0.98	1.0	1.0	0.98	1.0	0.98	1.0	0.98	0.98	1.0	0.94	1.0
14450	1.0	0.98	0.96	0.96	0.96	1.0	1.0	0.98	1.0	0.98	1.0	0.98	0.98	1.0	0.94	1.0
14500	1.0	0.98	0.96	0.96	0.98	1.0	1.0	0.98	1.0	1.0	1.0	0.98	0.96	1.0	0.94	1.0
14550	1.0	0.96	0.96	0.96	0.98	1.0	1.0	0.98	1.0	1.0	1.0	0.98	0.96	1.0	0.94	1.0
14600	1.0	0.96	0.96	0.96	0.98	1.0	1.0	0.98	1.0	1.0	1.0	0.98	0.98	1.0	0.96	1.0
14650	1.0	0.96	0.96	0.96	0.98	1.0	1.0	0.98	1.0	1.0	1.0	0.98	0.98	1.0	0.96	1.0
14700	0.98	0.96	0.96	0.98	0.98	1.0	1.0	0.98	1.0	1.0	1.0	0.98	0.98	1.0	0.96	1.0
14750	0.98	0.94	0.96	0.98	0.98	1.0	1.0	0.98	1.0	1.0	1.0	0.98	0.98	1.0	0.96	1.0
14800	0.98	0.94	0.96	0.98	0.98	1.0	1.0	0.98	1.0	1.0	1.0	0.98	0.98	1.0	0.96	1.0
14850	0.98	0.94	0.98	0.98	0.98	1.0	1.0	0.98	1.0	1.0	1.0	0.98	0.98	1.0	0.96	1.0
14900	0.98	0.92	0.98	0.98	0.98	1.0	1.0	0.98	1.0	1.0	1.0	0.98	0.98	1.0	0.96	1.0
14950	0.98	0.94	0.98	0.98	0.98	1.0	1.0	1.0	1.0	1.0	1.0	0.98	0.98	1.0	0.96	0.98
15000	0.98	0.94	1.0	0.98	0.98	1.0	1.0	1.0	1.0	1.0	1.0	0.98	0.98	1.0	0.98	0.98
15050	0.98	0.94	1.0	0.98	0.98	1.0	1.0	1.0	1.0	1.0	1.0	0.98	0.98	1.0	0.98	0.98
15100	0.98	0.94	1.0	0.98	0.98	1.0	1.0	1.0	1.0	1.0	1.0	0.98	0.98	1.0	0.98	0.98
15150	0.98	0.94	1.0	0.98	0.98	1.0	1.0	1.0	1.0	1.0	1.0	1.0	0.98	0.98	0.98	0.98
15200	0.98	0.94	1.0	1.0	0.94	1.0	1.0	1.0	1.0	1.0	1.0	1.0	0.96	0.98	0.98	0.98
15250	0.98	0.96	1.0	0.98	0.94	1.0	1.0	1.0	1.0	1.0	1.0	1.0	0.98	0.98	0.98	0.98
15300	0.98	0.96	1.0	0.98	0.94	1.0	1.0	0.98	1.0	1.0	1.0	1.0	0.98	0.98	0.98	0.98
15350	0.98	0.94	1.0	0.98	0.96	1.0	1.0	0.98	1.0	1.0	1.0	1.0	0.98	0.98	0.98	0.98
15400	1.0	0.92	0.98	0.98	0.94	1.0	1.0	0.98	1.0	1.0	1.0	1.0	0.98	0.98	0.98	0.98
15450	1.0	0.92	0.98	0.98	0.94	1.0	1.0	0.98	1.0	1.0	1.0	1.0	0.98	0.98	0.98	0.98
15500	1.0	0.92	0.98	0.98	0.94	1.0	1.0	0.98	1.0	1.0	1.0	0.96	0.98	0.98	0.98	0.98
15550	1.0	0.94	0.96	0.98	0.94	1.0	1.0	0.98	1.0	1.0	1.0	0.96	0.98	0.98	0.96	0.98
15600	1.0	0.94	0.96	0.98	0.94	1.0	1.0	0.98	1.0	1.0	1.0	0.96	0.98	0.98	0.96	0.98
15650	1.0	0.96	0.96	0.98	0.92	1.0	0.98	0.98	1.0	1.0	1.0	0.96	0.98	0.98	0.96	0.98
15700	1.0	0.96	0.96	0.98	0.92	1.0	0.98	0.98	1.0	1.0	1.0	0.96	0.98	0.98	0.98	0.98
15750	1.0	0.96	0.96	0.98	0.92	1.0	0.98	0.98	1.0	1.0	1.0	0.96	0.98	0.98	0.98	0.98
15800	1.0	0.96	0.96	0.98	0.92	1.0	0.96	0.98	1.0	1.0	1.0	0.96	0.98	0.98	0.98	0.98
15850	1.0	0.96	0.96	0.98	0.9	1.0	0.96	0.98	1.0	1.0	1.0	0.96	0.98	1.0	0.98	0.98
15900	1.0	0.96	0.96	0.98	0.9	1.0	0.96	0.98	1.0	1.0	1.0	0.96	0.98	1.0	0.98	0.96
15950	1.0	0.96	0.96	0.98	0.9	1.0	0.96	0.98	1.0	1.0	1.0	0.96	0.98	1.0	0.98	0.96
16000	1.0	0.96	0.96	0.98	0.92	1.0	0.96	0.98	1.0	1.0	1.0	0.96	0.96	1.0	0.98	0.94
16050	1.0	0.96	0.96	0.98	0.94	1.0	0.96	1.0	1.0	1.0	1.0	0.96	0.96	1.0	0.98	0.92
16100	1.0	0.98	0.98	1.0	0.94	1.0	0.96	1.0	1.0	1.0	1.0	0.96	0.96	1.0	0.98	0.92
16150	1.0	1.0	0.98	0.98	0.94	1.0	0.96	1.0	1.0	1.0	0.98	0.96	0.98	1.0	0.98	0.92
16200	1.0	1.0	0.98	0.98	0.96	1.0	0.96	0.98	1.0	1.0	0.98	0.96	0.98	1.0	0.98	0.92
16250	1.0	1.0	0.98	0.98	0.96	1.0	0.96	0.98	1.0	1.0	0.98	0.94	0.98	1.0	0.98	0.92
16300	1.0	1.0	0.98	0.98	0.96	1.0	0.96	0.98	1.0	1.0	0.98	0.96	0.98	1.0	0.98	0.92
16350	1.0	1.0	1.0	0.96	0.96	1.0	0.96	0.98	1.0	1.0	0.98	0.98	0.98	1.0	0.98	0.92
16400	1.0	0.98	1.0	0.96	0.96	1.0	0.96	0.98	1.0	1.0	0.98	0.98	0.98	1.0	0.98	0.9
16450	1.0	0.98	1.0	0.96	0.96	1.0	0.96	0.98	1.0	0.98	0.98	0.98	0.98	1.0	0.98	0.9
16500	1.0	0.98	1.0	0.96	0.98	1.0	0.98	0.98	1.0	0.98	0.98	0.98	0.98	1.0	0.98	0.9
16550	1.0	0.98	1.0	0.96	0.98	1.0	0.98	0.98	1.0	0.98	0.98	0.98	0.98	1.0	0.98	0.9
16600	0.98	0.96	1.0	0.96	0.96	1.0	1.0	0.98	1.0	0.98	0.98	0.98	0.98	1.0	0.98	0.9
16650	0.98	0.96	1.0	0.96	0.96	1.0	1.0	0.98	1.0	0.98	0.98	0.98	0.98	1.0	0.98	0.92
16700	0.96	0.96	1.0	0.94	0.98	1.0	1.0	0.98	1.0	0.98	0.98	0.98	0.98	0.96	0.98	0.92
16750	0.94	0.96	0.98	0.94	0.98	1.0	1.0	0.98	1.0	0.98	0.98	0.98	1.0	0.96	0.98	0.94
16800	0.94	0.96	0.98	0.94	0.98	1.0	1.0	0.98	1.0	0.98	0.98	0.98	1.0	0.96	0.98	0.96
16850	0.94	0.96	0.98	0.96	0.98	1.0	1.0	0.98	1.0	0.96	0.98	0.98	1.0	0.96	0.98	0.98
16900	0.94	0.96	0.98	0.96	0.98	1.0	1.0	0.98	1.0	0.96	0.98	0.98	1.0	0.96	0.98	0.98
16950	0.92	0.96	0.98	0.96	0.98	1.0	1.0	0.98	1.0	0.96	0.98	1.0	1.0	0.96	0.98	0.98
17000	0.92	0.96	0.98	0.94	0.98	0.98	1.0	1.0	1.0	0.96	1.0	1.0	1.0	0.96	0.98	0.98
17050	0.92	0.96	0.96	0.96	0.98	0.98	1.0	1.0	1.0	0.96	1.0	1.0	1.0	0.96	0.98	0.98
17100	0.92	0.96	0.96	0.96	0.98	0.98	1.0	1.0	1.0	0.96	1.0	1.0	1.0	0.96	1.0	0.98
17150	0.92	0.98	0.96	0.96	0.98	0.98	1.0	1.0	1.0	0.96	1.0	1.0	1.0	0.96	1.0	0.98
17200	0.92	0.98	0.96	0.96	0.98	0.98	1.0	1.0	1.0	0.98	1.0	1.0	1.0	0.96	1.0	0.96
17250	0.92	0.96	0.96	0.96	0.98	0.98	1.0	1.0	1.0	0.98	1.0	1.0	1.0	0.96	1.0	0.96
17300	0.9	0.96	0.96	0.96	0.98	0.98	1.0	1.0	1.0	0.98	1.0	1.0	1.0	0.96	1.0	0.98
17350	0.9	0.98	0.96	0.94	0.98	0.98	1.0	1.0	1.0	0.98	1.0	1.0	1.0	0.96	1.0	0.98
17400	0.9	0.98	0.96	0.92	0.98	0.98	1.0	1.0	1.0	0.98	1.0	1.0	1.0	0.98	1.0	0.98
17450	0.9	0.98	0.96	0.92	0.98	0.98	1.0	1.0	1.0	0.98	1.0	1.0	1.0	1.0	0.98	0.96
17500	0.9	0.98	0.96	0.92	0.98	0.98	1.0	1.0	1.0	0.98	1.0	1.0	1.0	1.0	0.98	0.96
17550	0.9	0.96	0.96	0.94	0.98	0.98	1.0	1.0	1.0	0.98	1.0	0.98	1.0	1.0	0.98	0.96
17600	0.92	0.96	0.96	0.94	0.98	0.98	1.0	1.0	1.0	0.98	1.0	0.98	1.0	1.0	0.98	0.96
17650	0.96	0.96	0.96	0.94	0.96	0.98	1.0	1.0	1.0	0.98	1.0	0.98	1.0	1.0	0.98	0.96
17700	0.96	0.96	0.96	0.94	0.96	0.98	1.0	1.0	1.0	1.0	1.0	0.98	1.0	0.98	0.98	0.96
17750	0.96	0.96	0.96	0.94	0.96	0.98	1.0	1.0	1.0	1.0	1.0	0.98	1.0	0.98	0.96	0.96
17800	0.96	0.96	0.96	0.94	0.96	0.98	1.0	1.0	1.0	1.0	1.0	0.98	1.0	0.96	0.96	0.96
17850	0.98	0.96	0.94	0.94	0.96	1.0	1.0	1.0	1.0	1.0	1.0	0.98	1.0	0.96	0.96	0.96
17900	0.98	0.96	0.94	0.94	0.96	1.0	1.0	1.0	1.0	1.0	1.0	0.98	1.0	0.96	0.94	0.96
17950	0.98	0.96	0.94	0.94	0.96	1.0	1.0	1.0	1.0	1.0	1.0	0.98	1.0	0.94	0.94	0.96
18000	0.98	0.98	0.94	0.94	0.96	1.0	1.0	1.0	1.0	1.0	1.0	0.98	1.0	0.94	0.92	0.98
18050	0.98	0.98	0.96	0.96	0.96	1.0	1.0	1.0	1.0	1.0	1.0	0.98	1.0	0.94	0.9	0.98
18100	0.98	0.98	0.96	0.98	0.96	1.0	1.0	1.0	1.0	1.0	1.0	0.98	1.0	0.94	0.9	0.98
18150	0.98	0.98	0.96	0.98	0.96	1.0	1.0	1.0	1.0	1.0	1.0	0.98	1.0	0.94	0.9	0.98
18200	0.98	0.98	0.94	0.98	0.96	1.0	1.0	1.0	1.0	1.0	1.0	0.98	1.0	0.94	0.9	0.98
18250	0.98	0.98	0.94	0.98	0.98	1.0	1.0	1.0	1.0	1.0	1.0	0.98	1.0	0.92	0.92	0.98
18300	0.98	0.98	0.94	0.98	1.0	1.0	1.0	1.0	1.0	1.0	1.0	0.98	1.0	0.92	0.92	0.98
18350	0.98	1.0	0.94	0.98	1.0	1.0	1.0	1.0	1.0	1.0	1.0	0.98	1.0	0.92	0.9	1.0
18400	0.98	1.0	0.94	0.98	1.0	1.0	1.0	1.0	1.0	1.0	1.0	0.96	1.0	0.92	0.92	1.0
18450	0.98	1.0	0.94	0.98	1.0	1.0	1.0	1.0	1.0	1.0	1.0	0.96	1.0	0.92	0.92	1.0
18500	0.98	1.0	0.94	0.98	1.0	1.0	1.0	1.0	1.0	1.0	1.0	0.96	1.0	0.94	0.92	1.0
18550	0.98	1.0	0.94	1.0	1.0	1.0	1.0	1.0	1.0	1.0	1.0	0.96	1.0	0.94	0.92	1.0
18600	0.98	1.0	0.94	1.0	1.0	1.0	1.0	1.0	1.0	1.0	1.0	0.96	1.0	0.96	0.94	1.0
18650	0.98	1.0	0.96	1.0	1.0	1.0	1.0	1.0	1.0	1.0	1.0	0.96	1.0	0.96	0.96	1.0
18700	0.98	1.0	0.96	1.0	1.0	1.0	1.0	1.0	1.0	1.0	1.0	0.96	1.0	0.98	0.96	1.0
18750	0.98	1.0	0.94	0.96	1.0	1.0	1.0	1.0	1.0	1.0	1.0	0.96	1.0	0.98	0.96	1.0
18800	0.98	1.0	0.94	0.94	0.98	1.0	1.0	1.0	1.0	1.0	1.0	0.96	1.0	0.98	0.96	1.0
18850	1.0	1.0	0.94	0.94	0.98	1.0	1.0	1.0	1.0	1.0	1.0	0.94	1.0	0.98	0.94	1.0
18900	1.0	1.0	0.94	0.94	0.98	0.98	1.0	1.0	1.0	1.0	1.0	0.94	1.0	0.98	0.94	1.0
18950	1.0	1.0	0.96	0.94	0.98	0.98	1.0	1.0	1.0	1.0	1.0	0.94	1.0	0.98	0.94	1.0
19000	1.0	1.0	0.96	0.94	0.98	0.98	1.0	1.0	1.0	1.0	1.0	0.94	1.0	0.98	0.94	1.0
19050	1.0	1.0	0.96	0.94	0.98	0.98	1.0	1.0	1.0	0.98	1.0	0.94	1.0	1.0	0.92	1.0
19100	1.0	1.0	0.96	0.94	0.98	0.98	1.0	1.0	1.0	0.98	1.0	0.94	1.0	1.0	0.9	1.0
19150	1.0	1.0	0.96	0.94	0.98	0.98	1.0	1.0	1.0	0.98	1.0	0.94	1.0	1.0	0.92	1.0
19200	1.0	1.0	0.94	0.94	0.98	0.98	1.0	1.0	1.0	0.98	1.0	0.94	1.0	1.0	0.92	1.0
19250	1.0	1.0	0.92	0.94	0.98	0.98	1.0	1.0	1.0	0.98	1.0	0.94	1.0	0.98	0.92	1.0
19300	0.98	1.0	0.9	0.94	0.98	0.98	1.0	1.0	1.0	0.98	0.98	0.96	1.0	0.98	0.92	1.0
19350	0.98	1.0	0.88	0.96	0.98	0.98	1.0	1.0	1.0	0.98	0.98	0.96	1.0	0.98	0.92	1.0
19400	0.98	0.98	0.88	1.0	0.98	0.96	1.0	1.0	1.0	0.98	0.98	0.96	1.0	0.98	0.92	1.0
19450	0.98	0.98	0.88	1.0	0.98	0.96	1.0	1.0	0.98	0.98	0.98	0.96	1.0	0.98	0.92	1.0
19500	0.98	0.98	0.9	1.0	0.98	0.96	0.98	1.0	0.98	0.98	0.96	0.96	1.0	0.98	0.92	1.0
19550	0.98	0.98	0.92	0.98	0.96	0.96	0.98	1.0	0.98	0.98	0.96	0.96	1.0	0.98	0.92	1.0
19600	0.98	0.98	0.92	0.98	0.98	0.96	0.98	1.0	0.98	0.98	0.96	0.96	1.0	0.98	0.92	1.0
19650	0.98	0.98	0.92	0.98	0.96	0.98	0.98	1.0	0.98	0.98	0.96	0.96	1.0	0.98	0.92	1.0
19700	0.98	0.96	0.92	0.98	0.96	0.98	0.98	1.0	0.98	0.98	0.96	0.96	0.98	0.98	0.92	1.0
19750	0.98	0.96	0.92	0.94	0.96	0.98	0.98	1.0	0.98	0.98	0.96	0.98	0.98	0.98	0.92	1.0
19800	0.98	0.96	0.92	0.94	0.96	0.98	0.98	1.0	0.98	0.98	0.96	0.98	0.98	0.98	0.96	1.0
19850	0.98	0.96	0.92	0.94	0.96	0.98	0.98	1.0	0.98	0.98	0.96	0.98	0.98	0.98	0.96	1.0
19900	0.98	0.96	0.92	0.94	0.94	0.98	0.98	1.0	0.96	0.98	0.96	0.98	0.98	0.98	0.98	1.0
19950	0.98	0.96	0.94	0.94	0.94	0.98	0.98	1.0	0.96	0.96	0.98	0.98	0.98	0.98	1.0	1.0
20000	0.98	0.96	0.94	0.94	0.94	0.98	0.98	1.0	0.96	0.98	0.98	0.96	0.98	0.98	1.0	1.0
