0	0.0	0.0	0.0	0.0	0.0	0.0	0.0	0.0	0.0	0.0	0.0	0.0	0.0	0.0	0.0	0.0
50	0.0	0.0	0.0	0.0	0.0	0.0	0.0	0.0	0.0	0.0	0.0	0.0	0.0	0.0	0.0	0.0
100	0.0	0.0	0.0	0.0	0.0	0.0	0.0714285714286	0.0714285714286	0.0	0.0588235294118	0.0833333333333	0.0	0.0	0.0	0.0	0.0
150	0.181818181818	0.157894736842	0.0909090909091	0.0952380952381	0.05	0.05	0.142857142857	0.111111111111	0.0869565217391	0.037037037037	0.0588235294118	0.0	0.0714285714286	0.0434782608696	0.037037037037	0.0
200	0.411764705882	0.321428571429	0.125	0.0869565217391	0.0740740740741	0.04	0.241379310345	0.230769230769	0.107142857143	0.0588235294118	0.1	0.0	0.181818181818	0.0967741935484	0.0540540540541	0.0
250	0.333333333333	0.314285714286	0.153846153846	0.0714285714286	0.138888888889	0.0666666666667	0.285714285714	0.2	0.125	0.128205128205	0.222222222222	0.0909090909091	0.214285714286	0.135135135135	0.173913043478	0.107142857143
300	0.346153846154	0.325	0.181818181818	0.0909090909091	0.152173913043	0.0909090909091	0.292682926829	0.228571428571	0.108108108108	0.173913043478	0.28125	0.0740740740741	0.230769230769	0.181818181818	0.183673469388	0.153846153846
350	0.354838709677	0.369565217391	0.243902439024	0.157894736842	0.18	0.153846153846	0.282608695652	0.219512195122	0.113636363636	0.24	0.384615384615	0.176470588235	0.204545454545	0.18	0.2	0.2
400	0.416666666667	0.4	0.255813953488	0.162790697674	0.24	0.204081632653	0.3	0.229166666667	0.18	0.26	0.369565217391	0.219512195122	0.26	0.24	0.28	0.24
450	0.452380952381	0.48	0.26	0.2	0.32	0.22	0.34	0.26	0.22	0.28	0.4	0.22	0.3	0.3	0.36	0.3
500	0.444444444444	0.5	0.3	0.24	0.38	0.24	0.32	0.28	0.24	0.26	0.44	0.3	0.32	0.32	0.36	0.38
550	0.425531914894	0.48	0.36	0.26	0.4	0.26	0.34	0.26	0.28	0.3	0.44	0.34	0.36	0.34	0.42	0.4
600	0.46	0.52	0.4	0.32	0.44	0.34	0.32	0.24	0.32	0.32	0.46	0.4	0.34	0.4	0.48	0.48
650	0.54	0.56	0.42	0.42	0.44	0.4	0.3	0.3	0.36	0.28	0.42	0.36	0.38	0.42	0.44	0.48
700	0.48	0.6	0.42	0.42	0.52	0.36	0.36	0.36	0.36	0.32	0.42	0.4	0.38	0.4	0.4	0.48
750	0.52	0.6	0.52	0.4	0.6	0.42	0.36	0.44	0.38	0.38	0.44	0.44	0.46	0.44	0.5	0.5
800	0.58	0.58	0.48	0.4	0.58	0.4	0.36	0.46	0.44	0.46	0.5	0.48	0.52	0.48	0.56	0.54
850	0.62	0.6	0.5	0.42	0.6	0.48	0.42	0.5	0.46	0.56	0.54	0.5	0.52	0.48	0.56	0.58
900	0.56	0.58	0.56	0.44	0.62	0.52	0.46	0.56	0.5	0.62	0.62	0.46	0.54	0.48	0.58	0.6
950	0.56	0.6	0.6	0.46	0.64	0.56	0.5	0.62	0.5	0.62	0.64	0.48	0.56	0.52	0.66	0.62
1000	0.58	0.6	0.62	0.52	0.66	0.58	0.54	0.64	0.5	0.66	0.66	0.5	0.6	0.52	0.68	0.66
1050	0.56	0.56	0.62	0.5	0.68	0.54	0.6	0.62	0.5	0.66	0.66	0.46	0.58	0.54	0.7	0.68
1100	0.56	0.54	0.62	0.44	0.7	0.54	0.58	0.58	0.54	0.66	0.68	0.44	0.54	0.5	0.7	0.68
1150	0.6	0.54	0.62	0.48	0.7	0.6	0.62	0.64	0.52	0.6	0.7	0.44	0.62	0.58	0.72	0.68
1200	0.62	0.58	0.6	0.54	0.7	0.6	0.66	0.66	0.5	0.64	0.68	0.5	0.62	0.6	0.68	0.68
1250	0.6	0.6	0.64	0.62	0.7	0.64	0.72	0.72	0.5	0.58	0.68	0.52	0.62	0.56	0.7	0.64
1300	0.66	0.66	0.64	0.6	0.68	0.66	0.7	0.72	0.54	0.64	0.68	0.56	0.56	0.56	0.72	0.64
1350	0.7	0.68	0.66	0.52	0.64	0.62	0.78	0.74	0.58	0.66	0.66	0.6	0.6	0.58	0.72	0.68
1400	0.72	0.7	0.68	0.52	0.58	0.66	0.78	0.78	0.56	0.64	0.68	0.64	0.58	0.64	0.66	0.7
1450	0.74	0.7	0.68	0.52	0.58	0.68	0.76	0.76	0.56	0.68	0.72	0.64	0.62	0.64	0.66	0.68
1500	0.78	0.7	0.68	0.52	0.54	0.58	0.76	0.66	0.6	0.68	0.74	0.72	0.64	0.7	0.68	0.72
1550	0.78	0.74	0.68	0.54	0.5	0.54	0.76	0.66	0.62	0.66	0.72	0.74	0.6	0.72	0.6	0.7
1600	0.8	0.72	0.7	0.54	0.48	0.62	0.74	0.7	0.62	0.62	0.7	0.74	0.58	0.76	0.58	0.72
1650	0.8	0.72	0.68	0.5	0.54	0.62	0.74	0.68	0.62	0.68	0.74	0.74	0.6	0.76	0.58	0.76
1700	0.8	0.74	0.68	0.52	0.56	0.66	0.78	0.68	0.68	0.64	0.74	0.76	0.66	0.82	0.6	0.78
1750	0.78	0.7	0.68	0.54	0.58	0.6	0.74	0.68	0.66	0.64	0.72	0.76	0.66	0.76	0.66	0.82
1800	0.78	0.62	0.74	0.6	0.56	0.58	0.72	0.68	0.66	0.66	0.72	0.74	0.62	0.76	0.64	0.82
1850	0.78	0.7	0.78	0.58	0.6	0.54	0.74	0.64	0.7	0.6	0.68	0.68	0.64	0.78	0.62	0.8
1900	0.74	0.68	0.8	0.6	0.58	0.56	0.74	0.68	0.7	0.66	0.66	0.68	0.68	0.74	0.6	0.76
1950	0.7	0.66	0.76	0.62	0.6	0.6	0.72	0.7	0.76	0.68	0.68	0.7	0.68	0.72	0.58	0.76
2000	0.72	0.68	0.72	0.62	0.6	0.6	0.76	0.68	0.74	0.68	0.64	0.7	0.66	0.68	0.58	0.76
2050	0.68	0.68	0.72	0.62	0.64	0.58	0.7	0.6	0.7	0.6	0.6	0.72	0.66	0.7	0.72	0.8
2100	0.68	0.78	0.74	0.6	0.58	0.6	0.74	0.6	0.78	0.64	0.62	0.72	0.68	0.66	0.64	0.8
2150	0.74	0.8	0.68	0.56	0.58	0.56	0.76	0.6	0.8	0.7	0.64	0.78	0.66	0.68	0.62	0.82
2200	0.76	0.78	0.66	0.56	0.54	0.56	0.76	0.62	0.76	0.72	0.66	0.76	0.66	0.7	0.62	0.82
2250	0.76	0.76	0.62	0.58	0.56	0.6	0.8	0.64	0.78	0.7	0.7	0.8	0.66	0.68	0.64	0.84
2300	0.84	0.76	0.6	0.6	0.58	0.6	0.84	0.62	0.74	0.74	0.72	0.8	0.62	0.7	0.64	0.88
2350	0.82	0.8	0.56	0.6	0.62	0.62	0.86	0.68	0.74	0.72	0.74	0.8	0.62	0.74	0.7	0.88
2400	0.82	0.78	0.62	0.62	0.62	0.6	0.88	0.66	0.76	0.78	0.76	0.76	0.6	0.66	0.7	0.84
2450	0.8	0.72	0.62	0.6	0.64	0.62	0.86	0.62	0.74	0.76	0.76	0.72	0.62	0.7	0.7	0.86
2500	0.78	0.7	0.64	0.6	0.72	0.6	0.86	0.66	0.72	0.74	0.72	0.68	0.6	0.72	0.76	0.86
2550	0.76	0.68	0.64	0.62	0.7	0.6	0.86	0.66	0.74	0.72	0.68	0.7	0.56	0.7	0.78	0.88
2600	0.76	0.68	0.7	0.7	0.72	0.66	0.8	0.68	0.7	0.72	0.66	0.66	0.62	0.74	0.76	0.86
2650	0.76	0.7	0.7	0.68	0.76	0.66	0.74	0.74	0.7	0.74	0.66	0.62	0.64	0.74	0.72	0.82
2700	0.74	0.72	0.74	0.66	0.7	0.62	0.74	0.68	0.72	0.74	0.6	0.6	0.64	0.74	0.72	0.8
2750	0.74	0.74	0.8	0.58	0.7	0.6	0.7	0.66	0.72	0.7	0.64	0.68	0.68	0.72	0.66	0.82
2800	0.7	0.76	0.74	0.54	0.68	0.56	0.72	0.66	0.7	0.74	0.66	0.74	0.64	0.72	0.6	0.86
2850	0.72	0.8	0.76	0.54	0.62	0.56	0.72	0.68	0.74	0.76	0.68	0.76	0.66	0.7	0.56	0.88
2900	0.72	0.78	0.76	0.62	0.62	0.58	0.72	0.7	0.72	0.78	0.72	0.78	0.66	0.74	0.56	0.86
2950	0.68	0.8	0.74	0.58	0.62	0.56	0.7	0.66	0.72	0.76	0.7	0.78	0.68	0.64	0.56	0.84
3000	0.68	0.82	0.74	0.54	0.58	0.5	0.72	0.6	0.7	0.76	0.72	0.8	0.68	0.64	0.6	0.82
3050	0.62	0.78	0.74	0.58	0.56	0.52	0.78	0.64	0.72	0.76	0.7	0.82	0.68	0.62	0.56	0.82
3100	0.68	0.78	0.72	0.62	0.6	0.52	0.74	0.62	0.68	0.74	0.74	0.78	0.66	0.64	0.56	0.84
3150	0.68	0.78	0.76	0.62	0.66	0.6	0.76	0.66	0.68	0.76	0.74	0.76	0.62	0.62	0.66	0.82
3200	0.7	0.8	0.86	0.68	0.7	0.64	0.76	0.66	0.66	0.78	0.74	0.74	0.62	0.66	0.74	0.82
3250	0.68	0.8	0.9	0.72	0.7	0.62	0.72	0.72	0.62	0.76	0.74	0.72	0.7	0.64	0.7	0.76
3300	0.72	0.82	0.88	0.74	0.72	0.6	0.76	0.74	0.62	0.76	0.76	0.72	0.7	0.74	0.68	0.76
3350	0.78	0.76	0.9	0.74	0.72	0.66	0.76	0.78	0.58	0.74	0.78	0.72	0.7	0.74	0.68	0.76
3400	0.78	0.74	0.88	0.72	0.68	0.7	0.74	0.78	0.6	0.74	0.76	0.74	0.74	0.76	0.7	0.82
3450	0.82	0.74	0.82	0.74	0.7	0.72	0.74	0.78	0.6	0.76	0.72	0.72	0.74	0.8	0.72	0.82
3500	0.82	0.68	0.82	0.72	0.68	0.72	0.74	0.74	0.66	0.78	0.74	0.68	0.74	0.84	0.76	0.82
3550	0.78	0.68	0.76	0.72	0.7	0.72	0.72	0.7	0.66	0.76	0.72	0.66	0.7	0.8	0.72	0.82
3600	0.78	0.66	0.74	0.68	0.7	0.7	0.72	0.72	0.7	0.76	0.7	0.68	0.72	0.74	0.72	0.84
3650	0.76	0.64	0.72	0.66	0.68	0.72	0.74	0.72	0.7	0.76	0.72	0.68	0.72	0.72	0.74	0.86
3700	0.8	0.62	0.68	0.7	0.68	0.74	0.72	0.72	0.7	0.76	0.72	0.68	0.66	0.7	0.72	0.84
3750	0.8	0.64	0.68	0.74	0.7	0.74	0.68	0.72	0.66	0.76	0.68	0.7	0.66	0.7	0.74	0.82
3800	0.76	0.66	0.68	0.74	0.72	0.74	0.66	0.76	0.68	0.78	0.72	0.76	0.64	0.62	0.7	0.82
3850	0.78	0.64	0.68	0.78	0.74	0.7	0.68	0.74	0.72	0.78	0.7	0.74	0.68	0.66	0.62	0.82
3900	0.76	0.68	0.7	0.8	0.76	0.68	0.66	0.74	0.7	0.76	0.72	0.74	0.68	0.7	0.66	0.82
3950	0.74	0.68	0.68	0.78	0.8	0.66	0.7	0.78	0.7	0.74	0.74	0.76	0.68	0.66	0.64	0.82
4000	0.68	0.64	0.68	0.8	0.8	0.68	0.74	0.82	0.7	0.76	0.74	0.76	0.68	0.7	0.64	0.84
4050	0.68	0.66	0.7	0.82	0.78	0.68	0.74	0.84	0.7	0.72	0.74	0.78	0.7	0.7	0.62	0.8
4100	0.68	0.68	0.7	0.86	0.82	0.72	0.74	0.8	0.72	0.7	0.7	0.76	0.7	0.74	0.62	0.8
4150	0.72	0.7	0.76	0.88	0.78	0.72	0.74	0.74	0.72	0.72	0.68	0.76	0.72	0.7	0.58	0.78
4200	0.68	0.66	0.72	0.82	0.76	0.7	0.72	0.76	0.74	0.72	0.68	0.72	0.66	0.68	0.58	0.72
4250	0.68	0.72	0.74	0.82	0.78	0.7	0.7	0.74	0.7	0.66	0.58	0.7	0.62	0.7	0.62	0.68
4300	0.7	0.7	0.7	0.82	0.8	0.76	0.7	0.76	0.7	0.64	0.6	0.68	0.54	0.72	0.66	0.64
4350	0.74	0.72	0.68	0.76	0.78	0.76	0.74	0.74	0.7	0.66	0.6	0.66	0.56	0.7	0.68	0.64
4400	0.7	0.72	0.68	0.78	0.78	0.78	0.7	0.72	0.7	0.62	0.62	0.64	0.52	0.68	0.74	0.66
4450	0.7	0.76	0.66	0.76	0.76	0.76	0.74	0.72	0.74	0.6	0.6	0.66	0.56	0.68	0.74	0.68
4500	0.7	0.74	0.72	0.74	0.8	0.72	0.76	0.72	0.76	0.62	0.64	0.64	0.58	0.72	0.82	0.68
4550	0.7	0.72	0.72	0.7	0.78	0.68	0.74	0.7	0.74	0.64	0.66	0.68	0.58	0.8	0.82	0.76
4600	0.72	0.7	0.74	0.72	0.78	0.66	0.8	0.72	0.76	0.64	0.62	0.7	0.62	0.8	0.72	0.84
4650	0.76	0.74	0.76	0.74	0.8	0.72	0.82	0.78	0.76	0.64	0.72	0.78	0.7	0.78	0.72	0.88
4700	0.74	0.76	0.8	0.76	0.8	0.68	0.86	0.72	0.74	0.64	0.72	0.82	0.74	0.82	0.7	0.9
4750	0.76	0.76	0.82	0.74	0.74	0.62	0.8	0.72	0.78	0.62	0.74	0.82	0.78	0.86	0.72	0.84
4800	0.76	0.72	0.76	0.74	0.72	0.62	0.74	0.7	0.7	0.64	0.74	0.82	0.76	0.84	0.72	0.8
4850	0.74	0.7	0.74	0.76	0.68	0.68	0.72	0.7	0.66	0.64	0.7	0.8	0.76	0.84	0.68	0.78
4900	0.76	0.72	0.76	0.74	0.7	0.66	0.72	0.72	0.66	0.68	0.72	0.82	0.78	0.78	0.7	0.76
4950	0.8	0.76	0.78	0.74	0.72	0.7	0.7	0.7	0.66	0.68	0.74	0.8	0.76	0.78	0.74	0.7
5000	0.8	0.82	0.78	0.74	0.76	0.72	0.68	0.72	0.64	0.68	0.74	0.82	0.7	0.76	0.8	0.7
5050	0.78	0.76	0.7	0.72	0.74	0.72	0.66	0.72	0.66	0.68	0.7	0.8	0.68	0.76	0.78	0.72
5100	0.78	0.76	0.72	0.72	0.76	0.74	0.68	0.72	0.7	0.66	0.7	0.78	0.72	0.76	0.76	0.78
5150	0.8	0.8	0.76	0.7	0.8	0.76	0.68	0.74	0.7	0.68	0.7	0.72	0.68	0.76	0.74	0.76
5200	0.84	0.8	0.78	0.72	0.82	0.8	0.72	0.8	0.68	0.74	0.72	0.68	0.7	0.74	0.76	0.74
5250	0.84	0.72	0.8	0.74	0.8	0.8	0.72	0.8	0.68	0.76	0.68	0.6	0.74	0.72	0.74	0.7
5300	0.82	0.72	0.78	0.76	0.82	0.82	0.7	0.82	0.72	0.78	0.68	0.58	0.72	0.7	0.76	0.74
5350	0.8	0.72	0.72	0.74	0.82	0.82	0.72	0.8	0.74	0.68	0.66	0.56	0.64	0.7	0.78	0.72
5400	0.8	0.72	0.74	0.74	0.86	0.8	0.76	0.82	0.72	0.72	0.68	0.56	0.62	0.72	0.76	0.74
5450	0.82	0.74	0.78	0.76	0.86	0.8	0.72	0.76	0.72	0.68	0.72	0.54	0.64	0.72	0.76	0.66
5500	0.86	0.76	0.76	0.72	0.88	0.8	0.64	0.78	0.72	0.66	0.72	0.58	0.7	0.74	0.78	0.64
5550	0.86	0.72	0.72	0.74	0.88	0.8	0.64	0.76	0.72	0.68	0.7	0.6	0.68	0.74	0.84	0.68
5600	0.86	0.8	0.74	0.74	0.88	0.8	0.66	0.76	0.72	0.68	0.68	0.6	0.66	0.76	0.84	0.7
5650	0.86	0.8	0.74	0.76	0.88	0.78	0.68	0.72	0.7	0.62	0.68	0.66	0.66	0.82	0.84	0.72
5700	0.88	0.78	0.78	0.74	0.86	0.7	0.64	0.68	0.7	0.62	0.7	0.68	0.64	0.82	0.8	0.72
5750	0.86	0.78	0.8	0.72	0.84	0.68	0.68	0.68	0.72	0.6	0.7	0.7	0.7	0.84	0.78	0.76
5800	0.86	0.76	0.8	0.76	0.84	0.68	0.7	0.66	0.68	0.62	0.7	0.7	0.7	0.78	0.78	0.72
5850	0.82	0.74	0.8	0.76	0.76	0.68	0.74	0.66	0.7	0.58	0.66	0.68	0.72	0.8	0.76	0.72
5900	0.84	0.78	0.82	0.78	0.76	0.7	0.72	0.62	0.72	0.54	0.62	0.72	0.7	0.78	0.76	0.76
5950	0.8	0.76	0.8	0.74	0.72	0.64	0.7	0.6	0.7	0.56	0.62	0.74	0.74	0.8	0.72	0.76
6000	0.82	0.76	0.82	0.74	0.72	0.64	0.7	0.58	0.74	0.58	0.68	0.76	0.76	0.78	0.76	0.72
6050	0.8	0.74	0.82	0.76	0.72	0.68	0.68	0.58	0.76	0.64	0.7	0.76	0.8	0.78	0.74	0.72
6100	0.72	0.74	0.82	0.78	0.72	0.68	0.66	0.58	0.72	0.68	0.7	0.76	0.8	0.74	0.78	0.72
6150	0.7	0.74	0.82	0.76	0.74	0.64	0.68	0.62	0.74	0.74	0.72	0.76	0.82	0.74	0.8	0.74
6200	0.7	0.76	0.8	0.76	0.76	0.64	0.66	0.66	0.76	0.78	0.74	0.76	0.78	0.78	0.82	0.7
6250	0.7	0.76	0.8	0.76	0.72	0.66	0.68	0.68	0.78	0.78	0.7	0.76	0.78	0.76	0.86	0.7
6300	0.72	0.76	0.78	0.82	0.74	0.72	0.66	0.66	0.74	0.7	0.68	0.74	0.82	0.76	0.82	0.7
6350	0.66	0.76	0.74	0.82	0.78	0.76	0.64	0.66	0.76	0.64	0.64	0.72	0.82	0.76	0.84	0.68
6400	0.68	0.76	0.76	0.82	0.78	0.8	0.64	0.62	0.72	0.62	0.66	0.74	0.78	0.74	0.82	0.72
6450	0.72	0.82	0.78	0.8	0.72	0.8	0.64	0.62	0.74	0.64	0.68	0.78	0.74	0.72	0.82	0.7
6500	0.74	0.86	0.78	0.8	0.7	0.8	0.68	0.64	0.74	0.62	0.68	0.78	0.74	0.7	0.74	0.68
6550	0.78	0.88	0.8	0.84	0.72	0.8	0.66	0.62	0.76	0.58	0.62	0.76	0.74	0.72	0.78	0.66
6600	0.82	0.88	0.8	0.86	0.72	0.74	0.62	0.56	0.76	0.6	0.68	0.76	0.76	0.74	0.72	0.7
6650	0.84	0.88	0.78	0.82	0.72	0.8	0.66	0.58	0.76	0.54	0.72	0.8	0.8	0.76	0.74	0.7
6700	0.76	0.82	0.8	0.8	0.72	0.82	0.64	0.6	0.72	0.58	0.76	0.84	0.76	0.76	0.72	0.72
6750	0.74	0.78	0.74	0.8	0.7	0.76	0.66	0.6	0.68	0.56	0.72	0.84	0.7	0.76	0.68	0.74
6800	0.74	0.78	0.74	0.78	0.68	0.74	0.7	0.7	0.7	0.64	0.68	0.8	0.72	0.8	0.7	0.76
6850	0.74	0.72	0.76	0.84	0.72	0.72	0.7	0.7	0.72	0.64	0.68	0.76	0.72	0.78	0.7	0.76
6900	0.76	0.74	0.76	0.84	0.78	0.72	0.7	0.7	0.7	0.64	0.7	0.8	0.72	0.8	0.72	0.74
6950	0.8	0.78	0.76	0.86	0.76	0.72	0.7	0.74	0.7	0.64	0.68	0.78	0.68	0.8	0.72	0.74
7000	0.78	0.76	0.74	0.86	0.78	0.74	0.72	0.74	0.7	0.68	0.64	0.76	0.66	0.82	0.72	0.72
7050	0.8	0.78	0.72	0.88	0.76	0.8	0.68	0.72	0.72	0.7	0.64	0.76	0.58	0.8	0.76	0.72
7100	0.8	0.72	0.66	0.88	0.8	0.78	0.6	0.74	0.72	0.76	0.64	0.76	0.6	0.78	0.74	0.7
7150	0.84	0.74	0.68	0.84	0.82	0.78	0.58	0.74	0.72	0.74	0.64	0.74	0.62	0.74	0.74	0.66
7200	0.84	0.76	0.72	0.84	0.84	0.82	0.62	0.76	0.7	0.74	0.64	0.72	0.6	0.72	0.8	0.66
7250	0.82	0.76	0.7	0.82	0.8	0.78	0.62	0.74	0.66	0.76	0.66	0.7	0.64	0.72	0.78	0.62
7300	0.82	0.76	0.68	0.8	0.78	0.76	0.56	0.72	0.68	0.74	0.68	0.72	0.6	0.72	0.78	0.56
7350	0.78	0.7	0.62	0.82	0.76	0.76	0.56	0.66	0.68	0.74	0.66	0.72	0.58	0.68	0.78	0.58
7400	0.76	0.68	0.62	0.8	0.78	0.7	0.56	0.62	0.72	0.74	0.72	0.74	0.58	0.64	0.76	0.6
7450	0.78	0.68	0.66	0.86	0.78	0.74	0.6	0.64	0.74	0.74	0.74	0.7	0.62	0.66	0.74	0.62
7500	0.8	0.76	0.7	0.82	0.72	0.74	0.64	0.62	0.76	0.74	0.72	0.68	0.68	0.7	0.78	0.64
7550	0.78	0.7	0.74	0.8	0.7	0.72	0.64	0.56	0.74	0.72	0.74	0.7	0.7	0.72	0.78	0.66
7600	0.8	0.72	0.74	0.84	0.7	0.76	0.6	0.58	0.72	0.68	0.74	0.7	0.68	0.76	0.78	0.68
7650	0.82	0.7	0.72	0.82	0.72	0.72	0.66	0.62	0.72	0.68	0.74	0.72	0.72	0.76	0.76	0.74
7700	0.82	0.7	0.76	0.84	0.74	0.72	0.72	0.68	0.74	0.7	0.76	0.72	0.74	0.76	0.74	0.8
7750	0.84	0.74	0.82	0.82	0.74	0.68	0.8	0.74	0.76	0.7	0.76	0.76	0.8	0.76	0.74	0.82
7800	0.84	0.76	0.82	0.78	0.7	0.66	0.82	0.74	0.76	0.74	0.8	0.74	0.8	0.8	0.74	0.8
7850	0.82	0.82	0.84	0.76	0.7	0.62	0.74	0.72	0.68	0.7	0.78	0.8	0.8	0.82	0.76	0.82
7900	0.82	0.78	0.84	0.74	0.74	0.58	0.74	0.7	0.66	0.76	0.82	0.8	0.78	0.82	0.78	0.8
7950	0.82	0.78	0.82	0.76	0.7	0.58	0.76	0.66	0.7	0.8	0.84	0.82	0.78	0.78	0.74	0.78
8000	0.86	0.84	0.8	0.78	0.7	0.64	0.82	0.66	0.74	0.84	0.84	0.82	0.76	0.8	0.78	0.8
8050	0.86	0.78	0.78	0.78	0.7	0.7	0.78	0.64	0.74	0.8	0.84	0.82	0.78	0.82	0.82	0.8
8100	0.8	0.8	0.78	0.8	0.72	0.68	0.68	0.64	0.76	0.78	0.8	0.82	0.78	0.78	0.78	0.72
8150	0.86	0.78	0.78	0.74	0.7	0.7	0.68	0.6	0.78	0.78	0.84	0.8	0.78	0.76	0.76	0.74
8200	0.82	0.74	0.78	0.74	0.66	0.8	0.68	0.6	0.78	0.74	0.82	0.82	0.78	0.78	0.78	0.76
8250	0.82	0.74	0.8	0.78	0.7	0.8	0.6	0.56	0.76	0.72	0.8	0.82	0.8	0.82	0.84	0.76
8300	0.84	0.7	0.72	0.8	0.72	0.78	0.68	0.62	0.76	0.7	0.8	0.82	0.8	0.86	0.82	0.76
8350	0.84	0.72	0.74	0.72	0.76	0.76	0.62	0.64	0.76	0.68	0.78	0.82	0.78	0.9	0.8	0.74
8400	0.82	0.74	0.74	0.74	0.76	0.8	0.62	0.68	0.74	0.72	0.74	0.78	0.74	0.88	0.8	0.72
8450	0.86	0.74	0.72	0.74	0.72	0.8	0.68	0.7	0.74	0.72	0.76	0.78	0.74	0.88	0.84	0.7
8500	0.86	0.78	0.74	0.76	0.74	0.84	0.68	0.72	0.7	0.7	0.76	0.78	0.72	0.86	0.84	0.7
8550	0.82	0.78	0.74	0.76	0.78	0.84	0.7	0.74	0.7	0.74	0.72	0.72	0.72	0.92	0.88	0.7
8600	0.84	0.78	0.74	0.78	0.78	0.84	0.7	0.72	0.64	0.72	0.68	0.72	0.7	0.92	0.92	0.7
8650	0.84	0.78	0.68	0.78	0.76	0.86	0.74	0.78	0.64	0.72	0.7	0.76	0.7	0.88	0.9	0.74
8700	0.82	0.8	0.76	0.84	0.76	0.84	0.76	0.76	0.68	0.76	0.72	0.8	0.7	0.86	0.88	0.8
8750	0.82	0.82	0.7	0.84	0.78	0.84	0.78	0.8	0.66	0.76	0.72	0.8	0.68	0.82	0.86	0.8
8800	0.78	0.8	0.76	0.84	0.78	0.82	0.8	0.8	0.72	0.78	0.72	0.82	0.72	0.8	0.86	0.82
8850	0.74	0.8	0.74	0.82	0.76	0.84	0.84	0.76	0.72	0.76	0.7	0.82	0.72	0.82	0.86	0.82
8900	0.76	0.76	0.72	0.8	0.8	0.82	0.86	0.8	0.72	0.76	0.74	0.76	0.72	0.8	0.84	0.84
8950	0.8	0.8	0.74	0.76	0.74	0.84	0.78	0.76	0.76	0.74	0.78	0.78	0.74	0.8	0.8	0.82
9000	0.8	0.8	0.84	0.76	0.68	0.84	0.74	0.78	0.68	0.74	0.78	0.82	0.8	0.8	0.78	0.76
9050	0.82	0.78	0.82	0.7	0.66	0.76	0.74	0.76	0.66	0.76	0.78	0.78	0.74	0.78	0.78	0.78
9100	0.8	0.78	0.82	0.68	0.68	0.8	0.74	0.76	0.66	0.74	0.72	0.76	0.72	0.76	0.8	0.78
9150	0.76	0.78	0.8	0.68	0.66	0.84	0.76	0.8	0.68	0.74	0.74	0.72	0.76	0.78	0.82	0.8
9200	0.76	0.78	0.82	0.74	0.74	0.84	0.76	0.8	0.66	0.72	0.74	0.72	0.76	0.82	0.84	0.84
9250	0.74	0.76	0.82	0.72	0.74	0.82	0.72	0.82	0.64	0.76	0.74	0.74	0.78	0.8	0.82	0.82
9300	0.74	0.74	0.84	0.74	0.72	0.82	0.76	0.82	0.64	0.76	0.74	0.7	0.82	0.78	0.8	0.86
9350	0.76	0.74	0.78	0.72	0.72	0.78	0.78	0.78	0.68	0.74	0.76	0.74	0.78	0.78	0.8	0.88
9400	0.76	0.74	0.8	0.76	0.74	0.78	0.82	0.82	0.76	0.74	0.76	0.78	0.84	0.78	0.78	0.9
9450	0.76	0.74	0.76	0.76	0.8	0.72	0.86	0.82	0.78	0.78	0.74	0.78	0.84	0.84	0.76	0.9
9500	0.76	0.76	0.78	0.82	0.78	0.76	0.88	0.8	0.78	0.72	0.72	0.76	0.86	0.84	0.72	0.92
9550	0.74	0.76	0.82	0.84	0.76	0.78	0.84	0.8	0.82	0.76	0.78	0.8	0.84	0.84	0.66	0.9
9600	0.76	0.8	0.8	0.8	0.74	0.72	0.84	0.82	0.84	0.76	0.72	0.78	0.84	0.86	0.62	0.9
9650	0.74	0.8	0.8	0.8	0.74	0.66	0.84	0.74	0.8	0.74	0.72	0.8	0.8	0.86	0.62	0.9
9700	0.76	0.8	0.8	0.78	0.68	0.64	0.8	0.72	0.78	0.76	0.72	0.78	0.8	0.88	0.56	0.9
9750	0.74	0.8	0.82	0.8	0.7	0.68	0.76	0.72	0.78	0.78	0.64	0.74	0.78	0.86	0.56	0.84
9800	0.76	0.8	0.84	0.78	0.68	0.7	0.74	0.76	0.76	0.8	0.66	0.72	0.76	0.84	0.6	0.82
9850	0.72	0.82	0.86	0.76	0.68	0.72	0.74	0.76	0.74	0.8	0.64	0.78	0.78	0.8	0.64	0.84
9900	0.7	0.82	0.9	0.76	0.68	0.7	0.74	0.78	0.72	0.84	0.7	0.78	0.8	0.8	0.7	0.84
9950	0.72	0.84	0.92	0.78	0.68	0.74	0.74	0.76	0.72	0.84	0.74	0.78	0.76	0.76	0.7	0.86
10000	0.78	0.84	0.9	0.76	0.7	0.76	0.74	0.74	0.72	0.82	0.74	0.76	0.78	0.76	0.72	0.84
10050	0.78	0.84	0.9	0.74	0.74	0.78	0.74	0.74	0.7	0.82	0.74	0.76	0.82	0.76	0.76	0.84
10100	0.76	0.8	0.86	0.74	0.7	0.78	0.78	0.78	0.66	0.8	0.74	0.76	0.7	0.72	0.78	0.84
10150	0.82	0.82	0.86	0.78	0.72	0.78	0.76	0.78	0.66	0.8	0.76	0.76	0.7	0.8	0.74	0.86
10200	0.8	0.82	0.84	0.76	0.7	0.76	0.78	0.78	0.68	0.8	0.76	0.78	0.7	0.74	0.76	0.86
10250	0.82	0.8	0.78	0.74	0.7	0.8	0.78	0.8	0.78	0.82	0.76	0.82	0.66	0.76	0.78	0.86
10300	0.84	0.74	0.72	0.7	0.72	0.78	0.78	0.72	0.76	0.74	0.76	0.8	0.68	0.78	0.78	0.82
10350	0.8	0.74	0.72	0.72	0.7	0.76	0.74	0.74	0.72	0.74	0.76	0.76	0.68	0.76	0.82	0.8
10400	0.78	0.74	0.72	0.74	0.7	0.8	0.76	0.74	0.72	0.76	0.76	0.72	0.64	0.74	0.84	0.76
10450	0.78	0.78	0.7	0.72	0.7	0.72	0.78	0.74	0.76	0.8	0.74	0.76	0.62	0.78	0.82	0.78
10500	0.82	0.76	0.7	0.7	0.78	0.7	0.76	0.74	0.76	0.74	0.76	0.74	0.7	0.78	0.82	0.76
10550	0.78	0.8	0.66	0.7	0.76	0.68	0.78	0.74	0.78	0.74	0.78	0.78	0.68	0.76	0.82	0.76
10600	0.82	0.76	0.66	0.68	0.76	0.7	0.8	0.74	0.74	0.78	0.8	0.74	0.72	0.82	0.82	0.74
10650	0.8	0.72	0.66	0.72	0.72	0.74	0.82	0.8	0.72	0.74	0.74	0.72	0.7	0.78	0.76	0.74
10700	0.78	0.74	0.66	0.66	0.72	0.72	0.8	0.82	0.7	0.72	0.74	0.74	0.7	0.78	0.76	0.74
10750	0.82	0.72	0.68	0.68	0.76	0.7	0.8	0.78	0.68	0.72	0.76	0.74	0.72	0.8	0.76	0.76
10800	0.82	0.76	0.68	0.7	0.78	0.72	0.76	0.78	0.68	0.7	0.74	0.78	0.68	0.72	0.74	0.74
10850	0.78	0.74	0.66	0.7	0.74	0.78	0.8	0.78	0.74	0.76	0.76	0.78	0.7	0.74	0.72	0.76
10900	0.78	0.68	0.64	0.72	0.72	0.8	0.8	0.76	0.74	0.72	0.76	0.76	0.7	0.76	0.78	0.74
10950	0.68	0.64	0.68	0.68	0.7	0.76	0.8	0.76	0.78	0.74	0.74	0.8	0.7	0.72	0.78	0.78
11000	0.68	0.62	0.66	0.68	0.72	0.7	0.8	0.78	0.76	0.8	0.74	0.82	0.7	0.76	0.74	0.78
11050	0.66	0.66	0.64	0.64	0.66	0.7	0.8	0.82	0.74	0.84	0.76	0.82	0.7	0.78	0.74	0.74
11100	0.64	0.68	0.62	0.62	0.58	0.68	0.78	0.84	0.72	0.88	0.76	0.8	0.66	0.72	0.64	0.74
11150	0.66	0.7	0.62	0.6	0.58	0.7	0.72	0.86	0.72	0.88	0.78	0.82	0.64	0.68	0.64	0.7
11200	0.68	0.74	0.64	0.62	0.56	0.7	0.74	0.86	0.74	0.88	0.72	0.8	0.64	0.62	0.62	0.66
11250	0.64	0.8	0.7	0.62	0.56	0.7	0.72	0.86	0.74	0.9	0.76	0.84	0.64	0.64	0.64	0.7
11300	0.68	0.8	0.72	0.64	0.58	0.7	0.68	0.82	0.7	0.86	0.78	0.84	0.66	0.64	0.66	0.72
11350	0.7	0.82	0.8	0.68	0.6	0.72	0.66	0.8	0.68	0.86	0.76	0.82	0.7	0.62	0.66	0.72
11400	0.66	0.82	0.82	0.74	0.6	0.74	0.58	0.76	0.66	0.86	0.78	0.82	0.7	0.6	0.68	0.72
11450	0.66	0.82	0.86	0.78	0.66	0.76	0.58	0.7	0.68	0.84	0.76	0.82	0.66	0.6	0.7	0.72
11500	0.64	0.78	0.88	0.82	0.7	0.78	0.58	0.68	0.7	0.86	0.78	0.82	0.72	0.6	0.7	0.74
11550	0.66	0.8	0.86	0.86	0.74	0.82	0.58	0.7	0.66	0.86	0.76	0.84	0.74	0.66	0.76	0.76
11600	0.7	0.8	0.8	0.84	0.74	0.84	0.62	0.7	0.66	0.84	0.84	0.84	0.72	0.68	0.8	0.8
11650	0.72	0.78	0.78	0.84	0.76	0.84	0.6	0.68	0.68	0.84	0.82	0.84	0.68	0.76	0.8	0.8
11700	0.68	0.78	0.76	0.84	0.76	0.84	0.62	0.72	0.7	0.88	0.82	0.84	0.7	0.8	0.74	0.72
11750	0.72	0.78	0.74	0.84	0.74	0.84	0.64	0.72	0.66	0.82	0.86	0.86	0.72	0.76	0.72	0.74
11800	0.78	0.82	0.74	0.86	0.72	0.86	0.64	0.8	0.72	0.84	0.88	0.86	0.76	0.78	0.7	0.7
11850	0.76	0.76	0.76	0.82	0.7	0.84	0.68	0.82	0.72	0.86	0.9	0.88	0.78	0.8	0.72	0.72
11900	0.76	0.72	0.78	0.82	0.66	0.86	0.72	0.86	0.74	0.84	0.88	0.84	0.84	0.84	0.7	0.7
11950	0.76	0.7	0.84	0.86	0.7	0.86	0.74	0.86	0.76	0.84	0.9	0.86	0.86	0.84	0.7	0.72
12000	0.76	0.66	0.82	0.86	0.72	0.8	0.76	0.8	0.8	0.84	0.86	0.8	0.86	0.84	0.7	0.74
12050	0.76	0.64	0.86	0.88	0.7	0.8	0.74	0.76	0.8	0.84	0.9	0.78	0.82	0.82	0.74	0.7
12100	0.74	0.56	0.8	0.82	0.74	0.76	0.72	0.72	0.76	0.82	0.9	0.74	0.78	0.82	0.74	0.74
12150	0.76	0.58	0.78	0.82	0.76	0.72	0.72	0.7	0.78	0.86	0.9	0.74	0.8	0.82	0.72	0.74
12200	0.74	0.54	0.74	0.8	0.7	0.7	0.7	0.62	0.78	0.82	0.86	0.74	0.78	0.8	0.76	0.72
12250	0.72	0.54	0.7	0.8	0.7	0.68	0.76	0.64	0.8	0.82	0.84	0.76	0.78	0.8	0.8	0.72
12300	0.72	0.56	0.7	0.78	0.64	0.7	0.7	0.64	0.78	0.84	0.84	0.76	0.76	0.76	0.74	0.74
12350	0.72	0.58	0.74	0.78	0.66	0.8	0.66	0.7	0.78	0.84	0.88	0.78	0.74	0.78	0.76	0.72
12400	0.7	0.58	0.72	0.76	0.62	0.8	0.62	0.7	0.76	0.88	0.88	0.76	0.74	0.76	0.78	0.68
12450	0.72	0.62	0.72	0.76	0.66	0.78	0.64	0.72	0.8	0.88	0.86	0.74	0.76	0.74	0.74	0.72
12500	0.76	0.64	0.74	0.78	0.74	0.76	0.66	0.76	0.8	0.9	0.88	0.76	0.78	0.78	0.76	0.64
12550	0.76	0.68	0.74	0.82	0.76	0.76	0.68	0.72	0.82	0.9	0.84	0.74	0.74	0.8	0.76	0.66
12600	0.8	0.74	0.8	0.82	0.84	0.76	0.66	0.72	0.8	0.9	0.84	0.72	0.74	0.8	0.78	0.68
12650	0.8	0.82	0.78	0.8	0.86	0.8	0.64	0.72	0.78	0.94	0.84	0.72	0.76	0.82	0.78	0.74
12700	0.78	0.84	0.76	0.76	0.84	0.7	0.64	0.72	0.76	0.96	0.84	0.74	0.74	0.84	0.76	0.74
12750	0.74	0.78	0.72	0.76	0.86	0.68	0.68	0.72	0.76	0.94	0.84	0.76	0.72	0.8	0.76	0.76
12800	0.76	0.8	0.7	0.76	0.86	0.64	0.68	0.66	0.72	0.94	0.84	0.76	0.68	0.8	0.76	0.78
12850	0.74	0.82	0.7	0.76	0.82	0.68	0.64	0.68	0.66	0.92	0.82	0.82	0.68	0.8	0.74	0.76
12900	0.78	0.78	0.62	0.76	0.82	0.72	0.7	0.68	0.66	0.92	0.8	0.82	0.68	0.76	0.72	0.82
12950	0.78	0.74	0.62	0.76	0.82	0.66	0.72	0.66	0.68	0.94	0.8	0.82	0.68	0.76	0.72	0.86
13000	0.76	0.72	0.62	0.76	0.8	0.62	0.76	0.64	0.66	0.92	0.82	0.86	0.72	0.76	0.7	0.88
13050	0.7	0.68	0.64	0.76	0.76	0.66	0.76	0.7	0.68	0.86	0.8	0.86	0.72	0.74	0.7	0.9
13100	0.7	0.7	0.68	0.76	0.8	0.68	0.78	0.64	0.68	0.82	0.8	0.92	0.74	0.78	0.74	0.92
13150	0.72	0.7	0.68	0.72	0.84	0.66	0.76	0.64	0.68	0.78	0.8	0.94	0.76	0.78	0.8	0.92
13200	0.72	0.64	0.76	0.72	0.82	0.72	0.74	0.68	0.76	0.8	0.82	0.92	0.82	0.78	0.82	0.9
13250	0.76	0.66	0.76	0.72	0.82	0.68	0.78	0.68	0.74	0.78	0.82	0.92	0.82	0.8	0.8	0.92
13300	0.72	0.66	0.76	0.72	0.8	0.72	0.84	0.72	0.72	0.72	0.76	0.9	0.82	0.84	0.84	0.94
13350	0.74	0.7	0.8	0.76	0.8	0.76	0.84	0.76	0.76	0.7	0.76	0.88	0.84	0.86	0.84	0.9
13400	0.74	0.7	0.82	0.78	0.76	0.7	0.84	0.76	0.78	0.7	0.78	0.9	0.82	0.84	0.84	0.88
13450	0.74	0.72	0.84	0.76	0.72	0.7	0.82	0.74	0.8	0.72	0.74	0.86	0.84	0.86	0.84	0.82
13500	0.76	0.72	0.84	0.76	0.74	0.7	0.82	0.74	0.8	0.74	0.76	0.86	0.84	0.88	0.84	0.8
13550	0.74	0.72	0.84	0.76	0.74	0.68	0.84	0.74	0.76	0.76	0.72	0.82	0.84	0.88	0.82	0.8
13600	0.72	0.74	0.88	0.76	0.68	0.7	0.84	0.74	0.82	0.8	0.76	0.82	0.86	0.88	0.82	0.8
13650	0.72	0.76	0.86	0.74	0.72	0.68	0.8	0.76	0.84	0.8	0.78	0.86	0.82	0.86	0.78	0.8
13700	0.7	0.76	0.86	0.72	0.74	0.66	0.76	0.8	0.82	0.8	0.78	0.86	0.84	0.86	0.8	0.8
13750	0.72	0.78	0.88	0.68	0.74	0.66	0.74	0.8	0.8	0.78	0.76	0.86	0.86	0.86	0.82	0.82
13800	0.72	0.78	0.86	0.68	0.78	0.66	0.7	0.8	0.78	0.86	0.78	0.86	0.88	0.88	0.82	0.78
13850	0.74	0.74	0.82	0.68	0.78	0.68	0.7	0.78	0.76	0.88	0.82	0.84	0.84	0.9	0.8	0.82
13900	0.78	0.76	0.74	0.66	0.74	0.68	0.7	0.74	0.76	0.88	0.78	0.78	0.82	0.86	0.8	0.76
13950	0.8	0.78	0.74	0.66	0.78	0.72	0.7	0.74	0.78	0.8	0.8	0.82	0.8	0.82	0.8	0.8
14000	0.82	0.74	0.76	0.68	0.8	0.7	0.66	0.7	0.78	0.86	0.8	0.78	0.8	0.82	0.8	0.78
14050	0.84	0.72	0.7	0.7	0.8	0.7	0.68	0.76	0.76	0.86	0.8	0.76	0.78	0.82	0.8	0.82
14100	0.82	0.72	0.68	0.74	0.84	0.74	0.68	0.72	0.72	0.84	0.82	0.76	0.8	0.84	0.82	0.84
14150	0.82	0.72	0.64	0.7	0.84	0.68	0.7	0.68	0.74	0.84	0.8	0.78	0.72	0.82	0.84	0.84
14200	0.86	0.72	0.62	0.72	0.86	0.7	0.68	0.64	0.72	0.82	0.8	0.76	0.7	0.84	0.84	0.84
14250	0.86	0.72	0.62	0.76	0.92	0.74	0.66	0.7	0.74	0.8	0.82	0.84	0.72	0.82	0.86	0.84
14300	0.86	0.74	0.66	0.78	0.9	0.74	0.7	0.72	0.76	0.86	0.86	0.88	0.76	0.84	0.86	0.9
14350	0.82	0.74	0.7	0.78	0.88	0.68	0.7	0.68	0.74	0.84	0.84	0.84	0.74	0.9	0.92	0.88
14400	0.8	0.76	0.7	0.78	0.9	0.72	0.74	0.7	0.78	0.8	0.8	0.86	0.74	0.9	0.92	0.86
14450	0.8	0.78	0.68	0.76	0.92	0.7	0.76	0.68	0.76	0.8	0.78	0.84	0.72	0.84	0.88	0.88
14500	0.8	0.78	0.72	0.8	0.86	0.74	0.82	0.72	0.82	0.8	0.8	0.86	0.76	0.86	0.9	0.84
14550	0.82	0.82	0.7	0.78	0.84	0.74	0.82	0.76	0.82	0.86	0.8	0.88	0.74	0.84	0.9	0.84
14600	0.84	0.86	0.72	0.74	0.84	0.76	0.76	0.7	0.84	0.8	0.8	0.92	0.78	0.84	0.92	0.84
14650	0.84	0.88	0.7	0.76	0.82	0.74	0.78	0.68	0.82	0.8	0.8	0.86	0.8	0.84	0.92	0.84
14700	0.84	0.88	0.76	0.76	0.8	0.76	0.82	0.68	0.82	0.84	0.82	0.86	0.78	0.84	0.86	0.86
14750	0.8	0.92	0.76	0.74	0.8	0.8	0.8	0.72	0.82	0.84	0.82	0.86	0.78	0.84	0.86	0.86
14800	0.86	0.92	0.78	0.76	0.76	0.8	0.78	0.7	0.82	0.84	0.8	0.86	0.78	0.86	0.86	0.84
14850	0.84	0.9	0.8	0.74	0.8	0.78	0.8	0.72	0.82	0.84	0.84	0.9	0.78	0.86	0.82	0.88
14900	0.88	0.88	0.8	0.76	0.78	0.74	0.82	0.72	0.82	0.84	0.86	0.86	0.74	0.84	0.78	0.88
14950	0.82	0.8	0.84	0.78	0.76	0.7	0.82	0.72	0.84	0.84	0.84	0.84	0.78	0.84	0.78	0.88
15000	0.74	0.78	0.84	0.78	0.78	0.72	0.8	0.72	0.82	0.86	0.82	0.8	0.78	0.82	0.74	0.86
15050	0.74	0.76	0.82	0.76	0.8	0.72	0.84	0.76	0.86	0.86	0.78	0.82	0.8	0.8	0.72	0.88
15100	0.74	0.74	0.8	0.78	0.8	0.7	0.86	0.8	0.86	0.88	0.82	0.8	0.84	0.82	0.78	0.82
15150	0.74	0.76	0.8	0.74	0.8	0.7	0.84	0.8	0.94	0.88	0.84	0.82	0.88	0.82	0.76	0.8
15200	0.76	0.74	0.82	0.76	0.82	0.68	0.84	0.78	0.92	0.88	0.84	0.84	0.84	0.8	0.72	0.8
15250	0.76	0.72	0.8	0.82	0.84	0.7	0.86	0.84	0.9	0.9	0.82	0.8	0.84	0.82	0.72	0.78
15300	0.76	0.72	0.8	0.86	0.82	0.76	0.84	0.84	0.92	0.92	0.82	0.78	0.86	0.86	0.8	0.82
15350	0.78	0.74	0.8	0.86	0.82	0.84	0.82	0.86	0.86	0.94	0.82	0.76	0.84	0.86	0.82	0.82
15400	0.78	0.76	0.78	0.88	0.82	0.88	0.8	0.84	0.84	0.9	0.82	0.76	0.8	0.88	0.86	0.8
15450	0.8	0.8	0.8	0.92	0.78	0.88	0.8	0.84	0.84	0.88	0.8	0.8	0.82	0.9	0.86	0.84
15500	0.9	0.84	0.84	0.9	0.76	0.92	0.8	0.82	0.82	0.86	0.78	0.76	0.82	0.92	0.84	0.86
15550	0.88	0.86	0.86	0.86	0.78	0.9	0.8	0.82	0.82	0.88	0.76	0.82	0.82	0.92	0.88	0.88
15600	0.82	0.88	0.88	0.86	0.78	0.88	0.82	0.8	0.82	0.88	0.78	0.82	0.82	0.94	0.88	0.88
15650	0.82	0.84	0.88	0.86	0.76	0.82	0.76	0.8	0.74	0.86	0.74	0.8	0.78	0.9	0.84	0.88
15700	0.76	0.8	0.86	0.86	0.76	0.82	0.72	0.78	0.7	0.88	0.76	0.82	0.8	0.86	0.82	0.86
15750	0.72	0.76	0.84	0.86	0.76	0.8	0.7	0.78	0.7	0.86	0.76	0.84	0.8	0.88	0.82	0.86
15800	0.74	0.76	0.88	0.84	0.78	0.76	0.72	0.8	0.72	0.86	0.76	0.84	0.84	0.86	0.76	0.88
15850	0.72	0.76	0.88	0.84	0.8	0.74	0.74	0.82	0.72	0.86	0.8	0.84	0.84	0.86	0.8	0.88
15900	0.72	0.72	0.9	0.84	0.82	0.74	0.76	0.82	0.7	0.82	0.8	0.82	0.82	0.86	0.8	0.9
15950	0.74	0.7	0.94	0.9	0.82	0.78	0.74	0.86	0.7	0.86	0.86	0.84	0.82	0.86	0.8	0.86
16000	0.82	0.74	0.94	0.9	0.82	0.82	0.82	0.88	0.7	0.86	0.9	0.84	0.8	0.88	0.8	0.86
16050	0.84	0.78	0.86	0.86	0.82	0.8	0.82	0.9	0.76	0.88	0.9	0.86	0.8	0.92	0.82	0.82
16100	0.88	0.82	0.88	0.86	0.78	0.8	0.84	0.9	0.78	0.88	0.88	0.78	0.86	0.92	0.78	0.76
16150	0.92	0.8	0.86	0.86	0.76	0.82	0.8	0.88	0.8	0.88	0.86	0.76	0.84	0.94	0.82	0.76
16200	0.94	0.8	0.86	0.88	0.76	0.8	0.82	0.92	0.82	0.88	0.86	0.7	0.84	0.94	0.78	0.72
16250	0.94	0.8	0.86	0.88	0.76	0.8	0.8	0.9	0.84	0.88	0.86	0.72	0.82	0.94	0.78	0.66
16300	0.96	0.8	0.86	0.88	0.74	0.8	0.8	0.9	0.84	0.9	0.86	0.68	0.82	0.92	0.74	0.66
16350	0.98	0.84	0.8	0.82	0.72	0.78	0.78	0.9	0.86	0.9	0.82	0.64	0.78	0.92	0.72	0.68
16400	0.94	0.84	0.78	0.76	0.66	0.78	0.72	0.88	0.84	0.9	0.8	0.66	0.78	0.9	0.72	0.64
16450	0.94	0.86	0.84	0.78	0.7	0.74	0.74	0.84	0.84	0.9	0.8	0.68	0.8	0.88	0.7	0.72
16500	0.94	0.82	0.86	0.86	0.74	0.8	0.78	0.86	0.8	0.9	0.8	0.66	0.8	0.88	0.72	0.74
16550	0.86	0.78	0.88	0.84	0.78	0.76	0.78	0.86	0.78	0.86	0.8	0.64	0.78	0.86	0.74	0.76
16600	0.84	0.84	0.88	0.8	0.74	0.76	0.8	0.86	0.76	0.84	0.78	0.64	0.74	0.84	0.74	0.7
16650	0.82	0.84	0.86	0.8	0.74	0.76	0.8	0.84	0.74	0.86	0.74	0.62	0.76	0.84	0.8	0.7
16700	0.8	0.86	0.84	0.76	0.74	0.76	0.82	0.86	0.72	0.84	0.72	0.62	0.74	0.86	0.82	0.72
16750	0.8	0.86	0.86	0.7	0.76	0.76	0.86	0.86	0.72	0.8	0.7	0.64	0.8	0.86	0.88	0.74
16800	0.78	0.84	0.88	0.72	0.78	0.8	0.86	0.88	0.74	0.8	0.7	0.66	0.78	0.86	0.9	0.72
16850	0.8	0.84	0.82	0.64	0.82	0.8	0.86	0.84	0.68	0.76	0.74	0.7	0.72	0.86	0.92	0.76
16900	0.74	0.78	0.82	0.68	0.78	0.78	0.84	0.82	0.72	0.8	0.74	0.7	0.78	0.86	0.88	0.76
16950	0.78	0.8	0.78	0.66	0.78	0.78	0.84	0.84	0.78	0.8	0.74	0.7	0.82	0.9	0.88	0.78
17000	0.8	0.8	0.78	0.68	0.76	0.76	0.8	0.78	0.78	0.82	0.8	0.76	0.84	0.9	0.88	0.76
17050	0.74	0.78	0.76	0.7	0.8	0.78	0.8	0.72	0.84	0.78	0.82	0.76	0.82	0.86	0.86	0.74
17100	0.76	0.78	0.78	0.74	0.78	0.8	0.82	0.7	0.84	0.76	0.82	0.82	0.84	0.86	0.84	0.8
17150	0.72	0.74	0.78	0.72	0.78	0.76	0.82	0.7	0.84	0.74	0.82	0.8	0.86	0.86	0.84	0.8
17200	0.74	0.72	0.76	0.7	0.8	0.74	0.82	0.7	0.84	0.8	0.8	0.82	0.88	0.82	0.8	0.82
17250	0.76	0.72	0.8	0.74	0.8	0.76	0.84	0.7	0.88	0.78	0.8	0.84	0.88	0.86	0.78	0.84
17300	0.74	0.72	0.8	0.76	0.84	0.72	0.84	0.68	0.82	0.76	0.78	0.84	0.84	0.86	0.72	0.84
17350	0.74	0.76	0.82	0.72	0.8	0.66	0.84	0.68	0.76	0.74	0.78	0.88	0.82	0.84	0.74	0.86
17400	0.72	0.78	0.76	0.66	0.8	0.62	0.82	0.7	0.7	0.76	0.78	0.88	0.8	0.88	0.72	0.88
17450	0.72	0.82	0.82	0.72	0.82	0.6	0.8	0.68	0.68	0.78	0.76	0.88	0.82	0.9	0.68	0.88
17500	0.72	0.82	0.8	0.7	0.76	0.6	0.76	0.68	0.72	0.8	0.82	0.88	0.84	0.9	0.66	0.84
17550	0.76	0.82	0.78	0.7	0.74	0.6	0.76	0.66	0.72	0.8	0.82	0.88	0.82	0.92	0.64	0.88
17600	0.82	0.84	0.78	0.7	0.72	0.6	0.76	0.66	0.68	0.8	0.82	0.9	0.8	0.92	0.64	0.88
17650	0.84	0.84	0.8	0.7	0.68	0.6	0.76	0.7	0.68	0.8	0.82	0.86	0.8	0.92	0.64	0.84
17700	0.86	0.84	0.84	0.74	0.66	0.56	0.8	0.74	0.72	0.8	0.82	0.84	0.82	0.9	0.62	0.84
17750	0.86	0.84	0.86	0.76	0.68	0.6	0.8	0.72	0.7	0.8	0.82	0.8	0.84	0.86	0.66	0.84
17800	0.92	0.84	0.82	0.76	0.66	0.58	0.84	0.7	0.78	0.76	0.86	0.8	0.8	0.82	0.66	0.82
17850	0.92	0.84	0.8	0.76	0.64	0.62	0.84	0.74	0.76	0.76	0.84	0.78	0.7	0.8	0.68	0.82
17900	0.88	0.82	0.84	0.74	0.6	0.6	0.88	0.78	0.72	0.76	0.82	0.74	0.72	0.78	0.66	0.82
17950	0.86	0.84	0.86	0.74	0.66	0.64	0.86	0.74	0.74	0.76	0.84	0.76	0.7	0.74	0.68	0.8
18000	0.84	0.82	0.82	0.74	0.66	0.66	0.86	0.76	0.74	0.78	0.86	0.74	0.7	0.74	0.64	0.78
18050	0.84	0.82	0.78	0.78	0.72	0.68	0.84	0.74	0.76	0.8	0.9	0.76	0.66	0.72	0.68	0.76
18100	0.82	0.78	0.72	0.74	0.74	0.66	0.86	0.76	0.74	0.82	0.86	0.76	0.62	0.7	0.7	0.78
18150	0.82	0.78	0.72	0.74	0.74	0.7	0.88	0.8	0.78	0.86	0.88	0.78	0.7	0.72	0.74	0.78
18200	0.8	0.76	0.74	0.76	0.8	0.72	0.84	0.82	0.82	0.88	0.9	0.82	0.74	0.78	0.76	0.8
18250	0.76	0.76	0.8	0.82	0.82	0.68	0.84	0.82	0.82	0.9	0.86	0.82	0.74	0.74	0.72	0.84
18300	0.76	0.76	0.78	0.78	0.8	0.66	0.8	0.82	0.82	0.9	0.88	0.84	0.8	0.78	0.7	0.8
18350	0.76	0.74	0.76	0.76	0.78	0.66	0.84	0.82	0.82	0.92	0.86	0.88	0.86	0.84	0.7	0.82
18400	0.76	0.72	0.74	0.78	0.76	0.62	0.84	0.84	0.82	0.94	0.86	0.88	0.86	0.84	0.7	0.84
18450	0.72	0.72	0.8	0.76	0.78	0.6	0.86	0.84	0.8	0.88	0.82	0.9	0.84	0.84	0.7	0.86
18500	0.68	0.64	0.82	0.78	0.74	0.62	0.82	0.82	0.76	0.86	0.84	0.86	0.84	0.84	0.7	0.84
18550	0.7	0.62	0.8	0.78	0.78	0.62	0.82	0.84	0.76	0.82	0.78	0.84	0.82	0.84	0.7	0.82
18600	0.7	0.62	0.82	0.78	0.76	0.66	0.84	0.86	0.76	0.82	0.8	0.84	0.84	0.9	0.68	0.8
18650	0.66	0.64	0.84	0.76	0.82	0.6	0.84	0.84	0.8	0.8	0.8	0.88	0.86	0.9	0.72	0.82
18700	0.66	0.64	0.86	0.74	0.84	0.64	0.88	0.84	0.78	0.8	0.76	0.84	0.82	0.86	0.76	0.8
18750	0.72	0.68	0.8	0.8	0.84	0.68	0.86	0.86	0.76	0.78	0.76	0.84	0.82	0.86	0.78	0.82
18800	0.72	0.68	0.76	0.72	0.8	0.72	0.82	0.86	0.78	0.76	0.74	0.8	0.78	0.84	0.76	0.8
18850	0.72	0.78	0.78	0.72	0.8	0.74	0.8	0.88	0.78	0.78	0.74	0.86	0.76	0.82	0.78	0.84
18900	0.78	0.78	0.74	0.72	0.82	0.76	0.76	0.88	0.74	0.78	0.78	0.84	0.74	0.8	0.8	0.82
18950	0.74	0.72	0.7	0.74	0.84	0.76	0.74	0.86	0.74	0.82	0.8	0.84	0.7	0.76	0.78	0.84
19000	0.76	0.74	0.64	0.7	0.74	0.8	0.74	0.86	0.78	0.82	0.8	0.82	0.68	0.72	0.8	0.76
19050	0.78	0.76	0.64	0.66	0.66	0.8	0.78	0.9	0.76	0.8	0.8	0.82	0.7	0.76	0.76	0.76
19100	0.84	0.78	0.7	0.66	0.68	0.76	0.78	0.88	0.78	0.82	0.82	0.86	0.7	0.76	0.74	0.76
19150	0.82	0.74	0.76	0.66	0.66	0.72	0.72	0.78	0.8	0.82	0.8	0.82	0.74	0.82	0.74	0.78
19200	0.8	0.76	0.74	0.68	0.7	0.72	0.72	0.76	0.74	0.8	0.8	0.82	0.76	0.86	0.74	0.8
19250	0.8	0.8	0.76	0.7	0.7	0.72	0.72	0.78	0.76	0.78	0.8	0.86	0.76	0.84	0.72	0.78
19300	0.86	0.78	0.8	0.74	0.68	0.68	0.72	0.72	0.8	0.8	0.8	0.86	0.84	0.86	0.76	0.76
19350	0.84	0.78	0.84	0.76	0.66	0.66	0.74	0.74	0.82	0.8	0.8	0.86	0.82	0.9	0.76	0.76
19400	0.8	0.76	0.82	0.78	0.74	0.68	0.74	0.72	0.82	0.82	0.84	0.88	0.82	0.9	0.76	0.8
19450	0.8	0.78	0.82	0.8	0.78	0.66	0.72	0.68	0.78	0.78	0.84	0.9	0.8	0.88	0.8	0.86
19500	0.82	0.8	0.82	0.8	0.76	0.68	0.74	0.68	0.76	0.82	0.84	0.92	0.74	0.88	0.84	0.86
19550	0.8	0.8	0.82	0.82	0.74	0.74	0.74	0.7	0.8	0.8	0.82	0.9	0.74	0.86	0.8	0.84
19600	0.76	0.84	0.84	0.86	0.74	0.76	0.78	0.78	0.8	0.82	0.78	0.92	0.74	0.82	0.82	0.84
19650	0.78	0.86	0.84	0.86	0.78	0.8	0.82	0.78	0.78	0.78	0.76	0.94	0.76	0.8	0.82	0.82
19700	0.78	0.86	0.86	0.88	0.8	0.88	0.78	0.78	0.76	0.76	0.76	0.94	0.8	0.78	0.82	0.84
19750	0.76	0.86	0.86	0.84	0.8	0.88	0.8	0.82	0.78	0.76	0.72	0.94	0.8	0.8	0.82	0.86
19800	0.74	0.88	0.88	0.84	0.8	0.84	0.74	0.76	0.76	0.76	0.72	0.94	0.82	0.82	0.84	0.88
19850	0.74	0.92	0.9	0.86	0.78	0.88	0.7	0.82	0.74	0.72	0.72	0.92	0.8	0.8	0.8	0.86
19900	0.7	0.88	0.94	0.86	0.78	0.86	0.72	0.8	0.78	0.74	0.78	0.9	0.84	0.76	0.8	0.86
19950	0.7	0.88	0.92	0.86	0.82	0.82	0.74	0.78	0.78	0.76	0.8	0.92	0.82	0.78	0.84	0.86
20000	0.74	0.88	0.92	0.86	0.8	0.82	0.72	0.82	0.74	0.78	0.82	0.92	0.82	0.82	0.9	0.88
