0	0.0	0.0	0.0	0.0	0.0	0.0	0.0	0.0	0.0	0.0	0.0	0.0	0.0	0.0	0.0	0.0
50	0.0	0.0	0.0	0.0	0.0	0.0	0.0	0.0	0.0	0.0	0.0	0.0	0.0	0.0	0.0	0.0
100	0.0	0.0	0.0	0.0	0.0	0.0	0.0	0.0	0.0	0.0	0.0	0.0	0.0	0.0	0.0	0.0
150	0.0	0.0	0.0	0.0	0.0	0.0	0.0	0.0	0.0	0.0	0.0	0.0	0.0	0.0	0.0	0.0
200	0.0	0.0416666666667	0.0	0.0	0.05	0.0	0.0416666666667	0.0740740740741	0.0344827586207	0.0952380952381	0.0689655172414	0.0357142857143	0.0	0.0	0.0	0.05
250	0.0344827586207	0.0322580645161	0.0263157894737	0.0	0.0434782608696	0.0	0.0322580645161	0.0857142857143	0.0285714285714	0.107142857143	0.0606060606061	0.0294117647059	0.0	0.03125	0.030303030303	0.04
300	0.0540540540541	0.0526315789474	0.0731707317073	0.0263157894737	0.0967741935484	0.03125	0.0285714285714	0.075	0.0526315789474	0.138888888889	0.0810810810811	0.0625	0.0227272727273	0.0277777777778	0.0263157894737	0.0645161290323
350	0.0681818181818	0.0512820512821	0.063829787234	0.047619047619	0.102564102564	0.075	0.0227272727273	0.0652173913043	0.0652173913043	0.116279069767	0.0769230769231	0.08	0.02	0.0512820512821	0.0625	0.0487804878049
400	0.104166666667	0.106382978723	0.12	0.0434782608696	0.108695652174	0.106382978723	0.08	0.08	0.06	0.130434782609	0.133333333333	0.1	0.04	0.0681818181818	0.14	0.0434782608696
450	0.14	0.1	0.12	0.06	0.12	0.14	0.1	0.14	0.06	0.12	0.12	0.1	0.04	0.0816326530612	0.16	0.0416666666667
500	0.16	0.14	0.14	0.1	0.2	0.2	0.12	0.16	0.06	0.14	0.12	0.08	0.04	0.12	0.22	0.06
550	0.2	0.16	0.16	0.14	0.2	0.3	0.22	0.2	0.08	0.2	0.18	0.12	0.08	0.2	0.22	0.12
600	0.22	0.16	0.22	0.22	0.26	0.28	0.28	0.22	0.1	0.2	0.24	0.12	0.12	0.24	0.28	0.14
650	0.22	0.18	0.26	0.3	0.3	0.32	0.28	0.18	0.08	0.18	0.3	0.12	0.16	0.24	0.3	0.16
700	0.26	0.24	0.32	0.32	0.26	0.32	0.32	0.24	0.1	0.2	0.28	0.14	0.16	0.28	0.3	0.18
750	0.24	0.22	0.34	0.32	0.3	0.3	0.34	0.26	0.14	0.22	0.34	0.14	0.16	0.3	0.32	0.18
800	0.32	0.2	0.38	0.34	0.28	0.34	0.36	0.28	0.16	0.2	0.32	0.18	0.18	0.26	0.32	0.18
850	0.34	0.22	0.4	0.3	0.3	0.3	0.34	0.24	0.16	0.14	0.44	0.26	0.26	0.28	0.32	0.18
900	0.32	0.22	0.4	0.28	0.28	0.34	0.34	0.28	0.18	0.18	0.44	0.28	0.28	0.32	0.28	0.2
950	0.34	0.24	0.44	0.24	0.22	0.32	0.32	0.28	0.2	0.16	0.38	0.28	0.34	0.32	0.28	0.18
1000	0.34	0.26	0.4	0.24	0.24	0.32	0.34	0.3	0.24	0.18	0.36	0.32	0.36	0.34	0.3	0.16
1050	0.4	0.34	0.42	0.26	0.24	0.28	0.3	0.3	0.26	0.18	0.38	0.32	0.38	0.34	0.32	0.18
1100	0.4	0.34	0.4	0.22	0.24	0.28	0.26	0.32	0.32	0.18	0.38	0.3	0.38	0.36	0.32	0.16
1150	0.42	0.42	0.42	0.2	0.26	0.3	0.26	0.28	0.3	0.18	0.34	0.34	0.42	0.38	0.36	0.24
1200	0.4	0.5	0.44	0.22	0.3	0.3	0.3	0.28	0.34	0.2	0.36	0.36	0.44	0.38	0.3	0.26
1250	0.36	0.56	0.48	0.24	0.32	0.36	0.36	0.28	0.4	0.24	0.28	0.4	0.46	0.38	0.36	0.28
1300	0.34	0.54	0.48	0.22	0.34	0.36	0.34	0.26	0.38	0.2	0.32	0.38	0.46	0.36	0.38	0.26
1350	0.32	0.5	0.48	0.24	0.32	0.38	0.42	0.28	0.4	0.24	0.32	0.38	0.5	0.36	0.32	0.3
1400	0.34	0.52	0.48	0.22	0.26	0.32	0.4	0.32	0.42	0.26	0.36	0.44	0.42	0.32	0.36	0.28
1450	0.28	0.54	0.46	0.26	0.28	0.4	0.38	0.28	0.42	0.3	0.36	0.48	0.42	0.34	0.38	0.3
1500	0.3	0.56	0.44	0.26	0.28	0.42	0.34	0.28	0.36	0.32	0.34	0.5	0.4	0.32	0.34	0.3
1550	0.28	0.52	0.42	0.28	0.32	0.42	0.3	0.28	0.36	0.32	0.32	0.52	0.38	0.34	0.36	0.32
1600	0.26	0.52	0.38	0.32	0.34	0.4	0.2	0.28	0.34	0.32	0.34	0.52	0.34	0.32	0.34	0.36
1650	0.3	0.5	0.4	0.32	0.32	0.4	0.2	0.28	0.3	0.34	0.32	0.52	0.34	0.34	0.32	0.34
1700	0.3	0.52	0.4	0.3	0.26	0.38	0.2	0.34	0.3	0.34	0.32	0.5	0.3	0.34	0.28	0.34
1750	0.34	0.5	0.4	0.38	0.22	0.36	0.18	0.34	0.28	0.3	0.36	0.48	0.32	0.32	0.34	0.32
1800	0.36	0.48	0.38	0.38	0.26	0.42	0.22	0.34	0.28	0.32	0.32	0.5	0.34	0.32	0.28	0.34
1850	0.36	0.4	0.32	0.38	0.28	0.38	0.2	0.32	0.24	0.36	0.34	0.44	0.4	0.28	0.24	0.3
1900	0.34	0.4	0.36	0.38	0.24	0.38	0.26	0.32	0.28	0.34	0.4	0.42	0.42	0.26	0.26	0.32
1950	0.34	0.36	0.32	0.36	0.24	0.38	0.28	0.34	0.34	0.38	0.46	0.42	0.42	0.26	0.34	0.32
2000	0.34	0.36	0.32	0.4	0.24	0.36	0.3	0.4	0.3	0.36	0.46	0.4	0.36	0.3	0.36	0.38
2050	0.34	0.34	0.34	0.38	0.28	0.36	0.36	0.4	0.3	0.42	0.4	0.36	0.38	0.26	0.38	0.34
2100	0.36	0.28	0.36	0.46	0.32	0.36	0.36	0.32	0.3	0.36	0.4	0.38	0.42	0.26	0.38	0.34
2150	0.4	0.26	0.42	0.42	0.34	0.34	0.42	0.36	0.3	0.36	0.42	0.42	0.4	0.24	0.4	0.38
2200	0.42	0.24	0.4	0.42	0.34	0.34	0.42	0.36	0.32	0.38	0.46	0.42	0.4	0.32	0.36	0.4
2250	0.4	0.32	0.44	0.46	0.4	0.3	0.42	0.36	0.36	0.38	0.44	0.44	0.4	0.34	0.34	0.44
2300	0.4	0.3	0.46	0.42	0.42	0.3	0.4	0.34	0.38	0.36	0.42	0.44	0.38	0.36	0.44	0.44
2350	0.4	0.34	0.54	0.44	0.44	0.34	0.34	0.34	0.32	0.32	0.38	0.42	0.44	0.34	0.44	0.42
2400	0.36	0.3	0.52	0.42	0.5	0.36	0.34	0.34	0.32	0.38	0.44	0.46	0.52	0.32	0.4	0.44
2450	0.34	0.36	0.52	0.4	0.52	0.34	0.38	0.34	0.3	0.34	0.5	0.48	0.48	0.34	0.4	0.44
2500	0.3	0.4	0.54	0.4	0.46	0.38	0.42	0.4	0.36	0.36	0.5	0.48	0.5	0.36	0.42	0.48
2550	0.28	0.44	0.48	0.38	0.5	0.38	0.42	0.36	0.36	0.34	0.48	0.42	0.54	0.38	0.42	0.46
2600	0.3	0.46	0.42	0.36	0.4	0.36	0.44	0.34	0.38	0.32	0.46	0.38	0.58	0.4	0.46	0.36
2650	0.3	0.42	0.44	0.34	0.4	0.38	0.5	0.34	0.4	0.34	0.44	0.34	0.56	0.36	0.4	0.32
2700	0.32	0.44	0.48	0.42	0.36	0.42	0.54	0.28	0.42	0.34	0.48	0.28	0.54	0.34	0.4	0.28
2750	0.34	0.38	0.48	0.46	0.26	0.36	0.54	0.26	0.46	0.32	0.46	0.26	0.44	0.38	0.38	0.24
2800	0.32	0.4	0.48	0.44	0.28	0.34	0.5	0.24	0.46	0.3	0.44	0.24	0.42	0.38	0.4	0.2
2850	0.34	0.36	0.44	0.44	0.26	0.32	0.44	0.24	0.44	0.32	0.38	0.24	0.38	0.4	0.38	0.2
2900	0.32	0.38	0.42	0.42	0.32	0.38	0.44	0.2	0.44	0.34	0.34	0.28	0.36	0.44	0.34	0.18
2950	0.28	0.34	0.44	0.44	0.28	0.38	0.42	0.18	0.4	0.34	0.3	0.26	0.32	0.46	0.38	0.22
3000	0.3	0.36	0.48	0.44	0.3	0.4	0.38	0.16	0.38	0.34	0.28	0.34	0.32	0.46	0.38	0.28
3050	0.28	0.38	0.5	0.42	0.34	0.46	0.36	0.22	0.4	0.34	0.28	0.36	0.34	0.5	0.38	0.32
3100	0.3	0.42	0.48	0.34	0.36	0.5	0.4	0.22	0.32	0.36	0.26	0.36	0.34	0.54	0.38	0.32
3150	0.34	0.44	0.46	0.28	0.34	0.52	0.44	0.3	0.34	0.38	0.28	0.4	0.36	0.5	0.4	0.3
3200	0.3	0.38	0.44	0.26	0.38	0.5	0.42	0.32	0.36	0.4	0.26	0.38	0.32	0.48	0.4	0.3
3250	0.32	0.36	0.44	0.26	0.4	0.5	0.42	0.36	0.34	0.44	0.26	0.36	0.36	0.46	0.4	0.3
3300	0.38	0.34	0.44	0.28	0.38	0.48	0.42	0.36	0.38	0.44	0.26	0.4	0.34	0.42	0.38	0.32
3350	0.38	0.32	0.44	0.26	0.38	0.5	0.38	0.38	0.4	0.4	0.26	0.42	0.38	0.42	0.4	0.32
3400	0.34	0.32	0.42	0.3	0.36	0.48	0.4	0.36	0.38	0.4	0.24	0.42	0.34	0.42	0.42	0.34
3450	0.36	0.32	0.36	0.3	0.32	0.48	0.36	0.4	0.42	0.42	0.28	0.44	0.34	0.36	0.42	0.36
3500	0.34	0.3	0.34	0.34	0.38	0.48	0.34	0.5	0.38	0.36	0.3	0.42	0.3	0.38	0.46	0.36
3550	0.28	0.36	0.36	0.34	0.42	0.46	0.32	0.48	0.36	0.36	0.3	0.44	0.34	0.46	0.46	0.4
3600	0.32	0.4	0.34	0.34	0.42	0.42	0.36	0.48	0.4	0.36	0.32	0.44	0.32	0.46	0.46	0.4
3650	0.32	0.46	0.34	0.34	0.44	0.48	0.36	0.54	0.42	0.42	0.32	0.48	0.36	0.46	0.46	0.42
3700	0.32	0.48	0.34	0.38	0.44	0.5	0.4	0.58	0.42	0.46	0.34	0.44	0.36	0.46	0.48	0.42
3750	0.3	0.52	0.38	0.36	0.46	0.5	0.4	0.56	0.42	0.46	0.32	0.4	0.36	0.48	0.46	0.4
3800	0.28	0.52	0.36	0.38	0.52	0.44	0.42	0.56	0.46	0.48	0.36	0.42	0.38	0.48	0.48	0.38
3850	0.32	0.54	0.36	0.36	0.48	0.46	0.46	0.56	0.48	0.52	0.38	0.42	0.4	0.52	0.44	0.4
3900	0.42	0.54	0.38	0.34	0.4	0.46	0.48	0.48	0.48	0.58	0.36	0.38	0.4	0.52	0.4	0.4
3950	0.42	0.52	0.48	0.32	0.32	0.44	0.44	0.44	0.5	0.52	0.36	0.36	0.42	0.54	0.4	0.4
4000	0.36	0.54	0.48	0.36	0.26	0.44	0.46	0.42	0.5	0.5	0.44	0.34	0.42	0.48	0.44	0.36
4050	0.42	0.56	0.46	0.34	0.22	0.44	0.46	0.4	0.5	0.54	0.44	0.34	0.4	0.44	0.46	0.36
4100	0.42	0.54	0.48	0.38	0.2	0.38	0.4	0.42	0.48	0.56	0.42	0.3	0.44	0.46	0.34	0.34
4150	0.38	0.5	0.44	0.36	0.16	0.38	0.4	0.4	0.46	0.58	0.44	0.32	0.38	0.42	0.38	0.36
4200	0.4	0.48	0.44	0.34	0.16	0.42	0.42	0.38	0.44	0.54	0.44	0.34	0.4	0.38	0.34	0.32
4250	0.4	0.48	0.44	0.38	0.2	0.38	0.36	0.36	0.42	0.5	0.42	0.34	0.44	0.4	0.34	0.38
4300	0.46	0.48	0.46	0.38	0.18	0.48	0.4	0.38	0.4	0.52	0.42	0.38	0.46	0.32	0.32	0.4
4350	0.44	0.52	0.4	0.34	0.2	0.48	0.4	0.36	0.42	0.46	0.38	0.44	0.48	0.3	0.32	0.38
4400	0.48	0.52	0.38	0.24	0.2	0.48	0.46	0.34	0.42	0.44	0.36	0.46	0.48	0.3	0.36	0.44
4450	0.5	0.5	0.36	0.24	0.22	0.48	0.5	0.34	0.44	0.42	0.4	0.46	0.42	0.3	0.32	0.44
4500	0.5	0.48	0.38	0.24	0.24	0.5	0.5	0.36	0.46	0.4	0.4	0.46	0.42	0.28	0.3	0.46
4550	0.56	0.44	0.42	0.24	0.28	0.48	0.46	0.36	0.5	0.38	0.38	0.46	0.4	0.3	0.28	0.46
4600	0.62	0.42	0.42	0.26	0.26	0.46	0.44	0.36	0.46	0.4	0.4	0.5	0.4	0.28	0.28	0.38
4650	0.6	0.42	0.4	0.22	0.3	0.46	0.52	0.36	0.42	0.46	0.44	0.5	0.38	0.32	0.32	0.36
4700	0.48	0.44	0.42	0.26	0.36	0.36	0.52	0.34	0.4	0.46	0.4	0.5	0.4	0.34	0.34	0.4
4750	0.46	0.42	0.48	0.34	0.36	0.32	0.48	0.38	0.42	0.46	0.44	0.46	0.36	0.42	0.38	0.4
4800	0.42	0.4	0.48	0.34	0.38	0.34	0.46	0.4	0.4	0.48	0.36	0.44	0.36	0.38	0.4	0.36
4850	0.38	0.4	0.46	0.34	0.36	0.36	0.44	0.38	0.36	0.48	0.32	0.42	0.34	0.36	0.4	0.4
4900	0.4	0.42	0.46	0.34	0.36	0.38	0.46	0.34	0.36	0.46	0.32	0.4	0.34	0.38	0.44	0.38
4950	0.36	0.48	0.46	0.34	0.3	0.38	0.48	0.4	0.32	0.4	0.34	0.4	0.34	0.42	0.44	0.4
5000	0.32	0.48	0.42	0.36	0.3	0.4	0.4	0.42	0.34	0.36	0.32	0.38	0.36	0.42	0.4	0.42
5050	0.26	0.46	0.42	0.34	0.26	0.46	0.38	0.44	0.34	0.3	0.34	0.36	0.32	0.36	0.46	0.46
5100	0.24	0.46	0.44	0.36	0.22	0.44	0.34	0.44	0.3	0.3	0.36	0.4	0.28	0.28	0.5	0.46
5150	0.26	0.54	0.38	0.34	0.2	0.46	0.36	0.38	0.28	0.3	0.36	0.4	0.34	0.22	0.5	0.48
5200	0.32	0.6	0.42	0.32	0.22	0.42	0.38	0.42	0.28	0.26	0.4	0.38	0.38	0.28	0.48	0.48
5250	0.3	0.5	0.44	0.34	0.22	0.38	0.36	0.36	0.28	0.24	0.44	0.36	0.4	0.24	0.46	0.42
5300	0.3	0.5	0.5	0.34	0.26	0.36	0.36	0.34	0.28	0.24	0.4	0.34	0.4	0.26	0.48	0.34
5350	0.34	0.46	0.48	0.38	0.28	0.34	0.32	0.3	0.28	0.24	0.42	0.32	0.4	0.26	0.5	0.34
5400	0.3	0.5	0.48	0.34	0.28	0.32	0.32	0.28	0.34	0.32	0.4	0.32	0.38	0.3	0.52	0.34
5450	0.28	0.54	0.46	0.36	0.3	0.36	0.32	0.24	0.34	0.28	0.38	0.34	0.38	0.34	0.58	0.34
5500	0.3	0.48	0.52	0.32	0.32	0.4	0.32	0.2	0.36	0.26	0.38	0.3	0.42	0.32	0.56	0.32
5550	0.32	0.4	0.56	0.36	0.44	0.44	0.28	0.24	0.36	0.28	0.4	0.28	0.4	0.34	0.58	0.32
5600	0.28	0.34	0.52	0.34	0.44	0.44	0.26	0.28	0.38	0.3	0.42	0.3	0.34	0.32	0.58	0.3
5650	0.34	0.38	0.52	0.38	0.48	0.44	0.28	0.34	0.44	0.34	0.44	0.3	0.36	0.34	0.6	0.34
5700	0.32	0.38	0.54	0.36	0.48	0.48	0.32	0.34	0.44	0.32	0.44	0.38	0.38	0.32	0.68	0.34
5750	0.36	0.42	0.52	0.32	0.44	0.48	0.36	0.42	0.38	0.38	0.46	0.4	0.42	0.32	0.64	0.36
5800	0.38	0.34	0.52	0.34	0.42	0.5	0.38	0.46	0.36	0.34	0.42	0.44	0.46	0.28	0.6	0.38
5850	0.42	0.34	0.56	0.42	0.46	0.46	0.4	0.44	0.34	0.36	0.44	0.46	0.5	0.32	0.6	0.38
5900	0.44	0.44	0.5	0.42	0.46	0.5	0.4	0.46	0.38	0.4	0.48	0.44	0.46	0.38	0.64	0.4
5950	0.46	0.46	0.44	0.42	0.38	0.52	0.38	0.4	0.36	0.4	0.46	0.44	0.48	0.36	0.62	0.38
6000	0.42	0.46	0.42	0.48	0.4	0.5	0.38	0.4	0.36	0.44	0.5	0.38	0.5	0.36	0.62	0.4
6050	0.42	0.46	0.44	0.42	0.32	0.48	0.36	0.38	0.3	0.46	0.48	0.38	0.48	0.36	0.56	0.42
6100	0.44	0.5	0.46	0.44	0.32	0.48	0.36	0.34	0.32	0.44	0.46	0.38	0.46	0.4	0.56	0.42
6150	0.46	0.48	0.48	0.54	0.34	0.48	0.34	0.36	0.36	0.38	0.44	0.38	0.44	0.46	0.6	0.48
6200	0.44	0.48	0.44	0.54	0.32	0.46	0.3	0.38	0.3	0.38	0.44	0.36	0.42	0.5	0.56	0.38
6250	0.44	0.5	0.38	0.54	0.3	0.42	0.32	0.36	0.34	0.34	0.42	0.34	0.34	0.46	0.54	0.38
6300	0.44	0.52	0.46	0.52	0.34	0.38	0.34	0.46	0.36	0.4	0.4	0.36	0.4	0.48	0.58	0.38
6350	0.5	0.5	0.46	0.56	0.32	0.36	0.36	0.46	0.36	0.38	0.38	0.38	0.42	0.46	0.6	0.4
6400	0.48	0.54	0.5	0.54	0.3	0.3	0.36	0.48	0.36	0.36	0.4	0.4	0.44	0.44	0.6	0.44
6450	0.5	0.56	0.46	0.58	0.34	0.28	0.4	0.58	0.42	0.34	0.4	0.42	0.52	0.44	0.62	0.44
6500	0.52	0.54	0.4	0.54	0.38	0.22	0.4	0.52	0.44	0.34	0.38	0.44	0.56	0.42	0.66	0.44
6550	0.54	0.54	0.4	0.48	0.4	0.24	0.4	0.56	0.44	0.36	0.42	0.46	0.6	0.4	0.62	0.4
6600	0.54	0.5	0.4	0.44	0.36	0.24	0.42	0.6	0.44	0.36	0.42	0.44	0.54	0.38	0.6	0.38
6650	0.46	0.44	0.44	0.44	0.38	0.3	0.4	0.54	0.46	0.4	0.44	0.42	0.52	0.36	0.52	0.36
6700	0.44	0.4	0.48	0.44	0.36	0.38	0.38	0.5	0.44	0.38	0.46	0.48	0.5	0.38	0.48	0.36
6750	0.44	0.4	0.52	0.44	0.38	0.4	0.36	0.42	0.4	0.4	0.46	0.42	0.52	0.4	0.48	0.4
6800	0.46	0.4	0.52	0.38	0.34	0.4	0.34	0.44	0.42	0.44	0.44	0.42	0.52	0.4	0.44	0.38
6850	0.36	0.34	0.5	0.32	0.34	0.4	0.34	0.46	0.38	0.44	0.4	0.34	0.44	0.4	0.36	0.42
6900	0.38	0.34	0.56	0.28	0.36	0.46	0.4	0.46	0.36	0.5	0.42	0.4	0.42	0.42	0.38	0.44
6950	0.36	0.44	0.56	0.3	0.36	0.5	0.34	0.4	0.36	0.5	0.4	0.4	0.4	0.42	0.4	0.46
7000	0.4	0.48	0.62	0.34	0.44	0.56	0.36	0.4	0.4	0.5	0.42	0.4	0.42	0.4	0.44	0.5
7050	0.4	0.52	0.58	0.36	0.46	0.52	0.36	0.4	0.38	0.5	0.38	0.44	0.44	0.42	0.5	0.56
7100	0.44	0.54	0.56	0.38	0.5	0.52	0.46	0.36	0.42	0.48	0.36	0.46	0.52	0.4	0.56	0.6
7150	0.44	0.5	0.52	0.42	0.5	0.44	0.46	0.4	0.5	0.46	0.34	0.48	0.5	0.42	0.62	0.6
7200	0.48	0.62	0.6	0.44	0.48	0.54	0.48	0.42	0.44	0.46	0.36	0.5	0.5	0.48	0.62	0.62
7250	0.5	0.64	0.58	0.5	0.52	0.58	0.48	0.44	0.46	0.44	0.34	0.52	0.54	0.48	0.6	0.58
7300	0.5	0.62	0.56	0.58	0.48	0.54	0.46	0.4	0.44	0.44	0.34	0.58	0.56	0.5	0.58	0.54
7350	0.56	0.6	0.5	0.5	0.42	0.56	0.46	0.42	0.38	0.44	0.36	0.54	0.56	0.5	0.52	0.52
7400	0.52	0.66	0.46	0.48	0.38	0.56	0.46	0.42	0.36	0.4	0.38	0.5	0.56	0.48	0.46	0.54
7450	0.52	0.68	0.46	0.5	0.4	0.62	0.46	0.44	0.36	0.38	0.4	0.52	0.54	0.42	0.48	0.54
7500	0.52	0.72	0.38	0.48	0.42	0.62	0.46	0.48	0.38	0.38	0.4	0.54	0.48	0.38	0.46	0.52
7550	0.46	0.66	0.42	0.46	0.4	0.62	0.42	0.48	0.36	0.44	0.4	0.5	0.42	0.38	0.42	0.46
7600	0.48	0.62	0.46	0.4	0.48	0.62	0.44	0.46	0.36	0.42	0.46	0.54	0.46	0.36	0.42	0.44
7650	0.54	0.56	0.54	0.4	0.4	0.54	0.44	0.46	0.34	0.46	0.5	0.52	0.48	0.32	0.42	0.36
7700	0.54	0.6	0.52	0.44	0.4	0.6	0.42	0.46	0.32	0.46	0.46	0.5	0.46	0.24	0.44	0.38
7750	0.52	0.54	0.5	0.44	0.38	0.6	0.46	0.46	0.4	0.46	0.46	0.5	0.46	0.26	0.48	0.42
7800	0.6	0.5	0.54	0.38	0.36	0.62	0.46	0.42	0.42	0.38	0.46	0.52	0.46	0.32	0.52	0.34
7850	0.56	0.48	0.52	0.42	0.32	0.62	0.44	0.4	0.4	0.44	0.48	0.54	0.5	0.34	0.48	0.34
7900	0.54	0.46	0.48	0.42	0.34	0.58	0.44	0.38	0.4	0.42	0.52	0.54	0.58	0.42	0.46	0.4
7950	0.5	0.38	0.46	0.38	0.3	0.54	0.46	0.36	0.38	0.34	0.48	0.46	0.58	0.42	0.42	0.38
8000	0.48	0.4	0.42	0.34	0.3	0.5	0.48	0.4	0.4	0.28	0.44	0.46	0.58	0.44	0.42	0.46
8050	0.48	0.42	0.46	0.38	0.32	0.48	0.48	0.42	0.42	0.26	0.46	0.4	0.5	0.5	0.46	0.48
8100	0.44	0.44	0.52	0.36	0.34	0.56	0.52	0.38	0.46	0.26	0.52	0.38	0.52	0.56	0.46	0.44
8150	0.46	0.4	0.52	0.34	0.42	0.52	0.56	0.42	0.42	0.3	0.52	0.38	0.5	0.46	0.48	0.46
8200	0.46	0.44	0.54	0.32	0.44	0.48	0.5	0.44	0.4	0.3	0.54	0.38	0.48	0.5	0.48	0.48
8250	0.44	0.4	0.6	0.34	0.42	0.5	0.52	0.44	0.38	0.26	0.52	0.34	0.46	0.46	0.54	0.5
8300	0.42	0.44	0.66	0.38	0.36	0.54	0.54	0.42	0.42	0.3	0.5	0.38	0.4	0.5	0.64	0.5
8350	0.42	0.48	0.64	0.42	0.38	0.58	0.52	0.4	0.42	0.34	0.44	0.38	0.38	0.5	0.62	0.52
8400	0.4	0.46	0.66	0.4	0.34	0.6	0.5	0.42	0.4	0.36	0.44	0.36	0.34	0.46	0.56	0.54
8450	0.36	0.5	0.62	0.44	0.36	0.6	0.5	0.4	0.42	0.36	0.42	0.38	0.34	0.42	0.56	0.5
8500	0.4	0.48	0.62	0.42	0.34	0.6	0.5	0.42	0.38	0.4	0.44	0.4	0.38	0.42	0.56	0.48
8550	0.4	0.42	0.64	0.38	0.36	0.54	0.46	0.44	0.36	0.4	0.38	0.42	0.4	0.38	0.52	0.46
8600	0.38	0.42	0.62	0.42	0.36	0.52	0.42	0.42	0.34	0.4	0.4	0.44	0.42	0.38	0.48	0.48
8650	0.42	0.44	0.6	0.46	0.36	0.56	0.42	0.44	0.34	0.46	0.44	0.46	0.46	0.44	0.42	0.48
8700	0.48	0.48	0.6	0.48	0.36	0.56	0.44	0.48	0.36	0.48	0.42	0.42	0.42	0.48	0.42	0.44
8750	0.52	0.48	0.62	0.52	0.36	0.48	0.44	0.46	0.34	0.52	0.38	0.42	0.44	0.46	0.44	0.42
8800	0.56	0.46	0.58	0.48	0.38	0.46	0.42	0.46	0.36	0.56	0.4	0.46	0.38	0.52	0.46	0.42
8850	0.54	0.48	0.58	0.56	0.46	0.48	0.44	0.44	0.32	0.52	0.44	0.46	0.34	0.5	0.48	0.42
8900	0.54	0.52	0.56	0.54	0.44	0.5	0.52	0.44	0.32	0.58	0.52	0.42	0.42	0.54	0.5	0.42
8950	0.46	0.56	0.52	0.5	0.46	0.42	0.5	0.42	0.4	0.58	0.56	0.4	0.36	0.46	0.54	0.4
9000	0.46	0.56	0.5	0.44	0.42	0.4	0.5	0.4	0.4	0.56	0.46	0.42	0.38	0.46	0.58	0.38
9050	0.46	0.58	0.5	0.48	0.48	0.44	0.5	0.44	0.44	0.54	0.46	0.38	0.34	0.44	0.58	0.34
9100	0.46	0.56	0.48	0.44	0.5	0.52	0.5	0.44	0.46	0.56	0.56	0.4	0.42	0.5	0.56	0.44
9150	0.44	0.54	0.44	0.46	0.46	0.56	0.5	0.42	0.48	0.5	0.6	0.44	0.38	0.5	0.54	0.48
9200	0.46	0.52	0.44	0.48	0.48	0.52	0.5	0.4	0.48	0.44	0.56	0.36	0.44	0.46	0.52	0.48
9250	0.42	0.48	0.44	0.48	0.42	0.52	0.46	0.4	0.46	0.5	0.5	0.36	0.46	0.48	0.52	0.44
9300	0.48	0.48	0.42	0.52	0.4	0.5	0.46	0.42	0.46	0.46	0.48	0.38	0.46	0.5	0.54	0.46
9350	0.52	0.42	0.46	0.56	0.36	0.54	0.38	0.46	0.44	0.42	0.52	0.38	0.42	0.42	0.54	0.44
9400	0.56	0.34	0.44	0.58	0.38	0.6	0.42	0.44	0.42	0.38	0.6	0.4	0.42	0.46	0.44	0.5
9450	0.56	0.34	0.44	0.54	0.38	0.58	0.36	0.46	0.42	0.4	0.58	0.42	0.42	0.42	0.42	0.48
9500	0.52	0.34	0.46	0.54	0.32	0.58	0.34	0.46	0.36	0.4	0.5	0.42	0.44	0.42	0.44	0.48
9550	0.48	0.4	0.48	0.54	0.32	0.58	0.44	0.44	0.36	0.34	0.46	0.46	0.48	0.44	0.42	0.5
9600	0.46	0.42	0.52	0.54	0.38	0.58	0.46	0.44	0.38	0.34	0.48	0.46	0.46	0.46	0.4	0.5
9650	0.44	0.42	0.52	0.52	0.36	0.6	0.44	0.44	0.44	0.4	0.48	0.48	0.46	0.5	0.42	0.46
9700	0.42	0.44	0.48	0.52	0.38	0.62	0.38	0.44	0.48	0.38	0.54	0.48	0.44	0.54	0.44	0.46
9750	0.34	0.42	0.42	0.52	0.4	0.58	0.38	0.42	0.54	0.42	0.46	0.52	0.44	0.54	0.42	0.46
9800	0.34	0.42	0.44	0.58	0.46	0.56	0.36	0.4	0.48	0.48	0.4	0.52	0.44	0.52	0.48	0.38
9850	0.34	0.36	0.42	0.6	0.44	0.5	0.32	0.38	0.48	0.52	0.36	0.52	0.36	0.5	0.44	0.4
9900	0.38	0.4	0.44	0.62	0.44	0.46	0.34	0.36	0.5	0.52	0.38	0.5	0.38	0.48	0.4	0.38
9950	0.38	0.42	0.4	0.62	0.44	0.44	0.34	0.34	0.52	0.54	0.46	0.48	0.38	0.46	0.36	0.32
10000	0.34	0.46	0.4	0.58	0.36	0.48	0.34	0.36	0.48	0.54	0.42	0.5	0.34	0.42	0.36	0.38
10050	0.44	0.48	0.4	0.58	0.4	0.46	0.32	0.36	0.46	0.56	0.4	0.48	0.36	0.4	0.36	0.42
10100	0.46	0.5	0.44	0.54	0.34	0.44	0.32	0.34	0.48	0.56	0.5	0.5	0.36	0.44	0.4	0.44
10150	0.48	0.48	0.48	0.56	0.3	0.48	0.36	0.36	0.46	0.52	0.5	0.52	0.32	0.46	0.38	0.48
10200	0.46	0.5	0.48	0.5	0.36	0.46	0.42	0.36	0.48	0.48	0.5	0.58	0.32	0.48	0.4	0.48
10250	0.46	0.48	0.46	0.48	0.36	0.56	0.46	0.42	0.4	0.42	0.46	0.58	0.38	0.46	0.42	0.46
10300	0.46	0.42	0.5	0.5	0.32	0.68	0.52	0.42	0.42	0.38	0.44	0.56	0.36	0.46	0.44	0.48
10350	0.46	0.4	0.5	0.52	0.34	0.64	0.5	0.42	0.4	0.38	0.46	0.54	0.34	0.48	0.48	0.46
10400	0.44	0.42	0.54	0.56	0.34	0.62	0.48	0.44	0.38	0.38	0.5	0.58	0.38	0.52	0.48	0.48
10450	0.48	0.42	0.56	0.6	0.46	0.64	0.44	0.44	0.4	0.4	0.46	0.56	0.42	0.52	0.46	0.44
10500	0.48	0.48	0.54	0.58	0.44	0.56	0.42	0.44	0.4	0.44	0.38	0.54	0.48	0.54	0.46	0.4
10550	0.44	0.44	0.56	0.58	0.44	0.54	0.44	0.48	0.38	0.48	0.4	0.52	0.56	0.56	0.5	0.38
10600	0.42	0.48	0.6	0.56	0.46	0.52	0.38	0.48	0.44	0.48	0.34	0.48	0.6	0.52	0.44	0.38
10650	0.44	0.52	0.64	0.56	0.46	0.52	0.42	0.5	0.48	0.58	0.38	0.54	0.64	0.54	0.44	0.36
10700	0.42	0.52	0.64	0.58	0.48	0.52	0.48	0.5	0.54	0.62	0.44	0.54	0.64	0.6	0.52	0.44
10750	0.42	0.54	0.64	0.5	0.52	0.48	0.54	0.54	0.58	0.66	0.44	0.52	0.64	0.64	0.54	0.42
10800	0.4	0.54	0.7	0.54	0.5	0.56	0.58	0.58	0.62	0.66	0.5	0.52	0.64	0.68	0.56	0.46
10850	0.44	0.54	0.74	0.6	0.5	0.54	0.58	0.62	0.64	0.66	0.54	0.58	0.64	0.68	0.58	0.5
10900	0.48	0.6	0.74	0.58	0.5	0.54	0.66	0.64	0.68	0.66	0.56	0.6	0.64	0.66	0.58	0.54
10950	0.54	0.56	0.74	0.66	0.5	0.56	0.64	0.62	0.72	0.64	0.64	0.62	0.66	0.64	0.6	0.56
11000	0.56	0.56	0.74	0.68	0.52	0.62	0.66	0.62	0.72	0.6	0.7	0.62	0.66	0.68	0.66	0.56
11050	0.58	0.6	0.7	0.64	0.52	0.66	0.64	0.6	0.68	0.6	0.66	0.62	0.66	0.58	0.66	0.54
11100	0.68	0.6	0.74	0.64	0.54	0.68	0.66	0.62	0.7	0.6	0.66	0.64	0.64	0.62	0.64	0.58
11150	0.62	0.6	0.68	0.64	0.48	0.68	0.68	0.66	0.68	0.58	0.7	0.64	0.66	0.58	0.64	0.54
11200	0.6	0.58	0.64	0.6	0.54	0.66	0.62	0.68	0.66	0.62	0.68	0.62	0.64	0.56	0.62	0.58
11250	0.62	0.62	0.64	0.58	0.6	0.7	0.62	0.68	0.62	0.66	0.68	0.6	0.66	0.52	0.58	0.58
11300	0.62	0.6	0.62	0.56	0.56	0.72	0.54	0.64	0.62	0.66	0.66	0.56	0.64	0.56	0.56	0.54
11350	0.62	0.6	0.62	0.54	0.56	0.7	0.52	0.62	0.58	0.64	0.64	0.58	0.6	0.54	0.54	0.56
11400	0.58	0.64	0.6	0.5	0.56	0.76	0.52	0.62	0.6	0.7	0.7	0.56	0.56	0.52	0.5	0.54
11450	0.56	0.68	0.62	0.54	0.56	0.76	0.54	0.6	0.64	0.7	0.7	0.56	0.58	0.48	0.5	0.52
11500	0.62	0.7	0.56	0.54	0.58	0.74	0.52	0.58	0.66	0.66	0.68	0.56	0.58	0.48	0.5	0.54
11550	0.68	0.7	0.56	0.56	0.58	0.76	0.48	0.56	0.66	0.7	0.68	0.52	0.52	0.5	0.5	0.58
11600	0.68	0.66	0.58	0.6	0.56	0.74	0.44	0.54	0.66	0.68	0.66	0.54	0.58	0.52	0.54	0.52
11650	0.72	0.66	0.64	0.64	0.58	0.7	0.5	0.52	0.66	0.66	0.68	0.58	0.62	0.58	0.54	0.56
11700	0.66	0.68	0.68	0.6	0.64	0.72	0.48	0.5	0.62	0.72	0.66	0.62	0.62	0.6	0.54	0.58
11750	0.62	0.7	0.66	0.66	0.66	0.7	0.5	0.4	0.64	0.68	0.62	0.62	0.62	0.6	0.52	0.58
11800	0.62	0.7	0.64	0.72	0.66	0.66	0.52	0.46	0.66	0.66	0.58	0.64	0.62	0.66	0.54	0.56
11850	0.6	0.66	0.68	0.7	0.64	0.66	0.48	0.48	0.62	0.64	0.54	0.62	0.62	0.66	0.6	0.62
11900	0.56	0.64	0.68	0.66	0.68	0.7	0.5	0.46	0.58	0.68	0.58	0.6	0.6	0.64	0.58	0.64
11950	0.56	0.64	0.74	0.66	0.7	0.72	0.48	0.48	0.56	0.64	0.56	0.62	0.62	0.66	0.58	0.6
12000	0.58	0.64	0.68	0.66	0.66	0.74	0.48	0.5	0.56	0.62	0.54	0.6	0.62	0.66	0.62	0.62
12050	0.54	0.68	0.7	0.62	0.68	0.72	0.5	0.56	0.56	0.58	0.54	0.58	0.6	0.64	0.62	0.64
12100	0.56	0.66	0.74	0.6	0.66	0.7	0.56	0.6	0.6	0.6	0.54	0.54	0.58	0.64	0.66	0.64
12150	0.64	0.64	0.68	0.6	0.7	0.72	0.62	0.62	0.6	0.62	0.58	0.5	0.56	0.62	0.62	0.62
12200	0.66	0.68	0.66	0.56	0.7	0.68	0.66	0.58	0.62	0.58	0.6	0.48	0.58	0.62	0.52	0.7
12250	0.7	0.66	0.68	0.56	0.66	0.68	0.7	0.56	0.62	0.62	0.7	0.46	0.7	0.6	0.5	0.68
12300	0.68	0.68	0.68	0.54	0.64	0.66	0.66	0.58	0.64	0.64	0.68	0.46	0.72	0.62	0.48	0.66
12350	0.7	0.72	0.68	0.58	0.64	0.64	0.68	0.6	0.66	0.66	0.78	0.48	0.74	0.66	0.5	0.74
12400	0.66	0.76	0.64	0.66	0.58	0.66	0.74	0.6	0.62	0.66	0.76	0.52	0.76	0.68	0.54	0.72
12450	0.68	0.76	0.68	0.68	0.6	0.7	0.76	0.6	0.62	0.68	0.74	0.56	0.76	0.7	0.56	0.66
12500	0.66	0.76	0.6	0.7	0.62	0.68	0.72	0.64	0.66	0.68	0.72	0.56	0.74	0.7	0.64	0.64
12550	0.64	0.72	0.64	0.7	0.62	0.7	0.74	0.66	0.64	0.7	0.72	0.56	0.74	0.72	0.68	0.62
12600	0.64	0.76	0.66	0.7	0.58	0.72	0.7	0.72	0.66	0.7	0.72	0.66	0.72	0.72	0.76	0.56
12650	0.66	0.78	0.7	0.7	0.58	0.74	0.68	0.7	0.64	0.76	0.72	0.74	0.74	0.76	0.82	0.6
12700	0.68	0.74	0.68	0.66	0.62	0.78	0.68	0.72	0.64	0.76	0.72	0.78	0.66	0.76	0.82	0.56
12750	0.7	0.72	0.64	0.66	0.62	0.74	0.72	0.7	0.66	0.74	0.72	0.82	0.64	0.72	0.8	0.5
12800	0.68	0.72	0.64	0.62	0.64	0.72	0.72	0.74	0.66	0.68	0.7	0.82	0.68	0.74	0.82	0.6
12850	0.72	0.74	0.7	0.6	0.64	0.72	0.76	0.76	0.7	0.66	0.7	0.8	0.66	0.76	0.82	0.6
12900	0.72	0.76	0.66	0.66	0.66	0.74	0.76	0.78	0.66	0.66	0.7	0.84	0.7	0.8	0.72	0.68
12950	0.72	0.76	0.64	0.64	0.62	0.78	0.74	0.72	0.66	0.7	0.7	0.8	0.68	0.76	0.72	0.7
13000	0.72	0.8	0.66	0.66	0.66	0.78	0.72	0.68	0.66	0.68	0.7	0.8	0.72	0.7	0.68	0.66
13050	0.7	0.76	0.64	0.66	0.68	0.82	0.74	0.66	0.62	0.68	0.7	0.78	0.72	0.7	0.7	0.7
13100	0.72	0.76	0.64	0.66	0.72	0.8	0.72	0.64	0.62	0.74	0.72	0.78	0.7	0.68	0.7	0.74
13150	0.74	0.72	0.64	0.68	0.68	0.76	0.68	0.64	0.62	0.76	0.72	0.68	0.68	0.66	0.64	0.7
13200	0.76	0.74	0.64	0.66	0.7	0.74	0.66	0.62	0.62	0.78	0.72	0.66	0.7	0.64	0.66	0.7
13250	0.72	0.7	0.66	0.68	0.72	0.74	0.66	0.64	0.6	0.78	0.72	0.62	0.72	0.62	0.74	0.7
13300	0.76	0.64	0.68	0.74	0.72	0.7	0.64	0.66	0.64	0.78	0.72	0.62	0.72	0.54	0.74	0.68
13350	0.78	0.62	0.64	0.72	0.7	0.78	0.62	0.7	0.72	0.78	0.7	0.64	0.74	0.56	0.72	0.68
13400	0.78	0.64	0.66	0.74	0.68	0.7	0.58	0.74	0.72	0.74	0.72	0.68	0.7	0.56	0.68	0.74
13450	0.76	0.62	0.68	0.74	0.68	0.7	0.66	0.76	0.72	0.7	0.74	0.7	0.78	0.58	0.76	0.74
13500	0.76	0.64	0.64	0.72	0.66	0.7	0.64	0.78	0.72	0.66	0.74	0.7	0.82	0.6	0.76	0.82
13550	0.76	0.58	0.66	0.74	0.72	0.72	0.7	0.72	0.74	0.64	0.76	0.68	0.82	0.6	0.72	0.82
13600	0.76	0.56	0.64	0.76	0.62	0.7	0.68	0.66	0.72	0.66	0.74	0.72	0.8	0.6	0.66	0.76
13650	0.72	0.58	0.62	0.76	0.62	0.66	0.72	0.68	0.64	0.64	0.74	0.72	0.74	0.66	0.66	0.76
13700	0.68	0.58	0.64	0.78	0.62	0.7	0.68	0.68	0.6	0.66	0.74	0.76	0.72	0.68	0.72	0.76
13750	0.64	0.48	0.6	0.68	0.56	0.72	0.68	0.7	0.58	0.72	0.76	0.74	0.68	0.64	0.64	0.68
13800	0.62	0.48	0.54	0.72	0.58	0.72	0.72	0.66	0.58	0.76	0.8	0.74	0.68	0.6	0.64	0.68
13850	0.66	0.46	0.5	0.68	0.6	0.76	0.78	0.66	0.58	0.78	0.8	0.68	0.68	0.6	0.68	0.64
13900	0.66	0.52	0.54	0.7	0.6	0.74	0.72	0.66	0.6	0.8	0.8	0.68	0.66	0.7	0.74	0.64
13950	0.64	0.5	0.56	0.7	0.56	0.72	0.62	0.64	0.56	0.78	0.8	0.64	0.66	0.7	0.72	0.74
14000	0.6	0.5	0.58	0.68	0.56	0.7	0.62	0.72	0.56	0.78	0.8	0.62	0.68	0.72	0.68	0.76
14050	0.6	0.48	0.58	0.72	0.6	0.72	0.62	0.72	0.62	0.76	0.82	0.68	0.76	0.74	0.7	0.74
14100	0.66	0.6	0.58	0.74	0.68	0.72	0.52	0.66	0.6	0.72	0.86	0.68	0.74	0.74	0.72	0.78
14150	0.68	0.6	0.62	0.78	0.68	0.72	0.48	0.68	0.58	0.7	0.84	0.66	0.68	0.76	0.66	0.76
14200	0.7	0.66	0.66	0.78	0.72	0.7	0.44	0.64	0.6	0.68	0.84	0.62	0.74	0.74	0.68	0.8
14250	0.7	0.62	0.64	0.78	0.7	0.7	0.42	0.68	0.62	0.68	0.88	0.68	0.7	0.74	0.68	0.8
14300	0.64	0.64	0.64	0.8	0.74	0.66	0.54	0.66	0.66	0.68	0.86	0.68	0.68	0.72	0.68	0.76
14350	0.72	0.7	0.62	0.82	0.8	0.68	0.56	0.68	0.68	0.7	0.84	0.74	0.68	0.74	0.72	0.74
14400	0.72	0.72	0.6	0.82	0.78	0.64	0.62	0.6	0.7	0.66	0.82	0.76	0.74	0.7	0.72	0.72
14450	0.76	0.74	0.58	0.8	0.76	0.64	0.68	0.58	0.76	0.7	0.84	0.74	0.76	0.7	0.74	0.76
14500	0.78	0.74	0.6	0.82	0.72	0.62	0.7	0.6	0.74	0.68	0.78	0.76	0.78	0.66	0.76	0.78
14550	0.72	0.72	0.58	0.76	0.72	0.62	0.7	0.62	0.72	0.7	0.78	0.76	0.84	0.7	0.72	0.82
14600	0.7	0.72	0.54	0.74	0.7	0.6	0.68	0.6	0.72	0.7	0.82	0.78	0.86	0.74	0.72	0.8
14650	0.74	0.76	0.54	0.68	0.72	0.66	0.68	0.62	0.74	0.7	0.78	0.84	0.84	0.74	0.78	0.76
14700	0.76	0.84	0.5	0.64	0.74	0.72	0.68	0.66	0.74	0.72	0.8	0.8	0.88	0.76	0.76	0.76
14750	0.76	0.8	0.54	0.64	0.72	0.72	0.7	0.68	0.68	0.74	0.78	0.76	0.88	0.72	0.74	0.76
14800	0.76	0.78	0.52	0.62	0.68	0.76	0.7	0.64	0.62	0.76	0.74	0.68	0.82	0.72	0.78	0.76
14850	0.68	0.76	0.5	0.7	0.7	0.82	0.7	0.64	0.62	0.74	0.7	0.68	0.78	0.72	0.78	0.68
14900	0.7	0.7	0.5	0.72	0.62	0.84	0.76	0.64	0.62	0.72	0.72	0.66	0.78	0.74	0.76	0.68
14950	0.72	0.74	0.48	0.74	0.62	0.82	0.74	0.68	0.62	0.72	0.68	0.68	0.72	0.72	0.74	0.74
15000	0.72	0.72	0.5	0.8	0.62	0.84	0.78	0.66	0.7	0.7	0.66	0.7	0.7	0.72	0.78	0.72
15050	0.72	0.7	0.54	0.8	0.58	0.8	0.8	0.62	0.7	0.68	0.64	0.68	0.68	0.72	0.82	0.74
15100	0.72	0.66	0.6	0.76	0.62	0.76	0.8	0.62	0.66	0.7	0.66	0.68	0.7	0.7	0.76	0.72
15150	0.74	0.7	0.62	0.7	0.6	0.7	0.8	0.68	0.68	0.72	0.7	0.7	0.72	0.7	0.78	0.74
15200	0.74	0.7	0.62	0.7	0.6	0.7	0.82	0.74	0.68	0.78	0.74	0.76	0.7	0.72	0.78	0.74
15250	0.78	0.66	0.62	0.68	0.6	0.66	0.8	0.74	0.68	0.8	0.74	0.7	0.68	0.7	0.76	0.76
15300	0.82	0.66	0.6	0.66	0.62	0.66	0.76	0.72	0.66	0.82	0.74	0.7	0.64	0.66	0.76	0.78
15350	0.82	0.58	0.62	0.66	0.66	0.66	0.78	0.74	0.62	0.82	0.76	0.66	0.66	0.68	0.76	0.84
15400	0.84	0.54	0.62	0.6	0.7	0.64	0.76	0.76	0.58	0.84	0.74	0.68	0.68	0.68	0.74	0.82
15450	0.84	0.5	0.6	0.62	0.68	0.62	0.76	0.76	0.62	0.84	0.72	0.68	0.7	0.64	0.7	0.82
15500	0.76	0.48	0.6	0.62	0.64	0.62	0.76	0.74	0.64	0.82	0.74	0.72	0.7	0.62	0.7	0.86
15550	0.72	0.46	0.6	0.62	0.62	0.64	0.72	0.68	0.64	0.78	0.72	0.7	0.68	0.64	0.72	0.76
15600	0.76	0.48	0.58	0.68	0.62	0.68	0.72	0.7	0.7	0.76	0.74	0.72	0.72	0.66	0.74	0.78
15650	0.78	0.52	0.56	0.68	0.58	0.7	0.7	0.72	0.74	0.74	0.76	0.76	0.74	0.7	0.78	0.7
15700	0.78	0.52	0.6	0.72	0.58	0.74	0.68	0.72	0.74	0.74	0.74	0.72	0.76	0.68	0.72	0.68
15750	0.8	0.52	0.66	0.74	0.52	0.78	0.72	0.7	0.72	0.72	0.76	0.74	0.78	0.68	0.74	0.7
15800	0.8	0.6	0.68	0.72	0.5	0.76	0.78	0.68	0.72	0.72	0.76	0.78	0.8	0.7	0.7	0.68
15850	0.86	0.64	0.72	0.68	0.48	0.68	0.78	0.6	0.68	0.7	0.74	0.76	0.82	0.74	0.68	0.74
15900	0.9	0.64	0.72	0.68	0.44	0.72	0.78	0.58	0.66	0.7	0.78	0.74	0.82	0.7	0.68	0.7
15950	0.92	0.64	0.68	0.68	0.48	0.68	0.76	0.58	0.68	0.7	0.74	0.7	0.78	0.68	0.62	0.7
16000	0.92	0.68	0.7	0.68	0.48	0.72	0.72	0.56	0.68	0.72	0.72	0.7	0.8	0.68	0.6	0.68
16050	0.88	0.62	0.66	0.68	0.5	0.74	0.7	0.5	0.7	0.72	0.74	0.66	0.78	0.64	0.62	0.7
16100	0.9	0.64	0.7	0.66	0.46	0.74	0.72	0.52	0.7	0.7	0.72	0.66	0.8	0.68	0.66	0.7
16150	0.84	0.66	0.7	0.7	0.52	0.72	0.74	0.56	0.72	0.68	0.76	0.7	0.8	0.7	0.72	0.7
16200	0.78	0.68	0.66	0.74	0.52	0.72	0.72	0.6	0.74	0.68	0.72	0.7	0.74	0.72	0.7	0.72
16250	0.76	0.7	0.7	0.76	0.56	0.78	0.66	0.6	0.76	0.68	0.68	0.68	0.72	0.78	0.68	0.68
16300	0.72	0.72	0.72	0.76	0.58	0.8	0.66	0.64	0.78	0.7	0.66	0.7	0.76	0.78	0.76	0.68
16350	0.7	0.74	0.74	0.74	0.58	0.8	0.64	0.72	0.78	0.72	0.66	0.66	0.76	0.82	0.76	0.64
16400	0.72	0.78	0.78	0.72	0.62	0.78	0.68	0.74	0.78	0.74	0.7	0.68	0.76	0.78	0.72	0.66
16450	0.76	0.84	0.8	0.74	0.58	0.78	0.72	0.74	0.76	0.74	0.74	0.7	0.76	0.82	0.7	0.68
16500	0.76	0.88	0.84	0.74	0.58	0.8	0.72	0.8	0.8	0.76	0.72	0.76	0.72	0.86	0.66	0.62
16550	0.78	0.82	0.8	0.74	0.52	0.78	0.72	0.8	0.76	0.74	0.76	0.74	0.66	0.84	0.7	0.66
16600	0.82	0.78	0.76	0.78	0.52	0.82	0.74	0.78	0.74	0.76	0.72	0.68	0.66	0.78	0.7	0.68
16650	0.82	0.76	0.7	0.84	0.62	0.78	0.72	0.76	0.72	0.8	0.72	0.68	0.68	0.76	0.7	0.7
16700	0.8	0.76	0.68	0.84	0.58	0.72	0.68	0.78	0.66	0.78	0.7	0.7	0.68	0.78	0.72	0.7
16750	0.74	0.76	0.66	0.82	0.58	0.76	0.68	0.78	0.64	0.8	0.76	0.68	0.68	0.78	0.74	0.72
16800	0.72	0.72	0.68	0.86	0.56	0.74	0.68	0.72	0.64	0.78	0.76	0.66	0.66	0.78	0.78	0.74
16850	0.72	0.7	0.66	0.86	0.54	0.74	0.7	0.7	0.6	0.78	0.74	0.64	0.64	0.74	0.76	0.72
16900	0.7	0.72	0.66	0.86	0.5	0.74	0.7	0.7	0.6	0.76	0.76	0.6	0.7	0.76	0.74	0.7
16950	0.72	0.74	0.6	0.86	0.56	0.76	0.7	0.72	0.6	0.78	0.78	0.66	0.74	0.78	0.74	0.68
17000	0.78	0.78	0.6	0.82	0.56	0.72	0.8	0.68	0.62	0.78	0.84	0.66	0.78	0.78	0.76	0.7
17050	0.76	0.8	0.6	0.8	0.58	0.74	0.8	0.66	0.6	0.76	0.82	0.7	0.76	0.7	0.74	0.66
17100	0.78	0.74	0.64	0.86	0.58	0.74	0.78	0.68	0.6	0.68	0.82	0.66	0.82	0.72	0.72	0.66
17150	0.78	0.74	0.68	0.88	0.56	0.74	0.8	0.64	0.6	0.66	0.76	0.72	0.82	0.68	0.68	0.62
17200	0.78	0.78	0.66	0.92	0.66	0.74	0.8	0.62	0.62	0.64	0.76	0.72	0.8	0.66	0.7	0.62
17250	0.8	0.76	0.66	0.9	0.62	0.76	0.82	0.62	0.68	0.62	0.76	0.74	0.8	0.68	0.7	0.64
17300	0.84	0.76	0.64	0.92	0.6	0.76	0.84	0.62	0.68	0.6	0.72	0.78	0.82	0.64	0.66	0.6
17350	0.82	0.74	0.68	0.96	0.64	0.74	0.8	0.62	0.68	0.6	0.74	0.76	0.84	0.64	0.68	0.6
17400	0.8	0.74	0.7	0.96	0.66	0.76	0.78	0.62	0.7	0.6	0.76	0.74	0.78	0.64	0.7	0.64
17450	0.82	0.76	0.74	0.9	0.66	0.76	0.74	0.62	0.74	0.64	0.8	0.76	0.76	0.64	0.7	0.62
17500	0.84	0.76	0.82	0.88	0.66	0.82	0.78	0.7	0.76	0.68	0.84	0.76	0.76	0.64	0.76	0.68
17550	0.8	0.76	0.82	0.88	0.66	0.8	0.8	0.72	0.78	0.72	0.82	0.76	0.78	0.7	0.78	0.68
17600	0.84	0.74	0.8	0.86	0.66	0.8	0.76	0.72	0.8	0.72	0.84	0.76	0.78	0.7	0.76	0.7
17650	0.8	0.78	0.84	0.88	0.68	0.8	0.72	0.76	0.8	0.72	0.86	0.76	0.78	0.78	0.86	0.68
17700	0.82	0.78	0.88	0.84	0.66	0.82	0.74	0.72	0.76	0.74	0.84	0.76	0.82	0.8	0.84	0.68
17750	0.78	0.78	0.92	0.84	0.68	0.8	0.76	0.7	0.8	0.74	0.88	0.76	0.84	0.8	0.86	0.74
17800	0.8	0.78	0.84	0.78	0.66	0.8	0.8	0.7	0.74	0.78	0.9	0.74	0.84	0.8	0.84	0.78
17850	0.68	0.82	0.8	0.8	0.64	0.82	0.82	0.72	0.74	0.74	0.84	0.72	0.8	0.84	0.84	0.76
17900	0.66	0.8	0.82	0.78	0.58	0.8	0.82	0.74	0.74	0.74	0.78	0.68	0.82	0.86	0.82	0.72
17950	0.68	0.82	0.82	0.76	0.54	0.8	0.84	0.72	0.72	0.72	0.8	0.7	0.8	0.82	0.82	0.7
18000	0.68	0.82	0.82	0.68	0.52	0.78	0.86	0.7	0.72	0.72	0.78	0.74	0.78	0.8	0.86	0.7
18050	0.66	0.78	0.8	0.64	0.52	0.78	0.86	0.7	0.7	0.74	0.76	0.72	0.76	0.8	0.84	0.68
18100	0.68	0.8	0.74	0.66	0.48	0.74	0.84	0.72	0.76	0.74	0.8	0.72	0.72	0.78	0.82	0.64
18150	0.72	0.78	0.8	0.66	0.44	0.76	0.8	0.76	0.78	0.72	0.78	0.74	0.72	0.78	0.84	0.62
18200	0.72	0.8	0.8	0.7	0.48	0.76	0.82	0.82	0.78	0.72	0.76	0.76	0.74	0.76	0.84	0.58
18250	0.74	0.78	0.76	0.68	0.5	0.76	0.78	0.8	0.84	0.76	0.76	0.76	0.68	0.78	0.86	0.6
18300	0.76	0.78	0.68	0.68	0.5	0.78	0.78	0.78	0.84	0.78	0.74	0.8	0.7	0.78	0.86	0.6
18350	0.82	0.8	0.66	0.68	0.52	0.76	0.74	0.82	0.84	0.8	0.74	0.8	0.68	0.76	0.76	0.6
18400	0.8	0.8	0.64	0.66	0.52	0.78	0.72	0.82	0.8	0.76	0.7	0.78	0.68	0.78	0.78	0.6
18450	0.84	0.8	0.62	0.64	0.52	0.78	0.7	0.8	0.72	0.74	0.7	0.72	0.68	0.76	0.7	0.62
18500	0.86	0.84	0.64	0.66	0.54	0.82	0.7	0.8	0.74	0.78	0.64	0.76	0.66	0.78	0.72	0.66
18550	0.86	0.86	0.64	0.7	0.54	0.8	0.64	0.78	0.72	0.74	0.66	0.76	0.7	0.74	0.7	0.66
18600	0.78	0.8	0.64	0.76	0.54	0.74	0.6	0.8	0.72	0.74	0.68	0.78	0.72	0.72	0.7	0.66
18650	0.76	0.8	0.7	0.76	0.54	0.72	0.64	0.8	0.68	0.76	0.68	0.74	0.72	0.72	0.72	0.64
18700	0.78	0.74	0.74	0.76	0.58	0.7	0.66	0.8	0.68	0.78	0.68	0.74	0.7	0.7	0.72	0.7
18750	0.8	0.7	0.78	0.82	0.58	0.66	0.6	0.8	0.72	0.76	0.7	0.76	0.7	0.68	0.74	0.7
18800	0.78	0.7	0.78	0.84	0.52	0.68	0.6	0.8	0.82	0.8	0.7	0.78	0.66	0.64	0.7	0.7
18850	0.74	0.72	0.78	0.82	0.56	0.72	0.56	0.78	0.78	0.78	0.72	0.76	0.66	0.66	0.7	0.68
18900	0.7	0.7	0.78	0.82	0.56	0.72	0.58	0.78	0.78	0.82	0.68	0.78	0.66	0.7	0.66	0.68
18950	0.72	0.72	0.8	0.76	0.6	0.74	0.58	0.76	0.84	0.78	0.74	0.78	0.64	0.68	0.6	0.68
19000	0.74	0.76	0.76	0.74	0.6	0.78	0.62	0.74	0.88	0.78	0.68	0.74	0.64	0.68	0.58	0.66
19050	0.8	0.84	0.74	0.76	0.6	0.82	0.68	0.74	0.88	0.76	0.66	0.74	0.62	0.7	0.62	0.74
19100	0.76	0.8	0.7	0.76	0.62	0.8	0.68	0.7	0.9	0.74	0.66	0.72	0.62	0.74	0.64	0.74
19150	0.72	0.82	0.74	0.76	0.6	0.82	0.62	0.74	0.84	0.72	0.68	0.72	0.66	0.78	0.68	0.7
19200	0.74	0.84	0.72	0.74	0.6	0.82	0.66	0.72	0.84	0.7	0.74	0.7	0.66	0.84	0.7	0.68
19250	0.76	0.8	0.72	0.72	0.66	0.8	0.68	0.72	0.86	0.72	0.74	0.68	0.72	0.86	0.7	0.66
19300	0.78	0.78	0.76	0.74	0.7	0.78	0.7	0.76	0.88	0.7	0.78	0.72	0.72	0.9	0.76	0.68
19350	0.74	0.76	0.72	0.76	0.64	0.76	0.74	0.78	0.86	0.74	0.8	0.74	0.72	0.9	0.78	0.68
19400	0.72	0.74	0.78	0.74	0.62	0.76	0.72	0.78	0.86	0.74	0.86	0.76	0.76	0.86	0.78	0.62
19450	0.74	0.74	0.78	0.72	0.62	0.8	0.72	0.8	0.84	0.76	0.9	0.78	0.8	0.8	0.76	0.6
19500	0.72	0.72	0.82	0.74	0.6	0.82	0.72	0.78	0.84	0.8	0.88	0.78	0.8	0.74	0.76	0.64
19550	0.76	0.68	0.8	0.72	0.56	0.82	0.72	0.78	0.82	0.8	0.86	0.78	0.78	0.68	0.76	0.58
19600	0.76	0.68	0.74	0.64	0.56	0.78	0.76	0.8	0.82	0.76	0.82	0.76	0.76	0.7	0.74	0.56
19650	0.76	0.66	0.76	0.66	0.52	0.76	0.74	0.82	0.84	0.7	0.8	0.78	0.72	0.72	0.76	0.56
19700	0.78	0.7	0.8	0.68	0.52	0.82	0.74	0.82	0.8	0.7	0.8	0.78	0.72	0.7	0.78	0.58
19750	0.78	0.68	0.8	0.62	0.54	0.82	0.74	0.78	0.78	0.7	0.76	0.78	0.78	0.76	0.74	0.66
19800	0.82	0.64	0.82	0.66	0.6	0.84	0.74	0.78	0.78	0.66	0.74	0.78	0.8	0.74	0.74	0.7
19850	0.82	0.64	0.8	0.68	0.58	0.84	0.74	0.8	0.78	0.66	0.7	0.74	0.8	0.78	0.74	0.72
19900	0.78	0.66	0.82	0.7	0.58	0.82	0.8	0.8	0.78	0.66	0.7	0.72	0.8	0.72	0.72	0.74
19950	0.78	0.72	0.86	0.78	0.6	0.82	0.8	0.8	0.82	0.7	0.7	0.66	0.76	0.72	0.7	0.72
20000	0.8	0.74	0.88	0.84	0.62	0.78	0.84	0.82	0.82	0.72	0.68	0.66	0.74	0.8	0.7	0.72
