0	0	0	0	0	0	0	0	0	0	0	0	0	0	0	0	0	0
50	1	1	0	2	2	1	2	1	2	3	3	3	1	1	1	2	6
100	4	3	1	2	3	4	5	4	4	4	6	6	3	5	3	8	22
150	6	5	4	4	5	4	6	6	5	6	6	7	4	8	4	8	30
200	7	5	4	5	7	6	7	6	7	6	9	9	5	9	5	9	36
250	8	5	6	6	8	7	7	8	9	6	9	10	7	9	6	9	42
300	9	5	7	7	8	9	8	9	9	7	9	11	8	9	8	9	47
350	10	6	9	8	9	10	8	10	9	7	9	11	9	9	8	9	51
400	11	7	9	9	10	11	9	10	10	8	9	12	9	10	8	10	54
450	12	7	10	10	12	11	9	11	10	8	9	12	9	10	8	11	55
500	12	8	11	10	13	11	10	11	11	8	9	14	9	11	8	12	57
550	12	9	12	10	13	11	10	11	12	9	11	14	9	11	9	12	61
600	12	9	13	10	13	12	12	12	13	11	11	16	9	11	9	12	67
650	12	9	13	10	13	12	12	13	14	11	11	17	9	11	9	12	65
700	13	9	13	10	13	12	12	15	15	11	11	18	9	11	9	12	69
750	13	9	13	11	14	13	12	15	15	11	11	18	9	11	9	12	68
800	15	9	14	11	14	13	12	15	14	11	11	18	9	11	9	12	68
850	16	9	14	11	14	13	12	15	15	11	11	18	10	11	9	12	70
900	16	9	14	11	14	14	13	15	15	11	11	19	10	11	9	12	73
950	16	9	14	11	14	14	13	15	16	11	11	20	10	11	9	12	74
1000	17	9	14	11	14	14	13	15	17	11	11	21	10	11	9	12	77
1050	17	9	14	11	14	14	12	15	17	11	11	21	10	11	9	12	77
1100	17	9	14	11	14	14	12	15	17	11	11	21	11	11	9	13	76
1150	17	9	14	11	14	14	12	15	18	11	12	21	11	11	9	13	79
1200	19	9	14	11	14	14	12	15	18	11	12	21	11	11	9	13	81
1250	19	9	14	11	14	14	14	15	19	12	12	21	11	11	9	13	84
1300	19	9	14	11	14	14	15	15	19	12	13	21	11	11	9	13	84
1350	19	9	14	11	14	14	15	15	20	12	13	21	12	13	9	13	86
1400	19	9	14	11	14	14	15	15	20	13	13	21	12	13	9	13	86
1450	19	9	15	11	14	14	15	15	20	12	14	21	13	13	9	13	86
1500	19	9	15	11	14	14	15	15	20	12	16	21	13	13	9	14	89
1550	19	9	15	11	14	14	15	15	20	14	16	21	13	13	9	15	92
1600	19	9	16	11	14	14	15	15	20	15	16	21	13	13	10	15	92
1650	19	9	17	11	14	14	15	15	20	15	16	21	13	13	10	15	93
1700	19	9	17	11	14	14	15	15	20	16	16	21	13	14	11	15	94
1750	19	9	18	11	14	14	15	15	20	15	15	21	13	14	11	15	95
1800	19	9	18	11	14	14	15	15	20	16	16	21	13	14	11	15	97
1850	19	9	18	11	14	14	15	15	20	16	17	21	13	14	11	16	98
1900	19	9	20	11	14	13	15	15	20	17	17	21	13	15	12	16	99
1950	19	10	20	11	14	13	15	15	19	17	17	21	13	17	14	16	100
2000	19	10	21	11	14	13	15	15	20	18	17	20	13	17	14	16	102
2050	19	10	21	11	14	13	16	15	20	18	17	20	13	18	14	16	103
2100	19	10	21	11	14	13	17	15	21	18	17	20	13	18	14	16	103
2150	19	10	21	11	14	13	17	15	20	18	17	20	13	19	14	16	104
2200	19	10	21	11	14	13	17	15	20	18	18	20	13	20	14	16	104
2250	19	10	21	11	14	13	18	15	21	18	18	20	13	20	14	16	105
2300	19	11	22	11	14	13	18	15	20	18	18	20	13	20	14	16	105
2350	19	13	22	11	14	13	18	15	21	18	18	20	13	20	14	16	108
2400	19	13	22	11	14	13	17	15	22	18	18	20	13	20	14	16	107
2450	19	13	22	11	14	13	17	15	22	18	18	20	13	20	15	16	108
2500	20	14	22	11	14	13	18	15	22	18	18	20	13	20	15	16	111
2550	21	14	21	11	14	13	18	15	22	18	18	20	13	20	15	16	112
2600	21	14	21	11	14	13	17	15	22	18	18	20	13	20	15	16	112
2650	21	14	21	11	14	13	17	15	22	18	18	20	13	20	15	16	111
2700	21	14	21	11	14	13	16	15	23	18	18	20	13	20	15	16	112
2750	21	14	20	11	14	13	18	15	23	18	19	20	13	20	15	17	114
2800	21	14	20	11	14	13	18	15	23	18	19	20	13	19	15	17	112
2850	21	14	20	11	14	13	18	15	23	18	19	19	13	19	15	17	112
2900	21	14	20	11	14	13	18	15	23	18	19	19	13	19	15	17	112
2950	22	14	20	11	14	14	18	15	23	18	19	19	13	19	15	17	113
3000	21	16	20	11	14	14	20	15	23	18	19	19	13	19	15	18	116
3050	22	16	20	11	14	14	20	15	23	18	19	19	14	18	15	18	116
3100	22	16	20	11	14	15	20	15	23	18	19	19	14	19	15	18	117
3150	23	16	20	11	14	15	20	15	23	18	19	19	14	19	15	18	118
3200	23	16	20	12	14	15	21	15	23	18	19	19	14	19	15	18	119
3250	23	16	20	12	14	16	21	15	23	18	19	19	14	19	15	18	120
3300	23	16	20	12	14	17	21	15	23	18	19	19	15	19	15	18	121
3350	23	16	20	12	14	17	21	15	23	17	19	19	15	19	15	18	121
3400	23	16	20	12	14	16	22	15	23	17	19	19	15	19	15	18	121
3450	23	16	20	12	14	14	22	15	23	17	19	19	16	19	16	18	121
3500	23	16	20	12	14	16	22	15	22	17	19	19	17	19	16	18	123
3550	23	16	20	12	14	16	23	15	22	18	19	19	17	19	15	18	123
3600	23	16	20	12	14	16	23	15	22	18	19	19	17	19	16	18	123
3650	23	16	20	12	14	16	23	15	22	17	19	19	17	19	16	18	122
3700	23	17	22	12	15	16	23	15	22	17	19	19	18	19	17	18	124
3750	23	18	22	13	15	17	23	15	22	16	19	19	18	19	17	18	126
3800	23	18	22	14	15	17	23	16	23	16	19	19	18	18	17	17	128
3850	23	18	22	14	16	17	23	16	24	17	19	19	19	18	18	16	129
3900	23	18	22	14	16	18	23	15	24	17	19	19	20	18	18	17	131
3950	23	18	22	15	16	19	23	15	24	17	19	19	21	18	18	17	134
4000	23	18	22	15	16	20	22	16	24	17	19	19	21	18	18	17	134
4050	23	18	23	15	16	21	22	17	24	18	19	19	22	18	18	17	138
4100	23	18	23	16	16	21	22	17	23	18	19	19	23	18	18	17	138
4150	23	18	23	16	16	21	22	18	23	18	19	19	24	18	18	17	140
4200	24	18	23	16	16	21	22	18	23	18	19	19	24	18	18	17	140
4250	24	18	23	16	17	21	22	18	23	19	19	19	24	18	18	17	142
4300	24	18	23	16	17	21	22	17	23	19	19	19	24	18	19	17	142
4350	24	18	23	16	17	21	22	17	23	19	19	19	24	18	19	18	144
4400	24	18	23	16	18	20	22	17	23	19	19	19	24	18	19	18	144
4450	24	18	23	16	19	20	22	17	23	19	19	19	24	18	19	19	146
4500	24	18	23	16	19	19	22	19	23	19	19	19	24	18	19	19	146
4550	24	19	24	16	19	19	22	19	23	19	19	19	24	18	19	19	148
4600	24	19	26	16	19	19	22	19	24	19	19	19	24	18	19	18	148
4650	23	20	26	16	18	20	22	19	24	19	19	19	24	18	19	19	150
4700	23	20	26	18	18	22	21	19	24	19	19	19	24	18	19	19	153
4750	23	20	27	18	19	23	21	20	24	19	19	19	24	18	19	20	157
4800	23	20	29	18	19	23	21	21	25	19	19	19	24	18	19	21	161
4850	23	20	29	18	20	23	21	22	25	19	19	19	24	18	19	21	162
4900	23	20	30	19	21	23	20	22	25	19	19	19	24	18	19	21	162
4950	23	20	32	20	21	23	20	22	24	20	19	19	24	18	19	21	163
5000	23	21	33	21	21	24	20	23	24	20	19	19	24	18	19	21	166
5050	23	21	33	21	22	25	19	23	24	20	19	19	24	18	19	21	164
5100	23	21	33	21	22	25	19	23	24	20	19	19	24	18	19	21	163
5150	23	21	33	20	22	25	19	23	24	20	19	19	23	18	19	21	162
5200	23	21	33	20	22	25	19	23	24	20	19	19	24	18	19	21	162
5250	23	22	34	20	22	25	19	23	24	20	19	19	22	18	19	21	161
5300	23	22	34	21	21	24	19	23	24	20	19	19	22	18	19	21	161
5350	23	22	34	21	21	24	19	23	24	20	19	19	22	18	19	21	159
5400	23	23	33	21	22	24	18	23	24	20	19	19	22	18	19	22	159
5450	23	23	32	21	22	24	18	24	23	20	19	19	22	18	19	23	159
5500	23	23	33	21	22	24	18	24	23	20	19	19	22	18	19	23	159
5550	23	23	33	21	22	24	18	24	23	20	19	19	22	18	18	23	158
5600	23	22	33	22	22	24	18	24	23	20	19	19	22	18	18	23	159
5650	23	22	33	22	22	24	18	24	23	19	19	19	22	18	18	23	157
5700	22	22	33	22	22	24	18	24	22	19	19	19	22	18	18	23	155
5750	22	22	33	24	23	24	18	24	26	19	19	19	22	18	18	23	157
5800	22	22	35	24	23	24	18	24	26	20	19	19	23	18	18	23	159
5850	22	22	34	27	23	24	18	24	26	20	19	19	23	18	18	23	161
5900	22	22	34	26	23	24	18	24	27	20	19	19	23	18	18	23	160
5950	22	22	34	26	23	24	18	24	27	20	19	19	23	17	18	23	160
6000	22	22	35	26	23	24	18	24	28	20	19	19	23	17	18	23	160
6050	22	22	36	26	23	24	18	24	28	20	19	19	23	17	18	24	161
6100	22	22	36	26	23	24	18	24	29	20	19	19	22	17	18	25	163
6150	22	22	36	26	23	24	18	23	29	20	19	19	22	17	18	25	163
6200	22	22	36	26	23	24	18	23	30	19	19	19	22	17	18	25	163
6250	22	22	37	26	23	23	18	23	29	19	19	19	22	17	18	25	164
6300	22	22	37	26	23	23	18	23	27	19	19	19	22	17	18	24	161
6350	22	22	37	26	23	23	18	23	27	21	19	19	22	17	18	24	163
6400	22	22	37	27	23	22	18	23	27	21	19	19	22	17	18	24	163
6450	22	22	37	28	23	22	18	23	27	21	19	19	22	17	18	24	163
6500	22	22	37	28	23	22	19	23	26	21	19	19	22	17	18	24	164
6550	22	22	37	28	23	22	20	23	26	21	19	20	22	17	18	24	166
6600	22	22	37	27	23	22	20	23	26	21	19	20	22	17	18	24	165
6650	22	22	37	28	23	22	20	23	27	21	19	20	22	17	17	24	167
6700	22	22	37	29	23	22	20	23	27	21	19	20	22	17	17	24	168
6750	22	21	37	30	23	22	20	22	28	21	19	20	22	17	17	24	169
6800	22	21	37	31	23	22	21	22	28	22	19	20	22	17	17	24	174
6850	22	22	37	29	23	21	22	22	28	22	19	21	22	17	17	24	176
6900	22	22	37	29	23	21	22	22	28	22	19	21	22	17	17	24	175
6950	22	22	37	30	23	21	22	22	29	22	19	21	22	17	17	24	176
7000	22	22	37	30	24	20	22	22	29	22	19	21	22	17	17	24	175
7050	22	22	37	30	24	20	22	22	29	22	19	21	22	18	17	24	174
7100	22	22	37	30	24	20	22	22	29	22	19	21	22	18	17	24	173
7150	22	22	37	30	24	20	22	22	29	21	19	21	22	18	17	24	173
7200	22	22	37	30	24	19	22	22	28	22	19	22	22	18	17	24	172
7250	22	22	37	31	24	19	22	22	28	22	19	22	22	18	17	24	172
7300	22	22	37	31	24	19	22	22	28	22	19	22	21	18	17	24	172
7350	22	22	37	30	24	19	22	22	28	22	19	22	21	18	17	24	170
7400	22	22	37	30	24	19	21	22	28	21	19	22	21	18	17	24	168
7450	22	22	37	30	24	19	21	22	28	21	19	22	21	18	17	24	168
7500	22	22	37	30	24	19	21	22	28	22	19	22	21	17	17	24	169
7550	22	23	36	30	24	19	21	22	27	22	19	24	21	17	17	24	168
7600	22	23	36	30	24	19	21	22	27	22	19	24	21	17	17	24	168
7650	22	23	35	30	24	18	21	21	27	22	19	24	21	17	17	25	167
7700	22	23	35	30	24	18	21	21	27	22	19	24	21	17	17	25	167
7750	22	23	35	30	23	18	21	21	28	22	19	24	21	17	17	25	167
7800	22	23	35	30	23	18	21	21	27	22	19	24	21	17	17	25	166
7850	22	22	35	30	23	18	21	21	27	25	19	24	21	17	17	25	168
7900	22	22	35	30	23	18	21	21	27	25	19	24	21	17	17	25	168
7950	22	22	35	31	23	18	21	21	27	26	19	24	21	17	17	25	168
8000	22	22	34	31	23	18	21	21	27	26	20	24	21	17	17	25	168
8050	22	22	34	31	23	18	21	21	27	27	20	24	21	17	17	25	169
8100	22	22	34	32	23	18	21	21	27	27	20	24	21	17	17	25	170
8150	22	22	34	32	23	18	21	21	26	27	20	24	21	17	17	25	170
8200	22	22	34	32	23	18	21	21	26	28	20	24	21	17	17	25	171
8250	21	22	32	32	23	18	21	21	26	28	21	24	21	17	17	26	172
8300	21	22	32	32	23	18	21	21	26	28	21	24	21	17	17	26	172
8350	22	22	32	32	23	18	22	21	26	28	21	24	21	17	17	26	172
8400	22	22	32	32	23	18	22	21	26	28	21	24	21	16	17	26	171
8450	22	22	32	32	24	18	22	21	26	28	21	24	21	16	17	26	171
8500	22	22	32	32	24	18	22	21	26	28	21	24	21	16	17	26	171
8550	22	22	32	33	24	18	23	21	26	28	21	24	21	17	17	27	175
8600	22	22	32	33	25	18	23	20	26	28	21	24	21	17	17	27	176
8650	23	22	32	33	25	18	23	20	26	28	21	24	21	17	17	27	174
8700	23	22	33	33	25	18	23	20	26	27	21	24	21	17	17	29	176
8750	23	22	33	33	25	18	23	20	26	29	21	24	21	17	17	29	177
8800	23	22	33	33	25	18	23	19	26	28	21	24	21	17	18	29	178
8850	22	22	33	33	25	18	23	19	26	28	21	24	21	17	18	29	177
8900	21	22	33	32	25	18	23	18	26	28	21	24	21	17	19	29	175
8950	21	22	33	32	25	18	23	18	25	28	21	24	20	17	19	29	174
9000	21	23	32	32	25	18	23	18	25	28	21	24	20	17	19	29	174
9050	21	23	32	32	26	18	23	18	26	28	21	24	20	17	19	29	175
9100	23	23	32	32	27	18	23	18	26	28	21	24	20	17	19	29	176
9150	25	23	32	31	27	18	23	18	26	28	21	24	20	17	20	29	180
9200	25	23	32	30	27	18	23	18	26	28	21	24	20	17	20	29	179
9250	25	23	32	30	27	18	23	17	25	28	21	24	20	17	20	29	179
9300	26	23	32	30	27	18	23	17	26	29	21	24	20	17	21	28	183
9350	26	23	32	30	27	19	22	17	26	29	21	24	20	17	21	28	185
9400	26	24	31	30	27	19	22	17	26	29	21	24	20	17	21	28	183
9450	26	24	31	30	28	19	22	17	26	29	22	24	20	17	21	28	184
9500	26	25	31	30	28	19	22	17	26	29	23	24	20	17	22	28	188
9550	26	26	31	29	28	18	22	17	25	29	23	24	19	17	22	27	186
9600	26	27	31	29	28	18	22	17	25	29	23	24	19	17	23	27	188
9650	26	27	31	29	30	18	22	17	25	29	23	24	19	17	24	27	190
9700	27	27	31	28	30	18	22	17	25	29	23	24	19	17	24	27	189
9750	27	27	31	28	31	18	22	17	25	29	23	24	19	17	24	27	188
9800	28	27	31	28	31	19	22	17	25	29	23	24	19	17	24	28	189
9850	28	27	31	28	31	19	22	17	25	29	24	24	19	17	24	28	190
9900	28	27	31	28	31	18	22	17	25	28	24	24	19	17	24	28	188
9950	28	27	31	28	31	18	22	17	26	28	24	24	19	17	25	28	189
10000	28	27	31	28	31	18	22	17	26	28	24	24	19	17	25	28	188
10050	28	27	31	28	31	19	22	17	26	28	24	25	19	17	25	28	189
10100	30	27	31	28	30	19	22	17	26	28	24	25	19	17	25	28	189
10150	30	28	31	28	31	19	22	17	25	28	24	25	19	17	25	28	188
10200	31	28	30	27	31	19	22	17	25	28	24	25	19	17	25	28	187
10250	31	28	30	27	32	19	22	17	25	28	24	25	19	17	25	28	186
10300	33	29	30	27	32	19	22	17	25	28	24	25	19	17	25	28	187
10350	33	30	29	27	32	19	22	17	24	28	24	25	19	17	25	28	187
10400	33	30	29	27	32	20	23	17	24	28	24	25	19	17	25	28	187
10450	33	30	29	27	32	20	23	17	24	27	24	25	19	17	25	29	188
10500	32	30	29	27	32	20	23	17	23	26	24	24	19	17	25	29	184
10550	32	30	28	27	32	20	23	17	23	26	24	24	19	17	25	29	184
10600	32	30	28	27	32	20	23	17	23	26	24	24	19	17	25	29	184
10650	31	31	28	27	31	20	23	17	23	26	24	24	19	17	25	29	184
10700	31	31	27	27	31	21	23	17	23	26	24	24	19	17	25	29	186
10750	31	32	27	27	31	21	23	17	24	26	25	24	19	16	25	30	189
10800	31	32	27	27	31	21	23	17	24	26	25	24	19	16	25	31	189
10850	31	32	27	27	31	22	22	17	23	27	25	24	19	16	25	31	190
10900	31	32	27	27	31	21	22	17	23	27	25	24	19	16	25	32	191
10950	31	32	27	27	31	21	22	17	23	27	25	24	19	16	25	32	190
11000	31	32	27	26	30	21	22	17	23	27	25	24	19	16	25	32	189
11050	31	32	26	26	30	23	22	17	24	27	25	24	19	16	25	32	191
11100	30	32	26	26	31	23	22	18	24	27	25	24	19	16	25	32	193
11150	30	32	26	26	32	23	22	18	23	27	25	24	19	17	25	33	193
11200	30	32	26	25	33	23	22	18	23	27	25	24	19	17	25	33	193
11250	30	32	26	25	33	24	22	18	23	26	25	24	19	18	25	33	193
11300	30	32	25	25	33	24	22	18	23	26	25	24	19	18	25	33	192
11350	30	32	25	25	35	25	22	18	24	26	25	24	19	18	25	33	194
11400	30	32	25	25	35	24	22	18	24	26	25	24	19	19	25	34	195
11450	30	32	25	25	35	25	22	18	23	25	25	24	19	19	25	34	194
11500	30	32	25	25	37	25	21	18	23	25	25	24	19	19	25	34	194
11550	30	32	25	25	37	25	22	18	23	24	25	24	19	19	25	34	193
11600	30	32	25	26	37	26	22	18	23	24	25	23	19	19	25	34	193
11650	30	32	25	26	37	26	22	18	23	23	25	23	19	20	25	34	193
11700	30	32	25	26	37	26	22	18	23	23	25	23	20	20	25	34	194
11750	30	32	25	26	37	26	21	18	23	23	25	23	20	20	25	34	193
11800	30	32	25	26	37	27	21	18	23	24	25	23	20	21	25	34	193
11850	30	32	25	26	38	27	20	18	23	24	25	23	20	22	25	34	195
11900	30	32	25	26	38	28	20	18	23	24	25	23	20	22	25	34	195
11950	30	32	24	26	39	28	21	18	23	24	25	23	20	22	25	34	196
12000	29	32	24	26	38	28	21	18	23	25	25	22	20	23	25	34	195
12050	29	32	24	26	38	29	21	18	23	25	25	22	20	23	25	34	196
12100	29	33	24	26	38	28	22	18	23	25	25	22	20	23	25	34	197
12150	26	33	24	26	38	28	23	18	23	26	25	21	20	24	25	34	197
12200	26	34	24	26	38	29	22	18	23	26	25	21	21	23	25	32	195
12250	26	34	24	25	38	29	22	18	23	27	25	21	22	23	25	31	197
12300	26	33	24	25	38	29	22	18	23	27	24	21	23	23	25	31	194
12350	25	33	25	26	38	29	21	18	23	28	24	21	24	23	25	31	194
12400	25	33	25	26	38	29	21	18	23	28	24	21	24	22	25	31	193
12450	25	34	25	26	38	29	21	18	23	28	24	21	24	22	25	31	191
12500	25	34	26	26	38	29	21	18	23	29	24	21	25	22	25	31	193
12550	25	34	26	27	37	29	22	18	23	29	24	21	26	22	25	31	195
12600	24	33	26	27	37	27	22	18	23	30	24	21	28	23	25	30	198
12650	24	33	26	27	37	28	22	18	23	30	24	21	29	23	25	30	199
12700	23	33	26	27	37	28	22	18	23	29	23	21	32	22	25	30	199
12750	23	33	26	27	37	28	22	18	23	29	23	21	32	22	25	30	199
12800	23	33	27	27	37	28	22	18	23	29	23	21	32	22	24	30	198
12850	23	33	27	27	37	28	23	18	23	29	23	21	32	23	24	30	201
12900	23	32	28	27	37	27	23	18	23	31	23	21	32	23	24	30	205
12950	23	31	28	27	37	26	23	18	25	31	23	21	32	23	24	30	205
13000	23	32	27	27	37	26	23	18	26	31	23	21	32	23	24	30	202
13050	23	31	28	27	36	26	23	18	27	31	23	21	32	23	24	30	202
13100	23	31	28	27	36	26	23	18	28	31	23	21	32	23	24	30	202
13150	23	31	29	28	36	26	23	18	28	31	23	21	33	23	24	30	203
13200	23	29	30	28	36	26	21	18	28	30	23	21	31	23	24	29	200
13250	23	29	29	28	36	26	21	18	27	30	23	21	31	24	24	29	198
13300	23	29	29	28	36	26	21	18	27	30	23	21	33	24	24	29	200
13350	23	28	29	28	36	26	21	18	26	30	22	21	32	25	24	29	197
13400	23	29	28	28	36	26	21	19	25	29	22	21	32	25	24	29	196
13450	23	28	29	29	36	25	21	19	26	29	22	21	32	25	24	29	195
13500	23	28	29	29	36	25	20	19	26	29	22	21	30	25	24	29	191
13550	23	28	29	29	36	25	21	19	26	27	21	21	30	24	24	29	189
13600	23	28	29	29	36	23	22	19	27	27	21	21	31	24	24	29	188
13650	23	30	28	29	35	23	23	19	28	27	21	21	31	23	24	29	187
13700	23	29	29	29	35	23	23	19	30	26	21	21	31	23	24	28	190
13750	23	29	29	29	35	24	23	20	30	26	21	21	31	23	24	28	191
13800	22	29	30	29	35	24	22	20	30	26	21	21	31	23	24	28	191
13850	22	29	30	29	35	24	22	21	30	26	21	21	31	23	23	28	193
13900	22	29	30	29	35	25	22	21	30	25	21	21	31	23	23	28	194
13950	22	29	30	28	35	24	22	21	29	25	21	21	31	23	23	28	194
14000	22	29	30	28	35	24	22	21	29	26	21	21	31	23	23	28	195
14050	23	29	30	28	34	24	22	21	29	25	21	21	30	23	23	28	196
14100	23	29	30	28	34	24	23	21	29	25	21	21	30	23	23	28	197
14150	23	29	30	28	34	25	23	22	29	25	20	21	30	23	23	28	200
14200	24	29	30	28	33	25	23	22	29	27	20	21	30	23	23	28	202
14250	24	29	30	28	33	25	23	23	29	27	20	21	30	23	23	28	202
14300	24	29	30	28	33	26	23	24	29	26	20	21	30	23	23	28	202
14350	24	29	30	28	33	25	24	24	30	25	20	21	30	23	23	28	202
14400	24	29	30	28	33	24	24	24	30	26	20	21	32	23	23	29	205
14450	24	29	30	27	33	24	24	24	30	24	20	21	31	23	23	29	202
14500	24	28	30	27	33	24	24	24	30	24	20	21	31	23	23	29	201
14550	25	28	30	27	31	23	24	24	30	26	20	21	31	23	23	29	202
14600	25	28	31	27	31	23	24	26	31	27	20	21	31	23	23	29	204
14650	25	28	32	27	31	23	24	27	31	27	21	21	31	23	23	29	205
14700	25	27	32	26	31	23	24	27	31	28	21	20	31	23	23	29	205
14750	25	26	32	25	31	23	24	27	29	28	20	20	31	23	23	29	203
14800	25	26	32	24	31	23	24	27	29	29	21	20	31	23	23	29	205
14850	25	26	32	24	31	23	24	27	29	29	21	20	31	23	23	29	206
14900	25	26	32	24	31	23	25	27	29	29	22	20	30	23	23	29	206
14950	25	26	32	24	31	23	25	27	28	29	23	20	30	23	23	29	206
15000	26	26	31	24	31	25	25	26	28	29	23	20	30	23	23	29	206
15050	26	26	31	24	31	26	25	26	28	29	24	20	30	23	23	29	208
15100	26	26	31	23	31	26	24	26	28	29	23	20	29	23	23	29	205
15150	26	26	31	23	31	26	24	26	28	28	23	20	29	23	23	29	203
15200	26	26	31	23	30	26	24	26	28	27	23	20	29	23	23	29	202
15250	26	26	31	23	30	25	24	26	28	27	23	19	29	23	23	29	201
15300	26	26	31	23	29	26	24	27	27	27	23	19	29	23	23	29	200
15350	26	26	31	23	29	26	24	27	27	27	23	19	29	23	23	29	200
15400	26	26	31	23	29	27	24	27	27	27	24	19	29	23	22	29	202
15450	26	25	31	23	29	26	24	27	27	27	24	19	29	23	22	29	200
15500	26	25	31	23	29	26	24	27	27	26	24	19	29	23	22	29	199
15550	26	25	31	23	28	26	24	27	27	26	24	19	28	23	22	29	198
15600	26	25	31	23	28	26	24	27	27	27	24	19	28	22	22	29	199
15650	26	25	31	23	28	27	24	27	26	27	24	19	28	22	22	29	199
15700	26	25	31	23	28	26	24	26	26	27	25	19	27	22	22	29	196
15750	26	25	31	23	28	27	23	26	26	27	25	19	27	22	22	29	196
15800	26	25	31	23	28	28	22	26	25	28	25	19	26	22	22	29	195
15850	26	25	31	23	28	27	21	26	25	28	24	19	26	22	22	29	193
15900	26	25	31	23	27	27	21	25	25	27	24	19	26	22	21	29	190
15950	26	25	31	23	27	29	20	25	25	28	25	19	26	22	22	29	192
16000	26	25	31	23	27	30	18	24	25	28	25	19	26	22	22	29	194
16050	26	25	31	23	27	30	17	24	25	28	25	19	26	22	22	29	194
16100	26	25	31	23	27	31	17	24	25	28	25	19	26	22	22	29	195
16150	26	25	31	23	25	30	17	24	25	28	25	19	26	22	22	29	192
16200	25	25	31	23	25	30	18	23	24	30	25	19	26	22	22	29	192
16250	25	25	31	23	25	30	18	23	24	30	25	19	26	22	23	29	193
16300	25	25	31	23	25	30	18	23	24	30	25	19	26	22	23	29	193
16350	25	24	31	23	25	30	18	23	24	30	26	19	26	22	23	29	191
16400	25	24	31	23	25	29	18	23	24	30	26	19	26	22	22	28	190
16450	25	24	31	23	25	29	18	23	24	30	26	19	26	22	22	28	190
16500	25	24	31	23	25	29	18	23	24	30	26	19	26	22	22	28	189
16550	25	24	31	23	25	29	18	23	24	30	26	19	25	22	21	28	188
16600	24	24	30	23	25	29	18	23	24	30	27	19	25	22	21	28	187
16650	24	24	30	23	25	29	19	23	23	30	27	19	25	22	21	28	187
16700	24	24	29	23	25	29	19	23	23	31	27	19	25	22	21	28	187
16750	24	24	29	23	25	29	19	23	23	31	27	19	25	22	21	26	185
16800	24	24	29	23	25	28	20	23	23	31	27	19	25	22	21	26	185
16850	24	24	29	23	26	29	21	23	22	31	27	19	25	22	21	26	185
16900	24	24	28	23	26	29	21	23	21	31	26	19	25	23	21	26	181
16950	24	24	28	23	26	31	21	23	21	29	26	19	25	23	21	26	179
17000	24	24	28	23	26	31	23	23	21	28	26	19	25	23	21	25	181
17050	24	24	28	23	26	30	23	23	21	29	26	19	25	23	21	25	184
17100	24	24	29	23	26	30	25	23	21	29	28	19	25	23	21	25	189
17150	24	24	29	23	26	32	25	23	21	29	29	19	25	22	21	25	190
17200	24	24	28	23	26	31	25	23	21	29	25	19	25	22	21	25	188
17250	24	24	28	23	26	30	24	23	21	30	26	19	25	22	21	25	189
17300	23	24	28	23	26	30	24	23	21	29	26	19	25	22	21	25	189
17350	23	24	28	23	26	31	24	23	21	29	27	19	25	22	21	25	190
17400	24	24	28	23	26	31	23	23	21	28	27	19	25	22	21	25	188
17450	23	23	28	23	26	31	24	23	21	28	26	19	25	22	21	25	186
17500	24	23	28	23	26	30	24	23	21	28	26	19	25	22	21	25	186
17550	24	23	28	23	26	30	24	23	21	28	26	19	25	22	21	25	186
17600	24	23	28	23	26	30	24	23	20	28	26	19	25	22	21	25	186
17650	24	23	28	23	26	30	24	23	20	27	25	19	25	22	21	25	186
17700	24	23	29	23	26	29	24	23	20	28	25	19	25	23	21	25	189
17750	24	23	29	23	26	29	24	23	20	28	25	19	24	23	21	25	189
17800	24	23	29	23	26	29	24	23	20	28	25	19	24	23	21	25	187
17850	24	23	30	23	26	29	24	23	20	28	25	18	24	23	21	25	186
17900	24	23	30	23	26	29	23	23	20	27	25	18	24	23	21	25	185
17950	24	23	30	23	26	29	24	23	20	27	24	18	24	23	21	25	187
18000	24	23	30	23	26	27	24	23	20	27	25	18	24	23	20	25	186
18050	24	23	30	23	27	28	24	23	20	27	26	18	24	22	20	25	186
18100	24	23	30	23	27	28	24	23	20	27	26	18	24	22	21	25	188
18150	24	23	30	23	26	28	24	23	21	28	26	18	24	22	22	25	190
18200	24	23	30	23	25	28	24	22	21	28	26	18	24	22	23	25	190
18250	24	23	30	23	25	28	24	22	21	28	26	18	24	22	23	25	191
18300	24	23	30	23	26	28	24	22	21	28	27	18	24	22	24	25	193
18350	24	23	31	23	27	27	24	22	21	28	28	18	24	22	24	25	193
18400	24	23	31	23	27	27	24	22	21	28	28	18	24	22	24	25	191
18450	24	23	31	23	27	27	25	22	22	28	28	18	24	22	24	25	193
18500	24	23	31	23	28	27	25	21	22	28	28	18	24	22	24	25	193
18550	24	23	31	23	28	27	25	21	23	28	28	18	24	22	24	25	194
18600	24	23	31	23	28	25	26	21	23	28	29	18	24	22	24	25	193
18650	24	23	31	23	28	25	26	21	23	28	28	18	24	22	25	25	194
18700	24	23	31	23	28	23	27	21	23	29	28	18	24	22	25	25	193
18750	24	23	31	23	28	23	27	20	23	29	28	18	24	21	25	25	194
18800	24	23	31	23	28	23	27	20	23	29	28	18	24	21	25	25	194
18850	24	23	31	23	29	24	27	20	23	29	28	18	24	21	25	25	196
18900	24	23	32	23	29	24	27	19	23	29	28	18	24	21	25	25	196
18950	25	23	32	23	29	25	27	20	24	29	28	18	23	21	25	25	198
19000	26	23	32	23	29	23	27	20	24	29	28	18	23	21	25	25	196
19050	26	23	32	23	29	23	26	20	24	29	29	18	23	21	25	25	195
19100	26	23	33	23	30	22	28	20	24	30	29	18	23	21	25	24	196
19150	26	23	33	23	30	22	28	20	24	30	29	18	23	21	25	24	196
19200	26	23	36	23	30	22	28	20	23	30	29	18	23	21	25	24	200
19250	27	23	36	23	30	22	28	20	23	30	29	18	23	21	25	24	201
19300	27	23	36	23	30	22	28	20	23	30	28	18	23	21	25	24	201
19350	27	23	36	23	30	23	28	19	24	30	28	18	23	21	25	24	202
19400	28	23	36	23	30	23	28	19	24	30	28	18	23	20	25	24	201
19450	28	23	36	23	30	22	28	19	24	30	29	18	23	20	24	23	200
19500	28	23	35	23	30	23	27	19	24	30	29	18	23	20	24	23	199
19550	29	23	35	23	30	22	26	19	25	30	29	18	23	20	24	23	200
19600	29	23	36	23	30	22	26	19	25	30	30	18	23	20	24	23	202
19650	29	23	37	23	30	22	26	19	24	30	30	18	23	20	24	23	203
19700	29	23	37	23	30	23	26	19	24	30	30	18	23	20	23	23	203
19750	29	23	37	23	30	22	26	19	24	30	28	18	23	20	23	23	201
19800	29	23	38	23	30	22	26	19	24	30	28	18	23	20	23	23	203
19850	29	23	37	23	30	22	26	19	24	30	28	18	23	20	23	23	202
19900	29	23	37	23	30	22	26	19	25	30	28	18	23	20	23	23	202
19950	28	23	37	23	31	22	25	19	25	31	29	18	23	20	23	23	201
20000	28	23	37	23	31	21	25	19	25	30	29	18	23	20	23	23	200
