0	0.0	0.0	0.0	0.0	0.0	0.0	0.0	0.0	0.0	0.0	0.0	0.0	0.0	0.0	0.0	0.0
50	0.0	0.0	0.0	0.0	0.333333333333	0.0	0.0	0.142857142857	0.0	0.0	0.0	0.166666666667	0.0	0.0	0.25	0.142857142857
100	0.0625	0.0	0.0	0.0	0.125	0.0	0.0	0.25	0.0	0.0555555555556	0.0	0.272727272727	0.0	0.0714285714286	0.230769230769	0.235294117647
150	0.130434782609	0.0	0.0909090909091	0.0833333333333	0.133333333333	0.0	0.0	0.318181818182	0.0555555555556	0.16	0.142857142857	0.294117647059	0.0	0.0909090909091	0.2	0.272727272727
200	0.2	0.0	0.142857142857	0.25	0.117647058824	0.0	0.117647058824	0.25	0.181818181818	0.166666666667	0.153846153846	0.310344827586	0.173913043478	0.206896551724	0.137931034483	0.296296296296
250	0.261904761905	0.0645161290323	0.222222222222	0.260869565217	0.217391304348	0.241379310345	0.0952380952381	0.324324324324	0.192307692308	0.138888888889	0.166666666667	0.388888888889	0.333333333333	0.25	0.222222222222	0.3125
300	0.25	0.0571428571429	0.243902439024	0.269230769231	0.285714285714	0.194444444444	0.107142857143	0.317073170732	0.294117647059	0.2	0.176470588235	0.372093023256	0.375	0.236842105263	0.31914893617	0.333333333333
350	0.32	0.0789473684211	0.270833333333	0.294117647059	0.333333333333	0.261904761905	0.27027027027	0.382978723404	0.333333333333	0.3	0.210526315789	0.416666666667	0.386363636364	0.295454545455	0.3	0.340909090909
400	0.32	0.152173913043	0.42	0.307692307692	0.358974358974	0.255319148936	0.311111111111	0.44	0.3125	0.38	0.288888888889	0.44	0.408163265306	0.3125	0.36	0.3
450	0.38	0.22	0.52	0.291666666667	0.386363636364	0.26	0.34	0.44	0.42	0.4	0.32	0.5	0.42	0.34	0.42	0.36
500	0.5	0.3	0.58	0.34	0.408163265306	0.3	0.38	0.5	0.46	0.52	0.46	0.56	0.52	0.36	0.48	0.36
550	0.54	0.36	0.6	0.34	0.5	0.32	0.48	0.54	0.5	0.56	0.44	0.62	0.58	0.44	0.52	0.38
600	0.56	0.4	0.52	0.34	0.52	0.34	0.52	0.54	0.52	0.6	0.52	0.6	0.5	0.46	0.52	0.32
650	0.62	0.42	0.52	0.34	0.48	0.32	0.52	0.64	0.56	0.6	0.56	0.6	0.46	0.52	0.52	0.32
700	0.58	0.44	0.42	0.3	0.5	0.38	0.58	0.64	0.56	0.62	0.52	0.56	0.48	0.48	0.48	0.32
750	0.68	0.46	0.38	0.36	0.54	0.34	0.58	0.58	0.5	0.6	0.54	0.5	0.46	0.48	0.48	0.38
800	0.7	0.44	0.4	0.38	0.52	0.42	0.56	0.64	0.54	0.58	0.52	0.5	0.44	0.5	0.54	0.38
850	0.7	0.46	0.38	0.38	0.5	0.44	0.56	0.62	0.48	0.58	0.46	0.46	0.5	0.54	0.52	0.38
900	0.66	0.42	0.34	0.36	0.4	0.44	0.58	0.64	0.44	0.56	0.44	0.48	0.48	0.56	0.46	0.3
950	0.68	0.34	0.38	0.36	0.44	0.46	0.58	0.6	0.42	0.56	0.42	0.5	0.44	0.54	0.48	0.32
1000	0.66	0.36	0.42	0.34	0.44	0.46	0.6	0.52	0.44	0.5	0.4	0.46	0.46	0.54	0.46	0.32
1050	0.68	0.38	0.46	0.32	0.44	0.44	0.58	0.52	0.44	0.5	0.36	0.5	0.5	0.52	0.48	0.38
1100	0.7	0.4	0.52	0.38	0.4	0.54	0.58	0.5	0.42	0.5	0.3	0.5	0.46	0.46	0.48	0.42
1150	0.7	0.34	0.48	0.38	0.4	0.52	0.62	0.48	0.4	0.52	0.3	0.46	0.46	0.42	0.52	0.48
1200	0.68	0.38	0.52	0.4	0.42	0.54	0.62	0.52	0.4	0.5	0.3	0.46	0.5	0.44	0.52	0.52
1250	0.66	0.38	0.54	0.42	0.4	0.5	0.58	0.48	0.42	0.52	0.34	0.44	0.48	0.42	0.5	0.56
1300	0.72	0.36	0.54	0.44	0.42	0.48	0.56	0.48	0.48	0.58	0.42	0.5	0.52	0.42	0.5	0.54
1350	0.78	0.34	0.52	0.5	0.44	0.5	0.54	0.5	0.44	0.58	0.4	0.48	0.52	0.4	0.56	0.54
1400	0.76	0.28	0.46	0.5	0.4	0.5	0.5	0.52	0.42	0.56	0.4	0.48	0.5	0.36	0.54	0.58
1450	0.74	0.3	0.42	0.52	0.4	0.46	0.54	0.56	0.38	0.56	0.46	0.46	0.44	0.4	0.5	0.56
1500	0.76	0.34	0.38	0.56	0.38	0.42	0.54	0.56	0.4	0.54	0.46	0.46	0.48	0.4	0.52	0.46
1550	0.76	0.32	0.36	0.5	0.36	0.4	0.56	0.54	0.44	0.56	0.46	0.48	0.42	0.44	0.48	0.44
1600	0.76	0.32	0.34	0.5	0.32	0.4	0.48	0.52	0.5	0.56	0.48	0.46	0.42	0.48	0.5	0.44
1650	0.72	0.32	0.34	0.46	0.38	0.44	0.46	0.56	0.46	0.56	0.5	0.46	0.42	0.42	0.44	0.44
1700	0.68	0.38	0.28	0.44	0.36	0.46	0.48	0.54	0.4	0.58	0.46	0.46	0.36	0.48	0.46	0.5
1750	0.68	0.42	0.32	0.42	0.36	0.42	0.52	0.54	0.38	0.6	0.5	0.42	0.36	0.44	0.48	0.48
1800	0.62	0.4	0.36	0.38	0.38	0.44	0.5	0.56	0.36	0.54	0.5	0.4	0.44	0.46	0.46	0.44
1850	0.68	0.42	0.36	0.42	0.42	0.44	0.46	0.54	0.4	0.64	0.5	0.46	0.48	0.46	0.44	0.46
1900	0.7	0.44	0.4	0.44	0.44	0.42	0.44	0.56	0.38	0.7	0.52	0.44	0.52	0.46	0.48	0.44
1950	0.74	0.42	0.4	0.42	0.46	0.4	0.42	0.56	0.38	0.62	0.52	0.42	0.48	0.42	0.54	0.46
2000	0.66	0.5	0.38	0.4	0.44	0.4	0.44	0.58	0.36	0.62	0.52	0.48	0.5	0.46	0.56	0.46
2050	0.68	0.54	0.4	0.44	0.5	0.44	0.46	0.62	0.36	0.6	0.6	0.48	0.54	0.44	0.58	0.46
2100	0.64	0.48	0.42	0.56	0.46	0.42	0.42	0.64	0.4	0.5	0.48	0.48	0.6	0.42	0.58	0.46
2150	0.64	0.46	0.48	0.58	0.44	0.4	0.4	0.62	0.46	0.52	0.5	0.54	0.6	0.4	0.58	0.48
2200	0.56	0.46	0.52	0.56	0.48	0.44	0.42	0.62	0.48	0.54	0.52	0.52	0.54	0.44	0.6	0.5
2250	0.6	0.44	0.52	0.62	0.48	0.42	0.38	0.56	0.48	0.5	0.5	0.52	0.56	0.42	0.56	0.46
2300	0.56	0.44	0.52	0.66	0.46	0.4	0.36	0.48	0.46	0.5	0.48	0.54	0.62	0.44	0.52	0.5
2350	0.5	0.44	0.56	0.64	0.48	0.38	0.4	0.46	0.48	0.52	0.46	0.52	0.54	0.42	0.5	0.5
2400	0.5	0.42	0.62	0.58	0.5	0.36	0.4	0.46	0.54	0.52	0.42	0.5	0.5	0.42	0.46	0.5
2450	0.6	0.38	0.68	0.54	0.48	0.38	0.38	0.46	0.56	0.54	0.4	0.52	0.46	0.42	0.48	0.52
2500	0.68	0.46	0.7	0.54	0.5	0.4	0.38	0.46	0.58	0.54	0.4	0.54	0.42	0.42	0.46	0.46
2550	0.72	0.46	0.72	0.56	0.54	0.4	0.48	0.48	0.56	0.58	0.42	0.54	0.48	0.42	0.46	0.52
2600	0.7	0.54	0.72	0.54	0.54	0.42	0.52	0.5	0.56	0.62	0.42	0.54	0.46	0.46	0.56	0.5
2650	0.68	0.54	0.7	0.5	0.48	0.38	0.58	0.54	0.54	0.58	0.42	0.54	0.48	0.46	0.56	0.5
2700	0.7	0.54	0.7	0.48	0.48	0.42	0.6	0.6	0.54	0.58	0.46	0.5	0.54	0.46	0.54	0.5
2750	0.68	0.5	0.7	0.46	0.46	0.44	0.54	0.6	0.52	0.54	0.44	0.46	0.5	0.46	0.62	0.56
2800	0.7	0.48	0.7	0.46	0.44	0.44	0.58	0.58	0.52	0.5	0.42	0.48	0.5	0.42	0.62	0.52
2850	0.7	0.48	0.68	0.48	0.44	0.38	0.62	0.58	0.58	0.48	0.38	0.48	0.54	0.44	0.58	0.58
2900	0.66	0.48	0.68	0.44	0.42	0.4	0.6	0.56	0.54	0.48	0.4	0.4	0.52	0.48	0.6	0.58
2950	0.66	0.46	0.64	0.44	0.44	0.44	0.54	0.56	0.46	0.5	0.38	0.4	0.56	0.52	0.52	0.54
3000	0.66	0.44	0.6	0.44	0.36	0.46	0.48	0.56	0.48	0.44	0.38	0.36	0.54	0.56	0.54	0.58
3050	0.6	0.42	0.62	0.46	0.38	0.44	0.46	0.54	0.44	0.46	0.32	0.34	0.48	0.58	0.48	0.56
3100	0.6	0.42	0.66	0.48	0.38	0.44	0.5	0.5	0.38	0.44	0.34	0.32	0.42	0.54	0.46	0.58
3150	0.66	0.46	0.64	0.52	0.44	0.46	0.48	0.54	0.34	0.42	0.38	0.38	0.46	0.56	0.54	0.58
3200	0.64	0.5	0.64	0.52	0.5	0.44	0.52	0.54	0.34	0.42	0.42	0.44	0.48	0.6	0.52	0.58
3250	0.64	0.48	0.64	0.5	0.5	0.46	0.46	0.56	0.32	0.44	0.46	0.5	0.48	0.54	0.54	0.54
3300	0.62	0.5	0.66	0.56	0.58	0.46	0.46	0.56	0.32	0.42	0.5	0.52	0.48	0.54	0.56	0.62
3350	0.62	0.54	0.66	0.56	0.6	0.44	0.52	0.6	0.38	0.42	0.52	0.6	0.52	0.52	0.56	0.6
3400	0.6	0.5	0.66	0.6	0.54	0.42	0.56	0.62	0.36	0.36	0.5	0.58	0.5	0.5	0.62	0.54
3450	0.62	0.5	0.64	0.6	0.58	0.44	0.54	0.64	0.32	0.4	0.48	0.68	0.52	0.54	0.58	0.56
3500	0.68	0.52	0.58	0.56	0.54	0.46	0.52	0.7	0.34	0.48	0.46	0.7	0.52	0.54	0.56	0.54
3550	0.7	0.5	0.54	0.56	0.52	0.54	0.46	0.7	0.36	0.46	0.5	0.66	0.64	0.5	0.56	0.6
3600	0.7	0.5	0.48	0.56	0.54	0.54	0.5	0.68	0.36	0.5	0.5	0.64	0.66	0.46	0.56	0.62
3650	0.74	0.52	0.5	0.62	0.5	0.56	0.54	0.7	0.38	0.48	0.5	0.58	0.66	0.54	0.52	0.64
3700	0.72	0.52	0.5	0.62	0.5	0.58	0.56	0.68	0.38	0.5	0.46	0.54	0.64	0.54	0.54	0.64
3750	0.7	0.58	0.5	0.58	0.52	0.5	0.56	0.64	0.36	0.5	0.4	0.56	0.64	0.52	0.52	0.62
3800	0.74	0.54	0.56	0.58	0.5	0.52	0.54	0.64	0.32	0.48	0.38	0.5	0.66	0.54	0.46	0.62
3850	0.76	0.58	0.62	0.6	0.5	0.52	0.62	0.64	0.34	0.52	0.38	0.5	0.7	0.58	0.52	0.64
3900	0.7	0.58	0.62	0.64	0.5	0.48	0.72	0.64	0.38	0.44	0.38	0.48	0.64	0.56	0.52	0.62
3950	0.68	0.54	0.62	0.62	0.48	0.44	0.64	0.6	0.44	0.46	0.4	0.52	0.62	0.58	0.56	0.64
4000	0.7	0.54	0.62	0.62	0.5	0.46	0.6	0.6	0.44	0.44	0.4	0.48	0.6	0.62	0.54	0.66
4050	0.74	0.54	0.58	0.58	0.56	0.48	0.58	0.6	0.4	0.44	0.32	0.5	0.56	0.6	0.54	0.6
4100	0.74	0.54	0.54	0.5	0.5	0.54	0.62	0.6	0.44	0.5	0.36	0.48	0.54	0.58	0.56	0.6
4150	0.72	0.52	0.52	0.46	0.5	0.6	0.62	0.62	0.42	0.56	0.32	0.46	0.42	0.58	0.58	0.56
4200	0.7	0.52	0.46	0.44	0.5	0.58	0.68	0.58	0.5	0.6	0.38	0.48	0.42	0.58	0.58	0.56
4250	0.72	0.5	0.48	0.42	0.56	0.58	0.58	0.56	0.5	0.6	0.4	0.48	0.44	0.62	0.56	0.56
4300	0.78	0.46	0.54	0.44	0.54	0.54	0.62	0.62	0.52	0.62	0.46	0.54	0.46	0.64	0.6	0.54
4350	0.78	0.38	0.5	0.4	0.52	0.5	0.6	0.62	0.52	0.68	0.48	0.58	0.48	0.66	0.6	0.54
4400	0.78	0.46	0.48	0.42	0.58	0.52	0.6	0.62	0.52	0.64	0.5	0.58	0.56	0.66	0.58	0.6
4450	0.78	0.44	0.48	0.4	0.58	0.56	0.58	0.6	0.54	0.64	0.5	0.64	0.58	0.66	0.54	0.58
4500	0.84	0.44	0.54	0.38	0.6	0.54	0.6	0.66	0.54	0.66	0.52	0.62	0.62	0.66	0.56	0.6
4550	0.86	0.5	0.56	0.42	0.66	0.58	0.58	0.66	0.54	0.68	0.54	0.6	0.66	0.64	0.54	0.6
4600	0.9	0.48	0.54	0.46	0.58	0.56	0.5	0.64	0.54	0.66	0.52	0.6	0.66	0.52	0.52	0.62
4650	0.9	0.5	0.58	0.48	0.64	0.64	0.5	0.62	0.52	0.66	0.56	0.56	0.64	0.5	0.54	0.7
4700	0.88	0.52	0.6	0.48	0.62	0.68	0.46	0.56	0.56	0.7	0.56	0.58	0.7	0.5	0.52	0.7
4750	0.88	0.56	0.56	0.5	0.56	0.64	0.5	0.54	0.54	0.66	0.56	0.56	0.66	0.5	0.56	0.7
4800	0.88	0.56	0.66	0.5	0.54	0.64	0.5	0.56	0.56	0.68	0.58	0.56	0.6	0.5	0.54	0.7
4850	0.84	0.6	0.68	0.56	0.56	0.62	0.54	0.62	0.54	0.68	0.6	0.62	0.6	0.46	0.56	0.68
4900	0.8	0.6	0.68	0.56	0.48	0.66	0.5	0.62	0.52	0.72	0.62	0.64	0.58	0.44	0.58	0.68
4950	0.76	0.6	0.68	0.52	0.46	0.62	0.5	0.6	0.52	0.66	0.62	0.62	0.58	0.46	0.5	0.66
5000	0.76	0.6	0.6	0.52	0.44	0.62	0.58	0.58	0.52	0.64	0.6	0.6	0.5	0.56	0.54	0.7
5050	0.72	0.62	0.6	0.5	0.44	0.6	0.6	0.56	0.5	0.62	0.56	0.6	0.5	0.56	0.52	0.76
5100	0.7	0.58	0.6	0.54	0.5	0.62	0.6	0.56	0.48	0.62	0.56	0.58	0.52	0.58	0.5	0.74
5150	0.72	0.52	0.58	0.54	0.5	0.62	0.64	0.6	0.48	0.66	0.62	0.6	0.54	0.58	0.48	0.72
5200	0.72	0.5	0.56	0.46	0.52	0.62	0.6	0.66	0.5	0.64	0.62	0.58	0.58	0.58	0.48	0.7
5250	0.7	0.56	0.54	0.44	0.54	0.6	0.56	0.68	0.5	0.62	0.6	0.54	0.56	0.64	0.46	0.68
5300	0.72	0.58	0.54	0.46	0.56	0.6	0.56	0.64	0.54	0.66	0.58	0.54	0.5	0.68	0.46	0.68
5350	0.74	0.56	0.56	0.5	0.62	0.6	0.56	0.64	0.54	0.68	0.58	0.54	0.58	0.64	0.42	0.68
5400	0.78	0.52	0.58	0.5	0.64	0.62	0.56	0.7	0.52	0.64	0.56	0.56	0.52	0.64	0.46	0.64
5450	0.82	0.54	0.6	0.5	0.66	0.6	0.6	0.72	0.56	0.68	0.58	0.56	0.5	0.62	0.44	0.6
5500	0.86	0.54	0.62	0.52	0.64	0.58	0.64	0.7	0.56	0.7	0.6	0.58	0.46	0.62	0.52	0.62
5550	0.86	0.58	0.64	0.48	0.66	0.56	0.68	0.66	0.62	0.68	0.6	0.6	0.48	0.58	0.58	0.68
5600	0.86	0.56	0.62	0.54	0.68	0.6	0.7	0.64	0.56	0.68	0.64	0.6	0.44	0.58	0.66	0.7
5650	0.92	0.56	0.58	0.56	0.68	0.62	0.7	0.6	0.58	0.66	0.7	0.64	0.46	0.6	0.68	0.7
5700	0.94	0.54	0.62	0.56	0.66	0.6	0.74	0.62	0.54	0.7	0.72	0.66	0.46	0.6	0.7	0.76
5750	0.94	0.56	0.58	0.56	0.68	0.62	0.74	0.62	0.58	0.72	0.72	0.7	0.44	0.56	0.7	0.78
5800	0.92	0.6	0.64	0.56	0.66	0.64	0.76	0.66	0.6	0.72	0.74	0.74	0.48	0.66	0.72	0.8
5850	0.88	0.62	0.6	0.62	0.66	0.68	0.74	0.74	0.6	0.68	0.72	0.74	0.44	0.68	0.68	0.72
5900	0.86	0.58	0.64	0.62	0.66	0.68	0.7	0.74	0.62	0.68	0.72	0.76	0.48	0.66	0.68	0.72
5950	0.84	0.56	0.66	0.62	0.66	0.74	0.66	0.72	0.62	0.68	0.72	0.74	0.52	0.64	0.68	0.7
6000	0.84	0.56	0.58	0.64	0.6	0.68	0.64	0.74	0.62	0.7	0.68	0.68	0.52	0.58	0.64	0.68
6050	0.84	0.56	0.66	0.72	0.62	0.72	0.66	0.72	0.64	0.74	0.7	0.62	0.58	0.6	0.64	0.7
6100	0.86	0.56	0.6	0.66	0.62	0.7	0.62	0.72	0.66	0.76	0.7	0.62	0.58	0.6	0.68	0.68
6150	0.84	0.54	0.64	0.66	0.62	0.64	0.58	0.76	0.62	0.72	0.72	0.64	0.6	0.6	0.7	0.62
6200	0.82	0.56	0.64	0.66	0.56	0.64	0.54	0.74	0.6	0.68	0.7	0.64	0.58	0.62	0.68	0.6
6250	0.84	0.58	0.66	0.68	0.58	0.64	0.5	0.7	0.62	0.66	0.72	0.64	0.6	0.64	0.7	0.54
6300	0.84	0.62	0.64	0.66	0.58	0.62	0.48	0.68	0.6	0.62	0.74	0.62	0.62	0.64	0.7	0.54
6350	0.8	0.64	0.66	0.66	0.6	0.62	0.46	0.68	0.64	0.6	0.66	0.6	0.6	0.66	0.64	0.52
6400	0.76	0.64	0.68	0.64	0.58	0.58	0.46	0.66	0.64	0.62	0.7	0.62	0.64	0.64	0.62	0.5
6450	0.76	0.72	0.74	0.62	0.54	0.56	0.44	0.64	0.68	0.62	0.6	0.62	0.64	0.64	0.6	0.54
6500	0.76	0.76	0.76	0.68	0.56	0.56	0.52	0.66	0.68	0.56	0.58	0.7	0.64	0.64	0.6	0.58
6550	0.8	0.78	0.74	0.68	0.62	0.56	0.62	0.66	0.7	0.52	0.56	0.72	0.66	0.66	0.62	0.64
6600	0.82	0.76	0.66	0.7	0.6	0.56	0.66	0.64	0.74	0.52	0.54	0.68	0.64	0.66	0.66	0.68
6650	0.84	0.78	0.68	0.7	0.56	0.6	0.74	0.64	0.74	0.56	0.52	0.72	0.6	0.62	0.66	0.72
6700	0.86	0.76	0.7	0.7	0.58	0.6	0.74	0.64	0.7	0.54	0.56	0.76	0.56	0.64	0.66	0.68
6750	0.84	0.8	0.68	0.68	0.54	0.56	0.76	0.64	0.72	0.64	0.58	0.72	0.58	0.66	0.78	0.74
6800	0.84	0.74	0.68	0.66	0.52	0.58	0.74	0.64	0.7	0.64	0.54	0.78	0.52	0.7	0.8	0.68
6850	0.88	0.72	0.68	0.68	0.48	0.56	0.72	0.64	0.68	0.7	0.54	0.78	0.54	0.7	0.76	0.62
6900	0.88	0.7	0.62	0.64	0.48	0.56	0.72	0.74	0.68	0.62	0.52	0.82	0.52	0.72	0.76	0.64
6950	0.86	0.74	0.68	0.66	0.5	0.62	0.72	0.7	0.62	0.64	0.54	0.8	0.52	0.68	0.76	0.6
7000	0.82	0.76	0.72	0.68	0.52	0.62	0.76	0.7	0.62	0.72	0.54	0.78	0.54	0.7	0.76	0.62
7050	0.8	0.78	0.68	0.68	0.54	0.62	0.72	0.7	0.64	0.74	0.54	0.74	0.6	0.64	0.76	0.66
7100	0.8	0.8	0.64	0.68	0.54	0.56	0.74	0.72	0.62	0.68	0.6	0.76	0.64	0.66	0.8	0.66
7150	0.76	0.76	0.64	0.72	0.54	0.54	0.74	0.66	0.58	0.68	0.6	0.8	0.64	0.68	0.72	0.7
7200	0.78	0.72	0.66	0.72	0.56	0.56	0.72	0.58	0.56	0.6	0.62	0.8	0.64	0.64	0.72	0.68
7250	0.82	0.74	0.64	0.74	0.6	0.6	0.7	0.6	0.56	0.66	0.66	0.76	0.62	0.62	0.72	0.7
7300	0.8	0.72	0.7	0.68	0.54	0.6	0.7	0.64	0.6	0.66	0.7	0.72	0.62	0.58	0.7	0.72
7350	0.8	0.68	0.68	0.52	0.54	0.56	0.64	0.66	0.58	0.56	0.72	0.7	0.6	0.54	0.66	0.74
7400	0.84	0.68	0.68	0.54	0.54	0.62	0.6	0.66	0.58	0.54	0.72	0.74	0.64	0.54	0.7	0.76
7450	0.86	0.68	0.7	0.5	0.56	0.66	0.6	0.66	0.56	0.52	0.72	0.74	0.56	0.58	0.68	0.74
7500	0.88	0.64	0.74	0.5	0.54	0.72	0.6	0.68	0.58	0.5	0.64	0.7	0.56	0.56	0.66	0.72
7550	0.86	0.64	0.72	0.54	0.56	0.68	0.66	0.76	0.58	0.5	0.62	0.7	0.54	0.54	0.66	0.66
7600	0.84	0.62	0.78	0.5	0.56	0.7	0.62	0.72	0.62	0.46	0.58	0.64	0.54	0.6	0.66	0.66
7650	0.84	0.58	0.76	0.48	0.6	0.72	0.64	0.68	0.6	0.46	0.6	0.64	0.6	0.58	0.66	0.7
7700	0.84	0.62	0.78	0.52	0.62	0.7	0.62	0.64	0.6	0.5	0.58	0.68	0.58	0.62	0.68	0.72
7750	0.86	0.64	0.78	0.54	0.62	0.62	0.64	0.64	0.6	0.5	0.56	0.68	0.58	0.68	0.66	0.7
7800	0.84	0.66	0.8	0.6	0.64	0.62	0.68	0.62	0.62	0.54	0.58	0.66	0.58	0.72	0.66	0.72
7850	0.86	0.62	0.78	0.6	0.68	0.58	0.72	0.64	0.58	0.52	0.6	0.68	0.56	0.72	0.64	0.76
7900	0.86	0.64	0.72	0.6	0.7	0.58	0.68	0.66	0.58	0.6	0.64	0.66	0.6	0.68	0.62	0.78
7950	0.86	0.62	0.7	0.62	0.7	0.56	0.66	0.64	0.58	0.66	0.6	0.66	0.6	0.72	0.64	0.78
8000	0.88	0.58	0.74	0.66	0.7	0.56	0.7	0.66	0.58	0.62	0.6	0.64	0.6	0.68	0.64	0.76
8050	0.92	0.6	0.68	0.66	0.72	0.5	0.76	0.7	0.6	0.6	0.64	0.66	0.58	0.68	0.66	0.74
8100	0.9	0.64	0.64	0.64	0.7	0.54	0.74	0.74	0.52	0.62	0.64	0.66	0.58	0.66	0.66	0.74
8150	0.9	0.7	0.62	0.64	0.72	0.54	0.74	0.74	0.52	0.66	0.62	0.66	0.64	0.62	0.62	0.76
8200	0.88	0.7	0.66	0.68	0.68	0.56	0.74	0.74	0.58	0.66	0.62	0.66	0.68	0.6	0.58	0.74
8250	0.84	0.74	0.7	0.7	0.66	0.58	0.74	0.74	0.58	0.64	0.62	0.66	0.68	0.64	0.62	0.74
8300	0.86	0.78	0.72	0.72	0.7	0.6	0.76	0.68	0.62	0.64	0.66	0.68	0.66	0.66	0.66	0.76
8350	0.88	0.78	0.74	0.72	0.68	0.66	0.8	0.74	0.66	0.64	0.7	0.7	0.7	0.7	0.68	0.8
8400	0.88	0.78	0.72	0.72	0.7	0.64	0.78	0.68	0.72	0.62	0.68	0.72	0.68	0.7	0.62	0.8
8450	0.86	0.78	0.72	0.72	0.7	0.7	0.74	0.66	0.8	0.62	0.7	0.74	0.68	0.7	0.64	0.78
8500	0.86	0.76	0.74	0.74	0.68	0.72	0.76	0.62	0.82	0.66	0.74	0.74	0.66	0.7	0.7	0.76
8550	0.84	0.78	0.72	0.74	0.66	0.72	0.78	0.64	0.82	0.58	0.68	0.78	0.72	0.64	0.74	0.76
8600	0.86	0.76	0.66	0.72	0.64	0.74	0.78	0.6	0.82	0.6	0.68	0.74	0.7	0.56	0.72	0.78
8650	0.86	0.74	0.62	0.68	0.62	0.72	0.8	0.64	0.8	0.66	0.68	0.76	0.66	0.52	0.68	0.78
8700	0.86	0.74	0.62	0.7	0.6	0.76	0.8	0.6	0.78	0.66	0.72	0.72	0.66	0.52	0.64	0.74
8750	0.88	0.72	0.62	0.7	0.6	0.8	0.78	0.54	0.78	0.64	0.72	0.7	0.66	0.56	0.6	0.72
8800	0.88	0.7	0.6	0.7	0.58	0.78	0.78	0.5	0.72	0.66	0.68	0.66	0.7	0.58	0.64	0.72
8850	0.86	0.7	0.6	0.7	0.66	0.8	0.74	0.52	0.74	0.7	0.68	0.66	0.7	0.64	0.62	0.7
8900	0.86	0.72	0.58	0.7	0.66	0.76	0.74	0.52	0.68	0.68	0.68	0.68	0.68	0.72	0.62	0.7
8950	0.86	0.72	0.5	0.7	0.64	0.74	0.74	0.54	0.68	0.76	0.7	0.72	0.72	0.78	0.62	0.7
9000	0.88	0.68	0.52	0.72	0.66	0.74	0.8	0.56	0.62	0.76	0.76	0.7	0.74	0.82	0.62	0.72
9050	0.86	0.68	0.58	0.76	0.66	0.76	0.82	0.56	0.64	0.74	0.78	0.72	0.72	0.78	0.62	0.76
9100	0.84	0.68	0.64	0.7	0.6	0.7	0.84	0.58	0.6	0.7	0.78	0.68	0.74	0.76	0.68	0.72
9150	0.82	0.68	0.6	0.66	0.6	0.64	0.76	0.58	0.62	0.72	0.78	0.68	0.74	0.74	0.74	0.7
9200	0.78	0.68	0.62	0.62	0.6	0.56	0.76	0.6	0.58	0.72	0.76	0.7	0.7	0.72	0.74	0.68
9250	0.74	0.7	0.6	0.62	0.64	0.58	0.72	0.6	0.6	0.7	0.76	0.7	0.68	0.66	0.72	0.68
9300	0.76	0.72	0.66	0.62	0.64	0.6	0.68	0.62	0.58	0.68	0.74	0.7	0.68	0.68	0.72	0.7
9350	0.78	0.7	0.68	0.58	0.58	0.56	0.68	0.62	0.62	0.68	0.72	0.7	0.68	0.64	0.72	0.72
9400	0.76	0.74	0.7	0.64	0.62	0.52	0.66	0.6	0.66	0.7	0.7	0.68	0.68	0.64	0.68	0.72
9450	0.76	0.76	0.68	0.56	0.64	0.48	0.62	0.62	0.64	0.66	0.7	0.68	0.7	0.64	0.72	0.68
9500	0.78	0.8	0.62	0.56	0.6	0.54	0.62	0.58	0.66	0.66	0.72	0.68	0.72	0.74	0.72	0.66
9550	0.78	0.78	0.58	0.56	0.56	0.58	0.66	0.56	0.7	0.64	0.68	0.7	0.72	0.7	0.66	0.62
9600	0.82	0.82	0.6	0.58	0.56	0.66	0.62	0.6	0.68	0.66	0.68	0.72	0.66	0.78	0.66	0.64
9650	0.84	0.86	0.64	0.6	0.6	0.68	0.66	0.62	0.7	0.64	0.74	0.72	0.66	0.78	0.68	0.68
9700	0.8	0.82	0.68	0.64	0.64	0.74	0.66	0.62	0.7	0.64	0.74	0.68	0.66	0.76	0.72	0.7
9750	0.76	0.78	0.64	0.64	0.7	0.76	0.6	0.6	0.72	0.68	0.78	0.74	0.6	0.72	0.74	0.68
9800	0.78	0.78	0.68	0.66	0.66	0.78	0.66	0.6	0.7	0.7	0.8	0.76	0.62	0.72	0.76	0.7
9850	0.78	0.78	0.68	0.66	0.66	0.78	0.66	0.64	0.72	0.68	0.78	0.74	0.56	0.68	0.72	0.64
9900	0.78	0.74	0.8	0.7	0.68	0.78	0.68	0.64	0.76	0.7	0.76	0.68	0.58	0.66	0.7	0.62
9950	0.78	0.78	0.84	0.72	0.66	0.78	0.68	0.64	0.74	0.64	0.82	0.74	0.56	0.68	0.66	0.58
10000	0.78	0.74	0.82	0.72	0.7	0.78	0.68	0.6	0.7	0.64	0.82	0.74	0.62	0.68	0.66	0.6
10050	0.74	0.72	0.82	0.7	0.66	0.78	0.7	0.6	0.7	0.62	0.8	0.7	0.62	0.66	0.66	0.58
10100	0.8	0.76	0.82	0.72	0.68	0.76	0.68	0.68	0.68	0.62	0.8	0.66	0.64	0.62	0.64	0.6
10150	0.86	0.76	0.84	0.64	0.62	0.78	0.7	0.68	0.7	0.64	0.76	0.66	0.62	0.64	0.6	0.62
10200	0.86	0.76	0.78	0.66	0.62	0.78	0.68	0.7	0.64	0.64	0.76	0.72	0.64	0.68	0.64	0.62
10250	0.84	0.78	0.76	0.64	0.6	0.82	0.64	0.74	0.62	0.64	0.76	0.7	0.68	0.7	0.68	0.6
10300	0.84	0.78	0.76	0.64	0.62	0.82	0.64	0.78	0.58	0.64	0.74	0.72	0.66	0.68	0.7	0.64
10350	0.8	0.74	0.76	0.62	0.68	0.84	0.68	0.8	0.58	0.64	0.7	0.7	0.66	0.72	0.68	0.66
10400	0.78	0.72	0.76	0.6	0.68	0.8	0.66	0.8	0.6	0.6	0.7	0.72	0.64	0.68	0.66	0.72
10450	0.8	0.7	0.74	0.54	0.68	0.76	0.66	0.78	0.56	0.58	0.68	0.74	0.62	0.62	0.66	0.74
10500	0.82	0.76	0.74	0.54	0.64	0.72	0.7	0.78	0.56	0.58	0.68	0.74	0.64	0.62	0.62	0.82
10550	0.8	0.74	0.7	0.54	0.7	0.78	0.7	0.76	0.62	0.6	0.66	0.72	0.66	0.64	0.62	0.84
10600	0.8	0.66	0.74	0.62	0.76	0.74	0.72	0.74	0.58	0.6	0.64	0.68	0.66	0.68	0.64	0.78
10650	0.84	0.68	0.76	0.66	0.7	0.76	0.72	0.74	0.58	0.6	0.64	0.72	0.7	0.68	0.66	0.8
10700	0.88	0.7	0.74	0.62	0.66	0.72	0.76	0.72	0.56	0.62	0.62	0.7	0.68	0.68	0.64	0.8
10750	0.92	0.66	0.68	0.66	0.68	0.74	0.76	0.7	0.6	0.6	0.62	0.68	0.7	0.72	0.68	0.76
10800	0.88	0.7	0.66	0.72	0.7	0.72	0.74	0.7	0.66	0.62	0.64	0.66	0.7	0.68	0.72	0.76
10850	0.88	0.7	0.66	0.78	0.68	0.76	0.74	0.7	0.66	0.68	0.62	0.66	0.74	0.7	0.72	0.76
10900	0.9	0.7	0.66	0.78	0.7	0.74	0.7	0.68	0.68	0.66	0.66	0.68	0.76	0.72	0.76	0.74
10950	0.9	0.72	0.66	0.8	0.68	0.74	0.64	0.68	0.72	0.66	0.68	0.7	0.78	0.74	0.74	0.7
11000	0.88	0.72	0.68	0.76	0.68	0.74	0.62	0.7	0.74	0.64	0.7	0.66	0.82	0.72	0.72	0.66
11050	0.84	0.7	0.76	0.8	0.78	0.72	0.64	0.68	0.76	0.64	0.76	0.66	0.76	0.74	0.72	0.62
11100	0.84	0.74	0.78	0.82	0.84	0.72	0.66	0.64	0.76	0.68	0.78	0.66	0.76	0.76	0.74	0.64
11150	0.86	0.72	0.74	0.8	0.8	0.7	0.66	0.64	0.76	0.6	0.76	0.62	0.76	0.7	0.74	0.64
11200	0.82	0.72	0.74	0.76	0.82	0.7	0.62	0.62	0.74	0.64	0.76	0.68	0.78	0.72	0.7	0.58
11250	0.82	0.76	0.76	0.76	0.82	0.72	0.62	0.64	0.74	0.64	0.76	0.7	0.76	0.74	0.66	0.62
11300	0.8	0.74	0.7	0.72	0.8	0.68	0.66	0.64	0.72	0.64	0.76	0.72	0.76	0.76	0.64	0.64
11350	0.8	0.74	0.7	0.76	0.74	0.72	0.7	0.62	0.8	0.64	0.74	0.76	0.7	0.78	0.64	0.66
11400	0.82	0.78	0.66	0.74	0.7	0.72	0.72	0.62	0.76	0.66	0.7	0.76	0.64	0.8	0.66	0.72
11450	0.88	0.76	0.66	0.74	0.68	0.72	0.78	0.68	0.76	0.64	0.7	0.78	0.64	0.8	0.66	0.76
11500	0.84	0.76	0.64	0.74	0.68	0.74	0.78	0.72	0.76	0.64	0.74	0.74	0.64	0.78	0.6	0.76
11550	0.84	0.76	0.66	0.82	0.66	0.76	0.76	0.76	0.72	0.64	0.74	0.74	0.62	0.8	0.54	0.78
11600	0.84	0.82	0.66	0.82	0.68	0.82	0.84	0.8	0.7	0.66	0.68	0.76	0.66	0.82	0.54	0.76
11650	0.82	0.82	0.64	0.82	0.68	0.84	0.82	0.8	0.68	0.64	0.72	0.74	0.64	0.8	0.6	0.76
11700	0.82	0.82	0.66	0.86	0.68	0.84	0.8	0.82	0.64	0.66	0.74	0.7	0.66	0.78	0.66	0.76
11750	0.82	0.8	0.68	0.84	0.7	0.82	0.74	0.8	0.66	0.66	0.76	0.66	0.68	0.78	0.7	0.78
11800	0.76	0.82	0.64	0.78	0.72	0.86	0.76	0.76	0.66	0.7	0.78	0.66	0.74	0.78	0.7	0.82
11850	0.78	0.8	0.66	0.82	0.78	0.86	0.76	0.74	0.7	0.74	0.78	0.72	0.76	0.78	0.72	0.8
11900	0.84	0.78	0.68	0.78	0.82	0.86	0.78	0.74	0.7	0.76	0.78	0.74	0.76	0.8	0.82	0.8
11950	0.86	0.78	0.72	0.78	0.8	0.9	0.78	0.7	0.72	0.8	0.76	0.76	0.74	0.76	0.84	0.8
12000	0.9	0.76	0.76	0.78	0.78	0.84	0.78	0.72	0.72	0.84	0.76	0.74	0.74	0.78	0.8	0.8
12050	0.92	0.72	0.78	0.78	0.78	0.8	0.72	0.72	0.72	0.84	0.76	0.78	0.8	0.8	0.72	0.76
12100	0.9	0.68	0.78	0.76	0.74	0.82	0.76	0.72	0.76	0.82	0.7	0.8	0.8	0.78	0.72	0.7
12150	0.9	0.68	0.82	0.74	0.78	0.8	0.78	0.7	0.76	0.84	0.72	0.76	0.8	0.78	0.72	0.66
12200	0.9	0.68	0.82	0.8	0.76	0.8	0.8	0.72	0.78	0.84	0.66	0.7	0.8	0.74	0.68	0.66
12250	0.9	0.66	0.8	0.82	0.78	0.84	0.82	0.72	0.78	0.82	0.7	0.7	0.76	0.76	0.66	0.7
12300	0.86	0.72	0.8	0.84	0.8	0.82	0.78	0.74	0.78	0.76	0.68	0.68	0.74	0.74	0.62	0.72
12350	0.84	0.72	0.72	0.82	0.78	0.8	0.74	0.7	0.8	0.76	0.66	0.64	0.7	0.76	0.62	0.62
12400	0.8	0.76	0.7	0.78	0.78	0.78	0.76	0.7	0.8	0.78	0.64	0.62	0.7	0.78	0.6	0.66
12450	0.84	0.76	0.72	0.8	0.78	0.78	0.76	0.64	0.8	0.76	0.66	0.64	0.66	0.74	0.62	0.66
12500	0.86	0.76	0.74	0.78	0.76	0.8	0.78	0.62	0.76	0.76	0.68	0.6	0.64	0.74	0.64	0.64
12550	0.82	0.78	0.72	0.8	0.78	0.78	0.78	0.64	0.78	0.74	0.66	0.62	0.64	0.74	0.58	0.68
12600	0.82	0.74	0.72	0.8	0.76	0.78	0.8	0.64	0.76	0.72	0.68	0.62	0.66	0.76	0.56	0.7
12650	0.82	0.72	0.72	0.76	0.72	0.78	0.8	0.68	0.72	0.72	0.64	0.62	0.68	0.82	0.58	0.66
12700	0.84	0.7	0.76	0.76	0.76	0.78	0.8	0.64	0.7	0.72	0.62	0.62	0.68	0.8	0.62	0.66
12750	0.84	0.64	0.8	0.78	0.78	0.8	0.8	0.62	0.72	0.7	0.7	0.7	0.76	0.78	0.6	0.6
12800	0.86	0.6	0.8	0.78	0.82	0.84	0.84	0.66	0.7	0.72	0.7	0.7	0.74	0.76	0.62	0.64
12850	0.88	0.6	0.82	0.78	0.78	0.82	0.8	0.64	0.76	0.7	0.64	0.7	0.72	0.78	0.62	0.66
12900	0.9	0.58	0.78	0.76	0.8	0.82	0.78	0.58	0.78	0.72	0.64	0.68	0.74	0.78	0.64	0.68
12950	0.9	0.58	0.74	0.76	0.82	0.84	0.8	0.6	0.82	0.72	0.66	0.66	0.72	0.78	0.7	0.68
13000	0.94	0.58	0.78	0.78	0.82	0.84	0.76	0.64	0.86	0.74	0.64	0.68	0.72	0.78	0.72	0.72
13050	0.92	0.64	0.76	0.8	0.86	0.86	0.78	0.6	0.86	0.8	0.68	0.66	0.68	0.78	0.76	0.7
13100	0.9	0.7	0.74	0.8	0.86	0.8	0.78	0.6	0.88	0.8	0.68	0.64	0.7	0.82	0.72	0.72
13150	0.92	0.64	0.74	0.8	0.86	0.78	0.82	0.62	0.9	0.78	0.7	0.64	0.68	0.84	0.74	0.78
13200	0.92	0.66	0.72	0.8	0.86	0.78	0.82	0.62	0.9	0.74	0.72	0.64	0.66	0.82	0.78	0.78
13250	0.9	0.62	0.7	0.84	0.84	0.76	0.86	0.7	0.82	0.78	0.74	0.58	0.72	0.82	0.78	0.82
13300	0.84	0.64	0.72	0.82	0.9	0.8	0.88	0.72	0.8	0.76	0.76	0.58	0.74	0.8	0.76	0.82
13350	0.8	0.66	0.72	0.8	0.88	0.78	0.84	0.72	0.82	0.7	0.72	0.6	0.78	0.8	0.8	0.82
13400	0.8	0.62	0.7	0.8	0.9	0.78	0.88	0.7	0.82	0.7	0.78	0.62	0.8	0.82	0.78	0.84
13450	0.8	0.62	0.74	0.8	0.9	0.8	0.82	0.7	0.8	0.64	0.76	0.6	0.8	0.82	0.78	0.82
13500	0.78	0.6	0.74	0.8	0.84	0.82	0.8	0.72	0.8	0.66	0.74	0.6	0.84	0.78	0.8	0.84
13550	0.84	0.6	0.76	0.8	0.82	0.82	0.76	0.74	0.78	0.66	0.74	0.64	0.86	0.8	0.78	0.84
13600	0.9	0.58	0.76	0.8	0.8	0.74	0.76	0.74	0.72	0.66	0.76	0.68	0.88	0.78	0.78	0.84
13650	0.94	0.58	0.82	0.82	0.82	0.68	0.78	0.7	0.74	0.7	0.78	0.68	0.86	0.78	0.76	0.84
13700	0.92	0.6	0.82	0.82	0.82	0.66	0.74	0.72	0.76	0.74	0.78	0.74	0.86	0.76	0.8	0.82
13750	0.9	0.6	0.84	0.8	0.8	0.62	0.72	0.68	0.74	0.74	0.8	0.74	0.86	0.78	0.8	0.78
13800	0.9	0.58	0.8	0.78	0.76	0.62	0.7	0.7	0.74	0.74	0.82	0.78	0.84	0.8	0.76	0.8
13850	0.88	0.64	0.82	0.78	0.76	0.6	0.7	0.72	0.76	0.8	0.82	0.78	0.82	0.76	0.78	0.78
13900	0.9	0.64	0.78	0.78	0.74	0.62	0.76	0.72	0.74	0.76	0.84	0.8	0.84	0.78	0.8	0.82
13950	0.86	0.62	0.76	0.8	0.78	0.64	0.78	0.76	0.74	0.76	0.82	0.76	0.82	0.78	0.82	0.86
14000	0.88	0.66	0.74	0.82	0.84	0.62	0.8	0.76	0.78	0.8	0.82	0.78	0.84	0.78	0.84	0.84
14050	0.88	0.66	0.7	0.8	0.82	0.62	0.78	0.76	0.8	0.74	0.84	0.72	0.8	0.78	0.86	0.86
14100	0.9	0.68	0.66	0.8	0.8	0.62	0.8	0.8	0.8	0.74	0.84	0.72	0.8	0.8	0.84	0.84
14150	0.92	0.7	0.66	0.84	0.82	0.7	0.82	0.78	0.72	0.74	0.86	0.72	0.82	0.8	0.8	0.78
14200	0.88	0.76	0.68	0.8	0.84	0.68	0.84	0.8	0.7	0.76	0.8	0.68	0.84	0.8	0.72	0.74
14250	0.88	0.74	0.66	0.78	0.78	0.72	0.84	0.8	0.68	0.78	0.78	0.68	0.82	0.8	0.74	0.68
14300	0.88	0.72	0.66	0.76	0.78	0.74	0.84	0.8	0.66	0.76	0.8	0.66	0.76	0.76	0.7	0.7
14350	0.88	0.74	0.68	0.78	0.78	0.74	0.78	0.78	0.68	0.76	0.76	0.66	0.78	0.76	0.7	0.7
14400	0.84	0.74	0.72	0.8	0.72	0.74	0.72	0.8	0.68	0.76	0.76	0.7	0.8	0.8	0.7	0.66
14450	0.82	0.78	0.78	0.8	0.68	0.74	0.72	0.78	0.66	0.7	0.78	0.76	0.82	0.78	0.68	0.66
14500	0.82	0.8	0.76	0.8	0.64	0.72	0.72	0.78	0.62	0.74	0.72	0.78	0.82	0.76	0.66	0.7
14550	0.82	0.76	0.74	0.78	0.68	0.66	0.74	0.8	0.66	0.74	0.66	0.78	0.82	0.76	0.72	0.78
14600	0.8	0.76	0.72	0.8	0.62	0.64	0.74	0.76	0.64	0.66	0.7	0.82	0.8	0.74	0.7	0.76
14650	0.8	0.76	0.74	0.8	0.66	0.62	0.74	0.76	0.66	0.66	0.72	0.82	0.8	0.72	0.74	0.78
14700	0.8	0.7	0.74	0.82	0.68	0.66	0.72	0.78	0.68	0.66	0.76	0.86	0.82	0.7	0.76	0.8
14750	0.8	0.68	0.76	0.78	0.7	0.68	0.76	0.78	0.74	0.74	0.76	0.86	0.84	0.72	0.8	0.8
14800	0.8	0.62	0.78	0.76	0.72	0.7	0.78	0.78	0.72	0.72	0.74	0.84	0.8	0.7	0.8	0.8
14850	0.78	0.62	0.8	0.78	0.74	0.72	0.82	0.76	0.72	0.76	0.7	0.84	0.76	0.66	0.86	0.82
14900	0.74	0.6	0.78	0.76	0.78	0.72	0.7	0.72	0.78	0.76	0.76	0.88	0.72	0.72	0.84	0.84
14950	0.68	0.58	0.8	0.74	0.82	0.72	0.7	0.7	0.76	0.76	0.74	0.9	0.72	0.7	0.84	0.8
15000	0.68	0.6	0.8	0.8	0.8	0.74	0.66	0.72	0.78	0.8	0.76	0.86	0.74	0.7	0.9	0.78
15050	0.72	0.62	0.78	0.78	0.84	0.78	0.68	0.72	0.8	0.78	0.76	0.86	0.72	0.68	0.88	0.78
15100	0.7	0.62	0.8	0.76	0.86	0.78	0.72	0.68	0.82	0.78	0.76	0.86	0.74	0.7	0.9	0.76
15150	0.72	0.64	0.82	0.74	0.8	0.8	0.72	0.66	0.78	0.84	0.74	0.88	0.76	0.7	0.88	0.72
15200	0.74	0.66	0.84	0.74	0.8	0.76	0.7	0.66	0.76	0.84	0.74	0.84	0.78	0.76	0.86	0.66
15250	0.72	0.68	0.84	0.74	0.84	0.72	0.74	0.66	0.76	0.76	0.78	0.8	0.72	0.74	0.8	0.66
15300	0.74	0.7	0.86	0.76	0.82	0.7	0.82	0.6	0.78	0.76	0.82	0.78	0.72	0.76	0.78	0.68
15350	0.76	0.72	0.84	0.78	0.78	0.62	0.78	0.62	0.78	0.78	0.86	0.7	0.7	0.74	0.76	0.68
15400	0.76	0.68	0.84	0.8	0.78	0.62	0.82	0.6	0.78	0.76	0.86	0.76	0.72	0.78	0.78	0.72
15450	0.76	0.7	0.86	0.78	0.78	0.66	0.78	0.64	0.7	0.76	0.86	0.8	0.72	0.82	0.78	0.76
15500	0.76	0.7	0.88	0.78	0.84	0.66	0.74	0.66	0.7	0.74	0.84	0.8	0.76	0.88	0.82	0.74
15550	0.78	0.76	0.88	0.78	0.8	0.62	0.74	0.68	0.7	0.74	0.78	0.78	0.82	0.86	0.82	0.74
15600	0.76	0.76	0.84	0.8	0.8	0.56	0.66	0.72	0.64	0.7	0.7	0.78	0.82	0.8	0.82	0.72
15650	0.76	0.72	0.78	0.78	0.78	0.58	0.7	0.76	0.64	0.7	0.72	0.78	0.82	0.78	0.86	0.72
15700	0.8	0.76	0.76	0.76	0.8	0.62	0.7	0.82	0.66	0.74	0.66	0.82	0.82	0.82	0.82	0.7
15750	0.82	0.76	0.76	0.72	0.8	0.62	0.68	0.82	0.68	0.76	0.66	0.8	0.84	0.8	0.84	0.68
15800	0.84	0.8	0.74	0.76	0.78	0.66	0.7	0.82	0.7	0.74	0.68	0.78	0.82	0.78	0.88	0.68
15850	0.86	0.78	0.78	0.76	0.74	0.7	0.68	0.84	0.72	0.78	0.7	0.76	0.82	0.74	0.86	0.68
15900	0.84	0.8	0.76	0.76	0.74	0.72	0.74	0.84	0.7	0.8	0.7	0.72	0.78	0.72	0.82	0.72
15950	0.8	0.74	0.72	0.8	0.7	0.72	0.76	0.82	0.72	0.8	0.68	0.7	0.78	0.78	0.84	0.68
16000	0.8	0.74	0.78	0.82	0.72	0.7	0.76	0.88	0.78	0.82	0.68	0.72	0.78	0.86	0.8	0.64
16050	0.76	0.74	0.76	0.8	0.68	0.74	0.76	0.88	0.74	0.86	0.7	0.76	0.76	0.84	0.78	0.68
16100	0.78	0.74	0.76	0.82	0.7	0.7	0.8	0.88	0.78	0.88	0.68	0.78	0.78	0.84	0.8	0.68
16150	0.76	0.78	0.76	0.82	0.72	0.72	0.74	0.86	0.72	0.86	0.7	0.78	0.7	0.84	0.8	0.68
16200	0.76	0.78	0.76	0.82	0.72	0.74	0.74	0.82	0.8	0.84	0.72	0.78	0.72	0.84	0.82	0.66
16250	0.76	0.76	0.78	0.82	0.7	0.76	0.78	0.82	0.76	0.86	0.72	0.74	0.72	0.84	0.86	0.66
16300	0.8	0.78	0.78	0.82	0.72	0.68	0.78	0.82	0.74	0.84	0.72	0.76	0.7	0.8	0.88	0.62
16350	0.8	0.78	0.82	0.8	0.74	0.76	0.8	0.78	0.74	0.82	0.76	0.8	0.7	0.82	0.88	0.62
16400	0.82	0.76	0.84	0.82	0.76	0.74	0.86	0.8	0.74	0.8	0.78	0.84	0.78	0.82	0.86	0.64
16450	0.86	0.72	0.8	0.76	0.78	0.74	0.8	0.76	0.72	0.78	0.76	0.84	0.78	0.8	0.84	0.62
16500	0.84	0.7	0.82	0.74	0.82	0.66	0.8	0.8	0.7	0.74	0.8	0.82	0.82	0.82	0.84	0.64
16550	0.84	0.64	0.84	0.74	0.8	0.68	0.8	0.74	0.7	0.72	0.8	0.84	0.84	0.84	0.82	0.64
16600	0.86	0.62	0.8	0.76	0.8	0.62	0.74	0.72	0.68	0.74	0.82	0.84	0.88	0.84	0.8	0.68
16650	0.88	0.62	0.82	0.76	0.82	0.68	0.72	0.74	0.64	0.74	0.78	0.84	0.86	0.84	0.8	0.72
16700	0.88	0.64	0.84	0.8	0.86	0.64	0.72	0.74	0.66	0.76	0.82	0.86	0.84	0.86	0.82	0.72
16750	0.86	0.68	0.86	0.86	0.84	0.64	0.68	0.72	0.66	0.76	0.84	0.86	0.9	0.86	0.86	0.76
16800	0.86	0.72	0.84	0.86	0.82	0.7	0.7	0.74	0.66	0.78	0.84	0.88	0.88	0.84	0.9	0.74
16850	0.86	0.7	0.88	0.86	0.82	0.72	0.74	0.74	0.66	0.8	0.86	0.86	0.86	0.8	0.9	0.76
16900	0.84	0.72	0.88	0.84	0.88	0.76	0.78	0.7	0.7	0.82	0.86	0.88	0.82	0.8	0.88	0.76
16950	0.88	0.78	0.84	0.86	0.9	0.72	0.86	0.68	0.7	0.86	0.86	0.86	0.8	0.8	0.88	0.76
17000	0.84	0.8	0.84	0.84	0.88	0.76	0.8	0.72	0.72	0.88	0.88	0.88	0.8	0.8	0.88	0.8
17050	0.86	0.8	0.86	0.84	0.9	0.78	0.82	0.74	0.78	0.86	0.86	0.9	0.82	0.82	0.86	0.78
17100	0.84	0.76	0.84	0.86	0.9	0.8	0.8	0.76	0.78	0.86	0.8	0.88	0.82	0.82	0.84	0.8
17150	0.82	0.72	0.84	0.86	0.86	0.76	0.8	0.78	0.82	0.84	0.78	0.9	0.82	0.86	0.86	0.78
17200	0.8	0.72	0.86	0.84	0.86	0.72	0.72	0.78	0.84	0.82	0.78	0.86	0.78	0.86	0.88	0.76
17250	0.78	0.76	0.82	0.86	0.8	0.7	0.68	0.78	0.86	0.84	0.74	0.88	0.82	0.86	0.9	0.72
17300	0.76	0.78	0.82	0.86	0.8	0.68	0.74	0.78	0.86	0.8	0.7	0.82	0.82	0.9	0.86	0.74
17350	0.78	0.72	0.8	0.86	0.8	0.76	0.7	0.84	0.88	0.8	0.68	0.84	0.82	0.84	0.86	0.72
17400	0.74	0.72	0.82	0.86	0.8	0.74	0.68	0.88	0.86	0.82	0.66	0.82	0.82	0.84	0.78	0.74
17450	0.76	0.72	0.82	0.82	0.8	0.7	0.64	0.88	0.84	0.82	0.72	0.8	0.82	0.86	0.72	0.68
17500	0.72	0.74	0.84	0.8	0.84	0.72	0.62	0.9	0.8	0.78	0.76	0.8	0.82	0.86	0.74	0.68
17550	0.74	0.76	0.8	0.78	0.84	0.68	0.62	0.84	0.78	0.78	0.76	0.8	0.84	0.82	0.76	0.66
17600	0.74	0.72	0.8	0.84	0.84	0.68	0.64	0.82	0.74	0.8	0.78	0.78	0.82	0.8	0.78	0.66
17650	0.74	0.68	0.78	0.84	0.88	0.7	0.66	0.82	0.76	0.8	0.78	0.78	0.8	0.72	0.78	0.7
17700	0.78	0.66	0.78	0.84	0.92	0.72	0.66	0.78	0.76	0.7	0.8	0.72	0.82	0.72	0.8	0.68
17750	0.74	0.7	0.82	0.86	0.94	0.72	0.62	0.74	0.78	0.68	0.76	0.74	0.86	0.72	0.82	0.68
17800	0.74	0.7	0.82	0.88	0.96	0.72	0.66	0.74	0.76	0.64	0.74	0.76	0.8	0.72	0.82	0.68
17850	0.74	0.7	0.82	0.8	0.94	0.7	0.64	0.72	0.78	0.64	0.72	0.76	0.78	0.72	0.88	0.68
17900	0.72	0.72	0.82	0.8	0.86	0.78	0.66	0.76	0.76	0.62	0.68	0.78	0.76	0.7	0.84	0.7
17950	0.72	0.74	0.8	0.78	0.84	0.8	0.72	0.78	0.76	0.66	0.78	0.76	0.76	0.7	0.86	0.72
18000	0.72	0.76	0.84	0.78	0.8	0.78	0.72	0.76	0.74	0.66	0.78	0.8	0.8	0.74	0.84	0.72
18050	0.76	0.72	0.82	0.74	0.8	0.74	0.64	0.76	0.74	0.68	0.78	0.82	0.76	0.76	0.82	0.7
18100	0.74	0.74	0.86	0.72	0.8	0.78	0.62	0.76	0.74	0.72	0.78	0.8	0.78	0.8	0.8	0.72
18150	0.78	0.78	0.82	0.74	0.78	0.76	0.58	0.8	0.7	0.78	0.8	0.8	0.76	0.8	0.78	0.72
18200	0.78	0.72	0.78	0.68	0.74	0.74	0.6	0.78	0.66	0.82	0.78	0.8	0.78	0.76	0.78	0.72
18250	0.76	0.66	0.76	0.7	0.76	0.66	0.58	0.82	0.68	0.84	0.8	0.78	0.78	0.78	0.78	0.7
18300	0.8	0.62	0.78	0.78	0.78	0.7	0.58	0.84	0.68	0.84	0.8	0.78	0.76	0.82	0.8	0.72
18350	0.82	0.64	0.8	0.8	0.78	0.7	0.58	0.84	0.7	0.8	0.78	0.78	0.76	0.74	0.76	0.76
18400	0.84	0.58	0.78	0.78	0.8	0.72	0.6	0.82	0.68	0.76	0.78	0.78	0.8	0.74	0.74	0.76
18450	0.84	0.54	0.78	0.8	0.76	0.74	0.66	0.8	0.68	0.78	0.78	0.76	0.8	0.76	0.74	0.78
18500	0.8	0.56	0.76	0.78	0.76	0.74	0.72	0.76	0.66	0.78	0.76	0.78	0.8	0.76	0.7	0.82
18550	0.8	0.58	0.76	0.78	0.76	0.7	0.68	0.76	0.66	0.7	0.74	0.76	0.8	0.78	0.72	0.76
18600	0.8	0.58	0.74	0.78	0.76	0.66	0.7	0.78	0.7	0.7	0.74	0.76	0.82	0.82	0.7	0.8
18650	0.76	0.64	0.74	0.76	0.76	0.74	0.7	0.8	0.7	0.76	0.74	0.8	0.88	0.82	0.72	0.82
18700	0.76	0.68	0.78	0.74	0.74	0.74	0.74	0.76	0.72	0.7	0.74	0.78	0.88	0.8	0.74	0.8
18750	0.76	0.76	0.8	0.76	0.72	0.72	0.78	0.72	0.74	0.72	0.76	0.78	0.86	0.82	0.72	0.78
18800	0.74	0.78	0.8	0.78	0.78	0.72	0.82	0.76	0.74	0.72	0.78	0.78	0.84	0.86	0.72	0.78
18850	0.78	0.84	0.8	0.78	0.74	0.7	0.78	0.76	0.74	0.68	0.76	0.74	0.86	0.86	0.72	0.76
18900	0.8	0.86	0.82	0.76	0.76	0.66	0.7	0.78	0.76	0.76	0.8	0.76	0.88	0.84	0.7	0.7
18950	0.78	0.8	0.8	0.78	0.76	0.64	0.72	0.82	0.74	0.74	0.78	0.74	0.88	0.88	0.64	0.76
19000	0.8	0.78	0.8	0.8	0.74	0.66	0.72	0.8	0.78	0.82	0.78	0.74	0.92	0.88	0.64	0.76
19050	0.8	0.8	0.82	0.82	0.8	0.72	0.72	0.78	0.78	0.82	0.8	0.76	0.92	0.8	0.66	0.72
19100	0.8	0.8	0.8	0.82	0.76	0.66	0.72	0.74	0.8	0.84	0.8	0.76	0.9	0.78	0.66	0.72
19150	0.82	0.76	0.78	0.82	0.8	0.72	0.7	0.76	0.84	0.86	0.78	0.76	0.92	0.76	0.66	0.72
19200	0.82	0.76	0.78	0.8	0.8	0.72	0.68	0.78	0.86	0.84	0.76	0.76	0.94	0.8	0.66	0.72
19250	0.8	0.72	0.78	0.8	0.8	0.8	0.76	0.82	0.86	0.88	0.78	0.78	0.92	0.82	0.68	0.72
19300	0.72	0.74	0.8	0.8	0.82	0.82	0.8	0.82	0.82	0.9	0.82	0.74	0.9	0.8	0.68	0.74
19350	0.72	0.72	0.82	0.8	0.86	0.84	0.86	0.84	0.86	0.92	0.84	0.76	0.88	0.78	0.66	0.72
19400	0.7	0.7	0.78	0.8	0.86	0.84	0.84	0.86	0.84	0.86	0.8	0.72	0.78	0.78	0.72	0.7
19450	0.7	0.7	0.78	0.8	0.8	0.78	0.82	0.9	0.86	0.86	0.82	0.7	0.78	0.78	0.78	0.7
19500	0.74	0.72	0.74	0.82	0.76	0.84	0.84	0.88	0.86	0.84	0.84	0.72	0.76	0.82	0.74	0.72
19550	0.78	0.66	0.74	0.84	0.78	0.82	0.82	0.88	0.86	0.84	0.84	0.72	0.72	0.84	0.72	0.76
19600	0.76	0.66	0.72	0.84	0.76	0.8	0.82	0.84	0.84	0.88	0.84	0.76	0.68	0.8	0.76	0.78
19650	0.74	0.6	0.72	0.82	0.78	0.74	0.82	0.84	0.9	0.86	0.84	0.76	0.68	0.78	0.72	0.8
19700	0.76	0.66	0.68	0.8	0.78	0.68	0.78	0.82	0.92	0.86	0.78	0.8	0.68	0.82	0.66	0.8
19750	0.8	0.74	0.7	0.84	0.78	0.7	0.74	0.82	0.88	0.84	0.78	0.78	0.66	0.82	0.66	0.8
19800	0.84	0.72	0.74	0.84	0.78	0.7	0.76	0.76	0.82	0.84	0.78	0.76	0.66	0.86	0.66	0.8
19850	0.78	0.7	0.74	0.8	0.78	0.66	0.72	0.78	0.78	0.86	0.72	0.78	0.7	0.84	0.62	0.78
19900	0.76	0.72	0.76	0.82	0.82	0.58	0.7	0.82	0.78	0.84	0.74	0.78	0.7	0.78	0.62	0.78
19950	0.7	0.7	0.8	0.82	0.84	0.56	0.66	0.82	0.76	0.82	0.78	0.82	0.7	0.78	0.58	0.82
20000	0.74	0.7	0.78	0.82	0.84	0.54	0.64	0.82	0.7	0.86	0.78	0.74	0.72	0.76	0.58	0.78
