0	0.0	0.0	0.0	0.0	0.0	0.0	0.0	0.0	0.0	0.0	0.0	0.0	0.0	0.0	0.0	0.0
50	0.0	0.0	0.0	0.0	0.0	0.0	0.0	0.0	0.0	0.0	0.0	0.0	0.0	0.0	0.0	0.0
100	0.0	0.0	0.0	0.0	0.0	0.0	0.0	0.0	0.0	0.0769230769231	0.0769230769231	0.0	0.0	0.0666666666667	0.0625	0.0
150	0.136363636364	0.142857142857	0.0	0.0526315789474	0.0	0.0	0.0	0.142857142857	0.0909090909091	0.0588235294118	0.05	0.0	0.0555555555556	0.12	0.0769230769231	0.0588235294118
200	0.206896551724	0.178571428571	0.0384615384615	0.08	0.0869565217391	0.105263157895	0.04	0.2	0.117647058824	0.1	0.166666666667	0.15	0.130434782609	0.233333333333	0.147058823529	0.192307692308
250	0.25	0.176470588235	0.0645161290323	0.0666666666667	0.172413793103	0.153846153846	0.0588235294118	0.205882352941	0.125	0.111111111111	0.176470588235	0.2	0.148148148148	0.285714285714	0.157894736842	0.222222222222
300	0.225	0.175	0.15	0.0789473684211	0.205882352941	0.133333333333	0.0975609756098	0.288888888889	0.161290322581	0.121212121212	0.179487179487	0.185185185185	0.125	0.340909090909	0.191489361702	0.205128205128
350	0.260869565217	0.2	0.148936170213	0.102040816327	0.175	0.171428571429	0.108695652174	0.32	0.210526315789	0.153846153846	0.190476190476	0.25	0.222222222222	0.38	0.28	0.25
400	0.25	0.24	0.3	0.18	0.195652173913	0.227272727273	0.18	0.46	0.276595744681	0.181818181818	0.204081632653	0.236842105263	0.205128205128	0.46	0.3	0.244444444444
450	0.26	0.32	0.42	0.3	0.22	0.234042553191	0.26	0.44	0.3	0.208333333333	0.28	0.279069767442	0.255319148936	0.48	0.34	0.32
500	0.34	0.36	0.48	0.36	0.3	0.3	0.3	0.5	0.44	0.24	0.34	0.276595744681	0.28	0.54	0.44	0.38
550	0.36	0.36	0.6	0.48	0.36	0.36	0.38	0.54	0.46	0.26	0.36	0.3	0.34	0.56	0.46	0.4
600	0.42	0.36	0.64	0.54	0.44	0.4	0.44	0.52	0.46	0.32	0.38	0.36	0.36	0.58	0.52	0.42
650	0.4	0.34	0.64	0.56	0.42	0.42	0.48	0.52	0.5	0.36	0.4	0.42	0.4	0.56	0.56	0.44
700	0.38	0.4	0.66	0.64	0.5	0.5	0.48	0.52	0.5	0.36	0.4	0.44	0.44	0.5	0.52	0.44
750	0.4	0.42	0.66	0.66	0.56	0.54	0.48	0.52	0.56	0.4	0.38	0.42	0.42	0.48	0.56	0.48
800	0.44	0.52	0.64	0.66	0.6	0.58	0.46	0.56	0.56	0.42	0.42	0.44	0.48	0.5	0.64	0.52
850	0.44	0.56	0.64	0.74	0.62	0.58	0.48	0.54	0.58	0.42	0.44	0.48	0.46	0.48	0.64	0.52
900	0.46	0.56	0.64	0.74	0.64	0.6	0.5	0.54	0.56	0.4	0.48	0.5	0.52	0.56	0.66	0.56
950	0.5	0.54	0.64	0.76	0.64	0.64	0.5	0.54	0.58	0.44	0.5	0.5	0.52	0.58	0.7	0.58
1000	0.48	0.6	0.6	0.74	0.66	0.62	0.5	0.56	0.62	0.44	0.52	0.48	0.52	0.56	0.7	0.6
1050	0.5	0.62	0.58	0.74	0.7	0.64	0.5	0.56	0.68	0.44	0.54	0.52	0.56	0.62	0.76	0.62
1100	0.54	0.64	0.6	0.8	0.72	0.72	0.52	0.56	0.64	0.52	0.54	0.56	0.6	0.68	0.76	0.64
1150	0.58	0.64	0.62	0.8	0.72	0.74	0.56	0.62	0.66	0.62	0.64	0.62	0.54	0.72	0.72	0.64
1200	0.56	0.7	0.66	0.82	0.78	0.76	0.62	0.6	0.62	0.62	0.66	0.64	0.58	0.76	0.78	0.64
1250	0.58	0.66	0.68	0.78	0.82	0.76	0.64	0.62	0.66	0.6	0.68	0.62	0.58	0.76	0.74	0.66
1300	0.62	0.64	0.66	0.78	0.84	0.78	0.66	0.58	0.64	0.64	0.68	0.62	0.62	0.66	0.72	0.68
1350	0.6	0.58	0.7	0.76	0.92	0.78	0.66	0.58	0.62	0.68	0.72	0.64	0.58	0.64	0.64	0.66
1400	0.62	0.6	0.72	0.82	0.9	0.78	0.72	0.62	0.64	0.72	0.72	0.62	0.56	0.64	0.56	0.7
1450	0.72	0.66	0.76	0.84	0.86	0.76	0.74	0.6	0.68	0.72	0.78	0.66	0.6	0.56	0.56	0.72
1500	0.72	0.72	0.76	0.82	0.84	0.74	0.72	0.62	0.7	0.7	0.78	0.64	0.6	0.48	0.5	0.72
1550	0.7	0.7	0.8	0.82	0.84	0.76	0.78	0.6	0.74	0.7	0.78	0.68	0.66	0.38	0.5	0.74
1600	0.72	0.72	0.78	0.8	0.84	0.72	0.68	0.56	0.76	0.72	0.78	0.68	0.68	0.36	0.44	0.76
1650	0.68	0.78	0.76	0.8	0.82	0.68	0.74	0.6	0.78	0.72	0.78	0.7	0.68	0.4	0.44	0.76
1700	0.72	0.78	0.74	0.78	0.72	0.64	0.74	0.64	0.76	0.74	0.76	0.7	0.72	0.44	0.48	0.76
1750	0.7	0.78	0.74	0.8	0.68	0.58	0.68	0.64	0.76	0.76	0.76	0.72	0.76	0.44	0.56	0.68
1800	0.64	0.74	0.74	0.78	0.64	0.58	0.68	0.66	0.74	0.74	0.72	0.7	0.74	0.42	0.54	0.7
1850	0.64	0.72	0.72	0.76	0.6	0.54	0.68	0.7	0.68	0.7	0.7	0.74	0.76	0.44	0.52	0.74
1900	0.62	0.76	0.78	0.76	0.64	0.54	0.66	0.64	0.64	0.62	0.7	0.72	0.66	0.46	0.52	0.72
1950	0.62	0.72	0.78	0.78	0.58	0.54	0.66	0.68	0.62	0.62	0.64	0.68	0.68	0.5	0.54	0.72
2000	0.6	0.78	0.82	0.74	0.56	0.6	0.7	0.66	0.62	0.66	0.62	0.68	0.66	0.54	0.62	0.72
2050	0.6	0.76	0.8	0.74	0.52	0.6	0.72	0.64	0.62	0.62	0.64	0.7	0.64	0.52	0.6	0.72
2100	0.6	0.74	0.82	0.7	0.5	0.6	0.7	0.64	0.64	0.62	0.64	0.68	0.6	0.54	0.58	0.7
2150	0.6	0.76	0.82	0.72	0.58	0.62	0.7	0.64	0.68	0.62	0.62	0.68	0.56	0.54	0.6	0.68
2200	0.66	0.8	0.82	0.7	0.54	0.64	0.7	0.66	0.72	0.6	0.66	0.68	0.58	0.54	0.62	0.7
2250	0.66	0.78	0.78	0.68	0.56	0.66	0.7	0.68	0.74	0.66	0.72	0.7	0.56	0.6	0.68	0.72
2300	0.64	0.8	0.8	0.7	0.52	0.66	0.74	0.68	0.72	0.7	0.76	0.7	0.56	0.58	0.7	0.7
2350	0.66	0.82	0.74	0.72	0.54	0.66	0.72	0.64	0.76	0.74	0.78	0.74	0.6	0.58	0.72	0.7
2400	0.64	0.78	0.78	0.76	0.6	0.68	0.76	0.66	0.76	0.76	0.8	0.72	0.58	0.6	0.7	0.68
2450	0.68	0.76	0.76	0.74	0.62	0.68	0.78	0.68	0.74	0.8	0.8	0.76	0.6	0.58	0.68	0.7
2500	0.68	0.78	0.74	0.74	0.62	0.68	0.76	0.7	0.72	0.8	0.82	0.76	0.6	0.64	0.66	0.72
2550	0.68	0.74	0.72	0.74	0.62	0.66	0.76	0.68	0.76	0.82	0.84	0.78	0.62	0.56	0.68	0.74
2600	0.7	0.74	0.72	0.72	0.66	0.68	0.74	0.68	0.78	0.86	0.82	0.82	0.62	0.62	0.7	0.7
2650	0.66	0.7	0.72	0.74	0.7	0.68	0.74	0.64	0.82	0.82	0.8	0.78	0.6	0.62	0.7	0.7
2700	0.68	0.66	0.7	0.74	0.66	0.7	0.72	0.68	0.78	0.76	0.78	0.8	0.66	0.68	0.74	0.66
2750	0.66	0.62	0.68	0.74	0.7	0.72	0.7	0.7	0.8	0.72	0.8	0.8	0.66	0.66	0.74	0.66
2800	0.7	0.64	0.68	0.76	0.7	0.68	0.72	0.7	0.8	0.7	0.8	0.78	0.64	0.7	0.72	0.64
2850	0.74	0.6	0.66	0.76	0.68	0.68	0.7	0.74	0.82	0.7	0.8	0.8	0.66	0.68	0.72	0.64
2900	0.72	0.6	0.68	0.72	0.62	0.66	0.68	0.74	0.82	0.68	0.78	0.8	0.68	0.7	0.76	0.62
2950	0.74	0.64	0.66	0.7	0.64	0.7	0.68	0.78	0.76	0.64	0.68	0.72	0.68	0.8	0.74	0.64
3000	0.8	0.66	0.66	0.68	0.66	0.74	0.72	0.8	0.76	0.6	0.7	0.74	0.66	0.82	0.72	0.72
3050	0.82	0.68	0.68	0.72	0.64	0.76	0.76	0.8	0.78	0.64	0.7	0.72	0.66	0.76	0.7	0.74
3100	0.86	0.72	0.66	0.72	0.6	0.78	0.72	0.74	0.78	0.66	0.7	0.74	0.7	0.64	0.68	0.76
3150	0.84	0.74	0.66	0.68	0.62	0.76	0.74	0.74	0.72	0.66	0.7	0.72	0.72	0.64	0.66	0.8
3200	0.84	0.74	0.72	0.72	0.62	0.78	0.76	0.74	0.66	0.64	0.68	0.74	0.72	0.64	0.66	0.8
3250	0.84	0.74	0.74	0.7	0.64	0.8	0.78	0.74	0.66	0.58	0.72	0.76	0.76	0.62	0.68	0.84
3300	0.84	0.76	0.74	0.7	0.7	0.86	0.72	0.76	0.6	0.62	0.7	0.74	0.76	0.64	0.68	0.86
3350	0.86	0.76	0.7	0.74	0.68	0.86	0.72	0.74	0.62	0.62	0.74	0.72	0.74	0.7	0.66	0.86
3400	0.82	0.78	0.74	0.74	0.64	0.82	0.74	0.76	0.66	0.64	0.7	0.74	0.68	0.82	0.72	0.82
3450	0.8	0.8	0.78	0.76	0.64	0.76	0.68	0.74	0.66	0.66	0.74	0.76	0.72	0.8	0.68	0.78
3500	0.84	0.82	0.74	0.7	0.62	0.78	0.66	0.7	0.64	0.68	0.72	0.74	0.66	0.82	0.66	0.78
3550	0.84	0.8	0.74	0.68	0.64	0.76	0.64	0.66	0.7	0.7	0.7	0.74	0.66	0.76	0.62	0.78
3600	0.84	0.82	0.68	0.7	0.62	0.76	0.6	0.68	0.7	0.66	0.66	0.78	0.62	0.74	0.6	0.76
3650	0.84	0.8	0.66	0.68	0.58	0.66	0.58	0.68	0.7	0.7	0.7	0.76	0.66	0.76	0.58	0.74
3700	0.8	0.74	0.68	0.64	0.54	0.62	0.62	0.68	0.78	0.72	0.74	0.76	0.64	0.76	0.6	0.72
3750	0.8	0.72	0.68	0.6	0.52	0.62	0.62	0.68	0.72	0.68	0.72	0.8	0.66	0.72	0.6	0.74
3800	0.8	0.74	0.72	0.62	0.54	0.64	0.64	0.66	0.76	0.66	0.7	0.8	0.7	0.68	0.64	0.74
3850	0.78	0.7	0.7	0.64	0.54	0.68	0.7	0.7	0.78	0.66	0.74	0.78	0.64	0.68	0.66	0.7
3900	0.78	0.68	0.7	0.68	0.58	0.68	0.7	0.76	0.78	0.68	0.74	0.76	0.68	0.68	0.72	0.7
3950	0.78	0.7	0.78	0.68	0.6	0.68	0.68	0.74	0.8	0.68	0.78	0.74	0.62	0.72	0.72	0.68
4000	0.8	0.74	0.8	0.7	0.58	0.68	0.7	0.7	0.78	0.68	0.76	0.74	0.6	0.68	0.68	0.68
4050	0.78	0.76	0.76	0.76	0.64	0.66	0.7	0.72	0.8	0.62	0.76	0.72	0.6	0.68	0.64	0.66
4100	0.8	0.84	0.8	0.76	0.66	0.72	0.7	0.7	0.76	0.66	0.74	0.72	0.58	0.7	0.6	0.66
4150	0.78	0.86	0.82	0.8	0.7	0.7	0.68	0.68	0.74	0.62	0.78	0.72	0.6	0.66	0.58	0.64
4200	0.78	0.9	0.82	0.8	0.74	0.74	0.68	0.7	0.74	0.62	0.78	0.68	0.64	0.66	0.6	0.6
4250	0.78	0.92	0.8	0.84	0.72	0.72	0.72	0.66	0.76	0.62	0.78	0.68	0.64	0.64	0.54	0.6
4300	0.8	0.92	0.84	0.84	0.74	0.7	0.7	0.72	0.7	0.64	0.74	0.68	0.66	0.62	0.52	0.62
4350	0.8	0.9	0.8	0.82	0.72	0.7	0.66	0.72	0.62	0.6	0.74	0.72	0.74	0.64	0.54	0.66
4400	0.84	0.9	0.76	0.78	0.72	0.68	0.66	0.74	0.64	0.6	0.8	0.72	0.76	0.64	0.6	0.66
4450	0.84	0.9	0.76	0.82	0.72	0.72	0.64	0.74	0.7	0.6	0.76	0.68	0.76	0.66	0.64	0.68
4500	0.82	0.86	0.68	0.78	0.7	0.76	0.72	0.74	0.72	0.58	0.76	0.72	0.76	0.68	0.64	0.7
4550	0.84	0.8	0.68	0.72	0.68	0.76	0.7	0.76	0.68	0.6	0.78	0.72	0.74	0.74	0.62	0.68
4600	0.78	0.78	0.68	0.68	0.7	0.82	0.7	0.76	0.72	0.62	0.76	0.74	0.74	0.76	0.62	0.64
4650	0.8	0.78	0.74	0.64	0.68	0.84	0.68	0.78	0.76	0.6	0.78	0.76	0.72	0.76	0.62	0.62
4700	0.82	0.76	0.72	0.66	0.74	0.88	0.74	0.8	0.82	0.66	0.74	0.76	0.66	0.76	0.64	0.66
4750	0.8	0.74	0.74	0.66	0.72	0.92	0.78	0.82	0.86	0.66	0.76	0.72	0.62	0.82	0.68	0.62
4800	0.74	0.72	0.76	0.66	0.74	0.9	0.8	0.84	0.86	0.72	0.74	0.72	0.58	0.78	0.7	0.62
4850	0.68	0.7	0.76	0.68	0.74	0.88	0.74	0.78	0.82	0.74	0.78	0.74	0.54	0.74	0.7	0.58
4900	0.68	0.66	0.84	0.66	0.78	0.86	0.74	0.82	0.82	0.78	0.76	0.76	0.5	0.72	0.64	0.54
4950	0.66	0.68	0.84	0.68	0.78	0.82	0.72	0.8	0.82	0.78	0.68	0.7	0.48	0.7	0.62	0.54
5000	0.68	0.72	0.84	0.76	0.74	0.82	0.68	0.8	0.82	0.8	0.74	0.66	0.52	0.72	0.64	0.6
5050	0.64	0.72	0.84	0.74	0.74	0.8	0.72	0.8	0.82	0.82	0.72	0.68	0.58	0.74	0.66	0.64
5100	0.66	0.74	0.82	0.74	0.74	0.78	0.68	0.76	0.78	0.76	0.74	0.72	0.6	0.74	0.66	0.64
5150	0.72	0.74	0.78	0.74	0.72	0.78	0.68	0.76	0.8	0.76	0.7	0.74	0.62	0.74	0.66	0.68
5200	0.74	0.76	0.8	0.74	0.72	0.74	0.62	0.74	0.78	0.76	0.7	0.7	0.66	0.76	0.66	0.68
5250	0.78	0.74	0.78	0.7	0.7	0.76	0.62	0.76	0.78	0.74	0.64	0.72	0.72	0.8	0.7	0.76
5300	0.78	0.76	0.8	0.68	0.7	0.78	0.7	0.8	0.84	0.74	0.62	0.74	0.76	0.86	0.76	0.76
5350	0.78	0.78	0.8	0.7	0.76	0.8	0.72	0.78	0.84	0.7	0.66	0.7	0.74	0.84	0.76	0.78
5400	0.8	0.78	0.8	0.7	0.76	0.82	0.72	0.84	0.84	0.72	0.66	0.72	0.78	0.86	0.78	0.8
5450	0.8	0.8	0.76	0.68	0.72	0.84	0.78	0.84	0.8	0.68	0.6	0.72	0.84	0.86	0.8	0.8
5500	0.78	0.78	0.74	0.66	0.72	0.82	0.8	0.86	0.78	0.66	0.62	0.74	0.84	0.86	0.78	0.78
5550	0.8	0.82	0.8	0.72	0.76	0.82	0.86	0.86	0.8	0.68	0.64	0.8	0.86	0.88	0.8	0.82
5600	0.8	0.82	0.76	0.7	0.76	0.84	0.84	0.82	0.8	0.66	0.62	0.8	0.82	0.86	0.76	0.8
5650	0.84	0.8	0.76	0.68	0.74	0.84	0.82	0.84	0.82	0.7	0.66	0.82	0.84	0.82	0.76	0.82
5700	0.84	0.82	0.72	0.7	0.7	0.84	0.8	0.84	0.78	0.68	0.66	0.86	0.84	0.84	0.76	0.78
5750	0.84	0.86	0.72	0.76	0.74	0.82	0.82	0.84	0.74	0.66	0.68	0.88	0.84	0.84	0.76	0.82
5800	0.84	0.86	0.74	0.7	0.74	0.8	0.84	0.84	0.76	0.74	0.78	0.9	0.78	0.82	0.72	0.84
5850	0.84	0.86	0.8	0.74	0.76	0.8	0.84	0.82	0.78	0.74	0.74	0.88	0.72	0.78	0.7	0.84
5900	0.82	0.84	0.76	0.76	0.66	0.78	0.78	0.82	0.8	0.76	0.76	0.86	0.7	0.78	0.72	0.78
5950	0.8	0.82	0.74	0.76	0.64	0.78	0.72	0.78	0.8	0.76	0.78	0.86	0.72	0.78	0.78	0.8
6000	0.82	0.82	0.78	0.76	0.64	0.76	0.76	0.8	0.8	0.8	0.78	0.84	0.68	0.78	0.8	0.78
6050	0.84	0.84	0.78	0.78	0.64	0.76	0.8	0.84	0.82	0.78	0.76	0.82	0.7	0.82	0.78	0.84
6100	0.86	0.84	0.8	0.74	0.64	0.72	0.76	0.8	0.78	0.74	0.74	0.8	0.72	0.84	0.8	0.86
6150	0.9	0.84	0.8	0.76	0.66	0.72	0.72	0.8	0.8	0.78	0.76	0.78	0.7	0.86	0.78	0.86
6200	0.9	0.78	0.8	0.76	0.64	0.68	0.68	0.78	0.8	0.78	0.8	0.76	0.68	0.84	0.78	0.86
6250	0.88	0.74	0.78	0.76	0.68	0.66	0.72	0.8	0.8	0.72	0.78	0.74	0.7	0.82	0.78	0.86
6300	0.88	0.7	0.72	0.72	0.66	0.68	0.76	0.84	0.82	0.72	0.86	0.8	0.74	0.84	0.78	0.88
6350	0.86	0.76	0.72	0.72	0.7	0.7	0.76	0.82	0.82	0.7	0.86	0.8	0.78	0.86	0.78	0.86
6400	0.86	0.78	0.78	0.68	0.66	0.7	0.78	0.84	0.84	0.74	0.88	0.8	0.74	0.86	0.76	0.86
6450	0.86	0.76	0.78	0.68	0.66	0.76	0.78	0.8	0.84	0.74	0.84	0.78	0.72	0.88	0.78	0.82
6500	0.82	0.76	0.78	0.66	0.68	0.76	0.78	0.82	0.82	0.78	0.84	0.8	0.72	0.88	0.76	0.78
6550	0.8	0.74	0.82	0.66	0.7	0.74	0.76	0.8	0.82	0.78	0.84	0.78	0.7	0.86	0.78	0.78
6600	0.82	0.76	0.84	0.66	0.68	0.72	0.74	0.8	0.8	0.78	0.86	0.8	0.64	0.84	0.76	0.72
6650	0.82	0.82	0.86	0.74	0.68	0.74	0.7	0.8	0.78	0.78	0.84	0.76	0.62	0.88	0.78	0.74
6700	0.82	0.8	0.94	0.74	0.76	0.76	0.72	0.8	0.8	0.8	0.86	0.78	0.66	0.86	0.78	0.76
6750	0.78	0.82	0.94	0.74	0.74	0.76	0.72	0.76	0.78	0.78	0.8	0.76	0.7	0.84	0.74	0.78
6800	0.78	0.82	0.92	0.78	0.8	0.74	0.7	0.72	0.8	0.8	0.84	0.8	0.7	0.82	0.68	0.8
6850	0.78	0.82	0.94	0.8	0.8	0.72	0.68	0.76	0.8	0.8	0.86	0.82	0.68	0.82	0.68	0.76
6900	0.8	0.86	0.94	0.8	0.8	0.74	0.72	0.74	0.8	0.8	0.88	0.86	0.72	0.82	0.68	0.72
6950	0.8	0.88	0.94	0.84	0.8	0.8	0.7	0.74	0.76	0.8	0.86	0.88	0.76	0.84	0.76	0.7
7000	0.84	0.92	0.9	0.86	0.82	0.82	0.76	0.78	0.76	0.82	0.84	0.86	0.74	0.84	0.74	0.78
7050	0.82	0.86	0.88	0.8	0.84	0.8	0.76	0.8	0.74	0.8	0.82	0.88	0.78	0.84	0.78	0.72
7100	0.8	0.82	0.86	0.8	0.82	0.8	0.72	0.8	0.8	0.78	0.82	0.8	0.74	0.88	0.74	0.72
7150	0.8	0.82	0.86	0.82	0.82	0.8	0.68	0.82	0.8	0.82	0.84	0.8	0.72	0.9	0.8	0.7
7200	0.78	0.8	0.84	0.82	0.84	0.82	0.7	0.8	0.8	0.82	0.82	0.78	0.7	0.88	0.8	0.66
7250	0.78	0.78	0.82	0.78	0.84	0.9	0.68	0.78	0.78	0.8	0.8	0.78	0.7	0.84	0.8	0.68
7300	0.78	0.78	0.78	0.72	0.82	0.9	0.66	0.78	0.74	0.74	0.78	0.78	0.72	0.86	0.8	0.68
7350	0.76	0.74	0.76	0.68	0.78	0.9	0.64	0.78	0.76	0.72	0.76	0.74	0.72	0.84	0.8	0.68
7400	0.74	0.74	0.74	0.66	0.76	0.88	0.62	0.76	0.8	0.72	0.8	0.74	0.72	0.82	0.78	0.7
7450	0.76	0.82	0.8	0.74	0.78	0.88	0.58	0.78	0.82	0.72	0.8	0.76	0.7	0.8	0.8	0.62
7500	0.78	0.88	0.8	0.76	0.8	0.88	0.58	0.8	0.82	0.76	0.88	0.76	0.72	0.78	0.78	0.56
7550	0.82	0.84	0.8	0.76	0.8	0.88	0.62	0.8	0.8	0.78	0.9	0.76	0.72	0.78	0.76	0.6
7600	0.82	0.82	0.84	0.78	0.8	0.88	0.64	0.84	0.82	0.78	0.92	0.76	0.66	0.86	0.72	0.62
7650	0.8	0.82	0.82	0.8	0.84	0.88	0.66	0.84	0.86	0.82	0.94	0.82	0.64	0.86	0.76	0.6
7700	0.82	0.82	0.84	0.82	0.84	0.86	0.64	0.88	0.92	0.86	0.96	0.78	0.62	0.9	0.76	0.58
7750	0.78	0.82	0.84	0.82	0.84	0.82	0.66	0.88	0.92	0.92	1.0	0.82	0.64	0.88	0.78	0.64
7800	0.76	0.8	0.86	0.8	0.86	0.78	0.66	0.86	0.94	0.92	1.0	0.82	0.64	0.86	0.78	0.66
7850	0.78	0.8	0.86	0.8	0.88	0.78	0.7	0.86	0.94	0.88	0.96	0.84	0.66	0.88	0.74	0.72
7900	0.74	0.8	0.86	0.8	0.88	0.76	0.74	0.84	0.94	0.86	0.9	0.8	0.62	0.84	0.74	0.72
7950	0.74	0.78	0.88	0.8	0.88	0.8	0.74	0.82	0.92	0.86	0.88	0.84	0.64	0.8	0.8	0.72
8000	0.74	0.78	0.88	0.8	0.86	0.84	0.7	0.8	0.92	0.84	0.88	0.86	0.72	0.8	0.82	0.74
8050	0.74	0.8	0.84	0.82	0.82	0.86	0.7	0.78	0.84	0.82	0.84	0.8	0.68	0.82	0.82	0.72
8100	0.72	0.78	0.84	0.82	0.88	0.86	0.74	0.78	0.84	0.82	0.82	0.84	0.68	0.78	0.72	0.74
8150	0.74	0.82	0.82	0.84	0.9	0.9	0.8	0.76	0.8	0.82	0.78	0.76	0.58	0.78	0.72	0.76
8200	0.76	0.82	0.86	0.88	0.9	0.96	0.82	0.78	0.8	0.82	0.78	0.76	0.62	0.78	0.74	0.76
8250	0.78	0.86	0.84	0.92	0.88	0.94	0.78	0.76	0.8	0.86	0.84	0.78	0.64	0.8	0.74	0.72
8300	0.8	0.88	0.84	0.94	0.88	0.96	0.82	0.78	0.8	0.82	0.86	0.76	0.62	0.82	0.76	0.7
8350	0.8	0.9	0.8	0.94	0.86	0.92	0.84	0.76	0.84	0.86	0.88	0.74	0.54	0.82	0.76	0.66
8400	0.8	0.9	0.84	0.92	0.88	0.92	0.82	0.78	0.84	0.9	0.9	0.78	0.56	0.82	0.76	0.66
8450	0.84	0.92	0.88	0.92	0.92	0.92	0.76	0.8	0.88	0.9	0.86	0.74	0.58	0.82	0.74	0.68
8500	0.82	0.92	0.84	0.88	0.88	0.92	0.74	0.76	0.88	0.86	0.84	0.76	0.6	0.82	0.72	0.64
8550	0.86	0.86	0.82	0.86	0.9	0.92	0.74	0.78	0.92	0.82	0.84	0.8	0.66	0.82	0.78	0.62
8600	0.82	0.86	0.84	0.86	0.9	0.94	0.74	0.76	0.96	0.84	0.86	0.78	0.62	0.84	0.86	0.64
8650	0.78	0.84	0.8	0.84	0.86	0.94	0.76	0.76	0.96	0.78	0.82	0.74	0.56	0.8	0.84	0.7
8700	0.76	0.82	0.82	0.82	0.88	0.96	0.76	0.8	0.94	0.8	0.78	0.74	0.56	0.8	0.84	0.72
8750	0.74	0.78	0.8	0.84	0.86	0.96	0.78	0.8	0.9	0.8	0.78	0.7	0.64	0.8	0.84	0.72
8800	0.72	0.78	0.78	0.82	0.88	0.94	0.82	0.8	0.88	0.78	0.76	0.74	0.66	0.8	0.86	0.76
8850	0.7	0.74	0.78	0.82	0.88	0.92	0.8	0.82	0.86	0.72	0.74	0.68	0.66	0.8	0.86	0.78
8900	0.74	0.76	0.78	0.74	0.84	0.92	0.8	0.8	0.84	0.74	0.74	0.72	0.68	0.86	0.86	0.8
8950	0.72	0.7	0.78	0.74	0.82	0.92	0.8	0.78	0.84	0.74	0.74	0.76	0.7	0.84	0.84	0.8
9000	0.68	0.66	0.8	0.76	0.84	0.92	0.76	0.8	0.84	0.76	0.7	0.74	0.74	0.84	0.86	0.78
9050	0.66	0.7	0.82	0.78	0.84	0.92	0.76	0.8	0.84	0.76	0.7	0.7	0.78	0.84	0.86	0.76
9100	0.68	0.72	0.84	0.78	0.88	0.9	0.74	0.76	0.78	0.72	0.76	0.7	0.82	0.86	0.86	0.76
9150	0.64	0.72	0.84	0.78	0.86	0.9	0.74	0.78	0.76	0.72	0.74	0.74	0.82	0.88	0.86	0.76
9200	0.64	0.74	0.84	0.74	0.88	0.92	0.78	0.8	0.78	0.72	0.72	0.68	0.74	0.86	0.8	0.76
9250	0.64	0.74	0.82	0.74	0.82	0.94	0.8	0.86	0.82	0.7	0.76	0.68	0.74	0.84	0.78	0.74
9300	0.58	0.72	0.84	0.76	0.8	0.96	0.84	0.92	0.84	0.7	0.82	0.72	0.76	0.84	0.8	0.76
9350	0.62	0.74	0.84	0.82	0.82	0.96	0.86	0.92	0.84	0.76	0.86	0.7	0.76	0.82	0.78	0.74
9400	0.64	0.74	0.84	0.82	0.82	0.94	0.86	0.96	0.82	0.72	0.78	0.72	0.76	0.82	0.8	0.7
9450	0.68	0.76	0.86	0.8	0.82	0.94	0.86	0.94	0.78	0.66	0.8	0.76	0.76	0.82	0.8	0.72
9500	0.68	0.74	0.82	0.78	0.8	0.92	0.9	0.94	0.82	0.7	0.78	0.8	0.74	0.82	0.8	0.72
9550	0.7	0.72	0.8	0.78	0.82	0.92	0.88	0.94	0.82	0.7	0.76	0.8	0.72	0.82	0.76	0.78
9600	0.72	0.68	0.8	0.7	0.84	0.92	0.9	0.96	0.78	0.66	0.74	0.76	0.72	0.82	0.8	0.76
9650	0.78	0.74	0.82	0.74	0.88	0.92	0.86	0.9	0.74	0.62	0.74	0.74	0.72	0.78	0.84	0.76
9700	0.72	0.68	0.84	0.74	0.9	0.9	0.84	0.86	0.72	0.68	0.76	0.72	0.7	0.72	0.76	0.7
9750	0.78	0.72	0.84	0.74	0.88	0.88	0.84	0.84	0.74	0.68	0.72	0.74	0.68	0.8	0.76	0.72
9800	0.8	0.74	0.86	0.74	0.88	0.88	0.82	0.82	0.78	0.7	0.76	0.76	0.68	0.8	0.72	0.74
9850	0.78	0.76	0.88	0.72	0.9	0.88	0.82	0.82	0.82	0.72	0.74	0.72	0.66	0.8	0.7	0.72
9900	0.74	0.76	0.88	0.68	0.92	0.84	0.84	0.84	0.84	0.72	0.74	0.72	0.64	0.84	0.72	0.74
9950	0.76	0.74	0.86	0.7	0.94	0.84	0.78	0.84	0.86	0.74	0.74	0.74	0.6	0.82	0.7	0.72
10000	0.82	0.7	0.84	0.72	0.92	0.84	0.78	0.86	0.84	0.74	0.72	0.72	0.62	0.86	0.74	0.76
10050	0.8	0.76	0.84	0.76	0.92	0.86	0.78	0.92	0.86	0.74	0.72	0.74	0.64	0.88	0.76	0.76
10100	0.76	0.7	0.84	0.74	0.92	0.84	0.76	0.94	0.84	0.82	0.72	0.78	0.68	0.86	0.76	0.72
10150	0.8	0.68	0.82	0.76	0.92	0.84	0.74	0.94	0.78	0.8	0.74	0.82	0.66	0.88	0.78	0.74
10200	0.82	0.68	0.78	0.78	0.88	0.8	0.74	0.96	0.76	0.8	0.76	0.86	0.62	0.88	0.82	0.74
10250	0.82	0.7	0.78	0.78	0.9	0.82	0.74	0.96	0.76	0.78	0.82	0.8	0.62	0.84	0.76	0.68
10300	0.82	0.68	0.78	0.82	0.88	0.84	0.74	0.94	0.7	0.74	0.76	0.76	0.68	0.84	0.78	0.74
10350	0.82	0.76	0.78	0.82	0.86	0.84	0.76	0.9	0.72	0.76	0.78	0.8	0.7	0.8	0.82	0.74
10400	0.76	0.7	0.84	0.8	0.86	0.84	0.76	0.9	0.72	0.76	0.74	0.8	0.7	0.82	0.82	0.7
10450	0.72	0.68	0.84	0.78	0.86	0.86	0.78	0.88	0.74	0.76	0.74	0.8	0.74	0.82	0.8	0.72
10500	0.68	0.66	0.88	0.78	0.86	0.84	0.82	0.9	0.76	0.8	0.72	0.8	0.74	0.78	0.76	0.74
10550	0.7	0.66	0.88	0.76	0.88	0.86	0.82	0.8	0.82	0.76	0.72	0.8	0.74	0.76	0.74	0.76
10600	0.7	0.7	0.88	0.78	0.88	0.86	0.84	0.82	0.82	0.76	0.72	0.82	0.8	0.74	0.74	0.82
10650	0.72	0.68	0.88	0.78	0.94	0.86	0.78	0.82	0.82	0.76	0.68	0.84	0.78	0.72	0.72	0.82
10700	0.7	0.68	0.9	0.76	0.94	0.84	0.78	0.8	0.84	0.78	0.7	0.8	0.76	0.74	0.74	0.78
10750	0.72	0.66	0.88	0.74	0.9	0.78	0.78	0.8	0.8	0.72	0.68	0.78	0.66	0.78	0.74	0.72
10800	0.76	0.74	0.86	0.74	0.92	0.8	0.76	0.8	0.78	0.72	0.72	0.78	0.6	0.74	0.7	0.72
10850	0.8	0.74	0.82	0.74	0.94	0.78	0.72	0.78	0.68	0.7	0.68	0.78	0.62	0.76	0.7	0.72
10900	0.84	0.72	0.74	0.72	0.94	0.76	0.76	0.8	0.68	0.68	0.66	0.74	0.62	0.74	0.74	0.72
10950	0.84	0.74	0.78	0.74	0.94	0.78	0.74	0.76	0.64	0.66	0.64	0.74	0.56	0.8	0.78	0.64
11000	0.8	0.74	0.8	0.76	0.92	0.78	0.7	0.76	0.62	0.7	0.66	0.74	0.6	0.8	0.76	0.56
11050	0.82	0.78	0.8	0.78	0.9	0.78	0.68	0.76	0.58	0.7	0.64	0.78	0.74	0.76	0.78	0.56
11100	0.74	0.72	0.8	0.78	0.9	0.78	0.68	0.8	0.62	0.76	0.68	0.76	0.74	0.74	0.8	0.56
11150	0.72	0.7	0.82	0.74	0.9	0.8	0.62	0.74	0.58	0.76	0.66	0.8	0.78	0.74	0.84	0.54
11200	0.66	0.74	0.82	0.76	0.88	0.86	0.62	0.76	0.6	0.74	0.7	0.82	0.78	0.74	0.86	0.56
11250	0.62	0.76	0.84	0.78	0.88	0.84	0.6	0.76	0.64	0.74	0.68	0.82	0.78	0.74	0.86	0.48
11300	0.62	0.8	0.84	0.78	0.88	0.84	0.64	0.8	0.68	0.8	0.72	0.8	0.76	0.7	0.86	0.48
11350	0.56	0.76	0.84	0.84	0.88	0.86	0.66	0.84	0.72	0.78	0.76	0.82	0.82	0.68	0.86	0.48
11400	0.56	0.84	0.9	0.82	0.88	0.86	0.68	0.8	0.74	0.82	0.74	0.8	0.82	0.68	0.86	0.54
11450	0.68	0.84	0.88	0.82	0.86	0.82	0.7	0.84	0.72	0.82	0.74	0.8	0.76	0.76	0.8	0.56
11500	0.64	0.86	0.88	0.84	0.82	0.82	0.72	0.86	0.7	0.84	0.74	0.76	0.72	0.78	0.82	0.6
11550	0.66	0.86	0.9	0.84	0.84	0.82	0.7	0.84	0.7	0.86	0.72	0.74	0.66	0.72	0.8	0.6
11600	0.66	0.84	0.9	0.84	0.88	0.78	0.76	0.82	0.7	0.84	0.72	0.74	0.64	0.74	0.78	0.62
11650	0.68	0.86	0.92	0.84	0.88	0.78	0.76	0.82	0.72	0.84	0.74	0.72	0.64	0.74	0.78	0.64
11700	0.64	0.86	0.88	0.82	0.84	0.76	0.72	0.82	0.72	0.84	0.68	0.72	0.66	0.76	0.78	0.62
11750	0.72	0.84	0.88	0.78	0.84	0.8	0.74	0.84	0.66	0.8	0.64	0.76	0.68	0.76	0.8	0.62
11800	0.66	0.82	0.86	0.8	0.82	0.82	0.76	0.86	0.62	0.8	0.64	0.76	0.68	0.72	0.8	0.62
11850	0.66	0.82	0.86	0.76	0.84	0.84	0.78	0.82	0.6	0.78	0.62	0.74	0.72	0.7	0.78	0.64
11900	0.68	0.82	0.86	0.74	0.8	0.86	0.84	0.82	0.6	0.8	0.68	0.74	0.74	0.7	0.8	0.68
11950	0.62	0.84	0.88	0.76	0.82	0.9	0.8	0.84	0.64	0.78	0.68	0.74	0.72	0.68	0.82	0.66
12000	0.58	0.76	0.84	0.78	0.82	0.92	0.78	0.84	0.66	0.74	0.68	0.74	0.72	0.66	0.82	0.7
12050	0.64	0.78	0.88	0.74	0.78	0.92	0.74	0.78	0.68	0.74	0.7	0.76	0.7	0.66	0.82	0.72
12100	0.62	0.76	0.88	0.74	0.76	0.94	0.72	0.74	0.74	0.78	0.78	0.78	0.72	0.66	0.82	0.64
12150	0.64	0.76	0.88	0.74	0.78	0.9	0.68	0.76	0.74	0.82	0.78	0.7	0.68	0.68	0.82	0.66
12200	0.64	0.76	0.9	0.72	0.78	0.88	0.7	0.76	0.7	0.8	0.74	0.68	0.72	0.7	0.86	0.72
12250	0.62	0.76	0.86	0.72	0.78	0.88	0.7	0.76	0.76	0.76	0.76	0.68	0.74	0.74	0.88	0.7
12300	0.64	0.72	0.82	0.68	0.82	0.88	0.74	0.8	0.82	0.78	0.72	0.64	0.72	0.76	0.86	0.72
12350	0.68	0.74	0.82	0.7	0.82	0.8	0.7	0.78	0.76	0.78	0.68	0.66	0.7	0.8	0.84	0.66
12400	0.68	0.8	0.84	0.74	0.82	0.8	0.7	0.76	0.78	0.8	0.62	0.62	0.72	0.76	0.82	0.64
12450	0.7	0.78	0.86	0.74	0.86	0.8	0.68	0.76	0.7	0.76	0.6	0.64	0.74	0.76	0.84	0.66
12500	0.68	0.74	0.88	0.72	0.88	0.82	0.7	0.8	0.7	0.72	0.6	0.68	0.78	0.76	0.84	0.72
12550	0.72	0.74	0.8	0.68	0.88	0.8	0.74	0.8	0.72	0.7	0.54	0.66	0.74	0.76	0.8	0.66
12600	0.76	0.72	0.82	0.68	0.86	0.78	0.76	0.8	0.7	0.74	0.58	0.7	0.78	0.74	0.78	0.68
12650	0.78	0.74	0.82	0.7	0.86	0.8	0.78	0.8	0.7	0.72	0.56	0.76	0.82	0.78	0.8	0.7
12700	0.74	0.76	0.86	0.72	0.86	0.76	0.76	0.8	0.66	0.7	0.56	0.78	0.84	0.76	0.78	0.66
12750	0.76	0.74	0.86	0.7	0.86	0.78	0.8	0.76	0.66	0.68	0.52	0.8	0.88	0.76	0.78	0.74
12800	0.72	0.68	0.86	0.7	0.88	0.76	0.84	0.78	0.66	0.66	0.52	0.76	0.86	0.82	0.76	0.82
12850	0.7	0.66	0.84	0.64	0.88	0.84	0.86	0.8	0.68	0.66	0.56	0.74	0.88	0.86	0.8	0.78
12900	0.7	0.66	0.82	0.66	0.88	0.84	0.9	0.86	0.7	0.66	0.56	0.72	0.86	0.88	0.84	0.8
12950	0.68	0.66	0.8	0.68	0.86	0.84	0.9	0.86	0.68	0.64	0.52	0.74	0.82	0.86	0.82	0.82
13000	0.68	0.64	0.82	0.68	0.84	0.86	0.92	0.88	0.66	0.62	0.58	0.74	0.8	0.86	0.82	0.82
13050	0.72	0.66	0.8	0.68	0.84	0.88	0.9	0.88	0.66	0.56	0.5	0.7	0.78	0.92	0.84	0.8
13100	0.76	0.62	0.8	0.66	0.82	0.9	0.9	0.88	0.64	0.56	0.5	0.62	0.74	0.92	0.88	0.86
13150	0.72	0.58	0.8	0.64	0.82	0.92	0.9	0.9	0.66	0.56	0.52	0.6	0.68	0.92	0.9	0.74
13200	0.74	0.58	0.8	0.66	0.82	0.94	0.88	0.88	0.66	0.56	0.58	0.6	0.66	0.9	0.92	0.76
13250	0.74	0.66	0.76	0.7	0.82	0.92	0.9	0.88	0.7	0.56	0.62	0.62	0.66	0.86	0.88	0.74
13300	0.72	0.6	0.74	0.74	0.76	0.88	0.88	0.8	0.66	0.58	0.58	0.64	0.66	0.88	0.84	0.76
13350	0.74	0.66	0.76	0.74	0.72	0.86	0.84	0.8	0.68	0.58	0.6	0.64	0.62	0.88	0.84	0.68
13400	0.7	0.58	0.72	0.7	0.7	0.82	0.82	0.78	0.68	0.58	0.64	0.66	0.64	0.86	0.82	0.68
13450	0.68	0.6	0.7	0.74	0.72	0.82	0.82	0.76	0.7	0.62	0.66	0.66	0.64	0.82	0.8	0.72
13500	0.68	0.58	0.68	0.76	0.74	0.82	0.82	0.8	0.68	0.68	0.68	0.68	0.72	0.84	0.78	0.72
13550	0.66	0.62	0.66	0.72	0.66	0.8	0.82	0.8	0.72	0.62	0.64	0.66	0.72	0.82	0.82	0.7
13600	0.64	0.66	0.66	0.68	0.64	0.76	0.8	0.8	0.7	0.64	0.62	0.7	0.76	0.82	0.82	0.7
13650	0.64	0.72	0.68	0.66	0.64	0.78	0.78	0.82	0.66	0.62	0.68	0.68	0.72	0.8	0.84	0.7
13700	0.64	0.68	0.68	0.64	0.64	0.8	0.82	0.82	0.68	0.64	0.64	0.7	0.74	0.8	0.86	0.72
13750	0.64	0.74	0.66	0.68	0.66	0.82	0.82	0.84	0.66	0.6	0.6	0.7	0.74	0.76	0.78	0.72
13800	0.66	0.72	0.68	0.68	0.68	0.82	0.86	0.88	0.64	0.58	0.6	0.7	0.74	0.78	0.8	0.72
13850	0.68	0.76	0.66	0.68	0.7	0.84	0.86	0.84	0.64	0.56	0.62	0.64	0.78	0.78	0.82	0.74
13900	0.66	0.74	0.66	0.7	0.68	0.84	0.84	0.84	0.68	0.6	0.7	0.66	0.8	0.78	0.82	0.8
13950	0.7	0.76	0.72	0.76	0.76	0.86	0.86	0.88	0.68	0.64	0.7	0.7	0.76	0.8	0.82	0.8
14000	0.72	0.74	0.68	0.72	0.78	0.88	0.9	0.86	0.72	0.7	0.7	0.72	0.76	0.8	0.82	0.82
14050	0.74	0.78	0.66	0.72	0.78	0.92	0.9	0.84	0.72	0.66	0.7	0.68	0.78	0.8	0.84	0.82
14100	0.72	0.76	0.72	0.64	0.72	0.92	0.9	0.84	0.74	0.64	0.72	0.68	0.78	0.84	0.86	0.82
14150	0.72	0.74	0.72	0.64	0.72	0.9	0.9	0.86	0.76	0.6	0.72	0.68	0.82	0.9	0.9	0.82
14200	0.74	0.7	0.68	0.68	0.7	0.88	0.9	0.84	0.76	0.66	0.74	0.68	0.76	0.84	0.9	0.84
14250	0.7	0.7	0.7	0.68	0.72	0.86	0.86	0.8	0.7	0.66	0.74	0.68	0.82	0.84	0.9	0.82
14300	0.68	0.66	0.72	0.7	0.72	0.82	0.82	0.8	0.72	0.64	0.72	0.64	0.82	0.8	0.88	0.78
14350	0.62	0.66	0.76	0.74	0.7	0.82	0.84	0.84	0.68	0.62	0.7	0.64	0.78	0.8	0.86	0.74
14400	0.62	0.66	0.78	0.76	0.72	0.8	0.84	0.82	0.7	0.62	0.7	0.62	0.78	0.78	0.88	0.74
14450	0.62	0.68	0.82	0.8	0.72	0.76	0.8	0.82	0.68	0.62	0.72	0.64	0.82	0.76	0.88	0.8
14500	0.66	0.7	0.86	0.84	0.74	0.72	0.8	0.78	0.68	0.58	0.7	0.64	0.78	0.74	0.82	0.8
14550	0.62	0.66	0.84	0.8	0.8	0.78	0.8	0.78	0.6	0.56	0.6	0.64	0.74	0.7	0.82	0.76
14600	0.64	0.7	0.8	0.74	0.78	0.76	0.82	0.8	0.56	0.56	0.6	0.64	0.8	0.74	0.84	0.76
14650	0.66	0.7	0.8	0.7	0.76	0.8	0.84	0.84	0.62	0.62	0.64	0.68	0.8	0.74	0.84	0.76
14700	0.64	0.66	0.76	0.66	0.76	0.78	0.84	0.84	0.64	0.62	0.64	0.68	0.82	0.7	0.82	0.8
14750	0.72	0.66	0.76	0.62	0.74	0.82	0.84	0.84	0.62	0.62	0.62	0.7	0.78	0.7	0.76	0.86
14800	0.78	0.66	0.7	0.62	0.72	0.82	0.82	0.8	0.64	0.62	0.58	0.7	0.78	0.68	0.82	0.86
14850	0.78	0.64	0.66	0.66	0.74	0.86	0.8	0.82	0.62	0.58	0.56	0.72	0.8	0.68	0.76	0.84
14900	0.76	0.62	0.58	0.62	0.74	0.8	0.76	0.8	0.58	0.56	0.58	0.72	0.78	0.7	0.74	0.84
14950	0.78	0.66	0.62	0.7	0.74	0.8	0.72	0.8	0.68	0.66	0.62	0.74	0.78	0.72	0.72	0.86
15000	0.8	0.64	0.66	0.66	0.72	0.8	0.74	0.82	0.72	0.66	0.64	0.76	0.74	0.7	0.7	0.86
15050	0.82	0.64	0.68	0.7	0.72	0.76	0.7	0.78	0.7	0.72	0.66	0.76	0.72	0.74	0.7	0.86
15100	0.84	0.7	0.76	0.76	0.74	0.72	0.7	0.8	0.7	0.74	0.66	0.76	0.76	0.76	0.74	0.84
15150	0.82	0.68	0.78	0.76	0.76	0.72	0.7	0.82	0.7	0.66	0.6	0.74	0.72	0.8	0.72	0.82
15200	0.8	0.68	0.74	0.72	0.72	0.74	0.7	0.82	0.74	0.62	0.62	0.74	0.74	0.82	0.76	0.8
15250	0.82	0.68	0.8	0.72	0.78	0.76	0.74	0.8	0.76	0.6	0.6	0.7	0.76	0.8	0.72	0.8
15300	0.8	0.7	0.8	0.78	0.76	0.72	0.78	0.78	0.72	0.64	0.62	0.66	0.74	0.8	0.7	0.8
15350	0.78	0.7	0.72	0.78	0.74	0.72	0.8	0.78	0.74	0.62	0.68	0.6	0.78	0.82	0.7	0.8
15400	0.78	0.7	0.7	0.76	0.74	0.72	0.74	0.74	0.72	0.56	0.64	0.58	0.72	0.84	0.72	0.74
15450	0.74	0.72	0.66	0.76	0.76	0.72	0.78	0.76	0.72	0.56	0.64	0.58	0.72	0.84	0.72	0.76
15500	0.68	0.74	0.64	0.76	0.78	0.76	0.76	0.78	0.74	0.54	0.64	0.56	0.72	0.8	0.7	0.7
15550	0.68	0.7	0.66	0.68	0.8	0.78	0.76	0.74	0.74	0.62	0.68	0.6	0.72	0.8	0.72	0.7
15600	0.68	0.74	0.64	0.7	0.8	0.78	0.8	0.74	0.74	0.62	0.74	0.64	0.76	0.78	0.76	0.72
15650	0.7	0.7	0.64	0.74	0.8	0.76	0.76	0.76	0.7	0.6	0.76	0.64	0.76	0.84	0.78	0.72
15700	0.7	0.72	0.7	0.72	0.82	0.82	0.72	0.76	0.68	0.64	0.76	0.7	0.78	0.86	0.82	0.68
15750	0.7	0.72	0.72	0.74	0.86	0.9	0.7	0.78	0.7	0.66	0.72	0.72	0.82	0.84	0.86	0.68
15800	0.72	0.66	0.68	0.68	0.86	0.92	0.7	0.78	0.66	0.68	0.72	0.74	0.84	0.84	0.88	0.74
15850	0.76	0.7	0.7	0.64	0.84	0.9	0.72	0.8	0.66	0.74	0.72	0.76	0.88	0.86	0.88	0.72
15900	0.74	0.68	0.7	0.62	0.82	0.94	0.72	0.76	0.68	0.7	0.7	0.72	0.86	0.86	0.88	0.76
15950	0.74	0.7	0.74	0.64	0.82	0.94	0.72	0.74	0.68	0.64	0.68	0.7	0.86	0.84	0.88	0.7
16000	0.76	0.74	0.72	0.64	0.82	0.92	0.7	0.72	0.7	0.68	0.7	0.7	0.86	0.88	0.9	0.72
16050	0.74	0.72	0.74	0.64	0.8	0.86	0.74	0.76	0.7	0.66	0.68	0.64	0.8	0.86	0.84	0.7
16100	0.68	0.78	0.74	0.66	0.82	0.86	0.84	0.74	0.72	0.64	0.66	0.62	0.8	0.84	0.86	0.72
16150	0.7	0.74	0.78	0.64	0.8	0.82	0.88	0.74	0.72	0.64	0.6	0.66	0.78	0.8	0.82	0.76
16200	0.7	0.7	0.78	0.6	0.8	0.82	0.86	0.72	0.7	0.64	0.58	0.68	0.76	0.78	0.8	0.76
16250	0.64	0.64	0.78	0.66	0.84	0.84	0.86	0.74	0.72	0.62	0.62	0.74	0.74	0.78	0.8	0.74
16300	0.68	0.62	0.78	0.66	0.84	0.84	0.86	0.74	0.7	0.66	0.66	0.74	0.72	0.78	0.82	0.74
16350	0.7	0.6	0.76	0.66	0.86	0.9	0.82	0.74	0.7	0.66	0.7	0.78	0.74	0.78	0.84	0.74
16400	0.7	0.56	0.74	0.58	0.88	0.88	0.82	0.72	0.68	0.66	0.68	0.76	0.72	0.8	0.8	0.78
16450	0.6	0.56	0.76	0.56	0.86	0.92	0.82	0.72	0.66	0.64	0.7	0.74	0.74	0.72	0.8	0.74
16500	0.58	0.54	0.78	0.56	0.86	0.92	0.78	0.72	0.64	0.64	0.7	0.72	0.74	0.7	0.84	0.7
16550	0.6	0.52	0.74	0.56	0.82	0.88	0.76	0.72	0.66	0.58	0.7	0.66	0.72	0.66	0.84	0.7
16600	0.6	0.6	0.72	0.64	0.84	0.88	0.72	0.74	0.66	0.56	0.72	0.62	0.7	0.7	0.84	0.66
16650	0.6	0.64	0.74	0.72	0.86	0.84	0.7	0.74	0.68	0.58	0.7	0.58	0.68	0.74	0.84	0.66
16700	0.6	0.66	0.76	0.7	0.9	0.78	0.68	0.74	0.66	0.62	0.7	0.6	0.68	0.74	0.8	0.62
16750	0.66	0.64	0.76	0.74	0.88	0.82	0.7	0.74	0.64	0.64	0.66	0.62	0.7	0.76	0.8	0.68
16800	0.64	0.6	0.76	0.72	0.82	0.82	0.72	0.76	0.66	0.66	0.74	0.64	0.74	0.78	0.84	0.68
16850	0.64	0.62	0.76	0.68	0.82	0.82	0.76	0.78	0.64	0.66	0.74	0.66	0.74	0.84	0.82	0.74
16900	0.66	0.64	0.76	0.66	0.82	0.82	0.76	0.8	0.62	0.68	0.74	0.72	0.72	0.8	0.82	0.74
16950	0.74	0.68	0.76	0.58	0.8	0.84	0.82	0.84	0.6	0.7	0.7	0.74	0.72	0.82	0.78	0.76
17000	0.78	0.62	0.74	0.58	0.78	0.82	0.84	0.82	0.62	0.66	0.7	0.78	0.78	0.82	0.8	0.82
17050	0.8	0.64	0.74	0.58	0.74	0.84	0.86	0.82	0.68	0.66	0.7	0.74	0.78	0.8	0.82	0.88
17100	0.84	0.66	0.72	0.54	0.74	0.86	0.9	0.8	0.66	0.58	0.76	0.78	0.8	0.78	0.82	0.9
17150	0.84	0.62	0.66	0.56	0.76	0.88	0.9	0.8	0.66	0.58	0.8	0.78	0.82	0.78	0.82	0.88
17200	0.88	0.64	0.66	0.54	0.76	0.9	0.92	0.8	0.74	0.66	0.8	0.74	0.8	0.74	0.82	0.88
17250	0.82	0.7	0.66	0.56	0.76	0.88	0.9	0.78	0.74	0.66	0.74	0.74	0.8	0.76	0.82	0.86
17300	0.82	0.68	0.64	0.52	0.72	0.9	0.88	0.8	0.74	0.66	0.7	0.74	0.78	0.78	0.82	0.82
17350	0.78	0.64	0.64	0.58	0.78	0.9	0.86	0.8	0.74	0.66	0.8	0.74	0.78	0.82	0.82	0.84
17400	0.72	0.58	0.68	0.52	0.76	0.88	0.86	0.86	0.78	0.7	0.82	0.74	0.82	0.84	0.86	0.84
17450	0.76	0.6	0.7	0.48	0.74	0.88	0.9	0.9	0.78	0.7	0.82	0.72	0.8	0.86	0.88	0.86
17500	0.74	0.62	0.72	0.48	0.7	0.88	0.84	0.82	0.76	0.7	0.8	0.7	0.76	0.86	0.88	0.8
17550	0.78	0.64	0.74	0.54	0.7	0.88	0.8	0.82	0.74	0.72	0.76	0.68	0.74	0.88	0.92	0.78
17600	0.76	0.68	0.76	0.58	0.72	0.88	0.74	0.8	0.72	0.7	0.66	0.68	0.76	0.88	0.94	0.78
17650	0.76	0.64	0.84	0.66	0.74	0.88	0.74	0.82	0.78	0.7	0.68	0.64	0.78	0.9	0.92	0.78
17700	0.74	0.62	0.84	0.64	0.76	0.86	0.74	0.8	0.76	0.72	0.66	0.66	0.78	0.86	0.92	0.8
17750	0.72	0.64	0.82	0.6	0.76	0.88	0.72	0.76	0.74	0.74	0.64	0.66	0.76	0.82	0.92	0.78
17800	0.7	0.64	0.84	0.68	0.76	0.86	0.7	0.76	0.76	0.74	0.64	0.66	0.76	0.74	0.86	0.74
17850	0.72	0.66	0.78	0.74	0.8	0.84	0.64	0.82	0.78	0.74	0.66	0.66	0.72	0.76	0.82	0.72
17900	0.7	0.72	0.78	0.7	0.78	0.86	0.66	0.82	0.8	0.72	0.64	0.66	0.72	0.78	0.8	0.68
17950	0.66	0.72	0.78	0.68	0.76	0.86	0.7	0.82	0.78	0.74	0.7	0.68	0.68	0.8	0.78	0.68
18000	0.68	0.74	0.8	0.66	0.76	0.84	0.72	0.82	0.78	0.76	0.72	0.66	0.7	0.8	0.78	0.7
18050	0.64	0.66	0.84	0.64	0.78	0.86	0.72	0.84	0.78	0.74	0.7	0.68	0.72	0.88	0.8	0.68
18100	0.66	0.7	0.82	0.64	0.78	0.86	0.76	0.82	0.76	0.8	0.72	0.7	0.72	0.86	0.78	0.7
18150	0.68	0.66	0.8	0.64	0.74	0.82	0.76	0.82	0.78	0.8	0.74	0.74	0.7	0.84	0.8	0.7
18200	0.7	0.7	0.84	0.66	0.78	0.86	0.74	0.82	0.78	0.76	0.76	0.72	0.68	0.84	0.84	0.66
18250	0.72	0.68	0.84	0.68	0.78	0.9	0.76	0.86	0.78	0.72	0.76	0.76	0.7	0.82	0.88	0.68
18300	0.68	0.7	0.76	0.66	0.74	0.9	0.82	0.86	0.8	0.74	0.8	0.76	0.74	0.82	0.92	0.7
18350	0.7	0.68	0.74	0.68	0.72	0.84	0.8	0.84	0.8	0.78	0.78	0.74	0.78	0.84	0.92	0.76
18400	0.74	0.68	0.72	0.68	0.7	0.86	0.82	0.86	0.82	0.8	0.8	0.78	0.78	0.86	0.92	0.76
18450	0.76	0.68	0.74	0.66	0.7	0.84	0.84	0.84	0.8	0.8	0.78	0.72	0.78	0.84	0.9	0.8
18500	0.78	0.68	0.74	0.68	0.76	0.88	0.8	0.82	0.8	0.82	0.82	0.76	0.82	0.84	0.92	0.84
18550	0.8	0.74	0.74	0.72	0.74	0.88	0.8	0.78	0.84	0.82	0.78	0.72	0.86	0.88	0.92	0.82
18600	0.82	0.74	0.74	0.72	0.72	0.86	0.78	0.78	0.8	0.8	0.78	0.72	0.9	0.92	0.92	0.8
18650	0.82	0.76	0.78	0.72	0.76	0.82	0.76	0.78	0.78	0.82	0.76	0.66	0.84	0.92	0.92	0.82
18700	0.8	0.76	0.82	0.68	0.82	0.84	0.74	0.8	0.78	0.86	0.74	0.68	0.88	0.9	0.9	0.86
18750	0.8	0.82	0.84	0.68	0.8	0.88	0.78	0.76	0.78	0.8	0.72	0.66	0.86	0.86	0.9	0.84
18800	0.8	0.84	0.86	0.72	0.78	0.9	0.78	0.78	0.82	0.78	0.7	0.64	0.84	0.86	0.92	0.86
18850	0.78	0.84	0.86	0.7	0.78	0.92	0.76	0.82	0.8	0.78	0.68	0.62	0.82	0.86	0.92	0.84
18900	0.76	0.78	0.86	0.7	0.84	0.92	0.8	0.84	0.82	0.76	0.64	0.6	0.8	0.84	0.92	0.8
18950	0.74	0.82	0.84	0.72	0.82	0.92	0.76	0.78	0.8	0.72	0.64	0.56	0.76	0.82	0.9	0.82
19000	0.76	0.84	0.8	0.7	0.8	0.96	0.78	0.78	0.78	0.68	0.64	0.52	0.74	0.8	0.88	0.84
19050	0.78	0.84	0.82	0.72	0.78	0.98	0.82	0.78	0.82	0.7	0.7	0.54	0.7	0.78	0.88	0.84
19100	0.74	0.82	0.82	0.76	0.82	0.98	0.82	0.78	0.78	0.68	0.68	0.52	0.74	0.84	0.92	0.82
19150	0.74	0.72	0.72	0.78	0.82	0.98	0.82	0.8	0.76	0.7	0.7	0.54	0.72	0.84	0.9	0.82
19200	0.74	0.7	0.72	0.76	0.8	0.96	0.84	0.8	0.76	0.7	0.74	0.58	0.72	0.82	0.92	0.84
19250	0.72	0.68	0.72	0.74	0.8	0.9	0.84	0.8	0.78	0.72	0.76	0.62	0.72	0.86	0.88	0.78
19300	0.72	0.66	0.74	0.7	0.78	0.86	0.84	0.82	0.72	0.68	0.76	0.62	0.72	0.84	0.86	0.84
19350	0.72	0.68	0.76	0.68	0.8	0.84	0.86	0.86	0.76	0.7	0.72	0.58	0.72	0.84	0.86	0.82
19400	0.66	0.6	0.72	0.7	0.72	0.84	0.86	0.88	0.74	0.7	0.72	0.62	0.74	0.88	0.86	0.82
19450	0.64	0.56	0.72	0.7	0.78	0.86	0.88	0.88	0.76	0.7	0.66	0.64	0.78	0.9	0.86	0.82
19500	0.68	0.58	0.74	0.7	0.78	0.82	0.86	0.88	0.74	0.66	0.66	0.64	0.82	0.9	0.92	0.82
19550	0.68	0.62	0.76	0.68	0.8	0.86	0.88	0.86	0.76	0.7	0.66	0.66	0.84	0.88	0.9	0.8
19600	0.72	0.64	0.74	0.64	0.78	0.86	0.84	0.86	0.74	0.66	0.66	0.66	0.82	0.9	0.9	0.78
19650	0.78	0.62	0.74	0.62	0.78	0.84	0.82	0.86	0.74	0.64	0.66	0.64	0.8	0.9	0.88	0.78
19700	0.82	0.68	0.74	0.64	0.82	0.86	0.84	0.88	0.74	0.64	0.68	0.66	0.78	0.9	0.88	0.76
19750	0.82	0.7	0.78	0.66	0.82	0.86	0.84	0.88	0.7	0.66	0.72	0.78	0.8	0.9	0.88	0.76
19800	0.82	0.68	0.76	0.64	0.82	0.86	0.86	0.88	0.72	0.68	0.78	0.78	0.82	0.9	0.88	0.76
19850	0.8	0.7	0.78	0.62	0.82	0.86	0.86	0.86	0.76	0.68	0.78	0.76	0.8	0.88	0.88	0.74
19900	0.78	0.66	0.76	0.64	0.86	0.84	0.84	0.88	0.76	0.66	0.8	0.76	0.74	0.88	0.88	0.74
19950	0.72	0.64	0.78	0.64	0.84	0.9	0.84	0.88	0.78	0.68	0.86	0.76	0.7	0.86	0.88	0.74
20000	0.7	0.6	0.8	0.64	0.86	0.92	0.86	0.9	0.76	0.72	0.84	0.76	0.7	0.84	0.88	0.74
