0	0.0	0.0	0.0	0.0	0.0	0.0	0.0	0.0	0.0	0.0	0.0	0.0	0.0	0.0	0.0	0.0
50	0.0	0.0	0.0	0.0	0.0	0.0	0.0	0.0	0.0	0.0	0.0	0.0	0.0	0.0	0.0	0.0
100	0.0	0.0	0.0	0.0	0.0	0.0	0.0	0.0	0.0	0.0	0.0	0.0	0.0	0.0	0.0	0.0
150	0.0	0.0	0.0	0.0	0.0	0.0	0.0	0.0	0.0	0.0714285714286	0.0526315789474	0.0	0.0	0.0	0.0	0.0
200	0.0	0.0384615384615	0.0357142857143	0.0689655172414	0.0416666666667	0.0434782608696	0.0	0.0	0.0	0.047619047619	0.0454545454545	0.0	0.0	0.0	0.0	0.0
250	0.0416666666667	0.03125	0.030303030303	0.0882352941176	0.0606060606061	0.0689655172414	0.0625	0.0689655172414	0.107142857143	0.0357142857143	0.0416666666667	0.0	0.030303030303	0.03125	0.0	0.0322580645161
300	0.0357142857143	0.0714285714286	0.0227272727273	0.139534883721	0.0789473684211	0.0555555555556	0.0810810810811	0.0588235294118	0.105263157895	0.0322580645161	0.0384615384615	0.0	0.025641025641	0.027027027027	0.0	0.0285714285714
350	0.0322580645161	0.0888888888889	0.06	0.16	0.130434782609	0.0731707317073	0.111111111111	0.075	0.0975609756098	0.025641025641	0.0333333333333	0.0	0.0434782608696	0.0434782608696	0.04	0.0238095238095
400	0.027027027027	0.102040816327	0.1	0.18	0.14	0.133333333333	0.14	0.08	0.106382978723	0.0227272727273	0.027027027027	0.0	0.0408163265306	0.0408163265306	0.04	0.0227272727273
450	0.0454545454545	0.1	0.16	0.22	0.16	0.18	0.14	0.1	0.1	0.04	0.0238095238095	0.04	0.06	0.04	0.04	0.04
500	0.0416666666667	0.16	0.16	0.28	0.22	0.22	0.16	0.1	0.1	0.04	0.0217391304348	0.04	0.1	0.04	0.1	0.06
550	0.06	0.16	0.22	0.26	0.24	0.24	0.18	0.1	0.1	0.06	0.0204081632653	0.06	0.16	0.1	0.1	0.08
600	0.08	0.16	0.2	0.26	0.22	0.24	0.18	0.1	0.1	0.04	0.02	0.06	0.16	0.1	0.12	0.12
650	0.06	0.16	0.22	0.2	0.22	0.26	0.18	0.06	0.04	0.04	0.02	0.06	0.14	0.12	0.1	0.12
700	0.08	0.2	0.24	0.22	0.24	0.26	0.16	0.06	0.04	0.06	0.0	0.06	0.16	0.12	0.12	0.12
750	0.14	0.2	0.24	0.18	0.2	0.26	0.18	0.08	0.06	0.1	0.04	0.08	0.18	0.18	0.14	0.14
800	0.16	0.26	0.28	0.2	0.18	0.24	0.12	0.06	0.04	0.12	0.04	0.08	0.2	0.2	0.14	0.18
850	0.14	0.26	0.2	0.22	0.1	0.18	0.14	0.06	0.04	0.1	0.08	0.06	0.2	0.18	0.14	0.18
900	0.16	0.24	0.2	0.2	0.12	0.2	0.12	0.08	0.06	0.18	0.12	0.1	0.16	0.2	0.14	0.16
950	0.16	0.26	0.24	0.2	0.12	0.18	0.12	0.08	0.06	0.18	0.2	0.22	0.12	0.26	0.16	0.14
1000	0.16	0.28	0.22	0.2	0.08	0.16	0.1	0.12	0.06	0.26	0.2	0.24	0.14	0.2	0.16	0.16
1050	0.2	0.34	0.24	0.2	0.1	0.14	0.1	0.12	0.08	0.3	0.16	0.3	0.16	0.22	0.14	0.16
1100	0.22	0.32	0.24	0.2	0.1	0.14	0.08	0.18	0.1	0.28	0.16	0.4	0.14	0.16	0.16	0.16
1150	0.2	0.28	0.26	0.2	0.16	0.12	0.08	0.2	0.1	0.28	0.16	0.42	0.16	0.16	0.2	0.18
1200	0.18	0.3	0.22	0.2	0.12	0.12	0.08	0.16	0.12	0.32	0.14	0.44	0.16	0.2	0.22	0.22
1250	0.18	0.26	0.22	0.18	0.16	0.1	0.08	0.16	0.14	0.3	0.16	0.44	0.14	0.18	0.24	0.2
1300	0.22	0.24	0.26	0.16	0.16	0.1	0.08	0.2	0.12	0.28	0.14	0.4	0.18	0.2	0.24	0.18
1350	0.22	0.22	0.28	0.22	0.16	0.1	0.08	0.18	0.14	0.28	0.12	0.32	0.2	0.24	0.24	0.24
1400	0.24	0.24	0.28	0.2	0.18	0.1	0.16	0.16	0.16	0.26	0.14	0.34	0.2	0.24	0.2	0.26
1450	0.3	0.24	0.28	0.18	0.16	0.1	0.18	0.18	0.16	0.26	0.22	0.32	0.24	0.24	0.26	0.3
1500	0.28	0.22	0.28	0.24	0.2	0.12	0.2	0.18	0.16	0.28	0.28	0.24	0.22	0.24	0.24	0.32
1550	0.34	0.26	0.28	0.24	0.24	0.12	0.22	0.2	0.16	0.26	0.28	0.24	0.26	0.24	0.3	0.36
1600	0.32	0.26	0.26	0.22	0.22	0.14	0.22	0.2	0.12	0.26	0.3	0.22	0.24	0.24	0.26	0.34
1650	0.32	0.26	0.22	0.22	0.22	0.12	0.2	0.18	0.12	0.24	0.32	0.24	0.24	0.2	0.24	0.32
1700	0.3	0.26	0.18	0.22	0.22	0.12	0.22	0.2	0.16	0.26	0.36	0.22	0.26	0.22	0.26	0.36
1750	0.3	0.24	0.2	0.24	0.26	0.14	0.24	0.3	0.18	0.26	0.34	0.28	0.24	0.24	0.28	0.32
1800	0.26	0.2	0.2	0.22	0.26	0.16	0.22	0.3	0.18	0.26	0.34	0.24	0.22	0.26	0.32	0.32
1850	0.24	0.22	0.2	0.22	0.26	0.18	0.2	0.3	0.18	0.26	0.34	0.24	0.16	0.28	0.28	0.3
1900	0.22	0.22	0.2	0.22	0.26	0.2	0.22	0.3	0.18	0.24	0.32	0.22	0.12	0.3	0.3	0.28
1950	0.22	0.2	0.18	0.28	0.24	0.26	0.26	0.3	0.18	0.22	0.36	0.2	0.14	0.3	0.24	0.26
2000	0.24	0.18	0.14	0.3	0.24	0.26	0.26	0.28	0.18	0.24	0.36	0.24	0.14	0.3	0.24	0.24
2050	0.24	0.16	0.1	0.28	0.22	0.26	0.3	0.26	0.18	0.28	0.36	0.22	0.12	0.26	0.26	0.24
2100	0.28	0.18	0.12	0.26	0.22	0.26	0.3	0.22	0.2	0.24	0.34	0.18	0.12	0.26	0.3	0.22
2150	0.32	0.18	0.14	0.26	0.22	0.28	0.28	0.2	0.16	0.26	0.36	0.16	0.14	0.22	0.32	0.2
2200	0.26	0.24	0.14	0.28	0.22	0.26	0.28	0.2	0.14	0.24	0.38	0.18	0.14	0.18	0.28	0.18
2250	0.26	0.28	0.16	0.24	0.26	0.26	0.32	0.18	0.1	0.28	0.42	0.2	0.16	0.2	0.3	0.18
2300	0.22	0.32	0.16	0.24	0.26	0.3	0.26	0.22	0.1	0.26	0.42	0.22	0.22	0.18	0.3	0.2
2350	0.22	0.26	0.14	0.2	0.24	0.24	0.28	0.22	0.1	0.28	0.34	0.24	0.24	0.24	0.28	0.2
2400	0.22	0.3	0.14	0.18	0.26	0.26	0.3	0.22	0.1	0.3	0.4	0.24	0.26	0.28	0.28	0.2
2450	0.18	0.3	0.16	0.2	0.24	0.24	0.28	0.26	0.1	0.28	0.38	0.2	0.26	0.28	0.26	0.2
2500	0.18	0.28	0.16	0.16	0.22	0.26	0.26	0.3	0.12	0.3	0.38	0.24	0.26	0.24	0.26	0.2
2550	0.14	0.24	0.18	0.12	0.22	0.26	0.26	0.3	0.12	0.3	0.38	0.26	0.22	0.26	0.28	0.24
2600	0.16	0.22	0.18	0.1	0.22	0.26	0.28	0.32	0.14	0.28	0.4	0.28	0.2	0.28	0.28	0.3
2650	0.18	0.2	0.2	0.08	0.18	0.24	0.28	0.36	0.18	0.26	0.32	0.3	0.22	0.32	0.28	0.34
2700	0.22	0.22	0.16	0.08	0.14	0.22	0.26	0.34	0.18	0.32	0.32	0.3	0.14	0.3	0.26	0.4
2750	0.22	0.26	0.18	0.06	0.14	0.22	0.28	0.36	0.2	0.26	0.28	0.26	0.14	0.34	0.28	0.4
2800	0.22	0.26	0.16	0.08	0.16	0.22	0.22	0.34	0.22	0.24	0.22	0.24	0.16	0.38	0.32	0.38
2850	0.26	0.34	0.2	0.1	0.14	0.22	0.24	0.34	0.22	0.28	0.24	0.26	0.14	0.36	0.34	0.4
2900	0.28	0.32	0.22	0.1	0.12	0.24	0.26	0.32	0.2	0.26	0.22	0.26	0.3	0.4	0.32	0.42
2950	0.28	0.38	0.26	0.1	0.16	0.24	0.28	0.32	0.22	0.26	0.22	0.26	0.32	0.4	0.34	0.42
3000	0.28	0.4	0.24	0.1	0.18	0.22	0.26	0.3	0.2	0.26	0.18	0.24	0.3	0.38	0.34	0.34
3050	0.24	0.4	0.24	0.12	0.16	0.22	0.22	0.3	0.24	0.28	0.18	0.2	0.3	0.42	0.36	0.36
3100	0.24	0.36	0.3	0.14	0.18	0.24	0.22	0.32	0.24	0.3	0.18	0.24	0.34	0.38	0.34	0.36
3150	0.28	0.34	0.3	0.16	0.18	0.28	0.2	0.34	0.26	0.28	0.22	0.3	0.34	0.4	0.34	0.34
3200	0.26	0.34	0.28	0.16	0.24	0.26	0.24	0.34	0.24	0.3	0.26	0.38	0.36	0.36	0.4	0.36
3250	0.28	0.32	0.28	0.18	0.28	0.24	0.28	0.3	0.26	0.26	0.28	0.34	0.32	0.38	0.4	0.36
3300	0.26	0.3	0.32	0.16	0.28	0.24	0.3	0.28	0.3	0.26	0.26	0.36	0.36	0.34	0.36	0.32
3350	0.26	0.3	0.28	0.18	0.3	0.26	0.3	0.32	0.36	0.22	0.3	0.4	0.28	0.36	0.4	0.38
3400	0.28	0.32	0.22	0.18	0.26	0.26	0.32	0.32	0.36	0.26	0.26	0.4	0.28	0.32	0.34	0.36
3450	0.28	0.32	0.24	0.18	0.24	0.28	0.34	0.28	0.34	0.3	0.26	0.32	0.3	0.28	0.34	0.3
3500	0.26	0.36	0.24	0.2	0.26	0.28	0.4	0.3	0.36	0.26	0.28	0.34	0.3	0.26	0.28	0.22
3550	0.3	0.32	0.22	0.18	0.28	0.3	0.4	0.26	0.38	0.3	0.28	0.34	0.36	0.28	0.26	0.22
3600	0.28	0.28	0.24	0.22	0.24	0.28	0.42	0.3	0.42	0.28	0.26	0.36	0.38	0.2	0.24	0.2
3650	0.26	0.24	0.26	0.24	0.22	0.3	0.34	0.28	0.38	0.28	0.26	0.3	0.36	0.2	0.24	0.26
3700	0.24	0.2	0.24	0.2	0.18	0.26	0.3	0.32	0.34	0.28	0.24	0.28	0.34	0.2	0.22	0.16
3750	0.24	0.22	0.22	0.2	0.2	0.24	0.24	0.32	0.32	0.26	0.26	0.2	0.34	0.24	0.24	0.18
3800	0.28	0.2	0.22	0.18	0.22	0.24	0.18	0.3	0.3	0.26	0.3	0.18	0.38	0.26	0.22	0.18
3850	0.28	0.12	0.2	0.16	0.24	0.16	0.16	0.28	0.24	0.18	0.28	0.12	0.36	0.26	0.2	0.2
3900	0.26	0.16	0.14	0.16	0.26	0.18	0.16	0.26	0.22	0.2	0.3	0.1	0.34	0.26	0.22	0.22
3950	0.26	0.16	0.14	0.14	0.26	0.2	0.2	0.28	0.22	0.26	0.32	0.12	0.34	0.24	0.24	0.24
4000	0.22	0.18	0.1	0.1	0.26	0.22	0.24	0.28	0.16	0.22	0.3	0.12	0.32	0.26	0.26	0.22
4050	0.32	0.18	0.12	0.12	0.24	0.22	0.28	0.3	0.14	0.2	0.32	0.14	0.26	0.28	0.24	0.18
4100	0.34	0.18	0.14	0.16	0.26	0.22	0.28	0.26	0.16	0.22	0.36	0.22	0.24	0.32	0.24	0.2
4150	0.36	0.16	0.18	0.16	0.26	0.24	0.26	0.28	0.16	0.24	0.42	0.24	0.28	0.36	0.22	0.22
4200	0.38	0.18	0.2	0.14	0.26	0.24	0.28	0.32	0.18	0.24	0.42	0.28	0.32	0.3	0.24	0.2
4250	0.4	0.26	0.22	0.16	0.26	0.3	0.3	0.28	0.18	0.28	0.44	0.32	0.28	0.32	0.22	0.22
4300	0.4	0.24	0.22	0.16	0.26	0.32	0.3	0.3	0.22	0.26	0.44	0.36	0.26	0.34	0.18	0.22
4350	0.42	0.24	0.22	0.18	0.24	0.3	0.3	0.28	0.3	0.34	0.4	0.4	0.26	0.3	0.18	0.26
4400	0.46	0.3	0.22	0.18	0.26	0.3	0.3	0.32	0.24	0.32	0.36	0.4	0.3	0.28	0.16	0.28
4450	0.42	0.28	0.18	0.16	0.28	0.3	0.28	0.32	0.3	0.32	0.34	0.38	0.26	0.32	0.16	0.28
4500	0.36	0.24	0.16	0.18	0.32	0.3	0.28	0.3	0.26	0.38	0.24	0.42	0.26	0.3	0.16	0.24
4550	0.38	0.24	0.18	0.2	0.32	0.28	0.24	0.28	0.22	0.36	0.28	0.42	0.28	0.34	0.14	0.3
4600	0.34	0.22	0.2	0.2	0.32	0.28	0.26	0.26	0.18	0.4	0.26	0.38	0.26	0.28	0.14	0.3
4650	0.32	0.2	0.22	0.26	0.34	0.26	0.28	0.26	0.14	0.4	0.28	0.42	0.28	0.32	0.18	0.34
4700	0.36	0.18	0.22	0.28	0.32	0.22	0.28	0.24	0.12	0.4	0.26	0.4	0.26	0.28	0.18	0.3
4750	0.38	0.2	0.26	0.26	0.32	0.22	0.28	0.22	0.14	0.36	0.32	0.38	0.28	0.28	0.22	0.3
4800	0.44	0.14	0.24	0.26	0.28	0.22	0.24	0.18	0.12	0.32	0.32	0.42	0.3	0.3	0.24	0.4
4850	0.4	0.16	0.22	0.28	0.24	0.26	0.26	0.2	0.1	0.34	0.34	0.4	0.24	0.3	0.26	0.4
4900	0.38	0.18	0.24	0.32	0.26	0.24	0.26	0.18	0.12	0.3	0.34	0.4	0.3	0.26	0.28	0.44
4950	0.42	0.2	0.22	0.32	0.26	0.28	0.28	0.24	0.14	0.3	0.32	0.36	0.28	0.22	0.26	0.44
5000	0.44	0.2	0.22	0.26	0.2	0.32	0.28	0.24	0.16	0.28	0.32	0.3	0.26	0.18	0.26	0.44
5050	0.38	0.18	0.18	0.24	0.16	0.34	0.32	0.24	0.2	0.26	0.32	0.26	0.24	0.16	0.24	0.4
5100	0.36	0.14	0.18	0.24	0.18	0.34	0.28	0.3	0.18	0.28	0.32	0.24	0.32	0.18	0.26	0.42
5150	0.32	0.14	0.14	0.22	0.18	0.36	0.3	0.32	0.16	0.26	0.26	0.2	0.32	0.2	0.24	0.44
5200	0.3	0.18	0.16	0.16	0.22	0.34	0.32	0.34	0.22	0.32	0.24	0.2	0.4	0.24	0.22	0.4
5250	0.3	0.22	0.14	0.14	0.2	0.34	0.32	0.34	0.2	0.32	0.26	0.2	0.42	0.24	0.22	0.38
5300	0.28	0.18	0.12	0.16	0.14	0.3	0.36	0.34	0.24	0.28	0.32	0.22	0.4	0.28	0.22	0.36
5350	0.3	0.22	0.16	0.14	0.14	0.3	0.36	0.34	0.24	0.26	0.32	0.3	0.42	0.28	0.24	0.34
5400	0.24	0.24	0.16	0.16	0.18	0.3	0.36	0.3	0.22	0.24	0.3	0.26	0.4	0.24	0.24	0.3
5450	0.3	0.24	0.18	0.14	0.2	0.3	0.28	0.34	0.26	0.26	0.26	0.3	0.38	0.22	0.22	0.3
5500	0.3	0.22	0.18	0.2	0.2	0.26	0.3	0.34	0.26	0.26	0.22	0.3	0.32	0.16	0.2	0.28
5550	0.26	0.24	0.16	0.2	0.24	0.22	0.3	0.32	0.22	0.26	0.24	0.26	0.3	0.12	0.2	0.22
5600	0.24	0.28	0.12	0.22	0.2	0.24	0.28	0.28	0.26	0.24	0.26	0.3	0.3	0.18	0.2	0.3
5650	0.24	0.24	0.14	0.24	0.2	0.26	0.32	0.28	0.22	0.26	0.2	0.3	0.28	0.16	0.14	0.28
5700	0.22	0.22	0.14	0.28	0.22	0.26	0.26	0.28	0.22	0.28	0.28	0.32	0.34	0.2	0.14	0.32
5750	0.24	0.24	0.18	0.3	0.24	0.2	0.24	0.32	0.24	0.34	0.28	0.24	0.36	0.2	0.12	0.36
5800	0.28	0.22	0.12	0.26	0.22	0.18	0.3	0.38	0.2	0.34	0.38	0.24	0.38	0.18	0.12	0.38
5850	0.22	0.2	0.1	0.24	0.18	0.18	0.3	0.4	0.2	0.32	0.38	0.26	0.4	0.18	0.18	0.4
5900	0.26	0.22	0.12	0.22	0.16	0.16	0.34	0.36	0.18	0.34	0.42	0.24	0.42	0.2	0.22	0.42
5950	0.32	0.2	0.14	0.22	0.2	0.16	0.34	0.34	0.2	0.36	0.46	0.26	0.44	0.18	0.26	0.4
6000	0.32	0.2	0.16	0.22	0.2	0.22	0.36	0.38	0.2	0.32	0.44	0.3	0.4	0.14	0.26	0.38
6050	0.36	0.2	0.18	0.2	0.22	0.2	0.34	0.36	0.22	0.34	0.42	0.32	0.36	0.16	0.3	0.34
6100	0.38	0.24	0.18	0.22	0.26	0.22	0.32	0.34	0.2	0.34	0.44	0.3	0.36	0.18	0.34	0.36
6150	0.36	0.28	0.2	0.22	0.28	0.26	0.36	0.36	0.22	0.36	0.4	0.32	0.3	0.18	0.34	0.36
6200	0.38	0.26	0.2	0.22	0.26	0.26	0.32	0.3	0.24	0.3	0.42	0.36	0.28	0.22	0.3	0.3
6250	0.4	0.28	0.18	0.22	0.28	0.26	0.28	0.26	0.22	0.28	0.4	0.32	0.3	0.24	0.26	0.32
6300	0.36	0.28	0.18	0.2	0.28	0.26	0.26	0.26	0.2	0.24	0.34	0.34	0.3	0.26	0.26	0.32
6350	0.38	0.34	0.2	0.2	0.3	0.28	0.2	0.3	0.26	0.26	0.34	0.32	0.32	0.28	0.26	0.28
6400	0.38	0.34	0.24	0.24	0.28	0.32	0.22	0.36	0.32	0.24	0.3	0.34	0.36	0.28	0.32	0.36
6450	0.36	0.34	0.26	0.24	0.32	0.32	0.2	0.3	0.3	0.22	0.3	0.28	0.4	0.26	0.3	0.34
6500	0.4	0.34	0.3	0.26	0.26	0.28	0.2	0.32	0.26	0.24	0.3	0.32	0.4	0.3	0.26	0.4
6550	0.42	0.38	0.3	0.24	0.34	0.28	0.24	0.36	0.32	0.26	0.38	0.36	0.38	0.3	0.26	0.42
6600	0.44	0.38	0.3	0.22	0.34	0.26	0.24	0.36	0.32	0.28	0.38	0.34	0.4	0.32	0.26	0.4
6650	0.4	0.38	0.3	0.28	0.3	0.26	0.26	0.4	0.34	0.32	0.4	0.36	0.4	0.34	0.26	0.42
6700	0.4	0.38	0.28	0.28	0.28	0.28	0.28	0.38	0.32	0.32	0.4	0.32	0.4	0.4	0.3	0.46
6750	0.38	0.36	0.28	0.28	0.28	0.3	0.24	0.34	0.32	0.34	0.42	0.3	0.36	0.42	0.28	0.36
6800	0.36	0.32	0.26	0.28	0.24	0.34	0.26	0.32	0.3	0.32	0.44	0.28	0.32	0.4	0.26	0.4
6850	0.36	0.28	0.26	0.24	0.28	0.34	0.26	0.34	0.24	0.3	0.46	0.32	0.3	0.42	0.26	0.4
6900	0.38	0.28	0.18	0.24	0.28	0.36	0.28	0.28	0.28	0.3	0.44	0.32	0.36	0.4	0.28	0.36
6950	0.3	0.28	0.18	0.2	0.3	0.36	0.28	0.3	0.3	0.28	0.36	0.28	0.34	0.38	0.28	0.38
7000	0.28	0.24	0.2	0.22	0.26	0.38	0.26	0.32	0.26	0.26	0.36	0.3	0.34	0.36	0.3	0.36
7050	0.3	0.2	0.18	0.16	0.28	0.34	0.28	0.28	0.26	0.22	0.36	0.32	0.34	0.38	0.32	0.32
7100	0.32	0.22	0.18	0.18	0.26	0.36	0.24	0.32	0.22	0.22	0.34	0.4	0.34	0.36	0.32	0.42
7150	0.34	0.2	0.16	0.2	0.26	0.32	0.28	0.34	0.2	0.24	0.28	0.42	0.34	0.32	0.28	0.38
7200	0.32	0.22	0.14	0.2	0.28	0.3	0.32	0.34	0.2	0.22	0.28	0.38	0.32	0.3	0.28	0.38
7250	0.32	0.24	0.12	0.22	0.26	0.32	0.28	0.32	0.18	0.2	0.26	0.4	0.34	0.3	0.26	0.38
7300	0.36	0.26	0.14	0.22	0.24	0.32	0.26	0.34	0.2	0.24	0.3	0.4	0.34	0.28	0.28	0.34
7350	0.36	0.28	0.14	0.22	0.24	0.3	0.34	0.36	0.2	0.26	0.26	0.34	0.36	0.28	0.28	0.28
7400	0.36	0.26	0.18	0.26	0.26	0.32	0.32	0.4	0.18	0.26	0.24	0.38	0.34	0.26	0.26	0.28
7450	0.32	0.26	0.2	0.26	0.3	0.34	0.3	0.36	0.2	0.3	0.22	0.3	0.3	0.16	0.24	0.28
7500	0.32	0.28	0.18	0.28	0.3	0.36	0.28	0.32	0.22	0.28	0.24	0.32	0.32	0.18	0.26	0.2
7550	0.32	0.26	0.2	0.22	0.3	0.36	0.26	0.34	0.22	0.32	0.28	0.3	0.36	0.18	0.24	0.22
7600	0.3	0.28	0.26	0.26	0.34	0.36	0.26	0.34	0.24	0.3	0.36	0.28	0.4	0.16	0.24	0.22
7650	0.26	0.26	0.32	0.26	0.36	0.34	0.28	0.32	0.22	0.28	0.36	0.32	0.42	0.14	0.24	0.2
7700	0.24	0.28	0.3	0.26	0.36	0.3	0.28	0.34	0.2	0.28	0.34	0.32	0.36	0.1	0.2	0.2
7750	0.24	0.26	0.3	0.24	0.32	0.26	0.26	0.34	0.2	0.28	0.32	0.32	0.36	0.14	0.2	0.2
7800	0.22	0.28	0.26	0.22	0.26	0.24	0.28	0.32	0.22	0.24	0.28	0.32	0.36	0.16	0.24	0.2
7850	0.26	0.28	0.28	0.24	0.24	0.26	0.28	0.3	0.22	0.24	0.3	0.3	0.34	0.2	0.28	0.18
7900	0.26	0.26	0.3	0.26	0.24	0.28	0.24	0.32	0.24	0.28	0.3	0.28	0.36	0.2	0.24	0.2
7950	0.26	0.26	0.28	0.24	0.26	0.32	0.28	0.3	0.26	0.24	0.3	0.28	0.32	0.26	0.22	0.2
8000	0.26	0.28	0.26	0.24	0.18	0.32	0.32	0.28	0.26	0.24	0.26	0.3	0.3	0.26	0.32	0.18
8050	0.24	0.26	0.24	0.24	0.2	0.34	0.34	0.34	0.26	0.22	0.24	0.28	0.3	0.28	0.3	0.18
8100	0.24	0.24	0.18	0.22	0.24	0.36	0.32	0.3	0.22	0.2	0.18	0.26	0.26	0.3	0.32	0.2
8150	0.28	0.24	0.14	0.24	0.22	0.32	0.3	0.3	0.22	0.2	0.12	0.28	0.3	0.28	0.28	0.24
8200	0.3	0.22	0.14	0.22	0.2	0.3	0.28	0.32	0.24	0.2	0.14	0.28	0.28	0.28	0.3	0.26
8250	0.32	0.2	0.14	0.2	0.18	0.26	0.28	0.36	0.26	0.18	0.14	0.28	0.32	0.26	0.3	0.28
8300	0.32	0.2	0.14	0.16	0.16	0.22	0.3	0.3	0.24	0.18	0.2	0.3	0.34	0.22	0.36	0.26
8350	0.32	0.18	0.14	0.2	0.2	0.24	0.34	0.28	0.24	0.18	0.2	0.34	0.36	0.22	0.36	0.22
8400	0.34	0.18	0.16	0.16	0.26	0.2	0.32	0.26	0.26	0.2	0.18	0.36	0.32	0.22	0.28	0.22
8450	0.32	0.16	0.14	0.18	0.24	0.2	0.3	0.3	0.3	0.22	0.2	0.32	0.32	0.24	0.32	0.2
8500	0.3	0.12	0.12	0.18	0.2	0.2	0.28	0.24	0.32	0.22	0.22	0.32	0.36	0.22	0.32	0.22
8550	0.28	0.16	0.16	0.22	0.2	0.2	0.3	0.24	0.34	0.26	0.26	0.3	0.36	0.24	0.3	0.24
8600	0.24	0.18	0.16	0.22	0.26	0.18	0.34	0.26	0.3	0.28	0.3	0.36	0.32	0.28	0.26	0.26
8650	0.24	0.18	0.12	0.24	0.28	0.18	0.34	0.28	0.34	0.3	0.34	0.32	0.34	0.28	0.34	0.3
8700	0.18	0.22	0.12	0.26	0.32	0.18	0.34	0.26	0.32	0.28	0.36	0.32	0.26	0.32	0.3	0.28
8750	0.18	0.24	0.1	0.22	0.34	0.16	0.34	0.28	0.32	0.26	0.4	0.3	0.32	0.28	0.32	0.28
8800	0.16	0.24	0.14	0.26	0.28	0.16	0.26	0.24	0.2	0.26	0.38	0.3	0.3	0.28	0.34	0.3
8850	0.2	0.24	0.2	0.22	0.26	0.24	0.3	0.26	0.18	0.26	0.42	0.36	0.26	0.3	0.32	0.36
8900	0.22	0.28	0.22	0.24	0.24	0.22	0.32	0.26	0.16	0.26	0.44	0.36	0.24	0.26	0.3	0.38
8950	0.22	0.28	0.2	0.24	0.28	0.22	0.34	0.26	0.14	0.22	0.42	0.34	0.26	0.24	0.32	0.32
9000	0.24	0.3	0.24	0.22	0.34	0.24	0.28	0.28	0.16	0.22	0.44	0.3	0.28	0.22	0.38	0.28
9050	0.2	0.32	0.3	0.22	0.26	0.24	0.32	0.28	0.18	0.24	0.44	0.34	0.3	0.2	0.32	0.3
9100	0.22	0.28	0.32	0.24	0.26	0.28	0.34	0.28	0.18	0.24	0.38	0.34	0.3	0.22	0.32	0.3
9150	0.24	0.26	0.32	0.2	0.26	0.3	0.34	0.36	0.26	0.28	0.4	0.36	0.32	0.22	0.34	0.26
9200	0.24	0.28	0.34	0.24	0.28	0.34	0.4	0.32	0.32	0.26	0.4	0.34	0.28	0.22	0.28	0.24
9250	0.26	0.3	0.28	0.18	0.24	0.32	0.42	0.36	0.3	0.3	0.42	0.3	0.38	0.26	0.24	0.22
9300	0.26	0.3	0.28	0.2	0.22	0.32	0.44	0.36	0.32	0.26	0.4	0.28	0.38	0.26	0.26	0.26
9350	0.28	0.28	0.3	0.18	0.28	0.34	0.44	0.4	0.3	0.3	0.42	0.38	0.4	0.3	0.32	0.28
9400	0.28	0.28	0.3	0.18	0.28	0.32	0.42	0.42	0.34	0.36	0.44	0.32	0.4	0.3	0.3	0.3
9450	0.3	0.26	0.24	0.18	0.28	0.26	0.4	0.44	0.32	0.36	0.48	0.28	0.46	0.28	0.3	0.32
9500	0.26	0.28	0.22	0.18	0.32	0.28	0.42	0.44	0.26	0.32	0.52	0.32	0.44	0.26	0.32	0.38
9550	0.26	0.24	0.24	0.18	0.3	0.32	0.46	0.42	0.22	0.36	0.46	0.34	0.42	0.28	0.28	0.42
9600	0.26	0.24	0.22	0.14	0.32	0.28	0.46	0.4	0.24	0.4	0.42	0.38	0.44	0.26	0.32	0.4
9650	0.26	0.24	0.22	0.16	0.34	0.26	0.44	0.4	0.26	0.38	0.38	0.42	0.44	0.26	0.34	0.42
9700	0.26	0.22	0.26	0.18	0.4	0.28	0.44	0.38	0.3	0.44	0.36	0.4	0.36	0.24	0.36	0.38
9750	0.28	0.26	0.26	0.18	0.38	0.26	0.42	0.36	0.28	0.4	0.34	0.38	0.34	0.26	0.34	0.36
9800	0.26	0.28	0.28	0.18	0.38	0.3	0.38	0.34	0.24	0.4	0.32	0.38	0.34	0.28	0.36	0.34
9850	0.28	0.32	0.3	0.2	0.4	0.28	0.34	0.3	0.28	0.36	0.3	0.36	0.34	0.32	0.34	0.3
9900	0.3	0.34	0.28	0.16	0.4	0.22	0.34	0.26	0.26	0.34	0.28	0.38	0.34	0.32	0.36	0.28
9950	0.32	0.3	0.28	0.18	0.38	0.18	0.32	0.26	0.26	0.28	0.3	0.34	0.4	0.28	0.42	0.26
10000	0.36	0.3	0.26	0.18	0.36	0.16	0.3	0.28	0.26	0.22	0.32	0.36	0.42	0.26	0.4	0.24
10050	0.34	0.3	0.26	0.2	0.34	0.12	0.3	0.28	0.24	0.26	0.34	0.28	0.4	0.26	0.42	0.26
10100	0.38	0.28	0.2	0.18	0.34	0.14	0.32	0.28	0.22	0.26	0.28	0.28	0.38	0.24	0.4	0.22
10150	0.36	0.24	0.14	0.18	0.32	0.12	0.24	0.22	0.3	0.32	0.3	0.24	0.42	0.24	0.38	0.3
10200	0.38	0.24	0.14	0.16	0.28	0.1	0.24	0.24	0.34	0.32	0.3	0.24	0.42	0.22	0.4	0.32
10250	0.36	0.28	0.16	0.22	0.3	0.14	0.24	0.28	0.34	0.38	0.3	0.28	0.42	0.22	0.36	0.28
10300	0.34	0.32	0.14	0.24	0.32	0.16	0.26	0.28	0.34	0.4	0.34	0.28	0.4	0.22	0.34	0.32
10350	0.34	0.3	0.16	0.24	0.36	0.22	0.28	0.24	0.38	0.4	0.28	0.28	0.34	0.22	0.3	0.36
10400	0.34	0.32	0.18	0.26	0.38	0.24	0.26	0.28	0.42	0.34	0.32	0.34	0.28	0.26	0.32	0.38
10450	0.42	0.38	0.22	0.3	0.38	0.3	0.28	0.34	0.42	0.28	0.3	0.4	0.24	0.28	0.28	0.4
10500	0.4	0.44	0.26	0.28	0.4	0.32	0.32	0.4	0.48	0.32	0.3	0.38	0.26	0.28	0.3	0.44
10550	0.42	0.44	0.26	0.38	0.42	0.42	0.3	0.44	0.44	0.3	0.42	0.36	0.3	0.38	0.32	0.48
10600	0.44	0.5	0.3	0.38	0.46	0.52	0.38	0.46	0.48	0.3	0.44	0.4	0.3	0.36	0.34	0.42
10650	0.46	0.5	0.26	0.32	0.46	0.52	0.38	0.44	0.46	0.34	0.44	0.32	0.34	0.4	0.32	0.42
10700	0.48	0.44	0.28	0.38	0.5	0.54	0.42	0.46	0.48	0.36	0.48	0.36	0.38	0.4	0.32	0.44
10750	0.48	0.46	0.3	0.4	0.46	0.58	0.42	0.46	0.44	0.36	0.52	0.36	0.38	0.36	0.38	0.46
10800	0.46	0.46	0.34	0.42	0.5	0.6	0.42	0.46	0.46	0.4	0.54	0.38	0.4	0.38	0.42	0.5
10850	0.48	0.4	0.38	0.42	0.5	0.62	0.44	0.46	0.46	0.44	0.54	0.34	0.44	0.42	0.48	0.54
10900	0.5	0.38	0.42	0.42	0.56	0.64	0.46	0.46	0.48	0.48	0.54	0.36	0.46	0.42	0.54	0.52
10950	0.54	0.38	0.5	0.42	0.54	0.58	0.52	0.48	0.46	0.44	0.44	0.44	0.52	0.44	0.52	0.52
11000	0.52	0.38	0.5	0.44	0.54	0.48	0.54	0.46	0.46	0.46	0.5	0.5	0.48	0.4	0.5	0.5
11050	0.52	0.42	0.48	0.46	0.58	0.5	0.54	0.52	0.48	0.46	0.46	0.54	0.5	0.4	0.6	0.56
11100	0.54	0.36	0.48	0.5	0.6	0.58	0.54	0.56	0.5	0.46	0.5	0.54	0.48	0.44	0.54	0.54
11150	0.58	0.4	0.5	0.46	0.54	0.58	0.54	0.64	0.5	0.46	0.46	0.54	0.48	0.46	0.52	0.58
11200	0.56	0.42	0.5	0.46	0.54	0.58	0.52	0.6	0.42	0.42	0.48	0.52	0.46	0.46	0.5	0.52
11250	0.58	0.46	0.5	0.48	0.54	0.58	0.56	0.54	0.42	0.48	0.5	0.54	0.44	0.46	0.44	0.58
11300	0.56	0.48	0.48	0.52	0.52	0.54	0.58	0.54	0.42	0.46	0.46	0.58	0.46	0.46	0.46	0.54
11350	0.54	0.48	0.46	0.46	0.52	0.56	0.52	0.58	0.4	0.44	0.5	0.58	0.46	0.44	0.48	0.46
11400	0.52	0.46	0.46	0.46	0.52	0.62	0.5	0.54	0.44	0.44	0.5	0.6	0.48	0.46	0.44	0.48
11450	0.48	0.48	0.48	0.46	0.56	0.62	0.48	0.58	0.46	0.46	0.48	0.62	0.5	0.46	0.5	0.52
11500	0.52	0.5	0.5	0.46	0.58	0.62	0.5	0.52	0.5	0.46	0.5	0.58	0.54	0.5	0.54	0.54
11550	0.52	0.44	0.54	0.5	0.6	0.56	0.52	0.54	0.54	0.44	0.56	0.58	0.52	0.5	0.6	0.64
11600	0.52	0.46	0.56	0.54	0.62	0.58	0.54	0.58	0.52	0.4	0.56	0.62	0.52	0.5	0.56	0.62
11650	0.54	0.48	0.56	0.56	0.62	0.54	0.54	0.64	0.54	0.38	0.54	0.64	0.52	0.48	0.54	0.6
11700	0.58	0.5	0.54	0.56	0.62	0.56	0.56	0.66	0.54	0.4	0.54	0.64	0.56	0.5	0.56	0.6
11750	0.54	0.52	0.52	0.62	0.62	0.58	0.58	0.64	0.56	0.4	0.56	0.6	0.56	0.54	0.58	0.7
11800	0.58	0.5	0.5	0.62	0.6	0.56	0.58	0.62	0.56	0.44	0.62	0.62	0.54	0.54	0.58	0.7
11850	0.56	0.52	0.5	0.66	0.58	0.58	0.54	0.64	0.56	0.5	0.56	0.58	0.54	0.54	0.54	0.7
11900	0.54	0.52	0.46	0.6	0.62	0.64	0.48	0.6	0.56	0.5	0.5	0.56	0.46	0.5	0.56	0.7
11950	0.48	0.52	0.48	0.68	0.6	0.66	0.56	0.62	0.58	0.6	0.54	0.54	0.5	0.48	0.54	0.62
12000	0.48	0.58	0.5	0.66	0.6	0.66	0.52	0.62	0.58	0.64	0.52	0.58	0.54	0.56	0.6	0.6
12050	0.54	0.58	0.54	0.66	0.64	0.68	0.5	0.58	0.62	0.64	0.54	0.62	0.58	0.56	0.58	0.62
12100	0.62	0.58	0.56	0.6	0.62	0.68	0.52	0.54	0.62	0.7	0.56	0.62	0.54	0.56	0.56	0.6
12150	0.62	0.54	0.54	0.64	0.7	0.66	0.52	0.54	0.64	0.7	0.56	0.6	0.52	0.58	0.58	0.56
12200	0.64	0.6	0.54	0.66	0.7	0.64	0.52	0.54	0.62	0.74	0.56	0.64	0.56	0.64	0.6	0.54
12250	0.66	0.6	0.56	0.66	0.74	0.66	0.54	0.6	0.64	0.74	0.62	0.6	0.56	0.64	0.62	0.58
12300	0.64	0.64	0.58	0.68	0.7	0.68	0.48	0.56	0.62	0.78	0.66	0.62	0.6	0.64	0.64	0.54
12350	0.68	0.66	0.6	0.62	0.66	0.68	0.46	0.58	0.66	0.74	0.72	0.68	0.6	0.64	0.66	0.54
12400	0.78	0.64	0.62	0.6	0.62	0.68	0.42	0.54	0.66	0.7	0.72	0.66	0.6	0.58	0.76	0.54
12450	0.7	0.62	0.64	0.58	0.62	0.7	0.46	0.58	0.64	0.7	0.74	0.6	0.56	0.54	0.76	0.58
12500	0.64	0.62	0.64	0.56	0.62	0.72	0.46	0.64	0.64	0.7	0.76	0.62	0.6	0.56	0.78	0.58
12550	0.62	0.62	0.66	0.56	0.6	0.82	0.42	0.68	0.64	0.66	0.74	0.64	0.6	0.56	0.76	0.58
12600	0.64	0.62	0.66	0.54	0.6	0.8	0.42	0.64	0.66	0.68	0.76	0.64	0.6	0.58	0.7	0.54
12650	0.7	0.64	0.68	0.54	0.64	0.82	0.5	0.7	0.62	0.64	0.72	0.6	0.58	0.54	0.7	0.54
12700	0.66	0.62	0.72	0.56	0.62	0.8	0.52	0.68	0.6	0.58	0.68	0.64	0.58	0.52	0.7	0.5
12750	0.66	0.64	0.7	0.56	0.66	0.78	0.5	0.66	0.6	0.56	0.66	0.64	0.54	0.56	0.66	0.48
12800	0.68	0.7	0.66	0.56	0.62	0.76	0.44	0.68	0.6	0.56	0.62	0.62	0.58	0.56	0.64	0.48
12850	0.68	0.68	0.66	0.62	0.7	0.76	0.46	0.66	0.58	0.56	0.64	0.68	0.56	0.54	0.58	0.5
12900	0.72	0.66	0.6	0.6	0.64	0.76	0.48	0.62	0.56	0.56	0.6	0.66	0.54	0.56	0.58	0.46
12950	0.7	0.66	0.6	0.62	0.66	0.72	0.48	0.62	0.56	0.54	0.64	0.68	0.6	0.56	0.62	0.48
13000	0.7	0.62	0.58	0.66	0.6	0.68	0.46	0.6	0.52	0.54	0.62	0.64	0.56	0.58	0.62	0.5
13050	0.7	0.58	0.58	0.66	0.52	0.72	0.46	0.62	0.56	0.52	0.54	0.6	0.52	0.56	0.6	0.5
13100	0.68	0.6	0.58	0.56	0.5	0.68	0.44	0.62	0.56	0.52	0.56	0.64	0.5	0.56	0.58	0.52
13150	0.68	0.54	0.62	0.6	0.44	0.64	0.44	0.58	0.54	0.58	0.5	0.66	0.48	0.62	0.56	0.52
13200	0.66	0.54	0.56	0.58	0.44	0.64	0.46	0.62	0.58	0.58	0.56	0.64	0.54	0.62	0.56	0.58
13250	0.66	0.54	0.54	0.6	0.5	0.64	0.44	0.58	0.6	0.56	0.56	0.7	0.52	0.6	0.54	0.62
13300	0.64	0.56	0.52	0.6	0.52	0.62	0.48	0.54	0.58	0.6	0.58	0.7	0.52	0.62	0.62	0.62
13350	0.58	0.54	0.48	0.58	0.52	0.64	0.5	0.52	0.6	0.62	0.64	0.7	0.48	0.66	0.64	0.66
13400	0.52	0.52	0.48	0.58	0.56	0.66	0.52	0.54	0.62	0.62	0.68	0.72	0.54	0.64	0.64	0.6
13450	0.54	0.54	0.5	0.64	0.62	0.68	0.5	0.6	0.62	0.62	0.68	0.78	0.56	0.6	0.64	0.6
13500	0.54	0.54	0.48	0.64	0.64	0.64	0.52	0.62	0.64	0.58	0.68	0.74	0.56	0.6	0.72	0.62
13550	0.5	0.5	0.54	0.64	0.62	0.62	0.52	0.6	0.64	0.56	0.66	0.74	0.54	0.6	0.78	0.62
13600	0.5	0.5	0.52	0.72	0.7	0.62	0.52	0.66	0.64	0.64	0.64	0.76	0.56	0.62	0.76	0.64
13650	0.54	0.46	0.52	0.74	0.68	0.6	0.52	0.66	0.66	0.54	0.6	0.7	0.52	0.58	0.76	0.66
13700	0.6	0.46	0.56	0.78	0.68	0.6	0.52	0.6	0.7	0.54	0.62	0.7	0.56	0.54	0.8	0.66
13750	0.62	0.5	0.66	0.8	0.66	0.64	0.52	0.6	0.74	0.54	0.62	0.72	0.58	0.5	0.76	0.68
13800	0.66	0.48	0.66	0.76	0.66	0.64	0.6	0.58	0.72	0.56	0.58	0.7	0.54	0.5	0.8	0.78
13850	0.68	0.52	0.68	0.76	0.6	0.64	0.6	0.58	0.74	0.54	0.56	0.66	0.52	0.54	0.78	0.76
13900	0.74	0.48	0.66	0.8	0.58	0.72	0.68	0.62	0.72	0.6	0.58	0.62	0.5	0.54	0.74	0.72
13950	0.74	0.52	0.72	0.76	0.6	0.72	0.74	0.64	0.66	0.6	0.6	0.6	0.54	0.56	0.72	0.72
14000	0.7	0.54	0.68	0.74	0.64	0.68	0.74	0.68	0.68	0.62	0.7	0.6	0.5	0.54	0.72	0.72
14050	0.72	0.56	0.66	0.66	0.64	0.66	0.74	0.68	0.66	0.66	0.72	0.58	0.52	0.54	0.72	0.66
14100	0.74	0.52	0.72	0.62	0.64	0.7	0.72	0.68	0.7	0.7	0.7	0.68	0.52	0.56	0.64	0.66
14150	0.7	0.52	0.68	0.6	0.68	0.7	0.72	0.64	0.7	0.76	0.72	0.66	0.54	0.58	0.64	0.7
14200	0.66	0.54	0.74	0.64	0.7	0.7	0.68	0.72	0.7	0.84	0.78	0.64	0.58	0.64	0.66	0.7
14250	0.68	0.52	0.74	0.62	0.7	0.7	0.66	0.66	0.68	0.8	0.7	0.64	0.58	0.66	0.62	0.7
14300	0.72	0.56	0.76	0.58	0.74	0.74	0.66	0.62	0.66	0.8	0.7	0.68	0.58	0.66	0.58	0.72
14350	0.76	0.6	0.82	0.58	0.78	0.82	0.64	0.62	0.72	0.84	0.64	0.76	0.62	0.6	0.6	0.72
14400	0.8	0.6	0.78	0.54	0.74	0.84	0.64	0.6	0.74	0.82	0.7	0.76	0.64	0.54	0.62	0.74
14450	0.8	0.54	0.8	0.62	0.74	0.78	0.62	0.62	0.76	0.76	0.64	0.72	0.66	0.54	0.64	0.68
14500	0.74	0.52	0.8	0.66	0.7	0.74	0.62	0.64	0.7	0.78	0.54	0.66	0.66	0.5	0.68	0.7
14550	0.76	0.52	0.78	0.64	0.68	0.66	0.64	0.6	0.66	0.72	0.52	0.62	0.66	0.5	0.66	0.66
14600	0.72	0.52	0.72	0.6	0.66	0.64	0.62	0.6	0.66	0.68	0.54	0.64	0.68	0.56	0.66	0.64
14650	0.7	0.52	0.68	0.64	0.66	0.64	0.54	0.68	0.62	0.68	0.58	0.58	0.66	0.52	0.66	0.6
14700	0.66	0.52	0.7	0.66	0.58	0.62	0.54	0.68	0.62	0.72	0.56	0.58	0.64	0.56	0.64	0.6
14750	0.62	0.5	0.68	0.66	0.6	0.64	0.56	0.72	0.64	0.7	0.58	0.58	0.66	0.56	0.64	0.6
14800	0.66	0.56	0.64	0.66	0.58	0.62	0.54	0.72	0.64	0.68	0.56	0.54	0.66	0.62	0.66	0.64
14850	0.66	0.6	0.68	0.68	0.6	0.64	0.56	0.72	0.66	0.68	0.56	0.6	0.66	0.64	0.68	0.62
14900	0.66	0.64	0.68	0.68	0.62	0.64	0.56	0.74	0.64	0.7	0.56	0.64	0.62	0.68	0.66	0.64
14950	0.7	0.64	0.68	0.66	0.64	0.72	0.6	0.76	0.7	0.72	0.62	0.62	0.66	0.62	0.64	0.62
15000	0.64	0.66	0.66	0.64	0.62	0.76	0.56	0.7	0.64	0.74	0.68	0.6	0.62	0.62	0.62	0.64
15050	0.64	0.62	0.66	0.68	0.66	0.74	0.6	0.66	0.6	0.72	0.72	0.64	0.68	0.64	0.62	0.64
15100	0.64	0.64	0.68	0.68	0.66	0.7	0.62	0.62	0.6	0.66	0.72	0.6	0.68	0.68	0.66	0.66
15150	0.68	0.6	0.7	0.68	0.68	0.72	0.6	0.64	0.62	0.66	0.74	0.62	0.6	0.64	0.64	0.7
15200	0.66	0.52	0.68	0.62	0.64	0.72	0.58	0.6	0.56	0.66	0.74	0.62	0.54	0.7	0.58	0.64
15250	0.7	0.52	0.66	0.68	0.64	0.72	0.62	0.62	0.6	0.68	0.76	0.66	0.52	0.68	0.54	0.62
15300	0.66	0.48	0.68	0.66	0.62	0.7	0.62	0.66	0.62	0.62	0.7	0.66	0.54	0.64	0.54	0.62
15350	0.66	0.54	0.76	0.7	0.62	0.7	0.64	0.64	0.62	0.6	0.66	0.64	0.56	0.64	0.54	0.62
15400	0.6	0.56	0.78	0.66	0.62	0.7	0.66	0.7	0.6	0.58	0.64	0.68	0.52	0.68	0.56	0.66
15450	0.58	0.52	0.7	0.6	0.62	0.76	0.62	0.68	0.62	0.54	0.6	0.72	0.52	0.64	0.62	0.64
15500	0.6	0.56	0.7	0.64	0.6	0.78	0.6	0.66	0.66	0.62	0.58	0.72	0.54	0.56	0.66	0.68
15550	0.6	0.56	0.7	0.62	0.54	0.78	0.6	0.62	0.68	0.62	0.6	0.7	0.52	0.56	0.68	0.64
15600	0.58	0.6	0.7	0.68	0.52	0.8	0.56	0.62	0.68	0.64	0.58	0.64	0.54	0.54	0.62	0.6
15650	0.58	0.62	0.66	0.66	0.44	0.78	0.48	0.6	0.72	0.66	0.58	0.58	0.52	0.5	0.58	0.56
15700	0.52	0.62	0.6	0.66	0.46	0.78	0.48	0.58	0.72	0.66	0.62	0.6	0.56	0.48	0.56	0.54
15750	0.56	0.64	0.6	0.7	0.46	0.8	0.46	0.6	0.72	0.62	0.66	0.6	0.62	0.5	0.56	0.54
15800	0.6	0.62	0.66	0.72	0.48	0.84	0.48	0.58	0.72	0.64	0.66	0.6	0.64	0.54	0.52	0.54
15850	0.58	0.58	0.68	0.78	0.5	0.82	0.46	0.56	0.72	0.66	0.64	0.56	0.66	0.56	0.48	0.58
15900	0.58	0.64	0.7	0.76	0.54	0.82	0.48	0.58	0.72	0.7	0.66	0.6	0.66	0.56	0.46	0.6
15950	0.6	0.68	0.74	0.74	0.52	0.84	0.5	0.6	0.72	0.68	0.64	0.58	0.66	0.56	0.42	0.6
16000	0.6	0.72	0.8	0.78	0.56	0.78	0.48	0.6	0.7	0.72	0.66	0.6	0.68	0.62	0.52	0.64
16050	0.62	0.72	0.8	0.76	0.58	0.8	0.5	0.62	0.72	0.66	0.64	0.64	0.68	0.6	0.54	0.68
16100	0.6	0.68	0.74	0.72	0.58	0.8	0.46	0.66	0.68	0.7	0.6	0.62	0.68	0.6	0.52	0.7
16150	0.66	0.74	0.8	0.76	0.58	0.82	0.5	0.68	0.7	0.72	0.58	0.6	0.66	0.52	0.56	0.78
16200	0.6	0.76	0.78	0.76	0.62	0.78	0.5	0.66	0.68	0.7	0.6	0.64	0.66	0.58	0.6	0.8
16250	0.6	0.74	0.76	0.74	0.6	0.82	0.48	0.7	0.7	0.68	0.58	0.62	0.66	0.58	0.62	0.78
16300	0.6	0.74	0.76	0.78	0.58	0.84	0.46	0.68	0.72	0.64	0.54	0.64	0.68	0.58	0.68	0.78
16350	0.62	0.74	0.74	0.8	0.56	0.82	0.46	0.66	0.7	0.64	0.54	0.64	0.72	0.6	0.72	0.8
16400	0.6	0.74	0.68	0.8	0.58	0.82	0.46	0.66	0.7	0.64	0.54	0.7	0.7	0.58	0.68	0.78
16450	0.66	0.78	0.7	0.78	0.58	0.78	0.46	0.72	0.72	0.68	0.58	0.7	0.7	0.58	0.66	0.82
16500	0.62	0.78	0.72	0.76	0.56	0.78	0.48	0.72	0.76	0.64	0.6	0.7	0.68	0.6	0.66	0.78
16550	0.6	0.8	0.74	0.78	0.64	0.76	0.48	0.74	0.76	0.64	0.64	0.76	0.7	0.62	0.6	0.74
16600	0.62	0.74	0.78	0.8	0.64	0.74	0.58	0.74	0.8	0.66	0.64	0.74	0.68	0.62	0.58	0.68
16650	0.58	0.74	0.76	0.82	0.64	0.76	0.58	0.72	0.78	0.64	0.74	0.78	0.68	0.62	0.62	0.7
16700	0.58	0.72	0.8	0.86	0.72	0.76	0.58	0.7	0.78	0.68	0.76	0.7	0.72	0.6	0.62	0.66
16750	0.56	0.68	0.78	0.8	0.74	0.74	0.6	0.7	0.78	0.72	0.7	0.72	0.68	0.64	0.7	0.66
16800	0.54	0.66	0.8	0.76	0.7	0.7	0.64	0.66	0.78	0.68	0.72	0.74	0.68	0.62	0.7	0.66
16850	0.52	0.68	0.8	0.76	0.74	0.7	0.64	0.66	0.72	0.74	0.7	0.72	0.68	0.64	0.68	0.66
16900	0.54	0.64	0.78	0.78	0.76	0.72	0.64	0.64	0.7	0.76	0.7	0.74	0.74	0.62	0.66	0.64
16950	0.56	0.62	0.7	0.78	0.66	0.72	0.66	0.6	0.72	0.76	0.72	0.7	0.8	0.56	0.6	0.64
17000	0.58	0.6	0.68	0.74	0.66	0.76	0.66	0.58	0.7	0.8	0.72	0.7	0.76	0.58	0.62	0.68
17050	0.62	0.6	0.68	0.72	0.64	0.78	0.64	0.58	0.66	0.84	0.68	0.68	0.76	0.58	0.62	0.7
17100	0.62	0.6	0.6	0.72	0.6	0.74	0.72	0.56	0.68	0.82	0.7	0.68	0.78	0.58	0.6	0.68
17150	0.6	0.64	0.6	0.72	0.6	0.68	0.72	0.62	0.66	0.8	0.74	0.62	0.8	0.56	0.56	0.7
17200	0.62	0.68	0.56	0.74	0.6	0.68	0.74	0.62	0.64	0.8	0.78	0.62	0.78	0.66	0.6	0.74
17250	0.72	0.7	0.6	0.74	0.6	0.7	0.76	0.62	0.66	0.76	0.78	0.72	0.76	0.64	0.68	0.78
17300	0.72	0.72	0.66	0.76	0.64	0.72	0.72	0.66	0.64	0.76	0.8	0.72	0.72	0.64	0.74	0.8
17350	0.68	0.72	0.72	0.74	0.7	0.74	0.72	0.72	0.68	0.74	0.82	0.74	0.74	0.62	0.7	0.88
17400	0.66	0.76	0.68	0.72	0.7	0.76	0.68	0.7	0.62	0.7	0.8	0.74	0.68	0.6	0.7	0.86
17450	0.66	0.74	0.7	0.74	0.66	0.74	0.68	0.72	0.6	0.7	0.76	0.74	0.66	0.62	0.7	0.84
17500	0.68	0.78	0.74	0.76	0.7	0.8	0.68	0.76	0.62	0.68	0.78	0.78	0.64	0.62	0.7	0.8
17550	0.66	0.78	0.8	0.72	0.72	0.82	0.66	0.74	0.62	0.7	0.74	0.78	0.62	0.62	0.72	0.8
17600	0.7	0.78	0.7	0.74	0.72	0.84	0.62	0.74	0.62	0.74	0.76	0.74	0.62	0.6	0.72	0.78
17650	0.64	0.76	0.68	0.76	0.72	0.84	0.56	0.74	0.6	0.76	0.66	0.7	0.62	0.54	0.68	0.74
17700	0.62	0.78	0.66	0.78	0.72	0.84	0.58	0.72	0.6	0.74	0.64	0.7	0.66	0.6	0.68	0.7
17750	0.66	0.74	0.68	0.76	0.7	0.84	0.6	0.74	0.64	0.72	0.66	0.72	0.68	0.62	0.7	0.66
17800	0.68	0.74	0.7	0.78	0.68	0.84	0.66	0.7	0.62	0.72	0.66	0.7	0.66	0.64	0.68	0.66
17850	0.62	0.76	0.72	0.78	0.66	0.78	0.64	0.7	0.62	0.7	0.7	0.7	0.64	0.68	0.66	0.68
17900	0.64	0.78	0.76	0.78	0.68	0.78	0.62	0.74	0.64	0.72	0.66	0.74	0.64	0.68	0.66	0.7
17950	0.66	0.82	0.76	0.78	0.68	0.78	0.6	0.72	0.66	0.7	0.68	0.72	0.68	0.7	0.68	0.72
18000	0.72	0.8	0.76	0.74	0.7	0.76	0.6	0.74	0.7	0.68	0.62	0.72	0.7	0.72	0.6	0.68
18050	0.7	0.76	0.76	0.74	0.72	0.74	0.6	0.76	0.7	0.66	0.66	0.76	0.7	0.72	0.64	0.72
18100	0.68	0.8	0.8	0.74	0.72	0.72	0.62	0.78	0.7	0.7	0.58	0.74	0.7	0.76	0.62	0.76
18150	0.68	0.82	0.78	0.76	0.78	0.7	0.6	0.78	0.72	0.68	0.62	0.74	0.72	0.76	0.62	0.76
18200	0.74	0.8	0.74	0.74	0.74	0.72	0.54	0.8	0.72	0.68	0.7	0.78	0.72	0.76	0.64	0.82
18250	0.76	0.8	0.7	0.76	0.74	0.72	0.58	0.78	0.76	0.74	0.7	0.7	0.8	0.78	0.7	0.82
18300	0.74	0.76	0.68	0.7	0.76	0.72	0.54	0.8	0.74	0.78	0.74	0.72	0.8	0.74	0.7	0.84
18350	0.74	0.72	0.64	0.7	0.74	0.74	0.56	0.72	0.74	0.8	0.76	0.66	0.8	0.72	0.7	0.8
18400	0.72	0.74	0.64	0.66	0.72	0.74	0.64	0.74	0.72	0.78	0.8	0.66	0.8	0.7	0.72	0.8
18450	0.64	0.78	0.66	0.64	0.72	0.76	0.62	0.72	0.72	0.78	0.84	0.66	0.8	0.72	0.74	0.8
18500	0.66	0.76	0.7	0.64	0.76	0.76	0.68	0.74	0.7	0.78	0.82	0.6	0.8	0.7	0.78	0.78
18550	0.66	0.74	0.68	0.6	0.76	0.7	0.64	0.74	0.68	0.8	0.8	0.6	0.8	0.74	0.78	0.76
18600	0.68	0.74	0.72	0.62	0.8	0.76	0.7	0.74	0.68	0.8	0.78	0.62	0.8	0.74	0.76	0.74
18650	0.7	0.76	0.72	0.62	0.8	0.72	0.64	0.76	0.72	0.78	0.8	0.66	0.82	0.7	0.7	0.78
18700	0.68	0.8	0.72	0.6	0.8	0.68	0.64	0.76	0.74	0.78	0.84	0.7	0.76	0.74	0.7	0.84
18750	0.64	0.78	0.74	0.58	0.74	0.66	0.64	0.74	0.72	0.8	0.84	0.72	0.7	0.74	0.7	0.86
18800	0.62	0.76	0.78	0.62	0.72	0.62	0.6	0.74	0.66	0.8	0.8	0.8	0.72	0.74	0.7	0.88
18850	0.7	0.76	0.78	0.62	0.7	0.62	0.58	0.74	0.7	0.82	0.82	0.82	0.72	0.74	0.66	0.88
18900	0.66	0.78	0.8	0.6	0.68	0.62	0.58	0.76	0.7	0.8	0.84	0.8	0.7	0.72	0.7	0.86
18950	0.6	0.78	0.8	0.6	0.72	0.68	0.64	0.78	0.78	0.8	0.82	0.84	0.66	0.72	0.68	0.88
19000	0.62	0.74	0.82	0.58	0.72	0.64	0.62	0.76	0.84	0.8	0.84	0.82	0.64	0.64	0.76	0.9
19050	0.6	0.74	0.76	0.62	0.74	0.68	0.62	0.76	0.82	0.8	0.82	0.82	0.64	0.58	0.74	0.88
19100	0.6	0.72	0.76	0.58	0.82	0.72	0.64	0.76	0.84	0.84	0.84	0.8	0.66	0.6	0.8	0.86
19150	0.64	0.74	0.76	0.56	0.8	0.72	0.64	0.78	0.84	0.82	0.86	0.82	0.7	0.56	0.82	0.84
19200	0.6	0.74	0.78	0.6	0.78	0.74	0.62	0.76	0.86	0.76	0.82	0.76	0.68	0.6	0.86	0.84
19250	0.58	0.76	0.78	0.62	0.76	0.74	0.58	0.78	0.88	0.68	0.78	0.72	0.68	0.64	0.8	0.8
19300	0.6	0.72	0.78	0.66	0.74	0.7	0.58	0.74	0.82	0.68	0.72	0.68	0.7	0.7	0.76	0.76
19350	0.54	0.74	0.8	0.68	0.7	0.7	0.54	0.72	0.8	0.64	0.66	0.7	0.7	0.7	0.66	0.72
19400	0.58	0.72	0.76	0.72	0.68	0.72	0.5	0.72	0.72	0.64	0.68	0.72	0.68	0.76	0.64	0.7
19450	0.56	0.76	0.78	0.78	0.62	0.76	0.56	0.74	0.68	0.58	0.68	0.7	0.66	0.74	0.58	0.72
19500	0.58	0.8	0.78	0.86	0.62	0.7	0.56	0.72	0.66	0.56	0.7	0.72	0.68	0.74	0.58	0.72
19550	0.56	0.8	0.66	0.8	0.6	0.7	0.62	0.7	0.62	0.6	0.72	0.72	0.68	0.78	0.58	0.7
19600	0.58	0.8	0.66	0.8	0.62	0.68	0.66	0.68	0.68	0.64	0.78	0.68	0.66	0.8	0.56	0.7
19650	0.62	0.8	0.64	0.84	0.66	0.72	0.66	0.7	0.68	0.72	0.78	0.7	0.66	0.76	0.56	0.7
19700	0.68	0.8	0.62	0.82	0.68	0.76	0.64	0.68	0.68	0.74	0.82	0.72	0.7	0.72	0.62	0.7
19750	0.7	0.82	0.66	0.82	0.66	0.74	0.6	0.66	0.62	0.74	0.74	0.68	0.68	0.68	0.6	0.78
19800	0.72	0.82	0.68	0.78	0.68	0.76	0.58	0.68	0.7	0.8	0.74	0.68	0.74	0.68	0.6	0.8
19850	0.74	0.76	0.66	0.78	0.64	0.76	0.6	0.64	0.76	0.84	0.72	0.7	0.72	0.7	0.62	0.8
19900	0.78	0.74	0.74	0.72	0.62	0.78	0.56	0.62	0.78	0.8	0.72	0.68	0.76	0.72	0.64	0.76
19950	0.76	0.74	0.74	0.7	0.6	0.82	0.56	0.64	0.8	0.76	0.78	0.7	0.76	0.74	0.66	0.76
20000	0.7	0.76	0.74	0.76	0.6	0.84	0.54	0.68	0.86	0.78	0.74	0.72	0.78	0.78	0.64	0.74
