0	0.0	0.0	0.0	0.0	0.0	0.0	0.0	0.0	0.0	0.0	0.0	0.0	0.0	0.0	0.0	0.0
50	0.0	0.0	0.25	0.0	0.0	0.0	0.0	0.0	0.2	0.333333333333	0.0	0.166666666667	1.0	0.2	0.0	0.0
100	0.0	0.0	0.4	0.25	0.25	0.142857142857	0.0	0.222222222222	0.545454545455	0.5	0.333333333333	0.272727272727	0.75	0.444444444444	0.0	0.333333333333
150	0.375	0.0	0.5	0.3	0.428571428571	0.333333333333	0.2	0.333333333333	0.666666666667	0.7	0.333333333333	0.428571428571	0.857142857143	0.5	0.375	0.5
200	0.571428571429	0.0	0.636363636364	0.272727272727	0.555555555556	0.5	0.285714285714	0.5	0.705882352941	0.75	0.444444444444	0.466666666667	0.9	0.533333333333	0.583333333333	0.714285714286
250	0.684210526316	0.166666666667	0.75	0.466666666667	0.692307692308	0.533333333333	0.375	0.52380952381	0.736842105263	0.769230769231	0.545454545455	0.555555555556	0.941176470588	0.666666666667	0.642857142857	0.7
300	0.684210526316	0.333333333333	0.789473684211	0.5	0.764705882353	0.631578947368	0.473684210526	0.6	0.772727272727	0.833333333333	0.666666666667	0.619047619048	0.95	0.72	0.666666666667	0.75
350	0.75	0.375	0.809523809524	0.555555555556	0.809523809524	0.666666666667	0.62962962963	0.62962962963	0.807692307692	0.85	0.666666666667	0.666666666667	0.96	0.730769230769	0.7	0.75
400	0.785714285714	0.411764705882	0.851851851852	0.6	0.818181818182	0.68	0.69696969697	0.6875	0.827586206897	0.863636363636	0.705882352941	0.703703703704	0.967741935484	0.75	0.76	0.764705882353
450	0.806451612903	0.444444444444	0.862068965517	0.652173913043	0.791666666667	0.678571428571	0.756097560976	0.72972972973	0.84375	0.884615384615	0.75	0.733333333333	0.939393939394	0.758620689655	0.8	0.789473684211
500	0.823529411765	0.5	0.866666666667	0.652173913043	0.814814814815	0.689655172414	0.767441860465	0.772727272727	0.861111111111	0.888888888889	0.777777777778	0.771428571429	0.925	0.766666666667	0.8125	0.826086956522
550	0.837837837838	0.52380952381	0.875	0.733333333333	0.806451612903	0.7	0.775510204082	0.787234042553	0.864864864865	0.911764705882	0.793103448276	0.789473684211	0.928571428571	0.787878787879	0.823529411765	0.846153846154
600	0.857142857143	0.565217391304	0.885714285714	0.741935483871	0.828571428571	0.709677419355	0.9	0.795918367347	0.871794871795	0.914285714286	0.8125	0.818181818182	0.914893617021	0.794117647059	0.842105263158	0.862068965517
650	0.869565217391	0.655172413793	0.897435897436	0.771428571429	0.842105263158	0.75	0.96	0.8	0.875	0.918918918919	0.828571428571	0.822222222222	0.94	0.8	0.85	0.862068965517
700	0.875	0.666666666667	0.90243902439	0.8	0.825	0.775	0.98	0.84	0.888888888889	0.926829268293	0.85	0.836734693878	0.94	0.805555555556	0.863636363636	0.875
750	0.94	0.69696969697	0.911111111111	0.822222222222	0.840909090909	0.808510638298	0.98	0.88	0.897959183673	0.926829268293	0.857142857143	0.86	0.94	0.815789473684	0.875	0.878787878788
800	0.96	0.714285714286	0.918367346939	0.826086956522	0.857142857143	0.8125	0.98	0.92	0.98	0.93023255814	0.869565217391	0.94	0.94	0.825	0.9	0.894736842105
850	0.98	0.722222222222	0.98	0.836734693878	0.9	0.86	0.98	0.98	1.0	0.934782608696	0.877551020408	0.94	0.92	0.833333333333	0.92	0.90243902439
900	1.0	0.74358974359	1.0	0.96	0.92	0.88	0.98	1.0	1.0	0.9375	0.92	1.0	0.92	0.840909090909	0.96	0.90243902439
950	1.0	0.767441860465	1.0	0.96	0.94	0.94	0.98	1.0	1.0	1.0	0.98	1.0	0.92	0.844444444444	0.96	0.913043478261
1000	1.0	0.777777777778	1.0	1.0	0.94	0.96	0.98	1.0	1.0	1.0	0.98	1.0	0.92	0.833333333333	0.94	0.918367346939
1050	1.0	0.775510204082	1.0	1.0	0.94	0.96	0.98	1.0	1.0	1.0	0.98	1.0	0.94	0.833333333333	0.94	0.94
1100	1.0	0.8	1.0	1.0	0.94	0.96	0.98	1.0	1.0	1.0	0.98	1.0	0.94	0.833333333333	0.96	0.94
1150	1.0	0.86	1.0	1.0	0.94	0.98	1.0	1.0	1.0	1.0	1.0	1.0	0.96	0.86	0.96	0.96
1200	1.0	0.92	1.0	1.0	0.96	0.98	1.0	0.98	1.0	1.0	1.0	1.0	0.96	0.88	0.94	0.96
1250	1.0	0.94	1.0	1.0	0.98	0.98	1.0	0.98	1.0	1.0	1.0	1.0	0.98	0.9	0.94	0.96
1300	1.0	0.98	1.0	1.0	0.96	1.0	1.0	0.92	1.0	1.0	1.0	1.0	0.98	0.92	0.94	0.98
1350	1.0	0.98	1.0	1.0	0.96	1.0	1.0	0.9	1.0	1.0	1.0	1.0	0.98	0.96	0.94	0.98
1400	1.0	0.98	1.0	1.0	0.96	1.0	1.0	0.9	1.0	1.0	1.0	1.0	0.98	0.96	0.94	1.0
1450	1.0	0.98	1.0	1.0	0.98	1.0	1.0	0.9	1.0	1.0	1.0	1.0	0.98	0.96	0.94	1.0
1500	1.0	0.98	1.0	1.0	0.98	1.0	1.0	0.86	1.0	1.0	1.0	1.0	0.98	0.96	0.94	1.0
1550	1.0	0.98	1.0	1.0	0.98	1.0	1.0	0.86	1.0	1.0	1.0	1.0	1.0	0.96	0.92	1.0
1600	1.0	0.98	1.0	0.98	0.98	1.0	1.0	0.86	1.0	1.0	1.0	1.0	1.0	0.96	0.92	1.0
1650	1.0	0.98	1.0	0.98	0.98	1.0	1.0	0.86	1.0	0.98	1.0	1.0	1.0	0.96	0.94	1.0
1700	1.0	0.98	0.98	0.98	0.98	1.0	1.0	0.86	1.0	0.98	1.0	1.0	0.98	0.96	0.94	1.0
1750	1.0	0.98	0.98	0.98	0.98	0.98	1.0	0.86	1.0	0.98	1.0	1.0	0.98	0.96	0.94	1.0
1800	1.0	0.98	0.98	0.98	0.96	0.98	1.0	0.86	1.0	0.98	1.0	1.0	0.96	0.96	0.96	1.0
1850	1.0	0.98	0.98	0.98	0.96	0.98	1.0	0.86	1.0	0.98	1.0	1.0	0.96	0.96	0.96	1.0
1900	1.0	0.98	0.96	0.98	0.94	0.98	1.0	0.84	1.0	0.98	1.0	1.0	0.96	0.96	0.96	1.0
1950	1.0	0.98	0.96	0.98	0.92	0.98	1.0	0.84	0.98	0.98	1.0	1.0	0.96	0.96	0.96	1.0
2000	1.0	0.98	0.96	0.98	0.92	0.98	1.0	0.84	0.96	0.98	1.0	1.0	0.96	1.0	0.96	1.0
2050	1.0	1.0	0.96	0.98	0.94	0.98	1.0	0.84	0.94	0.96	1.0	1.0	0.96	1.0	0.96	1.0
2100	1.0	1.0	0.96	0.98	0.94	0.98	1.0	0.88	0.94	0.94	1.0	1.0	0.96	1.0	0.98	1.0
2150	1.0	1.0	0.96	0.96	0.92	0.98	1.0	0.92	0.94	0.94	0.98	1.0	0.96	1.0	0.98	1.0
2200	1.0	1.0	0.96	0.96	0.92	0.98	1.0	0.96	0.92	0.92	0.98	1.0	0.96	1.0	0.98	1.0
2250	1.0	1.0	0.96	0.98	0.9	0.98	1.0	0.96	0.92	0.92	0.98	1.0	0.96	0.98	1.0	1.0
2300	1.0	1.0	0.96	0.98	0.9	0.98	1.0	0.96	0.92	0.92	0.98	1.0	0.96	0.98	1.0	1.0
2350	1.0	1.0	0.96	0.98	0.9	0.98	1.0	0.96	0.92	0.92	0.98	1.0	0.96	0.98	1.0	1.0
2400	1.0	1.0	0.94	0.98	0.9	0.98	0.98	0.96	0.92	0.92	0.98	1.0	0.96	0.98	1.0	0.98
2450	1.0	1.0	0.96	0.98	0.9	1.0	0.98	0.96	0.92	0.92	0.98	1.0	0.96	0.98	1.0	0.98
2500	1.0	1.0	0.96	0.96	0.9	1.0	0.98	0.96	0.92	0.92	0.96	1.0	0.96	0.98	1.0	0.98
2550	1.0	1.0	0.96	0.96	0.9	1.0	0.96	0.98	0.92	0.92	0.94	1.0	0.96	0.98	1.0	0.98
2600	1.0	1.0	0.96	0.96	0.9	1.0	0.96	0.98	0.92	0.94	0.94	1.0	0.96	0.98	1.0	0.96
2650	1.0	1.0	0.98	0.94	0.92	1.0	0.92	1.0	0.94	0.94	0.94	1.0	0.96	0.98	1.0	0.96
2700	1.0	1.0	0.98	0.94	0.92	1.0	0.9	1.0	0.94	0.94	0.94	1.0	0.96	0.98	1.0	0.96
2750	1.0	0.98	0.98	0.94	0.9	1.0	0.9	1.0	0.96	0.94	0.92	1.0	0.96	0.98	1.0	0.96
2800	1.0	0.98	0.98	0.94	0.88	1.0	0.9	1.0	0.96	0.94	0.92	1.0	0.98	0.98	1.0	0.96
2850	1.0	0.98	0.98	0.94	0.9	1.0	0.88	1.0	0.98	0.94	0.92	1.0	0.98	0.98	1.0	0.96
2900	1.0	0.98	0.96	0.94	0.9	1.0	0.88	1.0	1.0	0.94	0.92	1.0	0.98	0.98	1.0	0.96
2950	1.0	0.98	0.96	0.94	0.92	1.0	0.88	1.0	1.0	0.94	0.92	1.0	0.98	0.98	1.0	0.96
3000	1.0	0.96	0.96	0.94	0.92	1.0	0.88	1.0	1.0	0.94	0.92	1.0	0.98	0.98	1.0	0.96
3050	1.0	0.96	0.96	0.96	0.92	1.0	0.88	1.0	1.0	0.96	0.94	1.0	0.98	1.0	1.0	0.96
3100	1.0	0.96	0.96	0.96	0.9	1.0	0.88	1.0	1.0	0.98	0.94	1.0	0.98	1.0	1.0	0.98
3150	1.0	0.96	0.96	0.96	0.9	1.0	0.88	1.0	0.98	0.98	0.94	1.0	0.98	0.98	1.0	0.98
3200	1.0	0.96	0.96	0.96	0.9	1.0	0.9	1.0	0.96	1.0	0.94	1.0	0.98	0.98	1.0	0.98
3250	1.0	0.96	0.98	0.96	0.9	1.0	0.9	1.0	0.94	1.0	0.94	1.0	0.98	0.98	1.0	1.0
3300	1.0	0.96	0.98	0.96	0.88	1.0	0.92	1.0	0.94	1.0	0.94	1.0	0.98	0.98	1.0	1.0
3350	1.0	0.96	0.98	0.96	0.88	1.0	0.92	1.0	0.92	1.0	0.94	1.0	0.98	0.96	1.0	1.0
3400	1.0	0.96	0.98	0.98	0.86	1.0	0.94	1.0	0.92	1.0	0.96	1.0	0.98	0.96	1.0	1.0
3450	1.0	0.96	0.98	0.98	0.86	1.0	0.96	1.0	0.9	1.0	0.98	1.0	1.0	0.96	1.0	1.0
3500	1.0	0.98	0.98	0.98	0.86	1.0	0.98	1.0	0.9	1.0	0.98	1.0	1.0	0.96	1.0	1.0
3550	1.0	0.98	0.98	0.98	0.86	1.0	1.0	1.0	0.9	1.0	0.98	1.0	1.0	0.96	1.0	1.0
3600	1.0	0.98	0.98	1.0	0.86	1.0	1.0	1.0	0.9	1.0	0.98	1.0	1.0	0.96	1.0	1.0
3650	1.0	0.98	0.98	1.0	0.86	0.98	1.0	0.98	0.9	1.0	1.0	1.0	1.0	0.94	1.0	1.0
3700	1.0	0.98	0.98	1.0	0.9	0.98	0.98	0.98	0.9	1.0	1.0	1.0	1.0	0.92	1.0	1.0
3750	1.0	1.0	1.0	1.0	0.9	0.98	0.98	0.98	0.9	1.0	1.0	1.0	1.0	0.9	1.0	1.0
3800	1.0	1.0	1.0	1.0	0.9	0.98	0.96	0.98	0.9	1.0	1.0	1.0	1.0	0.9	1.0	1.0
3850	1.0	1.0	1.0	1.0	0.9	0.98	0.96	0.98	0.9	1.0	1.0	1.0	1.0	0.92	1.0	1.0
3900	1.0	1.0	1.0	0.98	0.9	0.98	0.96	0.98	0.94	1.0	1.0	1.0	1.0	0.92	1.0	1.0
3950	1.0	1.0	0.96	0.98	0.9	0.98	0.96	0.98	0.94	1.0	1.0	1.0	1.0	0.92	1.0	1.0
4000	1.0	1.0	0.94	0.98	0.9	0.98	0.96	0.98	0.94	1.0	1.0	1.0	1.0	0.9	1.0	1.0
4050	1.0	0.98	0.94	0.98	0.92	0.96	0.94	0.98	0.96	1.0	1.0	1.0	1.0	0.88	1.0	0.98
4100	1.0	0.98	0.94	0.98	0.92	0.96	0.94	0.98	0.96	1.0	1.0	1.0	1.0	0.88	1.0	0.98
4150	1.0	0.98	0.94	0.98	0.94	0.96	0.94	0.98	0.96	1.0	1.0	1.0	1.0	0.88	1.0	0.98
4200	1.0	0.98	0.94	0.98	0.96	0.96	0.92	0.98	0.96	1.0	1.0	1.0	1.0	0.9	1.0	0.98
4250	1.0	0.98	0.94	0.98	0.96	0.96	0.92	0.98	0.96	1.0	1.0	1.0	1.0	0.9	0.98	0.98
4300	1.0	0.98	0.92	0.98	0.94	0.96	0.94	0.98	0.96	1.0	1.0	1.0	1.0	0.9	0.98	0.98
4350	1.0	0.98	0.92	0.98	0.96	0.98	0.92	0.98	0.96	1.0	1.0	1.0	1.0	0.9	0.98	0.98
4400	1.0	0.98	0.9	0.98	0.96	0.98	0.92	0.98	0.98	0.98	0.98	1.0	1.0	0.9	0.98	0.98
4450	1.0	0.98	0.9	0.98	0.98	0.98	0.92	0.98	0.98	0.98	0.98	1.0	1.0	0.9	0.98	0.98
4500	1.0	0.98	0.9	0.98	0.98	0.98	0.92	0.98	0.98	0.98	0.98	1.0	1.0	0.94	0.98	0.98
4550	1.0	0.98	0.9	0.98	0.96	0.98	0.92	0.98	1.0	0.98	0.94	1.0	1.0	0.94	0.98	0.98
4600	1.0	0.98	0.9	0.98	0.96	0.98	0.92	0.98	1.0	0.96	0.94	1.0	1.0	0.96	0.98	0.98
4650	1.0	0.98	0.88	0.98	0.96	0.98	0.92	0.98	1.0	0.96	0.94	1.0	0.98	0.96	0.98	0.98
4700	1.0	1.0	0.88	0.98	0.96	1.0	0.92	0.98	1.0	0.96	0.94	1.0	0.98	0.96	0.98	0.96
4750	1.0	1.0	0.88	0.98	0.96	1.0	0.92	0.98	1.0	0.96	0.94	1.0	0.98	0.98	0.98	0.96
4800	1.0	1.0	0.9	0.98	0.96	1.0	0.92	0.98	1.0	0.96	0.94	1.0	0.98	0.98	0.98	0.96
4850	1.0	1.0	0.94	1.0	0.96	1.0	0.92	0.98	1.0	0.96	0.94	1.0	0.96	1.0	1.0	0.98
4900	1.0	1.0	0.94	1.0	0.96	1.0	0.94	0.98	1.0	0.96	0.94	1.0	0.96	1.0	1.0	0.98
4950	1.0	1.0	0.92	1.0	0.96	1.0	0.94	0.96	1.0	0.96	0.94	1.0	0.96	1.0	1.0	0.98
5000	1.0	1.0	0.92	1.0	0.96	1.0	0.96	0.96	1.0	0.96	0.94	1.0	0.96	1.0	1.0	0.98
5050	1.0	1.0	0.92	1.0	0.94	1.0	0.96	0.96	1.0	0.94	0.94	1.0	0.96	1.0	1.0	0.98
5100	1.0	1.0	0.92	1.0	0.96	1.0	0.96	0.96	1.0	0.94	0.94	1.0	0.94	1.0	1.0	0.98
5150	1.0	1.0	0.92	1.0	0.94	1.0	0.96	0.96	1.0	0.92	0.94	1.0	0.94	1.0	1.0	0.98
5200	1.0	1.0	0.92	1.0	0.94	1.0	0.96	0.96	1.0	0.9	0.94	1.0	0.94	1.0	1.0	0.96
5250	1.0	1.0	0.92	1.0	0.94	1.0	0.96	0.96	1.0	0.9	0.94	1.0	0.94	1.0	1.0	0.96
5300	1.0	1.0	0.94	1.0	0.94	1.0	0.96	0.96	1.0	0.92	0.94	1.0	0.94	1.0	1.0	0.96
5350	1.0	1.0	0.94	1.0	0.96	1.0	0.96	0.96	1.0	0.92	0.94	1.0	0.96	1.0	1.0	0.96
5400	1.0	1.0	0.96	1.0	0.96	1.0	0.98	0.96	1.0	0.92	0.94	1.0	0.96	1.0	1.0	0.96
5450	1.0	1.0	0.96	1.0	0.96	1.0	0.98	0.96	0.98	0.94	0.92	1.0	0.94	1.0	1.0	0.94
5500	1.0	1.0	0.94	1.0	0.96	1.0	0.98	0.98	0.96	0.94	0.92	1.0	0.94	1.0	1.0	0.94
5550	1.0	1.0	0.94	1.0	0.94	1.0	0.98	0.98	0.96	0.94	0.92	1.0	0.94	1.0	1.0	0.96
5600	1.0	1.0	0.94	1.0	0.94	1.0	0.98	0.98	0.96	0.94	0.92	1.0	0.94	1.0	1.0	0.96
5650	1.0	1.0	0.94	1.0	0.94	1.0	0.98	0.98	0.96	0.92	0.9	1.0	0.94	1.0	1.0	0.96
5700	1.0	1.0	0.94	1.0	0.94	1.0	0.98	1.0	0.96	0.92	0.88	1.0	0.96	1.0	1.0	0.96
5750	1.0	1.0	0.94	1.0	0.96	1.0	0.98	1.0	0.96	0.92	0.88	1.0	0.96	1.0	1.0	0.96
5800	1.0	1.0	0.94	1.0	0.94	1.0	0.98	1.0	0.96	0.92	0.86	1.0	0.96	1.0	1.0	0.96
5850	1.0	1.0	0.94	1.0	0.94	0.98	0.98	1.0	0.96	0.92	0.86	1.0	0.96	1.0	1.0	0.96
5900	1.0	1.0	0.94	1.0	0.96	0.98	0.98	1.0	0.96	0.92	0.86	1.0	0.96	1.0	1.0	0.94
5950	1.0	0.98	0.96	1.0	0.96	0.98	0.98	1.0	0.96	0.94	0.84	1.0	0.98	1.0	1.0	0.94
6000	1.0	0.98	0.96	1.0	0.96	0.98	0.98	1.0	0.96	0.96	0.84	1.0	0.98	1.0	1.0	0.94
6050	1.0	0.98	0.96	1.0	0.96	0.98	0.98	1.0	0.96	0.94	0.88	1.0	0.98	1.0	1.0	0.96
6100	1.0	0.98	0.98	1.0	0.96	0.98	1.0	1.0	0.96	0.94	0.88	1.0	0.98	1.0	1.0	0.96
6150	1.0	0.98	0.98	1.0	0.96	0.98	1.0	1.0	0.96	0.94	0.9	1.0	0.98	1.0	1.0	0.96
6200	1.0	0.98	0.98	0.98	0.96	0.98	1.0	1.0	0.96	0.94	0.9	1.0	0.98	0.98	1.0	0.96
6250	1.0	0.98	0.98	0.98	0.96	0.94	1.0	1.0	0.96	0.94	0.9	1.0	0.98	0.98	1.0	0.96
6300	1.0	0.98	0.98	0.98	0.96	0.94	1.0	1.0	0.96	0.94	0.9	1.0	0.98	0.98	1.0	0.96
6350	1.0	0.96	0.98	0.98	0.98	0.94	1.0	1.0	0.96	0.94	0.9	1.0	1.0	0.98	1.0	0.96
6400	1.0	0.96	0.96	0.98	0.98	0.94	1.0	1.0	0.98	0.96	0.94	1.0	1.0	0.98	1.0	0.94
6450	1.0	0.96	0.96	0.98	0.98	0.94	1.0	1.0	1.0	0.96	0.94	1.0	1.0	0.98	1.0	0.94
6500	1.0	0.96	0.96	0.98	0.98	0.94	1.0	1.0	1.0	0.96	0.94	1.0	1.0	0.98	1.0	0.94
6550	1.0	0.96	0.94	0.98	0.96	0.94	1.0	1.0	1.0	0.94	0.96	1.0	1.0	0.98	1.0	0.94
6600	1.0	0.96	0.94	0.98	0.94	0.94	1.0	1.0	1.0	0.96	0.96	1.0	1.0	0.98	1.0	0.94
6650	1.0	0.96	0.94	0.98	0.94	0.94	0.98	1.0	1.0	0.94	0.98	1.0	1.0	0.98	1.0	0.96
6700	0.98	0.96	0.94	0.98	0.96	0.94	0.98	1.0	1.0	0.94	0.98	1.0	1.0	0.98	0.98	0.96
6750	0.98	0.96	0.92	0.98	0.96	0.94	0.96	1.0	1.0	0.96	0.98	1.0	1.0	0.98	0.98	0.94
6800	0.98	0.96	0.9	0.96	0.96	0.94	0.96	1.0	1.0	0.96	0.98	1.0	1.0	0.98	0.98	0.94
6850	0.98	0.98	0.9	0.96	0.96	0.94	0.96	1.0	1.0	0.96	0.98	1.0	1.0	0.98	0.98	0.94
6900	0.98	0.98	0.9	0.96	0.96	0.96	0.96	1.0	1.0	0.96	0.98	1.0	1.0	1.0	0.98	0.92
6950	0.98	0.98	0.88	0.96	0.96	0.96	0.96	1.0	1.0	0.96	0.98	1.0	1.0	1.0	0.98	0.92
7000	0.98	0.98	0.88	0.96	0.96	0.94	0.94	1.0	1.0	0.96	1.0	1.0	1.0	1.0	0.98	0.94
7050	0.98	0.98	0.88	0.98	0.94	0.94	0.94	1.0	1.0	0.96	1.0	1.0	1.0	1.0	0.98	0.94
7100	0.98	0.98	0.9	0.98	0.92	0.94	0.94	1.0	1.0	0.96	1.0	1.0	1.0	1.0	0.98	0.94
7150	0.98	0.98	0.92	0.98	0.92	0.98	0.92	1.0	1.0	0.94	1.0	1.0	1.0	0.96	0.98	0.94
7200	0.98	1.0	0.92	0.96	0.92	0.98	0.92	1.0	1.0	0.94	1.0	1.0	1.0	0.96	0.98	0.94
7250	0.98	1.0	0.92	0.96	0.92	0.98	0.92	1.0	1.0	0.94	1.0	1.0	1.0	0.96	0.98	0.94
7300	0.98	1.0	0.92	0.96	0.92	0.98	0.9	1.0	1.0	0.94	1.0	1.0	1.0	0.96	0.98	0.94
7350	0.98	1.0	0.94	0.96	0.92	0.98	0.9	1.0	1.0	0.94	1.0	1.0	1.0	0.96	0.98	0.94
7400	1.0	1.0	0.94	0.96	0.92	0.98	0.9	1.0	1.0	0.96	1.0	1.0	1.0	0.94	0.98	0.94
7450	1.0	1.0	0.92	0.96	0.92	0.98	0.9	1.0	0.98	0.96	1.0	1.0	1.0	0.94	0.98	0.92
7500	1.0	1.0	0.92	0.96	0.94	0.98	0.92	1.0	0.98	0.96	1.0	1.0	1.0	0.94	0.98	0.92
7550	1.0	1.0	0.94	0.98	0.94	0.98	0.92	1.0	0.98	0.96	1.0	1.0	1.0	0.94	0.98	0.92
7600	1.0	1.0	0.94	0.98	0.92	0.98	0.92	1.0	0.98	0.96	0.98	1.0	1.0	0.94	0.98	0.92
7650	1.0	1.0	0.96	0.98	0.92	0.96	0.92	1.0	0.98	0.96	0.98	1.0	0.98	0.94	0.98	0.94
7700	1.0	1.0	0.96	0.98	0.92	0.96	0.94	1.0	0.98	0.96	0.98	1.0	0.98	0.94	0.98	0.94
7750	1.0	1.0	0.96	0.98	0.92	0.96	0.94	1.0	0.98	0.96	0.98	1.0	0.98	0.94	1.0	0.94
7800	1.0	1.0	0.98	0.98	0.9	0.96	0.94	1.0	0.98	0.98	0.98	1.0	0.98	0.92	1.0	0.92
7850	1.0	1.0	0.98	0.98	0.9	0.98	0.94	1.0	0.98	0.98	0.98	0.98	0.98	0.92	1.0	0.92
7900	1.0	1.0	0.98	0.98	0.9	0.98	0.94	1.0	0.98	0.98	0.98	0.98	0.98	0.96	1.0	0.92
7950	1.0	1.0	0.98	0.98	0.9	0.98	0.96	1.0	0.98	0.98	0.98	0.98	0.98	0.96	1.0	0.92
8000	1.0	1.0	0.98	0.98	0.88	0.98	0.96	1.0	0.96	0.98	0.98	0.98	0.98	0.96	1.0	0.92
8050	1.0	1.0	0.98	0.98	0.9	0.98	0.98	1.0	0.96	0.98	0.98	0.98	0.98	0.94	1.0	0.92
8100	1.0	1.0	0.98	0.98	0.92	0.96	1.0	1.0	0.96	0.98	0.94	0.98	0.98	0.94	1.0	0.92
8150	1.0	1.0	0.98	1.0	0.9	0.96	1.0	1.0	0.96	0.98	0.94	0.98	0.98	0.94	1.0	0.94
8200	1.0	1.0	1.0	1.0	0.92	0.96	1.0	1.0	0.98	0.98	0.94	0.98	0.98	0.94	1.0	0.94
8250	0.98	1.0	1.0	1.0	0.92	0.96	1.0	1.0	0.98	0.98	0.94	0.98	0.98	0.96	0.98	0.96
8300	0.98	1.0	1.0	1.0	0.92	0.98	1.0	1.0	0.98	0.98	0.96	0.98	0.98	0.96	0.98	0.96
8350	0.98	1.0	1.0	1.0	0.92	0.98	1.0	1.0	0.98	0.98	0.94	0.98	0.98	0.96	0.98	0.96
8400	0.98	1.0	1.0	1.0	0.92	0.98	1.0	1.0	0.98	0.98	0.94	0.98	0.98	0.96	0.98	0.96
8450	0.98	1.0	1.0	1.0	0.92	0.98	1.0	1.0	0.98	0.98	0.94	0.98	0.98	0.96	0.98	0.96
8500	0.98	1.0	1.0	1.0	0.92	0.98	1.0	1.0	0.98	0.98	0.94	0.98	1.0	0.96	0.98	0.96
8550	0.98	1.0	1.0	1.0	0.92	0.98	1.0	1.0	0.98	0.98	0.94	0.98	1.0	0.96	0.98	0.96
8600	0.98	1.0	1.0	1.0	0.92	0.98	1.0	1.0	0.98	0.98	0.94	0.98	1.0	0.96	0.98	0.96
8650	0.98	1.0	1.0	0.98	0.94	0.98	1.0	1.0	1.0	0.98	0.94	1.0	1.0	0.98	0.98	0.98
8700	0.98	1.0	1.0	0.98	0.94	0.98	1.0	1.0	1.0	0.98	0.96	1.0	1.0	0.98	0.98	0.98
8750	0.98	1.0	1.0	0.98	0.96	1.0	1.0	1.0	1.0	0.98	0.98	1.0	1.0	0.98	0.98	0.96
8800	0.98	1.0	1.0	0.98	0.96	1.0	1.0	1.0	1.0	0.98	0.98	1.0	0.98	0.96	0.98	0.94
8850	0.98	1.0	1.0	0.98	0.98	1.0	1.0	1.0	1.0	1.0	0.98	1.0	0.98	0.96	0.98	0.94
8900	0.98	1.0	1.0	0.98	0.98	1.0	1.0	1.0	1.0	1.0	0.96	1.0	0.98	0.96	0.98	0.94
8950	0.98	1.0	1.0	0.98	0.98	1.0	1.0	1.0	1.0	1.0	0.96	1.0	0.98	0.96	1.0	0.94
9000	0.98	1.0	1.0	0.98	0.98	1.0	1.0	1.0	1.0	1.0	0.96	1.0	0.98	0.96	1.0	0.94
9050	0.96	1.0	1.0	0.98	0.98	1.0	1.0	1.0	1.0	1.0	0.98	1.0	0.96	0.96	1.0	0.94
9100	0.96	1.0	1.0	0.98	1.0	1.0	1.0	1.0	1.0	1.0	0.98	1.0	0.96	0.96	1.0	0.94
9150	0.96	1.0	1.0	0.98	1.0	1.0	1.0	1.0	1.0	1.0	0.98	1.0	0.94	0.96	1.0	0.96
9200	0.98	1.0	1.0	0.98	1.0	1.0	1.0	1.0	1.0	1.0	0.96	1.0	0.94	0.96	1.0	0.96
9250	0.98	1.0	1.0	0.98	1.0	1.0	1.0	1.0	1.0	1.0	0.96	1.0	0.94	0.96	0.98	0.96
9300	0.98	1.0	1.0	0.98	1.0	1.0	1.0	1.0	1.0	1.0	0.96	0.98	0.94	0.94	0.98	0.96
9350	0.96	1.0	1.0	0.98	1.0	1.0	1.0	1.0	1.0	1.0	0.96	0.96	0.94	0.94	0.98	0.96
9400	0.96	1.0	1.0	0.98	1.0	1.0	1.0	1.0	1.0	1.0	0.96	0.96	0.94	0.94	0.98	0.96
9450	0.96	1.0	1.0	0.98	1.0	1.0	1.0	1.0	1.0	1.0	0.98	0.96	0.92	0.94	0.98	0.96
9500	0.96	1.0	1.0	0.98	1.0	1.0	1.0	1.0	1.0	1.0	0.98	0.96	0.92	0.94	0.98	0.96
9550	0.96	1.0	1.0	0.96	1.0	1.0	0.98	1.0	1.0	1.0	0.98	0.96	0.9	0.94	0.98	1.0
9600	0.96	1.0	1.0	0.96	1.0	1.0	0.98	1.0	1.0	1.0	0.98	0.96	0.9	0.96	0.96	1.0
9650	0.96	1.0	1.0	0.98	1.0	0.98	0.98	0.98	0.98	1.0	0.98	0.96	0.9	0.98	0.96	1.0
9700	0.96	1.0	1.0	0.98	1.0	0.98	0.98	0.98	0.98	0.98	0.98	0.96	0.9	0.98	0.96	0.98
9750	0.96	1.0	1.0	0.98	0.98	0.98	0.98	0.98	0.98	0.98	0.98	0.96	0.9	0.98	0.96	0.98
9800	0.96	1.0	1.0	0.98	0.98	0.96	0.98	0.98	0.98	0.98	0.98	0.96	0.92	0.98	0.96	0.98
9850	0.96	1.0	1.0	0.98	0.98	0.96	0.98	0.98	0.98	0.98	0.98	0.96	0.94	0.98	0.96	0.98
9900	0.98	1.0	1.0	0.98	0.98	0.96	0.96	0.98	0.98	0.98	0.98	0.96	0.94	0.98	0.96	0.98
9950	0.98	1.0	1.0	0.98	0.98	0.96	0.96	0.98	0.98	0.98	0.98	0.96	0.94	0.96	0.98	0.98
10000	0.98	1.0	1.0	0.98	0.98	0.96	0.96	0.98	0.98	0.96	0.98	0.96	0.94	0.98	0.98	0.98
10050	0.98	1.0	1.0	0.98	0.98	0.96	0.96	0.98	0.98	0.96	1.0	0.96	0.94	0.96	0.98	0.98
10100	0.98	1.0	1.0	0.98	0.96	0.96	0.96	0.98	0.98	0.96	1.0	0.96	0.96	0.96	0.98	0.98
10150	0.98	1.0	1.0	0.98	0.96	0.94	0.96	0.98	0.98	0.96	1.0	0.96	0.98	0.96	0.98	0.98
10200	1.0	1.0	0.98	0.98	0.96	0.94	0.98	0.98	0.98	0.96	1.0	0.98	0.98	0.96	0.98	0.98
10250	1.0	1.0	0.98	1.0	0.96	0.94	0.98	0.98	0.98	0.98	1.0	1.0	1.0	0.96	1.0	0.98
10300	0.98	1.0	0.98	1.0	0.96	0.96	0.98	0.98	0.98	0.98	1.0	1.0	1.0	0.96	1.0	1.0
10350	0.98	1.0	0.98	1.0	0.98	0.96	0.98	0.98	1.0	0.98	1.0	1.0	1.0	0.96	1.0	1.0
10400	0.98	1.0	0.98	1.0	0.96	0.96	0.98	0.98	1.0	0.98	1.0	1.0	1.0	0.96	1.0	1.0
10450	0.98	1.0	0.98	1.0	0.96	0.96	0.98	0.98	1.0	1.0	1.0	1.0	1.0	0.96	1.0	1.0
10500	0.98	1.0	0.98	1.0	0.94	0.96	0.98	0.98	1.0	1.0	1.0	1.0	1.0	0.98	1.0	1.0
10550	0.98	1.0	0.98	1.0	0.94	0.96	0.96	1.0	1.0	0.98	1.0	1.0	1.0	0.98	1.0	1.0
10600	0.98	1.0	0.98	1.0	0.94	0.98	0.96	1.0	1.0	0.98	1.0	1.0	0.96	0.98	1.0	1.0
10650	0.98	1.0	0.98	1.0	0.96	0.98	0.96	1.0	1.0	0.98	1.0	1.0	0.96	0.98	1.0	1.0
10700	0.96	1.0	0.98	1.0	0.96	0.98	0.96	1.0	1.0	0.98	1.0	1.0	0.9	0.96	1.0	1.0
10750	0.96	1.0	1.0	1.0	0.96	0.98	0.96	0.98	1.0	0.98	1.0	1.0	0.9	0.96	1.0	1.0
10800	0.96	1.0	1.0	1.0	0.96	0.98	0.96	0.98	1.0	0.98	1.0	1.0	0.9	0.96	1.0	1.0
10850	0.96	1.0	1.0	0.98	0.96	0.98	0.96	0.98	1.0	0.98	1.0	1.0	0.9	0.94	1.0	1.0
10900	0.94	1.0	1.0	0.98	0.96	0.98	0.94	0.98	1.0	0.98	1.0	1.0	0.9	0.94	1.0	1.0
10950	0.94	1.0	1.0	0.98	0.96	1.0	0.94	0.98	1.0	0.98	1.0	1.0	0.9	0.94	1.0	1.0
11000	0.94	1.0	1.0	0.96	0.98	1.0	0.94	0.98	1.0	0.98	1.0	1.0	0.9	0.94	1.0	1.0
11050	0.94	1.0	1.0	0.96	0.98	1.0	0.94	0.98	0.98	0.98	1.0	1.0	0.9	0.92	1.0	1.0
11100	0.94	1.0	1.0	0.94	0.98	1.0	0.94	0.96	0.98	0.98	1.0	1.0	0.9	0.92	1.0	0.98
11150	0.92	1.0	1.0	0.94	0.98	1.0	0.96	0.96	0.98	0.98	1.0	1.0	0.9	0.9	1.0	0.98
11200	0.92	1.0	1.0	0.94	0.96	1.0	0.96	0.96	0.98	1.0	1.0	1.0	0.88	0.9	1.0	0.98
11250	0.92	1.0	1.0	0.94	0.96	1.0	0.94	0.96	0.98	1.0	1.0	1.0	0.92	0.9	1.0	0.98
11300	0.94	1.0	1.0	0.94	0.96	1.0	0.94	0.96	0.98	1.0	1.0	0.98	0.92	0.94	1.0	0.98
11350	0.94	1.0	1.0	0.94	0.94	1.0	0.94	0.96	0.98	1.0	1.0	0.98	0.94	0.94	1.0	0.98
11400	0.94	1.0	1.0	0.94	0.96	1.0	0.94	0.96	0.98	1.0	1.0	0.98	0.98	0.94	1.0	0.98
11450	0.96	1.0	1.0	0.94	0.96	1.0	0.94	0.98	0.98	1.0	1.0	0.98	0.94	0.92	1.0	0.98
11500	0.96	1.0	1.0	0.96	0.96	1.0	0.94	0.98	0.98	1.0	1.0	0.98	0.94	0.92	1.0	0.98
11550	0.98	1.0	1.0	0.98	0.96	1.0	0.94	0.96	0.96	1.0	1.0	0.98	0.94	0.92	1.0	0.98
11600	0.98	1.0	1.0	0.98	0.96	1.0	0.96	0.96	0.96	1.0	1.0	0.98	0.94	0.92	1.0	0.98
11650	0.98	1.0	1.0	0.98	0.96	1.0	0.96	0.96	0.96	1.0	1.0	0.98	0.94	0.94	1.0	1.0
11700	0.96	1.0	1.0	0.98	0.98	1.0	0.96	0.96	0.98	1.0	1.0	0.98	0.94	0.94	1.0	1.0
11750	0.98	1.0	1.0	1.0	0.98	1.0	0.96	0.96	0.96	1.0	1.0	0.98	0.96	0.94	1.0	1.0
11800	0.98	1.0	1.0	1.0	0.98	1.0	0.96	0.98	0.96	1.0	1.0	0.98	0.96	0.96	1.0	1.0
11850	0.98	1.0	1.0	0.98	1.0	1.0	0.96	0.98	0.96	1.0	1.0	0.98	0.96	0.96	1.0	1.0
11900	0.98	1.0	1.0	0.98	1.0	1.0	0.98	0.98	0.96	1.0	1.0	0.98	0.96	0.96	0.98	1.0
11950	0.96	1.0	1.0	0.98	1.0	1.0	0.98	0.98	0.92	1.0	1.0	1.0	0.96	0.96	0.98	1.0
12000	0.96	1.0	1.0	0.98	1.0	1.0	1.0	0.98	0.92	1.0	1.0	1.0	0.96	0.96	0.98	1.0
12050	0.96	1.0	1.0	0.98	1.0	1.0	0.96	0.98	0.92	1.0	1.0	1.0	0.96	0.96	0.98	1.0
12100	0.96	1.0	1.0	0.98	1.0	1.0	0.96	1.0	0.94	1.0	1.0	1.0	0.98	0.96	0.98	1.0
12150	0.96	1.0	1.0	0.98	1.0	1.0	0.96	1.0	0.92	1.0	1.0	1.0	1.0	0.96	0.98	1.0
12200	0.94	1.0	1.0	0.98	1.0	1.0	0.96	0.98	0.92	1.0	1.0	1.0	1.0	0.96	0.98	1.0
12250	0.94	1.0	1.0	0.98	1.0	1.0	0.96	0.98	0.94	1.0	1.0	1.0	1.0	0.98	0.98	1.0
12300	0.94	1.0	1.0	1.0	1.0	1.0	0.94	0.98	0.94	1.0	1.0	1.0	1.0	1.0	0.98	1.0
12350	0.92	1.0	1.0	1.0	1.0	1.0	0.94	0.98	0.94	1.0	1.0	1.0	1.0	1.0	0.98	0.96
12400	0.92	1.0	1.0	1.0	1.0	1.0	0.92	0.98	0.94	1.0	1.0	1.0	1.0	1.0	0.98	0.96
12450	0.92	1.0	1.0	0.98	1.0	0.98	0.92	0.98	0.94	1.0	0.98	1.0	1.0	1.0	1.0	0.96
12500	0.94	1.0	1.0	0.96	1.0	0.98	0.92	0.98	0.94	1.0	0.98	1.0	1.0	1.0	1.0	0.94
12550	0.94	1.0	1.0	0.96	1.0	0.98	0.9	0.98	0.98	1.0	0.98	1.0	1.0	1.0	1.0	0.94
12600	0.94	1.0	1.0	0.96	1.0	0.98	0.9	0.98	0.98	1.0	0.98	1.0	1.0	1.0	1.0	0.94
12650	0.94	1.0	0.98	0.96	1.0	0.98	0.9	0.98	0.98	1.0	0.98	1.0	1.0	1.0	1.0	0.94
12700	0.94	1.0	0.98	0.96	1.0	0.98	0.92	0.98	0.98	1.0	0.98	0.98	1.0	1.0	1.0	0.94
12750	0.94	1.0	0.96	0.96	1.0	0.98	0.94	0.98	0.98	1.0	0.98	0.98	1.0	0.98	1.0	0.94
12800	0.94	1.0	0.96	0.96	1.0	0.98	0.94	0.98	0.98	1.0	0.98	0.98	0.98	0.98	1.0	0.94
12850	0.94	1.0	0.96	0.96	0.98	0.98	0.96	0.98	1.0	1.0	0.98	0.98	0.96	0.98	1.0	0.94
12900	0.98	1.0	0.96	0.94	0.96	0.98	0.96	0.98	1.0	1.0	0.96	0.98	0.96	0.98	1.0	0.92
12950	0.96	1.0	0.96	0.94	0.96	0.98	0.98	0.98	1.0	1.0	0.96	0.98	0.96	0.98	1.0	0.92
13000	0.96	1.0	0.96	0.94	0.96	0.98	0.98	0.96	1.0	1.0	0.96	0.98	0.96	0.98	1.0	0.92
13050	0.94	1.0	0.96	0.94	0.96	0.98	0.98	0.94	1.0	1.0	0.96	0.98	0.96	0.98	1.0	0.92
13100	0.96	1.0	0.96	0.98	0.96	0.98	0.98	0.94	1.0	1.0	0.98	0.98	0.94	0.98	1.0	0.94
13150	0.94	1.0	0.96	0.98	0.96	0.96	1.0	0.94	1.0	1.0	0.98	0.98	0.94	0.98	1.0	0.98
13200	0.94	1.0	0.96	0.98	0.94	0.96	1.0	0.94	1.0	0.98	0.98	1.0	0.94	0.98	1.0	0.98
13250	0.94	1.0	0.96	0.98	0.92	0.96	1.0	0.94	1.0	0.98	0.98	1.0	0.94	0.98	1.0	0.98
13300	0.92	1.0	0.96	0.98	0.92	0.96	1.0	0.94	1.0	0.98	0.98	1.0	0.94	1.0	1.0	0.98
13350	0.92	1.0	0.96	0.98	0.92	0.96	1.0	0.94	1.0	0.98	0.98	1.0	0.94	1.0	1.0	0.98
13400	0.92	1.0	0.96	1.0	0.92	0.96	1.0	0.94	1.0	0.98	0.98	1.0	0.94	1.0	1.0	0.98
13450	0.92	1.0	0.98	1.0	0.92	0.96	1.0	0.96	1.0	0.98	0.98	1.0	0.94	1.0	1.0	0.98
13500	0.9	1.0	0.98	1.0	0.9	0.94	1.0	0.96	1.0	0.98	0.98	1.0	0.94	1.0	1.0	0.98
13550	0.9	1.0	1.0	0.98	0.9	0.94	1.0	0.98	1.0	0.94	0.96	1.0	0.96	1.0	1.0	0.98
13600	0.9	1.0	1.0	0.98	0.9	0.94	1.0	1.0	1.0	0.94	0.96	1.0	0.98	1.0	1.0	0.98
13650	0.92	1.0	1.0	0.98	0.94	0.94	0.98	1.0	1.0	0.94	0.96	1.0	0.98	1.0	1.0	0.98
13700	0.92	1.0	1.0	0.98	0.94	0.94	0.96	1.0	1.0	0.94	0.96	1.0	0.96	1.0	1.0	0.98
13750	0.92	1.0	1.0	0.98	0.94	0.94	0.94	1.0	1.0	0.94	0.96	1.0	0.96	0.98	1.0	0.98
13800	0.92	1.0	1.0	0.98	0.94	0.96	0.94	1.0	0.98	0.96	0.96	0.98	0.96	0.98	1.0	0.98
13850	0.94	1.0	1.0	0.98	0.94	0.98	0.94	1.0	0.98	0.96	0.96	0.98	0.96	0.98	1.0	0.98
13900	0.94	1.0	1.0	0.98	0.96	0.98	0.94	1.0	0.98	0.96	0.96	0.98	0.98	0.98	1.0	0.98
13950	0.96	1.0	1.0	0.98	0.98	0.98	0.94	1.0	0.98	0.96	0.96	0.98	0.98	0.98	1.0	0.96
14000	0.94	1.0	1.0	0.98	0.98	0.98	0.94	1.0	0.98	0.96	0.96	0.98	0.98	0.98	1.0	0.96
14050	0.94	1.0	1.0	0.98	0.98	0.98	0.94	0.98	0.98	0.96	0.96	0.98	0.98	0.98	1.0	0.96
14100	0.94	1.0	1.0	0.98	0.98	1.0	0.94	0.98	0.98	0.96	0.96	0.98	0.98	0.98	1.0	0.98
14150	0.96	1.0	1.0	0.98	0.98	1.0	0.94	0.98	0.96	0.96	0.96	0.98	0.98	0.98	1.0	0.98
14200	0.98	1.0	1.0	0.98	0.98	0.98	0.94	0.98	0.96	0.98	0.98	0.98	0.98	0.98	1.0	0.98
14250	0.98	1.0	1.0	1.0	1.0	0.98	0.94	0.98	0.96	1.0	0.98	0.98	0.98	0.98	1.0	0.98
14300	0.98	1.0	1.0	1.0	1.0	0.98	0.96	0.98	0.96	1.0	0.98	0.98	0.98	0.98	1.0	0.98
14350	0.98	1.0	0.98	1.0	1.0	0.96	0.96	0.98	0.96	1.0	0.98	0.98	0.96	0.98	1.0	0.98
14400	0.98	1.0	0.98	1.0	1.0	0.96	1.0	0.98	0.94	1.0	0.98	0.96	0.96	0.98	1.0	0.98
14450	0.98	1.0	0.98	0.98	1.0	0.96	1.0	0.98	0.94	1.0	0.98	0.96	0.96	0.98	1.0	0.98
14500	0.98	1.0	0.98	0.98	1.0	0.96	1.0	0.98	0.94	1.0	0.98	0.94	0.98	1.0	1.0	0.98
14550	0.98	1.0	0.98	0.98	1.0	0.96	1.0	0.98	0.94	1.0	0.98	0.94	0.98	1.0	1.0	0.98
14600	0.98	1.0	0.98	0.98	1.0	0.94	1.0	0.98	0.94	1.0	0.98	0.94	0.98	0.98	1.0	0.96
14650	0.98	1.0	0.98	0.98	1.0	0.94	1.0	0.98	0.94	0.98	0.98	0.94	0.96	0.96	1.0	0.94
14700	0.98	1.0	0.98	0.98	1.0	0.94	1.0	0.98	0.94	0.98	0.98	0.94	0.96	0.96	1.0	0.94
14750	1.0	1.0	0.98	0.98	1.0	0.92	1.0	1.0	0.92	0.98	0.98	0.94	0.96	0.96	1.0	0.94
14800	1.0	1.0	0.98	0.98	1.0	0.92	1.0	1.0	0.94	0.98	0.98	0.94	0.94	0.96	1.0	0.94
14850	1.0	1.0	0.98	0.98	1.0	0.92	1.0	1.0	0.94	0.98	0.98	0.94	0.94	0.94	1.0	0.94
14900	1.0	1.0	0.98	0.98	1.0	0.92	1.0	1.0	0.94	0.98	0.98	0.94	0.94	0.94	1.0	0.94
14950	1.0	1.0	0.94	0.98	1.0	0.94	1.0	1.0	0.94	0.98	1.0	0.94	0.94	0.94	1.0	0.94
15000	1.0	1.0	0.94	0.96	1.0	0.94	1.0	1.0	0.94	0.98	1.0	0.98	0.96	0.94	1.0	0.94
15050	1.0	1.0	0.96	0.98	0.98	0.94	1.0	1.0	0.94	0.98	1.0	1.0	0.96	0.94	1.0	0.94
15100	1.0	1.0	0.96	0.98	0.98	0.96	1.0	1.0	0.96	0.98	1.0	1.0	0.96	0.92	0.98	0.92
15150	1.0	1.0	0.96	0.98	0.98	0.96	1.0	1.0	0.96	0.98	0.98	1.0	0.96	0.92	0.98	0.92
15200	1.0	1.0	0.96	0.98	0.98	0.96	1.0	1.0	0.98	0.98	0.98	1.0	0.94	0.92	0.98	0.92
15250	1.0	1.0	0.94	0.98	0.98	0.98	1.0	1.0	0.98	0.98	0.98	1.0	0.94	0.92	0.98	0.92
15300	1.0	1.0	0.94	0.96	0.98	0.98	1.0	1.0	0.98	0.96	0.98	1.0	0.94	0.92	0.98	0.94
15350	1.0	1.0	0.94	0.96	0.98	0.98	1.0	1.0	0.98	0.96	0.98	1.0	0.96	0.94	0.98	0.98
15400	1.0	1.0	0.94	0.96	0.98	0.98	1.0	1.0	0.98	0.96	0.98	1.0	0.96	0.96	0.98	0.96
15450	1.0	1.0	0.94	0.96	0.98	0.98	1.0	1.0	0.98	0.96	0.96	1.0	0.96	0.96	0.98	0.96
15500	1.0	1.0	0.94	0.96	0.98	1.0	1.0	1.0	0.98	0.96	0.96	1.0	0.96	0.96	0.98	0.96
15550	1.0	1.0	0.94	0.96	0.98	1.0	1.0	1.0	1.0	0.94	0.96	1.0	0.96	0.98	0.98	0.96
15600	1.0	1.0	0.94	0.96	0.98	1.0	1.0	1.0	1.0	0.94	0.96	1.0	0.96	0.98	0.98	0.96
15650	1.0	1.0	0.94	0.98	0.98	1.0	1.0	1.0	1.0	0.94	0.96	1.0	0.96	0.94	1.0	0.96
15700	1.0	1.0	0.96	0.96	0.96	1.0	1.0	1.0	1.0	0.94	0.96	1.0	0.96	0.94	1.0	0.96
15750	1.0	1.0	0.94	0.94	0.96	1.0	1.0	1.0	1.0	0.94	0.96	1.0	0.96	0.94	1.0	0.96
15800	1.0	1.0	0.94	0.94	0.98	1.0	1.0	1.0	1.0	0.94	0.94	1.0	0.96	0.94	1.0	0.98
15850	1.0	1.0	0.94	0.9	0.98	1.0	1.0	1.0	1.0	0.92	0.94	1.0	0.94	0.94	1.0	0.94
15900	1.0	0.98	0.96	0.9	0.96	0.98	1.0	1.0	1.0	0.9	0.96	1.0	0.94	0.92	1.0	0.94
15950	1.0	0.98	0.96	0.92	0.94	0.98	0.98	1.0	1.0	0.9	0.96	1.0	0.94	0.94	1.0	0.94
16000	1.0	0.98	0.96	0.92	0.94	0.98	0.98	1.0	1.0	0.9	0.96	1.0	0.94	0.94	1.0	0.94
16050	1.0	0.96	0.96	0.92	0.92	0.98	0.98	1.0	1.0	0.92	0.96	1.0	0.96	0.94	1.0	0.94
16100	1.0	0.96	0.96	0.92	0.92	0.98	0.98	1.0	1.0	0.92	0.96	1.0	0.96	0.94	1.0	0.94
16150	1.0	0.96	0.96	0.92	0.92	0.98	0.98	1.0	1.0	0.92	0.96	1.0	0.96	0.92	1.0	0.94
16200	1.0	0.96	0.96	0.92	0.92	0.98	0.98	1.0	1.0	0.94	0.96	1.0	0.96	0.92	1.0	0.96
16250	1.0	0.96	0.98	0.92	0.92	0.98	0.98	1.0	1.0	0.94	0.94	1.0	0.94	0.92	1.0	0.96
16300	1.0	0.94	1.0	0.94	0.92	0.98	0.98	1.0	1.0	0.96	0.94	1.0	0.94	0.92	1.0	0.96
16350	1.0	0.94	1.0	0.96	0.92	0.98	0.98	1.0	1.0	0.96	0.92	1.0	0.94	0.9	1.0	0.96
16400	1.0	0.94	1.0	0.98	0.94	0.96	0.98	1.0	1.0	0.96	0.9	0.98	0.94	0.9	1.0	0.96
16450	1.0	0.94	1.0	0.96	0.94	0.96	0.98	1.0	1.0	0.96	0.9	0.98	0.94	0.94	1.0	0.96
16500	1.0	0.94	1.0	0.96	0.94	0.96	0.98	1.0	1.0	0.98	0.9	0.98	0.96	0.94	1.0	0.96
16550	1.0	0.96	1.0	0.94	0.94	0.98	0.98	1.0	1.0	1.0	0.92	0.98	0.96	0.94	1.0	0.98
16600	1.0	0.98	1.0	0.94	0.94	0.96	0.98	1.0	1.0	1.0	0.92	0.98	0.96	0.96	1.0	1.0
16650	1.0	0.98	1.0	0.94	0.96	0.96	0.98	1.0	1.0	1.0	0.92	0.98	0.98	0.96	1.0	0.98
16700	1.0	0.98	1.0	0.92	0.96	0.96	1.0	1.0	1.0	1.0	0.92	0.98	0.98	0.96	1.0	0.98
16750	1.0	0.98	1.0	0.92	0.96	0.96	0.98	1.0	1.0	0.98	0.92	0.98	0.98	0.96	1.0	0.96
16800	1.0	0.98	1.0	0.92	0.98	0.96	0.98	1.0	1.0	0.98	0.94	0.98	0.98	0.96	1.0	0.96
16850	0.98	1.0	1.0	0.9	1.0	0.96	0.98	1.0	1.0	0.98	0.96	0.98	0.98	0.98	1.0	0.96
16900	0.98	1.0	1.0	0.9	1.0	0.96	0.98	1.0	1.0	0.98	0.96	0.98	0.98	0.98	1.0	0.96
16950	0.98	1.0	1.0	0.9	1.0	0.96	0.98	1.0	1.0	0.98	0.96	0.98	1.0	0.98	1.0	0.96
17000	0.96	1.0	1.0	0.9	1.0	0.94	0.98	1.0	1.0	0.98	0.98	0.98	1.0	0.98	1.0	0.94
17050	0.94	1.0	1.0	0.9	1.0	0.94	0.98	1.0	1.0	0.98	0.98	1.0	1.0	1.0	1.0	0.92
17100	0.92	1.0	1.0	0.92	1.0	0.96	0.98	1.0	1.0	0.98	0.98	1.0	1.0	1.0	1.0	0.9
17150	0.92	1.0	1.0	0.94	1.0	0.96	0.98	1.0	1.0	0.98	0.98	1.0	1.0	1.0	1.0	0.9
17200	0.92	1.0	1.0	0.94	1.0	0.96	0.98	1.0	1.0	0.98	0.98	1.0	1.0	1.0	1.0	0.88
17250	0.92	1.0	1.0	0.94	1.0	0.96	0.98	1.0	0.98	0.98	0.98	1.0	1.0	1.0	1.0	0.9
17300	0.92	1.0	1.0	0.96	1.0	0.96	0.98	1.0	0.98	0.98	0.96	1.0	1.0	1.0	1.0	0.9
17350	0.92	1.0	1.0	0.96	1.0	0.96	0.98	1.0	0.98	0.98	0.96	1.0	0.98	1.0	1.0	0.9
17400	0.94	1.0	1.0	0.98	1.0	0.96	0.96	1.0	0.98	0.98	0.96	1.0	0.98	1.0	1.0	0.92
17450	0.94	1.0	1.0	0.98	1.0	0.96	0.96	1.0	0.98	0.98	0.96	1.0	0.98	1.0	1.0	0.92
17500	0.94	1.0	1.0	0.98	1.0	0.96	0.96	1.0	0.98	1.0	0.96	1.0	0.96	1.0	1.0	0.92
17550	0.94	1.0	1.0	1.0	1.0	0.98	0.96	1.0	0.98	1.0	0.94	1.0	0.96	0.98	1.0	0.92
17600	0.94	1.0	1.0	1.0	1.0	0.96	0.96	1.0	0.98	1.0	0.96	1.0	0.94	0.98	1.0	0.92
17650	0.94	1.0	1.0	1.0	1.0	0.96	0.98	1.0	0.98	1.0	0.96	1.0	0.94	0.98	1.0	0.94
17700	0.94	1.0	1.0	1.0	1.0	0.94	0.98	1.0	0.98	1.0	0.96	1.0	0.92	0.96	0.98	0.96
17750	0.96	1.0	1.0	1.0	1.0	0.94	0.98	1.0	0.98	1.0	0.96	1.0	0.92	0.96	0.98	0.96
17800	0.98	1.0	1.0	1.0	1.0	0.96	0.98	1.0	0.98	1.0	0.94	1.0	0.92	0.96	0.98	0.96
17850	1.0	1.0	1.0	1.0	1.0	0.96	0.98	1.0	0.98	1.0	0.96	1.0	0.92	0.94	0.98	0.96
17900	0.98	1.0	1.0	1.0	1.0	0.96	0.98	1.0	0.98	1.0	0.96	1.0	0.92	0.94	0.98	0.98
17950	0.96	1.0	1.0	1.0	1.0	0.96	0.98	1.0	0.98	1.0	0.96	1.0	0.92	0.94	0.96	0.98
18000	0.96	1.0	1.0	1.0	1.0	0.96	0.98	1.0	1.0	1.0	0.96	1.0	0.94	0.92	0.96	0.98
18050	0.96	1.0	1.0	1.0	0.98	0.96	0.98	1.0	1.0	1.0	0.96	1.0	0.94	0.92	0.96	0.98
18100	0.96	1.0	1.0	1.0	0.98	0.96	0.98	1.0	1.0	1.0	0.96	1.0	0.98	0.92	0.96	0.98
18150	0.96	1.0	1.0	0.98	0.98	0.96	0.98	1.0	1.0	1.0	0.96	1.0	0.98	0.94	0.96	0.96
18200	0.94	1.0	1.0	0.96	0.98	0.98	0.98	0.98	1.0	1.0	0.96	1.0	0.98	0.94	0.96	0.92
18250	0.94	1.0	1.0	0.96	0.98	0.98	0.98	0.98	1.0	1.0	0.98	1.0	1.0	0.94	0.92	0.92
18300	0.94	1.0	1.0	0.96	0.98	0.98	0.98	0.98	1.0	1.0	0.98	1.0	1.0	0.96	0.92	0.92
18350	0.94	1.0	1.0	0.96	0.98	0.98	0.98	0.98	1.0	1.0	0.98	1.0	1.0	0.96	0.92	0.94
18400	0.94	1.0	1.0	0.96	0.98	0.96	0.96	0.98	1.0	1.0	0.98	1.0	1.0	0.94	0.92	0.94
18450	0.94	1.0	1.0	0.96	0.96	0.96	0.96	0.98	1.0	0.98	0.98	1.0	1.0	0.94	0.92	0.92
18500	0.94	1.0	1.0	0.96	0.96	0.96	0.96	0.96	1.0	0.98	0.98	1.0	1.0	0.94	0.94	0.92
18550	0.94	1.0	1.0	0.92	0.96	0.96	0.96	0.96	1.0	0.98	1.0	1.0	1.0	0.96	0.94	0.92
18600	0.94	0.98	1.0	0.92	0.96	0.96	0.96	0.96	1.0	0.98	0.98	1.0	1.0	0.96	0.96	0.92
18650	0.96	0.98	1.0	0.9	0.96	0.96	0.96	0.96	1.0	0.98	0.98	1.0	0.98	0.96	0.94	0.92
18700	0.96	0.98	1.0	0.88	0.96	0.96	0.94	0.96	1.0	0.98	0.98	1.0	0.98	0.96	0.94	0.92
18750	0.96	0.98	1.0	0.92	0.96	0.96	0.94	0.96	1.0	0.98	0.98	1.0	0.98	0.96	0.94	0.92
18800	0.98	0.98	1.0	0.92	0.98	0.96	0.96	0.96	1.0	0.98	0.98	1.0	0.98	0.96	0.94	0.92
18850	0.98	0.98	1.0	0.92	0.98	0.96	0.96	0.96	1.0	0.98	0.98	1.0	0.98	0.96	0.94	0.92
18900	0.98	0.98	1.0	0.92	0.98	0.96	0.96	0.96	1.0	0.98	0.98	1.0	0.98	0.96	0.94	0.96
18950	0.98	0.98	1.0	0.92	0.98	0.94	0.96	0.96	1.0	0.98	0.98	1.0	0.98	0.96	0.98	0.98
19000	0.98	0.98	1.0	0.92	0.98	0.94	0.96	0.98	1.0	1.0	0.98	1.0	0.98	0.98	0.98	0.96
19050	0.98	0.98	1.0	0.92	0.98	0.96	0.96	0.98	1.0	1.0	0.98	1.0	0.98	1.0	0.98	0.96
19100	1.0	0.98	1.0	0.92	1.0	0.98	0.96	0.98	1.0	1.0	0.96	0.96	0.98	1.0	0.98	0.96
19150	1.0	0.98	1.0	0.92	1.0	0.98	0.96	0.98	1.0	1.0	0.96	0.96	0.98	1.0	0.98	0.94
19200	1.0	0.98	1.0	0.92	1.0	0.98	0.96	0.98	1.0	1.0	0.96	0.96	0.98	1.0	0.98	0.92
19250	1.0	0.98	1.0	0.96	1.0	0.98	0.96	1.0	1.0	1.0	0.98	0.96	1.0	1.0	1.0	0.92
19300	1.0	1.0	0.98	0.96	1.0	0.98	0.96	1.0	1.0	1.0	0.98	0.96	1.0	1.0	1.0	0.92
19350	1.0	1.0	0.98	0.98	1.0	0.98	0.98	1.0	1.0	1.0	0.98	0.96	0.98	1.0	1.0	0.94
19400	0.98	1.0	0.98	0.98	1.0	0.98	0.96	1.0	1.0	0.98	0.98	0.96	0.98	1.0	1.0	0.94
19450	0.98	0.98	0.98	1.0	1.0	0.98	0.96	1.0	0.98	0.98	0.98	0.96	0.98	1.0	1.0	0.94
19500	0.98	0.98	0.98	1.0	1.0	0.98	0.96	1.0	0.98	0.98	0.96	0.96	0.98	1.0	1.0	0.94
19550	0.98	0.98	0.98	1.0	1.0	1.0	0.96	1.0	0.98	0.98	0.94	0.96	0.96	1.0	1.0	0.94
19600	0.98	0.98	0.98	1.0	1.0	1.0	0.96	1.0	0.98	0.98	0.92	0.96	0.96	1.0	1.0	0.94
19650	0.98	0.98	0.98	1.0	1.0	0.98	0.98	1.0	0.98	0.98	0.92	0.96	0.96	1.0	1.0	0.94
19700	0.98	0.98	0.98	1.0	1.0	0.98	0.98	1.0	0.98	0.98	0.92	0.96	0.96	1.0	1.0	0.94
19750	0.98	0.98	0.98	1.0	1.0	0.98	0.98	1.0	0.98	0.98	0.94	0.96	0.96	1.0	1.0	0.96
19800	0.98	0.98	0.96	1.0	1.0	0.98	0.98	1.0	0.98	0.98	0.94	1.0	0.96	1.0	1.0	0.98
19850	0.98	0.98	0.96	1.0	1.0	0.94	0.98	1.0	0.98	0.98	0.94	1.0	0.96	1.0	1.0	0.98
19900	0.98	0.94	0.96	0.98	1.0	0.94	0.98	1.0	0.98	0.98	0.94	1.0	0.96	1.0	1.0	0.98
19950	0.98	0.94	0.96	0.96	1.0	0.94	0.98	1.0	0.98	0.98	0.94	1.0	0.96	1.0	1.0	0.96
20000	0.98	0.94	0.96	0.94	1.0	0.94	0.98	1.0	0.98	0.98	0.94	1.0	0.98	1.0	1.0	0.96
