0	0.0	0.0	0.0	0.0	0.0	0.0	0.0	0.0	0.0	0.0	0.0	0.0	0.0	0.0	0.0	0.0
50	0.0	0.0	0.0	0.25	0.0	0.0	0.6	0.5	0.25	0.25	0.0	0.0	0.0	0.0	0.0	0.0
100	0.0	0.333333333333	0.666666666667	0.666666666667	0.6	0.166666666667	0.428571428571	0.5	0.428571428571	0.571428571429	0.0	0.6	0.538461538462	0.0	0.25	0.25
150	0.25	0.625	0.7	0.666666666667	0.571428571429	0.266666666667	0.4	0.714285714286	0.583333333333	0.625	0.8	0.571428571429	0.533333333333	0.2	0.571428571429	0.454545454545
200	0.4	0.7	0.769230769231	0.714285714286	0.666666666667	0.388888888889	0.466666666667	0.818181818182	0.666666666667	0.8	0.818181818182	0.625	0.65	0.333333333333	0.625	0.625
250	0.571428571429	0.8	0.8	0.764705882353	0.785714285714	0.4	0.5	0.846153846154	0.666666666667	0.823529411765	0.882352941176	0.583333333333	0.708333333333	0.384615384615	0.785714285714	0.631578947368
300	0.571428571429	0.833333333333	0.842105263158	0.789473684211	0.8	0.52	0.590909090909	0.866666666667	0.7	0.857142857143	0.9	0.625	0.740740740741	0.526315789474	0.8125	0.666666666667
350	0.75	0.863636363636	0.818181818182	0.833333333333	0.777777777778	0.555555555556	0.608695652174	0.882352941176	0.769230769231	0.869565217391	0.904761904762	0.7	0.766666666667	0.55	0.85	0.72
400	0.769230769231	0.88	0.84	0.857142857143	0.8	0.6	0.64	0.909090909091	0.793103448276	0.875	0.913043478261	0.75	0.794117647059	0.571428571429	0.875	0.75
450	0.823529411765	0.892857142857	0.851851851852	0.875	0.8	0.647058823529	0.678571428571	0.923076923077	0.833333333333	0.88	0.913043478261	0.769230769231	0.810810810811	0.666666666667	0.896551724138	0.766666666667
500	0.857142857143	0.896551724138	0.866666666667	0.882352941176	0.833333333333	0.666666666667	0.71875	0.925925925926	0.857142857143	0.888888888889	0.923076923077	0.8	0.829268292683	0.666666666667	0.90625	0.805555555556
550	0.869565217391	0.914285714286	0.875	0.897435897436	0.84375	0.666666666667	0.727272727273	0.942857142857	0.863636363636	0.9	0.931034482759	0.8125	0.840909090909	0.709677419355	0.90625	0.837209302326
600	0.846153846154	0.916666666667	0.894736842105	0.904761904762	0.84375	0.692307692308	0.742857142857	0.951219512195	0.872340425532	0.909090909091	0.931034482759	0.823529411765	0.86	0.71875	0.923076923077	0.851063829787
650	0.857142857143	0.926829268293	0.904761904762	0.914893617021	0.861111111111	0.707317073171	0.763157894737	0.95652173913	0.9	0.914285714286	0.9375	0.837837837838	0.92	0.727272727273	0.925	0.86
700	0.878787878788	0.934782608696	0.909090909091	0.94	0.875	0.714285714286	0.769230769231	0.98	0.94	0.916666666667	0.944444444444	0.846153846154	0.96	0.763157894737	0.928571428571	0.9
750	0.894736842105	0.94	0.909090909091	0.98	0.883720930233	0.733333333333	0.790697674419	1.0	0.96	0.925	0.947368421053	0.853658536585	0.98	0.785714285714	0.933333333333	0.98
800	0.90243902439	0.96	0.92	0.98	0.888888888889	0.75	0.8	1.0	0.98	0.926829268293	0.952380952381	0.866666666667	0.98	0.804347826087	0.94	0.96
850	0.904761904762	0.98	0.94	0.98	0.893617021277	0.8	0.816326530612	1.0	0.98	0.928571428571	0.955555555556	0.875	1.0	0.88	1.0	0.96
900	0.911111111111	1.0	0.96	1.0	0.895833333333	0.92	0.86	0.98	1.0	0.933333333333	1.0	0.875	1.0	0.98	1.0	0.96
950	0.914893617021	1.0	0.98	1.0	0.94	0.92	0.94	0.98	1.0	0.94	1.0	0.9	1.0	0.98	1.0	0.96
1000	0.918367346939	1.0	0.98	1.0	0.94	0.98	0.94	0.98	1.0	0.98	1.0	0.96	1.0	0.98	0.98	0.98
1050	0.96	1.0	0.98	1.0	0.94	0.98	0.96	0.98	1.0	1.0	1.0	0.96	1.0	0.98	0.98	0.98
1100	0.98	1.0	0.98	1.0	0.96	1.0	0.98	0.98	1.0	1.0	1.0	0.96	1.0	1.0	0.98	0.96
1150	0.98	1.0	1.0	1.0	0.96	1.0	0.98	0.96	1.0	1.0	1.0	0.96	1.0	1.0	0.98	0.96
1200	0.98	1.0	0.98	1.0	0.96	1.0	1.0	0.96	1.0	1.0	1.0	0.96	1.0	1.0	0.98	0.96
1250	0.98	1.0	0.96	1.0	0.98	1.0	1.0	0.96	1.0	1.0	1.0	0.96	1.0	1.0	0.98	0.96
1300	0.98	1.0	0.96	1.0	0.98	1.0	0.98	0.96	1.0	0.98	1.0	0.96	1.0	1.0	0.98	0.96
1350	1.0	1.0	0.96	1.0	0.98	1.0	0.98	0.96	1.0	0.98	1.0	0.96	1.0	1.0	0.98	0.96
1400	1.0	1.0	0.94	1.0	0.98	1.0	0.98	0.96	1.0	0.98	1.0	0.96	1.0	1.0	0.98	0.96
1450	1.0	1.0	0.92	1.0	0.98	1.0	0.98	0.96	1.0	0.96	1.0	0.96	1.0	1.0	0.96	0.96
1500	1.0	0.98	0.92	1.0	0.98	1.0	0.98	0.96	1.0	0.96	0.98	0.96	1.0	1.0	0.96	0.94
1550	1.0	0.98	0.92	1.0	0.98	1.0	0.98	0.96	1.0	0.94	0.98	0.96	1.0	1.0	0.96	0.94
1600	1.0	0.98	0.92	1.0	0.98	1.0	0.98	0.96	1.0	0.94	0.98	0.96	1.0	1.0	0.96	0.94
1650	1.0	0.98	0.92	1.0	0.98	1.0	0.98	0.96	1.0	0.92	0.98	0.96	1.0	1.0	0.96	0.94
1700	1.0	0.98	0.92	1.0	0.98	1.0	0.98	0.96	1.0	0.92	0.98	0.96	1.0	1.0	0.96	0.94
1750	1.0	0.98	0.9	1.0	0.98	1.0	0.98	0.96	1.0	0.92	0.98	0.96	1.0	1.0	0.96	0.96
1800	1.0	0.98	0.9	1.0	0.96	1.0	0.98	0.96	1.0	0.92	0.98	0.96	1.0	1.0	0.98	0.96
1850	1.0	0.98	0.9	1.0	0.96	1.0	0.96	0.96	1.0	0.92	0.98	0.98	1.0	0.98	0.98	0.96
1900	1.0	0.98	0.9	1.0	0.96	1.0	0.96	0.98	1.0	0.9	0.98	0.98	1.0	0.98	0.98	0.98
1950	1.0	0.98	0.88	1.0	0.94	1.0	0.96	0.98	1.0	0.88	0.98	0.98	1.0	0.98	0.96	0.98
2000	1.0	0.98	0.88	1.0	0.94	1.0	0.94	0.98	1.0	0.86	0.98	0.98	1.0	0.98	0.96	0.98
2050	1.0	0.98	0.9	1.0	0.92	1.0	0.94	0.98	1.0	0.88	0.98	0.96	1.0	0.98	0.96	0.98
2100	1.0	0.98	0.92	1.0	0.92	1.0	0.92	0.98	1.0	0.88	0.98	0.96	1.0	0.98	0.96	0.98
2150	0.98	0.98	0.92	1.0	0.92	1.0	0.9	0.98	1.0	0.88	0.98	0.94	1.0	0.98	0.96	0.98
2200	0.98	0.98	0.92	1.0	0.92	1.0	0.9	0.98	1.0	0.88	0.98	0.94	1.0	0.98	0.96	0.98
2250	0.98	0.98	0.96	1.0	0.94	1.0	0.9	0.98	1.0	0.86	1.0	0.94	1.0	0.98	0.96	0.98
2300	0.98	0.98	0.96	1.0	0.94	1.0	0.9	0.98	1.0	0.86	1.0	0.94	1.0	0.98	0.98	0.98
2350	0.98	0.98	0.96	1.0	0.94	1.0	0.9	0.98	1.0	0.86	1.0	0.96	1.0	0.98	0.98	0.98
2400	0.98	1.0	0.96	1.0	0.94	1.0	0.9	0.98	1.0	0.86	1.0	0.96	1.0	0.98	0.98	0.98
2450	0.98	0.98	0.98	1.0	0.94	1.0	0.9	0.98	1.0	0.86	1.0	0.96	1.0	0.98	0.98	1.0
2500	0.98	0.98	0.98	1.0	0.94	1.0	0.9	0.98	1.0	0.86	1.0	0.96	1.0	0.98	0.98	1.0
2550	0.98	0.98	0.96	1.0	0.94	1.0	0.9	0.98	1.0	0.84	1.0	0.96	1.0	0.98	0.98	1.0
2600	0.98	0.98	0.96	1.0	0.94	1.0	0.9	1.0	1.0	0.88	1.0	0.96	1.0	1.0	0.98	1.0
2650	0.98	0.98	0.98	1.0	0.94	1.0	0.9	1.0	1.0	0.88	1.0	0.96	1.0	0.98	0.98	1.0
2700	0.98	0.98	0.98	1.0	0.94	1.0	0.9	1.0	1.0	0.88	1.0	0.96	1.0	0.98	0.98	1.0
2750	0.98	0.98	0.98	1.0	0.94	1.0	0.92	1.0	1.0	0.88	1.0	0.98	0.98	0.98	1.0	1.0
2800	0.98	0.98	0.98	1.0	0.94	1.0	0.94	1.0	1.0	0.92	1.0	0.98	0.98	0.98	1.0	1.0
2850	0.98	0.96	0.98	1.0	0.94	1.0	0.94	1.0	1.0	0.94	1.0	0.98	0.98	0.98	1.0	1.0
2900	1.0	0.96	0.98	0.98	0.96	0.98	0.96	1.0	1.0	0.94	1.0	1.0	0.98	0.98	1.0	1.0
2950	1.0	0.96	0.98	0.98	0.96	0.98	1.0	0.98	1.0	0.94	1.0	1.0	0.98	0.98	1.0	1.0
3000	1.0	0.96	0.98	0.98	0.98	0.98	1.0	0.98	1.0	0.94	1.0	1.0	0.98	0.98	1.0	1.0
3050	1.0	0.96	0.96	0.98	0.98	0.98	0.98	0.98	0.98	0.96	1.0	1.0	0.98	0.98	1.0	1.0
3100	1.0	0.96	0.96	0.98	0.98	0.98	0.98	0.98	0.98	0.96	1.0	0.98	0.98	0.98	1.0	1.0
3150	1.0	0.96	0.96	0.98	0.98	0.98	0.98	0.98	0.98	0.96	1.0	0.98	0.98	0.98	1.0	1.0
3200	1.0	0.96	0.96	0.98	0.98	0.98	0.98	0.98	0.98	0.98	1.0	0.98	0.98	0.98	1.0	1.0
3250	1.0	0.98	0.96	0.98	0.98	0.98	0.98	0.98	0.96	1.0	1.0	0.98	0.98	0.98	1.0	1.0
3300	1.0	0.98	0.96	0.98	0.98	0.98	0.98	0.98	0.94	1.0	1.0	0.98	0.98	0.98	0.98	1.0
3350	1.0	0.98	0.96	0.96	0.98	0.98	0.98	0.98	0.94	1.0	1.0	0.98	0.98	0.98	0.98	1.0
3400	1.0	0.98	0.96	0.96	0.98	0.98	0.98	0.98	0.94	0.98	1.0	0.98	0.98	0.98	0.98	1.0
3450	1.0	0.98	0.98	0.96	0.98	0.98	0.98	0.98	0.94	0.98	1.0	0.96	1.0	0.98	0.98	1.0
3500	1.0	0.98	0.96	0.96	0.98	0.98	0.98	0.98	0.94	0.94	1.0	0.96	1.0	0.98	0.98	1.0
3550	1.0	0.98	0.96	0.96	0.98	0.98	0.98	0.98	0.94	0.94	1.0	0.96	1.0	0.98	0.96	1.0
3600	1.0	1.0	0.96	0.96	0.98	1.0	0.98	0.98	0.94	0.94	1.0	0.96	1.0	0.98	0.96	1.0
3650	1.0	0.98	0.96	0.96	0.98	1.0	0.98	0.98	0.94	0.94	1.0	0.96	1.0	1.0	0.96	1.0
3700	1.0	0.98	0.96	0.96	1.0	1.0	0.98	0.98	0.94	0.94	1.0	0.96	1.0	1.0	0.96	1.0
3750	1.0	0.96	0.96	0.96	1.0	1.0	0.98	1.0	0.94	0.94	1.0	0.96	1.0	1.0	0.96	1.0
3800	1.0	0.96	0.96	0.96	1.0	1.0	0.98	1.0	0.94	0.94	1.0	0.96	1.0	1.0	0.96	1.0
3850	1.0	0.96	0.96	0.96	1.0	1.0	0.98	1.0	0.94	0.94	1.0	0.98	0.98	1.0	0.96	1.0
3900	1.0	0.96	0.98	0.96	1.0	0.98	0.98	1.0	0.94	0.94	1.0	0.98	0.98	1.0	0.96	1.0
3950	0.98	0.96	0.96	0.96	1.0	0.98	1.0	1.0	0.96	0.94	1.0	0.98	0.98	1.0	0.96	1.0
4000	0.98	0.96	0.96	0.96	1.0	0.98	1.0	1.0	0.96	0.94	1.0	0.98	0.98	1.0	0.98	1.0
4050	0.98	0.96	0.96	0.96	0.98	0.98	1.0	1.0	0.96	0.94	1.0	0.98	0.98	1.0	0.98	1.0
4100	0.98	0.92	0.96	0.98	0.98	0.98	1.0	1.0	0.98	0.94	1.0	0.98	0.98	1.0	0.98	1.0
4150	0.98	0.92	0.94	0.98	0.98	0.98	1.0	1.0	1.0	0.94	1.0	0.96	0.98	1.0	0.98	1.0
4200	0.98	0.92	0.94	0.98	0.98	0.98	1.0	1.0	1.0	0.94	1.0	0.96	0.98	1.0	1.0	1.0
4250	0.98	0.92	0.94	0.98	0.98	0.98	1.0	1.0	1.0	0.94	1.0	0.96	0.98	1.0	1.0	1.0
4300	0.98	0.92	0.94	0.98	0.98	0.98	1.0	1.0	1.0	0.94	1.0	0.98	0.98	1.0	0.98	1.0
4350	0.98	0.94	0.96	1.0	0.98	0.96	1.0	1.0	1.0	0.94	1.0	0.98	0.98	1.0	0.96	1.0
4400	0.98	0.94	0.96	1.0	0.98	0.96	1.0	1.0	1.0	0.94	1.0	0.98	0.98	1.0	0.96	1.0
4450	0.98	0.92	0.96	1.0	0.96	0.96	1.0	1.0	1.0	0.94	1.0	0.98	0.98	1.0	0.96	1.0
4500	0.98	0.92	0.96	1.0	0.96	0.96	1.0	1.0	1.0	0.96	1.0	0.98	0.98	1.0	0.96	1.0
4550	0.98	0.92	0.96	1.0	0.96	0.96	1.0	0.98	1.0	0.96	1.0	0.98	0.98	1.0	0.94	1.0
4600	0.98	0.9	0.96	1.0	0.96	0.96	1.0	0.98	1.0	0.96	1.0	0.96	0.98	1.0	0.94	1.0
4650	0.96	0.9	0.96	1.0	0.96	0.98	1.0	0.98	1.0	0.96	1.0	0.96	1.0	1.0	0.94	1.0
4700	0.98	0.9	0.98	1.0	0.96	0.98	1.0	0.98	1.0	0.96	1.0	0.96	1.0	1.0	0.94	1.0
4750	0.98	0.9	0.98	1.0	0.96	0.98	1.0	0.98	1.0	0.94	1.0	0.96	1.0	1.0	0.94	1.0
4800	0.98	0.9	0.98	1.0	0.96	0.98	1.0	0.98	1.0	0.94	0.98	0.96	1.0	1.0	0.94	1.0
4850	0.96	0.9	0.98	1.0	0.96	0.98	1.0	0.98	1.0	0.94	0.98	0.96	1.0	1.0	0.94	1.0
4900	0.96	0.94	1.0	1.0	0.96	0.98	1.0	0.98	1.0	0.94	0.98	0.96	1.0	1.0	0.94	1.0
4950	0.96	0.94	1.0	1.0	0.98	0.98	1.0	0.98	1.0	0.94	0.98	0.96	1.0	1.0	0.94	1.0
5000	0.96	0.94	0.98	1.0	0.98	0.98	1.0	0.98	1.0	0.94	0.98	0.98	1.0	1.0	0.94	1.0
5050	0.96	0.94	0.98	1.0	0.98	0.98	0.98	0.98	1.0	0.94	0.98	0.96	1.0	1.0	0.94	1.0
5100	0.94	0.94	0.98	1.0	0.98	0.98	0.98	0.98	1.0	0.96	0.98	0.96	1.0	1.0	0.98	1.0
5150	0.94	0.94	0.98	1.0	0.98	1.0	0.98	0.98	1.0	0.96	0.98	0.96	1.0	1.0	0.98	1.0
5200	0.94	0.94	0.98	1.0	0.98	1.0	0.98	0.98	1.0	0.96	0.98	0.96	1.0	1.0	0.98	1.0
5250	0.94	0.96	0.98	1.0	0.98	1.0	0.96	0.98	1.0	0.98	0.98	0.98	1.0	1.0	0.98	1.0
5300	0.94	0.96	0.98	1.0	0.98	1.0	0.96	0.98	1.0	0.98	0.98	0.98	1.0	1.0	0.98	1.0
5350	0.94	0.96	0.96	0.98	0.98	1.0	0.96	0.98	1.0	0.98	0.98	0.98	1.0	1.0	1.0	1.0
5400	0.94	0.98	0.94	0.98	1.0	0.98	0.96	1.0	1.0	0.98	0.98	0.98	1.0	1.0	1.0	1.0
5450	0.96	0.98	0.94	0.98	1.0	0.98	0.96	1.0	1.0	0.98	0.98	0.98	1.0	1.0	1.0	1.0
5500	0.96	0.98	0.92	0.98	1.0	0.98	0.96	1.0	1.0	0.98	0.98	0.98	1.0	1.0	1.0	1.0
5550	0.96	1.0	0.92	0.98	1.0	0.98	0.96	1.0	1.0	1.0	0.98	0.98	1.0	1.0	1.0	1.0
5600	0.96	1.0	0.9	0.98	1.0	0.98	0.96	1.0	1.0	1.0	0.98	0.98	1.0	1.0	1.0	1.0
5650	0.96	1.0	0.9	0.98	1.0	0.98	0.96	1.0	1.0	0.98	0.98	0.98	1.0	1.0	1.0	1.0
5700	0.96	1.0	0.9	0.98	1.0	0.98	0.96	1.0	1.0	0.98	1.0	0.98	1.0	1.0	1.0	1.0
5750	0.98	1.0	0.9	0.98	1.0	0.98	0.96	0.98	1.0	0.98	1.0	0.98	1.0	1.0	1.0	1.0
5800	0.98	1.0	0.88	0.98	1.0	0.98	0.98	0.98	1.0	0.96	1.0	0.98	1.0	1.0	1.0	1.0
5850	0.98	1.0	0.9	0.98	1.0	0.98	0.98	0.96	1.0	0.96	1.0	0.98	1.0	1.0	0.98	1.0
5900	0.98	1.0	0.9	0.98	1.0	0.98	0.98	0.96	1.0	0.96	1.0	0.98	1.0	1.0	0.98	1.0
5950	0.98	1.0	0.88	0.98	1.0	0.98	0.98	0.96	1.0	0.96	1.0	1.0	1.0	1.0	0.98	1.0
6000	0.98	0.98	0.88	0.98	1.0	0.98	0.98	0.96	1.0	0.96	1.0	1.0	1.0	1.0	0.96	0.98
6050	1.0	0.98	0.9	0.98	1.0	0.98	0.98	0.96	1.0	0.96	1.0	1.0	1.0	1.0	0.96	0.98
6100	1.0	0.98	0.9	0.98	0.98	1.0	0.98	0.96	1.0	0.96	1.0	1.0	1.0	1.0	0.96	0.98
6150	1.0	0.98	0.9	0.98	0.98	1.0	0.98	0.96	1.0	0.96	0.96	1.0	1.0	1.0	0.96	0.98
6200	1.0	0.98	0.92	0.98	0.98	1.0	0.98	0.96	1.0	0.96	0.96	1.0	0.98	1.0	0.96	0.98
6250	1.0	0.98	0.92	0.98	0.98	0.98	0.98	0.96	1.0	0.96	0.96	1.0	0.98	1.0	0.96	0.98
6300	1.0	0.98	0.94	1.0	0.98	0.98	0.98	0.96	1.0	0.96	0.96	1.0	0.98	1.0	0.96	0.98
6350	1.0	0.98	0.96	1.0	0.98	0.98	0.98	0.96	1.0	0.96	0.96	1.0	0.98	1.0	0.94	0.98
6400	1.0	0.98	0.96	1.0	0.98	0.96	0.98	0.96	1.0	0.96	0.96	1.0	0.98	1.0	0.94	0.98
6450	1.0	0.98	0.98	1.0	0.98	0.96	0.98	0.96	1.0	0.96	0.96	1.0	0.98	1.0	0.94	0.98
6500	1.0	0.98	0.98	1.0	0.98	0.96	0.98	0.96	1.0	0.96	0.96	1.0	0.98	1.0	0.94	0.98
6550	1.0	0.98	0.98	0.96	0.98	0.96	0.98	0.96	1.0	0.96	0.96	1.0	0.98	1.0	0.94	0.98
6600	1.0	0.98	1.0	0.96	0.96	0.96	0.98	0.94	1.0	0.96	0.96	1.0	0.98	1.0	0.94	0.98
6650	1.0	0.98	1.0	0.96	0.96	0.96	1.0	0.94	1.0	0.96	0.96	1.0	0.98	1.0	0.94	0.98
6700	0.98	1.0	1.0	0.96	0.96	0.96	1.0	0.94	1.0	0.96	0.96	1.0	0.98	1.0	0.96	0.98
6750	0.98	1.0	1.0	0.96	0.96	0.96	1.0	0.96	1.0	0.96	0.96	1.0	0.98	1.0	0.94	0.98
6800	0.98	1.0	1.0	0.96	0.96	0.96	1.0	0.96	1.0	0.96	0.96	1.0	0.98	1.0	0.96	0.98
6850	0.98	1.0	1.0	0.96	0.96	0.96	1.0	0.96	1.0	0.96	0.96	1.0	0.98	1.0	0.96	0.98
6900	0.98	0.96	1.0	0.96	0.96	0.96	1.0	0.96	1.0	0.98	0.96	1.0	0.98	1.0	0.96	0.98
6950	0.98	0.96	1.0	0.94	0.96	0.96	1.0	0.98	1.0	0.98	0.96	1.0	1.0	1.0	0.96	0.98
7000	0.98	0.96	1.0	0.94	0.96	0.96	1.0	0.98	1.0	0.98	0.98	1.0	0.98	1.0	0.96	0.98
7050	0.98	0.96	1.0	0.94	0.98	0.96	1.0	0.98	1.0	0.98	0.98	1.0	0.98	1.0	0.94	1.0
7100	0.98	0.96	1.0	0.96	0.98	0.98	1.0	0.98	1.0	0.98	1.0	1.0	0.98	1.0	0.94	1.0
7150	0.96	0.96	1.0	0.98	0.98	0.98	1.0	0.98	1.0	0.98	1.0	1.0	0.98	1.0	0.96	1.0
7200	0.96	0.96	1.0	0.98	0.98	0.98	1.0	0.98	1.0	0.96	1.0	1.0	0.98	1.0	0.94	1.0
7250	0.96	0.96	1.0	0.98	0.98	0.96	1.0	0.98	1.0	0.96	1.0	1.0	0.98	1.0	0.94	1.0
7300	0.96	0.96	1.0	0.98	0.98	0.96	1.0	0.98	1.0	0.96	1.0	1.0	0.98	1.0	0.94	1.0
7350	0.98	0.96	1.0	0.98	0.98	0.98	1.0	0.98	1.0	0.96	1.0	1.0	0.98	1.0	0.94	1.0
7400	0.98	0.96	1.0	0.98	0.98	0.98	1.0	1.0	1.0	0.96	1.0	1.0	0.98	1.0	0.94	1.0
7450	0.98	0.96	1.0	0.98	0.98	0.98	1.0	1.0	1.0	0.96	1.0	1.0	0.98	1.0	0.94	1.0
7500	0.98	0.96	1.0	0.98	0.98	0.98	1.0	1.0	1.0	0.96	1.0	1.0	0.98	1.0	0.94	1.0
7550	0.98	0.94	1.0	0.98	1.0	0.98	1.0	1.0	1.0	0.96	1.0	1.0	0.98	1.0	0.96	1.0
7600	0.98	0.94	1.0	0.96	1.0	0.98	1.0	0.98	1.0	0.96	1.0	1.0	0.96	1.0	0.96	1.0
7650	0.98	0.96	1.0	0.96	1.0	0.98	1.0	0.98	1.0	0.98	1.0	1.0	0.96	1.0	0.96	1.0
7700	0.98	0.98	1.0	0.96	0.96	0.98	1.0	0.98	1.0	0.98	1.0	1.0	0.96	1.0	0.98	1.0
7750	0.98	0.98	1.0	0.96	0.96	0.98	1.0	0.98	1.0	0.98	1.0	1.0	0.98	1.0	0.98	1.0
7800	0.98	0.98	1.0	0.96	0.96	0.98	1.0	0.98	1.0	0.98	1.0	1.0	0.98	1.0	0.98	1.0
7850	0.98	0.98	0.98	0.96	0.94	0.98	1.0	0.98	1.0	0.96	1.0	1.0	0.98	1.0	0.98	1.0
7900	0.98	0.98	0.98	0.96	0.94	0.98	1.0	0.98	1.0	0.96	1.0	1.0	0.96	1.0	0.98	1.0
7950	1.0	0.98	0.98	0.96	0.94	1.0	1.0	0.98	1.0	0.96	1.0	1.0	0.96	0.98	0.98	1.0
8000	1.0	0.98	0.98	0.96	0.94	1.0	1.0	0.98	1.0	0.96	1.0	1.0	0.96	0.98	1.0	1.0
8050	1.0	0.96	0.98	0.96	0.94	1.0	1.0	0.98	1.0	0.96	1.0	1.0	0.96	0.98	1.0	1.0
8100	1.0	0.96	0.98	0.96	0.94	1.0	1.0	0.98	1.0	0.96	1.0	1.0	0.96	0.98	1.0	1.0
8150	1.0	0.96	0.98	0.96	0.94	1.0	1.0	0.98	1.0	0.98	1.0	1.0	0.96	0.98	1.0	1.0
8200	1.0	0.96	0.98	0.96	0.94	1.0	1.0	0.98	1.0	0.98	1.0	1.0	0.96	0.98	1.0	1.0
8250	1.0	0.96	0.98	0.96	0.94	1.0	1.0	1.0	1.0	0.98	1.0	1.0	0.96	0.98	1.0	1.0
8300	1.0	0.96	0.98	0.96	0.94	1.0	1.0	1.0	1.0	0.98	1.0	1.0	0.96	0.96	1.0	1.0
8350	1.0	0.96	0.98	0.96	0.94	1.0	1.0	1.0	1.0	0.98	1.0	1.0	0.96	0.96	1.0	1.0
8400	1.0	0.96	0.98	0.98	0.94	1.0	1.0	1.0	1.0	0.98	1.0	1.0	0.96	0.96	1.0	1.0
8450	1.0	0.98	0.98	0.98	0.94	1.0	1.0	1.0	1.0	0.98	1.0	1.0	0.98	0.96	1.0	1.0
8500	1.0	0.98	0.98	0.98	0.94	1.0	1.0	1.0	1.0	1.0	1.0	1.0	0.98	0.96	0.98	1.0
8550	1.0	0.98	0.98	0.98	0.96	1.0	1.0	1.0	1.0	1.0	1.0	1.0	0.98	0.96	0.98	1.0
8600	1.0	0.98	1.0	1.0	0.96	1.0	1.0	1.0	1.0	1.0	0.98	1.0	0.98	0.96	0.98	1.0
8650	1.0	0.98	1.0	1.0	0.98	1.0	1.0	1.0	1.0	1.0	0.98	1.0	0.98	0.96	0.98	1.0
8700	1.0	0.98	1.0	1.0	0.96	1.0	1.0	1.0	1.0	1.0	0.98	1.0	0.98	0.96	0.98	1.0
8750	1.0	0.98	1.0	1.0	0.98	1.0	1.0	1.0	1.0	1.0	0.98	1.0	1.0	0.96	0.98	0.98
8800	1.0	0.98	1.0	1.0	0.98	1.0	1.0	1.0	1.0	1.0	0.98	1.0	1.0	0.96	0.98	0.98
8850	1.0	0.98	1.0	1.0	0.98	1.0	1.0	1.0	1.0	1.0	0.98	1.0	1.0	0.96	0.98	0.98
8900	0.98	1.0	1.0	1.0	0.98	1.0	1.0	1.0	1.0	1.0	0.98	1.0	1.0	0.96	0.96	0.98
8950	0.96	1.0	1.0	1.0	0.98	1.0	1.0	1.0	1.0	1.0	0.98	1.0	1.0	0.96	0.96	0.98
9000	0.96	1.0	1.0	1.0	0.98	1.0	1.0	1.0	1.0	1.0	0.98	1.0	1.0	0.96	0.94	0.98
9050	0.96	1.0	1.0	1.0	0.98	1.0	1.0	1.0	1.0	1.0	0.98	1.0	1.0	0.96	0.94	0.98
9100	0.96	1.0	1.0	1.0	0.98	1.0	1.0	1.0	1.0	1.0	0.98	1.0	1.0	0.98	0.94	0.98
9150	0.96	1.0	1.0	1.0	0.98	1.0	1.0	1.0	1.0	1.0	0.98	1.0	1.0	0.98	0.94	0.98
9200	0.94	1.0	1.0	1.0	0.98	1.0	1.0	1.0	1.0	1.0	0.98	1.0	1.0	0.98	0.94	0.98
9250	0.94	1.0	1.0	1.0	0.98	1.0	1.0	1.0	1.0	1.0	0.98	1.0	1.0	0.98	0.94	0.98
9300	0.94	1.0	1.0	0.98	0.98	1.0	1.0	0.98	1.0	1.0	0.98	1.0	1.0	0.98	0.94	0.98
9350	0.94	1.0	1.0	0.98	0.98	1.0	1.0	0.98	1.0	1.0	0.98	1.0	1.0	0.98	0.94	0.98
9400	0.9	1.0	1.0	0.98	0.98	1.0	1.0	0.98	1.0	1.0	0.98	1.0	1.0	0.98	0.96	0.98
9450	0.9	1.0	1.0	0.98	0.98	1.0	1.0	0.98	1.0	1.0	0.98	1.0	1.0	1.0	0.94	0.98
9500	0.9	1.0	1.0	0.98	0.98	1.0	1.0	0.98	1.0	1.0	1.0	1.0	1.0	1.0	0.94	1.0
9550	0.9	1.0	1.0	0.98	0.98	1.0	1.0	0.98	1.0	1.0	1.0	1.0	0.98	1.0	0.94	1.0
9600	0.9	1.0	1.0	0.98	1.0	0.98	1.0	0.98	1.0	1.0	1.0	1.0	0.98	1.0	0.94	1.0
9650	0.9	1.0	1.0	0.98	1.0	0.98	1.0	0.98	1.0	0.98	1.0	1.0	0.98	1.0	0.94	1.0
9700	0.92	1.0	1.0	0.98	1.0	0.98	1.0	0.98	1.0	0.98	1.0	1.0	0.98	0.98	0.94	1.0
9750	0.94	1.0	1.0	0.98	1.0	0.98	1.0	0.98	1.0	0.98	1.0	1.0	0.98	0.98	0.94	1.0
9800	0.94	1.0	0.98	0.98	0.98	0.98	1.0	0.98	1.0	0.98	1.0	1.0	0.98	0.98	0.96	1.0
9850	0.94	1.0	0.98	0.96	0.98	0.98	1.0	0.98	1.0	0.98	1.0	1.0	0.98	0.98	0.96	1.0
9900	0.94	1.0	0.98	0.96	0.98	0.98	1.0	0.98	1.0	0.98	1.0	1.0	0.98	0.98	0.96	1.0
9950	0.94	1.0	0.98	0.96	0.98	0.96	1.0	0.98	1.0	0.98	0.98	1.0	0.98	0.98	0.98	1.0
10000	0.94	1.0	0.98	0.96	0.98	0.96	1.0	0.98	1.0	0.98	0.98	1.0	0.98	0.94	0.98	1.0
10050	0.96	1.0	0.98	0.98	0.98	0.96	1.0	0.98	1.0	0.98	0.98	1.0	0.98	0.94	0.98	1.0
10100	0.96	1.0	0.98	0.98	0.98	0.96	1.0	1.0	1.0	0.98	0.98	1.0	0.98	0.94	0.98	1.0
10150	1.0	1.0	0.96	0.98	0.98	0.96	1.0	1.0	1.0	0.98	0.98	1.0	0.98	0.94	0.98	0.98
10200	1.0	1.0	0.96	0.96	0.98	0.96	1.0	1.0	1.0	0.98	0.98	1.0	0.98	0.92	0.98	0.98
10250	0.98	1.0	0.96	0.96	0.98	0.96	1.0	1.0	1.0	0.98	0.98	1.0	1.0	0.92	0.98	0.98
10300	0.96	1.0	0.96	0.96	0.98	0.94	1.0	1.0	1.0	0.98	0.98	1.0	1.0	0.92	0.98	0.98
10350	0.96	1.0	0.96	0.96	0.98	0.94	1.0	0.98	1.0	0.98	0.96	1.0	1.0	0.94	0.98	0.98
10400	0.96	1.0	0.96	0.96	0.98	0.96	1.0	0.98	1.0	1.0	0.96	1.0	1.0	0.94	0.98	0.98
10450	0.96	1.0	0.96	0.96	0.98	0.96	1.0	0.96	1.0	1.0	0.96	1.0	1.0	0.94	0.98	0.98
10500	0.96	1.0	0.98	0.96	0.98	0.96	1.0	0.96	1.0	1.0	0.96	1.0	1.0	0.94	0.94	0.98
10550	0.96	1.0	0.98	0.96	0.98	0.96	1.0	0.96	1.0	1.0	0.96	1.0	1.0	0.94	0.94	0.98
10600	0.96	1.0	0.98	0.96	0.98	0.98	1.0	0.96	1.0	1.0	0.96	1.0	1.0	0.98	0.94	0.98
10650	0.96	1.0	1.0	0.96	0.98	0.98	1.0	0.96	1.0	1.0	0.96	1.0	1.0	0.98	0.92	0.98
10700	0.96	1.0	0.98	0.96	0.98	0.98	1.0	0.96	1.0	1.0	0.96	1.0	1.0	0.98	0.92	0.98
10750	0.94	1.0	0.98	0.96	0.98	0.98	1.0	0.96	1.0	1.0	0.96	1.0	1.0	0.98	0.9	0.98
10800	0.94	1.0	0.98	0.98	0.98	0.98	1.0	0.96	1.0	0.98	0.94	1.0	1.0	1.0	0.9	1.0
10850	0.94	1.0	0.98	0.98	0.98	1.0	1.0	0.96	1.0	0.98	0.94	1.0	1.0	1.0	0.9	1.0
10900	0.94	0.98	0.98	0.94	0.98	1.0	1.0	0.96	1.0	0.98	0.94	1.0	1.0	1.0	0.92	1.0
10950	0.96	0.98	0.98	0.96	1.0	1.0	1.0	0.96	1.0	0.98	0.94	0.98	1.0	1.0	0.92	1.0
11000	0.96	0.98	0.98	0.96	1.0	1.0	1.0	0.94	1.0	0.98	0.94	0.98	1.0	1.0	0.92	1.0
11050	0.96	0.98	0.98	0.96	1.0	1.0	1.0	0.96	1.0	0.98	0.96	0.98	1.0	1.0	0.92	1.0
11100	0.94	0.98	0.94	0.96	1.0	1.0	1.0	0.96	1.0	0.98	0.96	0.98	1.0	1.0	0.92	1.0
11150	0.92	0.98	0.94	0.96	1.0	1.0	1.0	0.96	1.0	0.98	0.96	0.98	1.0	1.0	0.94	1.0
11200	0.92	0.98	0.94	0.96	1.0	1.0	1.0	0.96	1.0	0.98	0.98	0.98	1.0	1.0	0.96	1.0
11250	0.92	0.98	0.94	0.96	1.0	1.0	1.0	0.98	1.0	0.96	0.96	0.98	1.0	1.0	0.98	1.0
11300	0.94	0.98	0.94	0.96	1.0	1.0	1.0	0.98	1.0	0.96	0.96	0.98	1.0	1.0	0.98	1.0
11350	0.94	0.98	0.94	0.96	1.0	1.0	1.0	0.96	1.0	0.96	0.96	0.98	1.0	1.0	1.0	1.0
11400	0.94	0.98	0.96	0.94	1.0	0.98	1.0	0.96	1.0	0.96	0.96	0.98	0.98	1.0	1.0	1.0
11450	0.94	0.96	0.96	0.94	1.0	0.98	1.0	0.94	1.0	0.98	0.96	0.96	0.98	1.0	1.0	1.0
11500	0.92	0.98	0.96	0.94	1.0	0.98	1.0	0.94	1.0	0.98	0.96	0.96	0.98	1.0	1.0	1.0
11550	0.92	0.98	0.96	0.94	1.0	0.96	1.0	0.94	1.0	0.98	0.96	0.98	0.98	1.0	1.0	1.0
11600	0.92	0.98	0.96	0.94	1.0	0.96	1.0	0.92	1.0	0.98	0.98	0.98	0.98	1.0	1.0	1.0
11650	0.92	0.98	0.96	0.94	0.98	0.96	1.0	0.92	1.0	0.96	0.98	0.98	0.98	1.0	1.0	1.0
11700	0.92	0.98	0.96	0.94	0.98	0.96	1.0	0.94	1.0	0.96	0.98	0.98	0.98	1.0	1.0	1.0
11750	0.94	0.98	0.96	0.94	0.98	0.96	1.0	0.94	1.0	0.96	0.98	0.98	0.98	1.0	1.0	1.0
11800	0.94	0.98	0.96	0.96	0.98	0.96	1.0	0.94	1.0	0.98	0.98	0.96	0.98	1.0	0.98	1.0
11850	0.94	0.98	0.96	0.98	0.98	0.96	1.0	0.94	1.0	0.96	0.98	0.96	0.98	1.0	0.98	1.0
11900	0.96	0.98	0.98	0.96	0.98	0.96	1.0	0.94	1.0	0.96	0.96	0.96	0.98	1.0	0.96	1.0
11950	0.98	0.98	1.0	0.96	0.96	0.98	1.0	0.94	1.0	0.96	0.96	0.94	0.98	1.0	0.96	1.0
12000	0.96	0.98	1.0	0.96	0.96	0.98	1.0	0.94	1.0	0.96	0.96	0.94	0.98	1.0	0.96	1.0
12050	0.96	1.0	1.0	0.96	0.96	0.98	1.0	0.94	1.0	0.94	0.94	0.94	0.98	1.0	0.96	1.0
12100	0.96	1.0	1.0	0.96	0.96	0.98	1.0	0.98	1.0	0.94	0.94	0.96	1.0	1.0	0.96	1.0
12150	0.98	1.0	1.0	0.96	0.96	1.0	1.0	0.98	1.0	0.94	0.96	0.96	1.0	1.0	0.96	1.0
12200	0.98	1.0	1.0	0.98	0.96	1.0	1.0	0.96	1.0	0.94	0.96	0.96	1.0	1.0	0.94	1.0
12250	0.98	1.0	1.0	0.98	0.96	1.0	1.0	0.98	1.0	0.96	0.96	0.96	1.0	1.0	0.94	1.0
12300	0.98	1.0	1.0	0.98	0.98	0.98	1.0	0.98	1.0	0.96	0.96	0.96	1.0	1.0	0.94	1.0
12350	0.98	1.0	1.0	0.98	0.98	0.98	1.0	0.98	1.0	0.96	0.96	0.96	1.0	1.0	0.94	1.0
12400	0.96	1.0	1.0	0.94	0.98	0.98	1.0	0.98	1.0	0.96	0.96	0.96	1.0	1.0	0.94	0.96
12450	0.96	1.0	0.98	0.94	0.98	0.98	1.0	0.98	1.0	0.94	0.96	0.96	1.0	1.0	0.94	0.96
12500	0.98	1.0	0.98	0.94	0.98	0.98	1.0	0.98	1.0	0.94	0.96	0.98	1.0	1.0	0.94	0.96
12550	0.98	0.98	0.98	0.96	0.98	0.96	1.0	0.98	1.0	0.96	0.96	0.98	1.0	0.98	0.96	0.96
12600	0.98	0.98	0.98	0.96	1.0	0.96	1.0	0.98	1.0	0.96	0.96	1.0	1.0	0.98	0.94	0.96
12650	0.98	0.98	0.98	0.96	1.0	0.96	1.0	0.98	1.0	0.98	0.96	1.0	1.0	0.98	0.92	0.96
12700	0.98	0.98	0.96	0.96	0.98	0.96	1.0	0.98	1.0	0.98	0.96	1.0	1.0	0.98	0.92	0.96
12750	0.98	0.98	0.96	0.96	0.98	0.96	1.0	0.98	1.0	0.98	0.96	1.0	1.0	0.98	0.92	0.96
12800	0.98	0.98	0.96	0.96	0.98	0.94	1.0	0.98	1.0	0.98	0.96	1.0	1.0	0.98	0.94	0.96
12850	0.98	0.98	0.96	0.96	0.98	0.94	1.0	0.98	1.0	0.98	0.96	1.0	1.0	0.98	0.94	0.94
12900	0.98	0.96	0.96	0.96	0.98	0.92	1.0	1.0	1.0	0.98	0.98	1.0	1.0	0.98	0.92	0.94
12950	0.96	0.96	0.96	0.98	0.98	0.92	1.0	1.0	1.0	0.98	0.96	1.0	1.0	0.98	0.92	0.94
13000	0.96	0.96	0.96	1.0	0.98	0.94	1.0	1.0	1.0	0.98	0.96	1.0	1.0	0.98	0.92	0.94
13050	0.96	0.96	0.98	1.0	0.98	0.94	1.0	1.0	1.0	0.98	0.96	1.0	1.0	0.98	0.88	0.94
13100	0.96	0.96	0.98	1.0	0.96	0.92	1.0	1.0	1.0	1.0	0.96	1.0	0.98	0.98	0.88	0.98
13150	0.96	0.96	0.98	1.0	0.96	0.92	1.0	1.0	1.0	1.0	0.96	1.0	0.98	1.0	0.9	0.98
13200	0.96	0.96	0.98	1.0	0.96	0.94	1.0	1.0	1.0	1.0	0.96	1.0	0.98	1.0	0.9	0.98
13250	0.94	0.96	0.98	1.0	0.94	0.92	1.0	1.0	1.0	1.0	0.96	1.0	0.98	1.0	0.9	0.98
13300	0.94	0.98	0.98	1.0	0.96	0.9	1.0	1.0	1.0	1.0	0.96	1.0	0.98	1.0	0.9	0.98
13350	0.94	0.98	1.0	1.0	0.96	0.88	1.0	1.0	1.0	1.0	0.96	1.0	0.98	1.0	0.9	0.98
13400	0.94	0.98	1.0	1.0	0.96	0.9	1.0	1.0	1.0	1.0	0.98	1.0	0.98	1.0	0.9	0.98
13450	0.94	0.98	1.0	1.0	0.96	0.9	1.0	1.0	1.0	1.0	0.98	1.0	0.98	1.0	0.92	0.98
13500	0.94	0.98	1.0	1.0	0.94	0.9	1.0	1.0	1.0	1.0	0.98	1.0	0.98	1.0	0.92	1.0
13550	0.94	0.98	1.0	1.0	0.94	0.9	1.0	1.0	1.0	1.0	0.98	1.0	0.98	1.0	0.92	1.0
13600	0.92	0.98	1.0	1.0	0.94	0.92	1.0	1.0	1.0	1.0	1.0	1.0	0.98	1.0	0.92	1.0
13650	0.92	0.96	0.98	1.0	0.92	0.92	1.0	1.0	1.0	0.98	1.0	1.0	0.98	1.0	0.94	1.0
13700	0.94	0.96	0.98	1.0	0.92	0.92	1.0	1.0	1.0	0.98	1.0	1.0	0.98	1.0	0.94	1.0
13750	0.96	0.98	0.98	0.98	0.92	0.92	1.0	1.0	1.0	0.98	1.0	1.0	0.98	1.0	0.96	1.0
13800	0.96	0.98	0.98	0.98	0.94	0.92	1.0	1.0	1.0	0.98	1.0	1.0	0.98	1.0	0.98	1.0
13850	0.96	0.98	0.98	0.98	0.94	0.9	1.0	1.0	1.0	0.98	1.0	1.0	0.98	1.0	0.98	1.0
13900	0.98	0.98	0.98	0.98	0.94	0.92	1.0	1.0	1.0	0.98	1.0	1.0	0.98	1.0	0.98	1.0
13950	0.98	0.98	0.98	0.98	0.94	0.94	1.0	1.0	1.0	0.98	1.0	1.0	0.98	1.0	0.98	1.0
14000	0.98	0.98	0.98	0.98	0.94	0.96	1.0	1.0	1.0	0.98	1.0	1.0	0.98	1.0	0.98	1.0
14050	0.98	0.98	0.98	0.98	0.92	0.98	1.0	1.0	1.0	0.98	1.0	1.0	0.98	1.0	0.98	1.0
14100	0.98	0.96	0.98	0.98	0.94	0.98	1.0	1.0	1.0	0.98	1.0	1.0	0.98	1.0	0.98	1.0
14150	0.98	0.94	0.98	0.98	0.94	0.98	1.0	1.0	1.0	0.96	1.0	1.0	0.98	1.0	0.98	1.0
14200	0.98	0.94	0.98	0.98	0.94	0.98	1.0	1.0	1.0	0.96	1.0	1.0	0.98	1.0	0.98	1.0
14250	0.98	0.94	0.98	0.98	0.94	0.98	1.0	1.0	1.0	0.94	1.0	1.0	0.98	1.0	0.98	1.0
14300	1.0	0.94	0.98	1.0	0.94	0.98	1.0	1.0	1.0	0.94	1.0	1.0	0.98	1.0	1.0	1.0
14350	1.0	0.94	0.98	1.0	0.96	0.98	1.0	1.0	1.0	0.96	1.0	1.0	0.98	1.0	1.0	1.0
14400	1.0	0.96	0.98	1.0	0.96	0.98	1.0	1.0	1.0	0.96	1.0	1.0	0.98	1.0	1.0	1.0
14450	1.0	0.96	1.0	1.0	0.98	0.98	1.0	1.0	1.0	0.96	0.98	1.0	0.98	1.0	1.0	1.0
14500	1.0	0.96	1.0	1.0	0.98	0.98	1.0	1.0	1.0	0.96	0.98	1.0	1.0	1.0	1.0	1.0
14550	1.0	0.96	0.98	1.0	0.98	1.0	1.0	1.0	1.0	0.96	0.96	1.0	1.0	1.0	1.0	1.0
14600	1.0	0.96	0.98	1.0	0.98	1.0	1.0	1.0	1.0	0.96	0.94	1.0	0.98	1.0	1.0	1.0
14650	1.0	0.96	0.98	1.0	0.98	1.0	1.0	1.0	1.0	0.96	0.92	1.0	0.98	0.98	1.0	1.0
14700	1.0	0.96	0.98	1.0	0.98	1.0	1.0	1.0	1.0	0.96	0.92	1.0	0.98	0.98	1.0	1.0
14750	1.0	0.96	0.98	1.0	0.98	1.0	1.0	1.0	1.0	0.96	0.92	1.0	0.98	0.98	1.0	1.0
14800	1.0	0.96	0.98	1.0	0.96	1.0	0.98	1.0	1.0	0.98	0.92	1.0	0.98	0.98	1.0	1.0
14850	1.0	0.98	0.98	1.0	0.98	1.0	0.98	1.0	1.0	0.98	0.9	1.0	0.98	0.96	1.0	1.0
14900	1.0	0.98	0.98	1.0	0.98	1.0	0.98	1.0	1.0	1.0	0.9	1.0	0.98	0.96	1.0	1.0
14950	1.0	1.0	0.98	0.98	0.94	1.0	0.98	1.0	1.0	1.0	0.9	1.0	0.98	0.96	1.0	1.0
15000	1.0	1.0	0.98	0.98	0.94	1.0	0.98	1.0	1.0	1.0	0.9	1.0	0.98	0.96	1.0	1.0
15050	1.0	1.0	0.98	0.98	0.94	1.0	0.98	1.0	1.0	1.0	0.9	1.0	0.98	0.96	1.0	1.0
15100	1.0	1.0	1.0	0.96	0.94	1.0	0.96	1.0	1.0	1.0	0.9	1.0	0.98	0.96	1.0	1.0
15150	0.98	1.0	1.0	0.96	0.94	1.0	0.96	1.0	1.0	1.0	0.9	1.0	0.98	0.96	1.0	1.0
15200	0.98	1.0	1.0	0.94	0.94	1.0	0.96	1.0	1.0	1.0	0.9	1.0	0.98	0.96	1.0	1.0
15250	0.98	1.0	1.0	0.94	0.94	1.0	0.96	1.0	1.0	1.0	0.9	1.0	0.98	0.96	1.0	1.0
15300	0.98	1.0	1.0	0.94	0.94	1.0	0.96	1.0	1.0	1.0	0.92	1.0	0.98	0.96	1.0	1.0
15350	0.98	1.0	1.0	0.94	0.94	1.0	0.96	1.0	1.0	1.0	0.94	1.0	1.0	0.98	1.0	1.0
15400	0.98	1.0	1.0	0.94	0.94	1.0	0.96	1.0	1.0	1.0	0.96	1.0	1.0	1.0	1.0	1.0
15450	0.98	1.0	1.0	0.92	0.94	1.0	0.96	1.0	1.0	1.0	0.96	1.0	1.0	1.0	1.0	1.0
15500	0.98	1.0	1.0	0.92	0.96	1.0	0.98	1.0	1.0	1.0	0.96	1.0	1.0	1.0	1.0	1.0
15550	0.98	1.0	1.0	0.92	0.96	1.0	0.98	1.0	1.0	1.0	0.98	0.98	1.0	1.0	1.0	1.0
15600	0.98	1.0	0.98	0.92	0.96	1.0	0.98	1.0	1.0	1.0	0.98	0.98	1.0	1.0	1.0	1.0
15650	0.98	1.0	0.96	0.92	0.98	1.0	0.98	1.0	1.0	1.0	0.98	0.98	1.0	1.0	1.0	1.0
15700	0.98	1.0	0.96	0.92	1.0	1.0	0.98	1.0	1.0	1.0	0.98	0.98	1.0	1.0	1.0	1.0
15750	0.98	1.0	0.96	0.92	1.0	1.0	0.98	1.0	1.0	1.0	0.98	0.98	1.0	1.0	1.0	1.0
15800	1.0	1.0	0.96	0.92	0.98	1.0	0.98	1.0	1.0	1.0	0.98	0.98	1.0	1.0	1.0	1.0
15850	1.0	1.0	0.96	0.94	0.98	1.0	0.98	1.0	1.0	1.0	0.98	0.98	1.0	1.0	1.0	1.0
15900	1.0	1.0	0.96	0.94	0.98	1.0	0.98	1.0	1.0	0.96	1.0	0.98	1.0	1.0	1.0	1.0
15950	1.0	1.0	0.96	0.94	0.96	1.0	1.0	1.0	1.0	0.96	1.0	0.98	1.0	1.0	1.0	1.0
16000	1.0	1.0	0.96	0.96	0.96	1.0	1.0	1.0	1.0	0.96	1.0	0.98	1.0	1.0	1.0	1.0
16050	1.0	0.98	0.96	0.96	0.96	1.0	1.0	1.0	1.0	0.94	1.0	1.0	1.0	1.0	1.0	1.0
16100	0.98	0.98	0.96	0.98	0.96	1.0	1.0	1.0	1.0	0.94	0.98	1.0	0.98	1.0	1.0	1.0
16150	0.98	0.98	0.96	0.98	0.96	1.0	1.0	1.0	1.0	0.94	0.98	1.0	0.98	1.0	1.0	1.0
16200	0.96	0.98	0.96	0.98	0.96	1.0	1.0	1.0	1.0	0.94	0.98	1.0	0.98	1.0	1.0	1.0
16250	0.96	0.98	0.96	0.98	0.96	1.0	1.0	1.0	1.0	0.94	0.98	1.0	0.98	1.0	1.0	1.0
16300	0.96	0.96	0.98	0.98	0.96	1.0	1.0	1.0	1.0	0.94	0.98	1.0	0.98	1.0	1.0	1.0
16350	0.96	0.96	0.98	1.0	0.96	1.0	1.0	1.0	1.0	0.94	0.98	1.0	0.98	1.0	1.0	1.0
16400	0.96	0.96	0.98	1.0	0.96	1.0	1.0	1.0	1.0	0.94	0.98	1.0	0.98	1.0	1.0	1.0
16450	0.96	0.96	0.98	1.0	0.96	1.0	1.0	1.0	1.0	0.94	0.98	1.0	0.98	1.0	1.0	1.0
16500	0.96	0.96	1.0	1.0	0.98	1.0	1.0	1.0	1.0	0.94	0.98	1.0	0.98	1.0	1.0	1.0
16550	0.96	0.96	1.0	1.0	0.98	1.0	1.0	1.0	1.0	0.94	0.98	1.0	0.98	1.0	1.0	1.0
16600	0.96	0.96	1.0	1.0	0.98	1.0	1.0	1.0	1.0	0.94	0.98	1.0	0.98	1.0	1.0	1.0
16650	0.96	0.96	1.0	1.0	1.0	1.0	1.0	1.0	1.0	0.94	0.98	1.0	0.98	1.0	1.0	1.0
16700	0.96	0.96	1.0	1.0	1.0	1.0	1.0	1.0	1.0	0.96	0.98	1.0	0.98	1.0	1.0	1.0
16750	0.96	0.98	1.0	1.0	1.0	1.0	1.0	1.0	1.0	0.98	0.98	1.0	1.0	1.0	1.0	1.0
16800	0.98	0.98	1.0	1.0	1.0	1.0	1.0	1.0	1.0	0.98	0.98	1.0	0.98	1.0	1.0	1.0
16850	0.98	0.98	1.0	1.0	1.0	1.0	1.0	1.0	1.0	1.0	1.0	1.0	0.98	1.0	1.0	1.0
16900	0.98	0.98	1.0	1.0	1.0	1.0	1.0	1.0	1.0	1.0	1.0	1.0	0.98	1.0	1.0	1.0
16950	0.98	0.98	0.98	1.0	1.0	1.0	1.0	1.0	1.0	1.0	1.0	1.0	0.98	1.0	1.0	1.0
17000	1.0	1.0	0.98	1.0	0.98	1.0	1.0	1.0	1.0	1.0	1.0	1.0	0.98	1.0	1.0	1.0
17050	1.0	1.0	0.98	1.0	0.98	1.0	1.0	1.0	1.0	1.0	1.0	1.0	0.98	1.0	1.0	1.0
17100	1.0	1.0	0.94	1.0	0.98	1.0	1.0	1.0	1.0	1.0	1.0	1.0	0.98	0.98	1.0	1.0
17150	1.0	1.0	0.94	1.0	0.98	1.0	1.0	1.0	1.0	1.0	1.0	1.0	0.98	0.98	1.0	1.0
17200	1.0	1.0	0.94	1.0	0.98	1.0	1.0	1.0	1.0	1.0	1.0	1.0	0.98	0.98	1.0	1.0
17250	1.0	1.0	0.94	1.0	0.98	1.0	1.0	1.0	1.0	1.0	1.0	1.0	0.98	0.98	1.0	1.0
17300	0.98	1.0	0.94	1.0	0.98	1.0	1.0	1.0	1.0	1.0	1.0	1.0	0.98	0.98	1.0	1.0
17350	0.98	1.0	0.94	1.0	0.98	1.0	1.0	1.0	1.0	0.98	1.0	1.0	0.98	0.96	1.0	1.0
17400	0.98	1.0	0.92	1.0	0.98	1.0	1.0	1.0	1.0	0.98	1.0	1.0	0.98	0.96	1.0	1.0
17450	0.98	1.0	0.92	1.0	0.98	1.0	1.0	1.0	1.0	0.98	1.0	1.0	0.98	0.96	1.0	1.0
17500	0.98	1.0	0.92	1.0	0.98	1.0	1.0	1.0	1.0	0.98	1.0	1.0	0.98	0.96	1.0	1.0
17550	0.96	1.0	0.94	1.0	0.98	1.0	1.0	1.0	1.0	0.98	1.0	1.0	0.98	0.96	1.0	1.0
17600	0.96	1.0	0.94	1.0	1.0	1.0	1.0	1.0	1.0	0.98	1.0	1.0	1.0	0.94	1.0	1.0
17650	0.96	1.0	0.98	1.0	1.0	1.0	1.0	1.0	1.0	0.98	1.0	1.0	1.0	0.94	1.0	1.0
17700	0.96	1.0	0.98	1.0	1.0	1.0	1.0	1.0	1.0	0.98	1.0	1.0	1.0	0.94	1.0	1.0
17750	0.96	1.0	0.98	1.0	1.0	1.0	1.0	1.0	1.0	0.98	1.0	1.0	1.0	0.94	1.0	1.0
17800	0.96	0.98	0.98	1.0	1.0	1.0	1.0	1.0	1.0	0.96	1.0	1.0	1.0	0.96	1.0	1.0
17850	0.96	0.98	0.98	1.0	1.0	1.0	1.0	1.0	1.0	0.96	1.0	1.0	1.0	0.96	1.0	1.0
17900	0.96	0.98	0.96	1.0	1.0	1.0	1.0	1.0	1.0	0.96	1.0	1.0	1.0	0.96	1.0	1.0
17950	0.96	0.98	0.96	1.0	0.98	1.0	0.98	1.0	1.0	0.96	1.0	1.0	1.0	0.96	1.0	1.0
18000	0.94	0.98	0.94	1.0	0.98	1.0	0.98	1.0	1.0	0.96	1.0	1.0	1.0	0.98	1.0	1.0
18050	0.94	0.98	0.96	1.0	0.98	1.0	0.98	1.0	0.98	0.96	1.0	1.0	1.0	0.98	1.0	1.0
18100	0.94	0.98	0.96	1.0	0.98	1.0	0.98	1.0	0.98	0.96	1.0	1.0	1.0	0.98	1.0	1.0
18150	0.94	0.98	0.96	1.0	0.98	1.0	0.98	1.0	0.98	0.96	1.0	1.0	1.0	0.98	1.0	1.0
18200	0.94	0.98	0.96	1.0	0.98	1.0	0.98	1.0	0.96	0.96	1.0	1.0	1.0	0.98	1.0	1.0
18250	0.94	0.98	0.96	1.0	0.98	1.0	0.98	1.0	0.96	0.98	1.0	1.0	1.0	1.0	1.0	1.0
18300	0.94	0.98	0.96	1.0	0.98	1.0	0.98	1.0	0.96	0.98	1.0	1.0	1.0	1.0	1.0	1.0
18350	0.94	0.98	0.96	1.0	0.98	1.0	0.98	1.0	0.96	0.96	1.0	1.0	1.0	1.0	1.0	1.0
18400	0.94	0.98	0.96	1.0	0.98	1.0	0.98	1.0	0.96	0.96	1.0	1.0	1.0	1.0	1.0	1.0
18450	0.94	0.98	0.96	1.0	0.98	1.0	0.98	1.0	0.96	0.96	1.0	1.0	1.0	1.0	1.0	1.0
18500	0.94	0.98	0.96	1.0	0.98	0.98	1.0	1.0	0.96	0.96	1.0	1.0	1.0	1.0	1.0	1.0
18550	0.94	0.98	0.96	1.0	0.98	0.98	1.0	1.0	0.96	0.96	1.0	0.98	1.0	1.0	1.0	1.0
18600	0.94	0.98	0.96	1.0	0.98	0.98	1.0	1.0	0.94	0.96	1.0	0.98	1.0	1.0	1.0	1.0
18650	0.94	0.98	0.96	1.0	0.98	0.98	1.0	1.0	0.94	0.98	1.0	0.98	1.0	1.0	1.0	1.0
18700	0.96	0.98	0.96	1.0	1.0	0.98	1.0	1.0	0.94	0.98	1.0	0.98	1.0	1.0	1.0	1.0
18750	0.96	0.98	0.96	1.0	0.98	0.98	1.0	1.0	0.94	0.98	1.0	0.98	1.0	1.0	1.0	0.98
18800	0.96	0.98	0.98	1.0	0.98	0.98	0.98	1.0	0.94	0.98	1.0	0.98	0.98	1.0	1.0	0.98
18850	0.96	0.96	1.0	1.0	0.98	0.98	0.98	1.0	0.94	0.98	1.0	0.98	0.98	1.0	1.0	0.96
18900	0.96	0.96	1.0	1.0	0.98	0.98	0.98	1.0	0.92	0.98	1.0	0.98	0.98	1.0	1.0	0.96
18950	0.96	0.96	0.98	1.0	0.98	0.98	0.98	1.0	0.94	0.98	1.0	0.98	0.98	1.0	1.0	0.96
19000	0.96	0.96	0.98	1.0	0.98	0.98	0.98	1.0	0.94	0.98	1.0	0.98	0.98	1.0	1.0	0.96
19050	0.96	0.96	0.98	1.0	0.98	0.98	0.98	1.0	0.94	0.98	1.0	0.98	0.98	1.0	1.0	0.96
19100	0.98	0.94	0.98	1.0	0.96	0.98	0.98	1.0	0.94	1.0	1.0	0.98	0.98	1.0	1.0	0.96
19150	0.98	0.94	0.98	1.0	0.96	0.98	0.98	1.0	0.94	1.0	1.0	0.98	0.98	1.0	1.0	0.96
19200	0.98	0.94	0.98	1.0	0.96	0.98	0.98	1.0	0.94	1.0	1.0	0.98	0.98	1.0	1.0	0.96
19250	0.98	0.96	0.98	1.0	0.96	0.98	0.96	1.0	0.94	1.0	1.0	0.96	0.98	1.0	1.0	0.96
19300	0.98	0.96	0.98	1.0	0.96	0.98	0.96	1.0	0.94	1.0	1.0	0.96	0.98	1.0	1.0	0.94
19350	0.98	0.96	0.98	1.0	0.96	0.98	0.96	1.0	0.94	1.0	1.0	0.96	0.98	1.0	1.0	0.92
19400	0.98	0.96	0.98	1.0	0.96	1.0	0.96	1.0	0.96	1.0	1.0	0.96	0.98	1.0	1.0	0.92
19450	0.98	0.96	0.98	1.0	0.98	1.0	0.96	1.0	0.96	0.98	1.0	0.96	0.98	1.0	1.0	0.94
19500	1.0	0.98	0.98	1.0	0.98	1.0	0.96	1.0	0.96	0.96	1.0	0.98	1.0	1.0	1.0	0.94
19550	1.0	0.98	0.98	1.0	0.98	1.0	0.96	1.0	0.98	0.96	1.0	0.98	1.0	1.0	1.0	0.94
19600	1.0	0.96	0.98	1.0	0.98	1.0	0.96	1.0	0.98	0.96	1.0	0.98	1.0	1.0	1.0	0.96
19650	1.0	0.96	0.98	1.0	0.98	1.0	0.94	1.0	0.98	0.96	1.0	0.98	1.0	1.0	1.0	0.96
19700	1.0	0.96	0.96	1.0	1.0	1.0	0.96	1.0	0.98	0.96	1.0	0.98	1.0	1.0	0.98	0.96
19750	1.0	0.96	0.96	1.0	1.0	1.0	0.96	1.0	0.98	0.96	1.0	0.98	1.0	1.0	0.98	0.96
19800	1.0	0.96	0.96	1.0	1.0	1.0	0.96	1.0	0.98	0.96	1.0	0.98	1.0	1.0	0.98	0.96
19850	0.98	0.96	0.96	1.0	1.0	1.0	0.96	1.0	1.0	0.96	1.0	0.98	1.0	1.0	0.98	0.96
19900	0.98	0.98	0.96	1.0	1.0	1.0	0.96	1.0	1.0	0.96	0.98	0.96	1.0	1.0	0.98	0.96
19950	0.98	0.96	0.96	1.0	1.0	1.0	0.96	1.0	1.0	0.94	0.98	0.96	1.0	1.0	0.98	0.96
20000	0.98	0.96	0.96	1.0	1.0	0.98	0.96	1.0	1.0	0.94	0.98	0.98	1.0	1.0	0.98	0.96
