0	0	0	0	0	0	0	0	0	0	0	0	0	0	0	0	0	0
50	1	1	3	3	2	2	2	2	3	2	1	1	1	2	2	2	7
100	3	3	4	5	3	4	4	4	5	4	2	3	5	3	4	4	19
150	5	4	5	6	4	6	7	5	6	9	6	6	6	3	6	6	32
200	6	6	5	9	5	6	8	7	6	9	7	8	8	5	6	7	39
250	8	7	6	10	5	7	8	7	6	10	7	9	8	7	7	7	45
300	10	7	6	10	6	7	9	8	7	12	8	9	8	8	8	7	46
350	11	8	6	11	8	8	10	8	7	13	8	9	9	8	9	8	50
400	12	11	7	12	10	9	10	8	9	14	8	9	9	8	9	8	57
450	12	11	7	12	10	9	10	9	10	14	9	10	9	8	11	8	57
500	12	11	8	12	11	10	10	10	10	14	9	10	10	9	12	8	56
550	12	11	8	13	11	10	10	12	12	14	9	10	11	9	14	8	61
600	12	11	9	13	11	10	10	12	12	15	9	10	13	9	14	9	65
650	14	12	9	13	11	10	10	12	12	15	10	10	13	9	15	10	70
700	14	12	10	13	11	10	10	13	13	16	11	10	13	9	16	10	75
750	16	11	10	13	11	10	10	13	13	16	11	10	13	9	16	12	78
800	17	12	11	13	12	10	10	13	13	16	11	10	13	9	17	12	85
850	17	13	11	13	12	10	10	13	13	16	11	10	13	9	18	12	87
900	17	13	13	13	12	11	10	14	13	16	11	10	13	9	19	12	88
950	17	13	13	13	12	11	10	14	13	16	12	10	13	9	19	12	92
1000	19	13	13	13	12	11	10	14	13	16	13	10	13	9	19	12	93
1050	19	13	13	13	12	11	10	14	13	16	13	10	13	9	19	12	92
1100	19	13	13	13	12	11	10	14	13	16	13	10	13	9	19	12	90
1150	19	13	13	13	12	11	10	14	13	16	13	10	13	9	19	12	90
1200	19	13	13	13	12	11	10	14	13	16	13	10	13	9	19	12	90
1250	19	13	13	13	11	11	10	14	14	16	13	10	13	9	19	12	88
1300	21	13	13	13	11	11	10	14	15	16	13	10	13	9	19	12	90
1350	21	13	13	13	11	11	10	14	15	16	13	10	13	9	19	12	93
1400	21	13	13	13	11	11	10	14	15	16	13	11	13	9	19	12	90
1450	21	13	13	13	11	11	10	14	15	16	13	11	13	9	19	12	89
1500	21	13	13	13	11	11	10	14	15	16	13	11	13	9	19	12	89
1550	21	13	13	13	12	11	12	14	15	16	13	12	12	9	19	12	89
1600	21	13	13	13	12	11	13	14	15	16	13	12	12	9	19	12	90
1650	21	13	13	13	12	11	14	14	16	16	13	12	12	9	19	12	93
1700	21	13	13	13	12	11	15	14	16	16	14	14	12	9	19	12	92
1750	21	13	13	13	12	11	15	14	16	16	15	14	12	9	18	12	93
1800	21	13	13	13	12	13	15	14	16	16	14	14	13	9	18	12	93
1850	21	13	13	13	12	14	16	14	17	16	14	14	13	10	18	12	95
1900	21	13	13	13	12	14	16	14	17	16	14	14	13	10	18	12	94
1950	21	13	13	13	12	15	16	14	17	16	14	14	13	11	18	12	94
2000	21	13	13	13	12	15	17	14	16	16	14	15	13	11	18	12	95
2050	21	13	13	13	12	15	17	14	16	16	14	15	14	11	18	12	94
2100	21	13	13	13	12	15	17	14	16	16	14	16	15	12	18	12	95
2150	21	13	13	13	12	15	17	14	16	16	14	16	15	14	18	13	96
2200	21	13	14	13	12	15	17	13	16	16	15	16	16	14	18	14	98
2250	21	13	14	13	12	15	17	13	16	16	15	17	16	15	17	14	99
2300	21	13	17	13	12	15	17	13	16	16	15	17	17	15	17	15	103
2350	21	13	17	13	12	15	17	13	16	16	15	17	17	16	17	15	104
2400	21	13	17	13	12	16	17	13	16	16	15	17	18	17	17	15	107
2450	21	13	17	13	12	17	17	13	16	16	15	17	18	17	18	16	109
2500	21	13	17	13	12	17	17	13	16	16	15	18	19	16	18	16	111
2550	21	13	17	13	12	17	17	14	16	16	15	18	19	16	18	15	111
2600	21	13	18	13	13	17	17	14	16	16	15	18	19	16	18	16	112
2650	21	13	18	13	13	18	17	14	17	16	15	18	19	16	18	16	113
2700	21	13	18	13	14	18	17	14	17	16	15	19	20	16	18	16	115
2750	21	13	18	13	15	18	17	14	17	16	15	18	21	17	18	17	118
2800	21	13	18	13	15	18	17	14	16	16	15	17	21	16	18	18	117
2850	21	13	18	13	15	18	17	14	17	16	15	17	21	17	18	18	118
2900	21	13	18	13	15	18	17	14	19	16	15	18	21	17	18	20	121
2950	21	13	18	13	16	19	17	14	21	16	15	19	21	18	18	20	127
3000	21	13	18	13	16	19	17	14	21	16	16	19	21	18	18	20	127
3050	21	13	19	13	15	19	17	14	21	16	17	20	21	18	18	20	128
3100	21	13	19	13	15	19	17	14	21	16	17	20	21	18	18	20	128
3150	21	13	18	13	15	20	17	14	21	16	17	21	21	18	18	21	130
3200	21	14	18	13	15	18	17	14	21	16	17	21	22	18	18	22	131
3250	21	14	17	13	15	18	17	14	20	16	17	21	22	19	18	23	134
3300	21	15	17	13	15	18	17	14	20	16	17	21	22	19	18	22	132
3350	20	15	19	13	15	18	17	14	20	16	17	21	22	19	18	22	133
3400	20	15	20	13	15	18	17	14	21	16	18	22	23	19	18	22	137
3450	20	14	21	13	15	21	17	14	21	16	18	22	23	19	17	22	142
3500	20	14	23	13	15	21	17	14	21	16	18	22	22	19	17	22	142
3550	20	16	25	13	17	21	17	14	21	16	18	22	22	19	17	22	145
3600	20	16	25	13	17	21	17	14	21	16	18	22	22	19	17	22	146
3650	20	16	25	13	17	21	17	14	21	16	18	22	23	19	16	22	146
3700	20	16	25	13	17	21	17	14	21	16	18	22	24	19	16	22	146
3750	20	17	24	13	17	21	17	14	20	16	18	22	24	19	16	21	145
3800	20	17	23	13	17	22	17	14	20	16	18	22	24	19	16	21	144
3850	20	19	24	13	17	22	17	14	20	16	18	22	24	19	16	21	147
3900	20	20	24	13	17	22	17	14	20	16	18	22	24	19	16	21	146
3950	20	20	24	13	17	23	17	14	20	16	18	22	24	19	16	21	147
4000	20	20	24	13	17	23	17	13	20	16	18	22	24	19	16	21	146
4050	20	21	23	13	17	24	17	13	20	16	18	22	24	19	16	21	146
4100	20	21	23	13	18	23	17	13	20	16	18	22	24	19	16	22	146
4150	20	21	24	13	18	23	17	13	20	16	18	22	24	19	16	22	147
4200	20	21	26	13	18	23	17	13	19	16	18	22	24	19	16	23	148
4250	20	21	27	13	18	24	17	13	19	16	18	22	23	19	16	23	150
4300	20	21	27	14	18	25	17	13	19	16	18	22	23	19	16	23	150
4350	20	21	28	14	18	25	17	13	19	16	18	22	23	19	16	23	151
4400	20	21	28	15	18	25	17	13	19	16	18	22	23	19	16	24	152
4450	20	20	29	15	18	27	17	13	19	16	18	23	23	19	16	24	154
4500	20	20	30	15	18	27	17	13	19	16	18	23	23	19	16	24	154
4550	20	20	30	15	18	28	17	13	19	16	18	23	23	20	16	24	154
4600	20	20	30	15	18	27	17	13	19	16	18	23	23	20	16	24	153
4650	19	20	30	15	18	26	17	13	19	16	19	24	22	20	16	24	152
4700	18	20	30	15	18	26	17	13	19	16	19	24	22	20	17	24	152
4750	18	20	30	15	18	26	17	13	19	16	19	24	22	20	17	24	152
4800	18	20	30	16	18	26	17	13	19	16	19	26	22	20	17	24	155
4850	18	20	30	16	18	26	17	13	19	16	19	26	22	20	18	24	156
4900	18	20	31	16	18	25	17	13	19	16	19	26	22	20	18	25	156
4950	18	20	31	16	18	26	17	13	19	17	19	26	22	20	18	25	156
5000	18	20	31	16	18	26	17	13	19	17	20	27	22	20	18	25	155
5050	18	20	31	16	18	26	17	13	19	17	20	27	22	20	18	26	156
5100	18	20	31	16	18	26	17	13	19	18	20	28	23	20	18	27	158
5150	18	20	32	16	18	26	17	13	19	18	20	28	23	20	19	27	159
5200	19	20	33	16	18	26	17	13	19	18	20	28	23	20	19	27	159
5250	19	20	33	16	18	25	17	13	19	17	20	29	23	20	19	27	158
5300	18	20	32	16	18	24	17	13	19	17	20	29	23	20	19	27	154
5350	17	20	32	16	18	24	17	13	19	18	20	29	23	20	19	27	154
5400	17	21	33	16	18	24	17	13	19	18	20	29	23	20	19	27	154
5450	17	21	33	16	18	25	17	13	19	18	20	30	23	20	19	27	155
5500	17	21	33	17	18	25	18	13	19	18	20	30	23	20	19	27	157
5550	18	21	33	17	18	26	18	13	19	17	20	30	23	20	19	27	160
5600	18	21	33	17	18	26	18	13	19	17	20	30	23	20	20	27	161
5650	18	21	33	17	19	27	18	13	19	17	19	30	23	20	20	27	162
5700	18	21	33	17	19	27	18	13	19	19	19	30	23	20	20	26	163
5750	20	21	33	17	19	27	18	13	19	20	19	30	23	20	20	26	165
5800	20	21	33	17	20	27	18	13	20	20	19	30	23	20	20	26	165
5850	20	21	33	17	20	27	18	13	20	21	19	30	23	20	20	26	166
5900	21	21	33	17	20	27	19	13	20	23	19	30	23	20	20	26	167
5950	21	21	33	17	20	27	19	13	20	24	19	30	23	20	20	26	167
6000	21	21	33	17	20	27	19	13	20	24	20	30	23	20	20	25	169
6050	21	21	33	17	21	26	19	13	20	24	20	30	23	20	22	25	173
6100	21	21	33	17	21	25	20	13	20	24	20	30	23	20	22	26	173
6150	21	21	33	17	21	25	20	13	22	24	20	30	23	20	22	26	172
6200	21	21	33	17	21	25	20	13	22	24	20	30	23	20	22	26	172
6250	21	21	33	17	21	24	20	13	22	24	20	30	23	20	23	26	171
6300	21	21	33	17	21	25	20	13	23	24	20	30	23	20	24	26	174
6350	21	21	33	17	21	26	21	13	23	25	20	31	23	20	24	27	176
6400	21	21	33	17	21	26	22	13	23	25	20	31	23	20	24	27	175
6450	21	20	33	17	21	26	22	13	23	25	20	31	23	20	24	27	175
6500	21	20	33	17	21	26	21	13	23	25	20	30	22	20	24	27	173
6550	21	20	33	17	21	27	22	13	24	25	20	30	22	20	24	27	176
6600	22	20	33	17	22	26	23	13	24	25	20	30	22	20	24	26	177
6650	22	20	33	17	22	26	23	13	24	25	20	30	22	20	24	26	177
6700	22	20	33	17	22	26	23	13	25	25	20	30	22	20	24	26	177
6750	22	20	33	17	23	26	24	13	25	25	20	30	22	20	24	26	179
6800	22	20	33	17	23	26	25	13	25	26	21	30	22	20	25	25	180
6850	21	20	33	17	22	26	26	13	25	26	21	28	22	20	25	25	179
6900	21	20	33	17	23	27	26	13	26	26	22	29	22	20	25	25	182
6950	22	20	33	17	23	27	26	13	26	26	22	30	22	20	25	25	183
7000	22	20	33	17	23	27	26	13	26	26	22	30	22	20	25	25	182
7050	22	20	33	17	23	28	27	13	26	26	22	30	22	20	25	25	182
7100	22	20	33	17	23	29	27	13	26	26	23	31	22	19	25	25	182
7150	22	20	33	17	23	29	27	13	26	26	24	31	22	19	25	24	180
7200	22	20	33	17	23	29	27	13	27	25	23	31	22	19	25	24	179
7250	22	21	33	17	23	29	26	13	26	25	23	31	21	19	25	24	178
7300	22	21	33	17	23	29	27	13	26	25	23	31	21	19	25	24	179
7350	22	21	33	17	23	29	27	13	26	25	23	31	21	19	25	24	179
7400	22	21	33	18	23	29	27	13	26	25	23	31	21	19	25	24	179
7450	22	22	33	18	23	29	27	13	26	25	24	31	21	20	26	24	181
7500	22	22	33	18	24	30	27	13	26	25	24	31	21	20	26	24	182
7550	22	22	33	18	24	30	27	13	27	25	26	31	21	21	26	24	184
7600	22	22	33	18	24	30	28	13	27	25	26	31	21	21	27	24	186
7650	22	22	32	19	24	30	28	13	27	25	26	31	21	21	27	24	186
7700	22	22	32	20	24	30	28	13	28	25	25	31	21	21	27	24	186
7750	22	22	32	20	24	29	29	13	28	25	25	31	21	21	27	24	187
7800	22	22	32	20	24	29	29	13	28	25	25	31	21	23	27	24	189
7850	22	22	32	20	24	29	29	13	28	25	25	31	21	23	27	24	189
7900	22	22	32	20	24	29	29	13	28	25	25	31	21	23	27	24	190
7950	22	22	32	20	24	29	29	13	28	25	26	31	21	23	28	24	192
8000	22	22	32	20	24	29	29	13	28	25	26	31	21	23	28	24	191
8050	22	22	32	20	23	29	29	13	28	26	26	31	21	24	28	24	192
8100	22	22	32	20	23	28	29	13	28	26	27	31	21	25	28	24	194
8150	22	22	32	20	23	28	29	13	28	26	27	31	21	25	28	23	192
8200	22	22	32	20	23	28	29	13	28	26	27	31	21	25	28	23	192
8250	23	22	32	21	23	28	29	13	28	26	27	31	22	25	28	23	193
8300	23	22	32	21	23	28	29	13	28	26	27	31	23	25	28	22	192
8350	23	22	32	21	23	28	29	13	28	26	27	31	23	25	28	22	193
8400	23	22	32	21	23	28	29	13	28	26	27	31	23	25	28	21	193
8450	23	22	32	21	23	28	29	13	28	26	27	31	23	25	27	21	189
8500	23	22	32	21	23	28	28	13	28	26	27	31	24	25	27	22	189
8550	23	22	32	21	23	28	28	13	28	26	27	31	24	25	27	22	189
8600	23	22	32	21	23	28	29	13	28	26	27	30	24	25	28	22	190
8650	23	22	32	21	22	29	29	13	28	26	27	30	24	25	28	22	189
8700	23	22	32	22	22	29	29	13	28	26	27	30	24	25	28	22	190
8750	23	22	32	23	22	29	29	13	27	27	27	30	24	25	28	22	191
8800	24	22	32	23	22	30	29	13	27	27	26	30	24	25	29	22	193
8850	24	22	32	23	22	30	29	13	27	28	26	30	24	25	29	22	194
8900	24	22	32	23	22	30	29	13	26	29	26	30	24	25	29	21	191
8950	24	22	32	23	22	30	29	13	26	29	26	30	24	25	29	21	192
9000	24	22	32	23	22	29	29	13	26	29	26	30	24	25	29	21	192
9050	24	22	32	23	22	29	29	13	26	29	26	30	24	25	29	21	192
9100	25	22	32	23	22	29	30	13	26	29	26	30	24	25	29	21	193
9150	25	22	32	24	22	29	30	13	26	30	26	30	24	26	29	21	195
9200	25	22	32	24	22	29	30	13	26	30	26	30	24	26	29	21	194
9250	25	22	32	24	23	29	30	13	26	30	26	30	24	26	29	21	194
9300	25	22	32	25	23	30	30	13	26	29	26	30	24	26	28	21	192
9350	25	22	32	25	23	30	30	13	26	29	26	30	24	26	28	21	192
9400	25	22	32	25	23	29	30	13	26	29	27	30	24	26	28	21	191
9450	25	22	32	25	24	29	30	13	25	29	27	30	24	26	28	21	192
9500	25	22	32	25	24	28	30	13	25	30	27	30	24	26	28	21	193
9550	25	22	32	25	24	28	30	13	25	29	27	30	24	26	28	21	193
9600	25	23	31	25	24	28	30	13	25	29	28	30	24	26	28	20	193
9650	25	23	31	25	24	29	31	13	25	29	28	30	24	26	28	20	195
9700	25	23	31	25	25	29	31	13	24	29	28	30	24	26	28	20	196
9750	25	24	31	25	25	29	31	13	24	29	28	30	24	26	28	20	196
9800	25	24	31	25	25	29	31	13	24	29	28	30	24	26	28	20	196
9850	25	24	31	25	26	29	31	13	24	29	28	30	24	26	28	20	198
9900	25	24	31	25	26	29	31	13	24	29	28	30	24	26	27	20	197
9950	25	25	31	25	26	29	31	13	24	29	28	30	24	25	27	20	197
10000	26	25	31	25	26	29	32	13	24	29	28	30	24	25	27	20	198
10050	26	25	31	25	26	30	32	13	24	28	28	30	24	25	27	20	197
10100	26	25	31	25	26	30	32	13	24	28	28	30	24	25	27	20	195
10150	26	25	31	25	26	30	32	13	24	28	29	30	24	25	27	20	196
10200	26	25	31	25	26	30	32	13	24	28	28	30	24	25	27	20	195
10250	26	25	31	25	25	30	32	13	24	29	28	30	24	25	27	20	195
10300	26	26	31	25	25	30	32	13	24	29	28	29	24	25	26	21	196
10350	26	26	31	25	25	30	32	13	23	29	28	29	24	25	26	20	194
10400	26	26	31	25	25	30	32	13	23	29	28	29	24	25	26	20	193
10450	26	26	31	25	24	30	32	13	23	29	28	29	24	25	26	20	193
10500	25	26	31	25	24	30	32	13	23	29	28	29	24	25	26	20	192
10550	25	26	31	25	25	30	32	13	23	29	28	29	24	25	26	20	191
10600	25	26	31	25	26	29	31	13	23	30	28	28	24	25	26	20	192
10650	25	26	31	24	27	29	31	13	23	29	28	28	24	25	26	20	190
10700	25	26	31	24	27	29	31	13	23	29	28	28	24	25	26	20	189
10750	24	26	31	24	27	29	31	13	23	29	28	28	24	25	26	20	190
10800	25	26	31	24	27	29	31	13	23	29	28	28	24	25	26	20	191
10850	25	26	31	24	27	29	31	13	23	30	28	28	24	25	26	20	192
10900	25	26	31	24	28	29	31	13	23	30	28	28	24	25	26	19	191
10950	25	27	31	24	28	29	31	13	23	30	28	28	24	25	26	19	191
11000	25	27	31	24	28	30	31	13	23	30	27	28	24	25	25	19	192
11050	25	27	31	24	28	30	31	13	23	30	27	28	24	25	25	19	192
11100	25	27	30	24	28	30	31	13	23	29	27	27	24	25	25	19	187
11150	25	27	30	25	28	30	30	13	23	29	27	27	24	25	25	19	187
11200	25	27	30	27	28	31	30	13	23	28	27	27	24	25	25	19	187
11250	25	26	30	26	28	31	30	13	25	28	27	27	24	25	25	19	188
11300	25	26	30	27	28	31	29	13	25	30	27	27	24	25	25	19	188
11350	25	26	30	28	28	31	29	13	25	30	26	27	24	25	25	19	188
11400	25	26	30	28	28	31	28	13	25	30	27	27	24	25	25	19	187
11450	25	26	30	28	29	31	28	13	26	30	26	27	24	25	25	19	188
11500	24	26	30	28	28	31	27	13	28	30	26	26	24	25	25	19	187
11550	24	26	30	28	28	31	27	13	28	30	26	26	24	25	25	19	188
11600	24	26	30	28	28	31	27	13	28	31	26	26	24	25	25	19	189
11650	24	26	30	27	28	31	28	13	28	31	26	26	24	25	25	19	189
11700	24	26	30	27	28	31	27	13	28	30	26	26	24	23	25	19	186
11750	24	26	30	26	28	31	27	13	28	31	27	26	24	23	25	19	186
11800	24	26	30	26	29	31	27	13	28	31	28	26	24	23	25	19	187
11850	24	25	30	26	29	31	29	13	28	31	28	26	24	22	25	19	187
11900	24	25	30	26	30	30	29	13	28	31	28	26	24	22	24	19	187
11950	24	25	30	26	30	30	29	14	27	30	29	26	24	22	24	19	188
12000	24	25	30	26	30	30	30	15	27	29	30	26	24	21	24	19	187
12050	24	24	30	26	30	30	30	15	27	29	31	26	24	21	24	19	187
12100	24	24	30	26	30	30	30	16	27	29	31	26	24	21	24	19	187
12150	24	23	30	26	30	30	30	16	27	29	32	26	24	22	24	19	188
12200	24	23	29	26	30	30	31	16	27	29	31	26	24	23	24	19	190
12250	24	23	29	26	29	30	31	16	27	29	30	26	24	23	24	19	188
12300	24	23	29	26	29	30	31	16	27	29	31	26	23	23	24	19	188
12350	24	23	29	26	29	30	30	16	27	29	31	26	23	24	24	19	187
12400	24	22	29	26	29	30	30	16	27	29	30	26	23	24	24	19	186
12450	24	22	29	26	29	30	30	16	27	30	31	26	23	24	24	19	188
12500	23	22	29	26	29	30	30	17	27	30	29	26	21	24	24	19	185
12550	23	22	29	27	29	30	31	17	27	30	28	26	21	24	24	19	185
12600	23	22	29	27	29	29	33	17	27	29	28	26	21	24	24	19	187
12650	23	22	29	26	29	29	33	17	27	29	28	26	21	24	24	19	187
12700	23	22	29	26	29	29	33	18	27	28	28	26	21	24	24	19	188
12750	23	22	29	26	29	28	33	18	27	28	27	26	21	23	24	19	186
12800	23	22	29	26	29	28	33	18	27	28	27	26	21	23	24	19	185
12850	23	22	29	26	29	28	33	18	27	28	27	26	21	23	24	19	184
12900	23	22	29	26	29	28	33	18	27	28	27	26	21	23	24	19	183
12950	22	22	29	26	29	28	34	18	27	27	27	26	21	23	24	19	183
13000	22	22	29	26	29	28	34	18	27	27	26	26	21	23	24	19	183
13050	22	22	29	26	29	28	34	18	27	27	26	26	21	23	24	19	183
13100	22	22	29	25	29	28	34	18	27	27	26	26	21	23	24	19	181
13150	22	22	28	25	29	28	34	18	25	27	26	26	21	23	24	19	178
13200	22	22	28	25	29	28	33	18	25	27	26	26	21	23	24	19	178
13250	22	22	28	25	29	28	34	18	25	27	26	26	21	22	21	19	177
13300	22	22	28	25	29	28	34	18	25	27	27	26	21	22	22	19	177
13350	22	22	28	25	30	28	34	18	25	28	27	26	21	22	23	19	178
13400	22	22	28	24	30	28	34	18	25	28	27	25	21	22	23	19	177
13450	22	22	28	24	30	28	34	18	25	28	27	25	22	22	23	19	176
13500	22	22	28	24	30	28	34	18	25	28	27	25	22	22	23	19	176
13550	22	22	28	24	30	28	33	18	25	28	27	25	22	22	23	19	175
13600	22	21	28	24	31	28	33	18	25	27	27	25	22	22	23	19	175
13650	22	21	28	24	31	28	33	18	25	27	27	25	22	22	23	19	175
13700	22	21	28	24	31	28	33	18	25	27	27	25	22	22	23	19	175
13750	22	21	28	24	31	28	33	18	25	27	27	25	22	22	23	19	175
13800	22	21	28	24	31	28	33	18	25	27	27	25	22	22	24	19	177
13850	21	21	28	24	31	28	32	18	25	27	27	25	21	22	24	19	175
13900	21	21	28	24	30	28	32	18	25	27	27	25	22	22	25	19	176
13950	21	21	28	24	30	28	32	18	25	27	26	25	22	22	25	19	174
14000	21	21	28	24	29	28	32	18	25	27	25	25	22	21	26	19	174
14050	21	20	28	24	29	28	32	18	25	27	25	25	22	21	26	19	172
14100	21	20	28	21	29	28	32	18	25	27	25	25	22	21	26	19	169
14150	21	20	28	21	29	28	32	18	25	27	25	24	22	21	27	19	169
14200	22	20	28	21	29	28	31	18	25	27	25	24	22	21	27	19	168
14250	22	20	28	21	29	28	31	18	25	27	25	24	22	21	27	19	169
14300	22	20	28	21	29	29	31	18	25	27	25	24	22	21	27	19	168
14350	22	20	28	21	28	29	31	17	25	27	25	23	22	21	27	18	166
14400	22	20	28	21	28	28	31	17	25	27	25	23	22	21	27	17	165
14450	22	20	28	21	28	28	31	17	25	27	25	23	23	21	27	18	167
14500	22	20	28	21	28	28	31	17	25	27	25	23	23	21	28	18	167
14550	21	20	28	21	28	28	30	17	24	26	25	23	23	21	27	18	164
14600	21	20	28	21	28	28	30	17	24	26	25	23	23	21	28	18	165
14650	21	20	28	22	28	28	30	17	24	26	25	23	23	21	28	18	164
14700	21	20	28	22	28	28	30	17	24	26	25	23	24	21	28	18	165
14750	21	20	28	22	28	28	30	17	24	26	25	23	24	21	27	18	164
14800	21	20	28	23	28	28	30	17	24	26	25	23	24	21	27	18	164
14850	21	20	28	22	28	28	30	17	24	26	25	23	24	21	27	18	164
14900	21	20	28	22	28	28	30	17	24	26	25	23	24	21	27	18	164
14950	21	20	28	23	28	28	31	17	24	26	25	23	24	21	27	18	166
15000	21	20	28	23	28	28	31	17	24	26	25	23	24	21	27	18	167
15050	21	20	28	23	28	28	31	17	24	25	25	23	24	21	26	18	167
15100	21	20	28	23	28	28	31	17	24	25	25	23	24	21	26	18	167
15150	21	20	28	23	28	28	31	17	24	25	25	23	24	20	26	18	166
15200	21	20	28	23	28	28	31	17	24	25	26	23	24	20	26	18	167
15250	21	20	28	24	28	28	31	17	23	25	26	23	24	20	26	18	167
15300	21	20	28	25	28	28	31	17	23	24	26	23	24	20	26	18	166
15350	20	20	28	25	28	28	31	17	23	24	26	23	24	21	26	18	167
15400	20	20	28	25	28	27	31	17	23	24	26	23	24	21	26	18	166
15450	20	20	28	27	28	27	31	17	23	24	25	23	24	22	26	18	166
15500	20	20	28	28	28	26	31	17	22	24	25	23	24	22	26	18	166
15550	20	20	28	28	28	26	31	17	22	24	25	23	24	22	26	18	165
15600	20	20	28	28	28	26	31	17	22	24	25	23	24	22	26	18	166
15650	20	20	28	28	28	26	31	17	22	24	25	23	24	22	26	17	166
15700	20	20	28	28	28	26	31	17	22	25	25	23	24	22	26	17	166
15750	20	20	28	28	27	26	31	16	22	25	25	23	24	22	25	17	166
15800	20	20	28	28	27	26	31	16	21	25	25	23	24	22	25	17	165
15850	20	20	28	28	27	26	31	16	21	25	25	23	24	23	25	17	165
15900	20	20	28	28	27	26	31	16	21	25	25	23	24	23	25	17	165
15950	20	20	28	28	27	26	31	16	21	25	25	23	24	23	25	17	165
16000	20	20	28	28	27	25	30	15	21	25	25	23	24	23	25	17	163
16050	20	20	28	28	26	25	30	15	21	26	25	23	24	23	25	17	162
16100	20	20	28	27	26	25	30	15	21	27	25	23	24	23	25	17	162
16150	20	20	28	27	26	25	30	15	21	27	25	23	24	23	25	17	162
16200	20	20	28	27	26	25	30	15	21	27	25	23	24	24	25	17	163
16250	20	20	28	27	26	25	30	15	21	27	25	23	24	23	25	17	163
16300	20	20	28	27	26	25	30	15	21	27	25	23	24	24	25	17	163
16350	20	20	28	27	26	25	30	15	21	27	25	23	24	25	25	17	164
16400	20	20	28	26	26	25	29	15	21	27	25	23	24	25	25	17	162
16450	20	20	28	26	26	25	30	15	21	27	25	23	24	25	25	17	163
16500	20	20	28	26	26	25	30	15	21	27	25	21	24	25	25	17	163
16550	20	20	28	26	26	25	30	15	21	27	26	21	24	25	25	17	164
16600	20	19	28	26	26	25	30	15	21	27	26	21	24	25	25	17	165
16650	20	19	28	26	26	25	30	15	21	27	26	21	24	25	24	17	163
16700	20	19	28	27	26	25	30	15	21	27	26	21	24	25	24	17	164
16750	20	19	28	27	26	25	31	15	21	27	26	21	24	25	24	17	163
16800	20	19	28	27	26	25	31	15	21	27	26	21	24	25	23	17	163
16850	20	19	28	28	26	25	30	14	21	27	26	21	24	25	23	17	162
16900	20	19	28	28	26	25	30	14	21	27	27	21	24	25	23	17	162
16950	20	19	28	28	26	25	30	14	21	27	27	21	24	25	23	18	162
17000	20	19	28	28	25	26	32	14	21	27	26	21	24	25	23	18	162
17050	20	19	28	27	25	26	32	14	21	27	25	21	24	25	23	18	163
17100	20	19	28	27	25	27	32	14	21	27	25	21	24	25	23	18	163
17150	20	19	28	27	25	27	32	14	21	27	25	21	24	25	22	18	162
17200	20	19	28	28	25	26	32	14	21	27	25	21	24	25	22	18	163
17250	20	19	28	27	25	26	32	14	21	27	25	22	24	25	22	20	164
17300	20	19	28	28	25	27	33	14	21	27	25	22	24	25	22	20	166
17350	20	19	28	28	25	27	33	14	21	27	24	22	24	25	22	20	166
17400	20	19	28	29	25	27	33	14	21	27	25	22	24	25	21	21	166
17450	20	19	28	30	25	27	33	14	21	27	25	22	24	24	21	21	166
17500	20	19	28	30	25	27	33	16	21	27	25	22	24	24	21	21	166
17550	20	19	28	30	25	27	33	16	21	27	25	22	24	24	21	21	167
17600	20	19	28	30	25	27	32	16	21	27	25	22	24	24	21	21	166
17650	20	19	28	30	25	26	32	16	21	26	25	22	24	24	21	21	166
17700	20	19	28	30	25	26	33	16	21	26	25	22	24	24	21	21	166
17750	20	19	28	30	25	26	33	16	21	26	25	22	24	24	21	21	166
17800	20	19	28	30	24	26	33	17	21	26	25	22	24	24	21	21	165
17850	20	19	28	30	24	26	33	17	21	26	25	24	24	24	21	21	167
17900	20	19	28	30	24	26	33	17	21	26	25	24	24	24	21	21	167
17950	20	19	28	30	24	26	33	17	21	26	25	24	24	24	21	21	167
18000	20	19	28	30	24	26	33	17	21	26	25	24	24	24	21	21	167
18050	20	19	28	29	24	26	33	18	21	26	25	24	24	24	21	21	168
18100	20	19	28	29	24	26	33	18	21	26	25	23	24	24	21	21	167
18150	20	19	28	29	24	26	34	18	21	26	25	23	24	24	21	21	168
18200	20	19	28	29	24	26	35	18	21	26	25	24	24	24	20	21	168
18250	20	19	28	29	24	26	35	18	21	26	25	24	24	24	20	21	168
18300	20	18	28	28	24	25	34	18	21	26	25	24	24	23	20	21	164
18350	20	18	28	28	24	25	34	19	20	25	25	24	24	23	20	21	164
18400	20	18	28	28	24	25	34	19	20	25	25	25	24	23	20	21	165
18450	20	18	28	28	24	25	36	19	20	25	25	25	24	23	20	21	167
18500	20	18	28	28	24	25	37	20	19	25	25	25	24	23	20	21	168
18550	20	18	28	28	24	25	36	21	19	25	25	25	24	23	20	21	168
18600	20	18	28	28	24	25	36	21	19	25	25	25	24	23	20	21	168
18650	20	18	28	28	24	25	36	20	19	25	25	25	24	23	20	21	167
18700	20	18	28	28	24	24	36	21	19	25	25	26	24	23	20	21	168
18750	20	18	28	27	24	24	36	21	19	25	25	26	24	23	20	21	168
18800	20	18	28	29	24	24	37	21	19	25	24	26	24	23	20	21	170
18850	20	18	28	29	24	24	37	21	19	25	24	26	24	23	20	21	170
18900	20	18	28	29	24	24	37	21	19	25	24	26	24	23	20	21	170
18950	20	18	28	29	24	24	37	21	19	25	24	26	24	23	20	21	169
19000	20	18	28	28	24	24	37	22	19	25	24	26	24	23	20	21	169
19050	20	18	28	27	24	24	37	22	19	25	24	26	24	23	20	21	167
19100	20	17	28	27	24	24	37	22	19	25	24	26	25	23	20	20	165
19150	20	17	28	27	25	24	37	22	19	24	24	26	25	23	19	20	165
19200	20	17	28	27	25	24	37	19	19	25	24	26	25	24	19	20	165
19250	20	17	28	27	25	24	37	19	19	25	24	26	25	24	19	20	165
19300	20	17	28	27	25	24	37	19	19	25	24	26	26	24	19	20	165
19350	20	17	28	27	25	24	38	20	19	24	24	26	26	24	19	20	167
19400	20	17	28	27	25	24	38	20	19	24	24	26	25	24	19	20	167
19450	20	17	28	27	25	24	38	20	19	24	24	26	25	24	19	20	167
19500	20	17	28	30	24	23	38	20	19	24	24	26	24	24	19	20	169
19550	20	17	28	30	24	23	38	20	19	24	24	26	24	24	19	21	170
19600	20	17	28	29	24	23	38	20	19	24	24	26	24	24	19	21	169
19650	20	17	28	29	25	23	38	20	19	24	24	26	24	24	19	21	169
19700	20	17	28	29	26	23	38	20	19	24	24	26	24	24	19	21	170
19750	20	17	28	30	27	23	38	20	19	24	24	26	24	24	19	22	172
19800	20	17	28	30	26	23	38	20	19	24	24	26	25	24	19	22	172
19850	20	17	28	31	27	23	38	21	19	24	24	26	25	24	19	22	175
19900	20	17	28	31	27	23	38	21	19	24	24	26	25	24	19	22	174
19950	20	17	28	31	27	23	38	21	19	24	24	26	25	24	19	22	172
20000	20	17	28	31	27	23	38	21	19	25	24	26	25	24	19	22	172
