0	0.0	0.0	0.0	0.0	0.0	0.0	0.0	0.0	0.0	0.0	0.0	0.0	0.0	0.0	0.0	0.0
50	0.04	0.0	0.0	0.0	0.0	0.0	0.125	0.142857142857	0.0	0.0	0.0	0.0	0.0	0.0	0.0	0.0
100	0.06	0.0	0.0	0.0	0.125	0.0	0.0833333333333	0.272727272727	0.0	0.0	0.0	0.0	0.0	0.0	0.0	0.0
150	0.12	0.0	0.0	0.0	0.0833333333333	0.0	0.117647058824	0.214285714286	0.111111111111	0.0	0.0833333333333	0.0	0.125	0.0	0.153846153846	0.0
200	0.28	0.0833333333333	0.0	0.0	0.0588235294118	0.0769230769231	0.157894736842	0.263157894737	0.153846153846	0.0833333333333	0.315789473684	0.0769230769231	0.1	0.0909090909091	0.142857142857	0.0
250	0.3	0.133333333333	0.153846153846	0.0	0.0909090909091	0.133333333333	0.136363636364	0.318181818182	0.222222222222	0.0625	0.380952380952	0.166666666667	0.0769230769231	0.0833333333333	0.133333333333	0.105263157895
300	0.28	0.15	0.266666666667	0.0	0.0769230769231	0.176470588235	0.333333333333	0.28	0.217391304348	0.05	0.384615384615	0.166666666667	0.0666666666667	0.0666666666667	0.117647058824	0.0869565217391
350	0.42	0.25	0.3	0.0909090909091	0.103448275862	0.208333333333	0.333333333333	0.307692307692	0.24	0.166666666667	0.344827586207	0.227272727273	0.1	0.117647058824	0.105263157895	0.148148148148
400	0.46	0.269230769231	0.32	0.0769230769231	0.121212121212	0.25	0.324324324324	0.357142857143	0.285714285714	0.214285714286	0.363636363636	0.28	0.166666666667	0.2	0.105263157895	0.181818181818
450	0.42	0.266666666667	0.310344827586	0.1875	0.117647058824	0.30303030303	0.35	0.344827586207	0.3	0.206896551724	0.358974358974	0.321428571429	0.166666666667	0.307692307692	0.12	0.210526315789
500	0.68	0.290322580645	0.375	0.238095238095	0.138888888889	0.378378378378	0.380952380952	0.375	0.290322580645	0.242424242424	0.375	0.34375	0.185185185185	0.354838709677	0.28125	0.279069767442
550	0.72	0.333333333333	0.4	0.32	0.205128205128	0.439024390244	0.4375	0.411764705882	0.342857142857	0.257142857143	0.380952380952	0.363636363636	0.161290322581	0.363636363636	0.30303030303	0.36
600	0.56	0.324324324324	0.416666666667	0.3125	0.25	0.46511627907	0.44	0.459459459459	0.342105263158	0.289473684211	0.363636363636	0.421052631579	0.216216216216	0.384615384615	0.333333333333	0.38
650	0.68	0.342105263158	0.405405405405	0.371428571429	0.244444444444	0.5	0.48	0.45	0.358974358974	0.341463414634	0.36	0.488888888889	0.261904761905	0.454545454545	0.333333333333	0.44
700	0.64	0.434782608696	0.380952380952	0.378378378378	0.260869565217	0.520833333333	0.48	0.5	0.365853658537	0.363636363636	0.36	0.5	0.25	0.5	0.363636363636	0.52
750	0.68	0.469387755102	0.395348837209	0.384615384615	0.265306122449	0.56	0.52	0.541666666667	0.363636363636	0.416666666667	0.4	0.52	0.3	0.52	0.38	0.52
800	0.64	0.48	0.391304347826	0.375	0.32	0.64	0.54	0.64	0.382978723404	0.408163265306	0.46	0.58	0.32	0.54	0.44	0.54
850	0.7	0.52	0.387755102041	0.4375	0.38	0.66	0.58	0.7	0.38	0.44	0.5	0.64	0.36	0.56	0.48	0.56
900	0.6	0.52	0.387755102041	0.52	0.44	0.68	0.58	0.7	0.44	0.48	0.5	0.7	0.38	0.58	0.5	0.52
950	0.74	0.56	0.44	0.56	0.5	0.78	0.58	0.72	0.48	0.5	0.52	0.7	0.38	0.6	0.54	0.56
1000	0.76	0.58	0.5	0.62	0.52	0.82	0.64	0.74	0.48	0.54	0.56	0.74	0.44	0.64	0.54	0.58
1050	0.78	0.62	0.6	0.64	0.54	0.88	0.64	0.76	0.52	0.64	0.6	0.7	0.52	0.6	0.58	0.58
1100	0.74	0.64	0.6	0.7	0.56	0.86	0.64	0.8	0.52	0.7	0.6	0.7	0.54	0.62	0.6	0.62
1150	0.74	0.66	0.58	0.7	0.58	0.88	0.66	0.82	0.52	0.74	0.62	0.7	0.6	0.62	0.64	0.62
1200	0.74	0.7	0.58	0.7	0.64	0.88	0.68	0.82	0.58	0.72	0.64	0.7	0.64	0.6	0.62	0.62
1250	0.56	0.68	0.58	0.72	0.66	0.84	0.68	0.82	0.56	0.78	0.64	0.68	0.68	0.6	0.62	0.62
1300	0.7	0.7	0.64	0.74	0.68	0.84	0.62	0.84	0.56	0.76	0.7	0.68	0.7	0.6	0.62	0.6
1350	0.72	0.7	0.66	0.78	0.68	0.84	0.62	0.84	0.56	0.74	0.72	0.68	0.72	0.6	0.62	0.6
1400	0.68	0.68	0.7	0.8	0.66	0.84	0.62	0.84	0.56	0.72	0.76	0.68	0.74	0.52	0.6	0.58
1450	0.74	0.7	0.7	0.8	0.68	0.84	0.66	0.82	0.58	0.74	0.76	0.68	0.76	0.52	0.6	0.52
1500	0.5	0.68	0.72	0.76	0.7	0.88	0.66	0.82	0.52	0.74	0.72	0.6	0.72	0.54	0.58	0.52
1550	0.68	0.68	0.76	0.78	0.72	0.88	0.7	0.82	0.6	0.76	0.7	0.62	0.7	0.54	0.52	0.52
1600	0.74	0.68	0.8	0.76	0.72	0.9	0.7	0.8	0.64	0.8	0.68	0.64	0.72	0.56	0.54	0.52
1650	0.72	0.68	0.84	0.76	0.72	0.88	0.72	0.82	0.64	0.78	0.64	0.64	0.7	0.58	0.54	0.54
1700	0.68	0.7	0.82	0.74	0.68	0.88	0.72	0.82	0.62	0.78	0.62	0.64	0.72	0.58	0.58	0.52
1750	0.74	0.68	0.82	0.7	0.68	0.88	0.74	0.82	0.62	0.76	0.64	0.64	0.72	0.58	0.56	0.5
1800	0.62	0.68	0.8	0.7	0.66	0.82	0.68	0.8	0.68	0.76	0.64	0.6	0.7	0.58	0.58	0.52
1850	0.66	0.72	0.82	0.66	0.66	0.8	0.68	0.82	0.66	0.78	0.62	0.58	0.68	0.6	0.58	0.52
1900	0.84	0.72	0.82	0.66	0.66	0.8	0.68	0.74	0.66	0.82	0.64	0.62	0.68	0.62	0.58	0.56
1950	0.84	0.68	0.82	0.66	0.66	0.8	0.72	0.78	0.7	0.84	0.64	0.6	0.68	0.64	0.66	0.58
2000	0.7	0.7	0.8	0.64	0.68	0.8	0.76	0.76	0.68	0.84	0.62	0.6	0.7	0.62	0.66	0.58
2050	0.66	0.68	0.8	0.66	0.7	0.82	0.78	0.74	0.68	0.88	0.62	0.64	0.72	0.62	0.68	0.62
2100	0.66	0.7	0.84	0.6	0.72	0.82	0.74	0.74	0.7	0.86	0.62	0.62	0.74	0.62	0.66	0.6
2150	0.66	0.66	0.82	0.6	0.72	0.82	0.76	0.72	0.64	0.8	0.6	0.62	0.72	0.64	0.68	0.6
2200	0.76	0.66	0.82	0.62	0.76	0.82	0.76	0.72	0.64	0.78	0.58	0.64	0.72	0.62	0.7	0.62
2250	0.78	0.68	0.8	0.66	0.76	0.84	0.8	0.72	0.64	0.82	0.6	0.68	0.72	0.6	0.72	0.58
2300	0.74	0.66	0.8	0.66	0.72	0.82	0.78	0.72	0.64	0.84	0.6	0.7	0.7	0.64	0.78	0.6
2350	0.74	0.64	0.82	0.66	0.74	0.84	0.78	0.72	0.66	0.86	0.58	0.68	0.68	0.62	0.78	0.62
2400	0.74	0.66	0.82	0.68	0.78	0.84	0.8	0.72	0.66	0.84	0.62	0.68	0.68	0.58	0.78	0.66
2450	0.64	0.66	0.82	0.68	0.78	0.82	0.78	0.74	0.66	0.82	0.64	0.68	0.7	0.54	0.78	0.68
2500	0.74	0.68	0.82	0.68	0.82	0.82	0.82	0.7	0.66	0.82	0.64	0.72	0.68	0.54	0.78	0.66
2550	0.7	0.7	0.82	0.7	0.82	0.82	0.76	0.72	0.64	0.84	0.66	0.72	0.68	0.54	0.76	0.68
2600	0.74	0.74	0.8	0.7	0.8	0.84	0.76	0.7	0.64	0.84	0.64	0.7	0.68	0.56	0.72	0.68
2650	0.86	0.74	0.82	0.7	0.82	0.86	0.76	0.72	0.68	0.82	0.68	0.74	0.72	0.6	0.72	0.66
2700	0.76	0.72	0.82	0.72	0.82	0.86	0.74	0.76	0.66	0.8	0.7	0.74	0.72	0.58	0.7	0.64
2750	0.82	0.76	0.8	0.74	0.84	0.84	0.82	0.78	0.68	0.78	0.7	0.76	0.7	0.6	0.68	0.66
2800	0.78	0.78	0.82	0.74	0.84	0.84	0.84	0.74	0.7	0.78	0.72	0.76	0.72	0.62	0.68	0.66
2850	0.62	0.78	0.84	0.72	0.82	0.86	0.84	0.7	0.7	0.8	0.72	0.72	0.72	0.6	0.64	0.66
2900	0.68	0.8	0.82	0.74	0.82	0.82	0.82	0.72	0.74	0.8	0.72	0.72	0.72	0.6	0.6	0.64
2950	0.68	0.84	0.78	0.72	0.86	0.8	0.78	0.72	0.76	0.82	0.74	0.68	0.72	0.6	0.58	0.62
3000	0.8	0.86	0.7	0.72	0.86	0.82	0.78	0.72	0.78	0.84	0.74	0.7	0.76	0.64	0.58	0.64
3050	0.66	0.86	0.7	0.7	0.82	0.8	0.76	0.74	0.78	0.84	0.74	0.66	0.76	0.62	0.58	0.64
3100	0.76	0.9	0.7	0.7	0.82	0.78	0.78	0.72	0.74	0.84	0.76	0.68	0.76	0.6	0.58	0.6
3150	0.76	0.88	0.7	0.72	0.82	0.78	0.78	0.72	0.74	0.82	0.8	0.68	0.76	0.6	0.6	0.62
3200	0.76	0.86	0.7	0.74	0.82	0.78	0.78	0.74	0.74	0.8	0.82	0.64	0.78	0.66	0.64	0.62
3250	0.74	0.82	0.7	0.76	0.8	0.78	0.8	0.76	0.72	0.78	0.84	0.64	0.8	0.66	0.68	0.6
3300	0.7	0.76	0.72	0.78	0.82	0.76	0.8	0.76	0.72	0.76	0.78	0.62	0.78	0.68	0.68	0.62
3350	0.7	0.74	0.7	0.76	0.82	0.78	0.8	0.76	0.7	0.78	0.76	0.6	0.78	0.76	0.66	0.64
3400	0.74	0.74	0.72	0.72	0.82	0.72	0.78	0.76	0.7	0.8	0.78	0.62	0.76	0.74	0.66	0.66
3450	0.74	0.74	0.66	0.76	0.84	0.68	0.78	0.76	0.74	0.8	0.76	0.66	0.74	0.72	0.66	0.66
3500	0.78	0.72	0.6	0.78	0.84	0.68	0.76	0.78	0.74	0.8	0.76	0.68	0.76	0.76	0.64	0.68
3550	0.62	0.72	0.62	0.8	0.82	0.68	0.76	0.76	0.74	0.8	0.74	0.66	0.74	0.72	0.64	0.68
3600	0.72	0.7	0.58	0.82	0.82	0.7	0.8	0.78	0.76	0.82	0.72	0.66	0.74	0.7	0.64	0.68
3650	0.84	0.7	0.56	0.82	0.82	0.7	0.8	0.76	0.76	0.82	0.68	0.7	0.76	0.72	0.64	0.68
3700	0.7	0.7	0.54	0.84	0.82	0.7	0.82	0.76	0.76	0.8	0.68	0.68	0.76	0.72	0.74	0.66
3750	0.72	0.68	0.56	0.84	0.8	0.68	0.84	0.76	0.8	0.82	0.64	0.64	0.72	0.72	0.76	0.68
3800	0.78	0.68	0.6	0.84	0.78	0.66	0.8	0.78	0.82	0.82	0.64	0.64	0.72	0.74	0.72	0.7
3850	0.76	0.68	0.6	0.84	0.82	0.7	0.84	0.76	0.8	0.82	0.66	0.64	0.72	0.74	0.7	0.7
3900	0.64	0.68	0.56	0.86	0.8	0.68	0.86	0.78	0.8	0.74	0.66	0.62	0.72	0.72	0.68	0.66
3950	0.56	0.64	0.56	0.9	0.82	0.64	0.84	0.8	0.8	0.74	0.74	0.64	0.7	0.72	0.62	0.64
4000	0.64	0.6	0.54	0.86	0.82	0.66	0.82	0.76	0.78	0.76	0.76	0.66	0.68	0.72	0.62	0.6
4050	0.72	0.64	0.52	0.82	0.8	0.64	0.82	0.76	0.78	0.78	0.78	0.7	0.68	0.7	0.62	0.62
4100	0.74	0.68	0.54	0.84	0.82	0.66	0.82	0.76	0.8	0.72	0.74	0.68	0.64	0.74	0.62	0.64
4150	0.72	0.7	0.52	0.82	0.78	0.62	0.82	0.8	0.8	0.72	0.74	0.7	0.66	0.76	0.64	0.64
4200	0.66	0.72	0.48	0.82	0.78	0.62	0.84	0.8	0.78	0.72	0.76	0.72	0.66	0.74	0.66	0.62
4250	0.56	0.68	0.54	0.84	0.76	0.62	0.84	0.84	0.78	0.68	0.76	0.68	0.66	0.74	0.64	0.56
4300	0.84	0.68	0.56	0.84	0.78	0.62	0.84	0.86	0.82	0.64	0.76	0.7	0.68	0.74	0.64	0.56
4350	0.68	0.7	0.54	0.84	0.78	0.58	0.84	0.88	0.82	0.62	0.78	0.72	0.66	0.74	0.62	0.54
4400	0.7	0.7	0.56	0.82	0.76	0.54	0.82	0.88	0.82	0.62	0.78	0.68	0.64	0.72	0.6	0.56
4450	0.7	0.7	0.56	0.82	0.74	0.54	0.82	0.86	0.8	0.64	0.74	0.7	0.64	0.72	0.6	0.52
4500	0.7	0.7	0.56	0.76	0.74	0.58	0.82	0.82	0.78	0.62	0.76	0.72	0.66	0.72	0.6	0.54
4550	0.7	0.72	0.54	0.76	0.74	0.54	0.82	0.84	0.72	0.64	0.78	0.72	0.66	0.74	0.6	0.56
4600	0.7	0.72	0.54	0.76	0.76	0.56	0.78	0.84	0.7	0.76	0.78	0.7	0.64	0.72	0.62	0.54
4650	0.72	0.7	0.58	0.74	0.74	0.58	0.8	0.86	0.72	0.76	0.76	0.7	0.66	0.68	0.64	0.54
4700	0.72	0.7	0.6	0.72	0.74	0.64	0.8	0.84	0.7	0.76	0.74	0.68	0.64	0.72	0.68	0.54
4750	0.7	0.66	0.62	0.74	0.74	0.68	0.82	0.84	0.72	0.74	0.7	0.7	0.64	0.72	0.66	0.54
4800	0.62	0.66	0.68	0.74	0.76	0.66	0.8	0.84	0.7	0.74	0.66	0.7	0.66	0.68	0.68	0.56
4850	0.62	0.64	0.66	0.76	0.76	0.66	0.82	0.82	0.7	0.72	0.64	0.68	0.64	0.72	0.62	0.6
4900	0.74	0.64	0.64	0.76	0.76	0.66	0.84	0.8	0.72	0.78	0.64	0.66	0.64	0.78	0.62	0.6
4950	0.74	0.66	0.62	0.76	0.76	0.64	0.86	0.78	0.74	0.84	0.68	0.66	0.64	0.76	0.64	0.6
5000	0.6	0.6	0.64	0.76	0.74	0.62	0.8	0.76	0.74	0.86	0.66	0.64	0.64	0.74	0.64	0.58
5050	0.68	0.6	0.62	0.78	0.76	0.68	0.78	0.76	0.72	0.82	0.68	0.62	0.64	0.72	0.68	0.6
5100	0.72	0.62	0.64	0.76	0.76	0.68	0.74	0.76	0.72	0.82	0.66	0.66	0.62	0.7	0.7	0.64
5150	0.76	0.64	0.66	0.78	0.74	0.7	0.74	0.74	0.7	0.82	0.66	0.66	0.62	0.72	0.68	0.64
5200	0.7	0.6	0.66	0.8	0.74	0.7	0.74	0.7	0.7	0.76	0.64	0.62	0.62	0.74	0.68	0.7
5250	0.72	0.62	0.66	0.78	0.78	0.72	0.74	0.72	0.7	0.76	0.62	0.58	0.64	0.7	0.68	0.74
5300	0.6	0.64	0.7	0.78	0.78	0.72	0.76	0.72	0.68	0.7	0.62	0.6	0.64	0.7	0.68	0.68
5350	0.78	0.62	0.72	0.78	0.78	0.72	0.76	0.74	0.66	0.7	0.62	0.6	0.66	0.72	0.68	0.68
5400	0.7	0.64	0.76	0.74	0.78	0.74	0.76	0.72	0.64	0.66	0.62	0.6	0.66	0.72	0.68	0.7
5450	0.7	0.66	0.78	0.74	0.8	0.76	0.76	0.7	0.66	0.6	0.64	0.62	0.7	0.72	0.7	0.68
5500	0.64	0.66	0.74	0.78	0.8	0.74	0.7	0.7	0.66	0.58	0.68	0.62	0.7	0.72	0.7	0.7
5550	0.68	0.7	0.74	0.76	0.78	0.72	0.7	0.68	0.62	0.58	0.7	0.64	0.68	0.7	0.72	0.7
5600	0.64	0.72	0.76	0.74	0.78	0.74	0.68	0.68	0.6	0.58	0.72	0.64	0.7	0.7	0.74	0.68
5650	0.72	0.76	0.76	0.74	0.74	0.76	0.68	0.64	0.6	0.56	0.7	0.64	0.7	0.72	0.72	0.68
5700	0.76	0.76	0.8	0.72	0.76	0.76	0.74	0.66	0.58	0.56	0.7	0.66	0.68	0.72	0.74	0.66
5750	0.72	0.76	0.8	0.72	0.78	0.78	0.76	0.68	0.58	0.62	0.68	0.7	0.7	0.7	0.72	0.64
5800	0.7	0.76	0.8	0.72	0.74	0.76	0.76	0.66	0.58	0.6	0.68	0.66	0.68	0.7	0.72	0.62
5850	0.7	0.78	0.8	0.7	0.72	0.76	0.76	0.68	0.58	0.66	0.7	0.66	0.7	0.7	0.74	0.62
5900	0.72	0.78	0.76	0.68	0.78	0.74	0.78	0.68	0.6	0.68	0.68	0.7	0.7	0.74	0.7	0.62
5950	0.64	0.7	0.72	0.68	0.76	0.76	0.8	0.7	0.6	0.64	0.66	0.72	0.7	0.72	0.68	0.62
6000	0.72	0.74	0.7	0.68	0.76	0.76	0.82	0.66	0.6	0.66	0.66	0.74	0.7	0.7	0.68	0.6
6050	0.66	0.72	0.68	0.68	0.76	0.76	0.78	0.68	0.6	0.7	0.66	0.74	0.7	0.68	0.68	0.62
6100	0.68	0.74	0.68	0.68	0.78	0.7	0.76	0.68	0.62	0.74	0.66	0.72	0.7	0.68	0.66	0.62
6150	0.68	0.72	0.66	0.68	0.76	0.68	0.76	0.66	0.64	0.76	0.66	0.72	0.68	0.7	0.66	0.6
6200	0.8	0.76	0.62	0.7	0.76	0.7	0.8	0.66	0.62	0.78	0.64	0.74	0.7	0.7	0.68	0.6
6250	0.76	0.74	0.62	0.74	0.76	0.68	0.82	0.62	0.62	0.82	0.66	0.7	0.7	0.74	0.7	0.64
6300	0.7	0.74	0.64	0.74	0.78	0.68	0.82	0.66	0.68	0.8	0.62	0.72	0.7	0.74	0.7	0.66
6350	0.74	0.7	0.64	0.8	0.78	0.66	0.8	0.66	0.68	0.8	0.62	0.72	0.72	0.72	0.7	0.68
6400	0.7	0.68	0.7	0.8	0.78	0.66	0.78	0.6	0.72	0.82	0.6	0.7	0.74	0.7	0.7	0.68
6450	0.64	0.66	0.7	0.8	0.8	0.66	0.74	0.6	0.7	0.82	0.6	0.72	0.74	0.72	0.72	0.7
6500	0.72	0.66	0.68	0.8	0.82	0.64	0.76	0.6	0.68	0.8	0.6	0.66	0.72	0.7	0.72	0.74
6550	0.78	0.64	0.7	0.82	0.8	0.66	0.76	0.6	0.64	0.78	0.62	0.66	0.74	0.7	0.7	0.76
6600	0.66	0.62	0.7	0.82	0.8	0.62	0.76	0.62	0.64	0.76	0.62	0.66	0.74	0.72	0.72	0.74
6650	0.64	0.62	0.72	0.78	0.84	0.6	0.76	0.64	0.64	0.76	0.64	0.6	0.74	0.74	0.7	0.74
6700	0.72	0.64	0.72	0.74	0.84	0.6	0.78	0.62	0.64	0.78	0.64	0.64	0.72	0.74	0.7	0.78
6750	0.7	0.62	0.72	0.74	0.86	0.66	0.78	0.66	0.66	0.76	0.64	0.6	0.72	0.74	0.76	0.76
6800	0.64	0.62	0.74	0.72	0.84	0.66	0.72	0.64	0.66	0.76	0.64	0.6	0.7	0.7	0.76	0.78
6850	0.7	0.58	0.74	0.7	0.82	0.7	0.78	0.62	0.66	0.78	0.64	0.62	0.72	0.7	0.72	0.8
6900	0.76	0.56	0.74	0.68	0.82	0.7	0.8	0.62	0.6	0.74	0.64	0.62	0.72	0.7	0.74	0.8
6950	0.66	0.56	0.76	0.68	0.84	0.7	0.8	0.64	0.62	0.72	0.64	0.58	0.74	0.68	0.74	0.76
7000	0.64	0.56	0.78	0.68	0.84	0.68	0.8	0.68	0.62	0.66	0.64	0.56	0.76	0.7	0.74	0.74
7050	0.62	0.56	0.78	0.66	0.86	0.68	0.78	0.74	0.62	0.62	0.64	0.56	0.74	0.7	0.68	0.7
7100	0.7	0.6	0.78	0.66	0.84	0.7	0.8	0.72	0.64	0.58	0.64	0.56	0.72	0.72	0.66	0.72
7150	0.7	0.58	0.78	0.66	0.84	0.68	0.8	0.74	0.64	0.58	0.64	0.54	0.72	0.68	0.66	0.72
7200	0.78	0.58	0.76	0.66	0.84	0.66	0.8	0.78	0.68	0.6	0.64	0.52	0.74	0.68	0.68	0.72
7250	0.72	0.6	0.72	0.7	0.84	0.68	0.84	0.78	0.66	0.62	0.62	0.52	0.74	0.7	0.68	0.7
7300	0.88	0.62	0.72	0.76	0.84	0.72	0.84	0.78	0.7	0.66	0.6	0.54	0.78	0.72	0.7	0.74
7350	0.66	0.6	0.7	0.8	0.84	0.72	0.82	0.78	0.72	0.6	0.58	0.54	0.78	0.72	0.7	0.72
7400	0.78	0.62	0.72	0.78	0.82	0.7	0.82	0.74	0.7	0.6	0.58	0.52	0.78	0.7	0.7	0.76
7450	0.78	0.62	0.72	0.8	0.82	0.7	0.82	0.72	0.7	0.62	0.58	0.52	0.8	0.7	0.72	0.76
7500	0.84	0.62	0.74	0.82	0.84	0.7	0.82	0.74	0.72	0.62	0.58	0.56	0.82	0.7	0.74	0.78
7550	0.6	0.62	0.76	0.8	0.8	0.7	0.82	0.7	0.7	0.66	0.6	0.56	0.8	0.72	0.72	0.78
7600	0.7	0.62	0.76	0.78	0.84	0.76	0.84	0.74	0.7	0.64	0.6	0.54	0.82	0.74	0.7	0.78
7650	0.66	0.62	0.74	0.74	0.8	0.82	0.8	0.7	0.66	0.68	0.62	0.52	0.82	0.74	0.72	0.78
7700	0.66	0.6	0.76	0.72	0.8	0.76	0.8	0.68	0.64	0.72	0.64	0.52	0.8	0.78	0.76	0.78
7750	0.64	0.64	0.74	0.7	0.78	0.72	0.8	0.68	0.64	0.72	0.64	0.54	0.78	0.8	0.76	0.76
7800	0.72	0.66	0.72	0.7	0.8	0.74	0.78	0.66	0.62	0.72	0.64	0.58	0.76	0.82	0.72	0.74
7850	0.84	0.64	0.72	0.72	0.8	0.76	0.78	0.64	0.62	0.8	0.64	0.62	0.8	0.8	0.72	0.78
7900	0.78	0.64	0.72	0.72	0.82	0.72	0.78	0.64	0.62	0.8	0.64	0.6	0.8	0.82	0.72	0.78
7950	0.82	0.66	0.74	0.76	0.82	0.74	0.8	0.64	0.62	0.78	0.66	0.58	0.84	0.82	0.72	0.76
8000	0.82	0.66	0.72	0.74	0.78	0.74	0.8	0.66	0.66	0.84	0.66	0.56	0.84	0.84	0.74	0.78
8050	0.72	0.64	0.7	0.74	0.76	0.74	0.8	0.66	0.64	0.88	0.68	0.6	0.82	0.86	0.72	0.78
8100	0.64	0.64	0.72	0.72	0.74	0.76	0.8	0.64	0.64	0.76	0.66	0.64	0.78	0.86	0.72	0.78
8150	0.78	0.64	0.74	0.72	0.74	0.76	0.8	0.64	0.62	0.78	0.7	0.64	0.8	0.86	0.72	0.74
8200	0.56	0.64	0.72	0.7	0.78	0.72	0.76	0.58	0.62	0.76	0.7	0.66	0.74	0.86	0.7	0.76
8250	0.66	0.66	0.72	0.68	0.8	0.72	0.74	0.56	0.64	0.78	0.7	0.66	0.74	0.82	0.7	0.72
8300	0.74	0.66	0.72	0.68	0.8	0.68	0.74	0.58	0.68	0.78	0.74	0.72	0.72	0.78	0.74	0.74
8350	0.74	0.7	0.74	0.68	0.8	0.68	0.78	0.62	0.7	0.78	0.72	0.74	0.68	0.74	0.76	0.66
8400	0.78	0.72	0.72	0.68	0.78	0.68	0.78	0.62	0.74	0.78	0.72	0.74	0.66	0.74	0.76	0.64
8450	0.78	0.74	0.74	0.62	0.78	0.72	0.82	0.64	0.72	0.76	0.7	0.76	0.66	0.74	0.74	0.62
8500	0.78	0.74	0.74	0.64	0.8	0.76	0.82	0.64	0.7	0.78	0.72	0.76	0.68	0.76	0.74	0.62
8550	0.7	0.72	0.74	0.64	0.78	0.8	0.8	0.66	0.7	0.76	0.7	0.74	0.68	0.78	0.76	0.62
8600	0.76	0.74	0.72	0.66	0.74	0.8	0.8	0.66	0.68	0.74	0.68	0.74	0.7	0.78	0.76	0.6
8650	0.82	0.76	0.74	0.74	0.74	0.78	0.8	0.72	0.7	0.84	0.66	0.74	0.7	0.78	0.76	0.6
8700	0.72	0.76	0.8	0.76	0.78	0.74	0.82	0.74	0.7	0.84	0.64	0.76	0.7	0.8	0.7	0.56
8750	0.82	0.76	0.82	0.72	0.82	0.76	0.8	0.76	0.7	0.86	0.66	0.78	0.66	0.8	0.7	0.6
8800	0.7	0.76	0.8	0.7	0.82	0.76	0.8	0.7	0.68	0.88	0.66	0.82	0.68	0.78	0.68	0.62
8850	0.68	0.78	0.76	0.72	0.84	0.72	0.82	0.7	0.66	0.86	0.66	0.76	0.7	0.76	0.66	0.66
8900	0.72	0.78	0.76	0.72	0.84	0.74	0.78	0.72	0.66	0.86	0.66	0.76	0.68	0.74	0.66	0.72
8950	0.74	0.78	0.74	0.7	0.84	0.74	0.78	0.76	0.68	0.86	0.66	0.78	0.68	0.74	0.64	0.72
9000	0.76	0.78	0.74	0.7	0.84	0.76	0.76	0.76	0.72	0.82	0.68	0.84	0.68	0.74	0.58	0.78
9050	0.8	0.78	0.76	0.7	0.84	0.76	0.74	0.72	0.7	0.84	0.68	0.84	0.7	0.74	0.58	0.78
9100	0.66	0.78	0.76	0.7	0.84	0.74	0.72	0.7	0.64	0.88	0.7	0.84	0.7	0.76	0.6	0.76
9150	0.84	0.76	0.76	0.72	0.84	0.72	0.74	0.72	0.64	0.88	0.72	0.84	0.72	0.76	0.56	0.76
9200	0.72	0.74	0.76	0.72	0.84	0.7	0.78	0.7	0.62	0.9	0.74	0.84	0.74	0.76	0.56	0.76
9250	0.76	0.72	0.76	0.74	0.84	0.64	0.78	0.72	0.64	0.9	0.74	0.86	0.76	0.78	0.56	0.74
9300	0.84	0.7	0.76	0.78	0.86	0.66	0.8	0.74	0.66	0.9	0.74	0.84	0.78	0.8	0.52	0.74
9350	0.84	0.7	0.8	0.76	0.86	0.66	0.78	0.78	0.7	0.88	0.76	0.84	0.8	0.8	0.52	0.78
9400	0.8	0.7	0.78	0.78	0.84	0.72	0.78	0.76	0.68	0.86	0.78	0.84	0.82	0.8	0.52	0.78
9450	0.78	0.72	0.76	0.78	0.9	0.7	0.74	0.8	0.68	0.84	0.78	0.84	0.82	0.78	0.52	0.76
9500	0.82	0.72	0.8	0.78	0.9	0.72	0.76	0.84	0.66	0.88	0.78	0.86	0.82	0.78	0.54	0.76
9550	0.82	0.74	0.76	0.82	0.88	0.72	0.76	0.84	0.66	0.86	0.78	0.84	0.82	0.8	0.58	0.78
9600	0.76	0.74	0.78	0.84	0.84	0.72	0.8	0.84	0.66	0.84	0.78	0.86	0.8	0.8	0.62	0.8
9650	0.84	0.74	0.8	0.84	0.84	0.74	0.8	0.84	0.66	0.82	0.8	0.84	0.84	0.82	0.62	0.8
9700	0.8	0.74	0.8	0.86	0.84	0.72	0.84	0.84	0.66	0.82	0.78	0.8	0.84	0.82	0.64	0.8
9750	0.78	0.72	0.8	0.84	0.84	0.74	0.82	0.84	0.64	0.84	0.82	0.78	0.86	0.84	0.64	0.82
9800	0.78	0.72	0.8	0.84	0.82	0.76	0.84	0.86	0.64	0.82	0.8	0.78	0.88	0.88	0.66	0.82
9850	0.68	0.72	0.78	0.86	0.8	0.74	0.82	0.86	0.64	0.82	0.8	0.74	0.88	0.9	0.68	0.78
9900	0.74	0.74	0.76	0.88	0.8	0.76	0.8	0.88	0.62	0.82	0.82	0.7	0.84	0.9	0.7	0.78
9950	0.84	0.72	0.74	0.86	0.8	0.76	0.8	0.88	0.64	0.84	0.82	0.72	0.84	0.9	0.7	0.8
10000	0.74	0.74	0.72	0.88	0.78	0.78	0.78	0.88	0.66	0.84	0.82	0.72	0.84	0.88	0.68	0.8
10050	0.82	0.76	0.72	0.84	0.76	0.78	0.78	0.88	0.62	0.84	0.82	0.7	0.84	0.88	0.7	0.78
10100	0.8	0.76	0.76	0.78	0.76	0.8	0.76	0.88	0.66	0.86	0.84	0.68	0.82	0.86	0.7	0.84
10150	0.74	0.78	0.76	0.78	0.74	0.78	0.78	0.9	0.64	0.86	0.84	0.68	0.8	0.84	0.66	0.84
10200	0.74	0.8	0.78	0.76	0.72	0.76	0.8	0.9	0.64	0.86	0.82	0.7	0.78	0.86	0.66	0.84
10250	0.76	0.74	0.78	0.72	0.72	0.74	0.84	0.88	0.64	0.86	0.84	0.7	0.78	0.84	0.7	0.86
10300	0.76	0.74	0.78	0.7	0.74	0.72	0.86	0.88	0.62	0.84	0.88	0.7	0.78	0.84	0.72	0.86
10350	0.82	0.76	0.82	0.66	0.74	0.7	0.86	0.88	0.66	0.84	0.88	0.7	0.8	0.84	0.72	0.86
10400	0.7	0.7	0.82	0.66	0.78	0.7	0.86	0.86	0.62	0.82	0.86	0.74	0.8	0.82	0.68	0.84
10450	0.76	0.72	0.84	0.64	0.76	0.7	0.86	0.82	0.6	0.82	0.88	0.74	0.78	0.8	0.7	0.82
10500	0.72	0.7	0.86	0.62	0.76	0.68	0.86	0.82	0.68	0.82	0.88	0.78	0.76	0.78	0.66	0.8
10550	0.8	0.7	0.86	0.64	0.74	0.7	0.88	0.82	0.7	0.82	0.9	0.8	0.76	0.78	0.66	0.82
10600	0.8	0.7	0.86	0.64	0.74	0.72	0.86	0.82	0.72	0.8	0.86	0.82	0.76	0.76	0.66	0.82
10650	0.56	0.7	0.86	0.64	0.78	0.64	0.86	0.82	0.68	0.78	0.86	0.78	0.76	0.76	0.64	0.76
10700	0.78	0.68	0.84	0.66	0.78	0.64	0.88	0.82	0.7	0.76	0.86	0.78	0.78	0.78	0.64	0.76
10750	0.7	0.64	0.84	0.64	0.8	0.64	0.86	0.84	0.7	0.74	0.86	0.78	0.78	0.76	0.64	0.76
10800	0.78	0.62	0.82	0.66	0.82	0.6	0.84	0.86	0.7	0.72	0.86	0.78	0.78	0.76	0.64	0.72
10850	0.84	0.64	0.82	0.7	0.8	0.62	0.86	0.82	0.7	0.72	0.86	0.8	0.78	0.74	0.66	0.72
10900	0.82	0.66	0.82	0.7	0.8	0.6	0.86	0.8	0.74	0.72	0.84	0.84	0.82	0.72	0.7	0.74
10950	0.76	0.64	0.82	0.72	0.78	0.6	0.88	0.8	0.7	0.72	0.82	0.84	0.84	0.7	0.7	0.72
11000	0.74	0.66	0.82	0.78	0.78	0.58	0.88	0.8	0.74	0.7	0.82	0.84	0.86	0.7	0.7	0.68
11050	0.76	0.64	0.82	0.76	0.8	0.6	0.9	0.78	0.74	0.72	0.82	0.86	0.88	0.7	0.74	0.64
11100	0.84	0.68	0.82	0.76	0.8	0.62	0.9	0.74	0.78	0.74	0.82	0.86	0.86	0.72	0.74	0.64
11150	0.8	0.7	0.82	0.76	0.8	0.62	0.9	0.78	0.78	0.72	0.82	0.82	0.86	0.7	0.76	0.68
11200	0.66	0.7	0.82	0.74	0.8	0.6	0.88	0.76	0.76	0.66	0.8	0.84	0.86	0.72	0.74	0.66
11250	0.64	0.7	0.82	0.72	0.8	0.58	0.9	0.76	0.7	0.64	0.8	0.84	0.86	0.72	0.74	0.68
11300	0.74	0.68	0.82	0.74	0.82	0.58	0.86	0.76	0.66	0.66	0.82	0.88	0.86	0.68	0.72	0.68
11350	0.88	0.7	0.84	0.72	0.84	0.62	0.9	0.76	0.64	0.66	0.84	0.88	0.86	0.72	0.74	0.66
11400	0.72	0.72	0.82	0.7	0.82	0.6	0.9	0.72	0.64	0.66	0.84	0.9	0.9	0.7	0.72	0.7
11450	0.9	0.72	0.86	0.7	0.84	0.6	0.9	0.72	0.66	0.66	0.84	0.92	0.9	0.7	0.74	0.72
11500	0.74	0.72	0.88	0.72	0.82	0.62	0.88	0.7	0.66	0.68	0.84	0.92	0.92	0.66	0.74	0.76
11550	0.64	0.7	0.9	0.74	0.8	0.68	0.88	0.68	0.64	0.66	0.86	0.9	0.84	0.68	0.74	0.72
11600	0.8	0.7	0.88	0.72	0.8	0.7	0.86	0.68	0.62	0.66	0.88	0.88	0.84	0.72	0.72	0.74
11650	0.66	0.66	0.86	0.72	0.82	0.7	0.84	0.68	0.62	0.66	0.88	0.88	0.84	0.7	0.72	0.72
11700	0.8	0.66	0.88	0.7	0.82	0.72	0.82	0.68	0.64	0.62	0.88	0.88	0.82	0.72	0.72	0.74
11750	0.72	0.66	0.88	0.7	0.82	0.74	0.8	0.7	0.64	0.64	0.86	0.86	0.82	0.72	0.74	0.76
11800	0.8	0.66	0.88	0.7	0.84	0.72	0.8	0.68	0.64	0.62	0.88	0.86	0.8	0.7	0.74	0.74
11850	0.82	0.62	0.9	0.72	0.84	0.76	0.8	0.7	0.66	0.7	0.88	0.86	0.8	0.7	0.74	0.72
11900	0.8	0.58	0.9	0.74	0.84	0.78	0.8	0.74	0.64	0.72	0.88	0.84	0.8	0.72	0.74	0.72
11950	0.72	0.54	0.88	0.76	0.78	0.76	0.8	0.74	0.64	0.72	0.88	0.86	0.8	0.72	0.7	0.72
12000	0.78	0.52	0.88	0.74	0.78	0.84	0.8	0.74	0.64	0.72	0.9	0.84	0.76	0.72	0.72	0.74
12050	0.82	0.54	0.9	0.74	0.78	0.84	0.8	0.76	0.64	0.72	0.88	0.84	0.76	0.72	0.74	0.72
12100	0.7	0.56	0.9	0.76	0.74	0.78	0.8	0.84	0.66	0.72	0.88	0.84	0.74	0.72	0.72	0.74
12150	0.76	0.56	0.9	0.76	0.76	0.74	0.78	0.84	0.74	0.72	0.88	0.84	0.74	0.74	0.74	0.74
12200	0.66	0.52	0.9	0.78	0.74	0.7	0.76	0.84	0.74	0.72	0.86	0.8	0.7	0.74	0.68	0.74
12250	0.72	0.54	0.9	0.76	0.74	0.68	0.76	0.84	0.76	0.74	0.88	0.78	0.76	0.74	0.66	0.74
12300	0.7	0.54	0.9	0.74	0.78	0.66	0.78	0.82	0.78	0.74	0.84	0.78	0.76	0.76	0.62	0.76
12350	0.78	0.54	0.86	0.74	0.76	0.68	0.8	0.82	0.76	0.78	0.84	0.76	0.72	0.78	0.62	0.78
12400	0.66	0.56	0.82	0.78	0.72	0.66	0.82	0.76	0.78	0.8	0.82	0.72	0.72	0.74	0.6	0.82
12450	0.66	0.62	0.82	0.8	0.7	0.66	0.84	0.74	0.8	0.8	0.8	0.68	0.7	0.74	0.6	0.82
12500	0.8	0.66	0.82	0.82	0.68	0.64	0.82	0.76	0.82	0.78	0.78	0.66	0.7	0.72	0.6	0.84
12550	0.68	0.66	0.82	0.84	0.68	0.62	0.8	0.72	0.84	0.76	0.78	0.66	0.64	0.72	0.58	0.86
12600	0.76	0.66	0.84	0.86	0.7	0.6	0.76	0.72	0.84	0.76	0.78	0.66	0.66	0.7	0.6	0.86
12650	0.76	0.7	0.84	0.86	0.72	0.6	0.74	0.68	0.84	0.8	0.76	0.66	0.7	0.7	0.62	0.86
12700	0.8	0.72	0.86	0.88	0.74	0.6	0.74	0.68	0.84	0.78	0.76	0.68	0.68	0.72	0.58	0.86
12750	0.66	0.7	0.82	0.9	0.74	0.58	0.76	0.66	0.84	0.76	0.74	0.66	0.68	0.72	0.56	0.84
12800	0.7	0.72	0.82	0.9	0.78	0.52	0.76	0.66	0.82	0.76	0.72	0.68	0.68	0.72	0.56	0.8
12850	0.74	0.7	0.8	0.86	0.76	0.56	0.74	0.64	0.8	0.74	0.72	0.7	0.68	0.7	0.56	0.82
12900	0.76	0.72	0.82	0.86	0.78	0.58	0.72	0.64	0.82	0.74	0.72	0.7	0.66	0.68	0.56	0.78
12950	0.76	0.7	0.82	0.88	0.8	0.62	0.74	0.66	0.8	0.72	0.74	0.68	0.68	0.66	0.56	0.78
13000	0.72	0.7	0.84	0.88	0.8	0.64	0.74	0.64	0.84	0.74	0.76	0.7	0.66	0.68	0.52	0.8
13050	0.7	0.7	0.88	0.88	0.78	0.7	0.7	0.64	0.8	0.74	0.74	0.7	0.64	0.66	0.52	0.8
13100	0.78	0.66	0.9	0.88	0.84	0.7	0.7	0.64	0.76	0.74	0.74	0.7	0.7	0.64	0.54	0.8
13150	0.8	0.66	0.88	0.88	0.86	0.74	0.7	0.66	0.76	0.76	0.74	0.7	0.72	0.62	0.54	0.8
13200	0.8	0.66	0.88	0.9	0.86	0.74	0.7	0.68	0.74	0.82	0.76	0.7	0.72	0.64	0.54	0.78
13250	0.76	0.64	0.86	0.9	0.86	0.72	0.72	0.72	0.7	0.84	0.78	0.7	0.72	0.64	0.54	0.76
13300	0.82	0.66	0.84	0.9	0.88	0.72	0.72	0.76	0.7	0.84	0.78	0.7	0.72	0.66	0.54	0.76
13350	0.9	0.7	0.86	0.88	0.88	0.76	0.74	0.78	0.7	0.86	0.8	0.74	0.76	0.66	0.5	0.78
13400	0.68	0.72	0.82	0.88	0.82	0.74	0.74	0.8	0.72	0.82	0.78	0.8	0.76	0.68	0.5	0.82
13450	0.8	0.68	0.82	0.86	0.82	0.84	0.72	0.8	0.68	0.86	0.78	0.8	0.76	0.7	0.52	0.8
13500	0.66	0.66	0.8	0.82	0.86	0.82	0.7	0.8	0.72	0.86	0.8	0.8	0.76	0.72	0.52	0.82
13550	0.7	0.6	0.8	0.82	0.86	0.82	0.7	0.78	0.7	0.84	0.82	0.8	0.78	0.72	0.52	0.82
13600	0.72	0.6	0.78	0.82	0.84	0.76	0.7	0.78	0.7	0.86	0.8	0.8	0.78	0.72	0.52	0.82
13650	0.6	0.6	0.78	0.78	0.84	0.76	0.7	0.8	0.68	0.84	0.82	0.8	0.78	0.7	0.52	0.74
13700	0.8	0.62	0.78	0.82	0.82	0.76	0.7	0.8	0.7	0.8	0.82	0.78	0.8	0.72	0.52	0.72
13750	0.76	0.56	0.78	0.8	0.86	0.74	0.7	0.82	0.68	0.78	0.8	0.78	0.82	0.72	0.56	0.7
13800	0.78	0.6	0.78	0.8	0.86	0.76	0.72	0.82	0.66	0.78	0.82	0.78	0.82	0.74	0.6	0.7
13850	0.76	0.6	0.78	0.8	0.84	0.8	0.72	0.78	0.66	0.76	0.8	0.8	0.8	0.74	0.62	0.7
13900	0.78	0.6	0.78	0.78	0.82	0.78	0.76	0.74	0.7	0.76	0.8	0.8	0.82	0.76	0.64	0.7
13950	0.66	0.6	0.82	0.78	0.8	0.78	0.74	0.76	0.66	0.72	0.78	0.82	0.84	0.72	0.62	0.7
14000	0.84	0.58	0.82	0.78	0.82	0.78	0.74	0.8	0.68	0.7	0.8	0.82	0.84	0.7	0.62	0.7
14050	0.72	0.62	0.82	0.8	0.8	0.78	0.76	0.78	0.64	0.74	0.8	0.86	0.82	0.72	0.56	0.68
14100	0.68	0.62	0.84	0.8	0.8	0.68	0.76	0.76	0.62	0.74	0.8	0.86	0.84	0.7	0.58	0.66
14150	0.74	0.62	0.84	0.78	0.78	0.7	0.76	0.76	0.6	0.72	0.8	0.84	0.86	0.68	0.58	0.64
14200	0.7	0.64	0.86	0.8	0.74	0.7	0.76	0.74	0.6	0.72	0.84	0.82	0.86	0.64	0.56	0.64
14250	0.64	0.62	0.9	0.76	0.76	0.68	0.76	0.7	0.6	0.76	0.86	0.82	0.84	0.64	0.58	0.66
14300	0.78	0.64	0.9	0.8	0.72	0.66	0.76	0.7	0.64	0.74	0.86	0.84	0.84	0.66	0.56	0.7
14350	0.76	0.62	0.9	0.8	0.72	0.68	0.74	0.7	0.64	0.76	0.84	0.84	0.84	0.64	0.54	0.72
14400	0.74	0.7	0.9	0.78	0.7	0.68	0.74	0.7	0.68	0.76	0.82	0.86	0.84	0.66	0.54	0.74
14450	0.8	0.7	0.92	0.8	0.7	0.64	0.7	0.66	0.68	0.74	0.84	0.86	0.86	0.66	0.54	0.74
14500	0.62	0.72	0.9	0.78	0.66	0.64	0.7	0.64	0.68	0.74	0.86	0.86	0.86	0.66	0.5	0.7
14550	0.66	0.74	0.9	0.78	0.68	0.64	0.68	0.64	0.7	0.72	0.84	0.88	0.82	0.66	0.5	0.7
14600	0.74	0.72	0.9	0.76	0.68	0.6	0.66	0.68	0.76	0.72	0.8	0.88	0.82	0.68	0.5	0.74
14650	0.7	0.74	0.9	0.74	0.68	0.58	0.66	0.68	0.74	0.72	0.82	0.88	0.82	0.68	0.54	0.7
14700	0.7	0.7	0.92	0.76	0.7	0.64	0.68	0.7	0.78	0.72	0.78	0.88	0.82	0.68	0.52	0.72
14750	0.54	0.68	0.92	0.74	0.66	0.64	0.64	0.7	0.7	0.74	0.72	0.88	0.82	0.68	0.52	0.74
14800	0.86	0.68	0.94	0.76	0.66	0.62	0.66	0.66	0.7	0.74	0.72	0.88	0.82	0.68	0.52	0.74
14850	0.68	0.68	0.9	0.76	0.64	0.64	0.66	0.62	0.72	0.72	0.72	0.86	0.84	0.7	0.56	0.74
14900	0.7	0.68	0.88	0.72	0.64	0.66	0.66	0.6	0.7	0.74	0.76	0.82	0.78	0.74	0.56	0.74
14950	0.76	0.68	0.84	0.7	0.64	0.68	0.66	0.6	0.7	0.76	0.72	0.82	0.76	0.72	0.56	0.76
15000	0.72	0.66	0.84	0.7	0.64	0.7	0.66	0.6	0.72	0.76	0.7	0.82	0.76	0.7	0.6	0.78
15050	0.72	0.66	0.84	0.72	0.64	0.7	0.7	0.6	0.7	0.78	0.66	0.8	0.76	0.74	0.58	0.78
15100	0.68	0.64	0.84	0.72	0.64	0.72	0.72	0.54	0.7	0.78	0.62	0.8	0.76	0.78	0.54	0.8
15150	0.8	0.68	0.84	0.76	0.68	0.74	0.74	0.56	0.7	0.78	0.64	0.82	0.76	0.78	0.54	0.78
15200	0.72	0.68	0.82	0.74	0.68	0.74	0.74	0.54	0.68	0.82	0.64	0.8	0.76	0.74	0.5	0.82
15250	0.74	0.7	0.82	0.74	0.72	0.72	0.7	0.58	0.7	0.82	0.66	0.76	0.76	0.78	0.54	0.8
15300	0.84	0.7	0.84	0.76	0.72	0.78	0.76	0.56	0.7	0.82	0.68	0.76	0.76	0.74	0.6	0.8
15350	0.7	0.7	0.86	0.76	0.74	0.82	0.8	0.56	0.72	0.82	0.66	0.74	0.72	0.74	0.6	0.78
15400	0.82	0.7	0.86	0.74	0.76	0.82	0.8	0.56	0.72	0.84	0.7	0.74	0.76	0.74	0.6	0.8
15450	0.7	0.72	0.86	0.74	0.76	0.82	0.76	0.58	0.72	0.84	0.72	0.74	0.72	0.74	0.6	0.82
15500	0.78	0.72	0.86	0.78	0.8	0.8	0.76	0.58	0.72	0.82	0.72	0.76	0.72	0.74	0.62	0.8
15550	0.66	0.7	0.86	0.76	0.78	0.78	0.78	0.6	0.74	0.78	0.7	0.76	0.72	0.7	0.6	0.8
15600	0.86	0.7	0.86	0.8	0.78	0.8	0.78	0.6	0.74	0.78	0.68	0.78	0.68	0.72	0.62	0.8
15650	0.72	0.68	0.86	0.78	0.78	0.82	0.74	0.64	0.76	0.76	0.66	0.74	0.66	0.76	0.66	0.8
15700	0.88	0.7	0.86	0.8	0.8	0.84	0.78	0.68	0.76	0.76	0.64	0.76	0.66	0.76	0.68	0.8
15750	0.84	0.7	0.88	0.8	0.82	0.82	0.78	0.72	0.82	0.76	0.64	0.76	0.68	0.74	0.72	0.8
15800	0.78	0.72	0.88	0.8	0.82	0.8	0.78	0.7	0.84	0.78	0.62	0.78	0.72	0.74	0.72	0.82
15850	0.78	0.72	0.9	0.8	0.82	0.8	0.76	0.72	0.84	0.74	0.66	0.78	0.7	0.74	0.72	0.84
15900	0.78	0.68	0.9	0.78	0.82	0.82	0.76	0.76	0.84	0.74	0.66	0.8	0.7	0.74	0.74	0.84
15950	0.76	0.68	0.92	0.78	0.84	0.82	0.78	0.76	0.82	0.74	0.68	0.78	0.7	0.72	0.72	0.86
16000	0.74	0.66	0.92	0.78	0.84	0.82	0.8	0.76	0.82	0.76	0.7	0.74	0.72	0.74	0.72	0.88
16050	0.86	0.7	0.92	0.82	0.84	0.82	0.82	0.72	0.8	0.76	0.7	0.76	0.72	0.74	0.74	0.88
16100	0.78	0.72	0.92	0.82	0.82	0.8	0.8	0.76	0.84	0.76	0.72	0.8	0.74	0.74	0.74	0.9
16150	0.76	0.74	0.9	0.82	0.8	0.82	0.78	0.76	0.82	0.78	0.72	0.8	0.76	0.76	0.74	0.9
16200	0.8	0.74	0.9	0.78	0.82	0.8	0.78	0.74	0.84	0.82	0.68	0.82	0.78	0.74	0.76	0.9
16250	0.58	0.72	0.86	0.74	0.82	0.76	0.76	0.72	0.84	0.82	0.7	0.76	0.78	0.72	0.76	0.88
16300	0.72	0.78	0.84	0.74	0.82	0.74	0.74	0.7	0.84	0.82	0.72	0.76	0.8	0.74	0.72	0.9
16350	0.88	0.8	0.84	0.74	0.82	0.78	0.8	0.72	0.84	0.82	0.72	0.76	0.8	0.76	0.68	0.9
16400	0.74	0.8	0.84	0.74	0.8	0.76	0.72	0.72	0.84	0.8	0.72	0.74	0.8	0.78	0.68	0.88
16450	0.72	0.86	0.82	0.74	0.82	0.74	0.7	0.72	0.84	0.8	0.68	0.72	0.8	0.76	0.7	0.88
16500	0.82	0.88	0.82	0.76	0.82	0.72	0.72	0.72	0.82	0.82	0.68	0.74	0.76	0.76	0.72	0.86
16550	0.84	0.92	0.82	0.74	0.8	0.72	0.72	0.7	0.82	0.84	0.66	0.8	0.76	0.78	0.78	0.84
16600	0.82	0.92	0.86	0.74	0.8	0.72	0.72	0.72	0.82	0.84	0.68	0.8	0.76	0.74	0.78	0.84
16650	0.8	0.88	0.82	0.74	0.78	0.72	0.72	0.76	0.82	0.86	0.68	0.8	0.78	0.74	0.78	0.82
16700	0.78	0.84	0.82	0.76	0.78	0.72	0.72	0.78	0.78	0.86	0.7	0.76	0.78	0.74	0.76	0.82
16750	0.72	0.86	0.82	0.78	0.78	0.66	0.74	0.76	0.78	0.84	0.68	0.78	0.78	0.74	0.76	0.82
16800	0.74	0.86	0.8	0.8	0.78	0.66	0.74	0.78	0.78	0.84	0.66	0.76	0.74	0.76	0.76	0.82
16850	0.78	0.84	0.82	0.86	0.78	0.68	0.76	0.8	0.78	0.84	0.66	0.8	0.7	0.76	0.76	0.82
16900	0.8	0.84	0.8	0.86	0.8	0.66	0.76	0.8	0.82	0.86	0.64	0.78	0.72	0.78	0.78	0.78
16950	0.76	0.84	0.8	0.86	0.8	0.66	0.8	0.8	0.76	0.84	0.64	0.76	0.7	0.8	0.76	0.76
17000	0.86	0.84	0.8	0.88	0.78	0.72	0.8	0.78	0.76	0.84	0.62	0.8	0.7	0.8	0.78	0.78
17050	0.7	0.82	0.84	0.9	0.78	0.74	0.8	0.72	0.74	0.82	0.66	0.82	0.68	0.8	0.76	0.74
17100	0.74	0.82	0.86	0.92	0.76	0.72	0.8	0.66	0.74	0.84	0.66	0.84	0.7	0.82	0.74	0.76
17150	0.54	0.8	0.86	0.9	0.76	0.72	0.8	0.62	0.74	0.82	0.58	0.8	0.68	0.82	0.72	0.76
17200	0.74	0.78	0.84	0.9	0.74	0.68	0.8	0.64	0.72	0.84	0.58	0.78	0.72	0.82	0.72	0.76
17250	0.74	0.78	0.84	0.9	0.72	0.64	0.82	0.66	0.7	0.86	0.6	0.78	0.7	0.82	0.7	0.76
17300	0.62	0.72	0.84	0.9	0.72	0.64	0.8	0.64	0.66	0.84	0.66	0.78	0.66	0.84	0.68	0.76
17350	0.68	0.68	0.84	0.88	0.7	0.64	0.76	0.62	0.66	0.84	0.64	0.8	0.66	0.84	0.66	0.76
17400	0.72	0.68	0.82	0.86	0.68	0.62	0.72	0.64	0.66	0.82	0.62	0.8	0.68	0.84	0.68	0.76
17450	0.78	0.68	0.82	0.86	0.68	0.62	0.76	0.64	0.66	0.8	0.58	0.82	0.66	0.86	0.68	0.76
17500	0.7	0.7	0.82	0.82	0.7	0.58	0.7	0.66	0.68	0.8	0.58	0.84	0.64	0.86	0.68	0.74
17550	0.68	0.68	0.84	0.78	0.68	0.58	0.7	0.66	0.66	0.8	0.64	0.84	0.6	0.82	0.68	0.76
17600	0.58	0.66	0.8	0.76	0.66	0.56	0.7	0.64	0.68	0.82	0.64	0.86	0.62	0.82	0.68	0.74
17650	0.76	0.68	0.82	0.72	0.68	0.58	0.68	0.64	0.66	0.82	0.62	0.86	0.64	0.8	0.7	0.72
17700	0.62	0.66	0.78	0.72	0.68	0.52	0.66	0.6	0.66	0.82	0.62	0.84	0.64	0.8	0.7	0.7
17750	0.62	0.66	0.78	0.68	0.68	0.54	0.64	0.6	0.64	0.84	0.58	0.82	0.6	0.78	0.7	0.7
17800	0.64	0.6	0.78	0.66	0.68	0.52	0.58	0.62	0.66	0.86	0.6	0.78	0.6	0.78	0.68	0.68
17850	0.78	0.6	0.76	0.66	0.68	0.52	0.56	0.64	0.68	0.84	0.64	0.8	0.62	0.78	0.72	0.68
17900	0.72	0.58	0.74	0.66	0.66	0.56	0.58	0.68	0.72	0.82	0.6	0.82	0.6	0.74	0.76	0.7
17950	0.72	0.58	0.74	0.66	0.66	0.58	0.58	0.72	0.74	0.82	0.56	0.8	0.6	0.72	0.8	0.7
18000	0.7	0.56	0.74	0.64	0.72	0.56	0.58	0.74	0.74	0.84	0.56	0.8	0.6	0.72	0.8	0.68
18050	0.72	0.54	0.74	0.64	0.74	0.6	0.6	0.74	0.74	0.84	0.58	0.78	0.62	0.74	0.78	0.66
18100	0.74	0.58	0.76	0.7	0.78	0.62	0.6	0.7	0.76	0.84	0.58	0.78	0.62	0.74	0.76	0.64
18150	0.62	0.56	0.74	0.72	0.78	0.6	0.62	0.62	0.76	0.82	0.58	0.76	0.64	0.74	0.76	0.66
18200	0.72	0.56	0.74	0.76	0.84	0.64	0.64	0.62	0.72	0.82	0.6	0.72	0.66	0.74	0.76	0.66
18250	0.64	0.56	0.72	0.74	0.82	0.62	0.64	0.62	0.74	0.84	0.6	0.7	0.7	0.74	0.76	0.64
18300	0.76	0.56	0.76	0.74	0.82	0.58	0.64	0.6	0.7	0.86	0.6	0.68	0.74	0.76	0.76	0.66
18350	0.68	0.6	0.76	0.76	0.82	0.62	0.64	0.6	0.68	0.82	0.58	0.68	0.72	0.78	0.72	0.66
18400	0.7	0.58	0.74	0.76	0.82	0.64	0.6	0.56	0.68	0.78	0.56	0.7	0.72	0.8	0.72	0.68
18450	0.4	0.52	0.74	0.74	0.84	0.58	0.58	0.6	0.64	0.76	0.56	0.72	0.7	0.8	0.72	0.64
18500	0.62	0.48	0.74	0.74	0.84	0.58	0.64	0.58	0.66	0.76	0.54	0.74	0.7	0.76	0.72	0.68
18550	0.7	0.54	0.76	0.74	0.86	0.52	0.68	0.54	0.64	0.76	0.54	0.74	0.72	0.74	0.72	0.68
18600	0.72	0.54	0.78	0.76	0.88	0.54	0.62	0.54	0.6	0.74	0.56	0.74	0.68	0.76	0.7	0.68
18650	0.66	0.56	0.78	0.72	0.88	0.56	0.62	0.54	0.6	0.74	0.56	0.74	0.68	0.72	0.68	0.68
18700	0.64	0.56	0.8	0.74	0.86	0.58	0.6	0.56	0.6	0.72	0.6	0.74	0.68	0.68	0.64	0.68
18750	0.72	0.54	0.8	0.74	0.84	0.6	0.6	0.56	0.62	0.72	0.6	0.74	0.66	0.7	0.6	0.68
18800	0.78	0.54	0.82	0.72	0.84	0.6	0.64	0.58	0.58	0.72	0.6	0.72	0.7	0.72	0.62	0.68
18850	0.76	0.54	0.82	0.74	0.8	0.58	0.66	0.58	0.58	0.7	0.6	0.72	0.72	0.7	0.66	0.68
18900	0.84	0.54	0.84	0.76	0.8	0.62	0.64	0.62	0.6	0.7	0.6	0.76	0.7	0.7	0.64	0.7
18950	0.72	0.62	0.82	0.76	0.8	0.68	0.64	0.64	0.6	0.7	0.6	0.76	0.72	0.64	0.64	0.72
19000	0.74	0.62	0.86	0.76	0.8	0.68	0.66	0.62	0.64	0.72	0.58	0.76	0.7	0.64	0.68	0.7
19050	0.78	0.62	0.82	0.76	0.84	0.74	0.68	0.62	0.7	0.7	0.58	0.78	0.7	0.64	0.7	0.74
19100	0.76	0.68	0.84	0.76	0.84	0.76	0.7	0.6	0.7	0.72	0.58	0.76	0.7	0.68	0.66	0.76
19150	0.62	0.7	0.8	0.76	0.86	0.74	0.68	0.54	0.7	0.72	0.56	0.8	0.72	0.7	0.66	0.78
19200	0.76	0.66	0.8	0.76	0.86	0.78	0.7	0.56	0.7	0.74	0.56	0.8	0.7	0.72	0.66	0.78
19250	0.66	0.6	0.8	0.78	0.84	0.8	0.72	0.52	0.7	0.78	0.56	0.8	0.72	0.7	0.68	0.78
19300	0.72	0.62	0.8	0.78	0.84	0.8	0.76	0.56	0.68	0.78	0.56	0.78	0.76	0.7	0.68	0.8
19350	0.78	0.64	0.82	0.8	0.82	0.78	0.76	0.56	0.68	0.74	0.58	0.8	0.78	0.74	0.7	0.82
19400	0.76	0.66	0.82	0.8	0.82	0.8	0.78	0.58	0.66	0.76	0.58	0.78	0.78	0.74	0.66	0.82
19450	0.8	0.66	0.84	0.8	0.82	0.8	0.76	0.6	0.66	0.78	0.58	0.78	0.78	0.74	0.68	0.84
19500	0.74	0.64	0.84	0.8	0.82	0.82	0.76	0.62	0.66	0.76	0.56	0.78	0.78	0.76	0.7	0.84
19550	0.66	0.62	0.84	0.82	0.84	0.8	0.74	0.64	0.64	0.76	0.54	0.78	0.76	0.74	0.7	0.86
19600	0.64	0.6	0.84	0.84	0.86	0.8	0.72	0.62	0.6	0.74	0.54	0.8	0.74	0.74	0.72	0.84
19650	0.76	0.6	0.84	0.84	0.86	0.8	0.72	0.62	0.6	0.72	0.5	0.78	0.74	0.76	0.7	0.86
19700	0.76	0.58	0.88	0.82	0.86	0.76	0.68	0.62	0.6	0.72	0.5	0.8	0.74	0.8	0.68	0.86
19750	0.66	0.56	0.86	0.78	0.86	0.78	0.68	0.58	0.6	0.74	0.46	0.84	0.74	0.82	0.7	0.86
19800	0.64	0.56	0.84	0.76	0.84	0.78	0.7	0.64	0.54	0.72	0.46	0.84	0.72	0.8	0.68	0.82
19850	0.58	0.6	0.82	0.76	0.82	0.74	0.7	0.62	0.54	0.72	0.46	0.84	0.7	0.78	0.68	0.8
19900	0.78	0.62	0.84	0.76	0.82	0.74	0.7	0.72	0.52	0.74	0.42	0.84	0.7	0.8	0.7	0.76
19950	0.78	0.66	0.84	0.76	0.84	0.72	0.72	0.72	0.56	0.74	0.42	0.84	0.7	0.82	0.68	0.74
20000	0.7	0.68	0.86	0.76	0.84	0.74	0.72	0.72	0.54	0.74	0.42	0.82	0.72	0.8	0.68	0.74
