0	0.0	0.0	0.0	0.0	0.0	0.0	0.0	0.0	0.0	0.0	0.0	0.0	0.0	0.0	0.0	0.0
50	0.0	0.0	0.0	0.0	0.0	0.0	0.0	0.0	0.0	0.0	0.0	0.0	0.0	0.0	0.0	0.0
100	0.0	0.0	0.133333333333	0.157894736842	0.0769230769231	0.0	0.0	0.0	0.0555555555556	0.0666666666667	0.1	0.0833333333333	0.0	0.111111111111	0.272727272727	0.153846153846
150	0.1	0.0	0.176470588235	0.125	0.133333333333	0.0	0.0454545454545	0.0952380952381	0.166666666667	0.05	0.133333333333	0.111111111111	0.0	0.0625	0.227272727273	0.117647058824
200	0.12	0.133333333333	0.173913043478	0.2	0.105263157895	0.0434782608696	0.04	0.133333333333	0.2	0.107142857143	0.125	0.0833333333333	0.0666666666667	0.0952380952381	0.241379310345	0.125
250	0.181818181818	0.210526315789	0.185185185185	0.21875	0.136363636364	0.137931034483	0.107142857143	0.179487179487	0.210526315789	0.114285714286	0.133333333333	0.1	0.0434782608696	0.0689655172414	0.243243243243	0.133333333333
300	0.307692307692	0.238095238095	0.242424242424	0.236842105263	0.192307692308	0.151515151515	0.184210526316	0.186046511628	0.222222222222	0.125	0.117647058824	0.105263157895	0.0344827586207	0.114285714286	0.282608695652	0.268292682927
350	0.4	0.3	0.289473684211	0.243902439024	0.225806451613	0.125	0.234042553191	0.224489795918	0.3	0.191489361702	0.125	0.121951219512	0.0285714285714	0.125	0.4	0.311111111111
400	0.52	0.42	0.326530612245	0.255319148936	0.212121212121	0.162790697674	0.3	0.26	0.3	0.18	0.119047619048	0.125	0.0975609756098	0.208333333333	0.48	0.46
450	0.6	0.46	0.36	0.32	0.244444444444	0.18	0.32	0.32	0.36	0.22	0.183673469388	0.18	0.0909090909091	0.28	0.56	0.52
500	0.68	0.5	0.44	0.36	0.270833333333	0.3	0.38	0.36	0.4	0.28	0.22	0.26	0.106382978723	0.32	0.66	0.6
550	0.74	0.48	0.42	0.42	0.3	0.32	0.4	0.36	0.38	0.4	0.34	0.28	0.16	0.36	0.68	0.66
600	0.76	0.52	0.42	0.42	0.32	0.38	0.46	0.38	0.34	0.38	0.42	0.38	0.26	0.38	0.7	0.64
650	0.72	0.54	0.48	0.48	0.36	0.4	0.48	0.42	0.34	0.46	0.42	0.5	0.3	0.46	0.74	0.68
700	0.7	0.52	0.54	0.48	0.36	0.42	0.5	0.4	0.4	0.46	0.52	0.54	0.36	0.5	0.74	0.7
750	0.7	0.56	0.54	0.48	0.4	0.52	0.48	0.42	0.4	0.5	0.54	0.54	0.38	0.54	0.68	0.66
800	0.68	0.62	0.56	0.5	0.42	0.58	0.46	0.48	0.42	0.52	0.5	0.52	0.42	0.48	0.66	0.62
850	0.68	0.6	0.56	0.52	0.5	0.66	0.5	0.5	0.46	0.52	0.54	0.52	0.42	0.48	0.66	0.6
900	0.64	0.64	0.6	0.54	0.5	0.66	0.54	0.58	0.48	0.48	0.52	0.56	0.44	0.52	0.66	0.56
950	0.64	0.6	0.58	0.46	0.54	0.7	0.58	0.62	0.48	0.56	0.52	0.56	0.46	0.56	0.64	0.58
1000	0.66	0.62	0.62	0.46	0.6	0.72	0.54	0.66	0.52	0.62	0.58	0.58	0.46	0.62	0.66	0.66
1050	0.66	0.62	0.68	0.52	0.66	0.76	0.58	0.68	0.58	0.62	0.6	0.6	0.44	0.6	0.74	0.68
1100	0.66	0.7	0.68	0.54	0.68	0.74	0.6	0.66	0.58	0.64	0.58	0.6	0.44	0.6	0.74	0.68
1150	0.68	0.7	0.7	0.62	0.74	0.72	0.62	0.72	0.58	0.66	0.64	0.7	0.48	0.58	0.74	0.66
1200	0.66	0.7	0.72	0.66	0.78	0.7	0.64	0.68	0.58	0.7	0.72	0.72	0.52	0.56	0.78	0.68
1250	0.68	0.72	0.7	0.66	0.8	0.68	0.66	0.68	0.6	0.76	0.68	0.68	0.56	0.6	0.76	0.7
1300	0.7	0.8	0.76	0.72	0.8	0.72	0.7	0.66	0.64	0.82	0.74	0.72	0.58	0.56	0.72	0.78
1350	0.74	0.84	0.78	0.76	0.8	0.72	0.72	0.64	0.68	0.84	0.82	0.7	0.64	0.56	0.76	0.68
1400	0.76	0.88	0.8	0.8	0.84	0.76	0.74	0.7	0.68	0.86	0.82	0.74	0.72	0.6	0.78	0.66
1450	0.76	0.9	0.78	0.78	0.76	0.72	0.74	0.66	0.7	0.82	0.82	0.68	0.74	0.6	0.74	0.66
1500	0.74	0.88	0.76	0.76	0.7	0.74	0.78	0.66	0.7	0.8	0.72	0.62	0.7	0.66	0.72	0.68
1550	0.72	0.86	0.72	0.7	0.68	0.7	0.86	0.7	0.7	0.78	0.7	0.64	0.74	0.68	0.7	0.68
1600	0.74	0.86	0.7	0.7	0.66	0.7	0.82	0.68	0.72	0.8	0.68	0.6	0.74	0.7	0.7	0.72
1650	0.78	0.86	0.64	0.7	0.64	0.72	0.82	0.72	0.76	0.8	0.66	0.6	0.7	0.76	0.74	0.7
1700	0.72	0.84	0.58	0.66	0.58	0.74	0.82	0.74	0.76	0.78	0.66	0.6	0.68	0.72	0.7	0.64
1750	0.7	0.84	0.56	0.64	0.58	0.68	0.82	0.72	0.76	0.74	0.66	0.64	0.7	0.7	0.7	0.64
1800	0.7	0.8	0.58	0.64	0.64	0.68	0.82	0.68	0.72	0.7	0.58	0.7	0.72	0.72	0.7	0.66
1850	0.72	0.76	0.62	0.68	0.68	0.7	0.84	0.7	0.7	0.74	0.56	0.76	0.76	0.7	0.66	0.68
1900	0.72	0.72	0.56	0.64	0.68	0.74	0.86	0.68	0.68	0.74	0.54	0.86	0.78	0.7	0.66	0.68
1950	0.7	0.68	0.54	0.6	0.66	0.76	0.86	0.68	0.74	0.74	0.54	0.9	0.8	0.68	0.64	0.7
2000	0.7	0.74	0.6	0.64	0.66	0.78	0.84	0.74	0.74	0.74	0.54	0.9	0.78	0.64	0.68	0.68
2050	0.7	0.72	0.64	0.66	0.7	0.8	0.8	0.72	0.7	0.72	0.62	0.88	0.82	0.62	0.72	0.66
2100	0.7	0.7	0.64	0.66	0.74	0.8	0.8	0.72	0.72	0.72	0.6	0.88	0.8	0.66	0.72	0.7
2150	0.68	0.7	0.62	0.62	0.7	0.82	0.82	0.72	0.74	0.74	0.62	0.82	0.76	0.66	0.72	0.74
2200	0.68	0.7	0.68	0.62	0.72	0.84	0.76	0.7	0.74	0.74	0.58	0.76	0.68	0.66	0.72	0.74
2250	0.7	0.7	0.76	0.62	0.68	0.88	0.74	0.7	0.76	0.74	0.54	0.76	0.7	0.68	0.68	0.72
2300	0.7	0.66	0.72	0.6	0.64	0.8	0.74	0.7	0.8	0.72	0.58	0.66	0.7	0.68	0.68	0.72
2350	0.68	0.64	0.74	0.6	0.64	0.8	0.72	0.68	0.78	0.74	0.6	0.64	0.66	0.68	0.68	0.72
2400	0.68	0.62	0.78	0.6	0.64	0.82	0.76	0.64	0.78	0.76	0.56	0.64	0.66	0.76	0.7	0.72
2450	0.68	0.68	0.82	0.66	0.62	0.82	0.74	0.64	0.76	0.74	0.62	0.6	0.64	0.74	0.72	0.74
2500	0.68	0.68	0.86	0.68	0.66	0.8	0.74	0.64	0.8	0.74	0.64	0.66	0.7	0.76	0.7	0.76
2550	0.68	0.66	0.86	0.74	0.66	0.78	0.76	0.68	0.78	0.78	0.7	0.6	0.72	0.78	0.66	0.78
2600	0.66	0.66	0.82	0.76	0.72	0.76	0.78	0.74	0.8	0.78	0.72	0.64	0.7	0.8	0.7	0.82
2650	0.72	0.68	0.8	0.76	0.68	0.74	0.76	0.68	0.76	0.78	0.7	0.62	0.72	0.84	0.76	0.8
2700	0.7	0.7	0.76	0.78	0.68	0.72	0.72	0.72	0.72	0.82	0.7	0.66	0.68	0.84	0.78	0.78
2750	0.66	0.68	0.68	0.78	0.64	0.68	0.68	0.72	0.72	0.82	0.74	0.7	0.68	0.84	0.8	0.72
2800	0.68	0.72	0.72	0.76	0.64	0.64	0.68	0.68	0.72	0.86	0.74	0.72	0.7	0.82	0.78	0.72
2850	0.68	0.76	0.72	0.78	0.66	0.62	0.64	0.66	0.74	0.88	0.8	0.72	0.7	0.8	0.8	0.68
2900	0.66	0.76	0.72	0.78	0.66	0.62	0.62	0.64	0.74	0.84	0.76	0.72	0.7	0.82	0.84	0.68
2950	0.72	0.74	0.66	0.68	0.66	0.6	0.6	0.64	0.72	0.8	0.7	0.74	0.72	0.78	0.82	0.7
3000	0.78	0.68	0.68	0.72	0.68	0.64	0.66	0.62	0.72	0.78	0.72	0.72	0.74	0.78	0.78	0.7
3050	0.78	0.72	0.7	0.68	0.68	0.66	0.64	0.62	0.7	0.76	0.74	0.8	0.76	0.76	0.8	0.72
3100	0.72	0.68	0.74	0.66	0.7	0.68	0.68	0.68	0.74	0.74	0.74	0.8	0.7	0.66	0.76	0.76
3150	0.76	0.68	0.74	0.7	0.72	0.68	0.68	0.68	0.72	0.74	0.72	0.76	0.7	0.68	0.76	0.8
3200	0.68	0.66	0.72	0.7	0.74	0.68	0.72	0.66	0.76	0.76	0.74	0.72	0.7	0.66	0.76	0.78
3250	0.68	0.64	0.68	0.68	0.74	0.68	0.76	0.7	0.76	0.78	0.66	0.66	0.68	0.66	0.76	0.8
3300	0.7	0.7	0.74	0.64	0.72	0.64	0.74	0.7	0.76	0.78	0.64	0.72	0.66	0.62	0.76	0.82
3350	0.68	0.68	0.76	0.62	0.68	0.68	0.8	0.7	0.74	0.76	0.68	0.7	0.66	0.66	0.76	0.82
3400	0.68	0.6	0.74	0.6	0.62	0.68	0.82	0.68	0.74	0.7	0.72	0.76	0.66	0.68	0.78	0.82
3450	0.66	0.6	0.76	0.64	0.64	0.68	0.86	0.7	0.74	0.66	0.7	0.72	0.62	0.62	0.74	0.76
3500	0.68	0.64	0.74	0.64	0.64	0.66	0.82	0.68	0.7	0.66	0.7	0.74	0.7	0.68	0.72	0.72
3550	0.66	0.62	0.74	0.64	0.64	0.74	0.82	0.7	0.68	0.66	0.72	0.82	0.7	0.7	0.76	0.72
3600	0.68	0.54	0.72	0.62	0.62	0.74	0.84	0.7	0.7	0.66	0.74	0.86	0.72	0.72	0.72	0.7
3650	0.66	0.64	0.7	0.64	0.62	0.76	0.8	0.68	0.7	0.72	0.7	0.8	0.72	0.74	0.72	0.72
3700	0.62	0.66	0.74	0.66	0.64	0.76	0.78	0.72	0.7	0.74	0.68	0.78	0.76	0.8	0.72	0.72
3750	0.64	0.66	0.76	0.7	0.66	0.76	0.82	0.74	0.76	0.74	0.66	0.76	0.7	0.76	0.74	0.72
3800	0.62	0.66	0.76	0.7	0.64	0.72	0.8	0.72	0.78	0.8	0.66	0.76	0.7	0.8	0.74	0.72
3850	0.62	0.62	0.78	0.7	0.66	0.74	0.74	0.76	0.78	0.82	0.66	0.78	0.74	0.8	0.74	0.7
3900	0.66	0.64	0.76	0.7	0.64	0.72	0.74	0.74	0.82	0.72	0.58	0.72	0.72	0.8	0.76	0.78
3950	0.66	0.64	0.8	0.66	0.66	0.7	0.74	0.68	0.82	0.72	0.54	0.74	0.72	0.86	0.76	0.8
4000	0.66	0.64	0.76	0.68	0.64	0.72	0.76	0.7	0.84	0.72	0.56	0.72	0.74	0.86	0.78	0.84
4050	0.6	0.56	0.72	0.6	0.62	0.7	0.76	0.74	0.82	0.68	0.58	0.7	0.74	0.86	0.82	0.84
4100	0.66	0.6	0.66	0.62	0.64	0.68	0.72	0.74	0.86	0.68	0.6	0.72	0.74	0.84	0.8	0.8
4150	0.66	0.56	0.64	0.62	0.6	0.68	0.76	0.78	0.84	0.68	0.66	0.74	0.76	0.86	0.78	0.84
4200	0.7	0.58	0.62	0.62	0.68	0.72	0.72	0.76	0.84	0.7	0.62	0.78	0.7	0.84	0.78	0.84
4250	0.74	0.58	0.6	0.66	0.7	0.76	0.76	0.78	0.84	0.7	0.66	0.74	0.74	0.84	0.8	0.86
4300	0.74	0.58	0.58	0.66	0.66	0.68	0.7	0.8	0.8	0.66	0.68	0.74	0.74	0.84	0.8	0.9
4350	0.74	0.62	0.58	0.62	0.68	0.74	0.66	0.8	0.8	0.64	0.7	0.74	0.7	0.82	0.8	0.88
4400	0.78	0.6	0.56	0.66	0.72	0.72	0.66	0.82	0.82	0.66	0.72	0.76	0.72	0.8	0.78	0.86
4450	0.8	0.66	0.6	0.7	0.74	0.72	0.66	0.82	0.8	0.68	0.74	0.82	0.76	0.78	0.8	0.88
4500	0.84	0.66	0.64	0.68	0.76	0.7	0.72	0.84	0.82	0.66	0.74	0.84	0.76	0.8	0.78	0.9
4550	0.78	0.64	0.66	0.68	0.74	0.76	0.72	0.78	0.74	0.64	0.78	0.84	0.78	0.82	0.76	0.86
4600	0.8	0.7	0.72	0.64	0.72	0.74	0.7	0.82	0.72	0.7	0.78	0.86	0.8	0.8	0.74	0.86
4650	0.8	0.68	0.74	0.64	0.7	0.7	0.74	0.82	0.72	0.72	0.82	0.86	0.82	0.82	0.72	0.82
4700	0.78	0.64	0.76	0.66	0.74	0.72	0.78	0.82	0.72	0.78	0.84	0.88	0.84	0.82	0.68	0.78
4750	0.72	0.62	0.78	0.7	0.72	0.76	0.74	0.82	0.7	0.78	0.88	0.9	0.92	0.84	0.76	0.8
4800	0.76	0.62	0.8	0.74	0.74	0.72	0.74	0.82	0.72	0.8	0.9	0.88	0.92	0.86	0.76	0.78
4850	0.76	0.68	0.82	0.74	0.72	0.72	0.78	0.82	0.76	0.78	0.9	0.82	0.92	0.86	0.76	0.82
4900	0.76	0.68	0.8	0.74	0.72	0.72	0.8	0.84	0.78	0.82	0.9	0.82	0.86	0.84	0.82	0.84
4950	0.76	0.72	0.84	0.72	0.72	0.7	0.8	0.84	0.8	0.8	0.9	0.8	0.86	0.84	0.88	0.86
5000	0.68	0.64	0.78	0.74	0.74	0.72	0.8	0.82	0.84	0.84	0.92	0.82	0.88	0.84	0.86	0.88
5050	0.68	0.64	0.72	0.72	0.72	0.72	0.8	0.86	0.86	0.84	0.94	0.84	0.9	0.86	0.88	0.86
5100	0.72	0.7	0.7	0.76	0.7	0.68	0.8	0.8	0.82	0.82	0.94	0.8	0.88	0.88	0.9	0.86
5150	0.72	0.72	0.72	0.74	0.68	0.7	0.8	0.8	0.82	0.84	0.9	0.82	0.86	0.84	0.9	0.84
5200	0.7	0.7	0.72	0.72	0.72	0.72	0.82	0.78	0.78	0.84	0.92	0.86	0.9	0.84	0.88	0.84
5250	0.68	0.68	0.64	0.68	0.66	0.72	0.82	0.76	0.78	0.82	0.92	0.86	0.88	0.84	0.86	0.82
5300	0.7	0.66	0.66	0.68	0.72	0.76	0.86	0.78	0.78	0.78	0.9	0.86	0.94	0.88	0.86	0.82
5350	0.72	0.66	0.6	0.68	0.7	0.74	0.84	0.78	0.76	0.78	0.88	0.82	0.94	0.88	0.86	0.86
5400	0.74	0.72	0.6	0.66	0.64	0.76	0.84	0.78	0.78	0.76	0.86	0.82	0.9	0.88	0.86	0.88
5450	0.8	0.7	0.58	0.58	0.66	0.76	0.86	0.78	0.8	0.78	0.86	0.84	0.92	0.88	0.84	0.84
5500	0.8	0.6	0.58	0.54	0.64	0.74	0.88	0.82	0.78	0.72	0.86	0.82	0.88	0.86	0.82	0.86
5550	0.78	0.52	0.62	0.48	0.64	0.7	0.82	0.82	0.78	0.74	0.86	0.82	0.88	0.86	0.84	0.9
5600	0.78	0.5	0.6	0.54	0.68	0.72	0.82	0.82	0.78	0.74	0.86	0.82	0.9	0.86	0.84	0.88
5650	0.8	0.48	0.62	0.5	0.66	0.74	0.82	0.8	0.74	0.72	0.86	0.8	0.84	0.9	0.84	0.86
5700	0.76	0.48	0.64	0.48	0.66	0.74	0.82	0.84	0.74	0.64	0.78	0.76	0.84	0.88	0.84	0.82
5750	0.76	0.5	0.66	0.58	0.7	0.74	0.82	0.86	0.74	0.64	0.78	0.76	0.82	0.82	0.84	0.84
5800	0.74	0.56	0.68	0.58	0.68	0.7	0.78	0.84	0.68	0.64	0.78	0.8	0.86	0.82	0.84	0.86
5850	0.72	0.64	0.74	0.56	0.76	0.76	0.76	0.86	0.62	0.6	0.78	0.84	0.84	0.84	0.84	0.86
5900	0.72	0.68	0.8	0.62	0.74	0.8	0.74	0.8	0.68	0.66	0.74	0.8	0.82	0.86	0.86	0.86
5950	0.74	0.7	0.8	0.66	0.76	0.82	0.74	0.78	0.64	0.64	0.76	0.8	0.82	0.86	0.86	0.88
6000	0.74	0.76	0.78	0.7	0.72	0.8	0.78	0.76	0.68	0.64	0.78	0.72	0.82	0.86	0.86	0.88
6050	0.76	0.78	0.78	0.7	0.74	0.78	0.82	0.74	0.66	0.68	0.84	0.74	0.82	0.82	0.86	0.86
6100	0.78	0.82	0.76	0.72	0.74	0.76	0.78	0.72	0.64	0.72	0.82	0.76	0.82	0.84	0.84	0.88
6150	0.76	0.86	0.76	0.74	0.7	0.78	0.78	0.74	0.64	0.7	0.78	0.76	0.8	0.88	0.84	0.88
6200	0.78	0.86	0.78	0.74	0.7	0.76	0.74	0.74	0.6	0.74	0.8	0.78	0.8	0.9	0.84	0.9
6250	0.82	0.84	0.78	0.74	0.72	0.76	0.74	0.72	0.72	0.78	0.8	0.72	0.78	0.88	0.84	0.9
6300	0.8	0.84	0.8	0.76	0.7	0.76	0.74	0.76	0.7	0.72	0.8	0.7	0.78	0.84	0.84	0.9
6350	0.8	0.82	0.8	0.76	0.68	0.76	0.76	0.8	0.72	0.64	0.74	0.7	0.78	0.84	0.84	0.9
6400	0.82	0.8	0.78	0.72	0.68	0.76	0.76	0.8	0.76	0.66	0.74	0.68	0.74	0.84	0.82	0.88
6450	0.82	0.76	0.84	0.68	0.7	0.78	0.74	0.8	0.76	0.74	0.78	0.72	0.78	0.84	0.82	0.92
6500	0.82	0.72	0.88	0.7	0.74	0.8	0.74	0.84	0.72	0.7	0.78	0.76	0.82	0.88	0.84	0.96
6550	0.8	0.74	0.88	0.72	0.76	0.86	0.78	0.84	0.76	0.68	0.76	0.78	0.8	0.88	0.84	0.96
6600	0.84	0.7	0.84	0.74	0.76	0.86	0.86	0.84	0.76	0.64	0.76	0.78	0.84	0.86	0.84	0.96
6650	0.84	0.72	0.82	0.72	0.76	0.9	0.88	0.86	0.76	0.62	0.78	0.78	0.84	0.84	0.8	0.98
6700	0.8	0.74	0.82	0.72	0.78	0.94	0.86	0.86	0.76	0.64	0.82	0.84	0.86	0.82	0.74	0.94
6750	0.82	0.78	0.86	0.7	0.78	0.92	0.88	0.86	0.78	0.72	0.86	0.84	0.88	0.84	0.76	0.94
6800	0.84	0.8	0.86	0.68	0.82	0.9	0.84	0.84	0.76	0.76	0.88	0.84	0.88	0.84	0.8	0.94
6850	0.84	0.8	0.84	0.68	0.84	0.9	0.84	0.86	0.76	0.76	0.86	0.82	0.84	0.82	0.82	0.96
6900	0.84	0.74	0.8	0.62	0.86	0.9	0.82	0.88	0.8	0.72	0.8	0.74	0.8	0.78	0.82	0.92
6950	0.82	0.78	0.78	0.68	0.86	0.86	0.82	0.86	0.8	0.72	0.8	0.74	0.8	0.82	0.84	0.9
7000	0.78	0.72	0.76	0.68	0.88	0.88	0.8	0.86	0.78	0.74	0.8	0.72	0.8	0.82	0.84	0.88
7050	0.8	0.68	0.74	0.68	0.84	0.84	0.8	0.9	0.8	0.74	0.82	0.78	0.8	0.82	0.9	0.88
7100	0.82	0.68	0.72	0.68	0.84	0.84	0.82	0.9	0.8	0.76	0.82	0.78	0.8	0.84	0.92	0.88
7150	0.84	0.7	0.76	0.72	0.88	0.8	0.8	0.86	0.82	0.76	0.84	0.78	0.8	0.84	0.88	0.9
7200	0.8	0.68	0.78	0.7	0.88	0.84	0.8	0.82	0.82	0.72	0.84	0.74	0.82	0.86	0.78	0.9
7250	0.78	0.66	0.82	0.7	0.82	0.76	0.76	0.86	0.8	0.72	0.84	0.72	0.84	0.84	0.78	0.84
7300	0.82	0.74	0.76	0.62	0.72	0.74	0.8	0.86	0.84	0.72	0.84	0.78	0.86	0.84	0.76	0.88
7350	0.86	0.74	0.78	0.6	0.66	0.74	0.78	0.84	0.8	0.78	0.88	0.76	0.9	0.86	0.78	0.9
7400	0.84	0.82	0.8	0.6	0.68	0.72	0.78	0.86	0.82	0.82	0.9	0.8	0.92	0.9	0.76	0.92
7450	0.84	0.8	0.8	0.56	0.66	0.74	0.76	0.84	0.84	0.8	0.88	0.78	0.92	0.8	0.76	0.86
7500	0.8	0.78	0.8	0.56	0.64	0.76	0.72	0.82	0.8	0.82	0.82	0.72	0.92	0.78	0.68	0.84
7550	0.84	0.76	0.76	0.54	0.66	0.8	0.76	0.84	0.8	0.8	0.82	0.7	0.94	0.8	0.72	0.84
7600	0.88	0.74	0.78	0.56	0.68	0.8	0.72	0.84	0.8	0.82	0.8	0.7	0.9	0.76	0.78	0.86
7650	0.9	0.74	0.8	0.62	0.7	0.82	0.74	0.84	0.78	0.82	0.84	0.7	0.88	0.74	0.8	0.84
7700	0.86	0.72	0.76	0.68	0.78	0.82	0.76	0.86	0.78	0.82	0.84	0.74	0.88	0.7	0.8	0.78
7750	0.86	0.72	0.82	0.74	0.8	0.84	0.74	0.86	0.78	0.82	0.82	0.7	0.9	0.72	0.8	0.78
7800	0.88	0.7	0.78	0.7	0.82	0.86	0.74	0.88	0.8	0.8	0.8	0.72	0.88	0.74	0.82	0.78
7850	0.88	0.76	0.74	0.72	0.8	0.9	0.74	0.9	0.8	0.82	0.82	0.76	0.9	0.72	0.84	0.78
7900	0.9	0.8	0.78	0.7	0.84	0.9	0.78	0.92	0.82	0.82	0.82	0.74	0.9	0.76	0.82	0.74
7950	0.86	0.78	0.76	0.74	0.86	0.86	0.8	0.86	0.82	0.78	0.86	0.76	0.9	0.78	0.82	0.74
8000	0.86	0.76	0.72	0.72	0.8	0.84	0.84	0.9	0.86	0.82	0.88	0.78	0.94	0.76	0.82	0.74
8050	0.84	0.8	0.7	0.66	0.8	0.82	0.84	0.92	0.9	0.86	0.88	0.78	0.9	0.76	0.8	0.74
8100	0.84	0.8	0.7	0.66	0.76	0.8	0.82	0.88	0.88	0.86	0.88	0.78	0.94	0.78	0.82	0.74
8150	0.82	0.76	0.7	0.66	0.76	0.8	0.82	0.86	0.9	0.84	0.86	0.82	0.94	0.84	0.84	0.78
8200	0.8	0.76	0.68	0.66	0.78	0.8	0.84	0.82	0.9	0.84	0.88	0.86	0.94	0.82	0.84	0.78
8250	0.82	0.78	0.68	0.66	0.76	0.82	0.86	0.86	0.9	0.86	0.9	0.86	0.94	0.8	0.86	0.8
8300	0.8	0.76	0.68	0.62	0.74	0.86	0.86	0.86	0.9	0.88	0.9	0.84	0.9	0.84	0.84	0.8
8350	0.82	0.76	0.68	0.62	0.76	0.88	0.84	0.86	0.88	0.92	0.94	0.84	0.9	0.84	0.82	0.78
8400	0.82	0.78	0.74	0.62	0.76	0.9	0.84	0.86	0.88	0.9	0.9	0.84	0.94	0.86	0.82	0.78
8450	0.82	0.8	0.76	0.62	0.76	0.92	0.84	0.86	0.86	0.86	0.9	0.82	0.92	0.84	0.82	0.8
8500	0.8	0.82	0.72	0.64	0.74	0.9	0.8	0.86	0.82	0.86	0.9	0.8	0.88	0.86	0.84	0.86
8550	0.82	0.82	0.74	0.66	0.72	0.9	0.82	0.9	0.84	0.88	0.86	0.82	0.86	0.78	0.76	0.86
8600	0.82	0.76	0.76	0.64	0.7	0.92	0.9	0.9	0.82	0.88	0.86	0.82	0.86	0.8	0.72	0.82
8650	0.78	0.74	0.76	0.6	0.72	0.9	0.88	0.9	0.84	0.88	0.86	0.82	0.86	0.78	0.68	0.78
8700	0.78	0.72	0.78	0.62	0.72	0.92	0.88	0.88	0.86	0.86	0.9	0.82	0.86	0.76	0.7	0.82
8750	0.82	0.68	0.78	0.6	0.7	0.88	0.86	0.84	0.8	0.86	0.88	0.82	0.84	0.72	0.7	0.82
8800	0.82	0.7	0.8	0.6	0.66	0.88	0.86	0.84	0.86	0.86	0.84	0.82	0.84	0.74	0.72	0.84
8850	0.82	0.66	0.78	0.56	0.7	0.86	0.88	0.88	0.86	0.88	0.8	0.88	0.84	0.72	0.76	0.86
8900	0.84	0.68	0.78	0.58	0.74	0.86	0.84	0.86	0.8	0.86	0.84	0.88	0.84	0.72	0.72	0.8
8950	0.86	0.72	0.84	0.58	0.78	0.86	0.82	0.88	0.8	0.88	0.84	0.86	0.84	0.74	0.74	0.8
9000	0.84	0.78	0.84	0.6	0.74	0.88	0.8	0.88	0.8	0.9	0.86	0.84	0.82	0.8	0.78	0.82
9050	0.88	0.86	0.86	0.62	0.76	0.88	0.8	0.86	0.8	0.88	0.86	0.86	0.86	0.78	0.78	0.86
9100	0.94	0.86	0.84	0.64	0.78	0.9	0.78	0.86	0.84	0.86	0.86	0.84	0.86	0.84	0.82	0.86
9150	0.9	0.88	0.86	0.66	0.76	0.88	0.82	0.86	0.86	0.84	0.86	0.8	0.86	0.86	0.84	0.86
9200	0.88	0.86	0.88	0.66	0.74	0.9	0.84	0.92	0.88	0.88	0.86	0.82	0.86	0.88	0.82	0.86
9250	0.86	0.88	0.88	0.68	0.8	0.94	0.8	0.88	0.9	0.88	0.84	0.78	0.86	0.9	0.82	0.9
9300	0.84	0.88	0.86	0.58	0.74	0.9	0.8	0.9	0.92	0.86	0.82	0.78	0.86	0.92	0.84	0.92
9350	0.84	0.88	0.86	0.62	0.72	0.9	0.78	0.86	0.92	0.84	0.84	0.8	0.88	0.9	0.84	0.88
9400	0.88	0.86	0.8	0.62	0.72	0.88	0.8	0.86	0.92	0.84	0.84	0.8	0.88	0.88	0.9	0.9
9450	0.88	0.82	0.78	0.6	0.68	0.88	0.84	0.88	0.94	0.82	0.84	0.82	0.86	0.84	0.92	0.92
9500	0.86	0.8	0.78	0.58	0.66	0.84	0.84	0.86	0.94	0.82	0.82	0.78	0.88	0.84	0.92	0.88
9550	0.86	0.8	0.8	0.62	0.64	0.8	0.9	0.86	0.94	0.8	0.84	0.76	0.86	0.86	0.9	0.9
9600	0.9	0.82	0.8	0.62	0.66	0.84	0.92	0.9	0.92	0.78	0.82	0.78	0.86	0.84	0.9	0.9
9650	0.9	0.84	0.78	0.66	0.64	0.82	0.92	0.9	0.9	0.78	0.84	0.78	0.86	0.84	0.9	0.9
9700	0.88	0.86	0.74	0.68	0.68	0.8	0.9	0.86	0.94	0.76	0.84	0.76	0.88	0.8	0.88	0.82
9750	0.9	0.88	0.76	0.68	0.68	0.8	0.9	0.84	0.9	0.78	0.8	0.72	0.88	0.78	0.88	0.84
9800	0.86	0.9	0.82	0.72	0.72	0.84	0.88	0.86	0.9	0.78	0.78	0.72	0.88	0.78	0.84	0.84
9850	0.86	0.84	0.82	0.72	0.72	0.84	0.86	0.88	0.88	0.78	0.74	0.74	0.86	0.8	0.8	0.82
9900	0.82	0.84	0.86	0.74	0.8	0.88	0.86	0.88	0.88	0.84	0.76	0.74	0.84	0.8	0.74	0.8
9950	0.84	0.86	0.86	0.78	0.84	0.88	0.86	0.9	0.9	0.8	0.72	0.74	0.84	0.76	0.74	0.78
10000	0.84	0.82	0.86	0.72	0.88	0.88	0.84	0.9	0.9	0.8	0.66	0.72	0.8	0.78	0.76	0.8
10050	0.88	0.82	0.86	0.68	0.84	0.88	0.84	0.88	0.92	0.84	0.68	0.72	0.78	0.78	0.74	0.84
10100	0.88	0.82	0.9	0.68	0.8	0.86	0.86	0.86	0.92	0.86	0.72	0.74	0.76	0.8	0.8	0.84
10150	0.86	0.8	0.82	0.68	0.72	0.86	0.9	0.88	0.96	0.88	0.74	0.76	0.78	0.78	0.8	0.84
10200	0.78	0.8	0.86	0.68	0.72	0.88	0.92	0.9	0.94	0.88	0.78	0.78	0.78	0.84	0.8	0.86
10250	0.8	0.8	0.88	0.66	0.72	0.88	0.94	0.92	0.96	0.92	0.78	0.76	0.76	0.82	0.88	0.9
10300	0.8	0.8	0.78	0.54	0.64	0.86	0.94	0.88	0.92	0.9	0.82	0.72	0.8	0.84	0.9	0.94
10350	0.82	0.74	0.74	0.56	0.6	0.84	0.94	0.86	0.9	0.88	0.84	0.72	0.82	0.9	0.9	0.96
10400	0.78	0.72	0.74	0.6	0.56	0.8	0.94	0.86	0.9	0.88	0.9	0.76	0.84	0.9	0.88	0.96
10450	0.74	0.7	0.74	0.6	0.54	0.74	0.94	0.82	0.88	0.86	0.9	0.72	0.86	0.86	0.88	0.92
10500	0.74	0.7	0.74	0.6	0.48	0.72	0.94	0.8	0.88	0.86	0.88	0.74	0.82	0.86	0.9	0.9
10550	0.76	0.74	0.8	0.64	0.52	0.68	0.9	0.82	0.9	0.84	0.88	0.74	0.82	0.84	0.94	0.88
10600	0.82	0.78	0.76	0.66	0.56	0.7	0.88	0.84	0.92	0.84	0.9	0.74	0.84	0.84	0.92	0.88
10650	0.84	0.78	0.74	0.66	0.6	0.76	0.88	0.86	0.9	0.84	0.9	0.74	0.84	0.8	0.92	0.86
10700	0.84	0.78	0.72	0.66	0.62	0.76	0.86	0.88	0.94	0.84	0.88	0.76	0.86	0.82	0.92	0.88
10750	0.8	0.78	0.78	0.68	0.62	0.78	0.86	0.9	0.96	0.86	0.88	0.8	0.82	0.82	0.9	0.82
10800	0.82	0.8	0.76	0.68	0.72	0.86	0.84	0.92	0.96	0.88	0.88	0.82	0.82	0.84	0.88	0.82
10850	0.84	0.82	0.76	0.7	0.8	0.86	0.82	0.88	0.94	0.88	0.88	0.84	0.84	0.82	0.88	0.84
10900	0.88	0.86	0.76	0.72	0.84	0.88	0.84	0.88	0.94	0.88	0.88	0.8	0.8	0.82	0.88	0.86
10950	0.88	0.9	0.78	0.74	0.84	0.9	0.82	0.82	0.92	0.86	0.84	0.8	0.78	0.76	0.88	0.78
11000	0.84	0.88	0.8	0.7	0.88	0.92	0.82	0.82	0.92	0.88	0.8	0.8	0.78	0.74	0.88	0.76
11050	0.82	0.82	0.8	0.7	0.88	0.9	0.78	0.84	0.88	0.9	0.82	0.8	0.76	0.76	0.88	0.78
11100	0.74	0.84	0.82	0.7	0.84	0.88	0.76	0.8	0.86	0.88	0.8	0.8	0.74	0.7	0.86	0.72
11150	0.76	0.82	0.82	0.72	0.8	0.84	0.8	0.82	0.86	0.88	0.78	0.72	0.72	0.68	0.9	0.74
11200	0.78	0.82	0.84	0.8	0.82	0.82	0.78	0.78	0.84	0.86	0.78	0.74	0.7	0.68	0.9	0.76
11250	0.8	0.86	0.84	0.82	0.82	0.84	0.8	0.76	0.8	0.8	0.78	0.8	0.74	0.66	0.84	0.72
11300	0.8	0.84	0.88	0.76	0.8	0.86	0.82	0.78	0.8	0.84	0.82	0.84	0.76	0.72	0.84	0.72
11350	0.8	0.84	0.88	0.74	0.76	0.86	0.82	0.78	0.78	0.8	0.78	0.78	0.76	0.76	0.8	0.78
11400	0.82	0.9	0.88	0.7	0.74	0.86	0.84	0.74	0.76	0.78	0.76	0.74	0.8	0.78	0.8	0.78
11450	0.86	0.86	0.84	0.74	0.74	0.84	0.88	0.8	0.78	0.76	0.76	0.74	0.8	0.78	0.8	0.8
11500	0.9	0.86	0.8	0.76	0.74	0.86	0.9	0.8	0.8	0.8	0.76	0.78	0.84	0.78	0.78	0.8
11550	0.9	0.9	0.82	0.8	0.78	0.9	0.92	0.8	0.78	0.82	0.78	0.76	0.84	0.72	0.72	0.78
11600	0.86	0.88	0.82	0.78	0.82	0.9	0.94	0.8	0.74	0.78	0.72	0.72	0.8	0.74	0.72	0.78
11650	0.84	0.86	0.8	0.74	0.78	0.84	0.9	0.84	0.76	0.8	0.74	0.76	0.82	0.72	0.7	0.78
11700	0.84	0.88	0.82	0.74	0.8	0.84	0.88	0.84	0.76	0.82	0.78	0.74	0.8	0.7	0.68	0.78
11750	0.86	0.84	0.82	0.78	0.82	0.82	0.88	0.82	0.72	0.8	0.82	0.78	0.78	0.62	0.66	0.74
11800	0.84	0.82	0.82	0.78	0.8	0.78	0.88	0.84	0.7	0.76	0.8	0.78	0.78	0.56	0.68	0.72
11850	0.8	0.84	0.8	0.8	0.74	0.7	0.86	0.78	0.72	0.78	0.84	0.8	0.78	0.54	0.62	0.76
11900	0.78	0.84	0.74	0.78	0.72	0.7	0.84	0.78	0.74	0.78	0.86	0.82	0.8	0.56	0.62	0.74
11950	0.74	0.86	0.74	0.76	0.68	0.66	0.8	0.78	0.74	0.78	0.88	0.8	0.8	0.6	0.68	0.74
12000	0.74	0.84	0.72	0.68	0.68	0.7	0.78	0.78	0.76	0.78	0.92	0.82	0.84	0.64	0.74	0.76
12050	0.76	0.82	0.72	0.66	0.64	0.7	0.78	0.78	0.76	0.76	0.94	0.84	0.84	0.64	0.74	0.78
12100	0.8	0.86	0.74	0.66	0.6	0.68	0.74	0.78	0.74	0.78	0.94	0.86	0.86	0.74	0.76	0.8
12150	0.74	0.86	0.74	0.64	0.6	0.68	0.7	0.72	0.72	0.76	0.94	0.84	0.86	0.74	0.72	0.74
12200	0.72	0.86	0.72	0.62	0.6	0.68	0.7	0.7	0.76	0.78	0.92	0.84	0.84	0.76	0.74	0.76
12250	0.78	0.88	0.76	0.66	0.62	0.7	0.72	0.76	0.76	0.74	0.88	0.82	0.84	0.74	0.76	0.76
12300	0.76	0.86	0.86	0.72	0.66	0.74	0.74	0.76	0.76	0.8	0.88	0.82	0.8	0.66	0.76	0.8
12350	0.82	0.86	0.92	0.76	0.66	0.78	0.76	0.74	0.72	0.82	0.88	0.84	0.78	0.68	0.76	0.82
12400	0.78	0.88	0.92	0.78	0.7	0.76	0.78	0.72	0.72	0.82	0.84	0.8	0.78	0.66	0.66	0.78
12450	0.76	0.86	0.9	0.8	0.74	0.76	0.76	0.72	0.7	0.82	0.82	0.8	0.8	0.64	0.6	0.76
12500	0.76	0.86	0.9	0.78	0.76	0.78	0.76	0.74	0.72	0.82	0.84	0.8	0.8	0.68	0.64	0.74
12550	0.78	0.86	0.88	0.78	0.82	0.76	0.76	0.78	0.68	0.76	0.82	0.76	0.8	0.68	0.62	0.74
12600	0.76	0.86	0.88	0.78	0.84	0.76	0.84	0.8	0.68	0.78	0.82	0.74	0.8	0.68	0.66	0.7
12650	0.76	0.86	0.88	0.74	0.82	0.76	0.86	0.8	0.7	0.76	0.86	0.76	0.86	0.72	0.68	0.68
12700	0.76	0.86	0.88	0.68	0.84	0.78	0.88	0.8	0.7	0.74	0.86	0.8	0.9	0.78	0.6	0.62
12750	0.8	0.86	0.84	0.68	0.82	0.84	0.86	0.78	0.7	0.76	0.82	0.8	0.86	0.78	0.66	0.64
12800	0.8	0.86	0.84	0.68	0.84	0.86	0.84	0.78	0.74	0.76	0.82	0.78	0.8	0.76	0.66	0.64
12850	0.76	0.86	0.84	0.66	0.78	0.84	0.8	0.82	0.74	0.76	0.78	0.76	0.78	0.76	0.7	0.64
12900	0.78	0.84	0.84	0.66	0.76	0.82	0.8	0.76	0.74	0.74	0.78	0.74	0.8	0.72	0.66	0.64
12950	0.8	0.82	0.82	0.66	0.74	0.8	0.78	0.76	0.7	0.76	0.82	0.74	0.8	0.7	0.66	0.6
13000	0.74	0.76	0.8	0.62	0.78	0.84	0.8	0.74	0.7	0.76	0.84	0.7	0.8	0.68	0.58	0.6
13050	0.76	0.8	0.82	0.66	0.78	0.84	0.82	0.72	0.76	0.78	0.82	0.7	0.78	0.66	0.6	0.6
13100	0.72	0.78	0.84	0.66	0.8	0.84	0.82	0.72	0.72	0.76	0.82	0.68	0.78	0.6	0.54	0.64
13150	0.74	0.76	0.82	0.68	0.82	0.86	0.8	0.74	0.76	0.72	0.82	0.72	0.78	0.6	0.54	0.68
13200	0.76	0.76	0.84	0.74	0.8	0.8	0.8	0.74	0.76	0.7	0.84	0.74	0.86	0.58	0.52	0.68
13250	0.78	0.76	0.86	0.74	0.84	0.78	0.78	0.72	0.74	0.74	0.86	0.82	0.86	0.62	0.48	0.74
13300	0.78	0.76	0.86	0.78	0.88	0.78	0.76	0.7	0.74	0.74	0.88	0.84	0.88	0.6	0.52	0.78
13350	0.8	0.76	0.84	0.8	0.88	0.82	0.74	0.7	0.74	0.74	0.86	0.84	0.86	0.64	0.5	0.8
13400	0.76	0.76	0.82	0.78	0.86	0.8	0.74	0.76	0.76	0.78	0.86	0.88	0.86	0.64	0.58	0.8
13450	0.8	0.76	0.82	0.78	0.86	0.8	0.74	0.74	0.78	0.78	0.86	0.86	0.88	0.64	0.64	0.78
13500	0.76	0.78	0.84	0.8	0.84	0.76	0.66	0.72	0.8	0.8	0.88	0.88	0.9	0.66	0.66	0.74
13550	0.78	0.82	0.8	0.78	0.86	0.78	0.66	0.74	0.78	0.76	0.88	0.86	0.92	0.68	0.64	0.76
13600	0.72	0.82	0.8	0.76	0.82	0.84	0.68	0.72	0.74	0.7	0.82	0.78	0.86	0.64	0.66	0.66
13650	0.68	0.82	0.82	0.74	0.8	0.84	0.72	0.72	0.72	0.7	0.82	0.78	0.8	0.62	0.62	0.64
13700	0.68	0.82	0.84	0.72	0.76	0.84	0.76	0.76	0.72	0.68	0.82	0.74	0.78	0.56	0.6	0.62
13750	0.68	0.86	0.84	0.74	0.7	0.86	0.8	0.76	0.74	0.66	0.82	0.78	0.78	0.54	0.6	0.6
13800	0.66	0.8	0.86	0.74	0.7	0.84	0.84	0.76	0.74	0.66	0.78	0.72	0.74	0.58	0.6	0.62
13850	0.7	0.78	0.86	0.74	0.7	0.82	0.82	0.7	0.76	0.66	0.78	0.72	0.72	0.56	0.6	0.68
13900	0.66	0.68	0.84	0.72	0.72	0.8	0.84	0.68	0.72	0.64	0.8	0.78	0.8	0.56	0.6	0.64
13950	0.64	0.64	0.86	0.7	0.72	0.82	0.88	0.72	0.76	0.7	0.8	0.76	0.82	0.6	0.6	0.62
14000	0.68	0.68	0.88	0.64	0.7	0.82	0.88	0.74	0.76	0.72	0.8	0.72	0.82	0.7	0.64	0.64
14050	0.68	0.68	0.88	0.62	0.66	0.82	0.82	0.7	0.72	0.7	0.82	0.74	0.88	0.76	0.7	0.66
14100	0.7	0.68	0.84	0.66	0.68	0.8	0.82	0.72	0.76	0.68	0.84	0.7	0.9	0.76	0.76	0.7
14150	0.74	0.66	0.84	0.62	0.68	0.82	0.78	0.72	0.74	0.7	0.82	0.74	0.9	0.76	0.76	0.72
14200	0.76	0.72	0.82	0.6	0.66	0.82	0.78	0.74	0.74	0.66	0.86	0.8	0.94	0.76	0.8	0.74
14250	0.76	0.72	0.76	0.56	0.64	0.86	0.78	0.76	0.72	0.66	0.82	0.78	0.92	0.76	0.78	0.74
14300	0.78	0.68	0.72	0.6	0.66	0.84	0.76	0.76	0.72	0.66	0.8	0.8	0.94	0.76	0.78	0.74
14350	0.78	0.68	0.7	0.6	0.68	0.86	0.76	0.8	0.74	0.74	0.84	0.84	0.94	0.78	0.8	0.78
14400	0.78	0.68	0.68	0.6	0.7	0.92	0.76	0.78	0.74	0.74	0.82	0.88	0.92	0.8	0.82	0.78
14450	0.76	0.66	0.68	0.6	0.7	0.88	0.72	0.7	0.72	0.78	0.8	0.92	0.92	0.8	0.82	0.78
14500	0.74	0.64	0.68	0.6	0.72	0.86	0.76	0.72	0.76	0.8	0.78	0.9	0.92	0.76	0.76	0.74
14550	0.72	0.64	0.68	0.64	0.7	0.82	0.74	0.7	0.74	0.78	0.78	0.92	0.92	0.74	0.78	0.8
14600	0.68	0.66	0.74	0.68	0.74	0.8	0.72	0.72	0.76	0.82	0.76	0.92	0.9	0.72	0.78	0.8
14650	0.72	0.74	0.8	0.66	0.72	0.8	0.74	0.72	0.76	0.82	0.76	0.9	0.92	0.74	0.78	0.8
14700	0.72	0.76	0.78	0.7	0.68	0.78	0.7	0.7	0.74	0.8	0.76	0.92	0.88	0.7	0.82	0.76
14750	0.74	0.76	0.8	0.72	0.66	0.74	0.74	0.68	0.76	0.78	0.76	0.88	0.86	0.7	0.8	0.82
14800	0.76	0.76	0.84	0.7	0.66	0.74	0.74	0.7	0.7	0.72	0.76	0.84	0.84	0.7	0.84	0.8
14850	0.74	0.74	0.84	0.72	0.7	0.74	0.72	0.74	0.76	0.74	0.8	0.82	0.8	0.64	0.86	0.86
14900	0.8	0.76	0.88	0.72	0.7	0.74	0.72	0.76	0.78	0.76	0.84	0.84	0.82	0.66	0.9	0.84
14950	0.82	0.7	0.84	0.7	0.66	0.76	0.74	0.76	0.78	0.78	0.86	0.84	0.8	0.66	0.92	0.84
15000	0.8	0.74	0.84	0.68	0.7	0.78	0.8	0.78	0.8	0.76	0.82	0.82	0.82	0.7	0.94	0.88
15050	0.76	0.76	0.78	0.7	0.68	0.72	0.8	0.74	0.78	0.76	0.82	0.84	0.84	0.66	0.88	0.92
15100	0.76	0.72	0.8	0.7	0.7	0.7	0.8	0.78	0.82	0.8	0.8	0.82	0.84	0.76	0.86	0.9
15150	0.72	0.7	0.82	0.7	0.68	0.72	0.86	0.78	0.8	0.82	0.8	0.86	0.84	0.7	0.82	0.88
15200	0.72	0.7	0.8	0.72	0.66	0.74	0.88	0.82	0.86	0.86	0.82	0.86	0.88	0.72	0.82	0.86
15250	0.68	0.72	0.8	0.7	0.62	0.72	0.84	0.78	0.82	0.88	0.82	0.86	0.88	0.72	0.8	0.76
15300	0.7	0.7	0.8	0.68	0.56	0.7	0.84	0.78	0.82	0.86	0.82	0.86	0.86	0.68	0.82	0.74
15350	0.68	0.74	0.84	0.74	0.58	0.72	0.86	0.84	0.8	0.86	0.84	0.86	0.86	0.64	0.78	0.68
15400	0.7	0.78	0.84	0.84	0.66	0.72	0.84	0.8	0.8	0.84	0.82	0.86	0.84	0.62	0.78	0.66
15450	0.74	0.78	0.84	0.82	0.62	0.7	0.84	0.78	0.78	0.86	0.82	0.88	0.8	0.58	0.78	0.64
15500	0.76	0.82	0.9	0.84	0.62	0.68	0.84	0.74	0.76	0.84	0.8	0.88	0.8	0.6	0.8	0.66
15550	0.76	0.8	0.88	0.82	0.68	0.68	0.86	0.7	0.76	0.82	0.78	0.9	0.84	0.64	0.78	0.66
15600	0.82	0.8	0.88	0.82	0.72	0.66	0.82	0.72	0.72	0.76	0.74	0.88	0.82	0.62	0.78	0.72
15650	0.84	0.82	0.88	0.84	0.74	0.64	0.82	0.64	0.68	0.74	0.7	0.84	0.82	0.64	0.76	0.78
15700	0.86	0.84	0.82	0.82	0.72	0.62	0.84	0.62	0.68	0.8	0.72	0.84	0.82	0.64	0.76	0.82
15750	0.82	0.78	0.8	0.76	0.7	0.62	0.82	0.68	0.74	0.82	0.7	0.84	0.8	0.66	0.76	0.82
15800	0.84	0.78	0.82	0.78	0.68	0.64	0.8	0.62	0.7	0.84	0.74	0.82	0.78	0.7	0.8	0.8
15850	0.84	0.8	0.82	0.78	0.68	0.68	0.8	0.64	0.7	0.82	0.74	0.82	0.76	0.72	0.78	0.82
15900	0.82	0.76	0.7	0.74	0.68	0.74	0.8	0.66	0.74	0.84	0.76	0.82	0.78	0.68	0.76	0.78
15950	0.82	0.8	0.7	0.74	0.68	0.74	0.8	0.7	0.78	0.9	0.82	0.82	0.8	0.7	0.8	0.76
16000	0.82	0.82	0.7	0.76	0.66	0.74	0.8	0.68	0.78	0.9	0.84	0.82	0.76	0.68	0.82	0.76
16050	0.84	0.82	0.66	0.72	0.64	0.74	0.82	0.72	0.82	0.9	0.86	0.82	0.76	0.64	0.82	0.78
16100	0.86	0.8	0.64	0.72	0.62	0.76	0.86	0.78	0.82	0.92	0.86	0.82	0.78	0.62	0.8	0.74
16150	0.86	0.84	0.68	0.78	0.64	0.78	0.86	0.76	0.8	0.92	0.82	0.8	0.8	0.62	0.8	0.7
16200	0.8	0.88	0.68	0.78	0.58	0.78	0.88	0.78	0.8	0.88	0.78	0.78	0.8	0.6	0.74	0.66
16250	0.82	0.86	0.78	0.72	0.6	0.8	0.86	0.8	0.82	0.88	0.74	0.78	0.8	0.6	0.74	0.64
16300	0.84	0.86	0.78	0.78	0.62	0.76	0.86	0.74	0.86	0.88	0.74	0.78	0.82	0.6	0.72	0.66
16350	0.84	0.92	0.78	0.82	0.64	0.72	0.84	0.76	0.86	0.86	0.74	0.84	0.84	0.62	0.72	0.7
16400	0.82	0.92	0.78	0.8	0.66	0.74	0.8	0.72	0.84	0.9	0.76	0.88	0.88	0.62	0.68	0.7
16450	0.82	0.9	0.8	0.8	0.72	0.74	0.8	0.72	0.86	0.9	0.78	0.9	0.86	0.64	0.6	0.7
16500	0.84	0.9	0.78	0.84	0.74	0.8	0.82	0.72	0.86	0.88	0.78	0.92	0.84	0.62	0.58	0.72
16550	0.9	0.92	0.76	0.82	0.7	0.78	0.82	0.74	0.86	0.82	0.78	0.94	0.84	0.64	0.64	0.76
16600	0.9	0.9	0.8	0.8	0.76	0.8	0.84	0.72	0.86	0.78	0.8	0.92	0.86	0.64	0.64	0.76
16650	0.88	0.86	0.8	0.78	0.76	0.82	0.84	0.74	0.8	0.76	0.84	0.92	0.86	0.66	0.66	0.76
16700	0.86	0.86	0.82	0.82	0.78	0.82	0.88	0.76	0.8	0.78	0.82	0.88	0.88	0.66	0.64	0.76
16750	0.84	0.84	0.82	0.8	0.74	0.8	0.8	0.78	0.78	0.76	0.84	0.86	0.82	0.66	0.64	0.76
16800	0.84	0.84	0.8	0.8	0.74	0.82	0.84	0.76	0.76	0.74	0.82	0.88	0.8	0.68	0.66	0.74
16850	0.86	0.84	0.82	0.8	0.7	0.8	0.78	0.74	0.8	0.76	0.84	0.88	0.82	0.68	0.66	0.72
16900	0.8	0.82	0.84	0.82	0.74	0.76	0.76	0.72	0.8	0.76	0.82	0.88	0.76	0.64	0.74	0.72
16950	0.8	0.76	0.8	0.84	0.72	0.82	0.76	0.72	0.8	0.76	0.84	0.84	0.76	0.62	0.72	0.7
17000	0.84	0.78	0.78	0.84	0.74	0.8	0.76	0.72	0.8	0.8	0.84	0.86	0.72	0.58	0.78	0.72
17050	0.86	0.8	0.78	0.86	0.74	0.8	0.8	0.76	0.8	0.78	0.82	0.84	0.64	0.54	0.76	0.7
17100	0.86	0.8	0.78	0.8	0.74	0.78	0.82	0.78	0.86	0.86	0.82	0.82	0.64	0.52	0.76	0.72
17150	0.84	0.74	0.7	0.78	0.74	0.8	0.86	0.78	0.92	0.88	0.78	0.82	0.58	0.52	0.76	0.68
17200	0.8	0.78	0.66	0.78	0.76	0.8	0.88	0.76	0.92	0.9	0.76	0.8	0.58	0.48	0.7	0.68
17250	0.78	0.76	0.66	0.76	0.76	0.8	0.86	0.76	0.92	0.88	0.76	0.8	0.58	0.5	0.66	0.7
17300	0.82	0.78	0.7	0.7	0.78	0.82	0.86	0.78	0.88	0.88	0.78	0.8	0.62	0.54	0.7	0.76
17350	0.78	0.76	0.74	0.7	0.76	0.8	0.86	0.74	0.82	0.84	0.76	0.8	0.62	0.54	0.66	0.76
17400	0.78	0.7	0.76	0.72	0.78	0.84	0.84	0.72	0.78	0.82	0.78	0.8	0.62	0.54	0.66	0.76
17450	0.72	0.68	0.78	0.72	0.84	0.84	0.82	0.68	0.74	0.82	0.8	0.82	0.7	0.58	0.64	0.78
17500	0.7	0.66	0.76	0.72	0.84	0.86	0.84	0.74	0.72	0.78	0.8	0.84	0.72	0.6	0.64	0.74
17550	0.72	0.64	0.76	0.74	0.82	0.84	0.84	0.76	0.74	0.74	0.84	0.82	0.74	0.64	0.66	0.74
17600	0.76	0.64	0.7	0.74	0.76	0.84	0.86	0.72	0.7	0.7	0.76	0.86	0.74	0.68	0.66	0.82
17650	0.8	0.66	0.74	0.76	0.76	0.82	0.84	0.72	0.74	0.72	0.74	0.84	0.76	0.66	0.7	0.82
17700	0.84	0.68	0.72	0.74	0.76	0.86	0.84	0.76	0.78	0.76	0.76	0.84	0.72	0.64	0.72	0.82
17750	0.84	0.74	0.66	0.74	0.72	0.84	0.82	0.78	0.82	0.8	0.74	0.86	0.76	0.7	0.74	0.82
17800	0.8	0.76	0.7	0.76	0.72	0.78	0.82	0.74	0.74	0.84	0.76	0.86	0.78	0.7	0.7	0.86
17850	0.82	0.78	0.66	0.82	0.72	0.78	0.82	0.74	0.74	0.86	0.76	0.84	0.72	0.66	0.7	0.84
17900	0.86	0.8	0.66	0.78	0.68	0.78	0.82	0.72	0.72	0.86	0.72	0.82	0.72	0.66	0.74	0.88
17950	0.88	0.8	0.66	0.8	0.64	0.74	0.8	0.74	0.72	0.86	0.74	0.76	0.76	0.68	0.8	0.9
18000	0.86	0.82	0.74	0.82	0.66	0.72	0.78	0.78	0.72	0.88	0.78	0.78	0.8	0.68	0.8	0.9
18050	0.82	0.86	0.74	0.78	0.7	0.76	0.78	0.8	0.78	0.88	0.82	0.78	0.84	0.68	0.8	0.88
18100	0.8	0.84	0.8	0.78	0.74	0.76	0.74	0.76	0.68	0.86	0.84	0.8	0.8	0.64	0.8	0.86
18150	0.82	0.84	0.78	0.76	0.7	0.74	0.7	0.76	0.6	0.82	0.84	0.78	0.82	0.6	0.78	0.82
18200	0.76	0.8	0.72	0.7	0.68	0.76	0.7	0.78	0.58	0.8	0.82	0.82	0.88	0.54	0.76	0.74
18250	0.76	0.76	0.74	0.7	0.72	0.76	0.72	0.76	0.62	0.78	0.84	0.84	0.9	0.56	0.72	0.72
18300	0.72	0.74	0.76	0.7	0.7	0.78	0.72	0.68	0.6	0.72	0.86	0.88	0.88	0.58	0.72	0.72
18350	0.72	0.74	0.76	0.72	0.72	0.8	0.74	0.68	0.6	0.72	0.88	0.9	0.86	0.58	0.68	0.7
18400	0.74	0.74	0.8	0.72	0.7	0.74	0.76	0.64	0.58	0.76	0.86	0.86	0.82	0.56	0.62	0.66
18450	0.74	0.74	0.78	0.68	0.78	0.76	0.76	0.66	0.6	0.74	0.86	0.84	0.86	0.58	0.64	0.66
18500	0.76	0.7	0.74	0.68	0.78	0.82	0.84	0.72	0.7	0.74	0.88	0.84	0.82	0.62	0.64	0.68
18550	0.76	0.7	0.72	0.64	0.82	0.82	0.8	0.74	0.7	0.74	0.88	0.82	0.78	0.68	0.66	0.74
18600	0.82	0.64	0.74	0.66	0.8	0.82	0.82	0.72	0.68	0.74	0.82	0.78	0.78	0.74	0.7	0.8
18650	0.86	0.68	0.8	0.68	0.8	0.8	0.78	0.72	0.7	0.72	0.82	0.76	0.78	0.72	0.74	0.78
18700	0.88	0.68	0.78	0.66	0.78	0.82	0.78	0.72	0.76	0.76	0.88	0.74	0.82	0.76	0.78	0.8
18750	0.86	0.76	0.78	0.64	0.76	0.84	0.74	0.72	0.78	0.78	0.86	0.74	0.8	0.76	0.84	0.84
18800	0.88	0.8	0.8	0.64	0.76	0.86	0.72	0.7	0.74	0.8	0.84	0.78	0.78	0.72	0.82	0.86
18850	0.88	0.76	0.76	0.62	0.78	0.9	0.74	0.7	0.76	0.84	0.82	0.76	0.84	0.72	0.8	0.86
18900	0.86	0.76	0.76	0.6	0.74	0.88	0.72	0.68	0.76	0.86	0.8	0.76	0.8	0.66	0.74	0.86
18950	0.86	0.78	0.8	0.64	0.74	0.9	0.74	0.74	0.76	0.84	0.86	0.74	0.84	0.72	0.74	0.86
19000	0.86	0.82	0.8	0.68	0.74	0.88	0.74	0.78	0.78	0.84	0.86	0.82	0.84	0.68	0.72	0.88
19050	0.9	0.84	0.78	0.7	0.74	0.9	0.8	0.84	0.82	0.88	0.86	0.86	0.82	0.68	0.7	0.88
19100	0.88	0.84	0.8	0.72	0.76	0.94	0.8	0.82	0.78	0.86	0.92	0.88	0.8	0.62	0.66	0.88
19150	0.86	0.82	0.76	0.7	0.74	0.92	0.84	0.86	0.78	0.84	0.9	0.9	0.8	0.64	0.64	0.86
19200	0.9	0.82	0.72	0.68	0.7	0.86	0.84	0.84	0.78	0.82	0.94	0.88	0.78	0.6	0.68	0.84
19250	0.9	0.86	0.7	0.7	0.68	0.86	0.86	0.82	0.74	0.74	0.86	0.9	0.72	0.6	0.68	0.84
19300	0.88	0.86	0.74	0.74	0.68	0.86	0.9	0.78	0.74	0.74	0.82	0.84	0.7	0.56	0.68	0.84
19350	0.88	0.9	0.76	0.76	0.68	0.82	0.86	0.76	0.76	0.76	0.84	0.82	0.7	0.54	0.7	0.84
19400	0.84	0.84	0.78	0.78	0.7	0.82	0.9	0.76	0.74	0.78	0.82	0.84	0.72	0.58	0.7	0.84
19450	0.82	0.82	0.78	0.74	0.66	0.8	0.9	0.76	0.7	0.74	0.82	0.84	0.68	0.52	0.7	0.82
19500	0.84	0.82	0.78	0.74	0.76	0.8	0.9	0.72	0.76	0.78	0.84	0.84	0.68	0.5	0.72	0.8
19550	0.84	0.82	0.8	0.74	0.74	0.84	0.88	0.76	0.7	0.78	0.84	0.84	0.72	0.5	0.68	0.78
19600	0.84	0.82	0.88	0.84	0.8	0.86	0.88	0.78	0.78	0.86	0.84	0.82	0.7	0.5	0.68	0.76
19650	0.8	0.78	0.88	0.8	0.8	0.84	0.88	0.84	0.78	0.92	0.94	0.82	0.72	0.52	0.62	0.74
19700	0.8	0.82	0.88	0.78	0.8	0.82	0.9	0.84	0.8	0.9	0.94	0.86	0.76	0.56	0.66	0.74
19750	0.8	0.82	0.88	0.82	0.78	0.84	0.88	0.78	0.74	0.86	0.9	0.84	0.72	0.54	0.68	0.74
19800	0.8	0.84	0.86	0.76	0.74	0.84	0.82	0.72	0.74	0.84	0.86	0.8	0.74	0.54	0.64	0.72
19850	0.78	0.8	0.86	0.74	0.8	0.84	0.82	0.7	0.7	0.84	0.84	0.76	0.68	0.56	0.66	0.72
19900	0.78	0.8	0.8	0.76	0.76	0.84	0.82	0.66	0.62	0.84	0.8	0.76	0.7	0.56	0.66	0.72
19950	0.78	0.8	0.78	0.74	0.76	0.84	0.84	0.66	0.7	0.84	0.82	0.72	0.66	0.56	0.64	0.72
20000	0.8	0.8	0.72	0.76	0.76	0.82	0.86	0.64	0.7	0.84	0.78	0.72	0.66	0.54	0.64	0.74
