0	0	0	0	0	0	0	0	0	0	0	0	0	0	0	0	0	0
50	2	1	1	1	1	2	4	2	2	2	3	3	1	1	1	3	7
100	3	3	3	3	4	5	5	3	4	2	4	4	2	3	5	5	20
150	7	6	4	5	5	5	6	5	6	6	6	6	5	5	6	5	35
200	7	8	6	7	5	7	7	5	8	8	6	6	6	5	7	6	38
250	7	8	6	7	6	8	8	7	9	9	7	6	6	5	8	6	40
300	8	8	7	7	7	9	9	8	10	9	7	7	7	6	8	7	44
350	9	8	8	8	7	9	10	9	10	9	8	7	8	6	8	7	48
400	11	8	8	9	7	9	10	10	11	9	9	7	9	7	8	7	51
450	12	8	8	9	7	9	10	10	11	9	9	7	10	9	8	8	55
500	12	8	8	11	7	10	10	11	11	10	9	7	11	11	8	9	57
550	12	8	9	11	7	11	10	12	11	10	9	8	11	11	9	9	56
600	13	8	10	12	7	11	11	12	11	11	9	8	12	11	9	9	58
650	13	8	10	12	8	13	12	12	11	11	9	8	12	10	9	10	60
700	14	8	10	13	8	13	12	12	11	12	10	8	12	10	9	11	62
750	15	8	10	13	9	13	13	12	11	14	10	8	12	10	9	11	65
800	15	8	11	14	9	13	13	12	12	15	10	8	12	10	9	11	65
850	15	8	11	14	9	13	13	12	13	15	11	8	13	10	9	11	66
900	15	8	12	15	9	13	13	12	13	15	12	8	13	10	9	11	64
950	15	8	12	15	9	14	13	12	13	15	12	8	13	12	9	11	64
1000	15	8	14	15	9	14	13	12	13	15	12	9	13	12	9	11	64
1050	15	8	14	15	9	14	13	12	13	14	13	10	13	12	9	11	65
1100	15	8	14	15	9	14	13	12	14	17	13	10	13	13	9	11	69
1150	15	9	14	15	11	14	13	11	14	17	13	10	14	13	9	11	70
1200	15	9	14	15	11	14	13	11	14	18	14	10	14	13	9	11	72
1250	15	9	14	15	11	14	13	11	14	19	14	10	15	13	9	11	74
1300	15	9	14	15	12	14	13	11	14	19	14	10	15	14	9	11	77
1350	15	9	14	15	12	14	13	11	14	19	15	11	15	14	9	11	78
1400	15	10	14	15	12	14	13	11	14	22	15	11	15	15	9	11	79
1450	15	11	14	15	12	14	13	11	13	22	17	11	15	15	9	11	81
1500	15	12	14	15	14	14	13	11	13	22	17	11	15	15	9	11	83
1550	15	13	14	15	14	14	13	11	13	22	17	11	15	15	9	11	83
1600	15	14	14	15	14	14	13	11	13	22	17	11	15	18	9	11	85
1650	15	14	14	15	14	14	13	11	13	22	17	12	15	18	9	11	86
1700	15	15	14	15	14	14	13	11	13	22	17	12	15	21	9	11	88
1750	15	15	14	15	14	14	13	11	13	22	17	12	15	20	9	11	88
1800	15	15	14	15	14	14	13	11	14	21	17	13	15	20	9	11	88
1850	15	15	14	15	14	14	13	11	14	21	17	14	15	20	9	11	87
1900	15	15	14	15	14	14	13	11	14	21	17	15	15	20	9	11	88
1950	15	15	14	15	14	14	13	11	14	21	17	16	15	20	9	11	86
2000	15	15	14	15	14	14	13	11	14	21	17	15	15	20	9	11	86
2050	15	16	14	15	14	14	13	11	14	21	17	15	15	20	9	11	87
2100	15	18	14	15	14	14	13	11	13	21	17	15	15	21	9	11	88
2150	15	18	14	15	14	14	13	11	13	21	17	15	15	21	9	11	90
2200	15	18	14	15	14	14	13	11	13	21	17	16	15	21	9	11	90
2250	15	18	14	15	14	14	13	11	13	21	17	16	15	21	9	11	90
2300	15	18	14	15	14	14	13	11	13	21	17	16	15	21	9	11	90
2350	15	18	14	15	14	14	13	11	13	21	17	16	15	21	9	11	90
2400	15	18	14	15	14	14	13	11	13	21	17	17	15	21	9	11	91
2450	15	18	14	15	14	14	13	11	13	21	17	18	15	21	9	11	92
2500	15	18	14	15	14	14	13	12	13	21	17	18	15	24	9	11	93
2550	15	18	14	15	14	14	13	12	13	21	17	18	15	24	9	11	93
2600	15	18	14	15	14	14	13	12	13	21	17	18	15	23	9	11	92
2650	15	18	14	15	15	14	13	12	13	21	17	18	15	24	9	11	93
2700	15	18	14	15	15	14	13	12	13	21	17	18	15	23	9	11	92
2750	15	18	14	15	14	14	13	12	13	21	17	18	15	23	9	11	91
2800	15	18	14	15	15	14	13	12	13	21	17	18	15	23	9	11	93
2850	15	18	14	15	15	14	13	12	13	21	17	18	15	23	9	11	94
2900	15	18	14	15	17	14	14	12	13	21	17	18	15	23	9	11	94
2950	15	18	14	15	17	14	14	12	13	21	17	18	15	23	9	11	94
3000	15	18	14	15	19	14	15	11	13	21	17	18	15	23	9	11	96
3050	15	18	14	15	19	14	15	12	13	21	17	18	15	23	9	11	95
3100	15	18	14	15	19	14	15	12	13	21	17	18	15	23	9	11	94
3150	15	18	14	15	20	14	15	12	13	21	17	19	15	23	9	11	94
3200	15	18	14	15	21	14	15	13	13	21	17	19	15	23	9	11	96
3250	15	18	14	15	21	14	16	13	13	21	17	20	15	23	9	11	98
3300	15	18	14	15	20	14	16	13	13	20	17	20	15	23	9	11	98
3350	15	18	14	15	21	14	16	13	13	20	17	20	15	23	9	11	99
3400	15	18	14	15	22	14	16	13	13	20	17	21	15	23	9	11	101
3450	15	18	14	15	22	14	16	13	13	20	17	21	15	23	10	11	102
3500	15	18	14	15	22	14	16	13	13	20	17	21	15	23	11	11	103
3550	15	18	14	15	22	14	16	13	13	20	17	22	15	23	11	11	104
3600	15	18	14	15	22	14	17	13	14	20	17	23	15	23	11	11	106
3650	16	18	14	15	22	14	16	13	14	20	17	24	15	23	11	11	106
3700	15	18	14	15	24	14	18	13	14	20	17	25	15	23	12	12	110
3750	15	19	14	15	24	14	18	13	14	20	17	25	15	23	12	13	112
3800	16	19	14	15	25	14	18	13	14	20	17	25	15	22	12	13	114
3850	16	19	14	15	24	14	18	13	14	20	17	25	15	22	12	13	117
3900	17	19	14	15	23	14	18	13	14	20	17	24	15	22	12	13	116
3950	17	19	14	15	25	14	18	13	14	20	17	24	15	21	12	13	118
4000	17	19	14	15	25	14	19	12	14	20	17	24	15	21	12	14	118
4050	17	19	14	15	25	14	19	12	14	19	17	25	15	21	12	14	119
4100	17	18	14	15	25	14	19	12	14	19	17	25	15	21	12	15	119
4150	17	19	14	15	25	14	19	12	14	19	17	25	15	21	12	15	122
4200	18	20	14	15	25	14	19	12	14	19	17	25	15	21	12	15	123
4250	17	21	14	15	25	14	19	13	14	19	17	25	15	21	12	15	122
4300	18	21	14	15	26	14	19	13	14	19	17	25	15	21	12	15	122
4350	19	21	14	15	27	14	19	14	14	19	17	25	15	21	12	15	124
4400	20	21	14	15	28	14	20	13	14	19	17	25	15	21	12	15	126
4450	20	21	14	15	28	14	20	13	13	19	17	25	15	21	12	15	125
4500	20	22	14	15	28	14	20	13	13	19	17	25	15	21	12	15	126
4550	20	23	14	15	29	14	20	13	13	19	17	25	15	21	12	15	127
4600	20	23	14	15	29	14	20	13	13	19	17	26	15	21	12	15	128
4650	22	23	14	15	29	14	20	13	13	19	17	26	15	21	12	15	129
4700	22	23	14	15	30	14	20	14	13	19	17	27	15	21	12	16	129
4750	23	23	15	15	31	14	20	14	13	19	17	27	15	21	12	16	130
4800	23	24	15	15	31	14	20	14	13	19	17	27	15	21	13	16	132
4850	23	25	15	15	31	14	20	15	13	19	17	27	15	21	13	16	133
4900	23	25	15	15	31	14	20	15	13	19	17	27	15	21	13	17	132
4950	23	25	15	15	31	14	20	15	13	19	17	27	15	21	13	18	133
5000	23	25	16	15	32	14	20	15	13	19	17	27	15	22	13	19	133
5050	23	25	16	15	32	14	20	15	13	19	17	28	16	22	13	19	134
5100	23	25	16	15	32	14	20	15	13	19	17	27	16	22	13	19	133
5150	23	25	17	15	32	14	19	16	13	19	17	27	16	22	13	20	134
5200	23	25	17	15	32	14	19	16	14	19	17	27	16	21	13	21	135
5250	23	25	17	15	31	14	19	16	14	19	17	27	16	21	15	23	137
5300	23	26	19	15	31	14	19	16	14	19	17	27	16	21	16	23	139
5350	23	26	19	15	30	14	19	16	14	19	17	28	16	21	16	23	139
5400	23	27	19	15	30	14	19	16	14	19	17	28	16	21	16	23	139
5450	23	27	19	15	29	14	19	16	14	19	17	28	16	21	16	23	138
5500	23	27	19	15	30	14	20	16	14	19	17	28	16	22	16	23	141
5550	23	27	19	15	29	14	20	16	14	19	17	28	17	22	16	23	140
5600	23	27	19	15	30	14	20	17	14	19	17	28	17	23	16	23	142
5650	23	27	19	15	31	14	21	19	14	19	17	28	17	23	17	23	147
5700	22	27	19	15	31	14	21	19	14	19	17	28	17	23	17	23	146
5750	23	28	19	15	30	14	22	19	14	19	17	28	17	23	17	23	147
5800	23	28	19	15	29	14	22	18	14	19	17	28	18	23	17	23	147
5850	23	28	19	14	29	14	20	18	14	19	17	28	19	23	17	23	146
5900	23	28	19	14	29	14	22	21	14	19	17	28	19	23	18	23	150
5950	23	27	19	13	29	14	22	21	14	19	17	28	20	23	18	23	148
6000	23	27	19	13	29	14	23	21	14	19	17	28	21	23	18	23	151
6050	23	27	19	13	28	14	23	21	14	19	17	28	21	23	18	23	149
6100	23	27	18	13	28	14	22	21	14	19	17	28	21	23	18	23	149
6150	23	27	18	13	28	14	22	21	14	19	17	28	21	23	18	23	149
6200	23	27	18	13	28	14	23	21	14	19	17	28	23	24	18	23	152
6250	23	27	18	13	28	14	24	21	14	19	17	27	24	24	18	23	154
6300	23	27	18	13	28	14	24	21	14	19	17	27	24	24	18	23	153
6350	23	27	18	13	28	14	25	21	14	19	17	27	24	24	18	23	154
6400	23	27	18	13	28	14	25	21	14	19	17	27	24	24	18	23	154
6450	23	27	18	13	28	14	25	21	14	19	17	27	24	24	18	23	153
6500	23	26	18	13	28	14	25	21	14	19	17	27	24	24	18	23	153
6550	23	26	18	13	28	14	25	21	14	19	17	27	24	24	18	23	152
6600	23	26	18	13	28	14	25	22	14	19	17	27	24	24	18	23	152
6650	23	26	18	13	28	14	26	22	14	19	17	27	24	24	18	23	152
6700	23	26	18	13	28	14	26	22	14	19	17	27	24	24	18	23	152
6750	23	27	18	13	28	14	26	22	14	18	17	27	24	24	18	23	152
6800	23	27	18	13	28	14	26	22	14	18	17	27	24	24	18	23	151
6850	23	26	18	13	28	14	26	23	14	18	17	27	24	24	18	23	151
6900	24	26	18	13	28	14	26	23	14	18	17	27	24	24	18	23	151
6950	24	26	18	13	28	14	27	23	15	18	17	27	24	24	18	23	153
7000	24	26	18	13	28	14	27	23	15	18	16	26	24	24	18	23	152
7050	24	26	18	13	28	14	27	23	15	18	16	26	24	23	18	23	152
7100	24	26	18	13	27	14	27	23	15	18	16	26	24	23	18	23	151
7150	24	27	18	13	27	14	27	22	15	19	16	26	24	23	18	24	151
7200	24	27	18	13	27	14	27	22	15	19	16	26	24	23	18	25	152
7250	25	27	18	13	27	14	28	22	16	19	16	26	24	23	18	25	154
7300	25	27	18	13	27	14	28	22	16	19	16	26	24	23	18	24	152
7350	25	27	18	13	27	14	28	22	17	20	16	26	24	23	18	24	153
7400	25	27	18	13	27	14	29	22	17	20	16	26	24	23	18	24	154
7450	25	28	18	13	28	14	29	22	17	20	16	25	24	23	18	24	155
7500	25	28	18	13	28	14	29	22	17	20	16	25	24	23	18	23	157
7550	25	28	18	13	27	14	30	22	17	20	16	25	24	23	18	23	158
7600	25	28	18	13	27	14	30	21	17	21	16	25	24	23	18	24	159
7650	26	28	18	13	27	14	31	21	18	21	16	25	23	23	18	25	160
7700	26	28	18	13	27	14	31	21	18	21	16	25	23	23	18	25	161
7750	26	28	18	13	27	14	31	21	19	21	16	25	23	23	18	25	160
7800	26	28	18	13	27	14	31	21	19	20	16	25	23	23	17	25	157
7850	26	28	19	13	27	14	31	20	19	20	16	25	23	23	17	25	156
7900	26	28	19	13	27	14	30	20	20	20	16	25	23	23	17	25	155
7950	26	28	19	13	27	14	30	20	20	20	16	25	23	23	18	26	157
8000	26	28	19	13	27	14	30	20	20	20	16	25	23	22	18	26	158
8050	26	28	19	13	27	14	30	20	21	21	16	25	23	22	18	26	159
8100	26	28	19	13	27	14	30	20	21	22	16	25	23	22	18	26	159
8150	26	28	19	13	27	14	30	20	21	22	15	25	23	22	18	26	158
8200	26	28	19	13	27	14	30	19	21	22	15	25	23	22	18	25	157
8250	27	28	19	13	26	14	30	19	21	22	15	25	22	22	19	25	158
8300	28	28	19	13	26	14	30	19	21	22	15	25	22	22	20	25	160
8350	28	28	19	13	26	14	30	19	21	22	14	24	22	22	20	25	158
8400	28	28	19	13	26	14	30	19	21	22	14	24	22	22	21	26	161
8450	28	28	19	13	26	14	31	19	21	22	14	24	22	23	20	26	162
8500	28	28	19	13	26	14	30	19	21	23	14	24	22	23	20	26	163
8550	28	28	19	13	26	14	30	19	22	22	14	24	22	23	21	26	162
8600	28	28	19	13	26	14	30	19	22	22	14	24	22	23	22	27	164
8650	28	28	19	13	26	14	30	19	23	23	14	24	22	23	24	27	167
8700	28	28	19	13	26	14	30	19	23	23	14	24	22	24	24	27	168
8750	28	28	19	13	26	14	30	19	23	23	14	24	22	23	24	27	168
8800	28	28	19	13	26	14	30	19	23	23	14	24	22	23	24	27	168
8850	28	28	19	13	26	14	30	19	23	24	14	24	22	23	24	28	170
8900	27	28	19	13	26	14	32	19	23	24	14	24	22	24	25	28	171
8950	27	28	19	13	26	14	32	19	23	24	14	24	22	24	25	28	171
9000	27	28	19	13	26	14	32	19	23	24	14	24	22	24	25	28	172
9050	27	28	19	13	26	14	32	19	24	24	14	24	22	24	24	28	174
9100	27	28	19	13	26	14	32	19	24	24	14	24	22	24	24	28	172
9150	27	28	19	13	26	14	33	19	24	24	14	24	22	24	23	28	172
9200	27	28	19	13	26	14	33	19	24	25	14	24	22	24	23	28	171
9250	27	28	19	13	26	14	34	19	25	25	14	24	22	24	23	28	173
9300	27	28	19	13	26	14	34	19	25	25	14	24	22	24	23	28	174
9350	27	28	19	13	26	14	34	19	25	25	14	24	22	24	23	28	174
9400	27	28	19	13	27	14	34	19	25	25	14	24	22	24	23	28	174
9450	27	27	19	13	27	14	34	19	25	25	14	24	22	24	23	28	173
9500	27	27	18	13	27	14	34	19	25	25	14	24	22	24	23	27	170
9550	27	26	18	13	27	14	34	19	25	25	14	24	22	24	23	27	169
9600	27	26	18	13	27	14	34	19	25	25	14	24	22	24	23	27	169
9650	27	26	18	13	27	14	34	19	25	25	14	23	22	24	23	27	169
9700	27	26	18	13	27	14	34	19	25	25	14	23	22	24	23	27	170
9750	27	26	18	13	27	14	34	19	24	25	14	23	22	24	23	27	170
9800	27	26	18	13	27	14	34	19	24	25	15	23	22	25	23	27	169
9850	27	26	18	13	27	15	34	19	24	25	15	23	22	25	23	27	168
9900	27	26	18	13	27	15	34	19	25	25	15	23	22	25	23	27	170
9950	27	26	18	13	27	16	34	19	25	25	15	23	22	25	23	27	170
10000	27	26	18	13	27	16	34	19	25	27	15	22	22	25	23	27	171
10050	27	25	18	13	27	17	34	19	25	27	15	22	22	25	23	27	172
10100	27	25	18	14	27	17	35	19	25	27	15	22	22	25	23	27	171
10150	27	25	18	14	27	17	35	19	25	27	15	21	22	25	23	27	170
10200	26	25	18	14	27	17	35	19	25	27	15	21	22	25	23	27	170
10250	26	25	18	14	30	17	35	19	25	28	15	21	22	25	23	27	172
10300	26	25	18	14	31	17	35	19	25	28	15	21	22	25	23	27	173
10350	25	25	17	14	31	17	35	19	24	28	15	21	22	25	23	27	173
10400	25	25	17	14	32	17	35	19	24	29	15	21	22	26	23	27	174
10450	25	25	17	14	32	17	35	19	24	29	15	21	22	26	23	27	174
10500	25	25	17	14	32	17	35	19	24	29	15	21	22	26	23	27	174
10550	25	25	17	14	31	17	36	19	24	29	15	21	22	26	23	27	173
10600	25	25	17	14	31	17	36	19	24	29	15	21	22	26	23	26	173
10650	25	25	17	14	31	17	36	19	24	29	15	21	22	26	23	26	173
10700	25	25	17	14	31	17	36	19	24	28	15	21	22	25	23	26	171
10750	25	25	17	14	30	17	36	19	24	28	15	21	22	25	23	26	171
10800	25	25	17	14	30	17	36	19	24	28	15	21	22	26	23	26	172
10850	25	24	17	14	30	17	36	19	24	28	15	21	22	26	23	26	172
10900	25	24	17	14	30	17	36	19	24	28	15	21	22	26	23	26	172
10950	25	25	17	14	30	17	36	19	24	28	15	21	22	24	23	26	169
11000	25	25	17	14	30	17	36	19	24	28	15	21	22	24	23	26	169
11050	25	25	17	15	30	17	35	19	23	28	15	20	22	24	23	26	168
11100	25	25	17	15	29	17	35	19	22	28	15	20	22	24	23	26	168
11150	25	26	17	16	29	17	35	19	22	27	15	20	22	24	23	26	169
11200	25	26	17	16	29	17	35	19	22	27	15	20	22	24	23	26	169
11250	25	26	17	16	29	17	34	19	22	27	15	20	22	24	23	26	168
11300	25	27	17	16	29	17	34	19	22	27	15	20	22	24	23	26	168
11350	25	27	17	16	28	17	33	19	20	27	15	20	22	24	23	26	166
11400	25	27	17	16	28	17	33	19	20	27	15	20	22	24	21	26	164
11450	25	27	17	16	27	17	33	19	20	27	15	20	22	23	24	26	168
11500	25	27	17	16	27	17	32	19	20	27	15	20	22	23	24	26	167
11550	25	27	17	17	27	17	32	19	19	27	15	20	22	23	24	26	167
11600	25	28	18	17	27	17	31	19	19	27	15	20	22	23	25	26	171
11650	26	28	20	17	27	17	31	20	19	27	15	20	22	23	25	25	172
11700	26	29	20	17	26	17	31	20	19	27	15	20	22	23	25	25	173
11750	27	29	20	17	26	17	31	20	19	27	15	20	22	23	25	25	171
11800	27	29	19	17	26	17	31	20	19	27	15	20	22	23	25	25	170
11850	28	29	19	17	26	17	30	20	19	27	15	20	22	22	25	25	170
11900	28	29	20	17	26	17	30	21	19	27	15	20	22	22	25	25	171
11950	27	29	20	17	26	17	29	21	19	27	15	20	22	21	25	25	169
12000	26	29	21	17	26	17	29	21	19	27	15	20	23	21	25	25	168
12050	26	29	21	19	26	17	30	21	19	27	15	20	23	22	27	25	173
12100	25	29	21	19	25	18	30	21	19	27	15	20	23	23	27	25	173
12150	26	29	21	19	26	18	31	21	19	27	15	20	23	24	27	25	172
12200	26	29	21	19	26	18	32	21	19	27	15	20	23	24	27	25	175
12250	26	29	21	19	26	18	32	21	19	27	15	20	23	23	26	25	173
12300	26	29	21	19	27	19	32	21	19	27	15	20	23	23	26	25	174
12350	26	29	22	19	27	19	33	21	19	27	15	20	23	22	23	25	170
12400	26	29	22	19	27	20	33	21	19	27	15	20	23	25	23	25	174
12450	26	29	22	19	26	20	33	21	19	27	15	20	23	25	23	25	174
12500	26	29	22	19	27	20	33	22	19	27	14	20	24	25	23	25	176
12550	26	29	22	19	28	20	33	22	19	27	14	20	24	25	23	25	177
12600	26	29	22	19	27	20	34	21	19	27	14	21	24	25	23	25	177
12650	26	29	22	19	27	21	33	21	19	27	15	22	24	25	23	25	175
12700	26	29	22	19	27	21	33	21	19	27	14	22	24	25	23	25	175
12750	25	29	22	19	27	21	35	21	19	27	14	22	24	26	23	25	176
12800	25	29	22	20	27	22	36	21	18	27	14	22	25	26	23	25	179
12850	25	29	22	20	28	22	36	20	18	27	14	22	25	26	23	25	178
12900	26	29	22	20	27	22	36	20	18	27	14	23	25	26	23	25	180
12950	26	29	22	20	28	23	36	21	18	27	14	23	25	26	23	25	180
13000	26	28	22	20	28	23	36	21	18	27	14	23	25	26	23	25	180
13050	26	27	22	20	30	23	35	22	18	27	14	25	25	27	23	25	182
13100	27	27	22	20	31	23	35	22	18	27	14	25	25	27	23	25	183
13150	27	27	22	20	31	24	36	22	18	27	14	24	25	27	23	25	182
13200	27	27	22	20	32	24	36	22	19	26	14	24	25	27	23	25	183
13250	27	27	22	20	32	23	35	23	18	26	14	24	25	27	23	25	179
13300	27	27	22	20	32	24	35	24	18	26	14	24	25	27	23	25	180
13350	27	27	21	19	31	26	35	24	18	26	14	24	25	28	23	25	182
13400	27	28	21	19	31	26	35	23	18	26	14	24	25	28	23	25	182
13450	27	28	21	20	30	26	35	23	18	26	14	24	25	28	23	25	183
13500	27	28	21	20	30	26	35	23	17	26	14	25	25	28	23	25	183
13550	27	28	20	21	32	26	35	23	17	26	15	25	25	28	23	25	185
13600	27	28	20	21	32	26	35	23	17	26	15	26	24	28	23	25	185
13650	27	28	20	21	32	25	36	23	17	25	15	26	24	28	22	25	182
13700	27	28	19	21	32	25	36	23	17	25	15	26	24	28	20	25	181
13750	27	28	20	22	32	25	35	23	17	25	15	26	24	28	20	25	183
13800	27	28	20	22	32	25	36	24	17	25	15	26	24	28	20	25	185
13850	27	28	20	21	32	25	36	24	17	25	15	26	24	29	20	25	184
13900	27	27	20	21	32	25	36	23	17	25	15	26	24	29	20	25	183
13950	27	27	20	21	32	25	35	25	17	25	15	26	24	30	20	25	186
14000	27	27	20	21	32	25	36	26	17	25	15	27	24	31	20	24	192
14050	27	28	20	21	32	25	36	26	16	24	15	27	24	31	20	23	191
14100	28	29	20	21	31	25	36	26	17	24	14	27	24	31	20	23	192
14150	28	29	20	21	30	25	36	26	17	24	14	27	24	31	20	23	191
14200	28	29	20	22	29	25	37	26	17	24	14	27	24	31	20	23	193
14250	28	29	20	22	29	25	35	26	17	23	14	27	24	31	20	23	192
14300	28	29	20	22	29	25	33	26	17	23	14	27	24	31	20	23	190
14350	28	29	20	22	29	26	33	26	17	23	14	27	24	32	20	23	191
14400	28	29	20	23	29	26	32	26	17	23	14	28	24	32	20	23	193
14450	28	29	20	24	29	25	30	26	17	23	14	28	24	33	20	23	192
14500	28	29	20	24	29	25	32	26	17	23	14	28	24	33	20	23	193
14550	28	29	19	23	29	25	31	26	17	23	14	28	23	33	19	23	190
14600	28	30	19	22	29	25	32	26	17	23	14	28	23	33	19	23	190
14650	28	29	19	22	29	25	31	26	17	23	14	28	23	32	19	23	187
14700	28	29	19	22	29	25	31	26	17	23	14	28	22	33	19	23	187
14750	28	30	19	22	29	25	31	26	17	23	14	28	22	33	19	23	188
14800	27	30	19	21	29	25	31	26	17	23	14	28	22	33	19	23	186
14850	27	30	19	21	29	25	31	26	17	23	14	28	22	33	19	23	187
14900	27	30	19	20	29	25	31	26	17	23	14	28	22	33	19	23	188
14950	27	30	19	21	29	24	31	26	17	23	14	27	22	33	19	23	187
15000	27	29	19	21	29	24	31	26	17	23	14	27	22	33	19	23	186
15050	27	29	19	20	28	24	31	26	17	23	14	27	22	33	19	22	184
15100	27	28	19	20	28	24	31	26	17	23	14	27	22	33	19	22	184
15150	27	28	19	20	28	24	29	26	17	23	14	27	23	32	19	22	182
15200	27	28	19	20	28	24	29	26	17	23	14	27	23	32	18	22	180
15250	27	28	19	20	28	25	29	26	17	23	14	27	23	32	18	22	179
15300	27	28	19	20	28	25	29	26	17	23	14	27	22	32	18	22	177
15350	27	28	19	20	28	25	29	26	17	23	14	27	22	32	18	22	178
15400	27	28	19	20	28	26	30	26	17	23	14	27	22	32	18	22	179
15450	27	28	19	20	28	25	30	26	16	23	14	27	23	32	18	22	177
15500	27	28	19	20	27	25	30	26	16	23	14	27	24	32	18	22	178
15550	27	28	19	21	27	27	31	26	16	23	14	27	24	32	18	22	180
15600	27	27	19	22	27	27	31	25	16	23	14	27	23	32	18	22	179
15650	27	27	19	22	27	27	31	24	16	23	14	27	23	31	18	22	176
15700	27	28	19	22	27	29	31	24	16	23	14	27	23	31	18	22	178
15750	27	28	19	22	26	29	29	23	16	23	14	27	23	30	17	22	172
15800	27	29	19	21	26	29	29	23	16	23	14	27	23	30	17	22	172
15850	27	29	19	21	26	29	28	23	16	21	14	27	23	30	17	22	170
15900	27	29	19	21	26	30	28	23	16	21	14	27	23	28	17	22	170
15950	26	29	19	21	26	31	28	23	16	21	14	27	25	28	17	22	172
16000	25	28	19	21	26	31	28	21	16	21	14	27	25	28	17	22	171
16050	24	28	19	21	26	31	28	21	15	21	14	27	25	28	17	22	169
16100	24	28	19	21	26	31	28	21	15	21	14	27	25	28	17	21	169
16150	24	28	20	21	26	31	28	21	15	21	14	27	25	28	17	21	168
16200	24	28	20	21	26	31	27	21	15	21	14	27	25	28	17	21	166
16250	24	28	20	21	26	31	27	21	15	21	14	27	25	28	17	21	165
16300	24	28	20	21	26	31	27	22	15	21	14	27	25	28	17	21	165
16350	24	28	20	21	26	31	27	22	15	21	14	27	24	28	17	21	163
16400	24	28	20	21	26	31	27	22	15	21	14	27	24	28	17	21	164
16450	24	28	20	21	27	31	27	22	15	21	14	27	24	28	17	21	164
16500	25	28	21	20	27	31	27	22	15	21	14	27	24	28	17	21	165
16550	25	28	21	20	27	31	27	22	15	21	14	27	24	28	17	21	165
16600	24	29	21	20	28	31	27	22	15	21	14	27	24	28	17	21	166
16650	24	28	21	20	28	31	27	23	15	21	13	27	24	28	17	21	167
16700	24	28	22	20	28	31	27	23	15	21	13	26	24	28	17	21	168
16750	24	28	22	20	29	31	27	23	15	21	13	26	24	28	17	21	167
16800	24	27	22	20	29	31	27	23	15	21	13	26	24	28	17	21	166
16850	24	27	22	20	29	31	26	23	15	21	13	26	24	28	17	19	164
16900	24	27	22	20	29	31	26	23	15	21	13	26	24	28	17	19	164
16950	24	27	22	20	29	30	25	23	15	21	13	27	24	28	17	19	165
17000	24	27	22	20	30	31	25	23	15	21	13	27	24	28	17	19	164
17050	24	27	22	20	29	32	24	23	15	21	13	27	24	28	17	19	162
17100	24	27	23	20	29	32	25	23	15	21	13	27	24	28	17	18	162
17150	24	27	23	21	28	32	25	23	15	21	13	27	24	27	17	18	160
17200	24	26	23	21	28	32	25	23	15	20	13	27	24	27	17	18	159
17250	24	26	23	21	28	32	24	23	15	20	13	27	24	27	17	19	160
17300	24	26	23	21	28	32	24	23	15	19	13	27	24	27	17	19	160
17350	24	26	24	21	29	31	24	23	15	19	13	26	24	27	17	19	160
17400	24	26	24	21	29	31	25	23	15	19	13	26	24	27	17	19	161
17450	24	26	25	21	29	31	26	23	15	19	13	26	24	27	17	19	163
17500	24	26	25	21	29	31	26	23	15	19	13	26	24	26	17	19	163
17550	24	25	26	20	29	31	26	23	15	19	13	26	24	26	17	19	163
17600	24	25	27	20	29	31	27	23	15	19	13	25	24	26	17	19	163
17650	24	25	26	20	29	31	27	23	15	19	13	25	24	26	17	19	162
17700	24	25	26	20	29	31	27	22	15	19	13	25	23	27	17	19	160
17750	23	24	26	20	30	31	28	22	15	19	13	25	23	27	17	19	162
17800	23	23	26	21	30	31	29	22	15	19	13	25	23	27	17	19	165
17850	22	23	26	22	29	30	29	22	15	19	13	25	24	27	17	19	163
17900	22	23	26	22	29	30	29	22	15	19	13	25	24	27	17	19	163
17950	22	23	27	22	28	30	30	22	15	19	13	24	24	27	17	19	165
18000	22	23	27	22	28	30	31	22	15	19	13	24	24	27	17	19	165
18050	22	23	27	22	28	30	32	22	15	19	13	23	25	27	17	19	166
18100	22	23	27	22	28	30	32	22	15	19	13	23	25	27	17	19	166
18150	22	23	27	22	28	30	32	21	15	19	13	23	25	27	17	19	165
18200	22	23	27	22	26	30	32	22	15	19	13	23	25	27	17	19	165
18250	22	23	27	22	26	29	32	22	15	19	13	23	25	27	17	19	165
18300	22	24	27	22	26	29	33	22	15	19	13	23	25	27	17	19	166
18350	22	24	27	22	27	29	33	22	15	19	13	23	24	26	17	19	165
18400	21	24	27	24	28	29	33	23	15	19	13	22	26	26	17	19	167
18450	21	24	27	24	28	29	33	23	15	19	13	22	26	26	17	19	167
18500	21	24	27	24	31	29	34	24	15	19	13	22	26	26	17	19	170
18550	21	24	27	25	32	29	34	24	15	19	13	22	26	26	17	19	171
18600	21	24	27	26	29	29	34	24	15	19	13	22	26	26	17	19	171
18650	21	24	27	26	29	28	34	24	15	19	13	22	27	26	17	19	170
18700	21	24	27	26	29	28	34	24	16	19	13	22	27	26	17	19	171
18750	21	24	27	26	30	28	33	24	16	19	13	22	27	26	17	19	171
18800	21	24	27	26	30	28	33	24	16	19	13	22	28	26	17	19	172
18850	21	24	27	25	30	28	33	24	16	19	13	22	27	26	17	19	170
18900	21	24	27	25	31	28	33	24	17	19	13	22	27	26	17	19	171
18950	21	24	27	26	32	28	33	25	17	19	13	22	27	26	17	19	173
19000	21	24	27	26	32	28	32	25	17	19	13	21	27	26	17	19	172
19050	21	24	27	26	32	28	32	25	17	19	13	21	28	26	17	20	174
19100	21	24	27	26	31	28	32	25	18	19	13	21	28	26	17	20	175
19150	21	24	27	26	31	28	32	25	18	19	13	21	28	26	17	20	174
19200	21	24	27	26	31	28	32	25	18	19	13	21	28	26	17	20	174
19250	21	24	27	27	31	27	33	26	18	19	13	21	28	26	17	20	176
19300	21	24	27	27	30	27	33	27	18	19	13	21	28	26	17	20	177
19350	21	24	26	27	29	27	33	27	18	19	13	21	28	26	17	20	177
19400	21	24	26	27	29	26	32	27	19	19	13	21	29	26	17	20	176
19450	21	24	26	27	28	26	33	27	19	19	13	21	29	26	17	20	176
19500	21	24	26	27	26	26	33	27	19	19	13	21	29	26	17	20	173
19550	21	24	26	27	26	26	33	27	19	19	13	21	29	26	17	20	173
19600	21	24	26	26	26	26	32	27	19	19	14	21	30	25	17	20	172
19650	21	24	26	26	26	26	29	27	19	19	14	21	30	24	17	20	168
19700	21	24	26	26	26	26	29	27	19	19	14	21	30	24	17	20	167
19750	21	24	26	26	26	26	28	27	19	19	14	21	29	24	17	20	165
19800	21	24	25	26	25	25	28	28	19	19	14	21	29	24	17	21	165
19850	21	23	25	26	25	25	28	28	19	19	14	21	29	24	17	21	166
19900	21	23	25	25	25	25	28	28	19	19	14	21	29	24	17	21	166
19950	21	23	25	26	25	24	28	28	19	19	14	22	29	24	17	21	167
20000	21	23	25	26	25	24	27	28	19	19	14	22	29	24	17	22	167
