0	0.0	0.0	0.0	0.0	0.0	0.0	0.0	0.0	0.0	0.0	0.0	0.0	0.0	0.0	0.0	0.0
50	0.0	0.25	0.0	0.0	0.0	0.0	0.0	0.0	0.166666666667	0.333333333333	0.0	0.0	0.25	0.0	0.0	0.0
100	0.285714285714	0.416666666667	0.375	0.5	0.375	0.4	0.166666666667	0.2	0.222222222222	0.444444444444	0.285714285714	0.333333333333	0.571428571429	0.125	0.5	0.428571428571
150	0.363636363636	0.466666666667	0.571428571429	0.571428571429	0.5	0.538461538462	0.272727272727	0.444444444444	0.384615384615	0.6	0.454545454545	0.375	0.714285714286	0.384615384615	0.631578947368	0.555555555556
200	0.5	0.571428571429	0.631578947368	0.681818181818	0.636363636364	0.533333333333	0.357142857143	0.5	0.578947368421	0.625	0.571428571429	0.6	0.764705882353	0.578947368421	0.636363636364	0.733333333333
250	0.625	0.689655172414	0.692307692308	0.72	0.714285714286	0.695652173913	0.411764705882	0.625	0.590909090909	0.714285714286	0.588235294118	0.666666666667	0.8	0.619047619048	0.692307692308	0.736842105263
300	0.7	0.727272727273	0.71875	0.758620689655	0.764705882353	0.75	0.6	0.7	0.689655172414	0.758620689655	0.65	0.695652173913	0.809523809524	0.692307692308	0.703703703704	0.772727272727
350	0.71875	0.756756756757	0.769230769231	0.787878787879	0.80487804878	0.766666666667	0.655172413793	0.777777777778	0.735294117647	0.794117647059	0.695652173913	0.733333333333	0.857142857143	0.678571428571	0.714285714286	0.791666666667
400	0.72972972973	0.795454545455	0.795454545455	0.794117647059	0.822222222222	0.8	0.705882352941	0.766666666667	0.775	0.810810810811	0.75	0.757575757576	0.866666666667	0.709677419355	0.741935483871	0.827586206897
450	0.75	0.8125	0.8	0.815789473684	0.826086956522	0.825	0.694444444444	0.810810810811	0.808510638298	0.833333333333	0.757575757576	0.777777777778	0.885714285714	0.72972972973	0.764705882353	0.868421052632
500	0.761904761905	0.86	0.804347826087	0.833333333333	0.86	0.840909090909	0.738095238095	0.825	0.9	0.847826086957	0.777777777778	0.789473684211	0.90243902439	0.75	0.809523809524	0.878048780488
550	0.782608695652	0.86	0.8125	0.844444444444	0.94	0.851063829787	0.755555555556	0.840909090909	0.96	0.851063829787	0.809523809524	0.813953488372	0.911111111111	0.772727272727	0.829787234043	0.895833333333
600	0.84	0.9	0.88	0.854166666667	0.96	0.86	0.765957446809	0.847826086957	0.98	0.9	0.833333333333	0.8125	0.918367346939	0.791666666667	0.84	0.98
650	0.94	0.96	0.92	0.86	0.96	0.96	0.86	0.857142857143	0.98	0.94	0.86	0.86	0.9	0.84	0.88	0.98
700	0.94	0.98	0.92	0.92	0.98	0.98	0.94	0.86	0.98	0.94	0.86	0.94	0.96	0.88	0.92	1.0
750	0.94	1.0	0.94	0.94	1.0	1.0	0.96	0.94	1.0	0.96	0.92	0.94	0.96	0.92	0.94	1.0
800	0.96	1.0	0.96	0.94	0.98	1.0	0.98	0.96	1.0	0.98	0.96	0.96	0.98	0.96	0.94	1.0
850	0.96	1.0	0.98	0.98	0.98	1.0	0.98	0.98	1.0	0.98	0.96	0.96	0.98	0.96	0.96	0.98
900	0.98	1.0	0.98	0.98	0.96	1.0	0.98	0.98	1.0	0.98	0.98	0.98	0.98	0.96	0.98	0.98
950	0.98	1.0	0.98	0.98	0.94	1.0	0.98	0.98	1.0	1.0	0.98	0.98	0.98	0.96	0.98	0.98
1000	0.98	1.0	1.0	0.98	0.92	1.0	0.98	0.98	1.0	1.0	0.98	0.98	0.98	0.98	0.98	0.98
1050	0.98	1.0	1.0	1.0	0.92	0.98	1.0	0.98	1.0	1.0	1.0	0.98	0.98	0.98	0.98	0.98
1100	1.0	1.0	1.0	1.0	0.92	0.98	1.0	1.0	1.0	1.0	1.0	0.98	0.98	1.0	0.98	0.98
1150	1.0	1.0	1.0	1.0	0.88	0.98	1.0	1.0	1.0	1.0	1.0	0.96	0.98	1.0	0.98	0.98
1200	1.0	1.0	1.0	1.0	0.88	0.98	1.0	1.0	1.0	1.0	1.0	0.96	0.98	1.0	0.98	0.98
1250	1.0	1.0	1.0	1.0	0.88	0.98	1.0	1.0	1.0	1.0	1.0	0.96	0.98	1.0	0.98	0.98
1300	1.0	1.0	1.0	1.0	0.88	0.96	1.0	1.0	1.0	1.0	1.0	0.96	1.0	1.0	1.0	0.98
1350	1.0	1.0	1.0	1.0	0.9	0.96	1.0	1.0	1.0	1.0	1.0	0.96	1.0	1.0	1.0	0.98
1400	1.0	1.0	1.0	0.98	0.9	0.96	1.0	1.0	1.0	1.0	1.0	0.96	1.0	1.0	1.0	0.98
1450	1.0	1.0	1.0	0.98	0.92	0.96	1.0	1.0	1.0	1.0	1.0	0.94	1.0	1.0	1.0	1.0
1500	1.0	1.0	1.0	0.98	0.94	0.96	1.0	1.0	1.0	1.0	1.0	0.94	1.0	1.0	1.0	1.0
1550	1.0	1.0	1.0	0.98	0.94	0.96	1.0	1.0	1.0	1.0	1.0	0.94	1.0	1.0	1.0	1.0
1600	1.0	1.0	1.0	0.98	0.94	0.96	1.0	1.0	1.0	1.0	1.0	0.94	1.0	1.0	1.0	1.0
1650	1.0	1.0	1.0	0.98	0.96	0.96	1.0	1.0	1.0	1.0	1.0	0.94	1.0	1.0	1.0	1.0
1700	1.0	1.0	0.98	0.98	0.96	0.96	1.0	1.0	0.98	1.0	1.0	0.94	1.0	1.0	1.0	0.98
1750	1.0	1.0	0.98	0.98	0.96	0.96	0.98	0.98	0.98	1.0	1.0	0.94	1.0	1.0	1.0	0.96
1800	1.0	1.0	0.98	0.98	0.96	0.96	0.98	0.98	0.98	1.0	1.0	0.92	1.0	1.0	1.0	0.94
1850	1.0	1.0	0.98	0.98	0.96	0.96	0.98	0.98	0.98	1.0	1.0	0.9	1.0	1.0	1.0	0.94
1900	1.0	1.0	0.98	0.98	0.96	0.98	0.98	0.98	0.98	1.0	1.0	0.92	1.0	1.0	1.0	0.94
1950	1.0	0.98	0.98	0.98	0.98	0.98	0.98	0.98	0.98	1.0	1.0	0.94	0.98	1.0	1.0	0.94
2000	1.0	0.98	0.98	0.98	1.0	0.98	0.98	0.98	0.98	1.0	1.0	0.94	0.98	1.0	1.0	0.94
2050	1.0	0.98	0.98	0.98	1.0	0.98	0.98	0.98	0.98	0.98	1.0	0.94	0.98	1.0	1.0	0.94
2100	1.0	0.98	0.98	0.98	1.0	0.98	0.98	0.98	0.98	0.98	1.0	0.94	0.98	1.0	1.0	0.94
2150	1.0	0.98	0.96	0.98	1.0	0.98	0.98	0.98	0.98	0.98	1.0	0.94	0.98	1.0	1.0	0.94
2200	1.0	0.96	0.96	0.98	1.0	0.98	0.98	0.98	0.94	0.98	1.0	0.94	0.98	1.0	1.0	0.94
2250	1.0	0.96	0.96	0.98	1.0	0.96	0.98	0.98	0.92	0.98	1.0	0.94	0.98	1.0	1.0	0.94
2300	1.0	0.94	0.96	1.0	1.0	0.96	0.98	0.98	0.92	0.98	1.0	0.96	0.98	1.0	1.0	0.94
2350	1.0	0.94	0.96	0.98	1.0	0.96	0.98	0.98	0.94	0.98	1.0	0.96	0.98	1.0	1.0	0.94
2400	1.0	0.94	0.96	0.98	1.0	0.98	0.98	0.98	0.94	0.96	1.0	0.96	0.98	1.0	1.0	0.94
2450	1.0	0.92	0.98	0.96	1.0	0.98	0.98	0.98	0.94	0.96	1.0	0.96	0.98	1.0	1.0	0.94
2500	1.0	0.92	0.98	0.96	1.0	0.98	0.98	0.98	0.94	0.94	1.0	0.94	0.98	0.98	1.0	0.94
2550	1.0	0.92	0.98	0.96	1.0	0.96	0.98	0.98	0.94	0.94	1.0	0.96	0.98	0.98	1.0	0.94
2600	0.98	0.94	0.98	0.96	1.0	0.96	0.98	1.0	0.94	0.94	1.0	0.96	0.98	0.98	1.0	0.96
2650	0.98	0.94	0.98	0.96	1.0	0.96	1.0	0.96	0.94	0.94	1.0	0.98	0.98	0.98	1.0	0.94
2700	0.98	0.94	0.98	0.96	0.98	0.94	1.0	0.94	0.94	0.94	1.0	0.98	0.98	0.98	1.0	0.92
2750	0.96	0.94	0.98	0.94	0.98	0.94	1.0	0.94	0.94	0.92	1.0	0.98	0.98	0.98	1.0	0.92
2800	0.96	0.94	0.98	0.94	0.98	0.94	1.0	0.94	0.94	0.92	1.0	0.98	1.0	0.98	1.0	0.9
2850	0.96	0.94	1.0	0.94	0.98	0.94	1.0	0.94	0.94	0.92	1.0	0.98	1.0	0.98	1.0	0.86
2900	0.96	0.94	1.0	0.94	0.98	0.94	1.0	0.94	0.94	0.92	1.0	0.98	1.0	0.98	1.0	0.86
2950	0.94	0.96	1.0	0.94	0.98	0.94	1.0	0.94	0.94	0.92	1.0	0.98	1.0	0.98	1.0	0.86
3000	0.94	0.96	1.0	0.94	0.96	0.94	1.0	0.94	1.0	0.92	1.0	0.98	1.0	0.98	1.0	0.86
3050	0.94	0.98	1.0	0.92	0.96	0.94	0.98	0.94	1.0	0.92	1.0	0.98	0.98	0.98	1.0	0.86
3100	0.94	1.0	1.0	0.92	0.96	0.94	0.98	0.94	1.0	0.92	1.0	0.98	0.98	0.98	0.98	0.86
3150	0.94	1.0	1.0	0.92	0.96	0.96	0.98	0.94	1.0	0.9	1.0	0.98	0.98	0.98	0.98	0.86
3200	0.94	1.0	1.0	0.94	0.96	0.96	0.98	0.94	1.0	0.9	1.0	0.98	0.96	0.98	0.98	0.86
3250	0.94	1.0	0.98	0.96	0.96	0.96	0.98	0.98	1.0	0.92	1.0	0.98	0.96	0.98	0.98	0.86
3300	0.94	0.98	0.98	0.96	0.96	0.96	0.98	1.0	1.0	0.92	1.0	0.98	0.96	0.98	0.98	0.88
3350	0.96	0.98	0.98	0.96	0.96	0.96	0.98	1.0	1.0	0.94	0.96	1.0	0.96	0.98	0.98	0.88
3400	0.96	0.98	0.98	0.94	0.96	0.96	0.98	1.0	1.0	0.94	0.96	1.0	0.96	1.0	0.98	0.92
3450	0.96	0.98	0.98	0.96	0.96	0.98	0.98	1.0	1.0	0.94	0.96	1.0	0.94	1.0	0.98	0.94
3500	0.98	0.98	0.96	0.96	0.98	0.98	0.98	1.0	1.0	0.94	0.96	1.0	0.94	1.0	0.98	0.98
3550	0.96	0.98	0.96	0.96	0.98	0.98	0.98	1.0	1.0	0.94	0.94	0.98	0.94	1.0	0.98	0.98
3600	0.96	0.98	0.96	0.96	0.98	1.0	0.98	1.0	0.98	0.96	0.94	0.98	0.94	1.0	0.98	0.98
3650	0.98	0.98	0.96	0.96	0.98	1.0	0.98	1.0	0.96	0.96	0.92	0.96	0.94	1.0	0.98	0.98
3700	0.98	0.98	0.94	0.96	0.98	1.0	0.98	1.0	0.96	0.98	0.9	0.96	0.94	1.0	0.98	0.96
3750	0.98	0.98	0.94	0.94	0.98	1.0	1.0	1.0	0.96	1.0	0.88	0.94	0.94	1.0	0.98	0.96
3800	0.96	0.98	0.92	0.96	1.0	1.0	1.0	1.0	0.96	1.0	0.88	0.94	0.94	1.0	1.0	0.96
3850	0.96	0.96	0.92	0.96	1.0	1.0	1.0	1.0	0.96	1.0	0.88	0.94	0.94	1.0	1.0	0.96
3900	0.94	0.94	0.92	0.96	1.0	0.98	1.0	1.0	0.96	1.0	0.88	0.94	0.96	1.0	1.0	0.96
3950	0.94	0.96	0.9	0.96	1.0	0.98	1.0	1.0	0.96	1.0	0.88	0.92	0.96	1.0	1.0	0.96
4000	0.94	0.96	0.92	0.96	1.0	0.98	1.0	1.0	0.96	1.0	0.88	0.92	0.96	1.0	1.0	0.96
4050	0.94	0.96	0.92	0.96	1.0	0.98	0.98	1.0	0.96	1.0	0.88	0.92	0.96	0.98	1.0	0.96
4100	0.94	0.96	0.94	0.96	1.0	0.98	0.98	1.0	0.96	1.0	0.88	0.94	0.96	0.98	0.98	0.94
4150	0.94	0.96	0.94	0.94	1.0	0.98	0.98	1.0	0.96	1.0	0.92	0.94	0.96	0.98	0.96	0.92
4200	0.96	0.96	0.94	0.96	1.0	0.98	0.98	1.0	0.94	1.0	0.92	0.94	0.98	0.98	0.96	0.92
4250	0.96	0.96	0.94	0.96	1.0	0.98	0.98	1.0	0.94	1.0	0.92	0.96	0.98	0.98	0.96	0.92
4300	0.96	0.96	0.94	0.96	1.0	0.98	0.98	1.0	0.94	1.0	0.94	0.96	0.98	0.98	0.96	0.92
4350	0.96	0.94	0.96	0.96	1.0	0.98	0.98	1.0	0.94	1.0	0.94	0.98	0.98	0.98	0.96	0.92
4400	0.96	0.94	0.98	0.96	1.0	0.98	0.96	1.0	0.94	1.0	0.96	0.98	0.98	0.98	0.96	0.94
4450	0.98	0.94	0.98	0.96	1.0	0.98	0.96	1.0	0.94	1.0	0.96	0.98	0.98	0.98	0.96	0.94
4500	0.98	0.94	0.98	0.96	1.0	0.96	0.96	1.0	0.94	1.0	0.96	0.98	1.0	0.98	0.96	0.94
4550	0.98	0.94	0.98	0.98	1.0	0.96	0.96	1.0	0.96	1.0	0.98	1.0	1.0	0.98	0.96	0.94
4600	0.98	0.92	0.98	0.98	1.0	0.96	0.96	1.0	0.96	1.0	0.96	1.0	1.0	0.96	0.96	0.96
4650	0.98	0.96	0.98	0.98	1.0	0.98	0.96	1.0	0.96	1.0	0.96	1.0	1.0	0.96	0.96	0.96
4700	0.98	0.96	0.98	0.98	1.0	0.98	0.96	1.0	0.96	1.0	0.96	1.0	1.0	0.96	0.96	0.96
4750	0.96	0.96	0.98	1.0	1.0	0.98	0.96	1.0	0.96	1.0	0.96	1.0	1.0	0.96	0.98	0.96
4800	0.96	0.96	0.98	1.0	1.0	0.98	0.98	1.0	0.94	1.0	0.96	1.0	0.98	0.96	0.98	0.96
4850	0.96	0.96	0.98	1.0	1.0	0.96	0.98	1.0	0.94	1.0	0.96	1.0	0.98	0.96	0.98	0.98
4900	0.9	0.96	0.96	1.0	1.0	0.96	0.98	1.0	0.96	1.0	0.96	1.0	0.98	0.94	0.98	1.0
4950	0.9	0.96	0.96	1.0	1.0	0.96	0.98	1.0	0.96	1.0	0.96	0.98	0.98	0.94	0.98	1.0
5000	0.9	0.96	0.96	1.0	1.0	0.96	0.98	0.98	0.96	1.0	0.96	0.98	0.98	0.94	0.96	0.96
5050	0.9	0.94	0.96	0.98	1.0	0.96	0.98	0.98	0.98	1.0	0.96	0.98	0.98	0.94	0.96	0.96
5100	0.9	0.94	0.96	0.98	1.0	0.96	1.0	0.98	0.98	1.0	0.94	0.98	0.98	0.94	0.96	0.94
5150	0.9	0.94	0.94	0.98	1.0	0.96	1.0	0.98	0.98	1.0	0.94	0.98	0.98	0.94	0.96	0.92
5200	0.92	0.94	0.94	0.98	1.0	0.96	1.0	0.98	0.98	1.0	0.92	0.98	0.98	0.94	0.94	0.92
5250	0.92	0.96	0.94	0.98	1.0	0.96	1.0	0.96	0.98	1.0	0.94	0.96	0.98	0.94	0.94	0.92
5300	0.92	0.96	0.94	0.98	1.0	0.96	1.0	0.94	0.98	1.0	0.94	0.96	0.98	0.94	0.94	0.92
5350	0.92	0.96	0.96	0.98	1.0	0.96	1.0	0.92	0.98	1.0	0.94	0.96	0.98	0.94	0.96	0.92
5400	0.9	0.96	0.94	0.98	1.0	0.96	1.0	0.92	1.0	1.0	0.94	0.96	0.98	0.94	0.94	0.92
5450	0.92	0.96	0.94	0.98	1.0	0.96	1.0	0.92	1.0	1.0	0.96	0.96	0.98	0.96	0.94	0.9
5500	0.92	0.96	0.94	0.98	1.0	0.96	1.0	0.9	1.0	1.0	0.96	0.96	0.98	0.98	0.96	0.9
5550	0.96	0.96	0.94	0.98	1.0	0.96	1.0	0.9	1.0	1.0	0.96	0.96	0.98	0.98	0.92	0.9
5600	0.98	0.96	0.94	0.98	1.0	0.96	1.0	0.9	1.0	1.0	0.96	0.94	0.98	0.98	0.92	0.9
5650	0.98	0.96	0.94	0.96	1.0	0.96	1.0	0.9	1.0	0.98	0.96	0.96	1.0	0.98	0.9	0.9
5700	0.98	0.96	0.94	0.96	1.0	0.96	1.0	0.9	1.0	0.98	0.96	0.96	1.0	0.98	0.92	0.92
5750	0.98	0.96	0.94	0.96	1.0	0.98	1.0	0.9	1.0	0.98	0.96	0.94	1.0	0.98	0.92	0.94
5800	0.98	0.98	0.96	0.96	1.0	0.96	1.0	0.88	1.0	0.98	0.96	0.94	1.0	0.98	0.92	0.94
5850	0.98	0.98	0.96	0.98	1.0	0.96	1.0	0.9	1.0	0.98	0.96	0.94	1.0	0.98	0.92	0.94
5900	0.98	0.98	0.96	0.96	1.0	0.96	1.0	0.92	1.0	0.98	0.98	0.96	1.0	0.98	0.92	0.94
5950	0.98	0.98	0.94	0.96	1.0	0.96	1.0	0.94	1.0	0.98	0.98	0.96	1.0	0.98	0.92	0.94
6000	1.0	0.98	0.96	0.96	1.0	0.96	1.0	0.94	1.0	0.98	0.98	0.94	1.0	0.98	0.92	0.96
6050	1.0	0.98	0.96	0.96	1.0	0.98	1.0	0.96	0.98	0.98	0.98	0.94	1.0	0.98	0.94	0.94
6100	1.0	0.98	0.96	0.96	1.0	0.96	1.0	0.96	0.98	0.98	0.96	0.94	1.0	0.98	0.94	0.94
6150	1.0	0.98	0.96	0.94	1.0	0.96	1.0	0.96	0.98	0.98	0.96	0.94	1.0	0.98	0.92	0.94
6200	1.0	1.0	0.98	0.94	1.0	0.96	1.0	0.96	0.96	0.98	0.96	0.96	0.98	0.98	0.94	0.94
6250	1.0	1.0	0.98	0.96	1.0	0.96	0.98	0.98	0.96	0.98	0.96	0.96	0.98	0.98	0.94	0.96
6300	1.0	1.0	0.98	0.96	1.0	0.96	0.98	0.98	0.94	0.98	0.96	0.96	0.96	0.96	0.96	0.96
6350	1.0	1.0	0.98	0.96	1.0	0.96	0.98	0.96	0.94	1.0	0.96	0.96	0.96	0.94	0.96	0.96
6400	1.0	1.0	0.98	0.96	1.0	0.96	0.98	0.96	0.94	1.0	0.96	0.98	0.96	0.94	0.98	0.96
6450	1.0	1.0	0.98	0.96	1.0	0.96	0.98	0.98	0.92	1.0	0.94	0.98	0.96	0.94	0.96	0.96
6500	1.0	1.0	0.98	0.96	1.0	0.96	0.98	0.98	0.92	1.0	0.94	0.98	0.96	0.96	0.96	0.94
6550	1.0	1.0	0.98	0.94	1.0	0.98	0.98	0.96	0.92	1.0	0.94	0.98	0.96	0.96	0.96	0.96
6600	1.0	1.0	0.98	0.94	1.0	0.98	0.96	0.96	0.92	1.0	0.94	0.98	0.96	0.96	0.96	0.96
6650	1.0	1.0	0.98	0.94	1.0	0.96	0.96	0.96	0.94	1.0	0.94	0.98	0.96	0.96	0.96	0.94
6700	1.0	1.0	0.98	0.94	1.0	0.96	0.96	0.96	0.94	1.0	0.94	0.98	0.96	0.96	0.96	0.96
6750	1.0	1.0	1.0	0.96	1.0	0.96	0.96	0.94	0.94	1.0	0.94	1.0	0.96	0.96	0.98	0.96
6800	0.98	1.0	1.0	0.94	1.0	0.96	0.96	0.94	0.94	0.98	0.94	1.0	0.96	0.96	0.98	0.96
6850	0.98	1.0	1.0	0.94	1.0	0.96	0.94	0.94	0.96	0.98	0.94	1.0	0.96	0.96	0.98	0.96
6900	0.98	1.0	1.0	0.94	1.0	0.96	0.94	0.94	0.96	0.98	0.98	1.0	0.96	0.96	0.98	0.96
6950	0.98	1.0	1.0	0.94	1.0	0.96	0.94	0.94	0.96	0.98	0.98	1.0	0.96	0.96	0.98	0.96
7000	0.98	1.0	1.0	0.94	1.0	0.96	0.96	0.94	0.96	0.98	0.98	0.98	0.96	0.96	0.98	0.96
7050	0.98	1.0	1.0	0.96	1.0	0.96	0.96	0.94	0.98	0.98	0.98	0.98	0.96	0.96	0.98	0.96
7100	0.98	1.0	1.0	0.96	1.0	0.96	0.96	0.96	0.98	0.98	0.98	0.98	0.98	0.98	0.98	0.96
7150	0.98	1.0	1.0	0.96	1.0	0.96	0.96	0.96	0.98	0.98	0.98	0.96	0.98	0.98	0.98	0.98
7200	0.98	1.0	1.0	0.96	1.0	0.96	0.96	0.96	0.98	0.98	1.0	0.96	0.98	0.98	0.98	0.98
7250	0.98	1.0	1.0	0.96	1.0	0.96	0.96	0.98	0.98	0.98	1.0	0.96	0.98	0.98	0.98	1.0
7300	0.98	1.0	1.0	0.98	1.0	0.96	0.96	0.98	0.98	0.98	1.0	0.94	0.98	0.98	0.98	0.98
7350	1.0	1.0	1.0	0.98	1.0	0.96	0.96	0.98	0.98	0.98	1.0	0.94	0.98	0.96	0.98	0.98
7400	1.0	1.0	1.0	0.98	1.0	0.96	0.98	1.0	1.0	0.98	1.0	0.94	0.98	0.96	0.98	0.98
7450	0.98	1.0	1.0	0.98	1.0	0.96	0.98	1.0	1.0	0.98	1.0	0.94	0.98	0.94	0.98	0.98
7500	0.98	1.0	1.0	1.0	1.0	0.96	0.98	1.0	1.0	1.0	1.0	0.94	0.98	0.94	0.98	0.98
7550	0.98	1.0	1.0	1.0	0.98	0.96	0.98	1.0	0.98	1.0	1.0	0.94	0.98	0.94	0.96	0.98
7600	0.98	0.98	1.0	1.0	0.98	0.98	1.0	1.0	0.98	1.0	1.0	0.94	0.98	0.94	0.96	0.98
7650	0.98	0.98	1.0	0.98	0.98	0.98	1.0	1.0	0.98	1.0	1.0	0.94	1.0	0.96	0.98	0.98
7700	0.98	0.98	1.0	0.98	0.98	0.98	1.0	1.0	0.98	1.0	1.0	0.94	1.0	0.96	0.96	0.98
7750	0.98	0.96	1.0	0.98	0.98	0.98	1.0	1.0	0.98	1.0	1.0	0.94	1.0	0.96	0.96	0.98
7800	0.98	0.96	1.0	0.98	0.98	0.98	1.0	1.0	0.98	1.0	1.0	0.96	1.0	0.96	0.96	0.98
7850	0.98	0.96	1.0	0.98	0.98	0.98	1.0	1.0	0.98	0.98	1.0	0.96	1.0	0.96	0.96	0.96
7900	0.98	0.96	1.0	0.98	0.96	0.98	1.0	1.0	0.98	0.98	1.0	0.98	1.0	0.96	0.94	0.96
7950	0.98	0.96	1.0	0.98	0.96	0.98	1.0	1.0	0.98	0.98	1.0	0.98	1.0	0.94	0.94	0.96
8000	0.98	0.96	1.0	0.96	0.96	0.98	1.0	1.0	0.98	0.98	1.0	0.98	1.0	0.96	0.94	0.96
8050	0.98	0.96	1.0	0.96	0.96	0.98	1.0	1.0	0.98	0.98	1.0	0.98	1.0	0.98	0.94	0.98
8100	0.98	0.96	1.0	0.96	0.96	1.0	0.98	1.0	0.98	0.98	1.0	0.98	1.0	0.98	0.94	0.98
8150	0.98	0.96	1.0	0.96	0.96	1.0	0.98	1.0	0.98	0.98	1.0	0.98	1.0	0.98	0.96	0.98
8200	0.98	0.96	1.0	0.96	0.96	1.0	0.98	1.0	0.98	0.98	1.0	0.98	1.0	0.98	0.96	0.98
8250	0.98	0.96	1.0	0.96	0.96	1.0	0.98	1.0	0.98	0.98	1.0	0.98	1.0	0.98	0.96	0.98
8300	1.0	0.96	1.0	0.96	0.96	1.0	0.98	0.98	0.98	0.98	1.0	1.0	0.98	0.98	0.96	0.98
8350	0.98	0.98	1.0	0.96	0.96	1.0	0.98	0.98	1.0	0.98	1.0	1.0	0.98	0.98	0.98	0.98
8400	0.98	0.98	1.0	0.94	0.96	1.0	0.98	0.98	1.0	0.98	1.0	1.0	0.98	0.98	0.96	0.98
8450	0.98	0.98	1.0	0.96	0.96	1.0	0.98	0.98	1.0	0.98	1.0	1.0	0.98	0.98	0.96	0.98
8500	0.98	0.94	1.0	0.96	0.96	1.0	0.98	0.98	1.0	0.96	1.0	1.0	0.98	0.98	0.98	0.98
8550	0.98	0.94	1.0	0.96	0.96	1.0	0.98	0.98	1.0	0.98	1.0	1.0	0.98	0.98	0.98	1.0
8600	0.96	0.94	1.0	0.96	0.98	1.0	0.98	0.98	0.98	0.98	1.0	1.0	0.98	0.98	0.98	1.0
8650	0.96	0.92	1.0	0.96	0.98	1.0	0.98	0.98	0.98	0.98	1.0	1.0	0.98	0.98	0.98	1.0
8700	0.96	0.92	1.0	0.96	0.98	1.0	0.98	0.98	0.98	0.98	1.0	1.0	0.98	1.0	0.98	1.0
8750	0.96	0.9	1.0	0.96	0.98	1.0	0.98	0.98	0.98	0.98	1.0	1.0	0.98	1.0	0.98	1.0
8800	0.96	0.9	1.0	0.94	0.98	1.0	1.0	0.98	0.98	0.98	1.0	1.0	0.98	1.0	0.98	1.0
8850	0.96	0.9	1.0	0.94	0.98	1.0	1.0	0.96	0.98	0.98	1.0	1.0	0.98	1.0	0.98	1.0
8900	0.96	0.88	1.0	0.94	0.98	1.0	1.0	0.94	0.98	0.98	1.0	1.0	0.98	1.0	0.98	1.0
8950	0.96	0.88	1.0	0.94	1.0	1.0	1.0	0.94	0.98	0.98	0.98	1.0	0.98	1.0	0.98	1.0
9000	0.98	0.88	1.0	0.94	1.0	1.0	1.0	0.96	0.98	0.98	0.98	1.0	0.98	1.0	0.98	1.0
9050	0.98	0.88	1.0	0.96	1.0	1.0	1.0	0.96	0.98	0.98	0.98	1.0	0.98	1.0	0.98	1.0
9100	0.98	0.9	1.0	0.96	1.0	1.0	1.0	0.96	0.98	0.96	0.98	1.0	0.98	1.0	0.98	1.0
9150	0.98	0.92	1.0	0.96	1.0	1.0	1.0	0.96	0.98	0.96	0.98	1.0	0.98	1.0	1.0	1.0
9200	1.0	0.94	1.0	0.96	1.0	1.0	1.0	0.96	0.98	0.96	0.96	1.0	0.98	1.0	1.0	1.0
9250	1.0	0.94	1.0	0.96	1.0	1.0	1.0	0.96	0.98	0.96	0.96	1.0	0.98	1.0	1.0	1.0
9300	1.0	0.96	1.0	0.96	1.0	1.0	1.0	0.96	0.98	0.98	0.96	1.0	0.98	1.0	1.0	1.0
9350	1.0	0.96	1.0	0.96	1.0	1.0	1.0	0.96	0.98	0.98	0.96	1.0	0.98	1.0	1.0	1.0
9400	1.0	0.96	1.0	0.96	1.0	0.98	1.0	0.94	0.98	0.96	0.96	1.0	0.98	1.0	1.0	1.0
9450	1.0	0.98	1.0	0.96	1.0	0.98	1.0	0.94	1.0	0.96	0.96	1.0	0.98	1.0	1.0	1.0
9500	1.0	0.98	1.0	0.96	1.0	0.98	1.0	0.94	1.0	0.96	0.96	1.0	0.98	1.0	1.0	1.0
9550	1.0	1.0	1.0	0.94	1.0	0.98	1.0	0.94	1.0	0.96	0.96	1.0	0.98	1.0	1.0	1.0
9600	0.98	0.98	1.0	0.94	1.0	0.98	0.98	0.94	1.0	0.96	0.96	1.0	0.98	1.0	1.0	1.0
9650	0.98	0.98	1.0	0.94	0.98	0.98	0.96	0.94	1.0	0.96	0.96	1.0	0.98	1.0	1.0	1.0
9700	0.98	0.98	1.0	0.96	0.98	0.98	0.96	0.96	1.0	0.96	0.96	1.0	0.98	1.0	1.0	1.0
9750	0.98	0.98	1.0	0.96	0.98	0.98	0.96	0.98	1.0	0.96	0.98	1.0	0.98	1.0	1.0	1.0
9800	0.96	0.98	1.0	0.96	0.98	0.98	0.96	0.98	1.0	0.96	0.98	1.0	0.98	1.0	1.0	1.0
9850	0.96	0.98	1.0	0.96	0.98	0.98	0.96	0.98	1.0	0.96	0.98	1.0	0.98	1.0	1.0	1.0
9900	0.96	0.98	1.0	0.96	0.98	0.96	0.96	0.98	1.0	0.98	0.98	0.98	1.0	1.0	1.0	1.0
9950	0.96	0.98	1.0	0.96	0.98	0.96	0.96	0.98	1.0	0.98	0.98	0.98	1.0	1.0	1.0	1.0
10000	0.96	0.98	1.0	0.96	0.98	0.98	0.96	0.98	1.0	0.98	0.98	0.98	1.0	1.0	1.0	1.0
10050	0.96	0.98	1.0	0.96	0.98	0.98	0.96	0.98	1.0	0.98	0.98	0.98	0.98	1.0	1.0	0.98
10100	0.96	0.98	1.0	0.96	0.98	0.98	0.94	0.98	1.0	0.98	0.98	0.96	0.98	1.0	1.0	0.98
10150	0.96	0.98	1.0	0.96	0.98	0.98	0.94	0.98	1.0	0.98	0.98	0.96	0.98	0.98	1.0	0.98
10200	0.96	0.98	1.0	0.98	0.98	0.98	0.94	1.0	1.0	0.98	1.0	0.92	0.98	0.98	1.0	0.98
10250	0.96	1.0	1.0	0.98	0.98	0.98	0.92	1.0	1.0	1.0	1.0	0.92	0.98	0.98	1.0	0.98
10300	0.96	1.0	1.0	0.98	0.98	0.98	0.92	1.0	1.0	1.0	1.0	0.92	0.98	0.98	1.0	0.98
10350	0.96	1.0	1.0	0.98	1.0	0.98	0.94	1.0	1.0	1.0	1.0	0.92	0.98	0.98	1.0	0.98
10400	0.96	1.0	1.0	1.0	1.0	0.98	0.94	1.0	1.0	1.0	1.0	0.92	0.98	0.98	0.98	0.98
10450	0.96	1.0	1.0	1.0	1.0	0.98	0.96	1.0	1.0	1.0	1.0	0.92	0.98	0.98	0.98	0.98
10500	0.96	1.0	1.0	1.0	0.98	0.98	0.96	1.0	1.0	1.0	1.0	0.92	0.98	0.98	0.96	0.98
10550	0.96	1.0	1.0	1.0	0.98	0.98	0.96	1.0	1.0	1.0	1.0	0.92	0.98	0.98	0.96	0.98
10600	0.98	1.0	1.0	1.0	0.98	0.98	0.96	1.0	1.0	1.0	1.0	0.92	0.98	0.98	0.96	0.96
10650	0.98	1.0	1.0	1.0	0.98	0.98	0.94	1.0	1.0	1.0	1.0	0.94	0.98	0.98	0.96	0.94
10700	0.98	1.0	1.0	1.0	0.98	0.98	0.94	1.0	1.0	1.0	1.0	0.94	0.98	0.98	0.94	0.94
10750	0.98	1.0	1.0	1.0	0.96	0.98	0.96	1.0	1.0	1.0	1.0	0.92	0.98	0.98	0.9	0.94
10800	0.98	1.0	1.0	1.0	0.96	0.98	0.96	1.0	1.0	1.0	1.0	0.92	0.98	0.96	0.9	0.96
10850	0.98	1.0	1.0	1.0	0.96	1.0	0.96	0.98	1.0	1.0	1.0	0.92	1.0	0.96	0.9	0.96
10900	0.98	1.0	1.0	1.0	0.96	1.0	0.96	0.98	1.0	1.0	1.0	0.92	1.0	0.96	0.9	0.94
10950	0.98	1.0	1.0	1.0	0.96	1.0	0.98	0.98	1.0	1.0	1.0	0.96	1.0	0.96	0.9	0.94
11000	0.98	1.0	1.0	1.0	0.96	1.0	0.98	0.98	1.0	1.0	1.0	0.96	1.0	0.98	0.9	0.94
11050	0.98	1.0	1.0	1.0	0.96	1.0	0.98	0.98	1.0	1.0	0.98	0.96	1.0	0.98	0.9	0.94
11100	0.98	1.0	1.0	1.0	0.96	1.0	0.98	0.98	1.0	1.0	0.98	0.96	0.98	0.96	0.9	0.94
11150	0.98	1.0	1.0	0.98	0.96	1.0	0.98	0.98	1.0	1.0	0.98	0.96	0.98	0.96	0.9	0.94
11200	0.98	1.0	1.0	0.98	0.96	1.0	0.98	0.98	1.0	1.0	0.98	0.92	0.98	0.96	0.9	0.94
11250	0.98	1.0	1.0	0.98	0.96	1.0	0.98	0.98	1.0	1.0	0.98	0.92	0.98	0.96	0.9	0.94
11300	0.98	1.0	1.0	0.98	0.96	1.0	0.98	0.98	1.0	0.98	0.98	0.92	0.98	0.96	0.9	0.94
11350	0.98	1.0	1.0	0.98	0.98	1.0	0.98	0.98	1.0	0.98	0.98	0.92	0.96	0.96	0.92	0.94
11400	0.98	1.0	1.0	0.98	0.98	1.0	0.98	0.98	1.0	0.98	0.98	0.92	0.96	0.96	0.92	0.94
11450	0.98	1.0	1.0	0.98	0.98	1.0	0.98	0.94	1.0	0.98	0.98	0.92	0.96	0.96	0.96	0.94
11500	0.98	1.0	1.0	0.98	0.98	1.0	0.98	0.94	1.0	0.98	0.98	0.92	0.96	0.96	0.96	0.96
11550	0.98	1.0	1.0	0.98	0.98	1.0	0.98	0.94	1.0	0.98	0.98	0.9	0.96	0.96	0.98	0.98
11600	0.98	1.0	1.0	0.98	0.98	1.0	0.98	0.94	1.0	0.98	0.98	0.9	0.96	0.98	0.98	0.98
11650	0.96	1.0	1.0	0.98	0.98	1.0	0.98	0.94	1.0	0.98	0.98	0.92	0.94	0.96	0.98	0.98
11700	0.96	1.0	1.0	0.98	1.0	1.0	0.96	0.92	1.0	0.96	0.98	0.92	0.94	0.96	0.98	0.98
11750	0.96	1.0	1.0	0.98	1.0	1.0	0.96	0.92	1.0	0.96	0.98	0.92	0.94	0.96	0.98	0.98
11800	0.96	1.0	1.0	0.98	1.0	1.0	0.96	0.92	1.0	0.96	0.98	0.92	0.94	0.96	0.98	0.98
11850	0.96	1.0	1.0	0.98	1.0	0.98	0.96	0.92	1.0	0.96	1.0	0.92	0.96	0.96	0.98	1.0
11900	0.96	1.0	1.0	0.98	1.0	0.98	0.96	0.92	1.0	0.96	1.0	0.92	0.96	0.96	0.98	1.0
11950	0.96	1.0	1.0	0.98	1.0	0.98	0.96	0.9	1.0	0.96	1.0	0.9	0.98	0.96	0.98	1.0
12000	0.96	0.98	1.0	1.0	1.0	0.98	0.96	0.9	1.0	0.96	1.0	0.9	0.98	0.98	0.98	1.0
12050	0.98	0.98	1.0	1.0	1.0	0.98	0.96	0.9	1.0	0.96	1.0	0.94	0.98	0.98	0.98	1.0
12100	0.98	0.98	1.0	0.98	1.0	0.98	0.94	0.92	1.0	0.96	1.0	0.94	0.98	0.98	1.0	1.0
12150	0.98	0.98	1.0	0.98	1.0	0.98	0.94	0.92	1.0	0.96	1.0	0.94	0.98	0.98	1.0	1.0
12200	0.98	0.98	1.0	0.98	1.0	0.98	0.94	0.94	1.0	0.94	1.0	0.94	0.98	0.98	1.0	1.0
12250	0.98	0.98	1.0	0.96	1.0	0.98	0.94	0.94	1.0	0.96	1.0	0.94	0.98	0.98	1.0	1.0
12300	0.98	0.98	1.0	0.96	1.0	0.98	0.92	0.94	1.0	0.96	1.0	0.96	0.98	0.98	1.0	1.0
12350	0.98	0.98	1.0	0.96	1.0	0.98	0.92	0.96	1.0	0.96	1.0	0.96	0.98	0.98	1.0	1.0
12400	1.0	0.96	1.0	0.96	1.0	0.98	0.9	0.96	1.0	0.96	1.0	0.98	0.98	0.98	1.0	1.0
12450	1.0	0.96	1.0	0.96	1.0	0.98	0.88	0.96	1.0	0.96	1.0	0.98	0.98	0.98	1.0	1.0
12500	1.0	0.96	1.0	0.96	1.0	0.98	0.9	0.96	1.0	0.96	1.0	0.98	0.98	0.98	1.0	1.0
12550	1.0	0.96	1.0	0.96	1.0	0.98	0.88	0.96	1.0	0.98	1.0	0.98	0.94	0.98	1.0	1.0
12600	1.0	0.96	1.0	0.96	1.0	0.98	0.9	0.96	1.0	0.98	1.0	0.98	0.94	0.98	1.0	1.0
12650	1.0	0.96	1.0	0.96	1.0	1.0	0.9	0.96	1.0	0.98	1.0	0.98	0.94	1.0	1.0	1.0
12700	1.0	0.96	1.0	0.94	1.0	1.0	0.9	0.96	1.0	0.98	1.0	0.98	0.94	1.0	1.0	1.0
12750	1.0	0.96	1.0	0.96	1.0	1.0	0.9	0.96	1.0	0.98	0.98	1.0	0.94	1.0	1.0	1.0
12800	1.0	0.96	1.0	0.96	1.0	0.98	0.9	0.96	1.0	0.98	0.98	1.0	0.94	1.0	1.0	1.0
12850	1.0	0.98	1.0	0.96	1.0	0.98	0.9	0.96	1.0	0.98	0.98	1.0	0.94	1.0	1.0	1.0
12900	1.0	0.98	1.0	0.96	1.0	0.96	0.9	0.96	1.0	0.98	0.98	1.0	0.94	1.0	1.0	1.0
12950	1.0	0.98	1.0	0.96	1.0	0.96	0.9	0.98	1.0	0.98	0.96	1.0	0.94	1.0	1.0	1.0
13000	1.0	0.98	1.0	0.98	1.0	0.96	0.92	0.98	1.0	0.98	0.96	1.0	0.94	0.98	1.0	1.0
13050	1.0	0.98	1.0	0.98	1.0	0.96	0.92	0.98	1.0	0.98	0.96	1.0	0.94	0.96	1.0	1.0
13100	1.0	0.98	1.0	0.98	1.0	0.96	0.94	0.98	1.0	1.0	0.96	1.0	0.94	0.96	0.98	1.0
13150	1.0	0.98	1.0	0.98	1.0	0.96	0.96	0.98	1.0	0.98	0.96	1.0	0.94	0.96	0.98	1.0
13200	1.0	0.98	1.0	0.98	1.0	0.96	0.98	0.98	1.0	0.98	0.96	1.0	0.94	0.96	0.98	0.96
13250	1.0	0.98	1.0	0.98	1.0	0.96	0.98	0.98	1.0	0.98	0.96	1.0	0.94	0.96	0.98	0.96
13300	1.0	0.98	1.0	0.98	1.0	0.96	0.98	0.98	1.0	0.98	0.96	1.0	0.94	0.94	0.98	0.96
13350	1.0	0.98	1.0	0.98	1.0	0.96	1.0	0.98	1.0	0.96	0.96	1.0	0.94	0.94	0.98	0.96
13400	1.0	1.0	1.0	0.98	1.0	0.96	1.0	0.98	1.0	0.96	0.96	1.0	0.94	0.94	0.98	0.96
13450	1.0	1.0	1.0	1.0	1.0	0.96	1.0	0.96	1.0	0.96	0.94	1.0	0.96	0.94	0.98	0.96
13500	1.0	1.0	1.0	1.0	1.0	0.96	1.0	0.96	1.0	0.96	0.96	0.98	0.96	0.94	0.98	0.96
13550	1.0	1.0	1.0	1.0	1.0	0.98	1.0	0.96	1.0	0.96	0.96	0.98	0.96	0.94	0.98	0.96
13600	1.0	1.0	1.0	1.0	1.0	0.98	1.0	0.96	1.0	0.96	0.96	0.96	0.96	0.94	0.98	0.96
13650	1.0	0.98	1.0	1.0	1.0	0.98	1.0	0.96	1.0	0.96	0.96	0.94	1.0	0.92	0.98	0.96
13700	0.98	0.98	1.0	1.0	0.98	0.98	1.0	0.96	1.0	0.96	0.98	0.94	1.0	0.92	0.98	0.96
13750	0.98	0.98	1.0	1.0	0.98	0.98	1.0	0.96	0.98	0.96	0.98	0.94	1.0	0.92	0.98	0.96
13800	0.98	0.98	1.0	1.0	0.98	0.96	1.0	0.96	0.98	0.96	0.96	0.94	1.0	0.92	0.98	0.96
13850	0.98	0.98	1.0	1.0	0.98	0.96	1.0	0.96	0.98	0.94	0.96	0.94	1.0	0.92	0.98	0.96
13900	0.98	0.98	1.0	1.0	0.98	0.96	1.0	0.96	0.98	0.94	0.96	0.94	1.0	0.94	0.96	1.0
13950	0.98	0.98	1.0	1.0	0.98	0.96	1.0	0.96	0.98	0.96	0.96	0.94	1.0	0.94	0.98	1.0
14000	0.98	0.98	1.0	0.98	0.98	0.96	1.0	0.96	0.98	0.96	0.96	0.92	1.0	0.96	0.98	1.0
14050	0.98	0.98	1.0	0.98	0.98	0.96	0.98	0.96	0.98	0.96	0.98	0.92	1.0	0.96	0.96	1.0
14100	0.98	0.98	1.0	0.98	0.98	0.96	0.98	0.96	0.98	0.96	0.98	0.94	1.0	0.94	0.96	1.0
14150	0.98	0.98	1.0	0.98	0.98	0.96	0.98	0.96	0.98	0.96	0.98	0.94	1.0	0.94	0.96	1.0
14200	0.96	0.98	1.0	0.98	0.98	0.94	0.98	0.96	0.98	0.98	0.98	0.94	1.0	0.96	0.96	1.0
14250	0.96	0.98	1.0	0.98	0.98	0.94	0.98	0.96	0.98	0.98	0.98	0.98	1.0	0.96	0.96	1.0
14300	0.96	0.98	1.0	0.98	0.98	0.94	0.98	0.96	0.98	0.98	0.98	0.98	1.0	0.96	0.96	0.98
14350	0.96	0.98	1.0	0.98	0.98	0.94	0.98	0.98	0.98	0.98	0.98	0.98	1.0	0.96	0.94	0.98
14400	0.98	0.98	1.0	0.96	0.98	0.96	0.98	0.98	0.98	0.98	0.98	0.98	1.0	0.96	0.94	0.98
14450	0.98	1.0	0.98	0.96	0.98	0.96	0.98	1.0	0.98	0.98	0.98	0.98	1.0	0.96	0.94	0.98
14500	0.98	1.0	0.98	0.96	0.98	0.96	0.98	1.0	0.96	0.98	0.98	0.98	1.0	0.96	0.94	0.98
14550	0.98	1.0	0.98	0.96	0.98	0.96	0.98	1.0	0.96	1.0	0.98	0.98	1.0	0.98	0.94	0.98
14600	0.98	1.0	0.98	0.96	0.98	0.98	0.98	0.98	0.96	1.0	0.98	0.98	1.0	0.98	0.94	0.98
14650	0.98	1.0	0.96	0.96	1.0	0.98	0.98	0.98	0.96	1.0	1.0	0.98	1.0	0.96	0.94	0.96
14700	0.98	1.0	0.96	0.96	1.0	0.98	0.98	0.98	0.96	1.0	1.0	0.98	1.0	0.96	0.92	0.96
14750	0.98	1.0	0.96	0.96	1.0	0.98	0.98	0.96	0.96	1.0	0.98	0.98	1.0	0.96	0.92	0.96
14800	0.98	1.0	0.96	0.96	1.0	0.98	0.96	0.96	0.96	1.0	0.98	0.98	1.0	0.96	0.92	0.96
14850	0.98	1.0	0.96	0.98	1.0	0.98	0.98	0.96	0.96	1.0	0.98	0.98	1.0	0.96	0.92	0.96
14900	0.98	1.0	0.96	0.98	1.0	0.98	0.98	0.96	0.96	1.0	0.98	0.98	1.0	0.98	0.92	0.96
14950	0.98	1.0	0.96	0.98	1.0	0.98	0.98	0.96	0.96	1.0	0.98	1.0	1.0	0.98	0.92	0.96
15000	0.98	0.98	0.96	0.98	1.0	0.98	0.98	0.96	0.96	1.0	0.98	1.0	1.0	0.98	0.92	0.96
15050	0.98	0.98	0.96	0.98	1.0	1.0	0.98	0.96	0.96	1.0	0.98	1.0	1.0	0.98	0.94	0.98
15100	1.0	0.98	0.96	0.98	1.0	1.0	0.98	0.96	0.96	1.0	0.98	1.0	0.98	0.98	0.94	0.98
15150	1.0	0.98	0.96	0.98	1.0	1.0	0.96	0.96	0.96	1.0	0.96	1.0	0.96	0.98	0.94	0.96
15200	1.0	0.98	0.96	1.0	1.0	1.0	0.94	0.96	0.96	1.0	0.94	1.0	0.96	0.98	0.96	0.96
15250	1.0	0.98	0.98	1.0	1.0	1.0	0.94	0.96	0.98	1.0	0.94	1.0	0.96	0.98	0.96	0.96
15300	1.0	0.98	0.98	1.0	1.0	1.0	0.92	0.94	0.98	1.0	0.94	1.0	0.96	0.98	0.96	0.98
15350	1.0	0.98	0.98	1.0	1.0	1.0	0.92	0.94	1.0	1.0	0.94	1.0	0.96	0.98	0.96	0.98
15400	1.0	0.98	0.98	1.0	1.0	1.0	0.92	0.92	1.0	1.0	0.94	1.0	0.94	0.98	0.96	0.98
15450	1.0	0.98	0.98	1.0	1.0	1.0	0.92	0.92	1.0	1.0	0.94	1.0	0.94	0.98	0.96	0.98
15500	1.0	0.98	0.98	0.98	1.0	0.98	0.92	0.94	1.0	1.0	0.94	1.0	0.94	1.0	0.94	0.98
15550	0.96	0.98	0.98	0.98	1.0	0.98	0.92	0.94	1.0	1.0	0.94	1.0	0.94	1.0	0.94	0.98
15600	0.96	0.98	0.98	0.98	1.0	0.98	0.92	0.94	1.0	0.96	0.94	1.0	0.92	0.98	0.96	0.98
15650	0.96	0.98	1.0	0.98	1.0	0.98	0.94	0.94	1.0	0.96	0.94	1.0	0.92	0.98	0.98	0.98
15700	0.96	1.0	1.0	0.98	1.0	0.98	0.94	0.94	0.98	0.96	0.96	1.0	0.92	0.98	0.98	0.98
15750	0.96	1.0	1.0	0.98	1.0	0.98	0.94	0.94	0.96	0.96	0.94	1.0	0.92	0.98	0.96	0.98
15800	0.96	1.0	1.0	0.98	1.0	0.98	0.94	0.94	0.96	0.96	0.94	0.98	0.94	0.98	0.96	0.98
15850	0.96	1.0	1.0	0.98	1.0	0.96	0.94	0.94	0.96	0.96	0.94	0.98	0.94	0.98	0.96	0.98
15900	0.94	1.0	1.0	0.98	1.0	0.94	0.94	0.94	0.96	0.96	0.94	0.98	0.94	0.98	0.96	0.98
15950	0.94	1.0	1.0	0.98	1.0	0.92	0.94	0.94	0.96	0.96	0.94	0.98	0.96	0.98	0.96	1.0
16000	0.94	1.0	1.0	0.98	1.0	0.92	0.94	0.94	0.96	0.96	0.94	0.96	0.96	0.98	0.96	1.0
16050	0.94	1.0	1.0	0.98	1.0	0.92	0.94	0.96	0.96	0.96	0.96	0.96	0.96	0.96	0.94	1.0
16100	0.94	1.0	1.0	0.98	1.0	0.92	0.94	0.96	0.96	0.96	0.98	0.96	0.96	0.96	0.96	1.0
16150	0.94	1.0	1.0	1.0	1.0	0.94	0.94	0.98	0.96	0.96	0.98	0.96	0.94	0.96	0.96	1.0
16200	0.94	1.0	1.0	1.0	1.0	0.94	0.96	1.0	0.96	0.96	0.98	0.96	0.96	0.96	0.96	1.0
16250	0.94	1.0	1.0	1.0	1.0	0.94	0.98	1.0	0.96	0.96	0.98	0.96	0.96	0.96	0.94	1.0
16300	0.96	1.0	1.0	1.0	1.0	0.94	0.98	1.0	0.96	0.96	0.98	0.96	0.96	0.96	0.94	1.0
16350	0.98	1.0	1.0	1.0	1.0	0.94	0.96	1.0	0.96	0.96	0.98	0.96	0.96	0.94	0.94	1.0
16400	0.98	1.0	1.0	1.0	1.0	0.94	0.96	1.0	0.96	0.96	0.98	0.96	0.98	0.94	0.94	1.0
16450	0.98	1.0	1.0	1.0	0.98	0.94	0.94	1.0	0.96	0.96	0.98	0.96	0.98	0.94	0.96	1.0
16500	0.98	1.0	1.0	1.0	0.98	0.96	0.94	1.0	0.96	0.96	1.0	0.98	0.98	0.94	0.96	1.0
16550	0.98	1.0	1.0	1.0	0.98	0.98	0.94	1.0	0.96	0.98	1.0	0.98	0.98	0.94	0.96	1.0
16600	0.98	1.0	1.0	1.0	0.98	0.98	0.94	1.0	0.96	0.98	1.0	0.98	0.98	0.94	0.96	1.0
16650	0.98	1.0	1.0	1.0	0.98	1.0	0.94	1.0	0.96	0.98	1.0	0.98	0.98	0.94	0.96	1.0
16700	1.0	1.0	1.0	0.98	0.98	1.0	0.94	1.0	0.98	0.98	1.0	0.96	0.98	0.96	0.96	1.0
16750	1.0	1.0	1.0	0.98	0.98	1.0	0.94	1.0	1.0	0.98	1.0	0.96	0.98	0.96	0.96	1.0
16800	1.0	1.0	1.0	0.96	0.98	0.98	0.94	1.0	0.96	0.98	1.0	0.96	0.98	0.96	0.96	1.0
16850	1.0	1.0	1.0	0.96	0.98	0.98	0.94	1.0	0.94	0.96	1.0	0.96	0.98	0.96	0.92	1.0
16900	1.0	1.0	1.0	0.96	0.98	0.96	0.94	1.0	0.94	0.96	1.0	0.94	0.98	0.96	0.94	1.0
16950	1.0	1.0	1.0	0.96	0.98	0.96	0.96	1.0	0.94	0.96	1.0	0.94	0.98	0.98	0.94	1.0
17000	1.0	0.98	1.0	0.96	0.98	0.96	0.96	1.0	0.94	0.96	1.0	0.94	1.0	0.98	0.94	1.0
17050	1.0	0.98	1.0	0.96	0.96	0.96	0.96	1.0	0.94	0.96	1.0	0.94	1.0	0.98	0.94	1.0
17100	1.0	0.98	1.0	0.96	0.96	0.96	0.96	1.0	0.94	0.96	1.0	0.94	1.0	0.98	0.96	1.0
17150	1.0	0.98	1.0	0.96	0.96	0.96	0.96	1.0	0.94	0.94	1.0	0.94	1.0	1.0	0.96	1.0
17200	1.0	0.98	1.0	0.96	0.96	0.94	0.96	1.0	0.94	0.94	1.0	0.94	1.0	1.0	0.96	1.0
17250	1.0	0.96	1.0	0.96	0.96	0.94	0.96	1.0	0.94	0.94	1.0	0.94	1.0	1.0	0.92	1.0
17300	1.0	0.96	1.0	0.96	0.96	0.94	0.98	1.0	0.94	0.96	1.0	0.94	1.0	1.0	0.92	1.0
17350	1.0	0.94	1.0	0.98	0.94	0.94	0.98	1.0	0.92	0.96	1.0	0.96	1.0	1.0	0.92	1.0
17400	0.98	0.92	1.0	0.98	0.94	0.94	0.98	1.0	0.92	0.96	1.0	0.98	1.0	0.98	0.92	1.0
17450	0.96	0.92	1.0	0.98	0.92	0.94	0.98	1.0	0.92	0.94	1.0	0.98	1.0	0.96	0.92	1.0
17500	0.96	0.92	1.0	1.0	0.92	0.94	0.98	1.0	0.92	0.96	1.0	1.0	1.0	0.96	0.92	1.0
17550	0.96	0.92	1.0	1.0	0.92	0.94	0.96	1.0	0.92	0.96	1.0	1.0	1.0	0.96	0.92	1.0
17600	0.96	0.92	1.0	1.0	0.92	0.92	0.94	1.0	0.92	0.96	1.0	1.0	1.0	0.96	0.96	1.0
17650	0.96	0.92	1.0	0.98	0.92	0.92	0.92	0.98	0.92	0.96	1.0	1.0	1.0	0.96	0.96	1.0
17700	0.96	0.94	1.0	0.98	0.92	0.92	0.92	0.98	0.96	0.96	1.0	1.0	1.0	0.96	0.94	1.0
17750	0.96	0.94	1.0	0.98	0.92	0.92	0.92	0.98	0.96	0.96	1.0	1.0	1.0	0.96	0.94	1.0
17800	0.92	0.94	1.0	0.98	0.94	0.94	0.92	0.98	0.96	0.98	1.0	1.0	1.0	0.96	0.94	1.0
17850	0.92	0.94	1.0	0.98	0.94	0.96	0.92	0.98	0.98	0.98	1.0	1.0	1.0	0.96	0.94	1.0
17900	0.92	0.94	1.0	0.98	0.94	0.96	0.94	0.98	0.98	0.98	1.0	1.0	1.0	0.96	0.96	1.0
17950	0.92	0.94	1.0	0.98	0.94	0.96	0.94	0.94	0.98	0.98	1.0	1.0	1.0	0.96	0.96	1.0
18000	0.92	0.94	1.0	0.98	0.94	0.96	0.94	0.94	0.98	0.98	1.0	0.98	1.0	0.98	0.98	1.0
18050	0.92	0.94	1.0	0.98	0.96	0.98	0.94	0.94	0.98	0.98	1.0	0.98	1.0	0.98	0.98	1.0
18100	0.92	0.96	1.0	0.98	0.96	0.98	0.94	0.94	0.98	0.98	1.0	0.98	1.0	0.98	0.98	1.0
18150	0.92	0.96	1.0	0.98	0.92	0.98	0.94	0.94	0.98	0.98	1.0	0.98	1.0	1.0	0.98	1.0
18200	0.92	0.96	1.0	0.98	0.94	0.98	0.94	0.94	0.98	0.98	1.0	0.98	1.0	1.0	0.96	1.0
18250	0.94	0.96	1.0	0.98	0.94	0.98	0.94	0.94	0.98	0.98	1.0	0.98	1.0	1.0	0.96	1.0
18300	0.96	0.96	1.0	0.98	0.94	0.98	0.96	0.94	0.98	0.98	1.0	0.96	1.0	1.0	0.94	1.0
18350	0.96	0.96	1.0	0.96	0.96	1.0	0.96	0.94	1.0	1.0	1.0	0.96	1.0	1.0	0.92	1.0
18400	0.96	0.96	1.0	0.94	0.94	1.0	0.96	0.96	1.0	1.0	0.98	0.96	1.0	1.0	0.92	1.0
18450	0.96	0.96	1.0	0.94	0.94	1.0	0.96	0.96	1.0	1.0	0.98	0.96	1.0	1.0	0.92	1.0
18500	0.96	0.96	1.0	0.94	0.94	1.0	0.98	0.96	1.0	1.0	0.98	0.96	1.0	0.98	0.94	1.0
18550	0.96	0.96	1.0	0.94	0.94	1.0	1.0	0.96	1.0	1.0	0.98	0.96	1.0	0.98	0.92	1.0
18600	0.98	0.96	1.0	0.96	0.94	1.0	1.0	0.96	1.0	1.0	0.98	0.96	1.0	0.98	0.92	1.0
18650	0.98	0.96	1.0	0.96	0.94	1.0	1.0	0.98	1.0	1.0	0.98	0.94	1.0	0.98	0.92	1.0
18700	0.98	0.96	1.0	0.96	0.94	1.0	1.0	1.0	1.0	1.0	0.98	0.94	1.0	0.98	0.92	1.0
18750	0.98	0.96	1.0	0.96	0.94	1.0	1.0	0.98	1.0	0.98	0.98	0.94	1.0	0.98	0.92	1.0
18800	0.98	0.96	1.0	0.96	0.94	1.0	1.0	0.98	1.0	0.98	0.98	0.94	1.0	0.98	0.92	1.0
18850	0.98	0.98	1.0	0.96	0.94	1.0	1.0	0.98	1.0	0.98	0.98	0.94	1.0	0.98	0.94	1.0
18900	0.98	1.0	1.0	0.96	0.94	1.0	1.0	0.98	1.0	0.98	0.96	0.94	1.0	0.98	0.94	1.0
18950	0.98	1.0	1.0	0.96	0.94	1.0	1.0	0.98	1.0	0.98	0.96	0.94	1.0	0.98	0.94	1.0
19000	0.98	1.0	1.0	0.96	0.94	1.0	1.0	0.98	1.0	0.98	0.96	0.94	1.0	0.98	0.96	1.0
19050	0.98	1.0	1.0	0.96	0.96	1.0	1.0	0.98	1.0	0.98	0.96	0.96	1.0	0.98	0.96	1.0
19100	0.98	1.0	1.0	0.94	0.98	1.0	1.0	0.98	1.0	0.98	0.98	0.96	1.0	0.96	0.96	1.0
19150	0.98	1.0	1.0	0.94	0.98	1.0	1.0	0.98	1.0	0.98	0.98	0.96	1.0	0.96	0.98	1.0
19200	0.98	1.0	1.0	0.94	0.98	1.0	1.0	0.98	1.0	0.98	0.98	0.96	1.0	0.98	0.98	1.0
19250	0.98	1.0	1.0	0.96	1.0	1.0	1.0	0.98	1.0	0.98	0.98	0.96	1.0	0.98	0.98	1.0
19300	0.98	1.0	1.0	0.98	1.0	1.0	0.98	0.98	1.0	0.98	0.98	0.96	1.0	0.98	0.98	1.0
19350	0.98	1.0	1.0	0.98	0.98	1.0	0.98	0.98	1.0	0.98	0.98	0.96	1.0	0.98	0.98	1.0
19400	0.98	1.0	1.0	0.98	0.98	1.0	0.98	0.98	1.0	1.0	0.98	0.98	1.0	0.98	0.98	1.0
19450	0.98	0.96	1.0	0.98	0.98	1.0	0.98	1.0	1.0	0.98	0.98	0.98	1.0	0.98	0.98	1.0
19500	1.0	0.94	1.0	0.98	0.96	1.0	0.98	1.0	1.0	0.98	0.98	0.98	1.0	0.98	0.98	1.0
19550	1.0	0.94	1.0	0.98	0.96	1.0	0.96	1.0	1.0	0.98	0.98	0.98	1.0	0.98	0.96	1.0
19600	1.0	0.94	1.0	0.98	0.96	1.0	0.96	1.0	1.0	0.98	0.98	1.0	0.98	0.98	0.96	1.0
19650	1.0	0.94	1.0	0.98	0.96	1.0	0.94	1.0	1.0	0.98	0.98	1.0	0.98	0.98	0.96	1.0
19700	1.0	0.94	1.0	0.98	0.96	1.0	0.94	1.0	1.0	0.98	1.0	1.0	0.98	0.98	0.96	1.0
19750	1.0	0.94	1.0	0.98	0.96	1.0	0.92	1.0	1.0	0.98	1.0	1.0	0.98	0.98	0.96	1.0
19800	1.0	0.94	1.0	1.0	0.96	1.0	0.92	1.0	1.0	0.98	1.0	1.0	0.98	0.98	0.96	1.0
19850	1.0	0.94	1.0	1.0	0.96	1.0	0.92	1.0	1.0	0.98	1.0	1.0	0.98	0.96	0.96	1.0
19900	1.0	0.94	1.0	1.0	0.96	1.0	0.92	1.0	1.0	0.98	1.0	1.0	0.98	0.96	0.96	1.0
19950	1.0	0.94	1.0	0.98	0.94	1.0	0.94	1.0	1.0	0.98	1.0	1.0	0.98	0.98	0.98	1.0
20000	1.0	0.94	1.0	0.98	0.94	1.0	0.94	0.98	1.0	0.98	1.0	1.0	0.98	0.98	0.98	1.0
