0	0.0	0.0	0.0	0.0	0.0	0.0	0.0	0.0	0.0	0.0	0.0	0.0	0.0	0.0	0.0	0.0
50	0.2	0.0	0.0	0.0	0.0	0.25	0.5	0.0	0.333333333333	0.0	0.25	0.0	0.0	0.0	0.25	0.0
100	0.444444444444	0.0	0.2	0.2	0.285714285714	0.285714285714	0.6	0.285714285714	0.615384615385	0.642857142857	0.615384615385	0.285714285714	0.142857142857	0.375	0.5	0.285714285714
150	0.6875	0.5	0.4	0.444444444444	0.545454545455	0.5	0.647058823529	0.6	0.714285714286	0.7	0.571428571429	0.583333333333	0.333333333333	0.5	0.538461538462	0.4
200	0.761904761905	0.647058823529	0.647058823529	0.583333333333	0.625	0.647058823529	0.7	0.590909090909	0.727272727273	0.708333333333	0.6	0.761904761905	0.588235294118	0.6875	0.5625	0.6
250	0.8	0.714285714286	0.76	0.666666666667	0.739130434783	0.714285714286	0.695652173913	0.678571428571	0.8	0.740740740741	0.611111111111	0.791666666667	0.681818181818	0.736842105263	0.6	0.647058823529
300	0.821428571429	0.76	0.8	0.7	0.785714285714	0.739130434783	0.733333333333	0.735294117647	0.787878787879	0.774193548387	0.681818181818	0.833333333333	0.692307692308	0.76	0.666666666667	0.727272727273
350	0.833333333333	0.758620689655	0.8125	0.76	0.806451612903	0.75	0.75	0.735294117647	0.805555555556	0.810810810811	0.689655172414	0.842105263158	0.733333333333	0.741935483871	0.75	0.8
400	0.852941176471	0.75	0.823529411765	0.730769230769	0.8125	0.806451612903	0.794871794872	0.775	0.837209302326	0.833333333333	0.71875	0.860465116279	0.757575757576	0.783783783784	0.777777777778	0.820512820513
450	0.878048780488	0.756756756757	0.846153846154	0.709677419355	0.820512820513	0.818181818182	0.809523809524	0.790697674419	0.86	0.840909090909	0.756756756757	0.872340425532	0.777777777778	0.794871794872	0.80487804878	0.837209302326
500	0.886363636364	0.775	0.866666666667	0.742857142857	0.840909090909	0.828571428571	0.826086956522	0.8	0.92	0.86	0.769230769231	0.88	0.8	0.818181818182	0.809523809524	0.86
550	0.895833333333	0.780487804878	0.875	0.756756756757	0.847826086957	0.837837837838	0.86	0.82	0.96	0.92	0.795454545455	0.94	0.818181818182	0.836734693878	0.836734693878	0.92
600	0.94	0.795454545455	0.9	0.769230769231	0.857142857143	0.860465116279	0.92	0.92	0.96	0.94	0.795918367347	0.96	0.833333333333	0.94	0.9	0.94
650	0.98	0.8125	0.96	0.795454545455	0.96	0.877551020408	0.92	0.94	0.96	0.94	0.86	0.96	0.836734693878	0.94	0.92	0.96
700	0.96	0.88	0.98	0.782608695652	0.96	0.94	0.96	0.94	0.98	0.96	0.88	0.96	0.92	0.94	0.94	0.98
750	0.96	0.9	1.0	0.795918367347	0.98	0.94	0.96	0.96	0.98	0.96	0.92	0.96	0.96	0.94	0.96	0.98
800	0.94	0.92	1.0	0.9	0.98	0.94	0.96	0.98	0.96	0.98	0.94	0.96	0.96	0.96	0.98	0.98
850	0.94	0.92	0.98	0.92	0.96	0.98	0.98	1.0	0.98	1.0	0.94	0.96	0.96	0.96	1.0	0.98
900	0.94	0.92	0.98	0.92	0.96	0.98	0.98	1.0	0.94	1.0	0.94	0.94	0.98	0.98	1.0	0.98
950	0.94	0.92	0.98	0.92	0.96	0.94	0.98	1.0	0.94	1.0	0.98	0.92	1.0	0.96	1.0	0.98
1000	0.94	0.98	0.98	0.94	0.98	0.94	0.98	1.0	0.92	1.0	0.98	0.92	1.0	0.96	1.0	1.0
1050	0.94	0.98	0.96	0.96	0.96	0.94	1.0	1.0	0.92	1.0	0.98	0.92	1.0	0.96	1.0	1.0
1100	0.94	0.98	0.96	0.98	0.96	0.94	1.0	1.0	0.92	1.0	0.98	0.94	1.0	0.96	1.0	1.0
1150	0.96	0.98	0.96	0.98	0.96	0.94	1.0	1.0	0.92	1.0	0.98	0.94	1.0	0.96	1.0	1.0
1200	0.96	0.98	0.96	1.0	0.96	0.94	1.0	1.0	0.92	0.98	0.98	0.94	1.0	0.96	1.0	1.0
1250	0.94	0.98	0.96	1.0	0.96	0.92	1.0	1.0	0.92	0.98	0.98	0.96	1.0	0.96	1.0	1.0
1300	0.94	1.0	0.96	1.0	0.96	0.92	1.0	1.0	0.92	0.98	0.98	0.96	1.0	0.96	1.0	1.0
1350	0.94	1.0	0.96	1.0	0.96	0.92	1.0	1.0	0.9	0.98	1.0	0.96	1.0	0.96	0.98	1.0
1400	0.94	1.0	0.94	1.0	0.96	0.94	1.0	1.0	0.92	0.98	1.0	0.96	1.0	0.96	0.98	1.0
1450	0.94	1.0	0.92	1.0	0.94	0.94	1.0	1.0	0.92	0.98	1.0	0.96	1.0	0.96	0.98	1.0
1500	0.96	1.0	0.92	1.0	0.96	0.98	1.0	1.0	0.92	0.98	1.0	0.96	1.0	0.96	0.96	1.0
1550	0.96	1.0	0.94	1.0	0.96	0.98	1.0	1.0	0.94	0.96	1.0	0.96	1.0	0.96	0.96	1.0
1600	0.96	0.98	0.94	1.0	0.98	0.98	1.0	1.0	0.96	0.96	1.0	0.96	1.0	0.96	0.96	1.0
1650	0.96	0.98	0.94	1.0	0.98	0.98	0.96	1.0	0.96	0.96	1.0	0.96	1.0	0.96	0.96	1.0
1700	0.96	0.98	0.94	1.0	0.98	0.98	0.96	1.0	0.96	0.96	1.0	0.98	1.0	0.96	0.96	1.0
1750	0.96	0.98	0.96	1.0	0.96	0.98	0.96	1.0	0.98	0.96	1.0	0.98	1.0	0.96	0.96	1.0
1800	0.96	0.98	0.96	1.0	0.96	0.98	0.96	1.0	0.98	0.96	1.0	1.0	1.0	1.0	0.96	0.98
1850	0.96	0.98	0.96	1.0	0.96	0.96	0.96	1.0	0.96	0.96	1.0	1.0	1.0	1.0	0.96	0.98
1900	0.94	0.98	0.96	1.0	0.96	0.96	0.96	1.0	0.96	0.96	1.0	1.0	1.0	1.0	0.96	0.98
1950	0.94	0.98	0.96	1.0	0.96	0.96	0.96	1.0	0.96	0.98	1.0	1.0	1.0	1.0	0.98	0.98
2000	0.96	0.98	0.96	1.0	0.96	0.96	0.94	1.0	0.96	0.98	1.0	1.0	1.0	1.0	0.98	0.98
2050	0.98	0.98	0.98	1.0	0.94	0.98	0.94	1.0	0.96	0.98	1.0	1.0	1.0	0.98	0.98	0.98
2100	0.98	1.0	1.0	1.0	0.94	0.98	0.94	1.0	0.94	0.96	1.0	1.0	1.0	0.98	0.98	0.98
2150	0.98	1.0	1.0	1.0	0.94	0.96	0.94	1.0	0.94	0.96	1.0	1.0	1.0	0.98	1.0	0.98
2200	0.98	1.0	1.0	1.0	0.94	0.96	0.94	1.0	0.94	0.96	1.0	1.0	1.0	0.98	1.0	0.98
2250	0.98	1.0	1.0	1.0	0.94	0.94	0.94	1.0	0.96	0.96	1.0	1.0	0.98	0.98	0.98	0.98
2300	0.98	1.0	1.0	1.0	0.94	0.94	0.94	1.0	0.96	0.94	1.0	1.0	0.96	0.98	0.98	0.98
2350	0.98	1.0	0.98	1.0	0.94	0.94	0.94	1.0	0.96	0.94	0.98	1.0	0.96	0.98	0.96	0.98
2400	0.98	1.0	0.98	1.0	0.94	0.92	0.94	1.0	0.96	0.94	0.98	1.0	0.96	0.98	0.96	0.98
2450	0.98	1.0	0.98	1.0	0.94	0.92	0.98	1.0	0.96	0.94	0.98	1.0	0.96	0.98	0.96	0.98
2500	0.98	1.0	0.98	1.0	0.94	0.92	0.98	1.0	0.98	0.94	0.98	1.0	0.96	0.98	0.96	0.98
2550	1.0	1.0	0.98	1.0	0.94	0.94	0.98	1.0	0.98	0.92	0.98	1.0	0.94	0.98	0.96	0.94
2600	0.98	0.98	0.98	1.0	0.94	0.94	0.98	1.0	0.98	0.92	0.98	1.0	0.94	0.98	0.96	0.92
2650	0.98	0.98	0.98	1.0	0.94	0.94	0.98	1.0	0.98	0.9	0.98	1.0	0.94	0.98	0.92	0.92
2700	0.98	0.98	0.98	1.0	0.96	0.94	0.98	1.0	1.0	0.9	0.98	1.0	0.94	0.98	0.9	0.92
2750	0.98	0.98	0.98	1.0	0.96	0.94	1.0	1.0	1.0	0.92	0.96	1.0	0.94	1.0	0.9	0.94
2800	0.98	0.98	0.98	1.0	0.96	0.94	1.0	1.0	1.0	0.9	0.96	1.0	0.94	0.98	0.9	0.94
2850	0.98	0.98	0.96	1.0	0.96	0.94	1.0	1.0	1.0	0.9	0.96	1.0	0.94	0.98	0.92	0.92
2900	0.98	0.98	0.96	1.0	0.96	0.94	1.0	1.0	1.0	0.9	0.94	1.0	0.96	0.98	0.94	0.92
2950	0.98	0.98	0.96	1.0	0.98	0.96	1.0	1.0	1.0	0.9	0.94	1.0	0.98	0.96	0.94	0.92
3000	0.98	0.98	0.98	1.0	1.0	0.96	1.0	1.0	1.0	0.9	0.94	1.0	0.98	0.92	0.94	0.92
3050	0.98	0.96	0.98	1.0	1.0	0.96	1.0	1.0	1.0	0.9	0.96	0.98	0.96	0.92	0.94	0.92
3100	0.98	0.96	0.98	1.0	1.0	0.98	1.0	1.0	1.0	0.9	0.96	0.98	0.96	0.92	0.94	0.92
3150	0.98	0.94	0.98	1.0	0.98	0.98	1.0	1.0	1.0	0.9	0.94	0.98	0.96	0.92	0.94	0.92
3200	0.98	0.94	0.98	1.0	0.96	0.98	1.0	1.0	1.0	0.9	0.94	0.98	0.96	0.92	0.94	0.92
3250	0.98	0.94	0.98	1.0	0.96	0.98	1.0	1.0	1.0	0.9	0.96	0.98	0.96	0.92	0.94	0.92
3300	0.98	0.96	0.96	1.0	0.96	0.98	1.0	1.0	1.0	0.9	0.98	0.98	0.96	0.92	0.96	0.96
3350	0.98	0.96	0.94	1.0	0.96	0.98	1.0	1.0	1.0	0.92	0.98	0.98	0.98	0.92	0.98	0.96
3400	1.0	0.96	0.96	1.0	0.96	0.98	1.0	1.0	1.0	0.94	0.98	0.98	0.98	0.92	1.0	0.96
3450	1.0	0.96	0.96	1.0	0.96	0.98	1.0	1.0	1.0	0.94	0.98	0.98	0.96	0.94	1.0	0.96
3500	1.0	0.96	0.96	1.0	0.96	1.0	1.0	1.0	1.0	0.94	0.98	0.98	0.94	0.94	1.0	0.96
3550	1.0	0.96	0.94	1.0	0.96	1.0	1.0	1.0	1.0	0.96	0.98	0.98	0.94	0.92	1.0	0.96
3600	1.0	0.96	0.94	1.0	0.96	1.0	1.0	1.0	1.0	0.96	0.98	0.98	0.94	0.94	1.0	0.96
3650	1.0	0.96	0.94	1.0	0.96	1.0	1.0	1.0	1.0	0.96	0.98	1.0	0.94	0.94	1.0	0.96
3700	1.0	0.96	0.94	1.0	0.94	1.0	1.0	1.0	1.0	0.98	0.98	1.0	0.94	0.98	1.0	0.96
3750	1.0	0.98	0.94	1.0	0.94	1.0	1.0	1.0	1.0	1.0	0.98	1.0	0.94	0.98	1.0	0.96
3800	1.0	0.98	0.9	1.0	0.94	1.0	1.0	1.0	1.0	1.0	0.98	1.0	0.96	0.98	1.0	0.96
3850	1.0	0.98	0.9	1.0	0.92	1.0	1.0	1.0	1.0	1.0	0.98	1.0	0.96	0.98	1.0	0.96
3900	1.0	0.98	0.9	1.0	0.92	1.0	1.0	1.0	1.0	1.0	0.98	1.0	0.96	0.98	1.0	0.96
3950	1.0	0.98	0.92	1.0	0.96	1.0	1.0	1.0	1.0	1.0	0.98	1.0	0.96	0.98	1.0	0.98
4000	1.0	1.0	0.92	1.0	0.96	1.0	1.0	1.0	1.0	1.0	0.98	1.0	0.96	0.98	1.0	0.98
4050	1.0	1.0	0.92	1.0	0.96	1.0	1.0	1.0	1.0	1.0	0.98	1.0	0.96	0.98	1.0	0.98
4100	1.0	1.0	0.9	1.0	0.96	1.0	1.0	1.0	1.0	1.0	0.98	1.0	0.96	0.98	1.0	1.0
4150	1.0	1.0	0.9	1.0	0.96	1.0	1.0	1.0	1.0	1.0	0.98	1.0	0.96	0.98	1.0	1.0
4200	1.0	1.0	0.9	1.0	0.96	1.0	1.0	1.0	1.0	1.0	0.98	1.0	0.98	0.98	0.98	1.0
4250	1.0	1.0	0.9	0.98	0.96	1.0	1.0	1.0	1.0	1.0	0.98	1.0	1.0	0.98	0.98	0.98
4300	1.0	1.0	0.9	0.98	0.98	1.0	1.0	1.0	1.0	1.0	0.98	1.0	1.0	0.98	0.98	0.98
4350	0.96	1.0	0.92	0.98	0.98	0.98	1.0	1.0	1.0	1.0	0.98	1.0	1.0	0.98	0.98	0.98
4400	0.94	0.98	0.92	0.98	0.98	0.98	1.0	1.0	1.0	1.0	0.98	1.0	1.0	0.98	0.98	0.98
4450	0.94	0.98	0.92	0.98	0.98	0.98	1.0	1.0	1.0	1.0	0.98	1.0	1.0	1.0	0.98	0.98
4500	0.94	0.98	0.92	0.98	1.0	0.98	1.0	1.0	1.0	1.0	0.98	1.0	1.0	1.0	0.98	0.98
4550	0.94	0.96	0.96	0.98	1.0	0.98	1.0	1.0	1.0	1.0	1.0	1.0	1.0	1.0	0.98	0.98
4600	0.94	0.96	0.96	0.98	1.0	0.98	1.0	1.0	1.0	1.0	1.0	1.0	1.0	1.0	0.98	0.98
4650	0.94	0.96	0.96	0.98	1.0	0.98	1.0	1.0	1.0	1.0	1.0	1.0	0.98	1.0	0.98	0.98
4700	0.94	0.96	0.98	0.98	1.0	0.98	1.0	1.0	1.0	1.0	1.0	1.0	0.98	1.0	0.98	0.98
4750	0.94	0.96	0.98	0.98	1.0	0.98	0.98	1.0	1.0	1.0	0.98	1.0	0.96	1.0	0.98	0.98
4800	0.94	0.96	0.98	0.98	1.0	0.98	0.98	1.0	1.0	1.0	0.98	1.0	0.96	1.0	0.98	0.98
4850	0.92	0.96	0.98	0.98	1.0	0.98	0.98	1.0	1.0	1.0	0.98	1.0	0.96	1.0	0.98	0.98
4900	0.92	0.96	0.98	0.98	1.0	0.98	0.98	1.0	1.0	1.0	0.98	1.0	0.94	1.0	1.0	1.0
4950	0.92	0.96	1.0	0.98	1.0	0.98	0.98	1.0	1.0	1.0	0.96	1.0	0.92	1.0	1.0	1.0
5000	0.92	0.96	1.0	0.98	1.0	0.98	0.98	1.0	1.0	1.0	0.96	1.0	0.92	1.0	1.0	1.0
5050	0.92	0.96	1.0	1.0	1.0	1.0	0.98	1.0	1.0	1.0	0.96	1.0	0.92	0.98	1.0	1.0
5100	0.92	0.98	1.0	1.0	1.0	1.0	0.98	1.0	1.0	1.0	0.96	1.0	0.92	0.98	1.0	1.0
5150	0.92	0.96	1.0	1.0	1.0	1.0	0.98	1.0	1.0	1.0	0.96	1.0	0.92	0.98	1.0	1.0
5200	0.96	0.96	1.0	1.0	1.0	1.0	0.98	1.0	1.0	1.0	0.98	1.0	0.92	0.98	1.0	1.0
5250	0.98	0.96	1.0	1.0	1.0	1.0	0.98	1.0	1.0	1.0	0.98	1.0	0.92	0.98	1.0	1.0
5300	0.98	0.96	1.0	1.0	1.0	1.0	0.98	1.0	1.0	1.0	0.98	1.0	0.92	0.98	1.0	1.0
5350	0.98	0.98	1.0	1.0	1.0	1.0	0.98	1.0	1.0	1.0	0.98	1.0	0.92	0.98	1.0	1.0
5400	0.98	0.98	1.0	1.0	1.0	1.0	0.98	1.0	1.0	1.0	0.98	1.0	0.92	0.98	1.0	0.98
5450	0.98	0.98	1.0	1.0	1.0	1.0	0.98	1.0	1.0	1.0	0.98	1.0	0.94	0.98	1.0	0.98
5500	0.98	0.98	1.0	0.98	1.0	1.0	0.98	1.0	1.0	1.0	0.98	1.0	0.94	0.98	1.0	0.98
5550	0.98	0.98	1.0	0.98	1.0	1.0	0.98	1.0	1.0	1.0	0.98	1.0	0.96	0.98	1.0	0.98
5600	1.0	0.98	1.0	0.98	1.0	1.0	0.98	1.0	1.0	1.0	0.98	1.0	0.96	0.98	1.0	0.98
5650	1.0	0.98	1.0	0.96	1.0	1.0	0.98	1.0	1.0	0.98	1.0	1.0	0.96	0.98	1.0	0.98
5700	1.0	0.98	1.0	0.96	1.0	1.0	1.0	1.0	1.0	0.98	1.0	1.0	0.98	0.98	1.0	0.96
5750	1.0	0.98	1.0	0.96	1.0	0.98	1.0	1.0	1.0	0.98	1.0	1.0	1.0	0.98	1.0	0.9
5800	1.0	0.98	1.0	0.96	1.0	0.98	1.0	1.0	1.0	0.98	1.0	1.0	1.0	1.0	1.0	0.9
5850	1.0	0.98	1.0	0.94	1.0	0.98	1.0	1.0	1.0	0.98	1.0	1.0	1.0	1.0	1.0	0.88
5900	1.0	0.98	1.0	0.94	1.0	0.98	1.0	1.0	1.0	0.98	1.0	1.0	1.0	0.98	1.0	0.88
5950	1.0	1.0	0.98	0.94	1.0	0.98	1.0	1.0	1.0	0.98	1.0	1.0	1.0	0.98	1.0	0.88
6000	1.0	0.98	0.98	0.94	1.0	0.98	1.0	1.0	1.0	0.98	0.98	1.0	1.0	0.98	1.0	0.88
6050	1.0	0.98	0.98	0.94	1.0	0.98	1.0	1.0	1.0	0.98	0.98	1.0	1.0	0.98	0.98	0.88
6100	1.0	0.98	0.98	0.94	1.0	0.98	1.0	1.0	1.0	0.98	0.98	1.0	1.0	0.98	0.96	0.86
6150	1.0	0.98	0.98	0.94	1.0	0.98	1.0	1.0	1.0	0.98	0.96	1.0	1.0	0.96	0.96	0.86
6200	1.0	0.96	0.98	0.96	1.0	0.98	1.0	1.0	1.0	0.98	0.96	1.0	1.0	0.96	0.96	0.86
6250	1.0	0.96	0.98	0.96	1.0	0.98	0.98	1.0	1.0	0.98	0.96	1.0	1.0	0.96	0.96	0.86
6300	1.0	0.96	0.98	0.98	1.0	0.98	0.98	1.0	1.0	1.0	0.96	1.0	1.0	0.96	0.96	0.86
6350	1.0	0.94	0.98	0.98	1.0	0.98	0.98	1.0	1.0	1.0	0.96	1.0	1.0	0.96	0.96	0.94
6400	1.0	0.94	0.98	0.98	1.0	0.98	0.98	0.98	1.0	1.0	0.96	1.0	1.0	0.96	0.96	0.94
6450	1.0	0.94	0.98	1.0	1.0	0.98	0.98	0.98	1.0	1.0	0.96	1.0	1.0	0.94	0.96	0.94
6500	1.0	0.94	0.98	1.0	1.0	0.98	0.98	0.98	0.98	1.0	0.96	1.0	1.0	0.94	0.92	0.94
6550	1.0	0.94	0.98	1.0	1.0	0.98	0.98	0.98	0.96	1.0	0.96	1.0	1.0	0.94	0.92	0.96
6600	1.0	0.94	0.98	1.0	1.0	1.0	0.98	0.98	0.96	1.0	0.96	1.0	1.0	0.96	0.92	0.96
6650	1.0	0.96	0.98	1.0	1.0	1.0	0.98	0.98	0.96	1.0	0.96	1.0	1.0	0.96	0.94	0.96
6700	1.0	0.96	0.98	1.0	1.0	1.0	0.98	0.98	0.96	1.0	0.96	1.0	1.0	0.94	0.94	0.96
6750	1.0	0.96	0.98	1.0	1.0	1.0	0.98	0.98	0.96	1.0	0.96	0.98	0.98	0.92	0.96	0.96
6800	1.0	0.96	0.98	1.0	1.0	1.0	0.98	0.96	0.96	1.0	0.96	0.98	0.98	0.92	0.96	0.98
6850	1.0	0.98	0.98	1.0	1.0	1.0	0.98	0.96	0.96	1.0	0.98	0.98	0.98	0.94	0.96	1.0
6900	0.98	0.98	0.96	1.0	1.0	1.0	0.98	0.94	0.96	1.0	1.0	0.98	0.98	0.94	0.96	1.0
6950	0.98	0.98	0.96	1.0	1.0	1.0	0.98	0.94	0.96	1.0	1.0	0.98	0.98	0.94	0.96	1.0
7000	0.98	0.98	0.96	1.0	1.0	1.0	1.0	0.94	0.96	1.0	0.98	0.98	0.98	0.94	0.96	1.0
7050	0.98	0.98	0.96	1.0	1.0	1.0	1.0	0.94	0.96	1.0	0.98	0.98	0.98	0.94	0.96	1.0
7100	0.98	1.0	0.96	0.98	1.0	1.0	1.0	0.94	0.96	1.0	0.98	0.98	0.94	0.94	0.98	1.0
7150	0.98	1.0	0.96	0.98	1.0	1.0	1.0	0.94	0.96	1.0	0.98	0.98	0.94	0.94	1.0	1.0
7200	0.96	1.0	0.96	0.98	1.0	1.0	1.0	0.96	0.96	1.0	0.98	0.98	0.94	0.96	1.0	1.0
7250	0.96	0.98	0.94	0.98	1.0	1.0	1.0	0.96	0.98	1.0	0.98	0.98	0.94	0.96	1.0	0.98
7300	0.96	0.98	0.94	0.98	1.0	1.0	1.0	0.96	0.98	1.0	0.98	0.98	0.94	0.96	1.0	0.96
7350	0.96	0.98	0.94	0.98	1.0	0.98	1.0	0.96	1.0	1.0	0.98	0.98	0.94	0.96	1.0	0.96
7400	0.96	0.96	0.94	0.98	1.0	0.98	0.98	0.96	1.0	1.0	0.98	0.98	0.94	0.96	1.0	0.94
7450	0.96	0.96	0.94	0.98	1.0	0.98	0.98	0.96	1.0	1.0	0.98	0.98	0.94	0.96	0.98	0.94
7500	0.96	0.96	0.94	0.98	1.0	0.98	0.98	0.96	1.0	1.0	0.98	0.98	0.94	0.96	0.98	0.94
7550	0.98	0.96	0.94	0.98	1.0	0.98	0.98	0.98	1.0	1.0	0.98	0.98	0.96	0.98	0.98	0.94
7600	0.98	0.96	0.94	0.98	1.0	0.94	0.98	0.98	1.0	1.0	0.98	0.98	0.96	0.98	0.98	0.94
7650	0.98	0.96	0.94	0.98	1.0	0.92	0.98	0.98	0.98	1.0	0.98	0.98	0.96	1.0	0.98	0.94
7700	0.98	0.94	0.94	0.98	1.0	0.92	0.98	1.0	0.98	1.0	0.98	1.0	0.96	1.0	0.98	0.94
7750	0.98	0.94	0.96	0.98	1.0	0.92	0.98	1.0	0.98	1.0	1.0	1.0	0.96	1.0	0.98	0.94
7800	1.0	0.94	0.96	0.98	1.0	0.92	0.98	1.0	0.98	1.0	1.0	1.0	0.96	1.0	0.98	0.92
7850	1.0	0.94	0.98	1.0	1.0	0.9	0.98	1.0	0.98	1.0	1.0	1.0	0.96	1.0	0.98	0.92
7900	1.0	0.94	0.98	1.0	1.0	0.88	0.98	1.0	0.98	1.0	1.0	1.0	1.0	1.0	0.98	0.94
7950	1.0	0.94	0.98	1.0	1.0	0.88	0.98	1.0	0.98	1.0	1.0	0.98	1.0	1.0	0.98	0.96
8000	1.0	0.94	0.98	1.0	1.0	0.88	0.98	0.98	0.98	1.0	0.98	0.98	1.0	1.0	0.98	0.98
8050	1.0	0.96	0.98	1.0	1.0	0.88	0.98	0.98	0.98	1.0	0.98	0.98	1.0	1.0	0.98	0.98
8100	1.0	0.96	0.96	1.0	1.0	0.88	0.98	0.98	0.98	0.98	0.98	0.96	1.0	1.0	0.98	0.98
8150	1.0	0.96	0.98	1.0	1.0	0.88	0.98	0.96	0.98	0.96	0.98	0.96	1.0	1.0	0.98	0.98
8200	1.0	0.98	0.98	1.0	1.0	0.88	0.98	0.96	0.98	0.94	0.98	0.94	1.0	1.0	0.98	0.96
8250	1.0	0.98	0.98	1.0	1.0	0.88	0.98	0.94	0.98	0.94	0.94	0.94	1.0	0.98	1.0	0.96
8300	1.0	0.98	0.98	1.0	1.0	0.88	1.0	0.94	0.98	0.94	0.94	0.94	1.0	0.98	1.0	0.96
8350	1.0	0.98	0.98	1.0	1.0	0.9	1.0	0.94	0.98	0.94	0.94	0.94	1.0	0.96	1.0	0.94
8400	1.0	0.98	0.98	1.0	1.0	0.9	1.0	0.94	0.98	0.94	0.92	0.92	1.0	0.96	1.0	0.94
8450	1.0	0.98	0.98	1.0	1.0	0.9	1.0	0.94	1.0	0.94	0.92	0.92	1.0	0.96	1.0	0.96
8500	1.0	1.0	0.98	1.0	1.0	0.9	1.0	0.94	1.0	0.92	0.92	0.92	1.0	0.96	1.0	0.96
8550	1.0	1.0	0.98	1.0	1.0	0.94	1.0	0.94	1.0	0.92	0.92	0.92	1.0	0.96	1.0	0.96
8600	1.0	1.0	0.98	1.0	1.0	0.94	1.0	0.92	1.0	0.92	0.92	0.92	1.0	0.96	1.0	0.96
8650	1.0	1.0	0.98	1.0	1.0	0.94	1.0	0.92	1.0	0.92	0.92	0.92	1.0	0.96	1.0	0.96
8700	1.0	0.98	0.98	1.0	1.0	0.96	1.0	0.92	1.0	0.92	0.94	0.92	1.0	0.96	1.0	0.96
8750	1.0	0.94	0.98	1.0	1.0	0.96	1.0	0.92	1.0	0.92	0.94	0.94	1.0	0.96	1.0	0.96
8800	1.0	0.94	0.98	0.98	1.0	0.94	1.0	0.92	1.0	0.92	0.94	0.96	1.0	0.96	1.0	0.96
8850	1.0	0.94	1.0	0.98	1.0	0.96	1.0	0.94	1.0	0.94	0.94	0.96	1.0	0.96	1.0	0.96
8900	1.0	0.92	1.0	0.98	1.0	0.98	1.0	0.94	1.0	0.96	0.94	0.96	1.0	0.98	1.0	0.96
8950	1.0	0.92	1.0	0.98	1.0	0.98	1.0	0.94	1.0	0.96	0.98	0.96	1.0	1.0	1.0	0.96
9000	1.0	0.92	1.0	0.98	1.0	0.98	1.0	0.94	1.0	0.98	0.96	0.96	1.0	1.0	1.0	0.96
9050	1.0	0.92	1.0	0.98	1.0	0.98	1.0	0.96	1.0	0.98	0.98	0.96	1.0	1.0	1.0	0.96
9100	1.0	0.92	1.0	0.98	1.0	0.98	1.0	0.96	1.0	0.98	0.98	0.98	1.0	1.0	1.0	0.98
9150	1.0	0.92	0.98	0.98	1.0	0.98	1.0	0.96	1.0	0.98	0.98	0.98	1.0	1.0	1.0	0.98
9200	1.0	0.9	0.98	0.98	1.0	0.98	1.0	0.96	1.0	0.98	0.98	0.98	0.98	1.0	1.0	0.98
9250	1.0	0.9	0.98	0.98	1.0	0.98	1.0	0.94	1.0	1.0	0.98	0.98	0.98	1.0	1.0	1.0
9300	1.0	0.9	0.98	0.98	1.0	0.98	1.0	0.94	0.98	1.0	0.98	0.98	0.98	1.0	1.0	1.0
9350	1.0	0.9	0.98	0.98	1.0	0.98	1.0	0.94	0.98	1.0	0.98	1.0	0.98	1.0	0.98	1.0
9400	1.0	0.9	0.98	1.0	1.0	0.98	1.0	0.96	0.98	1.0	0.98	1.0	0.98	1.0	0.98	1.0
9450	1.0	0.92	0.98	1.0	1.0	0.98	1.0	0.96	0.98	1.0	0.98	1.0	0.98	1.0	0.98	1.0
9500	1.0	0.96	0.98	1.0	1.0	0.98	1.0	0.96	0.98	1.0	0.94	1.0	0.98	1.0	0.98	1.0
9550	1.0	0.98	0.98	1.0	1.0	0.98	1.0	0.96	0.98	1.0	0.94	1.0	0.98	1.0	0.98	1.0
9600	1.0	0.98	0.98	1.0	1.0	1.0	1.0	0.96	0.98	1.0	0.94	1.0	0.98	1.0	0.98	1.0
9650	1.0	0.96	0.98	1.0	1.0	1.0	1.0	0.96	0.98	1.0	0.94	1.0	0.96	1.0	0.98	1.0
9700	1.0	0.96	0.98	1.0	1.0	1.0	1.0	0.96	0.98	1.0	0.94	1.0	0.96	1.0	0.98	1.0
9750	1.0	0.98	0.98	1.0	1.0	1.0	1.0	0.96	0.98	1.0	0.94	1.0	0.96	1.0	0.96	1.0
9800	1.0	0.98	0.98	1.0	1.0	1.0	1.0	0.96	0.98	1.0	0.94	1.0	0.96	1.0	0.96	1.0
9850	1.0	0.98	0.98	1.0	1.0	1.0	1.0	0.96	0.98	1.0	0.92	1.0	0.96	1.0	0.96	1.0
9900	1.0	0.98	0.96	1.0	1.0	1.0	1.0	0.98	0.98	1.0	0.92	1.0	0.96	1.0	0.96	1.0
9950	1.0	0.98	0.96	1.0	1.0	1.0	1.0	1.0	0.98	1.0	0.92	1.0	0.98	1.0	0.96	1.0
10000	1.0	0.98	0.98	1.0	1.0	0.98	1.0	1.0	0.98	1.0	0.92	1.0	0.98	1.0	0.96	1.0
10050	1.0	0.98	0.98	1.0	1.0	0.96	1.0	1.0	0.98	1.0	0.92	1.0	0.96	1.0	0.96	1.0
10100	1.0	1.0	0.98	1.0	1.0	0.94	1.0	1.0	0.98	1.0	0.92	1.0	0.96	1.0	0.96	1.0
10150	1.0	1.0	0.98	1.0	1.0	0.94	1.0	1.0	0.98	1.0	0.92	1.0	0.96	1.0	0.96	1.0
10200	0.98	1.0	0.98	1.0	1.0	0.9	1.0	1.0	0.96	1.0	0.96	1.0	0.98	1.0	0.96	1.0
10250	0.98	1.0	0.96	1.0	1.0	0.88	1.0	1.0	0.98	1.0	0.96	1.0	0.98	1.0	0.96	1.0
10300	0.98	1.0	0.96	1.0	1.0	0.88	1.0	1.0	0.98	1.0	0.98	1.0	0.98	1.0	0.98	1.0
10350	0.96	1.0	0.96	1.0	1.0	0.88	1.0	1.0	0.98	1.0	0.98	1.0	0.98	1.0	0.98	1.0
10400	0.96	1.0	0.96	1.0	1.0	0.88	1.0	1.0	0.98	1.0	0.98	1.0	0.96	1.0	0.98	1.0
10450	0.96	1.0	0.96	1.0	1.0	0.88	1.0	1.0	0.98	1.0	1.0	0.98	0.96	1.0	1.0	1.0
10500	0.96	1.0	0.96	1.0	1.0	0.88	1.0	1.0	0.98	1.0	1.0	0.98	0.96	1.0	1.0	1.0
10550	0.96	1.0	0.96	1.0	1.0	0.88	1.0	1.0	0.98	1.0	1.0	0.98	0.96	1.0	1.0	1.0
10600	0.96	1.0	0.96	1.0	1.0	0.88	1.0	1.0	0.98	1.0	1.0	0.98	0.96	1.0	1.0	1.0
10650	0.96	1.0	0.96	1.0	1.0	0.88	0.98	0.98	0.98	1.0	1.0	0.98	0.96	1.0	0.98	0.98
10700	0.96	1.0	0.98	1.0	1.0	0.88	0.98	0.98	0.98	1.0	1.0	0.98	0.96	1.0	0.98	0.98
10750	0.98	1.0	0.98	1.0	1.0	0.9	0.98	0.98	0.98	1.0	1.0	0.98	0.96	1.0	0.98	0.98
10800	0.98	1.0	0.98	1.0	0.98	0.9	0.98	0.98	0.98	1.0	1.0	0.98	0.96	1.0	0.98	0.98
10850	0.98	1.0	0.98	1.0	0.98	0.9	0.98	0.98	0.98	1.0	1.0	0.98	0.96	1.0	0.98	0.98
10900	0.98	1.0	0.98	1.0	0.98	0.92	0.98	0.98	0.98	1.0	1.0	0.98	0.98	1.0	0.98	0.98
10950	0.98	1.0	0.98	1.0	0.98	0.98	0.98	0.98	0.98	1.0	1.0	0.98	0.98	1.0	0.98	0.98
11000	0.98	1.0	1.0	1.0	0.98	1.0	0.98	0.98	1.0	1.0	1.0	0.98	0.98	1.0	0.98	0.98
11050	1.0	0.96	1.0	1.0	0.98	1.0	0.98	0.98	1.0	1.0	1.0	0.98	0.96	1.0	0.98	0.98
11100	1.0	0.96	1.0	1.0	0.98	1.0	0.98	0.98	1.0	1.0	1.0	0.96	0.96	1.0	0.98	0.98
11150	1.0	0.96	0.98	1.0	0.98	1.0	0.98	0.98	1.0	1.0	1.0	0.96	0.96	1.0	0.96	0.98
11200	1.0	0.96	0.98	1.0	0.98	1.0	0.98	0.98	1.0	1.0	1.0	0.96	0.98	1.0	0.98	0.98
11250	1.0	0.96	0.98	1.0	0.98	1.0	0.98	0.98	1.0	1.0	1.0	0.96	0.98	1.0	0.98	0.98
11300	1.0	0.96	0.98	1.0	0.98	1.0	0.98	0.98	1.0	1.0	1.0	0.96	0.98	1.0	0.98	0.98
11350	1.0	0.96	0.98	1.0	0.98	1.0	0.98	0.98	1.0	1.0	1.0	0.96	0.96	1.0	0.98	0.98
11400	1.0	0.96	0.98	1.0	0.98	1.0	0.98	0.98	1.0	1.0	1.0	0.98	0.96	1.0	0.98	0.98
11450	1.0	0.96	0.98	1.0	0.98	1.0	0.98	0.98	1.0	1.0	1.0	0.98	0.96	1.0	0.98	0.98
11500	1.0	0.96	0.98	1.0	1.0	1.0	0.98	0.98	1.0	1.0	1.0	0.98	0.96	1.0	0.98	0.98
11550	1.0	0.96	0.98	1.0	1.0	1.0	0.98	0.98	1.0	1.0	1.0	0.98	0.96	1.0	0.98	1.0
11600	1.0	0.96	0.98	1.0	1.0	1.0	0.98	1.0	1.0	0.98	1.0	0.98	0.96	1.0	0.98	1.0
11650	1.0	0.96	0.98	1.0	1.0	1.0	0.98	1.0	1.0	0.98	1.0	0.98	0.96	1.0	0.98	1.0
11700	1.0	0.96	0.98	1.0	1.0	1.0	0.98	1.0	1.0	0.98	1.0	0.98	0.96	1.0	0.98	1.0
11750	1.0	0.96	0.98	1.0	1.0	1.0	0.98	1.0	1.0	0.98	1.0	0.98	0.96	1.0	0.98	1.0
11800	1.0	0.96	0.98	1.0	1.0	1.0	0.98	1.0	1.0	0.98	1.0	0.98	0.96	1.0	0.98	1.0
11850	1.0	0.98	1.0	1.0	1.0	1.0	0.98	1.0	1.0	0.98	0.98	1.0	0.98	1.0	0.98	1.0
11900	1.0	1.0	1.0	1.0	1.0	1.0	0.98	1.0	1.0	0.98	0.98	1.0	0.98	1.0	1.0	1.0
11950	1.0	1.0	1.0	1.0	0.98	1.0	0.98	1.0	0.98	0.98	0.98	1.0	0.98	1.0	1.0	1.0
12000	1.0	1.0	1.0	1.0	0.98	1.0	1.0	1.0	0.98	0.98	0.98	1.0	0.98	1.0	1.0	1.0
12050	1.0	0.98	1.0	1.0	0.98	1.0	1.0	1.0	0.98	0.98	0.98	1.0	0.98	1.0	1.0	1.0
12100	1.0	0.98	1.0	1.0	0.98	1.0	1.0	1.0	0.98	0.98	0.98	1.0	0.98	1.0	1.0	1.0
12150	1.0	0.98	1.0	1.0	0.98	1.0	1.0	1.0	0.98	0.98	0.98	1.0	0.98	1.0	1.0	1.0
12200	1.0	0.98	1.0	1.0	0.98	1.0	1.0	1.0	0.98	0.98	0.98	1.0	1.0	1.0	1.0	1.0
12250	1.0	0.98	1.0	1.0	0.98	1.0	1.0	1.0	0.98	0.98	0.98	1.0	1.0	1.0	1.0	1.0
12300	1.0	0.98	1.0	1.0	0.96	0.98	1.0	1.0	0.98	0.98	0.98	1.0	1.0	1.0	1.0	1.0
12350	1.0	0.98	1.0	1.0	0.96	0.98	1.0	1.0	0.98	0.98	0.98	1.0	1.0	1.0	1.0	1.0
12400	1.0	0.98	1.0	1.0	0.96	0.98	1.0	1.0	0.98	1.0	0.98	0.98	1.0	1.0	1.0	1.0
12450	1.0	0.98	1.0	1.0	0.96	0.98	1.0	1.0	0.98	1.0	0.98	0.98	1.0	1.0	1.0	1.0
12500	1.0	0.98	1.0	1.0	0.96	0.98	1.0	1.0	0.98	1.0	0.98	0.98	1.0	1.0	1.0	1.0
12550	1.0	0.98	1.0	1.0	0.96	0.98	1.0	1.0	0.98	0.98	0.98	0.98	1.0	1.0	1.0	1.0
12600	1.0	0.98	1.0	1.0	0.96	0.98	1.0	1.0	0.98	0.98	0.96	0.98	1.0	1.0	1.0	1.0
12650	1.0	0.98	1.0	1.0	0.96	0.98	1.0	1.0	0.98	0.98	0.96	0.96	1.0	1.0	1.0	1.0
12700	1.0	0.98	1.0	1.0	0.98	0.98	1.0	1.0	1.0	0.98	0.96	0.96	1.0	1.0	1.0	1.0
12750	1.0	0.98	1.0	1.0	0.98	0.98	1.0	1.0	1.0	0.98	0.96	0.96	1.0	1.0	0.98	1.0
12800	1.0	0.98	1.0	1.0	0.98	0.98	1.0	1.0	1.0	0.98	0.96	0.96	1.0	1.0	0.98	1.0
12850	0.98	0.98	1.0	1.0	0.98	0.98	1.0	1.0	0.98	0.98	0.94	0.96	1.0	1.0	0.98	1.0
12900	0.98	0.98	1.0	1.0	0.98	0.98	1.0	1.0	0.98	0.98	0.94	0.94	1.0	1.0	0.98	1.0
12950	0.98	0.98	1.0	1.0	0.98	0.98	1.0	1.0	0.98	0.96	0.94	0.94	1.0	1.0	0.98	1.0
13000	0.98	0.98	1.0	1.0	0.98	0.96	1.0	1.0	0.98	0.96	0.94	0.94	1.0	1.0	0.98	1.0
13050	0.98	1.0	1.0	1.0	0.98	0.96	1.0	1.0	0.98	0.96	0.94	0.94	1.0	1.0	0.98	0.98
13100	0.98	1.0	1.0	1.0	0.98	0.96	1.0	1.0	0.98	0.96	0.94	0.92	1.0	1.0	0.98	0.98
13150	0.98	1.0	1.0	1.0	0.98	0.98	1.0	0.98	0.98	0.96	0.94	0.92	1.0	1.0	0.98	0.98
13200	0.98	1.0	1.0	1.0	1.0	0.98	0.98	0.98	0.98	0.96	0.94	0.9	1.0	1.0	0.98	0.98
13250	0.98	1.0	1.0	1.0	1.0	0.98	0.98	0.98	0.98	0.96	0.94	0.9	1.0	0.98	0.98	0.98
13300	0.98	1.0	1.0	1.0	1.0	0.98	0.98	0.98	0.98	0.96	0.94	0.9	1.0	0.98	0.98	0.98
13350	0.98	1.0	1.0	1.0	1.0	0.98	0.98	0.98	0.96	0.96	0.94	0.9	1.0	0.98	0.98	0.98
13400	0.98	1.0	1.0	1.0	1.0	0.98	0.98	0.98	0.96	0.98	0.94	0.9	1.0	0.98	0.98	0.98
13450	1.0	1.0	1.0	1.0	1.0	0.98	0.98	0.98	0.96	0.98	0.96	0.9	1.0	0.98	0.98	0.96
13500	1.0	1.0	1.0	1.0	1.0	0.98	0.98	0.98	0.96	0.98	0.96	0.9	1.0	0.98	0.98	0.96
13550	1.0	1.0	1.0	1.0	1.0	0.98	0.98	0.98	0.96	0.98	0.96	0.92	0.98	0.98	0.98	0.96
13600	1.0	1.0	1.0	1.0	1.0	0.98	0.96	0.98	0.96	0.98	0.96	0.92	0.98	0.98	1.0	0.96
13650	1.0	0.98	1.0	1.0	1.0	0.98	0.96	0.98	0.96	0.98	0.96	0.92	0.98	0.98	1.0	0.96
13700	1.0	0.98	1.0	1.0	1.0	0.98	0.96	0.98	0.96	0.98	0.96	0.92	0.98	0.98	1.0	0.96
13750	1.0	0.98	1.0	1.0	1.0	1.0	0.96	0.98	0.98	0.98	0.98	0.94	0.98	0.98	1.0	0.98
13800	1.0	0.98	1.0	1.0	1.0	1.0	0.96	0.98	0.96	0.98	0.98	0.94	0.98	0.98	1.0	0.98
13850	1.0	0.96	1.0	1.0	1.0	1.0	0.96	0.98	0.96	1.0	0.98	0.96	0.98	0.98	1.0	0.98
13900	1.0	0.96	1.0	1.0	1.0	1.0	0.98	0.98	0.96	1.0	0.96	0.96	0.98	0.98	1.0	0.98
13950	1.0	0.96	0.98	1.0	1.0	1.0	0.98	0.98	0.96	1.0	0.96	0.96	0.98	0.98	1.0	0.96
14000	1.0	0.96	0.98	1.0	1.0	1.0	0.98	1.0	0.98	1.0	0.96	0.96	0.98	0.98	0.98	0.96
14050	1.0	0.96	0.98	1.0	1.0	1.0	0.98	1.0	0.98	1.0	0.96	0.98	0.96	1.0	0.98	0.96
14100	1.0	0.96	0.98	1.0	1.0	1.0	0.98	1.0	0.98	1.0	0.96	0.98	0.96	1.0	0.98	0.96
14150	1.0	0.96	0.98	1.0	1.0	1.0	0.98	1.0	0.98	1.0	0.96	0.98	0.96	1.0	0.98	0.98
14200	1.0	0.96	0.98	1.0	1.0	1.0	0.98	1.0	0.98	1.0	0.96	0.98	0.96	1.0	0.98	0.98
14250	1.0	0.94	0.98	1.0	1.0	1.0	0.98	1.0	0.98	1.0	0.96	0.98	0.96	1.0	0.98	0.98
14300	1.0	0.94	0.98	1.0	1.0	1.0	0.98	1.0	0.98	1.0	0.96	0.98	0.96	1.0	0.98	0.98
14350	1.0	0.94	0.98	1.0	1.0	1.0	1.0	1.0	0.98	1.0	0.96	0.98	0.96	1.0	0.96	0.98
14400	1.0	0.96	0.98	1.0	1.0	1.0	1.0	1.0	0.98	1.0	0.98	0.98	0.96	1.0	0.96	0.98
14450	1.0	0.96	0.98	1.0	1.0	1.0	1.0	1.0	0.98	1.0	0.98	0.98	0.96	1.0	0.96	0.98
14500	1.0	0.96	0.98	1.0	1.0	1.0	1.0	1.0	1.0	0.98	0.98	0.98	0.96	1.0	0.96	0.98
14550	0.98	0.96	0.98	1.0	1.0	1.0	1.0	1.0	1.0	0.98	0.98	0.98	0.96	1.0	0.94	0.98
14600	0.98	0.98	0.98	1.0	1.0	1.0	1.0	1.0	1.0	0.98	0.98	0.98	0.96	1.0	0.9	0.98
14650	0.96	0.96	0.98	1.0	1.0	1.0	1.0	1.0	1.0	0.98	0.98	1.0	0.98	1.0	0.9	0.98
14700	0.96	0.96	1.0	1.0	1.0	1.0	1.0	1.0	1.0	0.98	0.98	1.0	0.98	1.0	0.9	1.0
14750	0.96	0.96	1.0	1.0	1.0	1.0	1.0	1.0	1.0	0.98	0.98	1.0	0.98	1.0	0.9	1.0
14800	0.96	0.96	1.0	1.0	1.0	1.0	1.0	1.0	1.0	0.98	0.98	1.0	0.98	1.0	0.9	1.0
14850	0.94	0.94	1.0	1.0	1.0	1.0	1.0	1.0	0.98	0.98	1.0	1.0	0.98	1.0	0.92	1.0
14900	0.94	0.94	1.0	1.0	1.0	1.0	1.0	1.0	0.98	0.98	0.98	1.0	0.98	1.0	0.92	1.0
14950	0.94	0.94	1.0	1.0	1.0	1.0	1.0	1.0	0.98	0.98	0.98	1.0	1.0	1.0	0.9	1.0
15000	0.94	0.94	1.0	1.0	1.0	0.98	1.0	1.0	0.98	0.98	0.98	0.98	1.0	1.0	0.9	1.0
15050	0.94	0.94	1.0	1.0	1.0	0.98	1.0	1.0	0.98	0.98	0.98	0.98	1.0	1.0	0.9	1.0
15100	0.94	0.96	1.0	1.0	1.0	0.98	1.0	1.0	0.98	0.98	0.98	0.98	1.0	1.0	0.9	1.0
15150	0.94	0.96	1.0	1.0	1.0	0.98	1.0	1.0	0.98	0.98	0.98	0.98	1.0	1.0	0.9	1.0
15200	0.94	0.96	1.0	1.0	1.0	0.98	1.0	1.0	0.98	0.98	0.98	0.98	1.0	1.0	0.9	1.0
15250	0.94	0.96	1.0	1.0	1.0	0.98	1.0	1.0	0.98	0.98	0.98	0.98	1.0	1.0	0.92	1.0
15300	0.96	0.96	1.0	1.0	1.0	0.98	1.0	1.0	0.98	0.98	0.98	0.98	1.0	1.0	0.92	1.0
15350	0.96	0.98	1.0	1.0	1.0	0.98	1.0	1.0	0.98	1.0	0.98	0.98	1.0	1.0	0.94	1.0
15400	0.98	0.98	1.0	1.0	1.0	0.98	1.0	0.98	0.98	0.98	0.98	0.98	1.0	1.0	0.94	1.0
15450	0.98	0.98	1.0	1.0	1.0	0.98	1.0	0.98	0.98	0.98	0.98	0.98	1.0	0.98	0.92	1.0
15500	0.98	0.98	1.0	1.0	1.0	0.98	1.0	0.98	0.98	0.98	0.98	0.98	1.0	0.98	0.96	1.0
15550	0.98	1.0	0.98	1.0	1.0	0.98	1.0	0.98	0.98	0.98	1.0	0.98	1.0	0.98	0.96	1.0
15600	0.98	1.0	0.98	1.0	1.0	0.98	1.0	0.98	0.98	0.98	1.0	0.98	1.0	0.98	0.96	1.0
15650	0.98	1.0	0.98	1.0	1.0	0.98	1.0	0.98	0.98	0.98	1.0	0.98	1.0	0.98	0.96	1.0
15700	0.98	1.0	0.98	1.0	1.0	0.98	1.0	0.98	0.98	0.98	1.0	0.98	1.0	0.98	0.96	0.98
15750	1.0	1.0	0.98	1.0	1.0	0.98	1.0	0.98	1.0	0.98	1.0	0.98	1.0	0.98	0.96	0.98
15800	1.0	1.0	0.98	1.0	1.0	0.98	1.0	0.98	1.0	0.98	1.0	0.98	0.98	0.98	0.98	0.98
15850	1.0	1.0	0.98	1.0	1.0	0.98	1.0	0.98	1.0	0.98	1.0	0.98	0.98	0.98	0.98	0.96
15900	1.0	1.0	0.98	1.0	1.0	0.98	1.0	0.98	1.0	0.98	1.0	0.98	0.98	0.98	0.98	0.96
15950	1.0	1.0	0.98	1.0	1.0	0.98	1.0	0.98	1.0	0.98	1.0	1.0	0.98	0.98	0.96	0.96
16000	1.0	1.0	0.98	1.0	1.0	0.98	1.0	0.98	1.0	0.98	1.0	1.0	0.98	0.98	0.96	0.96
16050	1.0	1.0	0.98	1.0	1.0	1.0	1.0	0.98	0.98	1.0	1.0	1.0	0.98	0.98	0.96	0.94
16100	0.98	1.0	0.98	1.0	1.0	1.0	1.0	0.98	0.98	1.0	1.0	1.0	0.98	1.0	0.96	0.94
16150	0.98	1.0	0.96	1.0	1.0	1.0	1.0	0.98	0.98	1.0	1.0	1.0	0.98	1.0	0.96	0.94
16200	0.98	1.0	0.96	1.0	1.0	1.0	1.0	0.98	0.98	1.0	1.0	1.0	0.98	1.0	0.96	0.94
16250	0.98	1.0	0.96	1.0	1.0	1.0	1.0	1.0	0.98	1.0	1.0	1.0	0.98	1.0	0.96	0.94
16300	0.98	1.0	0.98	1.0	1.0	1.0	1.0	1.0	0.98	1.0	1.0	1.0	0.98	1.0	0.98	0.94
16350	0.98	1.0	0.98	1.0	1.0	1.0	1.0	1.0	0.98	1.0	1.0	1.0	0.98	1.0	0.98	0.92
16400	0.98	1.0	0.98	1.0	1.0	1.0	1.0	1.0	0.98	1.0	1.0	1.0	0.98	1.0	0.98	0.92
16450	0.98	1.0	0.98	1.0	1.0	1.0	1.0	1.0	0.98	1.0	1.0	1.0	0.98	1.0	0.98	0.92
16500	0.98	1.0	0.98	1.0	1.0	0.98	1.0	1.0	0.98	1.0	0.98	1.0	0.98	1.0	0.98	0.94
16550	0.98	1.0	0.98	1.0	1.0	0.98	1.0	1.0	0.98	1.0	0.98	1.0	0.98	1.0	0.98	0.94
16600	0.98	1.0	0.98	1.0	1.0	0.98	1.0	1.0	0.98	1.0	0.98	1.0	0.98	0.98	0.98	0.96
16650	0.98	1.0	0.98	1.0	1.0	0.98	1.0	1.0	0.98	1.0	0.98	1.0	0.98	0.98	0.98	0.96
16700	0.98	1.0	0.98	1.0	1.0	0.98	1.0	1.0	0.98	1.0	0.98	1.0	1.0	0.96	0.98	0.96
16750	0.98	0.98	1.0	1.0	1.0	0.98	1.0	1.0	0.98	1.0	0.98	1.0	1.0	0.96	0.98	0.98
16800	1.0	0.98	1.0	1.0	1.0	0.98	1.0	1.0	0.98	1.0	0.98	1.0	1.0	0.96	0.98	0.98
16850	1.0	0.98	1.0	1.0	1.0	0.98	1.0	1.0	0.98	1.0	0.98	1.0	1.0	0.96	0.98	0.98
16900	1.0	0.98	1.0	1.0	1.0	0.98	1.0	1.0	1.0	1.0	0.98	1.0	1.0	0.96	0.98	0.98
16950	1.0	0.98	1.0	1.0	1.0	0.98	1.0	1.0	1.0	1.0	0.98	1.0	1.0	0.96	0.96	0.98
17000	1.0	0.98	1.0	1.0	1.0	0.98	1.0	1.0	1.0	1.0	0.98	1.0	1.0	0.96	0.96	0.98
17050	1.0	0.98	1.0	1.0	1.0	0.98	1.0	1.0	1.0	1.0	0.98	1.0	1.0	0.96	0.96	0.98
17100	1.0	0.98	1.0	1.0	1.0	0.98	1.0	1.0	1.0	1.0	0.98	1.0	1.0	0.96	0.96	0.98
17150	1.0	0.98	1.0	1.0	1.0	1.0	1.0	1.0	1.0	1.0	0.98	1.0	1.0	0.96	0.96	0.98
17200	1.0	0.98	1.0	1.0	1.0	1.0	1.0	1.0	1.0	1.0	0.98	1.0	1.0	0.96	0.96	0.98
17250	1.0	0.98	1.0	1.0	1.0	1.0	1.0	1.0	1.0	0.98	0.98	1.0	1.0	0.96	0.96	1.0
17300	1.0	0.96	1.0	1.0	1.0	1.0	1.0	1.0	1.0	0.98	0.98	1.0	1.0	0.98	0.96	1.0
17350	1.0	0.96	1.0	1.0	1.0	1.0	1.0	1.0	1.0	0.98	0.98	1.0	1.0	1.0	0.96	1.0
17400	1.0	0.96	1.0	1.0	1.0	1.0	1.0	1.0	1.0	0.98	0.98	1.0	1.0	1.0	0.96	1.0
17450	1.0	0.96	1.0	1.0	1.0	1.0	1.0	1.0	1.0	0.98	0.98	1.0	1.0	1.0	0.96	1.0
17500	1.0	0.96	1.0	1.0	1.0	1.0	1.0	1.0	1.0	0.98	0.96	1.0	1.0	1.0	0.96	1.0
17550	1.0	0.96	1.0	1.0	1.0	1.0	1.0	1.0	1.0	0.98	0.96	1.0	1.0	1.0	0.96	1.0
17600	1.0	0.98	1.0	1.0	1.0	1.0	1.0	1.0	1.0	0.98	0.96	0.98	1.0	1.0	0.96	1.0
17650	1.0	0.98	1.0	1.0	1.0	1.0	1.0	1.0	1.0	0.98	0.96	0.98	1.0	1.0	0.94	1.0
17700	1.0	0.98	1.0	1.0	1.0	1.0	1.0	1.0	1.0	0.98	0.94	0.98	1.0	0.98	0.96	1.0
17750	1.0	0.98	1.0	1.0	1.0	0.98	1.0	1.0	1.0	0.98	0.94	0.98	1.0	0.98	0.98	1.0
17800	1.0	0.98	1.0	1.0	1.0	0.98	1.0	1.0	1.0	0.98	0.94	0.98	1.0	0.98	0.98	1.0
17850	1.0	0.98	1.0	1.0	1.0	0.98	1.0	1.0	1.0	0.96	0.94	0.98	1.0	0.98	0.98	0.98
17900	1.0	0.98	1.0	1.0	1.0	0.96	1.0	1.0	0.98	0.96	0.94	0.98	1.0	0.98	0.98	0.98
17950	1.0	0.98	1.0	1.0	0.98	0.96	1.0	1.0	0.98	0.94	0.94	0.98	0.98	0.98	0.98	0.98
18000	1.0	1.0	1.0	1.0	0.98	0.96	1.0	1.0	0.98	0.96	0.94	0.98	0.98	0.98	0.98	0.98
18050	1.0	1.0	1.0	1.0	0.98	0.96	1.0	1.0	0.98	0.96	0.96	0.98	0.98	0.98	0.98	0.98
18100	1.0	1.0	1.0	0.98	0.98	0.96	0.98	1.0	0.98	0.96	0.96	0.98	0.98	0.98	0.98	0.98
18150	1.0	1.0	1.0	0.98	0.98	0.96	0.98	1.0	0.98	0.96	0.96	0.98	0.98	0.98	0.98	0.98
18200	1.0	1.0	1.0	0.98	0.98	0.96	0.98	1.0	0.98	0.96	0.96	0.98	0.98	0.98	0.98	0.98
18250	1.0	1.0	1.0	0.98	0.98	0.96	0.98	1.0	0.98	0.96	0.96	0.98	0.98	0.98	0.98	0.98
18300	1.0	1.0	1.0	0.98	0.98	0.96	0.98	0.98	0.98	0.96	0.96	0.98	0.98	0.98	0.98	0.98
18350	0.98	1.0	1.0	0.98	0.98	0.96	0.98	0.98	0.98	0.96	0.96	0.98	0.98	0.98	0.98	0.98
18400	0.98	1.0	1.0	0.98	0.98	0.96	0.96	0.98	0.98	0.96	0.96	0.98	0.98	0.98	0.98	0.98
18450	0.98	1.0	1.0	0.98	0.98	0.96	0.96	0.98	0.98	0.96	0.96	1.0	0.98	0.98	0.98	0.96
18500	0.98	1.0	1.0	0.98	0.98	0.98	0.96	0.98	0.98	0.98	0.96	1.0	0.98	0.98	0.98	0.96
18550	0.98	1.0	1.0	0.98	0.98	0.98	0.96	0.98	0.98	0.98	0.96	1.0	0.98	0.98	1.0	0.96
18600	0.98	1.0	1.0	0.98	0.98	0.98	0.96	0.96	1.0	1.0	0.96	1.0	0.98	1.0	1.0	0.96
18650	0.98	1.0	1.0	0.98	0.98	0.98	0.96	0.96	1.0	0.98	0.96	0.98	0.98	1.0	0.98	0.96
18700	0.98	1.0	1.0	0.96	1.0	0.98	0.96	0.96	1.0	0.98	0.98	0.98	0.98	1.0	0.98	0.96
18750	0.98	0.98	1.0	0.96	1.0	0.98	0.94	0.96	1.0	0.98	0.98	0.98	0.98	1.0	0.98	0.98
18800	0.98	0.98	1.0	0.96	1.0	1.0	0.94	0.96	1.0	0.98	0.98	0.98	0.98	1.0	0.98	0.98
18850	0.98	0.98	1.0	0.96	1.0	1.0	0.94	0.96	1.0	0.98	0.98	0.98	0.98	1.0	0.96	0.98
18900	0.98	0.98	1.0	0.96	1.0	1.0	0.94	0.96	1.0	0.98	0.98	0.98	0.98	1.0	0.96	0.98
18950	0.98	0.98	0.98	0.96	1.0	1.0	0.96	0.96	1.0	0.98	0.98	0.98	0.98	1.0	0.96	0.98
19000	0.98	0.98	0.98	0.96	1.0	1.0	0.96	0.96	1.0	0.98	0.98	0.98	0.98	1.0	0.96	0.98
19050	0.98	0.98	0.98	0.98	1.0	1.0	0.96	0.96	1.0	0.98	0.98	0.98	0.98	1.0	0.94	0.98
19100	0.98	0.98	0.98	0.98	1.0	1.0	0.96	0.98	1.0	0.98	1.0	0.98	0.98	1.0	0.94	0.98
19150	0.98	0.98	0.98	0.98	1.0	0.98	0.96	0.98	1.0	0.96	1.0	0.98	0.98	1.0	0.94	0.98
19200	0.98	0.98	0.98	0.98	1.0	0.98	0.96	0.96	1.0	0.96	1.0	0.98	0.98	1.0	0.94	0.98
19250	0.98	0.98	0.98	0.98	1.0	0.98	0.96	0.96	1.0	0.96	1.0	0.98	0.98	1.0	0.94	0.98
19300	0.98	0.98	0.98	0.98	1.0	0.98	0.96	0.98	1.0	0.96	1.0	0.98	0.98	1.0	0.94	0.98
19350	0.98	0.98	0.98	1.0	1.0	0.98	0.98	0.98	1.0	0.96	1.0	1.0	0.98	1.0	0.94	0.98
19400	1.0	1.0	0.98	1.0	1.0	0.98	0.98	0.98	1.0	0.96	1.0	1.0	0.98	1.0	0.94	1.0
19450	1.0	0.98	0.96	1.0	1.0	0.98	0.96	0.98	1.0	0.96	1.0	1.0	0.98	1.0	0.94	1.0
19500	1.0	0.96	0.96	1.0	1.0	0.98	0.96	0.98	1.0	0.96	1.0	1.0	1.0	1.0	0.96	1.0
19550	1.0	0.96	0.96	1.0	1.0	0.98	0.94	0.98	1.0	0.96	1.0	1.0	1.0	1.0	0.94	0.96
19600	1.0	0.96	0.96	1.0	1.0	0.98	0.94	0.98	1.0	0.96	1.0	1.0	1.0	1.0	0.94	0.96
19650	1.0	0.96	0.94	1.0	1.0	0.98	0.94	0.98	1.0	0.94	1.0	1.0	1.0	1.0	0.92	0.96
19700	1.0	0.96	0.94	1.0	1.0	0.98	0.94	0.98	1.0	0.94	1.0	1.0	1.0	1.0	0.92	0.94
19750	1.0	0.96	0.94	1.0	1.0	0.98	0.96	0.98	1.0	0.94	1.0	1.0	1.0	1.0	0.94	0.94
19800	1.0	0.96	0.94	1.0	1.0	1.0	0.96	0.98	1.0	0.94	1.0	1.0	1.0	1.0	0.94	0.94
19850	1.0	0.96	0.96	1.0	1.0	1.0	0.96	0.98	1.0	0.94	1.0	1.0	1.0	1.0	0.92	0.94
19900	1.0	0.96	0.96	1.0	1.0	1.0	0.96	0.98	1.0	0.94	1.0	1.0	1.0	1.0	0.92	0.94
19950	1.0	0.94	0.96	1.0	1.0	1.0	0.96	0.98	1.0	0.94	1.0	1.0	1.0	1.0	0.9	0.94
20000	1.0	0.94	0.96	1.0	1.0	1.0	0.96	0.98	1.0	0.94	1.0	1.0	1.0	1.0	0.9	0.94
