0	0.0	0.0	0.0	0.0	0.0	0.0	0.0	0.0	0.0	0.0	0.0	0.0	0.0	0.0	0.0	0.0
50	0.0	0.0	0.0	0.0	0.0	0.0	0.0	0.0	0.0	0.0	0.0	0.0	0.285714285714	0.25	0.0	0.0
100	0.0	0.454545454545	0.444444444444	0.6	0.5	0.285714285714	0.0	0.25	0.333333333333	0.166666666667	0.5	0.416666666667	0.545454545455	0.444444444444	0.444444444444	0.428571428571
150	0.5	0.571428571429	0.6	0.666666666667	0.642857142857	0.5	0.5	0.533333333333	0.454545454545	0.363636363636	0.6	0.5	0.6875	0.416666666667	0.666666666667	0.666666666667
200	0.533333333333	0.727272727273	0.666666666667	0.736842105263	0.666666666667	0.538461538462	0.666666666667	0.611111111111	0.6	0.5	0.538461538462	0.65	0.739130434783	0.5	0.705882352941	0.75
250	0.636363636364	0.777777777778	0.72	0.8	0.72	0.666666666667	0.695652173913	0.681818181818	0.7	0.5625	0.647058823529	0.708333333333	0.730769230769	0.740740740741	0.782608695652	0.809523809524
300	0.68	0.8	0.75	0.833333333333	0.766666666667	0.739130434783	0.774193548387	0.724137931034	0.730769230769	0.695652173913	0.739130434783	0.740740740741	0.75	0.758620689655	0.821428571429	0.827586206897
350	0.703703703704	0.794117647059	0.766666666667	0.848484848485	0.810810810811	0.769230769231	0.805555555556	0.789473684211	0.75	0.740740740741	0.8	0.78125	0.741935483871	0.815789473684	0.794117647059	0.857142857143
400	0.741935483871	0.805555555556	0.78125	0.861111111111	0.794871794872	0.777777777778	0.815789473684	0.8	0.8	0.794117647059	0.846153846154	0.777777777778	0.809523809524	0.847826086957	0.815789473684	0.875
450	0.763157894737	0.829268292683	0.820512820513	0.868421052632	0.818181818182	0.793103448276	0.825	0.822222222222	0.833333333333	0.8	0.851063829787	0.769230769231	0.822222222222	0.854166666667	0.851063829787	0.888888888889
500	0.785714285714	0.857142857143	0.837209302326	0.860465116279	0.829787234043	0.823529411765	0.833333333333	0.84	0.851063829787	0.815789473684	0.92	0.8	0.82	0.9	0.86	0.9
550	0.804347826087	0.86	0.86	0.875	0.92	0.85	0.9	0.94	0.857142857143	0.833333333333	0.92	0.804347826087	0.86	0.96	0.94	0.96
600	0.82	0.94	0.92	0.9	0.94	0.863636363636	0.96	0.96	0.9	0.840909090909	0.96	0.82	0.88	1.0	0.96	0.98
650	0.84	0.96	0.94	0.96	0.96	0.875	0.98	0.98	0.92	0.847826086957	0.98	0.88	0.92	1.0	0.96	0.98
700	0.92	0.96	0.96	0.96	0.98	0.96	0.98	0.98	0.98	0.854166666667	0.98	0.92	0.92	1.0	0.96	0.98
750	0.96	0.96	0.98	0.96	0.98	1.0	0.98	0.98	0.98	0.857142857143	0.98	0.96	0.92	1.0	0.96	0.98
800	0.98	0.96	1.0	0.98	0.98	1.0	1.0	0.98	0.98	0.92	0.96	0.96	0.92	1.0	0.96	1.0
850	0.98	0.96	1.0	0.98	0.98	1.0	1.0	0.98	0.98	0.98	0.96	0.96	0.94	1.0	1.0	0.98
900	0.98	0.98	1.0	0.98	0.98	1.0	1.0	1.0	1.0	1.0	0.98	0.96	0.94	1.0	1.0	0.98
950	0.98	0.98	1.0	0.98	1.0	1.0	1.0	1.0	1.0	1.0	0.98	0.96	0.96	1.0	1.0	0.98
1000	0.98	0.98	1.0	0.98	0.98	1.0	1.0	1.0	1.0	1.0	0.98	0.96	0.96	1.0	1.0	0.94
1050	0.98	0.98	1.0	0.98	0.98	1.0	1.0	1.0	1.0	1.0	0.98	0.96	0.98	1.0	1.0	0.9
1100	0.98	0.98	1.0	0.98	0.98	1.0	1.0	1.0	1.0	1.0	0.98	0.98	0.98	1.0	1.0	0.9
1150	1.0	1.0	1.0	0.98	0.98	1.0	1.0	1.0	1.0	1.0	0.98	1.0	0.98	1.0	1.0	0.9
1200	0.98	1.0	1.0	0.98	0.98	0.98	1.0	1.0	1.0	1.0	0.98	1.0	0.98	1.0	1.0	0.9
1250	0.98	1.0	1.0	0.98	0.98	0.96	1.0	1.0	1.0	1.0	0.98	1.0	0.98	1.0	1.0	0.88
1300	0.98	1.0	1.0	0.98	0.98	0.96	1.0	1.0	1.0	1.0	0.96	1.0	0.98	1.0	1.0	0.88
1350	0.98	1.0	1.0	0.98	0.96	0.96	0.98	1.0	1.0	1.0	0.96	1.0	0.98	1.0	1.0	0.88
1400	0.98	1.0	1.0	0.98	0.96	0.96	0.98	1.0	1.0	1.0	0.96	1.0	0.98	0.98	1.0	0.88
1450	0.98	1.0	1.0	0.98	0.96	0.96	0.98	1.0	1.0	1.0	0.96	1.0	0.98	0.98	1.0	0.88
1500	0.98	1.0	1.0	0.98	0.96	0.96	0.96	1.0	1.0	1.0	0.98	1.0	0.98	0.98	1.0	0.88
1550	0.98	1.0	0.96	0.98	0.96	0.94	0.94	1.0	1.0	1.0	0.96	1.0	0.98	0.98	1.0	0.88
1600	0.98	1.0	0.96	0.98	0.96	0.94	0.94	1.0	1.0	1.0	0.96	1.0	0.98	0.98	1.0	0.92
1650	0.98	1.0	0.96	0.96	0.96	0.92	0.94	1.0	1.0	1.0	0.94	1.0	0.98	0.92	0.98	0.92
1700	0.98	1.0	0.96	0.96	0.96	0.92	0.94	1.0	1.0	1.0	0.94	1.0	0.98	0.88	0.98	0.96
1750	0.98	1.0	0.96	0.96	0.98	0.92	0.94	1.0	1.0	0.98	0.94	1.0	0.98	0.86	0.98	0.96
1800	0.98	1.0	0.96	0.96	0.98	0.92	0.94	1.0	1.0	0.98	0.94	1.0	0.98	0.86	0.96	0.96
1850	1.0	1.0	0.94	0.96	0.98	0.92	0.94	1.0	1.0	0.98	0.94	1.0	0.98	0.86	0.96	0.96
1900	1.0	1.0	0.94	0.96	0.98	0.94	0.94	1.0	1.0	0.98	0.96	1.0	0.98	0.86	0.96	0.98
1950	0.98	0.98	0.94	0.98	0.98	0.96	0.94	1.0	1.0	0.98	0.96	1.0	0.98	0.86	0.96	0.98
2000	0.98	0.96	0.94	0.98	0.98	0.96	0.94	1.0	1.0	0.98	0.92	1.0	0.98	0.86	0.96	0.98
2050	0.98	0.96	0.94	0.98	0.96	0.96	0.94	1.0	1.0	0.98	0.92	1.0	0.96	0.86	0.94	0.98
2100	0.98	0.96	0.94	0.98	0.96	0.94	0.94	1.0	1.0	0.98	0.92	1.0	0.96	0.88	0.92	0.98
2150	0.98	0.94	0.96	0.96	0.98	0.94	0.96	1.0	1.0	0.98	0.9	1.0	0.96	0.88	0.92	1.0
2200	0.98	0.92	0.98	0.96	0.98	0.94	0.96	1.0	1.0	0.98	0.92	1.0	0.96	0.88	0.92	1.0
2250	0.98	0.92	0.98	0.96	0.98	0.94	0.98	1.0	0.98	0.98	0.92	1.0	0.96	0.88	0.94	1.0
2300	0.96	0.92	0.98	0.98	0.96	0.96	0.98	1.0	0.98	0.98	0.94	1.0	0.96	0.88	0.94	1.0
2350	0.96	0.92	0.96	0.98	0.94	0.96	0.98	1.0	0.98	0.98	0.94	1.0	0.94	0.88	0.94	1.0
2400	0.96	0.92	0.96	0.98	0.94	0.98	1.0	1.0	0.98	0.98	0.94	1.0	0.94	0.88	0.94	1.0
2450	0.94	0.92	0.96	0.96	0.94	0.96	1.0	1.0	0.98	1.0	0.94	1.0	0.94	0.9	0.96	1.0
2500	0.94	0.92	0.96	0.96	0.94	0.96	1.0	0.98	0.98	1.0	0.94	1.0	0.94	0.96	0.96	1.0
2550	0.94	0.92	0.98	0.96	0.94	0.96	0.98	0.98	0.98	1.0	0.94	1.0	0.94	0.96	0.96	1.0
2600	0.94	0.92	0.98	0.96	0.94	0.96	0.98	0.98	0.98	1.0	0.94	1.0	0.96	0.96	0.96	1.0
2650	0.94	0.92	0.98	0.94	0.94	0.96	0.98	0.98	0.98	0.98	0.94	1.0	0.96	1.0	0.96	1.0
2700	0.94	0.9	0.98	0.92	0.94	0.96	0.98	0.98	0.98	0.98	0.94	1.0	0.96	1.0	0.98	1.0
2750	0.94	0.9	0.96	0.92	0.96	0.96	0.98	0.98	0.98	0.98	0.98	1.0	0.96	1.0	1.0	1.0
2800	0.94	0.9	0.94	0.92	0.96	0.98	0.98	0.98	0.96	0.98	0.98	1.0	0.98	1.0	0.98	1.0
2850	0.94	0.92	0.94	0.92	0.96	0.98	0.98	0.98	0.96	0.98	0.98	1.0	0.98	1.0	0.96	1.0
2900	0.96	0.92	0.94	0.92	0.98	0.98	0.96	0.98	0.98	0.98	1.0	1.0	0.98	1.0	0.96	1.0
2950	0.96	0.94	0.96	0.92	0.98	0.98	0.96	0.98	0.98	0.98	1.0	1.0	0.98	1.0	0.96	1.0
3000	0.96	0.96	0.94	0.92	1.0	0.98	0.96	0.96	0.98	0.98	1.0	1.0	0.98	1.0	0.94	1.0
3050	0.96	0.96	0.94	0.94	1.0	0.98	0.96	0.96	0.98	0.96	1.0	1.0	1.0	1.0	0.94	1.0
3100	0.96	0.96	0.94	0.94	0.96	1.0	0.96	0.96	0.98	0.96	1.0	1.0	1.0	1.0	0.94	1.0
3150	0.96	0.96	0.92	0.94	0.96	1.0	0.96	0.96	0.98	0.94	0.98	1.0	1.0	1.0	0.94	1.0
3200	0.96	0.96	0.92	0.96	0.96	1.0	0.96	0.98	0.98	0.92	0.98	1.0	1.0	1.0	0.92	1.0
3250	0.96	0.96	0.94	0.96	0.96	1.0	0.96	0.98	0.96	0.92	0.98	1.0	1.0	1.0	0.9	1.0
3300	0.98	0.98	0.94	0.98	0.96	0.98	0.98	0.98	0.96	0.92	0.98	1.0	1.0	1.0	0.9	1.0
3350	0.98	0.98	0.94	1.0	0.96	0.98	0.98	0.98	0.94	0.92	0.98	1.0	1.0	1.0	0.9	1.0
3400	1.0	0.98	0.96	1.0	0.96	0.98	0.98	0.96	0.96	0.92	0.98	1.0	1.0	1.0	0.9	1.0
3450	1.0	1.0	0.96	1.0	0.96	0.98	0.98	0.96	0.92	0.94	0.94	1.0	1.0	1.0	0.94	1.0
3500	1.0	1.0	0.96	1.0	0.96	0.98	0.98	0.96	0.92	0.94	0.94	1.0	1.0	1.0	0.94	1.0
3550	1.0	1.0	0.96	1.0	0.96	0.98	0.98	0.94	0.92	0.94	0.94	1.0	1.0	1.0	0.94	1.0
3600	1.0	1.0	0.96	1.0	0.96	0.98	0.98	0.94	0.92	0.94	0.94	1.0	1.0	1.0	0.94	1.0
3650	1.0	1.0	0.98	1.0	0.96	0.98	0.98	0.94	0.92	0.94	0.94	1.0	1.0	1.0	0.96	1.0
3700	1.0	1.0	0.98	1.0	0.96	0.98	0.94	0.94	0.92	0.94	0.92	1.0	1.0	1.0	0.96	1.0
3750	1.0	1.0	0.96	1.0	0.94	0.98	0.94	0.94	0.94	0.94	0.92	1.0	1.0	1.0	0.96	1.0
3800	1.0	1.0	0.94	1.0	0.94	0.98	0.94	0.94	0.94	0.96	0.92	1.0	1.0	1.0	0.98	1.0
3850	1.0	1.0	0.96	1.0	0.96	0.98	0.94	0.94	0.94	0.98	0.92	1.0	1.0	1.0	1.0	1.0
3900	1.0	0.98	0.96	1.0	0.96	0.98	0.94	0.94	0.94	0.98	0.94	0.98	1.0	1.0	1.0	1.0
3950	0.98	0.94	0.96	1.0	0.96	0.98	0.94	0.94	0.94	0.98	0.94	0.98	1.0	1.0	1.0	1.0
4000	0.98	0.94	0.96	1.0	0.96	1.0	0.94	0.94	0.96	0.98	0.94	0.98	1.0	1.0	1.0	1.0
4050	0.96	0.94	0.94	1.0	0.96	1.0	0.94	0.94	0.96	0.98	0.94	0.98	1.0	1.0	1.0	1.0
4100	0.94	0.94	0.94	1.0	0.96	1.0	0.92	0.96	0.98	0.98	0.94	0.98	1.0	1.0	1.0	1.0
4150	0.94	0.94	0.94	1.0	0.96	1.0	0.92	0.96	0.98	0.98	0.96	0.98	1.0	1.0	1.0	1.0
4200	0.94	0.94	0.94	1.0	0.94	1.0	0.92	0.98	0.98	0.98	0.96	0.98	1.0	1.0	1.0	1.0
4250	0.94	0.94	0.94	1.0	0.94	0.96	0.92	0.96	0.96	0.98	0.96	0.98	1.0	1.0	1.0	1.0
4300	0.94	0.92	0.94	1.0	0.94	0.96	0.92	0.96	0.96	0.98	0.96	0.98	1.0	1.0	1.0	1.0
4350	0.94	0.92	0.94	1.0	0.94	0.96	0.92	0.96	0.96	0.98	0.98	0.98	1.0	1.0	0.98	1.0
4400	0.94	0.92	0.94	1.0	0.94	0.94	0.92	0.98	0.96	0.98	0.96	0.96	1.0	1.0	0.98	1.0
4450	0.94	0.92	0.94	1.0	0.94	0.94	0.9	0.96	0.96	0.98	0.96	0.96	1.0	1.0	0.98	1.0
4500	0.94	0.92	0.94	0.98	0.94	0.92	0.94	0.96	0.96	1.0	0.96	0.94	1.0	1.0	0.98	1.0
4550	0.94	0.92	0.94	0.98	0.96	0.88	0.96	0.96	0.96	1.0	0.96	0.94	1.0	1.0	0.98	1.0
4600	0.96	0.92	0.94	0.98	0.98	0.88	0.94	0.96	0.96	1.0	0.94	0.94	1.0	1.0	0.98	1.0
4650	0.96	0.96	0.94	0.98	0.98	0.88	0.94	0.96	0.98	1.0	0.94	0.94	1.0	1.0	0.98	1.0
4700	0.96	0.98	0.96	0.98	0.98	0.88	0.96	0.96	0.98	1.0	0.94	0.94	1.0	1.0	0.98	1.0
4750	0.98	0.98	0.98	0.98	0.98	0.88	0.96	0.96	0.98	1.0	0.96	0.94	1.0	1.0	0.98	1.0
4800	1.0	0.98	0.98	0.98	1.0	0.88	0.96	0.96	0.98	1.0	0.96	0.94	1.0	1.0	0.98	1.0
4850	1.0	0.96	0.96	0.98	1.0	0.88	0.96	0.96	0.98	1.0	0.96	0.96	0.98	1.0	0.98	1.0
4900	0.98	0.94	0.98	0.98	1.0	0.88	0.94	0.96	0.96	1.0	0.96	0.96	0.98	1.0	0.98	1.0
4950	0.98	0.94	0.98	0.98	1.0	0.92	0.94	0.96	0.98	1.0	0.98	0.96	0.98	1.0	0.98	1.0
5000	0.98	0.94	0.98	0.98	1.0	0.92	0.94	0.96	0.98	1.0	0.98	0.96	0.98	1.0	0.98	1.0
5050	0.98	0.94	0.98	0.96	1.0	0.92	0.94	0.98	0.98	1.0	0.98	0.96	0.98	1.0	0.98	1.0
5100	0.98	0.94	0.98	0.96	1.0	0.94	0.96	0.98	0.98	1.0	0.98	0.96	0.98	1.0	1.0	1.0
5150	0.98	0.94	0.98	0.96	1.0	0.96	0.96	1.0	0.98	1.0	0.98	0.94	0.98	1.0	0.98	1.0
5200	0.98	0.94	0.98	0.98	1.0	0.96	0.96	1.0	0.98	1.0	0.98	0.94	0.98	1.0	0.98	1.0
5250	0.98	0.92	0.98	0.98	1.0	0.98	0.96	1.0	0.98	1.0	1.0	0.96	0.98	1.0	0.96	1.0
5300	0.98	0.9	0.98	0.96	1.0	1.0	0.98	1.0	0.98	1.0	1.0	0.98	0.98	1.0	0.96	0.96
5350	0.98	0.9	0.98	0.94	1.0	1.0	0.98	1.0	0.98	1.0	0.98	0.98	0.98	1.0	0.96	0.96
5400	0.98	0.9	0.98	0.94	1.0	1.0	0.98	1.0	0.98	1.0	0.98	0.96	0.98	1.0	0.96	0.96
5450	0.96	0.9	0.98	0.92	1.0	1.0	0.98	1.0	0.98	1.0	0.98	0.96	0.98	1.0	0.96	0.94
5500	0.96	0.9	1.0	0.9	1.0	1.0	0.98	1.0	0.98	1.0	0.98	0.96	0.98	1.0	0.96	0.9
5550	0.98	0.9	1.0	0.9	1.0	1.0	1.0	1.0	0.98	1.0	0.98	0.96	0.98	1.0	0.96	0.9
5600	0.98	0.92	1.0	0.88	1.0	1.0	1.0	1.0	0.98	1.0	0.98	0.96	1.0	1.0	0.96	0.9
5650	0.98	0.94	1.0	0.88	1.0	1.0	1.0	1.0	1.0	1.0	0.98	0.96	1.0	1.0	0.96	0.9
5700	0.98	0.94	0.98	0.9	1.0	1.0	1.0	1.0	1.0	1.0	0.98	0.96	1.0	1.0	0.96	0.9
5750	0.98	0.94	0.98	0.88	1.0	1.0	1.0	1.0	1.0	1.0	0.98	0.96	1.0	1.0	0.94	0.9
5800	0.98	0.94	0.98	0.88	1.0	1.0	1.0	1.0	1.0	1.0	0.98	0.96	1.0	1.0	0.94	0.9
5850	0.98	0.94	0.98	0.88	1.0	1.0	1.0	1.0	1.0	1.0	0.98	0.96	1.0	1.0	0.94	0.9
5900	0.98	0.94	0.98	0.88	1.0	1.0	0.98	1.0	1.0	1.0	0.98	0.98	1.0	1.0	0.94	0.9
5950	0.98	0.96	0.98	0.88	1.0	1.0	0.98	1.0	1.0	1.0	0.98	0.98	1.0	1.0	0.92	0.9
6000	0.98	0.96	0.98	0.9	1.0	1.0	0.98	1.0	1.0	1.0	1.0	0.98	1.0	1.0	0.94	0.9
6050	0.98	0.96	0.98	0.92	1.0	1.0	0.98	1.0	1.0	1.0	1.0	0.98	1.0	1.0	0.94	0.9
6100	1.0	0.96	0.98	0.92	1.0	1.0	0.98	1.0	1.0	1.0	1.0	0.98	1.0	1.0	0.92	0.92
6150	1.0	0.98	0.98	0.92	1.0	1.0	0.98	1.0	0.98	1.0	1.0	0.98	1.0	1.0	0.92	0.94
6200	1.0	1.0	0.98	0.94	1.0	1.0	0.98	1.0	0.98	1.0	1.0	0.98	1.0	1.0	0.92	0.94
6250	1.0	1.0	1.0	0.92	1.0	1.0	0.98	1.0	0.98	1.0	1.0	1.0	1.0	1.0	0.92	0.94
6300	1.0	1.0	1.0	0.92	1.0	1.0	0.98	1.0	0.96	0.98	1.0	1.0	1.0	1.0	0.92	0.96
6350	1.0	1.0	1.0	0.94	1.0	1.0	0.98	1.0	0.96	0.98	1.0	1.0	1.0	1.0	0.92	0.96
6400	1.0	1.0	1.0	0.94	1.0	1.0	0.96	1.0	0.96	0.98	1.0	1.0	1.0	1.0	0.94	0.96
6450	1.0	1.0	1.0	0.96	1.0	1.0	0.96	1.0	0.96	0.96	1.0	1.0	1.0	1.0	0.96	1.0
6500	1.0	1.0	1.0	0.96	1.0	1.0	0.96	1.0	0.96	0.96	1.0	1.0	1.0	1.0	0.96	1.0
6550	1.0	1.0	1.0	0.96	1.0	1.0	0.96	1.0	0.96	0.96	1.0	1.0	1.0	1.0	0.98	1.0
6600	1.0	1.0	1.0	0.96	1.0	1.0	0.96	1.0	0.96	0.96	1.0	1.0	1.0	1.0	0.98	1.0
6650	1.0	1.0	1.0	0.96	1.0	0.98	0.96	1.0	0.96	0.96	1.0	1.0	1.0	1.0	0.98	1.0
6700	1.0	1.0	0.98	0.96	0.98	0.98	0.98	1.0	0.96	0.96	1.0	1.0	1.0	1.0	0.98	1.0
6750	1.0	1.0	0.98	0.96	0.98	0.98	0.98	0.98	0.96	0.94	1.0	1.0	1.0	1.0	0.98	1.0
6800	1.0	1.0	0.98	0.96	0.98	0.98	0.98	0.98	0.96	0.94	1.0	1.0	0.98	1.0	1.0	1.0
6850	1.0	1.0	0.98	0.96	0.98	0.98	0.98	0.98	0.96	0.92	1.0	1.0	0.98	1.0	1.0	1.0
6900	1.0	1.0	0.98	0.96	0.98	0.98	0.98	0.98	0.96	0.92	1.0	1.0	0.98	1.0	1.0	1.0
6950	1.0	1.0	0.98	0.96	0.98	0.98	0.98	0.98	0.94	0.92	1.0	1.0	0.98	1.0	1.0	1.0
7000	1.0	1.0	0.98	0.98	0.98	0.96	0.98	0.98	0.96	0.94	1.0	1.0	0.98	1.0	1.0	1.0
7050	1.0	1.0	0.98	0.98	0.96	0.94	1.0	0.98	0.96	0.94	1.0	1.0	0.98	1.0	1.0	1.0
7100	1.0	1.0	0.98	0.98	0.96	0.94	1.0	0.98	0.96	0.94	1.0	1.0	0.98	1.0	1.0	1.0
7150	1.0	1.0	0.98	0.98	0.96	0.92	1.0	0.98	0.96	0.94	1.0	1.0	0.98	1.0	0.98	1.0
7200	1.0	1.0	0.98	0.98	0.96	0.92	1.0	0.98	0.96	0.94	1.0	1.0	0.98	1.0	0.98	1.0
7250	1.0	1.0	0.98	0.98	0.98	0.92	1.0	0.98	0.96	0.94	1.0	1.0	0.98	1.0	0.98	1.0
7300	1.0	1.0	0.98	0.98	0.98	0.92	1.0	0.98	0.96	0.94	1.0	1.0	0.98	1.0	0.98	1.0
7350	1.0	1.0	1.0	0.98	0.98	0.92	1.0	0.98	0.96	0.94	1.0	1.0	0.98	1.0	0.98	1.0
7400	1.0	1.0	1.0	0.98	0.98	0.94	0.98	0.98	0.96	0.94	1.0	1.0	1.0	1.0	0.98	1.0
7450	1.0	1.0	1.0	0.96	0.98	0.94	0.98	0.98	0.98	0.92	1.0	1.0	1.0	1.0	0.98	1.0
7500	1.0	1.0	1.0	0.96	0.98	0.94	0.98	1.0	0.98	0.94	1.0	1.0	1.0	1.0	0.98	1.0
7550	1.0	1.0	1.0	0.96	0.98	0.94	0.98	1.0	0.98	0.96	1.0	1.0	1.0	1.0	0.98	1.0
7600	1.0	1.0	1.0	0.96	0.98	0.94	0.96	1.0	1.0	0.96	1.0	1.0	1.0	1.0	0.98	1.0
7650	1.0	1.0	1.0	0.98	0.98	0.94	0.96	1.0	1.0	0.96	1.0	1.0	1.0	1.0	0.98	1.0
7700	1.0	1.0	1.0	0.96	0.98	0.94	0.96	1.0	1.0	0.96	1.0	1.0	1.0	1.0	0.98	1.0
7750	1.0	1.0	1.0	0.96	0.94	0.96	0.94	1.0	1.0	0.94	1.0	1.0	1.0	1.0	0.98	1.0
7800	1.0	1.0	1.0	0.96	0.94	0.98	0.94	1.0	1.0	0.94	1.0	1.0	1.0	1.0	0.98	1.0
7850	1.0	1.0	1.0	0.96	0.94	1.0	0.94	1.0	1.0	0.96	1.0	1.0	1.0	1.0	0.98	1.0
7900	1.0	1.0	1.0	0.96	0.94	1.0	0.94	1.0	1.0	0.96	0.98	1.0	1.0	1.0	0.98	1.0
7950	1.0	1.0	1.0	0.96	0.94	1.0	0.94	1.0	0.98	0.96	0.98	1.0	1.0	1.0	1.0	1.0
8000	1.0	1.0	1.0	0.96	0.92	0.98	0.94	1.0	0.98	0.96	0.98	1.0	0.96	1.0	1.0	1.0
8050	1.0	1.0	1.0	0.96	0.92	0.98	0.94	1.0	0.98	0.96	0.98	1.0	0.96	1.0	1.0	1.0
8100	1.0	1.0	1.0	0.96	0.92	0.98	0.94	1.0	0.98	0.96	0.98	0.98	0.96	1.0	0.98	1.0
8150	1.0	1.0	1.0	0.96	0.92	0.98	0.96	1.0	0.98	0.96	0.98	0.96	0.96	1.0	0.98	1.0
8200	1.0	1.0	1.0	0.96	0.9	0.98	0.96	1.0	0.98	0.96	0.98	0.96	0.96	1.0	0.98	1.0
8250	1.0	1.0	1.0	0.94	0.88	0.98	0.96	1.0	0.96	0.98	0.98	0.96	0.96	1.0	0.98	1.0
8300	1.0	1.0	1.0	0.96	0.88	0.98	0.98	1.0	0.96	0.98	0.98	0.96	0.96	1.0	0.98	1.0
8350	1.0	1.0	1.0	0.96	0.88	0.98	1.0	1.0	0.94	0.98	0.96	0.96	0.96	1.0	0.98	1.0
8400	1.0	1.0	1.0	0.96	0.88	0.98	1.0	1.0	0.94	0.98	0.96	0.96	0.96	0.98	0.98	1.0
8450	1.0	1.0	1.0	0.96	0.88	0.98	1.0	1.0	0.94	0.98	0.96	0.96	0.96	0.98	0.98	1.0
8500	1.0	1.0	1.0	0.96	0.9	0.98	1.0	1.0	0.94	0.98	0.96	0.96	0.96	0.98	0.98	1.0
8550	1.0	1.0	1.0	0.96	0.92	0.98	1.0	1.0	0.94	0.98	0.96	0.96	0.96	0.98	0.98	1.0
8600	1.0	1.0	1.0	0.98	0.92	0.98	1.0	0.98	0.96	0.98	0.96	0.96	0.96	0.98	0.98	1.0
8650	1.0	1.0	1.0	0.98	0.96	0.98	1.0	0.98	0.94	1.0	0.96	0.96	0.96	0.98	0.98	1.0
8700	1.0	1.0	0.98	0.98	0.96	0.98	1.0	0.98	0.94	1.0	0.96	0.96	1.0	0.98	0.98	1.0
8750	1.0	1.0	0.98	0.98	0.96	0.98	1.0	0.98	0.94	1.0	0.96	0.96	1.0	0.98	1.0	0.98
8800	1.0	1.0	0.98	0.98	0.96	0.98	1.0	0.98	0.94	1.0	0.96	0.96	1.0	0.98	1.0	0.98
8850	1.0	1.0	0.98	0.96	0.96	0.98	1.0	0.96	0.94	1.0	0.96	0.96	0.98	0.98	1.0	0.98
8900	1.0	1.0	0.98	0.96	0.96	0.98	1.0	0.96	0.94	1.0	0.94	0.98	0.98	0.98	1.0	0.98
8950	1.0	1.0	0.98	0.96	0.98	0.98	1.0	0.96	0.94	1.0	0.94	0.98	0.98	0.98	0.98	0.98
9000	1.0	1.0	0.98	0.96	1.0	0.96	1.0	0.96	0.94	1.0	0.94	0.98	0.98	0.98	0.98	0.98
9050	0.98	1.0	0.98	0.96	1.0	0.96	1.0	0.96	0.96	1.0	0.94	1.0	0.98	0.98	0.98	0.98
9100	0.98	1.0	0.98	0.96	1.0	0.96	0.98	0.96	0.96	1.0	0.94	1.0	0.98	0.98	0.98	0.98
9150	0.98	1.0	0.98	0.96	1.0	0.96	0.98	0.96	0.96	1.0	0.96	1.0	0.98	0.98	0.98	0.98
9200	0.98	1.0	0.98	0.96	1.0	0.96	0.98	0.96	0.96	1.0	0.96	1.0	0.98	0.98	0.98	0.98
9250	0.98	1.0	0.98	0.96	0.98	0.98	0.98	0.96	0.96	1.0	0.96	1.0	0.98	0.98	0.98	0.98
9300	0.98	1.0	0.98	0.96	0.98	0.98	0.98	0.96	0.96	1.0	0.98	1.0	0.98	0.98	0.98	0.98
9350	0.98	1.0	1.0	0.96	0.98	0.98	0.98	0.96	0.96	1.0	0.98	1.0	0.98	0.98	0.98	0.98
9400	0.98	1.0	1.0	0.96	0.96	0.98	0.98	0.96	0.96	0.98	0.98	1.0	0.98	1.0	0.98	1.0
9450	0.98	1.0	1.0	0.96	0.96	0.96	0.98	0.96	0.98	0.98	0.98	1.0	0.96	1.0	0.98	1.0
9500	0.98	1.0	0.98	0.96	0.96	0.94	0.98	0.96	0.98	0.98	0.98	1.0	0.96	1.0	0.98	1.0
9550	0.98	1.0	0.98	0.96	0.96	0.96	0.98	0.96	0.98	0.98	1.0	1.0	0.96	1.0	0.98	1.0
9600	0.98	1.0	0.98	0.96	0.96	0.96	1.0	0.98	1.0	0.98	1.0	1.0	0.98	1.0	0.98	1.0
9650	0.98	1.0	0.98	0.98	0.96	0.96	1.0	0.98	1.0	0.98	1.0	1.0	0.98	1.0	0.98	1.0
9700	0.98	1.0	0.98	0.96	0.96	0.96	1.0	0.98	1.0	0.98	1.0	1.0	0.96	1.0	1.0	1.0
9750	0.98	0.98	0.98	0.96	0.96	0.96	1.0	0.98	1.0	0.98	1.0	1.0	0.96	1.0	0.96	1.0
9800	0.98	0.98	0.98	0.98	0.96	0.96	1.0	1.0	1.0	0.98	1.0	1.0	0.96	1.0	0.96	1.0
9850	1.0	0.98	0.98	0.98	0.96	0.96	0.98	1.0	1.0	0.98	1.0	1.0	0.94	1.0	0.96	1.0
9900	1.0	0.98	0.98	0.98	0.96	0.96	0.98	1.0	1.0	0.98	1.0	1.0	0.94	1.0	0.96	1.0
9950	1.0	0.98	0.96	0.96	0.96	0.96	0.96	1.0	1.0	0.98	1.0	1.0	0.94	1.0	0.96	1.0
10000	1.0	0.98	0.96	0.96	0.96	0.96	0.96	1.0	1.0	0.98	1.0	1.0	0.94	1.0	0.96	1.0
10050	1.0	0.98	0.96	0.96	0.96	0.96	0.96	1.0	1.0	1.0	1.0	1.0	0.94	1.0	0.96	1.0
10100	1.0	0.98	0.96	0.96	0.98	0.96	0.96	1.0	1.0	1.0	1.0	1.0	0.94	1.0	0.96	1.0
10150	1.0	0.98	0.96	0.96	0.98	0.96	0.96	1.0	1.0	1.0	1.0	1.0	0.94	1.0	0.94	1.0
10200	1.0	0.98	0.96	0.96	0.98	0.96	0.96	1.0	1.0	1.0	1.0	1.0	0.94	1.0	0.92	1.0
10250	1.0	0.98	0.96	0.96	0.98	1.0	0.96	1.0	1.0	1.0	1.0	1.0	0.94	1.0	0.9	1.0
10300	1.0	0.98	0.96	0.96	1.0	1.0	0.96	1.0	1.0	1.0	1.0	1.0	0.94	1.0	0.94	1.0
10350	1.0	0.98	0.96	0.96	1.0	1.0	0.96	1.0	1.0	1.0	1.0	1.0	0.96	1.0	0.94	1.0
10400	1.0	0.98	0.96	0.94	1.0	1.0	0.96	1.0	1.0	1.0	1.0	1.0	0.94	1.0	0.94	1.0
10450	1.0	0.98	0.94	0.94	1.0	1.0	0.96	1.0	1.0	0.98	1.0	1.0	0.96	1.0	0.94	1.0
10500	1.0	0.98	0.94	0.96	1.0	1.0	0.94	1.0	1.0	0.98	1.0	1.0	0.96	1.0	0.94	1.0
10550	1.0	0.98	0.92	0.96	1.0	1.0	0.94	1.0	1.0	0.98	1.0	1.0	0.96	1.0	0.94	1.0
10600	1.0	0.98	0.92	0.96	1.0	1.0	0.94	1.0	1.0	0.98	1.0	1.0	0.96	1.0	0.94	1.0
10650	1.0	1.0	0.92	0.96	1.0	1.0	0.96	1.0	1.0	0.98	1.0	1.0	0.96	1.0	0.94	0.98
10700	1.0	1.0	0.92	0.96	1.0	1.0	0.96	1.0	1.0	0.98	1.0	0.98	0.96	1.0	0.94	0.98
10750	0.98	1.0	0.92	0.98	1.0	1.0	0.98	1.0	1.0	0.98	1.0	0.98	0.96	1.0	0.94	0.98
10800	0.98	1.0	0.92	0.98	1.0	1.0	0.98	1.0	1.0	0.98	1.0	0.98	0.96	1.0	0.94	0.98
10850	0.98	1.0	0.92	0.98	1.0	1.0	0.98	1.0	1.0	0.98	0.98	0.98	0.98	1.0	0.94	0.98
10900	0.98	1.0	0.92	0.96	1.0	0.98	0.98	1.0	1.0	0.98	0.98	0.98	0.98	1.0	0.96	0.98
10950	0.98	1.0	0.94	0.96	1.0	0.98	0.98	1.0	1.0	0.96	0.98	0.98	0.98	1.0	0.98	0.98
11000	0.98	1.0	0.94	0.96	1.0	0.98	0.98	1.0	1.0	0.96	0.98	0.98	0.98	1.0	1.0	0.98
11050	0.98	1.0	0.92	0.96	1.0	0.98	0.98	1.0	1.0	0.96	0.98	0.98	0.98	1.0	1.0	0.98
11100	0.98	1.0	0.94	0.98	1.0	0.98	0.98	1.0	1.0	0.96	0.98	0.98	0.96	1.0	1.0	0.98
11150	0.98	1.0	0.94	0.98	1.0	0.98	1.0	1.0	1.0	0.96	0.98	0.98	0.96	1.0	0.98	0.98
11200	0.98	1.0	0.94	0.98	1.0	0.96	1.0	1.0	1.0	0.96	0.98	0.98	0.98	1.0	0.98	0.98
11250	0.98	1.0	0.96	0.98	1.0	0.96	1.0	1.0	1.0	0.98	0.96	0.98	0.98	1.0	0.98	0.98
11300	0.98	0.98	0.96	0.98	1.0	0.96	1.0	1.0	1.0	0.98	0.96	0.98	0.98	1.0	0.98	0.98
11350	0.98	0.98	0.98	0.96	1.0	0.96	1.0	1.0	1.0	0.98	0.96	0.98	0.98	1.0	0.98	0.98
11400	0.98	0.98	0.98	0.96	1.0	0.96	1.0	1.0	1.0	0.98	0.96	0.98	0.98	1.0	0.98	1.0
11450	0.98	0.98	0.98	0.96	1.0	0.96	1.0	1.0	1.0	0.98	0.96	0.98	0.98	1.0	0.98	1.0
11500	0.98	0.98	0.98	0.96	1.0	0.96	1.0	1.0	1.0	0.98	0.96	0.98	0.98	1.0	0.98	1.0
11550	0.98	0.98	0.98	0.96	0.98	0.96	1.0	1.0	1.0	0.98	0.98	1.0	0.98	0.98	0.98	1.0
11600	0.98	0.98	0.98	0.94	0.98	0.96	1.0	1.0	1.0	0.98	0.98	1.0	0.98	0.98	0.98	1.0
11650	0.98	0.98	0.98	0.96	0.98	0.96	0.98	1.0	1.0	0.98	0.98	1.0	0.98	0.98	0.98	1.0
11700	0.98	0.98	1.0	0.96	0.98	0.96	0.98	1.0	1.0	0.98	0.98	1.0	0.98	0.98	0.98	1.0
11750	1.0	0.98	1.0	0.96	0.96	0.96	0.98	1.0	1.0	0.98	0.96	1.0	0.98	0.98	0.98	1.0
11800	1.0	0.98	1.0	0.96	0.96	0.96	0.98	1.0	1.0	0.98	0.96	1.0	0.98	0.98	0.96	1.0
11850	1.0	0.98	1.0	0.96	0.96	0.96	0.98	1.0	1.0	0.98	0.96	1.0	0.96	0.98	0.98	1.0
11900	1.0	0.98	1.0	0.96	0.96	0.96	0.98	1.0	1.0	1.0	0.98	1.0	0.96	0.98	0.98	1.0
11950	1.0	0.98	1.0	0.96	0.96	0.96	0.98	1.0	1.0	1.0	0.98	1.0	0.98	0.98	0.98	1.0
12000	1.0	0.98	1.0	0.96	0.96	0.98	0.98	1.0	1.0	1.0	0.98	1.0	0.98	0.98	0.98	1.0
12050	0.98	0.98	1.0	0.96	0.96	0.98	0.98	1.0	1.0	1.0	0.98	0.98	0.98	0.98	0.98	1.0
12100	0.98	0.98	1.0	0.96	0.96	0.98	0.98	1.0	1.0	1.0	0.98	0.98	0.98	0.98	0.98	1.0
12150	0.98	0.98	1.0	0.96	0.96	0.98	0.98	1.0	0.98	1.0	0.98	0.98	0.98	0.98	0.98	1.0
12200	0.98	1.0	1.0	0.96	0.96	0.98	1.0	1.0	0.96	0.98	0.98	0.98	0.98	0.98	0.98	1.0
12250	0.98	1.0	1.0	0.98	0.96	0.98	1.0	1.0	0.96	0.98	0.98	0.98	0.98	0.98	0.96	1.0
12300	0.98	1.0	1.0	0.98	0.96	0.98	1.0	1.0	0.96	0.98	0.98	0.98	0.98	0.98	0.96	1.0
12350	0.98	1.0	1.0	0.92	0.96	0.98	1.0	1.0	0.96	0.98	0.98	0.98	0.98	1.0	0.96	1.0
12400	0.98	1.0	1.0	0.92	0.96	0.98	1.0	1.0	0.96	0.98	0.96	0.96	0.98	1.0	0.96	1.0
12450	0.98	1.0	1.0	0.92	0.98	0.98	1.0	1.0	0.94	0.98	0.96	0.96	0.98	1.0	0.96	1.0
12500	0.98	1.0	1.0	0.9	0.98	0.98	1.0	1.0	0.94	0.98	0.96	0.96	0.98	1.0	0.96	1.0
12550	0.96	1.0	1.0	0.92	0.98	0.98	1.0	1.0	0.94	0.98	0.96	0.96	1.0	1.0	0.96	1.0
12600	0.96	1.0	1.0	0.92	0.98	0.98	1.0	1.0	0.94	0.98	0.98	0.96	1.0	1.0	0.96	1.0
12650	0.96	1.0	1.0	0.92	0.98	1.0	1.0	1.0	0.94	0.98	0.98	0.96	1.0	1.0	0.98	1.0
12700	0.96	1.0	1.0	0.92	0.98	1.0	1.0	1.0	0.94	0.98	0.98	0.94	1.0	0.98	0.98	1.0
12750	0.96	1.0	1.0	0.92	0.98	0.98	1.0	1.0	0.94	0.96	0.98	0.94	1.0	0.98	0.98	1.0
12800	0.96	1.0	1.0	0.92	0.98	0.98	1.0	1.0	0.94	0.94	0.98	0.96	1.0	0.98	0.98	1.0
12850	0.98	1.0	1.0	0.92	0.98	0.98	1.0	1.0	0.94	0.94	0.96	0.96	1.0	0.98	0.98	1.0
12900	0.98	1.0	1.0	0.92	0.98	0.98	1.0	1.0	0.94	0.94	0.96	0.96	1.0	0.98	0.98	1.0
12950	0.98	1.0	1.0	0.92	0.98	0.98	1.0	1.0	0.96	0.94	0.96	0.96	1.0	0.98	0.96	1.0
13000	0.96	1.0	1.0	0.96	0.98	0.98	1.0	1.0	0.98	0.94	0.96	0.96	1.0	0.98	0.98	1.0
13050	0.96	1.0	1.0	0.98	0.98	0.98	1.0	1.0	0.98	0.96	0.96	0.96	1.0	0.98	0.98	1.0
13100	0.94	1.0	1.0	0.98	0.98	0.98	1.0	1.0	0.98	0.96	0.96	0.94	1.0	0.98	0.96	1.0
13150	0.94	1.0	1.0	0.98	0.98	0.98	1.0	1.0	0.98	0.96	0.96	0.96	1.0	0.98	0.96	1.0
13200	0.94	1.0	1.0	0.98	0.98	0.98	1.0	1.0	0.98	0.96	0.96	0.96	1.0	0.98	0.96	1.0
13250	0.94	1.0	1.0	0.98	0.98	0.98	1.0	1.0	1.0	0.96	0.96	0.96	1.0	0.98	0.96	1.0
13300	0.94	1.0	1.0	0.98	0.98	0.98	1.0	1.0	1.0	0.94	0.96	0.96	1.0	0.98	0.96	1.0
13350	0.96	1.0	1.0	0.98	1.0	0.98	0.98	1.0	1.0	0.94	0.96	0.96	1.0	0.98	0.96	1.0
13400	0.96	1.0	1.0	0.98	1.0	0.98	0.98	1.0	1.0	0.94	0.96	0.98	1.0	0.98	0.96	1.0
13450	0.96	1.0	1.0	0.98	1.0	0.98	0.98	1.0	1.0	0.94	0.96	0.98	1.0	0.98	0.96	1.0
13500	0.94	1.0	1.0	0.98	1.0	0.98	0.98	1.0	1.0	0.94	0.96	0.98	1.0	0.98	0.96	1.0
13550	0.94	1.0	0.98	0.98	1.0	0.98	0.98	1.0	1.0	0.98	0.96	0.98	1.0	0.98	0.96	1.0
13600	0.94	1.0	0.98	0.98	1.0	1.0	0.98	1.0	0.98	0.98	0.96	0.98	1.0	0.98	0.96	1.0
13650	0.94	1.0	0.98	0.98	1.0	1.0	0.98	1.0	0.98	0.98	0.96	0.98	1.0	0.98	0.96	1.0
13700	0.92	1.0	0.98	0.98	0.98	1.0	0.98	1.0	0.98	0.98	0.98	0.98	1.0	0.98	0.96	1.0
13750	0.92	1.0	0.98	0.98	0.98	1.0	0.98	0.98	0.98	0.98	0.98	0.98	1.0	0.98	0.98	1.0
13800	0.92	1.0	0.98	0.98	0.98	1.0	0.98	0.98	0.98	0.98	0.98	1.0	1.0	0.98	0.98	1.0
13850	0.94	1.0	0.98	0.98	0.98	1.0	0.98	0.98	0.98	0.98	0.98	1.0	1.0	0.98	0.98	1.0
13900	0.92	1.0	0.98	1.0	0.98	1.0	0.98	0.98	0.98	0.98	0.98	0.98	1.0	0.98	0.98	1.0
13950	0.92	1.0	0.98	1.0	0.98	1.0	0.98	0.98	0.98	0.98	0.98	0.96	1.0	0.98	0.98	1.0
14000	0.92	1.0	0.98	1.0	0.98	1.0	0.98	0.98	0.98	0.98	0.98	0.96	0.98	0.98	1.0	1.0
14050	0.92	1.0	0.98	1.0	0.98	1.0	0.98	0.98	0.98	0.98	1.0	0.96	0.98	0.98	1.0	1.0
14100	0.92	1.0	0.98	1.0	0.98	1.0	0.98	0.98	0.98	1.0	1.0	0.96	0.98	0.98	1.0	1.0
14150	0.92	1.0	0.98	1.0	0.96	1.0	0.98	0.98	0.96	1.0	1.0	0.94	0.98	0.98	1.0	1.0
14200	0.92	1.0	0.98	1.0	0.96	1.0	1.0	0.98	0.96	1.0	1.0	0.94	0.96	0.98	1.0	1.0
14250	0.94	1.0	0.98	1.0	0.96	1.0	1.0	0.98	0.96	1.0	1.0	0.94	0.96	0.98	1.0	1.0
14300	0.94	1.0	0.98	1.0	0.94	1.0	1.0	0.98	0.96	1.0	1.0	0.94	0.96	1.0	1.0	1.0
14350	0.94	1.0	0.98	1.0	0.94	1.0	1.0	0.98	0.96	1.0	1.0	0.94	0.96	1.0	1.0	1.0
14400	0.94	1.0	0.98	1.0	0.94	1.0	1.0	0.98	0.96	1.0	1.0	0.94	0.96	1.0	1.0	1.0
14450	0.96	1.0	0.98	1.0	0.94	1.0	1.0	0.98	0.98	1.0	1.0	0.94	0.96	1.0	1.0	1.0
14500	0.96	1.0	1.0	1.0	0.92	1.0	1.0	1.0	0.98	1.0	1.0	0.94	0.96	1.0	1.0	1.0
14550	0.96	1.0	1.0	1.0	0.92	1.0	1.0	1.0	0.98	1.0	1.0	0.94	0.96	1.0	1.0	1.0
14600	0.96	1.0	1.0	1.0	0.94	1.0	1.0	1.0	0.98	1.0	1.0	0.96	0.96	1.0	1.0	1.0
14650	0.96	1.0	1.0	1.0	0.94	1.0	1.0	1.0	0.98	1.0	1.0	0.96	0.96	1.0	0.98	1.0
14700	0.98	1.0	1.0	1.0	0.94	1.0	1.0	1.0	0.96	1.0	1.0	0.96	0.98	1.0	0.98	1.0
14750	1.0	1.0	0.98	1.0	0.94	1.0	1.0	1.0	0.96	1.0	1.0	0.98	0.98	1.0	0.98	1.0
14800	1.0	1.0	0.96	1.0	0.94	1.0	1.0	1.0	0.96	1.0	1.0	0.98	0.98	1.0	0.98	1.0
14850	1.0	1.0	0.96	1.0	0.96	1.0	1.0	1.0	0.96	1.0	1.0	0.98	0.96	0.98	0.98	0.98
14900	1.0	1.0	0.96	0.98	0.98	1.0	1.0	1.0	0.94	1.0	1.0	1.0	0.96	0.98	0.98	0.98
14950	1.0	1.0	0.96	0.98	0.98	1.0	1.0	1.0	0.94	1.0	1.0	1.0	0.96	0.98	0.98	0.98
15000	0.98	1.0	0.96	0.98	0.98	1.0	1.0	1.0	0.94	1.0	1.0	1.0	0.94	0.98	0.98	0.98
15050	0.98	1.0	0.96	0.98	0.98	1.0	1.0	1.0	0.96	1.0	1.0	1.0	0.92	0.98	0.98	0.98
15100	0.98	1.0	0.96	0.98	0.98	1.0	1.0	1.0	0.96	1.0	1.0	1.0	0.9	0.98	0.98	0.98
15150	0.98	0.98	0.96	0.98	1.0	1.0	1.0	1.0	0.96	1.0	1.0	1.0	0.9	0.98	0.98	0.98
15200	0.98	0.98	0.96	0.98	1.0	1.0	1.0	1.0	0.96	1.0	1.0	1.0	0.9	0.98	0.98	0.98
15250	0.98	0.98	0.96	0.98	1.0	1.0	1.0	1.0	0.96	1.0	1.0	1.0	0.9	0.98	0.98	0.98
15300	0.98	0.98	0.96	0.98	1.0	0.98	1.0	1.0	0.96	1.0	1.0	1.0	0.9	0.98	0.98	0.98
15350	0.98	0.98	0.96	0.98	1.0	0.98	1.0	1.0	0.96	1.0	1.0	1.0	0.9	0.98	0.98	0.98
15400	0.98	0.96	0.96	0.98	1.0	0.98	1.0	1.0	0.96	1.0	1.0	1.0	0.9	0.98	0.98	0.98
15450	0.98	0.96	0.94	0.98	1.0	0.98	1.0	1.0	0.96	1.0	1.0	1.0	0.9	0.98	0.98	0.98
15500	0.98	0.96	0.94	0.98	1.0	0.98	1.0	1.0	0.98	1.0	1.0	1.0	0.88	0.98	0.98	0.98
15550	0.98	0.96	0.96	0.98	1.0	0.98	1.0	1.0	0.98	1.0	1.0	1.0	0.88	0.98	0.98	0.98
15600	0.98	0.96	0.98	0.98	1.0	0.98	1.0	1.0	0.98	1.0	1.0	1.0	0.86	0.98	1.0	0.98
15650	0.98	0.96	0.98	0.98	0.98	0.98	1.0	1.0	1.0	1.0	1.0	1.0	0.9	1.0	1.0	0.98
15700	0.98	0.96	0.98	0.98	0.98	0.98	1.0	1.0	1.0	1.0	1.0	1.0	0.92	1.0	1.0	1.0
15750	1.0	0.96	0.98	0.96	0.98	0.98	1.0	1.0	1.0	1.0	1.0	0.98	0.92	1.0	1.0	1.0
15800	1.0	0.96	0.98	0.96	0.98	0.98	1.0	1.0	1.0	1.0	1.0	0.98	0.96	1.0	1.0	1.0
15850	1.0	0.96	0.98	0.98	0.98	0.98	1.0	1.0	1.0	1.0	1.0	0.98	0.96	1.0	1.0	1.0
15900	1.0	0.96	0.98	0.98	0.98	0.98	1.0	1.0	1.0	1.0	1.0	0.98	0.96	1.0	1.0	1.0
15950	1.0	0.96	0.98	0.98	0.98	0.98	1.0	1.0	1.0	1.0	1.0	0.98	0.96	1.0	1.0	1.0
16000	1.0	0.96	0.98	0.98	0.96	0.98	1.0	1.0	1.0	1.0	1.0	0.98	0.96	1.0	1.0	1.0
16050	1.0	0.96	0.98	0.98	0.96	1.0	1.0	1.0	1.0	1.0	1.0	0.98	0.96	1.0	1.0	1.0
16100	1.0	0.96	0.98	0.94	0.96	1.0	1.0	1.0	1.0	1.0	1.0	0.98	0.96	1.0	1.0	1.0
16150	1.0	0.96	1.0	0.94	0.96	1.0	1.0	1.0	1.0	1.0	1.0	0.98	0.96	1.0	1.0	1.0
16200	1.0	0.98	0.98	0.94	0.96	1.0	1.0	1.0	1.0	1.0	1.0	0.98	0.96	0.98	1.0	1.0
16250	1.0	0.98	0.98	0.94	0.96	1.0	1.0	1.0	1.0	1.0	1.0	0.98	0.98	0.98	1.0	1.0
16300	1.0	0.98	0.98	0.94	0.96	1.0	1.0	1.0	1.0	1.0	1.0	0.98	0.98	0.98	1.0	1.0
16350	1.0	0.98	0.98	0.96	0.96	1.0	1.0	1.0	1.0	1.0	1.0	0.98	1.0	0.98	1.0	1.0
16400	1.0	1.0	0.98	0.96	0.96	1.0	1.0	1.0	1.0	0.98	1.0	0.98	1.0	0.98	1.0	1.0
16450	1.0	1.0	0.98	0.96	0.96	1.0	1.0	1.0	1.0	0.98	1.0	0.98	1.0	0.98	1.0	1.0
16500	1.0	1.0	0.98	0.96	0.94	1.0	1.0	1.0	1.0	0.98	0.98	1.0	1.0	0.98	1.0	1.0
16550	1.0	0.98	0.98	0.96	0.96	1.0	1.0	1.0	1.0	0.96	0.98	1.0	1.0	0.98	1.0	1.0
16600	1.0	0.98	0.98	0.96	0.96	1.0	1.0	1.0	1.0	0.96	0.98	1.0	1.0	0.96	1.0	0.98
16650	1.0	0.98	0.98	0.96	0.96	1.0	1.0	1.0	1.0	0.96	0.98	1.0	1.0	0.96	1.0	0.98
16700	1.0	0.98	0.98	0.96	0.96	1.0	1.0	1.0	1.0	0.96	0.98	1.0	1.0	0.96	1.0	0.98
16750	1.0	0.98	0.98	0.96	0.98	1.0	1.0	1.0	0.98	0.96	0.98	1.0	1.0	0.96	1.0	0.98
16800	1.0	0.98	0.96	0.96	0.98	1.0	1.0	1.0	0.98	0.96	0.98	1.0	1.0	0.96	1.0	0.98
16850	1.0	0.98	0.96	0.96	0.98	1.0	1.0	1.0	0.98	0.94	0.98	1.0	1.0	0.96	1.0	0.96
16900	1.0	0.98	0.96	0.96	0.98	0.98	1.0	1.0	0.98	0.94	0.96	1.0	1.0	0.96	1.0	0.96
16950	1.0	0.98	0.98	0.96	0.98	0.96	1.0	1.0	0.98	0.94	0.96	1.0	1.0	0.96	1.0	0.96
17000	1.0	0.98	0.98	0.98	0.98	0.96	1.0	1.0	0.98	0.92	0.96	1.0	1.0	0.98	1.0	0.96
17050	1.0	0.98	0.98	0.98	0.98	0.96	1.0	1.0	0.98	0.92	0.94	1.0	1.0	0.98	1.0	0.96
17100	1.0	0.98	0.98	0.98	0.98	0.96	1.0	1.0	0.98	0.92	0.94	1.0	1.0	0.98	1.0	0.96
17150	1.0	0.98	0.98	0.98	0.98	0.96	1.0	1.0	0.98	0.92	0.92	1.0	1.0	0.98	1.0	0.96
17200	1.0	0.98	0.96	0.98	0.98	0.96	1.0	1.0	0.98	0.94	0.92	1.0	1.0	0.98	1.0	0.96
17250	1.0	0.98	0.96	0.98	0.98	0.96	1.0	1.0	0.98	0.94	0.92	1.0	1.0	0.98	1.0	0.96
17300	1.0	0.98	0.96	0.98	1.0	0.94	1.0	1.0	0.98	0.94	0.92	1.0	1.0	0.98	1.0	0.96
17350	1.0	0.96	0.96	0.98	1.0	0.94	1.0	1.0	0.98	0.94	0.92	1.0	1.0	0.96	1.0	0.96
17400	1.0	0.96	0.96	0.98	1.0	0.94	1.0	1.0	0.98	0.94	0.92	1.0	1.0	0.98	1.0	0.98
17450	1.0	0.96	0.94	0.98	1.0	0.96	1.0	1.0	0.98	0.94	0.92	1.0	1.0	0.98	1.0	0.98
17500	1.0	0.96	0.94	0.98	1.0	0.98	1.0	1.0	0.98	0.94	0.9	1.0	1.0	0.98	1.0	0.98
17550	1.0	0.96	0.94	0.98	1.0	0.98	1.0	1.0	0.98	0.96	0.9	1.0	1.0	0.98	1.0	0.98
17600	1.0	0.96	0.92	0.98	1.0	0.98	1.0	1.0	1.0	0.96	0.92	1.0	1.0	0.98	1.0	0.98
17650	1.0	0.98	0.92	0.98	1.0	0.98	0.98	1.0	1.0	0.96	0.92	1.0	1.0	0.98	1.0	0.98
17700	1.0	0.98	0.94	0.98	1.0	0.98	0.98	1.0	1.0	0.98	0.92	1.0	1.0	0.98	1.0	0.98
17750	1.0	0.98	0.92	0.98	1.0	0.98	0.98	1.0	1.0	0.98	0.94	1.0	1.0	0.98	1.0	0.98
17800	1.0	0.98	0.92	0.98	1.0	0.98	0.98	1.0	1.0	0.98	0.94	1.0	1.0	0.98	1.0	1.0
17850	1.0	0.98	0.92	0.98	1.0	0.98	0.98	1.0	1.0	0.98	0.94	1.0	1.0	0.98	1.0	1.0
17900	1.0	0.98	0.92	1.0	1.0	0.98	0.98	1.0	1.0	0.96	0.96	1.0	0.98	0.98	1.0	1.0
17950	1.0	0.98	0.94	1.0	1.0	0.98	0.98	1.0	1.0	0.96	0.96	1.0	0.96	0.98	1.0	1.0
18000	1.0	0.98	0.94	1.0	1.0	1.0	0.98	0.98	1.0	0.96	0.96	1.0	0.96	0.98	1.0	1.0
18050	0.98	0.98	0.94	1.0	1.0	1.0	0.98	0.98	1.0	0.98	0.96	1.0	0.96	1.0	1.0	1.0
18100	0.98	0.98	0.94	1.0	1.0	1.0	0.98	0.98	1.0	0.98	0.96	1.0	0.96	1.0	1.0	1.0
18150	0.98	0.98	0.94	1.0	1.0	1.0	0.98	0.98	1.0	0.98	0.96	0.98	0.96	1.0	1.0	1.0
18200	0.98	0.96	0.96	1.0	1.0	1.0	0.98	0.98	0.98	0.98	0.98	0.98	0.96	1.0	1.0	1.0
18250	0.98	0.96	0.96	1.0	1.0	1.0	0.98	0.98	0.98	0.98	1.0	0.98	0.96	1.0	1.0	1.0
18300	0.98	0.96	0.96	1.0	1.0	1.0	0.98	0.94	0.98	0.98	1.0	0.98	0.96	1.0	1.0	1.0
18350	0.98	0.96	0.94	1.0	1.0	1.0	0.98	0.94	0.98	0.98	1.0	0.98	0.96	1.0	1.0	1.0
18400	0.98	0.98	0.96	1.0	1.0	1.0	0.96	0.94	0.98	0.98	1.0	0.98	0.96	1.0	1.0	0.98
18450	0.98	0.98	0.96	1.0	1.0	1.0	0.96	0.94	0.98	0.98	1.0	0.98	0.96	1.0	1.0	0.98
18500	0.98	0.98	0.94	1.0	1.0	1.0	0.96	0.94	0.98	0.98	1.0	0.98	0.96	1.0	1.0	0.98
18550	0.96	0.98	0.96	0.98	1.0	1.0	0.98	0.94	0.98	0.98	1.0	0.98	0.96	1.0	1.0	0.98
18600	0.96	0.96	0.96	0.98	1.0	1.0	0.98	0.94	0.98	0.98	1.0	0.98	0.98	1.0	1.0	0.98
18650	0.96	0.96	0.94	0.98	1.0	0.98	0.98	0.94	0.98	0.98	1.0	0.98	0.98	1.0	1.0	0.98
18700	0.96	0.96	0.94	0.98	1.0	0.98	0.98	0.94	0.98	1.0	1.0	0.98	0.98	1.0	0.98	0.98
18750	0.96	0.96	0.92	0.98	1.0	0.98	0.98	0.96	0.98	1.0	1.0	0.98	0.98	1.0	0.98	0.98
18800	0.96	0.96	0.92	0.98	1.0	0.98	0.98	0.96	0.96	1.0	1.0	0.98	0.98	1.0	0.98	0.96
18850	0.94	0.94	0.92	0.96	1.0	0.98	0.98	0.96	0.96	1.0	1.0	0.98	0.98	1.0	0.98	0.96
18900	0.94	0.94	0.92	0.96	1.0	0.98	0.98	1.0	0.96	1.0	1.0	0.98	0.98	1.0	0.98	0.96
18950	0.96	0.92	0.92	0.96	1.0	0.98	0.98	1.0	0.96	1.0	1.0	1.0	0.98	1.0	0.98	0.96
19000	0.96	0.92	0.92	0.96	1.0	0.98	0.98	1.0	0.96	1.0	1.0	1.0	0.96	1.0	0.98	0.94
19050	0.96	0.9	0.92	0.96	1.0	0.98	0.96	0.98	0.96	1.0	1.0	1.0	0.96	1.0	0.98	0.94
19100	0.96	0.9	0.92	0.96	1.0	0.98	0.96	0.98	0.98	1.0	1.0	1.0	0.96	1.0	0.98	0.94
19150	0.96	0.92	0.92	0.96	1.0	0.98	0.98	0.98	0.98	1.0	1.0	1.0	0.96	1.0	0.98	0.94
19200	0.96	0.92	0.92	0.96	0.98	0.98	0.98	0.98	0.98	1.0	1.0	1.0	0.96	1.0	0.98	0.92
19250	0.96	0.92	0.92	0.96	0.98	0.98	0.98	0.98	0.98	1.0	1.0	1.0	0.98	1.0	0.98	0.92
19300	0.96	0.92	0.92	0.96	0.98	0.98	0.98	0.98	0.98	1.0	0.98	1.0	0.98	1.0	0.98	0.94
19350	0.96	0.92	0.92	0.98	0.98	0.98	0.98	0.98	0.98	0.98	0.98	1.0	0.98	1.0	0.98	0.94
19400	0.98	0.92	0.94	0.98	0.98	0.98	0.98	0.98	0.98	0.98	0.98	1.0	0.98	1.0	0.98	0.92
19450	0.98	0.94	0.94	0.98	0.98	0.98	0.98	0.98	0.98	0.98	0.98	0.98	0.98	1.0	0.98	0.92
19500	0.98	0.94	0.92	0.98	0.98	0.98	0.96	0.98	0.98	0.98	0.96	0.98	0.98	1.0	0.98	0.92
19550	0.98	0.94	0.94	0.98	0.98	0.96	0.96	0.98	0.98	0.98	0.96	0.98	0.98	1.0	0.98	0.92
19600	0.96	0.94	0.94	0.98	0.98	0.94	0.96	0.98	0.98	0.98	0.96	0.98	0.98	1.0	1.0	0.92
19650	0.96	0.96	0.96	0.96	0.98	0.94	0.96	0.98	1.0	0.98	0.96	0.98	0.98	1.0	1.0	0.92
19700	0.98	0.96	0.96	0.96	0.98	0.92	0.96	1.0	1.0	0.98	0.96	0.98	0.98	1.0	1.0	0.92
19750	0.98	0.98	0.96	0.98	0.98	0.92	0.96	1.0	1.0	0.98	0.96	0.98	0.98	1.0	1.0	0.92
19800	0.98	0.96	0.98	0.98	0.98	0.92	0.96	1.0	1.0	0.98	0.96	0.98	0.98	1.0	0.98	0.92
19850	0.98	0.96	0.98	0.98	0.98	0.9	0.96	1.0	1.0	0.98	0.96	0.98	1.0	1.0	0.98	0.92
19900	0.98	0.98	0.96	0.98	1.0	0.9	0.96	1.0	1.0	0.98	0.96	0.98	1.0	1.0	0.98	0.92
19950	0.98	0.98	0.96	0.96	1.0	0.9	0.98	1.0	1.0	0.98	0.96	0.98	1.0	1.0	0.98	0.94
20000	0.98	0.98	0.96	0.96	1.0	0.9	0.98	1.0	1.0	0.98	0.96	0.98	1.0	0.98	0.98	0.94
