0	0	0	0	0	0	0	0	0	0	0	0	0	0	0	0	0	0
50	1	2	1	1	2	3	2	3	1	1	3	1	3	3	0	1	7
100	2	3	5	3	4	4	4	5	6	4	3	3	5	4	2	2	18
150	4	5	7	4	4	5	5	5	8	5	5	5	8	4	5	4	27
200	5	6	7	6	6	7	5	6	9	8	6	7	8	5	5	5	37
250	5	7	8	8	7	9	6	8	9	8	7	7	8	7	5	6	41
300	7	9	8	8	9	9	7	8	9	8	7	7	8	7	6	7	40
350	9	9	9	8	9	10	7	9	10	8	7	8	8	7	9	7	43
400	10	10	9	8	10	10	7	9	10	9	8	9	9	7	10	7	45
450	12	11	10	8	12	11	7	9	11	9	8	10	10	7	11	7	52
500	12	12	10	8	12	12	7	9	11	11	8	10	10	7	12	7	54
550	12	12	10	8	13	12	8	10	11	11	8	11	11	7	13	8	53
600	12	13	10	8	13	12	8	11	11	12	9	12	12	7	13	8	60
650	13	13	10	8	13	12	8	11	11	13	10	13	12	7	15	8	59
700	14	14	10	10	13	12	8	11	11	14	10	14	13	7	15	9	65
750	14	14	10	10	13	12	8	11	11	14	10	14	13	7	15	9	61
800	14	14	10	11	13	12	8	11	12	15	11	14	13	7	15	9	62
850	14	14	10	11	14	12	8	11	13	15	11	14	13	7	15	9	64
900	14	14	11	11	14	12	8	11	13	17	11	15	13	7	15	10	69
950	14	14	12	11	14	12	8	11	13	17	11	15	13	7	15	11	70
1000	14	14	12	11	14	12	8	11	14	17	11	15	13	7	15	11	70
1050	14	14	13	11	14	12	8	11	14	17	11	15	13	8	15	12	70
1100	14	14	13	11	14	12	8	11	14	17	11	15	13	8	15	13	73
1150	14	14	13	11	14	12	8	11	13	17	11	15	13	9	15	13	71
1200	14	14	13	11	14	12	8	11	15	17	11	15	13	10	15	14	72
1250	15	14	13	11	13	12	8	11	15	17	11	15	13	10	15	14	73
1300	15	14	13	11	13	12	8	11	16	17	12	15	13	10	15	15	75
1350	15	14	13	11	13	12	8	11	17	17	11	15	13	11	15	17	75
1400	15	14	13	11	13	12	8	12	17	17	12	15	13	12	15	18	77
1450	15	15	13	11	13	13	8	13	17	17	12	15	13	13	15	18	80
1500	15	16	13	11	13	13	8	14	18	17	12	15	13	14	15	19	84
1550	15	16	13	11	13	14	8	15	19	17	12	15	13	14	15	20	87
1600	15	17	13	11	13	15	8	15	20	17	14	15	13	16	15	20	89
1650	15	17	13	11	13	15	8	16	20	17	15	15	13	16	15	20	90
1700	15	18	13	12	13	16	8	16	21	17	15	15	13	16	15	20	91
1750	15	19	13	12	13	16	10	16	21	17	16	15	13	17	15	21	93
1800	15	19	13	12	13	16	10	16	22	17	17	15	13	18	15	23	92
1850	15	20	13	12	13	18	11	16	23	17	17	15	13	18	15	24	96
1900	15	21	13	12	13	19	12	17	24	17	17	15	13	18	15	24	99
1950	15	22	14	12	13	19	12	17	24	17	17	15	13	19	15	24	101
2000	15	22	14	12	13	19	12	17	24	17	17	15	13	19	15	24	102
2050	15	20	14	12	13	20	12	17	24	17	17	15	13	20	14	24	102
2100	15	20	14	12	13	21	12	17	24	16	17	15	13	20	14	24	102
2150	15	20	13	12	13	22	13	17	24	16	17	15	13	20	14	24	104
2200	15	21	14	12	13	22	15	17	24	16	17	15	13	21	14	24	105
2250	15	21	14	12	13	21	15	17	24	16	17	15	13	21	14	24	106
2300	15	22	15	12	13	22	16	17	25	16	17	15	13	22	14	23	107
2350	15	23	15	12	13	21	17	17	24	16	17	15	13	23	14	23	108
2400	15	23	16	12	13	21	17	17	24	16	17	15	13	23	14	22	108
2450	15	24	17	12	13	22	17	19	24	16	17	15	13	23	14	22	111
2500	15	24	17	12	13	23	18	19	25	16	17	15	13	23	14	22	112
2550	15	25	18	12	12	23	19	19	25	16	17	15	13	24	14	22	113
2600	15	25	18	12	12	23	19	19	24	16	17	16	13	24	14	22	114
2650	15	26	19	12	12	23	19	19	24	16	17	16	13	24	14	22	115
2700	14	27	20	12	12	23	20	19	24	16	16	19	13	24	14	22	118
2750	14	27	21	12	12	23	21	19	24	17	16	20	13	24	13	22	120
2800	14	29	21	12	12	23	21	20	24	18	16	20	13	24	13	22	121
2850	14	29	22	13	14	23	21	20	24	18	16	20	13	24	13	22	122
2900	14	30	22	13	14	23	24	20	23	19	16	20	13	24	13	22	122
2950	14	30	24	13	14	24	24	20	23	16	17	21	13	24	13	22	123
3000	14	31	25	12	15	24	24	21	23	17	17	21	13	24	13	22	126
3050	14	31	25	12	15	24	25	23	23	17	17	21	13	24	13	22	129
3100	14	31	23	12	16	24	25	23	24	17	17	21	13	24	14	22	132
3150	14	31	24	13	17	24	25	23	24	17	17	21	13	24	14	22	133
3200	14	31	24	14	18	24	25	23	24	18	17	22	13	24	15	22	134
3250	14	30	25	16	18	24	25	23	24	20	17	22	13	24	16	22	140
3300	14	30	25	16	18	24	25	23	24	21	18	22	13	24	16	22	140
3350	14	30	25	16	19	24	25	24	24	21	17	22	13	23	16	22	141
3400	14	31	25	16	20	24	25	26	24	23	17	22	13	23	16	22	146
3450	14	31	25	17	20	24	25	26	24	24	17	22	13	23	16	22	144
3500	14	31	25	17	20	24	25	26	24	24	16	22	13	24	16	22	146
3550	14	31	25	17	20	24	25	26	24	24	16	22	13	24	16	22	145
3600	14	31	25	17	20	23	25	26	24	24	16	22	13	24	16	22	143
3650	14	30	25	17	20	23	25	26	24	24	16	22	13	24	16	22	141
3700	14	30	25	17	21	23	25	26	24	24	16	22	13	24	16	23	140
3750	14	29	25	18	21	23	25	26	24	25	16	22	13	24	16	23	142
3800	14	29	23	18	21	23	25	26	24	25	16	23	13	24	16	23	139
3850	14	29	23	18	21	23	25	26	24	25	16	23	13	24	16	23	141
3900	14	29	23	18	21	23	26	27	24	24	16	23	14	24	16	23	140
3950	14	29	23	18	20	23	26	27	24	24	16	23	15	24	16	22	140
4000	15	29	23	18	20	23	26	27	24	25	16	23	16	24	16	22	141
4050	16	29	23	18	20	23	26	27	24	24	16	23	16	24	16	22	141
4100	17	29	22	18	20	23	26	27	24	24	16	23	17	24	16	22	138
4150	17	29	22	16	20	23	25	27	24	24	16	23	17	24	16	22	137
4200	18	29	21	16	20	23	24	27	24	24	16	23	17	23	15	22	138
4250	18	29	21	16	20	23	25	27	24	24	16	23	17	23	15	22	139
4300	18	29	21	16	20	23	25	27	24	24	16	23	18	23	15	22	139
4350	18	29	21	16	20	23	25	27	24	24	16	23	18	23	15	22	140
4400	20	29	21	16	20	23	26	27	24	24	16	23	18	23	15	22	142
4450	21	29	21	16	20	23	25	27	24	24	16	22	18	23	15	22	142
4500	21	29	21	16	20	23	26	27	24	24	16	22	18	23	15	22	143
4550	21	29	21	16	20	23	26	26	24	24	16	22	19	23	15	22	142
4600	22	29	21	15	20	23	27	26	24	24	16	22	20	22	15	22	144
4650	22	29	20	16	20	23	27	26	24	24	16	22	20	22	15	23	144
4700	22	29	20	16	20	23	28	26	24	24	16	22	20	22	15	23	144
4750	22	28	20	16	20	23	27	26	24	24	16	22	20	21	15	23	141
4800	22	28	20	16	20	23	28	26	24	24	16	22	21	21	15	23	141
4850	22	28	20	16	20	23	27	24	24	24	16	22	21	21	15	23	141
4900	22	28	20	16	20	23	27	24	24	24	16	22	21	21	15	23	141
4950	22	28	20	16	20	23	27	24	24	24	16	22	21	21	15	23	140
5000	23	28	20	16	20	23	29	24	24	24	16	22	21	21	15	23	142
5050	23	28	20	17	20	23	29	24	24	24	16	22	21	21	16	23	143
5100	23	28	19	17	20	23	28	24	24	24	16	21	21	21	16	23	142
5150	23	26	19	17	20	23	28	24	24	24	16	21	21	21	16	22	142
5200	23	26	19	17	20	22	27	23	24	24	16	21	21	22	16	22	139
5250	23	26	19	17	20	22	29	23	24	24	16	20	21	22	16	22	139
5300	23	26	19	17	20	22	30	23	24	24	16	20	21	22	16	22	138
5350	23	26	19	17	20	22	31	23	24	24	16	20	21	22	16	22	138
5400	24	26	19	17	20	22	32	23	24	24	16	20	21	22	16	23	139
5450	24	26	19	17	20	22	32	23	24	24	16	20	21	22	17	23	139
5500	24	26	19	17	20	21	33	23	24	24	16	20	21	22	17	23	139
5550	24	26	19	17	20	21	33	23	23	24	16	20	21	22	17	23	138
5600	24	26	20	17	20	21	33	23	24	24	16	20	22	22	17	23	137
5650	24	26	21	17	20	21	33	23	25	24	16	20	22	22	17	23	138
5700	25	26	21	17	20	21	33	23	25	24	17	20	23	22	17	23	139
5750	25	26	21	17	20	21	32	23	25	24	17	20	23	22	17	24	140
5800	25	25	22	17	20	21	33	22	25	24	16	20	23	22	17	24	139
5850	25	25	22	16	20	21	32	22	25	24	16	20	23	22	18	24	141
5900	26	25	22	16	20	21	32	22	26	25	16	20	23	22	18	25	142
5950	26	25	22	16	20	21	32	22	26	25	16	20	23	22	18	26	143
6000	26	24	23	16	20	21	32	24	26	25	16	21	23	22	18	26	143
6050	26	24	23	16	20	20	32	24	26	25	16	21	23	22	18	26	141
6100	26	23	24	16	20	20	32	24	26	25	16	21	23	22	18	26	143
6150	26	23	24	16	20	20	32	23	26	25	16	21	23	22	18	26	141
6200	25	23	24	16	20	20	32	23	26	25	16	21	23	22	18	26	140
6250	25	22	24	16	20	20	29	24	26	25	16	21	23	22	19	25	142
6300	24	22	24	16	20	20	29	25	26	25	16	21	23	22	19	25	142
6350	24	22	24	16	20	20	30	25	26	25	16	21	23	22	19	25	144
6400	24	22	25	16	20	20	30	25	26	25	16	21	22	22	18	25	144
6450	24	22	26	16	20	20	30	24	27	25	16	21	22	22	18	25	145
6500	24	22	26	16	20	20	30	24	27	25	16	21	22	22	18	25	146
6550	24	22	26	16	20	20	30	25	27	25	16	21	22	22	18	25	147
6600	24	22	26	16	19	20	30	25	28	25	16	21	22	22	18	25	146
6650	24	21	25	16	19	20	29	25	28	25	16	21	22	21	18	25	145
6700	24	21	25	16	19	20	29	25	28	25	17	21	22	21	19	25	146
6750	24	21	25	16	19	20	29	26	28	25	17	21	22	21	19	25	147
6800	24	21	25	16	19	20	29	26	28	25	17	21	22	21	19	24	146
6850	24	21	25	16	19	20	29	26	28	25	17	21	22	21	19	24	146
6900	24	20	25	16	19	20	29	28	28	25	17	21	22	21	20	24	147
6950	24	20	25	16	19	20	29	29	28	25	17	21	22	21	20	24	148
7000	24	20	25	16	19	20	29	29	28	25	17	21	22	21	20	24	147
7050	24	20	25	16	19	20	29	29	29	25	17	21	22	22	20	24	148
7100	24	19	25	16	19	20	29	29	29	25	17	21	22	22	20	25	148
7150	24	19	25	16	19	20	30	29	29	25	17	21	22	20	20	25	146
7200	24	19	25	16	19	20	30	29	29	25	17	21	22	20	20	24	146
7250	24	19	23	16	19	20	30	30	29	25	17	21	22	20	20	25	146
7300	24	19	23	16	19	20	30	30	29	25	17	21	22	21	20	26	147
7350	24	19	23	16	19	20	30	31	29	25	17	23	22	21	20	27	150
7400	24	19	23	16	19	20	30	31	28	25	17	23	22	21	20	26	150
7450	24	19	23	16	19	20	30	31	28	25	17	23	22	22	20	26	151
7500	24	20	23	16	19	20	30	31	28	25	17	23	22	22	20	27	151
7550	24	20	24	17	19	20	30	31	28	25	17	23	22	22	21	26	153
7600	24	20	24	17	19	20	30	32	28	25	17	23	22	22	21	26	154
7650	23	20	24	17	19	20	30	32	28	25	17	23	22	22	21	27	154
7700	23	20	24	17	19	20	30	33	28	25	17	23	23	22	21	26	157
7750	24	20	23	17	19	20	30	33	28	25	17	24	23	22	21	27	159
7800	23	20	23	17	18	20	30	33	28	25	17	24	23	22	21	25	158
7850	23	20	23	17	19	20	30	33	28	24	17	24	23	22	21	26	158
7900	23	20	23	17	19	20	30	33	28	24	17	24	23	22	21	27	160
7950	23	20	23	18	19	20	30	34	28	24	17	24	23	22	21	30	165
8000	23	20	23	18	19	20	30	34	28	24	17	24	23	23	21	31	167
8050	23	20	23	18	20	20	30	33	28	24	17	24	23	23	21	31	168
8100	23	20	22	18	20	20	30	33	26	24	17	24	23	23	21	31	168
8150	23	20	22	18	20	20	30	33	26	24	17	25	23	23	21	31	168
8200	23	20	22	18	20	20	30	33	26	24	17	25	23	23	20	31	168
8250	22	20	22	18	19	20	30	33	26	24	17	25	23	23	20	32	167
8300	22	20	23	18	19	20	30	33	26	25	17	25	23	23	20	32	168
8350	22	20	23	18	19	20	30	33	26	25	17	25	23	23	20	33	170
8400	22	20	22	18	17	20	30	33	26	25	17	25	23	23	20	33	167
8450	22	20	22	18	17	20	30	33	26	24	17	25	22	23	20	33	167
8500	22	20	22	18	18	20	30	33	26	24	17	25	22	23	20	33	169
8550	22	20	22	18	18	20	30	34	26	24	17	25	22	23	20	33	169
8600	23	20	22	18	19	20	30	34	26	24	17	25	22	23	20	33	171
8650	24	20	22	18	19	20	30	34	26	24	17	26	22	23	20	33	170
8700	24	20	22	18	19	20	29	33	26	24	17	27	22	23	20	33	170
8750	24	20	22	18	18	20	29	32	26	24	17	28	23	23	20	33	170
8800	24	20	22	18	18	20	29	33	26	24	17	29	23	23	20	33	172
8850	24	20	22	18	19	20	28	33	26	24	17	29	23	23	20	33	172
8900	23	20	22	18	19	20	28	33	26	24	17	29	23	23	20	33	171
8950	23	20	22	18	20	21	28	34	26	25	17	29	23	23	20	33	173
9000	23	20	22	18	21	21	28	34	26	25	17	29	23	23	20	33	171
9050	23	20	22	18	21	21	27	34	26	25	17	29	23	23	20	33	171
9100	22	20	22	17	22	21	27	33	26	25	17	29	23	22	20	34	173
9150	22	20	22	17	22	21	27	32	26	25	17	30	23	22	20	34	174
9200	22	20	22	17	22	21	27	31	24	26	17	30	23	22	20	34	174
9250	22	20	21	17	22	21	25	31	24	26	17	31	23	22	20	34	170
9300	22	20	21	17	22	21	25	30	24	26	17	31	23	22	20	32	168
9350	22	20	21	16	22	21	25	30	24	26	17	32	23	22	19	32	167
9400	22	20	21	16	22	21	25	30	24	26	17	32	23	22	20	32	168
9450	22	20	21	16	22	21	25	30	24	26	17	32	23	22	21	32	168
9500	22	20	21	16	22	21	24	30	24	26	17	32	23	22	21	32	167
9550	22	20	21	16	22	21	25	30	24	26	17	32	23	22	21	32	166
9600	22	20	20	16	22	21	24	30	24	27	17	32	23	22	21	32	167
9650	22	20	20	17	22	21	24	30	23	28	17	31	23	22	21	31	168
9700	22	20	20	17	22	21	24	28	23	28	16	31	23	21	21	32	167
9750	22	20	20	17	22	21	23	28	23	28	16	30	23	21	21	32	165
9800	22	20	21	17	22	20	23	27	23	28	16	30	23	21	20	32	165
9850	22	20	21	17	23	20	23	27	23	28	16	30	23	21	20	32	165
9900	22	21	21	17	23	20	24	27	23	28	16	30	23	21	20	30	163
9950	22	21	21	17	23	20	24	27	23	28	17	30	23	21	20	30	163
10000	22	20	21	18	23	20	24	27	23	28	17	30	23	21	20	31	165
10050	22	20	21	18	23	20	24	27	23	28	17	30	23	21	20	31	165
10100	22	20	21	18	23	20	24	26	23	27	17	30	23	21	20	31	161
10150	22	20	21	18	23	20	24	26	23	27	17	29	23	21	20	31	161
10200	22	20	21	18	23	20	24	26	22	26	17	28	23	21	20	31	161
10250	22	21	21	18	23	20	24	26	22	26	17	28	23	21	20	32	162
10300	22	21	21	18	23	20	24	26	22	26	17	27	23	21	20	32	161
10350	22	21	22	18	23	20	24	26	21	26	17	27	23	21	20	32	162
10400	22	21	22	18	23	20	24	26	22	26	17	28	23	21	20	32	163
10450	23	21	22	18	23	20	24	26	22	26	17	28	23	21	20	32	163
10500	23	21	22	18	23	20	24	27	22	26	17	29	23	21	20	32	165
10550	23	21	22	18	23	20	24	27	22	26	17	29	23	21	20	32	165
10600	23	21	22	18	23	20	24	27	22	26	16	29	23	21	20	32	163
10650	24	21	22	19	23	20	24	27	22	26	16	30	23	21	20	33	167
10700	24	21	22	19	23	20	24	28	22	26	16	29	23	21	20	33	169
10750	24	21	22	19	22	20	24	29	22	26	16	29	22	21	20	33	168
10800	24	21	23	19	22	20	24	30	22	26	16	29	22	21	20	33	171
10850	24	21	23	19	22	20	24	29	22	26	17	29	22	21	20	33	172
10900	24	21	24	19	22	20	24	29	22	26	17	29	22	21	20	33	173
10950	24	21	24	19	22	20	24	28	22	26	17	28	22	21	20	33	174
11000	24	21	23	19	22	20	24	28	22	26	17	28	22	21	20	33	173
11050	24	21	22	19	22	20	23	28	22	26	17	28	22	21	20	33	174
11100	25	21	22	19	22	20	23	29	22	25	17	29	22	21	19	31	170
11150	25	21	23	19	22	20	22	29	22	25	17	29	22	21	19	31	170
11200	25	21	23	19	22	20	22	29	22	25	17	29	22	21	19	31	169
11250	25	21	23	19	22	20	22	29	22	25	17	29	22	21	19	31	169
11300	26	21	23	19	22	20	22	29	22	25	17	29	22	21	19	31	171
11350	27	21	24	19	22	20	23	29	22	25	17	29	22	21	19	31	172
11400	27	21	25	19	22	20	23	30	22	25	17	29	22	21	19	31	175
11450	27	21	25	19	22	20	22	29	22	24	17	29	22	21	19	31	174
11500	27	21	25	19	22	20	22	30	22	24	17	29	22	21	19	31	175
11550	27	21	25	19	22	20	22	30	22	24	17	29	22	21	19	31	174
11600	27	21	24	19	22	21	22	30	23	24	17	29	22	21	18	31	171
11650	29	21	24	19	22	21	22	30	23	24	16	29	22	21	18	31	171
11700	30	21	24	19	22	21	23	30	23	24	16	29	22	21	18	31	171
11750	30	21	24	19	21	21	23	30	24	24	16	29	22	21	18	31	169
11800	30	21	24	19	21	21	26	32	24	24	16	29	22	21	18	31	174
11850	30	21	24	19	21	22	26	32	24	24	17	29	22	21	18	31	175
11900	30	20	24	19	21	22	26	32	24	24	17	29	22	21	19	31	173
11950	30	20	24	19	21	22	26	32	24	24	17	29	22	21	19	30	172
12000	30	20	24	19	21	22	26	32	24	23	19	29	22	21	19	30	172
12050	30	20	24	19	21	24	26	32	23	22	19	29	22	21	18	30	174
12100	31	20	24	19	21	24	27	33	23	22	19	29	22	21	18	30	175
12150	31	20	24	19	21	24	27	33	23	22	18	28	22	21	18	30	175
12200	31	20	24	19	21	24	28	34	22	22	18	28	22	21	18	30	176
12250	31	20	25	19	21	24	28	34	21	22	18	28	22	21	18	30	176
12300	31	20	26	19	21	24	28	34	21	22	18	28	22	21	18	30	177
12350	31	20	26	19	22	24	28	36	21	22	18	28	22	21	18	30	179
12400	31	20	26	19	22	24	30	36	20	22	19	28	22	21	18	30	178
12450	31	20	26	19	22	24	30	35	20	22	18	28	22	21	18	30	177
12500	31	21	26	19	22	24	30	34	21	22	18	28	22	21	18	29	176
12550	31	21	26	19	22	24	30	34	21	22	18	28	22	21	19	29	177
12600	31	21	26	19	22	24	30	34	21	22	18	29	22	21	19	29	179
12650	31	21	26	19	22	24	30	34	22	22	18	28	22	21	19	29	179
12700	31	21	26	19	22	24	29	34	22	22	19	28	22	21	20	29	181
12750	31	21	26	19	22	24	31	34	23	22	19	29	22	21	20	29	184
12800	31	21	26	19	22	24	32	34	23	22	19	29	22	21	20	29	185
12850	31	21	26	19	22	24	31	34	23	22	19	30	22	21	20	29	184
12900	30	21	26	19	22	24	31	34	23	22	19	30	22	21	20	29	183
12950	30	21	25	19	22	24	31	35	23	22	19	30	22	21	20	29	183
13000	30	21	25	19	22	24	30	35	23	22	20	30	21	20	21	29	185
13050	30	21	25	19	22	22	31	36	23	22	20	30	21	20	22	29	186
13100	30	21	25	19	22	22	32	37	23	22	20	30	21	20	22	29	187
13150	30	21	25	19	22	23	32	37	23	22	20	30	21	20	22	29	188
13200	30	21	25	19	22	23	33	37	23	22	20	29	21	20	22	29	188
13250	30	21	25	19	22	24	33	37	23	22	20	29	21	20	22	29	188
13300	30	21	25	19	22	24	33	37	23	22	20	29	21	20	22	29	189
13350	30	20	25	19	22	24	31	38	23	22	20	29	21	20	22	29	187
13400	30	20	25	19	22	24	31	38	25	22	21	29	21	20	22	29	189
13450	30	20	25	19	22	24	32	38	25	22	21	29	21	20	22	29	190
13500	29	20	25	19	22	24	32	38	25	22	21	29	21	20	22	29	191
13550	29	20	24	19	22	24	31	38	25	22	21	29	21	20	21	29	190
13600	30	20	24	19	22	24	31	38	25	21	22	28	21	21	21	30	191
13650	30	20	23	19	21	24	31	37	25	21	22	29	20	21	21	30	188
13700	30	20	23	19	21	24	30	37	25	21	22	29	20	21	21	30	188
13750	30	20	23	19	21	24	29	37	25	21	22	30	20	21	21	30	188
13800	30	20	23	19	21	24	28	37	25	21	22	30	20	21	21	30	188
13850	30	20	23	19	21	24	28	36	25	21	22	28	20	21	21	30	185
13900	30	20	24	19	21	24	28	36	25	21	22	28	20	21	21	30	185
13950	30	20	24	19	21	24	28	36	25	21	22	28	20	22	21	31	186
14000	30	20	24	19	21	24	28	36	25	21	23	28	20	22	21	31	188
14050	30	20	24	19	21	24	28	36	26	21	23	29	20	22	21	31	188
14100	30	20	24	19	21	23	28	36	26	21	23	29	20	22	21	31	187
14150	30	20	24	19	21	23	29	35	25	21	23	29	20	21	21	33	187
14200	30	20	24	19	20	23	28	35	25	21	23	29	19	22	21	33	186
14250	30	20	24	19	20	23	28	35	25	21	23	29	19	22	21	35	187
14300	30	20	24	19	20	23	27	34	25	21	23	26	19	22	21	35	184
14350	30	20	24	19	20	23	27	34	25	21	23	26	19	22	21	35	184
14400	30	21	24	19	20	23	28	34	26	21	23	26	19	22	21	35	187
14450	30	21	24	19	20	22	28	34	26	21	23	26	19	22	21	35	186
14500	30	21	24	19	20	21	28	34	26	21	22	26	19	22	21	35	185
14550	30	22	24	19	20	21	28	34	26	21	22	27	19	22	20	35	186
14600	30	22	24	19	20	21	28	34	26	21	22	27	19	22	20	35	186
14650	29	22	24	19	20	21	28	34	26	21	22	27	19	22	20	35	185
14700	29	21	24	19	20	21	29	34	26	21	22	27	19	22	20	35	184
14750	28	21	24	19	20	21	29	34	26	21	22	27	19	22	20	35	182
14800	28	21	24	19	20	21	29	34	26	21	22	27	19	22	20	35	182
14850	28	21	23	19	20	21	29	34	26	21	22	27	19	22	20	35	182
14900	28	21	23	19	20	21	29	34	26	21	22	27	19	22	20	35	182
14950	27	21	23	19	19	21	29	34	26	21	22	27	20	22	20	35	183
15000	27	21	23	19	19	19	28	34	26	21	22	27	21	22	20	35	180
15050	27	21	23	19	19	19	28	33	26	21	22	28	21	22	20	35	179
15100	27	21	23	19	20	19	28	33	26	21	22	29	21	22	20	35	180
15150	27	21	23	19	20	19	28	33	26	20	22	29	21	22	20	35	180
15200	27	21	23	19	20	18	30	33	26	20	22	28	21	22	20	35	179
15250	27	21	23	18	20	18	30	33	26	20	22	28	21	23	20	35	182
15300	27	21	23	18	20	18	30	32	26	20	22	28	21	23	20	35	183
15350	27	21	23	18	20	18	30	32	26	20	22	28	21	23	20	35	183
15400	27	21	23	18	20	18	30	32	26	20	22	28	22	23	20	34	183
15450	27	21	23	18	20	18	30	32	26	20	22	29	23	23	20	34	185
15500	27	21	23	18	20	18	30	32	26	20	22	27	23	23	20	34	183
15550	27	21	23	18	19	18	29	31	26	20	22	27	23	23	20	34	182
15600	26	21	23	18	19	18	31	31	26	20	22	27	23	23	20	34	184
15650	26	21	23	18	19	18	31	31	26	20	22	25	23	23	20	34	185
15700	26	21	23	18	20	18	31	31	26	20	22	25	22	23	20	34	184
15750	26	21	23	17	20	18	31	31	26	20	22	25	22	23	20	34	184
15800	26	21	23	17	21	18	31	31	26	20	22	25	22	23	21	34	185
15850	26	21	23	17	21	17	31	30	26	20	22	25	22	23	21	34	183
15900	26	22	23	17	21	17	31	31	26	20	22	25	22	23	21	34	184
15950	26	22	23	17	20	17	31	31	26	20	22	25	22	23	20	34	183
16000	26	22	22	17	21	18	31	31	26	20	22	25	22	23	20	34	184
16050	26	22	22	17	22	18	31	31	26	21	22	25	22	23	22	34	186
16100	26	22	22	17	23	19	31	32	26	21	22	25	22	23	22	34	190
16150	26	23	22	17	23	19	31	32	26	20	22	24	22	23	21	34	188
16200	26	23	21	17	24	20	32	32	26	20	22	24	22	23	22	34	190
16250	26	23	21	17	24	20	32	32	26	20	22	24	22	23	22	34	190
16300	26	24	21	17	24	20	33	32	26	20	22	23	22	23	23	34	193
16350	26	25	21	17	24	20	33	32	26	20	22	22	22	23	24	34	194
16400	26	25	21	17	24	21	34	32	26	20	22	22	22	24	24	34	195
16450	26	26	21	17	24	21	33	32	26	20	22	22	22	24	24	34	195
16500	26	26	21	17	24	21	32	32	26	20	22	22	22	24	24	34	193
16550	26	26	21	17	25	22	34	32	26	20	22	22	22	24	24	34	197
16600	25	26	21	17	26	23	34	32	26	20	22	22	22	24	24	34	199
16650	25	26	21	17	26	24	34	32	26	20	22	22	22	25	24	34	201
16700	25	26	21	17	26	24	34	31	26	20	22	22	21	25	25	35	201
16750	25	26	21	17	26	25	35	31	26	20	22	22	21	25	25	36	202
16800	26	26	21	17	26	25	35	31	26	20	22	22	21	25	25	36	203
16850	26	26	21	17	26	27	35	31	26	20	22	22	21	25	25	36	206
16900	26	25	21	17	26	28	36	31	26	20	22	22	22	25	25	36	207
16950	26	25	21	17	26	28	37	31	26	20	22	22	22	25	25	36	208
17000	26	25	21	17	26	29	37	31	26	20	22	22	22	24	25	36	207
17050	26	25	21	17	26	29	35	31	26	20	22	22	21	24	25	36	205
17100	27	24	21	17	26	30	35	31	26	20	22	22	21	25	25	37	207
17150	27	24	21	17	26	31	35	31	26	20	22	22	21	25	26	37	208
17200	27	24	21	17	26	31	35	31	25	20	22	21	21	25	26	37	207
17250	27	24	21	17	26	31	35	31	25	20	22	21	22	25	25	37	207
17300	27	24	21	17	26	31	35	31	25	20	22	21	21	24	25	39	208
17350	27	24	21	17	28	31	35	31	25	20	22	22	22	25	25	39	212
17400	27	24	21	17	28	31	35	32	25	20	22	23	23	25	25	38	211
17450	27	24	21	17	30	32	35	32	25	20	22	23	23	25	26	38	215
17500	27	24	21	17	31	32	34	32	24	20	22	23	23	25	26	38	214
17550	27	23	21	17	31	32	34	32	24	20	22	24	23	25	26	39	214
17600	27	23	21	17	32	32	34	32	24	20	22	24	23	26	26	39	216
17650	26	23	21	16	32	32	36	31	24	20	22	24	23	27	26	39	216
17700	26	23	21	16	32	33	38	31	24	21	22	24	24	27	26	39	219
17750	26	23	20	16	31	33	38	31	24	21	22	24	24	27	27	41	221
17800	26	23	21	16	32	33	38	31	24	21	22	24	24	28	27	40	220
17850	26	23	21	16	31	33	39	30	24	21	22	23	24	28	27	40	217
17900	26	23	21	16	31	33	38	29	24	21	22	23	24	28	27	40	216
17950	26	23	20	16	31	33	40	29	25	21	22	25	24	28	27	40	218
18000	26	23	20	16	30	33	39	28	25	21	22	25	24	28	27	40	217
18050	26	23	20	16	30	33	37	28	24	21	22	24	24	28	27	40	215
18100	25	23	20	16	30	33	37	29	24	21	22	24	25	28	27	40	214
18150	25	23	20	16	31	33	36	29	24	21	22	24	25	28	27	40	213
18200	25	23	20	15	32	33	35	28	24	21	22	24	25	28	27	40	211
18250	25	23	20	15	32	33	37	28	24	21	22	25	25	28	27	40	215
18300	25	22	20	16	32	33	38	28	24	21	22	25	25	28	27	39	216
18350	25	22	20	17	32	33	38	28	24	21	22	25	25	28	27	40	217
18400	25	22	20	17	32	33	38	28	24	21	22	25	25	28	27	39	216
18450	25	22	20	17	33	33	38	29	24	21	22	25	25	28	26	39	217
18500	25	22	21	17	33	33	38	29	24	21	22	25	25	28	26	39	218
18550	25	22	21	17	34	33	38	29	23	21	22	26	25	29	27	38	220
18600	25	23	21	17	34	33	38	29	23	21	22	26	25	29	27	38	220
18650	25	23	22	17	35	33	38	29	23	21	22	27	25	29	27	39	224
18700	25	23	22	17	35	33	40	29	23	21	22	27	25	29	27	41	227
18750	25	23	22	17	35	33	41	29	23	21	22	27	25	29	27	41	228
18800	25	23	22	17	33	32	41	29	23	21	21	27	25	29	27	41	225
18850	25	23	23	17	33	32	42	29	23	21	21	27	25	29	26	41	227
18900	25	23	23	17	35	32	42	27	23	21	21	26	25	29	25	41	225
18950	25	23	23	17	34	32	42	26	23	21	21	26	25	29	26	41	223
19000	24	23	23	17	34	32	42	27	23	21	21	26	25	29	26	40	221
19050	24	24	23	17	33	32	41	27	23	21	21	25	25	29	26	40	219
19100	24	26	24	17	33	32	41	27	23	21	20	25	25	29	26	40	220
19150	25	27	24	17	34	32	42	28	23	21	19	26	25	29	26	41	226
19200	25	26	24	17	36	32	42	28	23	21	19	26	25	29	26	41	227
19250	25	27	24	17	36	32	42	27	23	21	19	26	25	30	26	42	230
19300	25	27	24	17	37	32	42	27	23	21	19	26	25	30	26	43	230
19350	26	27	24	17	38	32	42	27	23	21	19	26	25	30	26	43	233
19400	26	27	24	17	37	31	41	27	23	21	19	26	25	30	26	43	229
19450	26	26	24	17	38	31	40	27	23	21	19	26	25	30	25	42	227
19500	26	26	24	17	38	31	40	27	23	21	19	26	25	30	25	41	224
19550	26	26	24	17	38	31	39	27	23	21	19	26	26	30	26	41	225
19600	26	26	24	17	39	31	40	27	23	21	20	26	26	30	26	41	227
19650	26	26	24	16	40	31	41	27	22	21	20	27	26	30	26	41	228
19700	27	25	24	16	40	31	41	28	22	21	20	26	26	30	26	41	228
19750	27	26	24	16	40	31	41	28	22	21	20	26	26	30	25	41	228
19800	27	26	25	16	41	31	41	28	22	21	20	26	26	30	25	41	231
19850	28	27	25	15	40	31	40	28	22	21	20	26	26	30	25	41	230
19900	28	28	25	15	38	30	40	27	22	21	20	25	26	30	25	41	228
19950	29	28	24	15	38	30	40	29	22	21	20	24	26	30	25	41	228
20000	29	28	24	15	38	30	40	30	21	21	20	24	26	30	25	40	228
