0	0	0	0	0	0	0	0	0	0	0	0	0	0	0	0	0	0
50	1	2	3	1	3	1	1	1	2	2	2	2	1	1	1	1	5
100	3	4	5	2	4	3	3	3	5	4	3	4	5	4	3	2	19
150	5	5	5	6	7	6	4	5	5	4	5	5	7	6	6	5	26
200	5	7	7	8	7	7	7	7	6	6	7	6	8	9	8	6	39
250	7	9	8	9	8	7	9	7	6	7	7	7	8	10	9	6	44
300	7	9	8	9	9	8	9	9	7	7	8	7	8	10	9	6	48
350	7	9	8	10	10	8	9	9	7	7	10	8	8	11	11	6	51
400	8	9	8	10	10	8	8	9	8	8	10	9	8	11	11	7	54
450	8	8	8	10	10	8	8	10	8	8	10	11	9	12	10	7	58
500	8	9	8	11	12	9	10	10	9	9	10	12	10	12	11	7	63
550	8	10	8	12	12	9	10	11	9	9	11	12	11	12	10	9	67
600	9	12	8	12	13	9	10	11	9	10	11	12	11	13	10	10	70
650	9	12	9	14	13	9	10	12	10	11	11	12	11	15	10	10	73
700	9	12	9	14	14	9	11	12	10	11	12	12	12	15	11	10	77
750	10	13	9	14	13	9	12	12	10	11	13	13	12	15	11	10	82
800	10	13	9	15	14	9	13	12	10	11	13	13	12	15	11	10	81
850	10	13	9	16	16	10	13	12	10	11	13	13	12	16	11	10	80
900	10	14	9	17	18	12	13	12	10	11	13	13	13	16	11	10	84
950	10	14	9	17	18	12	13	12	10	11	13	13	13	16	12	10	81
1000	10	14	9	17	18	13	14	12	10	11	13	13	13	16	12	10	81
1050	10	14	9	17	18	13	14	12	11	11	14	13	14	16	12	10	83
1100	10	14	9	17	18	13	14	12	11	11	14	13	14	16	13	10	83
1150	10	14	9	17	18	14	14	12	11	11	14	13	14	16	13	10	84
1200	10	14	9	17	18	14	14	12	11	11	14	13	16	16	14	10	87
1250	10	14	9	17	18	14	14	12	11	11	14	13	16	16	14	10	84
1300	10	14	9	17	18	14	14	12	11	11	14	13	16	16	14	10	83
1350	10	14	9	17	18	14	14	12	11	11	14	13	17	16	14	10	83
1400	10	14	9	17	18	16	14	12	11	11	14	14	17	16	14	10	85
1450	10	14	9	17	18	16	14	12	11	11	14	14	17	16	14	10	85
1500	10	14	9	16	18	16	14	12	11	11	14	15	18	16	14	10	85
1550	10	14	9	16	18	16	14	12	11	11	14	15	18	16	14	10	85
1600	10	14	9	16	18	17	14	12	11	11	14	15	19	16	14	10	88
1650	10	14	9	16	18	17	14	12	11	11	14	15	19	16	14	10	88
1700	10	14	9	16	18	18	14	12	11	11	14	15	19	16	14	10	88
1750	10	14	11	16	18	18	14	12	11	11	14	15	20	16	14	10	87
1800	10	14	11	16	18	17	14	12	11	11	14	15	20	16	14	10	88
1850	10	14	11	16	18	17	14	12	11	11	14	16	20	16	14	10	89
1900	10	14	11	16	18	18	14	12	11	11	14	16	21	16	14	10	88
1950	10	14	11	16	18	18	14	12	11	11	14	16	23	16	14	10	90
2000	10	14	11	16	18	18	14	12	11	11	14	16	23	16	14	10	90
2050	10	14	11	16	18	18	14	12	11	11	14	16	23	16	15	10	91
2100	10	14	11	16	18	18	14	13	11	11	14	16	23	16	15	10	91
2150	12	14	11	16	18	19	14	13	11	11	15	17	23	16	15	10	94
2200	12	14	11	16	18	19	14	14	11	11	16	17	23	16	15	10	94
2250	12	14	11	16	18	20	14	14	11	11	16	17	23	16	16	10	96
2300	12	14	11	16	18	20	14	14	11	11	16	18	23	16	16	11	96
2350	12	14	11	16	18	20	14	14	11	11	17	18	23	16	16	11	96
2400	12	14	11	16	18	20	14	14	11	11	18	18	23	16	16	11	97
2450	12	14	12	16	18	20	14	15	11	11	18	18	23	16	16	11	98
2500	12	15	13	16	18	20	14	15	11	11	19	18	23	16	17	12	101
2550	12	15	13	16	18	20	14	16	11	11	19	18	23	16	17	13	103
2600	13	15	14	16	18	20	14	17	11	11	19	18	23	16	17	14	105
2650	13	15	14	16	18	20	14	17	11	11	19	18	23	16	17	14	105
2700	13	16	14	17	18	20	14	17	11	11	19	18	23	16	17	14	106
2750	14	16	14	17	18	20	14	17	11	11	20	19	23	16	17	14	109
2800	14	16	14	17	18	20	14	17	11	11	20	19	23	16	17	15	110
2850	14	16	14	17	18	20	14	18	11	11	20	19	23	16	17	15	111
2900	16	17	14	16	18	20	14	18	11	11	21	19	23	16	17	15	114
2950	16	17	14	16	18	20	14	18	11	11	22	19	23	16	17	15	114
3000	16	17	15	16	18	20	14	18	11	11	22	19	23	16	17	15	115
3050	16	19	15	16	18	20	14	19	11	11	22	19	23	17	17	15	118
3100	16	19	15	16	18	20	14	19	11	11	23	19	23	17	17	15	119
3150	17	19	15	16	18	20	13	19	11	11	23	19	23	17	17	16	119
3200	17	19	15	17	18	20	13	19	11	11	23	19	23	17	17	17	121
3250	17	22	15	18	18	20	13	19	11	11	23	19	23	17	17	17	124
3300	18	22	15	18	18	20	13	19	11	11	23	19	23	17	17	18	125
3350	18	22	16	19	18	20	13	19	11	11	23	19	23	17	17	19	127
3400	18	23	16	20	18	20	13	19	11	11	23	19	23	17	17	20	129
3450	18	23	16	20	19	20	13	20	11	11	23	19	23	17	17	21	131
3500	18	22	16	20	20	19	13	20	12	11	23	18	23	17	17	22	129
3550	18	21	16	20	20	19	13	20	12	11	23	18	23	17	17	22	130
3600	19	21	16	20	20	19	14	20	12	11	23	18	23	17	18	23	131
3650	19	22	17	20	20	19	14	20	12	11	23	18	23	17	17	23	132
3700	19	22	17	19	20	19	14	20	12	11	23	18	23	17	17	23	133
3750	19	23	17	19	20	19	14	20	12	11	23	18	23	17	17	23	133
3800	19	23	17	19	20	19	15	20	14	11	23	18	23	17	19	23	138
3850	19	23	17	19	20	19	15	20	15	11	23	19	23	17	20	23	138
3900	19	24	17	19	20	20	16	20	15	11	23	19	23	17	20	23	140
3950	19	24	19	19	20	21	16	20	15	11	23	19	23	17	20	23	141
4000	19	24	18	19	20	20	17	20	15	11	23	19	22	17	20	23	140
4050	19	24	19	19	20	20	18	20	15	12	23	18	22	17	20	23	143
4100	19	23	19	19	19	19	18	20	15	13	23	18	22	17	21	23	143
4150	19	24	20	19	19	19	18	20	15	14	23	19	22	17	21	23	144
4200	19	24	20	19	19	19	19	20	15	14	23	19	22	17	22	23	144
4250	19	23	20	19	19	19	19	20	15	14	23	19	22	17	22	23	143
4300	19	22	22	19	19	19	19	20	15	14	23	20	22	17	22	23	144
4350	19	22	23	19	19	19	20	20	15	14	22	20	22	17	22	23	146
4400	19	22	23	19	19	19	20	20	15	14	22	20	22	17	22	24	145
4450	19	22	24	19	19	19	20	20	15	14	23	20	22	17	22	24	146
4500	19	22	24	19	19	20	21	20	16	14	23	20	22	17	22	24	147
4550	19	22	24	19	19	20	21	20	16	15	23	20	22	17	22	24	147
4600	19	22	24	19	19	20	22	20	16	15	23	21	22	17	22	24	148
4650	19	22	25	19	19	20	22	20	16	15	23	21	21	17	22	24	148
4700	19	22	25	19	18	20	22	20	16	16	23	21	21	17	22	24	148
4750	19	22	25	20	19	20	22	20	16	15	22	21	21	17	22	24	149
4800	19	22	25	20	20	20	22	20	16	16	23	22	21	17	22	24	150
4850	19	22	25	20	21	20	22	20	16	16	24	22	21	17	22	24	151
4900	19	22	25	20	21	20	22	20	16	16	26	23	21	17	22	24	152
4950	19	22	25	20	21	20	23	20	16	16	26	23	21	17	22	24	152
5000	19	22	25	20	21	19	23	20	16	16	28	24	21	17	22	24	154
5050	19	23	25	20	21	20	23	20	16	16	29	24	21	17	21	24	154
5100	19	23	25	20	21	20	23	20	16	16	30	24	21	17	21	24	155
5150	19	23	25	20	21	20	23	20	16	16	30	24	21	17	21	24	154
5200	19	23	26	20	21	20	23	20	16	17	29	25	21	17	21	24	155
5250	19	22	26	20	21	20	23	20	16	17	30	24	21	17	21	24	155
5300	19	22	26	20	23	20	23	20	16	17	30	24	21	17	21	24	157
5350	19	23	26	21	23	20	23	20	16	17	30	24	21	17	22	24	161
5400	19	23	25	21	24	20	23	20	16	17	30	24	21	17	22	24	162
5450	19	23	25	21	24	20	23	20	16	17	31	27	21	17	22	24	166
5500	19	23	25	22	26	20	23	20	16	17	31	27	21	17	23	24	169
5550	19	23	25	23	26	20	23	20	17	17	31	27	21	17	23	24	170
5600	19	23	25	23	26	20	23	20	17	17	31	27	21	17	23	24	170
5650	19	22	25	23	26	20	23	20	17	17	31	28	21	17	23	24	171
5700	19	22	25	23	26	20	23	20	18	17	31	28	21	17	23	24	171
5750	19	22	25	23	26	20	23	20	18	17	32	28	21	17	23	24	171
5800	19	23	25	24	28	20	23	20	18	17	32	28	21	17	23	24	173
5850	19	23	25	24	28	20	23	20	18	17	32	28	21	17	23	24	173
5900	19	23	25	25	28	20	23	20	17	17	32	28	21	17	23	24	174
5950	19	23	25	25	27	20	23	20	17	17	32	28	22	17	23	24	174
6000	19	23	25	25	27	20	23	21	17	17	32	28	22	17	23	24	174
6050	19	24	25	25	27	20	23	21	19	17	32	28	22	17	23	23	178
6100	19	24	25	25	27	20	23	21	19	17	32	29	22	17	23	23	179
6150	19	24	25	25	27	20	23	21	20	17	32	29	22	17	23	23	179
6200	19	23	25	25	27	20	23	21	20	17	32	30	22	17	23	23	180
6250	19	23	25	25	28	20	23	21	21	17	32	30	22	17	23	23	181
6300	19	23	26	25	28	20	23	22	21	18	32	30	22	17	23	23	183
6350	19	23	26	25	29	20	23	23	21	18	32	30	22	17	23	23	184
6400	19	23	26	25	28	20	23	23	21	18	32	30	22	17	23	23	183
6450	19	23	26	25	28	20	23	24	21	19	32	30	22	17	23	23	184
6500	19	23	26	25	28	20	23	24	21	19	31	30	22	17	23	23	183
6550	19	23	26	26	28	20	23	24	22	20	31	30	22	17	23	23	184
6600	19	23	26	26	29	20	23	24	23	20	30	30	22	17	23	23	186
6650	19	23	26	26	30	20	23	24	23	20	30	30	22	17	23	23	188
6700	19	23	26	26	30	20	23	24	23	21	29	30	22	17	23	23	188
6750	19	23	25	26	30	20	23	24	23	22	29	30	22	17	23	23	188
6800	19	23	25	26	30	20	23	24	23	22	29	30	22	17	23	23	187
6850	19	23	24	26	30	20	23	24	23	22	29	30	22	17	23	23	186
6900	19	23	24	26	30	20	23	25	23	22	29	30	22	17	23	23	185
6950	19	23	24	25	30	20	23	25	23	22	29	30	22	17	23	23	184
7000	19	23	24	25	30	20	23	25	23	22	29	30	22	17	23	23	184
7050	19	23	24	25	30	20	23	25	23	22	29	30	22	17	23	23	183
7100	19	22	24	25	30	20	23	25	24	22	29	30	22	17	23	23	183
7150	19	22	25	25	30	20	23	25	24	22	29	30	22	17	23	23	184
7200	18	22	25	25	30	20	22	26	24	22	28	30	22	17	23	23	184
7250	18	22	25	26	30	20	22	26	24	22	28	30	22	17	23	23	184
7300	18	22	25	26	31	19	22	26	24	22	28	30	22	17	23	23	184
7350	18	22	25	26	31	19	22	26	24	22	28	30	22	17	23	23	183
7400	19	22	25	26	31	19	22	26	24	22	28	30	22	17	23	23	183
7450	19	22	25	26	31	19	22	26	24	22	27	30	22	17	23	23	183
7500	19	22	24	26	31	19	22	26	24	22	26	30	22	17	23	23	182
7550	19	22	25	26	30	19	22	26	24	22	26	30	22	17	23	23	182
7600	19	22	25	26	30	19	22	26	25	22	25	30	22	17	23	23	183
7650	19	22	25	26	30	19	22	26	25	23	25	29	22	17	23	23	183
7700	19	22	25	26	29	19	22	26	27	23	26	29	22	17	23	23	186
7750	19	22	24	26	29	19	22	26	28	23	27	29	22	17	23	23	187
7800	19	23	24	26	29	19	22	26	28	23	26	29	22	17	23	23	187
7850	19	23	24	26	29	18	22	26	29	23	27	29	22	18	23	23	188
7900	19	23	24	26	30	18	22	27	28	24	28	29	22	18	23	23	192
7950	19	23	24	26	30	18	22	27	28	25	30	29	22	18	23	23	193
8000	19	23	24	26	30	18	22	28	28	25	31	29	22	18	23	23	193
8050	19	23	24	25	30	18	22	28	29	26	32	29	22	18	23	23	196
8100	19	23	24	25	30	18	22	27	30	26	32	29	22	18	23	23	194
8150	19	23	24	25	30	18	22	27	31	26	32	29	22	18	23	23	195
8200	19	23	25	25	30	18	22	27	32	25	31	29	22	18	23	23	194
8250	19	21	25	25	29	18	22	27	31	25	31	29	22	18	23	23	193
8300	19	21	25	25	30	18	22	27	31	25	31	28	22	18	23	23	194
8350	19	21	25	25	30	18	22	26	31	25	32	27	22	18	23	23	194
8400	19	21	24	25	30	18	22	26	31	25	32	27	22	18	23	23	193
8450	19	21	24	25	30	18	22	27	31	25	31	27	22	18	23	23	194
8500	19	21	24	25	30	18	22	29	32	25	31	27	22	18	23	23	195
8550	19	21	24	25	30	18	22	30	33	23	32	27	22	18	23	23	196
8600	19	21	25	25	29	18	22	30	33	22	32	27	22	18	23	23	197
8650	19	21	26	25	29	18	22	30	33	22	31	27	22	18	23	23	196
8700	19	21	26	25	29	18	22	30	33	22	31	27	22	18	23	23	197
8750	19	21	26	25	29	18	22	30	33	22	31	27	22	18	23	23	197
8800	19	21	26	25	29	18	22	30	33	22	32	27	22	18	23	23	195
8850	19	21	26	25	29	18	22	31	33	22	32	27	22	18	23	23	197
8900	19	21	26	25	29	18	22	31	32	21	32	27	22	18	23	23	197
8950	19	21	26	25	29	18	22	31	32	21	32	27	22	18	23	23	195
9000	19	21	26	25	29	17	22	31	32	21	32	27	22	18	23	23	194
9050	19	20	26	25	29	17	22	31	32	21	32	27	22	18	23	23	193
9100	19	20	27	25	29	17	22	31	32	21	31	27	22	18	23	23	193
9150	19	20	27	25	29	17	22	31	32	21	31	27	22	18	23	23	192
9200	19	20	27	25	29	17	22	31	32	21	31	27	22	19	23	23	191
9250	19	20	26	25	30	17	22	31	32	21	31	27	22	19	23	23	191
9300	19	20	26	25	30	17	22	31	32	21	31	27	22	20	23	23	192
9350	19	20	27	25	30	17	22	31	32	21	30	27	22	21	23	23	194
9400	19	19	27	25	30	17	22	31	32	21	29	27	22	21	23	25	193
9450	19	19	27	25	30	17	22	31	32	21	29	27	22	22	23	25	193
9500	19	19	27	25	30	17	22	30	32	20	29	27	22	23	22	25	192
9550	19	19	27	25	30	17	22	31	32	20	29	27	22	23	22	25	193
9600	19	19	27	24	30	17	22	31	31	20	29	27	22	23	22	26	194
9650	19	19	27	24	29	17	22	32	31	20	29	27	22	23	22	27	195
9700	19	19	27	24	29	17	22	32	31	20	29	26	22	24	22	27	195
9750	19	19	27	24	29	17	22	32	31	20	29	26	22	24	22	26	195
9800	19	19	27	24	28	17	21	32	31	20	29	26	22	24	22	26	195
9850	19	20	27	24	28	17	21	31	31	20	29	26	22	24	22	26	195
9900	19	20	27	24	28	17	21	31	31	20	29	26	22	24	22	27	195
9950	19	20	27	24	28	17	21	31	31	20	29	26	22	25	22	27	195
10000	19	20	27	24	28	17	21	32	31	20	29	26	22	25	22	27	196
10050	19	20	27	23	28	17	21	32	31	20	29	26	22	25	22	27	194
10100	19	21	27	23	28	17	21	33	31	20	29	26	22	26	22	28	194
10150	19	21	28	23	28	17	21	33	32	20	29	26	22	26	22	28	195
10200	19	21	28	23	28	17	21	33	32	20	28	26	22	26	22	28	195
10250	19	21	28	23	29	17	21	33	32	20	28	26	22	27	22	28	196
10300	19	21	28	23	29	17	21	33	33	20	28	26	22	28	22	28	198
10350	19	21	28	23	29	17	21	33	33	20	28	26	22	29	22	29	198
10400	19	21	28	23	29	17	21	33	33	20	28	26	22	29	22	29	199
10450	19	21	28	24	29	17	21	33	33	20	27	26	22	28	22	29	197
10500	19	21	28	25	29	17	21	33	34	20	27	26	22	28	22	29	199
10550	19	21	28	26	29	17	21	33	33	20	27	26	22	29	22	29	200
10600	19	21	28	25	29	17	21	33	32	20	27	26	22	29	22	29	199
10650	19	21	28	25	30	17	21	33	31	20	27	26	22	29	22	29	197
10700	19	21	28	24	30	17	21	33	31	20	27	26	22	29	22	30	196
10750	19	21	28	24	30	17	21	32	31	20	27	26	22	29	22	30	196
10800	19	21	26	24	31	17	21	32	31	20	27	26	22	29	22	30	195
10850	19	21	26	24	31	17	21	32	32	20	26	26	22	29	22	30	193
10900	19	21	26	24	31	17	21	32	32	20	26	26	22	30	22	30	195
10950	19	21	26	24	30	17	21	33	32	20	26	26	22	30	22	30	193
11000	19	21	25	24	30	17	21	33	32	20	26	26	22	30	22	30	191
11050	19	21	25	24	30	17	21	33	32	20	26	26	22	31	22	30	192
11100	19	21	24	23	30	17	21	34	32	20	26	26	22	31	22	30	192
11150	19	21	24	23	30	17	21	35	32	20	26	26	22	31	22	30	192
11200	19	21	24	23	30	17	21	35	32	20	26	26	22	31	22	30	191
11250	19	21	24	23	30	17	21	35	31	20	26	26	22	31	22	30	191
11300	19	21	24	23	30	17	21	35	31	20	26	26	22	32	22	30	189
11350	19	22	24	23	30	17	21	35	31	20	26	26	22	32	22	30	189
11400	19	22	24	23	30	17	21	35	31	20	26	26	22	32	22	30	189
11450	19	22	23	23	30	17	21	35	31	20	26	26	22	31	22	30	186
11500	19	22	24	23	30	17	21	35	31	20	26	26	22	31	22	30	187
11550	19	22	24	23	29	18	21	35	31	20	26	26	22	30	22	30	187
11600	19	23	24	23	29	18	21	35	31	20	26	25	22	30	22	30	185
11650	19	24	24	23	29	18	21	35	31	20	26	25	22	30	22	30	186
11700	19	24	24	23	29	18	21	35	31	20	26	25	22	30	22	30	186
11750	19	24	24	23	29	18	20	35	31	20	26	25	22	30	22	30	185
11800	19	24	24	23	29	19	20	35	31	20	26	25	22	30	22	30	186
11850	19	24	24	23	29	19	20	35	31	20	26	25	22	30	22	30	184
11900	19	24	24	23	29	19	20	34	31	20	26	25	22	31	22	30	184
11950	19	24	24	23	29	19	20	34	31	20	26	25	22	32	22	30	185
12000	19	24	24	23	29	20	20	33	31	20	26	24	22	32	22	30	181
12050	19	24	24	23	29	20	20	33	32	20	26	24	22	32	22	31	182
12100	19	25	24	23	29	20	20	33	32	19	26	24	22	32	22	31	180
12150	19	26	24	23	29	20	20	33	32	19	26	24	22	31	22	31	181
12200	19	26	24	24	29	20	20	33	32	19	26	23	22	31	22	31	180
12250	19	27	24	24	29	20	20	33	32	19	25	23	22	32	22	30	180
12300	18	27	24	25	29	20	20	33	33	19	25	23	21	32	21	30	179
12350	18	27	24	25	29	20	20	32	33	19	25	23	21	31	21	30	180
12400	18	27	24	25	30	20	20	31	33	19	24	23	21	31	21	30	176
12450	18	28	22	25	30	20	20	31	33	19	23	23	21	31	21	30	175
12500	18	28	22	25	30	20	20	31	33	19	23	23	21	32	21	30	176
12550	18	28	22	25	30	20	20	31	33	19	23	24	21	32	21	30	176
12600	18	28	22	25	30	20	20	31	33	19	23	24	21	33	21	30	175
12650	18	28	22	25	30	20	20	30	33	19	23	24	21	33	21	30	176
12700	18	28	22	25	30	20	20	30	33	18	23	24	21	32	20	30	177
12750	18	28	24	25	29	20	20	30	33	18	23	24	21	32	21	30	176
12800	18	29	24	25	30	20	20	30	33	18	23	24	21	32	21	30	177
12850	18	29	24	25	29	20	20	30	33	18	23	24	21	32	21	30	175
12900	18	29	24	25	29	20	20	30	33	18	23	24	21	33	21	31	176
12950	18	29	24	25	29	20	20	30	32	18	23	24	21	33	22	31	177
13000	18	29	24	25	29	20	20	30	30	18	23	24	21	33	22	31	175
13050	18	29	24	26	29	20	20	30	30	18	23	24	21	33	22	31	176
13100	18	29	24	27	28	20	20	30	30	18	23	24	21	33	22	31	178
13150	18	29	26	27	29	20	20	30	29	18	23	24	21	33	22	30	179
13200	18	29	27	27	29	20	20	30	29	18	23	24	21	33	22	30	179
13250	18	29	28	27	29	20	20	30	29	18	23	24	21	33	22	30	180
13300	18	29	28	28	30	20	20	30	29	18	22	24	21	34	23	30	181
13350	18	29	29	28	31	20	20	30	29	18	23	24	21	32	23	29	181
13400	18	29	29	28	30	19	20	30	29	18	22	24	21	32	23	29	181
13450	18	29	29	28	30	19	20	30	29	18	22	23	21	32	23	29	181
13500	17	29	29	28	31	19	20	29	29	18	22	23	21	33	23	29	181
13550	17	30	29	28	31	19	20	28	28	18	22	23	21	33	23	29	180
13600	17	30	29	28	31	19	20	28	28	18	22	23	22	33	23	29	179
13650	17	30	29	28	32	19	20	28	28	18	22	23	22	33	24	29	180
13700	17	29	30	28	32	18	20	28	28	18	23	23	22	34	25	29	182
13750	17	29	30	29	32	18	20	27	28	18	23	23	22	34	25	28	180
13800	17	29	31	29	33	18	20	27	28	18	23	23	23	34	25	28	181
13850	17	29	31	29	33	18	20	27	28	18	23	23	23	34	25	28	182
13900	17	29	31	29	33	18	20	28	28	18	23	23	22	34	25	28	181
13950	17	29	31	29	32	18	20	28	28	18	23	23	22	34	25	28	181
14000	17	28	31	29	32	18	20	27	28	18	23	23	22	34	25	28	180
14050	17	28	27	30	32	18	20	29	28	18	23	23	22	34	24	28	180
14100	17	28	27	30	32	18	20	29	28	18	23	23	22	34	24	28	181
14150	17	28	27	30	32	18	20	29	28	18	23	23	22	34	24	28	181
14200	17	28	27	30	31	18	20	28	28	18	23	22	22	33	24	28	178
14250	17	28	27	30	31	18	20	28	27	18	23	22	22	33	24	28	178
14300	17	28	28	30	31	18	20	27	27	18	23	22	22	33	24	27	179
14350	17	28	29	30	31	18	20	27	27	18	23	22	22	33	24	27	180
14400	17	28	29	30	31	18	20	27	27	18	23	22	22	33	24	28	180
14450	17	28	30	30	31	18	20	27	27	18	23	22	22	31	24	27	178
14500	17	28	30	30	31	18	20	27	27	18	23	22	22	30	24	27	177
14550	17	28	31	30	31	18	20	29	27	18	23	22	22	31	24	27	179
14600	17	28	34	30	31	18	20	29	27	18	23	21	22	31	24	27	183
14650	17	27	36	30	31	18	20	29	27	18	24	21	22	30	24	27	185
14700	17	27	36	30	31	18	20	29	27	18	24	21	22	29	24	26	185
14750	17	27	36	30	31	18	20	29	26	18	24	21	22	28	24	26	184
14800	17	27	37	29	31	18	20	30	25	18	25	21	22	29	24	26	185
14850	17	27	37	29	31	18	20	30	25	18	25	21	22	29	24	26	184
14900	17	27	37	29	31	17	20	30	25	18	24	21	22	29	24	26	183
14950	17	27	37	29	30	17	20	30	25	18	25	21	22	29	24	26	184
15000	17	27	37	28	30	17	20	30	25	18	25	21	22	29	24	26	183
15050	17	27	37	28	30	17	20	30	25	18	25	21	22	30	24	25	183
15100	17	27	37	28	30	17	20	30	25	19	25	21	22	30	24	25	183
15150	17	27	37	28	30	17	20	30	25	19	26	21	22	29	24	25	182
15200	17	26	37	28	30	17	20	30	25	19	26	21	22	28	24	25	180
15250	17	26	37	28	30	17	20	30	25	18	25	21	22	29	24	25	179
15300	17	26	37	27	30	17	20	31	25	18	26	21	22	28	24	25	180
15350	17	26	37	27	30	17	20	31	25	18	26	21	22	28	24	25	180
15400	17	26	37	26	31	17	20	30	25	20	26	21	22	29	24	25	182
15450	17	26	37	26	31	17	20	30	25	19	26	21	22	29	24	25	182
15500	17	26	38	26	31	17	20	30	25	19	27	21	22	29	24	25	184
15550	17	26	38	24	31	17	20	30	25	19	29	21	22	30	24	25	186
15600	17	26	38	24	31	17	20	30	25	19	29	21	22	30	24	24	186
15650	17	26	38	23	31	17	20	31	25	20	29	22	22	31	24	24	187
15700	17	26	39	23	32	17	20	31	25	20	29	22	22	31	24	23	188
15750	17	26	39	23	32	17	20	31	25	20	29	22	22	31	24	23	188
15800	17	25	39	23	33	17	20	31	25	20	29	22	22	30	24	23	188
15850	17	25	39	23	33	17	20	32	25	20	29	22	22	30	24	22	187
15900	17	25	39	23	33	17	20	32	25	20	29	22	22	30	24	22	187
15950	17	25	39	23	31	17	20	32	25	21	29	22	22	30	24	22	186
16000	17	25	38	23	31	17	20	32	25	21	29	22	21	30	24	22	185
16050	17	25	38	23	32	16	20	32	25	21	29	21	21	30	24	22	186
16100	17	25	38	23	32	16	20	33	25	23	30	21	21	30	24	22	189
16150	17	25	38	23	32	16	20	33	25	24	30	21	21	30	24	22	190
16200	16	24	38	23	33	16	20	33	25	24	30	21	21	30	24	23	189
16250	16	24	39	23	32	16	20	34	25	24	30	21	21	30	24	23	190
16300	16	24	39	22	32	16	20	34	25	24	30	21	21	31	24	22	191
16350	16	24	39	22	32	16	20	34	25	24	30	21	21	31	24	22	191
16400	16	24	40	22	32	16	20	34	25	25	30	21	21	31	24	22	193
16450	16	24	40	21	31	16	20	34	25	25	30	21	21	31	24	22	193
16500	16	24	39	21	31	16	20	34	25	25	30	21	21	31	24	22	192
16550	16	25	39	21	31	16	20	34	25	25	31	21	21	31	24	22	192
16600	16	24	39	21	31	16	20	34	25	25	31	21	21	31	24	23	191
16650	16	24	39	21	31	16	20	34	25	25	31	21	21	31	24	23	191
16700	16	25	37	21	31	16	20	34	25	25	31	21	21	32	24	23	191
16750	16	24	35	21	31	16	20	34	25	25	31	21	21	32	24	23	188
16800	16	24	35	21	31	16	20	34	25	25	31	20	21	32	24	23	188
16850	16	24	35	21	31	16	20	34	25	25	31	20	21	32	24	23	188
16900	16	24	35	20	30	16	20	35	25	25	30	20	21	32	24	23	186
16950	16	24	35	20	30	16	20	36	25	25	30	20	21	32	24	23	187
17000	16	25	35	20	30	16	20	35	25	25	30	20	21	32	24	23	187
17050	16	25	35	20	30	16	20	34	25	25	31	20	21	32	24	23	189
17100	16	25	35	20	30	16	20	34	25	25	31	20	21	32	24	23	189
17150	16	25	35	20	30	16	20	34	24	25	31	20	21	32	24	23	188
17200	16	25	34	20	31	16	20	34	23	25	31	20	21	32	24	23	189
17250	16	25	34	20	30	16	20	33	23	25	30	20	21	32	24	23	187
17300	16	25	34	20	30	16	20	33	23	25	30	20	20	32	24	23	187
17350	16	25	34	20	30	16	20	34	22	25	30	20	20	32	23	23	186
17400	16	25	34	20	30	16	20	34	22	24	30	20	20	33	23	23	185
17450	16	25	34	20	30	16	20	34	22	24	30	20	20	33	23	23	185
17500	16	25	34	20	30	16	20	33	22	24	30	20	20	33	23	23	185
17550	16	25	34	20	30	16	20	32	22	24	30	20	20	33	23	23	183
17600	16	25	34	20	30	15	20	32	22	24	30	20	20	33	23	23	183
17650	16	25	34	20	30	15	20	32	22	24	30	20	20	34	23	23	184
17700	16	25	34	20	30	15	20	32	22	24	30	20	20	35	23	23	184
17750	16	25	34	20	28	15	20	32	22	24	30	20	20	35	23	23	183
17800	16	25	34	20	28	15	20	32	22	24	30	20	20	35	23	23	184
17850	16	25	34	19	28	15	20	31	22	24	30	20	20	35	22	23	183
17900	16	25	34	19	28	15	20	31	22	24	30	20	20	35	22	23	183
17950	16	25	34	19	29	15	20	31	22	24	30	20	20	35	22	23	184
18000	16	25	34	20	29	15	20	31	22	23	29	20	20	35	22	23	183
18050	16	25	34	20	30	15	20	31	22	23	29	20	20	35	22	23	184
18100	16	25	32	20	30	15	20	31	22	23	29	20	20	35	22	23	182
18150	16	25	32	20	30	15	20	31	22	23	29	20	20	34	22	23	181
18200	16	25	31	20	30	15	20	31	22	23	29	20	21	35	22	23	182
18250	16	25	30	21	31	15	20	31	22	23	29	20	21	35	22	23	185
18300	16	25	30	21	31	15	20	31	22	23	29	20	20	35	22	23	184
18350	16	25	30	20	31	15	20	31	22	23	29	20	19	35	22	23	183
18400	16	25	30	21	30	15	20	31	22	23	29	20	19	34	22	23	184
18450	16	25	29	22	30	15	20	31	22	23	29	20	19	34	22	23	185
18500	16	25	29	22	30	15	20	31	22	23	29	20	19	34	21	24	185
18550	16	24	29	22	30	15	20	31	22	23	29	20	19	34	21	25	184
18600	16	24	30	23	30	15	20	30	22	23	29	20	19	34	21	25	185
18650	16	24	30	23	30	15	20	30	22	23	29	20	19	34	21	25	184
18700	16	23	30	24	30	15	20	29	22	23	29	20	18	34	21	25	184
18750	16	24	30	24	31	15	20	29	22	23	29	20	18	34	21	25	185
18800	16	25	29	26	31	15	20	29	22	23	29	20	18	34	21	26	189
18850	16	25	29	26	31	15	20	29	22	23	29	20	19	33	21	26	189
18900	16	25	30	26	31	15	20	29	22	23	29	20	19	33	21	26	190
18950	16	25	30	26	31	15	20	29	22	23	29	20	20	32	21	26	189
19000	16	25	30	27	30	15	20	29	22	23	29	20	20	34	21	26	191
19050	16	26	31	27	29	15	20	29	22	22	29	20	20	34	21	26	190
19100	16	26	31	27	29	15	20	29	22	22	29	20	21	33	21	26	191
19150	16	26	33	27	29	15	20	29	22	22	29	20	21	33	21	26	192
19200	16	25	34	27	29	15	20	29	22	22	29	20	21	32	21	26	192
19250	16	25	34	27	30	15	20	29	22	22	29	20	21	32	21	26	193
19300	16	25	35	27	31	15	20	28	22	22	29	20	21	33	21	26	193
19350	16	26	35	27	32	15	20	28	22	22	29	20	21	33	21	26	195
19400	16	26	36	27	32	15	20	28	22	22	29	20	21	33	21	26	196
19450	16	26	36	27	32	15	20	28	22	22	29	20	22	33	21	26	197
19500	16	26	37	27	32	15	19	28	22	22	29	20	22	33	21	26	198
19550	16	26	37	27	32	15	19	29	22	22	29	20	22	33	21	26	198
19600	16	26	38	27	32	15	20	29	22	22	29	19	22	33	21	26	196
19650	16	26	39	28	32	15	20	29	22	22	29	19	22	33	21	26	198
19700	16	26	38	28	31	15	20	29	22	22	29	19	22	33	21	26	196
19750	16	25	37	29	31	15	20	29	22	22	29	19	22	33	21	26	195
19800	16	25	37	29	32	15	20	29	21	22	28	19	22	32	21	26	196
19850	16	25	36	29	32	15	20	29	21	22	28	20	22	31	21	26	195
19900	16	25	36	29	32	15	20	29	21	22	27	20	22	31	21	26	193
19950	16	25	35	28	32	15	20	29	21	22	27	20	22	31	21	26	191
20000	16	25	34	28	32	15	20	29	21	22	27	21	22	31	21	26	190
