0	0.0	0.0	0.0	0.0	0.0	0.0	0.0	0.0	0.0	0.0	0.0	0.0	0.0	0.0	0.0	0.0
50	0.0	0.0	0.0	0.2	0.0	0.0	0.333333333333	0.0	0.2	0.0	0.0	0.25	0.25	0.0	0.0	0.333333333333
100	0.4	0.4	0.333333333333	0.5	0.285714285714	0.333333333333	0.375	0.285714285714	0.615384615385	0.333333333333	0.166666666667	0.5	0.444444444444	0.333333333333	0.2	0.545454545455
150	0.454545454545	0.5625	0.6	0.533333333333	0.461538461538	0.666666666667	0.555555555556	0.4	0.65	0.642857142857	0.615384615385	0.583333333333	0.571428571429	0.363636363636	0.25	0.583333333333
200	0.538461538462	0.666666666667	0.666666666667	0.666666666667	0.555555555556	0.772727272727	0.653846153846	0.6	0.695652173913	0.722222222222	0.6	0.5625	0.611111111111	0.5	0.5	0.588235294118
250	0.684210526316	0.708333333333	0.684210526316	0.692307692308	0.571428571429	0.807692307692	0.727272727273	0.714285714286	0.774193548387	0.772727272727	0.631578947368	0.631578947368	0.708333333333	0.6	0.588235294118	0.631578947368
300	0.739130434783	0.766666666667	0.740740740741	0.741935483871	0.678571428571	0.833333333333	0.742857142857	0.739130434783	0.771428571429	0.782608695652	0.695652173913	0.666666666667	0.740740740741	0.703703703704	0.681818181818	0.695652173913
350	0.769230769231	0.78125	0.766666666667	0.771428571429	0.735294117647	0.857142857143	0.790697674419	0.8	0.794871794872	0.814814814815	0.730769230769	0.730769230769	0.758620689655	0.741935483871	0.75	0.740740740741
400	0.8	0.8	0.794117647059	0.8	0.785714285714	0.875	0.804347826087	0.828571428571	0.809523809524	0.848484848485	0.774193548387	0.766666666667	0.787878787879	0.764705882353	0.8	0.758620689655
450	0.818181818182	0.825	0.8	0.818181818182	0.808510638298	0.886363636364	0.86	0.842105263158	0.829787234043	0.864864864865	0.815789473684	0.787878787879	0.783783783784	0.763157894737	0.805555555556	0.757575757576
500	0.833333333333	0.833333333333	0.810810810811	0.836734693878	0.82	0.9	0.92	0.860465116279	0.86	0.868421052632	0.829268292683	0.810810810811	0.818181818182	0.790697674419	0.813953488372	0.771428571429
550	0.842105263158	0.837209302326	0.825	0.9	0.88	0.96	0.98	0.875	0.94	0.883720930233	0.851063829787	0.833333333333	0.826086956522	0.804347826087	0.833333333333	0.763157894737
600	0.85	0.844444444444	0.837209302326	0.92	0.9	0.98	0.98	0.92	0.94	0.92	0.9	0.847826086957	0.84	0.88	0.94	0.780487804878
650	0.866666666667	0.851063829787	0.847826086957	0.96	0.96	0.98	0.98	0.96	0.96	1.0	0.96	0.92	0.94	0.9	0.94	0.780487804878
700	0.92	0.88	0.857142857143	0.96	0.96	1.0	0.98	1.0	0.98	0.98	0.96	0.94	0.94	0.98	0.96	0.8
750	1.0	0.92	0.94	0.98	0.96	1.0	0.98	1.0	0.98	0.98	1.0	0.94	0.96	0.98	0.96	0.88
800	1.0	0.92	0.94	0.98	0.98	1.0	0.98	1.0	0.98	0.98	1.0	0.96	0.98	0.98	0.94	0.9
850	1.0	0.96	0.94	0.98	1.0	1.0	0.98	1.0	0.98	0.98	1.0	1.0	0.98	0.98	0.94	0.92
900	1.0	0.98	0.96	1.0	1.0	1.0	0.98	1.0	0.98	0.96	1.0	1.0	0.98	0.98	0.94	0.94
950	1.0	1.0	0.94	1.0	1.0	1.0	0.98	1.0	0.98	0.96	1.0	1.0	1.0	0.98	0.94	0.96
1000	1.0	1.0	0.96	1.0	1.0	1.0	0.96	1.0	1.0	0.96	1.0	1.0	1.0	0.98	0.94	0.94
1050	1.0	1.0	0.98	1.0	1.0	0.98	0.96	1.0	1.0	0.96	1.0	1.0	1.0	0.98	0.94	0.94
1100	1.0	1.0	0.98	1.0	1.0	0.98	0.96	1.0	1.0	0.94	1.0	1.0	1.0	1.0	0.96	0.94
1150	1.0	1.0	0.98	1.0	0.98	0.98	0.96	1.0	1.0	0.94	1.0	1.0	1.0	1.0	0.96	0.96
1200	1.0	1.0	0.98	0.98	0.98	0.98	0.96	1.0	1.0	0.94	1.0	1.0	1.0	1.0	0.96	0.98
1250	1.0	1.0	0.98	0.98	0.98	0.98	0.96	0.98	1.0	0.94	1.0	1.0	1.0	1.0	0.96	0.98
1300	1.0	1.0	0.98	0.98	0.98	0.98	0.96	0.94	1.0	0.94	1.0	1.0	1.0	0.94	0.98	0.98
1350	1.0	1.0	0.98	0.98	0.98	0.98	0.96	0.94	1.0	0.94	1.0	1.0	1.0	0.94	0.98	0.98
1400	1.0	1.0	0.98	0.98	0.98	0.98	0.96	0.94	1.0	0.96	1.0	1.0	1.0	0.94	0.98	0.98
1450	1.0	1.0	0.98	0.98	0.98	0.98	0.96	0.94	1.0	0.96	1.0	1.0	1.0	0.92	0.98	0.98
1500	1.0	1.0	0.98	0.98	0.98	0.98	0.96	0.94	1.0	0.96	1.0	1.0	1.0	0.92	0.98	0.98
1550	1.0	1.0	0.98	0.96	0.98	0.98	0.96	0.94	1.0	0.96	1.0	0.98	1.0	0.92	1.0	0.98
1600	1.0	1.0	0.98	0.96	0.98	0.98	1.0	0.94	1.0	0.96	1.0	0.98	1.0	0.92	1.0	0.98
1650	1.0	1.0	0.98	0.96	0.96	0.98	1.0	0.92	1.0	0.96	1.0	0.98	0.98	0.92	1.0	0.98
1700	1.0	1.0	0.98	0.96	0.96	0.98	1.0	0.92	1.0	0.98	1.0	0.96	0.98	0.92	1.0	0.98
1750	1.0	1.0	0.98	0.94	0.96	0.98	1.0	0.92	1.0	0.98	0.98	0.96	0.94	0.92	1.0	1.0
1800	1.0	0.98	0.98	0.94	0.96	1.0	1.0	0.94	1.0	0.98	0.98	0.96	0.94	0.92	1.0	1.0
1850	1.0	0.94	1.0	0.94	0.96	1.0	1.0	0.94	1.0	0.98	0.98	0.96	0.94	0.92	1.0	1.0
1900	1.0	0.92	1.0	0.92	0.96	1.0	0.98	0.94	1.0	0.98	0.98	0.96	0.94	0.92	1.0	1.0
1950	1.0	0.92	1.0	0.92	0.96	1.0	0.98	0.96	1.0	1.0	0.98	0.96	0.94	0.94	1.0	1.0
2000	1.0	0.92	1.0	0.92	0.96	1.0	0.98	0.96	1.0	1.0	0.98	0.96	0.94	0.94	1.0	1.0
2050	1.0	0.92	1.0	0.92	0.96	0.98	0.98	0.98	1.0	1.0	0.98	0.96	0.94	0.96	1.0	1.0
2100	1.0	0.92	1.0	0.92	0.94	0.98	0.98	0.98	1.0	1.0	0.98	0.96	0.94	0.96	1.0	1.0
2150	1.0	0.92	1.0	0.94	0.94	0.98	0.98	0.98	1.0	1.0	0.98	0.94	0.94	0.96	1.0	1.0
2200	1.0	0.92	1.0	0.94	0.94	0.98	0.98	0.98	1.0	1.0	0.98	0.94	0.94	0.98	1.0	1.0
2250	1.0	0.92	1.0	0.94	0.94	0.98	0.98	0.98	1.0	1.0	0.96	0.96	0.94	0.98	1.0	1.0
2300	1.0	0.92	1.0	0.94	0.94	0.98	0.98	0.96	1.0	1.0	0.98	0.96	0.94	0.98	1.0	1.0
2350	1.0	0.92	1.0	0.94	0.96	0.98	0.96	0.96	1.0	1.0	0.98	0.96	0.94	0.96	1.0	1.0
2400	1.0	0.92	1.0	0.96	0.96	0.98	0.96	0.98	1.0	1.0	0.98	0.98	0.94	0.96	1.0	1.0
2450	1.0	0.92	1.0	0.96	0.94	0.96	0.96	0.98	1.0	1.0	0.98	0.98	0.96	0.96	1.0	1.0
2500	1.0	0.92	1.0	0.96	0.96	0.96	0.94	0.98	1.0	1.0	0.98	0.98	0.96	0.96	1.0	1.0
2550	1.0	0.92	1.0	0.98	0.96	0.96	0.94	0.98	1.0	1.0	0.98	0.98	0.96	0.94	1.0	1.0
2600	1.0	0.92	1.0	0.98	0.96	0.96	0.94	0.98	1.0	1.0	0.98	0.98	0.98	0.9	1.0	1.0
2650	1.0	0.94	1.0	0.98	0.96	0.96	0.94	0.98	1.0	1.0	0.98	0.98	0.98	0.9	1.0	1.0
2700	1.0	0.98	1.0	1.0	0.96	0.94	0.96	0.98	1.0	1.0	0.98	0.98	0.98	0.92	1.0	1.0
2750	1.0	1.0	1.0	1.0	0.96	0.94	0.96	0.96	1.0	1.0	0.98	0.98	0.98	0.92	1.0	1.0
2800	1.0	1.0	1.0	1.0	0.96	0.94	0.96	0.96	1.0	1.0	0.98	0.98	0.98	0.92	1.0	1.0
2850	0.98	1.0	1.0	1.0	0.96	0.96	0.96	0.94	1.0	1.0	0.98	0.98	0.98	0.92	1.0	1.0
2900	0.98	1.0	1.0	1.0	0.96	0.96	0.96	0.94	1.0	1.0	0.98	0.98	0.98	0.92	1.0	1.0
2950	0.98	1.0	1.0	1.0	0.94	0.94	0.96	0.94	1.0	1.0	0.98	0.98	0.98	0.9	1.0	1.0
3000	0.98	1.0	1.0	1.0	0.94	0.94	0.96	0.94	1.0	1.0	0.98	0.98	0.98	0.92	1.0	1.0
3050	0.98	1.0	1.0	1.0	0.94	0.94	0.98	0.96	1.0	1.0	1.0	0.98	0.98	0.92	1.0	1.0
3100	0.98	1.0	1.0	1.0	0.94	0.94	0.98	0.96	1.0	1.0	1.0	0.98	1.0	0.92	1.0	1.0
3150	0.98	1.0	1.0	1.0	0.96	0.94	0.98	0.96	0.98	1.0	1.0	0.98	1.0	0.98	1.0	1.0
3200	0.98	1.0	1.0	0.98	0.96	0.92	1.0	0.96	0.98	1.0	1.0	0.98	1.0	0.98	1.0	1.0
3250	0.98	1.0	1.0	0.98	0.96	0.94	1.0	0.96	0.98	1.0	0.96	0.98	1.0	0.98	1.0	1.0
3300	0.98	1.0	1.0	0.98	0.96	0.94	1.0	0.96	0.98	1.0	0.96	0.98	1.0	0.96	1.0	1.0
3350	0.98	1.0	1.0	0.98	0.96	0.94	0.98	0.96	0.98	1.0	0.94	0.98	1.0	0.96	1.0	1.0
3400	0.98	1.0	1.0	0.98	0.96	0.94	0.96	0.96	0.98	1.0	0.92	0.98	1.0	0.96	1.0	1.0
3450	1.0	1.0	1.0	0.98	0.98	0.94	0.96	0.96	0.98	1.0	0.9	0.96	1.0	0.96	1.0	1.0
3500	1.0	1.0	1.0	0.98	1.0	0.94	0.96	0.98	0.98	1.0	0.9	0.96	1.0	0.96	1.0	1.0
3550	1.0	1.0	1.0	0.98	0.98	0.94	0.96	1.0	0.98	1.0	0.9	0.96	1.0	0.96	1.0	1.0
3600	1.0	1.0	1.0	0.98	0.98	0.94	0.96	1.0	0.98	1.0	0.9	0.98	1.0	0.96	1.0	1.0
3650	1.0	1.0	1.0	0.98	0.98	0.94	0.96	1.0	0.98	1.0	0.88	0.98	1.0	0.96	1.0	1.0
3700	1.0	1.0	1.0	0.98	0.98	0.94	0.96	1.0	0.98	1.0	0.88	0.98	1.0	0.98	1.0	1.0
3750	1.0	1.0	1.0	0.98	0.98	0.94	0.96	1.0	0.98	1.0	0.88	0.98	1.0	0.98	1.0	1.0
3800	1.0	1.0	1.0	0.98	0.98	0.94	0.96	1.0	0.98	1.0	0.86	0.98	1.0	0.98	1.0	1.0
3850	1.0	1.0	1.0	0.98	0.98	0.96	0.96	1.0	0.98	1.0	0.86	0.98	1.0	0.96	1.0	1.0
3900	0.98	1.0	1.0	0.98	0.98	0.96	0.96	1.0	0.98	1.0	0.86	0.98	1.0	0.96	1.0	1.0
3950	0.98	1.0	1.0	0.98	0.98	0.96	0.96	1.0	0.98	1.0	0.9	0.98	1.0	0.96	0.98	1.0
4000	0.98	1.0	1.0	0.98	0.98	0.96	0.98	1.0	1.0	1.0	0.9	0.98	1.0	0.96	0.96	1.0
4050	0.98	1.0	1.0	1.0	0.98	0.98	1.0	1.0	1.0	1.0	0.92	0.98	1.0	0.96	0.96	1.0
4100	0.98	1.0	1.0	1.0	0.98	0.98	1.0	1.0	1.0	0.98	0.92	0.96	1.0	0.96	0.96	1.0
4150	0.96	1.0	1.0	1.0	0.98	0.98	1.0	1.0	1.0	0.98	0.9	0.96	1.0	0.96	0.96	1.0
4200	0.96	1.0	1.0	1.0	0.98	0.98	1.0	1.0	1.0	0.98	0.9	0.94	1.0	0.96	0.96	1.0
4250	0.96	1.0	1.0	1.0	0.98	0.98	1.0	1.0	1.0	0.96	0.9	0.96	0.98	0.98	0.96	1.0
4300	0.96	1.0	1.0	1.0	1.0	0.98	1.0	1.0	1.0	0.96	0.92	0.96	0.98	0.98	0.96	1.0
4350	0.96	1.0	1.0	1.0	1.0	0.98	1.0	1.0	1.0	0.96	0.92	0.96	0.98	0.98	0.96	1.0
4400	0.96	1.0	1.0	1.0	1.0	0.98	1.0	1.0	1.0	0.96	0.92	0.96	0.98	0.98	0.96	1.0
4450	0.94	1.0	1.0	1.0	1.0	0.98	1.0	1.0	1.0	0.96	0.92	0.96	0.98	0.98	0.96	1.0
4500	0.96	1.0	1.0	1.0	1.0	0.96	0.98	1.0	1.0	0.96	0.94	0.96	0.98	0.98	0.96	1.0
4550	0.96	1.0	1.0	1.0	1.0	0.96	0.98	1.0	1.0	0.96	0.96	0.96	0.98	0.98	0.96	1.0
4600	0.94	1.0	1.0	1.0	1.0	0.98	0.98	1.0	1.0	0.96	0.96	0.96	0.98	1.0	0.96	1.0
4650	0.94	1.0	1.0	1.0	1.0	0.96	0.98	1.0	1.0	0.96	0.94	0.96	0.96	1.0	0.98	1.0
4700	0.94	1.0	1.0	1.0	1.0	0.96	0.98	1.0	1.0	0.94	0.94	0.96	0.96	1.0	0.98	1.0
4750	0.94	1.0	1.0	1.0	1.0	0.96	0.98	1.0	1.0	0.92	0.94	0.96	0.96	1.0	0.98	1.0
4800	0.96	1.0	1.0	1.0	1.0	0.96	0.98	1.0	1.0	0.94	0.92	0.96	0.96	0.98	1.0	1.0
4850	0.96	1.0	1.0	1.0	1.0	0.96	0.98	1.0	1.0	0.94	0.92	0.96	0.96	0.98	1.0	1.0
4900	0.96	1.0	1.0	1.0	1.0	0.96	0.98	1.0	1.0	0.94	0.94	0.98	0.94	0.96	1.0	1.0
4950	0.96	1.0	1.0	1.0	1.0	0.96	0.94	1.0	1.0	0.94	0.94	0.98	0.94	0.96	1.0	1.0
5000	0.96	1.0	1.0	1.0	1.0	0.96	0.92	1.0	1.0	0.96	0.94	0.98	0.94	0.96	1.0	1.0
5050	0.96	1.0	1.0	1.0	1.0	0.96	0.92	1.0	1.0	0.96	0.94	0.96	0.94	0.96	1.0	1.0
5100	0.96	1.0	1.0	1.0	1.0	0.96	0.92	1.0	1.0	0.96	0.94	0.96	0.96	0.96	0.98	1.0
5150	0.98	1.0	1.0	1.0	1.0	0.96	0.92	1.0	1.0	0.96	0.94	0.94	0.96	0.96	0.98	1.0
5200	0.98	1.0	1.0	1.0	0.98	0.94	0.92	1.0	1.0	0.96	0.94	0.94	0.94	0.96	0.98	1.0
5250	1.0	1.0	1.0	1.0	0.96	0.94	0.92	0.98	1.0	0.96	0.94	0.94	0.92	0.96	0.98	1.0
5300	1.0	1.0	1.0	1.0	0.96	0.96	0.94	0.98	1.0	0.98	0.94	0.96	0.92	0.96	0.98	1.0
5350	1.0	1.0	1.0	1.0	0.96	0.96	0.94	0.98	1.0	1.0	0.92	0.96	0.92	0.96	0.98	1.0
5400	1.0	1.0	1.0	1.0	0.96	0.96	0.94	0.98	1.0	1.0	0.96	0.96	0.92	0.94	0.98	1.0
5450	1.0	1.0	1.0	1.0	0.96	0.96	0.94	0.98	1.0	1.0	0.96	0.96	0.94	0.94	0.98	1.0
5500	1.0	1.0	1.0	1.0	0.96	0.96	0.94	0.98	1.0	1.0	0.98	0.96	0.94	0.94	0.98	1.0
5550	1.0	1.0	1.0	1.0	0.96	0.98	0.94	0.98	1.0	1.0	0.98	0.96	0.94	0.96	0.98	1.0
5600	1.0	1.0	1.0	1.0	0.96	0.98	0.94	0.98	1.0	1.0	0.98	0.96	0.94	0.96	0.98	1.0
5650	1.0	1.0	0.98	1.0	0.96	0.98	0.94	0.98	1.0	1.0	0.98	0.96	0.94	0.98	0.98	1.0
5700	1.0	1.0	0.98	1.0	0.96	0.98	0.94	0.98	1.0	1.0	0.98	0.96	0.92	0.98	0.96	1.0
5750	1.0	1.0	0.98	1.0	0.94	0.98	0.96	0.98	1.0	1.0	0.96	0.98	0.92	0.98	0.96	1.0
5800	1.0	1.0	0.98	1.0	0.94	0.96	0.98	0.98	1.0	1.0	0.96	0.98	0.94	0.98	0.96	1.0
5850	1.0	1.0	0.98	1.0	0.94	0.94	0.98	0.98	1.0	1.0	0.96	0.98	0.94	0.98	0.96	1.0
5900	1.0	1.0	0.98	1.0	0.94	0.96	1.0	0.96	1.0	1.0	0.96	1.0	0.92	0.98	0.96	1.0
5950	1.0	1.0	0.98	1.0	0.94	0.96	1.0	0.98	1.0	0.98	0.94	1.0	0.92	0.98	0.96	1.0
6000	1.0	1.0	0.98	1.0	0.94	0.96	0.98	0.98	1.0	0.98	0.94	1.0	0.92	0.98	0.96	1.0
6050	1.0	1.0	0.98	1.0	0.94	0.96	0.98	0.98	1.0	0.98	0.96	1.0	0.94	1.0	0.96	1.0
6100	1.0	1.0	0.98	1.0	0.94	0.96	0.96	0.98	1.0	0.96	0.96	1.0	0.96	1.0	0.96	1.0
6150	1.0	1.0	0.98	1.0	0.94	0.96	0.96	0.98	1.0	0.96	0.96	1.0	0.96	1.0	0.96	1.0
6200	1.0	1.0	0.98	1.0	0.96	0.96	0.96	0.98	1.0	0.96	0.96	1.0	0.96	0.98	0.96	1.0
6250	1.0	1.0	0.98	1.0	0.98	0.96	0.96	0.96	1.0	0.96	0.96	1.0	0.96	0.98	0.96	1.0
6300	1.0	1.0	0.98	1.0	0.96	0.96	0.96	0.96	1.0	0.96	0.96	0.98	0.96	0.98	0.94	1.0
6350	1.0	1.0	0.98	1.0	0.96	0.96	0.96	0.96	1.0	0.96	0.94	0.98	0.96	0.98	0.94	1.0
6400	1.0	1.0	0.98	1.0	0.96	0.96	0.96	0.94	1.0	0.96	0.94	0.98	0.96	0.98	0.92	1.0
6450	1.0	1.0	0.96	1.0	0.94	0.98	0.96	0.94	1.0	0.96	0.94	0.98	0.96	0.98	0.94	1.0
6500	1.0	1.0	0.96	1.0	0.94	1.0	0.96	0.94	1.0	0.96	0.92	0.98	0.96	0.98	0.94	1.0
6550	1.0	1.0	0.96	1.0	0.94	1.0	0.96	0.94	1.0	0.96	0.92	0.98	0.98	0.98	0.96	1.0
6600	1.0	1.0	0.94	1.0	0.96	1.0	0.96	0.94	1.0	0.96	0.94	0.98	0.98	0.98	0.96	1.0
6650	1.0	1.0	0.94	1.0	0.96	1.0	0.96	0.94	1.0	0.96	0.94	0.98	0.98	0.96	0.96	1.0
6700	1.0	1.0	0.94	1.0	0.96	1.0	0.98	0.94	1.0	0.98	0.94	0.98	0.98	0.96	0.96	1.0
6750	1.0	1.0	0.94	1.0	0.96	0.98	1.0	0.96	1.0	0.98	0.94	0.98	1.0	0.96	0.96	1.0
6800	1.0	1.0	0.92	1.0	0.96	0.98	1.0	0.96	1.0	0.98	0.96	0.98	1.0	0.96	0.96	1.0
6850	1.0	1.0	0.92	1.0	0.96	0.98	1.0	0.96	1.0	1.0	0.96	0.98	1.0	0.92	0.96	1.0
6900	1.0	1.0	0.92	1.0	0.96	0.98	1.0	0.96	1.0	1.0	0.96	1.0	1.0	0.92	0.96	1.0
6950	1.0	1.0	0.92	1.0	0.96	0.98	1.0	0.96	1.0	1.0	0.96	1.0	1.0	0.92	0.96	1.0
7000	1.0	1.0	0.92	1.0	0.96	0.98	1.0	0.96	0.98	1.0	0.96	1.0	1.0	0.92	0.96	1.0
7050	1.0	1.0	0.92	1.0	0.96	0.98	1.0	0.98	0.98	1.0	0.96	1.0	1.0	0.94	0.96	1.0
7100	1.0	1.0	0.92	1.0	0.96	0.98	0.98	0.98	0.98	0.98	0.96	1.0	1.0	0.94	0.96	1.0
7150	1.0	1.0	0.92	1.0	0.96	0.96	0.98	1.0	0.98	0.98	0.96	1.0	1.0	0.94	0.98	1.0
7200	1.0	0.98	0.92	1.0	0.98	0.96	0.96	1.0	0.98	0.98	0.98	1.0	1.0	0.92	0.98	1.0
7250	1.0	0.98	0.96	0.98	0.98	0.96	0.96	1.0	0.98	0.98	0.98	1.0	0.98	0.92	0.98	1.0
7300	1.0	0.96	0.98	0.98	0.98	0.96	0.96	1.0	0.98	0.98	1.0	0.98	0.98	0.94	0.98	1.0
7350	1.0	0.96	0.98	0.98	0.98	0.96	0.96	1.0	0.98	0.98	1.0	0.98	0.98	0.94	0.98	1.0
7400	1.0	0.96	0.98	0.98	0.98	0.98	0.96	1.0	0.98	0.98	1.0	0.96	0.98	0.94	0.98	1.0
7450	1.0	0.96	0.98	0.98	0.98	0.98	0.94	1.0	0.98	0.98	1.0	0.96	0.98	0.94	0.98	1.0
7500	1.0	0.96	0.98	0.98	0.98	0.98	0.94	1.0	0.96	0.98	1.0	0.94	0.98	0.96	0.98	1.0
7550	1.0	0.96	0.98	0.98	0.98	0.98	0.94	1.0	0.96	0.98	1.0	0.94	0.98	0.98	0.98	1.0
7600	1.0	0.96	0.98	0.98	0.98	0.98	0.94	1.0	0.96	0.98	1.0	0.94	0.98	0.98	0.98	1.0
7650	1.0	0.96	0.98	0.98	0.98	0.98	0.94	1.0	0.94	0.98	1.0	0.94	0.98	0.98	0.98	1.0
7700	1.0	0.96	0.98	0.98	0.98	0.98	0.94	1.0	0.94	0.98	1.0	0.94	0.98	0.98	0.98	0.98
7750	1.0	0.96	0.98	0.98	0.98	0.98	0.94	1.0	0.94	0.98	1.0	0.94	0.98	0.98	0.98	0.98
7800	1.0	0.96	1.0	0.98	0.98	0.98	0.96	1.0	0.94	0.98	1.0	0.94	0.98	0.98	1.0	0.98
7850	1.0	0.96	1.0	1.0	0.98	1.0	0.98	0.98	0.94	1.0	1.0	0.94	0.98	0.98	1.0	0.98
7900	1.0	0.96	1.0	1.0	0.98	1.0	0.98	0.98	0.94	1.0	1.0	0.92	0.98	0.98	0.98	0.98
7950	1.0	0.96	1.0	1.0	1.0	1.0	0.98	0.98	0.94	1.0	1.0	0.92	0.98	0.98	0.98	0.98
8000	1.0	1.0	0.98	1.0	1.0	1.0	0.98	0.98	0.94	1.0	1.0	0.92	0.98	1.0	0.98	0.98
8050	1.0	1.0	0.96	1.0	1.0	1.0	0.98	0.98	0.94	0.98	1.0	0.94	1.0	0.98	0.98	0.98
8100	1.0	1.0	0.96	1.0	1.0	1.0	0.98	0.98	0.96	0.98	1.0	0.94	1.0	0.98	0.98	0.98
8150	1.0	1.0	0.94	1.0	1.0	1.0	0.98	0.98	0.96	0.98	1.0	0.96	1.0	0.98	0.98	0.98
8200	1.0	1.0	0.94	1.0	1.0	0.98	0.98	0.98	0.96	0.98	1.0	0.98	1.0	0.98	0.98	0.98
8250	1.0	1.0	0.94	1.0	1.0	0.98	1.0	0.98	0.96	0.98	1.0	0.98	1.0	0.96	0.98	0.98
8300	1.0	1.0	0.94	1.0	1.0	0.98	1.0	0.98	0.96	0.98	1.0	0.98	0.98	0.96	0.98	0.98
8350	1.0	1.0	0.94	1.0	1.0	0.98	1.0	0.98	0.98	0.98	1.0	0.98	0.98	0.96	0.98	0.98
8400	1.0	1.0	0.94	1.0	1.0	0.98	1.0	0.98	1.0	0.98	1.0	0.98	0.98	0.96	0.98	0.98
8450	1.0	1.0	0.94	1.0	1.0	0.98	1.0	0.98	1.0	0.98	1.0	0.98	0.98	0.94	0.98	0.98
8500	1.0	1.0	0.94	1.0	0.98	0.98	1.0	0.96	1.0	0.98	1.0	1.0	0.98	0.94	0.98	1.0
8550	1.0	1.0	0.94	1.0	0.94	0.98	1.0	0.94	1.0	0.98	1.0	1.0	0.98	0.94	0.98	1.0
8600	1.0	1.0	0.94	1.0	0.94	0.98	1.0	0.94	1.0	0.98	1.0	1.0	0.98	0.94	0.96	1.0
8650	1.0	1.0	0.92	1.0	0.94	0.98	1.0	0.94	1.0	0.98	1.0	1.0	0.96	0.94	0.96	1.0
8700	1.0	1.0	0.92	1.0	0.94	1.0	1.0	0.96	1.0	0.98	1.0	1.0	0.96	0.94	0.96	1.0
8750	1.0	1.0	0.92	1.0	0.94	1.0	1.0	0.96	1.0	0.98	1.0	1.0	0.96	0.94	0.96	1.0
8800	1.0	1.0	0.92	1.0	0.94	1.0	1.0	0.96	0.98	0.98	1.0	1.0	0.96	0.94	0.96	1.0
8850	1.0	1.0	0.92	1.0	0.94	1.0	1.0	0.96	0.98	0.98	1.0	1.0	0.96	0.94	0.98	1.0
8900	1.0	1.0	0.94	1.0	0.94	1.0	1.0	0.96	0.98	1.0	1.0	1.0	0.96	0.94	0.98	1.0
8950	1.0	1.0	0.96	1.0	0.94	1.0	1.0	0.94	0.98	1.0	1.0	1.0	0.96	0.96	0.96	1.0
9000	1.0	1.0	0.96	1.0	0.94	1.0	1.0	0.94	0.98	1.0	1.0	1.0	0.96	0.96	0.96	1.0
9050	1.0	1.0	0.96	1.0	0.92	1.0	1.0	0.94	0.98	1.0	1.0	1.0	0.96	0.96	0.96	1.0
9100	1.0	1.0	0.98	1.0	0.92	1.0	1.0	0.94	0.98	1.0	1.0	1.0	0.98	0.98	0.96	1.0
9150	1.0	0.98	0.98	1.0	0.96	1.0	1.0	0.94	0.98	1.0	1.0	1.0	0.98	0.98	0.96	1.0
9200	1.0	0.98	0.98	1.0	0.98	1.0	1.0	0.94	0.98	1.0	1.0	1.0	0.96	0.98	0.96	1.0
9250	1.0	0.94	0.98	1.0	0.98	1.0	1.0	0.94	0.98	1.0	1.0	1.0	0.94	0.98	0.96	1.0
9300	1.0	0.94	0.98	1.0	0.96	1.0	1.0	0.96	0.98	0.98	1.0	1.0	0.96	0.96	0.96	1.0
9350	1.0	0.94	0.98	1.0	0.96	1.0	1.0	0.98	0.98	0.98	1.0	1.0	0.94	0.96	0.96	1.0
9400	1.0	0.94	0.96	1.0	0.96	1.0	0.98	0.98	0.98	0.98	1.0	0.96	0.94	0.96	0.96	1.0
9450	1.0	0.94	0.96	1.0	0.96	1.0	0.98	0.98	0.98	0.98	1.0	0.96	0.94	0.98	0.96	1.0
9500	1.0	0.94	0.94	1.0	0.96	1.0	0.98	0.98	0.98	0.98	1.0	0.96	0.94	0.98	0.96	1.0
9550	1.0	0.94	0.96	1.0	0.96	1.0	0.98	0.98	0.98	0.98	1.0	0.96	0.92	0.98	0.96	1.0
9600	1.0	0.94	0.96	1.0	0.96	1.0	0.98	0.98	0.96	0.98	1.0	0.96	0.92	0.98	0.98	1.0
9650	1.0	0.94	0.94	1.0	0.96	1.0	0.98	1.0	0.94	0.98	1.0	0.96	0.92	0.98	0.98	1.0
9700	1.0	0.94	0.94	1.0	0.96	1.0	0.98	1.0	0.94	0.98	1.0	0.96	0.92	0.98	0.98	1.0
9750	1.0	0.94	0.94	1.0	0.96	1.0	0.98	0.98	0.94	0.98	1.0	0.96	0.94	0.98	0.98	1.0
9800	1.0	0.94	0.94	1.0	0.96	1.0	0.98	0.98	0.94	0.96	1.0	0.96	0.94	0.98	0.98	1.0
9850	1.0	0.96	0.94	1.0	0.96	0.98	0.98	0.98	0.92	0.96	1.0	0.96	0.94	0.98	0.98	1.0
9900	1.0	0.98	0.94	1.0	0.96	0.96	0.98	0.98	0.92	0.96	1.0	0.96	0.94	0.98	0.98	1.0
9950	1.0	1.0	0.94	1.0	0.94	0.96	0.98	0.98	0.92	0.96	1.0	0.98	0.94	0.98	0.98	1.0
10000	1.0	1.0	0.94	1.0	0.94	0.94	0.98	0.98	0.92	0.96	1.0	1.0	0.94	0.98	1.0	1.0
10050	1.0	1.0	0.96	1.0	0.94	0.94	0.98	0.98	0.92	0.96	1.0	1.0	0.96	0.98	1.0	1.0
10100	1.0	1.0	0.96	1.0	0.96	0.94	0.98	0.98	0.94	0.96	1.0	1.0	0.96	0.96	1.0	1.0
10150	1.0	0.98	0.96	1.0	0.96	0.94	0.98	0.98	0.92	0.96	1.0	1.0	0.96	0.98	1.0	1.0
10200	1.0	0.98	0.98	1.0	0.96	0.92	0.98	0.98	0.92	0.96	1.0	1.0	0.96	0.96	0.98	1.0
10250	1.0	0.98	0.98	1.0	0.96	0.92	1.0	0.98	0.92	0.94	1.0	1.0	0.96	0.96	0.98	1.0
10300	1.0	0.98	0.98	1.0	0.98	0.92	1.0	0.98	0.94	0.92	1.0	1.0	0.94	0.96	0.98	1.0
10350	1.0	0.98	0.98	1.0	0.98	0.92	1.0	0.98	0.94	0.94	1.0	1.0	0.94	0.96	0.98	1.0
10400	1.0	0.98	1.0	1.0	0.98	0.9	1.0	0.98	0.94	0.94	1.0	1.0	0.94	0.96	0.98	1.0
10450	1.0	0.98	1.0	1.0	0.98	0.9	1.0	0.98	0.94	0.94	1.0	1.0	0.94	0.94	0.96	0.98
10500	1.0	0.98	1.0	1.0	0.98	0.9	1.0	0.98	0.96	0.94	1.0	1.0	0.96	0.94	0.96	0.98
10550	1.0	0.98	1.0	1.0	0.98	0.9	1.0	1.0	0.96	0.94	1.0	1.0	0.96	0.94	0.96	0.98
10600	1.0	0.98	1.0	1.0	0.98	0.9	1.0	1.0	0.98	0.92	1.0	1.0	0.96	0.92	0.96	0.98
10650	1.0	0.98	1.0	1.0	0.98	0.94	1.0	1.0	0.98	0.92	1.0	1.0	0.96	0.92	0.96	0.98
10700	1.0	0.96	1.0	1.0	1.0	0.94	1.0	1.0	0.98	0.92	1.0	1.0	0.96	0.92	0.96	0.98
10750	1.0	0.96	1.0	1.0	1.0	0.96	1.0	1.0	0.98	0.92	1.0	0.98	0.96	0.92	0.96	0.98
10800	1.0	0.96	1.0	1.0	1.0	0.96	1.0	1.0	0.98	0.94	1.0	0.98	0.96	0.92	0.96	0.98
10850	1.0	0.96	1.0	1.0	1.0	0.96	1.0	1.0	0.96	0.94	1.0	0.98	0.98	0.92	0.96	0.98
10900	1.0	0.96	1.0	1.0	1.0	0.96	0.98	1.0	0.96	0.92	1.0	0.96	0.98	0.92	0.96	0.98
10950	1.0	0.96	1.0	1.0	1.0	0.96	0.98	1.0	0.96	0.92	1.0	0.96	0.98	0.92	0.96	0.98
11000	1.0	0.96	1.0	1.0	1.0	0.96	0.98	1.0	0.96	0.92	1.0	0.96	0.98	0.94	0.96	0.98
11050	1.0	0.98	1.0	1.0	1.0	0.98	0.98	0.98	0.96	0.92	1.0	0.96	0.98	0.94	0.96	0.98
11100	1.0	0.98	1.0	0.98	1.0	0.98	0.98	0.98	0.98	0.9	1.0	0.96	1.0	0.94	0.96	0.98
11150	1.0	0.98	1.0	0.98	1.0	0.98	0.98	0.94	0.98	0.94	1.0	0.96	1.0	0.94	0.98	0.98
11200	1.0	0.98	1.0	0.98	1.0	0.98	0.98	0.94	0.98	0.94	1.0	0.96	1.0	0.94	0.98	1.0
11250	1.0	0.98	1.0	0.98	1.0	0.98	0.98	0.94	0.98	0.94	1.0	0.96	1.0	0.94	0.98	1.0
11300	1.0	0.98	1.0	0.98	1.0	0.98	0.98	0.94	0.98	0.94	1.0	0.92	1.0	0.94	0.98	1.0
11350	1.0	0.98	1.0	0.98	1.0	1.0	0.98	0.92	0.98	0.94	1.0	0.92	1.0	0.96	0.98	1.0
11400	1.0	0.98	1.0	0.98	1.0	1.0	0.98	0.92	0.98	0.96	0.98	0.92	1.0	0.94	0.98	1.0
11450	1.0	0.96	1.0	0.98	1.0	1.0	0.98	0.92	0.98	0.96	0.98	0.92	1.0	0.94	0.98	1.0
11500	1.0	0.98	1.0	0.98	1.0	1.0	0.98	0.92	0.98	0.96	0.98	0.92	1.0	0.94	0.98	1.0
11550	1.0	0.98	1.0	0.98	1.0	1.0	0.98	0.92	0.98	0.96	0.98	0.92	1.0	0.94	0.94	1.0
11600	1.0	0.98	1.0	0.98	1.0	1.0	0.98	0.92	0.96	0.96	0.98	0.92	1.0	0.94	0.96	1.0
11650	1.0	0.98	1.0	0.98	1.0	1.0	1.0	0.92	0.94	0.98	0.98	0.94	1.0	0.94	0.96	1.0
11700	1.0	0.98	1.0	0.98	1.0	1.0	1.0	0.94	0.94	0.98	0.98	0.94	1.0	0.94	0.94	1.0
11750	1.0	0.98	1.0	0.98	1.0	1.0	1.0	0.94	0.96	0.98	0.98	0.96	1.0	0.94	0.94	1.0
11800	1.0	0.98	1.0	0.98	1.0	1.0	1.0	0.94	0.94	0.98	0.98	0.96	1.0	0.94	0.94	1.0
11850	1.0	0.98	1.0	0.98	1.0	1.0	1.0	0.96	0.94	0.98	0.98	0.96	1.0	0.94	0.94	1.0
11900	1.0	0.96	1.0	1.0	1.0	1.0	1.0	0.98	0.94	1.0	0.98	0.96	1.0	0.94	0.94	1.0
11950	1.0	0.92	1.0	1.0	1.0	1.0	1.0	0.98	0.94	1.0	0.98	0.96	1.0	0.96	0.94	1.0
12000	1.0	0.9	1.0	1.0	1.0	1.0	1.0	0.98	0.94	1.0	0.98	0.96	1.0	0.96	0.94	1.0
12050	1.0	0.9	1.0	1.0	1.0	1.0	1.0	0.98	0.94	1.0	0.98	0.96	1.0	0.96	0.94	1.0
12100	1.0	0.9	1.0	1.0	1.0	1.0	1.0	0.98	0.94	1.0	0.98	0.98	1.0	0.96	0.94	1.0
12150	1.0	0.9	1.0	1.0	1.0	1.0	1.0	0.98	0.92	1.0	0.98	1.0	1.0	0.96	0.98	1.0
12200	1.0	0.9	1.0	1.0	1.0	1.0	1.0	0.98	0.94	1.0	0.98	1.0	1.0	0.96	0.98	1.0
12250	1.0	0.92	1.0	1.0	0.98	1.0	1.0	1.0	0.96	1.0	0.98	1.0	1.0	0.96	0.98	1.0
12300	1.0	0.92	1.0	1.0	0.98	1.0	0.98	1.0	0.96	1.0	1.0	1.0	1.0	0.96	0.98	1.0
12350	1.0	0.92	1.0	1.0	0.98	1.0	0.98	1.0	0.98	1.0	1.0	1.0	1.0	0.96	0.98	1.0
12400	1.0	0.92	1.0	1.0	0.98	1.0	0.98	1.0	0.98	1.0	1.0	1.0	1.0	0.96	0.98	0.98
12450	1.0	0.92	1.0	1.0	0.96	1.0	0.98	1.0	0.98	1.0	1.0	1.0	0.98	0.98	0.98	0.98
12500	1.0	0.92	1.0	1.0	0.96	1.0	0.98	1.0	0.98	1.0	1.0	1.0	0.98	0.98	0.98	0.98
12550	1.0	0.92	1.0	1.0	0.96	1.0	0.98	1.0	0.98	1.0	1.0	1.0	0.98	0.98	1.0	0.98
12600	1.0	0.92	1.0	1.0	0.96	1.0	0.98	1.0	0.96	1.0	1.0	1.0	0.98	0.98	1.0	0.98
12650	1.0	0.92	1.0	1.0	0.96	1.0	0.98	1.0	0.96	1.0	1.0	1.0	0.98	0.98	1.0	0.98
12700	1.0	0.92	1.0	1.0	0.96	1.0	0.98	1.0	0.96	1.0	1.0	1.0	0.98	0.98	1.0	0.98
12750	1.0	0.9	1.0	1.0	0.96	1.0	0.98	1.0	0.96	1.0	1.0	1.0	0.98	0.96	0.98	0.98
12800	1.0	0.92	1.0	1.0	0.96	1.0	0.98	1.0	0.98	1.0	1.0	1.0	0.98	0.96	0.98	0.98
12850	1.0	0.96	0.98	1.0	0.96	1.0	0.98	1.0	0.98	1.0	1.0	1.0	0.98	0.96	0.98	0.98
12900	1.0	0.96	0.98	1.0	0.96	1.0	0.98	1.0	0.98	1.0	1.0	1.0	0.98	0.96	0.98	0.98
12950	1.0	0.98	0.98	1.0	0.96	1.0	0.98	1.0	0.98	1.0	1.0	1.0	0.98	0.96	0.98	0.98
13000	1.0	0.98	0.96	1.0	0.96	1.0	0.98	1.0	0.98	1.0	1.0	0.98	0.98	0.98	0.98	0.98
13050	1.0	0.98	0.96	1.0	0.96	1.0	0.96	1.0	0.98	1.0	1.0	0.98	0.98	0.98	0.98	0.98
13100	1.0	0.98	0.96	1.0	0.96	0.98	0.98	1.0	0.98	1.0	1.0	0.98	0.98	0.98	0.98	0.98
13150	1.0	0.98	0.96	1.0	0.96	0.98	0.98	1.0	0.98	1.0	1.0	0.98	0.98	0.96	0.98	0.98
13200	1.0	0.96	0.96	1.0	0.96	0.98	0.98	1.0	0.98	1.0	1.0	0.98	0.98	0.96	0.98	0.98
13250	1.0	0.96	0.96	1.0	0.96	0.98	0.96	1.0	0.98	1.0	1.0	0.98	0.98	0.96	0.98	0.98
13300	1.0	0.96	0.94	1.0	0.98	0.98	0.96	1.0	0.98	1.0	1.0	0.98	0.98	0.96	0.98	1.0
13350	1.0	0.96	0.94	1.0	0.98	0.98	0.96	1.0	0.98	1.0	1.0	0.98	0.98	0.96	0.98	1.0
13400	1.0	0.96	0.94	1.0	1.0	0.98	0.96	1.0	0.98	1.0	1.0	0.98	1.0	0.98	0.98	1.0
13450	1.0	0.98	0.94	1.0	1.0	0.98	0.96	1.0	1.0	1.0	1.0	0.98	1.0	0.98	0.98	1.0
13500	1.0	0.98	0.92	1.0	0.98	0.98	0.96	1.0	1.0	1.0	1.0	0.98	1.0	0.98	1.0	1.0
13550	1.0	0.98	0.94	1.0	0.98	0.98	0.96	1.0	1.0	1.0	1.0	0.98	1.0	0.98	1.0	1.0
13600	1.0	0.98	0.94	1.0	0.98	0.96	0.96	1.0	1.0	1.0	1.0	0.98	1.0	0.98	1.0	1.0
13650	1.0	0.98	0.96	1.0	0.98	0.96	0.96	1.0	1.0	1.0	1.0	0.98	1.0	0.98	1.0	1.0
13700	1.0	0.98	0.96	1.0	0.98	0.98	0.98	1.0	1.0	1.0	1.0	0.96	0.98	0.98	1.0	1.0
13750	1.0	0.98	0.96	1.0	0.98	0.98	0.98	0.98	1.0	1.0	1.0	0.98	0.96	0.98	1.0	1.0
13800	1.0	0.98	0.96	1.0	0.98	0.98	0.98	0.98	1.0	1.0	1.0	0.98	0.96	0.98	1.0	1.0
13850	1.0	0.98	0.96	1.0	0.98	0.98	0.98	0.98	1.0	1.0	1.0	0.98	0.94	0.98	1.0	1.0
13900	1.0	0.98	0.96	1.0	0.98	0.98	1.0	0.96	1.0	0.98	1.0	0.98	0.94	1.0	1.0	1.0
13950	1.0	0.98	0.96	1.0	0.98	0.96	0.98	0.96	1.0	0.98	1.0	0.98	0.94	1.0	1.0	1.0
14000	1.0	0.98	0.96	1.0	0.98	0.96	0.98	0.94	1.0	0.96	1.0	0.98	0.94	1.0	1.0	1.0
14050	1.0	1.0	0.96	1.0	0.98	0.96	0.96	0.92	1.0	0.96	1.0	0.98	0.94	1.0	0.98	1.0
14100	1.0	1.0	0.96	1.0	0.98	0.96	0.96	0.92	1.0	0.96	1.0	0.98	0.94	1.0	0.98	1.0
14150	1.0	0.98	0.98	1.0	0.98	0.96	0.96	0.92	0.98	0.96	1.0	0.98	0.94	1.0	0.98	1.0
14200	1.0	0.98	0.98	1.0	0.98	0.96	0.96	0.92	0.98	0.96	1.0	0.98	0.94	1.0	0.98	1.0
14250	1.0	0.98	0.98	1.0	0.96	0.96	0.96	0.9	0.98	0.96	1.0	0.98	0.94	1.0	0.98	1.0
14300	1.0	0.98	0.98	1.0	0.96	0.96	0.96	0.9	0.98	0.96	1.0	0.98	0.94	1.0	0.98	1.0
14350	1.0	0.98	0.98	1.0	0.96	0.96	0.96	0.9	0.98	0.96	1.0	0.98	0.94	1.0	0.98	1.0
14400	1.0	0.98	1.0	1.0	0.96	0.98	0.96	0.9	0.98	0.96	1.0	0.96	0.94	1.0	0.98	1.0
14450	1.0	0.98	1.0	1.0	0.98	0.98	0.96	0.9	0.98	0.96	1.0	0.96	0.96	1.0	0.98	1.0
14500	1.0	0.98	1.0	1.0	0.98	0.98	0.96	0.9	0.98	0.96	1.0	0.98	0.98	1.0	0.98	1.0
14550	1.0	0.98	1.0	1.0	0.98	0.98	0.96	0.9	0.98	0.96	1.0	0.98	0.98	1.0	0.98	1.0
14600	1.0	0.98	1.0	1.0	0.98	0.98	0.96	0.9	0.98	0.96	1.0	0.98	0.98	1.0	0.98	1.0
14650	1.0	0.98	1.0	1.0	0.98	0.98	0.96	0.92	0.98	0.96	1.0	0.98	1.0	1.0	0.98	1.0
14700	1.0	0.98	1.0	1.0	0.98	0.98	0.96	0.92	0.98	0.96	1.0	0.98	1.0	1.0	0.98	1.0
14750	1.0	0.98	0.98	1.0	0.98	0.98	0.96	0.9	0.98	0.96	1.0	0.98	1.0	1.0	0.98	1.0
14800	1.0	0.98	0.98	1.0	0.98	1.0	0.96	0.94	0.98	0.98	1.0	0.96	1.0	1.0	0.98	1.0
14850	1.0	0.98	0.98	1.0	0.96	1.0	0.96	0.94	0.98	1.0	1.0	0.96	1.0	1.0	0.98	1.0
14900	1.0	0.98	0.98	1.0	0.96	1.0	0.98	0.96	0.98	1.0	1.0	0.96	1.0	1.0	1.0	1.0
14950	1.0	0.98	0.96	1.0	0.98	1.0	0.98	0.96	0.98	1.0	1.0	0.94	1.0	1.0	1.0	1.0
15000	1.0	0.98	0.96	1.0	0.98	1.0	1.0	0.96	0.98	1.0	1.0	0.94	1.0	1.0	1.0	1.0
15050	1.0	0.98	0.96	1.0	0.98	1.0	1.0	0.96	0.98	1.0	1.0	0.94	1.0	1.0	1.0	1.0
15100	1.0	0.98	0.94	1.0	0.98	1.0	1.0	0.96	0.98	1.0	1.0	0.94	0.98	1.0	1.0	1.0
15150	1.0	1.0	0.92	1.0	0.98	1.0	1.0	0.94	1.0	1.0	1.0	0.94	0.98	1.0	1.0	1.0
15200	1.0	1.0	0.92	1.0	0.98	1.0	1.0	0.94	1.0	1.0	1.0	0.94	0.98	1.0	1.0	1.0
15250	1.0	1.0	0.92	1.0	0.98	1.0	1.0	0.94	1.0	1.0	1.0	0.96	0.98	1.0	1.0	1.0
15300	1.0	1.0	0.92	1.0	0.98	1.0	1.0	0.94	1.0	1.0	1.0	0.96	0.98	1.0	1.0	1.0
15350	1.0	1.0	0.92	1.0	0.98	1.0	1.0	0.94	1.0	1.0	1.0	0.96	0.98	1.0	1.0	1.0
15400	1.0	1.0	0.92	1.0	0.98	1.0	1.0	0.94	1.0	1.0	1.0	0.96	0.98	1.0	1.0	1.0
15450	1.0	1.0	0.92	1.0	0.98	1.0	1.0	0.94	1.0	1.0	0.98	0.96	0.98	1.0	1.0	1.0
15500	1.0	0.98	0.92	1.0	0.98	1.0	0.98	0.94	1.0	1.0	0.98	0.96	0.98	1.0	1.0	1.0
15550	1.0	0.98	0.94	1.0	0.96	1.0	0.98	0.98	1.0	1.0	0.98	0.98	0.98	1.0	1.0	1.0
15600	1.0	0.98	0.94	1.0	0.96	1.0	0.96	0.98	1.0	1.0	0.98	0.96	0.98	1.0	1.0	1.0
15650	1.0	0.98	0.94	1.0	0.96	1.0	0.96	0.96	1.0	1.0	0.98	0.98	0.98	1.0	1.0	1.0
15700	1.0	0.98	0.96	1.0	0.96	1.0	0.96	0.96	1.0	1.0	0.98	0.98	0.98	1.0	1.0	1.0
15750	1.0	0.98	0.96	1.0	0.98	1.0	0.96	0.96	1.0	1.0	0.98	0.98	0.98	1.0	1.0	1.0
15800	1.0	0.98	0.96	1.0	0.98	1.0	0.96	0.96	1.0	1.0	0.98	0.98	0.98	1.0	1.0	1.0
15850	1.0	0.98	0.96	1.0	0.98	1.0	0.96	0.96	1.0	1.0	0.98	0.98	1.0	1.0	1.0	1.0
15900	1.0	0.98	0.96	1.0	0.98	1.0	0.96	0.96	1.0	1.0	0.98	0.98	1.0	1.0	1.0	1.0
15950	1.0	0.98	0.98	1.0	0.98	1.0	0.94	0.96	1.0	1.0	0.98	0.98	1.0	1.0	1.0	1.0
16000	1.0	0.98	1.0	1.0	0.98	1.0	0.94	0.98	1.0	1.0	0.98	0.98	1.0	1.0	1.0	1.0
16050	1.0	0.98	1.0	1.0	0.98	1.0	0.94	0.98	0.98	1.0	0.98	0.98	1.0	1.0	1.0	1.0
16100	1.0	0.98	1.0	1.0	0.98	1.0	0.94	0.98	0.98	1.0	0.98	0.98	1.0	1.0	1.0	1.0
16150	1.0	0.98	1.0	1.0	0.98	1.0	0.94	0.98	0.98	1.0	0.98	0.98	1.0	1.0	1.0	1.0
16200	1.0	0.98	1.0	1.0	0.98	1.0	0.94	0.98	0.98	1.0	0.98	0.96	1.0	1.0	1.0	1.0
16250	1.0	0.98	1.0	1.0	0.98	1.0	0.94	0.98	0.98	1.0	1.0	0.94	1.0	1.0	1.0	1.0
16300	1.0	0.98	1.0	1.0	0.98	1.0	0.96	0.98	0.98	1.0	1.0	0.96	1.0	1.0	1.0	1.0
16350	1.0	1.0	1.0	1.0	1.0	1.0	0.96	0.98	0.98	1.0	1.0	0.94	1.0	1.0	1.0	1.0
16400	1.0	1.0	1.0	1.0	1.0	1.0	0.96	0.98	0.98	1.0	1.0	0.94	1.0	1.0	1.0	1.0
16450	1.0	1.0	1.0	1.0	1.0	1.0	0.98	0.98	0.98	1.0	1.0	0.94	1.0	1.0	1.0	1.0
16500	0.98	1.0	1.0	1.0	1.0	1.0	0.98	0.96	0.98	1.0	1.0	0.94	1.0	1.0	1.0	1.0
16550	0.98	1.0	1.0	1.0	1.0	1.0	0.98	0.96	0.98	1.0	1.0	0.92	1.0	1.0	1.0	1.0
16600	0.98	1.0	1.0	1.0	1.0	1.0	0.98	0.96	0.98	0.98	1.0	0.92	1.0	1.0	1.0	1.0
16650	0.98	1.0	1.0	1.0	0.98	1.0	0.98	0.94	0.98	0.98	1.0	0.92	1.0	1.0	0.98	1.0
16700	0.98	1.0	1.0	1.0	0.98	1.0	0.98	0.94	0.96	0.98	1.0	0.92	1.0	1.0	0.98	1.0
16750	0.98	1.0	1.0	1.0	0.96	1.0	0.98	0.94	0.98	0.96	1.0	0.92	1.0	1.0	0.98	1.0
16800	0.98	1.0	1.0	1.0	0.96	1.0	0.98	0.94	0.98	0.96	1.0	0.92	1.0	0.98	0.98	1.0
16850	0.98	1.0	1.0	1.0	0.96	1.0	0.98	0.94	0.98	0.96	1.0	0.92	1.0	0.98	0.98	1.0
16900	0.98	1.0	1.0	1.0	0.96	1.0	1.0	0.94	0.98	0.96	1.0	0.92	1.0	0.98	0.98	1.0
16950	0.98	1.0	1.0	1.0	0.96	1.0	1.0	0.94	0.98	0.96	1.0	0.92	1.0	0.98	0.98	1.0
17000	0.98	1.0	1.0	1.0	0.96	1.0	1.0	0.94	0.98	0.96	1.0	0.92	1.0	0.98	0.98	1.0
17050	0.98	1.0	1.0	1.0	0.96	1.0	1.0	0.94	0.98	0.96	1.0	0.92	1.0	0.98	0.98	1.0
17100	0.98	1.0	1.0	1.0	0.96	1.0	0.98	0.94	0.98	0.96	1.0	0.9	1.0	0.96	0.96	1.0
17150	0.98	1.0	1.0	1.0	0.96	1.0	0.96	0.94	0.98	0.96	1.0	0.92	1.0	0.96	0.96	1.0
17200	0.96	1.0	1.0	1.0	0.96	1.0	0.96	0.94	0.98	0.96	1.0	0.94	1.0	0.96	0.96	1.0
17250	0.98	1.0	1.0	1.0	0.96	1.0	0.96	0.94	0.96	0.96	1.0	0.94	1.0	0.96	0.96	1.0
17300	0.98	1.0	0.98	1.0	0.96	1.0	0.92	0.94	0.96	0.96	1.0	0.94	1.0	0.96	0.96	1.0
17350	0.98	1.0	0.98	0.98	0.94	1.0	0.9	0.94	0.96	0.96	1.0	0.94	1.0	0.96	0.96	1.0
17400	0.98	1.0	0.98	0.98	0.96	1.0	0.9	0.94	0.98	0.98	1.0	0.96	1.0	0.96	0.96	1.0
17450	0.98	1.0	0.98	0.98	0.96	1.0	0.9	0.98	0.98	0.98	1.0	0.96	1.0	0.96	0.98	1.0
17500	0.98	1.0	0.96	0.98	0.98	1.0	0.88	0.98	0.98	0.98	1.0	0.96	1.0	0.96	0.98	1.0
17550	0.98	1.0	0.94	0.98	0.98	1.0	0.88	1.0	0.98	0.98	1.0	0.96	1.0	0.96	0.98	1.0
17600	0.98	1.0	0.94	0.98	0.98	1.0	0.86	0.98	0.98	0.98	1.0	0.96	1.0	0.98	0.98	1.0
17650	0.98	1.0	0.94	0.98	0.98	1.0	0.86	0.96	0.98	0.98	1.0	0.96	1.0	0.96	0.98	1.0
17700	0.98	1.0	0.94	0.98	0.98	1.0	0.86	0.96	0.98	0.98	1.0	0.96	1.0	0.96	0.98	1.0
17750	0.98	1.0	0.94	0.98	0.98	1.0	0.86	0.96	0.98	0.98	1.0	0.96	1.0	0.96	0.98	1.0
17800	0.98	1.0	0.94	0.98	0.98	1.0	0.86	0.96	0.98	0.98	1.0	0.96	1.0	0.96	0.98	1.0
17850	0.98	1.0	0.94	0.98	0.98	1.0	0.86	0.96	0.98	0.98	1.0	0.96	1.0	0.98	0.98	1.0
17900	0.98	1.0	0.94	0.98	0.96	1.0	0.86	0.96	0.98	0.98	1.0	0.96	1.0	0.98	1.0	1.0
17950	1.0	1.0	0.94	0.98	0.94	1.0	0.88	0.96	1.0	0.96	1.0	1.0	1.0	0.98	1.0	1.0
18000	1.0	1.0	0.94	0.98	0.92	1.0	0.88	0.96	0.98	0.96	1.0	1.0	1.0	0.98	1.0	1.0
18050	1.0	1.0	0.94	0.98	0.92	1.0	0.88	0.96	0.96	0.96	1.0	1.0	1.0	0.98	1.0	1.0
18100	1.0	1.0	0.94	1.0	0.94	1.0	0.88	0.96	0.96	0.96	1.0	1.0	1.0	0.98	1.0	1.0
18150	1.0	1.0	0.96	1.0	0.94	1.0	0.86	0.96	0.94	0.96	1.0	1.0	1.0	0.98	1.0	1.0
18200	1.0	1.0	0.96	1.0	0.94	1.0	0.9	0.96	0.94	0.96	1.0	1.0	1.0	0.98	1.0	1.0
18250	1.0	1.0	0.98	1.0	0.94	1.0	0.92	0.96	0.94	0.96	1.0	1.0	1.0	0.98	1.0	1.0
18300	1.0	1.0	0.98	1.0	0.94	1.0	0.9	0.96	0.94	0.96	0.98	1.0	1.0	0.98	1.0	1.0
18350	1.0	0.98	1.0	1.0	0.94	1.0	0.9	0.96	0.92	0.94	0.98	0.98	1.0	0.98	1.0	1.0
18400	1.0	0.98	0.98	1.0	0.94	1.0	0.92	1.0	0.92	0.94	0.98	0.96	1.0	0.98	1.0	1.0
18450	1.0	0.98	0.98	1.0	0.92	1.0	0.94	1.0	0.92	0.94	0.98	0.96	1.0	0.98	1.0	1.0
18500	1.0	0.98	0.98	1.0	0.92	1.0	0.94	1.0	0.9	0.94	0.98	0.96	1.0	1.0	1.0	1.0
18550	1.0	0.98	0.98	1.0	0.92	1.0	0.94	1.0	0.9	0.94	0.98	0.96	1.0	1.0	1.0	1.0
18600	1.0	0.98	0.98	1.0	0.96	1.0	0.94	1.0	0.9	0.96	0.98	0.96	1.0	1.0	1.0	1.0
18650	1.0	0.98	0.98	1.0	0.98	1.0	0.96	1.0	0.9	0.94	0.98	0.96	1.0	1.0	1.0	1.0
18700	1.0	0.98	0.98	1.0	0.98	1.0	0.96	0.98	0.9	0.94	0.98	0.96	1.0	1.0	1.0	1.0
18750	1.0	0.98	0.98	1.0	0.98	1.0	0.96	0.98	0.94	0.94	0.98	0.96	1.0	1.0	1.0	1.0
18800	1.0	0.98	0.98	1.0	0.98	1.0	0.96	0.96	0.94	0.94	0.98	0.96	1.0	1.0	1.0	1.0
18850	1.0	0.98	0.98	1.0	0.98	1.0	0.96	0.96	0.94	0.94	0.98	0.96	1.0	1.0	1.0	1.0
18900	1.0	0.98	0.98	1.0	0.98	1.0	0.94	0.96	0.94	0.96	0.98	0.96	1.0	1.0	1.0	1.0
18950	1.0	0.98	0.98	1.0	0.98	1.0	0.94	0.96	0.94	0.96	0.98	0.98	1.0	1.0	1.0	1.0
19000	1.0	0.98	0.98	1.0	0.98	1.0	0.94	0.96	0.96	0.92	0.98	0.98	1.0	1.0	1.0	1.0
19050	1.0	0.98	0.98	1.0	0.98	1.0	0.96	0.96	0.96	0.92	1.0	0.98	1.0	1.0	1.0	1.0
19100	1.0	0.98	0.98	1.0	0.98	1.0	0.94	0.96	0.96	0.92	1.0	0.98	1.0	1.0	1.0	1.0
19150	1.0	0.98	0.98	1.0	0.98	1.0	0.94	0.94	0.96	0.92	0.98	1.0	1.0	1.0	1.0	1.0
19200	1.0	0.98	0.98	1.0	0.98	1.0	0.94	0.94	0.98	0.92	0.98	1.0	1.0	1.0	1.0	1.0
19250	1.0	0.96	0.98	1.0	0.98	1.0	0.94	0.94	0.98	0.9	0.98	1.0	1.0	1.0	1.0	1.0
19300	1.0	0.98	0.98	1.0	1.0	1.0	0.92	0.94	1.0	0.9	0.98	1.0	1.0	1.0	1.0	1.0
19350	1.0	0.98	0.98	1.0	1.0	1.0	0.9	0.94	1.0	0.92	0.98	1.0	1.0	1.0	1.0	1.0
19400	1.0	0.96	1.0	1.0	1.0	1.0	0.9	0.94	1.0	0.92	0.98	1.0	1.0	1.0	0.98	0.98
19450	1.0	0.96	0.98	1.0	1.0	1.0	0.9	0.96	1.0	0.92	0.98	1.0	1.0	1.0	0.98	0.98
19500	1.0	0.96	0.98	1.0	1.0	1.0	0.92	0.96	0.98	0.92	0.98	0.98	1.0	1.0	0.98	0.98
19550	1.0	0.96	0.98	1.0	0.98	1.0	0.92	0.96	0.98	0.92	0.98	0.98	1.0	0.98	0.98	0.98
19600	1.0	0.96	0.98	1.0	0.98	1.0	0.94	0.96	0.98	0.94	0.96	0.98	1.0	0.98	0.98	0.98
19650	1.0	0.96	0.98	1.0	0.98	1.0	0.94	0.96	0.98	0.94	0.96	0.98	1.0	0.98	0.98	0.98
19700	1.0	0.96	0.98	1.0	0.98	1.0	0.94	0.96	0.98	0.94	0.96	0.98	1.0	0.98	0.98	0.98
19750	1.0	0.96	0.98	1.0	0.98	1.0	0.92	0.96	0.98	0.94	0.96	0.98	1.0	0.98	0.98	0.98
19800	1.0	0.96	0.98	0.98	0.96	1.0	0.94	0.96	0.98	0.94	0.96	0.98	1.0	0.98	0.98	0.98
19850	1.0	0.96	0.98	0.98	0.96	1.0	0.94	0.98	0.98	0.94	0.98	0.98	1.0	0.98	0.98	0.98
19900	1.0	0.94	0.98	0.98	0.96	1.0	0.94	0.98	0.98	0.96	0.98	0.98	1.0	0.98	0.98	0.98
19950	1.0	0.94	0.98	0.98	0.96	1.0	0.92	0.98	0.98	0.98	0.98	0.98	1.0	0.98	0.98	0.98
20000	1.0	0.94	0.98	0.98	0.96	1.0	0.94	0.98	0.98	0.98	0.98	0.98	1.0	0.98	0.98	0.98
